date,county,fips,population,confirmed_cases,reported_cases,probable_cases,reported_and_probable_cases,reported_deaths
2022-11-08,Alameda,001,1643700,352719,352725,19823,372548,2050
2022-11-08,Alpine,003,1148,136,136,1,137,0
2022-11-08,Amador,005,37829,10079,10080,929,11009,95
2022-11-08,Butte,007,227075,39935,39935,9092,49027,461
2022-11-08,Calaveras,009,45235,8590,8590,559,9149,135
2022-11-08,Colusa,011,21464,3820,3822,1291,5113,22
2022-11-08,Contra Costa,013,1133247,253866,253870,20748,274618,1469
2022-11-08,Del Norte,015,27424,7471,7472,404,7876,56
2022-11-08,El Dorado,017,186661,32713,32713,4311,37024,232
2022-11-08,Fresno,019,978130,276918,276921,31405,308326,2887
2022-11-08,Glenn,021,27897,5570,5570,1881,7451,48
2022-11-08,Humboldt,023,135768,22173,22176,5109,27285,160
2022-11-08,Imperial,025,180216,66182,66182,16107,82289,960
2022-11-08,Inyo,027,18085,4520,4520,998,5518,60
2022-11-08,Kern,029,883053,220665,220676,64558,285234,2430
2022-11-08,Kings,031,150075,59953,59955,4096,64051,461
2022-11-08,Lake,033,64148,12931,12931,1211,14142,149
2022-11-08,Lassen,035,31185,10019,10019,992,11011,65
2022-11-08,Los Angeles,037,10098052,3311391,3311644,184820,3496464,33784
2022-11-08,Madera,039,155013,44279,44281,8279,52560,375
2022-11-08,Marin,041,260295,45920,45924,5370,51294,314
2022-11-08,Mariposa,043,17540,3124,3124,363,3487,32
2022-11-08,Mendocino,045,87422,16164,16164,4518,20682,136
2022-11-08,Merced,047,269075,72814,72817,11856,84673,870
2022-11-08,Modoc,049,8938,887,887,325,1212,11
2022-11-08,Mono,051,14174,3218,3218,259,3477,8
2022-11-08,Monterey,053,433212,94707,94708,21172,115880,772
2022-11-08,Napa,055,140530,32509,32510,1428,33938,162
2022-11-08,Nevada,057,99092,19166,19171,1879,21050,132
2022-11-08,Orange,059,3164182,673326,673328,62655,735983,7546
2022-11-08,Placer,061,380077,76490,76490,9620,86110,662
2022-11-08,Plumas,063,18699,3723,3723,432,4155,13
2022-11-08,Riverside,065,2383286,700544,700602,35413,736015,6660
2022-11-08,Sacramento,067,1510023,350518,350522,34009,384531,3358
2022-11-08,San Benito,069,59416,16348,16350,983,17333,108
2022-11-08,San Bernardino,071,2135413,676028,676086,31081,707167,8126
2022-11-08,San Diego,073,3302833,933599,933599,72988,1006587,5538
2022-11-08,San Francisco,075,870044,181956,181964,12111,194075,1072
2022-11-08,San Joaquin,077,732212,199081,199089,14862,213951,2340
2022-11-08,San Luis Obispo,079,281455,63669,63683,7270,70953,525
2022-11-08,San Mateo,081,765935,171188,171191,10671,181862,748
2022-11-08,Santa Barbara,083,443738,106642,106642,6950,113592,733
2022-11-08,Santa Clara,085,1922200,438260,438278,18958,457236,2535
2022-11-08,Santa Cruz,087,273765,64221,64221,3465,67686,274
2022-11-08,Shasta,089,179085,35246,35246,7491,42737,594
2022-11-08,Sierra,091,2930,309,309,60,369,5
2022-11-08,Siskiyou,093,43540,5337,5337,3323,8660,94
2022-11-08,Solano,095,438530,106379,106391,7835,114226,468
2022-11-08,Sonoma,097,501317,108073,108080,5352,113432,525
2022-11-08,Stanislaus,099,539301,138943,138963,21695,160658,1785
2022-11-08,Sutter,101,95872,24532,24537,2470,27007,235
2022-11-08,Tehama,103,63373,13745,13745,3090,16835,216
2022-11-08,Trinity,105,12862,1414,1414,392,1806,20
2022-11-08,Tulare,107,460477,122447,122447,36556,159003,1544
2022-11-08,Tuolumne,109,53932,15726,15727,934,16661,201
2022-11-08,Ventura,111,848112,210436,210439,15856,226295,1585
2022-11-08,Yolo,113,214977,47953,47953,4481,52434,354
2022-11-08,Yuba,115,75493,19094,19098,1733,20831,132
2022-11-07,Alameda,001,1643700,352719,351524,19823,371347,2044
2022-11-07,Alpine,003,1148,136,136,1,137,0
2022-11-07,Amador,005,37829,10079,10055,929,10984,95
2022-11-07,Butte,007,227075,39935,39852,9092,48944,462
2022-11-07,Calaveras,009,45235,8590,8576,559,9135,135
2022-11-07,Colusa,011,21464,3820,3820,1291,5111,22
2022-11-07,Contra Costa,013,1133247,253866,253122,20748,273870,1463
2022-11-07,Del Norte,015,27424,7471,7469,404,7873,56
2022-11-07,El Dorado,017,186661,32713,32622,4311,36933,231
2022-11-07,Fresno,019,978130,276918,276454,31405,307859,2885
2022-11-07,Glenn,021,27897,5570,5557,1881,7438,48
2022-11-07,Humboldt,023,135768,22173,22115,5109,27224,160
2022-11-07,Imperial,025,180216,66182,66024,16107,82131,960
2022-11-07,Inyo,027,18085,4520,4506,998,5504,60
2022-11-07,Kern,029,883053,220665,220216,64558,284774,2426
2022-11-07,Kings,031,150075,59953,59856,4096,63952,459
2022-11-07,Lake,033,64148,12931,12898,1211,14109,148
2022-11-07,Lassen,035,31185,10019,10007,992,10999,65
2022-11-07,Los Angeles,037,10098052,3311391,3304428,184820,3489248,33733
2022-11-07,Madera,039,155013,44279,44229,8279,52508,375
2022-11-07,Marin,041,260295,45920,45806,5370,51176,314
2022-11-07,Mariposa,043,17540,3124,3116,363,3479,32
2022-11-07,Mendocino,045,87422,16164,16130,4518,20648,137
2022-11-07,Merced,047,269075,72814,72727,11856,84583,870
2022-11-07,Modoc,049,8938,887,885,325,1210,11
2022-11-07,Mono,051,14174,3218,3216,259,3475,7
2022-11-07,Monterey,053,433212,94707,94541,21172,115713,770
2022-11-07,Napa,055,140530,32509,32484,1428,33912,161
2022-11-07,Nevada,057,99092,19166,19129,1879,21008,132
2022-11-07,Orange,059,3164182,673326,672253,62655,734908,7520
2022-11-07,Placer,061,380077,76490,76321,9620,85941,662
2022-11-07,Plumas,063,18699,3723,3720,432,4152,13
2022-11-07,Riverside,065,2383286,700544,699360,35413,734773,6660
2022-11-07,Sacramento,067,1510023,350518,349696,34009,383705,3350
2022-11-07,San Benito,069,59416,16348,16324,983,17307,108
2022-11-07,San Bernardino,071,2135413,676028,674939,31081,706020,8123
2022-11-07,San Diego,073,3302833,933599,931531,72988,1004519,5532
2022-11-07,San Francisco,075,870044,181956,180989,12111,193100,1067
2022-11-07,San Joaquin,077,732212,199081,198717,14862,213579,2336
2022-11-07,San Luis Obispo,079,281455,63669,63599,7270,70869,525
2022-11-07,San Mateo,081,765935,171188,170464,10671,181135,741
2022-11-07,Santa Barbara,083,443738,106642,106478,6950,113428,732
2022-11-07,Santa Clara,085,1922200,438260,436967,18958,455925,2533
2022-11-07,Santa Cruz,087,273765,64221,64070,3465,67535,274
2022-11-07,Shasta,089,179085,35246,35178,7491,42669,594
2022-11-07,Sierra,091,2930,309,308,60,368,5
2022-11-07,Siskiyou,093,43540,5337,5326,3323,8649,94
2022-11-07,Solano,095,438530,106379,106106,7835,113941,468
2022-11-07,Sonoma,097,501317,108073,107907,5352,113259,524
2022-11-07,Stanislaus,099,539301,138943,138715,21695,160410,1785
2022-11-07,Sutter,101,95872,24532,24470,2470,26940,233
2022-11-07,Tehama,103,63373,13745,13707,3090,16797,216
2022-11-07,Trinity,105,12862,1414,1413,392,1805,20
2022-11-07,Tulare,107,460477,122447,122246,36556,158802,1544
2022-11-07,Tuolumne,109,53932,15726,15672,934,16606,196
2022-11-07,Ventura,111,848112,210436,210085,15856,225941,1584
2022-11-07,Yolo,113,214977,47953,47786,4481,52267,353
2022-11-07,Yuba,115,75493,19094,19059,1733,20792,132
2022-11-06,Alameda,001,1643700,352719,351524,19823,371347,2044
2022-11-06,Alpine,003,1148,136,136,1,137,0
2022-11-06,Amador,005,37829,10079,10055,929,10984,95
2022-11-06,Butte,007,227075,39935,39852,9092,48944,462
2022-11-06,Calaveras,009,45235,8590,8576,559,9135,135
2022-11-06,Colusa,011,21464,3820,3820,1291,5111,22
2022-11-06,Contra Costa,013,1133247,253866,253122,20748,273870,1463
2022-11-06,Del Norte,015,27424,7471,7469,404,7873,56
2022-11-06,El Dorado,017,186661,32713,32622,4311,36933,231
2022-11-06,Fresno,019,978130,276918,276454,31405,307859,2885
2022-11-06,Glenn,021,27897,5570,5557,1881,7438,48
2022-11-06,Humboldt,023,135768,22173,22115,5109,27224,160
2022-11-06,Imperial,025,180216,66182,66024,16107,82131,960
2022-11-06,Inyo,027,18085,4520,4506,998,5504,60
2022-11-06,Kern,029,883053,220665,220216,64558,284774,2426
2022-11-06,Kings,031,150075,59953,59856,4096,63952,459
2022-11-06,Lake,033,64148,12931,12898,1211,14109,148
2022-11-06,Lassen,035,31185,10019,10007,992,10999,65
2022-11-06,Los Angeles,037,10098052,3311321,3304428,184820,3489248,33733
2022-11-06,Madera,039,155013,44279,44229,8279,52508,375
2022-11-06,Marin,041,260295,45920,45806,5370,51176,314
2022-11-06,Mariposa,043,17540,3124,3116,363,3479,32
2022-11-06,Mendocino,045,87422,16164,16130,4518,20648,137
2022-11-06,Merced,047,269075,72814,72727,11856,84583,870
2022-11-06,Modoc,049,8938,887,885,325,1210,11
2022-11-06,Mono,051,14174,3218,3216,259,3475,7
2022-11-06,Monterey,053,433212,94707,94541,21172,115713,770
2022-11-06,Napa,055,140530,32509,32484,1428,33912,161
2022-11-06,Nevada,057,99092,19166,19129,1879,21008,132
2022-11-06,Orange,059,3164182,673326,672253,62655,734908,7520
2022-11-06,Placer,061,380077,76490,76321,9620,85941,662
2022-11-06,Plumas,063,18699,3723,3720,432,4152,13
2022-11-06,Riverside,065,2383286,700534,699360,35413,734773,6660
2022-11-06,Sacramento,067,1510023,350518,349696,34009,383705,3350
2022-11-06,San Benito,069,59416,16348,16324,983,17307,108
2022-11-06,San Bernardino,071,2135413,676026,674939,31081,706020,8123
2022-11-06,San Diego,073,3302833,933532,931531,72988,1004519,5532
2022-11-06,San Francisco,075,870044,181956,180989,12111,193100,1067
2022-11-06,San Joaquin,077,732212,199081,198717,14862,213579,2336
2022-11-06,San Luis Obispo,079,281455,63669,63599,7270,70869,525
2022-11-06,San Mateo,081,765935,171188,170464,10671,181135,741
2022-11-06,Santa Barbara,083,443738,106642,106478,6950,113428,732
2022-11-06,Santa Clara,085,1922200,438260,436967,18958,455925,2533
2022-11-06,Santa Cruz,087,273765,64221,64070,3465,67535,274
2022-11-06,Shasta,089,179085,35246,35178,7491,42669,594
2022-11-06,Sierra,091,2930,309,308,60,368,5
2022-11-06,Siskiyou,093,43540,5337,5326,3323,8649,94
2022-11-06,Solano,095,438530,106379,106106,7835,113941,468
2022-11-06,Sonoma,097,501317,108073,107907,5352,113259,524
2022-11-06,Stanislaus,099,539301,138942,138715,21695,160410,1785
2022-11-06,Sutter,101,95872,24532,24470,2470,26940,233
2022-11-06,Tehama,103,63373,13745,13707,3090,16797,216
2022-11-06,Trinity,105,12862,1414,1413,392,1805,20
2022-11-06,Tulare,107,460477,122447,122246,36556,158802,1544
2022-11-06,Tuolumne,109,53932,15726,15672,934,16606,196
2022-11-06,Ventura,111,848112,210436,210085,15856,225941,1584
2022-11-06,Yolo,113,214977,47953,47786,4481,52267,353
2022-11-06,Yuba,115,75493,19094,19059,1733,20792,132
2022-11-05,Alameda,001,1643700,352659,351524,19823,371347,2044
2022-11-05,Alpine,003,1148,136,136,1,137,0
2022-11-05,Amador,005,37829,10077,10055,929,10984,95
2022-11-05,Butte,007,227075,39931,39852,9092,48944,462
2022-11-05,Calaveras,009,45235,8589,8576,559,9135,135
2022-11-05,Colusa,011,21464,3820,3820,1291,5111,22
2022-11-05,Contra Costa,013,1133247,253815,253122,20748,273870,1463
2022-11-05,Del Norte,015,27424,7471,7469,404,7873,56
2022-11-05,El Dorado,017,186661,32709,32622,4311,36933,231
2022-11-05,Fresno,019,978130,276902,276454,31405,307859,2885
2022-11-05,Glenn,021,27897,5569,5557,1881,7438,48
2022-11-05,Humboldt,023,135768,22173,22115,5109,27224,160
2022-11-05,Imperial,025,180216,66171,66024,16107,82131,960
2022-11-05,Inyo,027,18085,4519,4506,998,5504,60
2022-11-05,Kern,029,883053,220652,220216,64558,284774,2426
2022-11-05,Kings,031,150075,59940,59856,4096,63952,459
2022-11-05,Lake,033,64148,12930,12898,1211,14109,148
2022-11-05,Lassen,035,31185,10019,10007,992,10999,65
2022-11-05,Los Angeles,037,10098052,3311062,3304428,184820,3489248,33733
2022-11-05,Madera,039,155013,44278,44229,8279,52508,375
2022-11-05,Marin,041,260295,45915,45806,5370,51176,314
2022-11-05,Mariposa,043,17540,3124,3116,363,3479,32
2022-11-05,Mendocino,045,87422,16163,16130,4518,20648,137
2022-11-05,Merced,047,269075,72813,72727,11856,84583,870
2022-11-05,Modoc,049,8938,887,885,325,1210,11
2022-11-05,Mono,051,14174,3218,3216,259,3475,7
2022-11-05,Monterey,053,433212,94702,94541,21172,115713,770
2022-11-05,Napa,055,140530,32508,32484,1428,33912,161
2022-11-05,Nevada,057,99092,19165,19129,1879,21008,132
2022-11-05,Orange,059,3164182,673286,672253,62655,734908,7520
2022-11-05,Placer,061,380077,76472,76321,9620,85941,662
2022-11-05,Plumas,063,18699,3723,3720,432,4152,13
2022-11-05,Riverside,065,2383286,700509,699360,35413,734773,6660
2022-11-05,Sacramento,067,1510023,350471,349696,34009,383705,3350
2022-11-05,San Benito,069,59416,16347,16324,983,17307,108
2022-11-05,San Bernardino,071,2135413,676002,674939,31081,706020,8123
2022-11-05,San Diego,073,3302833,933385,931531,72988,1004519,5532
2022-11-05,San Francisco,075,870044,181916,180989,12111,193100,1067
2022-11-05,San Joaquin,077,732212,199068,198717,14862,213579,2336
2022-11-05,San Luis Obispo,079,281455,63667,63599,7270,70869,525
2022-11-05,San Mateo,081,765935,171165,170464,10671,181135,741
2022-11-05,Santa Barbara,083,443738,106637,106478,6950,113428,732
2022-11-05,Santa Clara,085,1922200,438169,436967,18958,455925,2533
2022-11-05,Santa Cruz,087,273765,64218,64070,3465,67535,274
2022-11-05,Shasta,089,179085,35246,35178,7491,42669,594
2022-11-05,Sierra,091,2930,309,308,60,368,5
2022-11-05,Siskiyou,093,43540,5337,5326,3323,8649,94
2022-11-05,Solano,095,438530,106374,106106,7835,113941,468
2022-11-05,Sonoma,097,501317,108069,107907,5352,113259,524
2022-11-05,Stanislaus,099,539301,138929,138715,21695,160410,1785
2022-11-05,Sutter,101,95872,24526,24470,2470,26940,233
2022-11-05,Tehama,103,63373,13744,13707,3090,16797,216
2022-11-05,Trinity,105,12862,1414,1413,392,1805,20
2022-11-05,Tulare,107,460477,122445,122246,36556,158802,1544
2022-11-05,Tuolumne,109,53932,15726,15672,934,16606,196
2022-11-05,Ventura,111,848112,210416,210085,15856,225941,1584
2022-11-05,Yolo,113,214977,47950,47786,4481,52267,353
2022-11-05,Yuba,115,75493,19092,19059,1733,20792,132
2022-11-04,Alameda,001,1643700,352573,351524,19823,371347,2044
2022-11-04,Alpine,003,1148,136,136,1,137,0
2022-11-04,Amador,005,37829,10074,10055,929,10984,95
2022-11-04,Butte,007,227075,39928,39852,9092,48944,462
2022-11-04,Calaveras,009,45235,8589,8576,559,9135,135
2022-11-04,Colusa,011,21464,3820,3820,1291,5111,22
2022-11-04,Contra Costa,013,1133247,253748,253122,20748,273870,1463
2022-11-04,Del Norte,015,27424,7471,7469,404,7873,56
2022-11-04,El Dorado,017,186661,32703,32622,4311,36933,231
2022-11-04,Fresno,019,978130,276877,276454,31405,307859,2885
2022-11-04,Glenn,021,27897,5569,5557,1881,7438,48
2022-11-04,Humboldt,023,135768,22170,22115,5109,27224,160
2022-11-04,Imperial,025,180216,66166,66024,16107,82131,960
2022-11-04,Inyo,027,18085,4518,4506,998,5504,60
2022-11-04,Kern,029,883053,220632,220216,64558,284774,2426
2022-11-04,Kings,031,150075,59928,59856,4096,63952,459
2022-11-04,Lake,033,64148,12924,12898,1211,14109,148
2022-11-04,Lassen,035,31185,10018,10007,992,10999,65
2022-11-04,Los Angeles,037,10098052,3310523,3304428,184820,3489248,33733
2022-11-04,Madera,039,155013,44275,44229,8279,52508,375
2022-11-04,Marin,041,260295,45904,45806,5370,51176,314
2022-11-04,Mariposa,043,17540,3124,3116,363,3479,32
2022-11-04,Mendocino,045,87422,16162,16130,4518,20648,137
2022-11-04,Merced,047,269075,72810,72727,11856,84583,870
2022-11-04,Modoc,049,8938,887,885,325,1210,11
2022-11-04,Mono,051,14174,3217,3216,259,3475,7
2022-11-04,Monterey,053,433212,94686,94541,21172,115713,770
2022-11-04,Napa,055,140530,32506,32484,1428,33912,161
2022-11-04,Nevada,057,99092,19163,19129,1879,21008,132
2022-11-04,Orange,059,3164182,673205,672253,62655,734908,7520
2022-11-04,Placer,061,380077,76457,76321,9620,85941,662
2022-11-04,Plumas,063,18699,3723,3720,432,4152,13
2022-11-04,Riverside,065,2383286,700435,699360,35413,734773,6660
2022-11-04,Sacramento,067,1510023,350387,349696,34009,383705,3350
2022-11-04,San Benito,069,59416,16344,16324,983,17307,108
2022-11-04,San Bernardino,071,2135413,675920,674939,31081,706020,8123
2022-11-04,San Diego,073,3302833,933201,931531,72988,1004519,5532
2022-11-04,San Francisco,075,870044,181874,180989,12111,193100,1067
2022-11-04,San Joaquin,077,732212,199039,198717,14862,213579,2336
2022-11-04,San Luis Obispo,079,281455,63664,63599,7270,70869,525
2022-11-04,San Mateo,081,765935,171119,170464,10671,181135,741
2022-11-04,Santa Barbara,083,443738,106627,106478,6950,113428,732
2022-11-04,Santa Clara,085,1922200,438056,436967,18958,455925,2533
2022-11-04,Santa Cruz,087,273765,64215,64070,3465,67535,274
2022-11-04,Shasta,089,179085,35245,35178,7491,42669,594
2022-11-04,Sierra,091,2930,309,308,60,368,5
2022-11-04,Siskiyou,093,43540,5337,5326,3323,8649,94
2022-11-04,Solano,095,438530,106329,106106,7835,113941,468
2022-11-04,Sonoma,097,501317,108056,107907,5352,113259,524
2022-11-04,Stanislaus,099,539301,138909,138715,21695,160410,1785
2022-11-04,Sutter,101,95872,24519,24470,2470,26940,233
2022-11-04,Tehama,103,63373,13743,13707,3090,16797,216
2022-11-04,Trinity,105,12862,1413,1413,392,1805,20
2022-11-04,Tulare,107,460477,122440,122246,36556,158802,1544
2022-11-04,Tuolumne,109,53932,15724,15672,934,16606,196
2022-11-04,Ventura,111,848112,210381,210085,15856,225941,1584
2022-11-04,Yolo,113,214977,47944,47786,4481,52267,353
2022-11-04,Yuba,115,75493,19091,19059,1733,20792,132
2022-11-03,Alameda,001,1643700,352425,351524,19823,371347,2044
2022-11-03,Alpine,003,1148,136,136,1,137,0
2022-11-03,Amador,005,37829,10068,10055,929,10984,95
2022-11-03,Butte,007,227075,39918,39852,9092,48944,462
2022-11-03,Calaveras,009,45235,8587,8576,559,9135,135
2022-11-03,Colusa,011,21464,3820,3820,1291,5111,22
2022-11-03,Contra Costa,013,1133247,253650,253122,20748,273870,1463
2022-11-03,Del Norte,015,27424,7471,7469,404,7873,56
2022-11-03,El Dorado,017,186661,32691,32622,4311,36933,231
2022-11-03,Fresno,019,978130,276825,276454,31405,307859,2885
2022-11-03,Glenn,021,27897,5567,5557,1881,7438,48
2022-11-03,Humboldt,023,135768,22154,22115,5109,27224,160
2022-11-03,Imperial,025,180216,66142,66024,16107,82131,960
2022-11-03,Inyo,027,18085,4518,4506,998,5504,60
2022-11-03,Kern,029,883053,220595,220216,64558,284774,2426
2022-11-03,Kings,031,150075,59913,59856,4096,63952,459
2022-11-03,Lake,033,64148,12921,12898,1211,14109,148
2022-11-03,Lassen,035,31185,10016,10007,992,10999,65
2022-11-03,Los Angeles,037,10098052,3309645,3304428,184820,3489248,33733
2022-11-03,Madera,039,155013,44271,44229,8279,52508,375
2022-11-03,Marin,041,260295,45882,45806,5370,51176,314
2022-11-03,Mariposa,043,17540,3123,3116,363,3479,32
2022-11-03,Mendocino,045,87422,16150,16130,4518,20648,137
2022-11-03,Merced,047,269075,72799,72727,11856,84583,870
2022-11-03,Modoc,049,8938,887,885,325,1210,11
2022-11-03,Mono,051,14174,3216,3216,259,3475,7
2022-11-03,Monterey,053,433212,94673,94541,21172,115713,770
2022-11-03,Napa,055,140530,32497,32484,1428,33912,161
2022-11-03,Nevada,057,99092,19157,19129,1879,21008,132
2022-11-03,Orange,059,3164182,673048,672253,62655,734908,7520
2022-11-03,Placer,061,380077,76427,76321,9620,85941,662
2022-11-03,Plumas,063,18699,3723,3720,432,4152,13
2022-11-03,Riverside,065,2383286,700288,699360,35413,734773,6660
2022-11-03,Sacramento,067,1510023,350241,349696,34009,383705,3350
2022-11-03,San Benito,069,59416,16340,16324,983,17307,108
2022-11-03,San Bernardino,071,2135413,675769,674939,31081,706020,8123
2022-11-03,San Diego,073,3302833,932966,931531,72988,1004519,5532
2022-11-03,San Francisco,075,870044,181797,180989,12111,193100,1067
2022-11-03,San Joaquin,077,732212,198994,198717,14862,213579,2336
2022-11-03,San Luis Obispo,079,281455,63651,63599,7270,70869,525
2022-11-03,San Mateo,081,765935,171045,170464,10671,181135,741
2022-11-03,Santa Barbara,083,443738,106609,106478,6950,113428,732
2022-11-03,Santa Clara,085,1922200,437873,436967,18958,455925,2533
2022-11-03,Santa Cruz,087,273765,64181,64070,3465,67535,274
2022-11-03,Shasta,089,179085,35235,35178,7491,42669,594
2022-11-03,Sierra,091,2930,308,308,60,368,5
2022-11-03,Siskiyou,093,43540,5335,5326,3323,8649,94
2022-11-03,Solano,095,438530,106286,106106,7835,113941,468
2022-11-03,Sonoma,097,501317,108032,107907,5352,113259,524
2022-11-03,Stanislaus,099,539301,138873,138715,21695,160410,1785
2022-11-03,Sutter,101,95872,24508,24470,2470,26940,233
2022-11-03,Tehama,103,63373,13739,13707,3090,16797,216
2022-11-03,Trinity,105,12862,1413,1413,392,1805,20
2022-11-03,Tulare,107,460477,122427,122246,36556,158802,1544
2022-11-03,Tuolumne,109,53932,15721,15672,934,16606,196
2022-11-03,Ventura,111,848112,210342,210085,15856,225941,1584
2022-11-03,Yolo,113,214977,47929,47786,4481,52267,353
2022-11-03,Yuba,115,75493,19086,19059,1733,20792,132
2022-11-02,Alameda,001,1643700,352267,351524,19823,371347,2044
2022-11-02,Alpine,003,1148,136,136,1,137,0
2022-11-02,Amador,005,37829,10063,10055,929,10984,95
2022-11-02,Butte,007,227075,39906,39852,9092,48944,462
2022-11-02,Calaveras,009,45235,8583,8576,559,9135,135
2022-11-02,Colusa,011,21464,3820,3820,1291,5111,22
2022-11-02,Contra Costa,013,1133247,253553,253122,20748,273870,1463
2022-11-02,Del Norte,015,27424,7471,7469,404,7873,56
2022-11-02,El Dorado,017,186661,32677,32622,4311,36933,231
2022-11-02,Fresno,019,978130,276758,276454,31405,307859,2885
2022-11-02,Glenn,021,27897,5567,5557,1881,7438,48
2022-11-02,Humboldt,023,135768,22145,22115,5109,27224,160
2022-11-02,Imperial,025,180216,66113,66024,16107,82131,960
2022-11-02,Inyo,027,18085,4516,4506,998,5504,60
2022-11-02,Kern,029,883053,220541,220216,64558,284774,2426
2022-11-02,Kings,031,150075,59899,59856,4096,63952,459
2022-11-02,Lake,033,64148,12917,12898,1211,14109,148
2022-11-02,Lassen,035,31185,10015,10007,992,10999,65
2022-11-02,Los Angeles,037,10098052,3308586,3304428,184820,3489248,33733
2022-11-02,Madera,039,155013,44259,44229,8279,52508,375
2022-11-02,Marin,041,260295,45869,45806,5370,51176,314
2022-11-02,Mariposa,043,17540,3122,3116,363,3479,32
2022-11-02,Mendocino,045,87422,16149,16130,4518,20648,137
2022-11-02,Merced,047,269075,72785,72727,11856,84583,870
2022-11-02,Modoc,049,8938,887,885,325,1210,11
2022-11-02,Mono,051,14174,3216,3216,259,3475,7
2022-11-02,Monterey,053,433212,94658,94541,21172,115713,770
2022-11-02,Napa,055,140530,32487,32484,1428,33912,161
2022-11-02,Nevada,057,99092,19153,19129,1879,21008,132
2022-11-02,Orange,059,3164182,672875,672253,62655,734908,7520
2022-11-02,Placer,061,380077,76392,76321,9620,85941,662
2022-11-02,Plumas,063,18699,3723,3720,432,4152,13
2022-11-02,Riverside,065,2383286,700152,699360,35413,734773,6660
2022-11-02,Sacramento,067,1510023,350092,349696,34009,383705,3350
2022-11-02,San Benito,069,59416,16334,16324,983,17307,108
2022-11-02,San Bernardino,071,2135413,675632,674939,31081,706020,8123
2022-11-02,San Diego,073,3302833,932657,931531,72988,1004519,5532
2022-11-02,San Francisco,075,870044,181707,180989,12111,193100,1067
2022-11-02,San Joaquin,077,732212,198933,198717,14862,213579,2336
2022-11-02,San Luis Obispo,079,281455,63634,63599,7270,70869,525
2022-11-02,San Mateo,081,765935,170990,170464,10671,181135,741
2022-11-02,Santa Barbara,083,443738,106582,106478,6950,113428,732
2022-11-02,Santa Clara,085,1922200,437694,436967,18958,455925,2533
2022-11-02,Santa Cruz,087,273765,64156,64070,3465,67535,274
2022-11-02,Shasta,089,179085,35230,35178,7491,42669,594
2022-11-02,Sierra,091,2930,308,308,60,368,5
2022-11-02,Siskiyou,093,43540,5334,5326,3323,8649,94
2022-11-02,Solano,095,438530,106238,106106,7835,113941,468
2022-11-02,Sonoma,097,501317,108007,107907,5352,113259,524
2022-11-02,Stanislaus,099,539301,138842,138715,21695,160410,1785
2022-11-02,Sutter,101,95872,24492,24470,2470,26940,233
2022-11-02,Tehama,103,63373,13736,13707,3090,16797,216
2022-11-02,Trinity,105,12862,1413,1413,392,1805,20
2022-11-02,Tulare,107,460477,122409,122246,36556,158802,1544
2022-11-02,Tuolumne,109,53932,15717,15672,934,16606,196
2022-11-02,Ventura,111,848112,210294,210085,15856,225941,1584
2022-11-02,Yolo,113,214977,47912,47786,4481,52267,353
2022-11-02,Yuba,115,75493,19078,19059,1733,20792,132
2022-11-01,Alameda,001,1643700,352087,351524,19823,371347,2044
2022-11-01,Alpine,003,1148,136,136,1,137,0
2022-11-01,Amador,005,37829,10059,10055,929,10984,95
2022-11-01,Butte,007,227075,39893,39852,9092,48944,462
2022-11-01,Calaveras,009,45235,8580,8576,559,9135,135
2022-11-01,Colusa,011,21464,3820,3820,1291,5111,22
2022-11-01,Contra Costa,013,1133247,253450,253122,20748,273870,1463
2022-11-01,Del Norte,015,27424,7471,7469,404,7873,56
2022-11-01,El Dorado,017,186661,32659,32622,4311,36933,231
2022-11-01,Fresno,019,978130,276689,276454,31405,307859,2885
2022-11-01,Glenn,021,27897,5566,5557,1881,7438,48
2022-11-01,Humboldt,023,135768,22135,22115,5109,27224,160
2022-11-01,Imperial,025,180216,66086,66024,16107,82131,960
2022-11-01,Inyo,027,18085,4513,4506,998,5504,60
2022-11-01,Kern,029,883053,220472,220216,64558,284774,2426
2022-11-01,Kings,031,150075,59882,59856,4096,63952,459
2022-11-01,Lake,033,64148,12913,12898,1211,14109,148
2022-11-01,Lassen,035,31185,10013,10007,992,10999,65
2022-11-01,Los Angeles,037,10098052,3307487,3304428,184820,3489248,33733
2022-11-01,Madera,039,155013,44249,44229,8279,52508,375
2022-11-01,Marin,041,260295,45851,45806,5370,51176,314
2022-11-01,Mariposa,043,17540,3119,3116,363,3479,32
2022-11-01,Mendocino,045,87422,16147,16130,4518,20648,137
2022-11-01,Merced,047,269075,72767,72727,11856,84583,870
2022-11-01,Modoc,049,8938,886,885,325,1210,11
2022-11-01,Mono,051,14174,3216,3216,259,3475,7
2022-11-01,Monterey,053,433212,94639,94541,21172,115713,770
2022-11-01,Napa,055,140530,32480,32484,1428,33912,161
2022-11-01,Nevada,057,99092,19144,19129,1879,21008,132
2022-11-01,Orange,059,3164182,672700,672253,62655,734908,7520
2022-11-01,Placer,061,380077,76372,76321,9620,85941,662
2022-11-01,Plumas,063,18699,3720,3720,432,4152,13
2022-11-01,Riverside,065,2383286,699963,699360,35413,734773,6660
2022-11-01,Sacramento,067,1510023,349935,349696,34009,383705,3350
2022-11-01,San Benito,069,59416,16329,16324,983,17307,108
2022-11-01,San Bernardino,071,2135413,675463,674939,31081,706020,8123
2022-11-01,San Diego,073,3302833,932342,931531,72988,1004519,5532
2022-11-01,San Francisco,075,870044,181610,180989,12111,193100,1067
2022-11-01,San Joaquin,077,732212,198867,198717,14862,213579,2336
2022-11-01,San Luis Obispo,079,281455,63616,63599,7270,70869,525
2022-11-01,San Mateo,081,765935,170919,170464,10671,181135,741
2022-11-01,Santa Barbara,083,443738,106553,106478,6950,113428,732
2022-11-01,Santa Clara,085,1922200,437477,436967,18958,455925,2533
2022-11-01,Santa Cruz,087,273765,64130,64070,3465,67535,274
2022-11-01,Shasta,089,179085,35222,35178,7491,42669,594
2022-11-01,Sierra,091,2930,308,308,60,368,5
2022-11-01,Siskiyou,093,43540,5331,5326,3323,8649,94
2022-11-01,Solano,095,438530,106192,106106,7835,113941,468
2022-11-01,Sonoma,097,501317,107978,107907,5352,113259,524
2022-11-01,Stanislaus,099,539301,138798,138715,21695,160410,1785
2022-11-01,Sutter,101,95872,24485,24470,2470,26940,233
2022-11-01,Tehama,103,63373,13731,13707,3090,16797,216
2022-11-01,Trinity,105,12862,1413,1413,392,1805,20
2022-11-01,Tulare,107,460477,122389,122246,36556,158802,1544
2022-11-01,Tuolumne,109,53932,15712,15672,934,16606,196
2022-11-01,Ventura,111,848112,210243,210085,15856,225941,1584
2022-11-01,Yolo,113,214977,47895,47786,4481,52267,353
2022-11-01,Yuba,115,75493,19072,19059,1733,20792,132
2022-10-31,Alameda,001,1643700,351892,350419,19823,370242,2040
2022-10-31,Alpine,003,1148,136,136,1,137,0
2022-10-31,Amador,005,37829,10058,10038,929,10967,94
2022-10-31,Butte,007,227075,39877,39707,9092,48799,457
2022-10-31,Calaveras,009,45235,8578,8561,559,9120,134
2022-10-31,Colusa,011,21464,3820,3813,1291,5104,22
2022-10-31,Contra Costa,013,1133247,253317,252398,20748,273146,1458
2022-10-31,Del Norte,015,27424,7469,7455,404,7859,56
2022-10-31,El Dorado,017,186661,32642,32513,4311,36824,231
2022-10-31,Fresno,019,978130,276602,275924,31405,307329,2885
2022-10-31,Glenn,021,27897,5565,5553,1881,7434,48
2022-10-31,Humboldt,023,135768,22126,22065,5109,27174,160
2022-10-31,Imperial,025,180216,66052,65903,16107,82010,959
2022-10-31,Inyo,027,18085,4509,4500,998,5498,60
2022-10-31,Kern,029,883053,220391,219943,64558,284501,2425
2022-10-31,Kings,031,150075,59862,59742,4096,63838,459
2022-10-31,Lake,033,64148,12904,12868,1211,14079,148
2022-10-31,Lassen,035,31185,10013,9989,992,10981,65
2022-10-31,Los Angeles,037,10098052,3306408,3298549,184820,3483369,33679
2022-10-31,Madera,039,155013,44239,44172,8279,52451,375
2022-10-31,Marin,041,260295,45831,45649,5370,51019,314
2022-10-31,Mariposa,043,17540,3116,3107,363,3470,31
2022-10-31,Mendocino,045,87422,16143,16104,4518,20622,153
2022-10-31,Merced,047,269075,72753,72606,11856,84462,870
2022-10-31,Modoc,049,8938,885,884,325,1209,11
2022-10-31,Mono,051,14174,3216,3215,259,3474,7
2022-10-31,Monterey,053,433212,94615,94425,21172,115597,769
2022-10-31,Napa,055,140530,32468,32448,1428,33876,160
2022-10-31,Nevada,057,99092,19141,19094,1879,20973,132
2022-10-31,Orange,059,3164182,672522,671141,62655,733796,7502
2022-10-31,Placer,061,380077,76355,76178,9620,85798,662
2022-10-31,Plumas,063,18699,3720,3705,432,4137,13
2022-10-31,Riverside,065,2383286,699765,698387,35413,733800,6659
2022-10-31,Sacramento,067,1510023,349798,348942,34009,382951,3346
2022-10-31,San Benito,069,59416,16323,16284,983,17267,108
2022-10-31,San Bernardino,071,2135413,675239,673959,31081,705040,8120
2022-10-31,San Diego,073,3302833,932030,929768,72988,1002756,5524
2022-10-31,San Francisco,075,870044,181510,180409,12111,192520,1066
2022-10-31,San Joaquin,077,732212,198798,198376,14862,213238,2335
2022-10-31,San Luis Obispo,079,281455,63596,63519,7270,70789,525
2022-10-31,San Mateo,081,765935,170832,169941,10671,180612,741
2022-10-31,Santa Barbara,083,443738,106518,106291,6950,113241,729
2022-10-31,Santa Clara,085,1922200,437242,435788,18958,454746,2528
2022-10-31,Santa Cruz,087,273765,64104,63885,3465,67350,274
2022-10-31,Shasta,089,179085,35201,35117,7491,42608,595
2022-10-31,Sierra,091,2930,308,308,60,368,5
2022-10-31,Siskiyou,093,43540,5329,5307,3323,8630,94
2022-10-31,Solano,095,438530,106137,105796,7835,113631,467
2022-10-31,Sonoma,097,501317,107941,107692,5352,113044,524
2022-10-31,Stanislaus,099,539301,138751,138423,21695,160118,1785
2022-10-31,Sutter,101,95872,24471,24425,2470,26895,233
2022-10-31,Tehama,103,63373,13724,13681,3090,16771,210
2022-10-31,Trinity,105,12862,1413,1398,392,1790,20
2022-10-31,Tulare,107,460477,122375,122140,36556,158696,1541
2022-10-31,Tuolumne,109,53932,15680,15658,934,16592,196
2022-10-31,Ventura,111,848112,210181,209746,15856,225602,1582
2022-10-31,Yolo,113,214977,47826,47703,4481,52184,349
2022-10-31,Yuba,115,75493,19065,19009,1733,20742,133
2022-10-30,Alameda,001,1643700,351695,350419,19823,370242,2040
2022-10-30,Alpine,003,1148,136,136,1,137,0
2022-10-30,Amador,005,37829,10053,10038,929,10967,94
2022-10-30,Butte,007,227075,39858,39707,9092,48799,457
2022-10-30,Calaveras,009,45235,8577,8561,559,9120,134
2022-10-30,Colusa,011,21464,3819,3813,1291,5104,22
2022-10-30,Contra Costa,013,1133247,253163,252398,20748,273146,1458
2022-10-30,Del Norte,015,27424,7466,7455,404,7859,56
2022-10-30,El Dorado,017,186661,32634,32513,4311,36824,231
2022-10-30,Fresno,019,978130,276517,275924,31405,307329,2885
2022-10-30,Glenn,021,27897,5557,5553,1876,7429,48
2022-10-30,Humboldt,023,135768,22120,22065,5109,27174,160
2022-10-30,Imperial,025,180216,66030,65903,16107,82010,959
2022-10-30,Inyo,027,18085,4509,4500,998,5498,60
2022-10-30,Kern,029,883053,220327,219943,64554,284497,2425
2022-10-30,Kings,031,150075,59853,59742,4096,63838,459
2022-10-30,Lake,033,64148,12896,12868,1211,14079,148
2022-10-30,Lassen,035,31185,10008,9989,992,10981,65
2022-10-30,Los Angeles,037,10098052,3305331,3298549,184798,3483347,33679
2022-10-30,Madera,039,155013,44230,44172,8279,52451,375
2022-10-30,Marin,041,260295,45813,45649,5370,51019,314
2022-10-30,Mariposa,043,17540,3116,3107,363,3470,31
2022-10-30,Mendocino,045,87422,16141,16104,4518,20622,153
2022-10-30,Merced,047,269075,72724,72606,11856,84462,870
2022-10-30,Modoc,049,8938,885,884,325,1209,11
2022-10-30,Mono,051,14174,3216,3215,259,3474,7
2022-10-30,Monterey,053,433212,94591,94425,21171,115596,769
2022-10-30,Napa,055,140530,32455,32448,1428,33876,160
2022-10-30,Nevada,057,99092,19133,19094,1879,20973,132
2022-10-30,Orange,059,3164182,672302,671141,62648,733789,7502
2022-10-30,Placer,061,380077,76339,76178,9619,85797,662
2022-10-30,Plumas,063,18699,3719,3705,432,4137,13
2022-10-30,Riverside,065,2383286,699556,698387,35409,733796,6659
2022-10-30,Sacramento,067,1510023,349670,348942,34009,382951,3346
2022-10-30,San Benito,069,59416,16317,16284,983,17267,108
2022-10-30,San Bernardino,071,2135413,675054,673959,31079,705038,8120
2022-10-30,San Diego,073,3302833,931685,929768,72948,1002716,5524
2022-10-30,San Francisco,075,870044,181389,180409,12111,192520,1066
2022-10-30,San Joaquin,077,732212,198737,198376,14857,213233,2335
2022-10-30,San Luis Obispo,079,281455,63582,63519,7270,70789,525
2022-10-30,San Mateo,081,765935,170750,169941,10671,180612,741
2022-10-30,Santa Barbara,083,443738,106494,106291,6950,113241,729
2022-10-30,Santa Clara,085,1922200,437030,435788,18958,454746,2528
2022-10-30,Santa Cruz,087,273765,64087,63885,3465,67350,274
2022-10-30,Shasta,089,179085,35190,35117,7491,42608,595
2022-10-30,Sierra,091,2930,308,308,60,368,5
2022-10-30,Siskiyou,093,43540,5327,5307,3322,8629,94
2022-10-30,Solano,095,438530,106078,105796,7835,113631,467
2022-10-30,Sonoma,097,501317,107905,107692,5350,113042,524
2022-10-30,Stanislaus,099,539301,138717,138423,21694,160117,1785
2022-10-30,Sutter,101,95872,24461,24425,2470,26895,233
2022-10-30,Tehama,103,63373,13716,13681,3090,16771,210
2022-10-30,Trinity,105,12862,1413,1398,392,1790,20
2022-10-30,Tulare,107,460477,122344,122140,36552,158692,1541
2022-10-30,Tuolumne,109,53932,15675,15658,934,16592,196
2022-10-30,Ventura,111,848112,210116,209746,15856,225602,1582
2022-10-30,Yolo,113,214977,47804,47703,4481,52184,349
2022-10-30,Yuba,115,75493,19059,19009,1733,20742,133
2022-10-29,Alameda,001,1643700,351593,350419,19823,370242,2040
2022-10-29,Alpine,003,1148,136,136,1,137,0
2022-10-29,Amador,005,37829,10051,10038,929,10967,94
2022-10-29,Butte,007,227075,39851,39707,9092,48799,457
2022-10-29,Calaveras,009,45235,8572,8561,559,9120,134
2022-10-29,Colusa,011,21464,3818,3813,1290,5103,22
2022-10-29,Contra Costa,013,1133247,253084,252398,20748,273146,1458
2022-10-29,Del Norte,015,27424,7466,7455,404,7859,56
2022-10-29,El Dorado,017,186661,32628,32513,4311,36824,231
2022-10-29,Fresno,019,978130,276473,275924,31405,307329,2885
2022-10-29,Glenn,021,27897,5556,5553,1876,7429,48
2022-10-29,Humboldt,023,135768,22114,22065,5109,27174,160
2022-10-29,Imperial,025,180216,66019,65903,16107,82010,959
2022-10-29,Inyo,027,18085,4509,4500,998,5498,60
2022-10-29,Kern,029,883053,220301,219943,64553,284496,2425
2022-10-29,Kings,031,150075,59845,59742,4096,63838,459
2022-10-29,Lake,033,64148,12892,12868,1211,14079,148
2022-10-29,Lassen,035,31185,10008,9989,992,10981,65
2022-10-29,Los Angeles,037,10098052,3304838,3298549,184737,3483286,33679
2022-10-29,Madera,039,155013,44226,44172,8279,52451,375
2022-10-29,Marin,041,260295,45797,45649,5370,51019,314
2022-10-29,Mariposa,043,17540,3116,3107,363,3470,31
2022-10-29,Mendocino,045,87422,16140,16104,4518,20622,153
2022-10-29,Merced,047,269075,72710,72606,11856,84462,870
2022-10-29,Modoc,049,8938,885,884,325,1209,11
2022-10-29,Mono,051,14174,3216,3215,259,3474,7
2022-10-29,Monterey,053,433212,94581,94425,21171,115596,769
2022-10-29,Napa,055,140530,32448,32448,1428,33876,160
2022-10-29,Nevada,057,99092,19129,19094,1879,20973,132
2022-10-29,Orange,059,3164182,672215,671141,62648,733789,7502
2022-10-29,Placer,061,380077,76324,76178,9619,85797,662
2022-10-29,Plumas,063,18699,3719,3705,432,4137,13
2022-10-29,Riverside,065,2383286,699450,698387,35409,733796,6659
2022-10-29,Sacramento,067,1510023,349605,348942,34009,382951,3346
2022-10-29,San Benito,069,59416,16313,16284,983,17267,108
2022-10-29,San Bernardino,071,2135413,674954,673959,31079,705038,8120
2022-10-29,San Diego,073,3302833,931535,929768,72935,1002703,5524
2022-10-29,San Francisco,075,870044,181325,180409,12110,192519,1066
2022-10-29,San Joaquin,077,732212,198708,198376,14857,213233,2335
2022-10-29,San Luis Obispo,079,281455,63580,63519,7269,70788,525
2022-10-29,San Mateo,081,765935,170698,169941,10671,180612,741
2022-10-29,Santa Barbara,083,443738,106478,106291,6950,113241,729
2022-10-29,Santa Clara,085,1922200,436900,435788,18958,454746,2528
2022-10-29,Santa Cruz,087,273765,64076,63885,3465,67350,274
2022-10-29,Shasta,089,179085,35183,35117,7491,42608,595
2022-10-29,Sierra,091,2930,308,308,60,368,5
2022-10-29,Siskiyou,093,43540,5326,5307,3322,8629,94
2022-10-29,Solano,095,438530,106045,105796,7835,113631,467
2022-10-29,Sonoma,097,501317,107888,107692,5350,113042,524
2022-10-29,Stanislaus,099,539301,138682,138423,21694,160117,1785
2022-10-29,Sutter,101,95872,24455,24425,2470,26895,233
2022-10-29,Tehama,103,63373,13713,13681,3090,16771,210
2022-10-29,Trinity,105,12862,1409,1398,392,1790,20
2022-10-29,Tulare,107,460477,122327,122140,36551,158691,1541
2022-10-29,Tuolumne,109,53932,15670,15658,934,16592,196
2022-10-29,Ventura,111,848112,210080,209746,15856,225602,1582
2022-10-29,Yolo,113,214977,47790,47703,4481,52184,349
2022-10-29,Yuba,115,75493,19055,19009,1733,20742,133
2022-10-28,Alameda,001,1643700,351506,350419,19823,370242,2040
2022-10-28,Alpine,003,1148,136,136,1,137,0
2022-10-28,Amador,005,37829,10047,10038,929,10967,94
2022-10-28,Butte,007,227075,39847,39707,9092,48799,457
2022-10-28,Calaveras,009,45235,8572,8561,559,9120,134
2022-10-28,Colusa,011,21464,3818,3813,1290,5103,22
2022-10-28,Contra Costa,013,1133247,253004,252398,20748,273146,1458
2022-10-28,Del Norte,015,27424,7465,7455,404,7859,56
2022-10-28,El Dorado,017,186661,32619,32513,4311,36824,231
2022-10-28,Fresno,019,978130,276430,275924,31405,307329,2885
2022-10-28,Glenn,021,27897,5555,5553,1876,7429,48
2022-10-28,Humboldt,023,135768,22109,22065,5109,27174,160
2022-10-28,Imperial,025,180216,66004,65903,16107,82010,959
2022-10-28,Inyo,027,18085,4506,4500,998,5498,60
2022-10-28,Kern,029,883053,220274,219943,64552,284495,2425
2022-10-28,Kings,031,150075,59842,59742,4096,63838,459
2022-10-28,Lake,033,64148,12890,12868,1211,14079,148
2022-10-28,Lassen,035,31185,10008,9989,992,10981,65
2022-10-28,Los Angeles,037,10098052,3304288,3298549,184661,3483210,33679
2022-10-28,Madera,039,155013,44219,44172,8279,52451,375
2022-10-28,Marin,041,260295,45786,45649,5369,51018,314
2022-10-28,Mariposa,043,17540,3113,3107,363,3470,31
2022-10-28,Mendocino,045,87422,16137,16104,4518,20622,153
2022-10-28,Merced,047,269075,72699,72606,11855,84461,870
2022-10-28,Modoc,049,8938,885,884,325,1209,11
2022-10-28,Mono,051,14174,3216,3215,259,3474,7
2022-10-28,Monterey,053,433212,94568,94425,21167,115592,769
2022-10-28,Napa,055,140530,32440,32448,1428,33876,160
2022-10-28,Nevada,057,99092,19126,19094,1879,20973,132
2022-10-28,Orange,059,3164182,672107,671141,62647,733788,7502
2022-10-28,Placer,061,380077,76314,76178,9619,85797,662
2022-10-28,Plumas,063,18699,3719,3705,432,4137,13
2022-10-28,Riverside,065,2383286,699332,698387,35409,733796,6659
2022-10-28,Sacramento,067,1510023,349507,348942,34009,382951,3346
2022-10-28,San Benito,069,59416,16309,16284,983,17267,108
2022-10-28,San Bernardino,071,2135413,674844,673959,31079,705038,8120
2022-10-28,San Diego,073,3302833,931353,929768,72923,1002691,5524
2022-10-28,San Francisco,075,870044,181271,180409,12110,192519,1066
2022-10-28,San Joaquin,077,732212,198682,198376,14857,213233,2335
2022-10-28,San Luis Obispo,079,281455,63575,63519,7269,70788,525
2022-10-28,San Mateo,081,765935,170641,169941,10671,180612,741
2022-10-28,Santa Barbara,083,443738,106466,106291,6950,113241,729
2022-10-28,Santa Clara,085,1922200,436760,435788,18958,454746,2528
2022-10-28,Santa Cruz,087,273765,64061,63885,3465,67350,274
2022-10-28,Shasta,089,179085,35178,35117,7491,42608,595
2022-10-28,Sierra,091,2930,308,308,60,368,5
2022-10-28,Siskiyou,093,43540,5322,5307,3322,8629,94
2022-10-28,Solano,095,438530,106018,105796,7835,113631,467
2022-10-28,Sonoma,097,501317,107867,107692,5350,113042,524
2022-10-28,Stanislaus,099,539301,138652,138423,21694,160117,1785
2022-10-28,Sutter,101,95872,24446,24425,2470,26895,233
2022-10-28,Tehama,103,63373,13711,13681,3090,16771,210
2022-10-28,Trinity,105,12862,1406,1398,392,1790,20
2022-10-28,Tulare,107,460477,122305,122140,36551,158691,1541
2022-10-28,Tuolumne,109,53932,15668,15658,934,16592,196
2022-10-28,Ventura,111,848112,210041,209746,15856,225602,1582
2022-10-28,Yolo,113,214977,47781,47703,4481,52184,349
2022-10-28,Yuba,115,75493,19050,19009,1733,20742,133
2022-10-27,Alameda,001,1643700,351381,350419,19823,370242,2040
2022-10-27,Alpine,003,1148,136,136,1,137,0
2022-10-27,Amador,005,37829,10046,10038,929,10967,94
2022-10-27,Butte,007,227075,39841,39707,9091,48798,457
2022-10-27,Calaveras,009,45235,8570,8561,559,9120,134
2022-10-27,Colusa,011,21464,3815,3813,1290,5103,22
2022-10-27,Contra Costa,013,1133247,252909,252398,20748,273146,1458
2022-10-27,Del Norte,015,27424,7460,7455,404,7859,56
2022-10-27,El Dorado,017,186661,32603,32513,4311,36824,231
2022-10-27,Fresno,019,978130,276374,275924,31405,307329,2885
2022-10-27,Glenn,021,27897,5552,5553,1876,7429,48
2022-10-27,Humboldt,023,135768,22101,22065,5109,27174,160
2022-10-27,Imperial,025,180216,65991,65903,16107,82010,959
2022-10-27,Inyo,027,18085,4504,4500,998,5498,60
2022-10-27,Kern,029,883053,220213,219943,64541,284484,2425
2022-10-27,Kings,031,150075,59782,59742,4096,63838,459
2022-10-27,Lake,033,64148,12884,12868,1211,14079,148
2022-10-27,Lassen,035,31185,10006,9989,992,10981,65
2022-10-27,Los Angeles,037,10098052,3303523,3298549,184568,3483117,33679
2022-10-27,Madera,039,155013,44209,44172,8279,52451,375
2022-10-27,Marin,041,260295,45770,45649,5369,51018,314
2022-10-27,Mariposa,043,17540,3112,3107,363,3470,31
2022-10-27,Mendocino,045,87422,16134,16104,4518,20622,153
2022-10-27,Merced,047,269075,72690,72606,11854,84460,870
2022-10-27,Modoc,049,8938,885,884,325,1209,11
2022-10-27,Mono,051,14174,3216,3215,259,3474,7
2022-10-27,Monterey,053,433212,94549,94425,21161,115586,769
2022-10-27,Napa,055,140530,32434,32448,1428,33876,160
2022-10-27,Nevada,057,99092,19122,19094,1879,20973,132
2022-10-27,Orange,059,3164182,671941,671141,62645,733786,7502
2022-10-27,Placer,061,380077,76303,76178,9619,85797,662
2022-10-27,Plumas,063,18699,3719,3705,432,4137,13
2022-10-27,Riverside,065,2383286,699205,698387,35406,733793,6659
2022-10-27,Sacramento,067,1510023,349374,348942,34007,382949,3346
2022-10-27,San Benito,069,59416,16308,16284,983,17267,108
2022-10-27,San Bernardino,071,2135413,674713,673959,31079,705038,8120
2022-10-27,San Diego,073,3302833,931118,929768,72888,1002656,5524
2022-10-27,San Francisco,075,870044,181184,180409,12110,192519,1066
2022-10-27,San Joaquin,077,732212,198652,198376,14855,213231,2335
2022-10-27,San Luis Obispo,079,281455,63567,63519,7268,70787,525
2022-10-27,San Mateo,081,765935,170555,169941,10671,180612,741
2022-10-27,Santa Barbara,083,443738,106434,106291,6950,113241,729
2022-10-27,Santa Clara,085,1922200,436598,435788,18958,454746,2528
2022-10-27,Santa Cruz,087,273765,64040,63885,3465,67350,274
2022-10-27,Shasta,089,179085,35173,35117,7491,42608,595
2022-10-27,Sierra,091,2930,308,308,60,368,5
2022-10-27,Siskiyou,093,43540,5318,5307,3322,8629,94
2022-10-27,Solano,095,438530,105978,105796,7835,113631,467
2022-10-27,Sonoma,097,501317,107838,107692,5350,113042,524
2022-10-27,Stanislaus,099,539301,138616,138423,21693,160116,1785
2022-10-27,Sutter,101,95872,24438,24425,2470,26895,233
2022-10-27,Tehama,103,63373,13710,13681,3090,16771,210
2022-10-27,Trinity,105,12862,1405,1398,392,1790,20
2022-10-27,Tulare,107,460477,122290,122140,36550,158690,1541
2022-10-27,Tuolumne,109,53932,15666,15658,934,16592,196
2022-10-27,Ventura,111,848112,209991,209746,15856,225602,1582
2022-10-27,Yolo,113,214977,47779,47703,4481,52184,349
2022-10-27,Yuba,115,75493,19044,19009,1732,20741,133
2022-10-26,Alameda,001,1643700,351218,350419,19823,370242,2040
2022-10-26,Alpine,003,1148,136,136,1,137,0
2022-10-26,Amador,005,37829,10045,10038,929,10967,94
2022-10-26,Butte,007,227075,39830,39707,9088,48795,457
2022-10-26,Calaveras,009,45235,8569,8561,559,9120,134
2022-10-26,Colusa,011,21464,3811,3813,1290,5103,22
2022-10-26,Contra Costa,013,1133247,252816,252398,20748,273146,1458
2022-10-26,Del Norte,015,27424,7459,7455,404,7859,56
2022-10-26,El Dorado,017,186661,32581,32513,4311,36824,231
2022-10-26,Fresno,019,978130,276322,275924,31405,307329,2885
2022-10-26,Glenn,021,27897,5552,5553,1876,7429,48
2022-10-26,Humboldt,023,135768,22096,22065,5105,27170,160
2022-10-26,Imperial,025,180216,65971,65903,16107,82010,959
2022-10-26,Inyo,027,18085,4503,4500,998,5498,60
2022-10-26,Kern,029,883053,220176,219943,64526,284469,2425
2022-10-26,Kings,031,150075,59777,59742,4096,63838,459
2022-10-26,Lake,033,64148,12882,12868,1211,14079,148
2022-10-26,Lassen,035,31185,10001,9989,992,10981,65
2022-10-26,Los Angeles,037,10098052,3302665,3298549,184440,3482989,33679
2022-10-26,Madera,039,155013,44201,44172,8279,52451,375
2022-10-26,Marin,041,260295,45757,45649,5368,51017,314
2022-10-26,Mariposa,043,17540,3111,3107,363,3470,31
2022-10-26,Mendocino,045,87422,16132,16104,4518,20622,153
2022-10-26,Merced,047,269075,72675,72606,11853,84459,870
2022-10-26,Modoc,049,8938,885,884,325,1209,11
2022-10-26,Mono,051,14174,3216,3215,259,3474,7
2022-10-26,Monterey,053,433212,94525,94425,21157,115582,769
2022-10-26,Napa,055,140530,32426,32448,1428,33876,160
2022-10-26,Nevada,057,99092,19120,19094,1878,20972,132
2022-10-26,Orange,059,3164182,671776,671141,62637,733778,7502
2022-10-26,Placer,061,380077,76284,76178,9617,85795,662
2022-10-26,Plumas,063,18699,3717,3705,432,4137,13
2022-10-26,Riverside,065,2383286,699067,698387,35406,733793,6659
2022-10-26,Sacramento,067,1510023,349303,348942,34007,382949,3346
2022-10-26,San Benito,069,59416,16304,16284,983,17267,108
2022-10-26,San Bernardino,071,2135413,674555,673959,31079,705038,8120
2022-10-26,San Diego,073,3302833,930847,929768,72847,1002615,5524
2022-10-26,San Francisco,075,870044,181111,180409,12110,192519,1066
2022-10-26,San Joaquin,077,732212,198600,198376,14853,213229,2335
2022-10-26,San Luis Obispo,079,281455,63558,63519,7268,70787,525
2022-10-26,San Mateo,081,765935,170468,169941,10671,180612,741
2022-10-26,Santa Barbara,083,443738,106410,106291,6950,113241,729
2022-10-26,Santa Clara,085,1922200,436429,435788,18957,454745,2528
2022-10-26,Santa Cruz,087,273765,64019,63885,3465,67350,274
2022-10-26,Shasta,089,179085,35166,35117,7491,42608,595
2022-10-26,Sierra,091,2930,308,308,60,368,5
2022-10-26,Siskiyou,093,43540,5316,5307,3322,8629,94
2022-10-26,Solano,095,438530,105920,105796,7835,113631,467
2022-10-26,Sonoma,097,501317,107812,107692,5347,113039,524
2022-10-26,Stanislaus,099,539301,138586,138423,21688,160111,1785
2022-10-26,Sutter,101,95872,24428,24425,2470,26895,233
2022-10-26,Tehama,103,63373,13705,13681,3089,16770,210
2022-10-26,Trinity,105,12862,1399,1398,392,1790,20
2022-10-26,Tulare,107,460477,122274,122140,36544,158684,1541
2022-10-26,Tuolumne,109,53932,15660,15658,934,16592,196
2022-10-26,Ventura,111,848112,209934,209746,15856,225602,1582
2022-10-26,Yolo,113,214977,47770,47703,4481,52184,349
2022-10-26,Yuba,115,75493,19037,19009,1732,20741,133
2022-10-25,Alameda,001,1643700,351073,350419,19822,370241,2040
2022-10-25,Alpine,003,1148,136,136,1,137,0
2022-10-25,Amador,005,37829,10043,10038,929,10967,94
2022-10-25,Butte,007,227075,39814,39707,9088,48795,457
2022-10-25,Calaveras,009,45235,8567,8561,559,9120,134
2022-10-25,Colusa,011,21464,3811,3813,1290,5103,22
2022-10-25,Contra Costa,013,1133247,252711,252398,20748,273146,1458
2022-10-25,Del Norte,015,27424,7458,7455,404,7859,56
2022-10-25,El Dorado,017,186661,32565,32513,4310,36823,231
2022-10-25,Fresno,019,978130,276269,275924,31405,307329,2885
2022-10-25,Glenn,021,27897,5550,5553,1876,7429,48
2022-10-25,Humboldt,023,135768,22090,22065,5105,27170,160
2022-10-25,Imperial,025,180216,65949,65903,16107,82010,959
2022-10-25,Inyo,027,18085,4503,4500,998,5498,60
2022-10-25,Kern,029,883053,220128,219943,64503,284446,2425
2022-10-25,Kings,031,150075,59763,59742,4096,63838,459
2022-10-25,Lake,033,64148,12879,12868,1211,14079,148
2022-10-25,Lassen,035,31185,9993,9989,992,10981,65
2022-10-25,Los Angeles,037,10098052,3301838,3298549,184303,3482852,33679
2022-10-25,Madera,039,155013,44192,44172,8279,52451,375
2022-10-25,Marin,041,260295,45731,45649,5367,51016,314
2022-10-25,Mariposa,043,17540,3110,3107,363,3470,31
2022-10-25,Mendocino,045,87422,16125,16104,4518,20622,153
2022-10-25,Merced,047,269075,72659,72606,11853,84459,870
2022-10-25,Modoc,049,8938,885,884,325,1209,11
2022-10-25,Mono,051,14174,3216,3215,259,3474,7
2022-10-25,Monterey,053,433212,94502,94425,21152,115577,769
2022-10-25,Napa,055,140530,32423,32448,1428,33876,160
2022-10-25,Nevada,057,99092,19116,19094,1878,20972,132
2022-10-25,Orange,059,3164182,671608,671141,62625,733766,7502
2022-10-25,Placer,061,380077,76263,76178,9617,85795,662
2022-10-25,Plumas,063,18699,3716,3705,432,4137,13
2022-10-25,Riverside,065,2383286,698904,698387,35406,733793,6659
2022-10-25,Sacramento,067,1510023,349204,348942,34002,382944,3346
2022-10-25,San Benito,069,59416,16297,16284,983,17267,108
2022-10-25,San Bernardino,071,2135413,674416,673959,31079,705038,8120
2022-10-25,San Diego,073,3302833,930580,929768,72793,1002561,5524
2022-10-25,San Francisco,075,870044,181028,180409,12110,192519,1066
2022-10-25,San Joaquin,077,732212,198544,198376,14853,213229,2335
2022-10-25,San Luis Obispo,079,281455,63539,63519,7268,70787,525
2022-10-25,San Mateo,081,765935,170396,169941,10670,180611,741
2022-10-25,Santa Barbara,083,443738,106378,106291,6950,113241,729
2022-10-25,Santa Clara,085,1922200,436246,435788,18956,454744,2528
2022-10-25,Santa Cruz,087,273765,63984,63885,3465,67350,274
2022-10-25,Shasta,089,179085,35161,35117,7491,42608,595
2022-10-25,Sierra,091,2930,308,308,60,368,5
2022-10-25,Siskiyou,093,43540,5314,5307,3322,8629,94
2022-10-25,Solano,095,438530,105875,105796,7835,113631,467
2022-10-25,Sonoma,097,501317,107771,107692,5347,113039,524
2022-10-25,Stanislaus,099,539301,138558,138423,21682,160105,1785
2022-10-25,Sutter,101,95872,24421,24425,2470,26895,233
2022-10-25,Tehama,103,63373,13702,13681,3089,16770,210
2022-10-25,Trinity,105,12862,1399,1398,392,1790,20
2022-10-25,Tulare,107,460477,122249,122140,36539,158679,1541
2022-10-25,Tuolumne,109,53932,15660,15658,934,16592,196
2022-10-25,Ventura,111,848112,209891,209746,15856,225602,1582
2022-10-25,Yolo,113,214977,47759,47703,4481,52184,349
2022-10-25,Yuba,115,75493,19031,19009,1732,20741,133
2022-10-24,Alameda,001,1643700,350919,349337,19822,369159,2031
2022-10-24,Alpine,003,1148,136,136,1,137,0
2022-10-24,Amador,005,37829,10041,10025,929,10954,94
2022-10-24,Butte,007,227075,39800,39607,9086,48693,456
2022-10-24,Calaveras,009,45235,8567,8541,559,9100,135
2022-10-24,Colusa,011,21464,3809,3807,1290,5097,22
2022-10-24,Contra Costa,013,1133247,252596,251722,20748,272470,1444
2022-10-24,Del Norte,015,27424,7453,7450,404,7854,56
2022-10-24,El Dorado,017,186661,32552,32443,4310,36753,232
2022-10-24,Fresno,019,978130,276207,275502,31405,306907,2893
2022-10-24,Glenn,021,27897,5549,5543,1876,7419,48
2022-10-24,Humboldt,023,135768,22084,21979,5103,27082,160
2022-10-24,Imperial,025,180216,65929,65801,16107,81908,961
2022-10-24,Inyo,027,18085,4502,4497,998,5495,60
2022-10-24,Kern,029,883053,220079,219679,64479,284158,2424
2022-10-24,Kings,031,150075,59745,59632,4096,63728,460
2022-10-24,Lake,033,64148,12876,12847,1211,14058,148
2022-10-24,Lassen,035,31185,9993,9977,992,10969,65
2022-10-24,Los Angeles,037,10098052,3300896,3289814,184150,3473964,33533
2022-10-24,Madera,039,155013,44187,44121,8279,52400,375
2022-10-24,Marin,041,260295,45702,45521,5367,50888,314
2022-10-24,Mariposa,043,17540,3108,3096,363,3459,31
2022-10-24,Mendocino,045,87422,16122,16059,4518,20577,136
2022-10-24,Merced,047,269075,72648,72442,11852,84294,869
2022-10-24,Modoc,049,8938,884,883,325,1208,11
2022-10-24,Mono,051,14174,3216,3212,258,3470,7
2022-10-24,Monterey,053,433212,94484,94275,21147,115422,768
2022-10-24,Napa,055,140530,32419,32395,1428,33823,160
2022-10-24,Nevada,057,99092,19109,19056,1872,20928,132
2022-10-24,Orange,059,3164182,671436,669923,62616,732539,7536
2022-10-24,Placer,061,380077,76236,76022,9616,85638,662
2022-10-24,Plumas,063,18699,3715,3691,432,4123,13
2022-10-24,Riverside,065,2383286,698768,697500,35404,732904,6569
2022-10-24,Sacramento,067,1510023,349089,348260,33993,382253,3337
2022-10-24,San Benito,069,59416,16291,16251,983,17234,107
2022-10-24,San Bernardino,071,2135413,674247,673189,31079,704268,8152
2022-10-24,San Diego,073,3302833,930309,928182,72744,1000926,5517
2022-10-24,San Francisco,075,870044,180925,179967,12110,192077,1056
2022-10-24,San Joaquin,077,732212,198490,198041,14846,212887,2336
2022-10-24,San Luis Obispo,079,281455,63528,63410,7268,70678,525
2022-10-24,San Mateo,081,765935,170336,169484,10670,180154,732
2022-10-24,Santa Barbara,083,443738,106356,106125,6949,113074,726
2022-10-24,Santa Clara,085,1922200,436049,434684,18956,453640,2523
2022-10-24,Santa Cruz,087,273765,63964,63592,3465,67057,275
2022-10-24,Shasta,089,179085,35147,35031,7491,42522,595
2022-10-24,Sierra,091,2930,308,305,60,365,5
2022-10-24,Siskiyou,093,43540,5312,5298,3322,8620,94
2022-10-24,Solano,095,438530,105827,105561,7835,113396,466
2022-10-24,Sonoma,097,501317,107742,107436,5347,112783,527
2022-10-24,Stanislaus,099,539301,138530,138223,21677,159900,1785
2022-10-24,Sutter,101,95872,24416,24393,2470,26863,233
2022-10-24,Tehama,103,63373,13700,13647,3088,16735,209
2022-10-24,Trinity,105,12862,1398,1396,392,1788,20
2022-10-24,Tulare,107,460477,122227,122035,36538,158573,1540
2022-10-24,Tuolumne,109,53932,15658,15626,934,16560,196
2022-10-24,Ventura,111,848112,209843,209427,15856,225283,1571
2022-10-24,Yolo,113,214977,47748,47611,4481,52092,346
2022-10-24,Yuba,115,75493,19023,18969,1732,20701,130
2022-10-23,Alameda,001,1643700,350725,349337,19821,369158,2031
2022-10-23,Alpine,003,1148,136,136,1,137,0
2022-10-23,Amador,005,37829,10040,10025,929,10954,94
2022-10-23,Butte,007,227075,39789,39607,9086,48693,456
2022-10-23,Calaveras,009,45235,8562,8541,559,9100,135
2022-10-23,Colusa,011,21464,3809,3807,1288,5095,22
2022-10-23,Contra Costa,013,1133247,252490,251722,20748,272470,1444
2022-10-23,Del Norte,015,27424,7452,7450,404,7854,56
2022-10-23,El Dorado,017,186661,32542,32443,4309,36752,232
2022-10-23,Fresno,019,978130,276146,275502,31405,306907,2893
2022-10-23,Glenn,021,27897,5547,5543,1874,7417,48
2022-10-23,Humboldt,023,135768,22076,21979,5095,27074,160
2022-10-23,Imperial,025,180216,65916,65801,16107,81908,961
2022-10-23,Inyo,027,18085,4502,4497,998,5495,60
2022-10-23,Kern,029,883053,220029,219679,64423,284102,2424
2022-10-23,Kings,031,150075,59724,59632,4095,63727,460
2022-10-23,Lake,033,64148,12875,12847,1211,14058,148
2022-10-23,Lassen,035,31185,9990,9977,992,10969,65
2022-10-23,Los Angeles,037,10098052,3299991,3289814,183986,3473800,33533
2022-10-23,Madera,039,155013,44175,44121,8279,52400,375
2022-10-23,Marin,041,260295,45688,45521,5365,50886,314
2022-10-23,Mariposa,043,17540,3106,3096,363,3459,31
2022-10-23,Mendocino,045,87422,16116,16059,4518,20577,136
2022-10-23,Merced,047,269075,72641,72442,11850,84292,869
2022-10-23,Modoc,049,8938,884,883,325,1208,11
2022-10-23,Mono,051,14174,3216,3212,258,3470,7
2022-10-23,Monterey,053,433212,94466,94275,21141,115416,768
2022-10-23,Napa,055,140530,32401,32395,1428,33823,160
2022-10-23,Nevada,057,99092,19098,19056,1872,20928,132
2022-10-23,Orange,059,3164182,671232,669923,62607,732530,7536
2022-10-23,Placer,061,380077,76213,76022,9615,85637,662
2022-10-23,Plumas,063,18699,3714,3691,432,4123,13
2022-10-23,Riverside,065,2383286,698592,697500,35404,732904,6569
2022-10-23,Sacramento,067,1510023,348954,348260,33993,382253,3337
2022-10-23,San Benito,069,59416,16284,16251,983,17234,107
2022-10-23,San Bernardino,071,2135413,674107,673189,31079,704268,8152
2022-10-23,San Diego,073,3302833,929966,928182,72702,1000884,5517
2022-10-23,San Francisco,075,870044,180832,179967,12110,192077,1056
2022-10-23,San Joaquin,077,732212,198428,198041,14844,212885,2336
2022-10-23,San Luis Obispo,079,281455,63515,63410,7263,70673,525
2022-10-23,San Mateo,081,765935,170244,169484,10669,180153,732
2022-10-23,Santa Barbara,083,443738,106318,106125,6949,113074,726
2022-10-23,Santa Clara,085,1922200,435835,434684,18956,453640,2523
2022-10-23,Santa Cruz,087,273765,63911,63592,3465,67057,275
2022-10-23,Shasta,089,179085,35134,35031,7491,42522,595
2022-10-23,Sierra,091,2930,308,305,60,365,5
2022-10-23,Siskiyou,093,43540,5310,5298,3321,8619,94
2022-10-23,Solano,095,438530,105776,105561,7835,113396,466
2022-10-23,Sonoma,097,501317,107683,107436,5347,112783,527
2022-10-23,Stanislaus,099,539301,138488,138223,21675,159898,1785
2022-10-23,Sutter,101,95872,24410,24393,2470,26863,233
2022-10-23,Tehama,103,63373,13694,13647,3088,16735,209
2022-10-23,Trinity,105,12862,1398,1396,392,1788,20
2022-10-23,Tulare,107,460477,122198,122035,36537,158572,1540
2022-10-23,Tuolumne,109,53932,15656,15626,934,16560,196
2022-10-23,Ventura,111,848112,209797,209427,15856,225283,1571
2022-10-23,Yolo,113,214977,47731,47611,4481,52092,346
2022-10-23,Yuba,115,75493,19017,18969,1731,20700,130
2022-10-22,Alameda,001,1643700,350626,349337,19821,369158,2031
2022-10-22,Alpine,003,1148,136,136,1,137,0
2022-10-22,Amador,005,37829,10038,10025,929,10954,94
2022-10-22,Butte,007,227075,39783,39607,9083,48690,456
2022-10-22,Calaveras,009,45235,8559,8541,559,9100,135
2022-10-22,Colusa,011,21464,3809,3807,1288,5095,22
2022-10-22,Contra Costa,013,1133247,252427,251722,20747,272469,1444
2022-10-22,Del Norte,015,27424,7451,7450,404,7854,56
2022-10-22,El Dorado,017,186661,32536,32443,4309,36752,232
2022-10-22,Fresno,019,978130,276109,275502,31405,306907,2893
2022-10-22,Glenn,021,27897,5546,5543,1874,7417,48
2022-10-22,Humboldt,023,135768,22072,21979,5093,27072,160
2022-10-22,Imperial,025,180216,65904,65801,16106,81907,961
2022-10-22,Inyo,027,18085,4501,4497,998,5495,60
2022-10-22,Kern,029,883053,220010,219679,64395,284074,2424
2022-10-22,Kings,031,150075,59718,59632,4095,63727,460
2022-10-22,Lake,033,64148,12873,12847,1211,14058,148
2022-10-22,Lassen,035,31185,9990,9977,992,10969,65
2022-10-22,Los Angeles,037,10098052,3299491,3289814,183945,3473759,33533
2022-10-22,Madera,039,155013,44168,44121,8279,52400,375
2022-10-22,Marin,041,260295,45668,45521,5363,50884,314
2022-10-22,Mariposa,043,17540,3106,3096,363,3459,31
2022-10-22,Mendocino,045,87422,16115,16059,4518,20577,136
2022-10-22,Merced,047,269075,72631,72442,11850,84292,869
2022-10-22,Modoc,049,8938,884,883,325,1208,11
2022-10-22,Mono,051,14174,3215,3212,258,3470,7
2022-10-22,Monterey,053,433212,94455,94275,21133,115408,768
2022-10-22,Napa,055,140530,32397,32395,1428,33823,160
2022-10-22,Nevada,057,99092,19094,19056,1872,20928,132
2022-10-22,Orange,059,3164182,671144,669923,62603,732526,7536
2022-10-22,Placer,061,380077,76197,76022,9613,85635,662
2022-10-22,Plumas,063,18699,3714,3691,432,4123,13
2022-10-22,Riverside,065,2383286,698497,697500,35404,732904,6569
2022-10-22,Sacramento,067,1510023,348890,348260,33993,382253,3337
2022-10-22,San Benito,069,59416,16276,16251,983,17234,107
2022-10-22,San Bernardino,071,2135413,674029,673189,31078,704267,8152
2022-10-22,San Diego,073,3302833,929836,928182,72680,1000862,5517
2022-10-22,San Francisco,075,870044,180783,179967,12110,192077,1056
2022-10-22,San Joaquin,077,732212,198404,198041,14843,212884,2336
2022-10-22,San Luis Obispo,079,281455,63511,63410,7263,70673,525
2022-10-22,San Mateo,081,765935,170188,169484,10669,180153,732
2022-10-22,Santa Barbara,083,443738,106305,106125,6949,113074,726
2022-10-22,Santa Clara,085,1922200,435705,434684,18955,453639,2523
2022-10-22,Santa Cruz,087,273765,63900,63592,3465,67057,275
2022-10-22,Shasta,089,179085,35130,35031,7491,42522,595
2022-10-22,Sierra,091,2930,308,305,60,365,5
2022-10-22,Siskiyou,093,43540,5306,5298,3321,8619,94
2022-10-22,Solano,095,438530,105755,105561,7835,113396,466
2022-10-22,Sonoma,097,501317,107672,107436,5347,112783,527
2022-10-22,Stanislaus,099,539301,138470,138223,21673,159896,1785
2022-10-22,Sutter,101,95872,24408,24393,2470,26863,233
2022-10-22,Tehama,103,63373,13690,13647,3088,16735,209
2022-10-22,Trinity,105,12862,1398,1396,392,1788,20
2022-10-22,Tulare,107,460477,122187,122035,36535,158570,1540
2022-10-22,Tuolumne,109,53932,15654,15626,934,16560,196
2022-10-22,Ventura,111,848112,209773,209427,15856,225283,1571
2022-10-22,Yolo,113,214977,47721,47611,4480,52091,346
2022-10-22,Yuba,115,75493,19011,18969,1731,20700,130
2022-10-21,Alameda,001,1643700,350546,349337,19821,369158,2031
2022-10-21,Alpine,003,1148,136,136,1,137,0
2022-10-21,Amador,005,37829,10037,10025,929,10954,94
2022-10-21,Butte,007,227075,39772,39607,9081,48688,456
2022-10-21,Calaveras,009,45235,8559,8541,559,9100,135
2022-10-21,Colusa,011,21464,3808,3807,1288,5095,22
2022-10-21,Contra Costa,013,1133247,252361,251722,20747,272469,1444
2022-10-21,Del Norte,015,27424,7451,7450,404,7854,56
2022-10-21,El Dorado,017,186661,32527,32443,4308,36751,232
2022-10-21,Fresno,019,978130,276074,275502,31405,306907,2893
2022-10-21,Glenn,021,27897,5546,5543,1874,7417,48
2022-10-21,Humboldt,023,135768,22064,21979,5093,27072,160
2022-10-21,Imperial,025,180216,65900,65801,16103,81904,961
2022-10-21,Inyo,027,18085,4501,4497,998,5495,60
2022-10-21,Kern,029,883053,219988,219679,64377,284056,2424
2022-10-21,Kings,031,150075,59714,59632,4095,63727,460
2022-10-21,Lake,033,64148,12872,12847,1211,14058,148
2022-10-21,Lassen,035,31185,9988,9977,992,10969,65
2022-10-21,Los Angeles,037,10098052,3298944,3289814,183862,3473676,33533
2022-10-21,Madera,039,155013,44161,44121,8279,52400,375
2022-10-21,Marin,041,260295,45648,45521,5362,50883,314
2022-10-21,Mariposa,043,17540,3105,3096,363,3459,31
2022-10-21,Mendocino,045,87422,16108,16059,4518,20577,136
2022-10-21,Merced,047,269075,72626,72442,11850,84292,869
2022-10-21,Modoc,049,8938,884,883,325,1208,11
2022-10-21,Mono,051,14174,3215,3212,258,3470,7
2022-10-21,Monterey,053,433212,94441,94275,21132,115407,768
2022-10-21,Napa,055,140530,32395,32395,1428,33823,160
2022-10-21,Nevada,057,99092,19090,19056,1871,20927,132
2022-10-21,Orange,059,3164182,671024,669923,62600,732523,7536
2022-10-21,Placer,061,380077,76177,76022,9610,85632,662
2022-10-21,Plumas,063,18699,3713,3691,432,4123,13
2022-10-21,Riverside,065,2383286,698408,697500,35404,732904,6569
2022-10-21,Sacramento,067,1510023,348818,348260,33993,382253,3337
2022-10-21,San Benito,069,59416,16274,16251,982,17233,107
2022-10-21,San Bernardino,071,2135413,673952,673189,31078,704267,8152
2022-10-21,San Diego,073,3302833,929691,928182,72655,1000837,5517
2022-10-21,San Francisco,075,870044,180744,179967,12110,192077,1056
2022-10-21,San Joaquin,077,732212,198377,198041,14841,212882,2336
2022-10-21,San Luis Obispo,079,281455,63504,63410,7263,70673,525
2022-10-21,San Mateo,081,765935,170149,169484,10669,180153,732
2022-10-21,Santa Barbara,083,443738,106291,106125,6949,113074,726
2022-10-21,Santa Clara,085,1922200,435576,434684,18954,453638,2523
2022-10-21,Santa Cruz,087,273765,63886,63592,3465,67057,275
2022-10-21,Shasta,089,179085,35123,35031,7491,42522,595
2022-10-21,Sierra,091,2930,308,305,60,365,5
2022-10-21,Siskiyou,093,43540,5306,5298,3321,8619,94
2022-10-21,Solano,095,438530,105732,105561,7835,113396,466
2022-10-21,Sonoma,097,501317,107648,107436,5347,112783,527
2022-10-21,Stanislaus,099,539301,138456,138223,21671,159894,1785
2022-10-21,Sutter,101,95872,24401,24393,2470,26863,233
2022-10-21,Tehama,103,63373,13686,13647,3088,16735,209
2022-10-21,Trinity,105,12862,1398,1396,392,1788,20
2022-10-21,Tulare,107,460477,122179,122035,36534,158569,1540
2022-10-21,Tuolumne,109,53932,15649,15626,934,16560,196
2022-10-21,Ventura,111,848112,209745,209427,15856,225283,1571
2022-10-21,Yolo,113,214977,47711,47611,4480,52091,346
2022-10-21,Yuba,115,75493,19001,18969,1731,20700,130
2022-10-20,Alameda,001,1643700,350409,349337,19821,369158,2031
2022-10-20,Alpine,003,1148,136,136,1,137,0
2022-10-20,Amador,005,37829,10032,10025,929,10954,94
2022-10-20,Butte,007,227075,39765,39607,9081,48688,456
2022-10-20,Calaveras,009,45235,8558,8541,559,9100,135
2022-10-20,Colusa,011,21464,3808,3807,1288,5095,22
2022-10-20,Contra Costa,013,1133247,252261,251722,20747,272469,1444
2022-10-20,Del Norte,015,27424,7451,7450,404,7854,56
2022-10-20,El Dorado,017,186661,32516,32443,4308,36751,232
2022-10-20,Fresno,019,978130,276024,275502,31405,306907,2893
2022-10-20,Glenn,021,27897,5546,5543,1874,7417,48
2022-10-20,Humboldt,023,135768,22058,21979,5090,27069,160
2022-10-20,Imperial,025,180216,65891,65801,16099,81900,961
2022-10-20,Inyo,027,18085,4498,4497,998,5495,60
2022-10-20,Kern,029,883053,219952,219679,64343,284022,2424
2022-10-20,Kings,031,150075,59699,59632,4095,63727,460
2022-10-20,Lake,033,64148,12868,12847,1211,14058,148
2022-10-20,Lassen,035,31185,9985,9977,992,10969,65
2022-10-20,Los Angeles,037,10098052,3298212,3289814,183750,3473564,33533
2022-10-20,Madera,039,155013,44152,44121,8279,52400,375
2022-10-20,Marin,041,260295,45631,45521,5361,50882,314
2022-10-20,Mariposa,043,17540,3104,3096,363,3459,31
2022-10-20,Mendocino,045,87422,16103,16059,4518,20577,136
2022-10-20,Merced,047,269075,72617,72442,11850,84292,869
2022-10-20,Modoc,049,8938,883,883,325,1208,11
2022-10-20,Mono,051,14174,3215,3212,258,3470,7
2022-10-20,Monterey,053,433212,94428,94275,21129,115404,768
2022-10-20,Napa,055,140530,32389,32395,1428,33823,160
2022-10-20,Nevada,057,99092,19088,19056,1869,20925,132
2022-10-20,Orange,059,3164182,670892,669923,62597,732520,7536
2022-10-20,Placer,061,380077,76152,76022,9608,85630,662
2022-10-20,Plumas,063,18699,3712,3691,432,4123,13
2022-10-20,Riverside,065,2383286,698281,697500,35404,732904,6569
2022-10-20,Sacramento,067,1510023,348695,348260,33993,382253,3337
2022-10-20,San Benito,069,59416,16272,16251,982,17233,107
2022-10-20,San Bernardino,071,2135413,673841,673189,31077,704266,8152
2022-10-20,San Diego,073,3302833,929509,928182,72616,1000798,5517
2022-10-20,San Francisco,075,870044,180687,179967,12110,192077,1056
2022-10-20,San Joaquin,077,732212,198344,198041,14840,212881,2336
2022-10-20,San Luis Obispo,079,281455,63494,63410,7261,70671,525
2022-10-20,San Mateo,081,765935,170077,169484,10669,180153,732
2022-10-20,Santa Barbara,083,443738,106270,106125,6949,113074,726
2022-10-20,Santa Clara,085,1922200,435427,434684,18953,453637,2523
2022-10-20,Santa Cruz,087,273765,63849,63592,3465,67057,275
2022-10-20,Shasta,089,179085,35113,35031,7491,42522,595
2022-10-20,Sierra,091,2930,308,305,60,365,5
2022-10-20,Siskiyou,093,43540,5304,5298,3321,8619,94
2022-10-20,Solano,095,438530,105696,105561,7835,113396,466
2022-10-20,Sonoma,097,501317,107614,107436,5347,112783,527
2022-10-20,Stanislaus,099,539301,138419,138223,21669,159892,1785
2022-10-20,Sutter,101,95872,24397,24393,2470,26863,233
2022-10-20,Tehama,103,63373,13681,13647,3088,16735,209
2022-10-20,Trinity,105,12862,1398,1396,392,1788,20
2022-10-20,Tulare,107,460477,122164,122035,36534,158569,1540
2022-10-20,Tuolumne,109,53932,15643,15626,934,16560,196
2022-10-20,Ventura,111,848112,209708,209427,15856,225283,1571
2022-10-20,Yolo,113,214977,47701,47611,4479,52090,346
2022-10-20,Yuba,115,75493,18995,18969,1731,20700,130
2022-10-19,Alameda,001,1643700,350274,349337,19821,369158,2031
2022-10-19,Alpine,003,1148,136,136,1,137,0
2022-10-19,Amador,005,37829,10030,10025,929,10954,94
2022-10-19,Butte,007,227075,39759,39607,9080,48687,456
2022-10-19,Calaveras,009,45235,8556,8541,559,9100,135
2022-10-19,Colusa,011,21464,3807,3807,1288,5095,22
2022-10-19,Contra Costa,013,1133247,252181,251722,20746,272468,1444
2022-10-19,Del Norte,015,27424,7451,7450,404,7854,56
2022-10-19,El Dorado,017,186661,32504,32443,4307,36750,232
2022-10-19,Fresno,019,978130,275962,275502,31404,306906,2893
2022-10-19,Glenn,021,27897,5543,5543,1874,7417,48
2022-10-19,Humboldt,023,135768,22042,21979,5087,27066,160
2022-10-19,Imperial,025,180216,65876,65801,16084,81885,961
2022-10-19,Inyo,027,18085,4498,4497,998,5495,60
2022-10-19,Kern,029,883053,219906,219679,64307,283986,2424
2022-10-19,Kings,031,150075,59685,59632,4095,63727,460
2022-10-19,Lake,033,64148,12863,12847,1211,14058,148
2022-10-19,Lassen,035,31185,9982,9977,992,10969,65
2022-10-19,Los Angeles,037,10098052,3297406,3289814,183634,3473448,33533
2022-10-19,Madera,039,155013,44144,44121,8279,52400,375
2022-10-19,Marin,041,260295,45610,45521,5361,50882,314
2022-10-19,Mariposa,043,17540,3101,3096,363,3459,31
2022-10-19,Mendocino,045,87422,16098,16059,4518,20577,136
2022-10-19,Merced,047,269075,72600,72442,11850,84292,869
2022-10-19,Modoc,049,8938,883,883,325,1208,11
2022-10-19,Mono,051,14174,3214,3212,257,3469,7
2022-10-19,Monterey,053,433212,94414,94275,21125,115400,768
2022-10-19,Napa,055,140530,32382,32395,1428,33823,160
2022-10-19,Nevada,057,99092,19083,19056,1869,20925,132
2022-10-19,Orange,059,3164182,670685,669923,62593,732516,7536
2022-10-19,Placer,061,380077,76134,76022,9606,85628,662
2022-10-19,Plumas,063,18699,3709,3691,432,4123,13
2022-10-19,Riverside,065,2383286,698161,697500,35403,732903,6569
2022-10-19,Sacramento,067,1510023,348596,348260,33991,382251,3337
2022-10-19,San Benito,069,59416,16270,16251,982,17233,107
2022-10-19,San Bernardino,071,2135413,673709,673189,31077,704266,8152
2022-10-19,San Diego,073,3302833,929258,928182,72568,1000750,5517
2022-10-19,San Francisco,075,870044,180613,179967,12110,192077,1056
2022-10-19,San Joaquin,077,732212,198300,198041,14835,212876,2336
2022-10-19,San Luis Obispo,079,281455,63481,63410,7261,70671,525
2022-10-19,San Mateo,081,765935,170011,169484,10669,180153,732
2022-10-19,Santa Barbara,083,443738,106242,106125,6949,113074,726
2022-10-19,Santa Clara,085,1922200,435269,434684,18953,453637,2523
2022-10-19,Santa Cruz,087,273765,63799,63592,3465,67057,275
2022-10-19,Shasta,089,179085,35105,35031,7491,42522,595
2022-10-19,Sierra,091,2930,308,305,60,365,5
2022-10-19,Siskiyou,093,43540,5303,5298,3320,8618,94
2022-10-19,Solano,095,438530,105664,105561,7834,113395,466
2022-10-19,Sonoma,097,501317,107584,107436,5347,112783,527
2022-10-19,Stanislaus,099,539301,138387,138223,21666,159889,1785
2022-10-19,Sutter,101,95872,24394,24393,2470,26863,233
2022-10-19,Tehama,103,63373,13676,13647,3088,16735,209
2022-10-19,Trinity,105,12862,1397,1396,392,1788,20
2022-10-19,Tulare,107,460477,122155,122035,36532,158567,1540
2022-10-19,Tuolumne,109,53932,15639,15626,934,16560,196
2022-10-19,Ventura,111,848112,209666,209427,15856,225283,1571
2022-10-19,Yolo,113,214977,47691,47611,4479,52090,346
2022-10-19,Yuba,115,75493,18986,18969,1731,20700,130
2022-10-18,Alameda,001,1643700,350150,349337,19821,369158,2031
2022-10-18,Alpine,003,1148,136,136,1,137,0
2022-10-18,Amador,005,37829,10027,10025,929,10954,94
2022-10-18,Butte,007,227075,39750,39607,9080,48687,456
2022-10-18,Calaveras,009,45235,8551,8541,559,9100,135
2022-10-18,Colusa,011,21464,3806,3807,1286,5093,22
2022-10-18,Contra Costa,013,1133247,252093,251722,20745,272467,1444
2022-10-18,Del Norte,015,27424,7447,7450,404,7854,56
2022-10-18,El Dorado,017,186661,32487,32443,4305,36748,232
2022-10-18,Fresno,019,978130,275906,275502,31404,306906,2893
2022-10-18,Glenn,021,27897,5543,5543,1874,7417,48
2022-10-18,Humboldt,023,135768,22029,21979,5086,27065,160
2022-10-18,Imperial,025,180216,65856,65801,16075,81876,961
2022-10-18,Inyo,027,18085,4498,4497,998,5495,60
2022-10-18,Kern,029,883053,219862,219679,64276,283955,2424
2022-10-18,Kings,031,150075,59669,59632,4094,63726,460
2022-10-18,Lake,033,64148,12857,12847,1211,14058,148
2022-10-18,Lassen,035,31185,9979,9977,992,10969,65
2022-10-18,Los Angeles,037,10098052,3296606,3289814,183509,3473323,33533
2022-10-18,Madera,039,155013,44135,44121,8279,52400,375
2022-10-18,Marin,041,260295,45585,45521,5357,50878,314
2022-10-18,Mariposa,043,17540,3099,3096,363,3459,31
2022-10-18,Mendocino,045,87422,16088,16059,4518,20577,136
2022-10-18,Merced,047,269075,72581,72442,11850,84292,869
2022-10-18,Modoc,049,8938,883,883,325,1208,11
2022-10-18,Mono,051,14174,3213,3212,257,3469,7
2022-10-18,Monterey,053,433212,94387,94275,21122,115397,768
2022-10-18,Napa,055,140530,32378,32395,1428,33823,160
2022-10-18,Nevada,057,99092,19078,19056,1869,20925,132
2022-10-18,Orange,059,3164182,670510,669923,62567,732490,7536
2022-10-18,Placer,061,380077,76113,76022,9603,85625,662
2022-10-18,Plumas,063,18699,3708,3691,432,4123,13
2022-10-18,Riverside,065,2383286,698012,697500,35402,732902,6569
2022-10-18,Sacramento,067,1510023,348491,348260,33991,382251,3337
2022-10-18,San Benito,069,59416,16265,16251,982,17233,107
2022-10-18,San Bernardino,071,2135413,673598,673189,31076,704265,8152
2022-10-18,San Diego,073,3302833,928970,928182,72520,1000702,5517
2022-10-18,San Francisco,075,870044,180538,179967,12110,192077,1056
2022-10-18,San Joaquin,077,732212,198263,198041,14829,212870,2336
2022-10-18,San Luis Obispo,079,281455,63460,63410,7259,70669,525
2022-10-18,San Mateo,081,765935,169937,169484,10669,180153,732
2022-10-18,Santa Barbara,083,443738,106216,106125,6949,113074,726
2022-10-18,Santa Clara,085,1922200,435097,434684,18951,453635,2523
2022-10-18,Santa Cruz,087,273765,63778,63592,3465,67057,275
2022-10-18,Shasta,089,179085,35098,35031,7491,42522,595
2022-10-18,Sierra,091,2930,308,305,60,365,5
2022-10-18,Siskiyou,093,43540,5303,5298,3320,8618,94
2022-10-18,Solano,095,438530,105630,105561,7833,113394,466
2022-10-18,Sonoma,097,501317,107539,107436,5347,112783,527
2022-10-18,Stanislaus,099,539301,138363,138223,21661,159884,1785
2022-10-18,Sutter,101,95872,24390,24393,2470,26863,233
2022-10-18,Tehama,103,63373,13669,13647,3087,16734,209
2022-10-18,Trinity,105,12862,1397,1396,392,1788,20
2022-10-18,Tulare,107,460477,122136,122035,36527,158562,1540
2022-10-18,Tuolumne,109,53932,15635,15626,934,16560,196
2022-10-18,Ventura,111,848112,209605,209427,15856,225283,1571
2022-10-18,Yolo,113,214977,47682,47611,4479,52090,346
2022-10-18,Yuba,115,75493,18980,18969,1731,20700,130
2022-10-17,Alameda,001,1643700,350002,348487,19821,368308,2027
2022-10-17,Alpine,003,1148,136,135,1,136,0
2022-10-17,Amador,005,37829,10024,10013,929,10942,93
2022-10-17,Butte,007,227075,39735,39567,9080,48647,456
2022-10-17,Calaveras,009,45235,8548,8523,559,9082,133
2022-10-17,Colusa,011,21464,3806,3805,1285,5090,22
2022-10-17,Contra Costa,013,1133247,251985,250897,20744,271641,1440
2022-10-17,Del Norte,015,27424,7447,7440,404,7844,56
2022-10-17,El Dorado,017,186661,32475,32373,4303,36676,231
2022-10-17,Fresno,019,978130,275839,275035,31403,306438,2873
2022-10-17,Glenn,021,27897,5540,5532,1874,7406,48
2022-10-17,Humboldt,023,135768,22016,21914,5078,26992,159
2022-10-17,Imperial,025,180216,65837,65691,16053,81744,958
2022-10-17,Inyo,027,18085,4498,4492,997,5489,60
2022-10-17,Kern,029,883053,219818,219487,64247,283734,2420
2022-10-17,Kings,031,150075,59656,59560,4093,63653,459
2022-10-17,Lake,033,64148,12854,12815,1210,14025,146
2022-10-17,Lassen,035,31185,9977,9970,992,10962,65
2022-10-17,Los Angeles,037,10098052,3295722,3285385,183361,3468746,33525
2022-10-17,Madera,039,155013,44130,44078,8279,52357,375
2022-10-17,Marin,041,260295,45567,45378,5356,50734,315
2022-10-17,Mariposa,043,17540,3097,3091,363,3454,31
2022-10-17,Mendocino,045,87422,16083,16023,4518,20541,136
2022-10-17,Merced,047,269075,72562,72326,11850,84176,868
2022-10-17,Modoc,049,8938,883,882,325,1207,11
2022-10-17,Mono,051,14174,3213,3206,257,3463,7
2022-10-17,Monterey,053,433212,94363,94183,21119,115302,768
2022-10-17,Napa,055,140530,32369,32326,1428,33754,161
2022-10-17,Nevada,057,99092,19074,19023,1868,20891,132
2022-10-17,Orange,059,3164182,670336,668814,62549,731363,7473
2022-10-17,Placer,061,380077,76086,75902,9597,85499,660
2022-10-17,Plumas,063,18699,3703,3682,432,4114,13
2022-10-17,Riverside,065,2383286,697855,696402,35401,731803,6561
2022-10-17,Sacramento,067,1510023,348363,347495,33990,381485,3324
2022-10-17,San Benito,069,59416,16254,16223,982,17205,107
2022-10-17,San Bernardino,071,2135413,673465,672221,31075,703296,8148
2022-10-17,San Diego,073,3302833,928674,926574,72468,999042,5507
2022-10-17,San Francisco,075,870044,180458,179482,12110,191592,1048
2022-10-17,San Joaquin,077,732212,198216,197672,14825,212497,2322
2022-10-17,San Luis Obispo,079,281455,63445,63321,7258,70579,524
2022-10-17,San Mateo,081,765935,169874,168944,10669,179613,732
2022-10-17,Santa Barbara,083,443738,106198,105931,6949,112880,726
2022-10-17,Santa Clara,085,1922200,434890,433458,18951,452409,2513
2022-10-17,Santa Cruz,087,273765,63730,63316,3465,66781,273
2022-10-17,Shasta,089,179085,35076,34971,7491,42462,595
2022-10-17,Sierra,091,2930,306,305,60,365,5
2022-10-17,Siskiyou,093,43540,5300,5287,3320,8607,92
2022-10-17,Solano,095,438530,105592,105287,7832,113119,465
2022-10-17,Sonoma,097,501317,107500,107199,5345,112544,520
2022-10-17,Stanislaus,099,539301,138334,137994,21655,159649,1782
2022-10-17,Sutter,101,95872,24389,24357,2470,26827,233
2022-10-17,Tehama,103,63373,13665,13624,3086,16710,209
2022-10-17,Trinity,105,12862,1397,1396,392,1788,20
2022-10-17,Tulare,107,460477,122120,121902,36521,158423,1538
2022-10-17,Tuolumne,109,53932,15629,15586,934,16520,196
2022-10-17,Ventura,111,848112,209565,209051,15856,224907,1571
2022-10-17,Yolo,113,214977,47661,47498,4476,51974,343
2022-10-17,Yuba,115,75493,18974,18934,1731,20665,129
2022-10-16,Alameda,001,1643700,349841,348487,19821,368308,2027
2022-10-16,Alpine,003,1148,136,135,1,136,0
2022-10-16,Amador,005,37829,10023,10013,929,10942,93
2022-10-16,Butte,007,227075,39716,39567,9079,48646,456
2022-10-16,Calaveras,009,45235,8547,8523,559,9082,133
2022-10-16,Colusa,011,21464,3805,3805,1285,5090,22
2022-10-16,Contra Costa,013,1133247,251862,250897,20744,271641,1440
2022-10-16,Del Norte,015,27424,7446,7440,404,7844,56
2022-10-16,El Dorado,017,186661,32465,32373,4302,36675,231
2022-10-16,Fresno,019,978130,275753,275035,31403,306438,2873
2022-10-16,Glenn,021,27897,5539,5532,1874,7406,48
2022-10-16,Humboldt,023,135768,21996,21914,5071,26985,159
2022-10-16,Imperial,025,180216,65805,65691,16035,81726,958
2022-10-16,Inyo,027,18085,4498,4492,997,5489,60
2022-10-16,Kern,029,883053,219774,219487,64209,283696,2420
2022-10-16,Kings,031,150075,59645,59560,4093,63653,459
2022-10-16,Lake,033,64148,12850,12815,1210,14025,146
2022-10-16,Lassen,035,31185,9976,9970,992,10962,65
2022-10-16,Los Angeles,037,10098052,3294818,3285385,183233,3468618,33525
2022-10-16,Madera,039,155013,44116,44078,8279,52357,375
2022-10-16,Marin,041,260295,45546,45378,5355,50733,315
2022-10-16,Mariposa,043,17540,3096,3091,363,3454,31
2022-10-16,Mendocino,045,87422,16076,16023,4518,20541,136
2022-10-16,Merced,047,269075,72542,72326,11850,84176,868
2022-10-16,Modoc,049,8938,883,882,325,1207,11
2022-10-16,Mono,051,14174,3212,3206,257,3463,7
2022-10-16,Monterey,053,433212,94335,94183,21113,115296,768
2022-10-16,Napa,055,140530,32360,32326,1428,33754,161
2022-10-16,Nevada,057,99092,19071,19023,1868,20891,132
2022-10-16,Orange,059,3164182,670139,668814,62541,731355,7473
2022-10-16,Placer,061,380077,76069,75902,9592,85494,660
2022-10-16,Plumas,063,18699,3699,3682,432,4114,13
2022-10-16,Riverside,065,2383286,697686,696402,35399,731801,6561
2022-10-16,Sacramento,067,1510023,348202,347495,33990,381485,3324
2022-10-16,San Benito,069,59416,16250,16223,981,17204,107
2022-10-16,San Bernardino,071,2135413,673305,672221,31075,703296,8148
2022-10-16,San Diego,073,3302833,928355,926574,72419,998993,5507
2022-10-16,San Francisco,075,870044,180356,179482,12110,191592,1048
2022-10-16,San Joaquin,077,732212,198143,197672,14821,212493,2322
2022-10-16,San Luis Obispo,079,281455,63424,63321,7256,70577,524
2022-10-16,San Mateo,081,765935,169772,168944,10669,179613,732
2022-10-16,Santa Barbara,083,443738,106171,105931,6949,112880,726
2022-10-16,Santa Clara,085,1922200,434700,433458,18949,452407,2513
2022-10-16,Santa Cruz,087,273765,63644,63316,3464,66780,273
2022-10-16,Shasta,089,179085,35061,34971,7491,42462,595
2022-10-16,Sierra,091,2930,306,305,60,365,5
2022-10-16,Siskiyou,093,43540,5297,5287,3320,8607,92
2022-10-16,Solano,095,438530,105547,105287,7832,113119,465
2022-10-16,Sonoma,097,501317,107448,107199,5345,112544,520
2022-10-16,Stanislaus,099,539301,138308,137994,21653,159647,1782
2022-10-16,Sutter,101,95872,24383,24357,2470,26827,233
2022-10-16,Tehama,103,63373,13660,13624,3086,16710,209
2022-10-16,Trinity,105,12862,1397,1396,392,1788,20
2022-10-16,Tulare,107,460477,122092,121902,36519,158421,1538
2022-10-16,Tuolumne,109,53932,15627,15586,934,16520,196
2022-10-16,Ventura,111,848112,209494,209051,15856,224907,1571
2022-10-16,Yolo,113,214977,47646,47498,4475,51973,343
2022-10-16,Yuba,115,75493,18969,18934,1731,20665,129
2022-10-15,Alameda,001,1643700,349745,348487,19820,368307,2027
2022-10-15,Alpine,003,1148,136,135,1,136,0
2022-10-15,Amador,005,37829,10021,10013,929,10942,93
2022-10-15,Butte,007,227075,39713,39567,9079,48646,456
2022-10-15,Calaveras,009,45235,8544,8523,559,9082,133
2022-10-15,Colusa,011,21464,3805,3805,1285,5090,22
2022-10-15,Contra Costa,013,1133247,251792,250897,20744,271641,1440
2022-10-15,Del Norte,015,27424,7446,7440,404,7844,56
2022-10-15,El Dorado,017,186661,32455,32373,4302,36675,231
2022-10-15,Fresno,019,978130,275726,275035,31403,306438,2873
2022-10-15,Glenn,021,27897,5538,5532,1874,7406,48
2022-10-15,Humboldt,023,135768,21988,21914,5067,26981,159
2022-10-15,Imperial,025,180216,65798,65691,16029,81720,958
2022-10-15,Inyo,027,18085,4498,4492,997,5489,60
2022-10-15,Kern,029,883053,219749,219487,64178,283665,2420
2022-10-15,Kings,031,150075,59629,59560,4093,63653,459
2022-10-15,Lake,033,64148,12850,12815,1210,14025,146
2022-10-15,Lassen,035,31185,9975,9970,992,10962,65
2022-10-15,Los Angeles,037,10098052,3294352,3285385,183154,3468539,33525
2022-10-15,Madera,039,155013,44113,44078,8279,52357,375
2022-10-15,Marin,041,260295,45530,45378,5352,50730,315
2022-10-15,Mariposa,043,17540,3096,3091,363,3454,31
2022-10-15,Mendocino,045,87422,16069,16023,4518,20541,136
2022-10-15,Merced,047,269075,72531,72326,11850,84176,868
2022-10-15,Modoc,049,8938,883,882,325,1207,11
2022-10-15,Mono,051,14174,3211,3206,257,3463,7
2022-10-15,Monterey,053,433212,94319,94183,21108,115291,768
2022-10-15,Napa,055,140530,32357,32326,1428,33754,161
2022-10-15,Nevada,057,99092,19067,19023,1868,20891,132
2022-10-15,Orange,059,3164182,670035,668814,62539,731353,7473
2022-10-15,Placer,061,380077,76064,75902,9591,85493,660
2022-10-15,Plumas,063,18699,3698,3682,432,4114,13
2022-10-15,Riverside,065,2383286,697597,696402,35399,731801,6561
2022-10-15,Sacramento,067,1510023,348126,347495,33990,381485,3324
2022-10-15,San Benito,069,59416,16248,16223,981,17204,107
2022-10-15,San Bernardino,071,2135413,673237,672221,31074,703295,8148
2022-10-15,San Diego,073,3302833,928239,926574,72406,998980,5507
2022-10-15,San Francisco,075,870044,180304,179482,12110,191592,1048
2022-10-15,San Joaquin,077,732212,198107,197672,14820,212492,2322
2022-10-15,San Luis Obispo,079,281455,63416,63321,7253,70574,524
2022-10-15,San Mateo,081,765935,169719,168944,10669,179613,732
2022-10-15,Santa Barbara,083,443738,106147,105931,6947,112878,726
2022-10-15,Santa Clara,085,1922200,434594,433458,18949,452407,2513
2022-10-15,Santa Cruz,087,273765,63618,63316,3462,66778,273
2022-10-15,Shasta,089,179085,35054,34971,7491,42462,595
2022-10-15,Sierra,091,2930,306,305,60,365,5
2022-10-15,Siskiyou,093,43540,5296,5287,3320,8607,92
2022-10-15,Solano,095,438530,105530,105287,7832,113119,465
2022-10-15,Sonoma,097,501317,107426,107199,5345,112544,520
2022-10-15,Stanislaus,099,539301,138291,137994,21652,159646,1782
2022-10-15,Sutter,101,95872,24381,24357,2470,26827,233
2022-10-15,Tehama,103,63373,13658,13624,3086,16710,209
2022-10-15,Trinity,105,12862,1397,1396,392,1788,20
2022-10-15,Tulare,107,460477,122080,121902,36517,158419,1538
2022-10-15,Tuolumne,109,53932,15621,15586,934,16520,196
2022-10-15,Ventura,111,848112,209463,209051,15856,224907,1571
2022-10-15,Yolo,113,214977,47637,47498,4474,51972,343
2022-10-15,Yuba,115,75493,18968,18934,1730,20664,129
2022-10-14,Alameda,001,1643700,349670,348487,19820,368307,2027
2022-10-14,Alpine,003,1148,136,135,1,136,0
2022-10-14,Amador,005,37829,10021,10013,929,10942,93
2022-10-14,Butte,007,227075,39705,39567,9078,48645,456
2022-10-14,Calaveras,009,45235,8540,8523,559,9082,133
2022-10-14,Colusa,011,21464,3804,3805,1285,5090,22
2022-10-14,Contra Costa,013,1133247,251734,250897,20744,271641,1440
2022-10-14,Del Norte,015,27424,7446,7440,404,7844,56
2022-10-14,El Dorado,017,186661,32449,32373,4302,36675,231
2022-10-14,Fresno,019,978130,275695,275035,31403,306438,2873
2022-10-14,Glenn,021,27897,5538,5532,1874,7406,48
2022-10-14,Humboldt,023,135768,21986,21914,5065,26979,159
2022-10-14,Imperial,025,180216,65788,65691,16021,81712,958
2022-10-14,Inyo,027,18085,4498,4492,997,5489,60
2022-10-14,Kern,029,883053,219733,219487,64155,283642,2420
2022-10-14,Kings,031,150075,59623,59560,4093,63653,459
2022-10-14,Lake,033,64148,12848,12815,1210,14025,146
2022-10-14,Lassen,035,31185,9975,9970,992,10962,65
2022-10-14,Los Angeles,037,10098052,3293855,3285385,183067,3468452,33525
2022-10-14,Madera,039,155013,44108,44078,8279,52357,375
2022-10-14,Marin,041,260295,45519,45378,5351,50729,315
2022-10-14,Mariposa,043,17540,3096,3091,363,3454,31
2022-10-14,Mendocino,045,87422,16064,16023,4518,20541,136
2022-10-14,Merced,047,269075,72519,72326,11850,84176,868
2022-10-14,Modoc,049,8938,883,882,325,1207,11
2022-10-14,Mono,051,14174,3211,3206,257,3463,7
2022-10-14,Monterey,053,433212,94300,94183,21107,115290,768
2022-10-14,Napa,055,140530,32349,32326,1428,33754,161
2022-10-14,Nevada,057,99092,19060,19023,1868,20891,132
2022-10-14,Orange,059,3164182,669933,668814,62539,731353,7473
2022-10-14,Placer,061,380077,76048,75902,9588,85490,660
2022-10-14,Plumas,063,18699,3697,3682,432,4114,13
2022-10-14,Riverside,065,2383286,697503,696402,35399,731801,6561
2022-10-14,Sacramento,067,1510023,348055,347495,33990,381485,3324
2022-10-14,San Benito,069,59416,16244,16223,981,17204,107
2022-10-14,San Bernardino,071,2135413,673162,672221,31072,703293,8148
2022-10-14,San Diego,073,3302833,928028,926574,72380,998954,5507
2022-10-14,San Francisco,075,870044,180257,179482,12110,191592,1048
2022-10-14,San Joaquin,077,732212,198075,197672,14819,212491,2322
2022-10-14,San Luis Obispo,079,281455,63406,63321,7251,70572,524
2022-10-14,San Mateo,081,765935,169668,168944,10669,179613,732
2022-10-14,Santa Barbara,083,443738,106132,105931,6947,112878,726
2022-10-14,Santa Clara,085,1922200,434457,433458,18949,452407,2513
2022-10-14,Santa Cruz,087,273765,63588,63316,3461,66777,273
2022-10-14,Shasta,089,179085,35049,34971,7491,42462,595
2022-10-14,Sierra,091,2930,306,305,60,365,5
2022-10-14,Siskiyou,093,43540,5295,5287,3320,8607,92
2022-10-14,Solano,095,438530,105499,105287,7831,113118,465
2022-10-14,Sonoma,097,501317,107406,107199,5345,112544,520
2022-10-14,Stanislaus,099,539301,138268,137994,21649,159643,1782
2022-10-14,Sutter,101,95872,24374,24357,2470,26827,233
2022-10-14,Tehama,103,63373,13654,13624,3085,16709,209
2022-10-14,Trinity,105,12862,1397,1396,392,1788,20
2022-10-14,Tulare,107,460477,122064,121902,36517,158419,1538
2022-10-14,Tuolumne,109,53932,15617,15586,934,16520,196
2022-10-14,Ventura,111,848112,209416,209051,15856,224907,1571
2022-10-14,Yolo,113,214977,47627,47498,4472,51970,343
2022-10-14,Yuba,115,75493,18962,18934,1730,20664,129
2022-10-13,Alameda,001,1643700,349531,348487,19819,368306,2027
2022-10-13,Alpine,003,1148,136,135,1,136,0
2022-10-13,Amador,005,37829,10019,10013,929,10942,93
2022-10-13,Butte,007,227075,39695,39567,9077,48644,456
2022-10-13,Calaveras,009,45235,8538,8523,559,9082,133
2022-10-13,Colusa,011,21464,3804,3805,1285,5090,22
2022-10-13,Contra Costa,013,1133247,251648,250897,20744,271641,1440
2022-10-13,Del Norte,015,27424,7445,7440,404,7844,56
2022-10-13,El Dorado,017,186661,32443,32373,4302,36675,231
2022-10-13,Fresno,019,978130,275653,275035,31403,306438,2873
2022-10-13,Glenn,021,27897,5538,5532,1874,7406,48
2022-10-13,Humboldt,023,135768,21975,21914,5065,26979,159
2022-10-13,Imperial,025,180216,65774,65691,16009,81700,958
2022-10-13,Inyo,027,18085,4497,4492,997,5489,60
2022-10-13,Kern,029,883053,219701,219487,64125,283612,2420
2022-10-13,Kings,031,150075,59615,59560,4093,63653,459
2022-10-13,Lake,033,64148,12846,12815,1210,14025,146
2022-10-13,Lassen,035,31185,9974,9970,992,10962,65
2022-10-13,Los Angeles,037,10098052,3293119,3285385,182938,3468323,33525
2022-10-13,Madera,039,155013,44102,44078,8279,52357,375
2022-10-13,Marin,041,260295,45489,45378,5346,50724,315
2022-10-13,Mariposa,043,17540,3095,3091,363,3454,31
2022-10-13,Mendocino,045,87422,16058,16023,4518,20541,136
2022-10-13,Merced,047,269075,72505,72326,11848,84174,868
2022-10-13,Modoc,049,8938,883,882,325,1207,11
2022-10-13,Mono,051,14174,3210,3206,257,3463,7
2022-10-13,Monterey,053,433212,94288,94183,21103,115286,768
2022-10-13,Napa,055,140530,32335,32326,1427,33753,161
2022-10-13,Nevada,057,99092,19050,19023,1868,20891,132
2022-10-13,Orange,059,3164182,669782,668814,62533,731347,7473
2022-10-13,Placer,061,380077,76034,75902,9585,85487,660
2022-10-13,Plumas,063,18699,3695,3682,432,4114,13
2022-10-13,Riverside,065,2383286,697380,696402,35399,731801,6561
2022-10-13,Sacramento,067,1510023,347936,347495,33990,381485,3324
2022-10-13,San Benito,069,59416,16243,16223,981,17204,107
2022-10-13,San Bernardino,071,2135413,673070,672221,31071,703292,8148
2022-10-13,San Diego,073,3302833,927825,926574,72355,998929,5507
2022-10-13,San Francisco,075,870044,180168,179482,12110,191592,1048
2022-10-13,San Joaquin,077,732212,198032,197672,14819,212491,2322
2022-10-13,San Luis Obispo,079,281455,63400,63321,7244,70565,524
2022-10-13,San Mateo,081,765935,169576,168944,10669,179613,732
2022-10-13,Santa Barbara,083,443738,106111,105931,6946,112877,726
2022-10-13,Santa Clara,085,1922200,434317,433458,18949,452407,2513
2022-10-13,Santa Cruz,087,273765,63563,63316,3460,66776,273
2022-10-13,Shasta,089,179085,35039,34971,7491,42462,595
2022-10-13,Sierra,091,2930,306,305,60,365,5
2022-10-13,Siskiyou,093,43540,5292,5287,3320,8607,92
2022-10-13,Solano,095,438530,105462,105287,7830,113117,465
2022-10-13,Sonoma,097,501317,107371,107199,5345,112544,520
2022-10-13,Stanislaus,099,539301,138237,137994,21649,159643,1782
2022-10-13,Sutter,101,95872,24370,24357,2470,26827,233
2022-10-13,Tehama,103,63373,13651,13624,3085,16709,209
2022-10-13,Trinity,105,12862,1397,1396,392,1788,20
2022-10-13,Tulare,107,460477,122050,121902,36516,158418,1538
2022-10-13,Tuolumne,109,53932,15610,15586,934,16520,196
2022-10-13,Ventura,111,848112,209369,209051,15856,224907,1571
2022-10-13,Yolo,113,214977,47609,47498,4472,51970,343
2022-10-13,Yuba,115,75493,18956,18934,1730,20664,129
2022-10-12,Alameda,001,1643700,349411,348487,19819,368306,2027
2022-10-12,Alpine,003,1148,135,135,1,136,0
2022-10-12,Amador,005,37829,10017,10013,929,10942,93
2022-10-12,Butte,007,227075,39686,39567,9077,48644,456
2022-10-12,Calaveras,009,45235,8533,8523,559,9082,133
2022-10-12,Colusa,011,21464,3804,3805,1285,5090,22
2022-10-12,Contra Costa,013,1133247,251559,250897,20743,271640,1440
2022-10-12,Del Norte,015,27424,7445,7440,404,7844,56
2022-10-12,El Dorado,017,186661,32436,32373,4302,36675,231
2022-10-12,Fresno,019,978130,275610,275035,31403,306438,2873
2022-10-12,Glenn,021,27897,5537,5532,1874,7406,48
2022-10-12,Humboldt,023,135768,21970,21914,5064,26978,159
2022-10-12,Imperial,025,180216,65754,65691,16000,81691,958
2022-10-12,Inyo,027,18085,4496,4492,997,5489,60
2022-10-12,Kern,029,883053,219664,219487,64097,283584,2420
2022-10-12,Kings,031,150075,59610,59560,4093,63653,459
2022-10-12,Lake,033,64148,12837,12815,1210,14025,146
2022-10-12,Lassen,035,31185,9971,9970,992,10962,65
2022-10-12,Los Angeles,037,10098052,3292377,3285385,182804,3468189,33525
2022-10-12,Madera,039,155013,44092,44078,8279,52357,375
2022-10-12,Marin,041,260295,45470,45378,5343,50721,315
2022-10-12,Mariposa,043,17540,3094,3091,363,3454,31
2022-10-12,Mendocino,045,87422,16056,16023,4518,20541,136
2022-10-12,Merced,047,269075,72483,72326,11847,84173,868
2022-10-12,Modoc,049,8938,883,882,325,1207,11
2022-10-12,Mono,051,14174,3209,3206,257,3463,7
2022-10-12,Monterey,053,433212,94271,94183,21102,115285,768
2022-10-12,Napa,055,140530,32325,32326,1427,33753,161
2022-10-12,Nevada,057,99092,19043,19023,1868,20891,132
2022-10-12,Orange,059,3164182,669615,668814,62528,731342,7473
2022-10-12,Placer,061,380077,76022,75902,9584,85486,660
2022-10-12,Plumas,063,18699,3693,3682,432,4114,13
2022-10-12,Riverside,065,2383286,697258,696402,35399,731801,6561
2022-10-12,Sacramento,067,1510023,347843,347495,33990,381485,3324
2022-10-12,San Benito,069,59416,16238,16223,980,17203,107
2022-10-12,San Bernardino,071,2135413,672944,672221,31070,703291,8148
2022-10-12,San Diego,073,3302833,927570,926574,72317,998891,5507
2022-10-12,San Francisco,075,870044,180095,179482,12110,191592,1048
2022-10-12,San Joaquin,077,732212,197976,197672,14815,212487,2322
2022-10-12,San Luis Obispo,079,281455,63388,63321,7241,70562,524
2022-10-12,San Mateo,081,765935,169495,168944,10669,179613,732
2022-10-12,Santa Barbara,083,443738,106096,105931,6945,112876,726
2022-10-12,Santa Clara,085,1922200,434136,433458,18949,452407,2513
2022-10-12,Santa Cruz,087,273765,63526,63316,3460,66776,273
2022-10-12,Shasta,089,179085,35025,34971,7491,42462,595
2022-10-12,Sierra,091,2930,306,305,60,365,5
2022-10-12,Siskiyou,093,43540,5292,5287,3320,8607,92
2022-10-12,Solano,095,438530,105420,105287,7830,113117,465
2022-10-12,Sonoma,097,501317,107340,107199,5345,112544,520
2022-10-12,Stanislaus,099,539301,138191,137994,21645,159639,1782
2022-10-12,Sutter,101,95872,24364,24357,2470,26827,233
2022-10-12,Tehama,103,63373,13649,13624,3085,16709,209
2022-10-12,Trinity,105,12862,1397,1396,392,1788,20
2022-10-12,Tulare,107,460477,122026,121902,36515,158417,1538
2022-10-12,Tuolumne,109,53932,15606,15586,934,16520,196
2022-10-12,Ventura,111,848112,209320,209051,15856,224907,1571
2022-10-12,Yolo,113,214977,47590,47498,4471,51969,343
2022-10-12,Yuba,115,75493,18949,18934,1730,20664,129
2022-10-11,Alameda,001,1643700,349252,348487,19819,368306,2027
2022-10-11,Alpine,003,1148,135,135,1,136,0
2022-10-11,Amador,005,37829,10015,10013,929,10942,93
2022-10-11,Butte,007,227075,39671,39567,9076,48643,456
2022-10-11,Calaveras,009,45235,8529,8523,559,9082,133
2022-10-11,Colusa,011,21464,3803,3805,1285,5090,22
2022-10-11,Contra Costa,013,1133247,251448,250897,20743,271640,1440
2022-10-11,Del Norte,015,27424,7441,7440,404,7844,56
2022-10-11,El Dorado,017,186661,32421,32373,4302,36675,231
2022-10-11,Fresno,019,978130,275556,275035,31402,306437,2873
2022-10-11,Glenn,021,27897,5536,5532,1873,7405,48
2022-10-11,Humboldt,023,135768,21964,21914,5060,26974,159
2022-10-11,Imperial,025,180216,65741,65691,15982,81673,958
2022-10-11,Inyo,027,18085,4494,4492,997,5489,60
2022-10-11,Kern,029,883053,219640,219487,64079,283566,2420
2022-10-11,Kings,031,150075,59596,59560,4091,63651,459
2022-10-11,Lake,033,64148,12833,12815,1210,14025,146
2022-10-11,Lassen,035,31185,9970,9970,992,10962,65
2022-10-11,Los Angeles,037,10098052,3291558,3285385,182676,3468061,33525
2022-10-11,Madera,039,155013,44085,44078,8279,52357,375
2022-10-11,Marin,041,260295,45452,45378,5340,50718,315
2022-10-11,Mariposa,043,17540,3093,3091,363,3454,31
2022-10-11,Mendocino,045,87422,16051,16023,4518,20541,136
2022-10-11,Merced,047,269075,72458,72326,11846,84172,868
2022-10-11,Modoc,049,8938,882,882,325,1207,11
2022-10-11,Mono,051,14174,3209,3206,257,3463,7
2022-10-11,Monterey,053,433212,94261,94183,21100,115283,768
2022-10-11,Napa,055,140530,32321,32326,1427,33753,161
2022-10-11,Nevada,057,99092,19034,19023,1868,20891,132
2022-10-11,Orange,059,3164182,669445,668814,62525,731339,7473
2022-10-11,Placer,061,380077,76002,75902,9583,85485,660
2022-10-11,Plumas,063,18699,3693,3682,432,4114,13
2022-10-11,Riverside,065,2383286,697127,696402,35398,731800,6561
2022-10-11,Sacramento,067,1510023,347697,347495,33990,381485,3324
2022-10-11,San Benito,069,59416,16232,16223,979,17202,107
2022-10-11,San Bernardino,071,2135413,672809,672221,31068,703289,8148
2022-10-11,San Diego,073,3302833,927290,926574,72283,998857,5507
2022-10-11,San Francisco,075,870044,180004,179482,12110,191592,1048
2022-10-11,San Joaquin,077,732212,197934,197672,14814,212486,2322
2022-10-11,San Luis Obispo,079,281455,63368,63321,7231,70552,524
2022-10-11,San Mateo,081,765935,169418,168944,10669,179613,732
2022-10-11,Santa Barbara,083,443738,106067,105931,6945,112876,726
2022-10-11,Santa Clara,085,1922200,433964,433458,18949,452407,2513
2022-10-11,Santa Cruz,087,273765,63484,63316,3460,66776,273
2022-10-11,Shasta,089,179085,35014,34971,7491,42462,595
2022-10-11,Sierra,091,2930,306,305,60,365,5
2022-10-11,Siskiyou,093,43540,5291,5287,3320,8607,92
2022-10-11,Solano,095,438530,105384,105287,7830,113117,465
2022-10-11,Sonoma,097,501317,107298,107199,5345,112544,520
2022-10-11,Stanislaus,099,539301,138159,137994,21643,159637,1782
2022-10-11,Sutter,101,95872,24360,24357,2470,26827,233
2022-10-11,Tehama,103,63373,13648,13624,3084,16708,209
2022-10-11,Trinity,105,12862,1397,1396,392,1788,20
2022-10-11,Tulare,107,460477,122002,121902,36514,158416,1538
2022-10-11,Tuolumne,109,53932,15599,15586,934,16520,196
2022-10-11,Ventura,111,848112,209270,209051,15856,224907,1571
2022-10-11,Yolo,113,214977,47583,47498,4467,51965,343
2022-10-11,Yuba,115,75493,18939,18934,1729,20663,129
2022-10-10,Alameda,001,1643700,349108,347497,19819,367316,2023
2022-10-10,Alpine,003,1148,135,135,1,136,0
2022-10-10,Amador,005,37829,10012,9999,929,10928,93
2022-10-10,Butte,007,227075,39660,39453,9075,48528,454
2022-10-10,Calaveras,009,45235,8529,8511,559,9070,133
2022-10-10,Colusa,011,21464,3802,3794,1285,5079,22
2022-10-10,Contra Costa,013,1133247,251331,250136,20742,270878,1430
2022-10-10,Del Norte,015,27424,7438,7433,404,7837,56
2022-10-10,El Dorado,017,186661,32408,32320,4300,36620,231
2022-10-10,Fresno,019,978130,275498,274628,31402,306030,2865
2022-10-10,Glenn,021,27897,5535,5510,1873,7383,48
2022-10-10,Humboldt,023,135768,21945,21831,5059,26890,159
2022-10-10,Imperial,025,180216,65723,65532,15965,81497,958
2022-10-10,Inyo,027,18085,4493,4489,997,5486,59
2022-10-10,Kern,029,883053,219597,219191,64053,283244,2418
2022-10-10,Kings,031,150075,59587,59489,4091,63580,458
2022-10-10,Lake,033,64148,12829,12795,1210,14005,147
2022-10-10,Lassen,035,31185,9970,9967,992,10959,65
2022-10-10,Los Angeles,037,10098052,3290691,3278961,182520,3461481,33467
2022-10-10,Madera,039,155013,44074,44029,8279,52308,374
2022-10-10,Marin,041,260295,45435,45190,5336,50526,313
2022-10-10,Mariposa,043,17540,3092,3088,363,3451,31
2022-10-10,Mendocino,045,87422,16040,15992,4518,20510,136
2022-10-10,Merced,047,269075,72440,72236,11845,84081,865
2022-10-10,Modoc,049,8938,882,876,325,1201,11
2022-10-10,Mono,051,14174,3207,3205,257,3462,7
2022-10-10,Monterey,053,433212,94245,94111,21100,115211,766
2022-10-10,Napa,055,140530,32310,32258,1427,33685,160
2022-10-10,Nevada,057,99092,19030,18989,1868,20857,132
2022-10-10,Orange,059,3164182,669260,667297,62524,729821,7452
2022-10-10,Placer,061,380077,75979,75768,9580,85348,660
2022-10-10,Plumas,063,18699,3692,3669,432,4101,13
2022-10-10,Riverside,065,2383286,696972,695315,35397,730712,6567
2022-10-10,Sacramento,067,1510023,347581,346748,33962,380710,3310
2022-10-10,San Benito,069,59416,16228,16188,979,17167,106
2022-10-10,San Bernardino,071,2135413,672656,670906,31067,701973,8116
2022-10-10,San Diego,073,3302833,927027,924672,72241,996913,5498
2022-10-10,San Francisco,075,870044,179918,178943,12110,191053,1045
2022-10-10,San Joaquin,077,732212,197877,197390,14813,212203,2319
2022-10-10,San Luis Obispo,079,281455,63346,63219,7230,70449,524
2022-10-10,San Mateo,081,765935,169331,168413,10669,179082,737
2022-10-10,Santa Barbara,083,443738,106025,105695,6945,112640,725
2022-10-10,Santa Clara,085,1922200,433762,432327,18949,451276,2506
2022-10-10,Santa Cruz,087,273765,63450,63099,3460,66559,273
2022-10-10,Shasta,089,179085,34999,34904,7491,42395,593
2022-10-10,Sierra,091,2930,306,305,60,365,5
2022-10-10,Siskiyou,093,43540,5288,5272,3320,8592,92
2022-10-10,Solano,095,438530,105338,105042,7829,112871,465
2022-10-10,Sonoma,097,501317,107264,106940,5345,112285,520
2022-10-10,Stanislaus,099,539301,138118,137838,21640,159478,1781
2022-10-10,Sutter,101,95872,24351,24326,2470,26796,232
2022-10-10,Tehama,103,63373,13644,13603,3084,16687,210
2022-10-10,Trinity,105,12862,1397,1394,392,1786,20
2022-10-10,Tulare,107,460477,121985,121787,36507,158294,1531
2022-10-10,Tuolumne,109,53932,15593,15558,934,16492,196
2022-10-10,Ventura,111,848112,209201,208632,15856,224488,1567
2022-10-10,Yolo,113,214977,47560,47422,4467,51889,341
2022-10-10,Yuba,115,75493,18933,18914,1729,20643,129
2022-10-09,Alameda,001,1643700,348955,347497,19818,367315,2023
2022-10-09,Alpine,003,1148,135,135,1,136,0
2022-10-09,Amador,005,37829,10010,9999,929,10928,93
2022-10-09,Butte,007,227075,39652,39453,9075,48528,454
2022-10-09,Calaveras,009,45235,8526,8511,559,9070,133
2022-10-09,Colusa,011,21464,3802,3794,1285,5079,22
2022-10-09,Contra Costa,013,1133247,251223,250136,20741,270877,1430
2022-10-09,Del Norte,015,27424,7437,7433,404,7837,56
2022-10-09,El Dorado,017,186661,32401,32320,4300,36620,231
2022-10-09,Fresno,019,978130,275407,274628,31401,306029,2865
2022-10-09,Glenn,021,27897,5532,5510,1873,7383,48
2022-10-09,Humboldt,023,135768,21932,21831,5057,26888,159
2022-10-09,Imperial,025,180216,65693,65532,15945,81477,958
2022-10-09,Inyo,027,18085,4493,4489,997,5486,59
2022-10-09,Kern,029,883053,219566,219191,63999,283190,2418
2022-10-09,Kings,031,150075,59570,59489,4091,63580,458
2022-10-09,Lake,033,64148,12822,12795,1210,14005,147
2022-10-09,Lassen,035,31185,9970,9967,992,10959,65
2022-10-09,Los Angeles,037,10098052,3289717,3278961,182371,3461332,33467
2022-10-09,Madera,039,155013,44064,44029,8279,52308,374
2022-10-09,Marin,041,260295,45402,45190,5332,50522,313
2022-10-09,Mariposa,043,17540,3090,3088,363,3451,31
2022-10-09,Mendocino,045,87422,16034,15992,4518,20510,136
2022-10-09,Merced,047,269075,72422,72236,11842,84078,865
2022-10-09,Modoc,049,8938,882,876,325,1201,11
2022-10-09,Mono,051,14174,3207,3205,257,3462,7
2022-10-09,Monterey,053,433212,94229,94111,21099,115210,766
2022-10-09,Napa,055,140530,32297,32258,1426,33684,160
2022-10-09,Nevada,057,99092,19024,18989,1868,20857,132
2022-10-09,Orange,059,3164182,669043,667297,62515,729812,7452
2022-10-09,Placer,061,380077,75964,75768,9578,85346,660
2022-10-09,Plumas,063,18699,3690,3669,432,4101,13
2022-10-09,Riverside,065,2383286,696790,695315,35397,730712,6567
2022-10-09,Sacramento,067,1510023,347432,346748,33962,380710,3310
2022-10-09,San Benito,069,59416,16226,16188,979,17167,106
2022-10-09,San Bernardino,071,2135413,672503,670906,31067,701973,8116
2022-10-09,San Diego,073,3302833,926750,924672,72208,996880,5498
2022-10-09,San Francisco,075,870044,179827,178943,12110,191053,1045
2022-10-09,San Joaquin,077,732212,197799,197390,14812,212202,2319
2022-10-09,San Luis Obispo,079,281455,63340,63219,7228,70447,524
2022-10-09,San Mateo,081,765935,169226,168413,10669,179082,737
2022-10-09,Santa Barbara,083,443738,105991,105695,6945,112640,725
2022-10-09,Santa Clara,085,1922200,433557,432327,18949,451276,2506
2022-10-09,Santa Cruz,087,273765,63385,63099,3459,66558,273
2022-10-09,Shasta,089,179085,34976,34904,7491,42395,593
2022-10-09,Sierra,091,2930,306,305,60,365,5
2022-10-09,Siskiyou,093,43540,5288,5272,3319,8591,92
2022-10-09,Solano,095,438530,105283,105042,7829,112871,465
2022-10-09,Sonoma,097,501317,107217,106940,5345,112285,520
2022-10-09,Stanislaus,099,539301,138094,137838,21633,159471,1781
2022-10-09,Sutter,101,95872,24340,24326,2470,26796,232
2022-10-09,Tehama,103,63373,13642,13603,3084,16687,210
2022-10-09,Trinity,105,12862,1397,1394,392,1786,20
2022-10-09,Tulare,107,460477,121961,121787,36504,158291,1531
2022-10-09,Tuolumne,109,53932,15586,15558,934,16492,196
2022-10-09,Ventura,111,848112,209155,208632,15856,224488,1567
2022-10-09,Yolo,113,214977,47537,47422,4463,51885,341
2022-10-09,Yuba,115,75493,18930,18914,1729,20643,129
2022-10-08,Alameda,001,1643700,348868,347497,19818,367315,2023
2022-10-08,Alpine,003,1148,135,135,1,136,0
2022-10-08,Amador,005,37829,10009,9999,929,10928,93
2022-10-08,Butte,007,227075,39647,39453,9074,48527,454
2022-10-08,Calaveras,009,45235,8524,8511,559,9070,133
2022-10-08,Colusa,011,21464,3801,3794,1285,5079,22
2022-10-08,Contra Costa,013,1133247,251148,250136,20741,270877,1430
2022-10-08,Del Norte,015,27424,7437,7433,404,7837,56
2022-10-08,El Dorado,017,186661,32392,32320,4300,36620,231
2022-10-08,Fresno,019,978130,275379,274628,31401,306029,2865
2022-10-08,Glenn,021,27897,5531,5510,1873,7383,48
2022-10-08,Humboldt,023,135768,21922,21831,5056,26887,159
2022-10-08,Imperial,025,180216,65668,65532,15939,81471,958
2022-10-08,Inyo,027,18085,4493,4489,995,5484,59
2022-10-08,Kern,029,883053,219533,219191,63980,283171,2418
2022-10-08,Kings,031,150075,59566,59489,4091,63580,458
2022-10-08,Lake,033,64148,12819,12795,1210,14005,147
2022-10-08,Lassen,035,31185,9970,9967,992,10959,65
2022-10-08,Los Angeles,037,10098052,3289163,3278961,182293,3461254,33467
2022-10-08,Madera,039,155013,44059,44029,8279,52308,374
2022-10-08,Marin,041,260295,45382,45190,5326,50516,313
2022-10-08,Mariposa,043,17540,3090,3088,363,3451,31
2022-10-08,Mendocino,045,87422,16034,15992,4518,20510,136
2022-10-08,Merced,047,269075,72412,72236,11841,84077,865
2022-10-08,Modoc,049,8938,880,876,325,1201,11
2022-10-08,Mono,051,14174,3207,3205,257,3462,7
2022-10-08,Monterey,053,433212,94219,94111,21099,115210,766
2022-10-08,Napa,055,140530,32290,32258,1426,33684,160
2022-10-08,Nevada,057,99092,19023,18989,1868,20857,132
2022-10-08,Orange,059,3164182,668930,667297,62513,729810,7452
2022-10-08,Placer,061,380077,75944,75768,9576,85344,660
2022-10-08,Plumas,063,18699,3689,3669,432,4101,13
2022-10-08,Riverside,065,2383286,696693,695315,35397,730712,6567
2022-10-08,Sacramento,067,1510023,347376,346748,33962,380710,3310
2022-10-08,San Benito,069,59416,16223,16188,979,17167,106
2022-10-08,San Bernardino,071,2135413,672427,670906,31065,701971,8116
2022-10-08,San Diego,073,3302833,926617,924672,72194,996866,5498
2022-10-08,San Francisco,075,870044,179779,178943,12110,191053,1045
2022-10-08,San Joaquin,077,732212,197764,197390,14809,212199,2319
2022-10-08,San Luis Obispo,079,281455,63334,63219,7227,70446,524
2022-10-08,San Mateo,081,765935,169176,168413,10669,179082,737
2022-10-08,Santa Barbara,083,443738,105967,105695,6944,112639,725
2022-10-08,Santa Clara,085,1922200,433441,432327,18949,451276,2506
2022-10-08,Santa Cruz,087,273765,63363,63099,3459,66558,273
2022-10-08,Shasta,089,179085,34970,34904,7491,42395,593
2022-10-08,Sierra,091,2930,306,305,60,365,5
2022-10-08,Siskiyou,093,43540,5288,5272,3319,8591,92
2022-10-08,Solano,095,438530,105263,105042,7829,112871,465
2022-10-08,Sonoma,097,501317,107188,106940,5345,112285,520
2022-10-08,Stanislaus,099,539301,138078,137838,21631,159469,1781
2022-10-08,Sutter,101,95872,24337,24326,2470,26796,232
2022-10-08,Tehama,103,63373,13641,13603,3084,16687,210
2022-10-08,Trinity,105,12862,1397,1394,392,1786,20
2022-10-08,Tulare,107,460477,121938,121787,36503,158290,1531
2022-10-08,Tuolumne,109,53932,15581,15558,934,16492,196
2022-10-08,Ventura,111,848112,209122,208632,15856,224488,1567
2022-10-08,Yolo,113,214977,47526,47422,4462,51884,341
2022-10-08,Yuba,115,75493,18927,18914,1729,20643,129
2022-10-07,Alameda,001,1643700,348749,347497,19818,367315,2023
2022-10-07,Alpine,003,1148,135,135,1,136,0
2022-10-07,Amador,005,37829,10007,9999,929,10928,93
2022-10-07,Butte,007,227075,39646,39453,9074,48527,454
2022-10-07,Calaveras,009,45235,8523,8511,559,9070,133
2022-10-07,Colusa,011,21464,3801,3794,1284,5078,22
2022-10-07,Contra Costa,013,1133247,251069,250136,20741,270877,1430
2022-10-07,Del Norte,015,27424,7437,7433,404,7837,56
2022-10-07,El Dorado,017,186661,32383,32320,4300,36620,231
2022-10-07,Fresno,019,978130,275349,274628,31401,306029,2865
2022-10-07,Glenn,021,27897,5530,5510,1872,7382,48
2022-10-07,Humboldt,023,135768,21917,21831,5052,26883,159
2022-10-07,Imperial,025,180216,65656,65532,15933,81465,958
2022-10-07,Inyo,027,18085,4492,4489,995,5484,59
2022-10-07,Kern,029,883053,219503,219191,63952,283143,2418
2022-10-07,Kings,031,150075,59558,59489,4091,63580,458
2022-10-07,Lake,033,64148,12815,12795,1210,14005,147
2022-10-07,Lassen,035,31185,9970,9967,992,10959,65
2022-10-07,Los Angeles,037,10098052,3288558,3278961,182187,3461148,33467
2022-10-07,Madera,039,155013,44056,44029,8279,52308,374
2022-10-07,Marin,041,260295,45363,45190,5326,50516,313
2022-10-07,Mariposa,043,17540,3087,3088,363,3451,31
2022-10-07,Mendocino,045,87422,16030,15992,4518,20510,136
2022-10-07,Merced,047,269075,72407,72236,11840,84076,865
2022-10-07,Modoc,049,8938,880,876,325,1201,11
2022-10-07,Mono,051,14174,3206,3205,257,3462,7
2022-10-07,Monterey,053,433212,94204,94111,21098,115209,766
2022-10-07,Napa,055,140530,32282,32258,1426,33684,160
2022-10-07,Nevada,057,99092,19022,18989,1868,20857,132
2022-10-07,Orange,059,3164182,668814,667297,62511,729808,7452
2022-10-07,Placer,061,380077,75925,75768,9574,85342,660
2022-10-07,Plumas,063,18699,3686,3669,432,4101,13
2022-10-07,Riverside,065,2383286,696605,695315,35397,730712,6567
2022-10-07,Sacramento,067,1510023,347292,346748,33961,380709,3310
2022-10-07,San Benito,069,59416,16221,16188,979,17167,106
2022-10-07,San Bernardino,071,2135413,672345,670906,31065,701971,8116
2022-10-07,San Diego,073,3302833,926445,924672,72173,996845,5498
2022-10-07,San Francisco,075,870044,179718,178943,12110,191053,1045
2022-10-07,San Joaquin,077,732212,197731,197390,14809,212199,2319
2022-10-07,San Luis Obispo,079,281455,63323,63219,7226,70445,524
2022-10-07,San Mateo,081,765935,169107,168413,10669,179082,737
2022-10-07,Santa Barbara,083,443738,105942,105695,6944,112639,725
2022-10-07,Santa Clara,085,1922200,433313,432327,18949,451276,2506
2022-10-07,Santa Cruz,087,273765,63331,63099,3458,66557,273
2022-10-07,Shasta,089,179085,34964,34904,7491,42395,593
2022-10-07,Sierra,091,2930,306,305,60,365,5
2022-10-07,Siskiyou,093,43540,5287,5272,3319,8591,92
2022-10-07,Solano,095,438530,105234,105042,7828,112870,465
2022-10-07,Sonoma,097,501317,107161,106940,5344,112284,520
2022-10-07,Stanislaus,099,539301,138061,137838,21630,159468,1781
2022-10-07,Sutter,101,95872,24330,24326,2470,26796,232
2022-10-07,Tehama,103,63373,13641,13603,3084,16687,210
2022-10-07,Trinity,105,12862,1396,1394,392,1786,20
2022-10-07,Tulare,107,460477,121923,121787,36502,158289,1531
2022-10-07,Tuolumne,109,53932,15577,15558,934,16492,196
2022-10-07,Ventura,111,848112,209081,208632,15856,224488,1567
2022-10-07,Yolo,113,214977,47519,47422,4458,51880,341
2022-10-07,Yuba,115,75493,18927,18914,1729,20643,129
2022-10-06,Alameda,001,1643700,348614,347497,19818,367315,2023
2022-10-06,Alpine,003,1148,135,135,1,136,0
2022-10-06,Amador,005,37829,10005,9999,929,10928,93
2022-10-06,Butte,007,227075,39637,39453,9073,48526,454
2022-10-06,Calaveras,009,45235,8521,8511,559,9070,133
2022-10-06,Colusa,011,21464,3801,3794,1284,5078,22
2022-10-06,Contra Costa,013,1133247,250981,250136,20741,270877,1430
2022-10-06,Del Norte,015,27424,7435,7433,404,7837,56
2022-10-06,El Dorado,017,186661,32373,32320,4299,36619,231
2022-10-06,Fresno,019,978130,275302,274628,31401,306029,2865
2022-10-06,Glenn,021,27897,5529,5510,1871,7381,48
2022-10-06,Humboldt,023,135768,21906,21831,5048,26879,159
2022-10-06,Imperial,025,180216,65633,65532,15924,81456,958
2022-10-06,Inyo,027,18085,4492,4489,995,5484,59
2022-10-06,Kern,029,883053,219474,219191,63934,283125,2418
2022-10-06,Kings,031,150075,59544,59489,4091,63580,458
2022-10-06,Lake,033,64148,12814,12795,1210,14005,147
2022-10-06,Lassen,035,31185,9970,9967,992,10959,65
2022-10-06,Los Angeles,037,10098052,3287721,3278961,182049,3461010,33467
2022-10-06,Madera,039,155013,44047,44029,8279,52308,374
2022-10-06,Marin,041,260295,45345,45190,5325,50515,313
2022-10-06,Mariposa,043,17540,3087,3088,363,3451,31
2022-10-06,Mendocino,045,87422,16029,15992,4518,20510,136
2022-10-06,Merced,047,269075,72395,72236,11840,84076,865
2022-10-06,Modoc,049,8938,879,876,325,1201,11
2022-10-06,Mono,051,14174,3206,3205,257,3462,7
2022-10-06,Monterey,053,433212,94195,94111,21097,115208,766
2022-10-06,Napa,055,140530,32275,32258,1426,33684,160
2022-10-06,Nevada,057,99092,19016,18989,1868,20857,132
2022-10-06,Orange,059,3164182,668622,667297,62505,729802,7452
2022-10-06,Placer,061,380077,75906,75768,9572,85340,660
2022-10-06,Plumas,063,18699,3684,3669,432,4101,13
2022-10-06,Riverside,065,2383286,696474,695315,35396,730711,6567
2022-10-06,Sacramento,067,1510023,347185,346748,33960,380708,3310
2022-10-06,San Benito,069,59416,16218,16188,978,17166,106
2022-10-06,San Bernardino,071,2135413,672213,670906,31062,701968,8116
2022-10-06,San Diego,073,3302833,926196,924672,72121,996793,5498
2022-10-06,San Francisco,075,870044,179639,178943,12110,191053,1045
2022-10-06,San Joaquin,077,732212,197680,197390,14805,212195,2319
2022-10-06,San Luis Obispo,079,281455,63305,63219,7225,70444,524
2022-10-06,San Mateo,081,765935,169042,168413,10668,179081,737
2022-10-06,Santa Barbara,083,443738,105917,105695,6944,112639,725
2022-10-06,Santa Clara,085,1922200,433152,432327,18949,451276,2506
2022-10-06,Santa Cruz,087,273765,63292,63099,3458,66557,273
2022-10-06,Shasta,089,179085,34953,34904,7491,42395,593
2022-10-06,Sierra,091,2930,306,305,60,365,5
2022-10-06,Siskiyou,093,43540,5285,5272,3319,8591,92
2022-10-06,Solano,095,438530,105204,105042,7828,112870,465
2022-10-06,Sonoma,097,501317,107136,106940,5343,112283,520
2022-10-06,Stanislaus,099,539301,138032,137838,21628,159466,1781
2022-10-06,Sutter,101,95872,24321,24326,2470,26796,232
2022-10-06,Tehama,103,63373,13635,13603,3084,16687,210
2022-10-06,Trinity,105,12862,1396,1394,392,1786,20
2022-10-06,Tulare,107,460477,121907,121787,36501,158288,1531
2022-10-06,Tuolumne,109,53932,15574,15558,934,16492,196
2022-10-06,Ventura,111,848112,209022,208632,15855,224487,1567
2022-10-06,Yolo,113,214977,47508,47422,4455,51877,341
2022-10-06,Yuba,115,75493,18925,18914,1729,20643,129
2022-10-05,Alameda,001,1643700,348455,347497,19817,367314,2023
2022-10-05,Alpine,003,1148,135,135,1,136,0
2022-10-05,Amador,005,37829,10003,9999,929,10928,93
2022-10-05,Butte,007,227075,39630,39453,9073,48526,454
2022-10-05,Calaveras,009,45235,8519,8511,559,9070,133
2022-10-05,Colusa,011,21464,3800,3794,1284,5078,22
2022-10-05,Contra Costa,013,1133247,250891,250136,20740,270876,1430
2022-10-05,Del Norte,015,27424,7432,7433,404,7837,56
2022-10-05,El Dorado,017,186661,32361,32320,4299,36619,231
2022-10-05,Fresno,019,978130,275233,274628,31401,306029,2865
2022-10-05,Glenn,021,27897,5529,5510,1870,7380,48
2022-10-05,Humboldt,023,135768,21892,21831,5047,26878,159
2022-10-05,Imperial,025,180216,65610,65532,15910,81442,958
2022-10-05,Inyo,027,18085,4492,4489,995,5484,59
2022-10-05,Kern,029,883053,219428,219191,63903,283094,2418
2022-10-05,Kings,031,150075,59535,59489,4090,63579,458
2022-10-05,Lake,033,64148,12812,12795,1210,14005,147
2022-10-05,Lassen,035,31185,9970,9967,992,10959,65
2022-10-05,Los Angeles,037,10098052,3286891,3278961,181902,3460863,33467
2022-10-05,Madera,039,155013,44039,44029,8279,52308,374
2022-10-05,Marin,041,260295,45320,45190,5320,50510,313
2022-10-05,Mariposa,043,17540,3086,3088,363,3451,31
2022-10-05,Mendocino,045,87422,16027,15992,4518,20510,136
2022-10-05,Merced,047,269075,72383,72236,11838,84074,865
2022-10-05,Modoc,049,8938,879,876,325,1201,11
2022-10-05,Mono,051,14174,3206,3205,257,3462,7
2022-10-05,Monterey,053,433212,94181,94111,21097,115208,766
2022-10-05,Napa,055,140530,32266,32258,1426,33684,160
2022-10-05,Nevada,057,99092,19008,18989,1868,20857,132
2022-10-05,Orange,059,3164182,668443,667297,62500,729797,7452
2022-10-05,Placer,061,380077,75887,75768,9570,85338,660
2022-10-05,Plumas,063,18699,3681,3669,432,4101,13
2022-10-05,Riverside,065,2383286,696329,695315,35394,730709,6567
2022-10-05,Sacramento,067,1510023,347098,346748,33960,380708,3310
2022-10-05,San Benito,069,59416,16215,16188,978,17166,106
2022-10-05,San Bernardino,071,2135413,672057,670906,31062,701968,8116
2022-10-05,San Diego,073,3302833,925971,924672,72094,996766,5498
2022-10-05,San Francisco,075,870044,179545,178943,12110,191053,1045
2022-10-05,San Joaquin,077,732212,197637,197390,14800,212190,2319
2022-10-05,San Luis Obispo,079,281455,63301,63219,7225,70444,524
2022-10-05,San Mateo,081,765935,168964,168413,10668,179081,737
2022-10-05,Santa Barbara,083,443738,105890,105695,6944,112639,725
2022-10-05,Santa Clara,085,1922200,432977,432327,18949,451276,2506
2022-10-05,Santa Cruz,087,273765,63260,63099,3458,66557,273
2022-10-05,Shasta,089,179085,34946,34904,7491,42395,593
2022-10-05,Sierra,091,2930,306,305,60,365,5
2022-10-05,Siskiyou,093,43540,5280,5272,3319,8591,92
2022-10-05,Solano,095,438530,105169,105042,7828,112870,465
2022-10-05,Sonoma,097,501317,107104,106940,5343,112283,520
2022-10-05,Stanislaus,099,539301,138003,137838,21625,159463,1781
2022-10-05,Sutter,101,95872,24318,24326,2470,26796,232
2022-10-05,Tehama,103,63373,13631,13603,3084,16687,210
2022-10-05,Trinity,105,12862,1396,1394,392,1786,20
2022-10-05,Tulare,107,460477,121890,121787,36496,158283,1531
2022-10-05,Tuolumne,109,53932,15568,15558,934,16492,196
2022-10-05,Ventura,111,848112,208964,208632,15855,224487,1567
2022-10-05,Yolo,113,214977,47492,47422,4454,51876,341
2022-10-05,Yuba,115,75493,18920,18914,1727,20641,129
2022-10-04,Alameda,001,1643700,348317,347497,19816,367313,2023
2022-10-04,Alpine,003,1148,135,135,1,136,0
2022-10-04,Amador,005,37829,10001,9999,929,10928,93
2022-10-04,Butte,007,227075,39617,39453,9072,48525,454
2022-10-04,Calaveras,009,45235,8518,8511,559,9070,133
2022-10-04,Colusa,011,21464,3800,3794,1284,5078,22
2022-10-04,Contra Costa,013,1133247,250811,250136,20740,270876,1430
2022-10-04,Del Norte,015,27424,7430,7433,404,7837,56
2022-10-04,El Dorado,017,186661,32357,32320,4299,36619,231
2022-10-04,Fresno,019,978130,275173,274628,31401,306029,2865
2022-10-04,Glenn,021,27897,5528,5510,1870,7380,48
2022-10-04,Humboldt,023,135768,21879,21831,5047,26878,159
2022-10-04,Imperial,025,180216,65577,65532,15893,81425,958
2022-10-04,Inyo,027,18085,4491,4489,994,5483,59
2022-10-04,Kern,029,883053,219372,219191,63868,283059,2418
2022-10-04,Kings,031,150075,59520,59489,4090,63579,458
2022-10-04,Lake,033,64148,12807,12795,1210,14005,147
2022-10-04,Lassen,035,31185,9969,9967,992,10959,65
2022-10-04,Los Angeles,037,10098052,3286010,3278961,181740,3460701,33467
2022-10-04,Madera,039,155013,44027,44029,8279,52308,374
2022-10-04,Marin,041,260295,45290,45190,5320,50510,313
2022-10-04,Mariposa,043,17540,3086,3088,363,3451,31
2022-10-04,Mendocino,045,87422,16025,15992,4518,20510,136
2022-10-04,Merced,047,269075,72364,72236,11838,84074,865
2022-10-04,Modoc,049,8938,879,876,325,1201,11
2022-10-04,Mono,051,14174,3206,3205,257,3462,7
2022-10-04,Monterey,053,433212,94168,94111,21097,115208,766
2022-10-04,Napa,055,140530,32262,32258,1426,33684,160
2022-10-04,Nevada,057,99092,19006,18989,1868,20857,132
2022-10-04,Orange,059,3164182,668236,667297,62485,729782,7452
2022-10-04,Placer,061,380077,75860,75768,9567,85335,660
2022-10-04,Plumas,063,18699,3675,3669,432,4101,13
2022-10-04,Riverside,065,2383286,696172,695315,35393,730708,6567
2022-10-04,Sacramento,067,1510023,346991,346748,33956,380704,3310
2022-10-04,San Benito,069,59416,16203,16188,977,17165,106
2022-10-04,San Bernardino,071,2135413,671909,670906,31060,701966,8116
2022-10-04,San Diego,073,3302833,925643,924672,72042,996714,5498
2022-10-04,San Francisco,075,870044,179461,178943,12110,191053,1045
2022-10-04,San Joaquin,077,732212,197595,197390,14798,212188,2319
2022-10-04,San Luis Obispo,079,281455,63286,63219,7221,70440,524
2022-10-04,San Mateo,081,765935,168879,168413,10668,179081,737
2022-10-04,Santa Barbara,083,443738,105861,105695,6944,112639,725
2022-10-04,Santa Clara,085,1922200,432789,432327,18949,451276,2506
2022-10-04,Santa Cruz,087,273765,63224,63099,3458,66557,273
2022-10-04,Shasta,089,179085,34933,34904,7491,42395,593
2022-10-04,Sierra,091,2930,306,305,60,365,5
2022-10-04,Siskiyou,093,43540,5278,5272,3319,8591,92
2022-10-04,Solano,095,438530,105123,105042,7828,112870,465
2022-10-04,Sonoma,097,501317,107066,106940,5342,112282,520
2022-10-04,Stanislaus,099,539301,137976,137838,21623,159461,1781
2022-10-04,Sutter,101,95872,24308,24326,2470,26796,232
2022-10-04,Tehama,103,63373,13629,13603,3084,16687,210
2022-10-04,Trinity,105,12862,1396,1394,392,1786,20
2022-10-04,Tulare,107,460477,121866,121787,36495,158282,1531
2022-10-04,Tuolumne,109,53932,15567,15558,934,16492,196
2022-10-04,Ventura,111,848112,208900,208632,15855,224487,1567
2022-10-04,Yolo,113,214977,47476,47422,4451,51873,341
2022-10-04,Yuba,115,75493,18915,18914,1725,20639,129
2022-10-03,Alameda,001,1643700,348136,346369,19816,366185,2020
2022-10-03,Alpine,003,1148,135,134,1,135,0
2022-10-03,Amador,005,37829,9999,9987,929,10916,90
2022-10-03,Butte,007,227075,39602,39378,9071,48449,454
2022-10-03,Calaveras,009,45235,8517,8497,559,9056,133
2022-10-03,Colusa,011,21464,3800,3782,1283,5065,22
2022-10-03,Contra Costa,013,1133247,250704,249273,20740,270013,1426
2022-10-03,Del Norte,015,27424,7429,7421,404,7825,56
2022-10-03,El Dorado,017,186661,32348,32238,4299,36537,231
2022-10-03,Fresno,019,978130,275117,274028,31401,305429,2859
2022-10-03,Glenn,021,27897,5528,5509,1870,7379,48
2022-10-03,Humboldt,023,135768,21865,21744,5047,26791,157
2022-10-03,Imperial,025,180216,65560,65425,15876,81301,958
2022-10-03,Inyo,027,18085,4490,4483,992,5475,59
2022-10-03,Kern,029,883053,219323,218846,63828,282674,2417
2022-10-03,Kings,031,150075,59502,59394,4090,63484,459
2022-10-03,Lake,033,64148,12803,12761,1210,13971,147
2022-10-03,Lassen,035,31185,9967,9962,992,10954,65
2022-10-03,Los Angeles,037,10098052,3284987,3271661,181589,3453250,33336
2022-10-03,Madera,039,155013,44019,43953,8279,52232,374
2022-10-03,Marin,041,260295,45261,45002,5319,50321,310
2022-10-03,Mariposa,043,17540,3086,3079,363,3442,31
2022-10-03,Mendocino,045,87422,16020,15950,4518,20468,136
2022-10-03,Merced,047,269075,72350,72117,11838,83955,863
2022-10-03,Modoc,049,8938,877,873,325,1198,11
2022-10-03,Mono,051,14174,3206,3201,257,3458,7
2022-10-03,Monterey,053,433212,94156,93991,21097,115088,766
2022-10-03,Napa,055,140530,32247,32171,1426,33597,160
2022-10-03,Nevada,057,99092,18999,18923,1866,20789,132
2022-10-03,Orange,059,3164182,668014,665825,62479,728304,7435
2022-10-03,Placer,061,380077,75839,75573,9565,85138,661
2022-10-03,Plumas,063,18699,3674,3645,432,4077,13
2022-10-03,Riverside,065,2383286,696005,694250,35392,729642,6543
2022-10-03,Sacramento,067,1510023,346854,345905,33956,379861,3294
2022-10-03,San Benito,069,59416,16196,16152,977,17129,106
2022-10-03,San Bernardino,071,2135413,671735,668798,31053,699851,8106
2022-10-03,San Diego,073,3302833,925327,922323,71998,994321,5491
2022-10-03,San Francisco,075,870044,179356,178486,12108,190594,1043
2022-10-03,San Joaquin,077,732212,197530,197009,14797,211806,2319
2022-10-03,San Luis Obispo,079,281455,63270,63060,7221,70281,524
2022-10-03,San Mateo,081,765935,168798,167790,10668,178458,736
2022-10-03,Santa Barbara,083,443738,105821,105437,6943,112380,722
2022-10-03,Santa Clara,085,1922200,432570,430899,18949,449848,2494
2022-10-03,Santa Cruz,087,273765,63177,62866,3458,66324,273
2022-10-03,Shasta,089,179085,34926,34849,7491,42340,592
2022-10-03,Sierra,091,2930,306,304,60,364,5
2022-10-03,Siskiyou,093,43540,5278,5261,3319,8580,91
2022-10-03,Solano,095,438530,105067,104704,7828,112532,464
2022-10-03,Sonoma,097,501317,107025,106624,5339,111963,519
2022-10-03,Stanislaus,099,539301,137941,137589,21619,159208,1780
2022-10-03,Sutter,101,95872,24306,24265,2470,26735,232
2022-10-03,Tehama,103,63373,13626,13564,3084,16648,210
2022-10-03,Trinity,105,12862,1396,1392,392,1784,20
2022-10-03,Tulare,107,460477,121847,121589,36490,158079,1531
2022-10-03,Tuolumne,109,53932,15564,15516,934,16450,196
2022-10-03,Ventura,111,848112,208829,208124,15852,223976,1565
2022-10-03,Yolo,113,214977,47459,47279,4447,51726,341
2022-10-03,Yuba,115,75493,18911,18881,1721,20602,132
2022-10-02,Alameda,001,1643700,347935,346369,19814,366183,2020
2022-10-02,Alpine,003,1148,135,134,1,135,0
2022-10-02,Amador,005,37829,9999,9987,929,10916,90
2022-10-02,Butte,007,227075,39590,39378,9071,48449,454
2022-10-02,Calaveras,009,45235,8513,8497,559,9056,133
2022-10-02,Colusa,011,21464,3798,3782,1283,5065,22
2022-10-02,Contra Costa,013,1133247,250600,249273,20739,270012,1426
2022-10-02,Del Norte,015,27424,7426,7421,404,7825,56
2022-10-02,El Dorado,017,186661,32339,32238,4298,36536,231
2022-10-02,Fresno,019,978130,275042,274028,31401,305429,2859
2022-10-02,Glenn,021,27897,5525,5509,1870,7379,48
2022-10-02,Humboldt,023,135768,21847,21744,5042,26786,157
2022-10-02,Imperial,025,180216,65526,65425,15853,81278,958
2022-10-02,Inyo,027,18085,4490,4483,992,5475,59
2022-10-02,Kern,029,883053,219274,218846,63789,282635,2417
2022-10-02,Kings,031,150075,59487,59394,4090,63484,459
2022-10-02,Lake,033,64148,12797,12761,1210,13971,147
2022-10-02,Lassen,035,31185,9966,9962,992,10954,65
2022-10-02,Los Angeles,037,10098052,3283857,3271661,181439,3453100,33336
2022-10-02,Madera,039,155013,44011,43953,8279,52232,374
2022-10-02,Marin,041,260295,45229,45002,5317,50319,310
2022-10-02,Mariposa,043,17540,3086,3079,363,3442,31
2022-10-02,Mendocino,045,87422,16011,15950,4518,20468,136
2022-10-02,Merced,047,269075,72325,72117,11836,83953,863
2022-10-02,Modoc,049,8938,877,873,325,1198,11
2022-10-02,Mono,051,14174,3206,3201,257,3458,7
2022-10-02,Monterey,053,433212,94140,93991,21096,115087,766
2022-10-02,Napa,055,140530,32236,32171,1424,33595,160
2022-10-02,Nevada,057,99092,18995,18923,1866,20789,132
2022-10-02,Orange,059,3164182,667748,665825,62475,728300,7435
2022-10-02,Placer,061,380077,75821,75573,9564,85137,661
2022-10-02,Plumas,063,18699,3670,3645,432,4077,13
2022-10-02,Riverside,065,2383286,695813,694250,35392,729642,6543
2022-10-02,Sacramento,067,1510023,346692,345905,33951,379856,3294
2022-10-02,San Benito,069,59416,16191,16152,977,17129,106
2022-10-02,San Bernardino,071,2135413,671504,668798,31045,699843,8106
2022-10-02,San Diego,073,3302833,924958,922323,71949,994272,5491
2022-10-02,San Francisco,075,870044,179229,178486,12107,190593,1043
2022-10-02,San Joaquin,077,732212,197455,197009,14794,211803,2319
2022-10-02,San Luis Obispo,079,281455,63235,63060,7218,70278,524
2022-10-02,San Mateo,081,765935,168678,167790,10668,178458,736
2022-10-02,Santa Barbara,083,443738,105776,105437,6942,112379,722
2022-10-02,Santa Clara,085,1922200,432352,430899,18949,449848,2494
2022-10-02,Santa Cruz,087,273765,63140,62866,3458,66324,273
2022-10-02,Shasta,089,179085,34911,34849,7491,42340,592
2022-10-02,Sierra,091,2930,306,304,60,364,5
2022-10-02,Siskiyou,093,43540,5278,5261,3319,8580,91
2022-10-02,Solano,095,438530,105006,104704,7828,112532,464
2022-10-02,Sonoma,097,501317,106975,106624,5339,111963,519
2022-10-02,Stanislaus,099,539301,137908,137589,21615,159204,1780
2022-10-02,Sutter,101,95872,24296,24265,2470,26735,232
2022-10-02,Tehama,103,63373,13621,13564,3084,16648,210
2022-10-02,Trinity,105,12862,1396,1392,392,1784,20
2022-10-02,Tulare,107,460477,121823,121589,36490,158079,1531
2022-10-02,Tuolumne,109,53932,15560,15516,934,16450,196
2022-10-02,Ventura,111,848112,208749,208124,15852,223976,1565
2022-10-02,Yolo,113,214977,47447,47279,4443,51722,341
2022-10-02,Yuba,115,75493,18905,18881,1719,20600,132
2022-10-01,Alameda,001,1643700,347822,346369,19814,366183,2020
2022-10-01,Alpine,003,1148,135,134,1,135,0
2022-10-01,Amador,005,37829,9997,9987,929,10916,90
2022-10-01,Butte,007,227075,39579,39378,9065,48443,454
2022-10-01,Calaveras,009,45235,8513,8497,559,9056,133
2022-10-01,Colusa,011,21464,3798,3782,1281,5063,22
2022-10-01,Contra Costa,013,1133247,250526,249273,20739,270012,1426
2022-10-01,Del Norte,015,27424,7424,7421,404,7825,56
2022-10-01,El Dorado,017,186661,32333,32238,4298,36536,231
2022-10-01,Fresno,019,978130,275011,274028,31401,305429,2859
2022-10-01,Glenn,021,27897,5524,5509,1870,7379,48
2022-10-01,Humboldt,023,135768,21844,21744,5041,26785,157
2022-10-01,Imperial,025,180216,65509,65425,15843,81268,958
2022-10-01,Inyo,027,18085,4490,4483,992,5475,59
2022-10-01,Kern,029,883053,219257,218846,63760,282606,2417
2022-10-01,Kings,031,150075,59478,59394,4090,63484,459
2022-10-01,Lake,033,64148,12794,12761,1210,13971,147
2022-10-01,Lassen,035,31185,9964,9962,992,10954,65
2022-10-01,Los Angeles,037,10098052,3283235,3271661,181334,3452995,33336
2022-10-01,Madera,039,155013,44007,43953,8279,52232,374
2022-10-01,Marin,041,260295,45206,45002,5317,50319,310
2022-10-01,Mariposa,043,17540,3086,3079,363,3442,31
2022-10-01,Mendocino,045,87422,16004,15950,4518,20468,136
2022-10-01,Merced,047,269075,72316,72117,11836,83953,863
2022-10-01,Modoc,049,8938,877,873,325,1198,11
2022-10-01,Mono,051,14174,3206,3201,257,3458,7
2022-10-01,Monterey,053,433212,94127,93991,21095,115086,766
2022-10-01,Napa,055,140530,32231,32171,1424,33595,160
2022-10-01,Nevada,057,99092,18992,18923,1866,20789,132
2022-10-01,Orange,059,3164182,667606,665825,62473,728298,7435
2022-10-01,Placer,061,380077,75805,75573,9563,85136,661
2022-10-01,Plumas,063,18699,3669,3645,432,4077,13
2022-10-01,Riverside,065,2383286,695693,694250,35390,729640,6543
2022-10-01,Sacramento,067,1510023,346623,345905,33951,379856,3294
2022-10-01,San Benito,069,59416,16183,16152,977,17129,106
2022-10-01,San Bernardino,071,2135413,671405,668798,31042,699840,8106
2022-10-01,San Diego,073,3302833,924842,922323,71919,994242,5491
2022-10-01,San Francisco,075,870044,179174,178486,12106,190592,1043
2022-10-01,San Joaquin,077,732212,197424,197009,14789,211798,2319
2022-10-01,San Luis Obispo,079,281455,63225,63060,7216,70276,524
2022-10-01,San Mateo,081,765935,168635,167790,10668,178458,736
2022-10-01,Santa Barbara,083,443738,105746,105437,6942,112379,722
2022-10-01,Santa Clara,085,1922200,432182,430899,18949,449848,2494
2022-10-01,Santa Cruz,087,273765,63126,62866,3457,66323,273
2022-10-01,Shasta,089,179085,34905,34849,7491,42340,592
2022-10-01,Sierra,091,2930,306,304,60,364,5
2022-10-01,Siskiyou,093,43540,5276,5261,3319,8580,91
2022-10-01,Solano,095,438530,104998,104704,7828,112532,464
2022-10-01,Sonoma,097,501317,106949,106624,5339,111963,519
2022-10-01,Stanislaus,099,539301,137886,137589,21613,159202,1780
2022-10-01,Sutter,101,95872,24291,24265,2470,26735,232
2022-10-01,Tehama,103,63373,13619,13564,3084,16648,210
2022-10-01,Trinity,105,12862,1396,1392,392,1784,20
2022-10-01,Tulare,107,460477,121816,121589,36487,158076,1531
2022-10-01,Tuolumne,109,53932,15558,15516,934,16450,196
2022-10-01,Ventura,111,848112,208703,208124,15852,223976,1565
2022-10-01,Yolo,113,214977,47437,47279,4442,51721,341
2022-10-01,Yuba,115,75493,18898,18881,1719,20600,132
2022-09-30,Alameda,001,1643700,347708,346369,19813,366182,2020
2022-09-30,Alpine,003,1148,135,134,1,135,0
2022-09-30,Amador,005,37829,9995,9987,929,10916,90
2022-09-30,Butte,007,227075,39569,39378,9063,48441,454
2022-09-30,Calaveras,009,45235,8510,8497,559,9056,133
2022-09-30,Colusa,011,21464,3797,3782,1280,5062,22
2022-09-30,Contra Costa,013,1133247,250437,249273,20739,270012,1426
2022-09-30,Del Norte,015,27424,7423,7421,404,7825,56
2022-09-30,El Dorado,017,186661,32324,32238,4297,36535,231
2022-09-30,Fresno,019,978130,274956,274028,31398,305426,2859
2022-09-30,Glenn,021,27897,5523,5509,1870,7379,48
2022-09-30,Humboldt,023,135768,21830,21744,5041,26785,157
2022-09-30,Imperial,025,180216,65499,65425,15835,81260,958
2022-09-30,Inyo,027,18085,4489,4483,992,5475,59
2022-09-30,Kern,029,883053,219238,218846,63733,282579,2417
2022-09-30,Kings,031,150075,59472,59394,4090,63484,459
2022-09-30,Lake,033,64148,12792,12761,1210,13971,147
2022-09-30,Lassen,035,31185,9964,9962,992,10954,65
2022-09-30,Los Angeles,037,10098052,3282497,3271661,181227,3452888,33336
2022-09-30,Madera,039,155013,44000,43953,8279,52232,374
2022-09-30,Marin,041,260295,45183,45002,5317,50319,310
2022-09-30,Mariposa,043,17540,3085,3079,363,3442,31
2022-09-30,Mendocino,045,87422,15997,15950,4518,20468,136
2022-09-30,Merced,047,269075,72305,72117,11836,83953,863
2022-09-30,Modoc,049,8938,877,873,325,1198,11
2022-09-30,Mono,051,14174,3206,3201,257,3458,7
2022-09-30,Monterey,053,433212,94108,93991,21093,115084,766
2022-09-30,Napa,055,140530,32220,32171,1424,33595,160
2022-09-30,Nevada,057,99092,18986,18923,1866,20789,132
2022-09-30,Orange,059,3164182,667468,665825,62472,728297,7435
2022-09-30,Placer,061,380077,75787,75573,9562,85135,661
2022-09-30,Plumas,063,18699,3668,3645,432,4077,13
2022-09-30,Riverside,065,2383286,695581,694250,35390,729640,6543
2022-09-30,Sacramento,067,1510023,346541,345905,33951,379856,3294
2022-09-30,San Benito,069,59416,16180,16152,977,17129,106
2022-09-30,San Bernardino,071,2135413,671285,668798,31039,699837,8106
2022-09-30,San Diego,073,3302833,924625,922323,71891,994214,5491
2022-09-30,San Francisco,075,870044,179110,178486,12105,190591,1043
2022-09-30,San Joaquin,077,732212,197390,197009,14788,211797,2319
2022-09-30,San Luis Obispo,079,281455,63220,63060,7213,70273,524
2022-09-30,San Mateo,081,765935,168572,167790,10668,178458,736
2022-09-30,Santa Barbara,083,443738,105721,105437,6942,112379,722
2022-09-30,Santa Clara,085,1922200,432003,430899,18949,449848,2494
2022-09-30,Santa Cruz,087,273765,63104,62866,3457,66323,273
2022-09-30,Shasta,089,179085,34902,34849,7491,42340,592
2022-09-30,Sierra,091,2930,306,304,60,364,5
2022-09-30,Siskiyou,093,43540,5275,5261,3319,8580,91
2022-09-30,Solano,095,438530,104968,104704,7828,112532,464
2022-09-30,Sonoma,097,501317,106915,106624,5339,111963,519
2022-09-30,Stanislaus,099,539301,137866,137589,21610,159199,1780
2022-09-30,Sutter,101,95872,24289,24265,2470,26735,232
2022-09-30,Tehama,103,63373,13617,13564,3084,16648,210
2022-09-30,Trinity,105,12862,1395,1392,392,1784,20
2022-09-30,Tulare,107,460477,121795,121589,36484,158073,1531
2022-09-30,Tuolumne,109,53932,15555,15516,934,16450,196
2022-09-30,Ventura,111,848112,208651,208124,15852,223976,1565
2022-09-30,Yolo,113,214977,47426,47279,4442,51721,341
2022-09-30,Yuba,115,75493,18893,18881,1719,20600,132
2022-09-29,Alameda,001,1643700,347544,346369,19812,366181,2020
2022-09-29,Alpine,003,1148,135,134,1,135,0
2022-09-29,Amador,005,37829,9992,9987,929,10916,90
2022-09-29,Butte,007,227075,39563,39378,9063,48441,454
2022-09-29,Calaveras,009,45235,8504,8497,559,9056,133
2022-09-29,Colusa,011,21464,3796,3782,1280,5062,22
2022-09-29,Contra Costa,013,1133247,250338,249273,20739,270012,1426
2022-09-29,Del Norte,015,27424,7420,7421,404,7825,56
2022-09-29,El Dorado,017,186661,32315,32238,4294,36532,231
2022-09-29,Fresno,019,978130,274858,274028,31396,305424,2859
2022-09-29,Glenn,021,27897,5523,5509,1870,7379,48
2022-09-29,Humboldt,023,135768,21818,21744,5041,26785,157
2022-09-29,Imperial,025,180216,65479,65425,15824,81249,958
2022-09-29,Inyo,027,18085,4489,4483,992,5475,59
2022-09-29,Kern,029,883053,219209,218846,63699,282545,2417
2022-09-29,Kings,031,150075,59464,59394,4090,63484,459
2022-09-29,Lake,033,64148,12788,12761,1210,13971,147
2022-09-29,Lassen,035,31185,9963,9962,992,10954,65
2022-09-29,Los Angeles,037,10098052,3281512,3271661,181120,3452781,33336
2022-09-29,Madera,039,155013,43991,43953,8279,52232,374
2022-09-29,Marin,041,260295,45159,45002,5314,50316,310
2022-09-29,Mariposa,043,17540,3083,3079,363,3442,31
2022-09-29,Mendocino,045,87422,15993,15950,4518,20468,136
2022-09-29,Merced,047,269075,72290,72117,11836,83953,863
2022-09-29,Modoc,049,8938,877,873,325,1198,11
2022-09-29,Mono,051,14174,3205,3201,257,3458,7
2022-09-29,Monterey,053,433212,94097,93991,21093,115084,766
2022-09-29,Napa,055,140530,32209,32171,1424,33595,160
2022-09-29,Nevada,057,99092,18977,18923,1866,20789,132
2022-09-29,Orange,059,3164182,667243,665825,62466,728291,7435
2022-09-29,Placer,061,380077,75770,75573,9554,85127,661
2022-09-29,Plumas,063,18699,3667,3645,432,4077,13
2022-09-29,Riverside,065,2383286,695429,694250,35389,729639,6543
2022-09-29,Sacramento,067,1510023,346415,345905,33948,379853,3294
2022-09-29,San Benito,069,59416,16175,16152,976,17128,106
2022-09-29,San Bernardino,071,2135413,671139,668798,31038,699836,8106
2022-09-29,San Diego,073,3302833,924377,922323,71860,994183,5491
2022-09-29,San Francisco,075,870044,179026,178486,12103,190589,1043
2022-09-29,San Joaquin,077,732212,197345,197009,14782,211791,2319
2022-09-29,San Luis Obispo,079,281455,63200,63060,7210,70270,524
2022-09-29,San Mateo,081,765935,168489,167790,10668,178458,736
2022-09-29,Santa Barbara,083,443738,105687,105437,6942,112379,722
2022-09-29,Santa Clara,085,1922200,431809,430899,18949,449848,2494
2022-09-29,Santa Cruz,087,273765,63060,62866,3457,66323,273
2022-09-29,Shasta,089,179085,34895,34849,7491,42340,592
2022-09-29,Sierra,091,2930,306,304,60,364,5
2022-09-29,Siskiyou,093,43540,5272,5261,3319,8580,91
2022-09-29,Solano,095,438530,104934,104704,7827,112531,464
2022-09-29,Sonoma,097,501317,106857,106624,5339,111963,519
2022-09-29,Stanislaus,099,539301,137836,137589,21608,159197,1780
2022-09-29,Sutter,101,95872,24286,24265,2470,26735,232
2022-09-29,Tehama,103,63373,13615,13564,3084,16648,210
2022-09-29,Trinity,105,12862,1395,1392,392,1784,20
2022-09-29,Tulare,107,460477,121779,121589,36479,158068,1531
2022-09-29,Tuolumne,109,53932,15551,15516,934,16450,196
2022-09-29,Ventura,111,848112,208591,208124,15852,223976,1565
2022-09-29,Yolo,113,214977,47414,47279,4439,51718,341
2022-09-29,Yuba,115,75493,18891,18881,1719,20600,132
2022-09-28,Alameda,001,1643700,347384,346369,19798,366167,2020
2022-09-28,Alpine,003,1148,134,134,1,135,0
2022-09-28,Amador,005,37829,9990,9987,929,10916,90
2022-09-28,Butte,007,227075,39556,39378,9059,48437,454
2022-09-28,Calaveras,009,45235,8503,8497,559,9056,133
2022-09-28,Colusa,011,21464,3796,3782,1280,5062,22
2022-09-28,Contra Costa,013,1133247,250231,249273,20731,270004,1426
2022-09-28,Del Norte,015,27424,7418,7421,404,7825,56
2022-09-28,El Dorado,017,186661,32308,32238,4292,36530,231
2022-09-28,Fresno,019,978130,274778,274028,31389,305417,2859
2022-09-28,Glenn,021,27897,5523,5509,1869,7378,48
2022-09-28,Humboldt,023,135768,21809,21744,5038,26782,157
2022-09-28,Imperial,025,180216,65464,65425,15816,81241,958
2022-09-28,Inyo,027,18085,4487,4483,992,5475,59
2022-09-28,Kern,029,883053,219160,218846,63654,282500,2417
2022-09-28,Kings,031,150075,59444,59394,4087,63481,459
2022-09-28,Lake,033,64148,12779,12761,1210,13971,147
2022-09-28,Lassen,035,31185,9962,9962,992,10954,65
2022-09-28,Los Angeles,037,10098052,3280392,3271661,181013,3452674,33336
2022-09-28,Madera,039,155013,43984,43953,8279,52232,374
2022-09-28,Marin,041,260295,45132,45002,5313,50315,310
2022-09-28,Mariposa,043,17540,3083,3079,363,3442,31
2022-09-28,Mendocino,045,87422,15991,15950,4513,20463,136
2022-09-28,Merced,047,269075,72279,72117,11834,83951,863
2022-09-28,Modoc,049,8938,877,873,324,1197,11
2022-09-28,Mono,051,14174,3205,3201,257,3458,7
2022-09-28,Monterey,053,433212,94083,93991,21086,115077,766
2022-09-28,Napa,055,140530,32194,32171,1422,33593,160
2022-09-28,Nevada,057,99092,18969,18923,1854,20777,132
2022-09-28,Orange,059,3164182,667017,665825,62433,728258,7435
2022-09-28,Placer,061,380077,75741,75573,9551,85124,661
2022-09-28,Plumas,063,18699,3665,3645,432,4077,13
2022-09-28,Riverside,065,2383286,695265,694250,35380,729630,6543
2022-09-28,Sacramento,067,1510023,346303,345905,33928,379833,3294
2022-09-28,San Benito,069,59416,16171,16152,972,17124,106
2022-09-28,San Bernardino,071,2135413,670979,668798,31025,699823,8106
2022-09-28,San Diego,073,3302833,924059,922323,71828,994151,5491
2022-09-28,San Francisco,075,870044,178931,178486,12103,190589,1043
2022-09-28,San Joaquin,077,732212,197307,197009,14781,211790,2319
2022-09-28,San Luis Obispo,079,281455,63185,63060,7202,70262,524
2022-09-28,San Mateo,081,765935,168413,167790,10665,178455,736
2022-09-28,Santa Barbara,083,443738,105653,105437,6937,112374,722
2022-09-28,Santa Clara,085,1922200,431640,430899,18946,449845,2494
2022-09-28,Santa Cruz,087,273765,63024,62866,3456,66322,273
2022-09-28,Shasta,089,179085,34890,34849,7491,42340,592
2022-09-28,Sierra,091,2930,306,304,60,364,5
2022-09-28,Siskiyou,093,43540,5270,5261,3318,8579,91
2022-09-28,Solano,095,438530,104906,104704,7826,112530,464
2022-09-28,Sonoma,097,501317,106822,106624,5335,111959,519
2022-09-28,Stanislaus,099,539301,137802,137589,21603,159192,1780
2022-09-28,Sutter,101,95872,24272,24265,2469,26734,232
2022-09-28,Tehama,103,63373,13611,13564,3084,16648,210
2022-09-28,Trinity,105,12862,1395,1392,390,1782,20
2022-09-28,Tulare,107,460477,121756,121589,36469,158058,1531
2022-09-28,Tuolumne,109,53932,15547,15516,934,16450,196
2022-09-28,Ventura,111,848112,208527,208124,15851,223975,1565
2022-09-28,Yolo,113,214977,47391,47279,4437,51716,341
2022-09-28,Yuba,115,75493,18886,18881,1716,20597,132
2022-09-27,Alameda,001,1643700,347219,346369,19788,366157,2020
2022-09-27,Alpine,003,1148,134,134,1,135,0
2022-09-27,Amador,005,37829,9987,9987,927,10914,90
2022-09-27,Butte,007,227075,39548,39378,9055,48433,454
2022-09-27,Calaveras,009,45235,8502,8497,558,9055,133
2022-09-27,Colusa,011,21464,3796,3782,1280,5062,22
2022-09-27,Contra Costa,013,1133247,250130,249273,20720,269993,1426
2022-09-27,Del Norte,015,27424,7418,7421,404,7825,56
2022-09-27,El Dorado,017,186661,32295,32238,4290,36528,231
2022-09-27,Fresno,019,978130,274715,274028,31383,305411,2859
2022-09-27,Glenn,021,27897,5522,5509,1868,7377,48
2022-09-27,Humboldt,023,135768,21799,21744,5032,26776,157
2022-09-27,Imperial,025,180216,65442,65425,15810,81235,958
2022-09-27,Inyo,027,18085,4485,4483,990,5473,59
2022-09-27,Kern,029,883053,219103,218846,63627,282473,2417
2022-09-27,Kings,031,150075,59428,59394,4087,63481,459
2022-09-27,Lake,033,64148,12776,12761,1208,13969,147
2022-09-27,Lassen,035,31185,9960,9962,992,10954,65
2022-09-27,Los Angeles,037,10098052,3279207,3271661,180855,3452516,33336
2022-09-27,Madera,039,155013,43973,43953,8279,52232,374
2022-09-27,Marin,041,260295,45104,45002,5310,50312,310
2022-09-27,Mariposa,043,17540,3082,3079,363,3442,31
2022-09-27,Mendocino,045,87422,15982,15950,4507,20457,136
2022-09-27,Merced,047,269075,72266,72117,11830,83947,863
2022-09-27,Modoc,049,8938,877,873,324,1197,11
2022-09-27,Mono,051,14174,3204,3201,257,3458,7
2022-09-27,Monterey,053,433212,94062,93991,21073,115064,766
2022-09-27,Napa,055,140530,32177,32171,1422,33593,160
2022-09-27,Nevada,057,99092,18960,18923,1853,20776,132
2022-09-27,Orange,059,3164182,666753,665825,62371,728196,7435
2022-09-27,Placer,061,380077,75710,75573,9546,85119,661
2022-09-27,Plumas,063,18699,3662,3645,432,4077,13
2022-09-27,Riverside,065,2383286,695068,694250,35360,729610,6543
2022-09-27,Sacramento,067,1510023,346176,345905,33908,379813,3294
2022-09-27,San Benito,069,59416,16170,16152,972,17124,106
2022-09-27,San Bernardino,071,2135413,670733,668798,31009,699807,8106
2022-09-27,San Diego,073,3302833,923665,922323,71792,994115,5491
2022-09-27,San Francisco,075,870044,178825,178486,12101,190587,1043
2022-09-27,San Joaquin,077,732212,197255,197009,14774,211783,2319
2022-09-27,San Luis Obispo,079,281455,63157,63060,7200,70260,524
2022-09-27,San Mateo,081,765935,168344,167790,10662,178452,736
2022-09-27,Santa Barbara,083,443738,105611,105437,6930,112367,722
2022-09-27,Santa Clara,085,1922200,431422,430899,18932,449831,2494
2022-09-27,Santa Cruz,087,273765,62993,62866,3454,66320,273
2022-09-27,Shasta,089,179085,34879,34849,7485,42334,592
2022-09-27,Sierra,091,2930,304,304,60,364,5
2022-09-27,Siskiyou,093,43540,5268,5261,3318,8579,91
2022-09-27,Solano,095,438530,104863,104704,7824,112528,464
2022-09-27,Sonoma,097,501317,106771,106624,5332,111956,519
2022-09-27,Stanislaus,099,539301,137775,137589,21602,159191,1780
2022-09-27,Sutter,101,95872,24258,24265,2469,26734,232
2022-09-27,Tehama,103,63373,13609,13564,3084,16648,210
2022-09-27,Trinity,105,12862,1395,1392,388,1780,20
2022-09-27,Tulare,107,460477,121733,121589,36454,158043,1531
2022-09-27,Tuolumne,109,53932,15542,15516,933,16449,196
2022-09-27,Ventura,111,848112,208450,208124,15842,223966,1565
2022-09-27,Yolo,113,214977,47362,47279,4436,51715,341
2022-09-27,Yuba,115,75493,18882,18881,1715,20596,132
2022-09-26,Alameda,001,1643700,347030,345351,19784,365135,2012
2022-09-26,Alpine,003,1148,134,134,1,135,0
2022-09-26,Amador,005,37829,9986,9954,926,10880,90
2022-09-26,Butte,007,227075,39536,39282,9051,48333,453
2022-09-26,Calaveras,009,45235,8499,8475,555,9030,133
2022-09-26,Colusa,011,21464,3793,3775,1278,5053,22
2022-09-26,Contra Costa,013,1133247,249999,248053,20703,268756,1424
2022-09-26,Del Norte,015,27424,7417,7403,404,7807,57
2022-09-26,El Dorado,017,186661,32280,32159,4288,36447,231
2022-09-26,Fresno,019,978130,274640,273381,31367,304748,2850
2022-09-26,Glenn,021,27897,5522,5494,1868,7362,48
2022-09-26,Humboldt,023,135768,21787,21641,5027,26668,156
2022-09-26,Imperial,025,180216,65421,65297,15795,81092,957
2022-09-26,Inyo,027,18085,4485,4481,989,5470,59
2022-09-26,Kern,029,883053,219046,218413,63599,282012,2408
2022-09-26,Kings,031,150075,59416,59288,4085,63373,456
2022-09-26,Lake,033,64148,12770,12731,1208,13939,146
2022-09-26,Lassen,035,31185,9960,9947,991,10938,65
2022-09-26,Los Angeles,037,10098052,3278047,3263510,180690,3444200,33258
2022-09-26,Madera,039,155013,43954,43910,8275,52185,374
2022-09-26,Marin,041,260295,45074,44823,5307,50130,310
2022-09-26,Mariposa,043,17540,3081,3074,363,3437,31
2022-09-26,Mendocino,045,87422,15975,15911,4505,20416,136
2022-09-26,Merced,047,269075,72253,71875,11826,83701,862
2022-09-26,Modoc,049,8938,875,872,324,1196,11
2022-09-26,Mono,051,14174,3202,3198,257,3455,7
2022-09-26,Monterey,053,433212,94046,93829,21052,114881,766
2022-09-26,Napa,055,140530,32159,32094,1421,33515,160
2022-09-26,Nevada,057,99092,18952,18861,1851,20712,132
2022-09-26,Orange,059,3164182,666497,664263,62315,726578,7425
2022-09-26,Placer,061,380077,75676,75381,9539,84920,660
2022-09-26,Plumas,063,18699,3662,3632,432,4064,13
2022-09-26,Riverside,065,2383286,694866,693038,35348,728386,6610
2022-09-26,Sacramento,067,1510023,346027,344748,33882,378630,3282
2022-09-26,San Benito,069,59416,16164,16114,971,17085,106
2022-09-26,San Bernardino,071,2135413,670543,667124,30999,698123,8097
2022-09-26,San Diego,073,3302833,923245,920118,71761,991879,5487
2022-09-26,San Francisco,075,870044,178731,176887,12098,188985,1031
2022-09-26,San Joaquin,077,732212,197190,196573,14764,211337,2306
2022-09-26,San Luis Obispo,079,281455,63127,62950,7193,70143,522
2022-09-26,San Mateo,081,765935,168257,167123,10659,177782,736
2022-09-26,Santa Barbara,083,443738,105572,105185,6925,112110,720
2022-09-26,Santa Clara,085,1922200,431171,429334,18918,448252,2486
2022-09-26,Santa Cruz,087,273765,62956,62704,3452,66156,274
2022-09-26,Shasta,089,179085,34872,34762,7478,42240,592
2022-09-26,Sierra,091,2930,304,303,60,363,5
2022-09-26,Siskiyou,093,43540,5268,5243,3316,8559,90
2022-09-26,Solano,095,438530,104821,104383,7819,112202,463
2022-09-26,Sonoma,097,501317,106704,106322,5327,111649,519
2022-09-26,Stanislaus,099,539301,137747,137340,21594,158934,1752
2022-09-26,Sutter,101,95872,24249,24198,2469,26667,232
2022-09-26,Tehama,103,63373,13606,13528,3084,16612,210
2022-09-26,Trinity,105,12862,1395,1390,387,1777,20
2022-09-26,Tulare,107,460477,121694,121446,36441,157887,1530
2022-09-26,Tuolumne,109,53932,15541,15469,931,16400,196
2022-09-26,Ventura,111,848112,208363,207684,15834,223518,1566
2022-09-26,Yolo,113,214977,47336,47147,4429,51576,335
2022-09-26,Yuba,115,75493,18876,18834,1713,20547,129
2022-09-25,Alameda,001,1643700,346815,345351,19763,365114,2012
2022-09-25,Alpine,003,1148,134,134,1,135,0
2022-09-25,Amador,005,37829,9983,9954,923,10877,90
2022-09-25,Butte,007,227075,39513,39282,9044,48326,453
2022-09-25,Calaveras,009,45235,8495,8475,550,9025,133
2022-09-25,Colusa,011,21464,3791,3775,1272,5047,22
2022-09-25,Contra Costa,013,1133247,249854,248053,20687,268740,1424
2022-09-25,Del Norte,015,27424,7412,7403,404,7807,57
2022-09-25,El Dorado,017,186661,32269,32159,4286,36445,231
2022-09-25,Fresno,019,978130,274536,273381,31342,304723,2850
2022-09-25,Glenn,021,27897,5522,5494,1868,7362,48
2022-09-25,Humboldt,023,135768,21778,21641,5022,26663,156
2022-09-25,Imperial,025,180216,65402,65297,15782,81079,957
2022-09-25,Inyo,027,18085,4482,4481,988,5469,59
2022-09-25,Kern,029,883053,218986,218413,63528,281941,2408
2022-09-25,Kings,031,150075,59397,59288,4084,63372,456
2022-09-25,Lake,033,64148,12765,12731,1206,13937,146
2022-09-25,Lassen,035,31185,9959,9947,991,10938,65
2022-09-25,Los Angeles,037,10098052,3276599,3263510,180498,3444008,33258
2022-09-25,Madera,039,155013,43941,43910,8269,52179,374
2022-09-25,Marin,041,260295,45033,44823,5307,50130,310
2022-09-25,Mariposa,043,17540,3081,3074,363,3437,31
2022-09-25,Mendocino,045,87422,15965,15911,4499,20410,136
2022-09-25,Merced,047,269075,72230,71875,11818,83693,862
2022-09-25,Modoc,049,8938,875,872,324,1196,11
2022-09-25,Mono,051,14174,3202,3198,255,3453,7
2022-09-25,Monterey,053,433212,94024,93829,21040,114869,766
2022-09-25,Napa,055,140530,32140,32094,1420,33514,160
2022-09-25,Nevada,057,99092,18942,18861,1849,20710,132
2022-09-25,Orange,059,3164182,666202,664263,62249,726512,7425
2022-09-25,Placer,061,380077,75640,75381,9528,84909,660
2022-09-25,Plumas,063,18699,3656,3632,432,4064,13
2022-09-25,Riverside,065,2383286,694649,693038,35330,728368,6610
2022-09-25,Sacramento,067,1510023,345880,344748,33848,378596,3282
2022-09-25,San Benito,069,59416,16152,16114,971,17085,106
2022-09-25,San Bernardino,071,2135413,670313,667124,30977,698101,8097
2022-09-25,San Diego,073,3302833,922799,920118,71722,991840,5487
2022-09-25,San Francisco,075,870044,178613,176887,12093,188980,1031
2022-09-25,San Joaquin,077,732212,197106,196573,14745,211318,2306
2022-09-25,San Luis Obispo,079,281455,63094,62950,7185,70135,522
2022-09-25,San Mateo,081,765935,168132,167123,10650,177773,736
2022-09-25,Santa Barbara,083,443738,105519,105185,6922,112107,720
2022-09-25,Santa Clara,085,1922200,430928,429334,18904,448238,2486
2022-09-25,Santa Cruz,087,273765,62909,62704,3449,66153,274
2022-09-25,Shasta,089,179085,34862,34762,7466,42228,592
2022-09-25,Sierra,091,2930,304,303,60,363,5
2022-09-25,Siskiyou,093,43540,5266,5243,3315,8558,90
2022-09-25,Solano,095,438530,104757,104383,7815,112198,463
2022-09-25,Sonoma,097,501317,106649,106322,5323,111645,519
2022-09-25,Stanislaus,099,539301,137695,137340,21591,158931,1752
2022-09-25,Sutter,101,95872,24234,24198,2468,26666,232
2022-09-25,Tehama,103,63373,13598,13528,3084,16612,210
2022-09-25,Trinity,105,12862,1395,1390,387,1777,20
2022-09-25,Tulare,107,460477,121663,121446,36422,157868,1530
2022-09-25,Tuolumne,109,53932,15535,15469,930,16399,196
2022-09-25,Ventura,111,848112,208265,207684,15817,223501,1566
2022-09-25,Yolo,113,214977,47310,47147,4424,51571,335
2022-09-25,Yuba,115,75493,18872,18834,1712,20546,129
2022-09-24,Alameda,001,1643700,346703,345351,19755,365106,2012
2022-09-24,Alpine,003,1148,134,134,1,135,0
2022-09-24,Amador,005,37829,9981,9954,922,10876,90
2022-09-24,Butte,007,227075,39507,39282,9042,48324,453
2022-09-24,Calaveras,009,45235,8492,8475,550,9025,133
2022-09-24,Colusa,011,21464,3790,3775,1271,5046,22
2022-09-24,Contra Costa,013,1133247,249771,248053,20682,268735,1424
2022-09-24,Del Norte,015,27424,7409,7403,404,7807,57
2022-09-24,El Dorado,017,186661,32258,32159,4281,36440,231
2022-09-24,Fresno,019,978130,274498,273381,31335,304716,2850
2022-09-24,Glenn,021,27897,5521,5494,1868,7362,48
2022-09-24,Humboldt,023,135768,21765,21641,5020,26661,156
2022-09-24,Imperial,025,180216,65387,65297,15776,81073,957
2022-09-24,Inyo,027,18085,4482,4481,988,5469,59
2022-09-24,Kern,029,883053,218958,218413,63490,281903,2408
2022-09-24,Kings,031,150075,59385,59288,4084,63372,456
2022-09-24,Lake,033,64148,12763,12731,1205,13936,146
2022-09-24,Lassen,035,31185,9958,9947,991,10938,65
2022-09-24,Los Angeles,037,10098052,3275871,3263510,180355,3443865,33258
2022-09-24,Madera,039,155013,43938,43910,8266,52176,374
2022-09-24,Marin,041,260295,45018,44823,5307,50130,310
2022-09-24,Mariposa,043,17540,3079,3074,363,3437,31
2022-09-24,Mendocino,045,87422,15963,15911,4496,20407,136
2022-09-24,Merced,047,269075,72215,71875,11818,83693,862
2022-09-24,Modoc,049,8938,875,872,323,1195,11
2022-09-24,Mono,051,14174,3202,3198,255,3453,7
2022-09-24,Monterey,053,433212,94014,93829,21035,114864,766
2022-09-24,Napa,055,140530,32131,32094,1419,33513,160
2022-09-24,Nevada,057,99092,18937,18861,1847,20708,132
2022-09-24,Orange,059,3164182,666046,664263,62190,726453,7425
2022-09-24,Placer,061,380077,75620,75381,9524,84905,660
2022-09-24,Plumas,063,18699,3653,3632,432,4064,13
2022-09-24,Riverside,065,2383286,694524,693038,35320,728358,6610
2022-09-24,Sacramento,067,1510023,345812,344748,33838,378586,3282
2022-09-24,San Benito,069,59416,16145,16114,970,17084,106
2022-09-24,San Bernardino,071,2135413,670200,667124,30968,698092,8097
2022-09-24,San Diego,073,3302833,922596,920118,71708,991826,5487
2022-09-24,San Francisco,075,870044,178534,176887,12087,188974,1031
2022-09-24,San Joaquin,077,732212,197080,196573,14738,211311,2306
2022-09-24,San Luis Obispo,079,281455,63082,62950,7184,70134,522
2022-09-24,San Mateo,081,765935,168061,167123,10640,177763,736
2022-09-24,Santa Barbara,083,443738,105496,105185,6920,112105,720
2022-09-24,Santa Clara,085,1922200,430772,429334,18894,448228,2486
2022-09-24,Santa Cruz,087,273765,62892,62704,3446,66150,274
2022-09-24,Shasta,089,179085,34857,34762,7464,42226,592
2022-09-24,Sierra,091,2930,304,303,60,363,5
2022-09-24,Siskiyou,093,43540,5263,5243,3315,8558,90
2022-09-24,Solano,095,438530,104739,104383,7814,112197,463
2022-09-24,Sonoma,097,501317,106621,106322,5320,111642,519
2022-09-24,Stanislaus,099,539301,137670,137340,21583,158923,1752
2022-09-24,Sutter,101,95872,24227,24198,2468,26666,232
2022-09-24,Tehama,103,63373,13593,13528,3083,16611,210
2022-09-24,Trinity,105,12862,1395,1390,387,1777,20
2022-09-24,Tulare,107,460477,121644,121446,36405,157851,1530
2022-09-24,Tuolumne,109,53932,15527,15469,930,16399,196
2022-09-24,Ventura,111,848112,208221,207684,15808,223492,1566
2022-09-24,Yolo,113,214977,47295,47147,4423,51570,335
2022-09-24,Yuba,115,75493,18867,18834,1711,20545,129
2022-09-23,Alameda,001,1643700,346562,345351,19744,365095,2012
2022-09-23,Alpine,003,1148,134,134,1,135,0
2022-09-23,Amador,005,37829,9977,9954,922,10876,90
2022-09-23,Butte,007,227075,39499,39282,9039,48321,453
2022-09-23,Calaveras,009,45235,8491,8475,550,9025,133
2022-09-23,Colusa,011,21464,3790,3775,1271,5046,22
2022-09-23,Contra Costa,013,1133247,249694,248053,20677,268730,1424
2022-09-23,Del Norte,015,27424,7406,7403,404,7807,57
2022-09-23,El Dorado,017,186661,32244,32159,4279,36438,231
2022-09-23,Fresno,019,978130,274449,273381,31330,304711,2850
2022-09-23,Glenn,021,27897,5519,5494,1867,7361,48
2022-09-23,Humboldt,023,135768,21748,21641,5013,26654,156
2022-09-23,Imperial,025,180216,65377,65297,15769,81066,957
2022-09-23,Inyo,027,18085,4482,4481,984,5465,59
2022-09-23,Kern,029,883053,218929,218413,63464,281877,2408
2022-09-23,Kings,031,150075,59378,59288,4083,63371,456
2022-09-23,Lake,033,64148,12763,12731,1205,13936,146
2022-09-23,Lassen,035,31185,9956,9947,991,10938,65
2022-09-23,Los Angeles,037,10098052,3275108,3263510,180275,3443785,33258
2022-09-23,Madera,039,155013,43929,43910,8265,52175,374
2022-09-23,Marin,041,260295,44995,44823,5305,50128,310
2022-09-23,Mariposa,043,17540,3079,3074,362,3436,31
2022-09-23,Mendocino,045,87422,15961,15911,4496,20407,136
2022-09-23,Merced,047,269075,72206,71875,11816,83691,862
2022-09-23,Modoc,049,8938,875,872,323,1195,11
2022-09-23,Mono,051,14174,3202,3198,255,3453,7
2022-09-23,Monterey,053,433212,94006,93829,21026,114855,766
2022-09-23,Napa,055,140530,32122,32094,1419,33513,160
2022-09-23,Nevada,057,99092,18933,18861,1846,20707,132
2022-09-23,Orange,059,3164182,665878,664263,62159,726422,7425
2022-09-23,Placer,061,380077,75598,75381,9519,84900,660
2022-09-23,Plumas,063,18699,3650,3632,432,4064,13
2022-09-23,Riverside,065,2383286,694391,693038,35311,728349,6610
2022-09-23,Sacramento,067,1510023,345739,344748,33834,378582,3282
2022-09-23,San Benito,069,59416,16145,16114,970,17084,106
2022-09-23,San Bernardino,071,2135413,670070,667124,30962,698086,8097
2022-09-23,San Diego,073,3302833,922346,920118,71675,991793,5487
2022-09-23,San Francisco,075,870044,178459,176887,12082,188969,1031
2022-09-23,San Joaquin,077,732212,197045,196573,14725,211298,2306
2022-09-23,San Luis Obispo,079,281455,63072,62950,7183,70133,522
2022-09-23,San Mateo,081,765935,167992,167123,10635,177758,736
2022-09-23,Santa Barbara,083,443738,105469,105185,6920,112105,720
2022-09-23,Santa Clara,085,1922200,430609,429334,18881,448215,2486
2022-09-23,Santa Cruz,087,273765,62876,62704,3446,66150,274
2022-09-23,Shasta,089,179085,34853,34762,7458,42220,592
2022-09-23,Sierra,091,2930,304,303,60,363,5
2022-09-23,Siskiyou,093,43540,5261,5243,3315,8558,90
2022-09-23,Solano,095,438530,104710,104383,7812,112195,463
2022-09-23,Sonoma,097,501317,106594,106322,5319,111641,519
2022-09-23,Stanislaus,099,539301,137645,137340,21579,158919,1752
2022-09-23,Sutter,101,95872,24219,24198,2468,26666,232
2022-09-23,Tehama,103,63373,13589,13528,3081,16609,210
2022-09-23,Trinity,105,12862,1394,1390,387,1777,20
2022-09-23,Tulare,107,460477,121624,121446,36387,157833,1530
2022-09-23,Tuolumne,109,53932,15521,15469,930,16399,196
2022-09-23,Ventura,111,848112,208160,207684,15802,223486,1566
2022-09-23,Yolo,113,214977,47279,47147,4421,51568,335
2022-09-23,Yuba,115,75493,18865,18834,1711,20545,129
2022-09-22,Alameda,001,1643700,346395,345351,19738,365089,2012
2022-09-22,Alpine,003,1148,134,134,1,135,0
2022-09-22,Amador,005,37829,9973,9954,922,10876,90
2022-09-22,Butte,007,227075,39487,39282,9035,48317,453
2022-09-22,Calaveras,009,45235,8489,8475,544,9019,133
2022-09-22,Colusa,011,21464,3788,3775,1271,5046,22
2022-09-22,Contra Costa,013,1133247,249580,248053,20663,268716,1424
2022-09-22,Del Norte,015,27424,7405,7403,404,7807,57
2022-09-22,El Dorado,017,186661,32234,32159,4275,36434,231
2022-09-22,Fresno,019,978130,274368,273381,31313,304694,2850
2022-09-22,Glenn,021,27897,5518,5494,1867,7361,48
2022-09-22,Humboldt,023,135768,21735,21641,5010,26651,156
2022-09-22,Imperial,025,180216,65365,65297,15755,81052,957
2022-09-22,Inyo,027,18085,4482,4481,982,5463,59
2022-09-22,Kern,029,883053,218887,218413,63422,281835,2408
2022-09-22,Kings,031,150075,59363,59288,4083,63371,456
2022-09-22,Lake,033,64148,12761,12731,1204,13935,146
2022-09-22,Lassen,035,31185,9955,9947,991,10938,65
2022-09-22,Los Angeles,037,10098052,3274073,3263510,180125,3443635,33258
2022-09-22,Madera,039,155013,43925,43910,8263,52173,374
2022-09-22,Marin,041,260295,44980,44823,5303,50126,310
2022-09-22,Mariposa,043,17540,3078,3074,362,3436,31
2022-09-22,Mendocino,045,87422,15956,15911,4496,20407,136
2022-09-22,Merced,047,269075,72187,71875,11812,83687,862
2022-09-22,Modoc,049,8938,875,872,323,1195,11
2022-09-22,Mono,051,14174,3201,3198,254,3452,7
2022-09-22,Monterey,053,433212,93986,93829,21017,114846,766
2022-09-22,Napa,055,140530,32104,32094,1418,33512,160
2022-09-22,Nevada,057,99092,18928,18861,1845,20706,132
2022-09-22,Orange,059,3164182,665659,664263,62109,726372,7425
2022-09-22,Placer,061,380077,75569,75381,9515,84896,660
2022-09-22,Plumas,063,18699,3647,3632,432,4064,13
2022-09-22,Riverside,065,2383286,694214,693038,35303,728341,6610
2022-09-22,Sacramento,067,1510023,345589,344748,33815,378563,3282
2022-09-22,San Benito,069,59416,16145,16114,969,17083,106
2022-09-22,San Bernardino,071,2135413,669924,667124,30947,698071,8097
2022-09-22,San Diego,073,3302833,921982,920118,71635,991753,5487
2022-09-22,San Francisco,075,870044,178353,176887,12076,188963,1031
2022-09-22,San Joaquin,077,732212,196999,196573,14717,211290,2306
2022-09-22,San Luis Obispo,079,281455,63054,62950,7181,70131,522
2022-09-22,San Mateo,081,765935,167928,167123,10633,177756,736
2022-09-22,Santa Barbara,083,443738,105440,105185,6916,112101,720
2022-09-22,Santa Clara,085,1922200,430435,429334,18866,448200,2486
2022-09-22,Santa Cruz,087,273765,62834,62704,3439,66143,274
2022-09-22,Shasta,089,179085,34841,34762,7450,42212,592
2022-09-22,Sierra,091,2930,304,303,60,363,5
2022-09-22,Siskiyou,093,43540,5260,5243,3314,8557,90
2022-09-22,Solano,095,438530,104652,104383,7808,112191,463
2022-09-22,Sonoma,097,501317,106559,106322,5317,111639,519
2022-09-22,Stanislaus,099,539301,137611,137340,21575,158915,1752
2022-09-22,Sutter,101,95872,24208,24198,2468,26666,232
2022-09-22,Tehama,103,63373,13585,13528,3078,16606,210
2022-09-22,Trinity,105,12862,1392,1390,387,1777,20
2022-09-22,Tulare,107,460477,121606,121446,36372,157818,1530
2022-09-22,Tuolumne,109,53932,15514,15469,929,16398,196
2022-09-22,Ventura,111,848112,208076,207684,15794,223478,1566
2022-09-22,Yolo,113,214977,47264,47147,4415,51562,335
2022-09-22,Yuba,115,75493,18857,18834,1708,20542,129
2022-09-21,Alameda,001,1643700,346227,345351,19723,365074,2012
2022-09-21,Alpine,003,1148,134,134,1,135,0
2022-09-21,Amador,005,37829,9972,9954,922,10876,90
2022-09-21,Butte,007,227075,39474,39282,9026,48308,453
2022-09-21,Calaveras,009,45235,8486,8475,543,9018,133
2022-09-21,Colusa,011,21464,3788,3775,1271,5046,22
2022-09-21,Contra Costa,013,1133247,249470,248053,20652,268705,1424
2022-09-21,Del Norte,015,27424,7404,7403,404,7807,57
2022-09-21,El Dorado,017,186661,32222,32159,4272,36431,231
2022-09-21,Fresno,019,978130,274292,273381,31302,304683,2850
2022-09-21,Glenn,021,27897,5517,5494,1866,7360,48
2022-09-21,Humboldt,023,135768,21719,21641,5007,26648,156
2022-09-21,Imperial,025,180216,65349,65297,15745,81042,957
2022-09-21,Inyo,027,18085,4482,4481,979,5460,59
2022-09-21,Kern,029,883053,218833,218413,63376,281789,2408
2022-09-21,Kings,031,150075,59347,59288,4083,63371,456
2022-09-21,Lake,033,64148,12755,12731,1202,13933,146
2022-09-21,Lassen,035,31185,9955,9947,991,10938,65
2022-09-21,Los Angeles,037,10098052,3272913,3263510,179957,3443467,33258
2022-09-21,Madera,039,155013,43910,43910,8263,52173,374
2022-09-21,Marin,041,260295,44956,44823,5303,50126,310
2022-09-21,Mariposa,043,17540,3078,3074,362,3436,31
2022-09-21,Mendocino,045,87422,15950,15911,4494,20405,136
2022-09-21,Merced,047,269075,72172,71875,11811,83686,862
2022-09-21,Modoc,049,8938,875,872,323,1195,11
2022-09-21,Mono,051,14174,3201,3198,254,3452,7
2022-09-21,Monterey,053,433212,93965,93829,21009,114838,766
2022-09-21,Napa,055,140530,32097,32094,1418,33512,160
2022-09-21,Nevada,057,99092,18918,18861,1845,20706,132
2022-09-21,Orange,059,3164182,665418,664263,62055,726318,7425
2022-09-21,Placer,061,380077,75536,75381,9510,84891,660
2022-09-21,Plumas,063,18699,3645,3632,432,4064,13
2022-09-21,Riverside,065,2383286,694035,693038,35284,728322,6610
2022-09-21,Sacramento,067,1510023,345436,344748,33800,378548,3282
2022-09-21,San Benito,069,59416,16133,16114,966,17080,106
2022-09-21,San Bernardino,071,2135413,669776,667124,30940,698064,8097
2022-09-21,San Diego,073,3302833,921601,920118,71589,991707,5487
2022-09-21,San Francisco,075,870044,178265,176887,12066,188953,1031
2022-09-21,San Joaquin,077,732212,196945,196573,14711,211284,2306
2022-09-21,San Luis Obispo,079,281455,63036,62950,7174,70124,522
2022-09-21,San Mateo,081,765935,167852,167123,10632,177755,736
2022-09-21,Santa Barbara,083,443738,105396,105185,6912,112097,720
2022-09-21,Santa Clara,085,1922200,430247,429334,18858,448192,2486
2022-09-21,Santa Cruz,087,273765,62788,62704,3435,66139,274
2022-09-21,Shasta,089,179085,34835,34762,7445,42207,592
2022-09-21,Sierra,091,2930,303,303,60,363,5
2022-09-21,Siskiyou,093,43540,5257,5243,3313,8556,90
2022-09-21,Solano,095,438530,104608,104383,7805,112188,463
2022-09-21,Sonoma,097,501317,106525,106322,5311,111633,519
2022-09-21,Stanislaus,099,539301,137576,137340,21566,158906,1752
2022-09-21,Sutter,101,95872,24199,24198,2468,26666,232
2022-09-21,Tehama,103,63373,13580,13528,3077,16605,210
2022-09-21,Trinity,105,12862,1392,1390,387,1777,20
2022-09-21,Tulare,107,460477,121577,121446,36356,157802,1530
2022-09-21,Tuolumne,109,53932,15510,15469,927,16396,196
2022-09-21,Ventura,111,848112,208005,207684,15784,223468,1566
2022-09-21,Yolo,113,214977,47245,47147,4407,51554,335
2022-09-21,Yuba,115,75493,18849,18834,1708,20542,129
2022-09-20,Alameda,001,1643700,346074,345351,19707,365058,2012
2022-09-20,Alpine,003,1148,134,134,1,135,0
2022-09-20,Amador,005,37829,9965,9954,922,10876,90
2022-09-20,Butte,007,227075,39459,39282,9017,48299,453
2022-09-20,Calaveras,009,45235,8484,8475,543,9018,133
2022-09-20,Colusa,011,21464,3788,3775,1271,5046,22
2022-09-20,Contra Costa,013,1133247,249350,248053,20637,268690,1424
2022-09-20,Del Norte,015,27424,7399,7403,404,7807,57
2022-09-20,El Dorado,017,186661,32208,32159,4269,36428,231
2022-09-20,Fresno,019,978130,274219,273381,31286,304667,2850
2022-09-20,Glenn,021,27897,5516,5494,1865,7359,48
2022-09-20,Humboldt,023,135768,21706,21641,5004,26645,156
2022-09-20,Imperial,025,180216,65327,65297,15734,81031,957
2022-09-20,Inyo,027,18085,4481,4481,976,5457,59
2022-09-20,Kern,029,883053,218780,218413,63339,281752,2408
2022-09-20,Kings,031,150075,59324,59288,4082,63370,456
2022-09-20,Lake,033,64148,12752,12731,1202,13933,146
2022-09-20,Lassen,035,31185,9952,9947,991,10938,65
2022-09-20,Los Angeles,037,10098052,3271757,3263510,179809,3443319,33258
2022-09-20,Madera,039,155013,43901,43910,8258,52168,374
2022-09-20,Marin,041,260295,44932,44823,5297,50120,310
2022-09-20,Mariposa,043,17540,3078,3074,362,3436,31
2022-09-20,Mendocino,045,87422,15946,15911,4491,20402,136
2022-09-20,Merced,047,269075,72149,71875,11806,83681,862
2022-09-20,Modoc,049,8938,875,872,323,1195,11
2022-09-20,Mono,051,14174,3201,3198,254,3452,7
2022-09-20,Monterey,053,433212,93946,93829,21000,114829,766
2022-09-20,Napa,055,140530,32088,32094,1417,33511,160
2022-09-20,Nevada,057,99092,18913,18861,1845,20706,132
2022-09-20,Orange,059,3164182,665138,664263,62010,726273,7425
2022-09-20,Placer,061,380077,75507,75381,9505,84886,660
2022-09-20,Plumas,063,18699,3643,3632,432,4064,13
2022-09-20,Riverside,065,2383286,693833,693038,35256,728294,6610
2022-09-20,Sacramento,067,1510023,345286,344748,33777,378525,3282
2022-09-20,San Benito,069,59416,16127,16114,966,17080,106
2022-09-20,San Bernardino,071,2135413,669569,667124,30925,698049,8097
2022-09-20,San Diego,073,3302833,921190,920118,71533,991651,5487
2022-09-20,San Francisco,075,870044,178172,176887,12060,188947,1031
2022-09-20,San Joaquin,077,732212,196884,196573,14706,211279,2306
2022-09-20,San Luis Obispo,079,281455,63021,62950,7164,70114,522
2022-09-20,San Mateo,081,765935,167769,167123,10628,177751,736
2022-09-20,Santa Barbara,083,443738,105360,105185,6907,112092,720
2022-09-20,Santa Clara,085,1922200,430043,429334,18848,448182,2486
2022-09-20,Santa Cruz,087,273765,62766,62704,3430,66134,274
2022-09-20,Shasta,089,179085,34824,34762,7441,42203,592
2022-09-20,Sierra,091,2930,303,303,60,363,5
2022-09-20,Siskiyou,093,43540,5253,5243,3313,8556,90
2022-09-20,Solano,095,438530,104564,104383,7801,112184,463
2022-09-20,Sonoma,097,501317,106473,106322,5309,111631,519
2022-09-20,Stanislaus,099,539301,137533,137340,21558,158898,1752
2022-09-20,Sutter,101,95872,24195,24198,2468,26666,232
2022-09-20,Tehama,103,63373,13578,13528,3077,16605,210
2022-09-20,Trinity,105,12862,1392,1390,387,1777,20
2022-09-20,Tulare,107,460477,121558,121446,36331,157777,1530
2022-09-20,Tuolumne,109,53932,15504,15469,926,16395,196
2022-09-20,Ventura,111,848112,207922,207684,15779,223463,1566
2022-09-20,Yolo,113,214977,47225,47147,4402,51549,335
2022-09-20,Yuba,115,75493,18845,18834,1708,20542,129
2022-09-19,Alameda,001,1643700,345905,344045,19692,363737,2007
2022-09-19,Alpine,003,1148,134,134,1,135,0
2022-09-19,Amador,005,37829,9961,9908,922,10830,90
2022-09-19,Butte,007,227075,39446,39155,9009,48164,453
2022-09-19,Calaveras,009,45235,8479,8455,542,8997,133
2022-09-19,Colusa,011,21464,3786,3765,1271,5036,22
2022-09-19,Contra Costa,013,1133247,249254,247095,20614,267709,1423
2022-09-19,Del Norte,015,27424,7396,7381,404,7785,56
2022-09-19,El Dorado,017,186661,32199,32088,4265,36353,231
2022-09-19,Fresno,019,978130,274131,272774,31277,304051,2839
2022-09-19,Glenn,021,27897,5515,5481,1864,7345,48
2022-09-19,Humboldt,023,135768,21693,21561,4999,26560,155
2022-09-19,Imperial,025,180216,65309,65099,15719,80818,956
2022-09-19,Inyo,027,18085,4480,4472,974,5446,59
2022-09-19,Kern,029,883053,218718,217694,63279,280973,2405
2022-09-19,Kings,031,150075,59310,59122,4082,63204,456
2022-09-19,Lake,033,64148,12747,12696,1201,13897,144
2022-09-19,Lassen,035,31185,9947,9938,991,10929,65
2022-09-19,Los Angeles,037,10098052,3270394,3253906,179630,3433536,33160
2022-09-19,Madera,039,155013,43876,43782,8252,52034,373
2022-09-19,Marin,041,260295,44903,44702,5292,49994,309
2022-09-19,Mariposa,043,17540,3078,3064,362,3426,31
2022-09-19,Mendocino,045,87422,15940,15872,4488,20360,136
2022-09-19,Merced,047,269075,72134,71732,11802,83534,862
2022-09-19,Modoc,049,8938,875,872,323,1195,11
2022-09-19,Mono,051,14174,3201,3191,254,3445,7
2022-09-19,Monterey,053,433212,93912,93692,20987,114679,762
2022-09-19,Napa,055,140530,32073,31979,1416,33395,160
2022-09-19,Nevada,057,99092,18907,18824,1843,20667,132
2022-09-19,Orange,059,3164182,664857,662784,61955,724739,7398
2022-09-19,Placer,061,380077,75486,75159,9502,84661,660
2022-09-19,Plumas,063,18699,3641,3609,432,4041,13
2022-09-19,Riverside,065,2383286,693599,691630,35242,726872,6608
2022-09-19,Sacramento,067,1510023,345137,343926,33757,377683,3267
2022-09-19,San Benito,069,59416,16117,16057,966,17023,106
2022-09-19,San Bernardino,071,2135413,669349,664360,30906,695266,8074
2022-09-19,San Diego,073,3302833,920767,917229,71445,988674,5479
2022-09-19,San Francisco,075,870044,178082,176724,12051,188775,1025
2022-09-19,San Joaquin,077,732212,196791,196128,14700,210828,2304
2022-09-19,San Luis Obispo,079,281455,63002,62716,7155,69871,520
2022-09-19,San Mateo,081,765935,167671,166572,10622,177194,735
2022-09-19,Santa Barbara,083,443738,105320,104912,6900,111812,718
2022-09-19,Santa Clara,085,1922200,429814,428065,18832,446897,2473
2022-09-19,Santa Cruz,087,273765,62736,62480,3425,65905,274
2022-09-19,Shasta,089,179085,34805,34648,7434,42082,591
2022-09-19,Sierra,091,2930,303,303,60,363,5
2022-09-19,Siskiyou,093,43540,5250,5226,3311,8537,90
2022-09-19,Solano,095,438530,104520,104085,7799,111884,462
2022-09-19,Sonoma,097,501317,106415,106028,5309,111337,518
2022-09-19,Stanislaus,099,539301,137488,136981,21547,158528,1727
2022-09-19,Sutter,101,95872,24181,24119,2468,26587,232
2022-09-19,Tehama,103,63373,13573,13503,3076,16579,210
2022-09-19,Trinity,105,12862,1392,1385,387,1772,20
2022-09-19,Tulare,107,460477,121532,121230,36308,157538,1531
2022-09-19,Tuolumne,109,53932,15498,15411,926,16337,196
2022-09-19,Ventura,111,848112,207833,207049,15768,222817,1563
2022-09-19,Yolo,113,214977,47210,47085,4400,51485,334
2022-09-19,Yuba,115,75493,18836,18764,1701,20465,129
2022-09-18,Alameda,001,1643700,345702,344045,19677,363722,2007
2022-09-18,Alpine,003,1148,134,134,1,135,0
2022-09-18,Amador,005,37829,9955,9908,922,10830,90
2022-09-18,Butte,007,227075,39429,39155,8998,48153,453
2022-09-18,Calaveras,009,45235,8473,8455,539,8994,133
2022-09-18,Colusa,011,21464,3785,3765,1271,5036,22
2022-09-18,Contra Costa,013,1133247,249104,247095,20599,267694,1423
2022-09-18,Del Norte,015,27424,7390,7381,404,7785,56
2022-09-18,El Dorado,017,186661,32185,32088,4262,36350,231
2022-09-18,Fresno,019,978130,274035,272774,31253,304027,2839
2022-09-18,Glenn,021,27897,5510,5481,1864,7345,48
2022-09-18,Humboldt,023,135768,21680,21561,4990,26551,155
2022-09-18,Imperial,025,180216,65290,65099,15697,80796,956
2022-09-18,Inyo,027,18085,4478,4472,973,5445,59
2022-09-18,Kern,029,883053,218645,217694,63204,280898,2405
2022-09-18,Kings,031,150075,59292,59122,4078,63200,456
2022-09-18,Lake,033,64148,12741,12696,1198,13894,144
2022-09-18,Lassen,035,31185,9943,9938,991,10929,65
2022-09-18,Los Angeles,037,10098052,3268860,3253906,179463,3433369,33160
2022-09-18,Madera,039,155013,43853,43782,8247,52029,373
2022-09-18,Marin,041,260295,44880,44702,5288,49990,309
2022-09-18,Mariposa,043,17540,3077,3064,362,3426,31
2022-09-18,Mendocino,045,87422,15936,15872,4483,20355,136
2022-09-18,Merced,047,269075,72108,71732,11793,83525,862
2022-09-18,Modoc,049,8938,874,872,323,1195,11
2022-09-18,Mono,051,14174,3201,3191,253,3444,7
2022-09-18,Monterey,053,433212,93884,93692,20971,114663,762
2022-09-18,Napa,055,140530,32059,31979,1414,33393,160
2022-09-18,Nevada,057,99092,18895,18824,1841,20665,132
2022-09-18,Orange,059,3164182,664576,662784,61876,724660,7398
2022-09-18,Placer,061,380077,75450,75159,9493,84652,660
2022-09-18,Plumas,063,18699,3635,3609,432,4041,13
2022-09-18,Riverside,065,2383286,693367,691630,35212,726842,6608
2022-09-18,Sacramento,067,1510023,344953,343926,33726,377652,3267
2022-09-18,San Benito,069,59416,16111,16057,963,17020,106
2022-09-18,San Bernardino,071,2135413,669115,664360,30884,695244,8074
2022-09-18,San Diego,073,3302833,920290,917229,71392,988621,5479
2022-09-18,San Francisco,075,870044,177948,176724,12045,188769,1025
2022-09-18,San Joaquin,077,732212,196715,196128,14693,210821,2304
2022-09-18,San Luis Obispo,079,281455,62982,62716,7146,69862,520
2022-09-18,San Mateo,081,765935,167565,166572,10613,177185,735
2022-09-18,Santa Barbara,083,443738,105275,104912,6896,111808,718
2022-09-18,Santa Clara,085,1922200,429569,428065,18811,446876,2473
2022-09-18,Santa Cruz,087,273765,62706,62480,3420,65900,274
2022-09-18,Shasta,089,179085,34787,34648,7421,42069,591
2022-09-18,Sierra,091,2930,303,303,60,363,5
2022-09-18,Siskiyou,093,43540,5247,5226,3309,8535,90
2022-09-18,Solano,095,438530,104465,104085,7790,111875,462
2022-09-18,Sonoma,097,501317,106362,106028,5305,111333,518
2022-09-18,Stanislaus,099,539301,137435,136981,21535,158516,1727
2022-09-18,Sutter,101,95872,24168,24119,2468,26587,232
2022-09-18,Tehama,103,63373,13563,13503,3074,16577,210
2022-09-18,Trinity,105,12862,1392,1385,384,1769,20
2022-09-18,Tulare,107,460477,121485,121230,36277,157507,1531
2022-09-18,Tuolumne,109,53932,15489,15411,924,16335,196
2022-09-18,Ventura,111,848112,207723,207049,15755,222804,1563
2022-09-18,Yolo,113,214977,47197,47085,4397,51482,334
2022-09-18,Yuba,115,75493,18826,18764,1701,20465,129
2022-09-17,Alameda,001,1643700,345583,344045,19673,363718,2007
2022-09-17,Alpine,003,1148,134,134,1,135,0
2022-09-17,Amador,005,37829,9953,9908,922,10830,90
2022-09-17,Butte,007,227075,39418,39155,8993,48148,453
2022-09-17,Calaveras,009,45235,8469,8455,537,8992,133
2022-09-17,Colusa,011,21464,3781,3765,1271,5036,22
2022-09-17,Contra Costa,013,1133247,249019,247095,20595,267690,1423
2022-09-17,Del Norte,015,27424,7389,7381,404,7785,56
2022-09-17,El Dorado,017,186661,32180,32088,4261,36349,231
2022-09-17,Fresno,019,978130,273989,272774,31243,304017,2839
2022-09-17,Glenn,021,27897,5506,5481,1862,7343,48
2022-09-17,Humboldt,023,135768,21672,21561,4984,26545,155
2022-09-17,Imperial,025,180216,65269,65099,15689,80788,956
2022-09-17,Inyo,027,18085,4478,4472,971,5443,59
2022-09-17,Kern,029,883053,218609,217694,63160,280854,2405
2022-09-17,Kings,031,150075,59281,59122,4076,63198,456
2022-09-17,Lake,033,64148,12740,12696,1198,13894,144
2022-09-17,Lassen,035,31185,9943,9938,991,10929,65
2022-09-17,Los Angeles,037,10098052,3268036,3253906,179318,3433224,33160
2022-09-17,Madera,039,155013,43846,43782,8247,52029,373
2022-09-17,Marin,041,260295,44864,44702,5284,49986,309
2022-09-17,Mariposa,043,17540,3076,3064,362,3426,31
2022-09-17,Mendocino,045,87422,15934,15872,4483,20355,136
2022-09-17,Merced,047,269075,72094,71732,11790,83522,862
2022-09-17,Modoc,049,8938,874,872,323,1195,11
2022-09-17,Mono,051,14174,3201,3191,253,3444,7
2022-09-17,Monterey,053,433212,93871,93692,20962,114654,762
2022-09-17,Napa,055,140530,32053,31979,1413,33392,160
2022-09-17,Nevada,057,99092,18887,18824,1838,20662,132
2022-09-17,Orange,059,3164182,664403,662784,61837,724621,7398
2022-09-17,Placer,061,380077,75417,75159,9486,84645,660
2022-09-17,Plumas,063,18699,3633,3609,432,4041,13
2022-09-17,Riverside,065,2383286,693225,691630,35193,726823,6608
2022-09-17,Sacramento,067,1510023,344876,343926,33708,377634,3267
2022-09-17,San Benito,069,59416,16105,16057,961,17018,106
2022-09-17,San Bernardino,071,2135413,668985,664360,30872,695232,8074
2022-09-17,San Diego,073,3302833,920109,917229,71371,988600,5479
2022-09-17,San Francisco,075,870044,177887,176724,12041,188765,1025
2022-09-17,San Joaquin,077,732212,196690,196128,14691,210819,2304
2022-09-17,San Luis Obispo,079,281455,62971,62716,7146,69862,520
2022-09-17,San Mateo,081,765935,167501,166572,10605,177177,735
2022-09-17,Santa Barbara,083,443738,105246,104912,6894,111806,718
2022-09-17,Santa Clara,085,1922200,429430,428065,18804,446869,2473
2022-09-17,Santa Cruz,087,273765,62698,62480,3420,65900,274
2022-09-17,Shasta,089,179085,34777,34648,7415,42063,591
2022-09-17,Sierra,091,2930,303,303,60,363,5
2022-09-17,Siskiyou,093,43540,5246,5226,3308,8534,90
2022-09-17,Solano,095,438530,104454,104085,7788,111873,462
2022-09-17,Sonoma,097,501317,106328,106028,5304,111332,518
2022-09-17,Stanislaus,099,539301,137412,136981,21527,158508,1727
2022-09-17,Sutter,101,95872,24162,24119,2468,26587,232
2022-09-17,Tehama,103,63373,13561,13503,3073,16576,210
2022-09-17,Trinity,105,12862,1392,1385,384,1769,20
2022-09-17,Tulare,107,460477,121468,121230,36264,157494,1531
2022-09-17,Tuolumne,109,53932,15484,15411,923,16334,196
2022-09-17,Ventura,111,848112,207679,207049,15744,222793,1563
2022-09-17,Yolo,113,214977,47188,47085,4391,51476,334
2022-09-17,Yuba,115,75493,18823,18764,1701,20465,129
2022-09-16,Alameda,001,1643700,345449,344045,19659,363704,2007
2022-09-16,Alpine,003,1148,134,134,1,135,0
2022-09-16,Amador,005,37829,9951,9908,922,10830,90
2022-09-16,Butte,007,227075,39402,39155,8990,48145,453
2022-09-16,Calaveras,009,45235,8466,8455,537,8992,133
2022-09-16,Colusa,011,21464,3780,3765,1271,5036,22
2022-09-16,Contra Costa,013,1133247,248935,247095,20588,267683,1423
2022-09-16,Del Norte,015,27424,7388,7381,404,7785,56
2022-09-16,El Dorado,017,186661,32174,32088,4259,36347,231
2022-09-16,Fresno,019,978130,273950,272774,31236,304010,2839
2022-09-16,Glenn,021,27897,5506,5481,1862,7343,48
2022-09-16,Humboldt,023,135768,21662,21561,4984,26545,155
2022-09-16,Imperial,025,180216,65256,65099,15684,80783,956
2022-09-16,Inyo,027,18085,4478,4472,969,5441,59
2022-09-16,Kern,029,883053,218569,217694,63137,280831,2405
2022-09-16,Kings,031,150075,59266,59122,4076,63198,456
2022-09-16,Lake,033,64148,12736,12696,1198,13894,144
2022-09-16,Lassen,035,31185,9942,9938,990,10928,65
2022-09-16,Los Angeles,037,10098052,3267146,3253906,179214,3433120,33160
2022-09-16,Madera,039,155013,43832,43782,8247,52029,373
2022-09-16,Marin,041,260295,44842,44702,5281,49983,309
2022-09-16,Mariposa,043,17540,3075,3064,362,3426,31
2022-09-16,Mendocino,045,87422,15929,15872,4482,20354,136
2022-09-16,Merced,047,269075,72079,71732,11788,83520,862
2022-09-16,Modoc,049,8938,874,872,323,1195,11
2022-09-16,Mono,051,14174,3201,3191,253,3444,7
2022-09-16,Monterey,053,433212,93854,93692,20959,114651,762
2022-09-16,Napa,055,140530,32043,31979,1412,33391,160
2022-09-16,Nevada,057,99092,18882,18824,1838,20662,132
2022-09-16,Orange,059,3164182,664245,662784,61780,724564,7398
2022-09-16,Placer,061,380077,75399,75159,9481,84640,660
2022-09-16,Plumas,063,18699,3631,3609,432,4041,13
2022-09-16,Riverside,065,2383286,693108,691630,35174,726804,6608
2022-09-16,Sacramento,067,1510023,344781,343926,33699,377625,3267
2022-09-16,San Benito,069,59416,16098,16057,961,17018,106
2022-09-16,San Bernardino,071,2135413,668841,664360,30860,695220,8074
2022-09-16,San Diego,073,3302833,919829,917229,71345,988574,5479
2022-09-16,San Francisco,075,870044,177829,176724,12035,188759,1025
2022-09-16,San Joaquin,077,732212,196654,196128,14688,210816,2304
2022-09-16,San Luis Obispo,079,281455,62955,62716,7145,69861,520
2022-09-16,San Mateo,081,765935,167433,166572,10600,177172,735
2022-09-16,Santa Barbara,083,443738,105221,104912,6892,111804,718
2022-09-16,Santa Clara,085,1922200,429291,428065,18794,446859,2473
2022-09-16,Santa Cruz,087,273765,62677,62480,3420,65900,274
2022-09-16,Shasta,089,179085,34771,34648,7411,42059,591
2022-09-16,Sierra,091,2930,303,303,60,363,5
2022-09-16,Siskiyou,093,43540,5244,5226,3308,8534,90
2022-09-16,Solano,095,438530,104429,104085,7784,111869,462
2022-09-16,Sonoma,097,501317,106298,106028,5304,111332,518
2022-09-16,Stanislaus,099,539301,137374,136981,21524,158505,1727
2022-09-16,Sutter,101,95872,24149,24119,2468,26587,232
2022-09-16,Tehama,103,63373,13559,13503,3072,16575,210
2022-09-16,Trinity,105,12862,1392,1385,384,1769,20
2022-09-16,Tulare,107,460477,121443,121230,36245,157475,1531
2022-09-16,Tuolumne,109,53932,15473,15411,923,16334,196
2022-09-16,Ventura,111,848112,207614,207049,15730,222779,1563
2022-09-16,Yolo,113,214977,47178,47085,4385,51470,334
2022-09-16,Yuba,115,75493,18814,18764,1701,20465,129
2022-09-15,Alameda,001,1643700,345275,344045,19646,363691,2007
2022-09-15,Alpine,003,1148,134,134,1,135,0
2022-09-15,Amador,005,37829,9947,9908,922,10830,90
2022-09-15,Butte,007,227075,39392,39155,8985,48140,453
2022-09-15,Calaveras,009,45235,8464,8455,534,8989,133
2022-09-15,Colusa,011,21464,3779,3765,1271,5036,22
2022-09-15,Contra Costa,013,1133247,248804,247095,20568,267663,1423
2022-09-15,Del Norte,015,27424,7385,7381,404,7785,56
2022-09-15,El Dorado,017,186661,32165,32088,4257,36345,231
2022-09-15,Fresno,019,978130,273851,272774,31224,303998,2839
2022-09-15,Glenn,021,27897,5506,5481,1861,7342,48
2022-09-15,Humboldt,023,135768,21645,21561,4976,26537,155
2022-09-15,Imperial,025,180216,65233,65099,15668,80767,956
2022-09-15,Inyo,027,18085,4478,4472,966,5438,59
2022-09-15,Kern,029,883053,218511,217694,63082,280776,2405
2022-09-15,Kings,031,150075,59249,59122,4076,63198,456
2022-09-15,Lake,033,64148,12733,12696,1197,13893,144
2022-09-15,Lassen,035,31185,9941,9938,990,10928,65
2022-09-15,Los Angeles,037,10098052,3265995,3253906,179051,3432957,33160
2022-09-15,Madera,039,155013,43821,43782,8244,52026,373
2022-09-15,Marin,041,260295,44824,44702,5278,49980,309
2022-09-15,Mariposa,043,17540,3074,3064,361,3425,31
2022-09-15,Mendocino,045,87422,15919,15872,4479,20351,136
2022-09-15,Merced,047,269075,72057,71732,11784,83516,862
2022-09-15,Modoc,049,8938,874,872,322,1194,11
2022-09-15,Mono,051,14174,3201,3191,251,3442,7
2022-09-15,Monterey,053,433212,93833,93692,20949,114641,762
2022-09-15,Napa,055,140530,32030,31979,1412,33391,160
2022-09-15,Nevada,057,99092,18874,18824,1835,20659,132
2022-09-15,Orange,059,3164182,664018,662784,61706,724490,7398
2022-09-15,Placer,061,380077,75362,75159,9476,84635,660
2022-09-15,Plumas,063,18699,3631,3609,432,4041,13
2022-09-15,Riverside,065,2383286,692937,691630,35156,726786,6608
2022-09-15,Sacramento,067,1510023,344628,343926,33670,377596,3267
2022-09-15,San Benito,069,59416,16092,16057,961,17018,106
2022-09-15,San Bernardino,071,2135413,668651,664360,30840,695200,8074
2022-09-15,San Diego,073,3302833,919467,917229,71306,988535,5479
2022-09-15,San Francisco,075,870044,177724,176724,12028,188752,1025
2022-09-15,San Joaquin,077,732212,196588,196128,14675,210803,2304
2022-09-15,San Luis Obispo,079,281455,62931,62716,7142,69858,520
2022-09-15,San Mateo,081,765935,167341,166572,10590,177162,735
2022-09-15,Santa Barbara,083,443738,105184,104912,6883,111795,718
2022-09-15,Santa Clara,085,1922200,429081,428065,18780,446845,2473
2022-09-15,Santa Cruz,087,273765,62656,62480,3416,65896,274
2022-09-15,Shasta,089,179085,34765,34648,7403,42051,591
2022-09-15,Sierra,091,2930,303,303,60,363,5
2022-09-15,Siskiyou,093,43540,5240,5226,3305,8531,90
2022-09-15,Solano,095,438530,104387,104085,7778,111863,462
2022-09-15,Sonoma,097,501317,106262,106028,5301,111329,518
2022-09-15,Stanislaus,099,539301,137333,136981,21518,158499,1727
2022-09-15,Sutter,101,95872,24141,24119,2468,26587,232
2022-09-15,Tehama,103,63373,13554,13503,3070,16573,210
2022-09-15,Trinity,105,12862,1391,1385,383,1768,20
2022-09-15,Tulare,107,460477,121416,121230,36225,157455,1531
2022-09-15,Tuolumne,109,53932,15464,15411,923,16334,196
2022-09-15,Ventura,111,848112,207521,207049,15714,222763,1563
2022-09-15,Yolo,113,214977,47165,47085,4383,51468,334
2022-09-15,Yuba,115,75493,18806,18764,1699,20463,129
2022-09-14,Alameda,001,1643700,345094,344045,19634,363679,2007
2022-09-14,Alpine,003,1148,134,134,1,135,0
2022-09-14,Amador,005,37829,9941,9908,922,10830,90
2022-09-14,Butte,007,227075,39374,39155,8977,48132,453
2022-09-14,Calaveras,009,45235,8458,8455,532,8987,133
2022-09-14,Colusa,011,21464,3776,3765,1271,5036,22
2022-09-14,Contra Costa,013,1133247,248698,247095,20549,267644,1423
2022-09-14,Del Norte,015,27424,7382,7381,404,7785,56
2022-09-14,El Dorado,017,186661,32155,32088,4250,36338,231
2022-09-14,Fresno,019,978130,273757,272774,31207,303981,2839
2022-09-14,Glenn,021,27897,5506,5481,1858,7339,48
2022-09-14,Humboldt,023,135768,21624,21561,4972,26533,155
2022-09-14,Imperial,025,180216,65207,65099,15650,80749,956
2022-09-14,Inyo,027,18085,4476,4472,964,5436,59
2022-09-14,Kern,029,883053,218450,217694,63027,280721,2405
2022-09-14,Kings,031,150075,59227,59122,4072,63194,456
2022-09-14,Lake,033,64148,12725,12696,1196,13892,144
2022-09-14,Lassen,035,31185,9941,9938,988,10926,65
2022-09-14,Los Angeles,037,10098052,3264753,3253906,178909,3432815,33160
2022-09-14,Madera,039,155013,43791,43782,8239,52021,373
2022-09-14,Marin,041,260295,44802,44702,5270,49972,309
2022-09-14,Mariposa,043,17540,3073,3064,361,3425,31
2022-09-14,Mendocino,045,87422,15916,15872,4476,20348,136
2022-09-14,Merced,047,269075,72032,71732,11771,83503,862
2022-09-14,Modoc,049,8938,873,872,321,1193,11
2022-09-14,Mono,051,14174,3201,3191,250,3441,7
2022-09-14,Monterey,053,433212,93815,93692,20939,114631,762
2022-09-14,Napa,055,140530,32017,31979,1408,33387,160
2022-09-14,Nevada,057,99092,18864,18824,1832,20656,132
2022-09-14,Orange,059,3164182,663738,662784,61656,724440,7398
2022-09-14,Placer,061,380077,75333,75159,9472,84631,660
2022-09-14,Plumas,063,18699,3625,3609,432,4041,13
2022-09-14,Riverside,065,2383286,692702,691630,35126,726756,6608
2022-09-14,Sacramento,067,1510023,344472,343926,33629,377555,3267
2022-09-14,San Benito,069,59416,16084,16057,961,17018,106
2022-09-14,San Bernardino,071,2135413,668461,664360,30822,695182,8074
2022-09-14,San Diego,073,3302833,919086,917229,71259,988488,5479
2022-09-14,San Francisco,075,870044,177627,176724,12021,188745,1025
2022-09-14,San Joaquin,077,732212,196521,196128,14664,210792,2304
2022-09-14,San Luis Obispo,079,281455,62908,62716,7136,69852,520
2022-09-14,San Mateo,081,765935,167265,166572,10585,177157,735
2022-09-14,Santa Barbara,083,443738,105150,104912,6881,111793,718
2022-09-14,Santa Clara,085,1922200,428888,428065,18769,446834,2473
2022-09-14,Santa Cruz,087,273765,62642,62480,3415,65895,274
2022-09-14,Shasta,089,179085,34753,34648,7393,42041,591
2022-09-14,Sierra,091,2930,303,303,60,363,5
2022-09-14,Siskiyou,093,43540,5236,5226,3304,8530,90
2022-09-14,Solano,095,438530,104354,104085,7775,111860,462
2022-09-14,Sonoma,097,501317,106210,106028,5297,111325,518
2022-09-14,Stanislaus,099,539301,137268,136981,21505,158486,1727
2022-09-14,Sutter,101,95872,24128,24119,2468,26587,232
2022-09-14,Tehama,103,63373,13553,13503,3067,16570,210
2022-09-14,Trinity,105,12862,1391,1385,379,1764,20
2022-09-14,Tulare,107,460477,121392,121230,36202,157432,1531
2022-09-14,Tuolumne,109,53932,15456,15411,923,16334,196
2022-09-14,Ventura,111,848112,207435,207049,15701,222750,1563
2022-09-14,Yolo,113,214977,47157,47085,4376,51461,334
2022-09-14,Yuba,115,75493,18799,18764,1698,20462,129
2022-09-13,Alameda,001,1643700,344902,344045,19622,363667,2007
2022-09-13,Alpine,003,1148,134,134,1,135,0
2022-09-13,Amador,005,37829,9936,9908,922,10830,90
2022-09-13,Butte,007,227075,39347,39155,8970,48125,453
2022-09-13,Calaveras,009,45235,8455,8455,530,8985,133
2022-09-13,Colusa,011,21464,3775,3765,1271,5036,22
2022-09-13,Contra Costa,013,1133247,248568,247095,20537,267632,1423
2022-09-13,Del Norte,015,27424,7378,7381,404,7785,56
2022-09-13,El Dorado,017,186661,32141,32088,4246,36334,231
2022-09-13,Fresno,019,978130,273663,272774,31190,303964,2839
2022-09-13,Glenn,021,27897,5505,5481,1856,7337,48
2022-09-13,Humboldt,023,135768,21606,21561,4963,26524,155
2022-09-13,Imperial,025,180216,65185,65099,15639,80738,956
2022-09-13,Inyo,027,18085,4474,4472,961,5433,59
2022-09-13,Kern,029,883053,218358,217694,62944,280638,2405
2022-09-13,Kings,031,150075,59191,59122,4070,63192,456
2022-09-13,Lake,033,64148,12720,12696,1195,13891,144
2022-09-13,Lassen,035,31185,9941,9938,985,10923,65
2022-09-13,Los Angeles,037,10098052,3263435,3253906,178760,3432666,33160
2022-09-13,Madera,039,155013,43781,43782,8231,52013,373
2022-09-13,Marin,041,260295,44786,44702,5266,49968,309
2022-09-13,Mariposa,043,17540,3071,3064,361,3425,31
2022-09-13,Mendocino,045,87422,15911,15872,4472,20344,136
2022-09-13,Merced,047,269075,72008,71732,11767,83499,862
2022-09-13,Modoc,049,8938,873,872,321,1193,11
2022-09-13,Mono,051,14174,3201,3191,250,3441,7
2022-09-13,Monterey,053,433212,93787,93692,20926,114618,762
2022-09-13,Napa,055,140530,31998,31979,1408,33387,160
2022-09-13,Nevada,057,99092,18853,18824,1830,20654,132
2022-09-13,Orange,059,3164182,663456,662784,61587,724371,7398
2022-09-13,Placer,061,380077,75298,75159,9468,84627,660
2022-09-13,Plumas,063,18699,3622,3609,432,4041,13
2022-09-13,Riverside,065,2383286,692480,691630,35101,726731,6608
2022-09-13,Sacramento,067,1510023,344292,343926,33593,377519,3267
2022-09-13,San Benito,069,59416,16075,16057,961,17018,106
2022-09-13,San Bernardino,071,2135413,668218,664360,30802,695162,8074
2022-09-13,San Diego,073,3302833,918681,917229,71219,988448,5479
2022-09-13,San Francisco,075,870044,177526,176724,12014,188738,1025
2022-09-13,San Joaquin,077,732212,196442,196128,14657,210785,2304
2022-09-13,San Luis Obispo,079,281455,62878,62716,7128,69844,520
2022-09-13,San Mateo,081,765935,167179,166572,10581,177153,735
2022-09-13,Santa Barbara,083,443738,105096,104912,6873,111785,718
2022-09-13,Santa Clara,085,1922200,428656,428065,18758,446823,2473
2022-09-13,Santa Cruz,087,273765,62617,62480,3413,65893,274
2022-09-13,Shasta,089,179085,34730,34648,7388,42036,591
2022-09-13,Sierra,091,2930,303,303,60,363,5
2022-09-13,Siskiyou,093,43540,5232,5226,3303,8529,90
2022-09-13,Solano,095,438530,104299,104085,7767,111852,462
2022-09-13,Sonoma,097,501317,106153,106028,5295,111323,518
2022-09-13,Stanislaus,099,539301,137219,136981,21499,158480,1727
2022-09-13,Sutter,101,95872,24117,24119,2467,26586,232
2022-09-13,Tehama,103,63373,13544,13503,3066,16569,210
2022-09-13,Trinity,105,12862,1390,1385,379,1764,20
2022-09-13,Tulare,107,460477,121363,121230,36171,157401,1531
2022-09-13,Tuolumne,109,53932,15450,15411,923,16334,196
2022-09-13,Ventura,111,848112,207344,207049,15681,222730,1563
2022-09-13,Yolo,113,214977,47145,47085,4371,51456,334
2022-09-13,Yuba,115,75493,18790,18764,1697,20461,129
2022-09-12,Alameda,001,1643700,344683,343017,19604,362621,2006
2022-09-12,Alpine,003,1148,134,134,1,135,0
2022-09-12,Amador,005,37829,9928,9890,921,10811,89
2022-09-12,Butte,007,227075,39329,39049,8960,48009,453
2022-09-12,Calaveras,009,45235,8451,8444,530,8974,133
2022-09-12,Colusa,011,21464,3774,3755,1270,5025,22
2022-09-12,Contra Costa,013,1133247,248440,246174,20518,266692,1415
2022-09-12,Del Norte,015,27424,7375,7354,404,7758,56
2022-09-12,El Dorado,017,186661,32124,32027,4240,36267,229
2022-09-12,Fresno,019,978130,273539,272161,31171,303332,2835
2022-09-12,Glenn,021,27897,5501,5473,1856,7329,48
2022-09-12,Humboldt,023,135768,21591,21494,4951,26445,155
2022-09-12,Imperial,025,180216,65162,64926,15620,80546,956
2022-09-12,Inyo,027,18085,4472,4465,959,5424,59
2022-09-12,Kern,029,883053,218284,217203,62872,280075,2404
2022-09-12,Kings,031,150075,59174,58980,4066,63046,455
2022-09-12,Lake,033,64148,12712,12663,1191,13854,144
2022-09-12,Lassen,035,31185,9940,9931,985,10916,64
2022-09-12,Los Angeles,037,10098052,3261919,3246402,178571,3424973,33094
2022-09-12,Madera,039,155013,43769,43599,8221,51820,373
2022-09-12,Marin,041,260295,44766,44584,5262,49846,305
2022-09-12,Mariposa,043,17540,3068,3058,359,3417,31
2022-09-12,Mendocino,045,87422,15902,15853,4463,20316,135
2022-09-12,Merced,047,269075,71969,71563,11751,83314,856
2022-09-12,Modoc,049,8938,873,872,319,1191,11
2022-09-12,Mono,051,14174,3197,3188,250,3438,7
2022-09-12,Monterey,053,433212,93753,93513,20903,114416,762
2022-09-12,Napa,055,140530,31976,31910,1408,33318,158
2022-09-12,Nevada,057,99092,18844,18784,1829,20613,132
2022-09-12,Orange,059,3164182,663162,661329,61514,722843,7371
2022-09-12,Placer,061,380077,75267,74994,9463,84457,657
2022-09-12,Plumas,063,18699,3619,3594,431,4025,13
2022-09-12,Riverside,065,2383286,692195,690018,35078,725096,6596
2022-09-12,Sacramento,067,1510023,344125,343048,33562,376610,3254
2022-09-12,San Benito,069,59416,16062,16000,961,16961,103
2022-09-12,San Bernardino,071,2135413,667905,662248,30785,693033,8057
2022-09-12,San Diego,073,3302833,918200,915648,71169,986817,5474
2022-09-12,San Francisco,075,870044,177411,176512,12007,188519,1022
2022-09-12,San Joaquin,077,732212,196347,195697,14644,210341,2303
2022-09-12,San Luis Obispo,079,281455,62851,62569,7121,69690,519
2022-09-12,San Mateo,081,765935,167087,166165,10570,176735,735
2022-09-12,Santa Barbara,083,443738,105060,104627,6869,111496,717
2022-09-12,Santa Clara,085,1922200,428398,426854,18745,445599,2478
2022-09-12,Santa Cruz,087,273765,62589,62255,3412,65667,274
2022-09-12,Shasta,089,179085,34709,34531,7381,41912,591
2022-09-12,Sierra,091,2930,303,303,60,363,5
2022-09-12,Siskiyou,093,43540,5229,5197,3300,8497,90
2022-09-12,Solano,095,438530,104247,103841,7760,111601,461
2022-09-12,Sonoma,097,501317,106106,105778,5286,111064,521
2022-09-12,Stanislaus,099,539301,137161,136674,21493,158167,1726
2022-09-12,Sutter,101,95872,24106,24037,2465,26502,228
2022-09-12,Tehama,103,63373,13538,13471,3065,16536,210
2022-09-12,Trinity,105,12862,1389,1383,378,1761,20
2022-09-12,Tulare,107,460477,121310,120972,36133,157105,1529
2022-09-12,Tuolumne,109,53932,15441,15362,923,16285,196
2022-09-12,Ventura,111,848112,207237,206442,15663,222105,1558
2022-09-12,Yolo,113,214977,47130,46989,4369,51358,334
2022-09-12,Yuba,115,75493,18776,18709,1692,20401,129
2022-09-11,Alameda,001,1643700,344419,343017,19582,362599,2006
2022-09-11,Alpine,003,1148,134,134,1,135,0
2022-09-11,Amador,005,37829,9921,9890,918,10808,89
2022-09-11,Butte,007,227075,39296,39049,8951,48000,453
2022-09-11,Calaveras,009,45235,8448,8444,529,8973,133
2022-09-11,Colusa,011,21464,3772,3755,1268,5023,22
2022-09-11,Contra Costa,013,1133247,248278,246174,20487,266661,1415
2022-09-11,Del Norte,015,27424,7370,7354,403,7757,56
2022-09-11,El Dorado,017,186661,32108,32027,4232,36259,229
2022-09-11,Fresno,019,978130,273432,272161,31148,303309,2835
2022-09-11,Glenn,021,27897,5498,5473,1856,7329,48
2022-09-11,Humboldt,023,135768,21575,21494,4936,26430,155
2022-09-11,Imperial,025,180216,65120,64926,15591,80517,956
2022-09-11,Inyo,027,18085,4471,4465,950,5415,59
2022-09-11,Kern,029,883053,218178,217203,62771,279974,2404
2022-09-11,Kings,031,150075,59137,58980,4063,63043,455
2022-09-11,Lake,033,64148,12698,12663,1188,13851,144
2022-09-11,Lassen,035,31185,9935,9931,985,10916,64
2022-09-11,Los Angeles,037,10098052,3260182,3246402,178337,3424739,33094
2022-09-11,Madera,039,155013,43739,43599,8212,51811,373
2022-09-11,Marin,041,260295,44739,44584,5260,49844,305
2022-09-11,Mariposa,043,17540,3065,3058,359,3417,31
2022-09-11,Mendocino,045,87422,15893,15853,4456,20309,135
2022-09-11,Merced,047,269075,71934,71563,11739,83302,856
2022-09-11,Modoc,049,8938,873,872,318,1190,11
2022-09-11,Mono,051,14174,3194,3188,250,3438,7
2022-09-11,Monterey,053,433212,93725,93513,20884,114397,762
2022-09-11,Napa,055,140530,31956,31910,1406,33316,158
2022-09-11,Nevada,057,99092,18834,18784,1825,20609,132
2022-09-11,Orange,059,3164182,662863,661329,61444,722773,7371
2022-09-11,Placer,061,380077,75234,74994,9457,84451,657
2022-09-11,Plumas,063,18699,3613,3594,431,4025,13
2022-09-11,Riverside,065,2383286,691914,690018,35046,725064,6596
2022-09-11,Sacramento,067,1510023,343924,343048,33499,376547,3254
2022-09-11,San Benito,069,59416,16054,16000,956,16956,103
2022-09-11,San Bernardino,071,2135413,667583,662248,30766,693014,8057
2022-09-11,San Diego,073,3302833,917658,915648,71104,986752,5474
2022-09-11,San Francisco,075,870044,177259,176512,11992,188504,1022
2022-09-11,San Joaquin,077,732212,196246,195697,14623,210320,2303
2022-09-11,San Luis Obispo,079,281455,62823,62569,7103,69672,519
2022-09-11,San Mateo,081,765935,166975,166165,10565,176730,735
2022-09-11,Santa Barbara,083,443738,105019,104627,6865,111492,717
2022-09-11,Santa Clara,085,1922200,428109,426854,18730,445584,2478
2022-09-11,Santa Cruz,087,273765,62553,62255,3408,65663,274
2022-09-11,Shasta,089,179085,34680,34531,7372,41903,591
2022-09-11,Sierra,091,2930,303,303,60,363,5
2022-09-11,Siskiyou,093,43540,5227,5197,3294,8491,90
2022-09-11,Solano,095,438530,104167,103841,7755,111596,461
2022-09-11,Sonoma,097,501317,106040,105778,5279,111057,521
2022-09-11,Stanislaus,099,539301,137092,136674,21477,158151,1726
2022-09-11,Sutter,101,95872,24085,24037,2463,26500,228
2022-09-11,Tehama,103,63373,13524,13471,3062,16533,210
2022-09-11,Trinity,105,12862,1389,1383,378,1761,20
2022-09-11,Tulare,107,460477,121262,120972,36098,157070,1529
2022-09-11,Tuolumne,109,53932,15433,15362,922,16284,196
2022-09-11,Ventura,111,848112,207099,206442,15636,222078,1558
2022-09-11,Yolo,113,214977,47102,46989,4366,51355,334
2022-09-11,Yuba,115,75493,18767,18709,1689,20398,129
2022-09-10,Alameda,001,1643700,344281,343017,19576,362593,2006
2022-09-10,Alpine,003,1148,134,134,1,135,0
2022-09-10,Amador,005,37829,9918,9890,917,10807,89
2022-09-10,Butte,007,227075,39279,39049,8950,47999,453
2022-09-10,Calaveras,009,45235,8446,8444,529,8973,133
2022-09-10,Colusa,011,21464,3771,3755,1268,5023,22
2022-09-10,Contra Costa,013,1133247,248171,246174,20475,266649,1415
2022-09-10,Del Norte,015,27424,7368,7354,402,7756,56
2022-09-10,El Dorado,017,186661,32099,32027,4231,36258,229
2022-09-10,Fresno,019,978130,273348,272161,31137,303298,2835
2022-09-10,Glenn,021,27897,5495,5473,1855,7328,48
2022-09-10,Humboldt,023,135768,21566,21494,4932,26426,155
2022-09-10,Imperial,025,180216,65098,64926,15580,80506,956
2022-09-10,Inyo,027,18085,4471,4465,950,5415,59
2022-09-10,Kern,029,883053,218123,217203,62731,279934,2404
2022-09-10,Kings,031,150075,59127,58980,4063,63043,455
2022-09-10,Lake,033,64148,12695,12663,1188,13851,144
2022-09-10,Lassen,035,31185,9934,9931,985,10916,64
2022-09-10,Los Angeles,037,10098052,3259249,3246402,178193,3424595,33094
2022-09-10,Madera,039,155013,43723,43599,8209,51808,373
2022-09-10,Marin,041,260295,44714,44584,5255,49839,305
2022-09-10,Mariposa,043,17540,3065,3058,358,3416,31
2022-09-10,Mendocino,045,87422,15891,15853,4453,20306,135
2022-09-10,Merced,047,269075,71920,71563,11736,83299,856
2022-09-10,Modoc,049,8938,873,872,317,1189,11
2022-09-10,Mono,051,14174,3193,3188,250,3438,7
2022-09-10,Monterey,053,433212,93705,93513,20878,114391,762
2022-09-10,Napa,055,140530,31948,31910,1406,33316,158
2022-09-10,Nevada,057,99092,18830,18784,1825,20609,132
2022-09-10,Orange,059,3164182,662690,661329,61405,722734,7371
2022-09-10,Placer,061,380077,75205,74994,9455,84449,657
2022-09-10,Plumas,063,18699,3609,3594,431,4025,13
2022-09-10,Riverside,065,2383286,691735,690018,35032,725050,6596
2022-09-10,Sacramento,067,1510023,343829,343048,33490,376538,3254
2022-09-10,San Benito,069,59416,16048,16000,955,16955,103
2022-09-10,San Bernardino,071,2135413,667422,662248,30751,692999,8057
2022-09-10,San Diego,073,3302833,917431,915648,71080,986728,5474
2022-09-10,San Francisco,075,870044,177200,176512,11989,188501,1022
2022-09-10,San Joaquin,077,732212,196195,195697,14615,210312,2303
2022-09-10,San Luis Obispo,079,281455,62811,62569,7100,69669,519
2022-09-10,San Mateo,081,765935,166901,166165,10556,176721,735
2022-09-10,Santa Barbara,083,443738,105002,104627,6861,111488,717
2022-09-10,Santa Clara,085,1922200,427885,426854,18722,445576,2478
2022-09-10,Santa Cruz,087,273765,62543,62255,3404,65659,274
2022-09-10,Shasta,089,179085,34671,34531,7367,41898,591
2022-09-10,Sierra,091,2930,303,303,60,363,5
2022-09-10,Siskiyou,093,43540,5227,5197,3294,8491,90
2022-09-10,Solano,095,438530,104142,103841,7753,111594,461
2022-09-10,Sonoma,097,501317,106019,105778,5278,111056,521
2022-09-10,Stanislaus,099,539301,137052,136674,21471,158145,1726
2022-09-10,Sutter,101,95872,24070,24037,2463,26500,228
2022-09-10,Tehama,103,63373,13523,13471,3062,16533,210
2022-09-10,Trinity,105,12862,1389,1383,378,1761,20
2022-09-10,Tulare,107,460477,121237,120972,36086,157058,1529
2022-09-10,Tuolumne,109,53932,15427,15362,922,16284,196
2022-09-10,Ventura,111,848112,207031,206442,15621,222063,1558
2022-09-10,Yolo,113,214977,47092,46989,4363,51352,334
2022-09-10,Yuba,115,75493,18759,18709,1688,20397,129
2022-09-09,Alameda,001,1643700,344104,343017,19566,362583,2006
2022-09-09,Alpine,003,1148,134,134,1,135,0
2022-09-09,Amador,005,37829,9913,9890,917,10807,89
2022-09-09,Butte,007,227075,39266,39049,8945,47994,453
2022-09-09,Calaveras,009,45235,8444,8444,529,8973,133
2022-09-09,Colusa,011,21464,3769,3755,1267,5022,22
2022-09-09,Contra Costa,013,1133247,248094,246174,20464,266638,1415
2022-09-09,Del Norte,015,27424,7367,7354,402,7756,56
2022-09-09,El Dorado,017,186661,32091,32027,4229,36256,229
2022-09-09,Fresno,019,978130,273283,272161,31124,303285,2835
2022-09-09,Glenn,021,27897,5493,5473,1855,7328,48
2022-09-09,Humboldt,023,135768,21560,21494,4926,26420,155
2022-09-09,Imperial,025,180216,65074,64926,15570,80496,956
2022-09-09,Inyo,027,18085,4469,4465,942,5407,59
2022-09-09,Kern,029,883053,218062,217203,62685,279888,2404
2022-09-09,Kings,031,150075,59108,58980,4063,63043,455
2022-09-09,Lake,033,64148,12692,12663,1187,13850,144
2022-09-09,Lassen,035,31185,9934,9931,985,10916,64
2022-09-09,Los Angeles,037,10098052,3258214,3246402,178047,3424449,33094
2022-09-09,Madera,039,155013,43705,43599,8207,51806,373
2022-09-09,Marin,041,260295,44701,44584,5254,49838,305
2022-09-09,Mariposa,043,17540,3064,3058,358,3416,31
2022-09-09,Mendocino,045,87422,15886,15853,4448,20301,135
2022-09-09,Merced,047,269075,71899,71563,11734,83297,856
2022-09-09,Modoc,049,8938,873,872,317,1189,11
2022-09-09,Mono,051,14174,3193,3188,250,3438,7
2022-09-09,Monterey,053,433212,93691,93513,20869,114382,762
2022-09-09,Napa,055,140530,31936,31910,1406,33316,158
2022-09-09,Nevada,057,99092,18823,18784,1825,20609,132
2022-09-09,Orange,059,3164182,662502,661329,61362,722691,7371
2022-09-09,Placer,061,380077,75183,74994,9452,84446,657
2022-09-09,Plumas,063,18699,3607,3594,431,4025,13
2022-09-09,Riverside,065,2383286,691550,690018,35017,725035,6596
2022-09-09,Sacramento,067,1510023,343694,343048,33478,376526,3254
2022-09-09,San Benito,069,59416,16038,16000,955,16955,103
2022-09-09,San Bernardino,071,2135413,667247,662248,30741,692989,8057
2022-09-09,San Diego,073,3302833,917168,915648,71053,986701,5474
2022-09-09,San Francisco,075,870044,177129,176512,11981,188493,1022
2022-09-09,San Joaquin,077,732212,196141,195697,14599,210296,2303
2022-09-09,San Luis Obispo,079,281455,62805,62569,7097,69666,519
2022-09-09,San Mateo,081,765935,166846,166165,10554,176719,735
2022-09-09,Santa Barbara,083,443738,104965,104627,6858,111485,717
2022-09-09,Santa Clara,085,1922200,427698,426854,18709,445563,2478
2022-09-09,Santa Cruz,087,273765,62522,62255,3402,65657,274
2022-09-09,Shasta,089,179085,34657,34531,7359,41890,591
2022-09-09,Sierra,091,2930,303,303,60,363,5
2022-09-09,Siskiyou,093,43540,5220,5197,3294,8491,90
2022-09-09,Solano,095,438530,104108,103841,7748,111589,461
2022-09-09,Sonoma,097,501317,105991,105778,5278,111056,521
2022-09-09,Stanislaus,099,539301,137026,136674,21462,158136,1726
2022-09-09,Sutter,101,95872,24063,24037,2462,26499,228
2022-09-09,Tehama,103,63373,13518,13471,3062,16533,210
2022-09-09,Trinity,105,12862,1388,1383,378,1761,20
2022-09-09,Tulare,107,460477,121201,120972,36065,157037,1529
2022-09-09,Tuolumne,109,53932,15426,15362,922,16284,196
2022-09-09,Ventura,111,848112,206962,206442,15606,222048,1558
2022-09-09,Yolo,113,214977,47077,46989,4363,51352,334
2022-09-09,Yuba,115,75493,18750,18709,1688,20397,129
2022-09-08,Alameda,001,1643700,343881,343017,19549,362566,2006
2022-09-08,Alpine,003,1148,134,134,1,135,0
2022-09-08,Amador,005,37829,9906,9890,917,10807,89
2022-09-08,Butte,007,227075,39245,39049,8934,47983,453
2022-09-08,Calaveras,009,45235,8444,8444,528,8972,133
2022-09-08,Colusa,011,21464,3769,3755,1267,5022,22
2022-09-08,Contra Costa,013,1133247,247968,246174,20442,266616,1415
2022-09-08,Del Norte,015,27424,7357,7354,402,7756,56
2022-09-08,El Dorado,017,186661,32077,32027,4224,36251,229
2022-09-08,Fresno,019,978130,273168,272161,31104,303265,2835
2022-09-08,Glenn,021,27897,5493,5473,1855,7328,48
2022-09-08,Humboldt,023,135768,21537,21494,4919,26413,155
2022-09-08,Imperial,025,180216,65044,64926,15547,80473,956
2022-09-08,Inyo,027,18085,4467,4465,940,5405,59
2022-09-08,Kern,029,883053,217972,217203,62595,279798,2404
2022-09-08,Kings,031,150075,59079,58980,4061,63041,455
2022-09-08,Lake,033,64148,12683,12663,1187,13850,144
2022-09-08,Lassen,035,31185,9933,9931,985,10916,64
2022-09-08,Los Angeles,037,10098052,3256763,3246402,177849,3424251,33094
2022-09-08,Madera,039,155013,43676,43599,8200,51799,373
2022-09-08,Marin,041,260295,44676,44584,5250,49834,305
2022-09-08,Mariposa,043,17540,3062,3058,357,3415,31
2022-09-08,Mendocino,045,87422,15879,15853,4448,20301,135
2022-09-08,Merced,047,269075,71871,71563,11721,83284,856
2022-09-08,Modoc,049,8938,873,872,317,1189,11
2022-09-08,Mono,051,14174,3193,3188,249,3437,7
2022-09-08,Monterey,053,433212,93662,93513,20845,114358,762
2022-09-08,Napa,055,140530,31923,31910,1406,33316,158
2022-09-08,Nevada,057,99092,18814,18784,1823,20607,132
2022-09-08,Orange,059,3164182,662231,661329,61295,722624,7371
2022-09-08,Placer,061,380077,75152,74994,9447,84441,657
2022-09-08,Plumas,063,18699,3604,3594,431,4025,13
2022-09-08,Riverside,065,2383286,691278,690018,34988,725006,6596
2022-09-08,Sacramento,067,1510023,343520,343048,33455,376503,3254
2022-09-08,San Benito,069,59416,16027,16000,955,16955,103
2022-09-08,San Bernardino,071,2135413,666953,662248,30728,692976,8057
2022-09-08,San Diego,073,3302833,916793,915648,70999,986647,5474
2022-09-08,San Francisco,075,870044,177004,176512,11973,188485,1022
2022-09-08,San Joaquin,077,732212,196057,195697,14581,210278,2303
2022-09-08,San Luis Obispo,079,281455,62788,62569,7089,69658,519
2022-09-08,San Mateo,081,765935,166763,166165,10548,176713,735
2022-09-08,Santa Barbara,083,443738,104925,104627,6851,111478,717
2022-09-08,Santa Clara,085,1922200,427431,426854,18697,445551,2478
2022-09-08,Santa Cruz,087,273765,62491,62255,3398,65653,274
2022-09-08,Shasta,089,179085,34636,34531,7349,41880,591
2022-09-08,Sierra,091,2930,303,303,60,363,5
2022-09-08,Siskiyou,093,43540,5215,5197,3293,8490,90
2022-09-08,Solano,095,438530,104053,103841,7739,111580,461
2022-09-08,Sonoma,097,501317,105911,105778,5270,111048,521
2022-09-08,Stanislaus,099,539301,136961,136674,21446,158120,1726
2022-09-08,Sutter,101,95872,24051,24037,2462,26499,228
2022-09-08,Tehama,103,63373,13511,13471,3059,16530,210
2022-09-08,Trinity,105,12862,1388,1383,378,1761,20
2022-09-08,Tulare,107,460477,121154,120972,36035,157007,1529
2022-09-08,Tuolumne,109,53932,15419,15362,921,16283,196
2022-09-08,Ventura,111,848112,206848,206442,15578,222020,1558
2022-09-08,Yolo,113,214977,47056,46989,4355,51344,334
2022-09-08,Yuba,115,75493,18740,18709,1684,20393,129
2022-09-07,Alameda,001,1643700,343635,342480,19540,362020,1999
2022-09-07,Alpine,003,1148,134,133,1,134,0
2022-09-07,Amador,005,37829,9903,9877,917,10794,89
2022-09-07,Butte,007,227075,39216,38969,8922,47891,453
2022-09-07,Calaveras,009,45235,8442,8437,526,8963,133
2022-09-07,Colusa,011,21464,3766,3748,1267,5015,22
2022-09-07,Contra Costa,013,1133247,247830,245708,20425,266133,1415
2022-09-07,Del Norte,015,27424,7355,7346,402,7748,56
2022-09-07,El Dorado,017,186661,32064,31979,4223,36202,229
2022-09-07,Fresno,019,978130,273008,271753,31075,302828,2835
2022-09-07,Glenn,021,27897,5491,5468,1854,7322,48
2022-09-07,Humboldt,023,135768,21519,21459,4916,26375,155
2022-09-07,Imperial,025,180216,65009,64755,15524,80279,956
2022-09-07,Inyo,027,18085,4463,4456,932,5388,59
2022-09-07,Kern,029,883053,217872,216932,62502,279434,2404
2022-09-07,Kings,031,150075,59044,58922,4057,62979,455
2022-09-07,Lake,033,64148,12675,12647,1185,13832,143
2022-09-07,Lassen,035,31185,9933,9918,984,10902,64
2022-09-07,Los Angeles,037,10098052,3255178,3242352,177650,3420002,32971
2022-09-07,Madera,039,155013,43629,43533,8200,51733,373
2022-09-07,Marin,041,260295,44653,44489,5248,49737,305
2022-09-07,Mariposa,043,17540,3060,3046,357,3403,31
2022-09-07,Mendocino,045,87422,15875,15813,4441,20254,135
2022-09-07,Merced,047,269075,71838,71448,11707,83155,856
2022-09-07,Modoc,049,8938,873,868,317,1185,11
2022-09-07,Mono,051,14174,3192,3184,249,3433,7
2022-09-07,Monterey,053,433212,93632,93430,20826,114256,762
2022-09-07,Napa,055,140530,31903,31854,1406,33260,156
2022-09-07,Nevada,057,99092,18802,18761,1819,20580,132
2022-09-07,Orange,059,3164182,661924,660580,61223,721803,7362
2022-09-07,Placer,061,380077,75126,74884,9437,84321,658
2022-09-07,Plumas,063,18699,3602,3588,430,4018,13
2022-09-07,Riverside,065,2383286,690948,688794,34961,723755,6591
2022-09-07,Sacramento,067,1510023,343360,342602,33422,376024,3248
2022-09-07,San Benito,069,59416,16014,15933,954,16887,103
2022-09-07,San Bernardino,071,2135413,666697,660303,30711,691014,8023
2022-09-07,San Diego,073,3302833,916301,914552,70954,985506,5468
2022-09-07,San Francisco,075,870044,176903,176386,11963,188349,1018
2022-09-07,San Joaquin,077,732212,195945,195359,14568,209927,2303
2022-09-07,San Luis Obispo,079,281455,62769,62548,7084,69632,517
2022-09-07,San Mateo,081,765935,166662,165893,10541,176434,736
2022-09-07,Santa Barbara,083,443738,104883,104452,6844,111296,717
2022-09-07,Santa Clara,085,1922200,427154,426178,18684,444862,2472
2022-09-07,Santa Cruz,087,273765,62458,62187,3395,65582,274
2022-09-07,Shasta,089,179085,34615,34484,7331,41815,591
2022-09-07,Sierra,091,2930,303,303,60,363,5
2022-09-07,Siskiyou,093,43540,5210,5190,3292,8482,89
2022-09-07,Solano,095,438530,103995,103665,7732,111397,463
2022-09-07,Sonoma,097,501317,105849,105389,5266,110655,517
2022-09-07,Stanislaus,099,539301,136884,136477,21435,157912,1726
2022-09-07,Sutter,101,95872,24037,23984,2462,26446,228
2022-09-07,Tehama,103,63373,13508,13453,3055,16508,210
2022-09-07,Trinity,105,12862,1388,1382,378,1760,20
2022-09-07,Tulare,107,460477,121102,120846,36004,156850,1529
2022-09-07,Tuolumne,109,53932,15412,15327,921,16248,196
2022-09-07,Ventura,111,848112,206734,206121,15555,221676,1557
2022-09-07,Yolo,113,214977,47027,46966,4349,51315,334
2022-09-07,Yuba,115,75493,18727,18665,1683,20348,129
2022-09-06,Alameda,001,1643700,343370,342480,19526,362006,1999
2022-09-06,Alpine,003,1148,133,133,1,134,0
2022-09-06,Amador,005,37829,9900,9877,917,10794,89
2022-09-06,Butte,007,227075,39185,38969,8911,47880,453
2022-09-06,Calaveras,009,45235,8440,8437,524,8961,133
2022-09-06,Colusa,011,21464,3764,3748,1267,5015,22
2022-09-06,Contra Costa,013,1133247,247666,245708,20396,266104,1415
2022-09-06,Del Norte,015,27424,7347,7346,402,7748,56
2022-09-06,El Dorado,017,186661,32046,31979,4217,36196,229
2022-09-06,Fresno,019,978130,272876,271753,31047,302800,2835
2022-09-06,Glenn,021,27897,5489,5468,1852,7320,48
2022-09-06,Humboldt,023,135768,21502,21459,4910,26369,155
2022-09-06,Imperial,025,180216,64959,64755,15496,80251,956
2022-09-06,Inyo,027,18085,4461,4456,925,5381,59
2022-09-06,Kern,029,883053,217779,216932,62400,279332,2404
2022-09-06,Kings,031,150075,59004,58922,4052,62974,455
2022-09-06,Lake,033,64148,12672,12647,1169,13816,143
2022-09-06,Lassen,035,31185,9930,9918,982,10900,64
2022-09-06,Los Angeles,037,10098052,3253401,3242352,177438,3419790,32971
2022-09-06,Madera,039,155013,43587,43533,8195,51728,373
2022-09-06,Marin,041,260295,44622,44489,5244,49733,305
2022-09-06,Mariposa,043,17540,3059,3046,356,3402,31
2022-09-06,Mendocino,045,87422,15870,15813,4433,20246,135
2022-09-06,Merced,047,269075,71803,71448,11689,83137,856
2022-09-06,Modoc,049,8938,872,868,317,1185,11
2022-09-06,Mono,051,14174,3192,3184,248,3432,7
2022-09-06,Monterey,053,433212,93597,93430,20807,114237,762
2022-09-06,Napa,055,140530,31887,31854,1406,33260,156
2022-09-06,Nevada,057,99092,18793,18761,1814,20575,132
2022-09-06,Orange,059,3164182,661564,660580,61148,721728,7362
2022-09-06,Placer,061,380077,75082,74884,9435,84319,658
2022-09-06,Plumas,063,18699,3598,3588,430,4018,13
2022-09-06,Riverside,065,2383286,690478,688794,34926,723720,6591
2022-09-06,Sacramento,067,1510023,343145,342602,33379,375981,3248
2022-09-06,San Benito,069,59416,15998,15933,954,16887,103
2022-09-06,San Bernardino,071,2135413,666426,660303,30693,690996,8023
2022-09-06,San Diego,073,3302833,915792,914552,70901,985453,5468
2022-09-06,San Francisco,075,870044,176769,176386,11951,188337,1018
2022-09-06,San Joaquin,077,732212,195856,195359,14553,209912,2303
2022-09-06,San Luis Obispo,079,281455,62728,62548,7082,69630,517
2022-09-06,San Mateo,081,765935,166554,165893,10529,176422,736
2022-09-06,Santa Barbara,083,443738,104828,104452,6838,111290,717
2022-09-06,Santa Clara,085,1922200,426894,426178,18670,444848,2472
2022-09-06,Santa Cruz,087,273765,62378,62187,3395,65582,274
2022-09-06,Shasta,089,179085,34569,34484,7308,41792,591
2022-09-06,Sierra,091,2930,303,303,60,363,5
2022-09-06,Siskiyou,093,43540,5207,5190,3288,8478,89
2022-09-06,Solano,095,438530,103930,103665,7720,111385,463
2022-09-06,Sonoma,097,501317,105789,105389,5262,110651,517
2022-09-06,Stanislaus,099,539301,136815,136477,21419,157896,1726
2022-09-06,Sutter,101,95872,24012,23984,2462,26446,228
2022-09-06,Tehama,103,63373,13499,13453,3052,16505,210
2022-09-06,Trinity,105,12862,1387,1382,378,1760,20
2022-09-06,Tulare,107,460477,121053,120846,35965,156811,1529
2022-09-06,Tuolumne,109,53932,15401,15327,921,16248,196
2022-09-06,Ventura,111,848112,206591,206121,15535,221656,1557
2022-09-06,Yolo,113,214977,47011,46966,4338,51304,334
2022-09-06,Yuba,115,75493,18706,18665,1682,20347,129
2022-09-05,Alameda,001,1643700,343079,342480,19516,361996,1999
2022-09-05,Alpine,003,1148,133,133,1,134,0
2022-09-05,Amador,005,37829,9896,9877,917,10794,89
2022-09-05,Butte,007,227075,39140,38969,8897,47866,453
2022-09-05,Calaveras,009,45235,8437,8437,523,8960,133
2022-09-05,Colusa,011,21464,3757,3748,1264,5012,22
2022-09-05,Contra Costa,013,1133247,247479,245708,20376,266084,1415
2022-09-05,Del Norte,015,27424,7342,7346,400,7746,56
2022-09-05,El Dorado,017,186661,32024,31979,4209,36188,229
2022-09-05,Fresno,019,978130,272647,271753,30984,302737,2835
2022-09-05,Glenn,021,27897,5486,5468,1848,7316,48
2022-09-05,Humboldt,023,135768,21487,21459,4903,26362,155
2022-09-05,Imperial,025,180216,64906,64755,15452,80207,956
2022-09-05,Inyo,027,18085,4459,4456,923,5379,59
2022-09-05,Kern,029,883053,217650,216932,62271,279203,2404
2022-09-05,Kings,031,150075,58946,58922,4048,62970,455
2022-09-05,Lake,033,64148,12666,12647,1166,13813,143
2022-09-05,Lassen,035,31185,9921,9918,981,10899,64
2022-09-05,Los Angeles,037,10098052,3250983,3242352,177176,3419528,32971
2022-09-05,Madera,039,155013,43533,43533,8173,51706,373
2022-09-05,Marin,041,260295,44595,44489,5242,49731,305
2022-09-05,Mariposa,043,17540,3054,3046,356,3402,31
2022-09-05,Mendocino,045,87422,15851,15813,4420,20233,135
2022-09-05,Merced,047,269075,71740,71448,11658,83106,856
2022-09-05,Modoc,049,8938,871,868,316,1184,11
2022-09-05,Mono,051,14174,3190,3184,245,3429,7
2022-09-05,Monterey,053,433212,93532,93430,20786,114216,762
2022-09-05,Napa,055,140530,31860,31854,1402,33256,156
2022-09-05,Nevada,057,99092,18786,18761,1809,20570,132
2022-09-05,Orange,059,3164182,661094,660580,61049,721629,7362
2022-09-05,Placer,061,380077,75032,74884,9431,84315,658
2022-09-05,Plumas,063,18699,3597,3588,430,4018,13
2022-09-05,Riverside,065,2383286,689967,688794,34874,723668,6591
2022-09-05,Sacramento,067,1510023,342858,342602,33314,375916,3248
2022-09-05,San Benito,069,59416,15973,15933,950,16883,103
2022-09-05,San Bernardino,071,2135413,665998,660303,30658,690961,8023
2022-09-05,San Diego,073,3302833,915165,914552,70810,985362,5468
2022-09-05,San Francisco,075,870044,176606,176386,11944,188330,1018
2022-09-05,San Joaquin,077,732212,195717,195359,14540,209899,2303
2022-09-05,San Luis Obispo,079,281455,62675,62548,7064,69612,517
2022-09-05,San Mateo,081,765935,166433,165893,10520,176413,736
2022-09-05,Santa Barbara,083,443738,104743,104452,6831,111283,717
2022-09-05,Santa Clara,085,1922200,426531,426178,18653,444831,2472
2022-09-05,Santa Cruz,087,273765,62320,62187,3390,65577,274
2022-09-05,Shasta,089,179085,34538,34484,7295,41779,591
2022-09-05,Sierra,091,2930,303,303,60,363,5
2022-09-05,Siskiyou,093,43540,5201,5190,3288,8478,89
2022-09-05,Solano,095,438530,103834,103665,7703,111368,463
2022-09-05,Sonoma,097,501317,105717,105389,5255,110644,517
2022-09-05,Stanislaus,099,539301,136717,136477,21402,157879,1726
2022-09-05,Sutter,101,95872,23988,23984,2460,26444,228
2022-09-05,Tehama,103,63373,13491,13453,3051,16504,210
2022-09-05,Trinity,105,12862,1387,1382,377,1759,20
2022-09-05,Tulare,107,460477,120958,120846,35904,156750,1529
2022-09-05,Tuolumne,109,53932,15382,15327,920,16247,196
2022-09-05,Ventura,111,848112,206417,206121,15495,221616,1557
2022-09-05,Yolo,113,214977,46987,46966,4330,51296,334
2022-09-05,Yuba,115,75493,18684,18665,1681,20346,129
2022-09-04,Alameda,001,1643700,342940,341621,19503,361124,1998
2022-09-04,Alpine,003,1148,133,133,1,134,0
2022-09-04,Amador,005,37829,9892,9855,916,10771,89
2022-09-04,Butte,007,227075,39119,38851,8889,47740,453
2022-09-04,Calaveras,009,45235,8435,8422,522,8944,133
2022-09-04,Colusa,011,21464,3756,3742,1261,5003,22
2022-09-04,Contra Costa,013,1133247,247375,245022,20369,265391,1410
2022-09-04,Del Norte,015,27424,7341,7340,399,7739,56
2022-09-04,El Dorado,017,186661,32008,31929,4205,36134,229
2022-09-04,Fresno,019,978130,272539,271062,30973,302035,2835
2022-09-04,Glenn,021,27897,5485,5462,1848,7310,48
2022-09-04,Humboldt,023,135768,21477,21390,4899,26289,154
2022-09-04,Imperial,025,180216,64879,64678,15440,80118,956
2022-09-04,Inyo,027,18085,4457,4449,920,5369,59
2022-09-04,Kern,029,883053,217567,216471,62176,278647,2404
2022-09-04,Kings,031,150075,58932,58753,4048,62801,455
2022-09-04,Lake,033,64148,12659,12608,1165,13773,143
2022-09-04,Lassen,035,31185,9918,9908,981,10889,64
2022-09-04,Los Angeles,037,10098052,3250046,3235242,177059,3412301,32927
2022-09-04,Madera,039,155013,43520,43403,8165,51568,373
2022-09-04,Marin,041,260295,44569,44394,5237,49631,305
2022-09-04,Mariposa,043,17540,3053,3036,356,3392,31
2022-09-04,Mendocino,045,87422,15847,15781,4419,20200,134
2022-09-04,Merced,047,269075,71716,71280,11653,82933,856
2022-09-04,Modoc,049,8938,871,868,316,1184,11
2022-09-04,Mono,051,14174,3190,3183,245,3428,7
2022-09-04,Monterey,053,433212,93500,93246,20764,114010,761
2022-09-04,Napa,055,140530,31851,31799,1402,33201,156
2022-09-04,Nevada,057,99092,18778,18705,1806,20511,132
2022-09-04,Orange,059,3164182,660921,659290,60998,720288,7347
2022-09-04,Placer,061,380077,74997,74754,9429,84183,657
2022-09-04,Plumas,063,18699,3595,3587,430,4017,13
2022-09-04,Riverside,065,2383286,689777,687184,34856,722040,6581
2022-09-04,Sacramento,067,1510023,342760,341766,33296,375062,3243
2022-09-04,San Benito,069,59416,15968,15900,950,16850,103
2022-09-04,San Bernardino,071,2135413,665852,658354,30642,688996,8006
2022-09-04,San Diego,073,3302833,914928,912824,70791,983615,5464
2022-09-04,San Francisco,075,870044,176529,176131,11939,188070,1015
2022-09-04,San Joaquin,077,732212,195594,194904,14526,209430,2301
2022-09-04,San Luis Obispo,079,281455,62665,62455,7060,69515,517
2022-09-04,San Mateo,081,765935,166377,165520,10516,176036,738
2022-09-04,Santa Barbara,083,443738,104692,104161,6826,110987,716
2022-09-04,Santa Clara,085,1922200,426333,425040,18639,443679,2473
2022-09-04,Santa Cruz,087,273765,62301,61989,3389,65378,273
2022-09-04,Shasta,089,179085,34531,34422,7288,41710,591
2022-09-04,Sierra,091,2930,303,303,60,363,5
2022-09-04,Siskiyou,093,43540,5198,5168,3285,8453,89
2022-09-04,Solano,095,438530,103816,103457,7699,111156,461
2022-09-04,Sonoma,097,501317,105691,105162,5250,110412,517
2022-09-04,Stanislaus,099,539301,136657,136168,21394,157562,1726
2022-09-04,Sutter,101,95872,23973,23927,2460,26387,228
2022-09-04,Tehama,103,63373,13483,13406,3048,16454,210
2022-09-04,Trinity,105,12862,1387,1377,376,1753,20
2022-09-04,Tulare,107,460477,120916,120592,35868,156460,1527
2022-09-04,Tuolumne,109,53932,15368,15294,919,16213,196
2022-09-04,Ventura,111,848112,206328,205627,15484,221111,1558
2022-09-04,Yolo,113,214977,46977,46882,4324,51206,334
2022-09-04,Yuba,115,75493,18680,18615,1681,20296,129
2022-09-03,Alameda,001,1643700,342816,341621,19498,361119,1998
2022-09-03,Alpine,003,1148,133,133,1,134,0
2022-09-03,Amador,005,37829,9887,9855,915,10770,89
2022-09-03,Butte,007,227075,39102,38851,8881,47732,453
2022-09-03,Calaveras,009,45235,8434,8422,522,8944,133
2022-09-03,Colusa,011,21464,3756,3742,1260,5002,22
2022-09-03,Contra Costa,013,1133247,247268,245022,20359,265381,1410
2022-09-03,Del Norte,015,27424,7341,7340,399,7739,56
2022-09-03,El Dorado,017,186661,32000,31929,4203,36132,229
2022-09-03,Fresno,019,978130,272459,271062,30958,302020,2835
2022-09-03,Glenn,021,27897,5484,5462,1848,7310,48
2022-09-03,Humboldt,023,135768,21469,21390,4899,26289,154
2022-09-03,Imperial,025,180216,64860,64678,15430,80108,956
2022-09-03,Inyo,027,18085,4456,4449,918,5367,59
2022-09-03,Kern,029,883053,217499,216471,62110,278581,2404
2022-09-03,Kings,031,150075,58919,58753,4048,62801,455
2022-09-03,Lake,033,64148,12653,12608,1165,13773,143
2022-09-03,Lassen,035,31185,9918,9908,981,10889,64
2022-09-03,Los Angeles,037,10098052,3249099,3235242,176926,3412168,32927
2022-09-03,Madera,039,155013,43501,43403,8164,51567,373
2022-09-03,Marin,041,260295,44555,44394,5234,49628,305
2022-09-03,Mariposa,043,17540,3052,3036,355,3391,31
2022-09-03,Mendocino,045,87422,15835,15781,4416,20197,134
2022-09-03,Merced,047,269075,71690,71280,11650,82930,856
2022-09-03,Modoc,049,8938,871,868,316,1184,11
2022-09-03,Mono,051,14174,3190,3183,244,3427,7
2022-09-03,Monterey,053,433212,93485,93246,20752,113998,761
2022-09-03,Napa,055,140530,31845,31799,1402,33201,156
2022-09-03,Nevada,057,99092,18772,18705,1806,20511,132
2022-09-03,Orange,059,3164182,660726,659290,60942,720232,7347
2022-09-03,Placer,061,380077,74965,74754,9427,84181,657
2022-09-03,Plumas,063,18699,3593,3587,430,4017,13
2022-09-03,Riverside,065,2383286,689575,687184,34830,722014,6581
2022-09-03,Sacramento,067,1510023,342641,341766,33286,375052,3243
2022-09-03,San Benito,069,59416,15962,15900,949,16849,103
2022-09-03,San Bernardino,071,2135413,665666,658354,30616,688970,8006
2022-09-03,San Diego,073,3302833,914681,912824,70773,983597,5464
2022-09-03,San Francisco,075,870044,176475,176131,11934,188065,1015
2022-09-03,San Joaquin,077,732212,195539,194904,14516,209420,2301
2022-09-03,San Luis Obispo,079,281455,62655,62455,7057,69512,517
2022-09-03,San Mateo,081,765935,166316,165520,10506,176026,738
2022-09-03,Santa Barbara,083,443738,104647,104161,6821,110982,716
2022-09-03,Santa Clara,085,1922200,426154,425040,18632,443672,2473
2022-09-03,Santa Cruz,087,273765,62282,61989,3388,65377,273
2022-09-03,Shasta,089,179085,34519,34422,7284,41706,591
2022-09-03,Sierra,091,2930,303,303,60,363,5
2022-09-03,Siskiyou,093,43540,5195,5168,3285,8453,89
2022-09-03,Solano,095,438530,103802,103457,7695,111152,461
2022-09-03,Sonoma,097,501317,105668,105162,5250,110412,517
2022-09-03,Stanislaus,099,539301,136616,136168,21389,157557,1726
2022-09-03,Sutter,101,95872,23963,23927,2459,26386,228
2022-09-03,Tehama,103,63373,13478,13406,3047,16453,210
2022-09-03,Trinity,105,12862,1387,1377,376,1753,20
2022-09-03,Tulare,107,460477,120884,120592,35830,156422,1527
2022-09-03,Tuolumne,109,53932,15364,15294,918,16212,196
2022-09-03,Ventura,111,848112,206249,205627,15471,221098,1558
2022-09-03,Yolo,113,214977,46967,46882,4322,51204,334
2022-09-03,Yuba,115,75493,18671,18615,1680,20295,129
2022-09-02,Alameda,001,1643700,342685,341621,19492,361113,1998
2022-09-02,Alpine,003,1148,133,133,1,134,0
2022-09-02,Amador,005,37829,9885,9855,915,10770,89
2022-09-02,Butte,007,227075,39090,38851,8869,47720,453
2022-09-02,Calaveras,009,45235,8430,8422,521,8943,133
2022-09-02,Colusa,011,21464,3755,3742,1260,5002,22
2022-09-02,Contra Costa,013,1133247,247174,245022,20346,265368,1410
2022-09-02,Del Norte,015,27424,7341,7340,397,7737,56
2022-09-02,El Dorado,017,186661,31989,31929,4201,36130,229
2022-09-02,Fresno,019,978130,272345,271062,30938,302000,2835
2022-09-02,Glenn,021,27897,5480,5462,1848,7310,48
2022-09-02,Humboldt,023,135768,21461,21390,4895,26285,154
2022-09-02,Imperial,025,180216,64839,64678,15417,80095,956
2022-09-02,Inyo,027,18085,4453,4449,917,5366,59
2022-09-02,Kern,029,883053,217417,216471,62042,278513,2404
2022-09-02,Kings,031,150075,58907,58753,4045,62798,455
2022-09-02,Lake,033,64148,12649,12608,1164,13772,143
2022-09-02,Lassen,035,31185,9917,9908,981,10889,64
2022-09-02,Los Angeles,037,10098052,3248051,3235242,176768,3412010,32927
2022-09-02,Madera,039,155013,43488,43403,8159,51562,373
2022-09-02,Marin,041,260295,44537,44394,5224,49618,305
2022-09-02,Mariposa,043,17540,3049,3036,353,3389,31
2022-09-02,Mendocino,045,87422,15833,15781,4415,20196,134
2022-09-02,Merced,047,269075,71664,71280,11647,82927,856
2022-09-02,Modoc,049,8938,871,868,316,1184,11
2022-09-02,Mono,051,14174,3190,3183,244,3427,7
2022-09-02,Monterey,053,433212,93458,93246,20735,113981,761
2022-09-02,Napa,055,140530,31832,31799,1402,33201,156
2022-09-02,Nevada,057,99092,18767,18705,1804,20509,132
2022-09-02,Orange,059,3164182,660538,659290,60880,720170,7347
2022-09-02,Placer,061,380077,74948,74754,9421,84175,657
2022-09-02,Plumas,063,18699,3592,3587,430,4017,13
2022-09-02,Riverside,065,2383286,689328,687184,34815,721999,6581
2022-09-02,Sacramento,067,1510023,342496,341766,33279,375045,3243
2022-09-02,San Benito,069,59416,15955,15900,949,16849,103
2022-09-02,San Bernardino,071,2135413,665491,658354,30600,688954,8006
2022-09-02,San Diego,073,3302833,914411,912824,70746,983570,5464
2022-09-02,San Francisco,075,870044,176409,176131,11917,188048,1015
2022-09-02,San Joaquin,077,732212,195436,194904,14496,209400,2301
2022-09-02,San Luis Obispo,079,281455,62639,62455,7056,69511,517
2022-09-02,San Mateo,081,765935,166233,165520,10503,176023,738
2022-09-02,Santa Barbara,083,443738,104601,104161,6817,110978,716
2022-09-02,Santa Clara,085,1922200,425957,425040,18619,443659,2473
2022-09-02,Santa Cruz,087,273765,62259,61989,3386,65375,273
2022-09-02,Shasta,089,179085,34513,34422,7282,41704,591
2022-09-02,Sierra,091,2930,303,303,60,363,5
2022-09-02,Siskiyou,093,43540,5192,5168,3285,8453,89
2022-09-02,Solano,095,438530,103768,103457,7691,111148,461
2022-09-02,Sonoma,097,501317,105634,105162,5246,110408,517
2022-09-02,Stanislaus,099,539301,136570,136168,21383,157551,1726
2022-09-02,Sutter,101,95872,23952,23927,2459,26386,228
2022-09-02,Tehama,103,63373,13476,13406,3044,16450,210
2022-09-02,Trinity,105,12862,1386,1377,376,1753,20
2022-09-02,Tulare,107,460477,120842,120592,35806,156398,1527
2022-09-02,Tuolumne,109,53932,15362,15294,917,16211,196
2022-09-02,Ventura,111,848112,206158,205627,15458,221085,1558
2022-09-02,Yolo,113,214977,46956,46882,4319,51201,334
2022-09-02,Yuba,115,75493,18663,18615,1677,20292,129
2022-09-01,Alameda,001,1643700,342456,341621,19476,361097,1998
2022-09-01,Alpine,003,1148,133,133,1,134,0
2022-09-01,Amador,005,37829,9881,9855,915,10770,89
2022-09-01,Butte,007,227075,39062,38851,8854,47705,453
2022-09-01,Calaveras,009,45235,8424,8422,520,8942,133
2022-09-01,Colusa,011,21464,3751,3742,1260,5002,22
2022-09-01,Contra Costa,013,1133247,247025,245022,20321,265343,1410
2022-09-01,Del Norte,015,27424,7340,7340,395,7735,56
2022-09-01,El Dorado,017,186661,31979,31929,4200,36129,229
2022-09-01,Fresno,019,978130,272167,271062,30876,301938,2835
2022-09-01,Glenn,021,27897,5478,5462,1848,7310,48
2022-09-01,Humboldt,023,135768,21448,21390,4888,26278,154
2022-09-01,Imperial,025,180216,64792,64678,15395,80073,956
2022-09-01,Inyo,027,18085,4451,4449,916,5365,59
2022-09-01,Kern,029,883053,217342,216471,61926,278397,2404
2022-09-01,Kings,031,150075,58879,58753,4043,62796,455
2022-09-01,Lake,033,64148,12639,12608,1162,13770,143
2022-09-01,Lassen,035,31185,9917,9908,979,10887,64
2022-09-01,Los Angeles,037,10098052,3246481,3235242,176549,3411791,32927
2022-09-01,Madera,039,155013,43451,43403,8156,51559,373
2022-09-01,Marin,041,260295,44504,44394,5216,49610,305
2022-09-01,Mariposa,043,17540,3048,3036,353,3389,31
2022-09-01,Mendocino,045,87422,15828,15781,4413,20194,134
2022-09-01,Merced,047,269075,71631,71280,11630,82910,856
2022-09-01,Modoc,049,8938,871,868,315,1183,11
2022-09-01,Mono,051,14174,3190,3183,243,3426,7
2022-09-01,Monterey,053,433212,93419,93246,20714,113960,761
2022-09-01,Napa,055,140530,31813,31799,1402,33201,156
2022-09-01,Nevada,057,99092,18758,18705,1804,20509,132
2022-09-01,Orange,059,3164182,660229,659290,60801,720091,7347
2022-09-01,Placer,061,380077,74911,74754,9414,84168,657
2022-09-01,Plumas,063,18699,3591,3587,430,4017,13
2022-09-01,Riverside,065,2383286,688990,687184,34776,721960,6581
2022-09-01,Sacramento,067,1510023,342301,341766,33239,375005,3243
2022-09-01,San Benito,069,59416,15947,15900,948,16848,103
2022-09-01,San Bernardino,071,2135413,665163,658354,30566,688920,8006
2022-09-01,San Diego,073,3302833,913996,912824,70697,983521,5464
2022-09-01,San Francisco,075,870044,176272,176131,11905,188036,1015
2022-09-01,San Joaquin,077,732212,195345,194904,14475,209379,2301
2022-09-01,San Luis Obispo,079,281455,62603,62455,7047,69502,517
2022-09-01,San Mateo,081,765935,166138,165520,10494,176014,738
2022-09-01,Santa Barbara,083,443738,104540,104161,6808,110969,716
2022-09-01,Santa Clara,085,1922200,425670,425040,18610,443650,2473
2022-09-01,Santa Cruz,087,273765,62206,61989,3381,65370,273
2022-09-01,Shasta,089,179085,34493,34422,7277,41699,591
2022-09-01,Sierra,091,2930,303,303,60,363,5
2022-09-01,Siskiyou,093,43540,5191,5168,3284,8452,89
2022-09-01,Solano,095,438530,103700,103457,7688,111145,461
2022-09-01,Sonoma,097,501317,105566,105162,5237,110399,517
2022-09-01,Stanislaus,099,539301,136489,136168,21367,157535,1726
2022-09-01,Sutter,101,95872,23934,23927,2456,26383,228
2022-09-01,Tehama,103,63373,13470,13406,3041,16447,210
2022-09-01,Trinity,105,12862,1385,1377,373,1750,20
2022-09-01,Tulare,107,460477,120788,120592,35762,156354,1527
2022-09-01,Tuolumne,109,53932,15354,15294,917,16211,196
2022-09-01,Ventura,111,848112,206013,205627,15440,221067,1558
2022-09-01,Yolo,113,214977,46929,46882,4310,51192,334
2022-09-01,Yuba,115,75493,18649,18615,1677,20292,129
2022-08-31,Alameda,001,1643700,342224,340789,19461,360250,1986
2022-08-31,Alpine,003,1148,133,133,1,134,0
2022-08-31,Amador,005,37829,9877,9829,913,10742,89
2022-08-31,Butte,007,227075,39026,38720,8838,47558,452
2022-08-31,Calaveras,009,45235,8420,8404,519,8923,133
2022-08-31,Colusa,011,21464,3750,3744,1260,5004,22
2022-08-31,Contra Costa,013,1133247,246868,244168,20294,264462,1409
2022-08-31,Del Norte,015,27424,7337,7333,395,7728,56
2022-08-31,El Dorado,017,186661,31972,31864,4194,36058,226
2022-08-31,Fresno,019,978130,271986,270456,30742,301198,2829
2022-08-31,Glenn,021,27897,5477,5448,1847,7295,48
2022-08-31,Humboldt,023,135768,21423,21325,4883,26208,154
2022-08-31,Imperial,025,180216,64762,64562,15373,79935,953
2022-08-31,Inyo,027,18085,4449,4444,915,5359,59
2022-08-31,Kern,029,883053,217230,216037,61790,277827,2404
2022-08-31,Kings,031,150075,58843,58629,4038,62667,455
2022-08-31,Lake,033,64148,12627,12563,1162,13725,142
2022-08-31,Lassen,035,31185,9912,9889,978,10867,64
2022-08-31,Los Angeles,037,10098052,3244670,3228552,176314,3404866,32877
2022-08-31,Madera,039,155013,43416,43269,8142,51411,372
2022-08-31,Marin,041,260295,44474,44330,5210,49540,305
2022-08-31,Mariposa,043,17540,3048,3025,352,3377,31
2022-08-31,Mendocino,045,87422,15821,15733,4408,20141,134
2022-08-31,Merced,047,269075,71603,71089,11605,82694,852
2022-08-31,Modoc,049,8938,869,865,315,1180,11
2022-08-31,Mono,051,14174,3189,3181,242,3423,7
2022-08-31,Monterey,053,433212,93376,93046,20692,113738,762
2022-08-31,Napa,055,140530,31798,31725,1400,33125,156
2022-08-31,Nevada,057,99092,18741,18649,1803,20452,132
2022-08-31,Orange,059,3164182,659822,658076,60712,718788,7340
2022-08-31,Placer,061,380077,74870,74612,9407,84019,657
2022-08-31,Plumas,063,18699,3590,3581,430,4011,13
2022-08-31,Riverside,065,2383286,688583,685704,34736,720440,6581
2022-08-31,Sacramento,067,1510023,342092,340949,33193,374142,3230
2022-08-31,San Benito,069,59416,15935,15860,946,16806,103
2022-08-31,San Bernardino,071,2135413,664733,656343,30527,686870,8014
2022-08-31,San Diego,073,3302833,913526,910878,70641,981519,5459
2022-08-31,San Francisco,075,870044,176157,175752,11896,187648,1001
2022-08-31,San Joaquin,077,732212,195187,194437,14457,208894,2298
2022-08-31,San Luis Obispo,079,281455,62574,62312,7034,69346,515
2022-08-31,San Mateo,081,765935,166035,165161,10487,175648,738
2022-08-31,Santa Barbara,083,443738,104452,103894,6799,110693,717
2022-08-31,Santa Clara,085,1922200,425367,424011,18593,442604,2467
2022-08-31,Santa Cruz,087,273765,62157,61812,3378,65190,272
2022-08-31,Shasta,089,179085,34478,34355,7270,41625,590
2022-08-31,Sierra,091,2930,303,302,60,362,5
2022-08-31,Siskiyou,093,43540,5183,5152,3283,8435,89
2022-08-31,Solano,095,438530,103637,103173,7684,110857,461
2022-08-31,Sonoma,097,501317,105494,104964,5226,110190,527
2022-08-31,Stanislaus,099,539301,136400,135801,21343,157144,1722
2022-08-31,Sutter,101,95872,23919,23856,2455,26311,228
2022-08-31,Tehama,103,63373,13457,13370,3036,16406,210
2022-08-31,Trinity,105,12862,1385,1373,373,1746,20
2022-08-31,Tulare,107,460477,120712,120346,35715,156061,1527
2022-08-31,Tuolumne,109,53932,15345,15250,915,16165,196
2022-08-31,Ventura,111,848112,205868,205157,15423,220580,1557
2022-08-31,Yolo,113,214977,46896,46807,4301,51108,334
2022-08-31,Yuba,115,75493,18627,18558,1673,20231,129
2022-08-30,Alameda,001,1643700,341977,340789,19442,360231,1986
2022-08-30,Alpine,003,1148,133,133,1,134,0
2022-08-30,Amador,005,37829,9866,9829,913,10742,89
2022-08-30,Butte,007,227075,38990,38720,8823,47543,452
2022-08-30,Calaveras,009,45235,8417,8404,517,8921,133
2022-08-30,Colusa,011,21464,3750,3744,1258,5002,22
2022-08-30,Contra Costa,013,1133247,246713,244168,20275,264443,1409
2022-08-30,Del Norte,015,27424,7336,7333,395,7728,56
2022-08-30,El Dorado,017,186661,31955,31864,4190,36054,226
2022-08-30,Fresno,019,978130,271788,270456,30642,301098,2829
2022-08-30,Glenn,021,27897,5477,5448,1846,7294,48
2022-08-30,Humboldt,023,135768,21402,21325,4879,26204,154
2022-08-30,Imperial,025,180216,64716,64562,15337,79899,953
2022-08-30,Inyo,027,18085,4448,4444,912,5356,59
2022-08-30,Kern,029,883053,217100,216037,61642,277679,2404
2022-08-30,Kings,031,150075,58787,58629,4034,62663,455
2022-08-30,Lake,033,64148,12617,12563,1160,13723,142
2022-08-30,Lassen,035,31185,9908,9889,978,10867,64
2022-08-30,Los Angeles,037,10098052,3242586,3228552,176052,3404604,32877
2022-08-30,Madera,039,155013,43367,43269,8125,51394,372
2022-08-30,Marin,041,260295,44442,44330,5205,49535,305
2022-08-30,Mariposa,043,17540,3046,3025,350,3375,31
2022-08-30,Mendocino,045,87422,15810,15733,4398,20131,134
2022-08-30,Merced,047,269075,71553,71089,11583,82672,852
2022-08-30,Modoc,049,8938,869,865,315,1180,11
2022-08-30,Mono,051,14174,3187,3181,242,3423,7
2022-08-30,Monterey,053,433212,93330,93046,20677,113723,762
2022-08-30,Napa,055,140530,31780,31725,1399,33124,156
2022-08-30,Nevada,057,99092,18723,18649,1783,20432,132
2022-08-30,Orange,059,3164182,659378,658076,60601,718677,7340
2022-08-30,Placer,061,380077,74835,74612,9399,84011,657
2022-08-30,Plumas,063,18699,3589,3581,430,4011,13
2022-08-30,Riverside,065,2383286,688141,685704,34697,720401,6581
2022-08-30,Sacramento,067,1510023,341898,340949,33153,374102,3230
2022-08-30,San Benito,069,59416,15922,15860,942,16802,103
2022-08-30,San Bernardino,071,2135413,664263,656343,30494,686837,8014
2022-08-30,San Diego,073,3302833,912994,910878,70547,981425,5459
2022-08-30,San Francisco,075,870044,176038,175752,11886,187638,1001
2022-08-30,San Joaquin,077,732212,195036,194437,14423,208860,2298
2022-08-30,San Luis Obispo,079,281455,62537,62312,7018,69330,515
2022-08-30,San Mateo,081,765935,165929,165161,10477,175638,738
2022-08-30,Santa Barbara,083,443738,104359,103894,6787,110681,717
2022-08-30,Santa Clara,085,1922200,425040,424011,18578,442589,2467
2022-08-30,Santa Cruz,087,273765,62108,61812,3369,65181,272
2022-08-30,Shasta,089,179085,34455,34355,7265,41620,590
2022-08-30,Sierra,091,2930,303,302,60,362,5
2022-08-30,Siskiyou,093,43540,5175,5152,3281,8433,89
2022-08-30,Solano,095,438530,103550,103173,7677,110850,461
2022-08-30,Sonoma,097,501317,105429,104964,5219,110183,527
2022-08-30,Stanislaus,099,539301,136294,135801,21328,157129,1722
2022-08-30,Sutter,101,95872,23901,23856,2455,26311,228
2022-08-30,Tehama,103,63373,13450,13370,3029,16399,210
2022-08-30,Trinity,105,12862,1384,1373,372,1745,20
2022-08-30,Tulare,107,460477,120629,120346,35660,156006,1527
2022-08-30,Tuolumne,109,53932,15330,15250,915,16165,196
2022-08-30,Ventura,111,848112,205711,205157,15380,220537,1557
2022-08-30,Yolo,113,214977,46877,46807,4296,51103,334
2022-08-30,Yuba,115,75493,18615,18558,1671,20229,129
2022-08-29,Alameda,001,1643700,341654,340789,19411,360200,1986
2022-08-29,Alpine,003,1148,133,133,1,134,0
2022-08-29,Amador,005,37829,9852,9829,912,10741,89
2022-08-29,Butte,007,227075,38948,38720,8807,47527,452
2022-08-29,Calaveras,009,45235,8416,8404,515,8919,133
2022-08-29,Colusa,011,21464,3750,3744,1258,5002,22
2022-08-29,Contra Costa,013,1133247,246536,244168,20250,264418,1409
2022-08-29,Del Norte,015,27424,7335,7333,395,7728,56
2022-08-29,El Dorado,017,186661,31939,31864,4184,36048,226
2022-08-29,Fresno,019,978130,271562,270456,30600,301056,2829
2022-08-29,Glenn,021,27897,5475,5448,1843,7291,48
2022-08-29,Humboldt,023,135768,21379,21325,4872,26197,154
2022-08-29,Imperial,025,180216,64674,64562,15297,79859,953
2022-08-29,Inyo,027,18085,4447,4444,908,5352,59
2022-08-29,Kern,029,883053,216933,216037,61506,277543,2404
2022-08-29,Kings,031,150075,58717,58629,4030,62659,455
2022-08-29,Lake,033,64148,12603,12563,1159,13722,142
2022-08-29,Lassen,035,31185,9902,9889,978,10867,64
2022-08-29,Los Angeles,037,10098052,3240373,3228552,175775,3404327,32877
2022-08-29,Madera,039,155013,43329,43269,8104,51373,372
2022-08-29,Marin,041,260295,44408,44330,5199,49529,305
2022-08-29,Mariposa,043,17540,3043,3025,348,3373,31
2022-08-29,Mendocino,045,87422,15797,15733,4385,20118,134
2022-08-29,Merced,047,269075,71495,71089,11551,82640,852
2022-08-29,Modoc,049,8938,868,865,314,1179,11
2022-08-29,Mono,051,14174,3186,3181,242,3423,7
2022-08-29,Monterey,053,433212,93294,93046,20646,113692,762
2022-08-29,Napa,055,140530,31760,31725,1399,33124,156
2022-08-29,Nevada,057,99092,18707,18649,1781,20430,132
2022-08-29,Orange,059,3164182,658939,658076,60516,718592,7340
2022-08-29,Placer,061,380077,74796,74612,9386,83998,657
2022-08-29,Plumas,063,18699,3588,3581,430,4011,13
2022-08-29,Riverside,065,2383286,687574,685704,34638,720342,6581
2022-08-29,Sacramento,067,1510023,341624,340949,33097,374046,3230
2022-08-29,San Benito,069,59416,15909,15860,940,16800,103
2022-08-29,San Bernardino,071,2135413,663689,656343,30454,686797,8014
2022-08-29,San Diego,073,3302833,912368,910878,70477,981355,5459
2022-08-29,San Francisco,075,870044,175934,175752,11875,187627,1001
2022-08-29,San Joaquin,077,732212,194892,194437,14397,208834,2298
2022-08-29,San Luis Obispo,079,281455,62504,62312,7005,69317,515
2022-08-29,San Mateo,081,765935,165823,165161,10469,175630,738
2022-08-29,Santa Barbara,083,443738,104264,103894,6776,110670,717
2022-08-29,Santa Clara,085,1922200,424647,424011,18552,442563,2467
2022-08-29,Santa Cruz,087,273765,62041,61812,3361,65173,272
2022-08-29,Shasta,089,179085,34436,34355,7252,41607,590
2022-08-29,Sierra,091,2930,303,302,60,362,5
2022-08-29,Siskiyou,093,43540,5171,5152,3280,8432,89
2022-08-29,Solano,095,438530,103469,103173,7667,110840,461
2022-08-29,Sonoma,097,501317,105351,104964,5212,110176,527
2022-08-29,Stanislaus,099,539301,136175,135801,21294,157095,1722
2022-08-29,Sutter,101,95872,23874,23856,2451,26307,228
2022-08-29,Tehama,103,63373,13441,13370,3028,16398,210
2022-08-29,Trinity,105,12862,1383,1373,372,1745,20
2022-08-29,Tulare,107,460477,120541,120346,35588,155934,1527
2022-08-29,Tuolumne,109,53932,15315,15250,915,16165,196
2022-08-29,Ventura,111,848112,205566,205157,15354,220511,1557
2022-08-29,Yolo,113,214977,46851,46807,4286,51093,334
2022-08-29,Yuba,115,75493,18597,18558,1666,20224,129
2022-08-28,Alameda,001,1643700,341331,339618,19387,359005,1978
2022-08-28,Alpine,003,1148,133,133,1,134,0
2022-08-28,Amador,005,37829,9845,9802,910,10712,89
2022-08-28,Butte,007,227075,38898,38606,8795,47401,452
2022-08-28,Calaveras,009,45235,8408,8368,514,8882,133
2022-08-28,Colusa,011,21464,3748,3736,1254,4990,22
2022-08-28,Contra Costa,013,1133247,246319,243331,20228,263559,1404
2022-08-28,Del Norte,015,27424,7329,7316,394,7710,55
2022-08-28,El Dorado,017,186661,31909,31760,4175,35935,226
2022-08-28,Fresno,019,978130,271317,269680,30543,300223,2829
2022-08-28,Glenn,021,27897,5472,5434,1841,7275,49
2022-08-28,Humboldt,023,135768,21355,21264,4857,26121,154
2022-08-28,Imperial,025,180216,64622,64391,15248,79639,953
2022-08-28,Inyo,027,18085,4446,4443,905,5348,59
2022-08-28,Kern,029,883053,216795,215612,61328,276940,2399
2022-08-28,Kings,031,150075,58660,58443,4019,62462,455
2022-08-28,Lake,033,64148,12591,12524,1155,13679,142
2022-08-28,Lassen,035,31185,9891,9871,978,10849,64
2022-08-28,Los Angeles,037,10098052,3237690,3219328,175425,3394753,32833
2022-08-28,Madera,039,155013,43281,43105,8071,51176,372
2022-08-28,Marin,041,260295,44376,44192,5190,49382,305
2022-08-28,Mariposa,043,17540,3037,3018,347,3365,31
2022-08-28,Mendocino,045,87422,15783,15698,4381,20079,134
2022-08-28,Merced,047,269075,71424,70906,11498,82404,851
2022-08-28,Modoc,049,8938,868,865,314,1179,11
2022-08-28,Mono,051,14174,3185,3181,242,3423,7
2022-08-28,Monterey,053,433212,93227,92844,20617,113461,760
2022-08-28,Napa,055,140530,31732,31668,1398,33066,156
2022-08-28,Nevada,057,99092,18685,18592,1780,20372,132
2022-08-28,Orange,059,3164182,658480,656440,60407,716847,7326
2022-08-28,Placer,061,380077,74751,74391,9373,83764,657
2022-08-28,Plumas,063,18699,3585,3571,430,4001,13
2022-08-28,Riverside,065,2383286,686943,683511,34568,718079,6580
2022-08-28,Sacramento,067,1510023,341304,339846,33024,372870,3222
2022-08-28,San Benito,069,59416,15896,15805,937,16742,103
2022-08-28,San Bernardino,071,2135413,663093,653843,30393,684236,8017
2022-08-28,San Diego,073,3302833,911614,908809,70379,979188,5456
2022-08-28,San Francisco,075,870044,175777,175204,11863,187067,1000
2022-08-28,San Joaquin,077,732212,194664,193880,14364,208244,2296
2022-08-28,San Luis Obispo,079,281455,62459,62105,6983,69088,515
2022-08-28,San Mateo,081,765935,165672,164675,10456,175131,738
2022-08-28,Santa Barbara,083,443738,104132,103496,6755,110251,717
2022-08-28,Santa Clara,085,1922200,424237,422650,18531,441181,2459
2022-08-28,Santa Cruz,087,273765,61940,61594,3347,64941,273
2022-08-28,Shasta,089,179085,34406,34283,7233,41516,590
2022-08-28,Sierra,091,2930,302,300,60,360,5
2022-08-28,Siskiyou,093,43540,5165,5140,3278,8418,89
2022-08-28,Solano,095,438530,103376,102855,7657,110512,460
2022-08-28,Sonoma,097,501317,105268,104646,5201,109847,557
2022-08-28,Stanislaus,099,539301,136024,135310,21265,156575,1722
2022-08-28,Sutter,101,95872,23847,23759,2448,26207,228
2022-08-28,Tehama,103,63373,13421,13340,3026,16366,210
2022-08-28,Trinity,105,12862,1383,1370,370,1740,20
2022-08-28,Tulare,107,460477,120429,119942,35478,155420,1527
2022-08-28,Tuolumne,109,53932,15309,15193,910,16103,196
2022-08-28,Ventura,111,848112,205373,204567,15279,219846,1553
2022-08-28,Yolo,113,214977,46801,46744,4274,51018,334
2022-08-28,Yuba,115,75493,18578,18482,1660,20142,129
2022-08-27,Alameda,001,1643700,341144,339618,19376,358994,1978
2022-08-27,Alpine,003,1148,133,133,1,134,0
2022-08-27,Amador,005,37829,9839,9802,909,10711,89
2022-08-27,Butte,007,227075,38870,38606,8782,47388,452
2022-08-27,Calaveras,009,45235,8403,8368,514,8882,133
2022-08-27,Colusa,011,21464,3746,3736,1249,4985,22
2022-08-27,Contra Costa,013,1133247,246179,243331,20217,263548,1404
2022-08-27,Del Norte,015,27424,7328,7316,393,7709,55
2022-08-27,El Dorado,017,186661,31897,31760,4171,35931,226
2022-08-27,Fresno,019,978130,271196,269680,30527,300207,2829
2022-08-27,Glenn,021,27897,5470,5434,1841,7275,49
2022-08-27,Humboldt,023,135768,21339,21264,4849,26113,154
2022-08-27,Imperial,025,180216,64599,64391,15238,79629,953
2022-08-27,Inyo,027,18085,4445,4443,905,5348,59
2022-08-27,Kern,029,883053,216714,215612,61218,276830,2399
2022-08-27,Kings,031,150075,58630,58443,4016,62459,455
2022-08-27,Lake,033,64148,12587,12524,1151,13675,142
2022-08-27,Lassen,035,31185,9887,9871,978,10849,64
2022-08-27,Los Angeles,037,10098052,3236373,3219328,175214,3394542,32833
2022-08-27,Madera,039,155013,43246,43105,8067,51172,372
2022-08-27,Marin,041,260295,44355,44192,5181,49373,305
2022-08-27,Mariposa,043,17540,3036,3018,346,3364,31
2022-08-27,Mendocino,045,87422,15777,15698,4379,20077,134
2022-08-27,Merced,047,269075,71382,70906,11490,82396,851
2022-08-27,Modoc,049,8938,868,865,314,1179,11
2022-08-27,Mono,051,14174,3184,3181,242,3423,7
2022-08-27,Monterey,053,433212,93196,92844,20601,113445,760
2022-08-27,Napa,055,140530,31717,31668,1396,33064,156
2022-08-27,Nevada,057,99092,18674,18592,1778,20370,132
2022-08-27,Orange,059,3164182,658221,656440,60303,716743,7326
2022-08-27,Placer,061,380077,74714,74391,9369,83760,657
2022-08-27,Plumas,063,18699,3584,3571,430,4001,13
2022-08-27,Riverside,065,2383286,686610,683511,34542,718053,6580
2022-08-27,Sacramento,067,1510023,341174,339846,33009,372855,3222
2022-08-27,San Benito,069,59416,15881,15805,932,16737,103
2022-08-27,San Bernardino,071,2135413,662781,653843,30360,684203,8017
2022-08-27,San Diego,073,3302833,911273,908809,70338,979147,5456
2022-08-27,San Francisco,075,870044,175705,175204,11856,187060,1000
2022-08-27,San Joaquin,077,732212,194606,193880,14341,208221,2296
2022-08-27,San Luis Obispo,079,281455,62444,62105,6976,69081,515
2022-08-27,San Mateo,081,765935,165578,164675,10453,175128,738
2022-08-27,Santa Barbara,083,443738,104070,103496,6744,110240,717
2022-08-27,Santa Clara,085,1922200,424026,422650,18518,441168,2459
2022-08-27,Santa Cruz,087,273765,61927,61594,3346,64940,273
2022-08-27,Shasta,089,179085,34396,34283,7227,41510,590
2022-08-27,Sierra,091,2930,302,300,60,360,5
2022-08-27,Siskiyou,093,43540,5163,5140,3278,8418,89
2022-08-27,Solano,095,438530,103340,102855,7650,110505,460
2022-08-27,Sonoma,097,501317,105226,104646,5198,109844,557
2022-08-27,Stanislaus,099,539301,135950,135310,21239,156549,1722
2022-08-27,Sutter,101,95872,23832,23759,2448,26207,228
2022-08-27,Tehama,103,63373,13415,13340,3025,16365,210
2022-08-27,Trinity,105,12862,1382,1370,368,1738,20
2022-08-27,Tulare,107,460477,120370,119942,35428,155370,1527
2022-08-27,Tuolumne,109,53932,15303,15193,908,16101,196
2022-08-27,Ventura,111,848112,205289,204567,15266,219833,1553
2022-08-27,Yolo,113,214977,46780,46744,4273,51017,334
2022-08-27,Yuba,115,75493,18566,18482,1659,20141,129
2022-08-26,Alameda,001,1643700,340977,339618,19366,358984,1978
2022-08-26,Alpine,003,1148,133,133,1,134,0
2022-08-26,Amador,005,37829,9836,9802,907,10709,89
2022-08-26,Butte,007,227075,38856,38606,8770,47376,452
2022-08-26,Calaveras,009,45235,8398,8368,514,8882,133
2022-08-26,Colusa,011,21464,3745,3736,1249,4985,22
2022-08-26,Contra Costa,013,1133247,246026,243331,20208,263539,1404
2022-08-26,Del Norte,015,27424,7326,7316,393,7709,55
2022-08-26,El Dorado,017,186661,31877,31760,4170,35930,226
2022-08-26,Fresno,019,978130,271040,269680,30490,300170,2829
2022-08-26,Glenn,021,27897,5467,5434,1839,7273,49
2022-08-26,Humboldt,023,135768,21333,21264,4846,26110,154
2022-08-26,Imperial,025,180216,64576,64391,15224,79615,953
2022-08-26,Inyo,027,18085,4444,4443,898,5341,59
2022-08-26,Kern,029,883053,216627,215612,61119,276731,2399
2022-08-26,Kings,031,150075,58616,58443,4014,62457,455
2022-08-26,Lake,033,64148,12579,12524,1150,13674,142
2022-08-26,Lassen,035,31185,9885,9871,978,10849,64
2022-08-26,Los Angeles,037,10098052,3234966,3219328,175000,3394328,32833
2022-08-26,Madera,039,155013,43217,43105,8060,51165,372
2022-08-26,Marin,041,260295,44323,44192,5178,49370,305
2022-08-26,Mariposa,043,17540,3032,3018,341,3359,31
2022-08-26,Mendocino,045,87422,15771,15698,4377,20075,134
2022-08-26,Merced,047,269075,71345,70906,11480,82386,851
2022-08-26,Modoc,049,8938,867,865,314,1179,11
2022-08-26,Mono,051,14174,3184,3181,242,3423,7
2022-08-26,Monterey,053,433212,93157,92844,20585,113429,760
2022-08-26,Napa,055,140530,31704,31668,1395,33063,156
2022-08-26,Nevada,057,99092,18662,18592,1776,20368,132
2022-08-26,Orange,059,3164182,657962,656440,60241,716681,7326
2022-08-26,Placer,061,380077,74679,74391,9358,83749,657
2022-08-26,Plumas,063,18699,3583,3571,430,4001,13
2022-08-26,Riverside,065,2383286,686261,683511,34505,718016,6580
2022-08-26,Sacramento,067,1510023,340991,339846,32998,372844,3222
2022-08-26,San Benito,069,59416,15870,15805,932,16737,103
2022-08-26,San Bernardino,071,2135413,662468,653843,30332,684175,8017
2022-08-26,San Diego,073,3302833,910850,908809,70315,979124,5456
2022-08-26,San Francisco,075,870044,175622,175204,11850,187054,1000
2022-08-26,San Joaquin,077,732212,194533,193880,14323,208203,2296
2022-08-26,San Luis Obispo,079,281455,62422,62105,6972,69077,515
2022-08-26,San Mateo,081,765935,165488,164675,10446,175121,738
2022-08-26,Santa Barbara,083,443738,104018,103496,6738,110234,717
2022-08-26,Santa Clara,085,1922200,423812,422650,18505,441155,2459
2022-08-26,Santa Cruz,087,273765,61880,61594,3342,64936,273
2022-08-26,Shasta,089,179085,34384,34283,7223,41506,590
2022-08-26,Sierra,091,2930,302,300,60,360,5
2022-08-26,Siskiyou,093,43540,5160,5140,3278,8418,89
2022-08-26,Solano,095,438530,103282,102855,7640,110495,460
2022-08-26,Sonoma,097,501317,105184,104646,5196,109842,557
2022-08-26,Stanislaus,099,539301,135873,135310,21230,156540,1722
2022-08-26,Sutter,101,95872,23813,23759,2447,26206,228
2022-08-26,Tehama,103,63373,13404,13340,3023,16363,210
2022-08-26,Trinity,105,12862,1382,1370,368,1738,20
2022-08-26,Tulare,107,460477,120312,119942,35378,155320,1527
2022-08-26,Tuolumne,109,53932,15291,15193,908,16101,196
2022-08-26,Ventura,111,848112,205210,204567,15250,219817,1553
2022-08-26,Yolo,113,214977,46768,46744,4269,51013,334
2022-08-26,Yuba,115,75493,18553,18482,1659,20141,129
2022-08-25,Alameda,001,1643700,340686,339618,19339,358957,1978
2022-08-25,Alpine,003,1148,133,133,1,134,0
2022-08-25,Amador,005,37829,9829,9802,907,10709,89
2022-08-25,Butte,007,227075,38832,38606,8762,47368,452
2022-08-25,Calaveras,009,45235,8392,8368,514,8882,133
2022-08-25,Colusa,011,21464,3745,3736,1247,4983,22
2022-08-25,Contra Costa,013,1133247,245829,243331,20180,263511,1404
2022-08-25,Del Norte,015,27424,7317,7316,393,7709,55
2022-08-25,El Dorado,017,186661,31856,31760,4165,35925,226
2022-08-25,Fresno,019,978130,270845,269680,30441,300121,2829
2022-08-25,Glenn,021,27897,5462,5434,1838,7272,49
2022-08-25,Humboldt,023,135768,21312,21264,4836,26100,154
2022-08-25,Imperial,025,180216,64535,64391,15195,79586,953
2022-08-25,Inyo,027,18085,4444,4443,891,5334,59
2022-08-25,Kern,029,883053,216490,215612,61014,276626,2399
2022-08-25,Kings,031,150075,58560,58443,4006,62449,455
2022-08-25,Lake,033,64148,12566,12524,1147,13671,142
2022-08-25,Lassen,035,31185,9884,9871,977,10848,64
2022-08-25,Los Angeles,037,10098052,3232822,3219328,174711,3394039,32833
2022-08-25,Madera,039,155013,43172,43105,8045,51150,372
2022-08-25,Marin,041,260295,44295,44192,5170,49362,305
2022-08-25,Mariposa,043,17540,3030,3018,341,3359,31
2022-08-25,Mendocino,045,87422,15762,15698,4376,20074,134
2022-08-25,Merced,047,269075,71302,70906,11446,82352,851
2022-08-25,Modoc,049,8938,867,865,314,1179,11
2022-08-25,Mono,051,14174,3184,3181,242,3423,7
2022-08-25,Monterey,053,433212,93106,92844,20563,113407,760
2022-08-25,Napa,055,140530,31686,31668,1394,33062,156
2022-08-25,Nevada,057,99092,18640,18592,1771,20363,132
2022-08-25,Orange,059,3164182,657557,656440,60150,716590,7326
2022-08-25,Placer,061,380077,74630,74391,9350,83741,657
2022-08-25,Plumas,063,18699,3581,3571,430,4001,13
2022-08-25,Riverside,065,2383286,685741,683511,34455,717966,6580
2022-08-25,Sacramento,067,1510023,340717,339846,32958,372804,3222
2022-08-25,San Benito,069,59416,15858,15805,930,16735,103
2022-08-25,San Bernardino,071,2135413,661941,653843,30296,684139,8017
2022-08-25,San Diego,073,3302833,910308,908809,70242,979051,5456
2022-08-25,San Francisco,075,870044,175509,175204,11845,187049,1000
2022-08-25,San Joaquin,077,732212,194386,193880,14299,208179,2296
2022-08-25,San Luis Obispo,079,281455,62323,62105,6961,69066,515
2022-08-25,San Mateo,081,765935,165361,164675,10438,175113,738
2022-08-25,Santa Barbara,083,443738,103924,103496,6722,110218,717
2022-08-25,Santa Clara,085,1922200,423504,422650,18484,441134,2459
2022-08-25,Santa Cruz,087,273765,61821,61594,3337,64931,273
2022-08-25,Shasta,089,179085,34365,34283,7211,41494,590
2022-08-25,Sierra,091,2930,302,300,60,360,5
2022-08-25,Siskiyou,093,43540,5155,5140,3273,8413,89
2022-08-25,Solano,095,438530,103198,102855,7631,110486,460
2022-08-25,Sonoma,097,501317,105108,104646,5189,109835,557
2022-08-25,Stanislaus,099,539301,135748,135310,21206,156516,1722
2022-08-25,Sutter,101,95872,23790,23759,2445,26204,228
2022-08-25,Tehama,103,63373,13397,13340,3015,16355,210
2022-08-25,Trinity,105,12862,1382,1370,367,1737,20
2022-08-25,Tulare,107,460477,120219,119942,35305,155247,1527
2022-08-25,Tuolumne,109,53932,15273,15193,907,16100,196
2022-08-25,Ventura,111,848112,205057,204567,15200,219767,1553
2022-08-25,Yolo,113,214977,46740,46744,4263,51007,334
2022-08-25,Yuba,115,75493,18534,18482,1656,20138,129
2022-08-24,Alameda,001,1643700,340376,338591,19313,357904,1976
2022-08-24,Alpine,003,1148,133,131,1,132,0
2022-08-24,Amador,005,37829,9822,9786,904,10690,89
2022-08-24,Butte,007,227075,38794,38458,8746,47204,449
2022-08-24,Calaveras,009,45235,8377,8334,513,8847,132
2022-08-24,Colusa,011,21464,3745,3722,1244,4966,22
2022-08-24,Contra Costa,013,1133247,245644,242633,20152,262785,1399
2022-08-24,Del Norte,015,27424,7313,7308,391,7699,55
2022-08-24,El Dorado,017,186661,31842,31682,4159,35841,225
2022-08-24,Fresno,019,978130,270654,269025,30381,299406,2822
2022-08-24,Glenn,021,27897,5460,5423,1838,7261,48
2022-08-24,Humboldt,023,135768,21291,21195,4825,26020,153
2022-08-24,Imperial,025,180216,64499,64271,15177,79448,951
2022-08-24,Inyo,027,18085,4443,4440,890,5330,59
2022-08-24,Kern,029,883053,216343,215225,60892,276117,2399
2022-08-24,Kings,031,150075,58507,58324,4002,62326,454
2022-08-24,Lake,033,64148,12559,12476,1143,13619,142
2022-08-24,Lassen,035,31185,9881,9867,974,10841,64
2022-08-24,Los Angeles,037,10098052,3230471,3211321,174400,3385721,32783
2022-08-24,Madera,039,155013,43133,42984,8019,51003,372
2022-08-24,Marin,041,260295,44261,44082,5159,49241,305
2022-08-24,Mariposa,043,17540,3030,3010,341,3351,31
2022-08-24,Mendocino,045,87422,15750,15623,4366,19989,134
2022-08-24,Merced,047,269075,71252,70665,11415,82080,849
2022-08-24,Modoc,049,8938,867,864,313,1177,11
2022-08-24,Mono,051,14174,3184,3181,242,3423,7
2022-08-24,Monterey,053,433212,93045,92590,20523,113113,760
2022-08-24,Napa,055,140530,31676,31602,1392,32994,156
2022-08-24,Nevada,057,99092,18624,18565,1768,20333,132
2022-08-24,Orange,059,3164182,657110,654893,60063,714956,7312
2022-08-24,Placer,061,380077,74569,74226,9345,83571,657
2022-08-24,Plumas,063,18699,3577,3555,430,3985,13
2022-08-24,Riverside,065,2383286,685209,681805,34396,716201,6573
2022-08-24,Sacramento,067,1510023,340440,339009,32913,371922,3208
2022-08-24,San Benito,069,59416,15836,15745,927,16672,103
2022-08-24,San Bernardino,071,2135413,661435,651496,30252,681748,8018
2022-08-24,San Diego,073,3302833,909744,906885,70177,977062,5453
2022-08-24,San Francisco,075,870044,175367,174731,11840,186571,974
2022-08-24,San Joaquin,077,732212,194236,193370,14273,207643,2288
2022-08-24,San Luis Obispo,079,281455,62284,61962,6948,68910,515
2022-08-24,San Mateo,081,765935,165245,164307,10432,174739,738
2022-08-24,Santa Barbara,083,443738,103849,103237,6704,109941,716
2022-08-24,Santa Clara,085,1922200,423157,421483,18473,439956,2454
2022-08-24,Santa Cruz,087,273765,61794,61387,3332,64719,270
2022-08-24,Shasta,089,179085,34351,34180,7197,41377,589
2022-08-24,Sierra,091,2930,302,301,60,361,5
2022-08-24,Siskiyou,093,43540,5151,5133,3272,8405,88
2022-08-24,Solano,095,438530,103111,102631,7621,110252,459
2022-08-24,Sonoma,097,501317,105031,104444,5188,109632,520
2022-08-24,Stanislaus,099,539301,135618,134894,21181,156075,1720
2022-08-24,Sutter,101,95872,23758,23673,2444,26117,228
2022-08-24,Tehama,103,63373,13392,13312,3011,16323,209
2022-08-24,Trinity,105,12862,1381,1369,367,1736,20
2022-08-24,Tulare,107,460477,120114,119644,35204,154848,1525
2022-08-24,Tuolumne,109,53932,15263,15140,907,16047,196
2022-08-24,Ventura,111,848112,204891,204064,15159,219223,1551
2022-08-24,Yolo,113,214977,46711,46665,4255,50920,333
2022-08-24,Yuba,115,75493,18509,18425,1650,20075,129
2022-08-23,Alameda,001,1643700,340058,338591,19290,357881,1976
2022-08-23,Alpine,003,1148,133,131,1,132,0
2022-08-23,Amador,005,37829,9811,9786,903,10689,89
2022-08-23,Butte,007,227075,38763,38458,8725,47183,449
2022-08-23,Calaveras,009,45235,8368,8334,509,8843,132
2022-08-23,Colusa,011,21464,3742,3722,1240,4962,22
2022-08-23,Contra Costa,013,1133247,245448,242633,20121,262754,1399
2022-08-23,Del Norte,015,27424,7309,7308,391,7699,55
2022-08-23,El Dorado,017,186661,31822,31682,4156,35838,225
2022-08-23,Fresno,019,978130,270405,269025,30319,299344,2822
2022-08-23,Glenn,021,27897,5453,5423,1837,7260,48
2022-08-23,Humboldt,023,135768,21278,21195,4813,26008,153
2022-08-23,Imperial,025,180216,64457,64271,15158,79429,951
2022-08-23,Inyo,027,18085,4442,4440,882,5322,59
2022-08-23,Kern,029,883053,216213,215225,60728,275953,2399
2022-08-23,Kings,031,150075,58456,58324,3997,62321,454
2022-08-23,Lake,033,64148,12539,12476,1142,13618,142
2022-08-23,Lassen,035,31185,9877,9867,974,10841,64
2022-08-23,Los Angeles,037,10098052,3227831,3211321,174076,3385397,32783
2022-08-23,Madera,039,155013,43089,42984,7996,50980,372
2022-08-23,Marin,041,260295,44230,44082,5155,49237,305
2022-08-23,Mariposa,043,17540,3027,3010,336,3346,31
2022-08-23,Mendocino,045,87422,15732,15623,4358,19981,134
2022-08-23,Merced,047,269075,71197,70665,11370,82035,849
2022-08-23,Modoc,049,8938,867,864,313,1177,11
2022-08-23,Mono,051,14174,3184,3181,242,3423,7
2022-08-23,Monterey,053,433212,92977,92590,20478,113068,760
2022-08-23,Napa,055,140530,31659,31602,1392,32994,156
2022-08-23,Nevada,057,99092,18610,18565,1760,20325,132
2022-08-23,Orange,059,3164182,656603,654893,59948,714841,7312
2022-08-23,Placer,061,380077,74504,74226,9331,83557,657
2022-08-23,Plumas,063,18699,3571,3555,430,3985,13
2022-08-23,Riverside,065,2383286,684595,681805,34331,716136,6573
2022-08-23,Sacramento,067,1510023,340123,339009,32857,371866,3208
2022-08-23,San Benito,069,59416,15813,15745,923,16668,103
2022-08-23,San Bernardino,071,2135413,660831,651496,30188,681684,8018
2022-08-23,San Diego,073,3302833,909123,906885,70101,976986,5453
2022-08-23,San Francisco,075,870044,175213,174731,11831,186562,974
2022-08-23,San Joaquin,077,732212,194081,193370,14230,207600,2288
2022-08-23,San Luis Obispo,079,281455,62240,61962,6933,68895,515
2022-08-23,San Mateo,081,765935,165121,164307,10428,174735,738
2022-08-23,Santa Barbara,083,443738,103756,103237,6687,109924,716
2022-08-23,Santa Clara,085,1922200,422783,421483,18458,439941,2454
2022-08-23,Santa Cruz,087,273765,61741,61387,3329,64716,270
2022-08-23,Shasta,089,179085,34329,34180,7189,41369,589
2022-08-23,Sierra,091,2930,302,301,60,361,5
2022-08-23,Siskiyou,093,43540,5151,5133,3270,8403,88
2022-08-23,Solano,095,438530,103019,102631,7615,110246,459
2022-08-23,Sonoma,097,501317,104950,104444,5177,109621,520
2022-08-23,Stanislaus,099,539301,135498,134894,21138,156032,1720
2022-08-23,Sutter,101,95872,23739,23673,2439,26112,228
2022-08-23,Tehama,103,63373,13382,13312,3009,16321,209
2022-08-23,Trinity,105,12862,1379,1369,367,1736,20
2022-08-23,Tulare,107,460477,120002,119644,35101,154745,1525
2022-08-23,Tuolumne,109,53932,15248,15140,906,16046,196
2022-08-23,Ventura,111,848112,204718,204064,15121,219185,1551
2022-08-23,Yolo,113,214977,46687,46665,4253,50918,333
2022-08-23,Yuba,115,75493,18488,18425,1646,20071,129
2022-08-22,Alameda,001,1643700,339695,338591,19261,357852,1976
2022-08-22,Alpine,003,1148,133,131,1,132,0
2022-08-22,Amador,005,37829,9806,9786,902,10688,89
2022-08-22,Butte,007,227075,38713,38458,8708,47166,449
2022-08-22,Calaveras,009,45235,8357,8334,507,8841,132
2022-08-22,Colusa,011,21464,3740,3722,1236,4958,22
2022-08-22,Contra Costa,013,1133247,245206,242633,20078,262711,1399
2022-08-22,Del Norte,015,27424,7308,7308,391,7699,55
2022-08-22,El Dorado,017,186661,31796,31682,4152,35834,225
2022-08-22,Fresno,019,978130,270164,269025,30233,299258,2822
2022-08-22,Glenn,021,27897,5452,5423,1835,7258,48
2022-08-22,Humboldt,023,135768,21257,21195,4798,25993,153
2022-08-22,Imperial,025,180216,64383,64271,15116,79387,951
2022-08-22,Inyo,027,18085,4440,4440,882,5322,59
2022-08-22,Kern,029,883053,216060,215225,60541,275766,2399
2022-08-22,Kings,031,150075,58404,58324,3989,62313,454
2022-08-22,Lake,033,64148,12517,12476,1137,13613,142
2022-08-22,Lassen,035,31185,9875,9867,974,10841,64
2022-08-22,Los Angeles,037,10098052,3224917,3211321,173730,3385051,32783
2022-08-22,Madera,039,155013,43036,42984,7970,50954,372
2022-08-22,Marin,041,260295,44197,44082,5146,49228,305
2022-08-22,Mariposa,043,17540,3020,3010,335,3345,31
2022-08-22,Mendocino,045,87422,15711,15623,4340,19963,134
2022-08-22,Merced,047,269075,71122,70665,11327,81992,849
2022-08-22,Modoc,049,8938,867,864,313,1177,11
2022-08-22,Mono,051,14174,3184,3181,242,3423,7
2022-08-22,Monterey,053,433212,92902,92590,20428,113018,760
2022-08-22,Napa,055,140530,31633,31602,1389,32991,156
2022-08-22,Nevada,057,99092,18592,18565,1754,20319,132
2022-08-22,Orange,059,3164182,656020,654893,59824,714717,7312
2022-08-22,Placer,061,380077,74430,74226,9321,83547,657
2022-08-22,Plumas,063,18699,3570,3555,430,3985,13
2022-08-22,Riverside,065,2383286,683936,681805,34259,716064,6573
2022-08-22,Sacramento,067,1510023,339783,339009,32780,371789,3208
2022-08-22,San Benito,069,59416,15792,15745,921,16666,103
2022-08-22,San Bernardino,071,2135413,660101,651496,30118,681614,8018
2022-08-22,San Diego,073,3302833,908439,906885,69980,976865,5453
2022-08-22,San Francisco,075,870044,175063,174731,11817,186548,974
2022-08-22,San Joaquin,077,732212,193905,193370,14189,207559,2288
2022-08-22,San Luis Obispo,079,281455,62190,61962,6918,68880,515
2022-08-22,San Mateo,081,765935,164978,164307,10416,174723,738
2022-08-22,Santa Barbara,083,443738,103634,103237,6669,109906,716
2022-08-22,Santa Clara,085,1922200,422358,421483,18431,439914,2454
2022-08-22,Santa Cruz,087,273765,61658,61387,3325,64712,270
2022-08-22,Shasta,089,179085,34314,34180,7179,41359,589
2022-08-22,Sierra,091,2930,302,301,60,361,5
2022-08-22,Siskiyou,093,43540,5147,5133,3268,8401,88
2022-08-22,Solano,095,438530,102931,102631,7602,110233,459
2022-08-22,Sonoma,097,501317,104870,104444,5161,109605,520
2022-08-22,Stanislaus,099,539301,135336,134894,21100,155994,1720
2022-08-22,Sutter,101,95872,23705,23673,2438,26111,228
2022-08-22,Tehama,103,63373,13376,13312,3006,16318,209
2022-08-22,Trinity,105,12862,1376,1369,365,1734,20
2022-08-22,Tulare,107,460477,119876,119644,34997,154641,1525
2022-08-22,Tuolumne,109,53932,15225,15140,906,16046,196
2022-08-22,Ventura,111,848112,204559,204064,15044,219108,1551
2022-08-22,Yolo,113,214977,46648,46665,4243,50908,333
2022-08-22,Yuba,115,75493,18461,18425,1642,20067,129
2022-08-21,Alameda,001,1643700,339267,337238,19238,356476,1970
2022-08-21,Alpine,003,1148,132,131,1,132,0
2022-08-21,Amador,005,37829,9799,9761,897,10658,89
2022-08-21,Butte,007,227075,38668,38316,8690,47006,449
2022-08-21,Calaveras,009,45235,8344,8313,505,8818,132
2022-08-21,Colusa,011,21464,3734,3718,1230,4948,22
2022-08-21,Contra Costa,013,1133247,244925,241665,20041,261706,1399
2022-08-21,Del Norte,015,27424,7301,7290,390,7680,55
2022-08-21,El Dorado,017,186661,31764,31600,4146,35746,225
2022-08-21,Fresno,019,978130,269890,268147,30146,298293,2822
2022-08-21,Glenn,021,27897,5448,5413,1834,7247,48
2022-08-21,Humboldt,023,135768,21233,21104,4780,25884,153
2022-08-21,Imperial,025,180216,64324,64092,15075,79167,951
2022-08-21,Inyo,027,18085,4440,4435,878,5313,59
2022-08-21,Kern,029,883053,215872,214656,60354,275010,2389
2022-08-21,Kings,031,150075,58333,58109,3978,62087,454
2022-08-21,Lake,033,64148,12495,12426,1133,13559,142
2022-08-21,Lassen,035,31185,9869,9843,973,10816,64
2022-08-21,Los Angeles,037,10098052,3221665,3200023,173329,3373352,32746
2022-08-21,Madera,039,155013,42986,42822,7932,50754,372
2022-08-21,Marin,041,260295,44149,43966,5126,49092,305
2022-08-21,Mariposa,043,17540,3019,3003,334,3337,31
2022-08-21,Mendocino,045,87422,15680,15578,4317,19895,134
2022-08-21,Merced,047,269075,71030,70449,11253,81702,846
2022-08-21,Modoc,049,8938,866,862,313,1175,11
2022-08-21,Mono,051,14174,3184,3177,240,3417,7
2022-08-21,Monterey,053,433212,92800,92287,20371,112658,760
2022-08-21,Napa,055,140530,31611,31534,1388,32922,156
2022-08-21,Nevada,057,99092,18581,18497,1749,20246,132
2022-08-21,Orange,059,3164182,655373,652703,59688,712391,7280
2022-08-21,Placer,061,380077,74369,74027,9316,83343,657
2022-08-21,Plumas,063,18699,3563,3550,430,3980,13
2022-08-21,Riverside,065,2383286,683105,679298,34174,713472,6574
2022-08-21,Sacramento,067,1510023,339413,337745,32711,370456,3208
2022-08-21,San Benito,069,59416,15769,15698,918,16616,103
2022-08-21,San Bernardino,071,2135413,659256,648583,30052,678635,8014
2022-08-21,San Diego,073,3302833,907584,904015,69899,973914,5448
2022-08-21,San Francisco,075,870044,174861,174151,11798,185949,973
2022-08-21,San Joaquin,077,732212,193659,192738,14155,206893,2288
2022-08-21,San Luis Obispo,079,281455,62141,61764,6890,68654,516
2022-08-21,San Mateo,081,765935,164819,163705,10408,174113,738
2022-08-21,Santa Barbara,083,443738,103507,102795,6641,109436,713
2022-08-21,Santa Clara,085,1922200,421832,419723,18399,438122,2437
2022-08-21,Santa Cruz,087,273765,61543,61098,3320,64418,269
2022-08-21,Shasta,089,179085,34275,34105,7164,41269,588
2022-08-21,Sierra,091,2930,302,298,60,358,4
2022-08-21,Siskiyou,093,43540,5146,5119,3261,8380,88
2022-08-21,Solano,095,438530,102847,102355,7591,109946,457
2022-08-21,Sonoma,097,501317,104764,104090,5147,109237,511
2022-08-21,Stanislaus,099,539301,135171,134407,21028,155435,1719
2022-08-21,Sutter,101,95872,23672,23587,2431,26018,228
2022-08-21,Tehama,103,63373,13365,13289,3002,16291,209
2022-08-21,Trinity,105,12862,1374,1366,364,1730,20
2022-08-21,Tulare,107,460477,119752,119251,34843,154094,1521
2022-08-21,Tuolumne,109,53932,15209,15085,904,15989,196
2022-08-21,Ventura,111,848112,204333,203318,14967,218285,1547
2022-08-21,Yolo,113,214977,46608,46567,4238,50805,333
2022-08-21,Yuba,115,75493,18439,18363,1635,19998,129
2022-08-20,Alameda,001,1643700,339056,337238,19221,356459,1970
2022-08-20,Alpine,003,1148,132,131,1,132,0
2022-08-20,Amador,005,37829,9796,9761,897,10658,89
2022-08-20,Butte,007,227075,38640,38316,8685,47001,449
2022-08-20,Calaveras,009,45235,8341,8313,504,8817,132
2022-08-20,Colusa,011,21464,3730,3718,1224,4942,22
2022-08-20,Contra Costa,013,1133247,244790,241665,20026,261691,1399
2022-08-20,Del Norte,015,27424,7300,7290,390,7680,55
2022-08-20,El Dorado,017,186661,31745,31600,4144,35744,225
2022-08-20,Fresno,019,978130,269748,268147,30121,298268,2822
2022-08-20,Glenn,021,27897,5445,5413,1834,7247,48
2022-08-20,Humboldt,023,135768,21217,21104,4765,25869,153
2022-08-20,Imperial,025,180216,64289,64092,15055,79147,951
2022-08-20,Inyo,027,18085,4440,4435,878,5313,59
2022-08-20,Kern,029,883053,215784,214656,60230,274886,2389
2022-08-20,Kings,031,150075,58306,58109,3973,62082,454
2022-08-20,Lake,033,64148,12485,12426,1129,13555,142
2022-08-20,Lassen,035,31185,9866,9843,973,10816,64
2022-08-20,Los Angeles,037,10098052,3220078,3200023,173106,3373129,32746
2022-08-20,Madera,039,155013,42963,42822,7925,50747,372
2022-08-20,Marin,041,260295,44131,43966,5124,49090,305
2022-08-20,Mariposa,043,17540,3019,3003,334,3337,31
2022-08-20,Mendocino,045,87422,15666,15578,4314,19892,134
2022-08-20,Merced,047,269075,71006,70449,11245,81694,846
2022-08-20,Modoc,049,8938,866,862,313,1175,11
2022-08-20,Mono,051,14174,3184,3177,238,3415,7
2022-08-20,Monterey,053,433212,92755,92287,20342,112629,760
2022-08-20,Napa,055,140530,31603,31534,1388,32922,156
2022-08-20,Nevada,057,99092,18578,18497,1747,20244,132
2022-08-20,Orange,059,3164182,655055,652703,59602,712305,7280
2022-08-20,Placer,061,380077,74322,74027,9310,83337,657
2022-08-20,Plumas,063,18699,3563,3550,430,3980,13
2022-08-20,Riverside,065,2383286,682682,679298,34143,713441,6574
2022-08-20,Sacramento,067,1510023,339251,337745,32690,370435,3208
2022-08-20,San Benito,069,59416,15750,15698,915,16613,103
2022-08-20,San Bernardino,071,2135413,658839,648583,30011,678594,8014
2022-08-20,San Diego,073,3302833,907200,904015,69873,973888,5448
2022-08-20,San Francisco,075,870044,174739,174151,11797,185948,973
2022-08-20,San Joaquin,077,732212,193560,192738,14129,206867,2288
2022-08-20,San Luis Obispo,079,281455,62123,61764,6882,68646,516
2022-08-20,San Mateo,081,765935,164720,163705,10403,174108,738
2022-08-20,Santa Barbara,083,443738,103437,102795,6633,109428,713
2022-08-20,Santa Clara,085,1922200,421565,419723,18383,438106,2437
2022-08-20,Santa Cruz,087,273765,61515,61098,3314,64412,269
2022-08-20,Shasta,089,179085,34250,34105,7162,41267,588
2022-08-20,Sierra,091,2930,302,298,60,358,4
2022-08-20,Siskiyou,093,43540,5141,5119,3260,8379,88
2022-08-20,Solano,095,438530,102801,102355,7584,109939,457
2022-08-20,Sonoma,097,501317,104714,104090,5141,109231,511
2022-08-20,Stanislaus,099,539301,135082,134407,21011,155418,1719
2022-08-20,Sutter,101,95872,23644,23587,2431,26018,228
2022-08-20,Tehama,103,63373,13359,13289,3000,16289,209
2022-08-20,Trinity,105,12862,1374,1366,364,1730,20
2022-08-20,Tulare,107,460477,119672,119251,34790,154041,1521
2022-08-20,Tuolumne,109,53932,15200,15085,902,15987,196
2022-08-20,Ventura,111,848112,204225,203318,14950,218268,1547
2022-08-20,Yolo,113,214977,46580,46567,4230,50797,333
2022-08-20,Yuba,115,75493,18432,18363,1634,19997,129
2022-08-19,Alameda,001,1643700,338846,337238,19198,356436,1970
2022-08-19,Alpine,003,1148,132,131,1,132,0
2022-08-19,Amador,005,37829,9795,9761,897,10658,89
2022-08-19,Butte,007,227075,38619,38316,8674,46990,449
2022-08-19,Calaveras,009,45235,8336,8313,504,8817,132
2022-08-19,Colusa,011,21464,3729,3718,1223,4941,22
2022-08-19,Contra Costa,013,1133247,244649,241665,20012,261677,1399
2022-08-19,Del Norte,015,27424,7295,7290,390,7680,55
2022-08-19,El Dorado,017,186661,31733,31600,4140,35740,225
2022-08-19,Fresno,019,978130,269585,268147,30095,298242,2822
2022-08-19,Glenn,021,27897,5444,5413,1834,7247,48
2022-08-19,Humboldt,023,135768,21207,21104,4755,25859,153
2022-08-19,Imperial,025,180216,64261,64092,15040,79132,951
2022-08-19,Inyo,027,18085,4440,4435,874,5309,59
2022-08-19,Kern,029,883053,215695,214656,60138,274794,2389
2022-08-19,Kings,031,150075,58263,58109,3966,62075,454
2022-08-19,Lake,033,64148,12473,12426,1126,13552,142
2022-08-19,Lassen,035,31185,9863,9843,973,10816,64
2022-08-19,Los Angeles,037,10098052,3218254,3200023,172884,3372907,32746
2022-08-19,Madera,039,155013,42941,42822,7921,50743,372
2022-08-19,Marin,041,260295,44096,43966,5118,49084,305
2022-08-19,Mariposa,043,17540,3017,3003,334,3337,31
2022-08-19,Mendocino,045,87422,15654,15578,4305,19883,134
2022-08-19,Merced,047,269075,70966,70449,11240,81689,846
2022-08-19,Modoc,049,8938,866,862,313,1175,11
2022-08-19,Mono,051,14174,3184,3177,238,3415,7
2022-08-19,Monterey,053,433212,92701,92287,20312,112599,760
2022-08-19,Napa,055,140530,31586,31534,1386,32920,156
2022-08-19,Nevada,057,99092,18574,18497,1745,20242,132
2022-08-19,Orange,059,3164182,654694,652703,59519,712222,7280
2022-08-19,Placer,061,380077,74286,74027,9303,83330,657
2022-08-19,Plumas,063,18699,3562,3550,430,3980,13
2022-08-19,Riverside,065,2383286,682263,679298,34112,713410,6574
2022-08-19,Sacramento,067,1510023,339062,337745,32669,370414,3208
2022-08-19,San Benito,069,59416,15747,15698,914,16612,103
2022-08-19,San Bernardino,071,2135413,658392,648583,29994,678577,8014
2022-08-19,San Diego,073,3302833,906704,904015,69822,973837,5448
2022-08-19,San Francisco,075,870044,174598,174151,11780,185931,973
2022-08-19,San Joaquin,077,732212,193459,192738,14110,206848,2288
2022-08-19,San Luis Obispo,079,281455,62108,61764,6880,68644,516
2022-08-19,San Mateo,081,765935,164606,163705,10398,174103,738
2022-08-19,Santa Barbara,083,443738,103358,102795,6628,109423,713
2022-08-19,Santa Clara,085,1922200,421255,419723,18367,438090,2437
2022-08-19,Santa Cruz,087,273765,61452,61098,3309,64407,269
2022-08-19,Shasta,089,179085,34234,34105,7162,41267,588
2022-08-19,Sierra,091,2930,302,298,60,358,4
2022-08-19,Siskiyou,093,43540,5134,5119,3260,8379,88
2022-08-19,Solano,095,438530,102744,102355,7577,109932,457
2022-08-19,Sonoma,097,501317,104655,104090,5137,109227,511
2022-08-19,Stanislaus,099,539301,135000,134407,20994,155401,1719
2022-08-19,Sutter,101,95872,23627,23587,2430,26017,228
2022-08-19,Tehama,103,63373,13349,13289,2994,16283,209
2022-08-19,Trinity,105,12862,1373,1366,364,1730,20
2022-08-19,Tulare,107,460477,119587,119251,34738,153989,1521
2022-08-19,Tuolumne,109,53932,15193,15085,901,15986,196
2022-08-19,Ventura,111,848112,204100,203318,14928,218246,1547
2022-08-19,Yolo,113,214977,46558,46567,4227,50794,333
2022-08-19,Yuba,115,75493,18417,18363,1634,19997,129
2022-08-18,Alameda,001,1643700,338550,337238,19163,356401,1970
2022-08-18,Alpine,003,1148,131,131,1,132,0
2022-08-18,Amador,005,37829,9790,9761,896,10657,89
2022-08-18,Butte,007,227075,38590,38316,8659,46975,449
2022-08-18,Calaveras,009,45235,8331,8313,504,8817,132
2022-08-18,Colusa,011,21464,3729,3718,1219,4937,22
2022-08-18,Contra Costa,013,1133247,244441,241665,19980,261645,1399
2022-08-18,Del Norte,015,27424,7290,7290,389,7679,55
2022-08-18,El Dorado,017,186661,31718,31600,4137,35737,225
2022-08-18,Fresno,019,978130,269369,268147,30035,298182,2822
2022-08-18,Glenn,021,27897,5439,5413,1833,7246,48
2022-08-18,Humboldt,023,135768,21183,21104,4727,25831,153
2022-08-18,Imperial,025,180216,64237,64092,14998,79090,951
2022-08-18,Inyo,027,18085,4439,4435,869,5304,59
2022-08-18,Kern,029,883053,215546,214656,60007,274663,2389
2022-08-18,Kings,031,150075,58218,58109,3955,62064,454
2022-08-18,Lake,033,64148,12461,12426,1123,13549,142
2022-08-18,Lassen,035,31185,9862,9843,972,10815,64
2022-08-18,Los Angeles,037,10098052,3215784,3200023,172601,3372624,32746
2022-08-18,Madera,039,155013,42901,42822,7902,50724,372
2022-08-18,Marin,041,260295,44064,43966,5107,49073,305
2022-08-18,Mariposa,043,17540,3015,3003,334,3337,31
2022-08-18,Mendocino,045,87422,15640,15578,4304,19882,134
2022-08-18,Merced,047,269075,70889,70449,11204,81653,846
2022-08-18,Modoc,049,8938,866,862,313,1175,11
2022-08-18,Mono,051,14174,3182,3177,237,3414,7
2022-08-18,Monterey,053,433212,92615,92287,20274,112561,760
2022-08-18,Napa,055,140530,31566,31534,1386,32920,156
2022-08-18,Nevada,057,99092,18558,18497,1740,20237,132
2022-08-18,Orange,059,3164182,654232,652703,59408,712111,7280
2022-08-18,Placer,061,380077,74231,74027,9300,83327,657
2022-08-18,Plumas,063,18699,3558,3550,430,3980,13
2022-08-18,Riverside,065,2383286,681684,679298,34063,713361,6574
2022-08-18,Sacramento,067,1510023,338763,337745,32611,370356,3208
2022-08-18,San Benito,069,59416,15735,15698,911,16609,103
2022-08-18,San Bernardino,071,2135413,657723,648583,29940,678523,8014
2022-08-18,San Diego,073,3302833,906057,904015,69752,973767,5448
2022-08-18,San Francisco,075,870044,174448,174151,11756,185907,973
2022-08-18,San Joaquin,077,732212,193289,192738,14081,206819,2288
2022-08-18,San Luis Obispo,079,281455,62066,61764,6865,68629,516
2022-08-18,San Mateo,081,765935,164427,163705,10389,174094,738
2022-08-18,Santa Barbara,083,443738,103252,102795,6616,109411,713
2022-08-18,Santa Clara,085,1922200,420820,419723,18336,438059,2437
2022-08-18,Santa Cruz,087,273765,61381,61098,3303,64401,269
2022-08-18,Shasta,089,179085,34214,34105,7157,41262,588
2022-08-18,Sierra,091,2930,301,298,60,358,4
2022-08-18,Siskiyou,093,43540,5132,5119,3258,8377,88
2022-08-18,Solano,095,438530,102673,102355,7567,109922,457
2022-08-18,Sonoma,097,501317,104568,104090,5127,109217,511
2022-08-18,Stanislaus,099,539301,134872,134407,20960,155367,1719
2022-08-18,Sutter,101,95872,23606,23587,2428,26015,228
2022-08-18,Tehama,103,63373,13342,13289,2990,16279,209
2022-08-18,Trinity,105,12862,1372,1366,361,1727,20
2022-08-18,Tulare,107,460477,119491,119251,34641,153892,1521
2022-08-18,Tuolumne,109,53932,15152,15085,896,15981,196
2022-08-18,Ventura,111,848112,203927,203318,14886,218204,1547
2022-08-18,Yolo,113,214977,46534,46567,4218,50785,333
2022-08-18,Yuba,115,75493,18397,18363,1631,19994,129
2022-08-17,Alameda,001,1643700,338216,336198,19129,355327,1948
2022-08-17,Alpine,003,1148,131,131,1,132,0
2022-08-17,Amador,005,37829,9782,9728,896,10624,89
2022-08-17,Butte,007,227075,38551,38203,8647,46850,447
2022-08-17,Calaveras,009,45235,8324,8295,501,8796,131
2022-08-17,Colusa,011,21464,3728,3716,1217,4933,22
2022-08-17,Contra Costa,013,1133247,244213,240894,19943,260837,1394
2022-08-17,Del Norte,015,27424,7286,7274,389,7663,55
2022-08-17,El Dorado,017,186661,31700,31523,4133,35656,225
2022-08-17,Fresno,019,978130,269143,267367,29969,297336,2818
2022-08-17,Glenn,021,27897,5438,5403,1831,7234,48
2022-08-17,Humboldt,023,135768,21160,21029,4712,25741,153
2022-08-17,Imperial,025,180216,64195,63972,14967,78939,950
2022-08-17,Inyo,027,18085,4437,4421,866,5287,58
2022-08-17,Kern,029,883053,215415,214040,59877,273917,2389
2022-08-17,Kings,031,150075,58154,57948,3952,61900,454
2022-08-17,Lake,033,64148,12451,12383,1122,13505,142
2022-08-17,Lassen,035,31185,9853,9813,972,10785,64
2022-08-17,Los Angeles,037,10098052,3212996,3190808,172283,3363091,32701
2022-08-17,Madera,039,155013,42854,42677,7864,50541,372
2022-08-17,Marin,041,260295,44031,43852,5103,48955,305
2022-08-17,Mariposa,043,17540,3011,2998,333,3331,31
2022-08-17,Mendocino,045,87422,15630,15504,4298,19802,132
2022-08-17,Merced,047,269075,70831,70232,11160,81392,843
2022-08-17,Modoc,049,8938,865,857,313,1170,11
2022-08-17,Mono,051,14174,3182,3175,237,3412,7
2022-08-17,Monterey,053,433212,92551,91984,20220,112204,759
2022-08-17,Napa,055,140530,31551,31454,1384,32838,155
2022-08-17,Nevada,057,99092,18541,18443,1738,20181,132
2022-08-17,Orange,059,3164182,653626,650827,59289,710116,7266
2022-08-17,Placer,061,380077,74183,73852,9292,83144,655
2022-08-17,Plumas,063,18699,3556,3544,429,3973,13
2022-08-17,Riverside,065,2383286,681047,677437,34001,711438,6562
2022-08-17,Sacramento,067,1510023,338437,336667,32567,369234,3194
2022-08-17,San Benito,069,59416,15719,15655,910,16565,103
2022-08-17,San Bernardino,071,2135413,657089,646584,29881,676465,7999
2022-08-17,San Diego,073,3302833,905314,901794,69683,971477,5442
2022-08-17,San Francisco,075,870044,174312,173590,11744,185334,971
2022-08-17,San Joaquin,077,732212,193139,192078,14045,206123,2283
2022-08-17,San Luis Obispo,079,281455,62013,61604,6852,68456,514
2022-08-17,San Mateo,081,765935,164329,163218,10382,173600,738
2022-08-17,Santa Barbara,083,443738,103140,102430,6597,109027,712
2022-08-17,Santa Clara,085,1922200,420359,418231,18327,436558,2424
2022-08-17,Santa Cruz,087,273765,61292,60880,3297,64177,269
2022-08-17,Shasta,089,179085,34196,33984,7148,41132,587
2022-08-17,Sierra,091,2930,301,297,60,357,4
2022-08-17,Siskiyou,093,43540,5129,5102,3255,8357,88
2022-08-17,Solano,095,438530,102589,102115,7561,109676,459
2022-08-17,Sonoma,097,501317,104467,103844,5120,108964,504
2022-08-17,Stanislaus,099,539301,134727,133989,20922,154911,1715
2022-08-17,Sutter,101,95872,23572,23489,2422,25911,228
2022-08-17,Tehama,103,63373,13339,13259,2985,16244,209
2022-08-17,Trinity,105,12862,1372,1362,359,1721,20
2022-08-17,Tulare,107,460477,119383,118997,34534,153531,1521
2022-08-17,Tuolumne,109,53932,15144,15044,894,15938,196
2022-08-17,Ventura,111,848112,203747,202609,14830,217439,1546
2022-08-17,Yolo,113,214977,46502,46414,4213,50627,331
2022-08-17,Yuba,115,75493,18376,18305,1628,19933,129
2022-08-16,Alameda,001,1643700,337847,336198,19109,355307,1948
2022-08-16,Alpine,003,1148,131,131,1,132,0
2022-08-16,Amador,005,37829,9769,9728,891,10619,89
2022-08-16,Butte,007,227075,38519,38203,8632,46835,447
2022-08-16,Calaveras,009,45235,8316,8295,501,8796,131
2022-08-16,Colusa,011,21464,3727,3716,1215,4931,22
2022-08-16,Contra Costa,013,1133247,243977,240894,19901,260795,1394
2022-08-16,Del Norte,015,27424,7281,7274,389,7663,55
2022-08-16,El Dorado,017,186661,31680,31523,4126,35649,225
2022-08-16,Fresno,019,978130,268894,267367,29923,297290,2818
2022-08-16,Glenn,021,27897,5437,5403,1828,7231,48
2022-08-16,Humboldt,023,135768,21133,21029,4685,25714,153
2022-08-16,Imperial,025,180216,64145,63972,14928,78900,950
2022-08-16,Inyo,027,18085,4433,4421,862,5283,58
2022-08-16,Kern,029,883053,215279,214040,59734,273774,2389
2022-08-16,Kings,031,150075,58108,57948,3949,61897,454
2022-08-16,Lake,033,64148,12435,12383,1118,13501,142
2022-08-16,Lassen,035,31185,9840,9813,971,10784,64
2022-08-16,Los Angeles,037,10098052,3209936,3190808,171934,3362742,32701
2022-08-16,Madera,039,155013,42796,42677,7843,50520,372
2022-08-16,Marin,041,260295,43993,43852,5097,48949,305
2022-08-16,Mariposa,043,17540,3010,2998,332,3330,31
2022-08-16,Mendocino,045,87422,15612,15504,4284,19788,132
2022-08-16,Merced,047,269075,70754,70232,11115,81347,843
2022-08-16,Modoc,049,8938,865,857,313,1170,11
2022-08-16,Mono,051,14174,3182,3175,236,3411,7
2022-08-16,Monterey,053,433212,92471,91984,20148,112132,759
2022-08-16,Napa,055,140530,31532,31454,1383,32837,155
2022-08-16,Nevada,057,99092,18526,18443,1734,20177,132
2022-08-16,Orange,059,3164182,652963,650827,59155,709982,7266
2022-08-16,Placer,061,380077,74116,73852,9281,83133,655
2022-08-16,Plumas,063,18699,3554,3544,429,3973,13
2022-08-16,Riverside,065,2383286,680358,677437,33952,711389,6562
2022-08-16,Sacramento,067,1510023,338108,336667,32530,369197,3194
2022-08-16,San Benito,069,59416,15706,15655,906,16561,103
2022-08-16,San Bernardino,071,2135413,656364,646584,29810,676394,7999
2022-08-16,San Diego,073,3302833,904497,901794,69594,971388,5442
2022-08-16,San Francisco,075,870044,174149,173590,11738,185328,971
2022-08-16,San Joaquin,077,732212,192926,192078,14014,206092,2283
2022-08-16,San Luis Obispo,079,281455,61976,61604,6845,68449,514
2022-08-16,San Mateo,081,765935,164169,163218,10368,173586,738
2022-08-16,Santa Barbara,083,443738,103012,102430,6574,109004,712
2022-08-16,Santa Clara,085,1922200,419884,418231,18302,436533,2424
2022-08-16,Santa Cruz,087,273765,61239,60880,3293,64173,269
2022-08-16,Shasta,089,179085,34169,33984,7139,41123,587
2022-08-16,Sierra,091,2930,300,297,60,357,4
2022-08-16,Siskiyou,093,43540,5125,5102,3250,8352,88
2022-08-16,Solano,095,438530,102517,102115,7545,109660,459
2022-08-16,Sonoma,097,501317,104364,103844,5112,108956,504
2022-08-16,Stanislaus,099,539301,134592,133989,20860,154849,1715
2022-08-16,Sutter,101,95872,23548,23489,2416,25905,228
2022-08-16,Tehama,103,63373,13333,13259,2980,16239,209
2022-08-16,Trinity,105,12862,1369,1362,359,1721,20
2022-08-16,Tulare,107,460477,119296,118997,34414,153411,1521
2022-08-16,Tuolumne,109,53932,15130,15044,894,15938,196
2022-08-16,Ventura,111,848112,203518,202609,14774,217383,1546
2022-08-16,Yolo,113,214977,46483,46414,4208,50622,331
2022-08-16,Yuba,115,75493,18357,18305,1622,19927,129
2022-08-15,Alameda,001,1643700,337464,336198,19082,355280,1948
2022-08-15,Alpine,003,1148,131,131,1,132,0
2022-08-15,Amador,005,37829,9757,9728,891,10619,89
2022-08-15,Butte,007,227075,38497,38203,8613,46816,447
2022-08-15,Calaveras,009,45235,8314,8295,500,8795,131
2022-08-15,Colusa,011,21464,3724,3716,1214,4930,22
2022-08-15,Contra Costa,013,1133247,243695,240894,19867,260761,1394
2022-08-15,Del Norte,015,27424,7277,7274,388,7662,55
2022-08-15,El Dorado,017,186661,31650,31523,4119,35642,225
2022-08-15,Fresno,019,978130,268589,267367,29859,297226,2818
2022-08-15,Glenn,021,27897,5429,5403,1827,7230,48
2022-08-15,Humboldt,023,135768,21110,21029,4664,25693,153
2022-08-15,Imperial,025,180216,64098,63972,14891,78863,950
2022-08-15,Inyo,027,18085,4432,4421,860,5281,58
2022-08-15,Kern,029,883053,215095,214040,59599,273639,2389
2022-08-15,Kings,031,150075,58034,57948,3940,61888,454
2022-08-15,Lake,033,64148,12419,12383,1116,13499,142
2022-08-15,Lassen,035,31185,9839,9813,971,10784,64
2022-08-15,Los Angeles,037,10098052,3206529,3190808,171590,3362398,32701
2022-08-15,Madera,039,155013,42744,42677,7801,50478,372
2022-08-15,Marin,041,260295,43949,43852,5091,48943,305
2022-08-15,Mariposa,043,17540,3008,2998,331,3329,31
2022-08-15,Mendocino,045,87422,15595,15504,4277,19781,132
2022-08-15,Merced,047,269075,70690,70232,11061,81293,843
2022-08-15,Modoc,049,8938,861,857,313,1170,11
2022-08-15,Mono,051,14174,3180,3175,236,3411,7
2022-08-15,Monterey,053,433212,92361,91984,20078,112062,759
2022-08-15,Napa,055,140530,31507,31454,1383,32837,155
2022-08-15,Nevada,057,99092,18512,18443,1733,20176,132
2022-08-15,Orange,059,3164182,652252,650827,59034,709861,7266
2022-08-15,Placer,061,380077,74058,73852,9271,83123,655
2022-08-15,Plumas,063,18699,3550,3544,429,3973,13
2022-08-15,Riverside,065,2383286,679565,677437,33892,711329,6562
2022-08-15,Sacramento,067,1510023,337713,336667,32492,369159,3194
2022-08-15,San Benito,069,59416,15690,15655,904,16559,103
2022-08-15,San Bernardino,071,2135413,655536,646584,29734,676318,7999
2022-08-15,San Diego,073,3302833,903650,901794,69486,971280,5442
2022-08-15,San Francisco,075,870044,173969,173590,11733,185323,971
2022-08-15,San Joaquin,077,732212,192721,192078,13974,206052,2283
2022-08-15,San Luis Obispo,079,281455,61939,61604,6827,68431,514
2022-08-15,San Mateo,081,765935,163964,163218,10362,173580,738
2022-08-15,Santa Barbara,083,443738,102915,102430,6551,108981,712
2022-08-15,Santa Clara,085,1922200,419364,418231,18272,436503,2424
2022-08-15,Santa Cruz,087,273765,61159,60880,3288,64168,269
2022-08-15,Shasta,089,179085,34144,33984,7129,41113,587
2022-08-15,Sierra,091,2930,300,297,60,357,4
2022-08-15,Siskiyou,093,43540,5122,5102,3246,8348,88
2022-08-15,Solano,095,438530,102411,102115,7530,109645,459
2022-08-15,Sonoma,097,501317,104274,103844,5104,108948,504
2022-08-15,Stanislaus,099,539301,134452,133989,20825,154814,1715
2022-08-15,Sutter,101,95872,23516,23489,2414,25903,228
2022-08-15,Tehama,103,63373,13325,13259,2973,16232,209
2022-08-15,Trinity,105,12862,1366,1362,357,1719,20
2022-08-15,Tulare,107,460477,119165,118997,34297,153294,1521
2022-08-15,Tuolumne,109,53932,15122,15044,894,15938,196
2022-08-15,Ventura,111,848112,203269,202609,14709,217318,1546
2022-08-15,Yolo,113,214977,46448,46414,4205,50619,331
2022-08-15,Yuba,115,75493,18334,18305,1617,19922,129
2022-08-14,Alameda,001,1643700,337006,334944,19056,354000,1948
2022-08-14,Alpine,003,1148,131,131,1,132,0
2022-08-14,Amador,005,37829,9748,9705,889,10594,89
2022-08-14,Butte,007,227075,38447,38062,8597,46659,447
2022-08-14,Calaveras,009,45235,8305,8271,499,8770,131
2022-08-14,Colusa,011,21464,3724,3704,1211,4915,22
2022-08-14,Contra Costa,013,1133247,243427,239735,19814,259549,1393
2022-08-14,Del Norte,015,27424,7269,7245,386,7631,54
2022-08-14,El Dorado,017,186661,31619,31430,4114,35544,225
2022-08-14,Fresno,019,978130,268290,266211,29805,296016,2816
2022-08-14,Glenn,021,27897,5425,5393,1826,7219,48
2022-08-14,Humboldt,023,135768,21081,20954,4650,25604,153
2022-08-14,Imperial,025,180216,64033,63766,14849,78615,950
2022-08-14,Inyo,027,18085,4425,4418,856,5274,58
2022-08-14,Kern,029,883053,214912,213071,59426,272497,2380
2022-08-14,Kings,031,150075,57978,57748,3933,61681,454
2022-08-14,Lake,033,64148,12401,12324,1113,13437,142
2022-08-14,Lassen,035,31185,9819,9795,970,10765,64
2022-08-14,Los Angeles,037,10098052,3202974,3177769,171189,3348958,32657
2022-08-14,Madera,039,155013,42683,42517,7758,50275,372
2022-08-14,Marin,041,260295,43904,43662,5085,48747,305
2022-08-14,Mariposa,043,17540,3006,2986,330,3316,31
2022-08-14,Mendocino,045,87422,15576,15456,4270,19726,132
2022-08-14,Merced,047,269075,70584,69974,10995,80969,842
2022-08-14,Modoc,049,8938,860,856,313,1169,11
2022-08-14,Mono,051,14174,3178,3170,236,3406,7
2022-08-14,Monterey,053,433212,92237,91612,20005,111617,759
2022-08-14,Napa,055,140530,31470,31312,1382,32694,156
2022-08-14,Nevada,057,99092,18492,18398,1730,20128,132
2022-08-14,Orange,059,3164182,651525,648171,58883,707054,7248
2022-08-14,Placer,061,380077,73998,73588,9254,82842,656
2022-08-14,Plumas,063,18699,3548,3539,429,3968,13
2022-08-14,Riverside,065,2383286,678750,674362,33807,708169,6561
2022-08-14,Sacramento,067,1510023,337231,335292,32439,367731,3190
2022-08-14,San Benito,069,59416,15668,15578,895,16473,103
2022-08-14,San Bernardino,071,2135413,654671,643895,29660,673555,7983
2022-08-14,San Diego,073,3302833,902757,898646,69382,968028,5437
2022-08-14,San Francisco,075,870044,173754,172876,11719,184595,955
2022-08-14,San Joaquin,077,732212,192426,191272,13913,205185,2283
2022-08-14,San Luis Obispo,079,281455,61878,61403,6799,68202,512
2022-08-14,San Mateo,081,765935,163758,162531,10348,172879,738
2022-08-14,Santa Barbara,083,443738,102778,101942,6525,108467,712
2022-08-14,Santa Clara,085,1922200,418791,416369,18237,434606,2422
2022-08-14,Santa Cruz,087,273765,61054,60594,3281,63875,273
2022-08-14,Shasta,089,179085,34100,33895,7115,41010,584
2022-08-14,Sierra,091,2930,300,296,60,356,4
2022-08-14,Siskiyou,093,43540,5115,5086,3244,8330,88
2022-08-14,Solano,095,438530,102272,101761,7521,109282,458
2022-08-14,Sonoma,097,501317,104167,103496,5088,108584,504
2022-08-14,Stanislaus,099,539301,134271,133490,20769,154259,1702
2022-08-14,Sutter,101,95872,23474,23386,2410,25796,228
2022-08-14,Tehama,103,63373,13317,13213,2972,16185,209
2022-08-14,Trinity,105,12862,1365,1356,357,1713,20
2022-08-14,Tulare,107,460477,119016,118563,34176,152739,1520
2022-08-14,Tuolumne,109,53932,15102,14964,893,15857,196
2022-08-14,Ventura,111,848112,203005,201765,14666,216431,1541
2022-08-14,Yolo,113,214977,46402,46225,4200,50425,331
2022-08-14,Yuba,115,75493,18312,18232,1614,19846,129
2022-08-13,Alameda,001,1643700,336756,334944,19041,353985,1948
2022-08-13,Alpine,003,1148,131,131,1,132,0
2022-08-13,Amador,005,37829,9744,9705,889,10594,89
2022-08-13,Butte,007,227075,38423,38062,8586,46648,447
2022-08-13,Calaveras,009,45235,8301,8271,498,8769,131
2022-08-13,Colusa,011,21464,3721,3704,1211,4915,22
2022-08-13,Contra Costa,013,1133247,243262,239735,19788,259523,1393
2022-08-13,Del Norte,015,27424,7267,7245,386,7631,54
2022-08-13,El Dorado,017,186661,31606,31430,4113,35543,225
2022-08-13,Fresno,019,978130,268151,266211,29775,295986,2816
2022-08-13,Glenn,021,27897,5425,5393,1824,7217,48
2022-08-13,Humboldt,023,135768,21065,20954,4640,25594,153
2022-08-13,Imperial,025,180216,63992,63766,14831,78597,950
2022-08-13,Inyo,027,18085,4423,4418,855,5273,58
2022-08-13,Kern,029,883053,214821,213071,59346,272417,2380
2022-08-13,Kings,031,150075,57953,57748,3933,61681,454
2022-08-13,Lake,033,64148,12390,12324,1113,13437,142
2022-08-13,Lassen,035,31185,9813,9795,969,10764,64
2022-08-13,Los Angeles,037,10098052,3201113,3177769,170927,3348696,32657
2022-08-13,Madera,039,155013,42667,42517,7751,50268,372
2022-08-13,Marin,041,260295,43884,43662,5082,48744,305
2022-08-13,Mariposa,043,17540,3006,2986,329,3315,31
2022-08-13,Mendocino,045,87422,15564,15456,4267,19723,132
2022-08-13,Merced,047,269075,70546,69974,10989,80963,842
2022-08-13,Modoc,049,8938,860,856,313,1169,11
2022-08-13,Mono,051,14174,3178,3170,235,3405,7
2022-08-13,Monterey,053,433212,92172,91612,19970,111582,759
2022-08-13,Napa,055,140530,31457,31312,1380,32692,156
2022-08-13,Nevada,057,99092,18481,18398,1728,20126,132
2022-08-13,Orange,059,3164182,651134,648171,58808,706979,7248
2022-08-13,Placer,061,380077,73952,73588,9248,82836,656
2022-08-13,Plumas,063,18699,3546,3539,429,3968,13
2022-08-13,Riverside,065,2383286,678315,674362,33774,708136,6561
2022-08-13,Sacramento,067,1510023,337040,335292,32428,367720,3190
2022-08-13,San Benito,069,59416,15662,15578,889,16467,103
2022-08-13,San Bernardino,071,2135413,654202,643895,29630,673525,7983
2022-08-13,San Diego,073,3302833,902305,898646,69339,967985,5437
2022-08-13,San Francisco,075,870044,173637,172876,11713,184589,955
2022-08-13,San Joaquin,077,732212,192302,191272,13890,205162,2283
2022-08-13,San Luis Obispo,079,281455,61859,61403,6794,68197,512
2022-08-13,San Mateo,081,765935,163646,162531,10336,172867,738
2022-08-13,Santa Barbara,083,443738,102700,101942,6510,108452,712
2022-08-13,Santa Clara,085,1922200,418476,416369,18216,434585,2422
2022-08-13,Santa Cruz,087,273765,61017,60594,3275,63869,273
2022-08-13,Shasta,089,179085,34062,33895,7111,41006,584
2022-08-13,Sierra,091,2930,300,296,60,356,4
2022-08-13,Siskiyou,093,43540,5113,5086,3241,8327,88
2022-08-13,Solano,095,438530,102232,101761,7513,109274,458
2022-08-13,Sonoma,097,501317,104115,103496,5087,108583,504
2022-08-13,Stanislaus,099,539301,134170,133490,20745,154235,1702
2022-08-13,Sutter,101,95872,23460,23386,2410,25796,228
2022-08-13,Tehama,103,63373,13312,13213,2971,16184,209
2022-08-13,Trinity,105,12862,1364,1356,357,1713,20
2022-08-13,Tulare,107,460477,118945,118563,34119,152682,1520
2022-08-13,Tuolumne,109,53932,15088,14964,888,15852,196
2022-08-13,Ventura,111,848112,202842,201765,14651,216416,1541
2022-08-13,Yolo,113,214977,46374,46225,4197,50422,331
2022-08-13,Yuba,115,75493,18303,18232,1612,19844,129
2022-08-12,Alameda,001,1643700,336508,334944,19027,353971,1948
2022-08-12,Alpine,003,1148,131,131,1,132,0
2022-08-12,Amador,005,37829,9734,9705,886,10591,89
2022-08-12,Butte,007,227075,38403,38062,8577,46639,447
2022-08-12,Calaveras,009,45235,8293,8271,495,8766,131
2022-08-12,Colusa,011,21464,3718,3704,1211,4915,22
2022-08-12,Contra Costa,013,1133247,243094,239735,19770,259505,1393
2022-08-12,Del Norte,015,27424,7263,7245,386,7631,54
2022-08-12,El Dorado,017,186661,31588,31430,4109,35539,225
2022-08-12,Fresno,019,978130,267945,266211,29748,295959,2816
2022-08-12,Glenn,021,27897,5425,5393,1824,7217,48
2022-08-12,Humboldt,023,135768,21043,20954,4632,25586,153
2022-08-12,Imperial,025,180216,63965,63766,14816,78582,950
2022-08-12,Inyo,027,18085,4422,4418,853,5271,58
2022-08-12,Kern,029,883053,214722,213071,59258,272329,2380
2022-08-12,Kings,031,150075,57933,57748,3931,61679,454
2022-08-12,Lake,033,64148,12386,12324,1110,13434,142
2022-08-12,Lassen,035,31185,9811,9795,969,10764,64
2022-08-12,Los Angeles,037,10098052,3199022,3177769,170681,3348450,32657
2022-08-12,Madera,039,155013,42638,42517,7745,50262,372
2022-08-12,Marin,041,260295,43854,43662,5074,48736,305
2022-08-12,Mariposa,043,17540,3006,2986,329,3315,31
2022-08-12,Mendocino,045,87422,15553,15456,4259,19715,132
2022-08-12,Merced,047,269075,70513,69974,10982,80956,842
2022-08-12,Modoc,049,8938,860,856,313,1169,11
2022-08-12,Mono,051,14174,3178,3170,235,3405,7
2022-08-12,Monterey,053,433212,92115,91612,19937,111549,759
2022-08-12,Napa,055,140530,31436,31312,1379,32691,156
2022-08-12,Nevada,057,99092,18477,18398,1726,20124,132
2022-08-12,Orange,059,3164182,650724,648171,58714,706885,7248
2022-08-12,Placer,061,380077,73901,73588,9238,82826,656
2022-08-12,Plumas,063,18699,3544,3539,429,3968,13
2022-08-12,Riverside,065,2383286,677894,674362,33741,708103,6561
2022-08-12,Sacramento,067,1510023,336825,335292,32411,367703,3190
2022-08-12,San Benito,069,59416,15645,15578,888,16466,103
2022-08-12,San Bernardino,071,2135413,653796,643895,29613,673508,7983
2022-08-12,San Diego,073,3302833,901779,898646,69264,967910,5437
2022-08-12,San Francisco,075,870044,173510,172876,11705,184581,955
2022-08-12,San Joaquin,077,732212,192177,191272,13872,205144,2283
2022-08-12,San Luis Obispo,079,281455,61837,61403,6787,68190,512
2022-08-12,San Mateo,081,765935,163517,162531,10331,172862,738
2022-08-12,Santa Barbara,083,443738,102618,101942,6505,108447,712
2022-08-12,Santa Clara,085,1922200,418133,416369,18195,434564,2422
2022-08-12,Santa Cruz,087,273765,60964,60594,3273,63867,273
2022-08-12,Shasta,089,179085,34048,33895,7103,40998,584
2022-08-12,Sierra,091,2930,298,296,59,355,4
2022-08-12,Siskiyou,093,43540,5110,5086,3241,8327,88
2022-08-12,Solano,095,438530,102159,101761,7502,109263,458
2022-08-12,Sonoma,097,501317,104057,103496,5086,108582,504
2022-08-12,Stanislaus,099,539301,134084,133490,20733,154223,1702
2022-08-12,Sutter,101,95872,23445,23386,2410,25796,228
2022-08-12,Tehama,103,63373,13304,13213,2970,16183,209
2022-08-12,Trinity,105,12862,1361,1356,356,1712,20
2022-08-12,Tulare,107,460477,118886,118563,34061,152624,1520
2022-08-12,Tuolumne,109,53932,15081,14964,887,15851,196
2022-08-12,Ventura,111,848112,202697,201765,14633,216398,1541
2022-08-12,Yolo,113,214977,46352,46225,4192,50417,331
2022-08-12,Yuba,115,75493,18292,18232,1611,19843,129
2022-08-11,Alameda,001,1643700,336186,334944,18994,353938,1948
2022-08-11,Alpine,003,1148,131,131,1,132,0
2022-08-11,Amador,005,37829,9731,9705,883,10588,89
2022-08-11,Butte,007,227075,38367,38062,8563,46625,447
2022-08-11,Calaveras,009,45235,8287,8271,493,8764,131
2022-08-11,Colusa,011,21464,3715,3704,1210,4914,22
2022-08-11,Contra Costa,013,1133247,242837,239735,19736,259471,1393
2022-08-11,Del Norte,015,27424,7257,7245,384,7629,54
2022-08-11,El Dorado,017,186661,31557,31430,4102,35532,225
2022-08-11,Fresno,019,978130,267697,266211,29701,295912,2816
2022-08-11,Glenn,021,27897,5423,5393,1823,7216,48
2022-08-11,Humboldt,023,135768,21013,20954,4623,25577,153
2022-08-11,Imperial,025,180216,63918,63766,14771,78537,950
2022-08-11,Inyo,027,18085,4421,4418,847,5265,58
2022-08-11,Kern,029,883053,214543,213071,59114,272185,2380
2022-08-11,Kings,031,150075,57875,57748,3924,61672,454
2022-08-11,Lake,033,64148,12376,12324,1109,13433,142
2022-08-11,Lassen,035,31185,9806,9795,969,10764,64
2022-08-11,Los Angeles,037,10098052,3196048,3177769,170306,3348075,32657
2022-08-11,Madera,039,155013,42591,42517,7719,50236,372
2022-08-11,Marin,041,260295,43815,43662,5067,48729,305
2022-08-11,Mariposa,043,17540,3006,2986,326,3312,31
2022-08-11,Mendocino,045,87422,15542,15456,4256,19712,132
2022-08-11,Merced,047,269075,70461,69974,10946,80920,842
2022-08-11,Modoc,049,8938,859,856,313,1169,11
2022-08-11,Mono,051,14174,3178,3170,235,3405,7
2022-08-11,Monterey,053,433212,92015,91612,19882,111494,759
2022-08-11,Napa,055,140530,31398,31312,1377,32689,156
2022-08-11,Nevada,057,99092,18459,18398,1722,20120,132
2022-08-11,Orange,059,3164182,650073,648171,58578,706749,7248
2022-08-11,Placer,061,380077,73835,73588,9228,82816,656
2022-08-11,Plumas,063,18699,3543,3539,428,3967,13
2022-08-11,Riverside,065,2383286,677286,674362,33695,708057,6561
2022-08-11,Sacramento,067,1510023,336514,335292,32378,367670,3190
2022-08-11,San Benito,069,59416,15629,15578,887,16465,103
2022-08-11,San Bernardino,071,2135413,653049,643895,29562,673457,7983
2022-08-11,San Diego,073,3302833,901006,898646,69140,967786,5437
2022-08-11,San Francisco,075,870044,173353,172876,11688,184564,955
2022-08-11,San Joaquin,077,732212,191987,191272,13843,205115,2283
2022-08-11,San Luis Obispo,079,281455,61788,61403,6760,68163,512
2022-08-11,San Mateo,081,765935,163352,162531,10319,172850,738
2022-08-11,Santa Barbara,083,443738,102510,101942,6483,108425,712
2022-08-11,Santa Clara,085,1922200,417702,416369,18173,434542,2422
2022-08-11,Santa Cruz,087,273765,60899,60594,3269,63863,273
2022-08-11,Shasta,089,179085,34029,33895,7089,40984,584
2022-08-11,Sierra,091,2930,297,296,59,355,4
2022-08-11,Siskiyou,093,43540,5107,5086,3237,8323,88
2022-08-11,Solano,095,438530,102092,101761,7489,109250,458
2022-08-11,Sonoma,097,501317,103963,103496,5079,108575,504
2022-08-11,Stanislaus,099,539301,133927,133490,20692,154182,1702
2022-08-11,Sutter,101,95872,23415,23386,2410,25796,228
2022-08-11,Tehama,103,63373,13296,13213,2970,16183,209
2022-08-11,Trinity,105,12862,1361,1356,355,1711,20
2022-08-11,Tulare,107,460477,118789,118563,33972,152535,1520
2022-08-11,Tuolumne,109,53932,15073,14964,885,15849,196
2022-08-11,Ventura,111,848112,202495,201765,14596,216361,1541
2022-08-11,Yolo,113,214977,46318,46225,4188,50413,331
2022-08-11,Yuba,115,75493,18269,18232,1608,19840,129
2022-08-10,Alameda,001,1643700,335790,333587,18970,352557,1944
2022-08-10,Alpine,003,1148,131,131,1,132,0
2022-08-10,Amador,005,37829,9726,9677,880,10557,88
2022-08-10,Butte,007,227075,38332,37892,8553,46445,446
2022-08-10,Calaveras,009,45235,8281,8251,490,8741,130
2022-08-10,Colusa,011,21464,3711,3700,1210,4910,22
2022-08-10,Contra Costa,013,1133247,242588,238658,19695,258353,1382
2022-08-10,Del Norte,015,27424,7252,7220,384,7604,54
2022-08-10,El Dorado,017,186661,31531,31354,4087,35441,225
2022-08-10,Fresno,019,978130,267427,265300,29637,294937,2815
2022-08-10,Glenn,021,27897,5421,5387,1820,7207,48
2022-08-10,Humboldt,023,135768,20999,20843,4605,25448,153
2022-08-10,Imperial,025,180216,63859,63532,14729,78261,949
2022-08-10,Inyo,027,18085,4421,4416,846,5262,57
2022-08-10,Kern,029,883053,214364,212602,58973,271575,2380
2022-08-10,Kings,031,150075,57828,57569,3922,61491,453
2022-08-10,Lake,033,64148,12362,12281,1109,13390,142
2022-08-10,Lassen,035,31185,9799,9682,969,10651,64
2022-08-10,Los Angeles,037,10098052,3192840,3168105,169946,3338051,32609
2022-08-10,Madera,039,155013,42554,42350,7703,50053,372
2022-08-10,Marin,041,260295,43769,43532,5064,48596,302
2022-08-10,Mariposa,043,17540,3005,2980,326,3306,31
2022-08-10,Mendocino,045,87422,15528,15394,4254,19648,132
2022-08-10,Merced,047,269075,70389,69740,10921,80661,839
2022-08-10,Modoc,049,8938,858,855,312,1167,11
2022-08-10,Mono,051,14174,3176,3165,235,3400,7
2022-08-10,Monterey,053,433212,91914,91307,19816,111123,758
2022-08-10,Napa,055,140530,31360,31223,1375,32598,153
2022-08-10,Nevada,057,99092,18445,18354,1720,20074,132
2022-08-10,Orange,059,3164182,649361,646005,58456,704461,7235
2022-08-10,Placer,061,380077,73779,73348,9219,82567,650
2022-08-10,Plumas,063,18699,3541,3525,428,3953,13
2022-08-10,Riverside,065,2383286,676563,672334,33634,705968,6555
2022-08-10,Sacramento,067,1510023,336189,334382,32348,366730,3177
2022-08-10,San Benito,069,59416,15600,15507,880,16387,101
2022-08-10,San Bernardino,071,2135413,652408,641936,29507,671443,7977
2022-08-10,San Diego,073,3302833,900156,895482,69023,964505,5429
2022-08-10,San Francisco,075,870044,173188,172265,11670,183935,945
2022-08-10,San Joaquin,077,732212,191762,190596,13802,204398,2281
2022-08-10,San Luis Obispo,079,281455,61743,61207,6745,67952,510
2022-08-10,San Mateo,081,765935,163156,161882,10310,172192,738
2022-08-10,Santa Barbara,083,443738,102383,101558,6463,108021,711
2022-08-10,Santa Clara,085,1922200,417180,414659,18149,432808,2398
2022-08-10,Santa Cruz,087,273765,60818,60360,3267,63627,269
2022-08-10,Shasta,089,179085,34008,33816,7080,40896,584
2022-08-10,Sierra,091,2930,297,295,59,354,4
2022-08-10,Siskiyou,093,43540,5102,5074,3231,8305,87
2022-08-10,Solano,095,438530,102002,101393,7484,108877,457
2022-08-10,Sonoma,097,501317,103871,103168,5071,108239,501
2022-08-10,Stanislaus,099,539301,133788,133071,20659,153730,1702
2022-08-10,Sutter,101,95872,23387,23279,2408,25687,228
2022-08-10,Tehama,103,63373,13289,13187,2969,16156,209
2022-08-10,Trinity,105,12862,1360,1350,355,1705,20
2022-08-10,Tulare,107,460477,118704,118239,33893,152132,1520
2022-08-10,Tuolumne,109,53932,15038,14922,883,15805,196
2022-08-10,Ventura,111,848112,202271,201179,14558,215737,1539
2022-08-10,Yolo,113,214977,46284,46069,4181,50250,330
2022-08-10,Yuba,115,75493,18249,18179,1604,19783,129
2022-08-09,Alameda,001,1643700,335366,333587,18930,352517,1944
2022-08-09,Alpine,003,1148,131,131,1,132,0
2022-08-09,Amador,005,37829,9716,9677,879,10556,88
2022-08-09,Butte,007,227075,38294,37892,8542,46434,446
2022-08-09,Calaveras,009,45235,8274,8251,490,8741,130
2022-08-09,Colusa,011,21464,3708,3700,1209,4909,22
2022-08-09,Contra Costa,013,1133247,242312,238658,19650,258308,1382
2022-08-09,Del Norte,015,27424,7235,7220,383,7603,54
2022-08-09,El Dorado,017,186661,31502,31354,4081,35435,225
2022-08-09,Fresno,019,978130,267098,265300,29602,294902,2815
2022-08-09,Glenn,021,27897,5419,5387,1820,7207,48
2022-08-09,Humboldt,023,135768,20974,20843,4595,25438,153
2022-08-09,Imperial,025,180216,63796,63532,14673,78205,949
2022-08-09,Inyo,027,18085,4420,4416,842,5258,57
2022-08-09,Kern,029,883053,214173,212602,58838,271440,2380
2022-08-09,Kings,031,150075,57762,57569,3920,61489,453
2022-08-09,Lake,033,64148,12338,12281,1108,13389,142
2022-08-09,Lassen,035,31185,9793,9682,969,10651,64
2022-08-09,Los Angeles,037,10098052,3189345,3168105,169570,3337675,32609
2022-08-09,Madera,039,155013,42500,42350,7691,50041,372
2022-08-09,Marin,041,260295,43714,43532,5060,48592,302
2022-08-09,Mariposa,043,17540,3001,2980,325,3305,31
2022-08-09,Mendocino,045,87422,15510,15394,4244,19638,132
2022-08-09,Merced,047,269075,70325,69740,10892,80632,839
2022-08-09,Modoc,049,8938,858,855,311,1166,11
2022-08-09,Mono,051,14174,3176,3165,234,3399,7
2022-08-09,Monterey,053,433212,91802,91307,19751,111058,758
2022-08-09,Napa,055,140530,31332,31223,1373,32596,153
2022-08-09,Nevada,057,99092,18433,18354,1718,20072,132
2022-08-09,Orange,059,3164182,648540,646005,58306,704311,7235
2022-08-09,Placer,061,380077,73714,73348,9211,82559,650
2022-08-09,Plumas,063,18699,3536,3525,428,3953,13
2022-08-09,Riverside,065,2383286,675809,672334,33579,705913,6555
2022-08-09,Sacramento,067,1510023,335768,334382,32315,366697,3177
2022-08-09,San Benito,069,59416,15583,15507,875,16382,101
2022-08-09,San Bernardino,071,2135413,651725,641936,29443,671379,7977
2022-08-09,San Diego,073,3302833,899261,895482,68887,964369,5429
2022-08-09,San Francisco,075,870044,172930,172265,11650,183915,945
2022-08-09,San Joaquin,077,732212,191548,190596,13763,204359,2281
2022-08-09,San Luis Obispo,079,281455,61686,61207,6721,67928,510
2022-08-09,San Mateo,081,765935,162959,161882,10294,172176,738
2022-08-09,Santa Barbara,083,443738,102226,101558,6434,107992,711
2022-08-09,Santa Clara,085,1922200,416653,414659,18129,432788,2398
2022-08-09,Santa Cruz,087,273765,60744,60360,3258,63618,269
2022-08-09,Shasta,089,179085,33986,33816,7077,40893,584
2022-08-09,Sierra,091,2930,297,295,59,354,4
2022-08-09,Siskiyou,093,43540,5098,5074,3227,8301,87
2022-08-09,Solano,095,438530,101899,101393,7472,108865,457
2022-08-09,Sonoma,097,501317,103768,103168,5063,108231,501
2022-08-09,Stanislaus,099,539301,133646,133071,20627,153698,1702
2022-08-09,Sutter,101,95872,23357,23279,2406,25685,228
2022-08-09,Tehama,103,63373,13276,13187,2959,16146,209
2022-08-09,Trinity,105,12862,1358,1350,354,1704,20
2022-08-09,Tulare,107,460477,118592,118239,33807,152046,1520
2022-08-09,Tuolumne,109,53932,15022,14922,883,15805,196
2022-08-09,Ventura,111,848112,202037,201179,14523,215702,1539
2022-08-09,Yolo,113,214977,46242,46069,4169,50238,330
2022-08-09,Yuba,115,75493,18230,18179,1594,19773,129
2022-08-08,Alameda,001,1643700,334909,333587,18888,352475,1944
2022-08-08,Alpine,003,1148,131,131,1,132,0
2022-08-08,Amador,005,37829,9710,9677,878,10555,88
2022-08-08,Butte,007,227075,38241,37892,8528,46420,446
2022-08-08,Calaveras,009,45235,8269,8251,487,8738,130
2022-08-08,Colusa,011,21464,3708,3700,1208,4908,22
2022-08-08,Contra Costa,013,1133247,241940,238658,19602,258260,1382
2022-08-08,Del Norte,015,27424,7228,7220,382,7602,54
2022-08-08,El Dorado,017,186661,31473,31354,4074,35428,225
2022-08-08,Fresno,019,978130,266734,265300,29553,294853,2815
2022-08-08,Glenn,021,27897,5413,5387,1819,7206,48
2022-08-08,Humboldt,023,135768,20936,20843,4578,25421,153
2022-08-08,Imperial,025,180216,63737,63532,14605,78137,949
2022-08-08,Inyo,027,18085,4419,4416,841,5257,57
2022-08-08,Kern,029,883053,213918,212602,58684,271286,2380
2022-08-08,Kings,031,150075,57702,57569,3911,61480,453
2022-08-08,Lake,033,64148,12316,12281,1105,13386,142
2022-08-08,Lassen,035,31185,9780,9682,966,10648,64
2022-08-08,Los Angeles,037,10098052,3185709,3168105,169143,3337248,32609
2022-08-08,Madera,039,155013,42443,42350,7668,50018,372
2022-08-08,Marin,041,260295,43659,43532,5047,48579,302
2022-08-08,Mariposa,043,17540,2997,2980,321,3301,31
2022-08-08,Mendocino,045,87422,15496,15394,4234,19628,132
2022-08-08,Merced,047,269075,70254,69740,10864,80604,839
2022-08-08,Modoc,049,8938,857,855,311,1166,11
2022-08-08,Mono,051,14174,3176,3165,234,3399,7
2022-08-08,Monterey,053,433212,91702,91307,19670,110977,758
2022-08-08,Napa,055,140530,31297,31223,1372,32595,153
2022-08-08,Nevada,057,99092,18418,18354,1710,20064,132
2022-08-08,Orange,059,3164182,647703,646005,58146,704151,7235
2022-08-08,Placer,061,380077,73655,73348,9201,82549,650
2022-08-08,Plumas,063,18699,3533,3525,427,3952,13
2022-08-08,Riverside,065,2383286,675007,672334,33527,705861,6555
2022-08-08,Sacramento,067,1510023,335365,334382,32277,366659,3177
2022-08-08,San Benito,069,59416,15558,15507,872,16379,101
2022-08-08,San Bernardino,071,2135413,650893,641936,29381,671317,7977
2022-08-08,San Diego,073,3302833,898166,895482,68762,964244,5429
2022-08-08,San Francisco,075,870044,172711,172265,11632,183897,945
2022-08-08,San Joaquin,077,732212,191281,190596,13723,204319,2281
2022-08-08,San Luis Obispo,079,281455,61620,61207,6699,67906,510
2022-08-08,San Mateo,081,765935,162748,161882,10283,172165,738
2022-08-08,Santa Barbara,083,443738,102093,101558,6417,107975,711
2022-08-08,Santa Clara,085,1922200,416045,414659,18106,432765,2398
2022-08-08,Santa Cruz,087,273765,60668,60360,3255,63615,269
2022-08-08,Shasta,089,179085,33956,33816,7068,40884,584
2022-08-08,Sierra,091,2930,297,295,59,354,4
2022-08-08,Siskiyou,093,43540,5095,5074,3224,8298,87
2022-08-08,Solano,095,438530,101757,101393,7457,108850,457
2022-08-08,Sonoma,097,501317,103654,103168,5054,108222,501
2022-08-08,Stanislaus,099,539301,133522,133071,20600,153671,1702
2022-08-08,Sutter,101,95872,23321,23279,2406,25685,228
2022-08-08,Tehama,103,63373,13266,13187,2957,16144,209
2022-08-08,Trinity,105,12862,1358,1350,353,1703,20
2022-08-08,Tulare,107,460477,118451,118239,33723,151962,1520
2022-08-08,Tuolumne,109,53932,15014,14922,882,15804,196
2022-08-08,Ventura,111,848112,201792,201179,14472,215651,1539
2022-08-08,Yolo,113,214977,46188,46069,4163,50232,330
2022-08-08,Yuba,115,75493,18206,18179,1592,19771,129
2022-08-07,Alameda,001,1643700,334351,331755,18847,350602,1945
2022-08-07,Alpine,003,1148,131,130,1,131,0
2022-08-07,Amador,005,37829,9703,9655,876,10531,88
2022-08-07,Butte,007,227075,38171,37717,8514,46231,446
2022-08-07,Calaveras,009,45235,8256,8219,483,8702,129
2022-08-07,Colusa,011,21464,3704,3696,1207,4903,22
2022-08-07,Contra Costa,013,1133247,241549,237436,19555,256991,1383
2022-08-07,Del Norte,015,27424,7216,7191,379,7570,54
2022-08-07,El Dorado,017,186661,31433,31240,4069,35309,225
2022-08-07,Fresno,019,978130,266313,263912,29479,293391,2815
2022-08-07,Glenn,021,27897,5411,5379,1816,7195,48
2022-08-07,Humboldt,023,135768,20898,20746,4557,25303,153
2022-08-07,Imperial,025,180216,63655,63198,14533,77731,949
2022-08-07,Inyo,027,18085,4419,4408,838,5246,57
2022-08-07,Kern,029,883053,213688,211798,58484,270282,2375
2022-08-07,Kings,031,150075,57605,57294,3903,61197,453
2022-08-07,Lake,033,64148,12302,12220,1105,13325,142
2022-08-07,Lassen,035,31185,9724,9654,966,10620,64
2022-08-07,Los Angeles,037,10098052,3181269,3153757,168755,3322512,32563
2022-08-07,Madera,039,155013,42386,42139,7629,49768,372
2022-08-07,Marin,041,260295,43603,43295,5037,48332,302
2022-08-07,Mariposa,043,17540,2994,2965,320,3285,31
2022-08-07,Mendocino,045,87422,15477,15335,4215,19550,132
2022-08-07,Merced,047,269075,70132,69498,10812,80310,838
2022-08-07,Modoc,049,8938,856,853,311,1164,11
2022-08-07,Mono,051,14174,3173,3161,234,3395,7
2022-08-07,Monterey,053,433212,91569,90884,19581,110465,757
2022-08-07,Napa,055,140530,31254,31052,1370,32422,151
2022-08-07,Nevada,057,99092,18394,18309,1704,20013,132
2022-08-07,Orange,059,3164182,646804,643029,57955,700984,7213
2022-08-07,Placer,061,380077,73565,73064,9186,82250,648
2022-08-07,Plumas,063,18699,3532,3516,427,3943,13
2022-08-07,Riverside,065,2383286,674078,669230,33446,702676,6555
2022-08-07,Sacramento,067,1510023,334879,332928,32227,365155,3175
2022-08-07,San Benito,069,59416,15532,15403,869,16272,101
2022-08-07,San Bernardino,071,2135413,649999,639120,29314,668434,7956
2022-08-07,San Diego,073,3302833,896890,891504,68650,960154,5424
2022-08-07,San Francisco,075,870044,172432,171486,11605,183091,946
2022-08-07,San Joaquin,077,732212,190980,189696,13668,203364,2276
2022-08-07,San Luis Obispo,079,281455,61522,60903,6667,67570,510
2022-08-07,San Mateo,081,765935,162497,161011,10266,171277,734
2022-08-07,Santa Barbara,083,443738,101907,100995,6390,107385,711
2022-08-07,Santa Clara,085,1922200,415333,412411,18086,430497,2386
2022-08-07,Santa Cruz,087,273765,60547,59982,3239,63221,269
2022-08-07,Shasta,089,179085,33908,33727,7054,40781,583
2022-08-07,Sierra,091,2930,296,295,59,354,4
2022-08-07,Siskiyou,093,43540,5089,5045,3219,8264,87
2022-08-07,Solano,095,438530,101600,100081,7440,107521,457
2022-08-07,Sonoma,097,501317,103537,102682,5046,107728,502
2022-08-07,Stanislaus,099,539301,133328,132406,20567,152973,1701
2022-08-07,Sutter,101,95872,23285,23178,2405,25583,228
2022-08-07,Tehama,103,63373,13256,13155,2953,16108,209
2022-08-07,Trinity,105,12862,1356,1347,352,1699,20
2022-08-07,Tulare,107,460477,118301,117668,33623,151291,1516
2022-08-07,Tuolumne,109,53932,14997,14844,882,15726,196
2022-08-07,Ventura,111,848112,201534,200270,14426,214696,1537
2022-08-07,Yolo,113,214977,46138,45902,4153,50055,331
2022-08-07,Yuba,115,75493,18187,18099,1588,19687,124
2022-08-06,Alameda,001,1643700,334108,331755,18835,350590,1945
2022-08-06,Alpine,003,1148,131,130,1,131,0
2022-08-06,Amador,005,37829,9696,9655,874,10529,88
2022-08-06,Butte,007,227075,38133,37717,8503,46220,446
2022-08-06,Calaveras,009,45235,8249,8219,482,8701,129
2022-08-06,Colusa,011,21464,3702,3696,1204,4900,22
2022-08-06,Contra Costa,013,1133247,241303,237436,19536,256972,1383
2022-08-06,Del Norte,015,27424,7210,7191,379,7570,54
2022-08-06,El Dorado,017,186661,31416,31240,4066,35306,225
2022-08-06,Fresno,019,978130,266135,263912,29455,293367,2815
2022-08-06,Glenn,021,27897,5411,5379,1815,7194,48
2022-08-06,Humboldt,023,135768,20877,20746,4549,25295,153
2022-08-06,Imperial,025,180216,63608,63198,14505,77703,949
2022-08-06,Inyo,027,18085,4419,4408,837,5245,57
2022-08-06,Kern,029,883053,213590,211798,58370,270168,2375
2022-08-06,Kings,031,150075,57565,57294,3903,61197,453
2022-08-06,Lake,033,64148,12297,12220,1104,13324,142
2022-08-06,Lassen,035,31185,9691,9654,966,10620,64
2022-08-06,Los Angeles,037,10098052,3179066,3153757,168475,3322232,32563
2022-08-06,Madera,039,155013,42342,42139,7623,49762,372
2022-08-06,Marin,041,260295,43574,43295,5032,48327,302
2022-08-06,Mariposa,043,17540,2993,2965,320,3285,31
2022-08-06,Mendocino,045,87422,15468,15335,4214,19549,132
2022-08-06,Merced,047,269075,70103,69498,10806,80304,838
2022-08-06,Modoc,049,8938,856,853,311,1164,11
2022-08-06,Mono,051,14174,3171,3161,233,3394,7
2022-08-06,Monterey,053,433212,91516,90884,19537,110421,757
2022-08-06,Napa,055,140530,31233,31052,1369,32421,151
2022-08-06,Nevada,057,99092,18386,18309,1702,20011,132
2022-08-06,Orange,059,3164182,646364,643029,57843,700872,7213
2022-08-06,Placer,061,380077,73508,73064,9179,82243,648
2022-08-06,Plumas,063,18699,3530,3516,427,3943,13
2022-08-06,Riverside,065,2383286,673565,669230,33405,702635,6555
2022-08-06,Sacramento,067,1510023,334705,332928,32218,365146,3175
2022-08-06,San Benito,069,59416,15515,15403,867,16270,101
2022-08-06,San Bernardino,071,2135413,649538,639120,29275,668395,7956
2022-08-06,San Diego,073,3302833,896333,891504,68608,960112,5424
2022-08-06,San Francisco,075,870044,172276,171486,11594,183080,946
2022-08-06,San Joaquin,077,732212,190851,189696,13632,203328,2276
2022-08-06,San Luis Obispo,079,281455,61494,60903,6662,67565,510
2022-08-06,San Mateo,081,765935,162361,161011,10259,171270,734
2022-08-06,Santa Barbara,083,443738,101835,100995,6376,107371,711
2022-08-06,Santa Clara,085,1922200,414871,412411,18068,430479,2386
2022-08-06,Santa Cruz,087,273765,60490,59982,3232,63214,269
2022-08-06,Shasta,089,179085,33877,33727,7044,40771,583
2022-08-06,Sierra,091,2930,296,295,59,354,4
2022-08-06,Siskiyou,093,43540,5082,5045,3217,8262,87
2022-08-06,Solano,095,438530,101553,100081,7435,107516,457
2022-08-06,Sonoma,097,501317,103473,102682,5037,107719,502
2022-08-06,Stanislaus,099,539301,133225,132406,20557,152963,1701
2022-08-06,Sutter,101,95872,23261,23178,2405,25583,228
2022-08-06,Tehama,103,63373,13251,13155,2949,16104,209
2022-08-06,Trinity,105,12862,1356,1347,352,1699,20
2022-08-06,Tulare,107,460477,118220,117668,33581,151249,1516
2022-08-06,Tuolumne,109,53932,14989,14844,881,15725,196
2022-08-06,Ventura,111,848112,201426,200270,14403,214673,1537
2022-08-06,Yolo,113,214977,46106,45902,4146,50048,331
2022-08-06,Yuba,115,75493,18172,18099,1587,19686,124
2022-08-05,Alameda,001,1643700,333800,331755,18824,350579,1945
2022-08-05,Alpine,003,1148,131,130,1,131,0
2022-08-05,Amador,005,37829,9694,9655,873,10528,88
2022-08-05,Butte,007,227075,38095,37717,8492,46209,446
2022-08-05,Calaveras,009,45235,8245,8219,482,8701,129
2022-08-05,Colusa,011,21464,3701,3696,1204,4900,22
2022-08-05,Contra Costa,013,1133247,241112,237436,19508,256944,1383
2022-08-05,Del Norte,015,27424,7206,7191,378,7569,54
2022-08-05,El Dorado,017,186661,31408,31240,4065,35305,225
2022-08-05,Fresno,019,978130,265954,263912,29431,293343,2815
2022-08-05,Glenn,021,27897,5410,5379,1814,7193,48
2022-08-05,Humboldt,023,135768,20860,20746,4536,25282,153
2022-08-05,Imperial,025,180216,63533,63198,14466,77664,949
2022-08-05,Inyo,027,18085,4419,4408,837,5245,57
2022-08-05,Kern,029,883053,213477,211798,58276,270074,2375
2022-08-05,Kings,031,150075,57540,57294,3902,61196,453
2022-08-05,Lake,033,64148,12287,12220,1104,13324,142
2022-08-05,Lassen,035,31185,9679,9654,965,10619,64
2022-08-05,Los Angeles,037,10098052,3176560,3153757,168195,3321952,32563
2022-08-05,Madera,039,155013,42299,42139,7613,49752,372
2022-08-05,Marin,041,260295,43531,43295,5026,48321,302
2022-08-05,Mariposa,043,17540,2989,2965,318,3283,31
2022-08-05,Mendocino,045,87422,15453,15335,4211,19546,132
2022-08-05,Merced,047,269075,70053,69498,10799,80297,838
2022-08-05,Modoc,049,8938,856,853,311,1164,11
2022-08-05,Mono,051,14174,3170,3161,233,3394,7
2022-08-05,Monterey,053,433212,91449,90884,19501,110385,757
2022-08-05,Napa,055,140530,31204,31052,1368,32420,151
2022-08-05,Nevada,057,99092,18377,18309,1700,20009,132
2022-08-05,Orange,059,3164182,645861,643029,57739,700768,7213
2022-08-05,Placer,061,380077,73457,73064,9170,82234,648
2022-08-05,Plumas,063,18699,3528,3516,427,3943,13
2022-08-05,Riverside,065,2383286,673007,669230,33356,702586,6555
2022-08-05,Sacramento,067,1510023,334459,332928,32199,365127,3175
2022-08-05,San Benito,069,59416,15495,15403,865,16268,101
2022-08-05,San Bernardino,071,2135413,649081,639120,29246,668366,7956
2022-08-05,San Diego,073,3302833,895670,891504,68528,960032,5424
2022-08-05,San Francisco,075,870044,172134,171486,11574,183060,946
2022-08-05,San Joaquin,077,732212,190723,189696,13602,203298,2276
2022-08-05,San Luis Obispo,079,281455,61459,60903,6654,67557,510
2022-08-05,San Mateo,081,765935,162189,161011,10248,171259,734
2022-08-05,Santa Barbara,083,443738,101733,100995,6368,107363,711
2022-08-05,Santa Clara,085,1922200,414369,412411,18040,430451,2386
2022-08-05,Santa Cruz,087,273765,60423,59982,3228,63210,269
2022-08-05,Shasta,089,179085,33867,33727,7041,40768,583
2022-08-05,Sierra,091,2930,296,295,59,354,4
2022-08-05,Siskiyou,093,43540,5077,5045,3215,8260,87
2022-08-05,Solano,095,438530,101475,100081,7427,107508,457
2022-08-05,Sonoma,097,501317,103397,102682,5032,107714,502
2022-08-05,Stanislaus,099,539301,133123,132406,20546,152952,1701
2022-08-05,Sutter,101,95872,23242,23178,2403,25581,228
2022-08-05,Tehama,103,63373,13243,13155,2949,16104,209
2022-08-05,Trinity,105,12862,1355,1347,352,1699,20
2022-08-05,Tulare,107,460477,118133,117668,33528,151196,1516
2022-08-05,Tuolumne,109,53932,14976,14844,880,15724,196
2022-08-05,Ventura,111,848112,201276,200270,14374,214644,1537
2022-08-05,Yolo,113,214977,46088,45902,4131,50033,331
2022-08-05,Yuba,115,75493,18164,18099,1586,19685,124
2022-08-04,Alameda,001,1643700,333338,331755,18777,350532,1945
2022-08-04,Alpine,003,1148,130,130,1,131,0
2022-08-04,Amador,005,37829,9683,9655,869,10524,88
2022-08-04,Butte,007,227075,38051,37717,8476,46193,446
2022-08-04,Calaveras,009,45235,8238,8219,481,8700,129
2022-08-04,Colusa,011,21464,3700,3696,1204,4900,22
2022-08-04,Contra Costa,013,1133247,240839,237436,19468,256904,1383
2022-08-04,Del Norte,015,27424,7198,7191,377,7568,54
2022-08-04,El Dorado,017,186661,31376,31240,4062,35302,225
2022-08-04,Fresno,019,978130,265625,263912,29375,293287,2815
2022-08-04,Glenn,021,27897,5405,5379,1811,7190,48
2022-08-04,Humboldt,023,135768,20835,20746,4524,25270,153
2022-08-04,Imperial,025,180216,63465,63198,14412,77610,949
2022-08-04,Inyo,027,18085,4418,4408,836,5244,57
2022-08-04,Kern,029,883053,213271,211798,58145,269943,2375
2022-08-04,Kings,031,150075,57473,57294,3894,61188,453
2022-08-04,Lake,033,64148,12273,12220,1103,13323,142
2022-08-04,Lassen,035,31185,9674,9654,962,10616,64
2022-08-04,Los Angeles,037,10098052,3172854,3153757,167815,3321572,32563
2022-08-04,Madera,039,155013,42258,42139,7570,49709,372
2022-08-04,Marin,041,260295,43477,43295,4997,48292,302
2022-08-04,Mariposa,043,17540,2984,2965,316,3281,31
2022-08-04,Mendocino,045,87422,15440,15335,4203,19538,132
2022-08-04,Merced,047,269075,69982,69498,10759,80257,838
2022-08-04,Modoc,049,8938,856,853,311,1164,11
2022-08-04,Mono,051,14174,3170,3161,233,3394,7
2022-08-04,Monterey,053,433212,91341,90884,19435,110319,757
2022-08-04,Napa,055,140530,31168,31052,1367,32419,151
2022-08-04,Nevada,057,99092,18365,18309,1693,20002,132
2022-08-04,Orange,059,3164182,645094,643029,57600,700629,7213
2022-08-04,Placer,061,380077,73387,73064,9157,82221,648
2022-08-04,Plumas,063,18699,3522,3516,427,3943,13
2022-08-04,Riverside,065,2383286,672290,669230,33311,702541,6555
2022-08-04,Sacramento,067,1510023,334038,332928,32176,365104,3175
2022-08-04,San Benito,069,59416,15468,15403,858,16261,101
2022-08-04,San Bernardino,071,2135413,648381,639120,29187,668307,7956
2022-08-04,San Diego,073,3302833,894688,891504,68426,959930,5424
2022-08-04,San Francisco,075,870044,171923,171486,11546,183032,946
2022-08-04,San Joaquin,077,732212,190518,189696,13565,203261,2276
2022-08-04,San Luis Obispo,079,281455,61391,60903,6627,67530,510
2022-08-04,San Mateo,081,765935,161968,161011,10240,171251,734
2022-08-04,Santa Barbara,083,443738,101600,100995,6347,107342,711
2022-08-04,Santa Clara,085,1922200,413787,412411,18010,430421,2386
2022-08-04,Santa Cruz,087,273765,60335,59982,3227,63209,269
2022-08-04,Shasta,089,179085,33844,33727,7027,40754,583
2022-08-04,Sierra,091,2930,296,295,59,354,4
2022-08-04,Siskiyou,093,43540,5071,5045,3209,8254,87
2022-08-04,Solano,095,438530,101364,100081,7417,107498,457
2022-08-04,Sonoma,097,501317,103290,102682,5021,107703,502
2022-08-04,Stanislaus,099,539301,132966,132406,20522,152928,1701
2022-08-04,Sutter,101,95872,23216,23178,2401,25579,228
2022-08-04,Tehama,103,63373,13229,13155,2944,16099,209
2022-08-04,Trinity,105,12862,1354,1347,351,1698,20
2022-08-04,Tulare,107,460477,118018,117668,33467,151135,1516
2022-08-04,Tuolumne,109,53932,14952,14844,878,15722,196
2022-08-04,Ventura,111,848112,201045,200270,14335,214605,1537
2022-08-04,Yolo,113,214977,46052,45902,4123,50025,331
2022-08-04,Yuba,115,75493,18145,18099,1585,19684,124
2022-08-03,Alameda,001,1643700,332829,330158,18742,348900,1941
2022-08-03,Alpine,003,1148,130,130,1,131,0
2022-08-03,Amador,005,37829,9677,9627,866,10493,88
2022-08-03,Butte,007,227075,38006,37567,8466,46033,444
2022-08-03,Calaveras,009,45235,8230,8194,480,8674,128
2022-08-03,Colusa,011,21464,3700,3676,1204,4880,22
2022-08-03,Contra Costa,013,1133247,240516,236190,19417,255607,1381
2022-08-03,Del Norte,015,27424,7194,7156,377,7533,54
2022-08-03,El Dorado,017,186661,31340,31165,4053,35218,222
2022-08-03,Fresno,019,978130,265221,262758,29327,292085,2806
2022-08-03,Glenn,021,27897,5403,5363,1807,7170,48
2022-08-03,Humboldt,023,135768,20802,20640,4506,25146,153
2022-08-03,Imperial,025,180216,63387,62884,14362,77246,949
2022-08-03,Inyo,027,18085,4418,4398,830,5228,57
2022-08-03,Kern,029,883053,213088,211047,57972,269019,2375
2022-08-03,Kings,031,150075,57409,57065,3892,60957,453
2022-08-03,Lake,033,64148,12256,12172,1100,13272,142
2022-08-03,Lassen,035,31185,9671,9563,962,10525,64
2022-08-03,Los Angeles,037,10098052,3169132,3140955,167428,3308383,32500
2022-08-03,Madera,039,155013,42215,41918,7552,49470,372
2022-08-03,Marin,041,260295,43416,43127,4982,48109,300
2022-08-03,Mariposa,043,17540,2980,2950,316,3266,30
2022-08-03,Mendocino,045,87422,15422,15260,4195,19455,132
2022-08-03,Merced,047,269075,69916,69198,10727,79925,838
2022-08-03,Modoc,049,8938,855,842,311,1153,11
2022-08-03,Mono,051,14174,3169,3157,232,3389,7
2022-08-03,Monterey,053,433212,91236,90456,19370,109826,754
2022-08-03,Napa,055,140530,31131,30935,1362,32297,151
2022-08-03,Nevada,057,99092,18354,18253,1690,19943,132
2022-08-03,Orange,059,3164182,644275,640110,57426,697536,7202
2022-08-03,Placer,061,380077,73305,72834,9139,81973,646
2022-08-03,Plumas,063,18699,3519,3496,427,3923,13
2022-08-03,Riverside,065,2383286,671440,666773,33244,700017,6547
2022-08-03,Sacramento,067,1510023,333609,331584,32144,363728,3162
2022-08-03,San Benito,069,59416,15440,15338,851,16189,100
2022-08-03,San Bernardino,071,2135413,647650,636510,29129,665639,7951
2022-08-03,San Diego,073,3302833,893474,887729,68303,956032,5417
2022-08-03,San Francisco,075,870044,171716,170637,11527,182164,939
2022-08-03,San Joaquin,077,732212,190275,188962,13535,202497,2276
2022-08-03,San Luis Obispo,079,281455,61307,60648,6611,67259,504
2022-08-03,San Mateo,081,765935,161778,160258,10228,170486,725
2022-08-03,Santa Barbara,083,443738,101478,100558,6325,106883,710
2022-08-03,Santa Clara,085,1922200,413312,410394,17981,428375,2383
2022-08-03,Santa Cruz,087,273765,60246,59661,3224,62885,269
2022-08-03,Shasta,089,179085,33815,33630,7022,40652,582
2022-08-03,Sierra,091,2930,296,295,59,354,4
2022-08-03,Siskiyou,093,43540,5067,5021,3207,8228,86
2022-08-03,Solano,095,438530,101247,99608,7403,107011,459
2022-08-03,Sonoma,097,501317,103166,102306,5008,107314,500
2022-08-03,Stanislaus,099,539301,132823,131869,20496,152365,1701
2022-08-03,Sutter,101,95872,23187,23056,2399,25455,228
2022-08-03,Tehama,103,63373,13217,13135,2940,16075,209
2022-08-03,Trinity,105,12862,1354,1342,350,1692,20
2022-08-03,Tulare,107,460477,117884,117288,33399,150687,1516
2022-08-03,Tuolumne,109,53932,14933,14778,877,15655,196
2022-08-03,Ventura,111,848112,200810,199530,14297,213827,1536
2022-08-03,Yolo,113,214977,46005,45757,4104,49861,330
2022-08-03,Yuba,115,75493,18116,18036,1584,19620,124
2022-08-02,Alameda,001,1643700,332290,330158,18711,348869,1941
2022-08-02,Alpine,003,1148,130,130,1,131,0
2022-08-02,Amador,005,37829,9667,9627,859,10486,88
2022-08-02,Butte,007,227075,37967,37567,8454,46021,444
2022-08-02,Calaveras,009,45235,8215,8194,478,8672,128
2022-08-02,Colusa,011,21464,3697,3676,1203,4879,22
2022-08-02,Contra Costa,013,1133247,240168,236190,19354,255544,1381
2022-08-02,Del Norte,015,27424,7184,7156,377,7533,54
2022-08-02,El Dorado,017,186661,31306,31165,4047,35212,222
2022-08-02,Fresno,019,978130,264795,262758,29244,292002,2806
2022-08-02,Glenn,021,27897,5399,5363,1805,7168,48
2022-08-02,Humboldt,023,135768,20765,20640,4483,25123,153
2022-08-02,Imperial,025,180216,63305,62884,14314,77198,949
2022-08-02,Inyo,027,18085,4415,4398,820,5218,57
2022-08-02,Kern,029,883053,212851,211047,57773,268820,2375
2022-08-02,Kings,031,150075,57328,57065,3889,60954,453
2022-08-02,Lake,033,64148,12244,12172,1098,13270,142
2022-08-02,Lassen,035,31185,9668,9563,961,10524,64
2022-08-02,Los Angeles,037,10098052,3164790,3140955,166947,3307902,32500
2022-08-02,Madera,039,155013,42148,41918,7529,49447,372
2022-08-02,Marin,041,260295,43358,43127,4974,48101,300
2022-08-02,Mariposa,043,17540,2976,2950,316,3266,30
2022-08-02,Mendocino,045,87422,15391,15260,4181,19441,132
2022-08-02,Merced,047,269075,69840,69198,10684,79882,838
2022-08-02,Modoc,049,8938,855,842,311,1153,11
2022-08-02,Mono,051,14174,3168,3157,230,3387,7
2022-08-02,Monterey,053,433212,91114,90456,19298,109754,754
2022-08-02,Napa,055,140530,31095,30935,1359,32294,151
2022-08-02,Nevada,057,99092,18339,18253,1689,19942,132
2022-08-02,Orange,059,3164182,643397,640110,57256,697366,7202
2022-08-02,Placer,061,380077,73218,72834,9124,81958,646
2022-08-02,Plumas,063,18699,3514,3496,427,3923,13
2022-08-02,Riverside,065,2383286,670521,666773,33192,699965,6547
2022-08-02,Sacramento,067,1510023,333196,331584,32098,363682,3162
2022-08-02,San Benito,069,59416,15406,15338,848,16186,100
2022-08-02,San Bernardino,071,2135413,646803,636510,29074,665584,7951
2022-08-02,San Diego,073,3302833,892316,887729,68173,955902,5417
2022-08-02,San Francisco,075,870044,171480,170637,11512,182149,939
2022-08-02,San Joaquin,077,732212,190037,188962,13496,202458,2276
2022-08-02,San Luis Obispo,079,281455,61220,60648,6582,67230,504
2022-08-02,San Mateo,081,765935,161533,160258,10223,170481,725
2022-08-02,Santa Barbara,083,443738,101315,100558,6296,106854,710
2022-08-02,Santa Clara,085,1922200,412685,410394,17946,428340,2383
2022-08-02,Santa Cruz,087,273765,60157,59661,3216,62877,269
2022-08-02,Shasta,089,179085,33793,33630,7008,40638,582
2022-08-02,Sierra,091,2930,296,295,59,354,4
2022-08-02,Siskiyou,093,43540,5053,5021,3203,8224,86
2022-08-02,Solano,095,438530,101066,99608,7381,106989,459
2022-08-02,Sonoma,097,501317,102995,102306,4991,107297,500
2022-08-02,Stanislaus,099,539301,132665,131869,20455,152324,1701
2022-08-02,Sutter,101,95872,23153,23056,2398,25454,228
2022-08-02,Tehama,103,63373,13207,13135,2935,16070,209
2022-08-02,Trinity,105,12862,1354,1342,348,1690,20
2022-08-02,Tulare,107,460477,117747,117288,33315,150603,1516
2022-08-02,Tuolumne,109,53932,14916,14778,875,15653,196
2022-08-02,Ventura,111,848112,200558,199530,14252,213782,1536
2022-08-02,Yolo,113,214977,45958,45757,4097,49854,330
2022-08-02,Yuba,115,75493,18095,18036,1580,19616,124
2022-08-01,Alameda,001,1643700,331632,330158,18676,348834,1941
2022-08-01,Alpine,003,1148,130,130,1,131,0
2022-08-01,Amador,005,37829,9660,9627,857,10484,88
2022-08-01,Butte,007,227075,37910,37567,8439,46006,444
2022-08-01,Calaveras,009,45235,8212,8194,477,8671,128
2022-08-01,Colusa,011,21464,3693,3676,1194,4870,22
2022-08-01,Contra Costa,013,1133247,239774,236190,19298,255488,1381
2022-08-01,Del Norte,015,27424,7179,7156,377,7533,54
2022-08-01,El Dorado,017,186661,31277,31165,4042,35207,222
2022-08-01,Fresno,019,978130,264339,262758,29165,291923,2806
2022-08-01,Glenn,021,27897,5392,5363,1804,7167,48
2022-08-01,Humboldt,023,135768,20734,20640,4465,25105,153
2022-08-01,Imperial,025,180216,63190,62884,14254,77138,949
2022-08-01,Inyo,027,18085,4411,4398,816,5214,57
2022-08-01,Kern,029,883053,212612,211047,57602,268649,2375
2022-08-01,Kings,031,150075,57236,57065,3878,60943,453
2022-08-01,Lake,033,64148,12215,12172,1097,13269,142
2022-08-01,Lassen,035,31185,9648,9563,961,10524,64
2022-08-01,Los Angeles,037,10098052,3160057,3140955,166469,3307424,32500
2022-08-01,Madera,039,155013,42067,41918,7498,49416,372
2022-08-01,Marin,041,260295,43305,43127,4949,48076,300
2022-08-01,Mariposa,043,17540,2972,2950,314,3264,30
2022-08-01,Mendocino,045,87422,15367,15260,4172,19432,132
2022-08-01,Merced,047,269075,69732,69198,10650,79848,838
2022-08-01,Modoc,049,8938,855,842,311,1153,11
2022-08-01,Mono,051,14174,3167,3157,228,3385,7
2022-08-01,Monterey,053,433212,90970,90456,19223,109679,754
2022-08-01,Napa,055,140530,31046,30935,1356,32291,151
2022-08-01,Nevada,057,99092,18327,18253,1684,19937,132
2022-08-01,Orange,059,3164182,642451,640110,57088,697198,7202
2022-08-01,Placer,061,380077,73151,72834,9110,81944,646
2022-08-01,Plumas,063,18699,3510,3496,427,3923,13
2022-08-01,Riverside,065,2383286,669515,666773,33144,699917,6547
2022-08-01,Sacramento,067,1510023,332760,331584,32056,363640,3162
2022-08-01,San Benito,069,59416,15387,15338,848,16186,100
2022-08-01,San Bernardino,071,2135413,645887,636510,29014,665524,7951
2022-08-01,San Diego,073,3302833,890888,887729,67999,955728,5417
2022-08-01,San Francisco,075,870044,171227,170637,11498,182135,939
2022-08-01,San Joaquin,077,732212,189766,188962,13456,202418,2276
2022-08-01,San Luis Obispo,079,281455,61124,60648,6565,67213,504
2022-08-01,San Mateo,081,765935,161241,160258,10210,170468,725
2022-08-01,Santa Barbara,083,443738,101140,100558,6271,106829,710
2022-08-01,Santa Clara,085,1922200,411910,410394,17920,428314,2383
2022-08-01,Santa Cruz,087,273765,60052,59661,3204,62865,269
2022-08-01,Shasta,089,179085,33767,33630,6996,40626,582
2022-08-01,Sierra,091,2930,296,295,59,354,4
2022-08-01,Siskiyou,093,43540,5045,5021,3195,8216,86
2022-08-01,Solano,095,438530,100885,99608,7362,106970,459
2022-08-01,Sonoma,097,501317,102826,102306,4980,107286,500
2022-08-01,Stanislaus,099,539301,132493,131869,20428,152297,1701
2022-08-01,Sutter,101,95872,23098,23056,2397,25453,228
2022-08-01,Tehama,103,63373,13191,13135,2929,16064,209
2022-08-01,Trinity,105,12862,1353,1342,347,1689,20
2022-08-01,Tulare,107,460477,117576,117288,33233,150521,1516
2022-08-01,Tuolumne,109,53932,14897,14778,875,15653,196
2022-08-01,Ventura,111,848112,200306,199530,14203,213733,1536
2022-08-01,Yolo,113,214977,45907,45757,4081,49838,330
2022-08-01,Yuba,115,75493,18071,18036,1576,19612,124
2022-07-31,Alameda,001,1643700,330897,327608,18638,346246,1941
2022-07-31,Alpine,003,1148,130,130,1,131,0
2022-07-31,Amador,005,37829,9647,9609,852,10461,88
2022-07-31,Butte,007,227075,37834,37349,8419,45768,444
2022-07-31,Calaveras,009,45235,8200,8145,474,8619,128
2022-07-31,Colusa,011,21464,3689,3664,1192,4856,22
2022-07-31,Contra Costa,013,1133247,239302,234635,19228,253863,1375
2022-07-31,Del Norte,015,27424,7167,7136,374,7510,54
2022-07-31,El Dorado,017,186661,31250,31007,4033,35040,222
2022-07-31,Fresno,019,978130,263784,260858,29082,289940,2805
2022-07-31,Glenn,021,27897,5389,5350,1802,7152,48
2022-07-31,Humboldt,023,135768,20695,20523,4433,24956,151
2022-07-31,Imperial,025,180216,63085,62471,14174,76645,949
2022-07-31,Inyo,027,18085,4406,4388,811,5199,57
2022-07-31,Kern,029,883053,212303,210190,57357,267547,2375
2022-07-31,Kings,031,150075,57109,56673,3869,60542,454
2022-07-31,Lake,033,64148,12199,12102,1095,13197,142
2022-07-31,Lassen,035,31185,9569,9548,961,10509,64
2022-07-31,Los Angeles,037,10098052,3154810,3122700,165847,3288547,32445
2022-07-31,Madera,039,155013,41978,41641,7464,49105,372
2022-07-31,Marin,041,260295,43233,42840,4936,47776,300
2022-07-31,Mariposa,043,17540,2966,2940,313,3253,30
2022-07-31,Mendocino,045,87422,15347,15172,4163,19335,132
2022-07-31,Merced,047,269075,69604,68853,10602,79455,838
2022-07-31,Modoc,049,8938,851,841,311,1152,11
2022-07-31,Mono,051,14174,3166,3155,225,3380,7
2022-07-31,Monterey,053,433212,90811,89974,19139,109113,754
2022-07-31,Napa,055,140530,30980,30777,1352,32129,150
2022-07-31,Nevada,057,99092,18290,18187,1681,19868,131
2022-07-31,Orange,059,3164182,641427,636403,56887,693290,7194
2022-07-31,Placer,061,380077,73048,72444,9093,81537,647
2022-07-31,Plumas,063,18699,3504,3490,426,3916,13
2022-07-31,Riverside,065,2383286,668426,662929,33059,695988,6543
2022-07-31,Sacramento,067,1510023,332162,329639,31999,361638,3156
2022-07-31,San Benito,069,59416,15359,15256,842,16098,100
2022-07-31,San Bernardino,071,2135413,644746,633131,28911,662042,7941
2022-07-31,San Diego,073,3302833,889281,881822,67850,949672,5409
2022-07-31,San Francisco,075,870044,170829,169564,11458,181022,937
2022-07-31,San Joaquin,077,732212,189410,187937,13371,201308,2276
2022-07-31,San Luis Obispo,079,281455,60977,60370,6530,66900,503
2022-07-31,San Mateo,081,765935,160995,159145,10182,169327,726
2022-07-31,Santa Barbara,083,443738,100913,99946,6224,106170,708
2022-07-31,Santa Clara,085,1922200,411140,407392,17885,425277,2381
2022-07-31,Santa Cruz,087,273765,59885,59227,3188,62415,269
2022-07-31,Shasta,089,179085,33716,33454,6973,40427,581
2022-07-31,Sierra,091,2930,296,293,59,352,4
2022-07-31,Siskiyou,093,43540,5034,4997,3192,8189,86
2022-07-31,Solano,095,438530,100690,99034,7348,106382,457
2022-07-31,Sonoma,097,501317,102674,101747,4951,106698,500
2022-07-31,Stanislaus,099,539301,132258,131081,20385,151466,1696
2022-07-31,Sutter,101,95872,23054,22931,2386,25317,228
2022-07-31,Tehama,103,63373,13183,13079,2920,15999,208
2022-07-31,Trinity,105,12862,1351,1340,346,1686,20
2022-07-31,Tulare,107,460477,117387,116640,33112,149752,1514
2022-07-31,Tuolumne,109,53932,14873,14701,872,15573,196
2022-07-31,Ventura,111,848112,199990,198498,14121,212619,1530
2022-07-31,Yolo,113,214977,45846,45511,4072,49583,327
2022-07-31,Yuba,115,75493,18040,17951,1567,19518,124
2022-07-30,Alameda,001,1643700,330559,327608,18620,346228,1941
2022-07-30,Alpine,003,1148,130,130,1,131,0
2022-07-30,Amador,005,37829,9645,9609,847,10456,88
2022-07-30,Butte,007,227075,37805,37349,8410,45759,444
2022-07-30,Calaveras,009,45235,8190,8145,473,8618,128
2022-07-30,Colusa,011,21464,3684,3664,1192,4856,22
2022-07-30,Contra Costa,013,1133247,239027,234635,19188,253823,1375
2022-07-30,Del Norte,015,27424,7162,7136,372,7508,54
2022-07-30,El Dorado,017,186661,31231,31007,4029,35036,222
2022-07-30,Fresno,019,978130,263579,260858,29039,289897,2805
2022-07-30,Glenn,021,27897,5384,5350,1801,7151,48
2022-07-30,Humboldt,023,135768,20676,20523,4421,24944,151
2022-07-30,Imperial,025,180216,63039,62471,14145,76616,949
2022-07-30,Inyo,027,18085,4405,4388,807,5195,57
2022-07-30,Kern,029,883053,212179,210190,57213,267403,2375
2022-07-30,Kings,031,150075,57076,56673,3869,60542,454
2022-07-30,Lake,033,64148,12189,12102,1094,13196,142
2022-07-30,Lassen,035,31185,9568,9548,959,10507,64
2022-07-30,Los Angeles,037,10098052,3152324,3122700,165461,3288161,32445
2022-07-30,Madera,039,155013,41944,41641,7459,49100,372
2022-07-30,Marin,041,260295,43201,42840,4934,47774,300
2022-07-30,Mariposa,043,17540,2964,2940,312,3252,30
2022-07-30,Mendocino,045,87422,15323,15172,4159,19331,132
2022-07-30,Merced,047,269075,69553,68853,10594,79447,838
2022-07-30,Modoc,049,8938,851,841,311,1152,11
2022-07-30,Mono,051,14174,3166,3155,223,3378,7
2022-07-30,Monterey,053,433212,90719,89974,19094,109068,754
2022-07-30,Napa,055,140530,30952,30777,1349,32126,150
2022-07-30,Nevada,057,99092,18281,18187,1677,19864,131
2022-07-30,Orange,059,3164182,640873,636403,56780,693183,7194
2022-07-30,Placer,061,380077,73009,72444,9080,81524,647
2022-07-30,Plumas,063,18699,3503,3490,426,3916,13
2022-07-30,Riverside,065,2383286,667875,662929,33030,695959,6543
2022-07-30,Sacramento,067,1510023,331920,329639,31990,361629,3156
2022-07-30,San Benito,069,59416,15347,15256,839,16095,100
2022-07-30,San Bernardino,071,2135413,644259,633131,28868,661999,7941
2022-07-30,San Diego,073,3302833,888633,881822,67792,949614,5409
2022-07-30,San Francisco,075,870044,170678,169564,11447,181011,937
2022-07-30,San Joaquin,077,732212,189284,187937,13342,201279,2276
2022-07-30,San Luis Obispo,079,281455,60937,60370,6517,66887,503
2022-07-30,San Mateo,081,765935,160810,159145,10164,169309,726
2022-07-30,Santa Barbara,083,443738,100822,99946,6203,106149,708
2022-07-30,Santa Clara,085,1922200,410652,407392,17866,425258,2381
2022-07-30,Santa Cruz,087,273765,59819,59227,3181,62408,269
2022-07-30,Shasta,089,179085,33696,33454,6972,40426,581
2022-07-30,Sierra,091,2930,296,293,59,352,4
2022-07-30,Siskiyou,093,43540,5031,4997,3190,8187,86
2022-07-30,Solano,095,438530,100632,99034,7335,106369,457
2022-07-30,Sonoma,097,501317,102585,101747,4943,106690,500
2022-07-30,Stanislaus,099,539301,132126,131081,20360,151441,1696
2022-07-30,Sutter,101,95872,23029,22931,2385,25316,228
2022-07-30,Tehama,103,63373,13177,13079,2917,15996,208
2022-07-30,Trinity,105,12862,1351,1340,346,1686,20
2022-07-30,Tulare,107,460477,117296,116640,33047,149687,1514
2022-07-30,Tuolumne,109,53932,14854,14701,872,15573,196
2022-07-30,Ventura,111,848112,199819,198498,14088,212586,1530
2022-07-30,Yolo,113,214977,45819,45511,4069,49580,327
2022-07-30,Yuba,115,75493,18027,17951,1567,19518,124
2022-07-29,Alameda,001,1643700,330194,327608,18592,346200,1941
2022-07-29,Alpine,003,1148,130,130,1,131,0
2022-07-29,Amador,005,37829,9644,9609,846,10455,88
2022-07-29,Butte,007,227075,37774,37349,8393,45742,444
2022-07-29,Calaveras,009,45235,8186,8145,473,8618,128
2022-07-29,Colusa,011,21464,3684,3664,1192,4856,22
2022-07-29,Contra Costa,013,1133247,238799,234635,19164,253799,1375
2022-07-29,Del Norte,015,27424,7157,7136,371,7507,54
2022-07-29,El Dorado,017,186661,31209,31007,4028,35035,222
2022-07-29,Fresno,019,978130,263334,260858,28990,289848,2805
2022-07-29,Glenn,021,27897,5381,5350,1799,7149,48
2022-07-29,Humboldt,023,135768,20650,20523,4411,24934,151
2022-07-29,Imperial,025,180216,62978,62471,14117,76588,949
2022-07-29,Inyo,027,18085,4404,4388,806,5194,57
2022-07-29,Kern,029,883053,212015,210190,57072,267262,2375
2022-07-29,Kings,031,150075,57039,56673,3868,60541,454
2022-07-29,Lake,033,64148,12174,12102,1091,13193,142
2022-07-29,Lassen,035,31185,9566,9548,959,10507,64
2022-07-29,Los Angeles,037,10098052,3149461,3122700,165131,3287831,32445
2022-07-29,Madera,039,155013,41899,41641,7448,49089,372
2022-07-29,Marin,041,260295,43154,42840,4926,47766,300
2022-07-29,Mariposa,043,17540,2963,2940,312,3252,30
2022-07-29,Mendocino,045,87422,15305,15172,4147,19319,132
2022-07-29,Merced,047,269075,69496,68853,10578,79431,838
2022-07-29,Modoc,049,8938,851,841,311,1152,11
2022-07-29,Mono,051,14174,3165,3155,222,3377,7
2022-07-29,Monterey,053,433212,90626,89974,19059,109033,754
2022-07-29,Napa,055,140530,30926,30777,1348,32125,150
2022-07-29,Nevada,057,99092,18270,18187,1675,19862,131
2022-07-29,Orange,059,3164182,640281,636403,56643,693046,7194
2022-07-29,Placer,061,380077,72938,72444,9066,81510,647
2022-07-29,Plumas,063,18699,3502,3490,426,3916,13
2022-07-29,Riverside,065,2383286,667331,662929,32984,695913,6543
2022-07-29,Sacramento,067,1510023,331609,329639,31971,361610,3156
2022-07-29,San Benito,069,59416,15331,15256,838,16094,100
2022-07-29,San Bernardino,071,2135413,643729,633131,28833,661964,7941
2022-07-29,San Diego,073,3302833,887777,881822,67681,949503,5409
2022-07-29,San Francisco,075,870044,170500,169564,11435,180999,937
2022-07-29,San Joaquin,077,732212,189170,187937,13322,201259,2276
2022-07-29,San Luis Obispo,079,281455,60901,60370,6505,66875,503
2022-07-29,San Mateo,081,765935,160634,159145,10155,169300,726
2022-07-29,Santa Barbara,083,443738,100700,99946,6193,106139,708
2022-07-29,Santa Clara,085,1922200,410177,407392,17846,425238,2381
2022-07-29,Santa Cruz,087,273765,59743,59227,3178,62405,269
2022-07-29,Shasta,089,179085,33670,33454,6964,40418,581
2022-07-29,Sierra,091,2930,296,293,58,351,4
2022-07-29,Siskiyou,093,43540,5026,4997,3189,8186,86
2022-07-29,Solano,095,438530,100502,99034,7324,106358,457
2022-07-29,Sonoma,097,501317,102482,101747,4931,106678,500
2022-07-29,Stanislaus,099,539301,132022,131081,20348,151429,1696
2022-07-29,Sutter,101,95872,23009,22931,2385,25316,228
2022-07-29,Tehama,103,63373,13170,13079,2915,15994,208
2022-07-29,Trinity,105,12862,1347,1340,345,1685,20
2022-07-29,Tulare,107,460477,117194,116640,32987,149627,1514
2022-07-29,Tuolumne,109,53932,14841,14701,871,15572,196
2022-07-29,Ventura,111,848112,199669,198498,14049,212547,1530
2022-07-29,Yolo,113,214977,45784,45511,4056,49567,327
2022-07-29,Yuba,115,75493,18006,17951,1565,19516,124
2022-07-28,Alameda,001,1643700,329710,327608,18544,346152,1941
2022-07-28,Alpine,003,1148,130,130,1,131,0
2022-07-28,Amador,005,37829,9637,9609,845,10454,88
2022-07-28,Butte,007,227075,37722,37349,8380,45729,444
2022-07-28,Calaveras,009,45235,8175,8145,472,8617,128
2022-07-28,Colusa,011,21464,3678,3664,1192,4856,22
2022-07-28,Contra Costa,013,1133247,238437,234635,19109,253744,1375
2022-07-28,Del Norte,015,27424,7151,7136,370,7506,54
2022-07-28,El Dorado,017,186661,31174,31007,4023,35030,222
2022-07-28,Fresno,019,978130,262904,260858,28917,289775,2805
2022-07-28,Glenn,021,27897,5379,5350,1795,7145,48
2022-07-28,Humboldt,023,135768,20616,20523,4400,24923,151
2022-07-28,Imperial,025,180216,62879,62471,14053,76524,949
2022-07-28,Inyo,027,18085,4400,4388,804,5192,57
2022-07-28,Kern,029,883053,211766,210190,56906,267096,2375
2022-07-28,Kings,031,150075,56937,56673,3865,60538,454
2022-07-28,Lake,033,64148,12157,12102,1090,13192,142
2022-07-28,Lassen,035,31185,9561,9548,959,10507,64
2022-07-28,Los Angeles,037,10098052,3145144,3122700,164585,3287285,32445
2022-07-28,Madera,039,155013,41842,41641,7439,49080,372
2022-07-28,Marin,041,260295,43106,42840,4921,47761,300
2022-07-28,Mariposa,043,17540,2960,2940,309,3249,30
2022-07-28,Mendocino,045,87422,15284,15172,4136,19308,132
2022-07-28,Merced,047,269075,69418,68853,10537,79390,838
2022-07-28,Modoc,049,8938,848,841,311,1152,11
2022-07-28,Mono,051,14174,3165,3155,221,3376,7
2022-07-28,Monterey,053,433212,90472,89974,18982,108956,754
2022-07-28,Napa,055,140530,30887,30777,1346,32123,150
2022-07-28,Nevada,057,99092,18257,18187,1669,19856,131
2022-07-28,Orange,059,3164182,639330,636403,56492,692895,7194
2022-07-28,Placer,061,380077,72847,72444,9045,81489,647
2022-07-28,Plumas,063,18699,3501,3490,426,3916,13
2022-07-28,Riverside,065,2383286,666526,662929,32931,695860,6543
2022-07-28,Sacramento,067,1510023,331191,329639,31942,361581,3156
2022-07-28,San Benito,069,59416,15303,15256,833,16089,100
2022-07-28,San Bernardino,071,2135413,642888,633131,28788,661919,7941
2022-07-28,San Diego,073,3302833,886426,881822,67548,949370,5409
2022-07-28,San Francisco,075,870044,170267,169564,11405,180969,937
2022-07-28,San Joaquin,077,732212,188916,187937,13276,201213,2276
2022-07-28,San Luis Obispo,079,281455,60816,60370,6483,66853,503
2022-07-28,San Mateo,081,765935,160380,159145,10141,169286,726
2022-07-28,Santa Barbara,083,443738,100563,99946,6160,106106,708
2022-07-28,Santa Clara,085,1922200,409533,407392,17814,425206,2381
2022-07-28,Santa Cruz,087,273765,59625,59227,3166,62393,269
2022-07-28,Shasta,089,179085,33643,33454,6949,40403,581
2022-07-28,Sierra,091,2930,296,293,58,351,4
2022-07-28,Siskiyou,093,43540,5022,4997,3182,8179,86
2022-07-28,Solano,095,438530,100353,99034,7313,106347,457
2022-07-28,Sonoma,097,501317,102358,101747,4905,106652,500
2022-07-28,Stanislaus,099,539301,131873,131081,20307,151388,1696
2022-07-28,Sutter,101,95872,22978,22931,2380,25311,228
2022-07-28,Tehama,103,63373,13152,13079,2906,15985,208
2022-07-28,Trinity,105,12862,1346,1340,344,1684,20
2022-07-28,Tulare,107,460477,117068,116640,32889,149529,1514
2022-07-28,Tuolumne,109,53932,14822,14701,869,15570,196
2022-07-28,Ventura,111,848112,199401,198498,14008,212506,1530
2022-07-28,Yolo,113,214977,45735,45511,4044,49555,327
2022-07-28,Yuba,115,75493,17992,17951,1556,19507,124
2022-07-27,Alameda,001,1643700,329183,325669,18497,344166,1938
2022-07-27,Alpine,003,1148,130,130,1,131,0
2022-07-27,Amador,005,37829,9629,9568,844,10412,87
2022-07-27,Butte,007,227075,37678,37146,8368,45514,441
2022-07-27,Calaveras,009,45235,8165,8105,471,8576,130
2022-07-27,Colusa,011,21464,3669,3649,1192,4841,22
2022-07-27,Contra Costa,013,1133247,238082,233236,19058,252294,1374
2022-07-27,Del Norte,015,27424,7147,7161,370,7531,54
2022-07-27,El Dorado,017,186661,31127,30891,4014,34905,222
2022-07-27,Fresno,019,978130,262491,259483,28840,288323,2801
2022-07-27,Glenn,021,27897,5375,5327,1794,7121,48
2022-07-27,Humboldt,023,135768,20576,20406,4392,24798,150
2022-07-27,Imperial,025,180216,62794,62014,13998,76012,948
2022-07-27,Inyo,027,18085,4396,4381,800,5181,57
2022-07-27,Kern,029,883053,211540,209400,56693,266093,2368
2022-07-27,Kings,031,150075,56862,56417,3857,60274,451
2022-07-27,Lake,033,64148,12141,12025,1088,13113,142
2022-07-27,Lassen,035,31185,9556,9509,958,10467,64
2022-07-27,Los Angeles,037,10098052,3140382,3107063,164073,3271136,32392
2022-07-27,Madera,039,155013,41755,41423,7426,48849,372
2022-07-27,Marin,041,260295,43034,42624,4913,47537,300
2022-07-27,Mariposa,043,17540,2955,2927,309,3236,30
2022-07-27,Mendocino,045,87422,15255,15066,4121,19187,131
2022-07-27,Merced,047,269075,69302,68455,10507,78962,838
2022-07-27,Modoc,049,8938,846,840,311,1151,10
2022-07-27,Mono,051,14174,3163,3148,219,3367,7
2022-07-27,Monterey,053,433212,90341,89520,18908,108428,752
2022-07-27,Napa,055,140530,30844,30647,1344,31991,150
2022-07-27,Nevada,057,99092,18239,18134,1668,19802,132
2022-07-27,Orange,059,3164182,638337,632871,56319,689190,7188
2022-07-27,Placer,061,380077,72766,72194,9024,81218,647
2022-07-27,Plumas,063,18699,3495,3472,426,3898,13
2022-07-27,Riverside,065,2383286,665515,659650,32851,692501,6528
2022-07-27,Sacramento,067,1510023,330731,328249,31888,360137,3146
2022-07-27,San Benito,069,59416,15283,15188,831,16019,100
2022-07-27,San Bernardino,071,2135413,642016,629895,28733,658628,7937
2022-07-27,San Diego,073,3302833,884980,876507,67410,943917,5386
2022-07-27,San Francisco,075,870044,170020,168570,11389,179959,931
2022-07-27,San Joaquin,077,732212,188627,187066,13234,200300,2267
2022-07-27,San Luis Obispo,079,281455,60734,60180,6449,66629,502
2022-07-27,San Mateo,081,765935,160133,158343,10131,168474,724
2022-07-27,Santa Barbara,083,443738,100405,99460,6123,105583,707
2022-07-27,Santa Clara,085,1922200,408845,404896,17794,422690,2380
2022-07-27,Santa Cruz,087,273765,59530,58873,3153,62026,269
2022-07-27,Shasta,089,179085,33610,33314,6939,40253,578
2022-07-27,Sierra,091,2930,295,293,58,351,4
2022-07-27,Siskiyou,093,43540,5009,4975,3178,8153,84
2022-07-27,Solano,095,438530,100189,98579,7303,105882,457
2022-07-27,Sonoma,097,501317,102216,101316,4891,106207,499
2022-07-27,Stanislaus,099,539301,131672,130451,20265,150716,1695
2022-07-27,Sutter,101,95872,22942,22811,2374,25185,228
2022-07-27,Tehama,103,63373,13138,13036,2901,15937,207
2022-07-27,Trinity,105,12862,1345,1337,343,1680,20
2022-07-27,Tulare,107,460477,116906,116167,32817,148984,1514
2022-07-27,Tuolumne,109,53932,14792,14594,866,15460,196
2022-07-27,Ventura,111,848112,199123,197572,13941,211513,1527
2022-07-27,Yolo,113,214977,45690,45359,4027,49386,326
2022-07-27,Yuba,115,75493,17968,17873,1548,19421,124
2022-07-26,Alameda,001,1643700,328547,325669,18452,344121,1938
2022-07-26,Alpine,003,1148,130,130,1,131,0
2022-07-26,Amador,005,37829,9620,9568,840,10408,87
2022-07-26,Butte,007,227075,37618,37146,8351,45497,441
2022-07-26,Calaveras,009,45235,8155,8105,469,8574,130
2022-07-26,Colusa,011,21464,3668,3649,1192,4841,22
2022-07-26,Contra Costa,013,1133247,237650,233236,19001,252237,1374
2022-07-26,Del Norte,015,27424,7134,7161,370,7531,54
2022-07-26,El Dorado,017,186661,31082,30891,4008,34899,222
2022-07-26,Fresno,019,978130,261954,259483,28745,288228,2801
2022-07-26,Glenn,021,27897,5372,5327,1790,7117,48
2022-07-26,Humboldt,023,135768,20544,20406,4378,24784,150
2022-07-26,Imperial,025,180216,62673,62014,13918,75932,948
2022-07-26,Inyo,027,18085,4393,4381,798,5179,57
2022-07-26,Kern,029,883053,211221,209400,56471,265871,2368
2022-07-26,Kings,031,150075,56747,56417,3855,60272,451
2022-07-26,Lake,033,64148,12111,12025,1086,13111,142
2022-07-26,Lassen,035,31185,9553,9509,956,10465,64
2022-07-26,Los Angeles,037,10098052,3135365,3107063,163482,3270545,32392
2022-07-26,Madera,039,155013,41691,41423,7401,48824,372
2022-07-26,Marin,041,260295,42968,42624,4902,47526,300
2022-07-26,Mariposa,043,17540,2953,2927,309,3236,30
2022-07-26,Mendocino,045,87422,15231,15066,4110,19176,131
2022-07-26,Merced,047,269075,69209,68455,10482,78937,838
2022-07-26,Modoc,049,8938,844,840,311,1151,10
2022-07-26,Mono,051,14174,3161,3148,218,3366,7
2022-07-26,Monterey,053,433212,90202,89520,18821,108341,752
2022-07-26,Napa,055,140530,30807,30647,1338,31985,150
2022-07-26,Nevada,057,99092,18216,18134,1665,19799,132
2022-07-26,Orange,059,3164182,637238,632871,56100,688971,7188
2022-07-26,Placer,061,380077,72648,72194,9005,81199,647
2022-07-26,Plumas,063,18699,3492,3472,425,3897,13
2022-07-26,Riverside,065,2383286,664487,659650,32772,692422,6528
2022-07-26,Sacramento,067,1510023,330197,328249,31823,360072,3146
2022-07-26,San Benito,069,59416,15254,15188,830,16018,100
2022-07-26,San Bernardino,071,2135413,641027,629895,28665,658560,7937
2022-07-26,San Diego,073,3302833,883291,876507,67222,943729,5386
2022-07-26,San Francisco,075,870044,169733,168570,11374,179944,931
2022-07-26,San Joaquin,077,732212,188332,187066,13176,200242,2267
2022-07-26,San Luis Obispo,079,281455,60655,60180,6422,66602,502
2022-07-26,San Mateo,081,765935,159849,158343,10120,168463,724
2022-07-26,Santa Barbara,083,443738,100227,99460,6098,105558,707
2022-07-26,Santa Clara,085,1922200,407994,404896,17756,422652,2380
2022-07-26,Santa Cruz,087,273765,59426,58873,3136,62009,269
2022-07-26,Shasta,089,179085,33577,33314,6923,40237,578
2022-07-26,Sierra,091,2930,294,293,58,351,4
2022-07-26,Siskiyou,093,43540,5004,4975,3170,8145,84
2022-07-26,Solano,095,438530,99997,98579,7287,105866,457
2022-07-26,Sonoma,097,501317,102068,101316,4863,106179,499
2022-07-26,Stanislaus,099,539301,131458,130451,20239,150690,1695
2022-07-26,Sutter,101,95872,22912,22811,2373,25184,228
2022-07-26,Tehama,103,63373,13119,13036,2897,15933,207
2022-07-26,Trinity,105,12862,1344,1337,341,1678,20
2022-07-26,Tulare,107,460477,116756,116167,32730,148897,1514
2022-07-26,Tuolumne,109,53932,14773,14594,864,15458,196
2022-07-26,Ventura,111,848112,198812,197572,13883,211455,1527
2022-07-26,Yolo,113,214977,45641,45359,4016,49375,326
2022-07-26,Yuba,115,75493,17950,17873,1547,19420,124
2022-07-25,Alameda,001,1643700,327814,325669,18389,344058,1938
2022-07-25,Alpine,003,1148,130,130,1,131,0
2022-07-25,Amador,005,37829,9607,9568,837,10405,87
2022-07-25,Butte,007,227075,37542,37146,8336,45482,441
2022-07-25,Calaveras,009,45235,8144,8105,468,8573,130
2022-07-25,Colusa,011,21464,3667,3649,1189,4838,22
2022-07-25,Contra Costa,013,1133247,237166,233236,18919,252155,1374
2022-07-25,Del Norte,015,27424,7127,7161,369,7530,54
2022-07-25,El Dorado,017,186661,31043,30891,3994,34885,222
2022-07-25,Fresno,019,978130,261363,259483,28643,288126,2801
2022-07-25,Glenn,021,27897,5364,5327,1787,7114,48
2022-07-25,Humboldt,023,135768,20512,20406,4357,24763,150
2022-07-25,Imperial,025,180216,62554,62014,13830,75844,948
2022-07-25,Inyo,027,18085,4391,4381,792,5173,57
2022-07-25,Kern,029,883053,210930,209400,56244,265644,2368
2022-07-25,Kings,031,150075,56612,56417,3845,60262,451
2022-07-25,Lake,033,64148,12090,12025,1084,13109,142
2022-07-25,Lassen,035,31185,9546,9509,955,10464,64
2022-07-25,Los Angeles,037,10098052,3129536,3107063,162922,3269985,32392
2022-07-25,Madera,039,155013,41604,41423,7376,48799,372
2022-07-25,Marin,041,260295,42894,42624,4895,47519,300
2022-07-25,Mariposa,043,17540,2950,2927,306,3233,30
2022-07-25,Mendocino,045,87422,15192,15066,4097,19163,131
2022-07-25,Merced,047,269075,69095,68455,10451,78906,838
2022-07-25,Modoc,049,8938,839,840,309,1149,10
2022-07-25,Mono,051,14174,3159,3148,217,3365,7
2022-07-25,Monterey,053,433212,90047,89520,18711,108231,752
2022-07-25,Napa,055,140530,30764,30647,1337,31984,150
2022-07-25,Nevada,057,99092,18204,18134,1657,19791,132
2022-07-25,Orange,059,3164182,635991,632871,55896,688767,7188
2022-07-25,Placer,061,380077,72564,72194,8999,81193,647
2022-07-25,Plumas,063,18699,3486,3472,424,3896,13
2022-07-25,Riverside,065,2383286,663397,659650,32692,692342,6528
2022-07-25,Sacramento,067,1510023,329663,328249,31761,360010,3146
2022-07-25,San Benito,069,59416,15222,15188,828,16016,100
2022-07-25,San Bernardino,071,2135413,639863,629895,28607,658502,7937
2022-07-25,San Diego,073,3302833,881506,876507,67031,943538,5386
2022-07-25,San Francisco,075,870044,169418,168570,11359,179929,931
2022-07-25,San Joaquin,077,732212,188042,187066,13103,200169,2267
2022-07-25,San Luis Obispo,079,281455,60550,60180,6389,66569,502
2022-07-25,San Mateo,081,765935,159476,158343,10098,168441,724
2022-07-25,Santa Barbara,083,443738,100035,99460,6073,105533,707
2022-07-25,Santa Clara,085,1922200,407102,404896,17676,422572,2380
2022-07-25,Santa Cruz,087,273765,59305,58873,3123,61996,269
2022-07-25,Shasta,089,179085,33526,33314,6915,40229,578
2022-07-25,Sierra,091,2930,293,293,58,351,4
2022-07-25,Siskiyou,093,43540,4998,4975,3161,8136,84
2022-07-25,Solano,095,438530,99751,98579,7272,105851,457
2022-07-25,Sonoma,097,501317,101909,101316,4845,106161,499
2022-07-25,Stanislaus,099,539301,131261,130451,20211,150662,1695
2022-07-25,Sutter,101,95872,22866,22811,2372,25183,228
2022-07-25,Tehama,103,63373,13102,13036,2889,15925,207
2022-07-25,Trinity,105,12862,1342,1337,341,1678,20
2022-07-25,Tulare,107,460477,116545,116167,32633,148800,1514
2022-07-25,Tuolumne,109,53932,14754,14594,864,15458,196
2022-07-25,Ventura,111,848112,198505,197572,13827,211399,1527
2022-07-25,Yolo,113,214977,45577,45359,4000,49359,326
2022-07-25,Yuba,115,75493,17912,17873,1546,19419,124
2022-07-24,Alameda,001,1643700,327008,323165,18345,341510,1933
2022-07-24,Alpine,003,1148,130,130,1,131,0
2022-07-24,Amador,005,37829,9585,9526,834,10360,87
2022-07-24,Butte,007,227075,37477,36994,8308,45302,440
2022-07-24,Calaveras,009,45235,8127,8064,466,8530,128
2022-07-24,Colusa,011,21464,3661,3639,1189,4828,22
2022-07-24,Contra Costa,013,1133247,236633,231714,18839,250553,1363
2022-07-24,Del Norte,015,27424,7109,7128,365,7493,54
2022-07-24,El Dorado,017,186661,30996,30722,3977,34699,222
2022-07-24,Fresno,019,978130,260710,257571,28543,286114,2792
2022-07-24,Glenn,021,27897,5358,5311,1785,7096,48
2022-07-24,Humboldt,023,135768,20479,20283,4340,24623,150
2022-07-24,Imperial,025,180216,62392,61671,13709,75380,948
2022-07-24,Inyo,027,18085,4387,4366,781,5147,57
2022-07-24,Kern,029,883053,210561,208535,56005,264540,2366
2022-07-24,Kings,031,150075,56487,56103,3832,59935,451
2022-07-24,Lake,033,64148,12064,11957,1081,13038,142
2022-07-24,Lassen,035,31185,9520,9504,952,10456,64
2022-07-24,Los Angeles,037,10098052,3123059,3085376,162242,3247618,32340
2022-07-24,Madera,039,155013,41507,41145,7346,48491,372
2022-07-24,Marin,041,260295,42824,42347,4883,47230,300
2022-07-24,Mariposa,043,17540,2947,2897,305,3202,30
2022-07-24,Mendocino,045,87422,15142,14988,4065,19053,131
2022-07-24,Merced,047,269075,68938,68127,10392,78519,837
2022-07-24,Modoc,049,8938,839,829,308,1137,10
2022-07-24,Mono,051,14174,3158,3141,217,3358,7
2022-07-24,Monterey,053,433212,89870,89067,18610,107677,747
2022-07-24,Napa,055,140530,30711,30495,1336,31831,148
2022-07-24,Nevada,057,99092,18185,18073,1648,19721,131
2022-07-24,Orange,059,3164182,634640,627948,55658,683606,7181
2022-07-24,Placer,061,380077,72439,71870,8986,80856,644
2022-07-24,Plumas,063,18699,3485,3464,424,3888,13
2022-07-24,Riverside,065,2383286,662103,655603,32578,688181,6527
2022-07-24,Sacramento,067,1510023,328984,326216,31693,357909,3136
2022-07-24,San Benito,069,59416,15201,15049,827,15876,100
2022-07-24,San Bernardino,071,2135413,638473,626059,28526,654585,7933
2022-07-24,San Diego,073,3302833,879430,870102,66839,936941,5380
2022-07-24,San Francisco,075,870044,168963,167260,11329,178589,931
2022-07-24,San Joaquin,077,732212,187682,186142,13034,199176,2267
2022-07-24,San Luis Obispo,079,281455,60403,59919,6357,66276,500
2022-07-24,San Mateo,081,765935,159135,157266,10075,167341,724
2022-07-24,Santa Barbara,083,443738,99809,98826,6033,104859,706
2022-07-24,Santa Clara,085,1922200,406146,401495,17635,419130,2381
2022-07-24,Santa Cruz,087,273765,59133,58386,3102,61488,268
2022-07-24,Shasta,089,179085,33462,33185,6900,40085,578
2022-07-24,Sierra,091,2930,293,293,58,351,4
2022-07-24,Siskiyou,093,43540,4994,4938,3145,8083,84
2022-07-24,Solano,095,438530,99537,98016,7258,105274,457
2022-07-24,Sonoma,097,501317,101706,100735,4824,105559,499
2022-07-24,Stanislaus,099,539301,130967,129813,20174,149987,1695
2022-07-24,Sutter,101,95872,22815,22687,2369,25056,228
2022-07-24,Tehama,103,63373,13091,12974,2879,15853,207
2022-07-24,Trinity,105,12862,1341,1330,339,1669,20
2022-07-24,Tulare,107,460477,116360,115548,32530,148078,1513
2022-07-24,Tuolumne,109,53932,14720,14514,863,15377,196
2022-07-24,Ventura,111,848112,198096,196127,13725,209852,1525
2022-07-24,Yolo,113,214977,45502,45141,3988,49129,327
2022-07-24,Yuba,115,75493,17885,17770,1544,19314,124
2022-07-23,Alameda,001,1643700,326592,323165,18328,341493,1933
2022-07-23,Alpine,003,1148,130,130,1,131,0
2022-07-23,Amador,005,37829,9576,9526,834,10360,87
2022-07-23,Butte,007,227075,37430,36994,8301,45295,440
2022-07-23,Calaveras,009,45235,8116,8064,466,8530,128
2022-07-23,Colusa,011,21464,3656,3639,1189,4828,22
2022-07-23,Contra Costa,013,1133247,236336,231714,18809,250523,1363
2022-07-23,Del Norte,015,27424,7106,7128,364,7492,54
2022-07-23,El Dorado,017,186661,30978,30722,3975,34697,222
2022-07-23,Fresno,019,978130,260485,257571,28488,286059,2792
2022-07-23,Glenn,021,27897,5356,5311,1783,7094,48
2022-07-23,Humboldt,023,135768,20452,20283,4327,24610,150
2022-07-23,Imperial,025,180216,62331,61671,13687,75358,948
2022-07-23,Inyo,027,18085,4385,4366,780,5146,57
2022-07-23,Kern,029,883053,210393,208535,55862,264397,2366
2022-07-23,Kings,031,150075,56444,56103,3829,59932,451
2022-07-23,Lake,033,64148,12053,11957,1080,13037,142
2022-07-23,Lassen,035,31185,9518,9504,952,10456,64
2022-07-23,Los Angeles,037,10098052,3120221,3085376,161797,3247173,32340
2022-07-23,Madera,039,155013,41447,41145,7340,48485,372
2022-07-23,Marin,041,260295,42749,42347,4873,47220,300
2022-07-23,Mariposa,043,17540,2944,2897,305,3202,30
2022-07-23,Mendocino,045,87422,15122,14988,4058,19046,131
2022-07-23,Merced,047,269075,68870,68127,10374,78501,837
2022-07-23,Modoc,049,8938,839,829,308,1137,10
2022-07-23,Mono,051,14174,3157,3141,217,3358,7
2022-07-23,Monterey,053,433212,89782,89067,18589,107656,747
2022-07-23,Napa,055,140530,30678,30495,1335,31830,148
2022-07-23,Nevada,057,99092,18173,18073,1646,19719,131
2022-07-23,Orange,059,3164182,633941,627948,55467,683415,7181
2022-07-23,Placer,061,380077,72367,71870,8976,80846,644
2022-07-23,Plumas,063,18699,3484,3464,424,3888,13
2022-07-23,Riverside,065,2383286,661395,655603,32538,688141,6527
2022-07-23,Sacramento,067,1510023,328709,326216,31677,357893,3136
2022-07-23,San Benito,069,59416,15192,15049,818,15867,100
2022-07-23,San Bernardino,071,2135413,637846,626059,28483,654542,7933
2022-07-23,San Diego,073,3302833,878604,870102,66779,936881,5380
2022-07-23,San Francisco,075,870044,168771,167260,11313,178573,931
2022-07-23,San Joaquin,077,732212,187526,186142,13011,199153,2267
2022-07-23,San Luis Obispo,079,281455,60374,59919,6346,66265,500
2022-07-23,San Mateo,081,765935,158960,157266,10061,167327,724
2022-07-23,Santa Barbara,083,443738,99710,98826,6002,104828,706
2022-07-23,Santa Clara,085,1922200,405532,401495,17610,419105,2381
2022-07-23,Santa Cruz,087,273765,59082,58386,3090,61476,268
2022-07-23,Shasta,089,179085,33423,33185,6894,40079,578
2022-07-23,Sierra,091,2930,293,293,58,351,4
2022-07-23,Siskiyou,093,43540,4990,4938,3143,8081,84
2022-07-23,Solano,095,438530,99471,98016,7252,105268,457
2022-07-23,Sonoma,097,501317,101618,100735,4814,105549,499
2022-07-23,Stanislaus,099,539301,130836,129813,20138,149951,1695
2022-07-23,Sutter,101,95872,22794,22687,2369,25056,228
2022-07-23,Tehama,103,63373,13077,12974,2876,15850,207
2022-07-23,Trinity,105,12862,1341,1330,338,1668,20
2022-07-23,Tulare,107,460477,116244,115548,32461,148009,1513
2022-07-23,Tuolumne,109,53932,14697,14514,863,15377,196
2022-07-23,Ventura,111,848112,197912,196127,13690,209817,1525
2022-07-23,Yolo,113,214977,45467,45141,3980,49121,327
2022-07-23,Yuba,115,75493,17872,17770,1540,19310,124
2022-07-22,Alameda,001,1643700,326182,323165,18299,341464,1933
2022-07-22,Alpine,003,1148,130,130,1,131,0
2022-07-22,Amador,005,37829,9570,9526,833,10359,87
2022-07-22,Butte,007,227075,37395,36994,8285,45279,440
2022-07-22,Calaveras,009,45235,8107,8064,466,8530,128
2022-07-22,Colusa,011,21464,3655,3639,1185,4824,22
2022-07-22,Contra Costa,013,1133247,236042,231714,18772,250486,1363
2022-07-22,Del Norte,015,27424,7099,7128,364,7492,54
2022-07-22,El Dorado,017,186661,30949,30722,3970,34692,222
2022-07-22,Fresno,019,978130,260202,257571,28439,286010,2792
2022-07-22,Glenn,021,27897,5351,5311,1782,7093,48
2022-07-22,Humboldt,023,135768,20428,20283,4317,24600,150
2022-07-22,Imperial,025,180216,62240,61671,13655,75326,948
2022-07-22,Inyo,027,18085,4385,4366,773,5139,57
2022-07-22,Kern,029,883053,210192,208535,55711,264246,2366
2022-07-22,Kings,031,150075,56408,56103,3828,59931,451
2022-07-22,Lake,033,64148,12039,11957,1078,13035,142
2022-07-22,Lassen,035,31185,9518,9504,952,10456,64
2022-07-22,Los Angeles,037,10098052,3116693,3085376,161347,3246723,32340
2022-07-22,Madera,039,155013,41404,41145,7329,48474,372
2022-07-22,Marin,041,260295,42694,42347,4865,47212,300
2022-07-22,Mariposa,043,17540,2942,2897,305,3202,30
2022-07-22,Mendocino,045,87422,15098,14988,4050,19038,131
2022-07-22,Merced,047,269075,68798,68127,10362,78489,837
2022-07-22,Modoc,049,8938,839,829,308,1137,10
2022-07-22,Mono,051,14174,3156,3141,216,3357,7
2022-07-22,Monterey,053,433212,89692,89067,18555,107622,747
2022-07-22,Napa,055,140530,30647,30495,1335,31830,148
2022-07-22,Nevada,057,99092,18161,18073,1639,19712,131
2022-07-22,Orange,059,3164182,633167,627948,55313,683261,7181
2022-07-22,Placer,061,380077,72322,71870,8968,80838,644
2022-07-22,Plumas,063,18699,3483,3464,424,3888,13
2022-07-22,Riverside,065,2383286,660652,655603,32475,688078,6527
2022-07-22,Sacramento,067,1510023,328352,326216,31650,357866,3136
2022-07-22,San Benito,069,59416,15183,15049,818,15867,100
2022-07-22,San Bernardino,071,2135413,637222,626059,28438,654497,7933
2022-07-22,San Diego,073,3302833,877524,870102,66642,936744,5380
2022-07-22,San Francisco,075,870044,168578,167260,11284,178544,931
2022-07-22,San Joaquin,077,732212,187365,186142,12980,199122,2267
2022-07-22,San Luis Obispo,079,281455,60319,59919,6334,66253,500
2022-07-22,San Mateo,081,765935,158732,157266,10048,167314,724
2022-07-22,Santa Barbara,083,443738,99608,98826,5996,104822,706
2022-07-22,Santa Clara,085,1922200,404878,401495,17584,419079,2381
2022-07-22,Santa Cruz,087,273765,58976,58386,3082,61468,268
2022-07-22,Shasta,089,179085,33392,33185,6889,40074,578
2022-07-22,Sierra,091,2930,293,293,58,351,4
2022-07-22,Siskiyou,093,43540,4983,4938,3140,8078,84
2022-07-22,Solano,095,438530,99333,98016,7242,105258,457
2022-07-22,Sonoma,097,501317,101512,100735,4796,105531,499
2022-07-22,Stanislaus,099,539301,130706,129813,20113,149926,1695
2022-07-22,Sutter,101,95872,22770,22687,2368,25055,228
2022-07-22,Tehama,103,63373,13068,12974,2874,15848,207
2022-07-22,Trinity,105,12862,1339,1330,337,1667,20
2022-07-22,Tulare,107,460477,116132,115548,32401,147949,1513
2022-07-22,Tuolumne,109,53932,14673,14514,859,15373,196
2022-07-22,Ventura,111,848112,197725,196127,13655,209782,1525
2022-07-22,Yolo,113,214977,45413,45141,3963,49104,327
2022-07-22,Yuba,115,75493,17858,17770,1538,19308,124
2022-07-21,Alameda,001,1643700,325505,323165,18251,341416,1933
2022-07-21,Alpine,003,1148,130,130,1,131,0
2022-07-21,Amador,005,37829,9563,9526,831,10357,87
2022-07-21,Butte,007,227075,37354,36994,8265,45259,440
2022-07-21,Calaveras,009,45235,8092,8064,464,8528,128
2022-07-21,Colusa,011,21464,3651,3639,1183,4822,22
2022-07-21,Contra Costa,013,1133247,235661,231714,18715,250429,1363
2022-07-21,Del Norte,015,27424,7089,7128,364,7492,54
2022-07-21,El Dorado,017,186661,30898,30722,3967,34689,222
2022-07-21,Fresno,019,978130,259726,257571,28358,285929,2792
2022-07-21,Glenn,021,27897,5345,5311,1782,7093,48
2022-07-21,Humboldt,023,135768,20397,20283,4294,24577,150
2022-07-21,Imperial,025,180216,62127,61671,13559,75230,948
2022-07-21,Inyo,027,18085,4381,4366,766,5132,57
2022-07-21,Kern,029,883053,209918,208535,55528,264063,2366
2022-07-21,Kings,031,150075,56334,56103,3815,59918,451
2022-07-21,Lake,033,64148,12026,11957,1075,13032,142
2022-07-21,Lassen,035,31185,9515,9504,952,10456,64
2022-07-21,Los Angeles,037,10098052,3111095,3085376,160739,3246115,32340
2022-07-21,Madera,039,155013,41329,41145,7307,48452,372
2022-07-21,Marin,041,260295,42629,42347,4861,47208,300
2022-07-21,Mariposa,043,17540,2938,2897,304,3201,30
2022-07-21,Mendocino,045,87422,15072,14988,4044,19032,131
2022-07-21,Merced,047,269075,68694,68127,10335,78462,837
2022-07-21,Modoc,049,8938,837,829,308,1137,10
2022-07-21,Mono,051,14174,3152,3141,215,3356,7
2022-07-21,Monterey,053,433212,89568,89067,18480,107547,747
2022-07-21,Napa,055,140530,30603,30495,1335,31830,148
2022-07-21,Nevada,057,99092,18142,18073,1633,19706,131
2022-07-21,Orange,059,3164182,632043,627948,55094,683042,7181
2022-07-21,Placer,061,380077,72214,71870,8946,80816,644
2022-07-21,Plumas,063,18699,3482,3464,424,3888,13
2022-07-21,Riverside,065,2383286,659588,655603,32402,688005,6527
2022-07-21,Sacramento,067,1510023,327839,326216,31610,357826,3136
2022-07-21,San Benito,069,59416,15141,15049,815,15864,100
2022-07-21,San Bernardino,071,2135413,636179,626059,28373,654432,7933
2022-07-21,San Diego,073,3302833,875844,870102,66448,936550,5380
2022-07-21,San Francisco,075,870044,168224,167260,11232,178492,931
2022-07-21,San Joaquin,077,732212,187111,186142,12939,199081,2267
2022-07-21,San Luis Obispo,079,281455,60263,59919,6304,66223,500
2022-07-21,San Mateo,081,765935,158433,157266,10033,167299,724
2022-07-21,Santa Barbara,083,443738,99447,98826,5976,104802,706
2022-07-21,Santa Clara,085,1922200,404076,401495,17546,419041,2381
2022-07-21,Santa Cruz,087,273765,58858,58386,3067,61453,268
2022-07-21,Shasta,089,179085,33342,33185,6875,40060,578
2022-07-21,Sierra,091,2930,293,293,58,351,4
2022-07-21,Siskiyou,093,43540,4972,4938,3134,8072,84
2022-07-21,Solano,095,438530,99187,98016,7234,105250,457
2022-07-21,Sonoma,097,501317,101368,100735,4782,105517,499
2022-07-21,Stanislaus,099,539301,130515,129813,20090,149903,1695
2022-07-21,Sutter,101,95872,22743,22687,2366,25053,228
2022-07-21,Tehama,103,63373,13051,12974,2863,15837,207
2022-07-21,Trinity,105,12862,1335,1330,337,1667,20
2022-07-21,Tulare,107,460477,115980,115548,32320,147868,1513
2022-07-21,Tuolumne,109,53932,14640,14514,856,15370,196
2022-07-21,Ventura,111,848112,197399,196127,13565,209692,1525
2022-07-21,Yolo,113,214977,45352,45141,3950,49091,327
2022-07-21,Yuba,115,75493,17830,17770,1535,19305,124
2022-07-20,Alameda,001,1643700,324826,321347,18210,339557,1915
2022-07-20,Alpine,003,1148,130,130,1,131,0
2022-07-20,Amador,005,37829,9545,9478,829,10307,87
2022-07-20,Butte,007,227075,37305,36820,8245,45065,440
2022-07-20,Calaveras,009,45235,8083,8035,463,8498,126
2022-07-20,Colusa,011,21464,3647,3627,1181,4808,22
2022-07-20,Contra Costa,013,1133247,235262,230356,18666,249022,1362
2022-07-20,Del Norte,015,27424,7080,7081,364,7445,54
2022-07-20,El Dorado,017,186661,30867,30628,3957,34585,221
2022-07-20,Fresno,019,978130,259210,256217,28287,284504,2790
2022-07-20,Glenn,021,27897,5341,5287,1779,7066,48
2022-07-20,Humboldt,023,135768,20358,20149,4276,24425,150
2022-07-20,Imperial,025,180216,61983,61170,13463,74633,944
2022-07-20,Inyo,027,18085,4379,4355,761,5116,56
2022-07-20,Kern,029,883053,209625,207603,55341,262944,2366
2022-07-20,Kings,031,150075,56249,55836,3804,59640,449
2022-07-20,Lake,033,64148,12005,11895,1070,12965,142
2022-07-20,Lassen,035,31185,9506,9455,952,10407,64
2022-07-20,Los Angeles,037,10098052,3105496,3068779,160127,3228906,32292
2022-07-20,Madera,039,155013,41257,40902,7287,48189,372
2022-07-20,Marin,041,260295,42549,42153,4854,47007,300
2022-07-20,Mariposa,043,17540,2923,2884,302,3186,30
2022-07-20,Mendocino,045,87422,15057,14890,4032,18922,131
2022-07-20,Merced,047,269075,68595,67775,10308,78083,833
2022-07-20,Modoc,049,8938,836,799,307,1106,9
2022-07-20,Mono,051,14174,3149,3138,212,3350,7
2022-07-20,Monterey,053,433212,89430,88606,18399,107005,747
2022-07-20,Napa,055,140530,30565,30353,1333,31686,145
2022-07-20,Nevada,057,99092,18116,18020,1627,19647,131
2022-07-20,Orange,059,3164182,630775,624998,54853,679851,7173
2022-07-20,Placer,061,380077,72133,71614,8928,80542,639
2022-07-20,Plumas,063,18699,3476,3433,423,3856,13
2022-07-20,Riverside,065,2383286,658491,652192,32303,684495,6510
2022-07-20,Sacramento,067,1510023,327291,324765,31565,356330,3123
2022-07-20,San Benito,069,59416,15109,14966,812,15778,100
2022-07-20,San Bernardino,071,2135413,635144,622760,28312,651072,7921
2022-07-20,San Diego,073,3302833,874014,864434,66267,930701,5375
2022-07-20,San Francisco,075,870044,167893,166241,11213,177454,929
2022-07-20,San Joaquin,077,732212,186822,185319,12885,198204,2262
2022-07-20,San Luis Obispo,079,281455,60193,59727,6275,66002,499
2022-07-20,San Mateo,081,765935,158145,156191,10008,166199,724
2022-07-20,Santa Barbara,083,443738,99268,98322,5949,104271,703
2022-07-20,Santa Clara,085,1922200,403269,398816,17511,416327,2374
2022-07-20,Santa Cruz,087,273765,58744,58004,3054,61058,267
2022-07-20,Shasta,089,179085,33300,33017,6868,39885,576
2022-07-20,Sierra,091,2930,293,292,58,350,4
2022-07-20,Siskiyou,093,43540,4957,4921,3127,8048,84
2022-07-20,Solano,095,438530,99021,97577,7214,104791,459
2022-07-20,Sonoma,097,501317,101180,100304,4769,105073,499
2022-07-20,Stanislaus,099,539301,130348,129200,20051,149251,1695
2022-07-20,Sutter,101,95872,22708,22592,2363,24955,228
2022-07-20,Tehama,103,63373,13035,12923,2859,15782,205
2022-07-20,Trinity,105,12862,1335,1319,336,1655,20
2022-07-20,Tulare,107,460477,115799,115073,32206,147279,1510
2022-07-20,Tuolumne,109,53932,14614,14389,855,15244,196
2022-07-20,Ventura,111,848112,197080,195189,13492,208681,1522
2022-07-20,Yolo,113,214977,45296,44950,3939,48889,325
2022-07-20,Yuba,115,75493,17806,17661,1534,19195,124
2022-07-19,Alameda,001,1643700,324152,321347,18185,339532,1915
2022-07-19,Alpine,003,1148,130,130,1,131,0
2022-07-19,Amador,005,37829,9533,9478,825,10303,87
2022-07-19,Butte,007,227075,37252,36820,8231,45051,440
2022-07-19,Calaveras,009,45235,8073,8035,463,8498,126
2022-07-19,Colusa,011,21464,3644,3627,1177,4804,22
2022-07-19,Contra Costa,013,1133247,234813,230356,18609,248965,1362
2022-07-19,Del Norte,015,27424,7072,7081,363,7444,54
2022-07-19,El Dorado,017,186661,30823,30628,3948,34576,221
2022-07-19,Fresno,019,978130,258603,256217,28199,284416,2790
2022-07-19,Glenn,021,27897,5334,5287,1778,7065,48
2022-07-19,Humboldt,023,135768,20323,20149,4262,24411,150
2022-07-19,Imperial,025,180216,61848,61170,13373,74543,944
2022-07-19,Inyo,027,18085,4377,4355,759,5114,56
2022-07-19,Kern,029,883053,209348,207603,55148,262751,2366
2022-07-19,Kings,031,150075,56146,55836,3785,59621,449
2022-07-19,Lake,033,64148,11984,11895,1062,12957,142
2022-07-19,Lassen,035,31185,9498,9455,952,10407,64
2022-07-19,Los Angeles,037,10098052,3099330,3068779,159435,3228214,32292
2022-07-19,Madera,039,155013,41178,40902,7264,48166,372
2022-07-19,Marin,041,260295,42486,42153,4841,46994,300
2022-07-19,Mariposa,043,17540,2918,2884,301,3185,30
2022-07-19,Mendocino,045,87422,15025,14890,4021,18911,131
2022-07-19,Merced,047,269075,68489,67775,10276,78051,833
2022-07-19,Modoc,049,8938,835,799,307,1106,9
2022-07-19,Mono,051,14174,3145,3138,212,3350,7
2022-07-19,Monterey,053,433212,89281,88606,18318,106924,747
2022-07-19,Napa,055,140530,30509,30353,1329,31682,145
2022-07-19,Nevada,057,99092,18102,18020,1620,19640,131
2022-07-19,Orange,059,3164182,629491,624998,54604,679602,7173
2022-07-19,Placer,061,380077,72045,71614,8911,80525,639
2022-07-19,Plumas,063,18699,3470,3433,421,3854,13
2022-07-19,Riverside,065,2383286,657181,652192,32209,684401,6510
2022-07-19,Sacramento,067,1510023,326662,324765,31525,356290,3123
2022-07-19,San Benito,069,59416,15065,14966,810,15776,100
2022-07-19,San Bernardino,071,2135413,634025,622760,28239,650999,7921
2022-07-19,San Diego,073,3302833,871920,864434,66039,930473,5375
2022-07-19,San Francisco,075,870044,167539,166241,11194,177435,929
2022-07-19,San Joaquin,077,732212,186544,185319,12828,198147,2262
2022-07-19,San Luis Obispo,079,281455,60109,59727,6237,65964,499
2022-07-19,San Mateo,081,765935,157850,156191,9984,166175,724
2022-07-19,Santa Barbara,083,443738,99057,98322,5927,104249,703
2022-07-19,Santa Clara,085,1922200,402321,398816,17460,416276,2374
2022-07-19,Santa Cruz,087,273765,58622,58004,3039,61043,267
2022-07-19,Shasta,089,179085,33268,33017,6854,39871,576
2022-07-19,Sierra,091,2930,293,292,58,350,4
2022-07-19,Siskiyou,093,43540,4950,4921,3120,8041,84
2022-07-19,Solano,095,438530,98796,97577,7189,104766,459
2022-07-19,Sonoma,097,501317,101023,100304,4741,105045,499
2022-07-19,Stanislaus,099,539301,130105,129200,20019,149219,1695
2022-07-19,Sutter,101,95872,22678,22592,2360,24952,228
2022-07-19,Tehama,103,63373,13021,12923,2852,15775,205
2022-07-19,Trinity,105,12862,1332,1319,335,1654,20
2022-07-19,Tulare,107,460477,115616,115073,32098,147171,1510
2022-07-19,Tuolumne,109,53932,14590,14389,846,15235,196
2022-07-19,Ventura,111,848112,196734,195189,13414,208603,1522
2022-07-19,Yolo,113,214977,45235,44950,3930,48880,325
2022-07-19,Yuba,115,75493,17773,17661,1533,19194,124
2022-07-18,Alameda,001,1643700,323413,321347,18149,339496,1915
2022-07-18,Alpine,003,1148,130,130,1,131,0
2022-07-18,Amador,005,37829,9518,9478,825,10303,87
2022-07-18,Butte,007,227075,37182,36820,8218,45038,440
2022-07-18,Calaveras,009,45235,8062,8035,460,8495,126
2022-07-18,Colusa,011,21464,3641,3627,1171,4798,22
2022-07-18,Contra Costa,013,1133247,234348,230356,18538,248894,1362
2022-07-18,Del Norte,015,27424,7061,7081,361,7442,54
2022-07-18,El Dorado,017,186661,30771,30628,3939,34567,221
2022-07-18,Fresno,019,978130,258010,256217,28119,284336,2790
2022-07-18,Glenn,021,27897,5332,5287,1778,7065,48
2022-07-18,Humboldt,023,135768,20282,20149,4242,24391,150
2022-07-18,Imperial,025,180216,61683,61170,13276,74446,944
2022-07-18,Inyo,027,18085,4373,4355,758,5113,56
2022-07-18,Kern,029,883053,209036,207603,54895,262498,2366
2022-07-18,Kings,031,150075,56039,55836,3777,59613,449
2022-07-18,Lake,033,64148,11962,11895,1056,12951,142
2022-07-18,Lassen,035,31185,9494,9455,951,10406,64
2022-07-18,Los Angeles,037,10098052,3092510,3068779,158774,3227553,32292
2022-07-18,Madera,039,155013,41071,40902,7236,48138,372
2022-07-18,Marin,041,260295,42406,42153,4831,46984,300
2022-07-18,Mariposa,043,17540,2910,2884,300,3184,30
2022-07-18,Mendocino,045,87422,14996,14890,4010,18900,131
2022-07-18,Merced,047,269075,68367,67775,10250,78025,833
2022-07-18,Modoc,049,8938,834,799,307,1106,9
2022-07-18,Mono,051,14174,3144,3138,212,3350,7
2022-07-18,Monterey,053,433212,89117,88606,18238,106844,747
2022-07-18,Napa,055,140530,30469,30353,1326,31679,145
2022-07-18,Nevada,057,99092,18088,18020,1608,19628,131
2022-07-18,Orange,059,3164182,628010,624998,54353,679351,7173
2022-07-18,Placer,061,380077,71959,71614,8895,80509,639
2022-07-18,Plumas,063,18699,3461,3433,420,3853,13
2022-07-18,Riverside,065,2383286,655898,652192,32098,684290,6510
2022-07-18,Sacramento,067,1510023,326042,324765,31466,356231,3123
2022-07-18,San Benito,069,59416,15026,14966,805,15771,100
2022-07-18,San Bernardino,071,2135413,632765,622760,28167,650927,7921
2022-07-18,San Diego,073,3302833,869602,864434,65768,930202,5375
2022-07-18,San Francisco,075,870044,167120,166241,11169,177410,929
2022-07-18,San Joaquin,077,732212,186211,185319,12779,198098,2262
2022-07-18,San Luis Obispo,079,281455,60013,59727,6212,65939,499
2022-07-18,San Mateo,081,765935,157478,156191,9964,166155,724
2022-07-18,Santa Barbara,083,443738,98859,98322,5906,104228,703
2022-07-18,Santa Clara,085,1922200,401339,398816,17410,416226,2374
2022-07-18,Santa Cruz,087,273765,58473,58004,3027,61031,267
2022-07-18,Shasta,089,179085,33219,33017,6838,39855,576
2022-07-18,Sierra,091,2930,293,292,58,350,4
2022-07-18,Siskiyou,093,43540,4946,4921,3113,8034,84
2022-07-18,Solano,095,438530,98563,97577,7173,104750,459
2022-07-18,Sonoma,097,501317,100844,100304,4723,105027,499
2022-07-18,Stanislaus,099,539301,129882,129200,19979,149179,1695
2022-07-18,Sutter,101,95872,22644,22592,2360,24952,228
2022-07-18,Tehama,103,63373,13000,12923,2852,15775,205
2022-07-18,Trinity,105,12862,1330,1319,334,1653,20
2022-07-18,Tulare,107,460477,115426,115073,32009,147082,1510
2022-07-18,Tuolumne,109,53932,14554,14389,844,15233,196
2022-07-18,Ventura,111,848112,196351,195189,13342,208531,1522
2022-07-18,Yolo,113,214977,45165,44950,3919,48869,325
2022-07-18,Yuba,115,75493,17738,17661,1524,19185,124
2022-07-17,Alameda,001,1643700,322513,318442,18091,336533,1911
2022-07-17,Alpine,003,1148,130,130,1,131,0
2022-07-17,Amador,005,37829,9509,9437,821,10258,87
2022-07-17,Butte,007,227075,37121,36644,8196,44840,440
2022-07-17,Calaveras,009,45235,8045,7994,450,8444,126
2022-07-17,Colusa,011,21464,3635,3617,1165,4782,22
2022-07-17,Contra Costa,013,1133247,233785,228634,18464,247098,1356
2022-07-17,Del Norte,015,27424,7034,6860,359,7219,54
2022-07-17,El Dorado,017,186661,30723,30461,3925,34386,219
2022-07-17,Fresno,019,978130,257316,254088,28015,282103,2790
2022-07-17,Glenn,021,27897,5326,5273,1776,7049,48
2022-07-17,Humboldt,023,135768,20226,20016,4225,24241,150
2022-07-17,Imperial,025,180216,61489,60550,13130,73680,944
2022-07-17,Inyo,027,18085,4363,4343,754,5097,56
2022-07-17,Kern,029,883053,208541,206466,54667,261133,2364
2022-07-17,Kings,031,150075,55902,55432,3754,59186,449
2022-07-17,Lake,033,64148,11930,11835,1052,12887,141
2022-07-17,Lassen,035,31185,9468,9425,947,10372,64
2022-07-17,Los Angeles,037,10098052,3085218,3042708,157982,3200690,32248
2022-07-17,Madera,039,155013,40962,40627,7191,47818,372
2022-07-17,Marin,041,260295,42308,41829,4825,46654,300
2022-07-17,Mariposa,043,17540,2903,2866,300,3166,30
2022-07-17,Mendocino,045,87422,14956,14799,3992,18791,131
2022-07-17,Merced,047,269075,68231,67416,10210,77626,833
2022-07-17,Modoc,049,8938,831,799,307,1106,9
2022-07-17,Mono,051,14174,3142,3131,208,3339,7
2022-07-17,Monterey,053,433212,88924,88118,18168,106286,747
2022-07-17,Napa,055,140530,30410,30176,1325,31501,145
2022-07-17,Nevada,057,99092,18061,17941,1600,19541,131
2022-07-17,Orange,059,3164182,626434,620414,54084,674498,7161
2022-07-17,Placer,061,380077,71870,71232,8876,80108,637
2022-07-17,Plumas,063,18699,3446,3406,420,3826,13
2022-07-17,Riverside,065,2383286,654431,647328,31982,679310,6508
2022-07-17,Sacramento,067,1510023,325379,322788,31407,354195,3119
2022-07-17,San Benito,069,59416,15000,14869,799,15668,100
2022-07-17,San Bernardino,071,2135413,631342,618482,28057,646539,7914
2022-07-17,San Diego,073,3302833,867222,857262,65567,922829,5370
2022-07-17,San Francisco,075,870044,166653,164853,11125,175978,928
2022-07-17,San Joaquin,077,732212,185837,184187,12705,196892,2262
2022-07-17,San Luis Obispo,079,281455,59894,59437,6173,65610,499
2022-07-17,San Mateo,081,765935,157110,154961,9942,164903,723
2022-07-17,Santa Barbara,083,443738,98590,97600,5879,103479,702
2022-07-17,Santa Clara,085,1922200,400283,395466,17356,412822,2371
2022-07-17,Santa Cruz,087,273765,58276,57531,3009,60540,267
2022-07-17,Shasta,089,179085,33167,32871,6812,39683,575
2022-07-17,Sierra,091,2930,293,291,58,349,4
2022-07-17,Siskiyou,093,43540,4936,4899,3099,7998,83
2022-07-17,Solano,095,438530,98364,96974,7149,104123,457
2022-07-17,Sonoma,097,501317,100649,99679,4705,104384,499
2022-07-17,Stanislaus,099,539301,129614,128436,19942,148378,1692
2022-07-17,Sutter,101,95872,22591,22452,2357,24809,228
2022-07-17,Tehama,103,63373,12976,12860,2844,15704,205
2022-07-17,Trinity,105,12862,1327,1304,332,1636,20
2022-07-17,Tulare,107,460477,115203,114399,31916,146315,1510
2022-07-17,Tuolumne,109,53932,14521,14280,836,15116,196
2022-07-17,Ventura,111,848112,195892,193965,13225,207190,1519
2022-07-17,Yolo,113,214977,45088,44703,3902,48605,324
2022-07-17,Yuba,115,75493,17698,17567,1514,19081,124
2022-07-16,Alameda,001,1643700,322097,318442,18075,336517,1911
2022-07-16,Alpine,003,1148,130,130,1,131,0
2022-07-16,Amador,005,37829,9501,9437,821,10258,87
2022-07-16,Butte,007,227075,37100,36644,8181,44825,440
2022-07-16,Calaveras,009,45235,8040,7994,444,8438,126
2022-07-16,Colusa,011,21464,3631,3617,1161,4778,22
2022-07-16,Contra Costa,013,1133247,233477,228634,18413,247047,1356
2022-07-16,Del Norte,015,27424,7023,6860,359,7219,54
2022-07-16,El Dorado,017,186661,30702,30461,3923,34384,219
2022-07-16,Fresno,019,978130,257028,254088,27975,282063,2790
2022-07-16,Glenn,021,27897,5321,5273,1773,7046,48
2022-07-16,Humboldt,023,135768,20195,20016,4213,24229,150
2022-07-16,Imperial,025,180216,61404,60550,13086,73636,944
2022-07-16,Inyo,027,18085,4362,4343,753,5096,56
2022-07-16,Kern,029,883053,208369,206466,54499,260965,2364
2022-07-16,Kings,031,150075,55861,55432,3750,59182,449
2022-07-16,Lake,033,64148,11914,11835,1052,12887,141
2022-07-16,Lassen,035,31185,9466,9425,946,10371,64
2022-07-16,Los Angeles,037,10098052,3081749,3042708,157512,3200220,32248
2022-07-16,Madera,039,155013,40919,40627,7178,47805,372
2022-07-16,Marin,041,260295,42272,41829,4818,46647,300
2022-07-16,Mariposa,043,17540,2901,2866,300,3166,30
2022-07-16,Mendocino,045,87422,14948,14799,3989,18788,131
2022-07-16,Merced,047,269075,68143,67416,10199,77615,833
2022-07-16,Modoc,049,8938,831,799,307,1106,9
2022-07-16,Mono,051,14174,3141,3131,207,3338,7
2022-07-16,Monterey,053,433212,88830,88118,18126,106244,747
2022-07-16,Napa,055,140530,30381,30176,1323,31499,145
2022-07-16,Nevada,057,99092,18047,17941,1593,19534,131
2022-07-16,Orange,059,3164182,625708,620414,53937,674351,7161
2022-07-16,Placer,061,380077,71785,71232,8860,80092,637
2022-07-16,Plumas,063,18699,3442,3406,419,3825,13
2022-07-16,Riverside,065,2383286,653641,647328,31931,679259,6508
2022-07-16,Sacramento,067,1510023,325106,322788,31393,354181,3119
2022-07-16,San Benito,069,59416,14983,14869,795,15664,100
2022-07-16,San Bernardino,071,2135413,630604,618482,27995,646477,7914
2022-07-16,San Diego,073,3302833,866312,857262,65487,922749,5370
2022-07-16,San Francisco,075,870044,166468,164853,11109,175962,928
2022-07-16,San Joaquin,077,732212,185678,184187,12676,196863,2262
2022-07-16,San Luis Obispo,079,281455,59866,59437,6153,65590,499
2022-07-16,San Mateo,081,765935,156869,154961,9932,164893,723
2022-07-16,Santa Barbara,083,443738,98474,97600,5859,103459,702
2022-07-16,Santa Clara,085,1922200,399615,395466,17330,412796,2371
2022-07-16,Santa Cruz,087,273765,58204,57531,3004,60535,267
2022-07-16,Shasta,089,179085,33147,32871,6808,39679,575
2022-07-16,Sierra,091,2930,293,291,58,349,4
2022-07-16,Siskiyou,093,43540,4934,4899,3094,7993,83
2022-07-16,Solano,095,438530,98293,96974,7133,104107,457
2022-07-16,Sonoma,097,501317,100562,99679,4694,104373,499
2022-07-16,Stanislaus,099,539301,129483,128436,19908,148344,1692
2022-07-16,Sutter,101,95872,22568,22452,2356,24808,228
2022-07-16,Tehama,103,63373,12967,12860,2839,15699,205
2022-07-16,Trinity,105,12862,1325,1304,332,1636,20
2022-07-16,Tulare,107,460477,115096,114399,31856,146255,1510
2022-07-16,Tuolumne,109,53932,14497,14280,836,15116,196
2022-07-16,Ventura,111,848112,195666,193965,13184,207149,1519
2022-07-16,Yolo,113,214977,45042,44703,3890,48593,324
2022-07-16,Yuba,115,75493,17674,17567,1514,19081,124
2022-07-15,Alameda,001,1643700,321635,318442,18039,336481,1911
2022-07-15,Alpine,003,1148,130,130,1,131,0
2022-07-15,Amador,005,37829,9498,9437,820,10257,87
2022-07-15,Butte,007,227075,37061,36644,8176,44820,440
2022-07-15,Calaveras,009,45235,8034,7994,440,8434,126
2022-07-15,Colusa,011,21464,3629,3617,1159,4776,22
2022-07-15,Contra Costa,013,1133247,233202,228634,18363,246997,1356
2022-07-15,Del Norte,015,27424,7012,6860,356,7216,54
2022-07-15,El Dorado,017,186661,30674,30461,3920,34381,219
2022-07-15,Fresno,019,978130,256635,254088,27909,281997,2790
2022-07-15,Glenn,021,27897,5318,5273,1770,7043,48
2022-07-15,Humboldt,023,135768,20171,20016,4201,24217,150
2022-07-15,Imperial,025,180216,61330,60550,13044,73594,944
2022-07-15,Inyo,027,18085,4357,4343,748,5091,56
2022-07-15,Kern,029,883053,208154,206466,54328,260794,2364
2022-07-15,Kings,031,150075,55798,55432,3743,59175,449
2022-07-15,Lake,033,64148,11902,11835,1049,12884,141
2022-07-15,Lassen,035,31185,9464,9425,944,10369,64
2022-07-15,Los Angeles,037,10098052,3077560,3042708,157003,3199711,32248
2022-07-15,Madera,039,155013,40856,40627,7159,47786,372
2022-07-15,Marin,041,260295,42212,41829,4807,46636,300
2022-07-15,Mariposa,043,17540,2898,2866,299,3165,30
2022-07-15,Mendocino,045,87422,14924,14799,3984,18783,131
2022-07-15,Merced,047,269075,68082,67416,10190,77606,833
2022-07-15,Modoc,049,8938,830,799,307,1106,9
2022-07-15,Mono,051,14174,3139,3131,206,3337,7
2022-07-15,Monterey,053,433212,88717,88118,18099,106217,747
2022-07-15,Napa,055,140530,30349,30176,1322,31498,145
2022-07-15,Nevada,057,99092,18035,17941,1591,19532,131
2022-07-15,Orange,059,3164182,624865,620414,53773,674187,7161
2022-07-15,Placer,061,380077,71712,71232,8833,80065,637
2022-07-15,Plumas,063,18699,3435,3406,417,3823,13
2022-07-15,Riverside,065,2383286,652812,647328,31869,679197,6508
2022-07-15,Sacramento,067,1510023,324737,322788,31372,354160,3119
2022-07-15,San Benito,069,59416,14968,14869,795,15664,100
2022-07-15,San Bernardino,071,2135413,629859,618482,27954,646436,7914
2022-07-15,San Diego,073,3302833,865036,857262,65322,922584,5370
2022-07-15,San Francisco,075,870044,166215,164853,11067,175920,928
2022-07-15,San Joaquin,077,732212,185501,184187,12639,196826,2262
2022-07-15,San Luis Obispo,079,281455,59834,59437,6141,65578,499
2022-07-15,San Mateo,081,765935,156632,154961,9915,164876,723
2022-07-15,Santa Barbara,083,443738,98345,97600,5852,103452,702
2022-07-15,Santa Clara,085,1922200,398928,395466,17303,412769,2371
2022-07-15,Santa Cruz,087,273765,58114,57531,2992,60523,267
2022-07-15,Shasta,089,179085,33124,32871,6801,39672,575
2022-07-15,Sierra,091,2930,293,291,58,349,4
2022-07-15,Siskiyou,093,43540,4931,4899,3092,7991,83
2022-07-15,Solano,095,438530,98144,96974,7122,104096,457
2022-07-15,Sonoma,097,501317,100439,99679,4685,104364,499
2022-07-15,Stanislaus,099,539301,129359,128436,19888,148324,1692
2022-07-15,Sutter,101,95872,22541,22452,2355,24807,228
2022-07-15,Tehama,103,63373,12960,12860,2831,15691,205
2022-07-15,Trinity,105,12862,1321,1304,332,1636,20
2022-07-15,Tulare,107,460477,114945,114399,31771,146170,1510
2022-07-15,Tuolumne,109,53932,14454,14280,833,15113,196
2022-07-15,Ventura,111,848112,195440,193965,13145,207110,1519
2022-07-15,Yolo,113,214977,44996,44703,3879,48582,324
2022-07-15,Yuba,115,75493,17648,17567,1514,19081,124
2022-07-14,Alameda,001,1643700,320875,318442,17976,336418,1911
2022-07-14,Alpine,003,1148,130,130,1,131,0
2022-07-14,Amador,005,37829,9485,9437,814,10251,87
2022-07-14,Butte,007,227075,37021,36644,8170,44814,440
2022-07-14,Calaveras,009,45235,8027,7994,436,8430,126
2022-07-14,Colusa,011,21464,3629,3617,1157,4774,22
2022-07-14,Contra Costa,013,1133247,232759,228634,18277,246911,1356
2022-07-14,Del Norte,015,27424,6991,6860,354,7214,54
2022-07-14,El Dorado,017,186661,30638,30461,3911,34372,219
2022-07-14,Fresno,019,978130,256102,254088,27814,281902,2790
2022-07-14,Glenn,021,27897,5309,5273,1767,7040,48
2022-07-14,Humboldt,023,135768,20131,20016,4186,24202,150
2022-07-14,Imperial,025,180216,61151,60550,12928,73478,944
2022-07-14,Inyo,027,18085,4355,4343,743,5086,56
2022-07-14,Kern,029,883053,207825,206466,54129,260595,2364
2022-07-14,Kings,031,150075,55703,55432,3732,59164,449
2022-07-14,Lake,033,64148,11886,11835,1047,12882,141
2022-07-14,Lassen,035,31185,9459,9425,943,10368,64
2022-07-14,Los Angeles,037,10098052,3071380,3042708,156289,3198997,32248
2022-07-14,Madera,039,155013,40782,40627,7101,47728,372
2022-07-14,Marin,041,260295,42122,41829,4802,46631,300
2022-07-14,Mariposa,043,17540,2892,2866,294,3160,30
2022-07-14,Mendocino,045,87422,14910,14799,3979,18778,131
2022-07-14,Merced,047,269075,67987,67416,10163,77579,833
2022-07-14,Modoc,049,8938,830,799,307,1106,9
2022-07-14,Mono,051,14174,3138,3131,206,3337,7
2022-07-14,Monterey,053,433212,88599,88118,18021,106139,747
2022-07-14,Napa,055,140530,30305,30176,1318,31494,145
2022-07-14,Nevada,057,99092,18010,17941,1582,19523,131
2022-07-14,Orange,059,3164182,623602,620414,53562,673976,7161
2022-07-14,Placer,061,380077,71602,71232,8813,80045,637
2022-07-14,Plumas,063,18699,3426,3406,416,3822,13
2022-07-14,Riverside,065,2383286,651576,647328,31795,679123,6508
2022-07-14,Sacramento,067,1510023,324188,322788,31330,354118,3119
2022-07-14,San Benito,069,59416,14938,14869,791,15660,100
2022-07-14,San Bernardino,071,2135413,628706,618482,27875,646357,7914
2022-07-14,San Diego,073,3302833,863158,857262,65093,922355,5370
2022-07-14,San Francisco,075,870044,165870,164853,11020,175873,928
2022-07-14,San Joaquin,077,732212,185192,184187,12598,196785,2262
2022-07-14,San Luis Obispo,079,281455,59747,59437,6096,65533,499
2022-07-14,San Mateo,081,765935,156337,154961,9893,164854,723
2022-07-14,Santa Barbara,083,443738,98166,97600,5840,103440,702
2022-07-14,Santa Clara,085,1922200,398075,395466,17260,412726,2371
2022-07-14,Santa Cruz,087,273765,58022,57531,2978,60509,267
2022-07-14,Shasta,089,179085,33076,32871,6789,39660,575
2022-07-14,Sierra,091,2930,293,291,58,349,4
2022-07-14,Siskiyou,093,43540,4923,4899,3084,7983,83
2022-07-14,Solano,095,438530,97967,96974,7110,104084,457
2022-07-14,Sonoma,097,501317,100306,99679,4662,104341,499
2022-07-14,Stanislaus,099,539301,129152,128436,19856,148292,1692
2022-07-14,Sutter,101,95872,22515,22452,2354,24806,228
2022-07-14,Tehama,103,63373,12937,12860,2826,15686,205
2022-07-14,Trinity,105,12862,1321,1304,328,1632,20
2022-07-14,Tulare,107,460477,114816,114399,31672,146071,1510
2022-07-14,Tuolumne,109,53932,14414,14280,829,15109,196
2022-07-14,Ventura,111,848112,195091,193965,13071,207036,1519
2022-07-14,Yolo,113,214977,44931,44703,3865,48568,324
2022-07-14,Yuba,115,75493,17616,17567,1505,19072,124
2022-07-13,Alameda,001,1643700,320176,316026,17937,333963,1911
2022-07-13,Alpine,003,1148,130,129,1,130,0
2022-07-13,Amador,005,37829,9474,9388,813,10201,87
2022-07-13,Butte,007,227075,36965,36405,8156,44561,439
2022-07-13,Calaveras,009,45235,8014,7945,435,8380,125
2022-07-13,Colusa,011,21464,3624,3606,1157,4763,22
2022-07-13,Contra Costa,013,1133247,232280,226833,18190,245023,1356
2022-07-13,Del Norte,015,27424,6972,6790,354,7144,54
2022-07-13,El Dorado,017,186661,30589,30273,3905,34178,218
2022-07-13,Fresno,019,978130,255547,252573,27702,280275,2786
2022-07-13,Glenn,021,27897,5305,5256,1766,7022,48
2022-07-13,Humboldt,023,135768,20098,19854,4171,24025,150
2022-07-13,Imperial,025,180216,60996,60011,12846,72857,944
2022-07-13,Inyo,027,18085,4354,4324,738,5062,56
2022-07-13,Kern,029,883053,207414,205428,53895,259323,2359
2022-07-13,Kings,031,150075,55593,55138,3723,58861,449
2022-07-13,Lake,033,64148,11868,11773,1046,12819,140
2022-07-13,Lassen,035,31185,9437,9381,942,10323,64
2022-07-13,Los Angeles,037,10098052,3064721,3024953,155581,3180534,32206
2022-07-13,Madera,039,155013,40715,40378,7073,47451,372
2022-07-13,Marin,041,260295,42055,41616,4794,46410,300
2022-07-13,Mariposa,043,17540,2887,2847,293,3140,30
2022-07-13,Mendocino,045,87422,14890,14713,3962,18675,128
2022-07-13,Merced,047,269075,67854,67028,10132,77160,832
2022-07-13,Modoc,049,8938,829,791,306,1097,9
2022-07-13,Mono,051,14174,3137,3131,202,3333,7
2022-07-13,Monterey,053,433212,88456,87575,17944,105519,745
2022-07-13,Napa,055,140530,30266,30032,1316,31348,145
2022-07-13,Nevada,057,99092,17992,17849,1574,19423,131
2022-07-13,Orange,059,3164182,622223,616278,53326,669604,7147
2022-07-13,Placer,061,380077,71495,70890,8799,79689,637
2022-07-13,Plumas,063,18699,3418,3354,415,3769,13
2022-07-13,Riverside,065,2383286,650366,643472,31697,675169,6504
2022-07-13,Sacramento,067,1510023,323660,321076,31289,352365,3114
2022-07-13,San Benito,069,59416,14911,14774,785,15559,100
2022-07-13,San Bernardino,071,2135413,627528,614957,27778,642735,7907
2022-07-13,San Diego,073,3302833,861254,851596,64865,916461,5363
2022-07-13,San Francisco,075,870044,165464,163635,10992,174627,919
2022-07-13,San Joaquin,077,732212,184865,183283,12555,195838,2260
2022-07-13,San Luis Obispo,079,281455,59641,59134,6048,65182,498
2022-07-13,San Mateo,081,765935,155992,153875,9876,163751,723
2022-07-13,Santa Barbara,083,443738,97987,97053,5827,102880,699
2022-07-13,Santa Clara,085,1922200,397188,392415,17220,409635,2365
2022-07-13,Santa Cruz,087,273765,57886,57124,2971,60095,267
2022-07-13,Shasta,089,179085,33019,32708,6774,39482,574
2022-07-13,Sierra,091,2930,293,289,58,347,4
2022-07-13,Siskiyou,093,43540,4916,4873,3082,7955,82
2022-07-13,Solano,095,438530,97762,96479,7087,103566,455
2022-07-13,Sonoma,097,501317,100148,99173,4645,103818,499
2022-07-13,Stanislaus,099,539301,128953,127845,19799,147644,1689
2022-07-13,Sutter,101,95872,22469,22331,2352,24683,228
2022-07-13,Tehama,103,63373,12924,12793,2823,15616,205
2022-07-13,Trinity,105,12862,1320,1293,326,1619,20
2022-07-13,Tulare,107,460477,114623,113830,31579,145409,1508
2022-07-13,Tuolumne,109,53932,14390,14159,824,14983,194
2022-07-13,Ventura,111,848112,194754,192923,12988,205911,1518
2022-07-13,Yolo,113,214977,44869,44447,3855,48302,326
2022-07-13,Yuba,115,75493,17589,17464,1497,18961,124
2022-07-12,Alameda,001,1643700,319402,316026,17897,333923,1911
2022-07-12,Alpine,003,1148,130,129,1,130,0
2022-07-12,Amador,005,37829,9441,9388,806,10194,87
2022-07-12,Butte,007,227075,36908,36405,8137,44542,439
2022-07-12,Calaveras,009,45235,7999,7945,433,8378,125
2022-07-12,Colusa,011,21464,3622,3606,1154,4760,22
2022-07-12,Contra Costa,013,1133247,231777,226833,18114,244947,1356
2022-07-12,Del Norte,015,27424,6925,6790,351,7141,54
2022-07-12,El Dorado,017,186661,30549,30273,3899,34172,218
2022-07-12,Fresno,019,978130,255004,252573,27612,280185,2786
2022-07-12,Glenn,021,27897,5301,5256,1762,7018,48
2022-07-12,Humboldt,023,135768,20048,19854,4154,24008,150
2022-07-12,Imperial,025,180216,60820,60011,12746,72757,944
2022-07-12,Inyo,027,18085,4346,4324,738,5062,56
2022-07-12,Kern,029,883053,207084,205428,53685,259113,2359
2022-07-12,Kings,031,150075,55482,55138,3713,58851,449
2022-07-12,Lake,033,64148,11856,11773,1041,12814,140
2022-07-12,Lassen,035,31185,9423,9381,936,10317,64
2022-07-12,Los Angeles,037,10098052,3057927,3024953,154882,3179835,32206
2022-07-12,Madera,039,155013,40629,40378,7058,47436,372
2022-07-12,Marin,041,260295,41980,41616,4784,46400,300
2022-07-12,Mariposa,043,17540,2876,2847,293,3140,30
2022-07-12,Mendocino,045,87422,14850,14713,3938,18651,128
2022-07-12,Merced,047,269075,67746,67028,10099,77127,832
2022-07-12,Modoc,049,8938,827,791,303,1094,9
2022-07-12,Mono,051,14174,3134,3131,202,3333,7
2022-07-12,Monterey,053,433212,88303,87575,17856,105431,745
2022-07-12,Napa,055,140530,30212,30032,1313,31345,145
2022-07-12,Nevada,057,99092,17970,17849,1567,19416,131
2022-07-12,Orange,059,3164182,620816,616278,53091,669369,7147
2022-07-12,Placer,061,380077,71385,70890,8784,79674,637
2022-07-12,Plumas,063,18699,3412,3354,414,3768,13
2022-07-12,Riverside,065,2383286,649081,643472,31602,675074,6504
2022-07-12,Sacramento,067,1510023,323066,321076,31252,352328,3114
2022-07-12,San Benito,069,59416,14865,14774,779,15553,100
2022-07-12,San Bernardino,071,2135413,626201,614957,27690,642647,7907
2022-07-12,San Diego,073,3302833,858893,851596,64633,916229,5363
2022-07-12,San Francisco,075,870044,165055,163635,10968,174603,919
2022-07-12,San Joaquin,077,732212,184553,183283,12497,195780,2260
2022-07-12,San Luis Obispo,079,281455,59563,59134,6018,65152,498
2022-07-12,San Mateo,081,765935,155586,153875,9857,163732,723
2022-07-12,Santa Barbara,083,443738,97772,97053,5810,102863,699
2022-07-12,Santa Clara,085,1922200,396232,392415,17177,409592,2365
2022-07-12,Santa Cruz,087,273765,57749,57124,2962,60086,267
2022-07-12,Shasta,089,179085,32956,32708,6755,39463,574
2022-07-12,Sierra,091,2930,292,289,58,347,4
2022-07-12,Siskiyou,093,43540,4907,4873,3080,7953,82
2022-07-12,Solano,095,438530,97547,96479,7062,103541,455
2022-07-12,Sonoma,097,501317,99986,99173,4617,103790,499
2022-07-12,Stanislaus,099,539301,128706,127845,19761,147606,1689
2022-07-12,Sutter,101,95872,22435,22331,2350,24681,228
2022-07-12,Tehama,103,63373,12904,12793,2816,15609,205
2022-07-12,Trinity,105,12862,1312,1293,326,1619,20
2022-07-12,Tulare,107,460477,114430,113830,31479,145309,1508
2022-07-12,Tuolumne,109,53932,14356,14159,820,14979,194
2022-07-12,Ventura,111,848112,194422,192923,12888,205811,1518
2022-07-12,Yolo,113,214977,44799,44447,3847,48294,326
2022-07-12,Yuba,115,75493,17561,17464,1484,18948,124
2022-07-11,Alameda,001,1643700,318488,316026,17838,333864,1911
2022-07-11,Alpine,003,1148,130,129,1,130,0
2022-07-11,Amador,005,37829,9433,9388,800,10188,87
2022-07-11,Butte,007,227075,36848,36405,8118,44523,439
2022-07-11,Calaveras,009,45235,7983,7945,431,8376,125
2022-07-11,Colusa,011,21464,3618,3606,1151,4757,22
2022-07-11,Contra Costa,013,1133247,231299,226833,18054,244887,1356
2022-07-11,Del Norte,015,27424,6894,6790,341,7131,54
2022-07-11,El Dorado,017,186661,30492,30273,3888,34161,218
2022-07-11,Fresno,019,978130,254333,252573,27529,280102,2786
2022-07-11,Glenn,021,27897,5298,5256,1760,7016,48
2022-07-11,Humboldt,023,135768,19989,19854,4135,23989,150
2022-07-11,Imperial,025,180216,60660,60011,12635,72646,944
2022-07-11,Inyo,027,18085,4343,4324,734,5058,56
2022-07-11,Kern,029,883053,206746,205428,53483,258911,2359
2022-07-11,Kings,031,150075,55334,55138,3703,58841,449
2022-07-11,Lake,033,64148,11830,11773,1039,12812,140
2022-07-11,Lassen,035,31185,9417,9381,936,10317,64
2022-07-11,Los Angeles,037,10098052,3050793,3024953,154098,3179051,32206
2022-07-11,Madera,039,155013,40543,40378,7013,47391,372
2022-07-11,Marin,041,260295,41891,41616,4775,46391,300
2022-07-11,Mariposa,043,17540,2868,2847,291,3138,30
2022-07-11,Mendocino,045,87422,14811,14713,3924,18637,128
2022-07-11,Merced,047,269075,67619,67028,10064,77092,832
2022-07-11,Modoc,049,8938,821,791,301,1092,9
2022-07-11,Mono,051,14174,3134,3131,201,3332,7
2022-07-11,Monterey,053,433212,88137,87575,17787,105362,745
2022-07-11,Napa,055,140530,30151,30032,1313,31345,145
2022-07-11,Nevada,057,99092,17953,17849,1565,19414,131
2022-07-11,Orange,059,3164182,619239,616278,52844,669122,7147
2022-07-11,Placer,061,380077,71277,70890,8769,79659,637
2022-07-11,Plumas,063,18699,3401,3354,412,3766,13
2022-07-11,Riverside,065,2383286,647642,643472,31516,674988,6504
2022-07-11,Sacramento,067,1510023,322519,321076,31206,352282,3114
2022-07-11,San Benito,069,59416,14829,14774,775,15549,100
2022-07-11,San Bernardino,071,2135413,624839,614957,27600,642557,7907
2022-07-11,San Diego,073,3302833,856510,851596,64388,915984,5363
2022-07-11,San Francisco,075,870044,164626,163635,10940,174575,919
2022-07-11,San Joaquin,077,732212,184174,183283,12451,195734,2260
2022-07-11,San Luis Obispo,079,281455,59454,59134,5986,65120,498
2022-07-11,San Mateo,081,765935,155182,153875,9822,163697,723
2022-07-11,Santa Barbara,083,443738,97563,97053,5797,102850,699
2022-07-11,Santa Clara,085,1922200,395164,392415,17123,409538,2365
2022-07-11,Santa Cruz,087,273765,57599,57124,2948,60072,267
2022-07-11,Shasta,089,179085,32898,32708,6725,39433,574
2022-07-11,Sierra,091,2930,292,289,58,347,4
2022-07-11,Siskiyou,093,43540,4900,4873,3073,7946,82
2022-07-11,Solano,095,438530,97334,96479,7046,103525,455
2022-07-11,Sonoma,097,501317,99791,99173,4597,103770,499
2022-07-11,Stanislaus,099,539301,128481,127845,19721,147566,1689
2022-07-11,Sutter,101,95872,22393,22331,2343,24674,228
2022-07-11,Tehama,103,63373,12890,12793,2809,15602,205
2022-07-11,Trinity,105,12862,1310,1293,325,1618,20
2022-07-11,Tulare,107,460477,114243,113830,31374,145204,1508
2022-07-11,Tuolumne,109,53932,14316,14159,818,14977,194
2022-07-11,Ventura,111,848112,194026,192923,12800,205723,1518
2022-07-11,Yolo,113,214977,44733,44447,3832,48279,326
2022-07-11,Yuba,115,75493,17525,17464,1481,18945,124
2022-07-10,Alameda,001,1643700,317490,312651,17758,330409,1912
2022-07-10,Alpine,003,1148,130,129,1,130,0
2022-07-10,Amador,005,37829,9423,9335,797,10132,87
2022-07-10,Butte,007,227075,36749,36165,8096,44261,438
2022-07-10,Calaveras,009,45235,7974,7895,430,8325,125
2022-07-10,Colusa,011,21464,3614,3586,1143,4729,22
2022-07-10,Contra Costa,013,1133247,230687,224718,17960,242678,1351
2022-07-10,Del Norte,015,27424,6854,6666,335,7001,54
2022-07-10,El Dorado,017,186661,30409,30070,3880,33950,218
2022-07-10,Fresno,019,978130,253657,250379,27435,277814,2786
2022-07-10,Glenn,021,27897,5293,5231,1756,6987,48
2022-07-10,Humboldt,023,135768,19930,19677,4121,23798,149
2022-07-10,Imperial,025,180216,60436,59558,12494,72052,944
2022-07-10,Inyo,027,18085,4338,4297,728,5025,56
2022-07-10,Kern,029,883053,206231,204128,53243,257371,2359
2022-07-10,Kings,031,150075,55158,54725,3697,58422,449
2022-07-10,Lake,033,64148,11805,11685,1036,12721,140
2022-07-10,Lassen,035,31185,9402,9362,934,10296,64
2022-07-10,Los Angeles,037,10098052,3043494,3002013,153293,3155306,32151
2022-07-10,Madera,039,155013,40435,40081,6979,47060,372
2022-07-10,Marin,041,260295,41794,41271,4766,46037,302
2022-07-10,Mariposa,043,17540,2861,2805,287,3092,30
2022-07-10,Mendocino,045,87422,14781,14610,3907,18517,128
2022-07-10,Merced,047,269075,67462,66616,10007,76623,832
2022-07-10,Modoc,049,8938,820,789,293,1082,9
2022-07-10,Mono,051,14174,3133,3119,199,3318,7
2022-07-10,Monterey,053,433212,87946,87002,17707,104709,745
2022-07-10,Napa,055,140530,30089,29807,1311,31118,145
2022-07-10,Nevada,057,99092,17892,17693,1556,19249,131
2022-07-10,Orange,059,3164182,617543,610975,52534,663509,7132
2022-07-10,Placer,061,380077,71161,70401,8750,79151,632
2022-07-10,Plumas,063,18699,3388,3339,408,3747,13
2022-07-10,Riverside,065,2383286,646050,638193,31386,669579,6506
2022-07-10,Sacramento,067,1510023,321818,318556,31132,349688,3108
2022-07-10,San Benito,069,59416,14793,14628,764,15392,100
2022-07-10,San Bernardino,071,2135413,623381,610086,27519,637605,7893
2022-07-10,San Diego,073,3302833,854016,844085,64118,908203,5357
2022-07-10,San Francisco,075,870044,164079,161931,10866,172797,914
2022-07-10,San Joaquin,077,732212,183801,181958,12390,194348,2257
2022-07-10,San Luis Obispo,079,281455,59333,58636,5947,64583,498
2022-07-10,San Mateo,081,765935,154707,152319,9794,162113,723
2022-07-10,Santa Barbara,083,443738,97330,96266,5771,102037,697
2022-07-10,Santa Clara,085,1922200,394036,388270,17061,405331,2360
2022-07-10,Santa Cruz,087,273765,57409,56455,2931,59386,266
2022-07-10,Shasta,089,179085,32831,32536,6702,39238,576
2022-07-10,Sierra,091,2930,290,291,58,349,4
2022-07-10,Siskiyou,093,43540,4895,4855,3059,7914,82
2022-07-10,Solano,095,438530,97084,95651,7018,102669,455
2022-07-10,Sonoma,097,501317,99588,98430,4565,102995,496
2022-07-10,Stanislaus,099,539301,128241,126897,19678,146575,1686
2022-07-10,Sutter,101,95872,22344,22165,2342,24507,228
2022-07-10,Tehama,103,63373,12863,12716,2796,15512,205
2022-07-10,Trinity,105,12862,1304,1272,323,1595,20
2022-07-10,Tulare,107,460477,113988,113002,31278,144280,1508
2022-07-10,Tuolumne,109,53932,14281,14019,810,14829,194
2022-07-10,Ventura,111,848112,193551,191462,12696,204158,1518
2022-07-10,Yolo,113,214977,44655,44152,3817,47969,323
2022-07-10,Yuba,115,75493,17486,17345,1479,18824,125
2022-07-09,Alameda,001,1643700,317003,312651,17734,330385,1912
2022-07-09,Alpine,003,1148,130,129,1,130,0
2022-07-09,Amador,005,37829,9415,9335,795,10130,87
2022-07-09,Butte,007,227075,36703,36165,8082,44247,438
2022-07-09,Calaveras,009,45235,7959,7895,429,8324,125
2022-07-09,Colusa,011,21464,3613,3586,1142,4728,22
2022-07-09,Contra Costa,013,1133247,230379,224718,17902,242620,1351
2022-07-09,Del Norte,015,27424,6846,6666,335,7001,54
2022-07-09,El Dorado,017,186661,30366,30070,3875,33945,218
2022-07-09,Fresno,019,978130,253396,250379,27396,277775,2786
2022-07-09,Glenn,021,27897,5286,5231,1756,6987,48
2022-07-09,Humboldt,023,135768,19912,19677,4111,23788,149
2022-07-09,Imperial,025,180216,60357,59558,12441,71999,944
2022-07-09,Inyo,027,18085,4332,4297,727,5024,56
2022-07-09,Kern,029,883053,206049,204128,53100,257228,2359
2022-07-09,Kings,031,150075,55119,54725,3695,58420,449
2022-07-09,Lake,033,64148,11797,11685,1035,12720,140
2022-07-09,Lassen,035,31185,9401,9362,934,10296,64
2022-07-09,Los Angeles,037,10098052,3039987,3002013,152802,3154815,32151
2022-07-09,Madera,039,155013,40395,40081,6971,47052,372
2022-07-09,Marin,041,260295,41738,41271,4755,46026,302
2022-07-09,Mariposa,043,17540,2856,2805,287,3092,30
2022-07-09,Mendocino,045,87422,14766,14610,3897,18507,128
2022-07-09,Merced,047,269075,67411,66616,10002,76618,832
2022-07-09,Modoc,049,8938,820,789,289,1078,9
2022-07-09,Mono,051,14174,3132,3119,199,3318,7
2022-07-09,Monterey,053,433212,87849,87002,17657,104659,745
2022-07-09,Napa,055,140530,30057,29807,1308,31115,145
2022-07-09,Nevada,057,99092,17880,17693,1552,19245,131
2022-07-09,Orange,059,3164182,616681,610975,52365,663340,7132
2022-07-09,Placer,061,380077,71072,70401,8742,79143,632
2022-07-09,Plumas,063,18699,3381,3339,406,3745,13
2022-07-09,Riverside,065,2383286,645154,638193,31331,669524,6506
2022-07-09,Sacramento,067,1510023,321517,318556,31113,349669,3108
2022-07-09,San Benito,069,59416,14773,14628,763,15391,100
2022-07-09,San Bernardino,071,2135413,622659,610086,27468,637554,7893
2022-07-09,San Diego,073,3302833,853110,844085,64031,908116,5357
2022-07-09,San Francisco,075,870044,163850,161931,10845,172776,914
2022-07-09,San Joaquin,077,732212,183633,181958,12361,194319,2257
2022-07-09,San Luis Obispo,079,281455,59276,58636,5928,64564,498
2022-07-09,San Mateo,081,765935,154463,152319,9778,162097,723
2022-07-09,Santa Barbara,083,443738,97197,96266,5761,102027,697
2022-07-09,Santa Clara,085,1922200,393300,388270,17032,405302,2360
2022-07-09,Santa Cruz,087,273765,57332,56455,2922,59377,266
2022-07-09,Shasta,089,179085,32809,32536,6692,39228,576
2022-07-09,Sierra,091,2930,290,291,58,349,4
2022-07-09,Siskiyou,093,43540,4891,4855,3057,7912,82
2022-07-09,Solano,095,438530,96999,95651,7007,102658,455
2022-07-09,Sonoma,097,501317,99500,98430,4559,102989,496
2022-07-09,Stanislaus,099,539301,128078,126897,19647,146544,1686
2022-07-09,Sutter,101,95872,22316,22165,2342,24507,228
2022-07-09,Tehama,103,63373,12847,12716,2787,15503,205
2022-07-09,Trinity,105,12862,1304,1272,322,1594,20
2022-07-09,Tulare,107,460477,113878,113002,31220,144222,1508
2022-07-09,Tuolumne,109,53932,14243,14019,808,14827,194
2022-07-09,Ventura,111,848112,193289,191462,12649,204111,1518
2022-07-09,Yolo,113,214977,44605,44152,3803,47955,323
2022-07-09,Yuba,115,75493,17463,17345,1479,18824,125
2022-07-08,Alameda,001,1643700,316479,312651,17691,330342,1912
2022-07-08,Alpine,003,1148,130,129,1,130,0
2022-07-08,Amador,005,37829,9405,9335,793,10128,87
2022-07-08,Butte,007,227075,36672,36165,8068,44233,438
2022-07-08,Calaveras,009,45235,7944,7895,429,8324,125
2022-07-08,Colusa,011,21464,3609,3586,1142,4728,22
2022-07-08,Contra Costa,013,1133247,230028,224718,17853,242571,1351
2022-07-08,Del Norte,015,27424,6835,6666,333,6999,54
2022-07-08,El Dorado,017,186661,30341,30070,3868,33938,218
2022-07-08,Fresno,019,978130,253026,250379,27343,277722,2786
2022-07-08,Glenn,021,27897,5281,5231,1753,6984,48
2022-07-08,Humboldt,023,135768,19899,19677,4100,23777,149
2022-07-08,Imperial,025,180216,60268,59558,12401,71959,944
2022-07-08,Inyo,027,18085,4331,4297,723,5020,56
2022-07-08,Kern,029,883053,205803,204128,52962,257090,2359
2022-07-08,Kings,031,150075,55077,54725,3694,58419,449
2022-07-08,Lake,033,64148,11780,11685,1032,12717,140
2022-07-08,Lassen,035,31185,9395,9362,933,10295,64
2022-07-08,Los Angeles,037,10098052,3035714,3002013,152226,3154239,32151
2022-07-08,Madera,039,155013,40341,40081,6957,47038,372
2022-07-08,Marin,041,260295,41652,41271,4739,46010,302
2022-07-08,Mariposa,043,17540,2853,2805,286,3091,30
2022-07-08,Mendocino,045,87422,14748,14610,3893,18503,128
2022-07-08,Merced,047,269075,67344,66616,9992,76608,832
2022-07-08,Modoc,049,8938,820,789,289,1078,9
2022-07-08,Mono,051,14174,3130,3119,198,3317,7
2022-07-08,Monterey,053,433212,87720,87002,17627,104629,745
2022-07-08,Napa,055,140530,30033,29807,1307,31114,145
2022-07-08,Nevada,057,99092,17872,17693,1550,19243,131
2022-07-08,Orange,059,3164182,615782,610975,52187,663162,7132
2022-07-08,Placer,061,380077,70997,70401,8728,79129,632
2022-07-08,Plumas,063,18699,3376,3339,406,3745,13
2022-07-08,Riverside,065,2383286,644241,638193,31274,669467,6506
2022-07-08,Sacramento,067,1510023,321080,318556,31092,349648,3108
2022-07-08,San Benito,069,59416,14756,14628,760,15388,100
2022-07-08,San Bernardino,071,2135413,621902,610086,27425,637511,7893
2022-07-08,San Diego,073,3302833,851856,844085,63871,907956,5357
2022-07-08,San Francisco,075,870044,163584,161931,10818,172749,914
2022-07-08,San Joaquin,077,732212,183461,181958,12345,194303,2257
2022-07-08,San Luis Obispo,079,281455,59240,58636,5913,64549,498
2022-07-08,San Mateo,081,765935,154167,152319,9764,162083,723
2022-07-08,Santa Barbara,083,443738,97070,96266,5757,102023,697
2022-07-08,Santa Clara,085,1922200,392529,388270,17011,405281,2360
2022-07-08,Santa Cruz,087,273765,57244,56455,2914,59369,266
2022-07-08,Shasta,089,179085,32779,32536,6684,39220,576
2022-07-08,Sierra,091,2930,290,291,58,349,4
2022-07-08,Siskiyou,093,43540,4886,4855,3054,7909,82
2022-07-08,Solano,095,438530,96881,95651,6996,102647,455
2022-07-08,Sonoma,097,501317,99354,98430,4542,102972,496
2022-07-08,Stanislaus,099,539301,127940,126897,19634,146531,1686
2022-07-08,Sutter,101,95872,22291,22165,2341,24506,228
2022-07-08,Tehama,103,63373,12835,12716,2785,15501,205
2022-07-08,Trinity,105,12862,1302,1272,321,1593,20
2022-07-08,Tulare,107,460477,113758,113002,31152,144154,1508
2022-07-08,Tuolumne,109,53932,14212,14019,802,14821,194
2022-07-08,Ventura,111,848112,193050,191462,12610,204072,1518
2022-07-08,Yolo,113,214977,44553,44152,3791,47943,323
2022-07-08,Yuba,115,75493,17447,17345,1478,18823,125
2022-07-07,Alameda,001,1643700,315673,312651,17644,330295,1912
2022-07-07,Alpine,003,1148,129,129,1,130,0
2022-07-07,Amador,005,37829,9389,9335,786,10121,87
2022-07-07,Butte,007,227075,36608,36165,8048,44213,438
2022-07-07,Calaveras,009,45235,7935,7895,424,8319,125
2022-07-07,Colusa,011,21464,3604,3586,1141,4727,22
2022-07-07,Contra Costa,013,1133247,229481,224718,17777,242495,1351
2022-07-07,Del Norte,015,27424,6809,6666,329,6995,54
2022-07-07,El Dorado,017,186661,30290,30070,3857,33927,218
2022-07-07,Fresno,019,978130,252477,250379,27240,277619,2786
2022-07-07,Glenn,021,27897,5275,5231,1751,6982,48
2022-07-07,Humboldt,023,135768,19854,19677,4084,23761,149
2022-07-07,Imperial,025,180216,60093,59558,12291,71849,944
2022-07-07,Inyo,027,18085,4328,4297,715,5012,56
2022-07-07,Kern,029,883053,205503,204128,52755,256883,2359
2022-07-07,Kings,031,150075,55000,54725,3690,58415,449
2022-07-07,Lake,033,64148,11759,11685,1032,12717,140
2022-07-07,Lassen,035,31185,9394,9362,933,10295,64
2022-07-07,Los Angeles,037,10098052,3029388,3002013,151544,3153557,32151
2022-07-07,Madera,039,155013,40261,40081,6941,47022,372
2022-07-07,Marin,041,260295,41574,41271,4728,45999,302
2022-07-07,Mariposa,043,17540,2846,2805,283,3088,30
2022-07-07,Mendocino,045,87422,14731,14610,3888,18498,128
2022-07-07,Merced,047,269075,67232,66616,9959,76575,832
2022-07-07,Modoc,049,8938,815,789,286,1075,9
2022-07-07,Mono,051,14174,3129,3119,196,3315,7
2022-07-07,Monterey,053,433212,87561,87002,17564,104566,745
2022-07-07,Napa,055,140530,29963,29807,1299,31106,145
2022-07-07,Nevada,057,99092,17842,17693,1545,19238,131
2022-07-07,Orange,059,3164182,614392,610975,51983,662958,7132
2022-07-07,Placer,061,380077,70887,70401,8703,79104,632
2022-07-07,Plumas,063,18699,3369,3339,405,3744,13
2022-07-07,Riverside,065,2383286,642923,638193,31211,669404,6506
2022-07-07,Sacramento,067,1510023,320444,318556,31043,349599,3108
2022-07-07,San Benito,069,59416,14726,14628,760,15388,100
2022-07-07,San Bernardino,071,2135413,620586,610086,27361,637447,7893
2022-07-07,San Diego,073,3302833,849942,844085,63641,907726,5357
2022-07-07,San Francisco,075,870044,163197,161931,10765,172696,914
2022-07-07,San Joaquin,077,732212,183127,181958,12294,194252,2257
2022-07-07,San Luis Obispo,079,281455,59161,58636,5881,64517,498
2022-07-07,San Mateo,081,765935,153814,152319,9755,162074,723
2022-07-07,Santa Barbara,083,443738,96876,96266,5742,102008,697
2022-07-07,Santa Clara,085,1922200,391547,388270,16964,405234,2360
2022-07-07,Santa Cruz,087,273765,57088,56455,2900,59355,266
2022-07-07,Shasta,089,179085,32744,32536,6667,39203,576
2022-07-07,Sierra,091,2930,289,291,57,348,4
2022-07-07,Siskiyou,093,43540,4879,4855,3048,7903,82
2022-07-07,Solano,095,438530,96608,95651,6985,102636,455
2022-07-07,Sonoma,097,501317,99217,98430,4523,102953,496
2022-07-07,Stanislaus,099,539301,127740,126897,19597,146494,1686
2022-07-07,Sutter,101,95872,22245,22165,2339,24504,228
2022-07-07,Tehama,103,63373,12818,12716,2776,15492,205
2022-07-07,Trinity,105,12862,1297,1272,320,1592,20
2022-07-07,Tulare,107,460477,113550,113002,31059,144061,1508
2022-07-07,Tuolumne,109,53932,14175,14019,797,14816,194
2022-07-07,Ventura,111,848112,192730,191462,12529,203991,1518
2022-07-07,Yolo,113,214977,44496,44152,3778,47930,323
2022-07-07,Yuba,115,75493,17413,17345,1476,18821,125
2022-07-06,Alameda,001,1643700,314838,310551,17600,328151,1899
2022-07-06,Alpine,003,1148,129,129,1,130,0
2022-07-06,Amador,005,37829,9370,9301,786,10087,87
2022-07-06,Butte,007,227075,36544,36053,8032,44085,436
2022-07-06,Calaveras,009,45235,7926,7873,422,8295,124
2022-07-06,Colusa,011,21464,3601,3579,1140,4719,22
2022-07-06,Contra Costa,013,1133247,228966,223500,17722,241222,1348
2022-07-06,Del Norte,015,27424,6779,6623,327,6950,54
2022-07-06,El Dorado,017,186661,30246,29953,3845,33798,218
2022-07-06,Fresno,019,978130,251919,249480,27159,276639,2786
2022-07-06,Glenn,021,27897,5270,5222,1751,6973,48
2022-07-06,Humboldt,023,135768,19807,19608,4073,23681,149
2022-07-06,Imperial,025,180216,59894,59184,12203,71387,944
2022-07-06,Inyo,027,18085,4322,4282,709,4991,56
2022-07-06,Kern,029,883053,205181,203587,52539,256126,2353
2022-07-06,Kings,031,150075,54883,54560,3685,58245,449
2022-07-06,Lake,033,64148,11740,11659,1032,12691,140
2022-07-06,Lassen,035,31185,9377,9350,933,10283,64
2022-07-06,Los Angeles,037,10098052,3022952,2991161,150836,3141997,32116
2022-07-06,Madera,039,155013,40191,39952,6919,46871,372
2022-07-06,Marin,041,260295,41506,41036,4718,45754,302
2022-07-06,Mariposa,043,17540,2836,2797,283,3080,30
2022-07-06,Mendocino,045,87422,14703,14540,3876,18416,127
2022-07-06,Merced,047,269075,67109,66420,9936,76356,832
2022-07-06,Modoc,049,8938,809,788,284,1072,8
2022-07-06,Mono,051,14174,3128,3109,196,3305,7
2022-07-06,Monterey,053,433212,87403,86639,17498,104137,744
2022-07-06,Napa,055,140530,29902,29690,1297,30987,144
2022-07-06,Nevada,057,99092,17813,17660,1539,19199,131
2022-07-06,Orange,059,3164182,612869,608084,51780,659864,7125
2022-07-06,Placer,061,380077,70773,70113,8682,78795,632
2022-07-06,Plumas,063,18699,3358,3316,404,3720,13
2022-07-06,Riverside,065,2383286,641562,636209,31139,667348,6505
2022-07-06,Sacramento,067,1510023,319759,317315,30998,348313,3104
2022-07-06,San Benito,069,59416,14684,14556,749,15305,100
2022-07-06,San Bernardino,071,2135413,619338,608119,27284,635403,7870
2022-07-06,San Diego,073,3302833,847817,839970,63388,903358,5349
2022-07-06,San Francisco,075,870044,162776,160612,10733,171345,910
2022-07-06,San Joaquin,077,732212,182812,181448,12264,193712,2256
2022-07-06,San Luis Obispo,079,281455,59049,58488,5842,64330,496
2022-07-06,San Mateo,081,765935,153407,151344,9724,161068,723
2022-07-06,Santa Barbara,083,443738,96685,95918,5721,101639,702
2022-07-06,Santa Clara,085,1922200,390452,385553,16899,402452,2358
2022-07-06,Santa Cruz,087,273765,56946,56307,2882,59189,267
2022-07-06,Shasta,089,179085,32691,32444,6644,39088,570
2022-07-06,Sierra,091,2930,289,290,57,347,4
2022-07-06,Siskiyou,093,43540,4872,4841,3042,7883,82
2022-07-06,Solano,095,438530,96357,95181,6960,102141,455
2022-07-06,Sonoma,097,501317,99034,98031,4505,102536,495
2022-07-06,Stanislaus,099,539301,127517,126492,19566,146058,1682
2022-07-06,Sutter,101,95872,22194,22089,2338,24427,228
2022-07-06,Tehama,103,63373,12807,12680,2770,15450,205
2022-07-06,Trinity,105,12862,1289,1263,316,1579,20
2022-07-06,Tulare,107,460477,113337,112684,30967,143651,1500
2022-07-06,Tuolumne,109,53932,14142,13960,785,14745,189
2022-07-06,Ventura,111,848112,192347,190794,12454,203248,1517
2022-07-06,Yolo,113,214977,44413,43171,3758,46929,324
2022-07-06,Yuba,115,75493,17375,17277,1470,18747,124
2022-07-05,Alameda,001,1643700,313850,310551,17546,328097,1899
2022-07-05,Alpine,003,1148,129,129,1,130,0
2022-07-05,Amador,005,37829,9355,9301,782,10083,87
2022-07-05,Butte,007,227075,36461,36053,8011,44064,436
2022-07-05,Calaveras,009,45235,7915,7873,421,8294,124
2022-07-05,Colusa,011,21464,3596,3579,1138,4717,22
2022-07-05,Contra Costa,013,1133247,228334,223500,17646,241146,1348
2022-07-05,Del Norte,015,27424,6753,6623,322,6945,54
2022-07-05,El Dorado,017,186661,30196,29953,3836,33789,218
2022-07-05,Fresno,019,978130,251320,249480,27072,276552,2786
2022-07-05,Glenn,021,27897,5261,5222,1750,6972,48
2022-07-05,Humboldt,023,135768,19769,19608,4062,23670,149
2022-07-05,Imperial,025,180216,59753,59184,12104,71288,944
2022-07-05,Inyo,027,18085,4308,4282,699,4981,56
2022-07-05,Kern,029,883053,204746,203587,52305,255892,2353
2022-07-05,Kings,031,150075,54754,54560,3672,58232,449
2022-07-05,Lake,033,64148,11717,11659,1029,12688,140
2022-07-05,Lassen,035,31185,9366,9350,933,10283,64
2022-07-05,Los Angeles,037,10098052,3016038,2991161,150081,3141242,32116
2022-07-05,Madera,039,155013,40106,39952,6894,46846,372
2022-07-05,Marin,041,260295,41405,41036,4708,45744,302
2022-07-05,Mariposa,043,17540,2826,2797,280,3077,30
2022-07-05,Mendocino,045,87422,14657,14540,3860,18400,127
2022-07-05,Merced,047,269075,66989,66420,9905,76325,832
2022-07-05,Modoc,049,8938,801,788,284,1072,8
2022-07-05,Mono,051,14174,3125,3109,193,3302,7
2022-07-05,Monterey,053,433212,87239,86639,17446,104085,744
2022-07-05,Napa,055,140530,29850,29690,1292,30982,144
2022-07-05,Nevada,057,99092,17774,17660,1529,19189,131
2022-07-05,Orange,059,3164182,611318,608084,51539,659623,7125
2022-07-05,Placer,061,380077,70668,70113,8661,78774,632
2022-07-05,Plumas,063,18699,3348,3316,403,3719,13
2022-07-05,Riverside,065,2383286,640095,636209,31053,667262,6505
2022-07-05,Sacramento,067,1510023,319113,317315,30930,348245,3104
2022-07-05,San Benito,069,59416,14650,14556,742,15298,100
2022-07-05,San Bernardino,071,2135413,618010,608119,27206,635325,7870
2022-07-05,San Diego,073,3302833,845465,839970,63154,903124,5349
2022-07-05,San Francisco,075,870044,162252,160612,10707,171319,910
2022-07-05,San Joaquin,077,732212,182452,181448,12193,193641,2256
2022-07-05,San Luis Obispo,079,281455,58891,58488,5799,64287,496
2022-07-05,San Mateo,081,765935,152918,151344,9701,161045,723
2022-07-05,Santa Barbara,083,443738,96461,95918,5692,101610,702
2022-07-05,Santa Clara,085,1922200,389288,385553,16845,402398,2358
2022-07-05,Santa Cruz,087,273765,56771,56307,2866,59173,267
2022-07-05,Shasta,089,179085,32648,32444,6620,39064,570
2022-07-05,Sierra,091,2930,289,290,57,347,4
2022-07-05,Siskiyou,093,43540,4865,4841,3030,7871,82
2022-07-05,Solano,095,438530,96080,95181,6937,102118,455
2022-07-05,Sonoma,097,501317,98789,98031,4487,102518,495
2022-07-05,Stanislaus,099,539301,127276,126492,19525,146017,1682
2022-07-05,Sutter,101,95872,22152,22089,2336,24425,228
2022-07-05,Tehama,103,63373,12782,12680,2766,15446,205
2022-07-05,Trinity,105,12862,1280,1263,314,1577,20
2022-07-05,Tulare,107,460477,113099,112684,30886,143570,1500
2022-07-05,Tuolumne,109,53932,14108,13960,778,14738,189
2022-07-05,Ventura,111,848112,191948,190794,12391,203185,1517
2022-07-05,Yolo,113,214977,44327,43171,3748,46919,324
2022-07-05,Yuba,115,75493,17346,17277,1469,18746,124
2022-07-04,Alameda,001,1643700,312699,310551,17461,328012,1899
2022-07-04,Alpine,003,1148,129,129,1,130,0
2022-07-04,Amador,005,37829,9342,9301,781,10082,87
2022-07-04,Butte,007,227075,36351,36053,7993,44046,436
2022-07-04,Calaveras,009,45235,7905,7873,421,8294,124
2022-07-04,Colusa,011,21464,3592,3579,1136,4715,22
2022-07-04,Contra Costa,013,1133247,227621,223500,17545,241045,1348
2022-07-04,Del Norte,015,27424,6720,6623,318,6941,54
2022-07-04,El Dorado,017,186661,30111,29953,3818,33771,218
2022-07-04,Fresno,019,978130,250678,249480,26941,276421,2786
2022-07-04,Glenn,021,27897,5253,5222,1744,6966,48
2022-07-04,Humboldt,023,135768,19698,19608,4048,23656,149
2022-07-04,Imperial,025,180216,59545,59184,11984,71168,944
2022-07-04,Inyo,027,18085,4305,4282,689,4971,56
2022-07-04,Kern,029,883053,204298,203587,52029,255616,2353
2022-07-04,Kings,031,150075,54604,54560,3668,58228,449
2022-07-04,Lake,033,64148,11704,11659,1027,12686,140
2022-07-04,Lassen,035,31185,9358,9350,932,10282,64
2022-07-04,Los Angeles,037,10098052,3007570,2991161,149170,3140331,32116
2022-07-04,Madera,039,155013,40012,39952,6868,46820,372
2022-07-04,Marin,041,260295,41288,41036,4697,45733,302
2022-07-04,Mariposa,043,17540,2816,2797,275,3072,30
2022-07-04,Mendocino,045,87422,14621,14540,3814,18354,127
2022-07-04,Merced,047,269075,66860,66420,9857,76277,832
2022-07-04,Modoc,049,8938,793,788,280,1068,8
2022-07-04,Mono,051,14174,3123,3109,191,3300,7
2022-07-04,Monterey,053,433212,87046,86639,17375,104014,744
2022-07-04,Napa,055,140530,29786,29690,1288,30978,144
2022-07-04,Nevada,057,99092,17732,17660,1521,19181,131
2022-07-04,Orange,059,3164182,609524,608084,51237,659321,7125
2022-07-04,Placer,061,380077,70492,70113,8631,78744,632
2022-07-04,Plumas,063,18699,3330,3316,402,3718,13
2022-07-04,Riverside,065,2383286,638451,636209,30958,667167,6505
2022-07-04,Sacramento,067,1510023,318342,317315,30838,348153,3104
2022-07-04,San Benito,069,59416,14594,14556,737,15293,100
2022-07-04,San Bernardino,071,2135413,616410,608119,27131,635250,7870
2022-07-04,San Diego,073,3302833,842836,839970,62820,902790,5349
2022-07-04,San Francisco,075,870044,161630,160612,10646,171258,910
2022-07-04,San Joaquin,077,732212,182054,181448,12126,193574,2256
2022-07-04,San Luis Obispo,079,281455,58702,58488,5728,64216,496
2022-07-04,San Mateo,081,765935,152390,151344,9661,161005,723
2022-07-04,Santa Barbara,083,443738,96237,95918,5669,101587,702
2022-07-04,Santa Clara,085,1922200,387792,385553,16792,402345,2358
2022-07-04,Santa Cruz,087,273765,56573,56307,2844,59151,267
2022-07-04,Shasta,089,179085,32571,32444,6591,39035,570
2022-07-04,Sierra,091,2930,289,290,57,347,4
2022-07-04,Siskiyou,093,43540,4858,4841,3022,7863,82
2022-07-04,Solano,095,438530,95753,95181,6903,102084,455
2022-07-04,Sonoma,097,501317,98494,98031,4460,102491,495
2022-07-04,Stanislaus,099,539301,126986,126492,19473,145965,1682
2022-07-04,Sutter,101,95872,22106,22089,2334,24423,228
2022-07-04,Tehama,103,63373,12756,12680,2752,15432,205
2022-07-04,Trinity,105,12862,1275,1263,312,1575,20
2022-07-04,Tulare,107,460477,112861,112684,30774,143458,1500
2022-07-04,Tuolumne,109,53932,14066,13960,774,14734,189
2022-07-04,Ventura,111,848112,191478,190794,12285,203079,1517
2022-07-04,Yolo,113,214977,44233,43171,3730,46901,324
2022-07-04,Yuba,115,75493,17307,17277,1469,18746,124
2022-07-03,Alameda,001,1643700,312141,307672,17432,325104,1898
2022-07-03,Alpine,003,1148,129,129,1,130,0
2022-07-03,Amador,005,37829,9334,9243,778,10021,87
2022-07-03,Butte,007,227075,36337,35846,7986,43832,436
2022-07-03,Calaveras,009,45235,7889,7836,421,8257,124
2022-07-03,Colusa,011,21464,3590,3566,1134,4700,22
2022-07-03,Contra Costa,013,1133247,227268,221545,17513,239058,1343
2022-07-03,Del Norte,015,27424,6711,6543,317,6860,53
2022-07-03,El Dorado,017,186661,30079,29764,3812,33576,217
2022-07-03,Fresno,019,978130,250427,247952,26905,274857,2783
2022-07-03,Glenn,021,27897,5252,5211,1741,6952,48
2022-07-03,Humboldt,023,135768,19676,19516,4039,23555,149
2022-07-03,Imperial,025,180216,59470,58768,11945,70713,944
2022-07-03,Inyo,027,18085,4301,4261,687,4948,56
2022-07-03,Kern,029,883053,204156,202502,51874,254376,2352
2022-07-03,Kings,031,150075,54579,54262,3666,57928,449
2022-07-03,Lake,033,64148,11693,11595,1027,12622,140
2022-07-03,Lassen,035,31185,9355,9336,931,10267,64
2022-07-03,Los Angeles,037,10098052,3004801,2969395,148803,3118198,32089
2022-07-03,Madera,039,155013,39985,39738,6863,46601,372
2022-07-03,Marin,041,260295,41218,40653,4688,45341,297
2022-07-03,Mariposa,043,17540,2812,2780,274,3054,30
2022-07-03,Mendocino,045,87422,14609,14464,3813,18277,127
2022-07-03,Merced,047,269075,66811,66093,9852,75945,832
2022-07-03,Modoc,049,8938,793,787,280,1067,8
2022-07-03,Mono,051,14174,3122,3099,190,3289,7
2022-07-03,Monterey,053,433212,86934,86212,17321,103533,744
2022-07-03,Napa,055,140530,29766,29486,1285,30771,145
2022-07-03,Nevada,057,99092,17713,17546,1514,19060,131
2022-07-03,Orange,059,3164182,608982,603511,51096,654607,7114
2022-07-03,Placer,061,380077,70406,69606,8617,78223,631
2022-07-03,Plumas,063,18699,3323,3294,402,3696,13
2022-07-03,Riverside,065,2383286,637880,632038,30915,662953,6502
2022-07-03,Sacramento,067,1510023,318074,315165,30817,345982,3100
2022-07-03,San Benito,069,59416,14587,14420,736,15156,100
2022-07-03,San Bernardino,071,2135413,615809,604093,27096,631189,7860
2022-07-03,San Diego,073,3302833,842105,834116,62747,896863,5341
2022-07-03,San Francisco,075,870044,161295,158871,10634,169505,910
2022-07-03,San Joaquin,077,732212,181883,180368,12088,192456,2256
2022-07-03,San Luis Obispo,079,281455,58633,58079,5718,63797,489
2022-07-03,San Mateo,081,765935,152085,149812,9644,159456,723
2022-07-03,Santa Barbara,083,443738,96129,95214,5657,100871,699
2022-07-03,Santa Clara,085,1922200,387067,381630,16762,398392,2355
2022-07-03,Santa Cruz,087,273765,56512,55757,2823,58580,267
2022-07-03,Shasta,089,179085,32536,32280,6581,38861,570
2022-07-03,Sierra,091,2930,288,283,57,340,4
2022-07-03,Siskiyou,093,43540,4854,4808,3020,7828,82
2022-07-03,Solano,095,438530,95678,94437,6898,101335,455
2022-07-03,Sonoma,097,501317,98384,97379,4455,101834,495
2022-07-03,Stanislaus,099,539301,126866,125788,19458,145246,1681
2022-07-03,Sutter,101,95872,22085,21935,2333,24268,228
2022-07-03,Tehama,103,63373,12738,12615,2750,15365,205
2022-07-03,Trinity,105,12862,1274,1256,309,1565,20
2022-07-03,Tulare,107,460477,112763,112118,30736,142854,1500
2022-07-03,Tuolumne,109,53932,14043,13886,771,14657,189
2022-07-03,Ventura,111,848112,191267,189493,12264,201757,1517
2022-07-03,Yolo,113,214977,44190,42760,3720,46480,324
2022-07-03,Yuba,115,75493,17293,17168,1468,18636,124
2022-07-02,Alameda,001,1643700,311762,307672,17404,325076,1898
2022-07-02,Alpine,003,1148,129,129,1,130,0
2022-07-02,Amador,005,37829,9318,9243,777,10020,87
2022-07-02,Butte,007,227075,36312,35846,7973,43819,436
2022-07-02,Calaveras,009,45235,7883,7836,421,8257,124
2022-07-02,Colusa,011,21464,3586,3566,1132,4698,22
2022-07-02,Contra Costa,013,1133247,226922,221545,17461,239006,1343
2022-07-02,Del Norte,015,27424,6701,6543,317,6860,53
2022-07-02,El Dorado,017,186661,30045,29764,3808,33572,217
2022-07-02,Fresno,019,978130,250202,247952,26868,274820,2783
2022-07-02,Glenn,021,27897,5247,5211,1740,6951,48
2022-07-02,Humboldt,023,135768,19650,19516,4035,23551,149
2022-07-02,Imperial,025,180216,59392,58768,11924,70692,944
2022-07-02,Inyo,027,18085,4297,4261,685,4946,56
2022-07-02,Kern,029,883053,204003,202502,51714,254216,2352
2022-07-02,Kings,031,150075,54534,54262,3666,57928,449
2022-07-02,Lake,033,64148,11684,11595,1025,12620,140
2022-07-02,Lassen,035,31185,9354,9336,930,10266,64
2022-07-02,Los Angeles,037,10098052,3002085,2969395,148378,3117773,32089
2022-07-02,Madera,039,155013,39955,39738,6859,46597,372
2022-07-02,Marin,041,260295,41156,40653,4671,45324,297
2022-07-02,Mariposa,043,17540,2808,2780,273,3053,30
2022-07-02,Mendocino,045,87422,14581,14464,3813,18277,127
2022-07-02,Merced,047,269075,66752,66093,9843,75936,832
2022-07-02,Modoc,049,8938,793,787,279,1066,8
2022-07-02,Mono,051,14174,3119,3099,190,3289,7
2022-07-02,Monterey,053,433212,86844,86212,17283,103495,744
2022-07-02,Napa,055,140530,29737,29486,1285,30771,145
2022-07-02,Nevada,057,99092,17698,17546,1508,19054,131
2022-07-02,Orange,059,3164182,608332,603511,50940,654451,7114
2022-07-02,Placer,061,380077,70314,69606,8603,78209,631
2022-07-02,Plumas,063,18699,3314,3294,402,3696,13
2022-07-02,Riverside,065,2383286,637285,632038,30870,662908,6502
2022-07-02,Sacramento,067,1510023,317739,315165,30794,345959,3100
2022-07-02,San Benito,069,59416,14568,14420,727,15147,100
2022-07-02,San Bernardino,071,2135413,615271,604093,27061,631154,7860
2022-07-02,San Diego,073,3302833,841298,834116,62684,896800,5341
2022-07-02,San Francisco,075,870044,161011,158871,10610,169481,910
2022-07-02,San Joaquin,077,732212,181751,180368,12062,192430,2256
2022-07-02,San Luis Obispo,079,281455,58584,58079,5704,63783,489
2022-07-02,San Mateo,081,765935,151828,149812,9624,159436,723
2022-07-02,Santa Barbara,083,443738,96002,95214,5646,100860,699
2022-07-02,Santa Clara,085,1922200,386331,381630,16732,398362,2355
2022-07-02,Santa Cruz,087,273765,56453,55757,2813,58570,267
2022-07-02,Shasta,089,179085,32507,32280,6570,38850,570
2022-07-02,Sierra,091,2930,288,283,57,340,4
2022-07-02,Siskiyou,093,43540,4847,4808,3019,7827,82
2022-07-02,Solano,095,438530,95608,94437,6884,101321,455
2022-07-02,Sonoma,097,501317,98279,97379,4447,101826,495
2022-07-02,Stanislaus,099,539301,126747,125788,19442,145230,1681
2022-07-02,Sutter,101,95872,22066,21935,2333,24268,228
2022-07-02,Tehama,103,63373,12715,12615,2749,15364,205
2022-07-02,Trinity,105,12862,1272,1256,308,1564,20
2022-07-02,Tulare,107,460477,112661,112118,30694,142812,1500
2022-07-02,Tuolumne,109,53932,14030,13886,762,14648,189
2022-07-02,Ventura,111,848112,191095,189493,12239,201732,1517
2022-07-02,Yolo,113,214977,44145,42760,3713,46473,324
2022-07-02,Yuba,115,75493,17281,17168,1468,18636,124
2022-07-01,Alameda,001,1643700,311278,307672,17375,325047,1898
2022-07-01,Alpine,003,1148,129,129,1,130,0
2022-07-01,Amador,005,37829,9313,9243,775,10018,87
2022-07-01,Butte,007,227075,36285,35846,7955,43801,436
2022-07-01,Calaveras,009,45235,7872,7836,421,8257,124
2022-07-01,Colusa,011,21464,3583,3566,1132,4698,22
2022-07-01,Contra Costa,013,1133247,226620,221545,17418,238963,1343
2022-07-01,Del Norte,015,27424,6681,6543,315,6858,53
2022-07-01,El Dorado,017,186661,30020,29764,3800,33564,217
2022-07-01,Fresno,019,978130,249915,247952,26813,274765,2783
2022-07-01,Glenn,021,27897,5247,5211,1740,6951,48
2022-07-01,Humboldt,023,135768,19628,19516,4026,23542,149
2022-07-01,Imperial,025,180216,59316,58768,11897,70665,944
2022-07-01,Inyo,027,18085,4290,4261,679,4940,56
2022-07-01,Kern,029,883053,203797,202502,51580,254082,2352
2022-07-01,Kings,031,150075,54501,54262,3662,57924,449
2022-07-01,Lake,033,64148,11673,11595,1024,12619,140
2022-07-01,Lassen,035,31185,9351,9336,930,10266,64
2022-07-01,Los Angeles,037,10098052,2998604,2969395,147867,3117262,32089
2022-07-01,Madera,039,155013,39912,39738,6845,46583,372
2022-07-01,Marin,041,260295,41083,40653,4658,45311,297
2022-07-01,Mariposa,043,17540,2806,2780,272,3052,30
2022-07-01,Mendocino,045,87422,14561,14464,3809,18273,127
2022-07-01,Merced,047,269075,66668,66093,9839,75932,832
2022-07-01,Modoc,049,8938,793,787,278,1065,8
2022-07-01,Mono,051,14174,3111,3099,189,3288,7
2022-07-01,Monterey,053,433212,86761,86212,17252,103464,744
2022-07-01,Napa,055,140530,29693,29486,1285,30771,145
2022-07-01,Nevada,057,99092,17678,17546,1503,19049,131
2022-07-01,Orange,059,3164182,607619,603511,50784,654295,7114
2022-07-01,Placer,061,380077,70247,69606,8583,78189,631
2022-07-01,Plumas,063,18699,3312,3294,402,3696,13
2022-07-01,Riverside,065,2383286,636570,632038,30817,662855,6502
2022-07-01,Sacramento,067,1510023,317359,315165,30777,345942,3100
2022-07-01,San Benito,069,59416,14550,14420,726,15146,100
2022-07-01,San Bernardino,071,2135413,614623,604093,27027,631120,7860
2022-07-01,San Diego,073,3302833,840263,834116,62545,896661,5341
2022-07-01,San Francisco,075,870044,160735,158871,10570,169441,910
2022-07-01,San Joaquin,077,732212,181609,180368,12029,192397,2256
2022-07-01,San Luis Obispo,079,281455,58556,58079,5692,63771,489
2022-07-01,San Mateo,081,765935,151552,149812,9604,159416,723
2022-07-01,Santa Barbara,083,443738,95886,95214,5637,100851,699
2022-07-01,Santa Clara,085,1922200,385632,381630,16695,398325,2355
2022-07-01,Santa Cruz,087,273765,56387,55757,2800,58557,267
2022-07-01,Shasta,089,179085,32487,32280,6560,38840,570
2022-07-01,Sierra,091,2930,288,283,57,340,4
2022-07-01,Siskiyou,093,43540,4843,4808,3017,7825,82
2022-07-01,Solano,095,438530,95442,94437,6869,101306,455
2022-07-01,Sonoma,097,501317,98159,97379,4428,101807,495
2022-07-01,Stanislaus,099,539301,126618,125788,19416,145204,1681
2022-07-01,Sutter,101,95872,22037,21935,2333,24268,228
2022-07-01,Tehama,103,63373,12706,12615,2747,15362,205
2022-07-01,Trinity,105,12862,1271,1256,308,1564,20
2022-07-01,Tulare,107,460477,112565,112118,30652,142770,1500
2022-07-01,Tuolumne,109,53932,14011,13886,755,14641,189
2022-07-01,Ventura,111,848112,190884,189493,12203,201696,1517
2022-07-01,Yolo,113,214977,44110,42760,3698,46458,324
2022-07-01,Yuba,115,75493,17260,17168,1468,18636,124
2022-06-30,Alameda,001,1643700,310454,307672,17320,324992,1898
2022-06-30,Alpine,003,1148,129,129,1,130,0
2022-06-30,Amador,005,37829,9303,9243,772,10015,87
2022-06-30,Butte,007,227075,36235,35846,7938,43784,436
2022-06-30,Calaveras,009,45235,7861,7836,420,8256,124
2022-06-30,Colusa,011,21464,3579,3566,1130,4696,22
2022-06-30,Contra Costa,013,1133247,226070,221545,17347,238892,1343
2022-06-30,Del Norte,015,27424,6664,6543,312,6855,53
2022-06-30,El Dorado,017,186661,29975,29764,3791,33555,217
2022-06-30,Fresno,019,978130,249517,247952,26765,274717,2783
2022-06-30,Glenn,021,27897,5244,5211,1740,6951,48
2022-06-30,Humboldt,023,135768,19591,19516,4020,23536,149
2022-06-30,Imperial,025,180216,59202,58768,11865,70633,944
2022-06-30,Inyo,027,18085,4284,4261,679,4940,56
2022-06-30,Kern,029,883053,203479,202502,51396,253898,2352
2022-06-30,Kings,031,150075,54425,54262,3659,57921,449
2022-06-30,Lake,033,64148,11654,11595,1021,12616,140
2022-06-30,Lassen,035,31185,9348,9336,929,10265,64
2022-06-30,Los Angeles,037,10098052,2993214,2969395,147277,3116672,32089
2022-06-30,Madera,039,155013,39846,39738,6818,46556,372
2022-06-30,Marin,041,260295,40999,40653,4651,45304,297
2022-06-30,Mariposa,043,17540,2799,2780,270,3050,30
2022-06-30,Mendocino,045,87422,14544,14464,3803,18267,127
2022-06-30,Merced,047,269075,66568,66093,9822,75915,832
2022-06-30,Modoc,049,8938,792,787,277,1064,8
2022-06-30,Mono,051,14174,3109,3099,188,3287,7
2022-06-30,Monterey,053,433212,86613,86212,17189,103401,744
2022-06-30,Napa,055,140530,29635,29486,1279,30765,145
2022-06-30,Nevada,057,99092,17650,17546,1496,19042,131
2022-06-30,Orange,059,3164182,606453,603511,50589,654100,7114
2022-06-30,Placer,061,380077,70097,69606,8555,78161,631
2022-06-30,Plumas,063,18699,3307,3294,401,3695,13
2022-06-30,Riverside,065,2383286,635471,632038,30747,662785,6502
2022-06-30,Sacramento,067,1510023,316775,315165,30736,345901,3100
2022-06-30,San Benito,069,59416,14514,14420,723,15143,100
2022-06-30,San Bernardino,071,2135413,613574,604093,26985,631078,7860
2022-06-30,San Diego,073,3302833,838744,834116,62334,896450,5341
2022-06-30,San Francisco,075,870044,160310,158871,10540,169411,910
2022-06-30,San Joaquin,077,732212,181329,180368,11997,192365,2256
2022-06-30,San Luis Obispo,079,281455,58456,58079,5664,63743,489
2022-06-30,San Mateo,081,765935,151130,149812,9570,159382,723
2022-06-30,Santa Barbara,083,443738,95688,95214,5625,100839,699
2022-06-30,Santa Clara,085,1922200,384534,381630,16651,398281,2355
2022-06-30,Santa Cruz,087,273765,56268,55757,2786,58543,267
2022-06-30,Shasta,089,179085,32447,32280,6541,38821,570
2022-06-30,Sierra,091,2930,288,283,57,340,4
2022-06-30,Siskiyou,093,43540,4835,4808,3010,7818,82
2022-06-30,Solano,095,438530,95242,94437,6839,101276,455
2022-06-30,Sonoma,097,501317,97995,97379,4407,101786,495
2022-06-30,Stanislaus,099,539301,126423,125788,19386,145174,1681
2022-06-30,Sutter,101,95872,22004,21935,2331,24266,228
2022-06-30,Tehama,103,63373,12685,12615,2744,15359,205
2022-06-30,Trinity,105,12862,1265,1256,306,1562,20
2022-06-30,Tulare,107,460477,112416,112118,30576,142694,1500
2022-06-30,Tuolumne,109,53932,13992,13886,749,14635,189
2022-06-30,Ventura,111,848112,190540,189493,12128,201621,1517
2022-06-30,Yolo,113,214977,44037,42760,3680,46440,324
2022-06-30,Yuba,115,75493,17232,17168,1462,18630,124
2022-06-29,Alameda,001,1643700,309655,305288,17279,322567,1895
2022-06-29,Alpine,003,1148,129,129,1,130,0
2022-06-29,Amador,005,37829,9296,9205,772,9977,87
2022-06-29,Butte,007,227075,36188,35651,7922,43573,434
2022-06-29,Calaveras,009,45235,7849,7798,417,8215,124
2022-06-29,Colusa,011,21464,3576,3548,1128,4676,22
2022-06-29,Contra Costa,013,1133247,225587,219921,17293,237214,1339
2022-06-29,Del Norte,015,27424,6639,6484,308,6792,53
2022-06-29,El Dorado,017,186661,29917,29549,3775,33324,216
2022-06-29,Fresno,019,978130,249125,246740,26700,273440,2777
2022-06-29,Glenn,021,27897,5243,5192,1738,6930,48
2022-06-29,Humboldt,023,135768,19565,19411,4010,23421,149
2022-06-29,Imperial,025,180216,59083,58498,11818,70316,944
2022-06-29,Inyo,027,18085,4280,4243,674,4917,56
2022-06-29,Kern,029,883053,203194,201537,51219,252756,2343
2022-06-29,Kings,031,150075,54335,54031,3657,57688,448
2022-06-29,Lake,033,64148,11627,11548,1017,12565,140
2022-06-29,Lassen,035,31185,9343,9310,929,10239,64
2022-06-29,Los Angeles,037,10098052,2987604,2955489,146684,3102173,32062
2022-06-29,Madera,039,155013,39795,39554,6809,46363,372
2022-06-29,Marin,041,260295,40895,40397,4645,45042,297
2022-06-29,Mariposa,043,17540,2797,2753,270,3023,30
2022-06-29,Mendocino,045,87422,14515,14383,3787,18170,127
2022-06-29,Merced,047,269075,66474,65733,9810,75543,830
2022-06-29,Modoc,049,8938,790,780,276,1056,8
2022-06-29,Mono,051,14174,3109,3081,186,3267,7
2022-06-29,Monterey,053,433212,86482,85711,17139,102850,743
2022-06-29,Napa,055,140530,29583,29285,1275,30560,144
2022-06-29,Nevada,057,99092,17616,17439,1492,18931,129
2022-06-29,Orange,059,3164182,605290,599951,50421,650372,7095
2022-06-29,Placer,061,380077,69961,69244,8546,77790,629
2022-06-29,Plumas,063,18699,3304,3267,399,3666,13
2022-06-29,Riverside,065,2383286,634414,629035,30680,659715,6493
2022-06-29,Sacramento,067,1510023,316182,313224,30688,343912,3082
2022-06-29,San Benito,069,59416,14478,14302,715,15017,100
2022-06-29,San Bernardino,071,2135413,612575,600960,26889,627849,7825
2022-06-29,San Diego,073,3302833,837014,828907,62101,891008,5336
2022-06-29,San Francisco,075,870044,159814,157419,10506,167925,902
2022-06-29,San Joaquin,077,732212,181036,179476,11961,191437,2252
2022-06-29,San Luis Obispo,079,281455,58321,57783,5626,63409,486
2022-06-29,San Mateo,081,765935,150746,148533,9549,158082,723
2022-06-29,Santa Barbara,083,443738,95537,94683,5614,100297,699
2022-06-29,Santa Clara,085,1922200,383540,378000,16593,394593,2348
2022-06-29,Santa Cruz,087,273765,56143,55432,2772,58204,266
2022-06-29,Shasta,089,179085,32400,32106,6525,38631,570
2022-06-29,Sierra,091,2930,286,283,57,340,4
2022-06-29,Siskiyou,093,43540,4827,4773,3009,7782,82
2022-06-29,Solano,095,438530,95016,92975,6821,99796,455
2022-06-29,Sonoma,097,501317,97812,96854,4395,101249,493
2022-06-29,Stanislaus,099,539301,126247,125189,19356,144545,1674
2022-06-29,Sutter,101,95872,21951,21836,2326,24162,227
2022-06-29,Tehama,103,63373,12666,12561,2743,15304,205
2022-06-29,Trinity,105,12862,1263,1245,305,1550,20
2022-06-29,Tulare,107,460477,112283,111707,30503,142210,1499
2022-06-29,Tuolumne,109,53932,13968,13779,733,14512,189
2022-06-29,Ventura,111,848112,190233,188519,12064,200583,1514
2022-06-29,Yolo,113,214977,43935,42410,3669,46079,323
2022-06-29,Yuba,115,75493,17203,17082,1460,18542,124
2022-06-28,Alameda,001,1643700,308814,305288,17242,322530,1895
2022-06-28,Alpine,003,1148,129,129,1,130,0
2022-06-28,Amador,005,37829,9291,9205,771,9976,87
2022-06-28,Butte,007,227075,36122,35651,7904,43555,434
2022-06-28,Calaveras,009,45235,7837,7798,417,8215,124
2022-06-28,Colusa,011,21464,3575,3548,1127,4675,22
2022-06-28,Contra Costa,013,1133247,224982,219921,17230,237151,1339
2022-06-28,Del Norte,015,27424,6602,6484,306,6790,53
2022-06-28,El Dorado,017,186661,29869,29549,3764,33313,216
2022-06-28,Fresno,019,978130,248692,246740,26644,273384,2777
2022-06-28,Glenn,021,27897,5235,5192,1733,6925,48
2022-06-28,Humboldt,023,135768,19545,19411,4003,23414,149
2022-06-28,Imperial,025,180216,58987,58498,11740,70238,944
2022-06-28,Inyo,027,18085,4274,4243,668,4911,56
2022-06-28,Kern,029,883053,202900,201537,51007,252544,2343
2022-06-28,Kings,031,150075,54254,54031,3652,57683,448
2022-06-28,Lake,033,64148,11616,11548,1015,12563,140
2022-06-28,Lassen,035,31185,9336,9310,929,10239,64
2022-06-28,Los Angeles,037,10098052,2981688,2955489,146080,3101569,32062
2022-06-28,Madera,039,155013,39736,39554,6792,46346,372
2022-06-28,Marin,041,260295,40787,40397,4638,45035,297
2022-06-28,Mariposa,043,17540,2789,2753,268,3021,30
2022-06-28,Mendocino,045,87422,14487,14383,3775,18158,127
2022-06-28,Merced,047,269075,66372,65733,9792,75525,830
2022-06-28,Modoc,049,8938,788,780,275,1055,8
2022-06-28,Mono,051,14174,3102,3081,184,3265,7
2022-06-28,Monterey,053,433212,86357,85711,17092,102803,743
2022-06-28,Napa,055,140530,29515,29285,1272,30557,144
2022-06-28,Nevada,057,99092,17585,17439,1488,18927,129
2022-06-28,Orange,059,3164182,603942,599951,50243,650194,7095
2022-06-28,Placer,061,380077,69798,69244,8537,77781,629
2022-06-28,Plumas,063,18699,3304,3267,398,3665,13
2022-06-28,Riverside,065,2383286,633217,629035,30633,659668,6493
2022-06-28,Sacramento,067,1510023,315509,313224,30631,343855,3082
2022-06-28,San Benito,069,59416,14439,14302,714,15016,100
2022-06-28,San Bernardino,071,2135413,611455,600960,26843,627803,7825
2022-06-28,San Diego,073,3302833,835153,828907,61860,890767,5336
2022-06-28,San Francisco,075,870044,159286,157419,10482,167901,902
2022-06-28,San Joaquin,077,732212,180726,179476,11926,191402,2252
2022-06-28,San Luis Obispo,079,281455,58202,57783,5589,63372,486
2022-06-28,San Mateo,081,765935,150286,148533,9522,158055,723
2022-06-28,Santa Barbara,083,443738,95367,94683,5597,100280,699
2022-06-28,Santa Clara,085,1922200,382427,378000,16537,394537,2348
2022-06-28,Santa Cruz,087,273765,56011,55432,2764,58196,266
2022-06-28,Shasta,089,179085,32353,32106,6512,38618,570
2022-06-28,Sierra,091,2930,286,283,57,340,4
2022-06-28,Siskiyou,093,43540,4820,4773,3003,7776,82
2022-06-28,Solano,095,438530,94746,92975,6804,99779,455
2022-06-28,Sonoma,097,501317,97602,96854,4379,101233,493
2022-06-28,Stanislaus,099,539301,126045,125189,19333,144522,1674
2022-06-28,Sutter,101,95872,21916,21836,2324,24160,227
2022-06-28,Tehama,103,63373,12646,12561,2739,15300,205
2022-06-28,Trinity,105,12862,1260,1245,303,1548,20
2022-06-28,Tulare,107,460477,112097,111707,30429,142136,1499
2022-06-28,Tuolumne,109,53932,13937,13779,727,14506,189
2022-06-28,Ventura,111,848112,189910,188519,11985,200504,1514
2022-06-28,Yolo,113,214977,43822,42410,3663,46073,323
2022-06-28,Yuba,115,75493,17167,17082,1456,18538,124
2022-06-27,Alameda,001,1643700,307881,305288,17188,322476,1895
2022-06-27,Alpine,003,1148,129,129,1,130,0
2022-06-27,Amador,005,37829,9276,9205,769,9974,87
2022-06-27,Butte,007,227075,36068,35651,7884,43535,434
2022-06-27,Calaveras,009,45235,7823,7798,417,8215,124
2022-06-27,Colusa,011,21464,3571,3548,1125,4673,22
2022-06-27,Contra Costa,013,1133247,224301,219921,17167,237088,1339
2022-06-27,Del Norte,015,27424,6582,6484,300,6784,53
2022-06-27,El Dorado,017,186661,29804,29549,3746,33295,216
2022-06-27,Fresno,019,978130,248222,246740,26577,273317,2777
2022-06-27,Glenn,021,27897,5229,5192,1726,6918,48
2022-06-27,Humboldt,023,135768,19510,19411,3991,23402,149
2022-06-27,Imperial,025,180216,58847,58498,11674,70172,944
2022-06-27,Inyo,027,18085,4264,4243,659,4902,56
2022-06-27,Kern,029,883053,202542,201537,50799,252336,2343
2022-06-27,Kings,031,150075,54167,54031,3649,57680,448
2022-06-27,Lake,033,64148,11597,11548,1010,12558,140
2022-06-27,Lassen,035,31185,9327,9310,929,10239,64
2022-06-27,Los Angeles,037,10098052,2975483,2955489,145516,3101005,32062
2022-06-27,Madera,039,155013,39671,39554,6780,46334,372
2022-06-27,Marin,041,260295,40680,40397,4625,45022,297
2022-06-27,Mariposa,043,17540,2780,2753,266,3019,30
2022-06-27,Mendocino,045,87422,14457,14383,3769,18152,127
2022-06-27,Merced,047,269075,66263,65733,9756,75489,830
2022-06-27,Modoc,049,8938,783,780,274,1054,8
2022-06-27,Mono,051,14174,3101,3081,184,3265,7
2022-06-27,Monterey,053,433212,86207,85711,17031,102742,743
2022-06-27,Napa,055,140530,29445,29285,1269,30554,144
2022-06-27,Nevada,057,99092,17555,17439,1474,18913,129
2022-06-27,Orange,059,3164182,602581,599951,50025,649976,7095
2022-06-27,Placer,061,380077,69685,69244,8513,77757,629
2022-06-27,Plumas,063,18699,3299,3267,397,3664,13
2022-06-27,Riverside,065,2383286,632068,629035,30567,659602,6493
2022-06-27,Sacramento,067,1510023,314785,313224,30582,343806,3082
2022-06-27,San Benito,069,59416,14384,14302,711,15013,100
2022-06-27,San Bernardino,071,2135413,610341,600960,26796,627756,7825
2022-06-27,San Diego,073,3302833,833227,828907,61632,890539,5336
2022-06-27,San Francisco,075,870044,158730,157419,10456,167875,902
2022-06-27,San Joaquin,077,732212,180384,179476,11884,191360,2252
2022-06-27,San Luis Obispo,079,281455,58088,57783,5552,63335,486
2022-06-27,San Mateo,081,765935,149810,148533,9486,158019,723
2022-06-27,Santa Barbara,083,443738,95180,94683,5583,100266,699
2022-06-27,Santa Clara,085,1922200,381004,378000,16481,394481,2348
2022-06-27,Santa Cruz,087,273765,55841,55432,2756,58188,266
2022-06-27,Shasta,089,179085,32292,32106,6494,38600,570
2022-06-27,Sierra,091,2930,286,283,57,340,4
2022-06-27,Siskiyou,093,43540,4810,4773,2996,7769,82
2022-06-27,Solano,095,438530,94436,92975,6772,99747,455
2022-06-27,Sonoma,097,501317,97409,96854,4360,101214,493
2022-06-27,Stanislaus,099,539301,125818,125189,19312,144501,1674
2022-06-27,Sutter,101,95872,21876,21836,2321,24157,227
2022-06-27,Tehama,103,63373,12624,12561,2737,15298,205
2022-06-27,Trinity,105,12862,1258,1245,301,1546,20
2022-06-27,Tulare,107,460477,111917,111707,30342,142049,1499
2022-06-27,Tuolumne,109,53932,13902,13779,718,14497,189
2022-06-27,Ventura,111,848112,189530,188519,11923,200442,1514
2022-06-27,Yolo,113,214977,43696,42410,3655,46065,323
2022-06-27,Yuba,115,75493,17139,17082,1453,18535,124
2022-06-26,Alameda,001,1643700,306803,302071,17132,319203,1891
2022-06-26,Alpine,003,1148,129,129,1,130,0
2022-06-26,Amador,005,37829,9237,9135,767,9902,87
2022-06-26,Butte,007,227075,35995,35406,7859,43265,433
2022-06-26,Calaveras,009,45235,7808,7754,414,8168,124
2022-06-26,Colusa,011,21464,3562,3540,1121,4661,22
2022-06-26,Contra Costa,013,1133247,223677,218053,17083,235136,1335
2022-06-26,Del Norte,015,27424,6560,6398,296,6694,52
2022-06-26,El Dorado,017,186661,29720,29313,3721,33034,216
2022-06-26,Fresno,019,978130,247685,245118,26515,271633,2777
2022-06-26,Glenn,021,27897,5224,5178,1723,6901,48
2022-06-26,Humboldt,023,135768,19475,19234,3980,23214,149
2022-06-26,Imperial,025,180216,58702,58127,11581,69708,944
2022-06-26,Inyo,027,18085,4253,4228,646,4874,56
2022-06-26,Kern,029,883053,202235,200556,50597,251153,2344
2022-06-26,Kings,031,150075,54059,53783,3646,57429,448
2022-06-26,Lake,033,64148,11578,11471,1008,12479,140
2022-06-26,Lassen,035,31185,9318,9287,929,10216,64
2022-06-26,Los Angeles,037,10098052,2968900,2936815,144885,3081700,32036
2022-06-26,Madera,039,155013,39602,39319,6760,46079,372
2022-06-26,Marin,041,260295,40559,39979,4604,44583,297
2022-06-26,Mariposa,043,17540,2772,2713,266,2979,30
2022-06-26,Mendocino,045,87422,14428,14292,3743,18035,127
2022-06-26,Merced,047,269075,66132,65408,9728,75136,828
2022-06-26,Modoc,049,8938,782,777,272,1049,8
2022-06-26,Mono,051,14174,3091,3076,184,3260,7
2022-06-26,Monterey,053,433212,86034,85275,16970,102245,743
2022-06-26,Napa,055,140530,29365,29054,1266,30320,144
2022-06-26,Nevada,057,99092,17511,17339,1470,18809,129
2022-06-26,Orange,059,3164182,601096,595761,49819,645580,7090
2022-06-26,Placer,061,380077,69550,68785,8490,77275,628
2022-06-26,Plumas,063,18699,3287,3241,397,3638,13
2022-06-26,Riverside,065,2383286,630842,625794,30510,656304,6493
2022-06-26,Sacramento,067,1510023,313965,310837,30515,341352,3077
2022-06-26,San Benito,069,59416,14339,14192,708,14900,99
2022-06-26,San Bernardino,071,2135413,609135,598062,26737,624799,7803
2022-06-26,San Diego,073,3302833,831044,822848,61461,884309,5332
2022-06-26,San Francisco,075,870044,158096,155609,10404,166013,899
2022-06-26,San Joaquin,077,732212,180009,178447,11840,190287,2252
2022-06-26,San Luis Obispo,079,281455,57953,57472,5501,62973,485
2022-06-26,San Mateo,081,765935,149298,146955,9455,156410,723
2022-06-26,Santa Barbara,083,443738,94972,94017,5555,99572,699
2022-06-26,Santa Clara,085,1922200,379626,373961,16404,390365,2338
2022-06-26,Santa Cruz,087,273765,55684,54874,2747,57621,265
2022-06-26,Shasta,089,179085,32210,31921,6476,38397,570
2022-06-26,Sierra,091,2930,285,283,57,340,4
2022-06-26,Siskiyou,093,43540,4792,4744,2989,7733,81
2022-06-26,Solano,095,438530,94166,92248,6733,98981,455
2022-06-26,Sonoma,097,501317,97175,95981,4324,100305,493
2022-06-26,Stanislaus,099,539301,125617,124493,19283,143776,1672
2022-06-26,Sutter,101,95872,21836,21733,2320,24053,227
2022-06-26,Tehama,103,63373,12607,12510,2731,15241,205
2022-06-26,Trinity,105,12862,1253,1233,299,1532,20
2022-06-26,Tulare,107,460477,111738,111188,30260,141448,1496
2022-06-26,Tuolumne,109,53932,13874,13688,711,14399,189
2022-06-26,Ventura,111,848112,189135,187389,11844,199233,1514
2022-06-26,Yolo,113,214977,43581,41932,3641,45573,323
2022-06-26,Yuba,115,75493,17102,16994,1444,18438,124
2022-06-25,Alameda,001,1643700,306335,302071,17118,319189,1891
2022-06-25,Alpine,003,1148,129,129,1,130,0
2022-06-25,Amador,005,37829,9227,9135,766,9901,87
2022-06-25,Butte,007,227075,35956,35406,7837,43243,433
2022-06-25,Calaveras,009,45235,7799,7754,414,8168,124
2022-06-25,Colusa,011,21464,3557,3540,1121,4661,22
2022-06-25,Contra Costa,013,1133247,223316,218053,17040,235093,1335
2022-06-25,Del Norte,015,27424,6546,6398,293,6691,52
2022-06-25,El Dorado,017,186661,29680,29313,3715,33028,216
2022-06-25,Fresno,019,978130,247454,245118,26489,271607,2777
2022-06-25,Glenn,021,27897,5219,5178,1721,6899,48
2022-06-25,Humboldt,023,135768,19454,19234,3969,23203,149
2022-06-25,Imperial,025,180216,58621,58127,11556,69683,944
2022-06-25,Inyo,027,18085,4251,4228,642,4870,56
2022-06-25,Kern,029,883053,202076,200556,50492,251048,2344
2022-06-25,Kings,031,150075,54022,53783,3646,57429,448
2022-06-25,Lake,033,64148,11569,11471,1007,12478,140
2022-06-25,Lassen,035,31185,9312,9287,927,10214,64
2022-06-25,Los Angeles,037,10098052,2965887,2936815,144502,3081317,32036
2022-06-25,Madera,039,155013,39569,39319,6757,46076,372
2022-06-25,Marin,041,260295,40506,39979,4597,44576,297
2022-06-25,Mariposa,043,17540,2770,2713,266,2979,30
2022-06-25,Mendocino,045,87422,14416,14292,3738,18030,127
2022-06-25,Merced,047,269075,66055,65408,9725,75133,828
2022-06-25,Modoc,049,8938,782,777,272,1049,8
2022-06-25,Mono,051,14174,3086,3076,184,3260,7
2022-06-25,Monterey,053,433212,85933,85275,16941,102216,743
2022-06-25,Napa,055,140530,29334,29054,1262,30316,144
2022-06-25,Nevada,057,99092,17487,17339,1466,18805,129
2022-06-25,Orange,059,3164182,600397,595761,49681,645442,7090
2022-06-25,Placer,061,380077,69455,68785,8470,77255,628
2022-06-25,Plumas,063,18699,3283,3241,397,3638,13
2022-06-25,Riverside,065,2383286,630199,625794,30468,656262,6493
2022-06-25,Sacramento,067,1510023,313655,310837,30488,341325,3077
2022-06-25,San Benito,069,59416,14314,14192,707,14899,99
2022-06-25,San Bernardino,071,2135413,608545,598062,26709,624771,7803
2022-06-25,San Diego,073,3302833,830138,822848,61398,884246,5332
2022-06-25,San Francisco,075,870044,157802,155609,10381,165990,899
2022-06-25,San Joaquin,077,732212,179860,178447,11826,190273,2252
2022-06-25,San Luis Obispo,079,281455,57882,57472,5491,62963,485
2022-06-25,San Mateo,081,765935,149024,146955,9432,156387,723
2022-06-25,Santa Barbara,083,443738,94829,94017,5542,99559,699
2022-06-25,Santa Clara,085,1922200,378774,373961,16376,390337,2338
2022-06-25,Santa Cruz,087,273765,55614,54874,2744,57618,265
2022-06-25,Shasta,089,179085,32172,31921,6462,38383,570
2022-06-25,Sierra,091,2930,285,283,57,340,4
2022-06-25,Siskiyou,093,43540,4789,4744,2986,7730,81
2022-06-25,Solano,095,438530,94081,92248,6712,98960,455
2022-06-25,Sonoma,097,501317,97064,95981,4313,100294,493
2022-06-25,Stanislaus,099,539301,125487,124493,19264,143757,1672
2022-06-25,Sutter,101,95872,21815,21733,2319,24052,227
2022-06-25,Tehama,103,63373,12596,12510,2726,15236,205
2022-06-25,Trinity,105,12862,1252,1233,297,1530,20
2022-06-25,Tulare,107,460477,111659,111188,30218,141406,1496
2022-06-25,Tuolumne,109,53932,13856,13688,708,14396,189
2022-06-25,Ventura,111,848112,188927,187389,11815,199204,1514
2022-06-25,Yolo,113,214977,43517,41932,3635,45567,323
2022-06-25,Yuba,115,75493,17081,16994,1443,18437,124
2022-06-24,Alameda,001,1643700,305762,302071,17084,319155,1891
2022-06-24,Alpine,003,1148,129,129,1,130,0
2022-06-24,Amador,005,37829,9220,9135,764,9899,87
2022-06-24,Butte,007,227075,35926,35406,7823,43229,433
2022-06-24,Calaveras,009,45235,7794,7754,413,8167,124
2022-06-24,Colusa,011,21464,3556,3540,1118,4658,22
2022-06-24,Contra Costa,013,1133247,222974,218053,17014,235067,1335
2022-06-24,Del Norte,015,27424,6535,6398,291,6689,52
2022-06-24,El Dorado,017,186661,29637,29313,3711,33024,216
2022-06-24,Fresno,019,978130,247167,245118,26454,271572,2777
2022-06-24,Glenn,021,27897,5217,5178,1721,6899,48
2022-06-24,Humboldt,023,135768,19423,19234,3964,23198,149
2022-06-24,Imperial,025,180216,58549,58127,11526,69653,944
2022-06-24,Inyo,027,18085,4249,4228,638,4866,56
2022-06-24,Kern,029,883053,201903,200556,50396,250952,2344
2022-06-24,Kings,031,150075,53978,53783,3642,57425,448
2022-06-24,Lake,033,64148,11558,11471,1007,12478,140
2022-06-24,Lassen,035,31185,9309,9287,926,10213,64
2022-06-24,Los Angeles,037,10098052,2962606,2936815,144175,3080990,32036
2022-06-24,Madera,039,155013,39523,39319,6751,46070,372
2022-06-24,Marin,041,260295,40430,39979,4585,44564,297
2022-06-24,Mariposa,043,17540,2763,2713,266,2979,30
2022-06-24,Mendocino,045,87422,14407,14292,3735,18027,127
2022-06-24,Merced,047,269075,66018,65408,9716,75124,828
2022-06-24,Modoc,049,8938,782,777,272,1049,8
2022-06-24,Mono,051,14174,3082,3076,183,3259,7
2022-06-24,Monterey,053,433212,85852,85275,16914,102189,743
2022-06-24,Napa,055,140530,29306,29054,1261,30315,144
2022-06-24,Nevada,057,99092,17471,17339,1460,18799,129
2022-06-24,Orange,059,3164182,599707,595761,49537,645298,7090
2022-06-24,Placer,061,380077,69379,68785,8458,77243,628
2022-06-24,Plumas,063,18699,3279,3241,397,3638,13
2022-06-24,Riverside,065,2383286,629553,625794,30424,656218,6493
2022-06-24,Sacramento,067,1510023,313260,310837,30466,341303,3077
2022-06-24,San Benito,069,59416,14301,14192,706,14898,99
2022-06-24,San Bernardino,071,2135413,607962,598062,26684,624746,7803
2022-06-24,San Diego,073,3302833,829101,822848,61319,884167,5332
2022-06-24,San Francisco,075,870044,157488,155609,10354,165963,899
2022-06-24,San Joaquin,077,732212,179681,178447,11801,190248,2252
2022-06-24,San Luis Obispo,079,281455,57837,57472,5486,62958,485
2022-06-24,San Mateo,081,765935,148692,146955,9419,156374,723
2022-06-24,Santa Barbara,083,443738,94698,94017,5539,99556,699
2022-06-24,Santa Clara,085,1922200,377949,373961,16327,390288,2338
2022-06-24,Santa Cruz,087,273765,55513,54874,2733,57607,265
2022-06-24,Shasta,089,179085,32142,31921,6453,38374,570
2022-06-24,Sierra,091,2930,285,283,57,340,4
2022-06-24,Siskiyou,093,43540,4781,4744,2985,7729,81
2022-06-24,Solano,095,438530,93929,92248,6698,98946,455
2022-06-24,Sonoma,097,501317,96925,95981,4296,100277,493
2022-06-24,Stanislaus,099,539301,125362,124493,19242,143735,1672
2022-06-24,Sutter,101,95872,21800,21733,2318,24051,227
2022-06-24,Tehama,103,63373,12581,12510,2720,15230,205
2022-06-24,Trinity,105,12862,1249,1233,297,1530,20
2022-06-24,Tulare,107,460477,111558,111188,30161,141349,1496
2022-06-24,Tuolumne,109,53932,13837,13688,702,14390,189
2022-06-24,Ventura,111,848112,188700,187389,11786,199175,1514
2022-06-24,Yolo,113,214977,43423,41932,3626,45558,323
2022-06-24,Yuba,115,75493,17063,16994,1443,18437,124
2022-06-23,Alameda,001,1643700,304947,302071,17024,319095,1891
2022-06-23,Alpine,003,1148,129,129,1,130,0
2022-06-23,Amador,005,37829,9211,9135,763,9898,87
2022-06-23,Butte,007,227075,35866,35406,7804,43210,433
2022-06-23,Calaveras,009,45235,7783,7754,412,8166,124
2022-06-23,Colusa,011,21464,3549,3540,1116,4656,22
2022-06-23,Contra Costa,013,1133247,222463,218053,16920,234973,1335
2022-06-23,Del Norte,015,27424,6503,6398,289,6687,52
2022-06-23,El Dorado,017,186661,29579,29313,3699,33012,216
2022-06-23,Fresno,019,978130,246762,245118,26393,271511,2777
2022-06-23,Glenn,021,27897,5214,5178,1712,6890,48
2022-06-23,Humboldt,023,135768,19401,19234,3960,23194,149
2022-06-23,Imperial,025,180216,58475,58127,11473,69600,944
2022-06-23,Inyo,027,18085,4246,4228,635,4863,56
2022-06-23,Kern,029,883053,201622,200556,50247,250803,2344
2022-06-23,Kings,031,150075,53919,53783,3639,57422,448
2022-06-23,Lake,033,64148,11537,11471,1007,12478,140
2022-06-23,Lassen,035,31185,9299,9287,925,10212,64
2022-06-23,Los Angeles,037,10098052,2957944,2936815,143636,3080451,32036
2022-06-23,Madera,039,155013,39462,39319,6736,46055,372
2022-06-23,Marin,041,260295,40316,39979,4561,44540,297
2022-06-23,Mariposa,043,17540,2751,2713,266,2979,30
2022-06-23,Mendocino,045,87422,14378,14292,3731,18023,127
2022-06-23,Merced,047,269075,65941,65408,9700,75108,828
2022-06-23,Modoc,049,8938,781,777,272,1049,8
2022-06-23,Mono,051,14174,3080,3076,182,3258,7
2022-06-23,Monterey,053,433212,85706,85275,16861,102136,743
2022-06-23,Napa,055,140530,29249,29054,1260,30314,144
2022-06-23,Nevada,057,99092,17438,17339,1460,18799,129
2022-06-23,Orange,059,3164182,598697,595761,49358,645119,7090
2022-06-23,Placer,061,380077,69241,68785,8437,77222,628
2022-06-23,Plumas,063,18699,3274,3241,395,3636,13
2022-06-23,Riverside,065,2383286,628632,625794,30375,656169,6493
2022-06-23,Sacramento,067,1510023,312658,310837,30422,341259,3077
2022-06-23,San Benito,069,59416,14270,14192,704,14896,99
2022-06-23,San Bernardino,071,2135413,607168,598062,26650,624712,7803
2022-06-23,San Diego,073,3302833,827630,822848,61121,883969,5332
2022-06-23,San Francisco,075,870044,157022,155609,10321,165930,899
2022-06-23,San Joaquin,077,732212,179404,178447,11775,190222,2252
2022-06-23,San Luis Obispo,079,281455,57748,57472,5454,62926,485
2022-06-23,San Mateo,081,765935,148344,146955,9384,156339,723
2022-06-23,Santa Barbara,083,443738,94533,94017,5511,99528,699
2022-06-23,Santa Clara,085,1922200,376967,373961,16280,390241,2338
2022-06-23,Santa Cruz,087,273765,55402,54874,2721,57595,265
2022-06-23,Shasta,089,179085,32100,31921,6441,38362,570
2022-06-23,Sierra,091,2930,284,283,57,340,4
2022-06-23,Siskiyou,093,43540,4775,4744,2978,7722,81
2022-06-23,Solano,095,438530,93682,92248,6656,98904,455
2022-06-23,Sonoma,097,501317,96728,95981,4276,100257,493
2022-06-23,Stanislaus,099,539301,125181,124493,19212,143705,1672
2022-06-23,Sutter,101,95872,21766,21733,2318,24051,227
2022-06-23,Tehama,103,63373,12572,12510,2717,15227,205
2022-06-23,Trinity,105,12862,1247,1233,297,1530,20
2022-06-23,Tulare,107,460477,111433,111188,30093,141281,1496
2022-06-23,Tuolumne,109,53932,13810,13688,690,14378,189
2022-06-23,Ventura,111,848112,188404,187389,11749,199138,1514
2022-06-23,Yolo,113,214977,43319,41932,3615,45547,323
2022-06-23,Yuba,115,75493,17042,16994,1437,18431,124
2022-06-22,Alameda,001,1643700,304122,299567,16965,316532,1888
2022-06-22,Alpine,003,1148,129,129,1,130,0
2022-06-22,Amador,005,37829,9205,9049,762,9811,87
2022-06-22,Butte,007,227075,35800,35203,7786,42989,433
2022-06-22,Calaveras,009,45235,7771,7716,412,8128,122
2022-06-22,Colusa,011,21464,3546,3529,1116,4645,21
2022-06-22,Contra Costa,013,1133247,221944,216355,16865,233220,1328
2022-06-22,Del Norte,015,27424,6485,6367,288,6655,52
2022-06-22,El Dorado,017,186661,29516,29139,3686,32825,215
2022-06-22,Fresno,019,978130,246340,244129,26337,270466,2772
2022-06-22,Glenn,021,27897,5212,5161,1707,6868,48
2022-06-22,Humboldt,023,135768,19349,19111,3940,23051,148
2022-06-22,Imperial,025,180216,58374,57866,11440,69306,944
2022-06-22,Inyo,027,18085,4241,4222,634,4856,56
2022-06-22,Kern,029,883053,201350,199721,50113,249834,2341
2022-06-22,Kings,031,150075,53855,53568,3635,57203,448
2022-06-22,Lake,033,64148,11520,11426,1001,12427,140
2022-06-22,Lassen,035,31185,9291,9259,923,10182,64
2022-06-22,Los Angeles,037,10098052,2952980,2925667,143180,3068847,32015
2022-06-22,Madera,039,155013,39405,39139,6717,45856,372
2022-06-22,Marin,041,260295,40213,39687,4555,44242,297
2022-06-22,Mariposa,043,17540,2745,2695,263,2958,30
2022-06-22,Mendocino,045,87422,14362,14201,3710,17911,127
2022-06-22,Merced,047,269075,65844,65120,9676,74796,827
2022-06-22,Modoc,049,8938,780,773,268,1041,8
2022-06-22,Mono,051,14174,3079,3073,180,3253,7
2022-06-22,Monterey,053,433212,85579,84752,16818,101570,742
2022-06-22,Napa,055,140530,29179,28894,1256,30150,144
2022-06-22,Nevada,057,99092,17419,17280,1450,18730,129
2022-06-22,Orange,059,3164182,597508,592215,49170,641385,7084
2022-06-22,Placer,061,380077,69125,68447,8427,76874,628
2022-06-22,Plumas,063,18699,3264,3220,395,3615,13
2022-06-22,Riverside,065,2383286,627783,623584,30319,653903,6491
2022-06-22,Sacramento,067,1510023,312033,309105,30386,339491,3071
2022-06-22,San Benito,069,59416,14245,14128,701,14829,99
2022-06-22,San Bernardino,071,2135413,606364,595517,26620,622137,7774
2022-06-22,San Diego,073,3302833,826027,815124,60936,876060,5318
2022-06-22,San Francisco,075,870044,156542,154213,10292,164505,897
2022-06-22,San Joaquin,077,732212,179146,177637,11750,189387,2251
2022-06-22,San Luis Obispo,079,281455,57658,57177,5419,62596,485
2022-06-22,San Mateo,081,765935,147936,145781,9361,155142,723
2022-06-22,Santa Barbara,083,443738,94386,93576,5497,99073,700
2022-06-22,Santa Clara,085,1922200,375879,370678,16170,386848,2340
2022-06-22,Santa Cruz,087,273765,55283,54525,2708,57233,265
2022-06-22,Shasta,089,179085,32055,31786,6426,38212,570
2022-06-22,Sierra,091,2930,284,283,57,340,4
2022-06-22,Siskiyou,093,43540,4768,4711,2975,7686,81
2022-06-22,Solano,095,438530,93433,91528,6591,98119,454
2022-06-22,Sonoma,097,501317,96516,95363,4255,99618,493
2022-06-22,Stanislaus,099,539301,124985,124023,19155,143178,1670
2022-06-22,Sutter,101,95872,21734,21649,2317,23966,227
2022-06-22,Tehama,103,63373,12562,12465,2715,15180,205
2022-06-22,Trinity,105,12862,1245,1223,297,1520,20
2022-06-22,Tulare,107,460477,111299,110768,30013,140781,1496
2022-06-22,Tuolumne,109,53932,13791,13596,684,14280,189
2022-06-22,Ventura,111,848112,188099,186601,11697,198298,1514
2022-06-22,Yolo,113,214977,43199,41689,3604,45293,323
2022-06-22,Yuba,115,75493,17022,16912,1433,18345,124
2022-06-21,Alameda,001,1643700,303323,299567,16930,316497,1888
2022-06-21,Alpine,003,1148,129,129,1,130,0
2022-06-21,Amador,005,37829,9198,9049,759,9808,87
2022-06-21,Butte,007,227075,35728,35203,7775,42978,433
2022-06-21,Calaveras,009,45235,7762,7716,411,8127,122
2022-06-21,Colusa,011,21464,3544,3529,1114,4643,21
2022-06-21,Contra Costa,013,1133247,221381,216355,16816,233171,1328
2022-06-21,Del Norte,015,27424,6454,6367,286,6653,52
2022-06-21,El Dorado,017,186661,29443,29139,3679,32818,215
2022-06-21,Fresno,019,978130,245903,244129,26271,270400,2772
2022-06-21,Glenn,021,27897,5205,5161,1705,6866,48
2022-06-21,Humboldt,023,135768,19297,19111,3927,23038,148
2022-06-21,Imperial,025,180216,58279,57866,11404,69270,944
2022-06-21,Inyo,027,18085,4236,4222,628,4850,56
2022-06-21,Kern,029,883053,201029,199721,49930,249651,2341
2022-06-21,Kings,031,150075,53780,53568,3634,57202,448
2022-06-21,Lake,033,64148,11497,11426,998,12424,140
2022-06-21,Lassen,035,31185,9281,9259,920,10179,64
2022-06-21,Los Angeles,037,10098052,2948165,2925667,142671,3068338,32015
2022-06-21,Madera,039,155013,39321,39139,6706,45845,372
2022-06-21,Marin,041,260295,40123,39687,4543,44230,297
2022-06-21,Mariposa,043,17540,2739,2695,262,2957,30
2022-06-21,Mendocino,045,87422,14333,14201,3701,17902,127
2022-06-21,Merced,047,269075,65744,65120,9644,74764,827
2022-06-21,Modoc,049,8938,777,773,267,1040,8
2022-06-21,Mono,051,14174,3077,3073,179,3252,7
2022-06-21,Monterey,053,433212,85423,84752,16776,101528,742
2022-06-21,Napa,055,140530,29126,28894,1255,30149,144
2022-06-21,Nevada,057,99092,17391,17280,1447,18727,129
2022-06-21,Orange,059,3164182,596314,592215,49030,641245,7084
2022-06-21,Placer,061,380077,68999,68447,8415,76862,628
2022-06-21,Plumas,063,18699,3255,3220,394,3614,13
2022-06-21,Riverside,065,2383286,626822,623584,30260,653844,6491
2022-06-21,Sacramento,067,1510023,311341,309105,30341,339446,3071
2022-06-21,San Benito,069,59416,14209,14128,698,14826,99
2022-06-21,San Bernardino,071,2135413,605541,595517,26573,622090,7774
2022-06-21,San Diego,073,3302833,824347,815124,60733,875857,5318
2022-06-21,San Francisco,075,870044,156064,154213,10261,164474,897
2022-06-21,San Joaquin,077,732212,178827,177637,11720,189357,2251
2022-06-21,San Luis Obispo,079,281455,57547,57177,5374,62551,485
2022-06-21,San Mateo,081,765935,147448,145781,9340,155121,723
2022-06-21,Santa Barbara,083,443738,94219,93576,5483,99059,700
2022-06-21,Santa Clara,085,1922200,374721,370678,16122,386800,2340
2022-06-21,Santa Cruz,087,273765,55153,54525,2700,57225,265
2022-06-21,Shasta,089,179085,32009,31786,6408,38194,570
2022-06-21,Sierra,091,2930,284,283,57,340,4
2022-06-21,Siskiyou,093,43540,4760,4711,2967,7678,81
2022-06-21,Solano,095,438530,93172,91528,6573,98101,454
2022-06-21,Sonoma,097,501317,96280,95363,4231,99594,493
2022-06-21,Stanislaus,099,539301,124792,124023,19125,143148,1670
2022-06-21,Sutter,101,95872,21710,21649,2315,23964,227
2022-06-21,Tehama,103,63373,12548,12465,2715,15180,205
2022-06-21,Trinity,105,12862,1239,1223,297,1520,20
2022-06-21,Tulare,107,460477,111159,110768,29953,140721,1496
2022-06-21,Tuolumne,109,53932,13767,13596,678,14274,189
2022-06-21,Ventura,111,848112,187776,186601,11642,198243,1514
2022-06-21,Yolo,113,214977,43066,41689,3592,45281,323
2022-06-21,Yuba,115,75493,16993,16912,1432,18344,124
2022-06-20,Alameda,001,1643700,302424,299567,16872,316439,1888
2022-06-20,Alpine,003,1148,129,129,1,130,0
2022-06-20,Amador,005,37829,9188,9049,757,9806,87
2022-06-20,Butte,007,227075,35659,35203,7760,42963,433
2022-06-20,Calaveras,009,45235,7755,7716,411,8127,122
2022-06-20,Colusa,011,21464,3543,3529,1113,4642,21
2022-06-20,Contra Costa,013,1133247,220781,216355,16749,233104,1328
2022-06-20,Del Norte,015,27424,6442,6367,282,6649,52
2022-06-20,El Dorado,017,186661,29372,29139,3661,32800,215
2022-06-20,Fresno,019,978130,245414,244129,26206,270335,2772
2022-06-20,Glenn,021,27897,5200,5161,1702,6863,48
2022-06-20,Humboldt,023,135768,19249,19111,3910,23021,148
2022-06-20,Imperial,025,180216,58146,57866,11371,69237,944
2022-06-20,Inyo,027,18085,4232,4222,623,4845,56
2022-06-20,Kern,029,883053,200732,199721,49782,249503,2341
2022-06-20,Kings,031,150075,53699,53568,3632,57200,448
2022-06-20,Lake,033,64148,11476,11426,996,12422,140
2022-06-20,Lassen,035,31185,9276,9259,919,10178,64
2022-06-20,Los Angeles,037,10098052,2942759,2925667,142196,3067863,32015
2022-06-20,Madera,039,155013,39259,39139,6688,45827,372
2022-06-20,Marin,041,260295,40021,39687,4520,44207,297
2022-06-20,Mariposa,043,17540,2725,2695,262,2957,30
2022-06-20,Mendocino,045,87422,14304,14201,3696,17897,127
2022-06-20,Merced,047,269075,65650,65120,9618,74738,827
2022-06-20,Modoc,049,8938,776,773,266,1039,8
2022-06-20,Mono,051,14174,3077,3073,176,3249,7
2022-06-20,Monterey,053,433212,85274,84752,16711,101463,742
2022-06-20,Napa,055,140530,29054,28894,1252,30146,144
2022-06-20,Nevada,057,99092,17366,17280,1438,18718,129
2022-06-20,Orange,059,3164182,595051,592215,48875,641090,7084
2022-06-20,Placer,061,380077,68881,68447,8403,76850,628
2022-06-20,Plumas,063,18699,3249,3220,394,3614,13
2022-06-20,Riverside,065,2383286,625884,623584,30192,653776,6491
2022-06-20,Sacramento,067,1510023,310638,309105,30268,339373,3071
2022-06-20,San Benito,069,59416,14163,14128,692,14820,99
2022-06-20,San Bernardino,071,2135413,604637,595517,26535,622052,7774
2022-06-20,San Diego,073,3302833,822363,815124,60480,875604,5318
2022-06-20,San Francisco,075,870044,155449,154213,10222,164435,897
2022-06-20,San Joaquin,077,732212,178501,177637,11675,189312,2251
2022-06-20,San Luis Obispo,079,281455,57443,57177,5326,62503,485
2022-06-20,San Mateo,081,765935,146942,145781,9315,155096,723
2022-06-20,Santa Barbara,083,443738,94035,93576,5458,99034,700
2022-06-20,Santa Clara,085,1922200,373512,370678,16060,386738,2340
2022-06-20,Santa Cruz,087,273765,54980,54525,2693,57218,265
2022-06-20,Shasta,089,179085,31952,31786,6396,38182,570
2022-06-20,Sierra,091,2930,284,283,56,339,4
2022-06-20,Siskiyou,093,43540,4747,4711,2955,7666,81
2022-06-20,Solano,095,438530,92843,91528,6552,98080,454
2022-06-20,Sonoma,097,501317,96041,95363,4205,99568,493
2022-06-20,Stanislaus,099,539301,124607,124023,19096,143119,1670
2022-06-20,Sutter,101,95872,21679,21649,2296,23945,227
2022-06-20,Tehama,103,63373,12533,12465,2712,15177,205
2022-06-20,Trinity,105,12862,1234,1223,297,1520,20
2022-06-20,Tulare,107,460477,111015,110768,29888,140656,1496
2022-06-20,Tuolumne,109,53932,13731,13596,678,14274,189
2022-06-20,Ventura,111,848112,187440,186601,11602,198203,1514
2022-06-20,Yolo,113,214977,42905,41689,3574,45263,323
2022-06-20,Yuba,115,75493,16968,16912,1426,18338,124
2022-06-19,Alameda,001,1643700,301497,296062,16841,312903,1883
2022-06-19,Alpine,003,1148,129,129,1,130,0
2022-06-19,Amador,005,37829,9138,8985,744,9729,87
2022-06-19,Butte,007,227075,35598,34920,7737,42657,432
2022-06-19,Calaveras,009,45235,7737,7664,410,8074,122
2022-06-19,Colusa,011,21464,3538,3519,1109,4628,21
2022-06-19,Contra Costa,013,1133247,220098,213994,16681,230675,1323
2022-06-19,Del Norte,015,27424,6425,6307,279,6586,52
2022-06-19,El Dorado,017,186661,29290,28904,3645,32549,215
2022-06-19,Fresno,019,978130,244966,242214,26137,268351,2768
2022-06-19,Glenn,021,27897,5191,5131,1700,6831,48
2022-06-19,Humboldt,023,135768,19204,18885,3885,22770,148
2022-06-19,Imperial,025,180216,58023,57450,11338,68788,944
2022-06-19,Inyo,027,18085,4231,4209,622,4831,56
2022-06-19,Kern,029,883053,200368,198567,49612,248179,2340
2022-06-19,Kings,031,150075,53605,53242,3629,56871,448
2022-06-19,Lake,033,64148,11462,11318,995,12313,140
2022-06-19,Lassen,035,31185,9263,9225,919,10144,64
2022-06-19,Los Angeles,037,10098052,2937869,2909197,141642,3050839,31999
2022-06-19,Madera,039,155013,39167,38859,6667,45526,372
2022-06-19,Marin,041,260295,39893,39214,4510,43724,294
2022-06-19,Mariposa,043,17540,2718,2662,261,2923,30
2022-06-19,Mendocino,045,87422,14277,14090,3683,17773,127
2022-06-19,Merced,047,269075,65549,64734,9588,74322,827
2022-06-19,Modoc,049,8938,773,771,265,1036,8
2022-06-19,Mono,051,14174,3075,3066,175,3241,6
2022-06-19,Monterey,053,433212,85126,84032,16665,100697,744
2022-06-19,Napa,055,140530,28994,28619,1248,29867,144
2022-06-19,Nevada,057,99092,17336,17134,1430,18564,129
2022-06-19,Orange,059,3164182,593798,587176,48685,635861,7074
2022-06-19,Placer,061,380077,68763,67961,8382,76343,628
2022-06-19,Plumas,063,18699,3241,3201,394,3595,13
2022-06-19,Riverside,065,2383286,625011,619760,30143,649903,6488
2022-06-19,Sacramento,067,1510023,309911,306215,30211,336426,3072
2022-06-19,San Benito,069,59416,14144,13985,690,14675,99
2022-06-19,San Bernardino,071,2135413,603815,591926,26498,618424,7765
2022-06-19,San Diego,073,3302833,820831,815124,60360,875484,5318
2022-06-19,San Francisco,075,870044,154931,151898,10183,162081,897
2022-06-19,San Joaquin,077,732212,178179,176323,11637,187960,2251
2022-06-19,San Luis Obispo,079,281455,57305,56767,5269,62036,485
2022-06-19,San Mateo,081,765935,146488,143879,9281,153160,723
2022-06-19,Santa Barbara,083,443738,93865,92906,5442,98348,699
2022-06-19,Santa Clara,085,1922200,372342,365638,15999,381637,2328
2022-06-19,Santa Cruz,087,273765,54817,53866,2674,56540,264
2022-06-19,Shasta,089,179085,31893,31647,6385,38032,568
2022-06-19,Sierra,091,2930,284,281,56,337,4
2022-06-19,Siskiyou,093,43540,4735,4672,2949,7621,81
2022-06-19,Solano,095,438530,92586,90548,6539,97087,454
2022-06-19,Sonoma,097,501317,95797,94318,4184,98502,493
2022-06-19,Stanislaus,099,539301,124421,123264,19047,142311,1668
2022-06-19,Sutter,101,95872,21644,21501,2288,23789,227
2022-06-19,Tehama,103,63373,12524,12410,2706,15116,205
2022-06-19,Trinity,105,12862,1231,1220,297,1517,20
2022-06-19,Tulare,107,460477,110833,110041,29832,139873,1496
2022-06-19,Tuolumne,109,53932,13704,13487,678,14165,189
2022-06-19,Ventura,111,848112,187088,185219,11557,196776,1513
2022-06-19,Yolo,113,214977,42816,41135,3561,44696,323
2022-06-19,Yuba,115,75493,16937,16786,1423,18209,124
2022-06-18,Alameda,001,1643700,301031,296062,16820,312882,1883
2022-06-18,Alpine,003,1148,129,129,1,130,0
2022-06-18,Amador,005,37829,9131,8985,740,9725,87
2022-06-18,Butte,007,227075,35547,34920,7726,42646,432
2022-06-18,Calaveras,009,45235,7725,7664,410,8074,122
2022-06-18,Colusa,011,21464,3535,3519,1109,4628,21
2022-06-18,Contra Costa,013,1133247,219785,213994,16652,230646,1323
2022-06-18,Del Norte,015,27424,6419,6307,278,6585,52
2022-06-18,El Dorado,017,186661,29261,28904,3642,32546,215
2022-06-18,Fresno,019,978130,244763,242214,26120,268334,2768
2022-06-18,Glenn,021,27897,5188,5131,1699,6830,48
2022-06-18,Humboldt,023,135768,19175,18885,3878,22763,148
2022-06-18,Imperial,025,180216,57953,57450,11325,68775,944
2022-06-18,Inyo,027,18085,4230,4209,621,4830,56
2022-06-18,Kern,029,883053,200245,198567,49525,248092,2340
2022-06-18,Kings,031,150075,53569,53242,3628,56870,448
2022-06-18,Lake,033,64148,11451,11318,993,12311,140
2022-06-18,Lassen,035,31185,9259,9225,919,10144,64
2022-06-18,Los Angeles,037,10098052,2935435,2909197,141350,3050547,31999
2022-06-18,Madera,039,155013,39144,38859,6661,45520,372
2022-06-18,Marin,041,260295,39829,39214,4500,43714,294
2022-06-18,Mariposa,043,17540,2713,2662,261,2923,30
2022-06-18,Mendocino,045,87422,14255,14090,3680,17770,127
2022-06-18,Merced,047,269075,65486,64734,9578,74312,827
2022-06-18,Modoc,049,8938,773,771,265,1036,8
2022-06-18,Mono,051,14174,3074,3066,175,3241,6
2022-06-18,Monterey,053,433212,85034,84032,16637,100669,744
2022-06-18,Napa,055,140530,28969,28619,1247,29866,144
2022-06-18,Nevada,057,99092,17324,17134,1429,18563,129
2022-06-18,Orange,059,3164182,593177,587176,48572,635748,7074
2022-06-18,Placer,061,380077,68698,67961,8369,76330,628
2022-06-18,Plumas,063,18699,3233,3201,394,3595,13
2022-06-18,Riverside,065,2383286,624477,619760,30128,649888,6488
2022-06-18,Sacramento,067,1510023,309593,306215,30189,336404,3072
2022-06-18,San Benito,069,59416,14129,13985,683,14668,99
2022-06-18,San Bernardino,071,2135413,603384,591926,26476,618402,7765
2022-06-18,San Diego,073,3302833,820112,815124,60299,875423,5318
2022-06-18,San Francisco,075,870044,154597,151898,10165,162063,897
2022-06-18,San Joaquin,077,732212,178016,176323,11628,187951,2251
2022-06-18,San Luis Obispo,079,281455,57260,56767,5260,62027,485
2022-06-18,San Mateo,081,765935,146219,143879,9258,153137,723
2022-06-18,Santa Barbara,083,443738,93754,92906,5432,98338,699
2022-06-18,Santa Clara,085,1922200,371586,365638,15954,381592,2328
2022-06-18,Santa Cruz,087,273765,54741,53866,2664,56530,264
2022-06-18,Shasta,089,179085,31872,31647,6382,38029,568
2022-06-18,Sierra,091,2930,284,281,56,337,4
2022-06-18,Siskiyou,093,43540,4727,4672,2945,7617,81
2022-06-18,Solano,095,438530,92503,90548,6530,97078,454
2022-06-18,Sonoma,097,501317,95660,94318,4166,98484,493
2022-06-18,Stanislaus,099,539301,124313,123264,19026,142290,1668
2022-06-18,Sutter,101,95872,21623,21501,2285,23786,227
2022-06-18,Tehama,103,63373,12515,12410,2702,15112,205
2022-06-18,Trinity,105,12862,1230,1220,297,1517,20
2022-06-18,Tulare,107,460477,110752,110041,29791,139832,1496
2022-06-18,Tuolumne,109,53932,13682,13487,675,14162,189
2022-06-18,Ventura,111,848112,186913,185219,11534,196753,1513
2022-06-18,Yolo,113,214977,42747,41135,3556,44691,323
2022-06-18,Yuba,115,75493,16924,16786,1423,18209,124
2022-06-17,Alameda,001,1643700,300561,296062,16806,312868,1883
2022-06-17,Alpine,003,1148,129,129,1,130,0
2022-06-17,Amador,005,37829,9122,8985,740,9725,87
2022-06-17,Butte,007,227075,35516,34920,7716,42636,432
2022-06-17,Calaveras,009,45235,7717,7664,410,8074,122
2022-06-17,Colusa,011,21464,3534,3519,1104,4623,21
2022-06-17,Contra Costa,013,1133247,219486,213994,16626,230620,1323
2022-06-17,Del Norte,015,27424,6405,6307,278,6585,52
2022-06-17,El Dorado,017,186661,29229,28904,3638,32542,215
2022-06-17,Fresno,019,978130,244519,242214,26094,268308,2768
2022-06-17,Glenn,021,27897,5187,5131,1693,6824,48
2022-06-17,Humboldt,023,135768,19148,18885,3874,22759,148
2022-06-17,Imperial,025,180216,57900,57450,11313,68763,944
2022-06-17,Inyo,027,18085,4226,4209,615,4824,56
2022-06-17,Kern,029,883053,200091,198567,49483,248050,2340
2022-06-17,Kings,031,150075,53542,53242,3627,56869,448
2022-06-17,Lake,033,64148,11443,11318,992,12310,140
2022-06-17,Lassen,035,31185,9258,9225,918,10143,64
2022-06-17,Los Angeles,037,10098052,2932591,2909197,141053,3050250,31999
2022-06-17,Madera,039,155013,39119,38859,6655,45514,372
2022-06-17,Marin,041,260295,39734,39214,4488,43702,294
2022-06-17,Mariposa,043,17540,2709,2662,261,2923,30
2022-06-17,Mendocino,045,87422,14238,14090,3676,17766,127
2022-06-17,Merced,047,269075,65429,64734,9574,74308,827
2022-06-17,Modoc,049,8938,773,771,265,1036,8
2022-06-17,Mono,051,14174,3074,3066,175,3241,6
2022-06-17,Monterey,053,433212,84944,84032,16607,100639,744
2022-06-17,Napa,055,140530,28930,28619,1244,29863,144
2022-06-17,Nevada,057,99092,17306,17134,1424,18558,129
2022-06-17,Orange,059,3164182,592499,587176,48435,635611,7074
2022-06-17,Placer,061,380077,68638,67961,8357,76318,628
2022-06-17,Plumas,063,18699,3232,3201,393,3594,13
2022-06-17,Riverside,065,2383286,623926,619760,30092,649852,6488
2022-06-17,Sacramento,067,1510023,309205,306215,30169,336384,3072
2022-06-17,San Benito,069,59416,14117,13985,683,14668,99
2022-06-17,San Bernardino,071,2135413,602945,591926,26445,618371,7765
2022-06-17,San Diego,073,3302833,819148,815124,60195,875319,5318
2022-06-17,San Francisco,075,870044,154282,151898,10130,162028,897
2022-06-17,San Joaquin,077,732212,177867,176323,11618,187941,2251
2022-06-17,San Luis Obispo,079,281455,57223,56767,5254,62021,485
2022-06-17,San Mateo,081,765935,145917,143879,9239,153118,723
2022-06-17,Santa Barbara,083,443738,93649,92906,5420,98326,699
2022-06-17,Santa Clara,085,1922200,370759,365638,15921,381559,2328
2022-06-17,Santa Cruz,087,273765,54675,53866,2659,56525,264
2022-06-17,Shasta,089,179085,31846,31647,6374,38021,568
2022-06-17,Sierra,091,2930,284,281,56,337,4
2022-06-17,Siskiyou,093,43540,4720,4672,2945,7617,81
2022-06-17,Solano,095,438530,92359,90548,6517,97065,454
2022-06-17,Sonoma,097,501317,95495,94318,4149,98467,493
2022-06-17,Stanislaus,099,539301,124216,123264,19017,142281,1668
2022-06-17,Sutter,101,95872,21601,21501,2279,23780,227
2022-06-17,Tehama,103,63373,12500,12410,2699,15109,205
2022-06-17,Trinity,105,12862,1230,1220,297,1517,20
2022-06-17,Tulare,107,460477,110670,110041,29754,139795,1496
2022-06-17,Tuolumne,109,53932,13669,13487,674,14161,189
2022-06-17,Ventura,111,848112,186733,185219,11513,196732,1513
2022-06-17,Yolo,113,214977,42664,41135,3543,44678,323
2022-06-17,Yuba,115,75493,16917,16786,1420,18206,124
2022-06-16,Alameda,001,1643700,299780,296062,16756,312818,1883
2022-06-16,Alpine,003,1148,129,129,1,130,0
2022-06-16,Amador,005,37829,9115,8985,735,9720,87
2022-06-16,Butte,007,227075,35441,34920,7700,42620,432
2022-06-16,Calaveras,009,45235,7705,7664,409,8073,122
2022-06-16,Colusa,011,21464,3532,3519,1103,4622,21
2022-06-16,Contra Costa,013,1133247,219022,213994,16575,230569,1323
2022-06-16,Del Norte,015,27424,6391,6307,277,6584,52
2022-06-16,El Dorado,017,186661,29177,28904,3626,32530,215
2022-06-16,Fresno,019,978130,244147,242214,26031,268245,2768
2022-06-16,Glenn,021,27897,5178,5131,1689,6820,48
2022-06-16,Humboldt,023,135768,19118,18885,3860,22745,148
2022-06-16,Imperial,025,180216,57801,57450,11284,68734,944
2022-06-16,Inyo,027,18085,4225,4209,612,4821,56
2022-06-16,Kern,029,883053,199880,198567,49368,247935,2340
2022-06-16,Kings,031,150075,53475,53242,3623,56865,448
2022-06-16,Lake,033,64148,11427,11318,992,12310,140
2022-06-16,Lassen,035,31185,9251,9225,918,10143,64
2022-06-16,Los Angeles,037,10098052,2928600,2909197,140697,3049894,31999
2022-06-16,Madera,039,155013,39088,38859,6645,45504,372
2022-06-16,Marin,041,260295,39635,39214,4475,43689,294
2022-06-16,Mariposa,043,17540,2701,2662,259,2921,30
2022-06-16,Mendocino,045,87422,14209,14090,3666,17756,127
2022-06-16,Merced,047,269075,65351,64734,9555,74289,827
2022-06-16,Modoc,049,8938,773,771,265,1036,8
2022-06-16,Mono,051,14174,3073,3066,174,3240,6
2022-06-16,Monterey,053,433212,84795,84032,16552,100584,744
2022-06-16,Napa,055,140530,28886,28619,1241,29860,144
2022-06-16,Nevada,057,99092,17283,17134,1419,18553,129
2022-06-16,Orange,059,3164182,591477,587176,48301,635477,7074
2022-06-16,Placer,061,380077,68553,67961,8334,76295,628
2022-06-16,Plumas,063,18699,3225,3201,392,3593,13
2022-06-16,Riverside,065,2383286,623178,619760,30048,649808,6488
2022-06-16,Sacramento,067,1510023,308624,306215,30135,336350,3072
2022-06-16,San Benito,069,59416,14093,13985,680,14665,99
2022-06-16,San Bernardino,071,2135413,602289,591926,26407,618333,7765
2022-06-16,San Diego,073,3302833,817628,815124,60037,875161,5318
2022-06-16,San Francisco,075,870044,153835,151898,10090,161988,897
2022-06-16,San Joaquin,077,732212,177615,176323,11602,187925,2251
2022-06-16,San Luis Obispo,079,281455,57145,56767,5234,62001,485
2022-06-16,San Mateo,081,765935,145552,143879,9223,153102,723
2022-06-16,Santa Barbara,083,443738,93500,92906,5406,98312,699
2022-06-16,Santa Clara,085,1922200,369815,365638,15872,381510,2328
2022-06-16,Santa Cruz,087,273765,54542,53866,2647,56513,264
2022-06-16,Shasta,089,179085,31816,31647,6363,38010,568
2022-06-16,Sierra,091,2930,283,281,56,337,4
2022-06-16,Siskiyou,093,43540,4711,4672,2936,7608,81
2022-06-16,Solano,095,438530,92165,90548,6504,97052,454
2022-06-16,Sonoma,097,501317,95309,94318,4132,98450,493
2022-06-16,Stanislaus,099,539301,124056,123264,19000,142264,1668
2022-06-16,Sutter,101,95872,21576,21501,2277,23778,227
2022-06-16,Tehama,103,63373,12481,12410,2697,15107,205
2022-06-16,Trinity,105,12862,1228,1220,294,1514,20
2022-06-16,Tulare,107,460477,110540,110041,29711,139752,1496
2022-06-16,Tuolumne,109,53932,13645,13487,670,14157,189
2022-06-16,Ventura,111,848112,186462,185219,11468,196687,1513
2022-06-16,Yolo,113,214977,42573,41135,3532,44667,323
2022-06-16,Yuba,115,75493,16893,16786,1416,18202,124
2022-06-15,Alameda,001,1643700,298997,295002,16728,311730,1880
2022-06-15,Alpine,003,1148,129,129,1,130,0
2022-06-15,Amador,005,37829,9107,8972,735,9707,87
2022-06-15,Butte,007,227075,35378,34841,7681,42522,430
2022-06-15,Calaveras,009,45235,7702,7648,407,8055,122
2022-06-15,Colusa,011,21464,3528,3515,1101,4616,21
2022-06-15,Contra Costa,013,1133247,218560,213219,16530,229749,1321
2022-06-15,Del Norte,015,27424,6380,6298,276,6574,52
2022-06-15,El Dorado,017,186661,29123,28829,3614,32443,215
2022-06-15,Fresno,019,978130,243777,241768,25985,267753,2767
2022-06-15,Glenn,021,27897,5173,5128,1681,6809,48
2022-06-15,Humboldt,023,135768,19080,18836,3835,22671,148
2022-06-15,Imperial,025,180216,57718,57373,11261,68634,941
2022-06-15,Inyo,027,18085,4223,4205,611,4816,56
2022-06-15,Kern,029,883053,199615,198216,49261,247477,2338
2022-06-15,Kings,031,150075,53421,53170,3621,56791,448
2022-06-15,Lake,033,64148,11407,11303,987,12290,140
2022-06-15,Lassen,035,31185,9247,9209,917,10126,64
2022-06-15,Los Angeles,037,10098052,2924302,2897298,140339,3037637,31971
2022-06-15,Madera,039,155013,39044,38776,6628,45404,372
2022-06-15,Marin,041,260295,39546,39027,4468,43495,294
2022-06-15,Mariposa,043,17540,2697,2651,257,2908,30
2022-06-15,Mendocino,045,87422,14177,14052,3656,17708,127
2022-06-15,Merced,047,269075,65270,64595,9543,74138,825
2022-06-15,Modoc,049,8938,772,772,265,1037,8
2022-06-15,Mono,051,14174,3073,3060,173,3233,6
2022-06-15,Monterey,053,433212,84654,83837,16512,100349,741
2022-06-15,Napa,055,140530,28826,28518,1232,29750,144
2022-06-15,Nevada,057,99092,17258,17107,1415,18522,127
2022-06-15,Orange,059,3164182,590448,585496,48131,633627,7067
2022-06-15,Placer,061,380077,68430,67805,8318,76123,628
2022-06-15,Plumas,063,18699,3220,3185,390,3575,13
2022-06-15,Riverside,065,2383286,622454,618584,29996,648580,6482
2022-06-15,Sacramento,067,1510023,308030,305361,30088,335449,3059
2022-06-15,San Benito,069,59416,14053,13953,673,14626,99
2022-06-15,San Bernardino,071,2135413,601641,590328,26367,616695,7735
2022-06-15,San Diego,073,3302833,816081,811093,59869,870962,5316
2022-06-15,San Francisco,075,870044,153405,151170,10065,161235,890
2022-06-15,San Joaquin,077,732212,177371,175966,11571,187537,2244
2022-06-15,San Luis Obispo,079,281455,57059,56535,5197,61732,486
2022-06-15,San Mateo,081,765935,145155,143277,9207,152484,722
2022-06-15,Santa Barbara,083,443738,93367,92710,5399,98109,698
2022-06-15,Santa Clara,085,1922200,368812,364014,15836,379850,2323
2022-06-15,Santa Cruz,087,273765,54427,53718,2642,56360,265
2022-06-15,Shasta,089,179085,31776,31598,6356,37954,568
2022-06-15,Sierra,091,2930,281,280,56,336,4
2022-06-15,Siskiyou,093,43540,4700,4656,2926,7582,81
2022-06-15,Solano,095,438530,91936,90265,6493,96758,453
2022-06-15,Sonoma,097,501317,95116,94041,4120,98161,492
2022-06-15,Stanislaus,099,539301,123913,122944,18975,141919,1668
2022-06-15,Sutter,101,95872,21549,21448,2272,23720,227
2022-06-15,Tehama,103,63373,12473,12392,2691,15083,205
2022-06-15,Trinity,105,12862,1227,1217,292,1509,20
2022-06-15,Tulare,107,460477,110435,109930,29674,139604,1495
2022-06-15,Tuolumne,109,53932,13634,13459,670,14129,189
2022-06-15,Ventura,111,848112,186190,184750,11419,196169,1509
2022-06-15,Yolo,113,214977,42467,40756,3517,44273,322
2022-06-15,Yuba,115,75493,16868,16754,1411,18165,124
2022-06-14,Alameda,001,1643700,298302,295002,16684,311686,1880
2022-06-14,Alpine,003,1148,129,129,1,130,0
2022-06-14,Amador,005,37829,9091,8972,730,9702,87
2022-06-14,Butte,007,227075,35323,34841,7665,42506,430
2022-06-14,Calaveras,009,45235,7691,7648,406,8054,122
2022-06-14,Colusa,011,21464,3526,3515,1100,4615,21
2022-06-14,Contra Costa,013,1133247,218026,213219,16471,229690,1321
2022-06-14,Del Norte,015,27424,6372,6298,273,6571,52
2022-06-14,El Dorado,017,186661,29071,28829,3606,32435,215
2022-06-14,Fresno,019,978130,243381,241768,25923,267691,2767
2022-06-14,Glenn,021,27897,5164,5128,1678,6806,48
2022-06-14,Humboldt,023,135768,19030,18836,3818,22654,148
2022-06-14,Imperial,025,180216,57644,57373,11231,68604,941
2022-06-14,Inyo,027,18085,4218,4205,610,4815,56
2022-06-14,Kern,029,883053,199353,198216,49145,247361,2338
2022-06-14,Kings,031,150075,53351,53170,3619,56789,448
2022-06-14,Lake,033,64148,11381,11303,986,12289,140
2022-06-14,Lassen,035,31185,9241,9209,914,10123,64
2022-06-14,Los Angeles,037,10098052,2919778,2897298,139923,3037221,31971
2022-06-14,Madera,039,155013,38991,38776,6619,45395,372
2022-06-14,Marin,041,260295,39437,39027,4457,43484,294
2022-06-14,Mariposa,043,17540,2686,2651,254,2905,30
2022-06-14,Mendocino,045,87422,14149,14052,3643,17695,127
2022-06-14,Merced,047,269075,65188,64595,9518,74113,825
2022-06-14,Modoc,049,8938,772,772,264,1036,8
2022-06-14,Mono,051,14174,3073,3060,172,3232,6
2022-06-14,Monterey,053,433212,84515,83837,16466,100303,741
2022-06-14,Napa,055,140530,28763,28518,1231,29749,144
2022-06-14,Nevada,057,99092,17227,17107,1410,18517,127
2022-06-14,Orange,059,3164182,589322,585496,47968,633464,7067
2022-06-14,Placer,061,380077,68307,67805,8303,76108,628
2022-06-14,Plumas,063,18699,3215,3185,390,3575,13
2022-06-14,Riverside,065,2383286,621673,618584,29961,648545,6482
2022-06-14,Sacramento,067,1510023,307401,305361,30005,335366,3059
2022-06-14,San Benito,069,59416,14018,13953,671,14624,99
2022-06-14,San Bernardino,071,2135413,600928,590328,26323,616651,7735
2022-06-14,San Diego,073,3302833,814372,811093,59720,870813,5316
2022-06-14,San Francisco,075,870044,152925,151170,10038,161208,890
2022-06-14,San Joaquin,077,732212,177103,175966,11535,187501,2244
2022-06-14,San Luis Obispo,079,281455,56950,56535,5149,61684,486
2022-06-14,San Mateo,081,765935,144773,143277,9193,152470,722
2022-06-14,Santa Barbara,083,443738,93231,92710,5383,98093,698
2022-06-14,Santa Clara,085,1922200,367747,364014,15790,379804,2323
2022-06-14,Santa Cruz,087,273765,54300,53718,2631,56349,265
2022-06-14,Shasta,089,179085,31746,31598,6348,37946,568
2022-06-14,Sierra,091,2930,281,280,56,336,4
2022-06-14,Siskiyou,093,43540,4690,4656,2920,7576,81
2022-06-14,Solano,095,438530,91677,90265,6472,96737,453
2022-06-14,Sonoma,097,501317,94900,94041,4106,98147,492
2022-06-14,Stanislaus,099,539301,123736,122944,18946,141890,1668
2022-06-14,Sutter,101,95872,21511,21448,2268,23716,227
2022-06-14,Tehama,103,63373,12455,12392,2690,15082,205
2022-06-14,Trinity,105,12862,1226,1217,292,1509,20
2022-06-14,Tulare,107,460477,110295,109930,29628,139558,1495
2022-06-14,Tuolumne,109,53932,13613,13459,666,14125,189
2022-06-14,Ventura,111,848112,185897,184750,11381,196131,1509
2022-06-14,Yolo,113,214977,42360,40756,3506,44262,322
2022-06-14,Yuba,115,75493,16838,16754,1408,18162,124
2022-06-13,Alameda,001,1643700,297479,295002,16635,311637,1880
2022-06-13,Alpine,003,1148,129,129,1,130,0
2022-06-13,Amador,005,37829,9084,8972,728,9700,87
2022-06-13,Butte,007,227075,35245,34841,7640,42481,430
2022-06-13,Calaveras,009,45235,7673,7648,406,8054,122
2022-06-13,Colusa,011,21464,3526,3515,1097,4612,21
2022-06-13,Contra Costa,013,1133247,217450,213219,16404,229623,1321
2022-06-13,Del Norte,015,27424,6360,6298,269,6567,52
2022-06-13,El Dorado,017,186661,29021,28829,3594,32423,215
2022-06-13,Fresno,019,978130,242955,241768,25867,267635,2767
2022-06-13,Glenn,021,27897,5160,5128,1674,6802,48
2022-06-13,Humboldt,023,135768,18977,18836,3794,22630,148
2022-06-13,Imperial,025,180216,57544,57373,11187,68560,941
2022-06-13,Inyo,027,18085,4214,4205,605,4810,56
2022-06-13,Kern,029,883053,199085,198216,49010,247226,2338
2022-06-13,Kings,031,150075,53286,53170,3615,56785,448
2022-06-13,Lake,033,64148,11356,11303,985,12288,140
2022-06-13,Lassen,035,31185,9233,9209,911,10120,64
2022-06-13,Los Angeles,037,10098052,2915214,2897298,139532,3036830,31971
2022-06-13,Madera,039,155013,38924,38776,6601,45377,372
2022-06-13,Marin,041,260295,39330,39027,4429,43456,294
2022-06-13,Mariposa,043,17540,2672,2651,253,2904,30
2022-06-13,Mendocino,045,87422,14125,14052,3627,17679,127
2022-06-13,Merced,047,269075,65112,64595,9490,74085,825
2022-06-13,Modoc,049,8938,771,772,264,1036,8
2022-06-13,Mono,051,14174,3071,3060,172,3232,6
2022-06-13,Monterey,053,433212,84380,83837,16415,100252,741
2022-06-13,Napa,055,140530,28692,28518,1227,29745,144
2022-06-13,Nevada,057,99092,17196,17107,1407,18514,127
2022-06-13,Orange,059,3164182,588081,585496,47788,633284,7067
2022-06-13,Placer,061,380077,68210,67805,8281,76086,628
2022-06-13,Plumas,063,18699,3210,3185,389,3574,13
2022-06-13,Riverside,065,2383286,620931,618584,29926,648510,6482
2022-06-13,Sacramento,067,1510023,306724,305361,29939,335300,3059
2022-06-13,San Benito,069,59416,13991,13953,665,14618,99
2022-06-13,San Bernardino,071,2135413,600135,590328,26292,616620,7735
2022-06-13,San Diego,073,3302833,812665,811093,59614,870707,5316
2022-06-13,San Francisco,075,870044,152392,151170,10020,161190,890
2022-06-13,San Joaquin,077,732212,176839,175966,11498,187464,2244
2022-06-13,San Luis Obispo,079,281455,56848,56535,5097,61632,486
2022-06-13,San Mateo,081,765935,144333,143277,9171,152448,722
2022-06-13,Santa Barbara,083,443738,93102,92710,5370,98080,698
2022-06-13,Santa Clara,085,1922200,366736,364014,15738,379752,2323
2022-06-13,Santa Cruz,087,273765,54162,53718,2624,56342,265
2022-06-13,Shasta,089,179085,31712,31598,6341,37939,568
2022-06-13,Sierra,091,2930,281,280,56,336,4
2022-06-13,Siskiyou,093,43540,4686,4656,2912,7568,81
2022-06-13,Solano,095,438530,91438,90265,6447,96712,453
2022-06-13,Sonoma,097,501317,94644,94041,4087,98128,492
2022-06-13,Stanislaus,099,539301,123568,122944,18921,141865,1668
2022-06-13,Sutter,101,95872,21483,21448,2264,23712,227
2022-06-13,Tehama,103,63373,12435,12392,2687,15079,205
2022-06-13,Trinity,105,12862,1224,1217,292,1509,20
2022-06-13,Tulare,107,460477,110145,109930,29579,139509,1495
2022-06-13,Tuolumne,109,53932,13590,13459,663,14122,189
2022-06-13,Ventura,111,848112,185605,184750,11329,196079,1509
2022-06-13,Yolo,113,214977,42222,40756,3494,44250,322
2022-06-13,Yuba,115,75493,16820,16754,1404,18158,124
2022-06-12,Alameda,001,1643700,296659,292112,16577,308689,1877
2022-06-12,Alpine,003,1148,129,129,1,130,0
2022-06-12,Amador,005,37829,9061,8869,727,9596,87
2022-06-12,Butte,007,227075,35188,34596,7619,42215,427
2022-06-12,Calaveras,009,45235,7659,7604,403,8007,122
2022-06-12,Colusa,011,21464,3525,3505,1096,4601,21
2022-06-12,Contra Costa,013,1133247,216862,211229,16332,227561,1315
2022-06-12,Del Norte,015,27424,6346,6253,269,6522,52
2022-06-12,El Dorado,017,186661,28960,28641,3577,32218,215
2022-06-12,Fresno,019,978130,242491,240345,25814,266159,2766
2022-06-12,Glenn,021,27897,5157,5104,1672,6776,48
2022-06-12,Humboldt,023,135768,18912,18696,3758,22454,148
2022-06-12,Imperial,025,180216,57467,57129,11143,68272,941
2022-06-12,Inyo,027,18085,4212,4194,604,4798,56
2022-06-12,Kern,029,883053,198803,197353,48891,246244,2338
2022-06-12,Kings,031,150075,53208,52978,3610,56588,447
2022-06-12,Lake,033,64148,11332,11202,984,12186,139
2022-06-12,Lassen,035,31185,9215,9172,909,10081,64
2022-06-12,Los Angeles,037,10098052,2910276,2878981,139052,3018033,31947
2022-06-12,Madera,039,155013,38831,38567,6575,45142,372
2022-06-12,Marin,041,260295,39222,38593,4405,42998,294
2022-06-12,Mariposa,043,17540,2666,2625,252,2877,30
2022-06-12,Mendocino,045,87422,14102,13945,3621,17566,127
2022-06-12,Merced,047,269075,64997,64286,9461,73747,825
2022-06-12,Modoc,049,8938,771,767,264,1031,8
2022-06-12,Mono,051,14174,3067,3052,171,3223,6
2022-06-12,Monterey,053,433212,84223,83391,16337,99728,739
2022-06-12,Napa,055,140530,28630,28202,1218,29420,143
2022-06-12,Nevada,057,99092,17152,16989,1401,18390,127
2022-06-12,Orange,059,3164182,586808,581624,47599,629223,7057
2022-06-12,Placer,061,380077,68097,67306,8257,75563,628
2022-06-12,Plumas,063,18699,3204,3172,388,3560,13
2022-06-12,Riverside,065,2383286,619985,615556,29858,645414,6481
2022-06-12,Sacramento,067,1510023,305979,302721,29838,332559,3058
2022-06-12,San Benito,069,59416,13957,13832,659,14491,99
2022-06-12,San Bernardino,071,2135413,599216,587385,26243,613628,7708
2022-06-12,San Diego,073,3302833,810932,805360,59477,864837,5315
2022-06-12,San Francisco,075,870044,151838,149278,9975,159253,890
2022-06-12,San Joaquin,077,732212,176485,174822,11472,186294,2244
2022-06-12,San Luis Obispo,079,281455,56711,56160,5036,61196,485
2022-06-12,San Mateo,081,765935,143868,141719,9129,150848,715
2022-06-12,Santa Barbara,083,443738,92929,92177,5355,97532,694
2022-06-12,Santa Clara,085,1922200,365561,359925,15692,375617,2322
2022-06-12,Santa Cruz,087,273765,54002,53171,2619,55790,264
2022-06-12,Shasta,089,179085,31665,31483,6327,37810,566
2022-06-12,Sierra,091,2930,281,278,56,334,4
2022-06-12,Siskiyou,093,43540,4678,4633,2907,7540,81
2022-06-12,Solano,095,438530,91146,89424,6428,95852,453
2022-06-12,Sonoma,097,501317,94388,93218,4063,97281,492
2022-06-12,Stanislaus,099,539301,123369,122267,18880,141147,1665
2022-06-12,Sutter,101,95872,21442,21333,2249,23582,227
2022-06-12,Tehama,103,63373,12416,12343,2682,15025,205
2022-06-12,Trinity,105,12862,1221,1213,292,1505,20
2022-06-12,Tulare,107,460477,109951,109467,29513,138980,1495
2022-06-12,Tuolumne,109,53932,13562,13382,661,14043,189
2022-06-12,Ventura,111,848112,185251,183680,11282,194962,1508
2022-06-12,Yolo,113,214977,42101,40202,3489,43691,323
2022-06-12,Yuba,115,75493,16792,16653,1396,18049,123
2022-06-11,Alameda,001,1643700,296244,292112,16557,308669,1877
2022-06-11,Alpine,003,1148,129,129,1,130,0
2022-06-11,Amador,005,37829,9047,8869,727,9596,87
2022-06-11,Butte,007,227075,35153,34596,7603,42199,427
2022-06-11,Calaveras,009,45235,7652,7604,402,8006,122
2022-06-11,Colusa,011,21464,3523,3505,1095,4600,21
2022-06-11,Contra Costa,013,1133247,216550,211229,16297,227526,1315
2022-06-11,Del Norte,015,27424,6338,6253,269,6522,52
2022-06-11,El Dorado,017,186661,28941,28641,3575,32216,215
2022-06-11,Fresno,019,978130,242296,240345,25793,266138,2766
2022-06-11,Glenn,021,27897,5155,5104,1672,6776,48
2022-06-11,Humboldt,023,135768,18892,18696,3750,22446,148
2022-06-11,Imperial,025,180216,57411,57129,11129,68258,941
2022-06-11,Inyo,027,18085,4212,4194,602,4796,56
2022-06-11,Kern,029,883053,198681,197353,48818,246171,2338
2022-06-11,Kings,031,150075,53176,52978,3609,56587,447
2022-06-11,Lake,033,64148,11324,11202,981,12183,139
2022-06-11,Lassen,035,31185,9210,9172,908,10080,64
2022-06-11,Los Angeles,037,10098052,2907938,2878981,138762,3017743,31947
2022-06-11,Madera,039,155013,38810,38567,6573,45140,372
2022-06-11,Marin,041,260295,39145,38593,4371,42964,294
2022-06-11,Mariposa,043,17540,2662,2625,251,2876,30
2022-06-11,Mendocino,045,87422,14091,13945,3617,17562,127
2022-06-11,Merced,047,269075,64948,64286,9457,73743,825
2022-06-11,Modoc,049,8938,771,767,264,1031,8
2022-06-11,Mono,051,14174,3067,3052,171,3223,6
2022-06-11,Monterey,053,433212,84140,83391,16305,99696,739
2022-06-11,Napa,055,140530,28591,28202,1214,29416,143
2022-06-11,Nevada,057,99092,17138,16989,1399,18388,127
2022-06-11,Orange,059,3164182,586167,581624,47462,629086,7057
2022-06-11,Placer,061,380077,68009,67306,8248,75554,628
2022-06-11,Plumas,063,18699,3201,3172,388,3560,13
2022-06-11,Riverside,065,2383286,619459,615556,29829,645385,6481
2022-06-11,Sacramento,067,1510023,305672,302721,29803,332524,3058
2022-06-11,San Benito,069,59416,13947,13832,656,14488,99
2022-06-11,San Bernardino,071,2135413,598796,587385,26220,613605,7708
2022-06-11,San Diego,073,3302833,810230,805360,59432,864792,5315
2022-06-11,San Francisco,075,870044,151516,149278,9955,159233,890
2022-06-11,San Joaquin,077,732212,176331,174822,11453,186275,2244
2022-06-11,San Luis Obispo,079,281455,56677,56160,5026,61186,485
2022-06-11,San Mateo,081,765935,143645,141719,9107,150826,715
2022-06-11,Santa Barbara,083,443738,92863,92177,5341,97518,694
2022-06-11,Santa Clara,085,1922200,364799,359925,15654,375579,2322
2022-06-11,Santa Cruz,087,273765,53947,53171,2605,55776,264
2022-06-11,Shasta,089,179085,31649,31483,6321,37804,566
2022-06-11,Sierra,091,2930,281,278,56,334,4
2022-06-11,Siskiyou,093,43540,4672,4633,2899,7532,81
2022-06-11,Solano,095,438530,91057,89424,6418,95842,453
2022-06-11,Sonoma,097,501317,94281,93218,4038,97256,492
2022-06-11,Stanislaus,099,539301,123267,122267,18857,141124,1665
2022-06-11,Sutter,101,95872,21424,21333,2248,23581,227
2022-06-11,Tehama,103,63373,12409,12343,2682,15025,205
2022-06-11,Trinity,105,12862,1220,1213,292,1505,20
2022-06-11,Tulare,107,460477,109869,109467,29485,138952,1495
2022-06-11,Tuolumne,109,53932,13536,13382,660,14042,189
2022-06-11,Ventura,111,848112,185073,183680,11250,194930,1508
2022-06-11,Yolo,113,214977,42037,40202,3483,43685,323
2022-06-11,Yuba,115,75493,16773,16653,1392,18045,123
2022-06-10,Alameda,001,1643700,295772,292112,16534,308646,1877
2022-06-10,Alpine,003,1148,129,129,1,130,0
2022-06-10,Amador,005,37829,9034,8869,726,9595,87
2022-06-10,Butte,007,227075,35121,34596,7589,42185,427
2022-06-10,Calaveras,009,45235,7647,7604,401,8005,122
2022-06-10,Colusa,011,21464,3518,3505,1094,4599,21
2022-06-10,Contra Costa,013,1133247,216282,211229,16266,227495,1315
2022-06-10,Del Norte,015,27424,6332,6253,268,6521,52
2022-06-10,El Dorado,017,186661,28911,28641,3572,32213,215
2022-06-10,Fresno,019,978130,242067,240345,25770,266115,2766
2022-06-10,Glenn,021,27897,5153,5104,1669,6773,48
2022-06-10,Humboldt,023,135768,18870,18696,3743,22439,148
2022-06-10,Imperial,025,180216,57365,57129,11126,68255,941
2022-06-10,Inyo,027,18085,4211,4194,599,4793,56
2022-06-10,Kern,029,883053,198535,197353,48727,246080,2338
2022-06-10,Kings,031,150075,53156,52978,3608,56586,447
2022-06-10,Lake,033,64148,11309,11202,980,12182,139
2022-06-10,Lassen,035,31185,9207,9172,906,10078,64
2022-06-10,Los Angeles,037,10098052,2905211,2878981,138493,3017474,31947
2022-06-10,Madera,039,155013,38782,38567,6565,45132,372
2022-06-10,Marin,041,260295,39050,38593,4344,42937,294
2022-06-10,Mariposa,043,17540,2658,2625,250,2875,30
2022-06-10,Mendocino,045,87422,14073,13945,3609,17554,127
2022-06-10,Merced,047,269075,64905,64286,9452,73738,825
2022-06-10,Modoc,049,8938,771,767,264,1031,8
2022-06-10,Mono,051,14174,3067,3052,170,3222,6
2022-06-10,Monterey,053,433212,84048,83391,16265,99656,739
2022-06-10,Napa,055,140530,28561,28202,1213,29415,143
2022-06-10,Nevada,057,99092,17125,16989,1398,18387,127
2022-06-10,Orange,059,3164182,585506,581624,47348,628972,7057
2022-06-10,Placer,061,380077,67938,67306,8230,75536,628
2022-06-10,Plumas,063,18699,3197,3172,388,3560,13
2022-06-10,Riverside,065,2383286,618937,615556,29800,645356,6481
2022-06-10,Sacramento,067,1510023,305276,302721,29780,332501,3058
2022-06-10,San Benito,069,59416,13934,13832,655,14487,99
2022-06-10,San Bernardino,071,2135413,598389,587385,26189,613574,7708
2022-06-10,San Diego,073,3302833,809315,805360,59396,864756,5315
2022-06-10,San Francisco,075,870044,151202,149278,9917,159195,890
2022-06-10,San Joaquin,077,732212,176216,174822,11438,186260,2244
2022-06-10,San Luis Obispo,079,281455,56642,56160,5019,61179,485
2022-06-10,San Mateo,081,765935,143390,141719,9094,150813,715
2022-06-10,Santa Barbara,083,443738,92764,92177,5337,97514,694
2022-06-10,Santa Clara,085,1922200,364054,359925,15620,375545,2322
2022-06-10,Santa Cruz,087,273765,53848,53171,2595,55766,264
2022-06-10,Shasta,089,179085,31629,31483,6312,37795,566
2022-06-10,Sierra,091,2930,280,278,56,334,4
2022-06-10,Siskiyou,093,43540,4665,4633,2893,7526,81
2022-06-10,Solano,095,438530,90895,89424,6405,95829,453
2022-06-10,Sonoma,097,501317,94120,93218,4015,97233,492
2022-06-10,Stanislaus,099,539301,123148,122267,18843,141110,1665
2022-06-10,Sutter,101,95872,21409,21333,2246,23579,227
2022-06-10,Tehama,103,63373,12401,12343,2681,15024,205
2022-06-10,Trinity,105,12862,1218,1213,292,1505,20
2022-06-10,Tulare,107,460477,109802,109467,29464,138931,1495
2022-06-10,Tuolumne,109,53932,13522,13382,658,14040,189
2022-06-10,Ventura,111,848112,184887,183680,11216,194896,1508
2022-06-10,Yolo,113,214977,41947,40202,3475,43677,323
2022-06-10,Yuba,115,75493,16752,16653,1389,18042,123
2022-06-09,Alameda,001,1643700,294863,292112,16483,308595,1877
2022-06-09,Alpine,003,1148,129,129,1,130,0
2022-06-09,Amador,005,37829,9023,8869,723,9592,87
2022-06-09,Butte,007,227075,35061,34596,7578,42174,427
2022-06-09,Calaveras,009,45235,7637,7604,401,8005,122
2022-06-09,Colusa,011,21464,3517,3505,1092,4597,21
2022-06-09,Contra Costa,013,1133247,215769,211229,16220,227449,1315
2022-06-09,Del Norte,015,27424,6319,6253,265,6518,52
2022-06-09,El Dorado,017,186661,28854,28641,3563,32204,215
2022-06-09,Fresno,019,978130,241712,240345,25723,266068,2766
2022-06-09,Glenn,021,27897,5147,5104,1667,6771,48
2022-06-09,Humboldt,023,135768,18821,18696,3732,22428,148
2022-06-09,Imperial,025,180216,57307,57129,11109,68238,941
2022-06-09,Inyo,027,18085,4208,4194,594,4788,56
2022-06-09,Kern,029,883053,198333,197353,48629,245982,2338
2022-06-09,Kings,031,150075,53115,52978,3605,56583,447
2022-06-09,Lake,033,64148,11284,11202,978,12180,139
2022-06-09,Lassen,035,31185,9188,9172,904,10076,64
2022-06-09,Los Angeles,037,10098052,2900817,2878981,138112,3017093,31947
2022-06-09,Madera,039,155013,38729,38567,6551,45118,372
2022-06-09,Marin,041,260295,38947,38593,4319,42912,294
2022-06-09,Mariposa,043,17540,2654,2625,249,2874,30
2022-06-09,Mendocino,045,87422,14045,13945,3607,17552,127
2022-06-09,Merced,047,269075,64827,64286,9443,73729,825
2022-06-09,Modoc,049,8938,770,767,264,1031,8
2022-06-09,Mono,051,14174,3061,3052,168,3220,6
2022-06-09,Monterey,053,433212,83928,83391,16196,99587,739
2022-06-09,Napa,055,140530,28501,28202,1211,29413,143
2022-06-09,Nevada,057,99092,17091,16989,1397,18386,127
2022-06-09,Orange,059,3164182,584442,581624,47197,628821,7057
2022-06-09,Placer,061,380077,67817,67306,8217,75523,628
2022-06-09,Plumas,063,18699,3191,3172,388,3560,13
2022-06-09,Riverside,065,2383286,618245,615556,29760,645316,6481
2022-06-09,Sacramento,067,1510023,304695,302721,29692,332413,3058
2022-06-09,San Benito,069,59416,13916,13832,653,14485,99
2022-06-09,San Bernardino,071,2135413,597721,587385,26156,613541,7708
2022-06-09,San Diego,073,3302833,807906,805360,59257,864617,5315
2022-06-09,San Francisco,075,870044,150809,149278,9887,159165,890
2022-06-09,San Joaquin,077,732212,175923,174822,11419,186241,2244
2022-06-09,San Luis Obispo,079,281455,56555,56160,4990,61150,485
2022-06-09,San Mateo,081,765935,143005,141719,9067,150786,715
2022-06-09,Santa Barbara,083,443738,92633,92177,5332,97509,694
2022-06-09,Santa Clara,085,1922200,363089,359925,15552,375477,2322
2022-06-09,Santa Cruz,087,273765,53716,53171,2585,55756,264
2022-06-09,Shasta,089,179085,31598,31483,6302,37785,566
2022-06-09,Sierra,091,2930,280,278,56,334,4
2022-06-09,Siskiyou,093,43540,4658,4633,2879,7512,81
2022-06-09,Solano,095,438530,90650,89424,6390,95814,453
2022-06-09,Sonoma,097,501317,93963,93218,3996,97214,492
2022-06-09,Stanislaus,099,539301,122980,122267,18829,141096,1665
2022-06-09,Sutter,101,95872,21372,21333,2246,23579,227
2022-06-09,Tehama,103,63373,12383,12343,2680,15023,205
2022-06-09,Trinity,105,12862,1217,1213,292,1505,20
2022-06-09,Tulare,107,460477,109681,109467,29428,138895,1495
2022-06-09,Tuolumne,109,53932,13491,13382,655,14037,189
2022-06-09,Ventura,111,848112,184619,183680,11182,194862,1508
2022-06-09,Yolo,113,214977,41834,40202,3460,43662,323
2022-06-09,Yuba,115,75493,16729,16653,1386,18039,123
2022-06-08,Alameda,001,1643700,294100,289661,16435,306096,1873
2022-06-08,Alpine,003,1148,129,128,1,129,0
2022-06-08,Amador,005,37829,9015,8818,721,9539,87
2022-06-08,Butte,007,227075,34994,34380,7560,41940,427
2022-06-08,Calaveras,009,45235,7623,7564,401,7965,122
2022-06-08,Colusa,011,21464,3515,3495,1089,4584,21
2022-06-08,Contra Costa,013,1133247,215257,209384,16155,225539,1310
2022-06-08,Del Norte,015,27424,6297,6229,265,6494,52
2022-06-08,El Dorado,017,186661,28802,28478,3554,32032,215
2022-06-08,Fresno,019,978130,241372,239376,25651,265027,2766
2022-06-08,Glenn,021,27897,5143,5095,1664,6759,48
2022-06-08,Humboldt,023,135768,18791,18598,3706,22304,147
2022-06-08,Imperial,025,180216,57231,56912,11089,68001,941
2022-06-08,Inyo,027,18085,4206,4189,594,4783,56
2022-06-08,Kern,029,883053,198064,196763,48519,245282,2338
2022-06-08,Kings,031,150075,53045,52821,3601,56422,447
2022-06-08,Lake,033,64148,11263,11158,975,12133,137
2022-06-08,Lassen,035,31185,9175,9148,904,10052,64
2022-06-08,Los Angeles,037,10098052,2896190,2865901,137726,3003627,31920
2022-06-08,Madera,039,155013,38684,38408,6538,44946,372
2022-06-08,Marin,041,260295,38854,38338,4302,42640,294
2022-06-08,Mariposa,043,17540,2644,2614,248,2862,30
2022-06-08,Mendocino,045,87422,14025,13859,3595,17454,127
2022-06-08,Merced,047,269075,64761,64080,9421,73501,825
2022-06-08,Modoc,049,8938,766,761,264,1025,8
2022-06-08,Mono,051,14174,3057,3044,168,3212,6
2022-06-08,Monterey,053,433212,83817,83063,16146,99209,740
2022-06-08,Napa,055,140530,28412,27996,1206,29202,143
2022-06-08,Nevada,057,99092,17065,16907,1393,18300,127
2022-06-08,Orange,059,3164182,583336,578530,47008,625538,7044
2022-06-08,Placer,061,380077,67688,66951,8205,75156,627
2022-06-08,Plumas,063,18699,3188,3150,387,3537,13
2022-06-08,Riverside,065,2383286,617559,613469,29725,643194,6480
2022-06-08,Sacramento,067,1510023,304056,300875,29609,330484,3054
2022-06-08,San Benito,069,59416,13882,13734,651,14385,99
2022-06-08,San Bernardino,071,2135413,597024,585029,26112,611141,7685
2022-06-08,San Diego,073,3302833,806407,800840,59081,859921,5308
2022-06-08,San Francisco,075,870044,150387,147960,9861,157821,885
2022-06-08,San Joaquin,077,732212,175648,173887,11392,185279,2241
2022-06-08,San Luis Obispo,079,281455,56399,55822,4927,60749,484
2022-06-08,San Mateo,081,765935,142605,140569,9018,149587,710
2022-06-08,Santa Barbara,083,443738,92494,91747,5321,97068,693
2022-06-08,Santa Clara,085,1922200,362123,356452,15501,371953,2321
2022-06-08,Santa Cruz,087,273765,53576,52753,2574,55327,264
2022-06-08,Shasta,089,179085,31565,31394,6291,37685,565
2022-06-08,Sierra,091,2930,280,278,56,334,4
2022-06-08,Siskiyou,093,43540,4653,4609,2877,7486,81
2022-06-08,Solano,095,438530,90383,88522,6368,94890,453
2022-06-08,Sonoma,097,501317,93778,92644,3962,96606,491
2022-06-08,Stanislaus,099,539301,122797,121787,18794,140581,1662
2022-06-08,Sutter,101,95872,21348,21256,2240,23496,227
2022-06-08,Tehama,103,63373,12376,12306,2679,14985,205
2022-06-08,Trinity,105,12862,1216,1211,291,1502,20
2022-06-08,Tulare,107,460477,109595,109091,29374,138465,1494
2022-06-08,Tuolumne,109,53932,13475,13335,654,13989,189
2022-06-08,Ventura,111,848112,184343,182847,11132,193979,1506
2022-06-08,Yolo,113,214977,41728,39962,3446,43408,321
2022-06-08,Yuba,115,75493,16704,16558,1378,17936,122
2022-06-07,Alameda,001,1643700,293289,289661,16391,306052,1873
2022-06-07,Alpine,003,1148,129,128,1,129,0
2022-06-07,Amador,005,37829,9005,8818,718,9536,87
2022-06-07,Butte,007,227075,34915,34380,7535,41915,427
2022-06-07,Calaveras,009,45235,7615,7564,399,7963,122
2022-06-07,Colusa,011,21464,3515,3495,1086,4581,21
2022-06-07,Contra Costa,013,1133247,214698,209384,16102,225486,1310
2022-06-07,Del Norte,015,27424,6289,6229,262,6491,52
2022-06-07,El Dorado,017,186661,28738,28478,3543,32021,215
2022-06-07,Fresno,019,978130,240989,239376,25585,264961,2766
2022-06-07,Glenn,021,27897,5136,5095,1664,6759,48
2022-06-07,Humboldt,023,135768,18753,18598,3690,22288,147
2022-06-07,Imperial,025,180216,57172,56912,11056,67968,941
2022-06-07,Inyo,027,18085,4205,4189,586,4775,56
2022-06-07,Kern,029,883053,197809,196763,48411,245174,2338
2022-06-07,Kings,031,150075,52987,52821,3597,56418,447
2022-06-07,Lake,033,64148,11238,11158,969,12127,137
2022-06-07,Lassen,035,31185,9166,9148,903,10051,64
2022-06-07,Los Angeles,037,10098052,2890860,2865901,137289,3003190,31920
2022-06-07,Madera,039,155013,38612,38408,6522,44930,372
2022-06-07,Marin,041,260295,38770,38338,4275,42613,294
2022-06-07,Mariposa,043,17540,2637,2614,246,2860,30
2022-06-07,Mendocino,045,87422,13993,13859,3564,17423,127
2022-06-07,Merced,047,269075,64669,64080,9405,73485,825
2022-06-07,Modoc,049,8938,766,761,262,1023,8
2022-06-07,Mono,051,14174,3055,3044,166,3210,6
2022-06-07,Monterey,053,433212,83689,83063,16092,99155,740
2022-06-07,Napa,055,140530,28339,27996,1198,29194,143
2022-06-07,Nevada,057,99092,17038,16907,1387,18294,127
2022-06-07,Orange,059,3164182,582218,578530,46846,625376,7044
2022-06-07,Placer,061,380077,67536,66951,8173,75124,627
2022-06-07,Plumas,063,18699,3183,3150,386,3536,13
2022-06-07,Riverside,065,2383286,616679,613469,29674,643143,6480
2022-06-07,Sacramento,067,1510023,303334,300875,29507,330382,3054
2022-06-07,San Benito,069,59416,13840,13734,647,14381,99
2022-06-07,San Bernardino,071,2135413,596247,585029,26084,611113,7685
2022-06-07,San Diego,073,3302833,804830,800840,58871,859711,5308
2022-06-07,San Francisco,075,870044,149872,147960,9839,157799,885
2022-06-07,San Joaquin,077,732212,175315,173887,11353,185240,2241
2022-06-07,San Luis Obispo,079,281455,56296,55822,4882,60704,484
2022-06-07,San Mateo,081,765935,142186,140569,8962,149531,710
2022-06-07,Santa Barbara,083,443738,92348,91747,5308,97055,693
2022-06-07,Santa Clara,085,1922200,360987,356452,15420,371872,2321
2022-06-07,Santa Cruz,087,273765,53475,52753,2567,55320,264
2022-06-07,Shasta,089,179085,31528,31394,6284,37678,565
2022-06-07,Sierra,091,2930,279,278,56,334,4
2022-06-07,Siskiyou,093,43540,4646,4609,2873,7482,81
2022-06-07,Solano,095,438530,90056,88522,6350,94872,453
2022-06-07,Sonoma,097,501317,93548,92644,3930,96574,491
2022-06-07,Stanislaus,099,539301,122624,121787,18774,140561,1662
2022-06-07,Sutter,101,95872,21319,21256,2238,23494,227
2022-06-07,Tehama,103,63373,12360,12306,2675,14981,205
2022-06-07,Trinity,105,12862,1215,1211,291,1502,20
2022-06-07,Tulare,107,460477,109469,109091,29324,138415,1494
2022-06-07,Tuolumne,109,53932,13462,13335,652,13987,189
2022-06-07,Ventura,111,848112,183978,182847,11088,193935,1506
2022-06-07,Yolo,113,214977,41611,39962,3437,43399,321
2022-06-07,Yuba,115,75493,16675,16558,1377,17935,122
2022-06-06,Alameda,001,1643700,292408,289661,16338,305999,1873
2022-06-06,Alpine,003,1148,129,128,1,129,0
2022-06-06,Amador,005,37829,8954,8818,716,9534,87
2022-06-06,Butte,007,227075,34851,34380,7521,41901,427
2022-06-06,Calaveras,009,45235,7604,7564,399,7963,122
2022-06-06,Colusa,011,21464,3514,3495,1082,4577,21
2022-06-06,Contra Costa,013,1133247,214046,209384,16020,225404,1310
2022-06-06,Del Norte,015,27424,6281,6229,261,6490,52
2022-06-06,El Dorado,017,186661,28689,28478,3531,32009,215
2022-06-06,Fresno,019,978130,240567,239376,25517,264893,2766
2022-06-06,Glenn,021,27897,5128,5095,1661,6756,48
2022-06-06,Humboldt,023,135768,18715,18598,3677,22275,147
2022-06-06,Imperial,025,180216,57098,56912,11023,67935,941
2022-06-06,Inyo,027,18085,4201,4189,583,4772,56
2022-06-06,Kern,029,883053,197526,196763,48281,245044,2338
2022-06-06,Kings,031,150075,52928,52821,3594,56415,447
2022-06-06,Lake,033,64148,11218,11158,963,12121,137
2022-06-06,Lassen,035,31185,9156,9148,902,10050,64
2022-06-06,Los Angeles,037,10098052,2885221,2865901,136873,3002774,31920
2022-06-06,Madera,039,155013,38544,38408,6494,44902,372
2022-06-06,Marin,041,260295,38645,38338,4238,42576,294
2022-06-06,Mariposa,043,17540,2627,2614,244,2858,30
2022-06-06,Mendocino,045,87422,13964,13859,3553,17412,127
2022-06-06,Merced,047,269075,64549,64080,9381,73461,825
2022-06-06,Modoc,049,8938,764,761,260,1021,8
2022-06-06,Mono,051,14174,3052,3044,165,3209,6
2022-06-06,Monterey,053,433212,83546,83063,16027,99090,740
2022-06-06,Napa,055,140530,28261,27996,1189,29185,143
2022-06-06,Nevada,057,99092,17010,16907,1383,18290,127
2022-06-06,Orange,059,3164182,581091,578530,46686,625216,7044
2022-06-06,Placer,061,380077,67420,66951,8141,75092,627
2022-06-06,Plumas,063,18699,3176,3150,385,3535,13
2022-06-06,Riverside,065,2383286,615886,613469,29624,643093,6480
2022-06-06,Sacramento,067,1510023,302560,300875,29404,330279,3054
2022-06-06,San Benito,069,59416,13792,13734,643,14377,99
2022-06-06,San Bernardino,071,2135413,595477,585029,26042,611071,7685
2022-06-06,San Diego,073,3302833,803040,800840,58636,859476,5308
2022-06-06,San Francisco,075,870044,149353,147960,9816,157776,885
2022-06-06,San Joaquin,077,732212,174934,173887,11322,185209,2241
2022-06-06,San Luis Obispo,079,281455,56187,55822,4849,60671,484
2022-06-06,San Mateo,081,765935,141706,140569,8924,149493,710
2022-06-06,Santa Barbara,083,443738,92171,91747,5290,97037,693
2022-06-06,Santa Clara,085,1922200,359726,356452,15337,371789,2321
2022-06-06,Santa Cruz,087,273765,53320,52753,2555,55308,264
2022-06-06,Shasta,089,179085,31493,31394,6272,37666,565
2022-06-06,Sierra,091,2930,279,278,56,334,4
2022-06-06,Siskiyou,093,43540,4636,4609,2863,7472,81
2022-06-06,Solano,095,438530,89766,88522,6331,94853,453
2022-06-06,Sonoma,097,501317,93307,92644,3902,96546,491
2022-06-06,Stanislaus,099,539301,122436,121787,18748,140535,1662
2022-06-06,Sutter,101,95872,21289,21256,2232,23488,227
2022-06-06,Tehama,103,63373,12348,12306,2673,14979,205
2022-06-06,Trinity,105,12862,1213,1211,291,1502,20
2022-06-06,Tulare,107,460477,109330,109091,29269,138360,1494
2022-06-06,Tuolumne,109,53932,13443,13335,651,13986,189
2022-06-06,Ventura,111,848112,183671,182847,11045,193892,1506
2022-06-06,Yolo,113,214977,41453,39962,3426,43388,321
2022-06-06,Yuba,115,75493,16632,16558,1370,17928,122
2022-06-05,Alameda,001,1643700,291358,285785,16277,302062,1873
2022-06-05,Alpine,003,1148,128,128,1,129,0
2022-06-05,Amador,005,37829,8916,8775,713,9488,87
2022-06-05,Butte,007,227075,34772,34129,7503,41632,427
2022-06-05,Calaveras,009,45235,7588,7525,393,7918,121
2022-06-05,Colusa,011,21464,3508,3484,1082,4566,21
2022-06-05,Contra Costa,013,1133247,213336,206711,15907,222618,1310
2022-06-05,Del Norte,015,27424,6270,6206,257,6463,52
2022-06-05,El Dorado,017,186661,28613,28241,3522,31763,214
2022-06-05,Fresno,019,978130,240102,237945,25428,263373,2766
2022-06-05,Glenn,021,27897,5121,5063,1661,6724,48
2022-06-05,Humboldt,023,135768,18666,18433,3655,22088,147
2022-06-05,Imperial,025,180216,57002,56690,10975,67665,941
2022-06-05,Inyo,027,18085,4197,4176,578,4754,56
2022-06-05,Kern,029,883053,197215,195863,48167,244030,2338
2022-06-05,Kings,031,150075,52853,52597,3588,56185,447
2022-06-05,Lake,033,64148,11199,11064,959,12023,137
2022-06-05,Lassen,035,31185,9148,9106,898,10004,64
2022-06-05,Los Angeles,037,10098052,2879156,2846989,136349,2983338,31899
2022-06-05,Madera,039,155013,38482,38188,6478,44666,372
2022-06-05,Marin,041,260295,38532,37879,4205,42084,294
2022-06-05,Mariposa,043,17540,2625,2557,243,2800,30
2022-06-05,Mendocino,045,87422,13928,13738,3506,17244,125
2022-06-05,Merced,047,269075,64458,63756,9348,73104,825
2022-06-05,Modoc,049,8938,763,759,260,1019,8
2022-06-05,Mono,051,14174,3049,3037,163,3200,6
2022-06-05,Monterey,053,433212,83386,82451,15944,98395,738
2022-06-05,Napa,055,140530,28132,27686,1180,28866,143
2022-06-05,Nevada,057,99092,16966,16728,1367,18095,127
2022-06-05,Orange,059,3164182,579828,574146,46499,620645,7038
2022-06-05,Placer,061,380077,67279,66428,8108,74536,627
2022-06-05,Plumas,063,18699,3168,3138,385,3523,13
2022-06-05,Riverside,065,2383286,614949,610369,29561,639930,6481
2022-06-05,Sacramento,067,1510023,301647,297787,29262,327049,3052
2022-06-05,San Benito,069,59416,13747,13572,637,14209,99
2022-06-05,San Bernardino,071,2135413,594497,582305,25997,608302,7664
2022-06-05,San Diego,073,3302833,801137,794822,58445,853267,5303
2022-06-05,San Francisco,075,870044,148765,145876,9763,155639,881
2022-06-05,San Joaquin,077,732212,174500,172621,11275,183896,2242
2022-06-05,San Luis Obispo,079,281455,56025,55333,4776,60109,484
2022-06-05,San Mateo,081,765935,141192,138536,8876,147412,710
2022-06-05,Santa Barbara,083,443738,91979,90911,5271,96182,693
2022-06-05,Santa Clara,085,1922200,358320,351492,15247,366739,2317
2022-06-05,Santa Cruz,087,273765,53128,52333,2542,54875,263
2022-06-05,Shasta,089,179085,31452,31272,6261,37533,565
2022-06-05,Sierra,091,2930,279,278,56,334,4
2022-06-05,Siskiyou,093,43540,4631,4591,2851,7442,81
2022-06-05,Solano,095,438530,89424,87571,6314,93885,452
2022-06-05,Sonoma,097,501317,93028,91518,3873,95391,491
2022-06-05,Stanislaus,099,539301,122239,121001,18720,139721,1661
2022-06-05,Sutter,101,95872,21257,21125,2225,23350,227
2022-06-05,Tehama,103,63373,12330,12262,2670,14932,204
2022-06-05,Trinity,105,12862,1213,1204,291,1495,20
2022-06-05,Tulare,107,460477,109142,108598,29193,137791,1490
2022-06-05,Tuolumne,109,53932,13414,13251,638,13889,189
2022-06-05,Ventura,111,848112,183318,181709,10988,192697,1505
2022-06-05,Yolo,113,214977,41322,39561,3414,42975,321
2022-06-05,Yuba,115,75493,16592,16467,1362,17829,122
2022-06-04,Alameda,001,1643700,290857,285785,16257,302042,1873
2022-06-04,Alpine,003,1148,128,128,1,129,0
2022-06-04,Amador,005,37829,8907,8775,711,9486,87
2022-06-04,Butte,007,227075,34733,34129,7498,41627,427
2022-06-04,Calaveras,009,45235,7574,7525,393,7918,121
2022-06-04,Colusa,011,21464,3505,3484,1077,4561,21
2022-06-04,Contra Costa,013,1133247,212948,206711,15868,222579,1310
2022-06-04,Del Norte,015,27424,6269,6206,257,6463,52
2022-06-04,El Dorado,017,186661,28574,28241,3518,31759,214
2022-06-04,Fresno,019,978130,239931,237945,25411,263356,2766
2022-06-04,Glenn,021,27897,5117,5063,1660,6723,48
2022-06-04,Humboldt,023,135768,18644,18433,3649,22082,147
2022-06-04,Imperial,025,180216,56952,56690,10963,67653,941
2022-06-04,Inyo,027,18085,4197,4176,577,4753,56
2022-06-04,Kern,029,883053,197091,195863,48099,243962,2338
2022-06-04,Kings,031,150075,52811,52597,3588,56185,447
2022-06-04,Lake,033,64148,11184,11064,953,12017,137
2022-06-04,Lassen,035,31185,9143,9106,897,10003,64
2022-06-04,Los Angeles,037,10098052,2876704,2846989,136073,2983062,31899
2022-06-04,Madera,039,155013,38448,38188,6474,44662,372
2022-06-04,Marin,041,260295,38455,37879,4164,42043,294
2022-06-04,Mariposa,043,17540,2622,2557,243,2800,30
2022-06-04,Mendocino,045,87422,13915,13738,3505,17243,125
2022-06-04,Merced,047,269075,64407,63756,9340,73096,825
2022-06-04,Modoc,049,8938,762,759,259,1018,8
2022-06-04,Mono,051,14174,3049,3037,163,3200,6
2022-06-04,Monterey,053,433212,83301,82451,15909,98360,738
2022-06-04,Napa,055,140530,28090,27686,1178,28864,143
2022-06-04,Nevada,057,99092,16953,16728,1366,18094,127
2022-06-04,Orange,059,3164182,579188,574146,46372,620518,7038
2022-06-04,Placer,061,380077,67197,66428,8091,74519,627
2022-06-04,Plumas,063,18699,3164,3138,384,3522,13
2022-06-04,Riverside,065,2383286,614414,610369,29536,639905,6481
2022-06-04,Sacramento,067,1510023,301290,297787,29234,327021,3052
2022-06-04,San Benito,069,59416,13721,13572,634,14206,99
2022-06-04,San Bernardino,071,2135413,594047,582305,25968,608273,7664
2022-06-04,San Diego,073,3302833,800407,794822,58398,853220,5303
2022-06-04,San Francisco,075,870044,148437,145876,9742,155618,881
2022-06-04,San Joaquin,077,732212,174355,172621,11241,183862,2242
2022-06-04,San Luis Obispo,079,281455,55987,55333,4769,60102,484
2022-06-04,San Mateo,081,765935,140888,138536,8848,147384,710
2022-06-04,Santa Barbara,083,443738,91881,90911,5250,96161,693
2022-06-04,Santa Clara,085,1922200,357443,351492,15206,366698,2317
2022-06-04,Santa Cruz,087,273765,53043,52333,2529,54862,263
2022-06-04,Shasta,089,179085,31429,31272,6258,37530,565
2022-06-04,Sierra,091,2930,279,278,56,334,4
2022-06-04,Siskiyou,093,43540,4627,4591,2845,7436,81
2022-06-04,Solano,095,438530,89340,87571,6297,93868,452
2022-06-04,Sonoma,097,501317,92875,91518,3859,95377,491
2022-06-04,Stanislaus,099,539301,122101,121001,18705,139706,1661
2022-06-04,Sutter,101,95872,21230,21125,2222,23347,227
2022-06-04,Tehama,103,63373,12316,12262,2669,14931,204
2022-06-04,Trinity,105,12862,1213,1204,291,1495,20
2022-06-04,Tulare,107,460477,109076,108598,29151,137749,1490
2022-06-04,Tuolumne,109,53932,13404,13251,635,13886,189
2022-06-04,Ventura,111,848112,183133,181709,10971,192680,1505
2022-06-04,Yolo,113,214977,41244,39561,3409,42970,321
2022-06-04,Yuba,115,75493,16576,16467,1358,17825,122
2022-06-03,Alameda,001,1643700,290323,285785,16231,302016,1873
2022-06-03,Alpine,003,1148,128,128,1,129,0
2022-06-03,Amador,005,37829,8901,8775,709,9484,87
2022-06-03,Butte,007,227075,34682,34129,7488,41617,427
2022-06-03,Calaveras,009,45235,7569,7525,393,7918,121
2022-06-03,Colusa,011,21464,3505,3484,1075,4559,21
2022-06-03,Contra Costa,013,1133247,212637,206711,15839,222550,1310
2022-06-03,Del Norte,015,27424,6265,6206,254,6460,52
2022-06-03,El Dorado,017,186661,28545,28241,3515,31756,214
2022-06-03,Fresno,019,978130,239702,237945,25378,263323,2766
2022-06-03,Glenn,021,27897,5111,5063,1658,6721,48
2022-06-03,Humboldt,023,135768,18624,18433,3644,22077,147
2022-06-03,Imperial,025,180216,56906,56690,10953,67643,941
2022-06-03,Inyo,027,18085,4196,4176,577,4753,56
2022-06-03,Kern,029,883053,196950,195863,48031,243894,2338
2022-06-03,Kings,031,150075,52787,52597,3588,56185,447
2022-06-03,Lake,033,64148,11173,11064,950,12014,137
2022-06-03,Lassen,035,31185,9138,9106,897,10003,64
2022-06-03,Los Angeles,037,10098052,2873805,2846989,135790,2982779,31899
2022-06-03,Madera,039,155013,38404,38188,6465,44653,372
2022-06-03,Marin,041,260295,38386,37879,4129,42008,294
2022-06-03,Mariposa,043,17540,2618,2557,243,2800,30
2022-06-03,Mendocino,045,87422,13893,13738,3504,17242,125
2022-06-03,Merced,047,269075,64356,63756,9337,73093,825
2022-06-03,Modoc,049,8938,762,759,259,1018,8
2022-06-03,Mono,051,14174,3046,3037,163,3200,6
2022-06-03,Monterey,053,433212,83202,82451,15862,98313,738
2022-06-03,Napa,055,140530,28040,27686,1170,28856,143
2022-06-03,Nevada,057,99092,16932,16728,1365,18093,127
2022-06-03,Orange,059,3164182,578504,574146,46268,620414,7038
2022-06-03,Placer,061,380077,67116,66428,8074,74502,627
2022-06-03,Plumas,063,18699,3162,3138,383,3521,13
2022-06-03,Riverside,065,2383286,613889,610369,29506,639875,6481
2022-06-03,Sacramento,067,1510023,300820,297787,29201,326988,3052
2022-06-03,San Benito,069,59416,13708,13572,630,14202,99
2022-06-03,San Bernardino,071,2135413,593586,582305,25933,608238,7664
2022-06-03,San Diego,073,3302833,799457,794822,58275,853097,5303
2022-06-03,San Francisco,075,870044,148069,145876,9710,155586,881
2022-06-03,San Joaquin,077,732212,174192,172621,11222,183843,2242
2022-06-03,San Luis Obispo,079,281455,55942,55333,4760,60093,484
2022-06-03,San Mateo,081,765935,140605,138536,8835,147371,710
2022-06-03,Santa Barbara,083,443738,91762,90911,5248,96159,693
2022-06-03,Santa Clara,085,1922200,356551,351492,15160,366652,2317
2022-06-03,Santa Cruz,087,273765,52911,52333,2516,54849,263
2022-06-03,Shasta,089,179085,31417,31272,6257,37529,565
2022-06-03,Sierra,091,2930,279,278,56,334,4
2022-06-03,Siskiyou,093,43540,4622,4591,2844,7435,81
2022-06-03,Solano,095,438530,89224,87571,6287,93858,452
2022-06-03,Sonoma,097,501317,92730,91518,3850,95368,491
2022-06-03,Stanislaus,099,539301,121994,121001,18684,139685,1661
2022-06-03,Sutter,101,95872,21207,21125,2221,23346,227
2022-06-03,Tehama,103,63373,12310,12262,2668,14930,204
2022-06-03,Trinity,105,12862,1211,1204,291,1495,20
2022-06-03,Tulare,107,460477,109008,108598,29116,137714,1490
2022-06-03,Tuolumne,109,53932,13393,13251,632,13883,189
2022-06-03,Ventura,111,848112,182945,181709,10946,192655,1505
2022-06-03,Yolo,113,214977,41181,39561,3395,42956,321
2022-06-03,Yuba,115,75493,16551,16467,1356,17823,122
2022-06-02,Alameda,001,1643700,289426,285785,16168,301953,1873
2022-06-02,Alpine,003,1148,128,128,1,129,0
2022-06-02,Amador,005,37829,8878,8775,707,9482,87
2022-06-02,Butte,007,227075,34607,34129,7472,41601,427
2022-06-02,Calaveras,009,45235,7556,7525,392,7917,121
2022-06-02,Colusa,011,21464,3502,3484,1075,4559,21
2022-06-02,Contra Costa,013,1133247,212051,206711,15747,222458,1310
2022-06-02,Del Norte,015,27424,6255,6206,253,6459,52
2022-06-02,El Dorado,017,186661,28478,28241,3503,31744,214
2022-06-02,Fresno,019,978130,239357,237945,25321,263266,2766
2022-06-02,Glenn,021,27897,5105,5063,1654,6717,48
2022-06-02,Humboldt,023,135768,18583,18433,3623,22056,147
2022-06-02,Imperial,025,180216,56847,56690,10942,67632,941
2022-06-02,Inyo,027,18085,4196,4176,574,4750,56
2022-06-02,Kern,029,883053,196667,195863,47927,243790,2338
2022-06-02,Kings,031,150075,52734,52597,3583,56180,447
2022-06-02,Lake,033,64148,11151,11064,948,12012,137
2022-06-02,Lassen,035,31185,9127,9106,897,10003,64
2022-06-02,Los Angeles,037,10098052,2868888,2846989,135367,2982356,31899
2022-06-02,Madera,039,155013,38351,38188,6452,44640,372
2022-06-02,Marin,041,260295,38288,37879,4102,41981,294
2022-06-02,Mariposa,043,17540,2613,2557,242,2799,30
2022-06-02,Mendocino,045,87422,13864,13738,3496,17234,125
2022-06-02,Merced,047,269075,64279,63756,9328,73084,825
2022-06-02,Modoc,049,8938,761,759,259,1018,8
2022-06-02,Mono,051,14174,3046,3037,163,3200,6
2022-06-02,Monterey,053,433212,83050,82451,15798,98249,738
2022-06-02,Napa,055,140530,27964,27686,1167,28853,143
2022-06-02,Nevada,057,99092,16895,16728,1360,18088,127
2022-06-02,Orange,059,3164182,577475,574146,46123,620269,7038
2022-06-02,Placer,061,380077,66995,66428,8050,74478,627
2022-06-02,Plumas,063,18699,3153,3138,383,3521,13
2022-06-02,Riverside,065,2383286,613203,610369,29447,639816,6481
2022-06-02,Sacramento,067,1510023,300180,297787,29095,326882,3052
2022-06-02,San Benito,069,59416,13675,13572,628,14200,99
2022-06-02,San Bernardino,071,2135413,592904,582305,25888,608193,7664
2022-06-02,San Diego,073,3302833,798084,794822,58106,852928,5303
2022-06-02,San Francisco,075,870044,147652,145876,9661,155537,881
2022-06-02,San Joaquin,077,732212,173883,172621,11190,183811,2242
2022-06-02,San Luis Obispo,079,281455,55812,55333,4725,60058,484
2022-06-02,San Mateo,081,765935,140227,138536,8782,147318,710
2022-06-02,Santa Barbara,083,443738,91588,90911,5233,96144,693
2022-06-02,Santa Clara,085,1922200,355461,351492,15040,366532,2317
2022-06-02,Santa Cruz,087,273765,52795,52333,2505,54838,263
2022-06-02,Shasta,089,179085,31387,31272,6250,37522,565
2022-06-02,Sierra,091,2930,279,278,56,334,4
2022-06-02,Siskiyou,093,43540,4615,4591,2835,7426,81
2022-06-02,Solano,095,438530,88950,87571,6276,93847,452
2022-06-02,Sonoma,097,501317,92504,91518,3824,95342,491
2022-06-02,Stanislaus,099,539301,121836,121001,18655,139656,1661
2022-06-02,Sutter,101,95872,21180,21125,2215,23340,227
2022-06-02,Tehama,103,63373,12298,12262,2661,14923,204
2022-06-02,Trinity,105,12862,1209,1204,291,1495,20
2022-06-02,Tulare,107,460477,108878,108598,29050,137648,1490
2022-06-02,Tuolumne,109,53932,13374,13251,630,13881,189
2022-06-02,Ventura,111,848112,182674,181709,10912,192621,1505
2022-06-02,Yolo,113,214977,41072,39561,3385,42946,321
2022-06-02,Yuba,115,75493,16530,16467,1349,17816,122
2022-06-01,Alameda,001,1643700,288423,284051,16113,300164,1868
2022-06-01,Alpine,003,1148,128,128,1,129,0
2022-06-01,Amador,005,37829,8872,8741,705,9446,87
2022-06-01,Butte,007,227075,34537,34059,7458,41517,427
2022-06-01,Calaveras,009,45235,7551,7502,389,7891,120
2022-06-01,Colusa,011,21464,3499,3476,1075,4551,21
2022-06-01,Contra Costa,013,1133247,211406,205699,15670,221369,1310
2022-06-01,Del Norte,015,27424,6245,6188,252,6440,51
2022-06-01,El Dorado,017,186661,28416,28133,3485,31618,214
2022-06-01,Fresno,019,978130,238999,237367,25266,262633,2765
2022-06-01,Glenn,021,27897,5100,5059,1654,6713,48
2022-06-01,Humboldt,023,135768,18540,18371,3600,21971,147
2022-06-01,Imperial,025,180216,56780,56445,10915,67360,938
2022-06-01,Inyo,027,18085,4192,4171,568,4739,56
2022-06-01,Kern,029,883053,196441,195438,47848,243286,2336
2022-06-01,Kings,031,150075,52677,52491,3579,56070,447
2022-06-01,Lake,033,64148,11130,11024,943,11967,137
2022-06-01,Lassen,035,31185,9114,9083,896,9979,64
2022-06-01,Los Angeles,037,10098052,2863492,2836856,134937,2971793,31882
2022-06-01,Madera,039,155013,38313,38115,6438,44553,372
2022-06-01,Marin,041,260295,38174,37654,4061,41715,293
2022-06-01,Mariposa,043,17540,2598,2549,241,2790,30
2022-06-01,Mendocino,045,87422,13837,13692,3480,17172,125
2022-06-01,Merced,047,269075,64198,63637,9310,72947,824
2022-06-01,Modoc,049,8938,758,755,258,1013,8
2022-06-01,Mono,051,14174,3044,3035,162,3197,6
2022-06-01,Monterey,053,433212,82895,82215,15735,97950,737
2022-06-01,Napa,055,140530,27888,27580,1157,28737,143
2022-06-01,Nevada,057,99092,16856,16693,1351,18044,127
2022-06-01,Orange,059,3164182,576226,571973,45968,617941,7032
2022-06-01,Placer,061,380077,66852,66199,8017,74216,627
2022-06-01,Plumas,063,18699,3146,3117,382,3499,13
2022-06-01,Riverside,065,2383286,612468,608913,29401,638314,6480
2022-06-01,Sacramento,067,1510023,299429,296457,28991,325448,3045
2022-06-01,San Benito,069,59416,13637,13510,617,14127,98
2022-06-01,San Bernardino,071,2135413,592193,580767,25850,606617,7641
2022-06-01,San Diego,073,3302833,796390,791557,57907,849464,5292
2022-06-01,San Francisco,075,870044,147133,144476,9623,154099,879
2022-06-01,San Joaquin,077,732212,173585,172170,11161,183331,2241
2022-06-01,San Luis Obispo,079,281455,55645,55099,4692,59791,482
2022-06-01,San Mateo,081,765935,139746,137566,8707,146273,710
2022-06-01,Santa Barbara,083,443738,91405,90531,5218,95749,693
2022-06-01,Santa Clara,085,1922200,354302,348742,14956,363698,2317
2022-06-01,Santa Cruz,087,273765,52682,52141,2495,54636,263
2022-06-01,Shasta,089,179085,31356,31247,6247,37494,564
2022-06-01,Sierra,091,2930,279,280,56,336,4
2022-06-01,Siskiyou,093,43540,4610,4574,2830,7404,81
2022-06-01,Solano,095,438530,88716,87206,6248,93454,452
2022-06-01,Sonoma,097,501317,92251,91174,3800,94974,491
2022-06-01,Stanislaus,099,539301,121645,120778,18633,139411,1656
2022-06-01,Sutter,101,95872,21151,21065,2211,23276,227
2022-06-01,Tehama,103,63373,12291,12245,2657,14902,204
2022-06-01,Trinity,105,12862,1208,1200,290,1490,20
2022-06-01,Tulare,107,460477,108767,108401,28993,137394,1490
2022-06-01,Tuolumne,109,53932,13360,13221,629,13850,189
2022-06-01,Ventura,111,848112,182391,181163,10881,192044,1503
2022-06-01,Yolo,113,214977,40988,39371,3374,42745,320
2022-06-01,Yuba,115,75493,16506,16406,1341,17747,122
2022-05-31,Alameda,001,1643700,287318,284051,16059,300110,1868
2022-05-31,Alpine,003,1148,128,128,1,129,0
2022-05-31,Amador,005,37829,8854,8741,699,9440,87
2022-05-31,Butte,007,227075,34476,34059,7440,41499,427
2022-05-31,Calaveras,009,45235,7540,7502,389,7891,120
2022-05-31,Colusa,011,21464,3494,3476,1074,4550,21
2022-05-31,Contra Costa,013,1133247,210657,205699,15575,221274,1310
2022-05-31,Del Norte,015,27424,6236,6188,250,6438,51
2022-05-31,El Dorado,017,186661,28355,28133,3465,31598,214
2022-05-31,Fresno,019,978130,238597,237367,25198,262565,2765
2022-05-31,Glenn,021,27897,5092,5059,1652,6711,48
2022-05-31,Humboldt,023,135768,18509,18371,3580,21951,147
2022-05-31,Imperial,025,180216,56716,56445,10891,67336,938
2022-05-31,Inyo,027,18085,4186,4171,566,4737,56
2022-05-31,Kern,029,883053,196198,195438,47752,243190,2336
2022-05-31,Kings,031,150075,52626,52491,3572,56063,447
2022-05-31,Lake,033,64148,11111,11024,939,11963,137
2022-05-31,Lassen,035,31185,9102,9083,895,9978,64
2022-05-31,Los Angeles,037,10098052,2857418,2836856,134473,2971329,31882
2022-05-31,Madera,039,155013,38249,38115,6418,44533,372
2022-05-31,Marin,041,260295,38036,37654,4025,41679,293
2022-05-31,Mariposa,043,17540,2592,2549,236,2785,30
2022-05-31,Mendocino,045,87422,13802,13692,3463,17155,125
2022-05-31,Merced,047,269075,64111,63637,9287,72924,824
2022-05-31,Modoc,049,8938,756,755,258,1013,8
2022-05-31,Mono,051,14174,3040,3035,162,3197,6
2022-05-31,Monterey,053,433212,82735,82215,15669,97884,737
2022-05-31,Napa,055,140530,27795,27580,1154,28734,143
2022-05-31,Nevada,057,99092,16809,16693,1349,18042,127
2022-05-31,Orange,059,3164182,575000,571973,45786,617759,7032
2022-05-31,Placer,061,380077,66692,66199,7987,74186,627
2022-05-31,Plumas,063,18699,3142,3117,381,3498,13
2022-05-31,Riverside,065,2383286,611555,608913,29339,638252,6480
2022-05-31,Sacramento,067,1510023,298577,296457,28851,325308,3045
2022-05-31,San Benito,069,59416,13582,13510,612,14122,98
2022-05-31,San Bernardino,071,2135413,591305,580767,25815,606582,7641
2022-05-31,San Diego,073,3302833,794511,791557,57702,849259,5292
2022-05-31,San Francisco,075,870044,146491,144476,9581,154057,879
2022-05-31,San Joaquin,077,732212,173208,172170,11119,183289,2241
2022-05-31,San Luis Obispo,079,281455,55495,55099,4627,59726,482
2022-05-31,San Mateo,081,765935,139188,137566,8665,146231,710
2022-05-31,Santa Barbara,083,443738,91181,90531,5195,95726,693
2022-05-31,Santa Clara,085,1922200,352789,348742,14879,363621,2317
2022-05-31,Santa Cruz,087,273765,52562,52141,2475,54616,263
2022-05-31,Shasta,089,179085,31322,31247,6236,37483,564
2022-05-31,Sierra,091,2930,278,280,55,335,4
2022-05-31,Siskiyou,093,43540,4605,4574,2824,7398,81
2022-05-31,Solano,095,438530,88385,87206,6225,93431,452
2022-05-31,Sonoma,097,501317,91962,91174,3761,94935,491
2022-05-31,Stanislaus,099,539301,121441,120778,18608,139386,1656
2022-05-31,Sutter,101,95872,21122,21065,2205,23270,227
2022-05-31,Tehama,103,63373,12282,12245,2652,14897,204
2022-05-31,Trinity,105,12862,1207,1200,290,1490,20
2022-05-31,Tulare,107,460477,108628,108401,28934,137335,1490
2022-05-31,Tuolumne,109,53932,13345,13221,626,13847,189
2022-05-31,Ventura,111,848112,182071,181163,10832,191995,1503
2022-05-31,Yolo,113,214977,40814,39371,3363,42734,320
2022-05-31,Yuba,115,75493,16474,16406,1335,17741,122
2022-05-30,Alameda,001,1643700,285946,284051,15969,300020,1868
2022-05-30,Alpine,003,1148,128,128,1,129,0
2022-05-30,Amador,005,37829,8839,8741,698,9439,87
2022-05-30,Butte,007,227075,34399,34059,7417,41476,427
2022-05-30,Calaveras,009,45235,7531,7502,389,7891,120
2022-05-30,Colusa,011,21464,3492,3476,1073,4549,21
2022-05-30,Contra Costa,013,1133247,209816,205699,15439,221138,1310
2022-05-30,Del Norte,015,27424,6218,6188,249,6437,51
2022-05-30,El Dorado,017,186661,28278,28133,3445,31578,214
2022-05-30,Fresno,019,978130,238124,237367,25123,262490,2765
2022-05-30,Glenn,021,27897,5087,5059,1649,6708,48
2022-05-30,Humboldt,023,135768,18455,18371,3552,21923,147
2022-05-30,Imperial,025,180216,56635,56445,10864,67309,938
2022-05-30,Inyo,027,18085,4181,4171,565,4736,56
2022-05-30,Kern,029,883053,195918,195438,47638,243076,2336
2022-05-30,Kings,031,150075,52530,52491,3572,56063,447
2022-05-30,Lake,033,64148,11082,11024,930,11954,137
2022-05-30,Lassen,035,31185,9087,9083,892,9975,64
2022-05-30,Los Angeles,037,10098052,2850089,2836856,133968,2970824,31882
2022-05-30,Madera,039,155013,38193,38115,6378,44493,372
2022-05-30,Marin,041,260295,37911,37654,3983,41637,293
2022-05-30,Mariposa,043,17540,2569,2549,232,2781,30
2022-05-30,Mendocino,045,87422,13755,13692,3445,17137,125
2022-05-30,Merced,047,269075,64014,63637,9250,72887,824
2022-05-30,Modoc,049,8938,753,755,256,1011,8
2022-05-30,Mono,051,14174,3037,3035,162,3197,6
2022-05-30,Monterey,053,433212,82546,82215,15581,97796,737
2022-05-30,Napa,055,140530,27718,27580,1146,28726,143
2022-05-30,Nevada,057,99092,16762,16693,1344,18037,127
2022-05-30,Orange,059,3164182,573535,571973,45571,617544,7032
2022-05-30,Placer,061,380077,66551,66199,7957,74156,627
2022-05-30,Plumas,063,18699,3136,3117,378,3495,13
2022-05-30,Riverside,065,2383286,610550,608913,29261,638174,6480
2022-05-30,Sacramento,067,1510023,297626,296457,28691,325148,3045
2022-05-30,San Benito,069,59416,13520,13510,604,14114,98
2022-05-30,San Bernardino,071,2135413,590303,580767,25779,606546,7641
2022-05-30,San Diego,073,3302833,792238,791557,57409,848966,5292
2022-05-30,San Francisco,075,870044,145833,144476,9527,154003,879
2022-05-30,San Joaquin,077,732212,172813,172170,11080,183250,2241
2022-05-30,San Luis Obispo,079,281455,55290,55099,4555,59654,482
2022-05-30,San Mateo,081,765935,138510,137566,8613,146179,710
2022-05-30,Santa Barbara,083,443738,90925,90531,5161,95692,693
2022-05-30,Santa Clara,085,1922200,351238,348742,14788,363530,2317
2022-05-30,Santa Cruz,087,273765,52424,52141,2465,54606,263
2022-05-30,Shasta,089,179085,31284,31247,6229,37476,564
2022-05-30,Sierra,091,2930,278,280,55,335,4
2022-05-30,Siskiyou,093,43540,4596,4574,2812,7386,81
2022-05-30,Solano,095,438530,88040,87206,6168,93374,452
2022-05-30,Sonoma,097,501317,91675,91174,3718,94892,491
2022-05-30,Stanislaus,099,539301,121249,120778,18579,139357,1656
2022-05-30,Sutter,101,95872,21083,21065,2199,23264,227
2022-05-30,Tehama,103,63373,12266,12245,2648,14893,204
2022-05-30,Trinity,105,12862,1206,1200,290,1490,20
2022-05-30,Tulare,107,460477,108468,108401,28845,137246,1490
2022-05-30,Tuolumne,109,53932,13320,13221,622,13843,189
2022-05-30,Ventura,111,848112,181699,181163,10780,191943,1503
2022-05-30,Yolo,113,214977,40623,39371,3353,42724,320
2022-05-30,Yuba,115,75493,16446,16406,1331,17737,122
2022-05-29,Alameda,001,1643700,285466,280775,15945,296720,1863
2022-05-29,Alpine,003,1148,128,126,1,127,0
2022-05-29,Amador,005,37829,8834,8696,695,9391,86
2022-05-29,Butte,007,227075,34383,33876,7410,41286,426
2022-05-29,Calaveras,009,45235,7520,7469,389,7858,120
2022-05-29,Colusa,011,21464,3491,3474,1072,4546,21
2022-05-29,Contra Costa,013,1133247,209471,203528,15414,218942,1306
2022-05-29,Del Norte,015,27424,6216,6166,248,6414,51
2022-05-29,El Dorado,017,186661,28252,27898,3442,31340,214
2022-05-29,Fresno,019,978130,237995,236250,25103,261353,2764
2022-05-29,Glenn,021,27897,5082,5048,1649,6697,48
2022-05-29,Humboldt,023,135768,18434,18257,3541,21798,147
2022-05-29,Imperial,025,180216,56598,56323,10850,67173,939
2022-05-29,Inyo,027,18085,4180,4161,565,4726,56
2022-05-29,Kern,029,883053,195820,194687,47573,242260,2334
2022-05-29,Kings,031,150075,52505,52292,3572,55864,447
2022-05-29,Lake,033,64148,11073,10958,928,11886,137
2022-05-29,Lassen,035,31185,9083,9049,892,9941,64
2022-05-29,Los Angeles,037,10098052,2847887,2819145,133701,2952846,31862
2022-05-29,Madera,039,155013,38170,37955,6373,44328,371
2022-05-29,Marin,041,260295,37842,37215,3951,41166,293
2022-05-29,Mariposa,043,17540,2564,2526,232,2758,31
2022-05-29,Mendocino,045,87422,13734,13612,3444,17056,124
2022-05-29,Merced,047,269075,63993,63389,9247,72636,824
2022-05-29,Modoc,049,8938,753,751,256,1007,8
2022-05-29,Mono,051,14174,3036,3030,162,3192,6
2022-05-29,Monterey,053,433212,82481,81875,15537,97412,737
2022-05-29,Napa,055,140530,27690,27376,1145,28521,144
2022-05-29,Nevada,057,99092,16747,16568,1342,17910,127
2022-05-29,Orange,059,3164182,572957,568369,45394,613763,7028
2022-05-29,Placer,061,380077,66482,65672,7948,73620,626
2022-05-29,Plumas,063,18699,3129,3096,378,3474,13
2022-05-29,Riverside,065,2383286,610206,606444,29226,635670,6480
2022-05-29,Sacramento,067,1510023,297172,294000,28670,322670,3032
2022-05-29,San Benito,069,59416,13514,13402,602,14004,98
2022-05-29,San Bernardino,071,2135413,590014,578656,25763,604419,7610
2022-05-29,San Diego,073,3302833,791501,786243,57329,843572,5288
2022-05-29,San Francisco,075,870044,145408,142456,9518,151974,879
2022-05-29,San Joaquin,077,732212,172651,171282,11062,182344,2241
2022-05-29,San Luis Obispo,079,281455,55238,54701,4543,59244,481
2022-05-29,San Mateo,081,765935,138258,135746,8600,144346,710
2022-05-29,Santa Barbara,083,443738,90796,89940,5160,95100,693
2022-05-29,Santa Clara,085,1922200,350443,344223,14749,358972,2304
2022-05-29,Santa Cruz,087,273765,52348,51819,2458,54277,263
2022-05-29,Shasta,089,179085,31272,31165,6225,37390,564
2022-05-29,Sierra,091,2930,278,278,55,333,4
2022-05-29,Siskiyou,093,43540,4591,4537,2810,7347,81
2022-05-29,Solano,095,438530,87987,86565,6157,92722,452
2022-05-29,Sonoma,097,501317,91583,90364,3703,94067,490
2022-05-29,Stanislaus,099,539301,121150,120241,18560,138801,1657
2022-05-29,Sutter,101,95872,21063,20976,2199,23175,227
2022-05-29,Tehama,103,63373,12256,12210,2647,14857,204
2022-05-29,Trinity,105,12862,1205,1196,290,1486,20
2022-05-29,Tulare,107,460477,108384,108029,28800,136829,1484
2022-05-29,Tuolumne,109,53932,13305,13141,622,13763,189
2022-05-29,Ventura,111,848112,181554,179953,10770,190723,1503
2022-05-29,Yolo,113,214977,40571,39016,3350,42366,319
2022-05-29,Yuba,115,75493,16430,16314,1327,17641,122
2022-05-28,Alameda,001,1643700,285092,280775,15920,296695,1863
2022-05-28,Alpine,003,1148,128,126,1,127,0
2022-05-28,Amador,005,37829,8825,8696,695,9391,86
2022-05-28,Butte,007,227075,34359,33876,7394,41270,426
2022-05-28,Calaveras,009,45235,7516,7469,389,7858,120
2022-05-28,Colusa,011,21464,3486,3474,1071,4545,21
2022-05-28,Contra Costa,013,1133247,209203,203528,15390,218918,1306
2022-05-28,Del Norte,015,27424,6212,6166,246,6412,51
2022-05-28,El Dorado,017,186661,28222,27898,3441,31339,214
2022-05-28,Fresno,019,978130,237837,236250,25072,261322,2764
2022-05-28,Glenn,021,27897,5079,5048,1649,6697,48
2022-05-28,Humboldt,023,135768,18410,18257,3531,21788,147
2022-05-28,Imperial,025,180216,56572,56323,10840,67163,939
2022-05-28,Inyo,027,18085,4180,4161,563,4724,56
2022-05-28,Kern,029,883053,195720,194687,47523,242210,2334
2022-05-28,Kings,031,150075,52481,52292,3571,55863,447
2022-05-28,Lake,033,64148,11063,10958,928,11886,137
2022-05-28,Lassen,035,31185,9078,9049,892,9941,64
2022-05-28,Los Angeles,037,10098052,2845908,2819145,133434,2952579,31862
2022-05-28,Madera,039,155013,38153,37955,6370,44325,371
2022-05-28,Marin,041,260295,37775,37215,3921,41136,293
2022-05-28,Mariposa,043,17540,2560,2526,232,2758,31
2022-05-28,Mendocino,045,87422,13722,13612,3444,17056,124
2022-05-28,Merced,047,269075,63959,63389,9243,72632,824
2022-05-28,Modoc,049,8938,753,751,256,1007,8
2022-05-28,Mono,051,14174,3036,3030,161,3191,6
2022-05-28,Monterey,053,433212,82413,81875,15505,97380,737
2022-05-28,Napa,055,140530,27645,27376,1144,28520,144
2022-05-28,Nevada,057,99092,16735,16568,1340,17908,127
2022-05-28,Orange,059,3164182,572443,568369,45274,613643,7028
2022-05-28,Placer,061,380077,66407,65672,7934,73606,626
2022-05-28,Plumas,063,18699,3123,3096,377,3473,13
2022-05-28,Riverside,065,2383286,609828,606444,29198,635642,6480
2022-05-28,Sacramento,067,1510023,296898,294000,28653,322653,3032
2022-05-28,San Benito,069,59416,13499,13402,602,14004,98
2022-05-28,San Bernardino,071,2135413,589650,578656,25736,604392,7610
2022-05-28,San Diego,073,3302833,790842,786243,57277,843520,5288
2022-05-28,San Francisco,075,870044,145105,142456,9497,151953,879
2022-05-28,San Joaquin,077,732212,172547,171282,11046,182328,2241
2022-05-28,San Luis Obispo,079,281455,55203,54701,4540,59241,481
2022-05-28,San Mateo,081,765935,137986,135746,8573,144319,710
2022-05-28,Santa Barbara,083,443738,90696,89940,5150,95090,693
2022-05-28,Santa Clara,085,1922200,349657,344223,14722,358945,2304
2022-05-28,Santa Cruz,087,273765,52307,51819,2450,54269,263
2022-05-28,Shasta,089,179085,31261,31165,6220,37385,564
2022-05-28,Sierra,091,2930,278,278,54,332,4
2022-05-28,Siskiyou,093,43540,4583,4537,2806,7343,81
2022-05-28,Solano,095,438530,87913,86565,6147,92712,452
2022-05-28,Sonoma,097,501317,91442,90364,3692,94056,490
2022-05-28,Stanislaus,099,539301,121051,120241,18552,138793,1657
2022-05-28,Sutter,101,95872,21048,20976,2197,23173,227
2022-05-28,Tehama,103,63373,12244,12210,2644,14854,204
2022-05-28,Trinity,105,12862,1204,1196,290,1486,20
2022-05-28,Tulare,107,460477,108327,108029,28767,136796,1484
2022-05-28,Tuolumne,109,53932,13290,13141,621,13762,189
2022-05-28,Ventura,111,848112,181387,179953,10750,190703,1503
2022-05-28,Yolo,113,214977,40517,39016,3343,42359,319
2022-05-28,Yuba,115,75493,16416,16314,1325,17639,122
2022-05-27,Alameda,001,1643700,284618,280775,15883,296658,1863
2022-05-27,Alpine,003,1148,127,126,1,127,0
2022-05-27,Amador,005,37829,8820,8696,695,9391,86
2022-05-27,Butte,007,227075,34333,33876,7378,41254,426
2022-05-27,Calaveras,009,45235,7509,7469,389,7858,120
2022-05-27,Colusa,011,21464,3486,3474,1071,4545,21
2022-05-27,Contra Costa,013,1133247,208922,203528,15358,218886,1306
2022-05-27,Del Norte,015,27424,6206,6166,246,6412,51
2022-05-27,El Dorado,017,186661,28198,27898,3433,31331,214
2022-05-27,Fresno,019,978130,237666,236250,25040,261290,2764
2022-05-27,Glenn,021,27897,5077,5048,1648,6696,48
2022-05-27,Humboldt,023,135768,18400,18257,3525,21782,147
2022-05-27,Imperial,025,180216,56488,56323,10835,67158,939
2022-05-27,Inyo,027,18085,4178,4161,562,4723,56
2022-05-27,Kern,029,883053,195611,194687,47455,242142,2334
2022-05-27,Kings,031,150075,52453,52292,3568,55860,447
2022-05-27,Lake,033,64148,11057,10958,926,11884,137
2022-05-27,Lassen,035,31185,9074,9049,892,9941,64
2022-05-27,Los Angeles,037,10098052,2843558,2819145,133186,2952331,31862
2022-05-27,Madera,039,155013,38119,37955,6361,44316,371
2022-05-27,Marin,041,260295,37708,37215,3887,41102,293
2022-05-27,Mariposa,043,17540,2554,2526,232,2758,31
2022-05-27,Mendocino,045,87422,13705,13612,3440,17052,124
2022-05-27,Merced,047,269075,63916,63389,9241,72630,824
2022-05-27,Modoc,049,8938,753,751,256,1007,8
2022-05-27,Mono,051,14174,3035,3030,161,3191,6
2022-05-27,Monterey,053,433212,82354,81875,15459,97334,737
2022-05-27,Napa,055,140530,27612,27376,1141,28517,144
2022-05-27,Nevada,057,99092,16724,16568,1336,17904,127
2022-05-27,Orange,059,3164182,571892,568369,45164,613533,7028
2022-05-27,Placer,061,380077,66338,65672,7924,73596,626
2022-05-27,Plumas,063,18699,3120,3096,377,3473,13
2022-05-27,Riverside,065,2383286,609415,606444,29166,635610,6480
2022-05-27,Sacramento,067,1510023,296523,294000,28615,322615,3032
2022-05-27,San Benito,069,59416,13487,13402,602,14004,98
2022-05-27,San Bernardino,071,2135413,589313,578656,25711,604367,7610
2022-05-27,San Diego,073,3302833,789963,786243,57185,843428,5288
2022-05-27,San Francisco,075,870044,144774,142456,9457,151913,879
2022-05-27,San Joaquin,077,732212,172417,171282,11027,182309,2241
2022-05-27,San Luis Obispo,079,281455,55142,54701,4527,59228,481
2022-05-27,San Mateo,081,765935,137736,135746,8548,144294,710
2022-05-27,Santa Barbara,083,443738,90607,89940,5149,95089,693
2022-05-27,Santa Clara,085,1922200,348915,344223,14704,358927,2304
2022-05-27,Santa Cruz,087,273765,52252,51819,2438,54257,263
2022-05-27,Shasta,089,179085,31251,31165,6214,37379,564
2022-05-27,Sierra,091,2930,278,278,54,332,4
2022-05-27,Siskiyou,093,43540,4580,4537,2804,7341,81
2022-05-27,Solano,095,438530,87785,86565,6136,92701,452
2022-05-27,Sonoma,097,501317,91297,90364,3680,94044,490
2022-05-27,Stanislaus,099,539301,120968,120241,18537,138778,1657
2022-05-27,Sutter,101,95872,21031,20976,2196,23172,227
2022-05-27,Tehama,103,63373,12241,12210,2643,14853,204
2022-05-27,Trinity,105,12862,1204,1196,290,1486,20
2022-05-27,Tulare,107,460477,108260,108029,28730,136759,1484
2022-05-27,Tuolumne,109,53932,13280,13141,620,13761,189
2022-05-27,Ventura,111,848112,181211,179953,10727,190680,1503
2022-05-27,Yolo,113,214977,40446,39016,3335,42351,319
2022-05-27,Yuba,115,75493,16402,16314,1324,17638,122
2022-05-26,Alameda,001,1643700,283769,280775,15804,296579,1863
2022-05-26,Alpine,003,1148,127,126,1,127,0
2022-05-26,Amador,005,37829,8807,8696,695,9391,86
2022-05-26,Butte,007,227075,34278,33876,7356,41232,426
2022-05-26,Calaveras,009,45235,7499,7469,389,7858,120
2022-05-26,Colusa,011,21464,3483,3474,1068,4542,21
2022-05-26,Contra Costa,013,1133247,208444,203528,15285,218813,1306
2022-05-26,Del Norte,015,27424,6198,6166,242,6408,51
2022-05-26,El Dorado,017,186661,28149,27898,3422,31320,214
2022-05-26,Fresno,019,978130,237411,236250,24984,261234,2764
2022-05-26,Glenn,021,27897,5071,5048,1648,6696,48
2022-05-26,Humboldt,023,135768,18359,18257,3512,21769,147
2022-05-26,Imperial,025,180216,56456,56323,10820,67143,939
2022-05-26,Inyo,027,18085,4177,4161,559,4720,56
2022-05-26,Kern,029,883053,195447,194687,47381,242068,2334
2022-05-26,Kings,031,150075,52407,52292,3565,55857,447
2022-05-26,Lake,033,64148,11042,10958,926,11884,137
2022-05-26,Lassen,035,31185,9065,9049,892,9941,64
2022-05-26,Los Angeles,037,10098052,2839390,2819145,132852,2951997,31862
2022-05-26,Madera,039,155013,38075,37955,6350,44305,371
2022-05-26,Marin,041,260295,37613,37215,3846,41061,293
2022-05-26,Mariposa,043,17540,2549,2526,230,2756,31
2022-05-26,Mendocino,045,87422,13679,13612,3431,17043,124
2022-05-26,Merced,047,269075,63850,63389,9232,72621,824
2022-05-26,Modoc,049,8938,752,751,256,1007,8
2022-05-26,Mono,051,14174,3034,3030,160,3190,6
2022-05-26,Monterey,053,433212,82275,81875,15406,97281,737
2022-05-26,Napa,055,140530,27560,27376,1139,28515,144
2022-05-26,Nevada,057,99092,16693,16568,1327,17895,127
2022-05-26,Orange,059,3164182,570991,568369,45045,613414,7028
2022-05-26,Placer,061,380077,66202,65672,7904,73576,626
2022-05-26,Plumas,063,18699,3116,3096,376,3472,13
2022-05-26,Riverside,065,2383286,608805,606444,29114,635558,6480
2022-05-26,Sacramento,067,1510023,295868,294000,28527,322527,3032
2022-05-26,San Benito,069,59416,13471,13402,600,14002,98
2022-05-26,San Bernardino,071,2135413,588768,578656,25695,604351,7610
2022-05-26,San Diego,073,3302833,788658,786243,57042,843285,5288
2022-05-26,San Francisco,075,870044,144323,142456,9410,151866,879
2022-05-26,San Joaquin,077,732212,172195,171282,11002,182284,2241
2022-05-26,San Luis Obispo,079,281455,55046,54701,4494,59195,481
2022-05-26,San Mateo,081,765935,137348,135746,8510,144256,710
2022-05-26,Santa Barbara,083,443738,90460,89940,5129,95069,693
2022-05-26,Santa Clara,085,1922200,347952,344223,14617,358840,2304
2022-05-26,Santa Cruz,087,273765,52161,51819,2430,54249,263
2022-05-26,Shasta,089,179085,31224,31165,6211,37376,564
2022-05-26,Sierra,091,2930,278,278,54,332,4
2022-05-26,Siskiyou,093,43540,4576,4537,2802,7339,81
2022-05-26,Solano,095,438530,87582,86565,6127,92692,452
2022-05-26,Sonoma,097,501317,91106,90364,3653,94017,490
2022-05-26,Stanislaus,099,539301,120864,120241,18518,138759,1657
2022-05-26,Sutter,101,95872,21011,20976,2192,23168,227
2022-05-26,Tehama,103,63373,12231,12210,2642,14852,204
2022-05-26,Trinity,105,12862,1202,1196,290,1486,20
2022-05-26,Tulare,107,460477,108194,108029,28674,136703,1484
2022-05-26,Tuolumne,109,53932,13260,13141,616,13757,189
2022-05-26,Ventura,111,848112,180949,179953,10690,190643,1503
2022-05-26,Yolo,113,214977,40342,39016,3326,42342,319
2022-05-26,Yuba,115,75493,16386,16314,1322,17636,122
2022-05-25,Alameda,001,1643700,282869,278228,15742,293970,1860
2022-05-25,Alpine,003,1148,126,126,1,127,0
2022-05-25,Amador,005,37829,8790,8654,693,9347,86
2022-05-25,Butte,007,227075,34216,33755,7333,41088,426
2022-05-25,Calaveras,009,45235,7491,7450,387,7837,120
2022-05-25,Colusa,011,21464,3482,3471,1066,4537,21
2022-05-25,Contra Costa,013,1133247,207892,201866,15212,217078,1306
2022-05-25,Del Norte,015,27424,6192,6145,236,6381,50
2022-05-25,El Dorado,017,186661,28097,27715,3413,31128,213
2022-05-25,Fresno,019,978130,237126,235569,24932,260501,2763
2022-05-25,Glenn,021,27897,5066,5030,1646,6676,48
2022-05-25,Humboldt,023,135768,18332,18133,3493,21626,147
2022-05-25,Imperial,025,180216,56399,56203,10809,67012,923
2022-05-25,Inyo,027,18085,4174,4152,559,4711,56
2022-05-25,Kern,029,883053,195254,194251,47294,241545,2336
2022-05-25,Kings,031,150075,52354,52178,3561,55739,447
2022-05-25,Lake,033,64148,11029,10908,925,11833,137
2022-05-25,Lassen,035,31185,9058,9028,892,9920,64
2022-05-25,Los Angeles,037,10098052,2834765,2806770,132486,2939256,31845
2022-05-25,Madera,039,155013,38036,37867,6337,44204,370
2022-05-25,Marin,041,260295,37513,36890,3818,40708,293
2022-05-25,Mariposa,043,17540,2539,2514,228,2742,30
2022-05-25,Mendocino,045,87422,13664,13545,3425,16970,124
2022-05-25,Merced,047,269075,63784,63220,9202,72422,823
2022-05-25,Modoc,049,8938,751,750,255,1005,8
2022-05-25,Mono,051,14174,3034,3024,159,3183,6
2022-05-25,Monterey,053,433212,82209,81592,15363,96955,737
2022-05-25,Napa,055,140530,27510,27240,1133,28373,143
2022-05-25,Nevada,057,99092,16658,16517,1321,17838,127
2022-05-25,Orange,059,3164182,569985,565564,44891,610455,7026
2022-05-25,Placer,061,380077,66051,65309,7883,73192,626
2022-05-25,Plumas,063,18699,3110,3065,375,3440,13
2022-05-25,Riverside,065,2383286,608126,604465,29062,633527,6480
2022-05-25,Sacramento,067,1510023,295225,292211,28418,320629,3028
2022-05-25,San Benito,069,59416,13437,13338,593,13931,98
2022-05-25,San Bernardino,071,2135413,588229,576982,25669,602651,7568
2022-05-25,San Diego,073,3302833,787191,782420,56856,839276,5284
2022-05-25,San Francisco,075,870044,143823,141015,9383,150398,872
2022-05-25,San Joaquin,077,732212,171958,170626,10981,181607,2238
2022-05-25,San Luis Obispo,079,281455,54940,54342,4441,58783,481
2022-05-25,San Mateo,081,765935,136891,134441,8444,142885,710
2022-05-25,Santa Barbara,083,443738,90293,89426,5114,94540,693
2022-05-25,Santa Clara,085,1922200,346890,340868,14510,355378,2304
2022-05-25,Santa Cruz,087,273765,52077,51644,2415,54059,263
2022-05-25,Shasta,089,179085,31199,31072,6202,37274,564
2022-05-25,Sierra,091,2930,278,277,54,331,4
2022-05-25,Siskiyou,093,43540,4565,4516,2799,7315,81
2022-05-25,Solano,095,438530,87372,86024,6109,92133,451
2022-05-25,Sonoma,097,501317,90913,89810,3614,93424,490
2022-05-25,Stanislaus,099,539301,120728,119894,18495,138389,1654
2022-05-25,Sutter,101,95872,20987,20904,2188,23092,226
2022-05-25,Tehama,103,63373,12225,12189,2638,14827,201
2022-05-25,Trinity,105,12862,1202,1194,290,1484,20
2022-05-25,Tulare,107,460477,108112,107790,28631,136421,1482
2022-05-25,Tuolumne,109,53932,13238,13086,613,13699,182
2022-05-25,Ventura,111,848112,180658,179116,10653,189769,1499
2022-05-25,Yolo,113,214977,40248,38782,3316,42098,319
2022-05-25,Yuba,115,75493,16359,16260,1316,17576,122
2022-05-24,Alameda,001,1643700,281992,278228,15685,293913,1860
2022-05-24,Alpine,003,1148,126,126,1,127,0
2022-05-24,Amador,005,37829,8784,8654,689,9343,86
2022-05-24,Butte,007,227075,34172,33755,7311,41066,426
2022-05-24,Calaveras,009,45235,7484,7450,385,7835,120
2022-05-24,Colusa,011,21464,3480,3471,1064,4535,21
2022-05-24,Contra Costa,013,1133247,207240,201866,15112,216978,1306
2022-05-24,Del Norte,015,27424,6187,6145,234,6379,50
2022-05-24,El Dorado,017,186661,28029,27715,3406,31121,213
2022-05-24,Fresno,019,978130,236808,235569,24895,260464,2763
2022-05-24,Glenn,021,27897,5064,5030,1646,6676,48
2022-05-24,Humboldt,023,135768,18300,18133,3475,21608,147
2022-05-24,Imperial,025,180216,56346,56203,10796,66999,923
2022-05-24,Inyo,027,18085,4166,4152,556,4708,56
2022-05-24,Kern,029,883053,195059,194251,47188,241439,2336
2022-05-24,Kings,031,150075,52288,52178,3556,55734,447
2022-05-24,Lake,033,64148,11012,10908,923,11831,137
2022-05-24,Lassen,035,31185,9045,9028,888,9916,64
2022-05-24,Los Angeles,037,10098052,2829474,2806770,132100,2938870,31845
2022-05-24,Madera,039,155013,37989,37867,6322,44189,370
2022-05-24,Marin,041,260295,37406,36890,3767,40657,293
2022-05-24,Mariposa,043,17540,2532,2514,226,2740,30
2022-05-24,Mendocino,045,87422,13640,13545,3415,16960,124
2022-05-24,Merced,047,269075,63723,63220,9171,72391,823
2022-05-24,Modoc,049,8938,750,750,254,1004,8
2022-05-24,Mono,051,14174,3031,3024,159,3183,6
2022-05-24,Monterey,053,433212,82118,81592,15302,96894,737
2022-05-24,Napa,055,140530,27462,27240,1121,28361,143
2022-05-24,Nevada,057,99092,16616,16517,1314,17831,127
2022-05-24,Orange,059,3164182,568954,565564,44721,610285,7026
2022-05-24,Placer,061,380077,65951,65309,7867,73176,626
2022-05-24,Plumas,063,18699,3104,3065,375,3440,13
2022-05-24,Riverside,065,2383286,607433,604465,29013,633478,6480
2022-05-24,Sacramento,067,1510023,294541,292211,28297,320508,3028
2022-05-24,San Benito,069,59416,13402,13338,591,13929,98
2022-05-24,San Bernardino,071,2135413,587605,576982,25640,602622,7568
2022-05-24,San Diego,073,3302833,785538,782420,56639,839059,5284
2022-05-24,San Francisco,075,870044,143286,141015,9356,150371,872
2022-05-24,San Joaquin,077,732212,171694,170626,10951,181577,2238
2022-05-24,San Luis Obispo,079,281455,54790,54342,4387,58729,481
2022-05-24,San Mateo,081,765935,136360,134441,8387,142828,710
2022-05-24,Santa Barbara,083,443738,90131,89426,5087,94513,693
2022-05-24,Santa Clara,085,1922200,345614,340868,14419,355287,2304
2022-05-24,Santa Cruz,087,273765,52000,51644,2405,54049,263
2022-05-24,Shasta,089,179085,31174,31072,6190,37262,564
2022-05-24,Sierra,091,2930,278,277,54,331,4
2022-05-24,Siskiyou,093,43540,4555,4516,2791,7307,81
2022-05-24,Solano,095,438530,87141,86024,6079,92103,451
2022-05-24,Sonoma,097,501317,90705,89810,3576,93386,490
2022-05-24,Stanislaus,099,539301,120589,119894,18459,138353,1654
2022-05-24,Sutter,101,95872,20966,20904,2184,23088,226
2022-05-24,Tehama,103,63373,12216,12189,2636,14825,201
2022-05-24,Trinity,105,12862,1199,1194,290,1484,20
2022-05-24,Tulare,107,460477,107995,107790,28577,136367,1482
2022-05-24,Tuolumne,109,53932,13223,13086,613,13699,182
2022-05-24,Ventura,111,848112,180345,179116,10603,189719,1499
2022-05-24,Yolo,113,214977,40144,38782,3311,42093,319
2022-05-24,Yuba,115,75493,16331,16260,1308,17568,122
2022-05-23,Alameda,001,1643700,281055,278228,15599,293827,1860
2022-05-23,Alpine,003,1148,126,126,1,127,0
2022-05-23,Amador,005,37829,8751,8654,686,9340,86
2022-05-23,Butte,007,227075,34124,33755,7284,41039,426
2022-05-23,Calaveras,009,45235,7477,7450,383,7833,120
2022-05-23,Colusa,011,21464,3479,3471,1062,4533,21
2022-05-23,Contra Costa,013,1133247,206503,201866,15029,216895,1306
2022-05-23,Del Norte,015,27424,6182,6145,230,6375,50
2022-05-23,El Dorado,017,186661,27946,27715,3397,31112,213
2022-05-23,Fresno,019,978130,236460,235569,24827,260396,2763
2022-05-23,Glenn,021,27897,5060,5030,1642,6672,48
2022-05-23,Humboldt,023,135768,18273,18133,3453,21586,147
2022-05-23,Imperial,025,180216,56302,56203,10775,66978,923
2022-05-23,Inyo,027,18085,4163,4152,555,4707,56
2022-05-23,Kern,029,883053,194841,194251,47102,241353,2336
2022-05-23,Kings,031,150075,52240,52178,3551,55729,447
2022-05-23,Lake,033,64148,10993,10908,921,11829,137
2022-05-23,Lassen,035,31185,9037,9028,885,9913,64
2022-05-23,Los Angeles,037,10098052,2824044,2806770,131732,2938502,31845
2022-05-23,Madera,039,155013,37958,37867,6299,44166,370
2022-05-23,Marin,041,260295,37264,36890,3722,40612,293
2022-05-23,Mariposa,043,17540,2530,2514,224,2738,30
2022-05-23,Mendocino,045,87422,13618,13545,3401,16946,124
2022-05-23,Merced,047,269075,63644,63220,9143,72363,823
2022-05-23,Modoc,049,8938,749,750,254,1004,8
2022-05-23,Mono,051,14174,3031,3024,159,3183,6
2022-05-23,Monterey,053,433212,82019,81592,15237,96829,737
2022-05-23,Napa,055,140530,27405,27240,1114,28354,143
2022-05-23,Nevada,057,99092,16581,16517,1311,17828,127
2022-05-23,Orange,059,3164182,567947,565564,44574,610138,7026
2022-05-23,Placer,061,380077,65805,65309,7835,73144,626
2022-05-23,Plumas,063,18699,3101,3065,374,3439,13
2022-05-23,Riverside,065,2383286,606708,604465,28960,633425,6480
2022-05-23,Sacramento,067,1510023,293792,292211,28174,320385,3028
2022-05-23,San Benito,069,59416,13367,13338,588,13926,98
2022-05-23,San Bernardino,071,2135413,586959,576982,25607,602589,7568
2022-05-23,San Diego,073,3302833,783820,782420,56425,838845,5284
2022-05-23,San Francisco,075,870044,142717,141015,9322,150337,872
2022-05-23,San Joaquin,077,732212,171425,170626,10919,181545,2238
2022-05-23,San Luis Obispo,079,281455,54644,54342,4340,58682,481
2022-05-23,San Mateo,081,765935,135788,134441,8335,142776,710
2022-05-23,Santa Barbara,083,443738,89896,89426,5063,94489,693
2022-05-23,Santa Clara,085,1922200,344249,340868,14331,355199,2304
2022-05-23,Santa Cruz,087,273765,51897,51644,2390,54034,263
2022-05-23,Shasta,089,179085,31151,31072,6184,37256,564
2022-05-23,Sierra,091,2930,278,277,54,331,4
2022-05-23,Siskiyou,093,43540,4541,4516,2787,7303,81
2022-05-23,Solano,095,438530,86870,86024,6059,92083,451
2022-05-23,Sonoma,097,501317,90477,89810,3527,93337,490
2022-05-23,Stanislaus,099,539301,120449,119894,18419,138313,1654
2022-05-23,Sutter,101,95872,20926,20904,2179,23083,226
2022-05-23,Tehama,103,63373,12204,12189,2635,14824,201
2022-05-23,Trinity,105,12862,1198,1194,290,1484,20
2022-05-23,Tulare,107,460477,107872,107790,28508,136298,1482
2022-05-23,Tuolumne,109,53932,13199,13086,609,13695,182
2022-05-23,Ventura,111,848112,180014,179116,10572,189688,1499
2022-05-23,Yolo,113,214977,40011,38782,3295,42077,319
2022-05-23,Yuba,115,75493,16302,16260,1304,17564,122
2022-05-22,Alameda,001,1643700,279967,274996,15492,290488,1858
2022-05-22,Alpine,003,1148,126,126,1,127,0
2022-05-22,Amador,005,37829,8734,8628,680,9308,86
2022-05-22,Butte,007,227075,34072,33606,7257,40863,426
2022-05-22,Calaveras,009,45235,7466,7424,379,7803,120
2022-05-22,Colusa,011,21464,3475,3468,1059,4527,21
2022-05-22,Contra Costa,013,1133247,205774,199703,14895,214598,1305
2022-05-22,Del Norte,015,27424,6166,6045,219,6264,50
2022-05-22,El Dorado,017,186661,27869,27517,3381,30898,213
2022-05-22,Fresno,019,978130,236118,234657,24776,259433,2760
2022-05-22,Glenn,021,27897,5050,5020,1641,6661,48
2022-05-22,Humboldt,023,135768,18219,17984,3426,21410,146
2022-05-22,Imperial,025,180216,56234,56014,10760,66774,923
2022-05-22,Inyo,027,18085,4155,4135,553,4688,56
2022-05-22,Kern,029,883053,194605,193705,47002,240707,2334
2022-05-22,Kings,031,150075,52178,52038,3545,55583,447
2022-05-22,Lake,033,64148,10961,10867,919,11786,137
2022-05-22,Lassen,035,31185,9021,9011,882,9893,64
2022-05-22,Los Angeles,037,10098052,2818163,2791671,131305,2922976,31815
2022-05-22,Madera,039,155013,37912,37744,6264,44008,370
2022-05-22,Marin,041,260295,37118,36394,3678,40072,293
2022-05-22,Mariposa,043,17540,2526,2490,223,2713,30
2022-05-22,Mendocino,045,87422,13590,13461,3372,16833,124
2022-05-22,Merced,047,269075,63567,62969,9112,72081,823
2022-05-22,Modoc,049,8938,748,750,254,1004,8
2022-05-22,Mono,051,14174,3030,3012,159,3171,6
2022-05-22,Monterey,053,433212,81862,81224,15137,96361,735
2022-05-22,Napa,055,140530,27334,27034,1106,28140,143
2022-05-22,Nevada,057,99092,16547,16410,1299,17709,127
2022-05-22,Orange,059,3164182,566853,562531,44394,606925,7025
2022-05-22,Placer,061,380077,65646,64802,7803,72605,626
2022-05-22,Plumas,063,18699,3094,3052,372,3424,13
2022-05-22,Riverside,065,2383286,605876,601808,28894,630702,6476
2022-05-22,Sacramento,067,1510023,292995,289972,28013,317985,3027
2022-05-22,San Benito,069,59416,13335,13234,582,13816,98
2022-05-22,San Bernardino,071,2135413,586242,575194,25568,600762,7523
2022-05-22,San Diego,073,3302833,782199,777404,56230,833634,5282
2022-05-22,San Francisco,075,870044,142032,138922,9305,148227,871
2022-05-22,San Joaquin,077,732212,171119,169745,10879,180624,2237
2022-05-22,San Luis Obispo,079,281455,54489,54012,4279,58291,481
2022-05-22,San Mateo,081,765935,135220,132636,8280,140916,711
2022-05-22,Santa Barbara,083,443738,89663,88783,5028,93811,692
2022-05-22,Santa Clara,085,1922200,342816,336488,14256,350744,2301
2022-05-22,Santa Cruz,087,273765,51804,51333,2376,53709,263
2022-05-22,Shasta,089,179085,31103,30966,6172,37138,564
2022-05-22,Sierra,091,2930,278,276,54,330,4
2022-05-22,Siskiyou,093,43540,4532,4501,2786,7287,81
2022-05-22,Solano,095,438530,86586,85038,6026,91064,451
2022-05-22,Sonoma,097,501317,90190,88889,3472,92361,489
2022-05-22,Stanislaus,099,539301,120275,119396,18394,137790,1653
2022-05-22,Sutter,101,95872,20897,20809,2171,22980,226
2022-05-22,Tehama,103,63373,12196,12162,2630,14792,201
2022-05-22,Trinity,105,12862,1198,1191,289,1480,20
2022-05-22,Tulare,107,460477,107768,107485,28425,135910,1477
2022-05-22,Tuolumne,109,53932,13179,12977,607,13584,182
2022-05-22,Ventura,111,848112,179668,178024,10520,188544,1499
2022-05-22,Yolo,113,214977,39885,38377,3271,41648,319
2022-05-22,Yuba,115,75493,16275,16180,1295,17475,122
2022-05-21,Alameda,001,1643700,279506,274996,15471,290467,1858
2022-05-21,Alpine,003,1148,126,126,1,127,0
2022-05-21,Amador,005,37829,8723,8628,680,9308,86
2022-05-21,Butte,007,227075,34051,33606,7243,40849,426
2022-05-21,Calaveras,009,45235,7460,7424,379,7803,120
2022-05-21,Colusa,011,21464,3475,3468,1058,4526,21
2022-05-21,Contra Costa,013,1133247,205415,199703,14862,214565,1305
2022-05-21,Del Norte,015,27424,6162,6045,217,6262,50
2022-05-21,El Dorado,017,186661,27833,27517,3379,30896,213
2022-05-21,Fresno,019,978130,235988,234657,24755,259412,2760
2022-05-21,Glenn,021,27897,5046,5020,1640,6660,48
2022-05-21,Humboldt,023,135768,18194,17984,3418,21402,146
2022-05-21,Imperial,025,180216,56200,56014,10758,66772,923
2022-05-21,Inyo,027,18085,4153,4135,551,4686,56
2022-05-21,Kern,029,883053,194508,193705,46942,240647,2334
2022-05-21,Kings,031,150075,52155,52038,3544,55582,447
2022-05-21,Lake,033,64148,10953,10867,919,11786,137
2022-05-21,Lassen,035,31185,9018,9011,882,9893,64
2022-05-21,Los Angeles,037,10098052,2815862,2791671,131064,2922735,31815
2022-05-21,Madera,039,155013,37894,37744,6258,44002,370
2022-05-21,Marin,041,260295,37023,36394,3634,40028,293
2022-05-21,Mariposa,043,17540,2524,2490,223,2713,30
2022-05-21,Mendocino,045,87422,13579,13461,3367,16828,124
2022-05-21,Merced,047,269075,63532,62969,9106,72075,823
2022-05-21,Modoc,049,8938,747,750,254,1004,8
2022-05-21,Mono,051,14174,3030,3012,159,3171,6
2022-05-21,Monterey,053,433212,81796,81224,15082,96306,735
2022-05-21,Napa,055,140530,27301,27034,1103,28137,143
2022-05-21,Nevada,057,99092,16541,16410,1299,17709,127
2022-05-21,Orange,059,3164182,566341,562531,44286,606817,7025
2022-05-21,Placer,061,380077,65538,64802,7790,72592,626
2022-05-21,Plumas,063,18699,3087,3052,372,3424,13
2022-05-21,Riverside,065,2383286,605402,601808,28869,630677,6476
2022-05-21,Sacramento,067,1510023,292670,289972,27984,317956,3027
2022-05-21,San Benito,069,59416,13323,13234,574,13808,98
2022-05-21,San Bernardino,071,2135413,585904,575194,25543,600737,7523
2022-05-21,San Diego,073,3302833,781501,777404,56166,833570,5282
2022-05-21,San Francisco,075,870044,141726,138922,9292,148214,871
2022-05-21,San Joaquin,077,732212,171001,169745,10860,180605,2237
2022-05-21,San Luis Obispo,079,281455,54410,54012,4265,58277,481
2022-05-21,San Mateo,081,765935,134909,132636,8252,140888,711
2022-05-21,Santa Barbara,083,443738,89571,88783,5015,93798,692
2022-05-21,Santa Clara,085,1922200,341967,336488,14212,350700,2301
2022-05-21,Santa Cruz,087,273765,51759,51333,2357,53690,263
2022-05-21,Shasta,089,179085,31092,30966,6170,37136,564
2022-05-21,Sierra,091,2930,277,276,54,330,4
2022-05-21,Siskiyou,093,43540,4528,4501,2784,7285,81
2022-05-21,Solano,095,438530,86502,85038,6020,91058,451
2022-05-21,Sonoma,097,501317,90064,88889,3463,92352,489
2022-05-21,Stanislaus,099,539301,120196,119396,18370,137766,1653
2022-05-21,Sutter,101,95872,20887,20809,2166,22975,226
2022-05-21,Tehama,103,63373,12194,12162,2629,14791,201
2022-05-21,Trinity,105,12862,1198,1191,289,1480,20
2022-05-21,Tulare,107,460477,107706,107485,28389,135874,1477
2022-05-21,Tuolumne,109,53932,13172,12977,607,13584,182
2022-05-21,Ventura,111,848112,179493,178024,10501,188525,1499
2022-05-21,Yolo,113,214977,39821,38377,3260,41637,319
2022-05-21,Yuba,115,75493,16262,16180,1293,17473,122
2022-05-20,Alameda,001,1643700,278965,274996,15444,290440,1858
2022-05-20,Alpine,003,1148,126,126,1,127,0
2022-05-20,Amador,005,37829,8716,8628,680,9308,86
2022-05-20,Butte,007,227075,34029,33606,7231,40837,426
2022-05-20,Calaveras,009,45235,7452,7424,379,7803,120
2022-05-20,Colusa,011,21464,3475,3468,1058,4526,21
2022-05-20,Contra Costa,013,1133247,205057,199703,14845,214548,1305
2022-05-20,Del Norte,015,27424,6157,6045,216,6261,50
2022-05-20,El Dorado,017,186661,27801,27517,3376,30893,213
2022-05-20,Fresno,019,978130,235831,234657,24725,259382,2760
2022-05-20,Glenn,021,27897,5043,5020,1640,6660,48
2022-05-20,Humboldt,023,135768,18172,17984,3410,21394,146
2022-05-20,Imperial,025,180216,56176,56014,10755,66769,923
2022-05-20,Inyo,027,18085,4150,4135,547,4682,56
2022-05-20,Kern,029,883053,194404,193705,46894,240599,2334
2022-05-20,Kings,031,150075,52140,52038,3543,55581,447
2022-05-20,Lake,033,64148,10936,10867,919,11786,137
2022-05-20,Lassen,035,31185,9016,9011,882,9893,64
2022-05-20,Los Angeles,037,10098052,2813509,2791671,130839,2922510,31815
2022-05-20,Madera,039,155013,37875,37744,6250,43994,370
2022-05-20,Marin,041,260295,36949,36394,3595,39989,293
2022-05-20,Mariposa,043,17540,2519,2490,223,2713,30
2022-05-20,Mendocino,045,87422,13564,13461,3363,16824,124
2022-05-20,Merced,047,269075,63498,62969,9103,72072,823
2022-05-20,Modoc,049,8938,747,750,254,1004,8
2022-05-20,Mono,051,14174,3026,3012,159,3171,6
2022-05-20,Monterey,053,433212,81738,81224,15042,96266,735
2022-05-20,Napa,055,140530,27271,27034,1099,28133,143
2022-05-20,Nevada,057,99092,16533,16410,1297,17707,127
2022-05-20,Orange,059,3164182,565769,562531,44188,606719,7025
2022-05-20,Placer,061,380077,65463,64802,7774,72576,626
2022-05-20,Plumas,063,18699,3085,3052,372,3424,13
2022-05-20,Riverside,065,2383286,604953,601808,28846,630654,6476
2022-05-20,Sacramento,067,1510023,292295,289972,27962,317934,3027
2022-05-20,San Benito,069,59416,13307,13234,573,13807,98
2022-05-20,San Bernardino,071,2135413,585584,575194,25524,600718,7523
2022-05-20,San Diego,073,3302833,780704,777404,56074,833478,5282
2022-05-20,San Francisco,075,870044,141393,138922,9261,148183,871
2022-05-20,San Joaquin,077,732212,170880,169745,10853,180598,2237
2022-05-20,San Luis Obispo,079,281455,54374,54012,4260,58272,481
2022-05-20,San Mateo,081,765935,134594,132636,8229,140865,711
2022-05-20,Santa Barbara,083,443738,89487,88783,5010,93793,692
2022-05-20,Santa Clara,085,1922200,341185,336488,14160,350648,2301
2022-05-20,Santa Cruz,087,273765,51714,51333,2339,53672,263
2022-05-20,Shasta,089,179085,31078,30966,6167,37133,564
2022-05-20,Sierra,091,2930,277,276,54,330,4
2022-05-20,Siskiyou,093,43540,4525,4501,2782,7283,81
2022-05-20,Solano,095,438530,86360,85038,6012,91050,451
2022-05-20,Sonoma,097,501317,89937,88889,3450,92339,489
2022-05-20,Stanislaus,099,539301,120114,119396,18357,137753,1653
2022-05-20,Sutter,101,95872,20878,20809,2165,22974,226
2022-05-20,Tehama,103,63373,12191,12162,2628,14790,201
2022-05-20,Trinity,105,12862,1198,1191,289,1480,20
2022-05-20,Tulare,107,460477,107648,107485,28350,135835,1477
2022-05-20,Tuolumne,109,53932,13153,12977,605,13582,182
2022-05-20,Ventura,111,848112,179296,178024,10483,188507,1499
2022-05-20,Yolo,113,214977,39752,38377,3254,41631,319
2022-05-20,Yuba,115,75493,16247,16180,1289,17469,122
2022-05-19,Alameda,001,1643700,278139,274996,15374,290370,1858
2022-05-19,Alpine,003,1148,126,126,1,127,0
2022-05-19,Amador,005,37829,8708,8628,680,9308,86
2022-05-19,Butte,007,227075,33991,33606,7222,40828,426
2022-05-19,Calaveras,009,45235,7446,7424,376,7800,120
2022-05-19,Colusa,011,21464,3474,3468,1057,4525,21
2022-05-19,Contra Costa,013,1133247,204512,199703,14771,214474,1305
2022-05-19,Del Norte,015,27424,6153,6045,211,6256,50
2022-05-19,El Dorado,017,186661,27749,27517,3361,30878,213
2022-05-19,Fresno,019,978130,235607,234657,24685,259342,2760
2022-05-19,Glenn,021,27897,5042,5020,1636,6656,48
2022-05-19,Humboldt,023,135768,18138,17984,3395,21379,146
2022-05-19,Imperial,025,180216,56130,56014,10754,66768,923
2022-05-19,Inyo,027,18085,4146,4135,546,4681,56
2022-05-19,Kern,029,883053,194263,193705,46819,240524,2334
2022-05-19,Kings,031,150075,52113,52038,3542,55580,447
2022-05-19,Lake,033,64148,10928,10867,917,11784,137
2022-05-19,Lassen,035,31185,9012,9011,882,9893,64
2022-05-19,Los Angeles,037,10098052,2809550,2791671,130510,2922181,31815
2022-05-19,Madera,039,155013,37839,37744,6234,43978,370
2022-05-19,Marin,041,260295,36853,36394,3562,39956,293
2022-05-19,Mariposa,043,17540,2511,2490,223,2713,30
2022-05-19,Mendocino,045,87422,13541,13461,3356,16817,124
2022-05-19,Merced,047,269075,63436,62969,9087,72056,823
2022-05-19,Modoc,049,8938,747,750,254,1004,8
2022-05-19,Mono,051,14174,3025,3012,155,3167,6
2022-05-19,Monterey,053,433212,81658,81224,14977,96201,735
2022-05-19,Napa,055,140530,27214,27034,1096,28130,143
2022-05-19,Nevada,057,99092,16499,16410,1290,17700,127
2022-05-19,Orange,059,3164182,564938,562531,44061,606592,7025
2022-05-19,Placer,061,380077,65344,64802,7758,72560,626
2022-05-19,Plumas,063,18699,3079,3052,372,3424,13
2022-05-19,Riverside,065,2383286,604322,601808,28804,630612,6476
2022-05-19,Sacramento,067,1510023,291738,289972,27879,317851,3027
2022-05-19,San Benito,069,59416,13279,13234,570,13804,98
2022-05-19,San Bernardino,071,2135413,585069,575194,25502,600696,7523
2022-05-19,San Diego,073,3302833,779466,777404,55909,833313,5282
2022-05-19,San Francisco,075,870044,140925,138922,9226,148148,871
2022-05-19,San Joaquin,077,732212,170635,169745,10836,180581,2237
2022-05-19,San Luis Obispo,079,281455,54271,54012,4228,58240,481
2022-05-19,San Mateo,081,765935,134128,132636,8170,140806,711
2022-05-19,Santa Barbara,083,443738,89334,88783,4983,93766,692
2022-05-19,Santa Clara,085,1922200,340107,336488,14069,350557,2301
2022-05-19,Santa Cruz,087,273765,51636,51333,2325,53658,263
2022-05-19,Shasta,089,179085,31049,30966,6161,37127,564
2022-05-19,Sierra,091,2930,277,276,54,330,4
2022-05-19,Siskiyou,093,43540,4522,4501,2780,7281,81
2022-05-19,Solano,095,438530,86174,85038,5987,91025,451
2022-05-19,Sonoma,097,501317,89733,88889,3416,92305,489
2022-05-19,Stanislaus,099,539301,119985,119396,18335,137731,1653
2022-05-19,Sutter,101,95872,20842,20809,2162,22971,226
2022-05-19,Tehama,103,63373,12181,12162,2625,14787,201
2022-05-19,Trinity,105,12862,1197,1191,289,1480,20
2022-05-19,Tulare,107,460477,107554,107485,28304,135789,1477
2022-05-19,Tuolumne,109,53932,13129,12977,602,13579,182
2022-05-19,Ventura,111,848112,179021,178024,10444,188468,1499
2022-05-19,Yolo,113,214977,39661,38377,3246,41623,319
2022-05-19,Yuba,115,75493,16227,16180,1281,17461,122
2022-05-18,Alameda,001,1643700,277292,272530,15304,287834,1859
2022-05-18,Alpine,003,1148,126,126,1,127,0
2022-05-18,Amador,005,37829,8690,8592,680,9272,86
2022-05-18,Butte,007,227075,33950,33486,7207,40693,426
2022-05-18,Calaveras,009,45235,7438,7400,376,7776,120
2022-05-18,Colusa,011,21464,3474,3467,1057,4524,21
2022-05-18,Contra Costa,013,1133247,203953,198207,14684,212891,1303
2022-05-18,Del Norte,015,27424,6145,6001,207,6208,50
2022-05-18,El Dorado,017,186661,27698,27388,3353,30741,212
2022-05-18,Fresno,019,978130,235346,234055,24644,258699,2759
2022-05-18,Glenn,021,27897,5041,5012,1636,6648,48
2022-05-18,Humboldt,023,135768,18113,17868,3374,21242,146
2022-05-18,Imperial,025,180216,56068,55915,10748,66663,918
2022-05-18,Inyo,027,18085,4142,4120,540,4660,56
2022-05-18,Kern,029,883053,194146,193338,46759,240097,2327
2022-05-18,Kings,031,150075,52084,51903,3539,55442,447
2022-05-18,Lake,033,64148,10919,10831,916,11747,137
2022-05-18,Lassen,035,31185,9006,8994,882,9876,65
2022-05-18,Los Angeles,037,10098052,2805208,2780354,130230,2910584,31789
2022-05-18,Madera,039,155013,37801,37644,6225,43869,365
2022-05-18,Marin,041,260295,36763,36024,3521,39545,293
2022-05-18,Mariposa,043,17540,2504,2481,223,2704,30
2022-05-18,Mendocino,045,87422,13520,13403,3341,16744,124
2022-05-18,Merced,047,269075,63371,62802,9060,71862,818
2022-05-18,Modoc,049,8938,747,748,254,1002,8
2022-05-18,Mono,051,14174,3024,3010,153,3163,6
2022-05-18,Monterey,053,433212,81550,80955,14921,95876,735
2022-05-18,Napa,055,140530,27173,26912,1089,28001,143
2022-05-18,Nevada,057,99092,16479,16361,1285,17646,127
2022-05-18,Orange,059,3164182,564135,560094,43955,604049,7021
2022-05-18,Placer,061,380077,65199,64432,7743,72175,626
2022-05-18,Plumas,063,18699,3071,3022,369,3391,13
2022-05-18,Riverside,065,2383286,603679,599947,28752,628699,6471
2022-05-18,Sacramento,067,1510023,291215,288335,27796,316131,3022
2022-05-18,San Benito,069,59416,13255,13186,566,13752,98
2022-05-18,San Bernardino,071,2135413,584596,573790,25475,599265,7455
2022-05-18,San Diego,073,3302833,778030,773934,55745,829679,5277
2022-05-18,San Francisco,075,870044,140399,137341,9199,146540,869
2022-05-18,San Joaquin,077,732212,170402,169045,10750,179795,2236
2022-05-18,San Luis Obispo,079,281455,54172,53756,4194,57950,478
2022-05-18,San Mateo,081,765935,133705,131330,8101,139431,709
2022-05-18,Santa Barbara,083,443738,89174,88317,4962,93279,693
2022-05-18,Santa Clara,085,1922200,338963,333230,13975,347205,2300
2022-05-18,Santa Cruz,087,273765,51546,51020,2312,53332,263
2022-05-18,Shasta,089,179085,31026,30899,6156,37055,558
2022-05-18,Sierra,091,2930,277,275,54,329,4
2022-05-18,Siskiyou,093,43540,4517,4495,2778,7273,81
2022-05-18,Solano,095,438530,85911,84476,5969,90445,451
2022-05-18,Sonoma,097,501317,89534,88195,3377,91572,489
2022-05-18,Stanislaus,099,539301,119875,119025,18302,137327,1645
2022-05-18,Sutter,101,95872,20820,20763,2153,22916,226
2022-05-18,Tehama,103,63373,12175,12133,2622,14755,201
2022-05-18,Trinity,105,12862,1197,1189,289,1478,20
2022-05-18,Tulare,107,460477,107485,107292,28246,135538,1477
2022-05-18,Tuolumne,109,53932,13110,12917,600,13517,182
2022-05-18,Ventura,111,848112,178751,177233,10400,187633,1497
2022-05-18,Yolo,113,214977,39549,38139,3234,41373,316
2022-05-18,Yuba,115,75493,16203,16109,1272,17381,122
2022-05-17,Alameda,001,1643700,276460,272530,15237,287767,1859
2022-05-17,Alpine,003,1148,126,126,1,127,0
2022-05-17,Amador,005,37829,8681,8592,678,9270,86
2022-05-17,Butte,007,227075,33898,33486,7186,40672,426
2022-05-17,Calaveras,009,45235,7431,7400,376,7776,120
2022-05-17,Colusa,011,21464,3473,3467,1056,4523,21
2022-05-17,Contra Costa,013,1133247,203314,198207,14599,212806,1303
2022-05-17,Del Norte,015,27424,6131,6001,207,6208,50
2022-05-17,El Dorado,017,186661,27642,27388,3347,30735,212
2022-05-17,Fresno,019,978130,235094,234055,24613,258668,2759
2022-05-17,Glenn,021,27897,5038,5012,1635,6647,48
2022-05-17,Humboldt,023,135768,18073,17868,3357,21225,146
2022-05-17,Imperial,025,180216,56025,55915,10738,66653,918
2022-05-17,Inyo,027,18085,4140,4120,531,4651,56
2022-05-17,Kern,029,883053,193989,193338,46703,240041,2327
2022-05-17,Kings,031,150075,52041,51903,3535,55438,447
2022-05-17,Lake,033,64148,10904,10831,914,11745,137
2022-05-17,Lassen,035,31185,9001,8994,881,9875,65
2022-05-17,Los Angeles,037,10098052,2800658,2780354,129927,2910281,31789
2022-05-17,Madera,039,155013,37775,37644,6210,43854,365
2022-05-17,Marin,041,260295,36629,36024,3460,39484,293
2022-05-17,Mariposa,043,17540,2499,2481,222,2703,30
2022-05-17,Mendocino,045,87422,13494,13403,3331,16734,124
2022-05-17,Merced,047,269075,63306,62802,9041,71843,818
2022-05-17,Modoc,049,8938,747,748,254,1002,8
2022-05-17,Mono,051,14174,3020,3010,153,3163,6
2022-05-17,Monterey,053,433212,81433,80955,14856,95811,735
2022-05-17,Napa,055,140530,27125,26912,1081,27993,143
2022-05-17,Nevada,057,99092,16450,16361,1277,17638,127
2022-05-17,Orange,059,3164182,563232,560094,43817,603911,7021
2022-05-17,Placer,061,380077,65035,64432,7705,72137,626
2022-05-17,Plumas,063,18699,3065,3022,368,3390,13
2022-05-17,Riverside,065,2383286,602996,599947,28708,628655,6471
2022-05-17,Sacramento,067,1510023,290584,288335,27694,316029,3022
2022-05-17,San Benito,069,59416,13218,13186,565,13751,98
2022-05-17,San Bernardino,071,2135413,584099,573790,25461,599251,7455
2022-05-17,San Diego,073,3302833,776516,773934,55578,829512,5277
2022-05-17,San Francisco,075,870044,139823,137341,9168,146509,869
2022-05-17,San Joaquin,077,732212,170162,169045,10709,179754,2236
2022-05-17,San Luis Obispo,079,281455,54079,53756,4150,57906,478
2022-05-17,San Mateo,081,765935,133210,131330,8061,139391,709
2022-05-17,Santa Barbara,083,443738,88976,88317,4944,93261,693
2022-05-17,Santa Clara,085,1922200,337783,333230,13902,347132,2300
2022-05-17,Santa Cruz,087,273765,51469,51020,2304,53324,263
2022-05-17,Shasta,089,179085,30988,30899,6153,37052,558
2022-05-17,Sierra,091,2930,277,275,54,329,4
2022-05-17,Siskiyou,093,43540,4515,4495,2776,7271,81
2022-05-17,Solano,095,438530,85630,84476,5939,90415,451
2022-05-17,Sonoma,097,501317,89291,88195,3332,91527,489
2022-05-17,Stanislaus,099,539301,119726,119025,18273,137298,1645
2022-05-17,Sutter,101,95872,20800,20763,2149,22912,226
2022-05-17,Tehama,103,63373,12163,12133,2619,14752,201
2022-05-17,Trinity,105,12862,1196,1189,289,1478,20
2022-05-17,Tulare,107,460477,107391,107292,28206,135498,1477
2022-05-17,Tuolumne,109,53932,13096,12917,600,13517,182
2022-05-17,Ventura,111,848112,178428,177233,10346,187579,1497
2022-05-17,Yolo,113,214977,39412,38139,3227,41366,316
2022-05-17,Yuba,115,75493,16179,16109,1269,17378,122
2022-05-16,Alameda,001,1643700,275455,272530,15156,287686,1859
2022-05-16,Alpine,003,1148,126,126,1,127,0
2022-05-16,Amador,005,37829,8671,8592,677,9269,86
2022-05-16,Butte,007,227075,33840,33486,7170,40656,426
2022-05-16,Calaveras,009,45235,7425,7400,374,7774,120
2022-05-16,Colusa,011,21464,3472,3467,1056,4523,21
2022-05-16,Contra Costa,013,1133247,202672,198207,14518,212725,1303
2022-05-16,Del Norte,015,27424,6118,6001,204,6205,50
2022-05-16,El Dorado,017,186661,27586,27388,3339,30727,212
2022-05-16,Fresno,019,978130,234830,234055,24571,258626,2759
2022-05-16,Glenn,021,27897,5034,5012,1630,6642,48
2022-05-16,Humboldt,023,135768,18028,17868,3343,21211,146
2022-05-16,Imperial,025,180216,55961,55915,10725,66640,918
2022-05-16,Inyo,027,18085,4136,4120,528,4648,56
2022-05-16,Kern,029,883053,193837,193338,46637,239975,2327
2022-05-16,Kings,031,150075,51991,51903,3534,55437,447
2022-05-16,Lake,033,64148,10897,10831,913,11744,137
2022-05-16,Lassen,035,31185,8996,8994,879,9873,65
2022-05-16,Los Angeles,037,10098052,2796212,2780354,129643,2909997,31789
2022-05-16,Madera,039,155013,37744,37644,6188,43832,365
2022-05-16,Marin,041,260295,36465,36024,3412,39436,293
2022-05-16,Mariposa,043,17540,2498,2481,221,2702,30
2022-05-16,Mendocino,045,87422,13468,13403,3319,16722,124
2022-05-16,Merced,047,269075,63235,62802,9005,71807,818
2022-05-16,Modoc,049,8938,747,748,254,1002,8
2022-05-16,Mono,051,14174,3017,3010,153,3163,6
2022-05-16,Monterey,053,433212,81322,80955,14769,95724,735
2022-05-16,Napa,055,140530,27074,26912,1076,27988,143
2022-05-16,Nevada,057,99092,16431,16361,1271,17632,127
2022-05-16,Orange,059,3164182,562377,560094,43690,603784,7021
2022-05-16,Placer,061,380077,64927,64432,7674,72106,626
2022-05-16,Plumas,063,18699,3055,3022,367,3389,13
2022-05-16,Riverside,065,2383286,602287,599947,28653,628600,6471
2022-05-16,Sacramento,067,1510023,289922,288335,27603,315938,3022
2022-05-16,San Benito,069,59416,13200,13186,560,13746,98
2022-05-16,San Bernardino,071,2135413,583631,573790,25431,599221,7455
2022-05-16,San Diego,073,3302833,774973,773934,55410,829344,5277
2022-05-16,San Francisco,075,870044,139119,137341,9136,146477,869
2022-05-16,San Joaquin,077,732212,169882,169045,10524,179569,2236
2022-05-16,San Luis Obispo,079,281455,53976,53756,4121,57877,478
2022-05-16,San Mateo,081,765935,132667,131330,8005,139335,709
2022-05-16,Santa Barbara,083,443738,88831,88317,4933,93250,693
2022-05-16,Santa Clara,085,1922200,336463,333230,13814,347044,2300
2022-05-16,Santa Cruz,087,273765,51390,51020,2289,53309,263
2022-05-16,Shasta,089,179085,30955,30899,6145,37044,558
2022-05-16,Sierra,091,2930,277,275,53,328,4
2022-05-16,Siskiyou,093,43540,4512,4495,2769,7264,81
2022-05-16,Solano,095,438530,85368,84476,5913,90389,451
2022-05-16,Sonoma,097,501317,88991,88195,3294,91489,489
2022-05-16,Stanislaus,099,539301,119582,119025,18240,137265,1645
2022-05-16,Sutter,101,95872,20786,20763,2142,22905,226
2022-05-16,Tehama,103,63373,12155,12133,2616,14749,201
2022-05-16,Trinity,105,12862,1195,1189,289,1478,20
2022-05-16,Tulare,107,460477,107316,107292,28155,135447,1477
2022-05-16,Tuolumne,109,53932,13063,12917,597,13514,182
2022-05-16,Ventura,111,848112,178097,177233,10288,187521,1497
2022-05-16,Yolo,113,214977,39277,38139,3218,41357,316
2022-05-16,Yuba,115,75493,16152,16109,1266,17375,122
2022-05-15,Alameda,001,1643700,274384,268944,15087,284031,1857
2022-05-15,Alpine,003,1148,126,125,1,126,0
2022-05-15,Amador,005,37829,8655,8574,672,9246,86
2022-05-15,Butte,007,227075,33782,33377,7149,40526,424
2022-05-15,Calaveras,009,45235,7406,7378,372,7750,120
2022-05-15,Colusa,011,21464,3469,3463,1054,4517,21
2022-05-15,Contra Costa,013,1133247,201908,195925,14436,210361,1301
2022-05-15,Del Norte,015,27424,6045,5919,202,6121,50
2022-05-15,El Dorado,017,186661,27525,27216,3324,30540,212
2022-05-15,Fresno,019,978130,234563,233305,24536,257841,2757
2022-05-15,Glenn,021,27897,5031,5004,1629,6633,48
2022-05-15,Humboldt,023,135768,17978,17633,3303,20936,146
2022-05-15,Imperial,025,180216,55925,55756,10704,66460,917
2022-05-15,Inyo,027,18085,4132,4114,524,4638,56
2022-05-15,Kern,029,883053,193661,192939,46556,239495,2314
2022-05-15,Kings,031,150075,51931,51779,3530,55309,447
2022-05-15,Lake,033,64148,10880,10790,910,11700,137
2022-05-15,Lassen,035,31185,8988,8987,878,9865,65
2022-05-15,Los Angeles,037,10098052,2791596,2768726,129274,2898000,31768
2022-05-15,Madera,039,155013,37702,37520,6170,43690,365
2022-05-15,Marin,041,260295,36294,35486,3373,38859,293
2022-05-15,Mariposa,043,17540,2493,2463,220,2683,30
2022-05-15,Mendocino,045,87422,13448,13349,3292,16641,124
2022-05-15,Merced,047,269075,63150,62627,8959,71586,818
2022-05-15,Modoc,049,8938,746,747,254,1001,8
2022-05-15,Mono,051,14174,3014,3002,151,3153,6
2022-05-15,Monterey,053,433212,81214,80620,14682,95302,735
2022-05-15,Napa,055,140530,27019,26698,1072,27770,143
2022-05-15,Nevada,057,99092,16401,16240,1268,17508,127
2022-05-15,Orange,059,3164182,561431,557134,43552,600686,7017
2022-05-15,Placer,061,380077,64745,63963,7644,71607,626
2022-05-15,Plumas,063,18699,3049,3006,367,3373,13
2022-05-15,Riverside,065,2383286,601571,597914,28585,626499,6471
2022-05-15,Sacramento,067,1510023,289210,286403,27471,313874,3022
2022-05-15,San Benito,069,59416,13174,13106,558,13664,98
2022-05-15,San Bernardino,071,2135413,583084,572057,25402,597459,7423
2022-05-15,San Diego,073,3302833,773467,770323,55211,825534,5271
2022-05-15,San Francisco,075,870044,138406,134916,9102,144018,866
2022-05-15,San Joaquin,077,732212,169642,168174,10447,178621,2236
2022-05-15,San Luis Obispo,079,281455,53849,53502,4079,57581,478
2022-05-15,San Mateo,081,765935,132135,129480,7931,137411,709
2022-05-15,Santa Barbara,083,443738,88601,87773,4898,92671,693
2022-05-15,Santa Clara,085,1922200,335056,328609,13723,342332,2297
2022-05-15,Santa Cruz,087,273765,51285,50268,2273,52541,263
2022-05-15,Shasta,089,179085,30914,30799,6139,36938,557
2022-05-15,Sierra,091,2930,277,275,53,328,4
2022-05-15,Siskiyou,093,43540,4510,4482,2766,7248,81
2022-05-15,Solano,095,438530,85048,83669,5879,89548,451
2022-05-15,Sonoma,097,501317,88666,87070,3269,90339,488
2022-05-15,Stanislaus,099,539301,119413,118586,18208,136794,1645
2022-05-15,Sutter,101,95872,20759,20690,2132,22822,226
2022-05-15,Tehama,103,63373,12138,12115,2610,14725,201
2022-05-15,Trinity,105,12862,1194,1188,289,1477,20
2022-05-15,Tulare,107,460477,107216,107077,28106,135183,1469
2022-05-15,Tuolumne,109,53932,13009,12851,596,13447,182
2022-05-15,Ventura,111,848112,177752,176317,10226,186543,1497
2022-05-15,Yolo,113,214977,39162,37737,3206,40943,316
2022-05-15,Yuba,115,75493,16118,16028,1257,17285,122
2022-05-14,Alameda,001,1643700,273963,268944,15067,284011,1857
2022-05-14,Alpine,003,1148,125,125,1,126,0
2022-05-14,Amador,005,37829,8649,8574,672,9246,86
2022-05-14,Butte,007,227075,33762,33377,7141,40518,424
2022-05-14,Calaveras,009,45235,7404,7378,372,7750,120
2022-05-14,Colusa,011,21464,3469,3463,1054,4517,21
2022-05-14,Contra Costa,013,1133247,201530,195925,14406,210331,1301
2022-05-14,Del Norte,015,27424,6037,5919,200,6119,50
2022-05-14,El Dorado,017,186661,27495,27216,3319,30535,212
2022-05-14,Fresno,019,978130,234440,233305,24527,257832,2757
2022-05-14,Glenn,021,27897,5030,5004,1625,6629,48
2022-05-14,Humboldt,023,135768,17952,17633,3296,20929,146
2022-05-14,Imperial,025,180216,55894,55756,10701,66457,917
2022-05-14,Inyo,027,18085,4127,4114,524,4638,56
2022-05-14,Kern,029,883053,193591,192939,46510,239449,2314
2022-05-14,Kings,031,150075,51904,51779,3530,55309,447
2022-05-14,Lake,033,64148,10870,10790,905,11695,137
2022-05-14,Lassen,035,31185,8986,8987,878,9865,65
2022-05-14,Los Angeles,037,10098052,2789683,2768726,129055,2897781,31768
2022-05-14,Madera,039,155013,37687,37520,6170,43690,365
2022-05-14,Marin,041,260295,36187,35486,3324,38810,293
2022-05-14,Mariposa,043,17540,2492,2463,220,2683,30
2022-05-14,Mendocino,045,87422,13438,13349,3288,16637,124
2022-05-14,Merced,047,269075,63114,62627,8956,71583,818
2022-05-14,Modoc,049,8938,745,747,254,1001,8
2022-05-14,Mono,051,14174,3014,3002,150,3152,6
2022-05-14,Monterey,053,433212,81149,80620,14628,95248,735
2022-05-14,Napa,055,140530,26995,26698,1065,27763,143
2022-05-14,Nevada,057,99092,16386,16240,1267,17507,127
2022-05-14,Orange,059,3164182,560986,557134,43468,600602,7017
2022-05-14,Placer,061,380077,64639,63963,7622,71585,626
2022-05-14,Plumas,063,18699,3045,3006,367,3373,13
2022-05-14,Riverside,065,2383286,601164,597914,28550,626464,6471
2022-05-14,Sacramento,067,1510023,288937,286403,27450,313853,3022
2022-05-14,San Benito,069,59416,13164,13106,555,13661,98
2022-05-14,San Bernardino,071,2135413,582807,572057,25390,597447,7423
2022-05-14,San Diego,073,3302833,772867,770323,55164,825487,5271
2022-05-14,San Francisco,075,870044,138049,134916,9078,143994,866
2022-05-14,San Joaquin,077,732212,169499,168174,10430,178604,2236
2022-05-14,San Luis Obispo,079,281455,53822,53502,4076,57578,478
2022-05-14,San Mateo,081,765935,131812,129480,7902,137382,709
2022-05-14,Santa Barbara,083,443738,88494,87773,4893,92666,693
2022-05-14,Santa Clara,085,1922200,334224,328609,13684,342293,2297
2022-05-14,Santa Cruz,087,273765,51238,50268,2259,52527,263
2022-05-14,Shasta,089,179085,30909,30799,6138,36937,557
2022-05-14,Sierra,091,2930,277,275,53,328,4
2022-05-14,Siskiyou,093,43540,4507,4482,2764,7246,81
2022-05-14,Solano,095,438530,84986,83669,5869,89538,451
2022-05-14,Sonoma,097,501317,88522,87070,3257,90327,488
2022-05-14,Stanislaus,099,539301,119329,118586,18197,136783,1645
2022-05-14,Sutter,101,95872,20752,20690,2131,22821,226
2022-05-14,Tehama,103,63373,12132,12115,2609,14724,201
2022-05-14,Trinity,105,12862,1194,1188,289,1477,20
2022-05-14,Tulare,107,460477,107171,107077,28078,135155,1469
2022-05-14,Tuolumne,109,53932,12998,12851,596,13447,182
2022-05-14,Ventura,111,848112,177590,176317,10201,186518,1497
2022-05-14,Yolo,113,214977,39092,37737,3199,40936,316
2022-05-14,Yuba,115,75493,16111,16028,1256,17284,122
2022-05-13,Alameda,001,1643700,273485,268944,15036,283980,1857
2022-05-13,Alpine,003,1148,125,125,1,126,0
2022-05-13,Amador,005,37829,8644,8574,671,9245,86
2022-05-13,Butte,007,227075,33745,33377,7139,40516,424
2022-05-13,Calaveras,009,45235,7401,7378,372,7750,120
2022-05-13,Colusa,011,21464,3468,3463,1054,4517,21
2022-05-13,Contra Costa,013,1133247,201188,195925,14377,210302,1301
2022-05-13,Del Norte,015,27424,6034,5919,200,6119,50
2022-05-13,El Dorado,017,186661,27467,27216,3319,30535,212
2022-05-13,Fresno,019,978130,234331,233305,24508,257813,2757
2022-05-13,Glenn,021,27897,5028,5004,1624,6628,48
2022-05-13,Humboldt,023,135768,17928,17633,3288,20921,146
2022-05-13,Imperial,025,180216,55875,55756,10700,66456,917
2022-05-13,Inyo,027,18085,4127,4114,523,4637,56
2022-05-13,Kern,029,883053,193518,192939,46480,239419,2314
2022-05-13,Kings,031,150075,51880,51779,3530,55309,447
2022-05-13,Lake,033,64148,10867,10790,905,11695,137
2022-05-13,Lassen,035,31185,8985,8987,878,9865,65
2022-05-13,Los Angeles,037,10098052,2787741,2768726,128865,2897591,31768
2022-05-13,Madera,039,155013,37667,37520,6161,43681,365
2022-05-13,Marin,041,260295,36084,35486,3281,38767,293
2022-05-13,Mariposa,043,17540,2490,2463,220,2683,30
2022-05-13,Mendocino,045,87422,13424,13349,3281,16630,124
2022-05-13,Merced,047,269075,63079,62627,8947,71574,818
2022-05-13,Modoc,049,8938,745,747,254,1001,8
2022-05-13,Mono,051,14174,3012,3002,149,3151,6
2022-05-13,Monterey,053,433212,81093,80620,14589,95209,735
2022-05-13,Napa,055,140530,26959,26698,1063,27761,143
2022-05-13,Nevada,057,99092,16371,16240,1266,17506,127
2022-05-13,Orange,059,3164182,560519,557134,43395,600529,7017
2022-05-13,Placer,061,380077,64560,63963,7613,71576,626
2022-05-13,Plumas,063,18699,3038,3006,367,3373,13
2022-05-13,Riverside,065,2383286,600778,597914,28521,626435,6471
2022-05-13,Sacramento,067,1510023,288604,286403,27432,313835,3022
2022-05-13,San Benito,069,59416,13160,13106,555,13661,98
2022-05-13,San Bernardino,071,2135413,582568,572057,25382,597439,7423
2022-05-13,San Diego,073,3302833,772229,770323,55084,825407,5271
2022-05-13,San Francisco,075,870044,137699,134916,9058,143974,866
2022-05-13,San Joaquin,077,732212,169380,168174,10418,178592,2236
2022-05-13,San Luis Obispo,079,281455,53786,53502,4072,57574,478
2022-05-13,San Mateo,081,765935,131523,129480,7881,137361,709
2022-05-13,Santa Barbara,083,443738,88400,87773,4890,92663,693
2022-05-13,Santa Clara,085,1922200,333428,328609,13651,342260,2297
2022-05-13,Santa Cruz,087,273765,51151,50268,2251,52519,263
2022-05-13,Shasta,089,179085,30905,30799,6138,36937,557
2022-05-13,Sierra,091,2930,276,275,50,325,4
2022-05-13,Siskiyou,093,43540,4506,4482,2764,7246,81
2022-05-13,Solano,095,438530,84862,83669,5862,89531,451
2022-05-13,Sonoma,097,501317,88345,87070,3243,90313,488
2022-05-13,Stanislaus,099,539301,119235,118586,18183,136769,1645
2022-05-13,Sutter,101,95872,20740,20690,2130,22820,226
2022-05-13,Tehama,103,63373,12130,12115,2607,14722,201
2022-05-13,Trinity,105,12862,1193,1188,289,1477,20
2022-05-13,Tulare,107,460477,107125,107077,28042,135119,1469
2022-05-13,Tuolumne,109,53932,12982,12851,596,13447,182
2022-05-13,Ventura,111,848112,177410,176317,10187,186504,1497
2022-05-13,Yolo,113,214977,39029,37737,3195,40932,316
2022-05-13,Yuba,115,75493,16098,16028,1253,17281,122
2022-05-12,Alameda,001,1643700,272740,268944,14980,283924,1857
2022-05-12,Alpine,003,1148,125,125,1,126,0
2022-05-12,Amador,005,37829,8635,8574,671,9245,86
2022-05-12,Butte,007,227075,33718,33377,7125,40502,424
2022-05-12,Calaveras,009,45235,7397,7378,371,7749,120
2022-05-12,Colusa,011,21464,3468,3463,1053,4516,21
2022-05-12,Contra Costa,013,1133247,200668,195925,14314,210239,1301
2022-05-12,Del Norte,015,27424,6017,5919,199,6118,50
2022-05-12,El Dorado,017,186661,27427,27216,3310,30526,212
2022-05-12,Fresno,019,978130,234179,233305,24487,257792,2757
2022-05-12,Glenn,021,27897,5024,5004,1622,6626,48
2022-05-12,Humboldt,023,135768,17886,17633,3275,20908,146
2022-05-12,Imperial,025,180216,55848,55756,10687,66443,917
2022-05-12,Inyo,027,18085,4123,4114,518,4632,56
2022-05-12,Kern,029,883053,193453,192939,46432,239371,2314
2022-05-12,Kings,031,150075,51859,51779,3528,55307,447
2022-05-12,Lake,033,64148,10849,10790,899,11689,137
2022-05-12,Lassen,035,31185,8984,8987,878,9865,65
2022-05-12,Los Angeles,037,10098052,2784528,2768726,128596,2897322,31768
2022-05-12,Madera,039,155013,37642,37520,6149,43669,365
2022-05-12,Marin,041,260295,35984,35486,3258,38744,293
2022-05-12,Mariposa,043,17540,2485,2463,219,2682,30
2022-05-12,Mendocino,045,87422,13407,13349,3269,16618,124
2022-05-12,Merced,047,269075,63047,62627,8936,71563,818
2022-05-12,Modoc,049,8938,744,747,254,1001,8
2022-05-12,Mono,051,14174,3012,3002,148,3150,6
2022-05-12,Monterey,053,433212,81035,80620,14546,95166,735
2022-05-12,Napa,055,140530,26914,26698,1061,27759,143
2022-05-12,Nevada,057,99092,16349,16240,1265,17505,127
2022-05-12,Orange,059,3164182,559880,557134,43286,600420,7017
2022-05-12,Placer,061,380077,64462,63963,7590,71553,626
2022-05-12,Plumas,063,18699,3032,3006,367,3373,13
2022-05-12,Riverside,065,2383286,600323,597914,28488,626402,6471
2022-05-12,Sacramento,067,1510023,288146,286403,27368,313771,3022
2022-05-12,San Benito,069,59416,13145,13106,554,13660,98
2022-05-12,San Bernardino,071,2135413,582216,572057,25365,597422,7423
2022-05-12,San Diego,073,3302833,771275,770323,54994,825317,5271
2022-05-12,San Francisco,075,870044,137320,134916,9020,143936,866
2022-05-12,San Joaquin,077,732212,169199,168174,10375,178549,2236
2022-05-12,San Luis Obispo,079,281455,53727,53502,4043,57545,478
2022-05-12,San Mateo,081,765935,131114,129480,7830,137310,709
2022-05-12,Santa Barbara,083,443738,88294,87773,4879,92652,693
2022-05-12,Santa Clara,085,1922200,332459,328609,13563,342172,2297
2022-05-12,Santa Cruz,087,273765,51007,50268,2245,52513,263
2022-05-12,Shasta,089,179085,30892,30799,6135,36934,557
2022-05-12,Sierra,091,2930,275,275,50,325,4
2022-05-12,Siskiyou,093,43540,4501,4482,2762,7244,81
2022-05-12,Solano,095,438530,84643,83669,5849,89518,451
2022-05-12,Sonoma,097,501317,88128,87070,3216,90286,488
2022-05-12,Stanislaus,099,539301,119133,118586,18154,136740,1645
2022-05-12,Sutter,101,95872,20724,20690,2129,22819,226
2022-05-12,Tehama,103,63373,12123,12115,2605,14720,201
2022-05-12,Trinity,105,12862,1192,1188,288,1476,20
2022-05-12,Tulare,107,460477,107073,107077,27992,135069,1469
2022-05-12,Tuolumne,109,53932,12962,12851,594,13445,182
2022-05-12,Ventura,111,848112,177180,176317,10144,186461,1497
2022-05-12,Yolo,113,214977,38916,37737,3185,40922,316
2022-05-12,Yuba,115,75493,16082,16028,1250,17278,122
2022-05-11,Alameda,001,1643700,272028,267982,14925,282907,1853
2022-05-11,Alpine,003,1148,125,125,1,126,0
2022-05-11,Amador,005,37829,8627,8564,671,9235,86
2022-05-11,Butte,007,227075,33686,33339,7119,40458,423
2022-05-11,Calaveras,009,45235,7392,7368,367,7735,120
2022-05-11,Colusa,011,21464,3467,3462,1053,4515,21
2022-05-11,Contra Costa,013,1133247,200149,195153,14259,209412,1302
2022-05-11,Del Norte,015,27424,6007,5911,199,6110,50
2022-05-11,El Dorado,017,186661,27391,27172,3303,30475,212
2022-05-11,Fresno,019,978130,234015,233021,24454,257475,2754
2022-05-11,Glenn,021,27897,5024,5001,1620,6621,48
2022-05-11,Humboldt,023,135768,17843,17585,3259,20844,146
2022-05-11,Imperial,025,180216,55822,55751,10677,66428,917
2022-05-11,Inyo,027,18085,4122,4093,517,4610,56
2022-05-11,Kern,029,883053,193356,192795,46387,239182,2292
2022-05-11,Kings,031,150075,51831,51752,3526,55278,447
2022-05-11,Lake,033,64148,10836,10786,898,11684,137
2022-05-11,Lassen,035,31185,8983,8984,877,9861,65
2022-05-11,Los Angeles,037,10098052,2781389,2761410,128368,2889778,31747
2022-05-11,Madera,039,155013,37610,37496,6138,43634,365
2022-05-11,Marin,041,260295,35883,35336,3216,38552,292
2022-05-11,Mariposa,043,17540,2480,2461,219,2680,30
2022-05-11,Mendocino,045,87422,13392,13320,3252,16572,124
2022-05-11,Merced,047,269075,63005,62567,8915,71482,818
2022-05-11,Modoc,049,8938,743,747,254,1001,8
2022-05-11,Mono,051,14174,3012,2999,147,3146,6
2022-05-11,Monterey,053,433212,80972,80534,14495,95029,733
2022-05-11,Napa,055,140530,26863,26660,1059,27719,143
2022-05-11,Nevada,057,99092,16333,16230,1260,17490,127
2022-05-11,Orange,059,3164182,559204,556265,43207,599472,7009
2022-05-11,Placer,061,380077,64364,63823,7574,71397,625
2022-05-11,Plumas,063,18699,3024,2998,367,3365,13
2022-05-11,Riverside,065,2383286,599875,597302,28452,625754,6468
2022-05-11,Sacramento,067,1510023,287730,285799,27320,313119,3020
2022-05-11,San Benito,069,59416,13125,13088,550,13638,98
2022-05-11,San Bernardino,071,2135413,581850,571372,25356,596728,7354
2022-05-11,San Diego,073,3302833,770293,768135,54863,822998,5257
2022-05-11,San Francisco,075,870044,136824,134027,8995,143022,864
2022-05-11,San Joaquin,077,732212,169024,167949,10353,178302,2233
2022-05-11,San Luis Obispo,079,281455,53680,53420,4026,57446,478
2022-05-11,San Mateo,081,765935,130717,128821,7786,136607,711
2022-05-11,Santa Barbara,083,443738,88165,87593,4867,92460,693
2022-05-11,Santa Clara,085,1922200,331456,327177,13515,340692,2294
2022-05-11,Santa Cruz,087,273765,50849,50031,2231,52262,263
2022-05-11,Shasta,089,179085,30860,30768,6132,36900,564
2022-05-11,Sierra,091,2930,275,275,50,325,4
2022-05-11,Siskiyou,093,43540,4499,4478,2762,7240,81
2022-05-11,Solano,095,438530,84443,83464,5836,89300,450
2022-05-11,Sonoma,097,501317,87924,86798,3203,90001,488
2022-05-11,Stanislaus,099,539301,119030,118445,18133,136578,1644
2022-05-11,Sutter,101,95872,20709,20668,2128,22796,225
2022-05-11,Tehama,103,63373,12123,12106,2605,14711,201
2022-05-11,Trinity,105,12862,1190,1188,288,1476,20
2022-05-11,Tulare,107,460477,107016,107068,27959,135027,1468
2022-05-11,Tuolumne,109,53932,12945,12829,594,13423,181
2022-05-11,Ventura,111,848112,176981,175955,10102,186057,1491
2022-05-11,Yolo,113,214977,38801,37654,3180,40834,316
2022-05-11,Yuba,115,75493,16063,15997,1240,17237,122
2022-05-10,Alameda,001,1643700,271250,267982,14872,282854,1853
2022-05-10,Alpine,003,1148,125,125,1,126,0
2022-05-10,Amador,005,37829,8623,8564,670,9234,86
2022-05-10,Butte,007,227075,33660,33339,7115,40454,423
2022-05-10,Calaveras,009,45235,7388,7368,366,7734,120
2022-05-10,Colusa,011,21464,3467,3462,1052,4514,21
2022-05-10,Contra Costa,013,1133247,199665,195153,14217,209370,1302
2022-05-10,Del Norte,015,27424,5955,5911,199,6110,50
2022-05-10,El Dorado,017,186661,27354,27172,3297,30469,212
2022-05-10,Fresno,019,978130,233853,233021,24425,257446,2754
2022-05-10,Glenn,021,27897,5021,5001,1620,6621,48
2022-05-10,Humboldt,023,135768,17805,17585,3242,20827,146
2022-05-10,Imperial,025,180216,55787,55751,10659,66410,917
2022-05-10,Inyo,027,18085,4120,4093,511,4604,56
2022-05-10,Kern,029,883053,193254,192795,46346,239141,2292
2022-05-10,Kings,031,150075,51800,51752,3526,55278,447
2022-05-10,Lake,033,64148,10831,10786,898,11684,137
2022-05-10,Lassen,035,31185,8978,8984,877,9861,65
2022-05-10,Los Angeles,037,10098052,2778093,2761410,128133,2889543,31747
2022-05-10,Madera,039,155013,37577,37496,6125,43621,365
2022-05-10,Marin,041,260295,35771,35336,3173,38509,292
2022-05-10,Mariposa,043,17540,2480,2461,219,2680,30
2022-05-10,Mendocino,045,87422,13380,13320,3239,16559,124
2022-05-10,Merced,047,269075,62960,62567,8896,71463,818
2022-05-10,Modoc,049,8938,743,747,254,1001,8
2022-05-10,Mono,051,14174,3008,2999,144,3143,6
2022-05-10,Monterey,053,433212,80906,80534,14447,94981,733
2022-05-10,Napa,055,140530,26825,26660,1057,27717,143
2022-05-10,Nevada,057,99092,16313,16230,1257,17487,127
2022-05-10,Orange,059,3164182,558499,556265,43115,599380,7009
2022-05-10,Placer,061,380077,64251,63823,7559,71382,625
2022-05-10,Plumas,063,18699,3016,2998,366,3364,13
2022-05-10,Riverside,065,2383286,599449,597302,28423,625725,6468
2022-05-10,Sacramento,067,1510023,287230,285799,27253,313052,3020
2022-05-10,San Benito,069,59416,13108,13088,545,13633,98
2022-05-10,San Bernardino,071,2135413,581492,571372,25330,596702,7354
2022-05-10,San Diego,073,3302833,769275,768135,54741,822876,5257
2022-05-10,San Francisco,075,870044,136275,134027,8968,142995,864
2022-05-10,San Joaquin,077,732212,168869,167949,10291,178240,2233
2022-05-10,San Luis Obispo,079,281455,53604,53420,4001,57421,478
2022-05-10,San Mateo,081,765935,130341,128821,7746,136567,711
2022-05-10,Santa Barbara,083,443738,88049,87593,4852,92445,693
2022-05-10,Santa Clara,085,1922200,330433,327177,13434,340611,2294
2022-05-10,Santa Cruz,087,273765,50723,50031,2220,52251,263
2022-05-10,Shasta,089,179085,30840,30768,6131,36899,564
2022-05-10,Sierra,091,2930,275,275,49,324,4
2022-05-10,Siskiyou,093,43540,4495,4478,2762,7240,81
2022-05-10,Solano,095,438530,84256,83464,5817,89281,450
2022-05-10,Sonoma,097,501317,87684,86798,3165,89963,488
2022-05-10,Stanislaus,099,539301,118936,118445,18113,136558,1644
2022-05-10,Sutter,101,95872,20690,20668,2125,22793,225
2022-05-10,Tehama,103,63373,12120,12106,2598,14704,201
2022-05-10,Trinity,105,12862,1190,1188,288,1476,20
2022-05-10,Tulare,107,460477,106973,107068,27931,134999,1468
2022-05-10,Tuolumne,109,53932,12933,12829,594,13423,181
2022-05-10,Ventura,111,848112,176763,175955,10064,186019,1491
2022-05-10,Yolo,113,214977,38697,37654,3169,40823,316
2022-05-10,Yuba,115,75493,16042,15997,1237,17234,122
2022-05-09,Alameda,001,1643700,270479,267982,14827,282809,1853
2022-05-09,Alpine,003,1148,125,125,1,126,0
2022-05-09,Amador,005,37829,8617,8564,670,9234,86
2022-05-09,Butte,007,227075,33634,33339,7106,40445,423
2022-05-09,Calaveras,009,45235,7382,7368,366,7734,120
2022-05-09,Colusa,011,21464,3465,3462,1050,4512,21
2022-05-09,Contra Costa,013,1133247,199193,195153,14159,209312,1302
2022-05-09,Del Norte,015,27424,5946,5911,198,6109,50
2022-05-09,El Dorado,017,186661,27319,27172,3289,30461,212
2022-05-09,Fresno,019,978130,233694,233021,24402,257423,2754
2022-05-09,Glenn,021,27897,5019,5001,1618,6619,48
2022-05-09,Humboldt,023,135768,17754,17585,3220,20805,146
2022-05-09,Imperial,025,180216,55754,55751,10646,66397,917
2022-05-09,Inyo,027,18085,4117,4093,508,4601,56
2022-05-09,Kern,029,883053,193157,192795,46289,239084,2292
2022-05-09,Kings,031,150075,51769,51752,3525,55277,447
2022-05-09,Lake,033,64148,10823,10786,897,11683,137
2022-05-09,Lassen,035,31185,8976,8984,877,9861,65
2022-05-09,Los Angeles,037,10098052,2774733,2761410,127890,2889300,31747
2022-05-09,Madera,039,155013,37545,37496,6116,43612,365
2022-05-09,Marin,041,260295,35654,35336,3138,38474,292
2022-05-09,Mariposa,043,17540,2475,2461,219,2680,30
2022-05-09,Mendocino,045,87422,13369,13320,3228,16548,124
2022-05-09,Merced,047,269075,62919,62567,8877,71444,818
2022-05-09,Modoc,049,8938,743,747,254,1001,8
2022-05-09,Mono,051,14174,3006,2999,142,3141,6
2022-05-09,Monterey,053,433212,80813,80534,14394,94928,733
2022-05-09,Napa,055,140530,26775,26660,1055,27715,143
2022-05-09,Nevada,057,99092,16285,16230,1251,17481,127
2022-05-09,Orange,059,3164182,557830,556265,43033,599298,7009
2022-05-09,Placer,061,380077,64190,63823,7543,71366,625
2022-05-09,Plumas,063,18699,3007,2998,366,3364,13
2022-05-09,Riverside,065,2383286,598959,597302,28387,625689,6468
2022-05-09,Sacramento,067,1510023,286801,285799,27181,312980,3020
2022-05-09,San Benito,069,59416,13089,13088,543,13631,98
2022-05-09,San Bernardino,071,2135413,581161,571372,25319,596691,7354
2022-05-09,San Diego,073,3302833,768296,768135,54599,822734,5257
2022-05-09,San Francisco,075,870044,135720,134027,8944,142971,864
2022-05-09,San Joaquin,077,732212,168688,167949,10269,178218,2233
2022-05-09,San Luis Obispo,079,281455,53551,53420,3980,57400,478
2022-05-09,San Mateo,081,765935,129914,128821,7708,136529,711
2022-05-09,Santa Barbara,083,443738,87919,87593,4841,92434,693
2022-05-09,Santa Clara,085,1922200,329301,327177,13371,340548,2294
2022-05-09,Santa Cruz,087,273765,50582,50031,2212,52243,263
2022-05-09,Shasta,089,179085,30827,30768,6129,36897,564
2022-05-09,Sierra,091,2930,275,275,49,324,4
2022-05-09,Siskiyou,093,43540,4493,4478,2762,7240,81
2022-05-09,Solano,095,438530,84099,83464,5804,89268,450
2022-05-09,Sonoma,097,501317,87424,86798,3139,89937,488
2022-05-09,Stanislaus,099,539301,118840,118445,18095,136540,1644
2022-05-09,Sutter,101,95872,20677,20668,2124,22792,225
2022-05-09,Tehama,103,63373,12118,12106,2596,14702,201
2022-05-09,Trinity,105,12862,1190,1188,288,1476,20
2022-05-09,Tulare,107,460477,106926,107068,27894,134962,1468
2022-05-09,Tuolumne,109,53932,12925,12829,594,13423,181
2022-05-09,Ventura,111,848112,176546,175955,10015,185970,1491
2022-05-09,Yolo,113,214977,38588,37654,3160,40814,316
2022-05-09,Yuba,115,75493,16033,15997,1236,17233,122
2022-05-08,Alameda,001,1643700,269586,265198,14759,279957,1855
2022-05-08,Alpine,003,1148,125,125,1,126,0
2022-05-08,Amador,005,37829,8606,8556,667,9223,86
2022-05-08,Butte,007,227075,33612,33269,7095,40364,421
2022-05-08,Calaveras,009,45235,7375,7353,365,7718,120
2022-05-08,Colusa,011,21464,3464,3459,1050,4509,21
2022-05-08,Contra Costa,013,1133247,198678,193961,14078,208039,1302
2022-05-08,Del Norte,015,27424,5930,5884,198,6082,50
2022-05-08,El Dorado,017,186661,27281,27081,3284,30365,210
2022-05-08,Fresno,019,978130,233527,232655,24379,257034,2754
2022-05-08,Glenn,021,27897,5017,4996,1618,6614,48
2022-05-08,Humboldt,023,135768,17701,17410,3181,20591,146
2022-05-08,Imperial,025,180216,55720,55683,10637,66320,917
2022-05-08,Inyo,027,18085,4110,4087,508,4595,56
2022-05-08,Kern,029,883053,193063,192590,46243,238833,2287
2022-05-08,Kings,031,150075,51752,51702,3525,55227,447
2022-05-08,Lake,033,64148,10816,10766,897,11663,137
2022-05-08,Lassen,035,31185,8972,8978,877,9855,65
2022-05-08,Los Angeles,037,10098052,2771148,2751478,127601,2879079,31738
2022-05-08,Madera,039,155013,37523,37420,6097,43517,365
2022-05-08,Marin,041,260295,35529,34934,3091,38025,292
2022-05-08,Mariposa,043,17540,2468,2438,218,2656,30
2022-05-08,Mendocino,045,87422,13350,13270,3202,16472,124
2022-05-08,Merced,047,269075,62870,62471,8848,71319,818
2022-05-08,Modoc,049,8938,743,745,254,999,8
2022-05-08,Mono,051,14174,3005,2997,140,3137,6
2022-05-08,Monterey,053,433212,80720,80246,14312,94558,733
2022-05-08,Napa,055,140530,26734,26524,1052,27576,143
2022-05-08,Nevada,057,99092,16261,16171,1249,17420,127
2022-05-08,Orange,059,3164182,557150,554411,42930,597341,7007
2022-05-08,Placer,061,380077,64073,63577,7516,71093,625
2022-05-08,Plumas,063,18699,3003,2996,366,3362,13
2022-05-08,Riverside,065,2383286,598472,596022,28351,624373,6467
2022-05-08,Sacramento,067,1510023,286293,284564,27109,311673,3016
2022-05-08,San Benito,069,59416,13074,13047,540,13587,98
2022-05-08,San Bernardino,071,2135413,580728,570381,25284,595665,7306
2022-05-08,San Diego,073,3302833,767266,765377,54495,819872,5244
2022-05-08,San Francisco,075,870044,135069,132659,8914,141573,861
2022-05-08,San Joaquin,077,732212,168500,167568,10236,177804,2229
2022-05-08,San Luis Obispo,079,281455,53480,53273,3960,57233,477
2022-05-08,San Mateo,081,765935,129453,127615,7654,135269,709
2022-05-08,Santa Barbara,083,443738,87785,87305,4832,92137,692
2022-05-08,Santa Clara,085,1922200,328234,324946,13297,338243,2287
2022-05-08,Santa Cruz,087,273765,50402,49605,2208,51813,262
2022-05-08,Shasta,089,179085,30799,30721,6125,36846,563
2022-05-08,Sierra,091,2930,275,275,49,324,4
2022-05-08,Siskiyou,093,43540,4490,4470,2757,7227,81
2022-05-08,Solano,095,438530,83928,83038,5779,88817,450
2022-05-08,Sonoma,097,501317,87205,86150,3104,89254,488
2022-05-08,Stanislaus,099,539301,118732,118235,18070,136305,1643
2022-05-08,Sutter,101,95872,20656,20694,2120,22814,225
2022-05-08,Tehama,103,63373,12112,12098,2593,14691,201
2022-05-08,Trinity,105,12862,1189,1180,288,1468,20
2022-05-08,Tulare,107,460477,106886,106987,27859,134846,1468
2022-05-08,Tuolumne,109,53932,12912,12793,590,13383,181
2022-05-08,Ventura,111,848112,176309,175454,9969,185423,1491
2022-05-08,Yolo,113,214977,38481,37456,3146,40602,315
2022-05-08,Yuba,115,75493,16011,15964,1232,17196,122
2022-05-07,Alameda,001,1643700,269210,265198,14741,279939,1855
2022-05-07,Alpine,003,1148,125,125,1,126,0
2022-05-07,Amador,005,37829,8604,8556,667,9223,86
2022-05-07,Butte,007,227075,33604,33269,7089,40358,421
2022-05-07,Calaveras,009,45235,7368,7353,365,7718,120
2022-05-07,Colusa,011,21464,3464,3459,1050,4509,21
2022-05-07,Contra Costa,013,1133247,198436,193961,14061,208022,1302
2022-05-07,Del Norte,015,27424,5928,5884,198,6082,50
2022-05-07,El Dorado,017,186661,27263,27081,3283,30364,210
2022-05-07,Fresno,019,978130,233471,232655,24372,257027,2754
2022-05-07,Glenn,021,27897,5016,4996,1618,6614,48
2022-05-07,Humboldt,023,135768,17673,17410,3173,20583,146
2022-05-07,Imperial,025,180216,55697,55683,10631,66314,917
2022-05-07,Inyo,027,18085,4107,4087,508,4595,56
2022-05-07,Kern,029,883053,193028,192590,46222,238812,2287
2022-05-07,Kings,031,150075,51741,51702,3525,55227,447
2022-05-07,Lake,033,64148,10812,10766,897,11663,137
2022-05-07,Lassen,035,31185,8972,8978,877,9855,65
2022-05-07,Los Angeles,037,10098052,2769555,2751478,127432,2878910,31738
2022-05-07,Madera,039,155013,37516,37420,6097,43517,365
2022-05-07,Marin,041,260295,35455,34934,3059,37993,292
2022-05-07,Mariposa,043,17540,2465,2438,218,2656,30
2022-05-07,Mendocino,045,87422,13341,13270,3199,16469,124
2022-05-07,Merced,047,269075,62857,62471,8848,71319,818
2022-05-07,Modoc,049,8938,743,745,254,999,8
2022-05-07,Mono,051,14174,3004,2997,139,3136,6
2022-05-07,Monterey,053,433212,80660,80246,14286,94532,733
2022-05-07,Napa,055,140530,26704,26524,1051,27575,143
2022-05-07,Nevada,057,99092,16251,16171,1244,17415,127
2022-05-07,Orange,059,3164182,556823,554411,42877,597288,7007
2022-05-07,Placer,061,380077,64009,63577,7508,71085,625
2022-05-07,Plumas,063,18699,3003,2996,365,3361,13
2022-05-07,Riverside,065,2383286,598216,596022,28324,624346,6467
2022-05-07,Sacramento,067,1510023,286099,284564,27096,311660,3016
2022-05-07,San Benito,069,59416,13065,13047,535,13582,98
2022-05-07,San Bernardino,071,2135413,580515,570381,25279,595660,7306
2022-05-07,San Diego,073,3302833,766780,765377,54464,819841,5244
2022-05-07,San Francisco,075,870044,134741,132659,8894,141553,861
2022-05-07,San Joaquin,077,732212,168394,167568,10227,177795,2229
2022-05-07,San Luis Obispo,079,281455,53468,53273,3949,57222,477
2022-05-07,San Mateo,081,765935,129169,127615,7632,135247,709
2022-05-07,Santa Barbara,083,443738,87705,87305,4829,92134,692
2022-05-07,Santa Clara,085,1922200,327614,324946,13267,338213,2287
2022-05-07,Santa Cruz,087,273765,50349,49605,2198,51803,262
2022-05-07,Shasta,089,179085,30791,30721,6125,36846,563
2022-05-07,Sierra,091,2930,275,275,49,324,4
2022-05-07,Siskiyou,093,43540,4488,4470,2757,7227,81
2022-05-07,Solano,095,438530,83871,83038,5774,88812,450
2022-05-07,Sonoma,097,501317,87080,86150,3095,89245,488
2022-05-07,Stanislaus,099,539301,118685,118235,18061,136296,1643
2022-05-07,Sutter,101,95872,20647,20694,2120,22814,225
2022-05-07,Tehama,103,63373,12110,12098,2592,14690,201
2022-05-07,Trinity,105,12862,1189,1180,288,1468,20
2022-05-07,Tulare,107,460477,106862,106987,27847,134834,1468
2022-05-07,Tuolumne,109,53932,12905,12793,590,13383,181
2022-05-07,Ventura,111,848112,176198,175454,9945,185399,1491
2022-05-07,Yolo,113,214977,38436,37456,3144,40600,315
2022-05-07,Yuba,115,75493,16002,15964,1232,17196,122
2022-05-06,Alameda,001,1643700,268826,265198,14720,279918,1855
2022-05-06,Alpine,003,1148,125,125,1,126,0
2022-05-06,Amador,005,37829,8603,8556,666,9222,86
2022-05-06,Butte,007,227075,33595,33269,7086,40355,421
2022-05-06,Calaveras,009,45235,7366,7353,365,7718,120
2022-05-06,Colusa,011,21464,3464,3459,1050,4509,21
2022-05-06,Contra Costa,013,1133247,198204,193961,14049,208010,1302
2022-05-06,Del Norte,015,27424,5918,5884,198,6082,50
2022-05-06,El Dorado,017,186661,27238,27081,3281,30362,210
2022-05-06,Fresno,019,978130,233395,232655,24363,257018,2754
2022-05-06,Glenn,021,27897,5016,4996,1618,6614,48
2022-05-06,Humboldt,023,135768,17646,17410,3166,20576,146
2022-05-06,Imperial,025,180216,55688,55683,10628,66311,917
2022-05-06,Inyo,027,18085,4098,4087,505,4592,56
2022-05-06,Kern,029,883053,192976,192590,46193,238783,2287
2022-05-06,Kings,031,150075,51733,51702,3525,55227,447
2022-05-06,Lake,033,64148,10810,10766,897,11663,137
2022-05-06,Lassen,035,31185,8972,8978,877,9855,65
2022-05-06,Los Angeles,037,10098052,2767729,2751478,127285,2878763,31738
2022-05-06,Madera,039,155013,37502,37420,6094,43514,365
2022-05-06,Marin,041,260295,35377,34934,3013,37947,292
2022-05-06,Mariposa,043,17540,2464,2438,211,2649,30
2022-05-06,Mendocino,045,87422,13329,13270,3197,16467,124
2022-05-06,Merced,047,269075,62840,62471,8847,71318,818
2022-05-06,Modoc,049,8938,743,745,254,999,8
2022-05-06,Mono,051,14174,3003,2997,139,3136,6
2022-05-06,Monterey,053,433212,80621,80246,14249,94495,733
2022-05-06,Napa,055,140530,26687,26524,1051,27575,143
2022-05-06,Nevada,057,99092,16239,16171,1242,17413,127
2022-05-06,Orange,059,3164182,556479,554411,42811,597222,7007
2022-05-06,Placer,061,380077,63948,63577,7496,71073,625
2022-05-06,Plumas,063,18699,3001,2996,365,3361,13
2022-05-06,Riverside,065,2383286,597988,596022,28304,624326,6467
2022-05-06,Sacramento,067,1510023,285843,284564,27076,311640,3016
2022-05-06,San Benito,069,59416,13061,13047,535,13582,98
2022-05-06,San Bernardino,071,2135413,580338,570381,25273,595654,7306
2022-05-06,San Diego,073,3302833,766270,765377,54427,819804,5244
2022-05-06,San Francisco,075,870044,134414,132659,8873,141532,861
2022-05-06,San Joaquin,077,732212,168304,167568,10215,177783,2229
2022-05-06,San Luis Obispo,079,281455,53442,53273,3944,57217,477
2022-05-06,San Mateo,081,765935,128943,127615,7623,135238,709
2022-05-06,Santa Barbara,083,443738,87651,87305,4827,92132,692
2022-05-06,Santa Clara,085,1922200,327025,324946,13252,338198,2287
2022-05-06,Santa Cruz,087,273765,50284,49605,2194,51799,262
2022-05-06,Shasta,089,179085,30785,30721,6124,36845,563
2022-05-06,Sierra,091,2930,275,275,49,324,4
2022-05-06,Siskiyou,093,43540,4486,4470,2755,7225,81
2022-05-06,Solano,095,438530,83781,83038,5766,88804,450
2022-05-06,Sonoma,097,501317,86958,86150,3080,89230,488
2022-05-06,Stanislaus,099,539301,118628,118235,18054,136289,1643
2022-05-06,Sutter,101,95872,20641,20694,2120,22814,225
2022-05-06,Tehama,103,63373,12105,12098,2592,14690,201
2022-05-06,Trinity,105,12862,1188,1180,288,1468,20
2022-05-06,Tulare,107,460477,106843,106987,27836,134823,1468
2022-05-06,Tuolumne,109,53932,12898,12793,589,13382,181
2022-05-06,Ventura,111,848112,176082,175454,9915,185369,1491
2022-05-06,Yolo,113,214977,38389,37456,3140,40596,315
2022-05-06,Yuba,115,75493,15991,15964,1231,17195,122
2022-05-05,Alameda,001,1643700,268239,265198,14675,279873,1855
2022-05-05,Alpine,003,1148,125,125,1,126,0
2022-05-05,Amador,005,37829,8601,8556,665,9221,86
2022-05-05,Butte,007,227075,33576,33269,7079,40348,421
2022-05-05,Calaveras,009,45235,7362,7353,363,7716,120
2022-05-05,Colusa,011,21464,3464,3459,1047,4506,21
2022-05-05,Contra Costa,013,1133247,197810,193961,14005,207966,1302
2022-05-05,Del Norte,015,27424,5917,5884,198,6082,50
2022-05-05,El Dorado,017,186661,27213,27081,3274,30355,210
2022-05-05,Fresno,019,978130,233294,232655,24340,256995,2754
2022-05-05,Glenn,021,27897,5016,4996,1618,6614,48
2022-05-05,Humboldt,023,135768,17608,17410,3152,20562,146
2022-05-05,Imperial,025,180216,55681,55683,10617,66300,917
2022-05-05,Inyo,027,18085,4094,4087,504,4591,56
2022-05-05,Kern,029,883053,192918,192590,46155,238745,2287
2022-05-05,Kings,031,150075,51725,51702,3525,55227,447
2022-05-05,Lake,033,64148,10806,10766,897,11663,137
2022-05-05,Lassen,035,31185,8972,8978,877,9855,65
2022-05-05,Los Angeles,037,10098052,2765141,2751478,127061,2878539,31738
2022-05-05,Madera,039,155013,37485,37420,6089,43509,365
2022-05-05,Marin,041,260295,35268,34934,2991,37925,292
2022-05-05,Mariposa,043,17540,2462,2438,210,2648,30
2022-05-05,Mendocino,045,87422,13318,13270,3189,16459,124
2022-05-05,Merced,047,269075,62807,62471,8843,71314,818
2022-05-05,Modoc,049,8938,743,745,252,997,8
2022-05-05,Mono,051,14174,3002,2997,138,3135,6
2022-05-05,Monterey,053,433212,80566,80246,14220,94466,733
2022-05-05,Napa,055,140530,26654,26524,1050,27574,143
2022-05-05,Nevada,057,99092,16229,16171,1239,17410,127
2022-05-05,Orange,059,3164182,555970,554411,42753,597164,7007
2022-05-05,Placer,061,380077,63887,63577,7487,71064,625
2022-05-05,Plumas,063,18699,3000,2996,365,3361,13
2022-05-05,Riverside,065,2383286,597651,596022,28277,624299,6467
2022-05-05,Sacramento,067,1510023,285508,284564,27023,311587,3016
2022-05-05,San Benito,069,59416,13050,13047,533,13580,98
2022-05-05,San Bernardino,071,2135413,580048,570381,25257,595638,7306
2022-05-05,San Diego,073,3302833,765529,765377,54357,819734,5244
2022-05-05,San Francisco,075,870044,133998,132659,8839,141498,861
2022-05-05,San Joaquin,077,732212,168213,167568,10187,177755,2229
2022-05-05,San Luis Obispo,079,281455,53406,53273,3929,57202,477
2022-05-05,San Mateo,081,765935,128606,127615,7598,135213,709
2022-05-05,Santa Barbara,083,443738,87576,87305,4822,92127,692
2022-05-05,Santa Clara,085,1922200,326232,324946,13190,338136,2287
2022-05-05,Santa Cruz,087,273765,50186,49605,2190,51795,262
2022-05-05,Shasta,089,179085,30775,30721,6122,36843,563
2022-05-05,Sierra,091,2930,275,275,49,324,4
2022-05-05,Siskiyou,093,43540,4484,4470,2755,7225,81
2022-05-05,Solano,095,438530,83660,83038,5748,88786,450
2022-05-05,Sonoma,097,501317,86785,86150,3062,89212,488
2022-05-05,Stanislaus,099,539301,118570,118235,18040,136275,1643
2022-05-05,Sutter,101,95872,20639,20694,2118,22812,225
2022-05-05,Tehama,103,63373,12101,12098,2590,14688,201
2022-05-05,Trinity,105,12862,1188,1180,288,1468,20
2022-05-05,Tulare,107,460477,106812,106987,27818,134805,1468
2022-05-05,Tuolumne,109,53932,12880,12793,586,13379,181
2022-05-05,Ventura,111,848112,175895,175454,9872,185326,1491
2022-05-05,Yolo,113,214977,38318,37456,3129,40585,315
2022-05-05,Yuba,115,75493,15981,15964,1228,17192,122
2022-05-04,Alameda,001,1643700,267577,263736,14633,278369,1850
2022-05-04,Alpine,003,1148,125,124,1,125,0
2022-05-04,Amador,005,37829,8598,8546,664,9210,86
2022-05-04,Butte,007,227075,33559,33220,7074,40294,417
2022-05-04,Calaveras,009,45235,7357,7344,363,7707,120
2022-05-04,Colusa,011,21464,3463,3460,1047,4507,21
2022-05-04,Contra Costa,013,1133247,197443,193175,13950,207125,1302
2022-05-04,Del Norte,015,27424,5909,5866,198,6064,50
2022-05-04,El Dorado,017,186661,27188,27021,3267,30288,210
2022-05-04,Fresno,019,978130,233177,232332,24329,256661,2751
2022-05-04,Glenn,021,27897,5014,4995,1618,6613,48
2022-05-04,Humboldt,023,135768,17568,17316,3142,20458,146
2022-05-04,Imperial,025,180216,55658,55548,10609,66157,910
2022-05-04,Inyo,027,18085,4094,4085,501,4586,56
2022-05-04,Kern,029,883053,192853,192432,46119,238551,2281
2022-05-04,Kings,031,150075,51707,51663,3524,55187,447
2022-05-04,Lake,033,64148,10801,10758,897,11655,137
2022-05-04,Lassen,035,31185,8971,8972,875,9847,65
2022-05-04,Los Angeles,037,10098052,2762360,2744894,126870,2871764,31722
2022-05-04,Madera,039,155013,37461,37395,6084,43479,365
2022-05-04,Marin,041,260295,35181,34727,2969,37696,291
2022-05-04,Mariposa,043,17540,2456,2435,205,2640,30
2022-05-04,Mendocino,045,87422,13310,13247,3181,16428,123
2022-05-04,Merced,047,269075,62780,62419,8832,71251,818
2022-05-04,Modoc,049,8938,743,746,252,998,8
2022-05-04,Mono,051,14174,3001,2993,135,3128,6
2022-05-04,Monterey,053,433212,80504,80038,14196,94234,732
2022-05-04,Napa,055,140530,26617,26434,1047,27481,143
2022-05-04,Nevada,057,99092,16213,16136,1235,17371,127
2022-05-04,Orange,059,3164182,555386,553177,42678,595855,7006
2022-05-04,Placer,061,380077,63804,63410,7481,70891,625
2022-05-04,Plumas,063,18699,2998,2947,365,3312,13
2022-05-04,Riverside,065,2383286,597316,594981,28251,623232,6457
2022-05-04,Sacramento,067,1510023,285179,283939,26987,310926,3013
2022-05-04,San Benito,069,59416,13041,13019,527,13546,98
2022-05-04,San Bernardino,071,2135413,579786,569570,25244,594814,7240
2022-05-04,San Diego,073,3302833,764781,763453,54264,817717,5239
2022-05-04,San Francisco,075,870044,133591,131599,8817,140416,860
2022-05-04,San Joaquin,077,732212,168109,167280,10159,177439,2225
2022-05-04,San Luis Obispo,079,281455,53362,53156,3918,57074,477
2022-05-04,San Mateo,081,765935,128283,126800,7563,134363,710
2022-05-04,Santa Barbara,083,443738,87471,87058,4807,91865,688
2022-05-04,Santa Clara,085,1922200,325426,322805,13137,335942,2285
2022-05-04,Santa Cruz,087,273765,50071,49230,2187,51417,262
2022-05-04,Shasta,089,179085,30759,30681,6120,36801,556
2022-05-04,Sierra,091,2930,275,275,49,324,4
2022-05-04,Siskiyou,093,43540,4480,4463,2753,7216,81
2022-05-04,Solano,095,438530,83514,82796,5738,88534,449
2022-05-04,Sonoma,097,501317,86609,85694,3037,88731,488
2022-05-04,Stanislaus,099,539301,118507,118123,18029,136152,1643
2022-05-04,Sutter,101,95872,20628,20672,2116,22788,224
2022-05-04,Tehama,103,63373,12099,12090,2585,14675,201
2022-05-04,Trinity,105,12862,1188,1180,288,1468,20
2022-05-04,Tulare,107,460477,106794,106935,27803,134738,1464
2022-05-04,Tuolumne,109,53932,12873,12757,584,13341,181
2022-05-04,Ventura,111,848112,175727,175066,9830,184896,1486
2022-05-04,Yolo,113,214977,38242,37344,3124,40468,315
2022-05-04,Yuba,115,75493,15972,15940,1225,17165,122
2022-05-03,Alameda,001,1643700,266962,263736,14590,278326,1850
2022-05-03,Alpine,003,1148,125,124,1,125,0
2022-05-03,Amador,005,37829,8595,8546,663,9209,86
2022-05-03,Butte,007,227075,33543,33220,7069,40289,417
2022-05-03,Calaveras,009,45235,7350,7344,363,7707,120
2022-05-03,Colusa,011,21464,3462,3460,1047,4507,21
2022-05-03,Contra Costa,013,1133247,197050,193175,13907,207082,1302
2022-05-03,Del Norte,015,27424,5902,5866,196,6062,50
2022-05-03,El Dorado,017,186661,27166,27021,3263,30284,210
2022-05-03,Fresno,019,978130,233065,232332,24310,256642,2751
2022-05-03,Glenn,021,27897,5013,4995,1616,6611,48
2022-05-03,Humboldt,023,135768,17532,17316,3123,20439,146
2022-05-03,Imperial,025,180216,55637,55548,10603,66151,910
2022-05-03,Inyo,027,18085,4092,4085,501,4586,56
2022-05-03,Kern,029,883053,192775,192432,46087,238519,2281
2022-05-03,Kings,031,150075,51695,51663,3524,55187,447
2022-05-03,Lake,033,64148,10797,10758,896,11654,137
2022-05-03,Lassen,035,31185,8971,8972,875,9847,65
2022-05-03,Los Angeles,037,10098052,2759296,2744894,126639,2871533,31722
2022-05-03,Madera,039,155013,37430,37395,6079,43474,365
2022-05-03,Marin,041,260295,35071,34727,2946,37673,291
2022-05-03,Mariposa,043,17540,2448,2435,205,2640,30
2022-05-03,Mendocino,045,87422,13295,13247,3163,16410,123
2022-05-03,Merced,047,269075,62752,62419,8808,71227,818
2022-05-03,Modoc,049,8938,742,746,252,998,8
2022-05-03,Mono,051,14174,2999,2993,134,3127,6
2022-05-03,Monterey,053,433212,80452,80038,14162,94200,732
2022-05-03,Napa,055,140530,26582,26434,1040,27474,143
2022-05-03,Nevada,057,99092,16202,16136,1235,17371,127
2022-05-03,Orange,059,3164182,554865,553177,42600,595777,7006
2022-05-03,Placer,061,380077,63710,63410,7467,70877,625
2022-05-03,Plumas,063,18699,2994,2947,365,3312,13
2022-05-03,Riverside,065,2383286,596950,594981,28227,623208,6457
2022-05-03,Sacramento,067,1510023,284867,283939,26936,310875,3013
2022-05-03,San Benito,069,59416,13028,13019,524,13543,98
2022-05-03,San Bernardino,071,2135413,579517,569570,25232,594802,7240
2022-05-03,San Diego,073,3302833,763936,763453,54164,817617,5239
2022-05-03,San Francisco,075,870044,133116,131599,8787,140386,860
2022-05-03,San Joaquin,077,732212,168026,167280,10133,177413,2225
2022-05-03,San Luis Obispo,079,281455,53315,53156,3909,57065,477
2022-05-03,San Mateo,081,765935,127939,126800,7526,134326,710
2022-05-03,Santa Barbara,083,443738,87382,87058,4805,91863,688
2022-05-03,Santa Clara,085,1922200,324610,322805,13087,335892,2285
2022-05-03,Santa Cruz,087,273765,49979,49230,2181,51411,262
2022-05-03,Shasta,089,179085,30740,30681,6119,36800,556
2022-05-03,Sierra,091,2930,275,275,49,324,4
2022-05-03,Siskiyou,093,43540,4479,4463,2753,7216,81
2022-05-03,Solano,095,438530,83325,82796,5726,88522,449
2022-05-03,Sonoma,097,501317,86428,85694,3013,88707,488
2022-05-03,Stanislaus,099,539301,118453,118123,18016,136139,1643
2022-05-03,Sutter,101,95872,20623,20672,2114,22786,224
2022-05-03,Tehama,103,63373,12095,12090,2584,14674,201
2022-05-03,Trinity,105,12862,1187,1180,288,1468,20
2022-05-03,Tulare,107,460477,106765,106935,27789,134724,1464
2022-05-03,Tuolumne,109,53932,12860,12757,584,13341,181
2022-05-03,Ventura,111,848112,175558,175066,9787,184853,1486
2022-05-03,Yolo,113,214977,38173,37344,3123,40467,315
2022-05-03,Yuba,115,75493,15961,15940,1217,17157,122
2022-05-02,Alameda,001,1643700,266331,263736,14545,278281,1850
2022-05-02,Alpine,003,1148,125,124,1,125,0
2022-05-02,Amador,005,37829,8592,8546,660,9206,86
2022-05-02,Butte,007,227075,33520,33220,7066,40286,417
2022-05-02,Calaveras,009,45235,7349,7344,362,7706,120
2022-05-02,Colusa,011,21464,3462,3460,1047,4507,21
2022-05-02,Contra Costa,013,1133247,196676,193175,13869,207044,1302
2022-05-02,Del Norte,015,27424,5897,5866,191,6057,50
2022-05-02,El Dorado,017,186661,27143,27021,3257,30278,210
2022-05-02,Fresno,019,978130,232954,232332,24281,256613,2751
2022-05-02,Glenn,021,27897,5011,4995,1616,6611,48
2022-05-02,Humboldt,023,135768,17481,17316,3109,20425,146
2022-05-02,Imperial,025,180216,55624,55548,10596,66144,910
2022-05-02,Inyo,027,18085,4091,4085,499,4584,56
2022-05-02,Kern,029,883053,192691,192432,46058,238490,2281
2022-05-02,Kings,031,150075,51678,51663,3524,55187,447
2022-05-02,Lake,033,64148,10793,10758,896,11654,137
2022-05-02,Lassen,035,31185,8970,8972,875,9847,65
2022-05-02,Los Angeles,037,10098052,2756253,2744894,126425,2871319,31722
2022-05-02,Madera,039,155013,37413,37395,6072,43467,365
2022-05-02,Marin,041,260295,34946,34727,2923,37650,291
2022-05-02,Mariposa,043,17540,2443,2435,205,2640,30
2022-05-02,Mendocino,045,87422,13277,13247,3150,16397,123
2022-05-02,Merced,047,269075,62720,62419,8801,71220,818
2022-05-02,Modoc,049,8938,741,746,252,998,8
2022-05-02,Mono,051,14174,2997,2993,133,3126,6
2022-05-02,Monterey,053,433212,80374,80038,14121,94159,732
2022-05-02,Napa,055,140530,26543,26434,1038,27472,143
2022-05-02,Nevada,057,99092,16184,16136,1233,17369,127
2022-05-02,Orange,059,3164182,554325,553177,42505,595682,7006
2022-05-02,Placer,061,380077,63653,63410,7460,70870,625
2022-05-02,Plumas,063,18699,2994,2947,365,3312,13
2022-05-02,Riverside,065,2383286,596559,594981,28200,623181,6457
2022-05-02,Sacramento,067,1510023,284561,283939,26896,310835,3013
2022-05-02,San Benito,069,59416,13016,13019,524,13543,98
2022-05-02,San Bernardino,071,2135413,579229,569570,25213,594783,7240
2022-05-02,San Diego,073,3302833,763071,763453,54068,817521,5239
2022-05-02,San Francisco,075,870044,132682,131599,8760,140359,860
2022-05-02,San Joaquin,077,732212,167910,167280,10122,177402,2225
2022-05-02,San Luis Obispo,079,281455,53262,53156,3900,57056,477
2022-05-02,San Mateo,081,765935,127616,126800,7511,134311,710
2022-05-02,Santa Barbara,083,443738,87281,87058,4801,91859,688
2022-05-02,Santa Clara,085,1922200,323699,322805,13040,335845,2285
2022-05-02,Santa Cruz,087,273765,49853,49230,2177,51407,262
2022-05-02,Shasta,089,179085,30721,30681,6118,36799,556
2022-05-02,Sierra,091,2930,275,275,49,324,4
2022-05-02,Siskiyou,093,43540,4476,4463,2751,7214,81
2022-05-02,Solano,095,438530,83185,82796,5716,88512,449
2022-05-02,Sonoma,097,501317,86245,85694,2992,88686,488
2022-05-02,Stanislaus,099,539301,118380,118123,18002,136125,1643
2022-05-02,Sutter,101,95872,20616,20672,2111,22783,224
2022-05-02,Tehama,103,63373,12090,12090,2581,14671,201
2022-05-02,Trinity,105,12862,1186,1180,288,1468,20
2022-05-02,Tulare,107,460477,106743,106935,27773,134708,1464
2022-05-02,Tuolumne,109,53932,12854,12757,584,13341,181
2022-05-02,Ventura,111,848112,175395,175066,9755,184821,1486
2022-05-02,Yolo,113,214977,38094,37344,3117,40461,315
2022-05-02,Yuba,115,75493,15956,15940,1215,17155,122
2022-05-01,Alameda,001,1643700,265629,262027,14495,276522,1851
2022-05-01,Alpine,003,1148,125,124,1,125,0
2022-05-01,Amador,005,37829,8592,8533,660,9193,86
2022-05-01,Butte,007,227075,33493,33172,7061,40233,418
2022-05-01,Calaveras,009,45235,7345,7328,356,7684,120
2022-05-01,Colusa,011,21464,3462,3457,1047,4504,21
2022-05-01,Contra Costa,013,1133247,196291,192136,13798,205934,1301
2022-05-01,Del Norte,015,27424,5889,5841,191,6032,50
2022-05-01,El Dorado,017,186661,27111,26946,3253,30199,210
2022-05-01,Fresno,019,978130,232849,232067,24261,256328,2748
2022-05-01,Glenn,021,27897,5011,4995,1616,6611,48
2022-05-01,Humboldt,023,135768,17417,17194,3084,20278,145
2022-05-01,Imperial,025,180216,55600,55503,10593,66096,910
2022-05-01,Inyo,027,18085,4090,4084,498,4582,56
2022-05-01,Kern,029,883053,192628,192250,46012,238262,2265
2022-05-01,Kings,031,150075,51657,51640,3520,55160,447
2022-05-01,Lake,033,64148,10786,10742,894,11636,137
2022-05-01,Lassen,035,31185,8970,8966,875,9841,65
2022-05-01,Los Angeles,037,10098052,2753239,2736900,126190,2863090,31712
2022-05-01,Madera,039,155013,37395,37360,6061,43421,365
2022-05-01,Marin,041,260295,34859,34519,2890,37409,291
2022-05-01,Mariposa,043,17540,2442,2430,205,2635,30
2022-05-01,Mendocino,045,87422,13258,13219,3134,16353,123
2022-05-01,Merced,047,269075,62688,62357,8785,71142,818
2022-05-01,Modoc,049,8938,741,745,252,997,8
2022-05-01,Mono,051,14174,2994,2989,131,3120,6
2022-05-01,Monterey,053,433212,80295,79881,14079,93960,731
2022-05-01,Napa,055,140530,26498,26319,1034,27353,143
2022-05-01,Nevada,057,99092,16165,16100,1232,17332,127
2022-05-01,Orange,059,3164182,553772,551822,42407,594229,6998
2022-05-01,Placer,061,380077,63580,63273,7446,70719,625
2022-05-01,Plumas,063,18699,2993,2946,365,3311,13
2022-05-01,Riverside,065,2383286,596101,593965,28166,622131,6457
2022-05-01,Sacramento,067,1510023,284230,283048,26835,309883,3007
2022-05-01,San Benito,069,59416,13008,12988,524,13512,98
2022-05-01,San Bernardino,071,2135413,578910,568758,25196,593954,7191
2022-05-01,San Diego,073,3302833,762189,761253,53976,815229,5238
2022-05-01,San Francisco,075,870044,132190,130241,8731,138972,860
2022-05-01,San Joaquin,077,732212,167766,167028,10092,177120,2225
2022-05-01,San Luis Obispo,079,281455,53190,53040,3884,56924,477
2022-05-01,San Mateo,081,765935,127250,125807,7472,133279,705
2022-05-01,Santa Barbara,083,443738,87177,86768,4791,91559,688
2022-05-01,Santa Clara,085,1922200,322761,320709,12987,333696,2281
2022-05-01,Santa Cruz,087,273765,49701,48798,2169,50967,262
2022-05-01,Shasta,089,179085,30705,30649,6116,36765,554
2022-05-01,Sierra,091,2930,275,274,49,323,4
2022-05-01,Siskiyou,093,43540,4475,4458,2745,7203,81
2022-05-01,Solano,095,438530,83053,82459,5701,88160,449
2022-05-01,Sonoma,097,501317,86025,85290,2964,88254,488
2022-05-01,Stanislaus,099,539301,118325,117943,17986,135929,1643
2022-05-01,Sutter,101,95872,20608,20644,2104,22748,224
2022-05-01,Tehama,103,63373,12089,12078,2580,14658,202
2022-05-01,Trinity,105,12862,1186,1179,288,1467,20
2022-05-01,Tulare,107,460477,106710,106856,27753,134609,1458
2022-05-01,Tuolumne,109,53932,12835,12713,578,13291,181
2022-05-01,Ventura,111,848112,175223,174679,9702,184381,1486
2022-05-01,Yolo,113,214977,38029,37173,3107,40280,314
2022-05-01,Yuba,115,75493,15946,15917,1213,17130,121
2022-04-30,Alameda,001,1643700,265228,262027,14480,276507,1851
2022-04-30,Alpine,003,1148,125,124,1,125,0
2022-04-30,Amador,005,37829,8590,8533,660,9193,86
2022-04-30,Butte,007,227075,33487,33172,7057,40229,418
2022-04-30,Calaveras,009,45235,7342,7328,355,7683,120
2022-04-30,Colusa,011,21464,3461,3457,1047,4504,21
2022-04-30,Contra Costa,013,1133247,196045,192136,13788,205924,1301
2022-04-30,Del Norte,015,27424,5884,5841,191,6032,50
2022-04-30,El Dorado,017,186661,27093,26946,3249,30195,210
2022-04-30,Fresno,019,978130,232803,232067,24253,256320,2748
2022-04-30,Glenn,021,27897,5010,4995,1615,6610,48
2022-04-30,Humboldt,023,135768,17375,17194,3075,20269,145
2022-04-30,Imperial,025,180216,55587,55503,10591,66094,910
2022-04-30,Inyo,027,18085,4090,4084,498,4582,56
2022-04-30,Kern,029,883053,192592,192250,45994,238244,2265
2022-04-30,Kings,031,150075,51651,51640,3519,55159,447
2022-04-30,Lake,033,64148,10783,10742,894,11636,137
2022-04-30,Lassen,035,31185,8970,8966,875,9841,65
2022-04-30,Los Angeles,037,10098052,2751863,2736900,126015,2862915,31712
2022-04-30,Madera,039,155013,37384,37360,6060,43420,365
2022-04-30,Marin,041,260295,34813,34519,2860,37379,291
2022-04-30,Mariposa,043,17540,2440,2430,204,2634,30
2022-04-30,Mendocino,045,87422,13254,13219,3134,16353,123
2022-04-30,Merced,047,269075,62675,62357,8783,71140,818
2022-04-30,Modoc,049,8938,741,745,252,997,8
2022-04-30,Mono,051,14174,2993,2989,129,3118,6
2022-04-30,Monterey,053,433212,80228,79881,14056,93937,731
2022-04-30,Napa,055,140530,26475,26319,1033,27352,143
2022-04-30,Nevada,057,99092,16150,16100,1231,17331,127
2022-04-30,Orange,059,3164182,553505,551822,42364,594186,6998
2022-04-30,Placer,061,380077,63535,63273,7438,70711,625
2022-04-30,Plumas,063,18699,2990,2946,365,3311,13
2022-04-30,Riverside,065,2383286,595857,593965,28148,622113,6457
2022-04-30,Sacramento,067,1510023,284108,283048,26822,309870,3007
2022-04-30,San Benito,069,59416,13005,12988,524,13512,98
2022-04-30,San Bernardino,071,2135413,578735,568758,25187,593945,7191
2022-04-30,San Diego,073,3302833,761816,761253,53946,815199,5238
2022-04-30,San Francisco,075,870044,131905,130241,8709,138950,860
2022-04-30,San Joaquin,077,732212,167711,167028,10087,177115,2225
2022-04-30,San Luis Obispo,079,281455,53179,53040,3881,56921,477
2022-04-30,San Mateo,081,765935,127032,125807,7453,133260,705
2022-04-30,Santa Barbara,083,443738,87121,86768,4788,91556,688
2022-04-30,Santa Clara,085,1922200,322189,320709,12963,333672,2281
2022-04-30,Santa Cruz,087,273765,49655,48798,2169,50967,262
2022-04-30,Shasta,089,179085,30699,30649,6114,36763,554
2022-04-30,Sierra,091,2930,275,274,49,323,4
2022-04-30,Siskiyou,093,43540,4473,4458,2744,7202,81
2022-04-30,Solano,095,438530,83035,82459,5699,88158,449
2022-04-30,Sonoma,097,501317,85908,85290,2952,88242,488
2022-04-30,Stanislaus,099,539301,118294,117943,17980,135923,1643
2022-04-30,Sutter,101,95872,20603,20644,2104,22748,224
2022-04-30,Tehama,103,63373,12085,12078,2578,14656,202
2022-04-30,Trinity,105,12862,1186,1179,288,1467,20
2022-04-30,Tulare,107,460477,106691,106856,27741,134597,1458
2022-04-30,Tuolumne,109,53932,12826,12713,578,13291,181
2022-04-30,Ventura,111,848112,175139,174679,9670,184349,1486
2022-04-30,Yolo,113,214977,37983,37173,3106,40279,314
2022-04-30,Yuba,115,75493,15939,15917,1212,17129,121
2022-04-29,Alameda,001,1643700,264915,262027,14467,276494,1851
2022-04-29,Alpine,003,1148,124,124,1,125,0
2022-04-29,Amador,005,37829,8583,8533,658,9191,86
2022-04-29,Butte,007,227075,33482,33172,7051,40223,418
2022-04-29,Calaveras,009,45235,7340,7328,355,7683,120
2022-04-29,Colusa,011,21464,3460,3457,1047,4504,21
2022-04-29,Contra Costa,013,1133247,195849,192136,13769,205905,1301
2022-04-29,Del Norte,015,27424,5880,5841,191,6032,50
2022-04-29,El Dorado,017,186661,27081,26946,3247,30193,210
2022-04-29,Fresno,019,978130,232753,232067,24245,256312,2748
2022-04-29,Glenn,021,27897,5010,4995,1614,6609,48
2022-04-29,Humboldt,023,135768,17350,17194,3067,20261,145
2022-04-29,Imperial,025,180216,55571,55503,10590,66093,910
2022-04-29,Inyo,027,18085,4090,4084,496,4580,56
2022-04-29,Kern,029,883053,192565,192250,45982,238232,2265
2022-04-29,Kings,031,150075,51646,51640,3519,55159,447
2022-04-29,Lake,033,64148,10782,10742,894,11636,137
2022-04-29,Lassen,035,31185,8969,8966,875,9841,65
2022-04-29,Los Angeles,037,10098052,2750558,2736900,125865,2862765,31712
2022-04-29,Madera,039,155013,37374,37360,6059,43419,365
2022-04-29,Marin,041,260295,34748,34519,2840,37359,291
2022-04-29,Mariposa,043,17540,2438,2430,204,2634,30
2022-04-29,Mendocino,045,87422,13249,13219,3133,16352,123
2022-04-29,Merced,047,269075,62663,62357,8781,71138,818
2022-04-29,Modoc,049,8938,741,745,252,997,8
2022-04-29,Mono,051,14174,2993,2989,129,3118,6
2022-04-29,Monterey,053,433212,80194,79881,14042,93923,731
2022-04-29,Napa,055,140530,26447,26319,1031,27350,143
2022-04-29,Nevada,057,99092,16143,16100,1230,17330,127
2022-04-29,Orange,059,3164182,553238,551822,42316,594138,6998
2022-04-29,Placer,061,380077,63506,63273,7431,70704,625
2022-04-29,Plumas,063,18699,2989,2946,365,3311,13
2022-04-29,Riverside,065,2383286,595638,593965,28127,622092,6457
2022-04-29,Sacramento,067,1510023,283961,283048,26814,309862,3007
2022-04-29,San Benito,069,59416,13000,12988,524,13512,98
2022-04-29,San Bernardino,071,2135413,578577,568758,25177,593935,7191
2022-04-29,San Diego,073,3302833,761398,761253,53920,815173,5238
2022-04-29,San Francisco,075,870044,131683,130241,8689,138930,860
2022-04-29,San Joaquin,077,732212,167656,167028,10083,177111,2225
2022-04-29,San Luis Obispo,079,281455,53164,53040,3876,56916,477
2022-04-29,San Mateo,081,765935,126834,125807,7439,133246,705
2022-04-29,Santa Barbara,083,443738,87081,86768,4786,91554,688
2022-04-29,Santa Clara,085,1922200,321680,320709,12933,333642,2281
2022-04-29,Santa Cruz,087,273765,49599,48798,2165,50963,262
2022-04-29,Shasta,089,179085,30697,30649,6113,36762,554
2022-04-29,Sierra,091,2930,275,274,49,323,4
2022-04-29,Siskiyou,093,43540,4472,4458,2744,7202,81
2022-04-29,Solano,095,438530,82978,82459,5694,88153,449
2022-04-29,Sonoma,097,501317,85800,85290,2939,88229,488
2022-04-29,Stanislaus,099,539301,118271,117943,17974,135917,1643
2022-04-29,Sutter,101,95872,20596,20644,2103,22747,224
2022-04-29,Tehama,103,63373,12083,12078,2578,14656,202
2022-04-29,Trinity,105,12862,1186,1179,288,1467,20
2022-04-29,Tulare,107,460477,106673,106856,27725,134581,1458
2022-04-29,Tuolumne,109,53932,12819,12713,575,13288,181
2022-04-29,Ventura,111,848112,175063,174679,9648,184327,1486
2022-04-29,Yolo,113,214977,37950,37173,3103,40276,314
2022-04-29,Yuba,115,75493,15934,15917,1212,17129,121
2022-04-28,Alameda,001,1643700,264477,262027,14431,276458,1851
2022-04-28,Alpine,003,1148,124,124,1,125,0
2022-04-28,Amador,005,37829,8580,8533,658,9191,86
2022-04-28,Butte,007,227075,33473,33172,7045,40217,418
2022-04-28,Calaveras,009,45235,7336,7328,355,7683,120
2022-04-28,Colusa,011,21464,3460,3457,1047,4504,21
2022-04-28,Contra Costa,013,1133247,195589,192136,13728,205864,1301
2022-04-28,Del Norte,015,27424,5876,5841,191,6032,50
2022-04-28,El Dorado,017,186661,27059,26946,3243,30189,210
2022-04-28,Fresno,019,978130,232694,232067,24236,256303,2748
2022-04-28,Glenn,021,27897,5007,4995,1614,6609,48
2022-04-28,Humboldt,023,135768,17316,17194,3051,20245,145
2022-04-28,Imperial,025,180216,55559,55503,10585,66088,910
2022-04-28,Inyo,027,18085,4090,4084,496,4580,56
2022-04-28,Kern,029,883053,192526,192250,45968,238218,2265
2022-04-28,Kings,031,150075,51640,51640,3519,55159,447
2022-04-28,Lake,033,64148,10778,10742,894,11636,137
2022-04-28,Lassen,035,31185,8969,8966,875,9841,65
2022-04-28,Los Angeles,037,10098052,2748493,2736900,125682,2862582,31712
2022-04-28,Madera,039,155013,37368,37360,6056,43416,365
2022-04-28,Marin,041,260295,34698,34519,2825,37344,291
2022-04-28,Mariposa,043,17540,2438,2430,204,2634,30
2022-04-28,Mendocino,045,87422,13238,13219,3116,16335,123
2022-04-28,Merced,047,269075,62642,62357,8772,71129,818
2022-04-28,Modoc,049,8938,741,745,252,997,8
2022-04-28,Mono,051,14174,2991,2989,129,3118,6
2022-04-28,Monterey,053,433212,80155,79881,14018,93899,731
2022-04-28,Napa,055,140530,26416,26319,1028,27347,143
2022-04-28,Nevada,057,99092,16135,16100,1227,17327,127
2022-04-28,Orange,059,3164182,552878,551822,42251,594073,6998
2022-04-28,Placer,061,380077,63459,63273,7423,70696,625
2022-04-28,Plumas,063,18699,2988,2946,365,3311,13
2022-04-28,Riverside,065,2383286,595355,593965,28105,622070,6457
2022-04-28,Sacramento,067,1510023,283779,283048,26775,309823,3007
2022-04-28,San Benito,069,59416,12990,12988,522,13510,98
2022-04-28,San Bernardino,071,2135413,578377,568758,25169,593927,7191
2022-04-28,San Diego,073,3302833,760857,761253,53856,815109,5238
2022-04-28,San Francisco,075,870044,131381,130241,8655,138896,860
2022-04-28,San Joaquin,077,732212,167585,167028,10068,177096,2225
2022-04-28,San Luis Obispo,079,281455,53136,53040,3858,56898,477
2022-04-28,San Mateo,081,765935,126590,125807,7412,133219,705
2022-04-28,Santa Barbara,083,443738,87028,86768,4783,91551,688
2022-04-28,Santa Clara,085,1922200,321139,320709,12899,333608,2281
2022-04-28,Santa Cruz,087,273765,49501,48798,2159,50957,262
2022-04-28,Shasta,089,179085,30689,30649,6113,36762,554
2022-04-28,Sierra,091,2930,275,274,49,323,4
2022-04-28,Siskiyou,093,43540,4469,4458,2744,7202,81
2022-04-28,Solano,095,438530,82894,82459,5689,88148,449
2022-04-28,Sonoma,097,501317,85685,85290,2925,88215,488
2022-04-28,Stanislaus,099,539301,118233,117943,17967,135910,1643
2022-04-28,Sutter,101,95872,20586,20644,2100,22744,224
2022-04-28,Tehama,103,63373,12082,12078,2577,14655,202
2022-04-28,Trinity,105,12862,1186,1179,288,1467,20
2022-04-28,Tulare,107,460477,106651,106856,27715,134571,1458
2022-04-28,Tuolumne,109,53932,12807,12713,574,13287,181
2022-04-28,Ventura,111,848112,174974,174679,9612,184291,1486
2022-04-28,Yolo,113,214977,37912,37173,3100,40273,314
2022-04-28,Yuba,115,75493,15925,15917,1210,17127,121
2022-04-27,Alameda,001,1643700,263996,260871,14388,275259,1843
2022-04-27,Alpine,003,1148,124,124,1,125,0
2022-04-27,Amador,005,37829,8579,8518,658,9176,86
2022-04-27,Butte,007,227075,33462,33118,7040,40158,411
2022-04-27,Calaveras,009,45235,7333,7307,355,7662,119
2022-04-27,Colusa,011,21464,3460,3457,1047,4504,21
2022-04-27,Contra Costa,013,1133247,195326,191412,13698,205110,1300
2022-04-27,Del Norte,015,27424,5871,5833,191,6024,50
2022-04-27,El Dorado,017,186661,27048,26898,3238,30136,209
2022-04-27,Fresno,019,978130,232628,231951,24222,256173,2744
2022-04-27,Glenn,021,27897,5007,4993,1614,6607,48
2022-04-27,Humboldt,023,135768,17286,17138,3040,20178,145
2022-04-27,Imperial,025,180216,55541,55480,10582,66062,910
2022-04-27,Inyo,027,18085,4089,4080,495,4575,56
2022-04-27,Kern,029,883053,192490,192157,45949,238106,2271
2022-04-27,Kings,031,150075,51635,51617,3518,55135,444
2022-04-27,Lake,033,64148,10774,10732,894,11626,135
2022-04-27,Lassen,035,31185,8968,8965,875,9840,65
2022-04-27,Los Angeles,037,10098052,2746161,2731988,125498,2857486,31691
2022-04-27,Madera,039,155013,37359,37339,6055,43394,354
2022-04-27,Marin,041,260295,34637,34354,2811,37165,288
2022-04-27,Mariposa,043,17540,2436,2427,204,2631,30
2022-04-27,Mendocino,045,87422,13231,13188,3108,16296,123
2022-04-27,Merced,047,269075,62628,62315,8767,71082,815
2022-04-27,Modoc,049,8938,741,745,252,997,8
2022-04-27,Mono,051,14174,2991,2989,129,3118,6
2022-04-27,Monterey,053,433212,80113,79695,13978,93673,729
2022-04-27,Napa,055,140530,26387,26210,1023,27233,143
2022-04-27,Nevada,057,99092,16119,16080,1224,17304,127
2022-04-27,Orange,059,3164182,552505,550859,42190,593049,6991
2022-04-27,Placer,061,380077,63417,63154,7407,70561,623
2022-04-27,Plumas,063,18699,2987,2934,365,3299,13
2022-04-27,Riverside,065,2383286,595090,593397,28089,621486,6453
2022-04-27,Sacramento,067,1510023,283579,281802,26743,308545,3001
2022-04-27,San Benito,069,59416,12977,12989,520,13509,98
2022-04-27,San Bernardino,071,2135413,578178,568018,25162,593180,7105
2022-04-27,San Diego,073,3302833,760284,759873,53793,813666,5236
2022-04-27,San Francisco,075,870044,131030,129284,8631,137915,857
2022-04-27,San Joaquin,077,732212,167510,166848,10053,176901,2225
2022-04-27,San Luis Obispo,079,281455,53091,52911,3847,56758,476
2022-04-27,San Mateo,081,765935,126360,125018,7359,132377,702
2022-04-27,Santa Barbara,083,443738,86964,86557,4776,91333,685
2022-04-27,Santa Clara,085,1922200,320574,319077,12852,331929,2282
2022-04-27,Santa Cruz,087,273765,49417,48500,2151,50651,262
2022-04-27,Shasta,089,179085,30678,30633,6110,36743,554
2022-04-27,Sierra,091,2930,274,276,49,325,4
2022-04-27,Siskiyou,093,43540,4469,4455,2740,7195,81
2022-04-27,Solano,095,438530,82781,82220,5681,87901,448
2022-04-27,Sonoma,097,501317,85576,84983,2907,87890,487
2022-04-27,Stanislaus,099,539301,118191,117841,17957,135798,1643
2022-04-27,Sutter,101,95872,20582,20627,2096,22723,224
2022-04-27,Tehama,103,63373,12082,12073,2577,14650,201
2022-04-27,Trinity,105,12862,1186,1179,288,1467,20
2022-04-27,Tulare,107,460477,106633,106580,27706,134286,1453
2022-04-27,Tuolumne,109,53932,12790,12684,573,13257,181
2022-04-27,Ventura,111,848112,174871,174425,9597,184022,1480
2022-04-27,Yolo,113,214977,37863,37096,3094,40190,314
2022-04-27,Yuba,115,75493,15921,15902,1205,17107,121
2022-04-26,Alameda,001,1643700,263478,260871,14346,275217,1843
2022-04-26,Alpine,003,1148,124,124,1,125,0
2022-04-26,Amador,005,37829,8576,8518,657,9175,86
2022-04-26,Butte,007,227075,33445,33118,7033,40151,411
2022-04-26,Calaveras,009,45235,7329,7307,354,7661,119
2022-04-26,Colusa,011,21464,3460,3457,1047,4504,21
2022-04-26,Contra Costa,013,1133247,195064,191412,13661,205073,1300
2022-04-26,Del Norte,015,27424,5863,5833,191,6024,50
2022-04-26,El Dorado,017,186661,27027,26898,3234,30132,209
2022-04-26,Fresno,019,978130,232548,231951,24212,256163,2744
2022-04-26,Glenn,021,27897,5007,4993,1613,6606,48
2022-04-26,Humboldt,023,135768,17255,17138,3034,20172,145
2022-04-26,Imperial,025,180216,55521,55480,10577,66057,910
2022-04-26,Inyo,027,18085,4089,4080,495,4575,56
2022-04-26,Kern,029,883053,192443,192157,45925,238082,2271
2022-04-26,Kings,031,150075,51629,51617,3518,55135,444
2022-04-26,Lake,033,64148,10767,10732,894,11626,135
2022-04-26,Lassen,035,31185,8963,8965,875,9840,65
2022-04-26,Los Angeles,037,10098052,2743771,2731988,125314,2857302,31691
2022-04-26,Madera,039,155013,37351,37339,6048,43387,354
2022-04-26,Marin,041,260295,34584,34354,2792,37146,288
2022-04-26,Mariposa,043,17540,2436,2427,204,2631,30
2022-04-26,Mendocino,045,87422,13227,13188,3102,16290,123
2022-04-26,Merced,047,269075,62605,62315,8750,71065,815
2022-04-26,Modoc,049,8938,741,745,252,997,8
2022-04-26,Mono,051,14174,2991,2989,128,3117,6
2022-04-26,Monterey,053,433212,80059,79695,13939,93634,729
2022-04-26,Napa,055,140530,26356,26210,1019,27229,143
2022-04-26,Nevada,057,99092,16110,16080,1224,17304,127
2022-04-26,Orange,059,3164182,552097,550859,42133,592992,6991
2022-04-26,Placer,061,380077,63386,63154,7405,70559,623
2022-04-26,Plumas,063,18699,2987,2934,365,3299,13
2022-04-26,Riverside,065,2383286,594782,593397,28063,621460,6453
2022-04-26,Sacramento,067,1510023,283343,281802,26721,308523,3001
2022-04-26,San Benito,069,59416,12973,12989,519,13508,98
2022-04-26,San Bernardino,071,2135413,577967,568018,25148,593166,7105
2022-04-26,San Diego,073,3302833,759623,759873,53688,813561,5236
2022-04-26,San Francisco,075,870044,130631,129284,8606,137890,857
2022-04-26,San Joaquin,077,732212,167449,166848,10043,176891,2225
2022-04-26,San Luis Obispo,079,281455,53062,52911,3836,56747,476
2022-04-26,San Mateo,081,765935,126090,125018,7325,132343,702
2022-04-26,Santa Barbara,083,443738,86903,86557,4771,91328,685
2022-04-26,Santa Clara,085,1922200,320018,319077,12806,331883,2282
2022-04-26,Santa Cruz,087,273765,49317,48500,2148,50648,262
2022-04-26,Shasta,089,179085,30666,30633,6110,36743,554
2022-04-26,Sierra,091,2930,274,276,49,325,4
2022-04-26,Siskiyou,093,43540,4467,4455,2738,7193,81
2022-04-26,Solano,095,438530,82682,82220,5670,87890,448
2022-04-26,Sonoma,097,501317,85470,84983,2891,87874,487
2022-04-26,Stanislaus,099,539301,118156,117841,17947,135788,1643
2022-04-26,Sutter,101,95872,20572,20627,2096,22723,224
2022-04-26,Tehama,103,63373,12073,12073,2577,14650,201
2022-04-26,Trinity,105,12862,1186,1179,288,1467,20
2022-04-26,Tulare,107,460477,106606,106580,27692,134272,1453
2022-04-26,Tuolumne,109,53932,12771,12684,571,13255,181
2022-04-26,Ventura,111,848112,174762,174425,9571,183996,1480
2022-04-26,Yolo,113,214977,37804,37096,3089,40185,314
2022-04-26,Yuba,115,75493,15919,15902,1205,17107,121
2022-04-25,Alameda,001,1643700,262968,260871,14305,275176,1843
2022-04-25,Alpine,003,1148,124,124,1,125,0
2022-04-25,Amador,005,37829,8573,8518,657,9175,86
2022-04-25,Butte,007,227075,33430,33118,7024,40142,411
2022-04-25,Calaveras,009,45235,7326,7307,354,7661,119
2022-04-25,Colusa,011,21464,3460,3457,1047,4504,21
2022-04-25,Contra Costa,013,1133247,194798,191412,13624,205036,1300
2022-04-25,Del Norte,015,27424,5857,5833,189,6022,50
2022-04-25,El Dorado,017,186661,27006,26898,3232,30130,209
2022-04-25,Fresno,019,978130,232457,231951,24199,256150,2744
2022-04-25,Glenn,021,27897,5007,4993,1613,6606,48
2022-04-25,Humboldt,023,135768,17213,17138,3026,20164,145
2022-04-25,Imperial,025,180216,55502,55480,10572,66052,910
2022-04-25,Inyo,027,18085,4089,4080,495,4575,56
2022-04-25,Kern,029,883053,192399,192157,45907,238064,2271
2022-04-25,Kings,031,150075,51620,51617,3517,55134,444
2022-04-25,Lake,033,64148,10764,10732,893,11625,135
2022-04-25,Lassen,035,31185,8962,8965,875,9840,65
2022-04-25,Los Angeles,037,10098052,2741394,2731988,125148,2857136,31691
2022-04-25,Madera,039,155013,37338,37339,6044,43383,354
2022-04-25,Marin,041,260295,34520,34354,2768,37122,288
2022-04-25,Mariposa,043,17540,2436,2427,203,2630,30
2022-04-25,Mendocino,045,87422,13217,13188,3085,16273,123
2022-04-25,Merced,047,269075,62592,62315,8748,71063,815
2022-04-25,Modoc,049,8938,741,745,252,997,8
2022-04-25,Mono,051,14174,2991,2989,128,3117,6
2022-04-25,Monterey,053,433212,80021,79695,13914,93609,729
2022-04-25,Napa,055,140530,26315,26210,1017,27227,143
2022-04-25,Nevada,057,99092,16104,16080,1222,17302,127
2022-04-25,Orange,059,3164182,551690,550859,42070,592929,6991
2022-04-25,Placer,061,380077,63350,63154,7400,70554,623
2022-04-25,Plumas,063,18699,2985,2934,365,3299,13
2022-04-25,Riverside,065,2383286,594520,593397,28046,621443,6453
2022-04-25,Sacramento,067,1510023,283178,281802,26688,308490,3001
2022-04-25,San Benito,069,59416,12966,12989,519,13508,98
2022-04-25,San Bernardino,071,2135413,577737,568018,25131,593149,7105
2022-04-25,San Diego,073,3302833,758940,759873,53610,813483,5236
2022-04-25,San Francisco,075,870044,130270,129284,8590,137874,857
2022-04-25,San Joaquin,077,732212,167365,166848,10029,176877,2225
2022-04-25,San Luis Obispo,079,281455,53013,52911,3828,56739,476
2022-04-25,San Mateo,081,765935,125818,125018,7305,132323,702
2022-04-25,Santa Barbara,083,443738,86842,86557,4765,91322,685
2022-04-25,Santa Clara,085,1922200,319372,319077,12762,331839,2282
2022-04-25,Santa Cruz,087,273765,49175,48500,2139,50639,262
2022-04-25,Shasta,089,179085,30654,30633,6107,36740,554
2022-04-25,Sierra,091,2930,274,276,49,325,4
2022-04-25,Siskiyou,093,43540,4467,4455,2737,7192,81
2022-04-25,Solano,095,438530,82563,82220,5659,87879,448
2022-04-25,Sonoma,097,501317,85347,84983,2872,87855,487
2022-04-25,Stanislaus,099,539301,118111,117841,17940,135781,1643
2022-04-25,Sutter,101,95872,20569,20627,2096,22723,224
2022-04-25,Tehama,103,63373,12073,12073,2577,14650,201
2022-04-25,Trinity,105,12862,1185,1179,288,1467,20
2022-04-25,Tulare,107,460477,106581,106580,27682,134262,1453
2022-04-25,Tuolumne,109,53932,12762,12684,571,13255,181
2022-04-25,Ventura,111,848112,174652,174425,9547,183972,1480
2022-04-25,Yolo,113,214977,37741,37096,3085,40181,314
2022-04-25,Yuba,115,75493,15909,15902,1204,17106,121
2022-04-24,Alameda,001,1643700,262386,259619,14260,273879,1837
2022-04-24,Alpine,003,1148,124,124,1,125,0
2022-04-24,Amador,005,37829,8564,8509,656,9165,86
2022-04-24,Butte,007,227075,33413,33105,7017,40122,411
2022-04-24,Calaveras,009,45235,7317,7296,352,7648,119
2022-04-24,Colusa,011,21464,3459,3453,1047,4500,21
2022-04-24,Contra Costa,013,1133247,194491,190611,13591,204202,1298
2022-04-24,Del Norte,015,27424,5848,5827,187,6014,50
2022-04-24,El Dorado,017,186661,26988,26837,3230,30067,209
2022-04-24,Fresno,019,978130,232377,231751,24185,255936,2744
2022-04-24,Glenn,021,27897,5007,4989,1611,6600,48
2022-04-24,Humboldt,023,135768,17188,17033,3012,20045,145
2022-04-24,Imperial,025,180216,55490,55434,10564,65998,910
2022-04-24,Inyo,027,18085,4085,4079,494,4573,56
2022-04-24,Kern,029,883053,192348,192012,45893,237905,2267
2022-04-24,Kings,031,150075,51611,51588,3517,55105,444
2022-04-24,Lake,033,64148,10756,10720,890,11610,134
2022-04-24,Lassen,035,31185,8961,8966,875,9841,65
2022-04-24,Los Angeles,037,10098052,2739051,2725630,125000,2850630,31667
2022-04-24,Madera,039,155013,37323,37333,6038,43371,354
2022-04-24,Marin,041,260295,34466,34150,2734,36884,288
2022-04-24,Mariposa,043,17540,2433,2422,203,2625,30
2022-04-24,Mendocino,045,87422,13212,13158,3073,16231,122
2022-04-24,Merced,047,269075,62568,62286,8739,71025,815
2022-04-24,Modoc,049,8938,741,745,252,997,8
2022-04-24,Mono,051,14174,2989,2986,128,3114,6
2022-04-24,Monterey,053,433212,79968,79560,13881,93441,729
2022-04-24,Napa,055,140530,26278,26093,1016,27109,143
2022-04-24,Nevada,057,99092,16088,16052,1220,17272,127
2022-04-24,Orange,059,3164182,551268,549765,42008,591773,6989
2022-04-24,Placer,061,380077,63295,63037,7392,70429,622
2022-04-24,Plumas,063,18699,2983,2934,365,3299,13
2022-04-24,Riverside,065,2383286,594242,592683,28011,620694,6450
2022-04-24,Sacramento,067,1510023,282971,280551,26654,307205,2993
2022-04-24,San Benito,069,59416,12961,12966,519,13485,98
2022-04-24,San Bernardino,071,2135413,577505,566806,25109,591915,7047
2022-04-24,San Diego,073,3302833,758309,758311,53547,811858,5233
2022-04-24,San Francisco,075,870044,129825,128323,8565,136888,857
2022-04-24,San Joaquin,077,732212,167278,166626,9993,176619,2224
2022-04-24,San Luis Obispo,079,281455,52937,52826,3817,56643,476
2022-04-24,San Mateo,081,765935,125509,124106,7270,131376,703
2022-04-24,Santa Barbara,083,443738,86773,86376,4763,91139,685
2022-04-24,Santa Clara,085,1922200,318690,317487,12710,330197,2277
2022-04-24,Santa Cruz,087,273765,49062,48255,2133,50388,261
2022-04-24,Shasta,089,179085,30642,30607,6105,36712,557
2022-04-24,Sierra,091,2930,274,276,49,325,4
2022-04-24,Siskiyou,093,43540,4465,4453,2735,7188,81
2022-04-24,Solano,095,438530,82455,81982,5650,87632,448
2022-04-24,Sonoma,097,501317,85211,84581,2850,87431,486
2022-04-24,Stanislaus,099,539301,118060,117737,17934,135671,1632
2022-04-24,Sutter,101,95872,20560,20605,2093,22698,224
2022-04-24,Tehama,103,63373,12069,12064,2577,14641,201
2022-04-24,Trinity,105,12862,1185,1177,288,1465,20
2022-04-24,Tulare,107,460477,106554,106354,27671,134025,1446
2022-04-24,Tuolumne,109,53932,12749,12664,570,13234,181
2022-04-24,Ventura,111,848112,174540,174091,9526,183617,1479
2022-04-24,Yolo,113,214977,37701,36990,3082,40072,314
2022-04-24,Yuba,115,75493,15905,15888,1204,17092,121
2022-04-23,Alameda,001,1643700,262142,259619,14247,273866,1837
2022-04-23,Alpine,003,1148,124,124,1,125,0
2022-04-23,Amador,005,37829,8558,8509,656,9165,86
2022-04-23,Butte,007,227075,33404,33105,7014,40119,411
2022-04-23,Calaveras,009,45235,7309,7296,352,7648,119
2022-04-23,Colusa,011,21464,3459,3453,1047,4500,21
2022-04-23,Contra Costa,013,1133247,194335,190611,13573,204184,1298
2022-04-23,Del Norte,015,27424,5846,5827,186,6013,50
2022-04-23,El Dorado,017,186661,26978,26837,3229,30066,209
2022-04-23,Fresno,019,978130,232344,231751,24179,255930,2744
2022-04-23,Glenn,021,27897,5007,4989,1611,6600,48
2022-04-23,Humboldt,023,135768,17172,17033,3009,20042,145
2022-04-23,Imperial,025,180216,55479,55434,10563,65997,910
2022-04-23,Inyo,027,18085,4085,4079,493,4572,56
2022-04-23,Kern,029,883053,192320,192012,45879,237891,2267
2022-04-23,Kings,031,150075,51606,51588,3516,55104,444
2022-04-23,Lake,033,64148,10755,10720,890,11610,134
2022-04-23,Lassen,035,31185,8961,8966,875,9841,65
2022-04-23,Los Angeles,037,10098052,2738112,2725630,124904,2850534,31667
2022-04-23,Madera,039,155013,37316,37333,6037,43370,354
2022-04-23,Marin,041,260295,34431,34150,2688,36838,288
2022-04-23,Mariposa,043,17540,2433,2422,203,2625,30
2022-04-23,Mendocino,045,87422,13205,13158,3073,16231,122
2022-04-23,Merced,047,269075,62558,62286,8739,71025,815
2022-04-23,Modoc,049,8938,741,745,252,997,8
2022-04-23,Mono,051,14174,2989,2986,128,3114,6
2022-04-23,Monterey,053,433212,79899,79560,13866,93426,729
2022-04-23,Napa,055,140530,26257,26093,1014,27107,143
2022-04-23,Nevada,057,99092,16082,16052,1218,17270,127
2022-04-23,Orange,059,3164182,551052,549765,41960,591725,6989
2022-04-23,Placer,061,380077,63265,63037,7392,70429,622
2022-04-23,Plumas,063,18699,2983,2934,365,3299,13
2022-04-23,Riverside,065,2383286,594106,592683,28001,620684,6450
2022-04-23,Sacramento,067,1510023,282871,280551,26651,307202,2993
2022-04-23,San Benito,069,59416,12960,12966,519,13485,98
2022-04-23,San Bernardino,071,2135413,577384,566806,25106,591912,7047
2022-04-23,San Diego,073,3302833,758047,758311,53529,811840,5233
2022-04-23,San Francisco,075,870044,129621,128323,8540,136863,857
2022-04-23,San Joaquin,077,732212,167237,166626,9985,176611,2224
2022-04-23,San Luis Obispo,079,281455,52922,52826,3813,56639,476
2022-04-23,San Mateo,081,765935,125352,124106,7260,131366,703
2022-04-23,Santa Barbara,083,443738,86737,86376,4762,91138,685
2022-04-23,Santa Clara,085,1922200,318311,317487,12683,330170,2277
2022-04-23,Santa Cruz,087,273765,49012,48255,2131,50386,261
2022-04-23,Shasta,089,179085,30639,30607,6105,36712,557
2022-04-23,Sierra,091,2930,274,276,49,325,4
2022-04-23,Siskiyou,093,43540,4463,4453,2735,7188,81
2022-04-23,Solano,095,438530,82428,81982,5646,87628,448
2022-04-23,Sonoma,097,501317,85143,84581,2841,87422,486
2022-04-23,Stanislaus,099,539301,118024,117737,17932,135669,1632
2022-04-23,Sutter,101,95872,20554,20605,2093,22698,224
2022-04-23,Tehama,103,63373,12068,12064,2577,14641,201
2022-04-23,Trinity,105,12862,1185,1177,288,1465,20
2022-04-23,Tulare,107,460477,106546,106354,27662,134016,1446
2022-04-23,Tuolumne,109,53932,12744,12664,570,13234,181
2022-04-23,Ventura,111,848112,174477,174091,9518,183609,1479
2022-04-23,Yolo,113,214977,37673,36990,3078,40068,314
2022-04-23,Yuba,115,75493,15903,15888,1204,17092,121
2022-04-22,Alameda,001,1643700,261908,259619,14228,273847,1837
2022-04-22,Alpine,003,1148,124,124,1,125,0
2022-04-22,Amador,005,37829,8557,8509,654,9163,86
2022-04-22,Butte,007,227075,33398,33105,7009,40114,411
2022-04-22,Calaveras,009,45235,7308,7296,352,7648,119
2022-04-22,Colusa,011,21464,3459,3453,1047,4500,21
2022-04-22,Contra Costa,013,1133247,194199,190611,13557,204168,1298
2022-04-22,Del Norte,015,27424,5846,5827,186,6013,50
2022-04-22,El Dorado,017,186661,26965,26837,3225,30062,209
2022-04-22,Fresno,019,978130,232314,231751,24175,255926,2744
2022-04-22,Glenn,021,27897,5005,4989,1611,6600,48
2022-04-22,Humboldt,023,135768,17156,17033,3003,20036,145
2022-04-22,Imperial,025,180216,55473,55434,10563,65997,910
2022-04-22,Inyo,027,18085,4085,4079,492,4571,56
2022-04-22,Kern,029,883053,192300,192012,45876,237888,2267
2022-04-22,Kings,031,150075,51602,51588,3515,55103,444
2022-04-22,Lake,033,64148,10754,10720,890,11610,134
2022-04-22,Lassen,035,31185,8961,8966,875,9841,65
2022-04-22,Los Angeles,037,10098052,2737020,2725630,124845,2850475,31667
2022-04-22,Madera,039,155013,37311,37333,6036,43369,354
2022-04-22,Marin,041,260295,34394,34150,2677,36827,288
2022-04-22,Mariposa,043,17540,2432,2422,203,2625,30
2022-04-22,Mendocino,045,87422,13200,13158,3068,16226,122
2022-04-22,Merced,047,269075,62551,62286,8727,71013,815
2022-04-22,Modoc,049,8938,741,745,252,997,8
2022-04-22,Mono,051,14174,2989,2986,127,3113,6
2022-04-22,Monterey,053,433212,79864,79560,13852,93412,729
2022-04-22,Napa,055,140530,26240,26093,1012,27105,143
2022-04-22,Nevada,057,99092,16082,16052,1218,17270,127
2022-04-22,Orange,059,3164182,550867,549765,41908,591673,6989
2022-04-22,Placer,061,380077,63242,63037,7389,70426,622
2022-04-22,Plumas,063,18699,2983,2934,365,3299,13
2022-04-22,Riverside,065,2383286,593962,592683,27986,620669,6450
2022-04-22,Sacramento,067,1510023,282784,280551,26639,307190,2993
2022-04-22,San Benito,069,59416,12955,12966,519,13485,98
2022-04-22,San Bernardino,071,2135413,577271,566806,25098,591904,7047
2022-04-22,San Diego,073,3302833,757726,758311,53501,811812,5233
2022-04-22,San Francisco,075,870044,129454,128323,8514,136837,857
2022-04-22,San Joaquin,077,732212,167207,166626,9984,176610,2224
2022-04-22,San Luis Obispo,079,281455,52916,52826,3812,56638,476
2022-04-22,San Mateo,081,765935,125189,124106,7247,131353,703
2022-04-22,Santa Barbara,083,443738,86690,86376,4761,91137,685
2022-04-22,Santa Clara,085,1922200,317965,317487,12669,330156,2277
2022-04-22,Santa Cruz,087,273765,48972,48255,2130,50385,261
2022-04-22,Shasta,089,179085,30634,30607,6104,36711,557
2022-04-22,Sierra,091,2930,274,276,48,324,4
2022-04-22,Siskiyou,093,43540,4463,4453,2735,7188,81
2022-04-22,Solano,095,438530,82371,81982,5644,87626,448
2022-04-22,Sonoma,097,501317,85079,84581,2837,87418,486
2022-04-22,Stanislaus,099,539301,118002,117737,17927,135664,1632
2022-04-22,Sutter,101,95872,20548,20605,2093,22698,224
2022-04-22,Tehama,103,63373,12063,12064,2576,14640,201
2022-04-22,Trinity,105,12862,1185,1177,287,1464,20
2022-04-22,Tulare,107,460477,106536,106354,27654,134008,1446
2022-04-22,Tuolumne,109,53932,12738,12664,568,13232,181
2022-04-22,Ventura,111,848112,174402,174091,9507,183598,1479
2022-04-22,Yolo,113,214977,37652,36990,3076,40066,314
2022-04-22,Yuba,115,75493,15900,15888,1203,17091,121
2022-04-21,Alameda,001,1643700,261550,259619,14188,273807,1837
2022-04-21,Alpine,003,1148,124,124,1,125,0
2022-04-21,Amador,005,37829,8554,8509,654,9163,86
2022-04-21,Butte,007,227075,33391,33105,7001,40106,411
2022-04-21,Calaveras,009,45235,7305,7296,352,7648,119
2022-04-21,Colusa,011,21464,3458,3453,1047,4500,21
2022-04-21,Contra Costa,013,1133247,194004,190611,13536,204147,1298
2022-04-21,Del Norte,015,27424,5845,5827,186,6013,50
2022-04-21,El Dorado,017,186661,26949,26837,3224,30061,209
2022-04-21,Fresno,019,978130,232272,231751,24166,255917,2744
2022-04-21,Glenn,021,27897,5005,4989,1610,6599,48
2022-04-21,Humboldt,023,135768,17133,17033,2995,20028,145
2022-04-21,Imperial,025,180216,55464,55434,10563,65997,910
2022-04-21,Inyo,027,18085,4085,4079,492,4571,56
2022-04-21,Kern,029,883053,192267,192012,45861,237873,2267
2022-04-21,Kings,031,150075,51594,51588,3515,55103,444
2022-04-21,Lake,033,64148,10751,10720,890,11610,134
2022-04-21,Lassen,035,31185,8961,8966,875,9841,65
2022-04-21,Los Angeles,037,10098052,2735374,2725630,124731,2850361,31667
2022-04-21,Madera,039,155013,37308,37333,6035,43368,354
2022-04-21,Marin,041,260295,34346,34150,2667,36817,288
2022-04-21,Mariposa,043,17540,2431,2422,203,2625,30
2022-04-21,Mendocino,045,87422,13193,13158,3065,16223,122
2022-04-21,Merced,047,269075,62533,62286,8724,71010,815
2022-04-21,Modoc,049,8938,741,745,252,997,8
2022-04-21,Mono,051,14174,2988,2986,126,3112,6
2022-04-21,Monterey,053,433212,79837,79560,13838,93398,729
2022-04-21,Napa,055,140530,26209,26093,1011,27104,143
2022-04-21,Nevada,057,99092,16078,16052,1218,17270,127
2022-04-21,Orange,059,3164182,550614,549765,41871,591636,6989
2022-04-21,Placer,061,380077,63204,63037,7385,70422,622
2022-04-21,Plumas,063,18699,2983,2934,365,3299,13
2022-04-21,Riverside,065,2383286,593802,592683,27968,620651,6450
2022-04-21,Sacramento,067,1510023,282636,280551,26619,307170,2993
2022-04-21,San Benito,069,59416,12949,12966,519,13485,98
2022-04-21,San Bernardino,071,2135413,577080,566806,25086,591892,7047
2022-04-21,San Diego,073,3302833,757301,758311,53457,811768,5233
2022-04-21,San Francisco,075,870044,129231,128323,8486,136809,857
2022-04-21,San Joaquin,077,732212,167153,166626,9979,176605,2224
2022-04-21,San Luis Obispo,079,281455,52896,52826,3805,56631,476
2022-04-21,San Mateo,081,765935,124988,124106,7227,131333,703
2022-04-21,Santa Barbara,083,443738,86631,86376,4758,91134,685
2022-04-21,Santa Clara,085,1922200,317514,317487,12647,330134,2277
2022-04-21,Santa Cruz,087,273765,48926,48255,2128,50383,261
2022-04-21,Shasta,089,179085,30626,30607,6104,36711,557
2022-04-21,Sierra,091,2930,274,276,48,324,4
2022-04-21,Siskiyou,093,43540,4463,4453,2735,7188,81
2022-04-21,Solano,095,438530,82309,81982,5637,87619,448
2022-04-21,Sonoma,097,501317,84965,84581,2817,87398,486
2022-04-21,Stanislaus,099,539301,117963,117737,17919,135656,1632
2022-04-21,Sutter,101,95872,20539,20605,2091,22696,224
2022-04-21,Tehama,103,63373,12063,12064,2576,14640,201
2022-04-21,Trinity,105,12862,1185,1177,287,1464,20
2022-04-21,Tulare,107,460477,106529,106354,27650,134004,1446
2022-04-21,Tuolumne,109,53932,12733,12664,568,13232,181
2022-04-21,Ventura,111,848112,174320,174091,9501,183592,1479
2022-04-21,Yolo,113,214977,37622,36990,3076,40066,314
2022-04-21,Yuba,115,75493,15898,15888,1203,17091,121
2022-04-20,Alameda,001,1643700,261187,258734,14158,272892,1832
2022-04-20,Alpine,003,1148,124,124,1,125,0
2022-04-20,Amador,005,37829,8552,8494,654,9148,86
2022-04-20,Butte,007,227075,33375,33083,6994,40077,408
2022-04-20,Calaveras,009,45235,7299,7288,351,7639,119
2022-04-20,Colusa,011,21464,3458,3453,1047,4500,21
2022-04-20,Contra Costa,013,1133247,193769,190042,13511,203553,1299
2022-04-20,Del Norte,015,27424,5839,5814,186,6000,50
2022-04-20,El Dorado,017,186661,26934,26821,3219,30040,209
2022-04-20,Fresno,019,978130,232222,231568,24165,255733,2740
2022-04-20,Glenn,021,27897,5004,4988,1607,6595,48
2022-04-20,Humboldt,023,135768,17111,16976,2991,19967,145
2022-04-20,Imperial,025,180216,55456,55405,10560,65965,910
2022-04-20,Inyo,027,18085,4085,4075,491,4566,56
2022-04-20,Kern,029,883053,192232,191915,45845,237760,2262
2022-04-20,Kings,031,150075,51585,51571,3513,55084,445
2022-04-20,Lake,033,64148,10751,10711,890,11601,134
2022-04-20,Lassen,035,31185,8961,8951,875,9826,65
2022-04-20,Los Angeles,037,10098052,2733638,2721699,124612,2846311,31630
2022-04-20,Madera,039,155013,37305,37333,6032,43365,354
2022-04-20,Marin,041,260295,34305,33985,2644,36629,288
2022-04-20,Mariposa,043,17540,2429,2412,203,2615,30
2022-04-20,Mendocino,045,87422,13187,13128,3057,16185,122
2022-04-20,Merced,047,269075,62523,62322,8711,71033,813
2022-04-20,Modoc,049,8938,741,744,252,996,8
2022-04-20,Mono,051,14174,2988,2984,126,3110,6
2022-04-20,Monterey,053,433212,79792,79419,13819,93238,727
2022-04-20,Napa,055,140530,26175,26016,1007,27023,143
2022-04-20,Nevada,057,99092,16068,16034,1215,17249,127
2022-04-20,Orange,059,3164182,550286,549136,41824,590960,6963
2022-04-20,Placer,061,380077,63178,62928,7380,70308,619
2022-04-20,Plumas,063,18699,2983,2932,365,3297,13
2022-04-20,Riverside,065,2383286,593610,592224,27946,620170,6447
2022-04-20,Sacramento,067,1510023,282493,279326,26602,305928,2987
2022-04-20,San Benito,069,59416,12943,12971,516,13487,98
2022-04-20,San Bernardino,071,2135413,576873,565405,25069,590474,6977
2022-04-20,San Diego,073,3302833,756858,757138,53397,810535,5231
2022-04-20,San Francisco,075,870044,128924,127594,8468,136062,854
2022-04-20,San Joaquin,077,732212,167082,166531,9972,176503,2222
2022-04-20,San Luis Obispo,079,281455,52869,52740,3798,56538,476
2022-04-20,San Mateo,081,765935,124770,123279,7195,130474,701
2022-04-20,Santa Barbara,083,443738,86595,86214,4752,90966,685
2022-04-20,Santa Clara,085,1922200,317103,316355,12609,328964,2274
2022-04-20,Santa Cruz,087,273765,48862,47997,2124,50121,261
2022-04-20,Shasta,089,179085,30623,30590,6103,36693,554
2022-04-20,Sierra,091,2930,274,276,48,324,4
2022-04-20,Siskiyou,093,43540,4462,4446,2734,7180,80
2022-04-20,Solano,095,438530,82238,81841,5634,87475,447
2022-04-20,Sonoma,097,501317,84877,84429,2793,87222,485
2022-04-20,Stanislaus,099,539301,117927,117540,17908,135448,1630
2022-04-20,Sutter,101,95872,20532,20632,2091,22723,224
2022-04-20,Tehama,103,63373,12061,12061,2576,14637,199
2022-04-20,Trinity,105,12862,1185,1178,287,1465,20
2022-04-20,Tulare,107,460477,106521,105974,27639,133613,1439
2022-04-20,Tuolumne,109,53932,12728,12648,567,13215,180
2022-04-20,Ventura,111,848112,174232,173904,9492,183396,1475
2022-04-20,Yolo,113,214977,37572,36785,3073,39858,311
2022-04-20,Yuba,115,75493,15894,15868,1201,17069,121
2022-04-19,Alameda,001,1643700,260826,258734,14126,272860,1832
2022-04-19,Alpine,003,1148,124,124,1,125,0
2022-04-19,Amador,005,37829,8548,8494,651,9145,86
2022-04-19,Butte,007,227075,33368,33083,6990,40073,408
2022-04-19,Calaveras,009,45235,7296,7288,351,7639,119
2022-04-19,Colusa,011,21464,3458,3453,1047,4500,21
2022-04-19,Contra Costa,013,1133247,193523,190042,13493,203535,1299
2022-04-19,Del Norte,015,27424,5837,5814,184,5998,50
2022-04-19,El Dorado,017,186661,26919,26821,3216,30037,209
2022-04-19,Fresno,019,978130,232168,231568,24155,255723,2740
2022-04-19,Glenn,021,27897,5003,4988,1607,6595,48
2022-04-19,Humboldt,023,135768,17074,16976,2980,19956,145
2022-04-19,Imperial,025,180216,55449,55405,10557,65962,910
2022-04-19,Inyo,027,18085,4082,4075,491,4566,56
2022-04-19,Kern,029,883053,192196,191915,45835,237750,2262
2022-04-19,Kings,031,150075,51571,51571,3512,55083,445
2022-04-19,Lake,033,64148,10747,10711,889,11600,134
2022-04-19,Lassen,035,31185,8961,8951,875,9826,65
2022-04-19,Los Angeles,037,10098052,2731845,2721699,124486,2846185,31630
2022-04-19,Madera,039,155013,37302,37333,6031,43364,354
2022-04-19,Marin,041,260295,34255,33985,2628,36613,288
2022-04-19,Mariposa,043,17540,2429,2412,202,2614,30
2022-04-19,Mendocino,045,87422,13179,13128,3046,16174,122
2022-04-19,Merced,047,269075,62504,62322,8707,71029,813
2022-04-19,Modoc,049,8938,741,744,252,996,8
2022-04-19,Mono,051,14174,2988,2984,126,3110,6
2022-04-19,Monterey,053,433212,79772,79419,13806,93225,727
2022-04-19,Napa,055,140530,26152,26016,998,27014,143
2022-04-19,Nevada,057,99092,16062,16034,1213,17247,127
2022-04-19,Orange,059,3164182,550007,549136,41780,590916,6963
2022-04-19,Placer,061,380077,63146,62928,7375,70303,619
2022-04-19,Plumas,063,18699,2983,2932,365,3297,13
2022-04-19,Riverside,065,2383286,593428,592224,27934,620158,6447
2022-04-19,Sacramento,067,1510023,282319,279326,26579,305905,2987
2022-04-19,San Benito,069,59416,12937,12971,515,13486,98
2022-04-19,San Bernardino,071,2135413,576658,565405,25047,590452,6977
2022-04-19,San Diego,073,3302833,756392,757138,53332,810470,5231
2022-04-19,San Francisco,075,870044,128591,127594,8450,136044,854
2022-04-19,San Joaquin,077,732212,167032,166531,9968,176499,2222
2022-04-19,San Luis Obispo,079,281455,52833,52740,3792,56532,476
2022-04-19,San Mateo,081,765935,124539,123279,7174,130453,701
2022-04-19,Santa Barbara,083,443738,86541,86214,4744,90958,685
2022-04-19,Santa Clara,085,1922200,316683,316355,12580,328935,2274
2022-04-19,Santa Cruz,087,273765,48807,47997,2122,50119,261
2022-04-19,Shasta,089,179085,30611,30590,6102,36692,554
2022-04-19,Sierra,091,2930,274,276,48,324,4
2022-04-19,Siskiyou,093,43540,4461,4446,2732,7178,80
2022-04-19,Solano,095,438530,82154,81841,5627,87468,447
2022-04-19,Sonoma,097,501317,84775,84429,2764,87193,485
2022-04-19,Stanislaus,099,539301,117901,117540,17903,135443,1630
2022-04-19,Sutter,101,95872,20532,20632,2091,22723,224
2022-04-19,Tehama,103,63373,12060,12061,2576,14637,199
2022-04-19,Trinity,105,12862,1184,1178,287,1465,20
2022-04-19,Tulare,107,460477,106506,105974,27633,133607,1439
2022-04-19,Tuolumne,109,53932,12726,12648,567,13215,180
2022-04-19,Ventura,111,848112,174139,173904,9479,183383,1475
2022-04-19,Yolo,113,214977,37527,36785,3071,39856,311
2022-04-19,Yuba,115,75493,15887,15868,1201,17069,121
2022-04-18,Alameda,001,1643700,260443,258734,14103,272837,1832
2022-04-18,Alpine,003,1148,124,124,1,125,0
2022-04-18,Amador,005,37829,8547,8494,650,9144,86
2022-04-18,Butte,007,227075,33364,33083,6985,40068,408
2022-04-18,Calaveras,009,45235,7292,7288,350,7638,119
2022-04-18,Colusa,011,21464,3457,3453,1047,4500,21
2022-04-18,Contra Costa,013,1133247,193288,190042,13468,203510,1299
2022-04-18,Del Norte,015,27424,5832,5814,184,5998,50
2022-04-18,El Dorado,017,186661,26902,26821,3213,30034,209
2022-04-18,Fresno,019,978130,232126,231568,24144,255712,2740
2022-04-18,Glenn,021,27897,5003,4988,1606,6594,48
2022-04-18,Humboldt,023,135768,17045,16976,2977,19953,145
2022-04-18,Imperial,025,180216,55437,55405,10555,65960,910
2022-04-18,Inyo,027,18085,4082,4075,491,4566,56
2022-04-18,Kern,029,883053,192151,191915,45823,237738,2262
2022-04-18,Kings,031,150075,51566,51571,3512,55083,445
2022-04-18,Lake,033,64148,10743,10711,888,11599,134
2022-04-18,Lassen,035,31185,8961,8951,875,9826,65
2022-04-18,Los Angeles,037,10098052,2730012,2721699,124372,2846071,31630
2022-04-18,Madera,039,155013,37294,37333,6030,43363,354
2022-04-18,Marin,041,260295,34191,33985,2605,36590,288
2022-04-18,Mariposa,043,17540,2427,2412,202,2614,30
2022-04-18,Mendocino,045,87422,13162,13128,3041,16169,122
2022-04-18,Merced,047,269075,62492,62322,8701,71023,813
2022-04-18,Modoc,049,8938,740,744,252,996,8
2022-04-18,Mono,051,14174,2987,2984,126,3110,6
2022-04-18,Monterey,053,433212,79699,79419,13790,93209,727
2022-04-18,Napa,055,140530,26116,26016,997,27013,143
2022-04-18,Nevada,057,99092,16052,16034,1211,17245,127
2022-04-18,Orange,059,3164182,549719,549136,41745,590881,6963
2022-04-18,Placer,061,380077,63113,62928,7373,70301,619
2022-04-18,Plumas,063,18699,2983,2932,365,3297,13
2022-04-18,Riverside,065,2383286,593219,592224,27914,620138,6447
2022-04-18,Sacramento,067,1510023,282163,279326,26567,305893,2987
2022-04-18,San Benito,069,59416,12931,12971,515,13486,98
2022-04-18,San Bernardino,071,2135413,576446,565405,25029,590434,6977
2022-04-18,San Diego,073,3302833,755922,757138,53273,810411,5231
2022-04-18,San Francisco,075,870044,128274,127594,8438,136032,854
2022-04-18,San Joaquin,077,732212,166972,166531,9961,176492,2222
2022-04-18,San Luis Obispo,079,281455,52804,52740,3787,56527,476
2022-04-18,San Mateo,081,765935,124307,123279,7154,130433,701
2022-04-18,Santa Barbara,083,443738,86470,86214,4739,90953,685
2022-04-18,Santa Clara,085,1922200,316237,316355,12556,328911,2274
2022-04-18,Santa Cruz,087,273765,48702,47997,2120,50117,261
2022-04-18,Shasta,089,179085,30605,30590,6099,36689,554
2022-04-18,Sierra,091,2930,274,276,48,324,4
2022-04-18,Siskiyou,093,43540,4460,4446,2731,7177,80
2022-04-18,Solano,095,438530,82089,81841,5621,87462,447
2022-04-18,Sonoma,097,501317,84675,84429,2749,87178,485
2022-04-18,Stanislaus,099,539301,117871,117540,17900,135440,1630
2022-04-18,Sutter,101,95872,20530,20632,2089,22721,224
2022-04-18,Tehama,103,63373,12056,12061,2576,14637,199
2022-04-18,Trinity,105,12862,1184,1178,287,1465,20
2022-04-18,Tulare,107,460477,106491,105974,27625,133599,1439
2022-04-18,Tuolumne,109,53932,12719,12648,566,13214,180
2022-04-18,Ventura,111,848112,174048,173904,9469,183373,1475
2022-04-18,Yolo,113,214977,37470,36785,3071,39856,311
2022-04-18,Yuba,115,75493,15878,15868,1200,17068,121
2022-04-17,Alameda,001,1643700,260051,257897,14077,271974,1829
2022-04-17,Alpine,003,1148,124,124,1,125,0
2022-04-17,Amador,005,37829,8542,8491,648,9139,86
2022-04-17,Butte,007,227075,33361,33053,6982,40035,405
2022-04-17,Calaveras,009,45235,7289,7275,349,7624,119
2022-04-17,Colusa,011,21464,3456,3450,1047,4497,21
2022-04-17,Contra Costa,013,1133247,193060,189742,13432,203174,1298
2022-04-17,Del Norte,015,27424,5827,5809,184,5993,50
2022-04-17,El Dorado,017,186661,26890,26796,3211,30007,209
2022-04-17,Fresno,019,978130,232049,231455,24139,255594,2739
2022-04-17,Glenn,021,27897,5003,4991,1606,6597,48
2022-04-17,Humboldt,023,135768,17010,16929,2971,19900,143
2022-04-17,Imperial,025,180216,55428,55371,10553,65924,910
2022-04-17,Inyo,027,18085,4080,4075,491,4566,56
2022-04-17,Kern,029,883053,192116,191866,45808,237674,2258
2022-04-17,Kings,031,150075,51555,51544,3510,55054,445
2022-04-17,Lake,033,64148,10742,10702,888,11590,134
2022-04-17,Lassen,035,31185,8961,8950,875,9825,65
2022-04-17,Los Angeles,037,10098052,2728019,2717479,124254,2841733,31598
2022-04-17,Madera,039,155013,37288,37362,6030,43392,354
2022-04-17,Marin,041,260295,34124,33829,2575,36404,288
2022-04-17,Mariposa,043,17540,2419,2406,202,2608,30
2022-04-17,Mendocino,045,87422,13147,13107,3037,16144,122
2022-04-17,Merced,047,269075,62472,62295,8695,70990,813
2022-04-17,Modoc,049,8938,740,743,252,995,8
2022-04-17,Mono,051,14174,2986,2977,126,3103,6
2022-04-17,Monterey,053,433212,79666,79311,13770,93081,727
2022-04-17,Napa,055,140530,26072,25929,991,26920,143
2022-04-17,Nevada,057,99092,16036,16014,1206,17220,123
2022-04-17,Orange,059,3164182,549356,548311,41697,590008,6945
2022-04-17,Placer,061,380077,63073,62882,7366,70248,618
2022-04-17,Plumas,063,18699,2983,2929,365,3294,13
2022-04-17,Riverside,065,2383286,592999,591772,27894,619666,6443
2022-04-17,Sacramento,067,1510023,282002,278523,26542,305065,2978
2022-04-17,San Benito,069,59416,12928,12926,514,13440,98
2022-04-17,San Bernardino,071,2135413,576208,564397,25015,589412,6948
2022-04-17,San Diego,073,3302833,755431,756165,53205,809370,5229
2022-04-17,San Francisco,075,870044,127956,126976,8422,135398,854
2022-04-17,San Joaquin,077,732212,166922,166645,9955,176600,2220
2022-04-17,San Luis Obispo,079,281455,52735,52698,3782,56480,476
2022-04-17,San Mateo,081,765935,124071,122652,7138,129790,699
2022-04-17,Santa Barbara,083,443738,86412,86030,4732,90762,684
2022-04-17,Santa Clara,085,1922200,315744,315296,12529,327825,2268
2022-04-17,Santa Cruz,087,273765,48580,47895,2118,50013,261
2022-04-17,Shasta,089,179085,30594,30578,6095,36673,554
2022-04-17,Sierra,091,2930,274,276,48,324,4
2022-04-17,Siskiyou,093,43540,4455,4444,2730,7174,80
2022-04-17,Solano,095,438530,82022,81781,5615,87396,447
2022-04-17,Sonoma,097,501317,84563,84172,2742,86914,485
2022-04-17,Stanislaus,099,539301,117841,117567,17893,135460,1619
2022-04-17,Sutter,101,95872,20525,20621,2088,22709,224
2022-04-17,Tehama,103,63373,12055,12061,2576,14637,199
2022-04-17,Trinity,105,12862,1183,1178,287,1465,20
2022-04-17,Tulare,107,460477,106477,105757,27616,133373,1428
2022-04-17,Tuolumne,109,53932,12713,12640,566,13206,180
2022-04-17,Ventura,111,848112,173951,173665,9450,183115,1474
2022-04-17,Yolo,113,214977,37421,36752,3069,39821,311
2022-04-17,Yuba,115,75493,15872,15857,1200,17057,121
2022-04-16,Alameda,001,1643700,259899,257897,14067,271964,1829
2022-04-16,Alpine,003,1148,124,124,1,125,0
2022-04-16,Amador,005,37829,8540,8491,648,9139,86
2022-04-16,Butte,007,227075,33357,33053,6980,40033,405
2022-04-16,Calaveras,009,45235,7287,7275,349,7624,119
2022-04-16,Colusa,011,21464,3456,3450,1047,4497,21
2022-04-16,Contra Costa,013,1133247,192969,189742,13426,203168,1298
2022-04-16,Del Norte,015,27424,5827,5809,184,5993,50
2022-04-16,El Dorado,017,186661,26879,26796,3211,30007,209
2022-04-16,Fresno,019,978130,232021,231455,24138,255593,2739
2022-04-16,Glenn,021,27897,5003,4991,1606,6597,48
2022-04-16,Humboldt,023,135768,17002,16929,2966,19895,143
2022-04-16,Imperial,025,180216,55422,55371,10552,65923,910
2022-04-16,Inyo,027,18085,4080,4075,491,4566,56
2022-04-16,Kern,029,883053,192105,191866,45796,237662,2258
2022-04-16,Kings,031,150075,51552,51544,3510,55054,445
2022-04-16,Lake,033,64148,10740,10702,888,11590,134
2022-04-16,Lassen,035,31185,8961,8950,875,9825,65
2022-04-16,Los Angeles,037,10098052,2727301,2717479,124204,2841683,31598
2022-04-16,Madera,039,155013,37286,37362,6030,43392,354
2022-04-16,Marin,041,260295,34086,33829,2549,36378,288
2022-04-16,Mariposa,043,17540,2418,2406,202,2608,30
2022-04-16,Mendocino,045,87422,13141,13107,3037,16144,122
2022-04-16,Merced,047,269075,62469,62295,8694,70989,813
2022-04-16,Modoc,049,8938,740,743,252,995,8
2022-04-16,Mono,051,14174,2986,2977,126,3103,6
2022-04-16,Monterey,053,433212,79651,79311,13761,93072,727
2022-04-16,Napa,055,140530,26049,25929,989,26918,143
2022-04-16,Nevada,057,99092,16033,16014,1203,17217,123
2022-04-16,Orange,059,3164182,549240,548311,41668,589979,6945
2022-04-16,Placer,061,380077,63057,62882,7364,70246,618
2022-04-16,Plumas,063,18699,2981,2929,365,3294,13
2022-04-16,Riverside,065,2383286,592919,591772,27888,619660,6443
2022-04-16,Sacramento,067,1510023,281951,278523,26538,305061,2978
2022-04-16,San Benito,069,59416,12927,12926,514,13440,98
2022-04-16,San Bernardino,071,2135413,576108,564397,25011,589408,6948
2022-04-16,San Diego,073,3302833,755284,756165,53191,809356,5229
2022-04-16,San Francisco,075,870044,127800,126976,8413,135389,854
2022-04-16,San Joaquin,077,732212,166882,166645,9951,176596,2220
2022-04-16,San Luis Obispo,079,281455,52729,52698,3781,56479,476
2022-04-16,San Mateo,081,765935,123975,122652,7131,129783,699
2022-04-16,Santa Barbara,083,443738,86382,86030,4732,90762,684
2022-04-16,Santa Clara,085,1922200,315503,315296,12521,327817,2268
2022-04-16,Santa Cruz,087,273765,48552,47895,2118,50013,261
2022-04-16,Shasta,089,179085,30590,30578,6095,36673,554
2022-04-16,Sierra,091,2930,274,276,48,324,4
2022-04-16,Siskiyou,093,43540,4455,4444,2730,7174,80
2022-04-16,Solano,095,438530,82007,81781,5613,87394,447
2022-04-16,Sonoma,097,501317,84514,84172,2733,86905,485
2022-04-16,Stanislaus,099,539301,117821,117567,17888,135455,1619
2022-04-16,Sutter,101,95872,20521,20621,2088,22709,224
2022-04-16,Tehama,103,63373,12054,12061,2576,14637,199
2022-04-16,Trinity,105,12862,1183,1178,287,1465,20
2022-04-16,Tulare,107,460477,106467,105757,27614,133371,1428
2022-04-16,Tuolumne,109,53932,12712,12640,566,13206,180
2022-04-16,Ventura,111,848112,173923,173665,9446,183111,1474
2022-04-16,Yolo,113,214977,37412,36752,3068,39820,311
2022-04-16,Yuba,115,75493,15868,15857,1200,17057,121
2022-04-15,Alameda,001,1643700,259717,257897,14059,271956,1829
2022-04-15,Alpine,003,1148,124,124,1,125,0
2022-04-15,Amador,005,37829,8539,8491,646,9137,86
2022-04-15,Butte,007,227075,33355,33053,6978,40031,405
2022-04-15,Calaveras,009,45235,7285,7275,349,7624,119
2022-04-15,Colusa,011,21464,3456,3450,1047,4497,21
2022-04-15,Contra Costa,013,1133247,192852,189742,13419,203161,1298
2022-04-15,Del Norte,015,27424,5826,5809,184,5993,50
2022-04-15,El Dorado,017,186661,26865,26796,3210,30006,209
2022-04-15,Fresno,019,978130,231992,231455,24137,255592,2739
2022-04-15,Glenn,021,27897,5002,4991,1606,6597,48
2022-04-15,Humboldt,023,135768,16990,16929,2965,19894,143
2022-04-15,Imperial,025,180216,55420,55371,10552,65923,910
2022-04-15,Inyo,027,18085,4080,4075,490,4565,56
2022-04-15,Kern,029,883053,192090,191866,45785,237651,2258
2022-04-15,Kings,031,150075,51548,51544,3510,55054,445
2022-04-15,Lake,033,64148,10735,10702,888,11590,134
2022-04-15,Lassen,035,31185,8961,8950,875,9825,65
2022-04-15,Los Angeles,037,10098052,2726525,2717479,124138,2841617,31598
2022-04-15,Madera,039,155013,37284,37362,6030,43392,354
2022-04-15,Marin,041,260295,34052,33829,2528,36357,288
2022-04-15,Mariposa,043,17540,2417,2406,202,2608,30
2022-04-15,Mendocino,045,87422,13135,13107,3035,16142,122
2022-04-15,Merced,047,269075,62465,62295,8694,70989,813
2022-04-15,Modoc,049,8938,740,743,252,995,8
2022-04-15,Mono,051,14174,2981,2977,125,3102,6
2022-04-15,Monterey,053,433212,79624,79311,13755,93066,727
2022-04-15,Napa,055,140530,26032,25929,988,26917,143
2022-04-15,Nevada,057,99092,16031,16014,1202,17216,123
2022-04-15,Orange,059,3164182,549119,548311,41638,589949,6945
2022-04-15,Placer,061,380077,63042,62882,7363,70245,618
2022-04-15,Plumas,063,18699,2981,2929,365,3294,13
2022-04-15,Riverside,065,2383286,592818,591772,27882,619654,6443
2022-04-15,Sacramento,067,1510023,281872,278523,26534,305057,2978
2022-04-15,San Benito,069,59416,12925,12926,513,13439,98
2022-04-15,San Bernardino,071,2135413,576026,564397,25008,589405,6948
2022-04-15,San Diego,073,3302833,755091,756165,53171,809336,5229
2022-04-15,San Francisco,075,870044,127651,126976,8398,135374,854
2022-04-15,San Joaquin,077,732212,166859,166645,9949,176594,2220
2022-04-15,San Luis Obispo,079,281455,52721,52698,3781,56479,476
2022-04-15,San Mateo,081,765935,123844,122652,7120,129772,699
2022-04-15,Santa Barbara,083,443738,86349,86030,4731,90761,684
2022-04-15,Santa Clara,085,1922200,315213,315296,12513,327809,2268
2022-04-15,Santa Cruz,087,273765,48524,47895,2117,50012,261
2022-04-15,Shasta,089,179085,30581,30578,6095,36673,554
2022-04-15,Sierra,091,2930,274,276,48,324,4
2022-04-15,Siskiyou,093,43540,4453,4444,2730,7174,80
2022-04-15,Solano,095,438530,81982,81781,5613,87394,447
2022-04-15,Sonoma,097,501317,84461,84172,2717,86889,485
2022-04-15,Stanislaus,099,539301,117801,117567,17886,135453,1619
2022-04-15,Sutter,101,95872,20518,20621,2088,22709,224
2022-04-15,Tehama,103,63373,12054,12061,2576,14637,199
2022-04-15,Trinity,105,12862,1183,1178,287,1465,20
2022-04-15,Tulare,107,460477,106461,105757,27608,133365,1428
2022-04-15,Tuolumne,109,53932,12709,12640,563,13203,180
2022-04-15,Ventura,111,848112,173894,173665,9440,183105,1474
2022-04-15,Yolo,113,214977,37395,36752,3068,39820,311
2022-04-15,Yuba,115,75493,15865,15857,1200,17057,121
2022-04-14,Alameda,001,1643700,259452,257897,14049,271946,1829
2022-04-14,Alpine,003,1148,124,124,1,125,0
2022-04-14,Amador,005,37829,8539,8491,646,9137,86
2022-04-14,Butte,007,227075,33350,33053,6975,40028,405
2022-04-14,Calaveras,009,45235,7284,7275,349,7624,119
2022-04-14,Colusa,011,21464,3456,3450,1047,4497,21
2022-04-14,Contra Costa,013,1133247,192696,189742,13407,203149,1298
2022-04-14,Del Norte,015,27424,5824,5809,184,5993,50
2022-04-14,El Dorado,017,186661,26862,26796,3208,30004,209
2022-04-14,Fresno,019,978130,231965,231455,24136,255591,2739
2022-04-14,Glenn,021,27897,5002,4991,1604,6595,48
2022-04-14,Humboldt,023,135768,16976,16929,2964,19893,143
2022-04-14,Imperial,025,180216,55410,55371,10552,65923,910
2022-04-14,Inyo,027,18085,4080,4075,489,4564,56
2022-04-14,Kern,029,883053,192071,191866,45777,237643,2258
2022-04-14,Kings,031,150075,51540,51544,3510,55054,445
2022-04-14,Lake,033,64148,10734,10702,888,11590,134
2022-04-14,Lassen,035,31185,8961,8950,874,9824,65
2022-04-14,Los Angeles,037,10098052,2725436,2717479,124049,2841528,31598
2022-04-14,Madera,039,155013,37282,37362,6030,43392,354
2022-04-14,Marin,041,260295,34019,33829,2500,36329,288
2022-04-14,Mariposa,043,17540,2416,2406,202,2608,30
2022-04-14,Mendocino,045,87422,13130,13107,3035,16142,122
2022-04-14,Merced,047,269075,62461,62295,8693,70988,813
2022-04-14,Modoc,049,8938,739,743,252,995,8
2022-04-14,Mono,051,14174,2981,2977,124,3101,6
2022-04-14,Monterey,053,433212,79599,79311,13750,93061,727
2022-04-14,Napa,055,140530,26010,25929,987,26916,143
2022-04-14,Nevada,057,99092,16024,16014,1201,17215,123
2022-04-14,Orange,059,3164182,548930,548311,41611,589922,6945
2022-04-14,Placer,061,380077,63024,62882,7358,70240,618
2022-04-14,Plumas,063,18699,2981,2929,365,3294,13
2022-04-14,Riverside,065,2383286,592698,591772,27872,619644,6443
2022-04-14,Sacramento,067,1510023,281753,278523,26520,305043,2978
2022-04-14,San Benito,069,59416,12919,12926,513,13439,98
2022-04-14,San Bernardino,071,2135413,575855,564397,25003,589400,6948
2022-04-14,San Diego,073,3302833,754813,756165,53133,809298,5229
2022-04-14,San Francisco,075,870044,127449,126976,8386,135362,854
2022-04-14,San Joaquin,077,732212,166827,166645,9948,176593,2220
2022-04-14,San Luis Obispo,079,281455,52705,52698,3777,56475,476
2022-04-14,San Mateo,081,765935,123689,122652,7102,129754,699
2022-04-14,Santa Barbara,083,443738,86304,86030,4729,90759,684
2022-04-14,Santa Clara,085,1922200,314914,315296,12504,327800,2268
2022-04-14,Santa Cruz,087,273765,48494,47895,2116,50011,261
2022-04-14,Shasta,089,179085,30579,30578,6094,36672,554
2022-04-14,Sierra,091,2930,274,276,48,324,4
2022-04-14,Siskiyou,093,43540,4453,4444,2729,7173,80
2022-04-14,Solano,095,438530,81942,81781,5607,87388,447
2022-04-14,Sonoma,097,501317,84370,84172,2712,86884,485
2022-04-14,Stanislaus,099,539301,117781,117567,17883,135450,1619
2022-04-14,Sutter,101,95872,20516,20621,2079,22700,224
2022-04-14,Tehama,103,63373,12053,12061,2575,14636,199
2022-04-14,Trinity,105,12862,1183,1178,287,1465,20
2022-04-14,Tulare,107,460477,106447,105757,27604,133361,1428
2022-04-14,Tuolumne,109,53932,12705,12640,562,13202,180
2022-04-14,Ventura,111,848112,173845,173665,9434,183099,1474
2022-04-14,Yolo,113,214977,37368,36752,3065,39817,311
2022-04-14,Yuba,115,75493,15862,15857,1200,17057,121
2022-04-13,Alameda,001,1643700,259200,257440,14029,271469,1833
2022-04-13,Alpine,003,1148,124,124,1,125,0
2022-04-13,Amador,005,37829,8537,8490,646,9136,86
2022-04-13,Butte,007,227075,33341,33044,6975,40019,402
2022-04-13,Calaveras,009,45235,7283,7270,349,7619,119
2022-04-13,Colusa,011,21464,3456,3451,1047,4498,21
2022-04-13,Contra Costa,013,1133247,192563,189471,13393,202864,1298
2022-04-13,Del Norte,015,27424,5822,5812,184,5996,50
2022-04-13,El Dorado,017,186661,26858,26794,3208,30002,208
2022-04-13,Fresno,019,978130,231932,231325,24124,255449,2738
2022-04-13,Glenn,021,27897,5000,4989,1604,6593,48
2022-04-13,Humboldt,023,135768,16962,16922,2963,19885,143
2022-04-13,Imperial,025,180216,55397,55353,10550,65903,910
2022-04-13,Inyo,027,18085,4080,4074,486,4560,56
2022-04-13,Kern,029,883053,192047,191859,45771,237630,2249
2022-04-13,Kings,031,150075,51534,51535,3510,55045,443
2022-04-13,Lake,033,64148,10732,10695,888,11583,134
2022-04-13,Lassen,035,31185,8960,8949,874,9823,65
2022-04-13,Los Angeles,037,10098052,2724174,2715722,123973,2839695,31578
2022-04-13,Madera,039,155013,37279,37361,6030,43391,354
2022-04-13,Marin,041,260295,33980,33747,2471,36218,288
2022-04-13,Mariposa,043,17540,2410,2402,202,2604,29
2022-04-13,Mendocino,045,87422,13121,13101,3033,16134,120
2022-04-13,Merced,047,269075,62451,62276,8692,70968,811
2022-04-13,Modoc,049,8938,739,743,252,995,8
2022-04-13,Mono,051,14174,2979,2971,124,3095,6
2022-04-13,Monterey,053,433212,79586,79179,13743,92922,727
2022-04-13,Napa,055,140530,25993,25892,984,26876,143
2022-04-13,Nevada,057,99092,16018,16002,1201,17203,123
2022-04-13,Orange,059,3164182,548735,547783,41588,589371,6935
2022-04-13,Placer,061,380077,62997,62851,7354,70205,615
2022-04-13,Plumas,063,18699,2980,2923,365,3288,13
2022-04-13,Riverside,065,2383286,592559,591659,27865,619524,6437
2022-04-13,Sacramento,067,1510023,281667,277866,26517,304383,2974
2022-04-13,San Benito,069,59416,12913,12927,513,13440,98
2022-04-13,San Bernardino,071,2135413,575710,563709,24998,588707,6905
2022-04-13,San Diego,073,3302833,754528,755584,53101,808685,5223
2022-04-13,San Francisco,075,870044,127280,126608,8366,134974,850
2022-04-13,San Joaquin,077,732212,166792,166654,9946,176600,2219
2022-04-13,San Luis Obispo,079,281455,52681,52660,3777,56437,476
2022-04-13,San Mateo,081,765935,123538,122167,7078,129245,699
2022-04-13,Santa Barbara,083,443738,86266,85938,4724,90662,684
2022-04-13,Santa Clara,085,1922200,314645,314863,12487,327350,2267
2022-04-13,Santa Cruz,087,273765,48440,47765,2115,49880,260
2022-04-13,Shasta,089,179085,30577,30569,6094,36663,551
2022-04-13,Sierra,091,2930,274,276,48,324,4
2022-04-13,Siskiyou,093,43540,4452,4444,2728,7172,80
2022-04-13,Solano,095,438530,81904,81843,5604,87447,448
2022-04-13,Sonoma,097,501317,84300,84033,2698,86731,485
2022-04-13,Stanislaus,099,539301,117763,117573,17878,135451,1577
2022-04-13,Sutter,101,95872,20512,20610,2079,22689,223
2022-04-13,Tehama,103,63373,12052,12062,2574,14636,200
2022-04-13,Trinity,105,12862,1183,1177,287,1464,20
2022-04-13,Tulare,107,460477,106440,105519,27599,133118,1426
2022-04-13,Tuolumne,109,53932,12699,12639,562,13201,180
2022-04-13,Ventura,111,848112,173788,173558,9428,182986,1474
2022-04-13,Yolo,113,214977,37329,36684,3063,39747,311
2022-04-13,Yuba,115,75493,15858,15851,1200,17051,121
2022-04-12,Alameda,001,1643700,258956,257440,14020,271460,1833
2022-04-12,Alpine,003,1148,124,124,1,125,0
2022-04-12,Amador,005,37829,8536,8490,646,9136,86
2022-04-12,Butte,007,227075,33329,33044,6969,40013,402
2022-04-12,Calaveras,009,45235,7279,7270,348,7618,119
2022-04-12,Colusa,011,21464,3456,3451,1047,4498,21
2022-04-12,Contra Costa,013,1133247,192409,189471,13379,202850,1298
2022-04-12,Del Norte,015,27424,5819,5812,184,5996,50
2022-04-12,El Dorado,017,186661,26846,26794,3208,30002,208
2022-04-12,Fresno,019,978130,231902,231325,24117,255442,2738
2022-04-12,Glenn,021,27897,5000,4989,1604,6593,48
2022-04-12,Humboldt,023,135768,16954,16922,2961,19883,143
2022-04-12,Imperial,025,180216,55393,55353,10541,65894,910
2022-04-12,Inyo,027,18085,4080,4074,486,4560,56
2022-04-12,Kern,029,883053,192027,191859,45762,237621,2249
2022-04-12,Kings,031,150075,51526,51535,3508,55043,443
2022-04-12,Lake,033,64148,10728,10695,887,11582,134
2022-04-12,Lassen,035,31185,8960,8949,874,9823,65
2022-04-12,Los Angeles,037,10098052,2722931,2715722,123873,2839595,31578
2022-04-12,Madera,039,155013,37278,37361,6030,43391,354
2022-04-12,Marin,041,260295,33935,33747,2444,36191,288
2022-04-12,Mariposa,043,17540,2410,2402,202,2604,29
2022-04-12,Mendocino,045,87422,13113,13101,3027,16128,120
2022-04-12,Merced,047,269075,62437,62276,8690,70966,811
2022-04-12,Modoc,049,8938,739,743,251,994,8
2022-04-12,Mono,051,14174,2979,2971,124,3095,6
2022-04-12,Monterey,053,433212,79562,79179,13736,92915,727
2022-04-12,Napa,055,140530,25970,25892,974,26866,143
2022-04-12,Nevada,057,99092,16015,16002,1200,17202,123
2022-04-12,Orange,059,3164182,548484,547783,41556,589339,6935
2022-04-12,Placer,061,380077,62974,62851,7349,70200,615
2022-04-12,Plumas,063,18699,2979,2923,365,3288,13
2022-04-12,Riverside,065,2383286,592416,591659,27845,619504,6437
2022-04-12,Sacramento,067,1510023,281552,277866,26515,304381,2974
2022-04-12,San Benito,069,59416,12908,12927,512,13439,98
2022-04-12,San Bernardino,071,2135413,575535,563709,24995,588704,6905
2022-04-12,San Diego,073,3302833,754195,755584,53059,808643,5223
2022-04-12,San Francisco,075,870044,127067,126608,8352,134960,850
2022-04-12,San Joaquin,077,732212,166762,166654,9944,176598,2219
2022-04-12,San Luis Obispo,079,281455,52647,52660,3771,56431,476
2022-04-12,San Mateo,081,765935,123381,122167,7056,129223,699
2022-04-12,Santa Barbara,083,443738,86220,85938,4720,90658,684
2022-04-12,Santa Clara,085,1922200,314354,314863,12476,327339,2267
2022-04-12,Santa Cruz,087,273765,48360,47765,2112,49877,260
2022-04-12,Shasta,089,179085,30577,30569,6093,36662,551
2022-04-12,Sierra,091,2930,274,276,48,324,4
2022-04-12,Siskiyou,093,43540,4452,4444,2726,7170,80
2022-04-12,Solano,095,438530,81864,81843,5602,87445,448
2022-04-12,Sonoma,097,501317,84241,84033,2692,86725,485
2022-04-12,Stanislaus,099,539301,117743,117573,17874,135447,1577
2022-04-12,Sutter,101,95872,20509,20610,2079,22689,223
2022-04-12,Tehama,103,63373,12050,12062,2574,14636,200
2022-04-12,Trinity,105,12862,1183,1177,287,1464,20
2022-04-12,Tulare,107,460477,106425,105519,27594,133113,1426
2022-04-12,Tuolumne,109,53932,12697,12639,560,13199,180
2022-04-12,Ventura,111,848112,173740,173558,9422,182980,1474
2022-04-12,Yolo,113,214977,37289,36684,3057,39741,311
2022-04-12,Yuba,115,75493,15853,15851,1200,17051,121
2022-04-11,Alameda,001,1643700,258664,256649,14003,270652,1826
2022-04-11,Alpine,003,1148,124,124,1,125,0
2022-04-11,Amador,005,37829,8535,8489,646,9135,86
2022-04-11,Butte,007,227075,33316,33031,6965,39996,399
2022-04-11,Calaveras,009,45235,7276,7260,348,7608,119
2022-04-11,Colusa,011,21464,3454,3449,1047,4496,21
2022-04-11,Contra Costa,013,1133247,192242,189154,13362,202516,1296
2022-04-11,Del Norte,015,27424,5818,5811,184,5995,50
2022-04-11,El Dorado,017,186661,26833,26757,3207,29964,207
2022-04-11,Fresno,019,978130,231880,231090,24116,255206,2731
2022-04-11,Glenn,021,27897,4999,4988,1603,6591,47
2022-04-11,Humboldt,023,135768,16939,16913,2959,19872,141
2022-04-11,Imperial,025,180216,55388,55267,10539,65806,910
2022-04-11,Inyo,027,18085,4080,4071,486,4557,56
2022-04-11,Kern,029,883053,192002,191542,45760,237302,2244
2022-04-11,Kings,031,150075,51522,51519,3508,55027,443
2022-04-11,Lake,033,64148,10727,10690,886,11576,134
2022-04-11,Lassen,035,31185,8960,8948,874,9822,65
2022-04-11,Los Angeles,037,10098052,2721673,2709735,123799,2833534,31509
2022-04-11,Madera,039,155013,37271,37356,6030,43386,354
2022-04-11,Marin,041,260295,33879,33648,2425,36073,288
2022-04-11,Mariposa,043,17540,2409,2394,202,2596,29
2022-04-11,Mendocino,045,87422,13109,13087,3025,16112,120
2022-04-11,Merced,047,269075,62427,62231,8688,70919,811
2022-04-11,Modoc,049,8938,739,743,251,994,8
2022-04-11,Mono,051,14174,2978,2967,123,3090,6
2022-04-11,Monterey,053,433212,79542,79103,13727,92830,727
2022-04-11,Napa,055,140530,25953,25824,972,26796,144
2022-04-11,Nevada,057,99092,16011,15976,1200,17176,123
2022-04-11,Orange,059,3164182,548278,546983,41523,588506,6912
2022-04-11,Placer,061,380077,62952,62831,7348,70179,616
2022-04-11,Plumas,063,18699,2977,2887,365,3252,13
2022-04-11,Riverside,065,2383286,592289,591268,27828,619096,6429
2022-04-11,Sacramento,067,1510023,281452,277125,26513,303638,2972
2022-04-11,San Benito,069,59416,12907,12917,512,13429,98
2022-04-11,San Bernardino,071,2135413,575384,562571,24986,587557,6892
2022-04-11,San Diego,073,3302833,753868,754281,53019,807300,5210
2022-04-11,San Francisco,075,870044,126835,125963,8340,134303,844
2022-04-11,San Joaquin,077,732212,166724,166547,9938,176485,2212
2022-04-11,San Luis Obispo,079,281455,52624,52609,3770,56379,476
2022-04-11,San Mateo,081,765935,123195,121514,7042,128556,698
2022-04-11,Santa Barbara,083,443738,86171,85754,4715,90469,680
2022-04-11,Santa Clara,085,1922200,314010,313965,12461,326426,2266
2022-04-11,Santa Cruz,087,273765,48265,47624,2109,49733,259
2022-04-11,Shasta,089,179085,30572,30586,6092,36678,549
2022-04-11,Sierra,091,2930,274,272,48,320,4
2022-04-11,Siskiyou,093,43540,4452,4444,2724,7168,80
2022-04-11,Solano,095,438530,81836,81886,5601,87487,448
2022-04-11,Sonoma,097,501317,84173,83600,2680,86280,485
2022-04-11,Stanislaus,099,539301,117709,117528,17866,135394,1578
2022-04-11,Sutter,101,95872,20506,20591,2079,22670,223
2022-04-11,Tehama,103,63373,12049,12059,2573,14632,201
2022-04-11,Trinity,105,12862,1183,1177,287,1464,20
2022-04-11,Tulare,107,460477,106414,105278,27586,132864,1415
2022-04-11,Tuolumne,109,53932,12694,12632,560,13192,180
2022-04-11,Ventura,111,848112,173681,173343,9421,182764,1467
2022-04-11,Yolo,113,214977,37252,36587,3055,39642,312
2022-04-11,Yuba,115,75493,15850,15848,1199,17047,121
2022-04-10,Alameda,001,1643700,258331,256649,13992,270641,1826
2022-04-10,Alpine,003,1148,124,124,1,125,0
2022-04-10,Amador,005,37829,8533,8489,646,9135,86
2022-04-10,Butte,007,227075,33312,33031,6961,39992,399
2022-04-10,Calaveras,009,45235,7273,7260,348,7608,119
2022-04-10,Colusa,011,21464,3453,3449,1047,4496,21
2022-04-10,Contra Costa,013,1133247,192082,189154,13342,202496,1296
2022-04-10,Del Norte,015,27424,5815,5811,184,5995,50
2022-04-10,El Dorado,017,186661,26826,26757,3205,29962,207
2022-04-10,Fresno,019,978130,231842,231090,24114,255204,2731
2022-04-10,Glenn,021,27897,4999,4988,1603,6591,47
2022-04-10,Humboldt,023,135768,16929,16913,2957,19870,141
2022-04-10,Imperial,025,180216,55384,55267,10537,65804,910
2022-04-10,Inyo,027,18085,4080,4071,484,4555,56
2022-04-10,Kern,029,883053,191983,191542,45755,237297,2244
2022-04-10,Kings,031,150075,51520,51519,3508,55027,443
2022-04-10,Lake,033,64148,10723,10690,884,11574,134
2022-04-10,Lassen,035,31185,8959,8948,874,9822,65
2022-04-10,Los Angeles,037,10098052,2720343,2709735,123707,2833442,31509
2022-04-10,Madera,039,155013,37266,37356,6029,43385,354
2022-04-10,Marin,041,260295,33839,33648,2396,36044,288
2022-04-10,Mariposa,043,17540,2407,2394,202,2596,29
2022-04-10,Mendocino,045,87422,13101,13087,3024,16111,120
2022-04-10,Merced,047,269075,62416,62231,8686,70917,811
2022-04-10,Modoc,049,8938,739,743,251,994,8
2022-04-10,Mono,051,14174,2975,2967,123,3090,6
2022-04-10,Monterey,053,433212,79526,79103,13717,92820,727
2022-04-10,Napa,055,140530,25931,25824,970,26794,144
2022-04-10,Nevada,057,99092,15994,15976,1200,17176,123
2022-04-10,Orange,059,3164182,548028,546983,41485,588468,6912
2022-04-10,Placer,061,380077,62918,62831,7347,70178,616
2022-04-10,Plumas,063,18699,2975,2887,365,3252,13
2022-04-10,Riverside,065,2383286,592137,591268,27815,619083,6429
2022-04-10,Sacramento,067,1510023,281354,277125,26504,303629,2972
2022-04-10,San Benito,069,59416,12904,12917,512,13429,98
2022-04-10,San Bernardino,071,2135413,575152,562571,24977,587548,6892
2022-04-10,San Diego,073,3302833,753542,754281,52971,807252,5210
2022-04-10,San Francisco,075,870044,126596,125963,8324,134287,844
2022-04-10,San Joaquin,077,732212,166677,166547,9931,176478,2212
2022-04-10,San Luis Obispo,079,281455,52590,52609,3767,56376,476
2022-04-10,San Mateo,081,765935,123028,121514,7027,128541,698
2022-04-10,Santa Barbara,083,443738,86087,85754,4705,90459,680
2022-04-10,Santa Clara,085,1922200,313683,313965,12447,326412,2266
2022-04-10,Santa Cruz,087,273765,48176,47624,2108,49732,259
2022-04-10,Shasta,089,179085,30565,30586,6092,36678,549
2022-04-10,Sierra,091,2930,274,272,48,320,4
2022-04-10,Siskiyou,093,43540,4452,4444,2723,7167,80
2022-04-10,Solano,095,438530,81789,81886,5596,87482,448
2022-04-10,Sonoma,097,501317,84072,83600,2673,86273,485
2022-04-10,Stanislaus,099,539301,117686,117528,17859,135387,1578
2022-04-10,Sutter,101,95872,20502,20591,2075,22666,223
2022-04-10,Tehama,103,63373,12047,12059,2573,14632,201
2022-04-10,Trinity,105,12862,1183,1177,287,1464,20
2022-04-10,Tulare,107,460477,106400,105278,27579,132857,1415
2022-04-10,Tuolumne,109,53932,12687,12632,560,13192,180
2022-04-10,Ventura,111,848112,173602,173343,9416,182759,1467
2022-04-10,Yolo,113,214977,37221,36587,3050,39637,312
2022-04-10,Yuba,115,75493,15849,15848,1199,17047,121
2022-04-09,Alameda,001,1643700,258155,256649,13987,270636,1826
2022-04-09,Alpine,003,1148,124,124,1,125,0
2022-04-09,Amador,005,37829,8533,8489,645,9134,86
2022-04-09,Butte,007,227075,33309,33031,6961,39992,399
2022-04-09,Calaveras,009,45235,7272,7260,348,7608,119
2022-04-09,Colusa,011,21464,3452,3449,1047,4496,21
2022-04-09,Contra Costa,013,1133247,191986,189154,13335,202489,1296
2022-04-09,Del Norte,015,27424,5814,5811,184,5995,50
2022-04-09,El Dorado,017,186661,26819,26757,3205,29962,207
2022-04-09,Fresno,019,978130,231821,231090,24114,255204,2731
2022-04-09,Glenn,021,27897,4999,4988,1603,6591,47
2022-04-09,Humboldt,023,135768,16922,16913,2957,19870,141
2022-04-09,Imperial,025,180216,55379,55267,10537,65804,910
2022-04-09,Inyo,027,18085,4080,4071,484,4555,56
2022-04-09,Kern,029,883053,191974,191542,45750,237292,2244
2022-04-09,Kings,031,150075,51514,51519,3508,55027,443
2022-04-09,Lake,033,64148,10721,10690,884,11574,134
2022-04-09,Lassen,035,31185,8959,8948,874,9822,65
2022-04-09,Los Angeles,037,10098052,2719658,2709735,123634,2833369,31509
2022-04-09,Madera,039,155013,37263,37356,6029,43385,354
2022-04-09,Marin,041,260295,33806,33648,2353,36001,288
2022-04-09,Mariposa,043,17540,2407,2394,202,2596,29
2022-04-09,Mendocino,045,87422,13099,13087,3024,16111,120
2022-04-09,Merced,047,269075,62404,62231,8684,70915,811
2022-04-09,Modoc,049,8938,739,743,251,994,8
2022-04-09,Mono,051,14174,2974,2967,122,3089,6
2022-04-09,Monterey,053,433212,79517,79103,13713,92816,727
2022-04-09,Napa,055,140530,25906,25824,970,26794,144
2022-04-09,Nevada,057,99092,15991,15976,1200,17176,123
2022-04-09,Orange,059,3164182,547907,546983,41464,588447,6912
2022-04-09,Placer,061,380077,62903,62831,7345,70176,616
2022-04-09,Plumas,063,18699,2975,2887,365,3252,13
2022-04-09,Riverside,065,2383286,592047,591268,27805,619073,6429
2022-04-09,Sacramento,067,1510023,281307,277125,26502,303627,2972
2022-04-09,San Benito,069,59416,12903,12917,511,13428,98
2022-04-09,San Bernardino,071,2135413,575087,562571,24974,587545,6892
2022-04-09,San Diego,073,3302833,753394,754281,52957,807238,5210
2022-04-09,San Francisco,075,870044,126472,125963,8317,134280,844
2022-04-09,San Joaquin,077,732212,166661,166547,9928,176475,2212
2022-04-09,San Luis Obispo,079,281455,52590,52609,3764,56373,476
2022-04-09,San Mateo,081,765935,122938,121514,7020,128534,698
2022-04-09,Santa Barbara,083,443738,86054,85754,4705,90459,680
2022-04-09,Santa Clara,085,1922200,313487,313965,12444,326409,2266
2022-04-09,Santa Cruz,087,273765,48143,47624,2106,49730,259
2022-04-09,Shasta,089,179085,30563,30586,6092,36678,549
2022-04-09,Sierra,091,2930,274,272,48,320,4
2022-04-09,Siskiyou,093,43540,4451,4444,2722,7166,80
2022-04-09,Solano,095,438530,81771,81886,5594,87480,448
2022-04-09,Sonoma,097,501317,84033,83600,2669,86269,485
2022-04-09,Stanislaus,099,539301,117673,117528,17857,135385,1578
2022-04-09,Sutter,101,95872,20502,20591,2075,22666,223
2022-04-09,Tehama,103,63373,12047,12059,2573,14632,201
2022-04-09,Trinity,105,12862,1183,1177,287,1464,20
2022-04-09,Tulare,107,460477,106397,105278,27577,132855,1415
2022-04-09,Tuolumne,109,53932,12685,12632,560,13192,180
2022-04-09,Ventura,111,848112,173565,173343,9413,182756,1467
2022-04-09,Yolo,113,214977,37202,36587,3050,39637,312
2022-04-09,Yuba,115,75493,15848,15848,1199,17047,121
2022-04-08,Alameda,001,1643700,257996,256649,13981,270630,1826
2022-04-08,Alpine,003,1148,124,124,1,125,0
2022-04-08,Amador,005,37829,8531,8489,644,9133,86
2022-04-08,Butte,007,227075,33303,33031,6958,39989,399
2022-04-08,Calaveras,009,45235,7270,7260,348,7608,119
2022-04-08,Colusa,011,21464,3452,3449,1047,4496,21
2022-04-08,Contra Costa,013,1133247,191908,189154,13322,202476,1296
2022-04-08,Del Norte,015,27424,5812,5811,184,5995,50
2022-04-08,El Dorado,017,186661,26817,26757,3205,29962,207
2022-04-08,Fresno,019,978130,231801,231090,24112,255202,2731
2022-04-08,Glenn,021,27897,4999,4988,1603,6591,47
2022-04-08,Humboldt,023,135768,16918,16913,2955,19868,141
2022-04-08,Imperial,025,180216,55375,55267,10537,65804,910
2022-04-08,Inyo,027,18085,4078,4071,483,4554,56
2022-04-08,Kern,029,883053,191955,191542,45749,237291,2244
2022-04-08,Kings,031,150075,51509,51519,3508,55027,443
2022-04-08,Lake,033,64148,10721,10690,884,11574,134
2022-04-08,Lassen,035,31185,8959,8948,874,9822,65
2022-04-08,Los Angeles,037,10098052,2719027,2709735,123579,2833314,31509
2022-04-08,Madera,039,155013,37261,37356,6028,43384,354
2022-04-08,Marin,041,260295,33786,33648,2337,35985,288
2022-04-08,Mariposa,043,17540,2407,2394,201,2595,29
2022-04-08,Mendocino,045,87422,13097,13087,3024,16111,120
2022-04-08,Merced,047,269075,62399,62231,8681,70912,811
2022-04-08,Modoc,049,8938,739,743,251,994,8
2022-04-08,Mono,051,14174,2972,2967,122,3089,6
2022-04-08,Monterey,053,433212,79507,79103,13712,92815,727
2022-04-08,Napa,055,140530,25894,25824,962,26786,144
2022-04-08,Nevada,057,99092,15988,15976,1200,17176,123
2022-04-08,Orange,059,3164182,547789,546983,41450,588433,6912
2022-04-08,Placer,061,380077,62885,62831,7343,70174,616
2022-04-08,Plumas,063,18699,2972,2887,365,3252,13
2022-04-08,Riverside,065,2383286,591971,591268,27802,619070,6429
2022-04-08,Sacramento,067,1510023,281261,277125,26501,303626,2972
2022-04-08,San Benito,069,59416,12903,12917,511,13428,98
2022-04-08,San Bernardino,071,2135413,575034,562571,24971,587542,6892
2022-04-08,San Diego,073,3302833,753224,754281,52946,807227,5210
2022-04-08,San Francisco,075,870044,126376,125963,8312,134275,844
2022-04-08,San Joaquin,077,732212,166643,166547,9926,176473,2212
2022-04-08,San Luis Obispo,079,281455,52585,52609,3764,56373,476
2022-04-08,San Mateo,081,765935,122831,121514,7015,128529,698
2022-04-08,Santa Barbara,083,443738,86033,85754,4705,90459,680
2022-04-08,Santa Clara,085,1922200,313301,313965,12437,326402,2266
2022-04-08,Santa Cruz,087,273765,48126,47624,2103,49727,259
2022-04-08,Shasta,089,179085,30560,30586,6092,36678,549
2022-04-08,Sierra,091,2930,274,272,48,320,4
2022-04-08,Siskiyou,093,43540,4451,4444,2722,7166,80
2022-04-08,Solano,095,438530,81751,81886,5593,87479,448
2022-04-08,Sonoma,097,501317,83982,83600,2665,86265,485
2022-04-08,Stanislaus,099,539301,117658,117528,17855,135383,1578
2022-04-08,Sutter,101,95872,20502,20591,2075,22666,223
2022-04-08,Tehama,103,63373,12047,12059,2573,14632,201
2022-04-08,Trinity,105,12862,1183,1177,287,1464,20
2022-04-08,Tulare,107,460477,106392,105278,27573,132851,1415
2022-04-08,Tuolumne,109,53932,12684,12632,559,13191,180
2022-04-08,Ventura,111,848112,173536,173343,9411,182754,1467
2022-04-08,Yolo,113,214977,37193,36587,3049,39636,312
2022-04-08,Yuba,115,75493,15847,15848,1199,17047,121
2022-04-07,Alameda,001,1643700,257802,256649,13974,270623,1826
2022-04-07,Alpine,003,1148,124,124,1,125,0
2022-04-07,Amador,005,37829,8530,8489,641,9130,86
2022-04-07,Butte,007,227075,33299,33031,6956,39987,399
2022-04-07,Calaveras,009,45235,7268,7260,348,7608,119
2022-04-07,Colusa,011,21464,3451,3449,1047,4496,21
2022-04-07,Contra Costa,013,1133247,191789,189154,13310,202464,1296
2022-04-07,Del Norte,015,27424,5811,5811,184,5995,50
2022-04-07,El Dorado,017,186661,26805,26757,3203,29960,207
2022-04-07,Fresno,019,978130,231775,231090,24111,255201,2731
2022-04-07,Glenn,021,27897,4998,4988,1602,6590,47
2022-04-07,Humboldt,023,135768,16911,16913,2953,19866,141
2022-04-07,Imperial,025,180216,55373,55267,10535,65802,910
2022-04-07,Inyo,027,18085,4078,4071,483,4554,56
2022-04-07,Kern,029,883053,191931,191542,45746,237288,2244
2022-04-07,Kings,031,150075,51501,51519,3508,55027,443
2022-04-07,Lake,033,64148,10717,10690,884,11574,134
2022-04-07,Lassen,035,31185,8959,8948,874,9822,65
2022-04-07,Los Angeles,037,10098052,2718116,2709735,123505,2833240,31509
2022-04-07,Madera,039,155013,37257,37356,6028,43384,354
2022-04-07,Marin,041,260295,33767,33648,2318,35966,288
2022-04-07,Mariposa,043,17540,2404,2394,200,2594,29
2022-04-07,Mendocino,045,87422,13093,13087,3023,16110,120
2022-04-07,Merced,047,269075,62389,62231,8676,70907,811
2022-04-07,Modoc,049,8938,739,743,251,994,8
2022-04-07,Mono,051,14174,2971,2967,122,3089,6
2022-04-07,Monterey,053,433212,79485,79103,13708,92811,727
2022-04-07,Napa,055,140530,25878,25824,958,26782,144
2022-04-07,Nevada,057,99092,15980,15976,1199,17175,123
2022-04-07,Orange,059,3164182,547633,546983,41422,588405,6912
2022-04-07,Placer,061,380077,62868,62831,7340,70171,616
2022-04-07,Plumas,063,18699,2972,2887,365,3252,13
2022-04-07,Riverside,065,2383286,591869,591268,27788,619056,6429
2022-04-07,Sacramento,067,1510023,281195,277125,26494,303619,2972
2022-04-07,San Benito,069,59416,12902,12917,511,13428,98
2022-04-07,San Bernardino,071,2135413,574874,562571,24958,587529,6892
2022-04-07,San Diego,073,3302833,752956,754281,52914,807195,5210
2022-04-07,San Francisco,075,870044,126219,125963,8297,134260,844
2022-04-07,San Joaquin,077,732212,166603,166547,9923,176470,2212
2022-04-07,San Luis Obispo,079,281455,52567,52609,3762,56371,476
2022-04-07,San Mateo,081,765935,122709,121514,6998,128512,698
2022-04-07,Santa Barbara,083,443738,85989,85754,4703,90457,680
2022-04-07,Santa Clara,085,1922200,313078,313965,12425,326390,2266
2022-04-07,Santa Cruz,087,273765,48107,47624,2099,49723,259
2022-04-07,Shasta,089,179085,30558,30586,6092,36678,549
2022-04-07,Sierra,091,2930,274,272,48,320,4
2022-04-07,Siskiyou,093,43540,4451,4444,2721,7165,80
2022-04-07,Solano,095,438530,81721,81886,5593,87479,448
2022-04-07,Sonoma,097,501317,83939,83600,2659,86259,485
2022-04-07,Stanislaus,099,539301,117636,117528,17852,135380,1578
2022-04-07,Sutter,101,95872,20498,20591,2074,22665,223
2022-04-07,Tehama,103,63373,12046,12059,2573,14632,201
2022-04-07,Trinity,105,12862,1183,1177,287,1464,20
2022-04-07,Tulare,107,460477,106386,105278,27572,132850,1415
2022-04-07,Tuolumne,109,53932,12682,12632,558,13190,180
2022-04-07,Ventura,111,848112,173507,173343,9409,182752,1467
2022-04-07,Yolo,113,214977,37175,36587,3049,39636,312
2022-04-07,Yuba,115,75493,15845,15848,1199,17047,121
2022-04-06,Alameda,001,1643700,257617,256143,13967,270110,1814
2022-04-06,Alpine,003,1148,124,124,1,125,0
2022-04-06,Amador,005,37829,8529,8488,641,9129,86
2022-04-06,Butte,007,227075,33294,32997,6954,39951,396
2022-04-06,Calaveras,009,45235,7266,7258,348,7606,120
2022-04-06,Colusa,011,21464,3451,3447,1047,4494,21
2022-04-06,Contra Costa,013,1133247,191723,188850,13295,202145,1296
2022-04-06,Del Norte,015,27424,5811,5809,184,5993,50
2022-04-06,El Dorado,017,186661,26802,26744,3203,29947,205
2022-04-06,Fresno,019,978130,231740,230942,24107,255049,2725
2022-04-06,Glenn,021,27897,4998,4986,1601,6587,47
2022-04-06,Humboldt,023,135768,16907,16904,2952,19856,140
2022-04-06,Imperial,025,180216,55367,55294,10535,65829,908
2022-04-06,Inyo,027,18085,4077,4068,481,4549,56
2022-04-06,Kern,029,883053,191909,191449,45744,237193,2234
2022-04-06,Kings,031,150075,51500,51491,3507,54998,443
2022-04-06,Lake,033,64148,10713,10679,884,11563,136
2022-04-06,Lassen,035,31185,8959,8945,874,9819,65
2022-04-06,Los Angeles,037,10098052,2717067,2707306,123438,2830744,31465
2022-04-06,Madera,039,155013,37253,37349,6028,43377,354
2022-04-06,Marin,041,260295,33747,33566,2310,35876,288
2022-04-06,Mariposa,043,17540,2403,2392,200,2592,29
2022-04-06,Mendocino,045,87422,13089,13074,3022,16096,119
2022-04-06,Merced,047,269075,62381,62195,8672,70867,810
2022-04-06,Modoc,049,8938,739,741,251,992,8
2022-04-06,Mono,051,14174,2970,2967,122,3089,6
2022-04-06,Monterey,053,433212,79472,79019,13700,92719,727
2022-04-06,Napa,055,140530,25859,25790,954,26744,143
2022-04-06,Nevada,057,99092,15978,15974,1199,17173,123
2022-04-06,Orange,059,3164182,547465,546491,41399,587890,6887
2022-04-06,Placer,061,380077,62862,62787,7339,70126,615
2022-04-06,Plumas,063,18699,2972,2850,365,3215,13
2022-04-06,Riverside,065,2383286,591773,590826,27783,618609,6424
2022-04-06,Sacramento,067,1510023,281117,276567,26490,303057,2953
2022-04-06,San Benito,069,59416,12901,12908,511,13419,98
2022-04-06,San Bernardino,071,2135413,574742,561648,24956,586604,6883
2022-04-06,San Diego,073,3302833,752660,753402,52875,806277,5192
2022-04-06,San Francisco,075,870044,126060,125536,8291,133827,843
2022-04-06,San Joaquin,077,732212,166571,166415,9920,176335,2207
2022-04-06,San Luis Obispo,079,281455,52545,52557,3760,56317,475
2022-04-06,San Mateo,081,765935,122601,121041,6986,128027,693
2022-04-06,Santa Barbara,083,443738,85949,85630,4699,90329,679
2022-04-06,Santa Clara,085,1922200,312881,313278,12405,325683,2265
2022-04-06,Santa Cruz,087,273765,48053,47446,2094,49540,259
2022-04-06,Shasta,089,179085,30557,30565,6092,36657,529
2022-04-06,Sierra,091,2930,274,272,48,320,4
2022-04-06,Siskiyou,093,43540,4451,4442,2721,7163,80
2022-04-06,Solano,095,438530,81686,81789,5588,87377,447
2022-04-06,Sonoma,097,501317,83875,83361,2654,86015,485
2022-04-06,Stanislaus,099,539301,117620,117534,17846,135380,1578
2022-04-06,Sutter,101,95872,20493,20581,2074,22655,222
2022-04-06,Tehama,103,63373,12044,12049,2573,14622,198
2022-04-06,Trinity,105,12862,1183,1173,287,1460,20
2022-04-06,Tulare,107,460477,106379,104826,27567,132393,1414
2022-04-06,Tuolumne,109,53932,12680,12621,558,13179,180
2022-04-06,Ventura,111,848112,173454,173179,9403,182582,1460
2022-04-06,Yolo,113,214977,37150,36393,3048,39441,314
2022-04-06,Yuba,115,75493,15840,15839,1199,17038,121
2022-04-05,Alameda,001,1643700,257405,256143,13958,270101,1814
2022-04-05,Alpine,003,1148,124,124,1,125,0
2022-04-05,Amador,005,37829,8527,8488,641,9129,86
2022-04-05,Butte,007,227075,33289,32997,6951,39948,396
2022-04-05,Calaveras,009,45235,7262,7258,348,7606,120
2022-04-05,Colusa,011,21464,3449,3447,1046,4493,21
2022-04-05,Contra Costa,013,1133247,191630,188850,13288,202138,1296
2022-04-05,Del Norte,015,27424,5809,5809,184,5993,50
2022-04-05,El Dorado,017,186661,26790,26744,3203,29947,205
2022-04-05,Fresno,019,978130,231704,230942,24099,255041,2725
2022-04-05,Glenn,021,27897,4998,4986,1600,6586,47
2022-04-05,Humboldt,023,135768,16901,16904,2952,19856,140
2022-04-05,Imperial,025,180216,55365,55294,10535,65829,908
2022-04-05,Inyo,027,18085,4076,4068,480,4548,56
2022-04-05,Kern,029,883053,191889,191449,45741,237190,2234
2022-04-05,Kings,031,150075,51497,51491,3507,54998,443
2022-04-05,Lake,033,64148,10710,10679,884,11563,136
2022-04-05,Lassen,035,31185,8959,8945,874,9819,65
2022-04-05,Los Angeles,037,10098052,2716012,2707306,123364,2830670,31465
2022-04-05,Madera,039,155013,37246,37349,6026,43375,354
2022-04-05,Marin,041,260295,33692,33566,2295,35861,288
2022-04-05,Mariposa,043,17540,2403,2392,200,2592,29
2022-04-05,Mendocino,045,87422,13083,13074,3021,16095,119
2022-04-05,Merced,047,269075,62370,62195,8667,70862,810
2022-04-05,Modoc,049,8938,739,741,251,992,8
2022-04-05,Mono,051,14174,2969,2967,122,3089,6
2022-04-05,Monterey,053,433212,79449,79019,13689,92708,727
2022-04-05,Napa,055,140530,25850,25790,949,26739,143
2022-04-05,Nevada,057,99092,15970,15974,1199,17173,123
2022-04-05,Orange,059,3164182,547284,546491,41370,587861,6887
2022-04-05,Placer,061,380077,62836,62787,7339,70126,615
2022-04-05,Plumas,063,18699,2972,2850,365,3215,13
2022-04-05,Riverside,065,2383286,591652,590826,27771,618597,6424
2022-04-05,Sacramento,067,1510023,281037,276567,26485,303052,2953
2022-04-05,San Benito,069,59416,12894,12908,511,13419,98
2022-04-05,San Bernardino,071,2135413,574611,561648,24946,586594,6883
2022-04-05,San Diego,073,3302833,752352,753402,52831,806233,5192
2022-04-05,San Francisco,075,870044,125857,125536,8283,133819,843
2022-04-05,San Joaquin,077,732212,166529,166415,9917,176332,2207
2022-04-05,San Luis Obispo,079,281455,52528,52557,3755,56312,475
2022-04-05,San Mateo,081,765935,122485,121041,6975,128016,693
2022-04-05,Santa Barbara,083,443738,85913,85630,4698,90328,679
2022-04-05,Santa Clara,085,1922200,312621,313278,12392,325670,2265
2022-04-05,Santa Cruz,087,273765,47986,47446,2091,49537,259
2022-04-05,Shasta,089,179085,30557,30565,6090,36655,529
2022-04-05,Sierra,091,2930,274,272,48,320,4
2022-04-05,Siskiyou,093,43540,4451,4442,2721,7163,80
2022-04-05,Solano,095,438530,81633,81789,5585,87374,447
2022-04-05,Sonoma,097,501317,83811,83361,2645,86006,485
2022-04-05,Stanislaus,099,539301,117606,117534,17837,135371,1578
2022-04-05,Sutter,101,95872,20489,20581,2073,22654,222
2022-04-05,Tehama,103,63373,12042,12049,2572,14621,198
2022-04-05,Trinity,105,12862,1183,1173,287,1460,20
2022-04-05,Tulare,107,460477,106369,104826,27564,132390,1414
2022-04-05,Tuolumne,109,53932,12679,12621,558,13179,180
2022-04-05,Ventura,111,848112,173398,173179,9396,182575,1460
2022-04-05,Yolo,113,214977,37135,36393,3045,39438,314
2022-04-05,Yuba,115,75493,15838,15839,1199,17038,121
2022-04-04,Alameda,001,1643700,257175,256143,13944,270087,1814
2022-04-04,Alpine,003,1148,124,124,1,125,0
2022-04-04,Amador,005,37829,8526,8488,640,9128,86
2022-04-04,Butte,007,227075,33283,32997,6948,39945,396
2022-04-04,Calaveras,009,45235,7262,7258,348,7606,120
2022-04-04,Colusa,011,21464,3448,3447,1046,4493,21
2022-04-04,Contra Costa,013,1133247,191530,188850,13280,202130,1296
2022-04-04,Del Norte,015,27424,5809,5809,184,5993,50
2022-04-04,El Dorado,017,186661,26785,26744,3203,29947,205
2022-04-04,Fresno,019,978130,231686,230942,24094,255036,2725
2022-04-04,Glenn,021,27897,4997,4986,1600,6586,47
2022-04-04,Humboldt,023,135768,16893,16904,2947,19851,140
2022-04-04,Imperial,025,180216,55360,55294,10535,65829,908
2022-04-04,Inyo,027,18085,4076,4068,478,4546,56
2022-04-04,Kern,029,883053,191867,191449,45736,237185,2234
2022-04-04,Kings,031,150075,51491,51491,3507,54998,443
2022-04-04,Lake,033,64148,10705,10679,884,11563,136
2022-04-04,Lassen,035,31185,8959,8945,874,9819,65
2022-04-04,Los Angeles,037,10098052,2714912,2707306,123317,2830623,31465
2022-04-04,Madera,039,155013,37242,37349,6026,43375,354
2022-04-04,Marin,041,260295,33675,33566,2286,35852,288
2022-04-04,Mariposa,043,17540,2402,2392,200,2592,29
2022-04-04,Mendocino,045,87422,13077,13074,3019,16093,119
2022-04-04,Merced,047,269075,62359,62195,8662,70857,810
2022-04-04,Modoc,049,8938,739,741,251,992,8
2022-04-04,Mono,051,14174,2969,2967,122,3089,6
2022-04-04,Monterey,053,433212,79433,79019,13683,92702,727
2022-04-04,Napa,055,140530,25833,25790,948,26738,143
2022-04-04,Nevada,057,99092,15966,15974,1198,17172,123
2022-04-04,Orange,059,3164182,547118,546491,41344,587835,6887
2022-04-04,Placer,061,380077,62826,62787,7338,70125,615
2022-04-04,Plumas,063,18699,2971,2850,365,3215,13
2022-04-04,Riverside,065,2383286,591561,590826,27759,618585,6424
2022-04-04,Sacramento,067,1510023,280946,276567,26477,303044,2953
2022-04-04,San Benito,069,59416,12891,12908,511,13419,98
2022-04-04,San Bernardino,071,2135413,574473,561648,24939,586587,6883
2022-04-04,San Diego,073,3302833,752032,753402,52794,806196,5192
2022-04-04,San Francisco,075,870044,125658,125536,8274,133810,843
2022-04-04,San Joaquin,077,732212,166502,166415,9914,176329,2207
2022-04-04,San Luis Obispo,079,281455,52505,52557,3753,56310,475
2022-04-04,San Mateo,081,765935,122349,121041,6961,128002,693
2022-04-04,Santa Barbara,083,443738,85868,85630,4697,90327,679
2022-04-04,Santa Clara,085,1922200,312352,313278,12380,325658,2265
2022-04-04,Santa Cruz,087,273765,47939,47446,2091,49537,259
2022-04-04,Shasta,089,179085,30554,30565,6089,36654,529
2022-04-04,Sierra,091,2930,274,272,48,320,4
2022-04-04,Siskiyou,093,43540,4451,4442,2721,7163,80
2022-04-04,Solano,095,438530,81587,81789,5582,87371,447
2022-04-04,Sonoma,097,501317,83757,83361,2638,85999,485
2022-04-04,Stanislaus,099,539301,117585,117534,17830,135364,1578
2022-04-04,Sutter,101,95872,20486,20581,2073,22654,222
2022-04-04,Tehama,103,63373,12040,12049,2572,14621,198
2022-04-04,Trinity,105,12862,1183,1173,287,1460,20
2022-04-04,Tulare,107,460477,106360,104826,27561,132387,1414
2022-04-04,Tuolumne,109,53932,12672,12621,558,13179,180
2022-04-04,Ventura,111,848112,173358,173179,9393,182572,1460
2022-04-04,Yolo,113,214977,37121,36393,3043,39436,314
2022-04-04,Yuba,115,75493,15835,15839,1199,17038,121
2022-04-03,Alameda,001,1643700,256921,255650,13942,269592,1813
2022-04-03,Alpine,003,1148,124,124,1,125,0
2022-04-03,Amador,005,37829,8525,8485,640,9125,86
2022-04-03,Butte,007,227075,33276,32981,6946,39927,396
2022-04-03,Calaveras,009,45235,7262,7254,348,7602,119
2022-04-03,Colusa,011,21464,3448,3445,1046,4491,21
2022-04-03,Contra Costa,013,1133247,191424,188658,13270,201928,1291
2022-04-03,Del Norte,015,27424,5809,5812,184,5996,50
2022-04-03,El Dorado,017,186661,26771,26732,3201,29933,200
2022-04-03,Fresno,019,978130,231654,230559,24091,254650,2722
2022-04-03,Glenn,021,27897,4997,4982,1600,6582,47
2022-04-03,Humboldt,023,135768,16888,16898,2947,19845,140
2022-04-03,Imperial,025,180216,55358,55266,10532,65798,908
2022-04-03,Inyo,027,18085,4074,4063,478,4541,56
2022-04-03,Kern,029,883053,191841,191384,45731,237115,2224
2022-04-03,Kings,031,150075,51485,51470,3505,54975,443
2022-04-03,Lake,033,64148,10703,10674,884,11558,136
2022-04-03,Lassen,035,31185,8958,8943,874,9817,65
2022-04-03,Los Angeles,037,10098052,2713714,2703576,123232,2826808,31410
2022-04-03,Madera,039,155013,37240,37333,6025,43358,354
2022-04-03,Marin,041,260295,33640,33493,2278,35771,287
2022-04-03,Mariposa,043,17540,2401,2391,200,2591,29
2022-04-03,Mendocino,045,87422,13071,13058,3018,16076,119
2022-04-03,Merced,047,269075,62344,62149,8656,70805,808
2022-04-03,Modoc,049,8938,738,741,251,992,8
2022-04-03,Mono,051,14174,2969,2967,122,3089,6
2022-04-03,Monterey,053,433212,79416,78964,13658,92622,726
2022-04-03,Napa,055,140530,25814,25757,947,26704,143
2022-04-03,Nevada,057,99092,15960,15962,1197,17159,123
2022-04-03,Orange,059,3164182,546919,546047,41319,587366,6880
2022-04-03,Placer,061,380077,62800,62740,7333,70073,614
2022-04-03,Plumas,063,18699,2970,2803,365,3168,14
2022-04-03,Riverside,065,2383286,591405,590563,27744,618307,6418
2022-04-03,Sacramento,067,1510023,280870,276218,26464,302682,2950
2022-04-03,San Benito,069,59416,12887,12901,511,13412,98
2022-04-03,San Bernardino,071,2135413,574327,561362,24936,586298,6865
2022-04-03,San Diego,073,3302833,751702,752281,52757,805038,5178
2022-04-03,San Francisco,075,870044,125427,125075,8268,133343,843
2022-04-03,San Joaquin,077,732212,166445,166336,9909,176245,2202
2022-04-03,San Luis Obispo,079,281455,52486,52512,3753,56265,475
2022-04-03,San Mateo,081,765935,122209,120717,6954,127671,693
2022-04-03,Santa Barbara,083,443738,85823,85611,4695,90306,678
2022-04-03,Santa Clara,085,1922200,312052,312517,12371,324888,2258
2022-04-03,Santa Cruz,087,273765,47884,47371,2089,49460,259
2022-04-03,Shasta,089,179085,30544,30556,6088,36644,530
2022-04-03,Sierra,091,2930,274,273,48,321,4
2022-04-03,Siskiyou,093,43540,4451,4439,2721,7160,80
2022-04-03,Solano,095,438530,81546,81848,5576,87424,446
2022-04-03,Sonoma,097,501317,83679,83235,2630,85865,485
2022-04-03,Stanislaus,099,539301,117554,117536,17824,135360,1581
2022-04-03,Sutter,101,95872,20483,20570,2073,22643,222
2022-04-03,Tehama,103,63373,12038,12046,2572,14618,198
2022-04-03,Trinity,105,12862,1183,1173,287,1460,20
2022-04-03,Tulare,107,460477,106353,104736,27553,132289,1410
2022-04-03,Tuolumne,109,53932,12671,12618,558,13176,180
2022-04-03,Ventura,111,848112,173305,173044,9389,182433,1460
2022-04-03,Yolo,113,214977,37100,36347,3041,39388,313
2022-04-03,Yuba,115,75493,15833,15835,1199,17034,120
2022-04-02,Alameda,001,1643700,256819,255650,13942,269592,1813
2022-04-02,Alpine,003,1148,124,124,1,125,0
2022-04-02,Amador,005,37829,8525,8485,640,9125,86
2022-04-02,Butte,007,227075,33272,32981,6945,39926,396
2022-04-02,Calaveras,009,45235,7262,7254,348,7602,119
2022-04-02,Colusa,011,21464,3448,3445,1046,4491,21
2022-04-02,Contra Costa,013,1133247,191365,188658,13267,201925,1291
2022-04-02,Del Norte,015,27424,5808,5812,184,5996,50
2022-04-02,El Dorado,017,186661,26768,26732,3201,29933,200
2022-04-02,Fresno,019,978130,231625,230559,24091,254650,2722
2022-04-02,Glenn,021,27897,4997,4982,1600,6582,47
2022-04-02,Humboldt,023,135768,16884,16898,2947,19845,140
2022-04-02,Imperial,025,180216,55355,55266,10532,65798,908
2022-04-02,Inyo,027,18085,4074,4063,478,4541,56
2022-04-02,Kern,029,883053,191826,191384,45727,237111,2224
2022-04-02,Kings,031,150075,51482,51470,3505,54975,443
2022-04-02,Lake,033,64148,10702,10674,884,11558,136
2022-04-02,Lassen,035,31185,8958,8943,874,9817,65
2022-04-02,Los Angeles,037,10098052,2713194,2703576,123191,2826767,31410
2022-04-02,Madera,039,155013,37237,37333,6025,43358,354
2022-04-02,Marin,041,260295,33617,33493,2270,35763,287
2022-04-02,Mariposa,043,17540,2400,2391,200,2591,29
2022-04-02,Mendocino,045,87422,13069,13058,3018,16076,119
2022-04-02,Merced,047,269075,62341,62149,8656,70805,808
2022-04-02,Modoc,049,8938,738,741,251,992,8
2022-04-02,Mono,051,14174,2969,2967,121,3088,6
2022-04-02,Monterey,053,433212,79403,78964,13652,92616,726
2022-04-02,Napa,055,140530,25800,25757,946,26703,143
2022-04-02,Nevada,057,99092,15956,15962,1196,17158,123
2022-04-02,Orange,059,3164182,546813,546047,41307,587354,6880
2022-04-02,Placer,061,380077,62789,62740,7331,70071,614
2022-04-02,Plumas,063,18699,2970,2803,365,3168,14
2022-04-02,Riverside,065,2383286,591331,590563,27739,618302,6418
2022-04-02,Sacramento,067,1510023,280831,276218,26463,302681,2950
2022-04-02,San Benito,069,59416,12886,12901,511,13412,98
2022-04-02,San Bernardino,071,2135413,574276,561362,24933,586295,6865
2022-04-02,San Diego,073,3302833,751578,752281,52747,805028,5178
2022-04-02,San Francisco,075,870044,125323,125075,8260,133335,843
2022-04-02,San Joaquin,077,732212,166424,166336,9907,176243,2202
2022-04-02,San Luis Obispo,079,281455,52481,52512,3753,56265,475
2022-04-02,San Mateo,081,765935,122114,120717,6945,127662,693
2022-04-02,Santa Barbara,083,443738,85804,85611,4694,90305,678
2022-04-02,Santa Clara,085,1922200,311886,312517,12367,324884,2258
2022-04-02,Santa Cruz,087,273765,47872,47371,2088,49459,259
2022-04-02,Shasta,089,179085,30543,30556,6088,36644,530
2022-04-02,Sierra,091,2930,274,273,48,321,4
2022-04-02,Siskiyou,093,43540,4450,4439,2720,7159,80
2022-04-02,Solano,095,438530,81531,81848,5575,87423,446
2022-04-02,Sonoma,097,501317,83631,83235,2624,85859,485
2022-04-02,Stanislaus,099,539301,117545,117536,17822,135358,1581
2022-04-02,Sutter,101,95872,20478,20570,2073,22643,222
2022-04-02,Tehama,103,63373,12038,12046,2572,14618,198
2022-04-02,Trinity,105,12862,1183,1173,287,1460,20
2022-04-02,Tulare,107,460477,106349,104736,27553,132289,1410
2022-04-02,Tuolumne,109,53932,12669,12618,558,13176,180
2022-04-02,Ventura,111,848112,173264,173044,9389,182433,1460
2022-04-02,Yolo,113,214977,37088,36347,3038,39385,313
2022-04-02,Yuba,115,75493,15832,15835,1199,17034,120
2022-04-01,Alameda,001,1643700,256703,255650,13937,269587,1813
2022-04-01,Alpine,003,1148,124,124,1,125,0
2022-04-01,Amador,005,37829,8525,8485,640,9125,86
2022-04-01,Butte,007,227075,33268,32981,6942,39923,396
2022-04-01,Calaveras,009,45235,7260,7254,348,7602,119
2022-04-01,Colusa,011,21464,3447,3445,1046,4491,21
2022-04-01,Contra Costa,013,1133247,191313,188658,13266,201924,1291
2022-04-01,Del Norte,015,27424,5806,5812,184,5996,50
2022-04-01,El Dorado,017,186661,26765,26732,3200,29932,200
2022-04-01,Fresno,019,978130,231600,230559,24089,254648,2722
2022-04-01,Glenn,021,27897,4997,4982,1600,6582,47
2022-04-01,Humboldt,023,135768,16882,16898,2947,19845,140
2022-04-01,Imperial,025,180216,55353,55266,10532,65798,908
2022-04-01,Inyo,027,18085,4072,4063,477,4540,56
2022-04-01,Kern,029,883053,191815,191384,45724,237108,2224
2022-04-01,Kings,031,150075,51479,51470,3505,54975,443
2022-04-01,Lake,033,64148,10699,10674,884,11558,136
2022-04-01,Lassen,035,31185,8957,8943,874,9817,65
2022-04-01,Los Angeles,037,10098052,2712697,2703576,123148,2826724,31410
2022-04-01,Madera,039,155013,37236,37333,6025,43358,354
2022-04-01,Marin,041,260295,33599,33493,2263,35756,287
2022-04-01,Mariposa,043,17540,2397,2391,200,2591,29
2022-04-01,Mendocino,045,87422,13066,13058,3017,16075,119
2022-04-01,Merced,047,269075,62334,62149,8655,70804,808
2022-04-01,Modoc,049,8938,738,741,251,992,8
2022-04-01,Mono,051,14174,2969,2967,121,3088,6
2022-04-01,Monterey,053,433212,79385,78964,13649,92613,726
2022-04-01,Napa,055,140530,25790,25757,946,26703,143
2022-04-01,Nevada,057,99092,15956,15962,1195,17157,123
2022-04-01,Orange,059,3164182,546705,546047,41299,587346,6880
2022-04-01,Placer,061,380077,62775,62740,7331,70071,614
2022-04-01,Plumas,063,18699,2970,2803,364,3167,14
2022-04-01,Riverside,065,2383286,591265,590563,27726,618289,6418
2022-04-01,Sacramento,067,1510023,280792,276218,26456,302674,2950
2022-04-01,San Benito,069,59416,12885,12901,511,13412,98
2022-04-01,San Bernardino,071,2135413,574220,561362,24929,586291,6865
2022-04-01,San Diego,073,3302833,751431,752281,52731,805012,5178
2022-04-01,San Francisco,075,870044,125212,125075,8254,133329,843
2022-04-01,San Joaquin,077,732212,166404,166336,9905,176241,2202
2022-04-01,San Luis Obispo,079,281455,52475,52512,3752,56264,475
2022-04-01,San Mateo,081,765935,122052,120717,6939,127656,693
2022-04-01,Santa Barbara,083,443738,85784,85611,4694,90305,678
2022-04-01,Santa Clara,085,1922200,311736,312517,12366,324883,2258
2022-04-01,Santa Cruz,087,273765,47857,47371,2086,49457,259
2022-04-01,Shasta,089,179085,30542,30556,6088,36644,530
2022-04-01,Sierra,091,2930,274,273,48,321,4
2022-04-01,Siskiyou,093,43540,4450,4439,2719,7158,80
2022-04-01,Solano,095,438530,81516,81848,5575,87423,446
2022-04-01,Sonoma,097,501317,83587,83235,2623,85858,485
2022-04-01,Stanislaus,099,539301,117533,117536,17819,135355,1581
2022-04-01,Sutter,101,95872,20478,20570,2073,22643,222
2022-04-01,Tehama,103,63373,12038,12046,2572,14618,198
2022-04-01,Trinity,105,12862,1183,1173,287,1460,20
2022-04-01,Tulare,107,460477,106344,104736,27549,132285,1410
2022-04-01,Tuolumne,109,53932,12668,12618,558,13176,180
2022-04-01,Ventura,111,848112,173233,173044,9385,182429,1460
2022-04-01,Yolo,113,214977,37074,36347,3037,39384,313
2022-04-01,Yuba,115,75493,15831,15835,1199,17034,120
2022-03-31,Alameda,001,1643700,256526,255650,13924,269574,1813
2022-03-31,Alpine,003,1148,124,124,1,125,0
2022-03-31,Amador,005,37829,8525,8485,640,9125,86
2022-03-31,Butte,007,227075,33264,32981,6939,39920,396
2022-03-31,Calaveras,009,45235,7257,7254,348,7602,119
2022-03-31,Colusa,011,21464,3446,3445,1046,4491,21
2022-03-31,Contra Costa,013,1133247,191217,188658,13260,201918,1291
2022-03-31,Del Norte,015,27424,5805,5812,184,5996,50
2022-03-31,El Dorado,017,186661,26757,26732,3200,29932,200
2022-03-31,Fresno,019,978130,231565,230559,24068,254627,2722
2022-03-31,Glenn,021,27897,4996,4982,1600,6582,47
2022-03-31,Humboldt,023,135768,16878,16898,2947,19845,140
2022-03-31,Imperial,025,180216,55350,55266,10531,65797,908
2022-03-31,Inyo,027,18085,4071,4063,474,4537,56
2022-03-31,Kern,029,883053,191800,191384,45715,237099,2224
2022-03-31,Kings,031,150075,51470,51470,3505,54975,443
2022-03-31,Lake,033,64148,10698,10674,883,11557,136
2022-03-31,Lassen,035,31185,8955,8943,874,9817,65
2022-03-31,Los Angeles,037,10098052,2711951,2703576,123095,2826671,31410
2022-03-31,Madera,039,155013,37233,37333,6025,43358,354
2022-03-31,Marin,041,260295,33573,33493,2251,35744,287
2022-03-31,Mariposa,043,17540,2396,2391,199,2590,29
2022-03-31,Mendocino,045,87422,13062,13058,3017,16075,119
2022-03-31,Merced,047,269075,62329,62149,8652,70801,808
2022-03-31,Modoc,049,8938,738,741,251,992,8
2022-03-31,Mono,051,14174,2969,2967,121,3088,6
2022-03-31,Monterey,053,433212,79368,78964,13638,92602,726
2022-03-31,Napa,055,140530,25783,25757,944,26701,143
2022-03-31,Nevada,057,99092,15949,15962,1194,17156,123
2022-03-31,Orange,059,3164182,546557,546047,41285,587332,6880
2022-03-31,Placer,061,380077,62750,62740,7328,70068,614
2022-03-31,Plumas,063,18699,2970,2803,363,3166,14
2022-03-31,Riverside,065,2383286,591155,590563,27723,618286,6418
2022-03-31,Sacramento,067,1510023,280719,276218,26448,302666,2950
2022-03-31,San Benito,069,59416,12884,12901,511,13412,98
2022-03-31,San Bernardino,071,2135413,574123,561362,24918,586280,6865
2022-03-31,San Diego,073,3302833,751195,752281,52703,804984,5178
2022-03-31,San Francisco,075,870044,125055,125075,8242,133317,843
2022-03-31,San Joaquin,077,732212,166370,166336,9890,176226,2202
2022-03-31,San Luis Obispo,079,281455,52461,52512,3751,56263,475
2022-03-31,San Mateo,081,765935,121942,120717,6937,127654,693
2022-03-31,Santa Barbara,083,443738,85754,85611,4694,90305,678
2022-03-31,Santa Clara,085,1922200,311509,312517,12354,324871,2258
2022-03-31,Santa Cruz,087,273765,47838,47371,2084,49455,259
2022-03-31,Shasta,089,179085,30536,30556,6088,36644,530
2022-03-31,Sierra,091,2930,271,273,48,321,4
2022-03-31,Siskiyou,093,43540,4448,4439,2719,7158,80
2022-03-31,Solano,095,438530,81487,81848,5572,87420,446
2022-03-31,Sonoma,097,501317,83544,83235,2617,85852,485
2022-03-31,Stanislaus,099,539301,117516,117536,17814,135350,1581
2022-03-31,Sutter,101,95872,20475,20570,2072,22642,222
2022-03-31,Tehama,103,63373,12037,12046,2571,14617,198
2022-03-31,Trinity,105,12862,1183,1173,287,1460,20
2022-03-31,Tulare,107,460477,106334,104736,27541,132277,1410
2022-03-31,Tuolumne,109,53932,12667,12618,558,13176,180
2022-03-31,Ventura,111,848112,173193,173044,9382,182426,1460
2022-03-31,Yolo,113,214977,37058,36347,3037,39384,313
2022-03-31,Yuba,115,75493,15831,15835,1196,17031,120
2022-03-30,Alameda,001,1643700,256393,255467,13916,269383,1812
2022-03-30,Alpine,003,1148,124,124,1,125,0
2022-03-30,Amador,005,37829,8525,8485,640,9125,86
2022-03-30,Butte,007,227075,33259,32968,6933,39901,396
2022-03-30,Calaveras,009,45235,7255,7253,347,7600,119
2022-03-30,Colusa,011,21464,3446,3445,1046,4491,21
2022-03-30,Contra Costa,013,1133247,191155,188496,13249,201745,1291
2022-03-30,Del Norte,015,27424,5803,5808,184,5992,50
2022-03-30,El Dorado,017,186661,26749,26722,3200,29922,200
2022-03-30,Fresno,019,978130,231554,230448,24062,254510,2720
2022-03-30,Glenn,021,27897,4995,4982,1600,6582,47
2022-03-30,Humboldt,023,135768,16875,16894,2947,19841,140
2022-03-30,Imperial,025,180216,55346,55252,10528,65780,908
2022-03-30,Inyo,027,18085,4070,4062,472,4534,56
2022-03-30,Kern,029,883053,191772,191363,45710,237073,2219
2022-03-30,Kings,031,150075,51464,51446,3504,54950,443
2022-03-30,Lake,033,64148,10697,10674,883,11557,136
2022-03-30,Lassen,035,31185,8955,8943,874,9817,65
2022-03-30,Los Angeles,037,10098052,2711128,2702536,123040,2825576,31384
2022-03-30,Madera,039,155013,37227,37330,6024,43354,354
2022-03-30,Marin,041,260295,33553,33453,2232,35685,287
2022-03-30,Mariposa,043,17540,2396,2390,199,2589,27
2022-03-30,Mendocino,045,87422,13058,13055,3014,16069,118
2022-03-30,Merced,047,269075,62324,62136,8647,70783,808
2022-03-30,Modoc,049,8938,738,739,251,990,8
2022-03-30,Mono,051,14174,2968,2967,121,3088,6
2022-03-30,Monterey,053,433212,79351,78911,13631,92542,726
2022-03-30,Napa,055,140530,25771,25745,943,26688,141
2022-03-30,Nevada,057,99092,15946,15960,1192,17152,123
2022-03-30,Orange,059,3164182,546407,545895,41263,587158,6876
2022-03-30,Placer,061,380077,62735,62705,7324,70029,614
2022-03-30,Plumas,063,18699,2970,2762,361,3123,13
2022-03-30,Riverside,065,2383286,591072,590437,27710,618147,6411
2022-03-30,Sacramento,067,1510023,280651,276081,26441,302522,2949
2022-03-30,San Benito,069,59416,12880,12898,511,13409,98
2022-03-30,San Bernardino,071,2135413,574040,561153,24914,586067,6863
2022-03-30,San Diego,073,3302833,750963,751684,52676,804360,5169
2022-03-30,San Francisco,075,870044,124949,124930,8233,133163,841
2022-03-30,San Joaquin,077,732212,166342,166299,9884,176183,2201
2022-03-30,San Luis Obispo,079,281455,52447,52484,3747,56231,475
2022-03-30,San Mateo,081,765935,121842,120548,6937,127485,693
2022-03-30,Santa Barbara,083,443738,85732,85488,4691,90179,677
2022-03-30,Santa Clara,085,1922200,311328,312253,12334,324587,2258
2022-03-30,Santa Cruz,087,273765,47782,47340,2083,49423,259
2022-03-30,Shasta,089,179085,30533,30555,6088,36643,530
2022-03-30,Sierra,091,2930,271,273,48,321,4
2022-03-30,Siskiyou,093,43540,4448,4439,2719,7158,80
2022-03-30,Solano,095,438530,81468,81816,5568,87384,443
2022-03-30,Sonoma,097,501317,83507,83163,2616,85779,485
2022-03-30,Stanislaus,099,539301,117503,117593,17811,135404,1559
2022-03-30,Sutter,101,95872,20470,20565,2072,22637,222
2022-03-30,Tehama,103,63373,12036,12045,2570,14615,198
2022-03-30,Trinity,105,12862,1182,1173,287,1460,20
2022-03-30,Tulare,107,460477,106328,104667,27534,132201,1410
2022-03-30,Tuolumne,109,53932,12665,12616,558,13174,180
2022-03-30,Ventura,111,848112,173152,172984,9374,182358,1460
2022-03-30,Yolo,113,214977,37048,36325,3034,39359,313
2022-03-30,Yuba,115,75493,15829,15830,1196,17026,120
2022-03-29,Alameda,001,1643700,256268,255261,13906,269167,1810
2022-03-29,Alpine,003,1148,124,124,1,125,0
2022-03-29,Amador,005,37829,8525,8483,640,9123,86
2022-03-29,Butte,007,227075,33256,32954,6933,39887,396
2022-03-29,Calaveras,009,45235,7254,7250,346,7596,119
2022-03-29,Colusa,011,21464,3446,3445,1046,4491,21
2022-03-29,Contra Costa,013,1133247,191067,188359,13241,201600,1290
2022-03-29,Del Norte,015,27424,5803,5806,183,5989,50
2022-03-29,El Dorado,017,186661,26744,26706,3200,29906,200
2022-03-29,Fresno,019,978130,231526,230256,24058,254314,2718
2022-03-29,Glenn,021,27897,4995,4983,1600,6583,47
2022-03-29,Humboldt,023,135768,16872,16892,2944,19836,140
2022-03-29,Imperial,025,180216,55332,55233,10527,65760,908
2022-03-29,Inyo,027,18085,4068,4062,471,4533,56
2022-03-29,Kern,029,883053,191740,191338,45703,237041,2220
2022-03-29,Kings,031,150075,51457,51416,3503,54919,443
2022-03-29,Lake,033,64148,10693,10674,883,11557,136
2022-03-29,Lassen,035,31185,8954,8943,874,9817,65
2022-03-29,Los Angeles,037,10098052,2710298,2702005,122994,2824999,31378
2022-03-29,Madera,039,155013,37219,37325,6021,43346,354
2022-03-29,Marin,041,260295,33533,33431,2227,35658,287
2022-03-29,Mariposa,043,17540,2396,2388,199,2587,23
2022-03-29,Mendocino,045,87422,13054,13053,3013,16066,119
2022-03-29,Merced,047,269075,62311,62123,8646,70769,806
2022-03-29,Modoc,049,8938,736,737,251,988,8
2022-03-29,Mono,051,14174,2968,2966,121,3087,5
2022-03-29,Monterey,053,433212,79338,78774,13623,92397,725
2022-03-29,Napa,055,140530,25764,25732,943,26675,141
2022-03-29,Nevada,057,99092,15938,15956,1192,17148,123
2022-03-29,Orange,059,3164182,546259,545832,41247,587079,6871
2022-03-29,Placer,061,380077,62717,62687,7319,70006,614
2022-03-29,Plumas,063,18699,2968,2761,361,3122,13
2022-03-29,Riverside,065,2383286,590971,590359,27702,618061,6403
2022-03-29,Sacramento,067,1510023,280585,276040,26430,302470,2946
2022-03-29,San Benito,069,59416,12878,12892,511,13403,97
2022-03-29,San Bernardino,071,2135413,573943,561026,24906,585932,6860
2022-03-29,San Diego,073,3302833,750719,751240,52653,803893,5159
2022-03-29,San Francisco,075,870044,124798,124789,8227,133016,840
2022-03-29,San Joaquin,077,732212,166306,166241,9876,176117,2198
2022-03-29,San Luis Obispo,079,281455,52431,52455,3743,56198,472
2022-03-29,San Mateo,081,765935,121748,120435,6934,127369,686
2022-03-29,Santa Barbara,083,443738,85709,85464,4691,90155,676
2022-03-29,Santa Clara,085,1922200,311088,312067,12317,324384,2259
2022-03-29,Santa Cruz,087,273765,47762,47323,2082,49405,259
2022-03-29,Shasta,089,179085,30526,30552,6086,36638,529
2022-03-29,Sierra,091,2930,271,273,48,321,4
2022-03-29,Siskiyou,093,43540,4448,4439,2718,7157,80
2022-03-29,Solano,095,438530,81446,81713,5565,87278,441
2022-03-29,Sonoma,097,501317,83474,83130,2610,85740,485
2022-03-29,Stanislaus,099,539301,117484,117683,17805,135488,1559
2022-03-29,Sutter,101,95872,20468,20556,2071,22627,221
2022-03-29,Tehama,103,63373,12034,12045,2570,14615,198
2022-03-29,Trinity,105,12862,1182,1173,287,1460,20
2022-03-29,Tulare,107,460477,106323,104622,27529,132151,1406
2022-03-29,Tuolumne,109,53932,12663,12615,558,13173,180
2022-03-29,Ventura,111,848112,173097,172946,9373,182319,1460
2022-03-29,Yolo,113,214977,37035,36296,3033,39329,313
2022-03-29,Yuba,115,75493,15825,15824,1195,17019,117
2022-03-28,Alameda,001,1643700,256115,255192,13896,269088,1808
2022-03-28,Alpine,003,1148,124,124,1,125,0
2022-03-28,Amador,005,37829,8524,8480,640,9120,86
2022-03-28,Butte,007,227075,33239,32947,6933,39880,392
2022-03-28,Calaveras,009,45235,7254,7247,346,7593,119
2022-03-28,Colusa,011,21464,3446,3445,1046,4491,21
2022-03-28,Contra Costa,013,1133247,190987,188305,13236,201541,1290
2022-03-28,Del Norte,015,27424,5801,5834,183,6017,50
2022-03-28,El Dorado,017,186661,26737,26703,3198,29901,200
2022-03-28,Fresno,019,978130,231498,230144,24041,254185,2717
2022-03-28,Glenn,021,27897,4994,4983,1600,6583,47
2022-03-28,Humboldt,023,135768,16871,16916,2944,19860,140
2022-03-28,Imperial,025,180216,55322,55245,10527,65772,909
2022-03-28,Inyo,027,18085,4067,4062,471,4533,56
2022-03-28,Kern,029,883053,191714,191333,45694,237027,2212
2022-03-28,Kings,031,150075,51444,51405,3503,54908,443
2022-03-28,Lake,033,64148,10691,10673,883,11556,136
2022-03-28,Lassen,035,31185,8954,8946,874,9820,63
2022-03-28,Los Angeles,037,10098052,2709425,2700997,122955,2823952,31349
2022-03-28,Madera,039,155013,37215,37324,6021,43345,354
2022-03-28,Marin,041,260295,33508,33391,2222,35613,287
2022-03-28,Mariposa,043,17540,2395,2388,199,2587,23
2022-03-28,Mendocino,045,87422,13052,13046,3012,16058,118
2022-03-28,Merced,047,269075,62301,62116,8641,70757,805
2022-03-28,Modoc,049,8938,735,736,251,987,7
2022-03-28,Mono,051,14174,2968,2966,121,3087,5
2022-03-28,Monterey,053,433212,79305,78784,13619,92403,724
2022-03-28,Napa,055,140530,25758,25723,942,26665,140
2022-03-28,Nevada,057,99092,15936,15969,1192,17161,123
2022-03-28,Orange,059,3164182,546130,545700,41221,586921,6860
2022-03-28,Placer,061,380077,62697,62687,7318,70005,613
2022-03-28,Plumas,063,18699,2967,2760,361,3121,13
2022-03-28,Riverside,065,2383286,590872,590298,27694,617992,6397
2022-03-28,Sacramento,067,1510023,280516,275889,26418,302307,2946
2022-03-28,San Benito,069,59416,12878,12889,511,13400,97
2022-03-28,San Bernardino,071,2135413,573860,560836,24895,585731,6858
2022-03-28,San Diego,073,3302833,750480,750659,52619,803278,5155
2022-03-28,San Francisco,075,870044,124658,124678,8217,132895,839
2022-03-28,San Joaquin,077,732212,166274,166247,9874,176121,2196
2022-03-28,San Luis Obispo,079,281455,52406,52434,3740,56174,470
2022-03-28,San Mateo,081,765935,121634,120337,6927,127264,686
2022-03-28,Santa Barbara,083,443738,85681,85442,4689,90131,675
2022-03-28,Santa Clara,085,1922200,310859,311953,12308,324261,2257
2022-03-28,Santa Cruz,087,273765,47729,47324,2082,49406,259
2022-03-28,Shasta,089,179085,30525,30550,6085,36635,527
2022-03-28,Sierra,091,2930,271,273,48,321,4
2022-03-28,Siskiyou,093,43540,4447,4438,2718,7156,80
2022-03-28,Solano,095,438530,81418,81704,5560,87264,441
2022-03-28,Sonoma,097,501317,83428,83105,2605,85710,485
2022-03-28,Stanislaus,099,539301,117472,117783,17800,135583,1562
2022-03-28,Sutter,101,95872,20462,20549,2071,22620,221
2022-03-28,Tehama,103,63373,12034,12041,2570,14611,200
2022-03-28,Trinity,105,12862,1182,1173,287,1460,20
2022-03-28,Tulare,107,460477,106311,104576,27523,132099,1404
2022-03-28,Tuolumne,109,53932,12663,12627,558,13185,180
2022-03-28,Ventura,111,848112,173058,172867,9372,182239,1455
2022-03-28,Yolo,113,214977,37017,36282,3031,39313,312
2022-03-28,Yuba,115,75493,15824,15821,1193,17014,117
2022-03-27,Alameda,001,1643700,255928,255132,13887,269019,1809
2022-03-27,Alpine,003,1148,124,124,1,125,0
2022-03-27,Amador,005,37829,8521,8480,640,9120,86
2022-03-27,Butte,007,227075,33226,32943,6927,39870,392
2022-03-27,Calaveras,009,45235,7252,7245,346,7591,119
2022-03-27,Colusa,011,21464,3446,3445,1046,4491,21
2022-03-27,Contra Costa,013,1133247,190872,188251,13219,201470,1290
2022-03-27,Del Norte,015,27424,5800,5836,183,6019,50
2022-03-27,El Dorado,017,186661,26723,26699,3195,29894,200
2022-03-27,Fresno,019,978130,231451,230049,24023,254072,2717
2022-03-27,Glenn,021,27897,4992,4983,1600,6583,47
2022-03-27,Humboldt,023,135768,16867,16920,2944,19864,140
2022-03-27,Imperial,025,180216,55309,55240,10526,65766,909
2022-03-27,Inyo,027,18085,4066,4062,469,4531,56
2022-03-27,Kern,029,883053,191676,191332,45688,237020,2213
2022-03-27,Kings,031,150075,51435,51400,3503,54903,443
2022-03-27,Lake,033,64148,10690,10672,882,11554,136
2022-03-27,Lassen,035,31185,8954,8946,874,9820,63
2022-03-27,Los Angeles,037,10098052,2708609,2700983,122908,2823891,31348
2022-03-27,Madera,039,155013,37211,37323,6019,43342,354
2022-03-27,Marin,041,260295,33471,33391,2212,35603,287
2022-03-27,Mariposa,043,17540,2395,2390,199,2589,23
2022-03-27,Mendocino,045,87422,13048,13046,3010,16056,118
2022-03-27,Merced,047,269075,62291,62110,8640,70750,805
2022-03-27,Modoc,049,8938,734,736,249,985,7
2022-03-27,Mono,051,14174,2968,2966,121,3087,5
2022-03-27,Monterey,053,433212,79284,78778,13607,92385,724
2022-03-27,Napa,055,140530,25742,25723,942,26665,140
2022-03-27,Nevada,057,99092,15932,15967,1190,17157,123
2022-03-27,Orange,059,3164182,545996,545644,41187,586831,6860
2022-03-27,Placer,061,380077,62679,62680,7317,69997,613
2022-03-27,Plumas,063,18699,2966,2760,359,3119,13
2022-03-27,Riverside,065,2383286,590786,590251,27683,617934,6395
2022-03-27,Sacramento,067,1510023,280435,275854,26411,302265,2941
2022-03-27,San Benito,069,59416,12873,12889,510,13399,97
2022-03-27,San Bernardino,071,2135413,573744,560853,24893,585746,6862
2022-03-27,San Diego,073,3302833,750224,750659,52596,803255,5155
2022-03-27,San Francisco,075,870044,124471,124619,8206,132825,839
2022-03-27,San Joaquin,077,732212,166238,166238,9870,176108,2196
2022-03-27,San Luis Obispo,079,281455,52385,52430,3738,56168,470
2022-03-27,San Mateo,081,765935,121529,120324,6921,127245,686
2022-03-27,Santa Barbara,083,443738,85645,85434,4687,90121,675
2022-03-27,Santa Clara,085,1922200,310648,311822,12301,324123,2257
2022-03-27,Santa Cruz,087,273765,47696,47321,2080,49401,259
2022-03-27,Shasta,089,179085,30521,30550,6083,36633,527
2022-03-27,Sierra,091,2930,271,273,48,321,4
2022-03-27,Siskiyou,093,43540,4447,4436,2717,7153,80
2022-03-27,Solano,095,438530,81376,81691,5557,87248,441
2022-03-27,Sonoma,097,501317,83375,83088,2601,85689,485
2022-03-27,Stanislaus,099,539301,117452,117778,17797,135575,1562
2022-03-27,Sutter,101,95872,20456,20545,2071,22616,221
2022-03-27,Tehama,103,63373,12034,12040,2570,14610,200
2022-03-27,Trinity,105,12862,1182,1173,287,1460,20
2022-03-27,Tulare,107,460477,106302,104582,27514,132096,1404
2022-03-27,Tuolumne,109,53932,12662,12628,558,13186,180
2022-03-27,Ventura,111,848112,173013,172831,9370,182201,1455
2022-03-27,Yolo,113,214977,36996,36232,3028,39260,312
2022-03-27,Yuba,115,75493,15821,15821,1186,17007,117
2022-03-26,Alameda,001,1643700,255848,254691,13886,268577,1803
2022-03-26,Alpine,003,1148,124,124,1,125,0
2022-03-26,Amador,005,37829,8521,8476,640,9116,86
2022-03-26,Butte,007,227075,33222,32929,6925,39854,391
2022-03-26,Calaveras,009,45235,7250,7240,346,7586,120
2022-03-26,Colusa,011,21464,3444,3445,1046,4491,21
2022-03-26,Contra Costa,013,1133247,190819,187990,13216,201206,1285
2022-03-26,Del Norte,015,27424,5798,5831,183,6014,50
2022-03-26,El Dorado,017,186661,26715,26674,3193,29867,200
2022-03-26,Fresno,019,978130,231428,229799,24022,253821,2710
2022-03-26,Glenn,021,27897,4991,4978,1600,6578,47
2022-03-26,Humboldt,023,135768,16863,16911,2944,19855,139
2022-03-26,Imperial,025,180216,55303,55230,10525,65755,913
2022-03-26,Inyo,027,18085,4066,4060,468,4528,56
2022-03-26,Kern,029,883053,191663,191288,45684,236972,2201
2022-03-26,Kings,031,150075,51434,51397,3503,54900,444
2022-03-26,Lake,033,64148,10690,10659,882,11541,136
2022-03-26,Lassen,035,31185,8954,8944,874,9818,63
2022-03-26,Los Angeles,037,10098052,2708154,2698028,122866,2820894,31291
2022-03-26,Madera,039,155013,37208,37321,6017,43338,354
2022-03-26,Marin,041,260295,33460,33317,2208,35525,287
2022-03-26,Mariposa,043,17540,2395,2386,199,2585,23
2022-03-26,Mendocino,045,87422,13044,13038,3010,16048,118
2022-03-26,Merced,047,269075,62285,62083,8638,70721,805
2022-03-26,Modoc,049,8938,734,736,249,985,7
2022-03-26,Mono,051,14174,2968,2966,121,3087,5
2022-03-26,Monterey,053,433212,79277,78688,13605,92293,724
2022-03-26,Napa,055,140530,25738,25701,942,26643,139
2022-03-26,Nevada,057,99092,15928,15960,1190,17150,123
2022-03-26,Orange,059,3164182,545919,545294,41176,586470,6853
2022-03-26,Placer,061,380077,62667,62634,7313,69947,613
2022-03-26,Plumas,063,18699,2966,2758,358,3116,13
2022-03-26,Riverside,065,2383286,590717,590060,27682,617742,6397
2022-03-26,Sacramento,067,1510023,280401,275529,26409,301938,2935
2022-03-26,San Benito,069,59416,12873,12885,510,13395,97
2022-03-26,San Bernardino,071,2135413,573684,560742,24889,585631,6840
2022-03-26,San Diego,073,3302833,750100,750170,52589,802759,5146
2022-03-26,San Francisco,075,870044,124365,124265,8200,132465,839
2022-03-26,San Joaquin,077,732212,166217,166079,9869,175948,2195
2022-03-26,San Luis Obispo,079,281455,52379,52369,3738,56107,469
2022-03-26,San Mateo,081,765935,121470,120165,6913,127078,684
2022-03-26,Santa Barbara,083,443738,85625,85477,4685,90162,674
2022-03-26,Santa Clara,085,1922200,310490,311189,12294,323483,2250
2022-03-26,Santa Cruz,087,273765,47685,47329,2080,49409,259
2022-03-26,Shasta,089,179085,30520,30542,6082,36624,527
2022-03-26,Sierra,091,2930,271,273,48,321,4
2022-03-26,Siskiyou,093,43540,4446,4433,2717,7150,80
2022-03-26,Solano,095,438530,81367,81659,5557,87216,441
2022-03-26,Sonoma,097,501317,83345,83113,2596,85709,485
2022-03-26,Stanislaus,099,539301,117445,117962,17796,135758,1565
2022-03-26,Sutter,101,95872,20454,20536,2071,22607,221
2022-03-26,Tehama,103,63373,12034,12036,2569,14605,195
2022-03-26,Trinity,105,12862,1182,1174,287,1461,20
2022-03-26,Tulare,107,460477,106295,104538,27513,132051,1400
2022-03-26,Tuolumne,109,53932,12660,12628,558,13186,180
2022-03-26,Ventura,111,848112,172972,172690,9366,182056,1455
2022-03-26,Yolo,113,214977,36987,36234,3028,39262,311
2022-03-26,Yuba,115,75493,15820,15807,1186,16993,117
2022-03-25,Alameda,001,1643700,255784,254691,13883,268574,1803
2022-03-25,Alpine,003,1148,124,124,1,125,0
2022-03-25,Amador,005,37829,8520,8476,640,9116,86
2022-03-25,Butte,007,227075,33217,32929,6925,39854,391
2022-03-25,Calaveras,009,45235,7249,7240,346,7586,120
2022-03-25,Colusa,011,21464,3444,3445,1046,4491,21
2022-03-25,Contra Costa,013,1133247,190772,187990,13213,201203,1285
2022-03-25,Del Norte,015,27424,5798,5831,183,6014,50
2022-03-25,El Dorado,017,186661,26711,26674,3193,29867,200
2022-03-25,Fresno,019,978130,231399,229799,24014,253813,2710
2022-03-25,Glenn,021,27897,4991,4978,1600,6578,47
2022-03-25,Humboldt,023,135768,16863,16911,2944,19855,139
2022-03-25,Imperial,025,180216,55298,55230,10524,65754,913
2022-03-25,Inyo,027,18085,4065,4060,468,4528,56
2022-03-25,Kern,029,883053,191653,191288,45683,236971,2201
2022-03-25,Kings,031,150075,51433,51397,3503,54900,444
2022-03-25,Lake,033,64148,10690,10659,882,11541,136
2022-03-25,Lassen,035,31185,8953,8944,874,9818,63
2022-03-25,Los Angeles,037,10098052,2707730,2698028,122835,2820863,31291
2022-03-25,Madera,039,155013,37207,37321,6016,43337,354
2022-03-25,Marin,041,260295,33445,33317,2199,35516,287
2022-03-25,Mariposa,043,17540,2395,2386,199,2585,23
2022-03-25,Mendocino,045,87422,13044,13038,3010,16048,118
2022-03-25,Merced,047,269075,62279,62083,8637,70720,805
2022-03-25,Modoc,049,8938,734,736,249,985,7
2022-03-25,Mono,051,14174,2967,2966,121,3087,5
2022-03-25,Monterey,053,433212,79266,78688,13602,92290,724
2022-03-25,Napa,055,140530,25731,25701,942,26643,139
2022-03-25,Nevada,057,99092,15927,15960,1190,17150,123
2022-03-25,Orange,059,3164182,545845,545294,41160,586454,6853
2022-03-25,Placer,061,380077,62661,62634,7310,69944,613
2022-03-25,Plumas,063,18699,2965,2758,358,3116,13
2022-03-25,Riverside,065,2383286,590657,590060,27671,617731,6397
2022-03-25,Sacramento,067,1510023,280359,275529,26407,301936,2935
2022-03-25,San Benito,069,59416,12873,12885,510,13395,97
2022-03-25,San Bernardino,071,2135413,573645,560742,24886,585628,6840
2022-03-25,San Diego,073,3302833,749977,750170,52578,802748,5146
2022-03-25,San Francisco,075,870044,124284,124265,8187,132452,839
2022-03-25,San Joaquin,077,732212,166203,166079,9866,175945,2195
2022-03-25,San Luis Obispo,079,281455,52376,52369,3737,56106,469
2022-03-25,San Mateo,081,765935,121418,120165,6913,127078,684
2022-03-25,Santa Barbara,083,443738,85610,85477,4683,90160,674
2022-03-25,Santa Clara,085,1922200,310339,311189,12289,323478,2250
2022-03-25,Santa Cruz,087,273765,47677,47329,2080,49409,259
2022-03-25,Shasta,089,179085,30516,30542,6081,36623,527
2022-03-25,Sierra,091,2930,271,273,48,321,4
2022-03-25,Siskiyou,093,43540,4444,4433,2715,7148,80
2022-03-25,Solano,095,438530,81353,81659,5555,87214,441
2022-03-25,Sonoma,097,501317,83308,83113,2596,85709,485
2022-03-25,Stanislaus,099,539301,117431,117962,17795,135757,1565
2022-03-25,Sutter,101,95872,20449,20536,2071,22607,221
2022-03-25,Tehama,103,63373,12032,12036,2569,14605,195
2022-03-25,Trinity,105,12862,1182,1174,287,1461,20
2022-03-25,Tulare,107,460477,106291,104538,27513,132051,1400
2022-03-25,Tuolumne,109,53932,12659,12628,558,13186,180
2022-03-25,Ventura,111,848112,172934,172690,9366,182056,1455
2022-03-25,Yolo,113,214977,36975,36234,3027,39261,311
2022-03-25,Yuba,115,75493,15815,15807,1185,16992,117
2022-03-24,Alameda,001,1643700,255667,254691,13867,268558,1803
2022-03-24,Alpine,003,1148,124,124,1,125,0
2022-03-24,Amador,005,37829,8520,8476,640,9116,86
2022-03-24,Butte,007,227075,33211,32929,6925,39854,391
2022-03-24,Calaveras,009,45235,7247,7240,346,7586,120
2022-03-24,Colusa,011,21464,3444,3445,1046,4491,21
2022-03-24,Contra Costa,013,1133247,190693,187990,13210,201200,1285
2022-03-24,Del Norte,015,27424,5794,5831,183,6014,50
2022-03-24,El Dorado,017,186661,26701,26674,3193,29867,200
2022-03-24,Fresno,019,978130,231357,229799,24005,253804,2710
2022-03-24,Glenn,021,27897,4990,4978,1600,6578,47
2022-03-24,Humboldt,023,135768,16858,16911,2942,19853,139
2022-03-24,Imperial,025,180216,55291,55230,10524,65754,913
2022-03-24,Inyo,027,18085,4064,4060,468,4528,56
2022-03-24,Kern,029,883053,191643,191288,45681,236969,2201
2022-03-24,Kings,031,150075,51424,51397,3501,54898,444
2022-03-24,Lake,033,64148,10689,10659,882,11541,136
2022-03-24,Lassen,035,31185,8952,8944,874,9818,63
2022-03-24,Los Angeles,037,10098052,2707157,2698028,122790,2820818,31291
2022-03-24,Madera,039,155013,37205,37321,6014,43335,354
2022-03-24,Marin,041,260295,33424,33317,2190,35507,287
2022-03-24,Mariposa,043,17540,2395,2386,199,2585,23
2022-03-24,Mendocino,045,87422,13038,13038,3007,16045,118
2022-03-24,Merced,047,269075,62272,62083,8636,70719,805
2022-03-24,Modoc,049,8938,734,736,249,985,7
2022-03-24,Mono,051,14174,2967,2966,121,3087,5
2022-03-24,Monterey,053,433212,79240,78688,13588,92276,724
2022-03-24,Napa,055,140530,25722,25701,942,26643,139
2022-03-24,Nevada,057,99092,15923,15960,1189,17149,123
2022-03-24,Orange,059,3164182,545743,545294,41145,586439,6853
2022-03-24,Placer,061,380077,62641,62634,7309,69943,613
2022-03-24,Plumas,063,18699,2965,2758,358,3116,13
2022-03-24,Riverside,065,2383286,590580,590060,27663,617723,6397
2022-03-24,Sacramento,067,1510023,280290,275529,26402,301931,2935
2022-03-24,San Benito,069,59416,12872,12885,509,13394,97
2022-03-24,San Bernardino,071,2135413,573563,560742,24882,585624,6840
2022-03-24,San Diego,073,3302833,749769,750170,52565,802735,5146
2022-03-24,San Francisco,075,870044,124202,124265,8181,132446,839
2022-03-24,San Joaquin,077,732212,166176,166079,9866,175945,2195
2022-03-24,San Luis Obispo,079,281455,52360,52369,3736,56105,469
2022-03-24,San Mateo,081,765935,121370,120165,6909,127074,684
2022-03-24,Santa Barbara,083,443738,85595,85477,4680,90157,674
2022-03-24,Santa Clara,085,1922200,310193,311189,12272,323461,2250
2022-03-24,Santa Cruz,087,273765,47659,47329,2079,49408,259
2022-03-24,Shasta,089,179085,30508,30542,6081,36623,527
2022-03-24,Sierra,091,2930,271,273,48,321,4
2022-03-24,Siskiyou,093,43540,4441,4433,2715,7148,80
2022-03-24,Solano,095,438530,81334,81659,5554,87213,441
2022-03-24,Sonoma,097,501317,83273,83113,2594,85707,485
2022-03-24,Stanislaus,099,539301,117423,117962,17792,135754,1565
2022-03-24,Sutter,101,95872,20444,20536,2071,22607,221
2022-03-24,Tehama,103,63373,12030,12036,2568,14604,195
2022-03-24,Trinity,105,12862,1182,1174,287,1461,20
2022-03-24,Tulare,107,460477,106280,104538,27508,132046,1400
2022-03-24,Tuolumne,109,53932,12657,12628,558,13186,180
2022-03-24,Ventura,111,848112,172891,172690,9365,182055,1455
2022-03-24,Yolo,113,214977,36969,36234,3023,39257,311
2022-03-24,Yuba,115,75493,15811,15807,1183,16990,117
2022-03-23,Alameda,001,1643700,255532,254559,13856,268415,1802
2022-03-23,Alpine,003,1148,124,124,1,125,0
2022-03-23,Amador,005,37829,8520,8475,640,9115,86
2022-03-23,Butte,007,227075,33196,32920,6924,39844,387
2022-03-23,Calaveras,009,45235,7242,7237,346,7583,120
2022-03-23,Colusa,011,21464,3443,3444,1046,4490,21
2022-03-23,Contra Costa,013,1133247,190595,187898,13199,201097,1279
2022-03-23,Del Norte,015,27424,5792,5830,183,6013,50
2022-03-23,El Dorado,017,186661,26695,26670,3193,29863,200
2022-03-23,Fresno,019,978130,231321,229656,23992,253648,2710
2022-03-23,Glenn,021,27897,4990,4975,1600,6575,47
2022-03-23,Humboldt,023,135768,16857,16908,2941,19849,139
2022-03-23,Imperial,025,180216,55285,55211,10523,65734,909
2022-03-23,Inyo,027,18085,4064,4060,468,4528,56
2022-03-23,Kern,029,883053,191626,191241,45676,236917,2196
2022-03-23,Kings,031,150075,51413,51384,3501,54885,442
2022-03-23,Lake,033,64148,10685,10658,881,11539,135
2022-03-23,Lassen,035,31185,8951,8944,873,9817,63
2022-03-23,Los Angeles,037,10098052,2706477,2697227,122761,2819988,31267
2022-03-23,Madera,039,155013,37200,37317,6011,43328,354
2022-03-23,Marin,041,260295,33398,33274,2185,35459,287
2022-03-23,Mariposa,043,17540,2393,2382,198,2580,11
2022-03-23,Mendocino,045,87422,13034,13033,3006,16039,118
2022-03-23,Merced,047,269075,62261,62056,8633,70689,805
2022-03-23,Modoc,049,8938,734,736,249,985,7
2022-03-23,Mono,051,14174,2967,2966,121,3087,5
2022-03-23,Monterey,053,433212,79223,78655,13564,92219,724
2022-03-23,Napa,055,140530,25709,25691,940,26631,139
2022-03-23,Nevada,057,99092,15921,15958,1189,17147,123
2022-03-23,Orange,059,3164182,545612,545158,41132,586290,6852
2022-03-23,Placer,061,380077,62622,62622,7307,69929,613
2022-03-23,Plumas,063,18699,2965,2747,358,3105,13
2022-03-23,Riverside,065,2383286,590507,589947,27658,617605,6388
2022-03-23,Sacramento,067,1510023,280227,275398,26395,301793,2934
2022-03-23,San Benito,069,59416,12871,12884,509,13393,97
2022-03-23,San Bernardino,071,2135413,573489,560550,24878,585428,6828
2022-03-23,San Diego,073,3302833,749575,749871,52542,802413,5143
2022-03-23,San Francisco,075,870044,124089,124110,8174,132284,838
2022-03-23,San Joaquin,077,732212,166139,166041,9859,175900,2187
2022-03-23,San Luis Obispo,079,281455,52343,52344,3731,56075,469
2022-03-23,San Mateo,081,765935,121286,120080,6899,126979,685
2022-03-23,Santa Barbara,083,443738,85578,85464,4679,90143,673
2022-03-23,Santa Clara,085,1922200,310029,310956,12260,323216,2250
2022-03-23,Santa Cruz,087,273765,47640,47314,2075,49389,259
2022-03-23,Shasta,089,179085,30504,30524,6080,36604,526
2022-03-23,Sierra,091,2930,271,273,48,321,4
2022-03-23,Siskiyou,093,43540,4440,4433,2715,7148,80
2022-03-23,Solano,095,438530,81300,81615,5553,87168,441
2022-03-23,Sonoma,097,501317,83240,83074,2591,85665,482
2022-03-23,Stanislaus,099,539301,117406,118041,17789,135830,1568
2022-03-23,Sutter,101,95872,20441,20532,2071,22603,218
2022-03-23,Tehama,103,63373,12027,12035,2568,14603,195
2022-03-23,Trinity,105,12862,1182,1174,287,1461,20
2022-03-23,Tulare,107,460477,106262,104489,27503,131992,1394
2022-03-23,Tuolumne,109,53932,12656,12629,558,13187,180
2022-03-23,Ventura,111,848112,172843,172647,9363,182010,1455
2022-03-23,Yolo,113,214977,36949,36197,3021,39218,308
2022-03-23,Yuba,115,75493,15804,15801,1182,16983,117
2022-03-22,Alameda,001,1643700,255410,254467,13557,268024,1802
2022-03-22,Alpine,003,1148,124,122,1,123,0
2022-03-22,Amador,005,37829,8519,8462,639,9101,86
2022-03-22,Butte,007,227075,33186,32907,6920,39827,387
2022-03-22,Calaveras,009,45235,7240,7237,346,7583,120
2022-03-22,Colusa,011,21464,3442,3445,1046,4491,21
2022-03-22,Contra Costa,013,1133247,190519,187813,13178,200991,1279
2022-03-22,Del Norte,015,27424,5786,5824,183,6007,50
2022-03-22,El Dorado,017,186661,26688,26661,3193,29854,200
2022-03-22,Fresno,019,978130,231272,229551,23983,253534,2708
2022-03-22,Glenn,021,27897,4988,4971,1600,6571,47
2022-03-22,Humboldt,023,135768,16854,16911,2941,19852,139
2022-03-22,Imperial,025,180216,55273,55170,10520,65690,908
2022-03-22,Inyo,027,18085,4064,4060,468,4528,56
2022-03-22,Kern,029,883053,191603,191213,45668,236881,2195
2022-03-22,Kings,031,150075,51401,51369,3500,54869,442
2022-03-22,Lake,033,64148,10683,10657,880,11537,135
2022-03-22,Lassen,035,31185,8951,8940,873,9813,63
2022-03-22,Los Angeles,037,10098052,2705809,2696746,122714,2819460,31250
2022-03-22,Madera,039,155013,37197,37304,6008,43312,354
2022-03-22,Marin,041,260295,33373,33253,2181,35434,287
2022-03-22,Mariposa,043,17540,2391,2382,198,2580,6
2022-03-22,Mendocino,045,87422,13029,13030,3004,16034,118
2022-03-22,Merced,047,269075,62250,62056,8629,70685,805
2022-03-22,Modoc,049,8938,734,735,249,984,7
2022-03-22,Mono,051,14174,2967,2963,121,3084,5
2022-03-22,Monterey,053,433212,79206,78614,13554,92168,724
2022-03-22,Napa,055,140530,25699,25688,939,26627,139
2022-03-22,Nevada,057,99092,15913,15950,1189,17139,123
2022-03-22,Orange,059,3164182,545470,545075,41115,586190,6843
2022-03-22,Placer,061,380077,62609,62604,7305,69909,610
2022-03-22,Plumas,063,18699,2964,2744,358,3102,13
2022-03-22,Riverside,065,2383286,590432,589816,27655,617471,6383
2022-03-22,Sacramento,067,1510023,280151,275374,26384,301758,2927
2022-03-22,San Benito,069,59416,12870,12884,508,13392,97
2022-03-22,San Bernardino,071,2135413,573407,560371,24858,585229,6811
2022-03-22,San Diego,073,3302833,749375,749647,52522,802169,5141
2022-03-22,San Francisco,075,870044,123982,123998,8168,132166,838
2022-03-22,San Joaquin,077,732212,166111,165992,9856,175848,2187
2022-03-22,San Luis Obispo,079,281455,52335,52257,3731,55988,465
2022-03-22,San Mateo,081,765935,121213,119975,6896,126871,686
2022-03-22,Santa Barbara,083,443738,85561,85457,4678,90135,672
2022-03-22,Santa Clara,085,1922200,309860,310787,12248,323035,2249
2022-03-22,Santa Cruz,087,273765,47620,47287,2074,49361,259
2022-03-22,Shasta,089,179085,30498,30528,6080,36608,525
2022-03-22,Sierra,091,2930,271,273,48,321,4
2022-03-22,Siskiyou,093,43540,4440,4429,2714,7143,80
2022-03-22,Solano,095,438530,81277,81587,5550,87137,440
2022-03-22,Sonoma,097,501317,83211,83042,2588,85630,482
2022-03-22,Stanislaus,099,539301,117389,118025,17785,135810,1568
2022-03-22,Sutter,101,95872,20440,20525,2068,22593,218
2022-03-22,Tehama,103,63373,12025,12034,2568,14602,162
2022-03-22,Trinity,105,12862,1182,1174,287,1461,20
2022-03-22,Tulare,107,460477,106251,104431,27495,131926,1391
2022-03-22,Tuolumne,109,53932,12656,12628,558,13186,180
2022-03-22,Ventura,111,848112,172794,172590,9361,181951,1455
2022-03-22,Yolo,113,214977,36929,36184,3020,39204,308
2022-03-22,Yuba,115,75493,15801,15795,1181,16976,117
2022-03-21,Alameda,001,1643700,255182,254354,13549,267903,1799
2022-03-21,Alpine,003,1148,124,122,1,123,0
2022-03-21,Amador,005,37829,8516,8461,638,9099,85
2022-03-21,Butte,007,227075,33175,32895,6917,39812,385
2022-03-21,Calaveras,009,45235,7239,7237,346,7583,119
2022-03-21,Colusa,011,21464,3442,3445,1046,4491,21
2022-03-21,Contra Costa,013,1133247,190455,187509,13163,200672,1276
2022-03-21,Del Norte,015,27424,5785,5824,183,6007,50
2022-03-21,El Dorado,017,186661,26677,26610,3193,29803,199
2022-03-21,Fresno,019,978130,231224,229374,23975,253349,2707
2022-03-21,Glenn,021,27897,4986,4972,1595,6567,46
2022-03-21,Humboldt,023,135768,16844,16912,2928,19840,139
2022-03-21,Imperial,025,180216,55260,55133,10519,65652,908
2022-03-21,Inyo,027,18085,4063,4060,468,4528,56
2022-03-21,Kern,029,883053,191570,191184,45662,236846,2187
2022-03-21,Kings,031,150075,51387,51366,3498,54864,441
2022-03-21,Lake,033,64148,10681,10655,880,11535,135
2022-03-21,Lassen,035,31185,8950,8939,873,9812,63
2022-03-21,Los Angeles,037,10098052,2704946,2694711,122665,2817376,31218
2022-03-21,Madera,039,155013,37191,37288,6005,43293,354
2022-03-21,Marin,041,260295,33329,33242,2176,35418,287
2022-03-21,Mariposa,043,17540,2390,2383,197,2580,6
2022-03-21,Mendocino,045,87422,13021,13028,3002,16030,118
2022-03-21,Merced,047,269075,62237,62048,8624,70672,803
2022-03-21,Modoc,049,8938,732,734,249,983,7
2022-03-21,Mono,051,14174,2967,2962,121,3083,5
2022-03-21,Monterey,053,433212,79157,78572,13541,92113,724
2022-03-21,Napa,055,140530,25691,25684,937,26621,138
2022-03-21,Nevada,057,99092,15909,15963,1188,17151,123
2022-03-21,Orange,059,3164182,545317,544943,41098,586041,6841
2022-03-21,Placer,061,380077,62590,62550,7304,69854,610
2022-03-21,Plumas,063,18699,2964,2744,358,3102,13
2022-03-21,Riverside,065,2383286,590351,589707,27651,617358,6376
2022-03-21,Sacramento,067,1510023,280061,275334,26370,301704,2925
2022-03-21,San Benito,069,59416,12864,12872,508,13380,97
2022-03-21,San Bernardino,071,2135413,573319,560210,24845,585055,6807
2022-03-21,San Diego,073,3302833,749150,748833,52502,801335,5138
2022-03-21,San Francisco,075,870044,123814,123912,8159,132071,835
2022-03-21,San Joaquin,077,732212,166085,165939,9853,175792,2185
2022-03-21,San Luis Obispo,079,281455,52310,52219,3726,55945,463
2022-03-21,San Mateo,081,765935,121054,119899,6894,126793,684
2022-03-21,Santa Barbara,083,443738,85546,85416,4676,90092,672
2022-03-21,Santa Clara,085,1922200,309600,310509,12245,322754,2245
2022-03-21,Santa Cruz,087,273765,47584,47267,2073,49340,259
2022-03-21,Shasta,089,179085,30492,30523,6078,36601,525
2022-03-21,Sierra,091,2930,271,273,48,321,4
2022-03-21,Siskiyou,093,43540,4440,4426,2714,7140,80
2022-03-21,Solano,095,438530,81249,81399,5549,86948,441
2022-03-21,Sonoma,097,501317,83172,82979,2583,85562,482
2022-03-21,Stanislaus,099,539301,117356,118144,17783,135927,1571
2022-03-21,Sutter,101,95872,20437,20523,2056,22579,218
2022-03-21,Tehama,103,63373,12021,12030,2568,14598,160
2022-03-21,Trinity,105,12862,1182,1174,287,1461,20
2022-03-21,Tulare,107,460477,106231,104350,27490,131840,1389
2022-03-21,Tuolumne,109,53932,12656,12620,558,13178,180
2022-03-21,Ventura,111,848112,172724,172537,9357,181894,1452
2022-03-21,Yolo,113,214977,36913,36141,3018,39159,307
2022-03-21,Yuba,115,75493,15798,15790,1180,16970,117
2022-03-20,Alameda,001,1643700,255046,254293,13539,267832,1801
2022-03-20,Alpine,003,1148,122,122,1,123,0
2022-03-20,Amador,005,37829,8513,8460,638,9098,85
2022-03-20,Butte,007,227075,33160,32892,6913,39805,385
2022-03-20,Calaveras,009,45235,7239,7233,343,7576,119
2022-03-20,Colusa,011,21464,3442,3446,1046,4492,21
2022-03-20,Contra Costa,013,1133247,190352,187467,13153,200620,1276
2022-03-20,Del Norte,015,27424,5783,5821,183,6004,50
2022-03-20,El Dorado,017,186661,26669,26608,3193,29801,199
2022-03-20,Fresno,019,978130,231146,229297,23964,253261,2707
2022-03-20,Glenn,021,27897,4985,4972,1595,6567,46
2022-03-20,Humboldt,023,135768,16842,16913,2926,19839,139
2022-03-20,Imperial,025,180216,55249,55133,10518,65651,908
2022-03-20,Inyo,027,18085,4063,4060,468,4528,56
2022-03-20,Kern,029,883053,191527,191170,45657,236827,2187
2022-03-20,Kings,031,150075,51376,51360,3498,54858,441
2022-03-20,Lake,033,64148,10677,10652,880,11532,135
2022-03-20,Lassen,035,31185,8948,8938,873,9811,63
2022-03-20,Los Angeles,037,10098052,2704150,2694698,122621,2817319,31219
2022-03-20,Madera,039,155013,37186,37284,6002,43286,354
2022-03-20,Marin,041,260295,33313,33232,2175,35407,275
2022-03-20,Mariposa,043,17540,2390,2383,197,2580,6
2022-03-20,Mendocino,045,87422,13014,13027,2997,16024,118
2022-03-20,Merced,047,269075,62225,62041,8620,70661,803
2022-03-20,Modoc,049,8938,732,734,249,983,7
2022-03-20,Mono,051,14174,2965,2962,121,3083,5
2022-03-20,Monterey,053,433212,79124,78566,13530,92096,723
2022-03-20,Napa,055,140530,25679,25682,936,26618,138
2022-03-20,Nevada,057,99092,15905,15964,1188,17152,123
2022-03-20,Orange,059,3164182,545195,544862,41080,585942,6841
2022-03-20,Placer,061,380077,62570,62525,7304,69829,610
2022-03-20,Plumas,063,18699,2964,2744,358,3102,13
2022-03-20,Riverside,065,2383286,590253,589657,27647,617304,6376
2022-03-20,Sacramento,067,1510023,279983,275317,26355,301672,2927
2022-03-20,San Benito,069,59416,12864,12869,507,13376,97
2022-03-20,San Bernardino,071,2135413,573238,560220,24836,585056,6805
2022-03-20,San Diego,073,3302833,748914,748833,52469,801302,5138
2022-03-20,San Francisco,075,870044,123664,123858,8147,132005,835
2022-03-20,San Joaquin,077,732212,166052,165927,9849,175776,2185
2022-03-20,San Luis Obispo,079,281455,52286,52217,3723,55940,463
2022-03-20,San Mateo,081,765935,120994,119901,6888,126789,684
2022-03-20,Santa Barbara,083,443738,85521,85412,4675,90087,672
2022-03-20,Santa Clara,085,1922200,309392,310412,12237,322649,2243
2022-03-20,Santa Cruz,087,273765,47557,47265,2072,49337,259
2022-03-20,Shasta,089,179085,30482,30522,6077,36599,525
2022-03-20,Sierra,091,2930,271,273,48,321,4
2022-03-20,Siskiyou,093,43540,4439,4426,2714,7140,80
2022-03-20,Solano,095,438530,81219,81393,5547,86940,441
2022-03-20,Sonoma,097,501317,83129,82965,2582,85547,481
2022-03-20,Stanislaus,099,539301,117331,118146,17780,135926,1572
2022-03-20,Sutter,101,95872,20430,20519,2048,22567,218
2022-03-20,Tehama,103,63373,12019,12030,2568,14598,160
2022-03-20,Trinity,105,12862,1182,1174,287,1461,20
2022-03-20,Tulare,107,460477,106210,104353,27478,131831,1389
2022-03-20,Tuolumne,109,53932,12651,12617,558,13175,180
2022-03-20,Ventura,111,848112,172674,172514,9352,181866,1451
2022-03-20,Yolo,113,214977,36893,36135,3017,39152,307
2022-03-20,Yuba,115,75493,15789,15787,1178,16965,117
2022-03-19,Alameda,001,1643700,254970,253936,13537,267473,1797
2022-03-19,Alpine,003,1148,122,122,1,123,0
2022-03-19,Amador,005,37829,8510,8456,638,9094,85
2022-03-19,Butte,007,227075,33152,32856,6913,39769,385
2022-03-19,Calaveras,009,45235,7239,7229,343,7572,119
2022-03-19,Colusa,011,21464,3440,3445,1046,4491,21
2022-03-19,Contra Costa,013,1133247,190316,187225,13152,200377,1276
2022-03-19,Del Norte,015,27424,5780,5815,183,5998,48
2022-03-19,El Dorado,017,186661,26665,26618,3193,29811,199
2022-03-19,Fresno,019,978130,231123,228965,23963,252928,2694
2022-03-19,Glenn,021,27897,4985,4971,1595,6566,44
2022-03-19,Humboldt,023,135768,16836,16901,2926,19827,138
2022-03-19,Imperial,025,180216,55248,55038,10517,65555,898
2022-03-19,Inyo,027,18085,4063,4061,468,4529,56
2022-03-19,Kern,029,883053,191512,190943,45649,236592,2184
2022-03-19,Kings,031,150075,51371,51334,3498,54832,441
2022-03-19,Lake,033,64148,10677,10641,880,11521,135
2022-03-19,Lassen,035,31185,8948,8925,873,9798,63
2022-03-19,Los Angeles,037,10098052,2703774,2686759,122587,2809346,31133
2022-03-19,Madera,039,155013,37186,37273,6002,43275,354
2022-03-19,Marin,041,260295,33294,33163,2171,35334,272
2022-03-19,Mariposa,043,17540,2389,2378,197,2575,6
2022-03-19,Mendocino,045,87422,13014,13012,2997,16009,117
2022-03-19,Merced,047,269075,62220,61985,8618,70603,800
2022-03-19,Modoc,049,8938,732,734,249,983,7
2022-03-19,Mono,051,14174,2965,2961,121,3082,5
2022-03-19,Monterey,053,433212,79113,78483,13523,92006,720
2022-03-19,Napa,055,140530,25676,25654,936,26590,138
2022-03-19,Nevada,057,99092,15903,15960,1188,17148,123
2022-03-19,Orange,059,3164182,545123,543907,41064,584971,6817
2022-03-19,Placer,061,380077,62556,62483,7304,69787,605
2022-03-19,Plumas,063,18699,2964,2724,358,3082,13
2022-03-19,Riverside,065,2383286,590203,589017,27640,616657,6359
2022-03-19,Sacramento,067,1510023,279942,274855,26351,301206,2913
2022-03-19,San Benito,069,59416,12863,12859,507,13366,97
2022-03-19,San Bernardino,071,2135413,573192,559935,24834,584769,6778
2022-03-19,San Diego,073,3302833,748814,747344,52455,799799,5133
2022-03-19,San Francisco,075,870044,123594,123587,8145,131732,833
2022-03-19,San Joaquin,077,732212,166027,165765,9846,175611,2181
2022-03-19,San Luis Obispo,079,281455,52280,52174,3723,55897,463
2022-03-19,San Mateo,081,765935,120957,119782,6887,126669,667
2022-03-19,Santa Barbara,083,443738,85507,85336,4674,90010,671
2022-03-19,Santa Clara,085,1922200,309270,309918,12228,322146,2225
2022-03-19,Santa Cruz,087,273765,47549,47203,2068,49271,256
2022-03-19,Shasta,089,179085,30478,30495,6077,36572,525
2022-03-19,Sierra,091,2930,271,273,48,321,4
2022-03-19,Siskiyou,093,43540,4438,4422,2714,7136,76
2022-03-19,Solano,095,438530,81210,81340,5544,86884,441
2022-03-19,Sonoma,097,501317,83112,82838,2579,85417,472
2022-03-19,Stanislaus,099,539301,117321,118138,17778,135916,1568
2022-03-19,Sutter,101,95872,20427,20503,2048,22551,218
2022-03-19,Tehama,103,63373,12019,12007,2568,14575,160
2022-03-19,Trinity,105,12862,1182,1173,287,1460,20
2022-03-19,Tulare,107,460477,106201,104290,27473,131763,1384
2022-03-19,Tuolumne,109,53932,12650,12617,558,13175,180
2022-03-19,Ventura,111,848112,172643,172380,9351,181731,1451
2022-03-19,Yolo,113,214977,36884,36086,3017,39103,306
2022-03-19,Yuba,115,75493,15785,15768,1177,16945,117
2022-03-18,Alameda,001,1643700,254910,253936,13534,267470,1797
2022-03-18,Alpine,003,1148,122,122,1,123,0
2022-03-18,Amador,005,37829,8510,8456,638,9094,85
2022-03-18,Butte,007,227075,33147,32856,6910,39766,385
2022-03-18,Calaveras,009,45235,7239,7229,343,7572,119
2022-03-18,Colusa,011,21464,3440,3445,1046,4491,21
2022-03-18,Contra Costa,013,1133247,190284,187225,13150,200375,1276
2022-03-18,Del Norte,015,27424,5778,5815,183,5998,48
2022-03-18,El Dorado,017,186661,26660,26618,3191,29809,199
2022-03-18,Fresno,019,978130,231090,228965,23963,252928,2694
2022-03-18,Glenn,021,27897,4984,4971,1595,6566,44
2022-03-18,Humboldt,023,135768,16833,16901,2925,19826,138
2022-03-18,Imperial,025,180216,55246,55038,10517,65555,898
2022-03-18,Inyo,027,18085,4063,4061,468,4529,56
2022-03-18,Kern,029,883053,191501,190943,45646,236589,2184
2022-03-18,Kings,031,150075,51363,51334,3498,54832,441
2022-03-18,Lake,033,64148,10675,10641,879,11520,135
2022-03-18,Lassen,035,31185,8947,8925,873,9798,63
2022-03-18,Los Angeles,037,10098052,2703420,2686759,122561,2809320,31133
2022-03-18,Madera,039,155013,37181,37273,6002,43275,354
2022-03-18,Marin,041,260295,33280,33163,2171,35334,272
2022-03-18,Mariposa,043,17540,2388,2378,197,2575,6
2022-03-18,Mendocino,045,87422,13010,13012,2997,16009,117
2022-03-18,Merced,047,269075,62208,61985,8618,70603,800
2022-03-18,Modoc,049,8938,732,734,249,983,7
2022-03-18,Mono,051,14174,2964,2961,121,3082,5
2022-03-18,Monterey,053,433212,79095,78483,13521,92004,720
2022-03-18,Napa,055,140530,25673,25654,936,26590,138
2022-03-18,Nevada,057,99092,15900,15960,1187,17147,123
2022-03-18,Orange,059,3164182,545056,543907,41055,584962,6817
2022-03-18,Placer,061,380077,62547,62483,7304,69787,605
2022-03-18,Plumas,063,18699,2964,2724,358,3082,13
2022-03-18,Riverside,065,2383286,590143,589017,27636,616653,6359
2022-03-18,Sacramento,067,1510023,279906,274855,26347,301202,2913
2022-03-18,San Benito,069,59416,12861,12859,507,13366,97
2022-03-18,San Bernardino,071,2135413,573154,559935,24832,584767,6778
2022-03-18,San Diego,073,3302833,748706,747344,52440,799784,5133
2022-03-18,San Francisco,075,870044,123515,123587,8140,131727,833
2022-03-18,San Joaquin,077,732212,166012,165765,9841,175606,2181
2022-03-18,San Luis Obispo,079,281455,52273,52174,3723,55897,463
2022-03-18,San Mateo,081,765935,120922,119782,6884,126666,667
2022-03-18,Santa Barbara,083,443738,85497,85336,4673,90009,671
2022-03-18,Santa Clara,085,1922200,309166,309918,12225,322143,2225
2022-03-18,Santa Cruz,087,273765,47537,47203,2067,49270,256
2022-03-18,Shasta,089,179085,30477,30495,6077,36572,525
2022-03-18,Sierra,091,2930,271,273,48,321,4
2022-03-18,Siskiyou,093,43540,4438,4422,2714,7136,76
2022-03-18,Solano,095,438530,81199,81340,5538,86878,441
2022-03-18,Sonoma,097,501317,83091,82838,2578,85416,472
2022-03-18,Stanislaus,099,539301,117308,118138,17778,135916,1568
2022-03-18,Sutter,101,95872,20424,20503,2048,22551,218
2022-03-18,Tehama,103,63373,12018,12007,2568,14575,160
2022-03-18,Trinity,105,12862,1182,1173,287,1460,20
2022-03-18,Tulare,107,460477,106195,104290,27468,131758,1384
2022-03-18,Tuolumne,109,53932,12649,12617,558,13175,180
2022-03-18,Ventura,111,848112,172623,172380,9346,181726,1451
2022-03-18,Yolo,113,214977,36873,36086,3017,39103,306
2022-03-18,Yuba,115,75493,15783,15768,1177,16945,117
2022-03-17,Alameda,001,1643700,254812,253936,13528,267464,1797
2022-03-17,Alpine,003,1148,122,122,1,123,0
2022-03-17,Amador,005,37829,8503,8456,638,9094,85
2022-03-17,Butte,007,227075,33134,32856,6908,39764,385
2022-03-17,Calaveras,009,45235,7236,7229,343,7572,119
2022-03-17,Colusa,011,21464,3440,3445,1046,4491,21
2022-03-17,Contra Costa,013,1133247,190220,187225,13139,200364,1276
2022-03-17,Del Norte,015,27424,5776,5815,183,5998,48
2022-03-17,El Dorado,017,186661,26654,26618,3191,29809,199
2022-03-17,Fresno,019,978130,231041,228965,23960,252925,2694
2022-03-17,Glenn,021,27897,4984,4971,1595,6566,44
2022-03-17,Humboldt,023,135768,16829,16901,2923,19824,138
2022-03-17,Imperial,025,180216,55235,55038,10517,65555,898
2022-03-17,Inyo,027,18085,4063,4061,468,4529,56
2022-03-17,Kern,029,883053,191472,190943,45643,236586,2184
2022-03-17,Kings,031,150075,51360,51334,3497,54831,441
2022-03-17,Lake,033,64148,10672,10641,879,11520,135
2022-03-17,Lassen,035,31185,8945,8925,873,9798,63
2022-03-17,Los Angeles,037,10098052,2702762,2686759,122526,2809285,31133
2022-03-17,Madera,039,155013,37177,37273,6002,43275,354
2022-03-17,Marin,041,260295,33268,33163,2170,35333,272
2022-03-17,Mariposa,043,17540,2388,2378,197,2575,6
2022-03-17,Mendocino,045,87422,13006,13012,2994,16006,117
2022-03-17,Merced,047,269075,62202,61985,8615,70600,800
2022-03-17,Modoc,049,8938,732,734,249,983,7
2022-03-17,Mono,051,14174,2964,2961,120,3081,5
2022-03-17,Monterey,053,433212,79072,78483,13515,91998,720
2022-03-17,Napa,055,140530,25668,25654,936,26590,138
2022-03-17,Nevada,057,99092,15897,15960,1187,17147,123
2022-03-17,Orange,059,3164182,544962,543907,41045,584952,6817
2022-03-17,Placer,061,380077,62531,62483,7302,69785,605
2022-03-17,Plumas,063,18699,2963,2724,358,3082,13
2022-03-17,Riverside,065,2383286,590063,589017,27629,616646,6359
2022-03-17,Sacramento,067,1510023,279840,274855,26341,301196,2913
2022-03-17,San Benito,069,59416,12860,12859,507,13366,97
2022-03-17,San Bernardino,071,2135413,573090,559935,24829,584764,6778
2022-03-17,San Diego,073,3302833,748530,747344,52424,799768,5133
2022-03-17,San Francisco,075,870044,123434,123587,8135,131722,833
2022-03-17,San Joaquin,077,732212,165992,165765,9839,175604,2181
2022-03-17,San Luis Obispo,079,281455,52259,52174,3721,55895,463
2022-03-17,San Mateo,081,765935,120874,119782,6880,126662,667
2022-03-17,Santa Barbara,083,443738,85481,85336,4673,90009,671
2022-03-17,Santa Clara,085,1922200,309046,309918,12220,322138,2225
2022-03-17,Santa Cruz,087,273765,47521,47203,2065,49268,256
2022-03-17,Shasta,089,179085,30473,30495,6075,36570,525
2022-03-17,Sierra,091,2930,271,273,48,321,4
2022-03-17,Siskiyou,093,43540,4437,4422,2714,7136,76
2022-03-17,Solano,095,438530,81170,81340,5534,86874,441
2022-03-17,Sonoma,097,501317,83063,82838,2576,85414,472
2022-03-17,Stanislaus,099,539301,117294,118138,17773,135911,1568
2022-03-17,Sutter,101,95872,20414,20503,2037,22540,218
2022-03-17,Tehama,103,63373,12018,12007,2568,14575,160
2022-03-17,Trinity,105,12862,1182,1173,287,1460,20
2022-03-17,Tulare,107,460477,106179,104290,27458,131748,1384
2022-03-17,Tuolumne,109,53932,12647,12617,557,13174,180
2022-03-17,Ventura,111,848112,172574,172380,9344,181724,1451
2022-03-17,Yolo,113,214977,36859,36086,3017,39103,306
2022-03-17,Yuba,115,75493,15781,15768,1176,16944,117
2022-03-16,Alameda,001,1643700,254713,253792,13525,267317,1794
2022-03-16,Alpine,003,1148,122,122,1,123,0
2022-03-16,Amador,005,37829,8495,8449,638,9087,85
2022-03-16,Butte,007,227075,33123,32837,6903,39740,385
2022-03-16,Calaveras,009,45235,7234,7229,343,7572,120
2022-03-16,Colusa,011,21464,3440,3445,1046,4491,22
2022-03-16,Contra Costa,013,1133247,190162,187100,13128,200228,1266
2022-03-16,Del Norte,015,27424,5775,5811,181,5992,48
2022-03-16,El Dorado,017,186661,26641,26602,3190,29792,199
2022-03-16,Fresno,019,978130,230994,228786,23949,252735,2689
2022-03-16,Glenn,021,27897,4983,4969,1595,6564,44
2022-03-16,Humboldt,023,135768,16826,16893,2923,19816,138
2022-03-16,Imperial,025,180216,55223,55002,10516,65518,897
2022-03-16,Inyo,027,18085,4062,4061,468,4529,56
2022-03-16,Kern,029,883053,191430,190835,45636,236471,2170
2022-03-16,Kings,031,150075,51345,51321,3497,54818,437
2022-03-16,Lake,033,64148,10670,10633,878,11511,133
2022-03-16,Lassen,035,31185,8942,8924,873,9797,62
2022-03-16,Los Angeles,037,10098052,2702132,2685789,122484,2808273,31102
2022-03-16,Madera,039,155013,37167,37262,6001,43263,354
2022-03-16,Marin,041,260295,33247,33136,2168,35304,272
2022-03-16,Mariposa,043,17540,2386,2376,197,2573,6
2022-03-16,Mendocino,045,87422,13003,13011,2993,16004,117
2022-03-16,Merced,047,269075,62186,61959,8611,70570,798
2022-03-16,Modoc,049,8938,731,734,249,983,7
2022-03-16,Mono,051,14174,2964,2960,120,3080,5
2022-03-16,Monterey,053,433212,79050,78416,13510,91926,720
2022-03-16,Napa,055,140530,25659,25638,936,26574,138
2022-03-16,Nevada,057,99092,15895,15960,1187,17147,123
2022-03-16,Orange,059,3164182,544839,543326,41022,584348,6791
2022-03-16,Placer,061,380077,62515,62435,7300,69735,605
2022-03-16,Plumas,063,18699,2963,2723,358,3081,13
2022-03-16,Riverside,065,2383286,589967,588761,27626,616387,6351
2022-03-16,Sacramento,067,1510023,279774,274709,26334,301043,2910
2022-03-16,San Benito,069,59416,12855,12854,507,13361,97
2022-03-16,San Bernardino,071,2135413,573009,559746,24822,584568,6775
2022-03-16,San Diego,073,3302833,748325,746970,52400,799370,5126
2022-03-16,San Francisco,075,870044,123334,123446,8128,131574,831
2022-03-16,San Joaquin,077,732212,165945,165703,9836,175539,2169
2022-03-16,San Luis Obispo,079,281455,52241,52132,3717,55849,462
2022-03-16,San Mateo,081,765935,120811,119680,6872,126552,660
2022-03-16,Santa Barbara,083,443738,85448,85322,4669,89991,670
2022-03-16,Santa Clara,085,1922200,308860,309689,12205,321894,2224
2022-03-16,Santa Cruz,087,273765,47492,47161,2065,49226,255
2022-03-16,Shasta,089,179085,30464,30489,6071,36560,527
2022-03-16,Sierra,091,2930,271,273,48,321,4
2022-03-16,Siskiyou,093,43540,4434,4419,2712,7131,76
2022-03-16,Solano,095,438530,81147,81277,5532,86809,440
2022-03-16,Sonoma,097,501317,83020,82791,2566,85357,472
2022-03-16,Stanislaus,099,539301,117268,118072,17771,135843,1567
2022-03-16,Sutter,101,95872,20412,20494,2036,22530,218
2022-03-16,Tehama,103,63373,12016,11999,2568,14567,160
2022-03-16,Trinity,105,12862,1182,1173,287,1460,20
2022-03-16,Tulare,107,460477,106166,104217,27452,131669,1377
2022-03-16,Tuolumne,109,53932,12642,12610,557,13167,180
2022-03-16,Ventura,111,848112,172533,172212,9340,181552,1451
2022-03-16,Yolo,113,214977,36836,36079,3016,39095,307
2022-03-16,Yuba,115,75493,15776,15758,1176,16934,117
2022-03-15,Alameda,001,1643700,254581,253694,13516,267210,1793
2022-03-15,Alpine,003,1148,122,122,1,123,0
2022-03-15,Amador,005,37829,8492,8448,638,9086,85
2022-03-15,Butte,007,227075,33110,32822,6902,39724,385
2022-03-15,Calaveras,009,45235,7232,7236,343,7579,118
2022-03-15,Colusa,011,21464,3440,3445,1046,4491,21
2022-03-15,Contra Costa,013,1133247,190081,187021,13121,200142,1265
2022-03-15,Del Norte,015,27424,5772,5806,178,5984,48
2022-03-15,El Dorado,017,186661,26638,26596,3190,29786,199
2022-03-15,Fresno,019,978130,230951,228631,23940,252571,2689
2022-03-15,Glenn,021,27897,4981,4966,1595,6561,44
2022-03-15,Humboldt,023,135768,16820,16889,2922,19811,138
2022-03-15,Imperial,025,180216,55213,54981,10512,65493,896
2022-03-15,Inyo,027,18085,4062,4062,467,4529,56
2022-03-15,Kern,029,883053,191401,190645,45626,236271,2168
2022-03-15,Kings,031,150075,51326,51317,3493,54810,437
2022-03-15,Lake,033,64148,10666,10631,878,11509,131
2022-03-15,Lassen,035,31185,8940,8926,873,9799,62
2022-03-15,Los Angeles,037,10098052,2701443,2685071,122427,2807498,31077
2022-03-15,Madera,039,155013,37158,37258,6000,43258,354
2022-03-15,Marin,041,260295,33224,33111,2167,35278,272
2022-03-15,Mariposa,043,17540,2384,2377,197,2574,6
2022-03-15,Mendocino,045,87422,12998,13005,2992,15997,117
2022-03-15,Merced,047,269075,62168,61916,8602,70518,798
2022-03-15,Modoc,049,8938,731,733,249,982,7
2022-03-15,Mono,051,14174,2964,2961,120,3081,5
2022-03-15,Monterey,053,433212,79020,78400,13502,91902,718
2022-03-15,Napa,055,140530,25651,25657,934,26591,138
2022-03-15,Nevada,057,99092,15893,15960,1185,17145,123
2022-03-15,Orange,059,3164182,544700,543197,41015,584212,6780
2022-03-15,Placer,061,380077,62498,62398,7296,69694,604
2022-03-15,Plumas,063,18699,2962,2722,358,3080,13
2022-03-15,Riverside,065,2383286,589868,588622,27618,616240,6333
2022-03-15,Sacramento,067,1510023,279689,274633,26328,300961,2907
2022-03-15,San Benito,069,59416,12851,12849,507,13356,95
2022-03-15,San Bernardino,071,2135413,572933,559605,24819,584424,6770
2022-03-15,San Diego,073,3302833,748082,746474,52378,798852,5116
2022-03-15,San Francisco,075,870044,123217,123526,8119,131645,831
2022-03-15,San Joaquin,077,732212,165902,165664,9830,175494,2161
2022-03-15,San Luis Obispo,079,281455,52231,52060,3713,55773,458
2022-03-15,San Mateo,081,765935,120760,119586,6866,126452,649
2022-03-15,Santa Barbara,083,443738,85423,85353,4665,90018,668
2022-03-15,Santa Clara,085,1922200,308700,309535,12193,321728,2224
2022-03-15,Santa Cruz,087,273765,47439,47117,2065,49182,255
2022-03-15,Shasta,089,179085,30455,30476,6068,36544,524
2022-03-15,Sierra,091,2930,271,273,48,321,4
2022-03-15,Siskiyou,093,43540,4434,4420,2712,7132,76
2022-03-15,Solano,095,438530,81111,81260,5531,86791,440
2022-03-15,Sonoma,097,501317,82980,82737,2566,85303,472
2022-03-15,Stanislaus,099,539301,117250,118085,17768,135853,1567
2022-03-15,Sutter,101,95872,20409,20480,2027,22507,217
2022-03-15,Tehama,103,63373,12013,11997,2568,14565,160
2022-03-15,Trinity,105,12862,1182,1173,287,1460,20
2022-03-15,Tulare,107,460477,106147,104153,27440,131593,1375
2022-03-15,Tuolumne,109,53932,12638,12602,557,13159,180
2022-03-15,Ventura,111,848112,172488,172150,9337,181487,1451
2022-03-15,Yolo,113,214977,36820,36079,3012,39091,308
2022-03-15,Yuba,115,75493,15768,15756,1176,16932,116
2022-03-14,Alameda,001,1643700,254471,253629,13512,267141,1791
2022-03-14,Alpine,003,1148,122,122,1,123,0
2022-03-14,Amador,005,37829,8487,8448,638,9086,85
2022-03-14,Butte,007,227075,33094,32812,6902,39714,385
2022-03-14,Calaveras,009,45235,7231,7245,343,7588,118
2022-03-14,Colusa,011,21464,3439,3445,1046,4491,21
2022-03-14,Contra Costa,013,1133247,189989,186969,13113,200082,1265
2022-03-14,Del Norte,015,27424,5766,5807,178,5985,48
2022-03-14,El Dorado,017,186661,26633,26570,3190,29760,199
2022-03-14,Fresno,019,978130,230876,228470,23930,252400,2682
2022-03-14,Glenn,021,27897,4979,4966,1595,6561,44
2022-03-14,Humboldt,023,135768,16813,16890,2920,19810,137
2022-03-14,Imperial,025,180216,55202,54933,10511,65444,897
2022-03-14,Inyo,027,18085,4062,4062,467,4529,56
2022-03-14,Kern,029,883053,191366,190526,45615,236141,2166
2022-03-14,Kings,031,150075,51308,51293,3492,54785,437
2022-03-14,Lake,033,64148,10663,10631,878,11509,131
2022-03-14,Lassen,035,31185,8940,8927,872,9799,62
2022-03-14,Los Angeles,037,10098052,2700810,2683369,122361,2805730,31034
2022-03-14,Madera,039,155013,37151,37255,5999,43254,354
2022-03-14,Marin,041,260295,33196,33099,2167,35266,272
2022-03-14,Mariposa,043,17540,2383,2376,197,2573,6
2022-03-14,Mendocino,045,87422,12993,12992,2985,15977,117
2022-03-14,Merced,047,269075,62149,61905,8600,70505,795
2022-03-14,Modoc,049,8938,730,731,249,980,7
2022-03-14,Mono,051,14174,2963,2961,120,3081,5
2022-03-14,Monterey,053,433212,79005,78376,13466,91842,718
2022-03-14,Napa,055,140530,25637,25649,934,26583,138
2022-03-14,Nevada,057,99092,15891,15954,1185,17139,123
2022-03-14,Orange,059,3164182,544563,543099,41004,584103,6775
2022-03-14,Placer,061,380077,62480,62389,7294,69683,601
2022-03-14,Plumas,063,18699,2962,2711,358,3069,13
2022-03-14,Riverside,065,2383286,589734,588531,27608,616139,6332
2022-03-14,Sacramento,067,1510023,279608,274682,26323,301005,2899
2022-03-14,San Benito,069,59416,12846,12846,507,13353,95
2022-03-14,San Bernardino,071,2135413,572845,559505,24814,584319,6767
2022-03-14,San Diego,073,3302833,747779,745515,52349,797864,5108
2022-03-14,San Francisco,075,870044,123126,123575,8113,131688,824
2022-03-14,San Joaquin,077,732212,165863,165662,9829,175491,2142
2022-03-14,San Luis Obispo,079,281455,52203,52046,3710,55756,458
2022-03-14,San Mateo,081,765935,120687,119564,6864,126428,649
2022-03-14,Santa Barbara,083,443738,85386,85396,4664,90060,667
2022-03-14,Santa Clara,085,1922200,308516,309600,12189,321789,2223
2022-03-14,Santa Cruz,087,273765,47401,47107,2063,49170,255
2022-03-14,Shasta,089,179085,30450,30462,6065,36527,520
2022-03-14,Sierra,091,2930,271,273,48,321,4
2022-03-14,Siskiyou,093,43540,4429,4419,2711,7130,76
2022-03-14,Solano,095,438530,81062,81233,5526,86759,440
2022-03-14,Sonoma,097,501317,82944,82731,2562,85293,473
2022-03-14,Stanislaus,099,539301,117214,118088,17764,135852,1567
2022-03-14,Sutter,101,95872,20402,20478,2027,22505,217
2022-03-14,Tehama,103,63373,12011,11996,2568,14564,160
2022-03-14,Trinity,105,12862,1182,1172,287,1459,20
2022-03-14,Tulare,107,460477,106118,104121,27433,131554,1365
2022-03-14,Tuolumne,109,53932,12637,12567,556,13123,180
2022-03-14,Ventura,111,848112,172435,172107,9335,181442,1442
2022-03-14,Yolo,113,214977,36804,36059,3010,39069,308
2022-03-14,Yuba,115,75493,15756,15748,1176,16924,116
2022-03-13,Alameda,001,1643700,254347,253547,13504,267051,1792
2022-03-13,Alpine,003,1148,122,122,1,123,0
2022-03-13,Amador,005,37829,8485,8444,638,9082,85
2022-03-13,Butte,007,227075,33075,32806,6899,39705,384
2022-03-13,Calaveras,009,45235,7226,7253,343,7596,118
2022-03-13,Colusa,011,21464,3439,3444,1044,4488,21
2022-03-13,Contra Costa,013,1133247,189892,186911,13100,200011,1265
2022-03-13,Del Norte,015,27424,5762,5808,178,5986,48
2022-03-13,El Dorado,017,186661,26628,26563,3189,29752,199
2022-03-13,Fresno,019,978130,230794,228421,23916,252337,2683
2022-03-13,Glenn,021,27897,4976,4966,1594,6560,44
2022-03-13,Humboldt,023,135768,16805,16883,2920,19803,137
2022-03-13,Imperial,025,180216,55191,54934,10509,65443,897
2022-03-13,Inyo,027,18085,4062,4062,466,4528,56
2022-03-13,Kern,029,883053,191312,190495,45603,236098,2166
2022-03-13,Kings,031,150075,51300,51273,3492,54765,437
2022-03-13,Lake,033,64148,10660,10626,878,11504,131
2022-03-13,Lassen,035,31185,8939,8929,871,9800,62
2022-03-13,Los Angeles,037,10098052,2700084,2683351,122317,2805668,31034
2022-03-13,Madera,039,155013,37143,37248,5999,43247,354
2022-03-13,Marin,041,260295,33172,33083,2165,35248,272
2022-03-13,Mariposa,043,17540,2381,2376,197,2573,6
2022-03-13,Mendocino,045,87422,12987,12987,2980,15967,117
2022-03-13,Merced,047,269075,62127,61895,8590,70485,795
2022-03-13,Modoc,049,8938,730,731,249,980,7
2022-03-13,Mono,051,14174,2963,2961,120,3081,5
2022-03-13,Monterey,053,433212,78969,78366,13418,91784,718
2022-03-13,Napa,055,140530,25623,25639,933,26572,138
2022-03-13,Nevada,057,99092,15884,15959,1185,17144,123
2022-03-13,Orange,059,3164182,544443,543036,40980,584016,6774
2022-03-13,Placer,061,380077,62453,62372,7291,69663,601
2022-03-13,Plumas,063,18699,2962,2711,358,3069,13
2022-03-13,Riverside,065,2383286,589601,588487,27602,616089,6332
2022-03-13,Sacramento,067,1510023,279510,274715,26311,301026,2899
2022-03-13,San Benito,069,59416,12840,12844,505,13349,95
2022-03-13,San Bernardino,071,2135413,572755,559450,24804,584254,6767
2022-03-13,San Diego,073,3302833,747438,745515,52315,797830,5108
2022-03-13,San Francisco,075,870044,123005,123622,8107,131729,824
2022-03-13,San Joaquin,077,732212,165814,165641,9827,175468,2142
2022-03-13,San Luis Obispo,079,281455,52174,52040,3707,55747,458
2022-03-13,San Mateo,081,765935,120609,119521,6855,126376,649
2022-03-13,Santa Barbara,083,443738,85346,85453,4662,90115,667
2022-03-13,Santa Clara,085,1922200,308345,309493,12181,321674,2225
2022-03-13,Santa Cruz,087,273765,47349,47087,2063,49150,255
2022-03-13,Shasta,089,179085,30433,30457,6063,36520,520
2022-03-13,Sierra,091,2930,271,273,48,321,4
2022-03-13,Siskiyou,093,43540,4429,4418,2711,7129,76
2022-03-13,Solano,095,438530,81027,81217,5521,86738,440
2022-03-13,Sonoma,097,501317,82909,82711,2558,85269,473
2022-03-13,Stanislaus,099,539301,117181,118075,17759,135834,1567
2022-03-13,Sutter,101,95872,20398,20474,2027,22501,217
2022-03-13,Tehama,103,63373,12010,11997,2567,14564,160
2022-03-13,Trinity,105,12862,1182,1172,287,1459,20
2022-03-13,Tulare,107,460477,106085,104119,27425,131544,1365
2022-03-13,Tuolumne,109,53932,12634,12565,556,13121,180
2022-03-13,Ventura,111,848112,172377,172080,9328,181408,1442
2022-03-13,Yolo,113,214977,36785,36019,3008,39027,308
2022-03-13,Yuba,115,75493,15751,15741,1176,16917,116
2022-03-12,Alameda,001,1643700,254279,253079,13499,266578,1783
2022-03-12,Alpine,003,1148,122,122,1,123,0
2022-03-12,Amador,005,37829,8481,8427,638,9065,84
2022-03-12,Butte,007,227075,33070,32774,6897,39671,380
2022-03-12,Calaveras,009,45235,7225,7253,343,7596,118
2022-03-12,Colusa,011,21464,3439,3440,1044,4484,21
2022-03-12,Contra Costa,013,1133247,189850,186618,13099,199717,1256
2022-03-12,Del Norte,015,27424,5761,5791,178,5969,48
2022-03-12,El Dorado,017,186661,26624,26538,3189,29727,199
2022-03-12,Fresno,019,978130,230772,228041,23916,251957,2653
2022-03-12,Glenn,021,27897,4976,4955,1594,6549,44
2022-03-12,Humboldt,023,135768,16801,16862,2919,19781,137
2022-03-12,Imperial,025,180216,55186,54837,10506,65343,896
2022-03-12,Inyo,027,18085,4062,4056,466,4522,56
2022-03-12,Kern,029,883053,191295,190330,45598,235928,2162
2022-03-12,Kings,031,150075,51294,51145,3492,54637,436
2022-03-12,Lake,033,64148,10658,10594,877,11471,131
2022-03-12,Lassen,035,31185,8938,8915,871,9786,62
2022-03-12,Los Angeles,037,10098052,2699754,2678858,122297,2801155,30901
2022-03-12,Madera,039,155013,37138,37223,5999,43222,354
2022-03-12,Marin,041,260295,33147,33015,2164,35179,272
2022-03-12,Mariposa,043,17540,2381,2372,197,2569,6
2022-03-12,Mendocino,045,87422,12983,12965,2980,15945,117
2022-03-12,Merced,047,269075,62120,61840,8588,70428,795
2022-03-12,Modoc,049,8938,730,730,249,979,7
2022-03-12,Mono,051,14174,2963,2960,119,3079,5
2022-03-12,Monterey,053,433212,78962,78285,13416,91701,716
2022-03-12,Napa,055,140530,25613,25584,932,26516,138
2022-03-12,Nevada,057,99092,15878,15947,1185,17132,123
2022-03-12,Orange,059,3164182,544379,542354,40971,583325,6718
2022-03-12,Placer,061,380077,62444,62282,7291,69573,598
2022-03-12,Plumas,063,18699,2962,2707,358,3065,13
2022-03-12,Riverside,065,2383286,589536,588022,27597,615619,6317
2022-03-12,Sacramento,067,1510023,279470,274519,26307,300826,2886
2022-03-12,San Benito,069,59416,12837,12868,505,13373,95
2022-03-12,San Bernardino,071,2135413,572711,559013,24803,583816,6734
2022-03-12,San Diego,073,3302833,747316,744386,52293,796679,5090
2022-03-12,San Francisco,075,870044,122940,123610,8101,131711,823
2022-03-12,San Joaquin,077,732212,165797,165516,9824,175340,2117
2022-03-12,San Luis Obispo,079,281455,52165,51947,3704,55651,457
2022-03-12,San Mateo,081,765935,120573,119288,6854,126142,641
2022-03-12,Santa Barbara,083,443738,85327,85421,4662,90083,664
2022-03-12,Santa Clara,085,1922200,308246,308989,12176,321165,2208
2022-03-12,Santa Cruz,087,273765,47336,46982,2062,49044,254
2022-03-12,Shasta,089,179085,30421,30419,6061,36480,517
2022-03-12,Sierra,091,2930,271,273,48,321,4
2022-03-12,Siskiyou,093,43540,4429,4405,2711,7116,75
2022-03-12,Solano,095,438530,81013,81058,5521,86579,436
2022-03-12,Sonoma,097,501317,82892,82622,2556,85178,473
2022-03-12,Stanislaus,099,539301,117167,117884,17758,135642,1564
2022-03-12,Sutter,101,95872,20397,20429,2027,22456,217
2022-03-12,Tehama,103,63373,12010,11983,2567,14550,159
2022-03-12,Trinity,105,12862,1181,1172,287,1459,20
2022-03-12,Tulare,107,460477,106080,103994,27421,131415,1358
2022-03-12,Tuolumne,109,53932,12633,12476,556,13032,180
2022-03-12,Ventura,111,848112,172352,171932,9327,181259,1442
2022-03-12,Yolo,113,214977,36778,35982,3006,38988,308
2022-03-12,Yuba,115,75493,15751,15722,1176,16898,116
2022-03-11,Alameda,001,1643700,254214,253079,13499,266578,1783
2022-03-11,Alpine,003,1148,122,122,1,123,0
2022-03-11,Amador,005,37829,8479,8427,638,9065,84
2022-03-11,Butte,007,227075,33066,32774,6896,39670,380
2022-03-11,Calaveras,009,45235,7225,7253,343,7596,118
2022-03-11,Colusa,011,21464,3439,3440,1044,4484,21
2022-03-11,Contra Costa,013,1133247,189802,186618,13097,199715,1256
2022-03-11,Del Norte,015,27424,5757,5791,178,5969,48
2022-03-11,El Dorado,017,186661,26620,26538,3189,29727,199
2022-03-11,Fresno,019,978130,230718,228041,23912,251953,2653
2022-03-11,Glenn,021,27897,4976,4955,1594,6549,44
2022-03-11,Humboldt,023,135768,16796,16862,2918,19780,137
2022-03-11,Imperial,025,180216,55180,54837,10505,65342,896
2022-03-11,Inyo,027,18085,4062,4056,466,4522,56
2022-03-11,Kern,029,883053,191274,190330,45593,235923,2162
2022-03-11,Kings,031,150075,51274,51145,3492,54637,436
2022-03-11,Lake,033,64148,10654,10594,877,11471,131
2022-03-11,Lassen,035,31185,8937,8915,871,9786,62
2022-03-11,Los Angeles,037,10098052,2699431,2678858,122272,2801130,30901
2022-03-11,Madera,039,155013,37133,37223,5999,43222,354
2022-03-11,Marin,041,260295,33131,33015,2163,35178,272
2022-03-11,Mariposa,043,17540,2380,2372,197,2569,6
2022-03-11,Mendocino,045,87422,12977,12965,2980,15945,117
2022-03-11,Merced,047,269075,62113,61840,8586,70426,795
2022-03-11,Modoc,049,8938,730,730,249,979,7
2022-03-11,Mono,051,14174,2962,2960,119,3079,5
2022-03-11,Monterey,053,433212,78949,78285,13409,91694,716
2022-03-11,Napa,055,140530,25602,25584,932,26516,138
2022-03-11,Nevada,057,99092,15875,15947,1185,17132,123
2022-03-11,Orange,059,3164182,544310,542354,40957,583311,6718
2022-03-11,Placer,061,380077,62433,62282,7290,69572,598
2022-03-11,Plumas,063,18699,2960,2707,358,3065,13
2022-03-11,Riverside,065,2383286,589459,588022,27593,615615,6317
2022-03-11,Sacramento,067,1510023,279402,274519,26304,300823,2886
2022-03-11,San Benito,069,59416,12836,12868,505,13373,95
2022-03-11,San Bernardino,071,2135413,572654,559013,24798,583811,6734
2022-03-11,San Diego,073,3302833,747150,744386,52279,796665,5090
2022-03-11,San Francisco,075,870044,122889,123610,8097,131707,823
2022-03-11,San Joaquin,077,732212,165763,165516,9821,175337,2117
2022-03-11,San Luis Obispo,079,281455,52157,51947,3703,55650,457
2022-03-11,San Mateo,081,765935,120524,119288,6851,126139,641
2022-03-11,Santa Barbara,083,443738,85307,85421,4661,90082,664
2022-03-11,Santa Clara,085,1922200,308146,308989,12173,321162,2208
2022-03-11,Santa Cruz,087,273765,47321,46982,2062,49044,254
2022-03-11,Shasta,089,179085,30416,30419,6058,36477,517
2022-03-11,Sierra,091,2930,271,273,48,321,4
2022-03-11,Siskiyou,093,43540,4427,4405,2709,7114,75
2022-03-11,Solano,095,438530,80999,81058,5520,86578,436
2022-03-11,Sonoma,097,501317,82867,82622,2554,85176,473
2022-03-11,Stanislaus,099,539301,117153,117884,17756,135640,1564
2022-03-11,Sutter,101,95872,20395,20429,2027,22456,217
2022-03-11,Tehama,103,63373,12008,11983,2567,14550,159
2022-03-11,Trinity,105,12862,1181,1172,287,1459,20
2022-03-11,Tulare,107,460477,106066,103994,27415,131409,1358
2022-03-11,Tuolumne,109,53932,12631,12476,556,13032,180
2022-03-11,Ventura,111,848112,172316,171932,9322,181254,1442
2022-03-11,Yolo,113,214977,36767,35982,3006,38988,308
2022-03-11,Yuba,115,75493,15748,15722,1176,16898,116
2022-03-10,Alameda,001,1643700,254103,253079,13493,266572,1783
2022-03-10,Alpine,003,1148,122,122,1,123,0
2022-03-10,Amador,005,37829,8478,8427,638,9065,84
2022-03-10,Butte,007,227075,33050,32774,6894,39668,380
2022-03-10,Calaveras,009,45235,7224,7253,342,7595,118
2022-03-10,Colusa,011,21464,3439,3440,1044,4484,21
2022-03-10,Contra Costa,013,1133247,189718,186618,13087,199705,1256
2022-03-10,Del Norte,015,27424,5748,5791,178,5969,48
2022-03-10,El Dorado,017,186661,26608,26538,3188,29726,199
2022-03-10,Fresno,019,978130,230644,228041,23902,251943,2653
2022-03-10,Glenn,021,27897,4973,4955,1594,6549,44
2022-03-10,Humboldt,023,135768,16787,16862,2917,19779,137
2022-03-10,Imperial,025,180216,55170,54837,10504,65341,896
2022-03-10,Inyo,027,18085,4061,4056,466,4522,56
2022-03-10,Kern,029,883053,191241,190330,45579,235909,2162
2022-03-10,Kings,031,150075,51245,51145,3491,54636,436
2022-03-10,Lake,033,64148,10644,10594,876,11470,131
2022-03-10,Lassen,035,31185,8937,8915,871,9786,62
2022-03-10,Los Angeles,037,10098052,2698878,2678858,122233,2801091,30901
2022-03-10,Madera,039,155013,37127,37223,5992,43215,354
2022-03-10,Marin,041,260295,33118,33015,2159,35174,272
2022-03-10,Mariposa,043,17540,2380,2372,197,2569,6
2022-03-10,Mendocino,045,87422,12974,12965,2980,15945,117
2022-03-10,Merced,047,269075,62094,61840,8581,70421,795
2022-03-10,Modoc,049,8938,729,730,249,979,7
2022-03-10,Mono,051,14174,2962,2960,119,3079,5
2022-03-10,Monterey,053,433212,78926,78285,13384,91669,716
2022-03-10,Napa,055,140530,25593,25584,931,26515,138
2022-03-10,Nevada,057,99092,15868,15947,1185,17132,123
2022-03-10,Orange,059,3164182,544189,542354,40940,583294,6718
2022-03-10,Placer,061,380077,62411,62282,7285,69567,598
2022-03-10,Plumas,063,18699,2959,2707,358,3065,13
2022-03-10,Riverside,065,2383286,589344,588022,27588,615610,6317
2022-03-10,Sacramento,067,1510023,279324,274519,26298,300817,2886
2022-03-10,San Benito,069,59416,12835,12868,504,13372,95
2022-03-10,San Bernardino,071,2135413,572581,559013,24794,583807,6734
2022-03-10,San Diego,073,3302833,746892,744386,52248,796634,5090
2022-03-10,San Francisco,075,870044,122821,123610,8091,131701,823
2022-03-10,San Joaquin,077,732212,165732,165516,9819,175335,2117
2022-03-10,San Luis Obispo,079,281455,52134,51947,3700,55647,457
2022-03-10,San Mateo,081,765935,120461,119288,6849,126137,641
2022-03-10,Santa Barbara,083,443738,85275,85421,4660,90081,664
2022-03-10,Santa Clara,085,1922200,308020,308989,12165,321154,2208
2022-03-10,Santa Cruz,087,273765,47289,46982,2062,49044,254
2022-03-10,Shasta,089,179085,30407,30419,6056,36475,517
2022-03-10,Sierra,091,2930,271,273,48,321,4
2022-03-10,Siskiyou,093,43540,4427,4405,2709,7114,75
2022-03-10,Solano,095,438530,80963,81058,5515,86573,436
2022-03-10,Sonoma,097,501317,82840,82622,2554,85176,473
2022-03-10,Stanislaus,099,539301,117119,117884,17754,135638,1564
2022-03-10,Sutter,101,95872,20391,20429,2027,22456,217
2022-03-10,Tehama,103,63373,12007,11983,2567,14550,159
2022-03-10,Trinity,105,12862,1181,1172,287,1459,20
2022-03-10,Tulare,107,460477,106048,103994,27409,131403,1358
2022-03-10,Tuolumne,109,53932,12628,12476,556,13032,180
2022-03-10,Ventura,111,848112,172275,171932,9319,181251,1442
2022-03-10,Yolo,113,214977,36754,35982,3005,38987,308
2022-03-10,Yuba,115,75493,15738,15722,1175,16897,116
2022-03-09,Alameda,001,1643700,253980,252893,13488,266381,1781
2022-03-09,Alpine,003,1148,122,125,1,126,0
2022-03-09,Amador,005,37829,8472,8409,638,9047,84
2022-03-09,Butte,007,227075,33041,32767,6890,39657,380
2022-03-09,Calaveras,009,45235,7222,7249,342,7591,117
2022-03-09,Colusa,011,21464,3438,3439,1044,4483,21
2022-03-09,Contra Costa,013,1133247,189624,186483,13072,199555,1256
2022-03-09,Del Norte,015,27424,5744,5765,178,5943,48
2022-03-09,El Dorado,017,186661,26603,26515,3188,29703,198
2022-03-09,Fresno,019,978130,230545,227885,23895,251780,2653
2022-03-09,Glenn,021,27897,4972,4953,1593,6546,44
2022-03-09,Humboldt,023,135768,16782,16854,2914,19768,137
2022-03-09,Imperial,025,180216,55165,54764,10502,65266,894
2022-03-09,Inyo,027,18085,4061,4056,466,4522,56
2022-03-09,Kern,029,883053,191193,190254,45567,235821,2159
2022-03-09,Kings,031,150075,51224,51122,3491,54613,435
2022-03-09,Lake,033,64148,10637,10586,876,11462,130
2022-03-09,Lassen,035,31185,8937,8901,871,9772,62
2022-03-09,Los Angeles,037,10098052,2698228,2677901,122194,2800095,30842
2022-03-09,Madera,039,155013,37120,37207,5991,43198,354
2022-03-09,Marin,041,260295,33100,32967,2159,35126,272
2022-03-09,Mariposa,043,17540,2377,2372,197,2569,6
2022-03-09,Mendocino,045,87422,12970,12957,2975,15932,117
2022-03-09,Merced,047,269075,62077,61792,8575,70367,792
2022-03-09,Modoc,049,8938,728,730,248,978,7
2022-03-09,Mono,051,14174,2962,2962,119,3081,5
2022-03-09,Monterey,053,433212,78904,78258,13341,91599,716
2022-03-09,Napa,055,140530,25572,25561,930,26491,138
2022-03-09,Nevada,057,99092,15859,15938,1184,17122,123
2022-03-09,Orange,059,3164182,544059,542278,40928,583206,6700
2022-03-09,Placer,061,380077,62390,62242,7281,69523,598
2022-03-09,Plumas,063,18699,2958,2708,358,3066,13
2022-03-09,Riverside,065,2383286,589248,587833,27578,615411,6305
2022-03-09,Sacramento,067,1510023,279240,274373,26282,300655,2877
2022-03-09,San Benito,069,59416,12832,12864,504,13368,95
2022-03-09,San Bernardino,071,2135413,572489,558795,24783,583578,6723
2022-03-09,San Diego,073,3302833,746621,743956,52221,796177,5083
2022-03-09,San Francisco,075,870044,122731,123676,8087,131763,812
2022-03-09,San Joaquin,077,732212,165692,165444,9813,175257,2113
2022-03-09,San Luis Obispo,079,281455,52115,51923,3698,55621,457
2022-03-09,San Mateo,081,765935,120403,119194,6837,126031,639
2022-03-09,Santa Barbara,083,443738,85261,85382,4658,90040,661
2022-03-09,Santa Clara,085,1922200,307884,308765,12155,320920,2206
2022-03-09,Santa Cruz,087,273765,47249,46917,2061,48978,254
2022-03-09,Shasta,089,179085,30385,30407,6055,36462,493
2022-03-09,Sierra,091,2930,271,273,48,321,4
2022-03-09,Siskiyou,093,43540,4425,4403,2708,7111,75
2022-03-09,Solano,095,438530,80927,80984,5514,86498,436
2022-03-09,Sonoma,097,501317,82807,82574,2552,85126,473
2022-03-09,Stanislaus,099,539301,117082,117827,17749,135576,1541
2022-03-09,Sutter,101,95872,20380,20409,2023,22432,217
2022-03-09,Tehama,103,63373,12003,11980,2567,14547,159
2022-03-09,Trinity,105,12862,1181,1174,287,1461,20
2022-03-09,Tulare,107,460477,106020,103932,27396,131328,1350
2022-03-09,Tuolumne,109,53932,12626,12444,556,13000,180
2022-03-09,Ventura,111,848112,172225,171852,9316,181168,1448
2022-03-09,Yolo,113,214977,36735,35973,2993,38966,308
2022-03-09,Yuba,115,75493,15733,15714,1174,16888,115
2022-03-08,Alameda,001,1643700,253825,252744,13476,266220,1769
2022-03-08,Alpine,003,1148,122,125,1,126,0
2022-03-08,Amador,005,37829,8458,8407,638,9045,84
2022-03-08,Butte,007,227075,33027,32759,6886,39645,380
2022-03-08,Calaveras,009,45235,7218,7245,342,7587,117
2022-03-08,Colusa,011,21464,3435,3439,1043,4482,21
2022-03-08,Contra Costa,013,1133247,189537,186396,13059,199455,1256
2022-03-08,Del Norte,015,27424,5739,5763,178,5941,48
2022-03-08,El Dorado,017,186661,26593,26503,3182,29685,197
2022-03-08,Fresno,019,978130,230447,227808,23886,251694,2653
2022-03-08,Glenn,021,27897,4970,4944,1592,6536,43
2022-03-08,Humboldt,023,135768,16770,16837,2901,19738,137
2022-03-08,Imperial,025,180216,55150,54721,10500,65221,890
2022-03-08,Inyo,027,18085,4058,4056,466,4522,56
2022-03-08,Kern,029,883053,191129,190208,45553,235761,2154
2022-03-08,Kings,031,150075,51182,51089,3489,54578,434
2022-03-08,Lake,033,64148,10627,10571,876,11447,130
2022-03-08,Lassen,035,31185,8936,8897,871,9768,62
2022-03-08,Los Angeles,037,10098052,2697535,2677166,122156,2799322,30803
2022-03-08,Madera,039,155013,37110,37185,5990,43175,354
2022-03-08,Marin,041,260295,33063,32943,2158,35101,272
2022-03-08,Mariposa,043,17540,2375,2371,197,2568,6
2022-03-08,Mendocino,045,87422,12966,12950,2974,15924,117
2022-03-08,Merced,047,269075,62057,61767,8564,70331,791
2022-03-08,Modoc,049,8938,727,729,248,977,7
2022-03-08,Mono,051,14174,2961,2961,119,3080,5
2022-03-08,Monterey,053,433212,78884,78247,13304,91551,711
2022-03-08,Napa,055,140530,25546,25528,929,26457,137
2022-03-08,Nevada,057,99092,15848,15939,1183,17122,122
2022-03-08,Orange,059,3164182,543914,542164,40908,583072,6692
2022-03-08,Placer,061,380077,62363,62221,7280,69501,594
2022-03-08,Plumas,063,18699,2958,2703,358,3061,13
2022-03-08,Riverside,065,2383286,589140,587686,27571,615257,6294
2022-03-08,Sacramento,067,1510023,279145,274276,26263,300539,2872
2022-03-08,San Benito,069,59416,12830,12855,504,13359,94
2022-03-08,San Bernardino,071,2135413,572396,558512,24773,583285,6715
2022-03-08,San Diego,073,3302833,746277,743604,52204,795808,5077
2022-03-08,San Francisco,075,870044,122642,123675,8082,131757,807
2022-03-08,San Joaquin,077,732212,165658,165381,9809,175190,2104
2022-03-08,San Luis Obispo,079,281455,52087,51900,3695,55595,451
2022-03-08,San Mateo,081,765935,120322,119103,6827,125930,638
2022-03-08,Santa Barbara,083,443738,85229,85363,4658,90021,659
2022-03-08,Santa Clara,085,1922200,307675,308528,12147,320675,2206
2022-03-08,Santa Cruz,087,273765,47212,46875,2060,48935,254
2022-03-08,Shasta,089,179085,30366,30372,6052,36424,493
2022-03-08,Sierra,091,2930,271,273,48,321,4
2022-03-08,Siskiyou,093,43540,4421,4404,2708,7112,74
2022-03-08,Solano,095,438530,80899,80924,5511,86435,434
2022-03-08,Sonoma,097,501317,82759,82571,2551,85122,473
2022-03-08,Stanislaus,099,539301,117038,117782,17740,135522,1541
2022-03-08,Sutter,101,95872,20372,20403,2023,22426,217
2022-03-08,Tehama,103,63373,11999,11972,2566,14538,158
2022-03-08,Trinity,105,12862,1181,1174,287,1461,20
2022-03-08,Tulare,107,460477,105982,103893,27385,131278,1334
2022-03-08,Tuolumne,109,53932,12621,12427,554,12981,180
2022-03-08,Ventura,111,848112,172161,171806,9309,181115,1447
2022-03-08,Yolo,113,214977,36709,35946,2992,38938,306
2022-03-08,Yuba,115,75493,15728,15705,1173,16878,115
2022-03-07,Alameda,001,1643700,253622,252578,13461,266039,1766
2022-03-07,Alpine,003,1148,122,125,1,126,0
2022-03-07,Amador,005,37829,8455,8368,638,9006,84
2022-03-07,Butte,007,227075,33012,32734,6882,39616,378
2022-03-07,Calaveras,009,45235,7214,7242,342,7584,116
2022-03-07,Colusa,011,21464,3435,3437,1043,4480,21
2022-03-07,Contra Costa,013,1133247,189437,186087,13038,199125,1256
2022-03-07,Del Norte,015,27424,5735,5758,178,5936,48
2022-03-07,El Dorado,017,186661,26587,26487,3181,29668,196
2022-03-07,Fresno,019,978130,230356,227670,23863,251533,2653
2022-03-07,Glenn,021,27897,4967,4939,1592,6531,43
2022-03-07,Humboldt,023,135768,16756,16829,2896,19725,137
2022-03-07,Imperial,025,180216,55128,54712,10495,65207,890
2022-03-07,Inyo,027,18085,4056,4054,466,4520,56
2022-03-07,Kern,029,883053,191066,190163,45530,235693,2152
2022-03-07,Kings,031,150075,51152,51065,3484,54549,433
2022-03-07,Lake,033,64148,10615,10562,875,11437,130
2022-03-07,Lassen,035,31185,8935,8896,871,9767,62
2022-03-07,Los Angeles,037,10098052,2696727,2675497,122117,2797614,30759
2022-03-07,Madera,039,155013,37100,37164,5988,43152,354
2022-03-07,Marin,041,260295,33026,32919,2155,35074,272
2022-03-07,Mariposa,043,17540,2374,2369,197,2566,6
2022-03-07,Mendocino,045,87422,12959,12940,2973,15913,117
2022-03-07,Merced,047,269075,62017,61751,8557,70308,791
2022-03-07,Modoc,049,8938,727,729,248,977,7
2022-03-07,Mono,051,14174,2961,2960,119,3079,5
2022-03-07,Monterey,053,433212,78850,78161,13256,91417,706
2022-03-07,Napa,055,140530,25517,25500,929,26429,136
2022-03-07,Nevada,057,99092,15841,15935,1177,17112,122
2022-03-07,Orange,059,3164182,543743,542028,40881,582909,6687
2022-03-07,Placer,061,380077,62334,62215,7279,69494,591
2022-03-07,Plumas,063,18699,2958,2702,358,3060,13
2022-03-07,Riverside,065,2383286,589013,587537,27563,615100,6279
2022-03-07,Sacramento,067,1510023,279043,274079,26250,300329,2866
2022-03-07,San Benito,069,59416,12824,12843,504,13347,94
2022-03-07,San Bernardino,071,2135413,572291,558265,24763,583028,6703
2022-03-07,San Diego,073,3302833,745935,742287,52161,794448,5068
2022-03-07,San Francisco,075,870044,122530,123655,8076,131731,807
2022-03-07,San Joaquin,077,732212,165608,165343,9802,175145,2091
2022-03-07,San Luis Obispo,079,281455,52043,51874,3692,55566,448
2022-03-07,San Mateo,081,765935,120246,119035,6820,125855,630
2022-03-07,Santa Barbara,083,443738,85191,85345,4657,90002,659
2022-03-07,Santa Clara,085,1922200,307488,308517,12141,320658,2202
2022-03-07,Santa Cruz,087,273765,47162,46823,2059,48882,254
2022-03-07,Shasta,089,179085,30353,30352,6049,36401,493
2022-03-07,Sierra,091,2930,271,273,48,321,4
2022-03-07,Siskiyou,093,43540,4417,4398,2707,7105,74
2022-03-07,Solano,095,438530,80842,80886,5509,86395,435
2022-03-07,Sonoma,097,501317,82716,82530,2550,85080,473
2022-03-07,Stanislaus,099,539301,116999,117713,17733,135446,1537
2022-03-07,Sutter,101,95872,20361,20400,2022,22422,217
2022-03-07,Tehama,103,63373,11994,11966,2565,14531,158
2022-03-07,Trinity,105,12862,1179,1173,287,1460,20
2022-03-07,Tulare,107,460477,105946,103834,27375,131209,1316
2022-03-07,Tuolumne,109,53932,12615,12408,553,12961,179
2022-03-07,Ventura,111,848112,172110,171886,9307,181193,1436
2022-03-07,Yolo,113,214977,36686,35934,2986,38920,306
2022-03-07,Yuba,115,75493,15721,15701,1172,16873,115
2022-03-06,Alameda,001,1643700,253434,252460,13452,265912,1766
2022-03-06,Alpine,003,1148,122,125,1,126,0
2022-03-06,Amador,005,37829,8452,8367,636,9003,84
2022-03-06,Butte,007,227075,33000,32714,6877,39591,376
2022-03-06,Calaveras,009,45235,7212,7236,341,7577,116
2022-03-06,Colusa,011,21464,3433,3435,1042,4477,21
2022-03-06,Contra Costa,013,1133247,189323,185974,13013,198987,1256
2022-03-06,Del Norte,015,27424,5720,5744,177,5921,48
2022-03-06,El Dorado,017,186661,26579,26478,3179,29657,196
2022-03-06,Fresno,019,978130,230214,227514,23853,251367,2653
2022-03-06,Glenn,021,27897,4964,4939,1592,6531,43
2022-03-06,Humboldt,023,135768,16746,16813,2893,19706,137
2022-03-06,Imperial,025,180216,55110,54719,10485,65204,890
2022-03-06,Inyo,027,18085,4054,4053,466,4519,56
2022-03-06,Kern,029,883053,191010,190088,45510,235598,2152
2022-03-06,Kings,031,150075,51082,51050,3482,54532,432
2022-03-06,Lake,033,64148,10601,10539,874,11413,130
2022-03-06,Lassen,035,31185,8922,8887,870,9757,62
2022-03-06,Los Angeles,037,10098052,2695795,2675456,122060,2797516,30759
2022-03-06,Madera,039,155013,37070,37135,5981,43116,354
2022-03-06,Marin,041,260295,33000,32879,2154,35033,272
2022-03-06,Mariposa,043,17540,2373,2365,196,2561,6
2022-03-06,Mendocino,045,87422,12947,12923,2969,15892,116
2022-03-06,Merced,047,269075,61985,61722,8539,70261,791
2022-03-06,Modoc,049,8938,727,729,248,977,7
2022-03-06,Mono,051,14174,2961,2959,119,3078,5
2022-03-06,Monterey,053,433212,78804,78154,13225,91379,706
2022-03-06,Napa,055,140530,25482,25457,927,26384,136
2022-03-06,Nevada,057,99092,15830,15924,1176,17100,122
2022-03-06,Orange,059,3164182,543585,541903,40835,582738,6688
2022-03-06,Placer,061,380077,62301,62185,7275,69460,591
2022-03-06,Plumas,063,18699,2953,2704,358,3062,13
2022-03-06,Riverside,065,2383286,588851,587388,27543,614931,6279
2022-03-06,Sacramento,067,1510023,278908,273935,26226,300161,2869
2022-03-06,San Benito,069,59416,12813,12835,503,13338,94
2022-03-06,San Bernardino,071,2135413,572169,558139,24751,582890,6701
2022-03-06,San Diego,073,3302833,745540,742287,52112,794399,5068
2022-03-06,San Francisco,075,870044,122397,123742,8073,131815,806
2022-03-06,San Joaquin,077,732212,165526,165252,9796,175048,2091
2022-03-06,San Luis Obispo,079,281455,52005,51828,3690,55518,448
2022-03-06,San Mateo,081,765935,120163,118916,6811,125727,630
2022-03-06,Santa Barbara,083,443738,85150,85317,4652,89969,659
2022-03-06,Santa Clara,085,1922200,307230,308250,12139,320389,2201
2022-03-06,Santa Cruz,087,273765,47111,46755,2058,48813,254
2022-03-06,Shasta,089,179085,30330,30332,6033,36365,493
2022-03-06,Sierra,091,2930,271,273,48,321,4
2022-03-06,Siskiyou,093,43540,4413,4398,2705,7103,74
2022-03-06,Solano,095,438530,80785,80833,5503,86336,435
2022-03-06,Sonoma,097,501317,82681,82458,2546,85004,473
2022-03-06,Stanislaus,099,539301,116953,117680,17721,135401,1536
2022-03-06,Sutter,101,95872,20351,20390,2018,22408,217
2022-03-06,Tehama,103,63373,11986,11963,2565,14528,158
2022-03-06,Trinity,105,12862,1179,1172,286,1458,20
2022-03-06,Tulare,107,460477,105890,103794,27363,131157,1316
2022-03-06,Tuolumne,109,53932,12609,12379,551,12930,179
2022-03-06,Ventura,111,848112,172041,171819,9305,181124,1436
2022-03-06,Yolo,113,214977,36660,35882,2983,38865,306
2022-03-06,Yuba,115,75493,15717,15694,1171,16865,115
2022-03-05,Alameda,001,1643700,253318,251988,13447,265435,1760
2022-03-05,Alpine,003,1148,122,125,1,126,0
2022-03-05,Amador,005,37829,8449,8344,636,8980,83
2022-03-05,Butte,007,227075,32992,32663,6873,39536,372
2022-03-05,Calaveras,009,45235,7209,7236,341,7577,116
2022-03-05,Colusa,011,21464,3433,3433,1042,4475,21
2022-03-05,Contra Costa,013,1133247,189260,185734,13008,198742,1235
2022-03-05,Del Norte,015,27424,5717,5725,177,5902,48
2022-03-05,El Dorado,017,186661,26573,26446,3176,29622,193
2022-03-05,Fresno,019,978130,230162,227154,23852,251006,2640
2022-03-05,Glenn,021,27897,4960,4927,1592,6519,43
2022-03-05,Humboldt,023,135768,16740,16781,2891,19672,136
2022-03-05,Imperial,025,180216,55100,54650,10483,65133,880
2022-03-05,Inyo,027,18085,4053,4043,465,4508,56
2022-03-05,Kern,029,883053,190977,189817,45492,235309,2141
2022-03-05,Kings,031,150075,51075,50926,3481,54407,431
2022-03-05,Lake,033,64148,10593,10512,873,11385,130
2022-03-05,Lassen,035,31185,8914,8818,870,9688,62
2022-03-05,Los Angeles,037,10098052,2695431,2671564,122023,2793587,30608
2022-03-05,Madera,039,155013,37055,37100,5981,43081,354
2022-03-05,Marin,041,260295,32988,32829,2154,34983,272
2022-03-05,Mariposa,043,17540,2373,2363,196,2559,6
2022-03-05,Mendocino,045,87422,12944,12845,2969,15814,113
2022-03-05,Merced,047,269075,61974,61653,8539,70192,789
2022-03-05,Modoc,049,8938,727,729,248,977,7
2022-03-05,Mono,051,14174,2961,2961,119,3080,5
2022-03-05,Monterey,053,433212,78785,78028,13218,91246,704
2022-03-05,Napa,055,140530,25464,25405,927,26332,134
2022-03-05,Nevada,057,99092,15826,15907,1176,17083,122
2022-03-05,Orange,059,3164182,543460,541463,40824,582287,6638
2022-03-05,Placer,061,380077,62287,62117,7268,69385,591
2022-03-05,Plumas,063,18699,2952,2701,358,3059,13
2022-03-05,Riverside,065,2383286,588760,586785,27539,614324,6239
2022-03-05,Sacramento,067,1510023,278844,273487,26220,299707,2847
2022-03-05,San Benito,069,59416,12811,12820,503,13323,94
2022-03-05,San Bernardino,071,2135413,572111,557421,24745,582166,6641
2022-03-05,San Diego,073,3302833,745350,740747,52100,792847,5045
2022-03-05,San Francisco,075,870044,122328,123537,8070,131607,798
2022-03-05,San Joaquin,077,732212,165486,165085,9788,174873,2069
2022-03-05,San Luis Obispo,079,281455,51997,51739,3689,55428,446
2022-03-05,San Mateo,081,765935,120108,118646,6807,125453,621
2022-03-05,Santa Barbara,083,443738,85135,85249,4652,89901,655
2022-03-05,Santa Clara,085,1922200,307113,307689,12136,319825,2195
2022-03-05,Santa Cruz,087,273765,47091,46622,2058,48680,253
2022-03-05,Shasta,089,179085,30318,30282,6033,36315,492
2022-03-05,Sierra,091,2930,271,273,47,320,4
2022-03-05,Siskiyou,093,43540,4412,4389,2704,7093,74
2022-03-05,Solano,095,438530,80768,80690,5503,86193,435
2022-03-05,Sonoma,097,501317,82659,82313,2546,84859,473
2022-03-05,Stanislaus,099,539301,116927,117501,17719,135220,1531
2022-03-05,Sutter,101,95872,20343,20346,2018,22364,217
2022-03-05,Tehama,103,63373,11983,11939,2565,14504,158
2022-03-05,Trinity,105,12862,1179,1170,284,1454,20
2022-03-05,Tulare,107,460477,105876,103534,27354,130888,1305
2022-03-05,Tuolumne,109,53932,12605,12325,550,12875,178
2022-03-05,Ventura,111,848112,172000,171666,9303,180969,1436
2022-03-05,Yolo,113,214977,36646,35856,2983,38839,306
2022-03-05,Yuba,115,75493,15709,15666,1171,16837,115
2022-03-04,Alameda,001,1643700,253222,251988,13439,265427,1760
2022-03-04,Alpine,003,1148,122,125,1,126,0
2022-03-04,Amador,005,37829,8448,8344,636,8980,83
2022-03-04,Butte,007,227075,32986,32663,6868,39531,372
2022-03-04,Calaveras,009,45235,7208,7236,341,7577,116
2022-03-04,Colusa,011,21464,3431,3433,1042,4475,21
2022-03-04,Contra Costa,013,1133247,189192,185734,13005,198739,1235
2022-03-04,Del Norte,015,27424,5707,5725,177,5902,48
2022-03-04,El Dorado,017,186661,26569,26446,3176,29622,193
2022-03-04,Fresno,019,978130,230099,227154,23845,250999,2640
2022-03-04,Glenn,021,27897,4959,4927,1592,6519,43
2022-03-04,Humboldt,023,135768,16736,16781,2891,19672,136
2022-03-04,Imperial,025,180216,55093,54650,10479,65129,880
2022-03-04,Inyo,027,18085,4053,4043,465,4508,56
2022-03-04,Kern,029,883053,190935,189817,45482,235299,2141
2022-03-04,Kings,031,150075,51062,50926,3481,54407,431
2022-03-04,Lake,033,64148,10592,10512,873,11385,130
2022-03-04,Lassen,035,31185,8912,8818,870,9688,62
2022-03-04,Los Angeles,037,10098052,2694903,2671564,121994,2793558,30608
2022-03-04,Madera,039,155013,37046,37100,5981,43081,354
2022-03-04,Marin,041,260295,32966,32829,2152,34981,272
2022-03-04,Mariposa,043,17540,2368,2363,196,2559,6
2022-03-04,Mendocino,045,87422,12938,12845,2969,15814,113
2022-03-04,Merced,047,269075,61964,61653,8537,70190,789
2022-03-04,Modoc,049,8938,727,729,248,977,7
2022-03-04,Mono,051,14174,2961,2961,119,3080,5
2022-03-04,Monterey,053,433212,78765,78028,13212,91240,704
2022-03-04,Napa,055,140530,25449,25405,926,26331,134
2022-03-04,Nevada,057,99092,15821,15907,1176,17083,122
2022-03-04,Orange,059,3164182,543341,541463,40806,582269,6638
2022-03-04,Placer,061,380077,62275,62117,7265,69382,591
2022-03-04,Plumas,063,18699,2952,2701,357,3058,13
2022-03-04,Riverside,065,2383286,588673,586785,27538,614323,6239
2022-03-04,Sacramento,067,1510023,278771,273487,26217,299704,2847
2022-03-04,San Benito,069,59416,12807,12820,503,13323,94
2022-03-04,San Bernardino,071,2135413,572029,557421,24744,582165,6641
2022-03-04,San Diego,073,3302833,745112,740747,52083,792830,5045
2022-03-04,San Francisco,075,870044,122264,123537,8063,131600,798
2022-03-04,San Joaquin,077,732212,165454,165085,9787,174872,2069
2022-03-04,San Luis Obispo,079,281455,51988,51739,3688,55427,446
2022-03-04,San Mateo,081,765935,120050,118646,6805,125451,621
2022-03-04,Santa Barbara,083,443738,85112,85249,4652,89901,655
2022-03-04,Santa Clara,085,1922200,306963,307689,12133,319822,2195
2022-03-04,Santa Cruz,087,273765,47069,46622,2058,48680,253
2022-03-04,Shasta,089,179085,30310,30282,6030,36312,492
2022-03-04,Sierra,091,2930,271,273,47,320,4
2022-03-04,Siskiyou,093,43540,4410,4389,2700,7089,74
2022-03-04,Solano,095,438530,80735,80690,5500,86190,435
2022-03-04,Sonoma,097,501317,82628,82313,2545,84858,473
2022-03-04,Stanislaus,099,539301,116908,117501,17717,135218,1531
2022-03-04,Sutter,101,95872,20339,20346,2018,22364,217
2022-03-04,Tehama,103,63373,11980,11939,2565,14504,158
2022-03-04,Trinity,105,12862,1179,1170,284,1454,20
2022-03-04,Tulare,107,460477,105857,103534,27349,130883,1305
2022-03-04,Tuolumne,109,53932,12600,12325,550,12875,178
2022-03-04,Ventura,111,848112,171953,171666,9300,180966,1436
2022-03-04,Yolo,113,214977,36629,35856,2983,38839,306
2022-03-04,Yuba,115,75493,15704,15666,1170,16836,115
2022-03-03,Alameda,001,1643700,253103,251988,13427,265415,1760
2022-03-03,Alpine,003,1148,122,125,1,126,0
2022-03-03,Amador,005,37829,8447,8344,636,8980,83
2022-03-03,Butte,007,227075,32969,32663,6861,39524,372
2022-03-03,Calaveras,009,45235,7196,7236,341,7577,116
2022-03-03,Colusa,011,21464,3431,3433,1042,4475,21
2022-03-03,Contra Costa,013,1133247,189117,185734,12990,198724,1235
2022-03-03,Del Norte,015,27424,5700,5725,177,5902,48
2022-03-03,El Dorado,017,186661,26551,26446,3175,29621,193
2022-03-03,Fresno,019,978130,229971,227154,23837,250991,2640
2022-03-03,Glenn,021,27897,4956,4927,1591,6518,43
2022-03-03,Humboldt,023,135768,16721,16781,2890,19671,136
2022-03-03,Imperial,025,180216,55076,54650,10477,65127,880
2022-03-03,Inyo,027,18085,4052,4043,465,4508,56
2022-03-03,Kern,029,883053,190867,189817,45464,235281,2141
2022-03-03,Kings,031,150075,51039,50926,3479,54405,431
2022-03-03,Lake,033,64148,10587,10512,871,11383,130
2022-03-03,Lassen,035,31185,8904,8818,870,9688,62
2022-03-03,Los Angeles,037,10098052,2694176,2671564,121953,2793517,30608
2022-03-03,Madera,039,155013,37030,37100,5976,43076,354
2022-03-03,Marin,041,260295,32940,32829,2151,34980,272
2022-03-03,Mariposa,043,17540,2367,2363,196,2559,6
2022-03-03,Mendocino,045,87422,12927,12845,2967,15812,113
2022-03-03,Merced,047,269075,61946,61653,8531,70184,789
2022-03-03,Modoc,049,8938,727,729,248,977,7
2022-03-03,Mono,051,14174,2960,2961,119,3080,5
2022-03-03,Monterey,053,433212,78735,78028,13195,91223,704
2022-03-03,Napa,055,140530,25425,25405,925,26330,134
2022-03-03,Nevada,057,99092,15816,15907,1171,17078,122
2022-03-03,Orange,059,3164182,543165,541463,40780,582243,6638
2022-03-03,Placer,061,380077,62253,62117,7262,69379,591
2022-03-03,Plumas,063,18699,2951,2701,357,3058,13
2022-03-03,Riverside,065,2383286,588540,586785,27533,614318,6239
2022-03-03,Sacramento,067,1510023,278660,273487,26200,299687,2847
2022-03-03,San Benito,069,59416,12804,12820,503,13323,94
2022-03-03,San Bernardino,071,2135413,571928,557421,24738,582159,6641
2022-03-03,San Diego,073,3302833,744769,740747,52065,792812,5045
2022-03-03,San Francisco,075,870044,122190,123537,8052,131589,798
2022-03-03,San Joaquin,077,732212,165380,165085,9784,174869,2069
2022-03-03,San Luis Obispo,079,281455,51933,51739,3680,55419,446
2022-03-03,San Mateo,081,765935,119975,118646,6795,125441,621
2022-03-03,Santa Barbara,083,443738,85093,85249,4643,89892,655
2022-03-03,Santa Clara,085,1922200,306782,307689,12118,319807,2195
2022-03-03,Santa Cruz,087,273765,47019,46622,2056,48678,253
2022-03-03,Shasta,089,179085,30292,30282,6028,36310,492
2022-03-03,Sierra,091,2930,271,273,47,320,4
2022-03-03,Siskiyou,093,43540,4407,4389,2700,7089,74
2022-03-03,Solano,095,438530,80686,80690,5498,86188,435
2022-03-03,Sonoma,097,501317,82580,82313,2540,84853,473
2022-03-03,Stanislaus,099,539301,116875,117501,17709,135210,1531
2022-03-03,Sutter,101,95872,20331,20346,2018,22364,217
2022-03-03,Tehama,103,63373,11977,11939,2565,14504,158
2022-03-03,Trinity,105,12862,1178,1170,284,1454,20
2022-03-03,Tulare,107,460477,105814,103534,27341,130875,1305
2022-03-03,Tuolumne,109,53932,12589,12325,550,12875,178
2022-03-03,Ventura,111,848112,171901,171666,9298,180964,1436
2022-03-03,Yolo,113,214977,36605,35856,2978,38834,306
2022-03-03,Yuba,115,75493,15698,15666,1165,16831,115
2022-03-02,Alameda,001,1643700,252925,251886,13410,265296,1759
2022-03-02,Alpine,003,1148,122,125,1,126,0
2022-03-02,Amador,005,37829,8434,8341,636,8977,83
2022-03-02,Butte,007,227075,32957,32636,6857,39493,372
2022-03-02,Calaveras,009,45235,7195,7225,341,7566,116
2022-03-02,Colusa,011,21464,3428,3428,1042,4470,21
2022-03-02,Contra Costa,013,1133247,189024,185589,12972,198561,1236
2022-03-02,Del Norte,015,27424,5693,5708,175,5883,47
2022-03-02,El Dorado,017,186661,26540,26433,3172,29605,192
2022-03-02,Fresno,019,978130,229839,226932,23827,250759,2629
2022-03-02,Glenn,021,27897,4955,4922,1590,6512,43
2022-03-02,Humboldt,023,135768,16711,16747,2883,19630,135
2022-03-02,Imperial,025,180216,55050,54629,10472,65101,878
2022-03-02,Inyo,027,18085,4050,4041,464,4505,56
2022-03-02,Kern,029,883053,190800,189656,45445,235101,2136
2022-03-02,Kings,031,150075,51013,50819,3476,54295,431
2022-03-02,Lake,033,64148,10574,10495,869,11364,130
2022-03-02,Lassen,035,31185,8901,8811,869,9680,62
2022-03-02,Los Angeles,037,10098052,2693295,2670287,121907,2792194,30535
2022-03-02,Madera,039,155013,37013,37077,5974,43051,354
2022-03-02,Marin,041,260295,32922,32794,2150,34944,272
2022-03-02,Mariposa,043,17540,2367,2359,196,2555,6
2022-03-02,Mendocino,045,87422,12914,12832,2962,15794,112
2022-03-02,Merced,047,269075,61920,61606,8522,70128,785
2022-03-02,Modoc,049,8938,727,729,248,977,7
2022-03-02,Mono,051,14174,2960,2961,119,3080,5
2022-03-02,Monterey,053,433212,78698,77963,13172,91135,703
2022-03-02,Napa,055,140530,25376,25382,924,26306,134
2022-03-02,Nevada,057,99092,15805,15920,1170,17090,122
2022-03-02,Orange,059,3164182,542961,541230,40754,581984,6623
2022-03-02,Placer,061,380077,62231,62066,7259,69325,589
2022-03-02,Plumas,063,18699,2951,2700,357,3057,13
2022-03-02,Riverside,065,2383286,588390,586513,27523,614036,6229
2022-03-02,Sacramento,067,1510023,278542,273291,26189,299480,2837
2022-03-02,San Benito,069,59416,12793,12814,503,13317,94
2022-03-02,San Bernardino,071,2135413,571819,557082,24732,581814,6619
2022-03-02,San Diego,073,3302833,744406,739803,52017,791820,5034
2022-03-02,San Francisco,075,870044,122095,123442,8050,131492,792
2022-03-02,San Joaquin,077,732212,165322,164968,9779,174747,2063
2022-03-02,San Luis Obispo,079,281455,51895,51686,3675,55361,446
2022-03-02,San Mateo,081,765935,119888,118518,6779,125297,617
2022-03-02,Santa Barbara,083,443738,85068,85183,4642,89825,655
2022-03-02,Santa Clara,085,1922200,306569,307354,12104,319458,2184
2022-03-02,Santa Cruz,087,273765,46948,46534,2055,48589,253
2022-03-02,Shasta,089,179085,30267,30253,6018,36271,490
2022-03-02,Sierra,091,2930,271,273,47,320,4
2022-03-02,Siskiyou,093,43540,4405,4384,2697,7081,74
2022-03-02,Solano,095,438530,80620,80626,5495,86121,433
2022-03-02,Sonoma,097,501317,82534,82208,2536,84744,473
2022-03-02,Stanislaus,099,539301,116839,117411,17684,135095,1519
2022-03-02,Sutter,101,95872,20309,20317,2001,22318,216
2022-03-02,Tehama,103,63373,11972,11930,2564,14494,158
2022-03-02,Trinity,105,12862,1176,1160,284,1444,20
2022-03-02,Tulare,107,460477,105773,103451,27326,130777,1302
2022-03-02,Tuolumne,109,53932,12584,12297,550,12847,179
2022-03-02,Ventura,111,848112,171848,171770,9294,181064,1427
2022-03-02,Yolo,113,214977,36587,35799,2973,38772,305
2022-03-02,Yuba,115,75493,15685,15653,1160,16813,115
2022-03-01,Alameda,001,1643700,252757,251830,13399,265229,1749
2022-03-01,Alpine,003,1148,122,125,1,126,0
2022-03-01,Amador,005,37829,8386,8334,634,8968,83
2022-03-01,Butte,007,227075,32933,32575,6852,39427,372
2022-03-01,Calaveras,009,45235,7192,7223,340,7563,116
2022-03-01,Colusa,011,21464,3427,3423,1042,4465,21
2022-03-01,Contra Costa,013,1133247,188914,185378,12957,198335,1231
2022-03-01,Del Norte,015,27424,5690,5701,174,5875,45
2022-03-01,El Dorado,017,186661,26521,26413,3170,29583,192
2022-03-01,Fresno,019,978130,229699,226594,23813,250407,2628
2022-03-01,Glenn,021,27897,4953,4919,1588,6507,40
2022-03-01,Humboldt,023,135768,16690,16727,2876,19603,135
2022-03-01,Imperial,025,180216,55033,54570,10466,65036,875
2022-03-01,Inyo,027,18085,4046,4041,463,4504,56
2022-03-01,Kern,029,883053,190726,189365,45421,234786,2120
2022-03-01,Kings,031,150075,50991,50763,3472,54235,427
2022-03-01,Lake,033,64148,10563,10471,867,11338,128
2022-03-01,Lassen,035,31185,8897,8801,869,9670,61
2022-03-01,Los Angeles,037,10098052,2692343,2669489,121849,2791338,30486
2022-03-01,Madera,039,155013,36993,37046,5968,43014,354
2022-03-01,Marin,041,260295,32896,32764,2149,34913,272
2022-03-01,Mariposa,043,17540,2366,2357,195,2552,6
2022-03-01,Mendocino,045,87422,12903,12818,2960,15778,112
2022-03-01,Merced,047,269075,61889,61549,8508,70057,781
2022-03-01,Modoc,049,8938,727,729,248,977,7
2022-03-01,Mono,051,14174,2959,2960,119,3079,6
2022-03-01,Monterey,053,433212,78672,77911,13162,91073,696
2022-03-01,Napa,055,140530,25345,25344,924,26268,134
2022-03-01,Nevada,057,99092,15797,15916,1167,17083,121
2022-03-01,Orange,059,3164182,542745,541054,40719,581773,6612
2022-03-01,Placer,061,380077,62203,62021,7254,69275,583
2022-03-01,Plumas,063,18699,2951,2694,357,3051,13
2022-03-01,Riverside,065,2383286,588226,586184,27522,613706,6198
2022-03-01,Sacramento,067,1510023,278412,273089,26176,299265,2831
2022-03-01,San Benito,069,59416,12789,12806,503,13309,94
2022-03-01,San Bernardino,071,2135413,571690,556743,24730,581473,6588
2022-03-01,San Diego,073,3302833,743980,739136,51975,791111,5029
2022-03-01,San Francisco,075,870044,121992,123481,8044,131525,792
2022-03-01,San Joaquin,077,732212,165255,164894,9775,174669,2062
2022-03-01,San Luis Obispo,079,281455,51859,51592,3671,55263,445
2022-03-01,San Mateo,081,765935,119811,118358,6772,125130,613
2022-03-01,Santa Barbara,083,443738,85032,85134,4638,89772,654
2022-03-01,Santa Clara,085,1922200,306318,306978,12092,319070,2190
2022-03-01,Santa Cruz,087,273765,46898,46471,2052,48523,253
2022-03-01,Shasta,089,179085,30238,30227,6015,36242,489
2022-03-01,Sierra,091,2930,271,274,47,321,5
2022-03-01,Siskiyou,093,43540,4401,4384,2692,7076,74
2022-03-01,Solano,095,438530,80557,80556,5492,86048,434
2022-03-01,Sonoma,097,501317,82464,82103,2530,84633,477
2022-03-01,Stanislaus,099,539301,116787,117308,17659,134967,1521
2022-03-01,Sutter,101,95872,20295,20288,1997,22285,217
2022-03-01,Tehama,103,63373,11966,11923,2561,14484,158
2022-03-01,Trinity,105,12862,1175,1159,284,1443,20
2022-03-01,Tulare,107,460477,105691,103371,27306,130677,1302
2022-03-01,Tuolumne,109,53932,12577,12276,548,12824,175
2022-03-01,Ventura,111,848112,171778,171672,9287,180959,1427
2022-03-01,Yolo,113,214977,36562,35801,2967,38768,299
2022-03-01,Yuba,115,75493,15677,15637,1160,16797,116
2022-02-28,Alameda,001,1643700,252533,251714,13384,265098,1742
2022-02-28,Alpine,003,1148,122,125,1,126,0
2022-02-28,Amador,005,37829,8380,8308,633,8941,83
2022-02-28,Butte,007,227075,32914,32550,6846,39396,368
2022-02-28,Calaveras,009,45235,7189,7220,339,7559,110
2022-02-28,Colusa,011,21464,3426,3422,1040,4462,21
2022-02-28,Contra Costa,013,1133247,188808,185272,12938,198210,1231
2022-02-28,Del Norte,015,27424,5685,5699,173,5872,45
2022-02-28,El Dorado,017,186661,26511,26409,3165,29574,191
2022-02-28,Fresno,019,978130,229498,226519,23792,250311,2622
2022-02-28,Glenn,021,27897,4949,4918,1588,6506,40
2022-02-28,Humboldt,023,135768,16675,16717,2872,19589,135
2022-02-28,Imperial,025,180216,55006,54517,10462,64979,875
2022-02-28,Inyo,027,18085,4046,4041,462,4503,56
2022-02-28,Kern,029,883053,190635,189245,45392,234637,2115
2022-02-28,Kings,031,150075,50951,50741,3471,54212,427
2022-02-28,Lake,033,64148,10551,10468,863,11331,128
2022-02-28,Lassen,035,31185,8840,8794,869,9663,55
2022-02-28,Los Angeles,037,10098052,2691174,2666804,121753,2788557,30410
2022-02-28,Madera,039,155013,36967,37023,5952,42975,354
2022-02-28,Marin,041,260295,32871,32775,2149,34924,272
2022-02-28,Mariposa,043,17540,2363,2354,193,2547,6
2022-02-28,Mendocino,045,87422,12894,12800,2952,15752,112
2022-02-28,Merced,047,269075,61844,61519,8491,70010,781
2022-02-28,Modoc,049,8938,727,727,248,975,7
2022-02-28,Mono,051,14174,2959,2961,119,3080,5
2022-02-28,Monterey,053,433212,78605,77865,13141,91006,693
2022-02-28,Napa,055,140530,25318,25317,924,26241,129
2022-02-28,Nevada,057,99092,15791,15908,1161,17069,121
2022-02-28,Orange,059,3164182,542492,540839,40705,581544,6605
2022-02-28,Placer,061,380077,62172,61976,7249,69225,577
2022-02-28,Plumas,063,18699,2951,2691,356,3047,13
2022-02-28,Riverside,065,2383286,588031,585891,27490,613381,6179
2022-02-28,Sacramento,067,1510023,278273,273038,26152,299190,2825
2022-02-28,San Benito,069,59416,12784,12798,503,13301,94
2022-02-28,San Bernardino,071,2135413,571506,556540,24716,581256,6576
2022-02-28,San Diego,073,3302833,743591,737760,51945,789705,5018
2022-02-28,San Francisco,075,870044,121832,123402,8037,131439,792
2022-02-28,San Joaquin,077,732212,165169,164833,9765,174598,2060
2022-02-28,San Luis Obispo,079,281455,51798,51565,3664,55229,440
2022-02-28,San Mateo,081,765935,119712,118301,6766,125067,611
2022-02-28,Santa Barbara,083,443738,84989,85076,4633,89709,653
2022-02-28,Santa Clara,085,1922200,306043,306930,12070,319000,2180
2022-02-28,Santa Cruz,087,273765,46828,46447,2052,48499,253
2022-02-28,Shasta,089,179085,30213,30213,6011,36224,488
2022-02-28,Sierra,091,2930,271,273,47,320,4
2022-02-28,Siskiyou,093,43540,4398,4382,2687,7069,74
2022-02-28,Solano,095,438530,80489,80544,5480,86024,430
2022-02-28,Sonoma,097,501317,82396,82058,2527,84585,477
2022-02-28,Stanislaus,099,539301,116723,117231,17642,134873,1521
2022-02-28,Sutter,101,95872,20282,20285,1994,22279,214
2022-02-28,Tehama,103,63373,11953,11917,2561,14478,158
2022-02-28,Trinity,105,12862,1175,1160,284,1444,20
2022-02-28,Tulare,107,460477,105642,103304,27290,130594,1300
2022-02-28,Tuolumne,109,53932,12567,12247,548,12795,175
2022-02-28,Ventura,111,848112,171694,171614,9286,180900,1423
2022-02-28,Yolo,113,214977,36526,35754,2960,38714,299
2022-02-28,Yuba,115,75493,15663,15625,1159,16784,115
2022-02-27,Alameda,001,1643700,252258,251624,13375,264999,1744
2022-02-27,Alpine,003,1148,122,125,1,126,0
2022-02-27,Amador,005,37829,8376,8305,630,8935,83
2022-02-27,Butte,007,227075,32877,32551,6833,39384,368
2022-02-27,Calaveras,009,45235,7181,7214,339,7553,110
2022-02-27,Colusa,011,21464,3424,3422,1040,4462,21
2022-02-27,Contra Costa,013,1133247,188681,185185,12918,198103,1230
2022-02-27,Del Norte,015,27424,5668,5691,171,5862,45
2022-02-27,El Dorado,017,186661,26493,26410,3163,29573,191
2022-02-27,Fresno,019,978130,229299,226397,23765,250162,2621
2022-02-27,Glenn,021,27897,4947,4915,1588,6503,40
2022-02-27,Humboldt,023,135768,16653,16713,2865,19578,135
2022-02-27,Imperial,025,180216,54958,54509,10445,64954,875
2022-02-27,Inyo,027,18085,4045,4041,458,4499,56
2022-02-27,Kern,029,883053,190518,189219,45354,234573,2115
2022-02-27,Kings,031,150075,50923,50733,3470,54203,428
2022-02-27,Lake,033,64148,10532,10463,863,11326,128
2022-02-27,Lassen,035,31185,8832,8786,869,9655,55
2022-02-27,Los Angeles,037,10098052,2689862,2666789,121671,2788460,30410
2022-02-27,Madera,039,155013,36941,37009,5944,42953,354
2022-02-27,Marin,041,260295,32833,32756,2147,34903,272
2022-02-27,Mariposa,043,17540,2360,2352,193,2545,6
2022-02-27,Mendocino,045,87422,12877,12798,2939,15737,112
2022-02-27,Merced,047,269075,61791,61491,8473,69964,779
2022-02-27,Modoc,049,8938,726,727,248,975,7
2022-02-27,Mono,051,14174,2958,2960,119,3079,5
2022-02-27,Monterey,053,433212,78548,77851,13117,90968,693
2022-02-27,Napa,055,140530,25281,25316,924,26240,129
2022-02-27,Nevada,057,99092,15783,15900,1157,17057,121
2022-02-27,Orange,059,3164182,542246,540659,40676,581335,6605
2022-02-27,Placer,061,380077,62132,61965,7245,69210,577
2022-02-27,Plumas,063,18699,2948,2691,356,3047,13
2022-02-27,Riverside,065,2383286,587790,585833,27466,613299,6179
2022-02-27,Sacramento,067,1510023,278086,272927,26123,299050,2822
2022-02-27,San Benito,069,59416,12777,12798,503,13301,94
2022-02-27,San Bernardino,071,2135413,571322,556457,24706,581163,6572
2022-02-27,San Diego,073,3302833,743119,737760,51899,789659,5018
2022-02-27,San Francisco,075,870044,121708,123327,8026,131353,791
2022-02-27,San Joaquin,077,732212,165065,164814,9758,174572,2060
2022-02-27,San Luis Obispo,079,281455,51706,51564,3657,55221,439
2022-02-27,San Mateo,081,765935,119599,118244,6761,125005,611
2022-02-27,Santa Barbara,083,443738,84951,85050,4629,89679,653
2022-02-27,Santa Clara,085,1922200,305755,306756,12042,318798,2180
2022-02-27,Santa Cruz,087,273765,46767,46411,2052,48463,253
2022-02-27,Shasta,089,179085,30181,30206,6006,36212,488
2022-02-27,Sierra,091,2930,271,273,47,320,4
2022-02-27,Siskiyou,093,43540,4393,4378,2675,7053,74
2022-02-27,Solano,095,438530,80415,80515,5467,85982,430
2022-02-27,Sonoma,097,501317,82314,82041,2520,84561,476
2022-02-27,Stanislaus,099,539301,116657,117200,17622,134822,1522
2022-02-27,Sutter,101,95872,20265,20280,1988,22268,214
2022-02-27,Tehama,103,63373,11940,11915,2560,14475,158
2022-02-27,Trinity,105,12862,1174,1158,284,1442,20
2022-02-27,Tulare,107,460477,105573,103270,27241,130511,1300
2022-02-27,Tuolumne,109,53932,12554,12243,547,12790,175
2022-02-27,Ventura,111,848112,171619,171660,9282,180942,1423
2022-02-27,Yolo,113,214977,36498,35744,2955,38699,299
2022-02-27,Yuba,115,75493,15653,15619,1157,16776,113
2022-02-26,Alameda,001,1643700,252149,250867,13370,264237,1716
2022-02-26,Alpine,003,1148,122,125,1,126,0
2022-02-26,Amador,005,37829,8374,8282,629,8911,83
2022-02-26,Butte,007,227075,32863,32466,6830,39296,368
2022-02-26,Calaveras,009,45235,7180,7192,339,7531,110
2022-02-26,Colusa,011,21464,3424,3414,1040,4454,21
2022-02-26,Contra Costa,013,1133247,188612,184686,12900,197586,1209
2022-02-26,Del Norte,015,27424,5663,5639,171,5810,45
2022-02-26,El Dorado,017,186661,26482,26355,3160,29515,191
2022-02-26,Fresno,019,978130,229209,225679,23765,249444,2597
2022-02-26,Glenn,021,27897,4945,4909,1587,6496,40
2022-02-26,Humboldt,023,135768,16628,16619,2864,19483,133
2022-02-26,Imperial,025,180216,54931,54367,10443,64810,871
2022-02-26,Inyo,027,18085,4044,4034,453,4487,56
2022-02-26,Kern,029,883053,190465,188584,45335,233919,2106
2022-02-26,Kings,031,150075,50910,50579,3470,54049,423
2022-02-26,Lake,033,64148,10527,10383,863,11246,128
2022-02-26,Lassen,035,31185,8831,8761,869,9630,55
2022-02-26,Los Angeles,037,10098052,2689289,2660973,121631,2782604,30202
2022-02-26,Madera,039,155013,36926,36933,5942,42875,330
2022-02-26,Marin,041,260295,32817,32651,2145,34796,267
2022-02-26,Mariposa,043,17540,2359,2332,193,2525,6
2022-02-26,Mendocino,045,87422,12870,12762,2939,15701,111
2022-02-26,Merced,047,269075,61770,61348,8472,69820,775
2022-02-26,Modoc,049,8938,726,726,248,974,7
2022-02-26,Mono,051,14174,2958,2959,118,3077,5
2022-02-26,Monterey,053,433212,78516,77610,13111,90721,692
2022-02-26,Napa,055,140530,25266,25221,923,26144,130
2022-02-26,Nevada,057,99092,15779,15850,1155,17005,121
2022-02-26,Orange,059,3164182,542135,539992,40659,580651,6540
2022-02-26,Placer,061,380077,62113,61803,7242,69045,573
2022-02-26,Plumas,063,18699,2948,2673,356,3029,13
2022-02-26,Riverside,065,2383286,587670,584835,27457,612292,6143
2022-02-26,Sacramento,067,1510023,277989,272339,26113,298452,2793
2022-02-26,San Benito,069,59416,12773,12770,503,13273,92
2022-02-26,San Bernardino,071,2135413,571231,555668,24699,580367,6505
2022-02-26,San Diego,073,3302833,742896,736049,51875,787924,5002
2022-02-26,San Francisco,075,870044,121638,123079,8018,131097,769
2022-02-26,San Joaquin,077,732212,165032,164418,9757,174175,2048
2022-02-26,San Luis Obispo,079,281455,51694,51358,3655,55013,438
2022-02-26,San Mateo,081,765935,119545,117860,6760,124620,603
2022-02-26,Santa Barbara,083,443738,84920,84830,4629,89459,652
2022-02-26,Santa Clara,085,1922200,305606,305895,12038,317933,2166
2022-02-26,Santa Cruz,087,273765,46744,46186,2052,48238,251
2022-02-26,Shasta,089,179085,30172,30108,6000,36108,485
2022-02-26,Sierra,091,2930,271,270,47,317,1
2022-02-26,Siskiyou,093,43540,4393,4359,2673,7032,72
2022-02-26,Solano,095,438530,80380,80225,5463,85688,428
2022-02-26,Sonoma,097,501317,82280,81702,2518,84220,432
2022-02-26,Stanislaus,099,539301,116619,116896,17617,134513,1503
2022-02-26,Sutter,101,95872,20256,20230,1988,22218,214
2022-02-26,Tehama,103,63373,11934,11878,2558,14436,158
2022-02-26,Trinity,105,12862,1173,1156,284,1440,20
2022-02-26,Tulare,107,460477,105537,102983,27226,130209,1295
2022-02-26,Tuolumne,109,53932,12551,12169,547,12716,175
2022-02-26,Ventura,111,848112,171587,171292,9279,180571,1411
2022-02-26,Yolo,113,214977,36477,35615,2952,38567,296
2022-02-26,Yuba,115,75493,15641,15587,1157,16744,113
2022-02-25,Alameda,001,1643700,252027,250867,13361,264228,1716
2022-02-25,Alpine,003,1148,122,125,1,126,0
2022-02-25,Amador,005,37829,8363,8282,629,8911,83
2022-02-25,Butte,007,227075,32850,32466,6827,39293,368
2022-02-25,Calaveras,009,45235,7178,7192,339,7531,110
2022-02-25,Colusa,011,21464,3424,3414,1040,4454,21
2022-02-25,Contra Costa,013,1133247,188528,184686,12879,197565,1209
2022-02-25,Del Norte,015,27424,5654,5639,171,5810,45
2022-02-25,El Dorado,017,186661,26473,26355,3160,29515,191
2022-02-25,Fresno,019,978130,229112,225679,23758,249437,2597
2022-02-25,Glenn,021,27897,4943,4909,1587,6496,40
2022-02-25,Humboldt,023,135768,16617,16619,2864,19483,133
2022-02-25,Imperial,025,180216,54913,54367,10442,64809,871
2022-02-25,Inyo,027,18085,4043,4034,453,4487,56
2022-02-25,Kern,029,883053,190400,188584,45322,233906,2106
2022-02-25,Kings,031,150075,50896,50579,3468,54047,423
2022-02-25,Lake,033,64148,10509,10383,863,11246,128
2022-02-25,Lassen,035,31185,8828,8761,869,9630,55
2022-02-25,Los Angeles,037,10098052,2688700,2660973,121600,2782573,30202
2022-02-25,Madera,039,155013,36906,36933,5941,42874,330
2022-02-25,Marin,041,260295,32803,32651,2145,34796,267
2022-02-25,Mariposa,043,17540,2356,2332,193,2525,6
2022-02-25,Mendocino,045,87422,12868,12762,2939,15701,111
2022-02-25,Merced,047,269075,61739,61348,8467,69815,775
2022-02-25,Modoc,049,8938,726,726,248,974,7
2022-02-25,Mono,051,14174,2957,2959,118,3077,5
2022-02-25,Monterey,053,433212,78488,77610,13105,90715,692
2022-02-25,Napa,055,140530,25257,25221,923,26144,130
2022-02-25,Nevada,057,99092,15768,15850,1152,17002,121
2022-02-25,Orange,059,3164182,542000,539992,40636,580628,6540
2022-02-25,Placer,061,380077,62098,61803,7236,69039,573
2022-02-25,Plumas,063,18699,2946,2673,356,3029,13
2022-02-25,Riverside,065,2383286,587515,584835,27445,612280,6143
2022-02-25,Sacramento,067,1510023,277887,272339,26108,298447,2793
2022-02-25,San Benito,069,59416,12771,12770,503,13273,92
2022-02-25,San Bernardino,071,2135413,571124,555668,24692,580360,6505
2022-02-25,San Diego,073,3302833,742613,736049,51856,787905,5002
2022-02-25,San Francisco,075,870044,121557,123079,8015,131094,769
2022-02-25,San Joaquin,077,732212,164992,164418,9752,174170,2048
2022-02-25,San Luis Obispo,079,281455,51690,51358,3646,55004,438
2022-02-25,San Mateo,081,765935,119483,117860,6756,124616,603
2022-02-25,Santa Barbara,083,443738,84883,84830,4629,89459,652
2022-02-25,Santa Clara,085,1922200,305421,305895,12035,317930,2166
2022-02-25,Santa Cruz,087,273765,46710,46186,2050,48236,251
2022-02-25,Shasta,089,179085,30163,30108,5998,36106,485
2022-02-25,Sierra,091,2930,271,270,47,317,1
2022-02-25,Siskiyou,093,43540,4393,4359,2672,7031,72
2022-02-25,Solano,095,438530,80351,80225,5462,85687,428
2022-02-25,Sonoma,097,501317,82229,81702,2516,84218,432
2022-02-25,Stanislaus,099,539301,116591,116896,17613,134509,1503
2022-02-25,Sutter,101,95872,20247,20230,1988,22218,214
2022-02-25,Tehama,103,63373,11932,11878,2558,14436,158
2022-02-25,Trinity,105,12862,1173,1156,284,1440,20
2022-02-25,Tulare,107,460477,105502,102983,27204,130187,1295
2022-02-25,Tuolumne,109,53932,12548,12169,547,12716,175
2022-02-25,Ventura,111,848112,171536,171292,9278,180570,1411
2022-02-25,Yolo,113,214977,36462,35615,2952,38567,296
2022-02-25,Yuba,115,75493,15634,15587,1157,16744,113
2022-02-24,Alameda,001,1643700,251822,250867,13352,264219,1716
2022-02-24,Alpine,003,1148,122,125,1,126,0
2022-02-24,Amador,005,37829,8358,8282,628,8910,83
2022-02-24,Butte,007,227075,32828,32466,6823,39289,368
2022-02-24,Calaveras,009,45235,7176,7192,337,7529,110
2022-02-24,Colusa,011,21464,3423,3414,1039,4453,21
2022-02-24,Contra Costa,013,1133247,188399,184686,12870,197556,1209
2022-02-24,Del Norte,015,27424,5639,5639,170,5809,45
2022-02-24,El Dorado,017,186661,26458,26355,3160,29515,191
2022-02-24,Fresno,019,978130,228917,225679,23743,249422,2597
2022-02-24,Glenn,021,27897,4941,4909,1586,6495,40
2022-02-24,Humboldt,023,135768,16601,16619,2863,19482,133
2022-02-24,Imperial,025,180216,54873,54367,10433,64800,871
2022-02-24,Inyo,027,18085,4042,4034,452,4486,56
2022-02-24,Kern,029,883053,190260,188584,45289,233873,2106
2022-02-24,Kings,031,150075,50866,50579,3463,54042,423
2022-02-24,Lake,033,64148,10492,10383,863,11246,128
2022-02-24,Lassen,035,31185,8824,8761,868,9629,55
2022-02-24,Los Angeles,037,10098052,2687539,2660973,121544,2782517,30202
2022-02-24,Madera,039,155013,36880,36933,5939,42872,330
2022-02-24,Marin,041,260295,32783,32651,2144,34795,267
2022-02-24,Mariposa,043,17540,2350,2332,192,2524,6
2022-02-24,Mendocino,045,87422,12861,12762,2935,15697,111
2022-02-24,Merced,047,269075,61709,61348,8458,69806,775
2022-02-24,Modoc,049,8938,725,726,248,974,7
2022-02-24,Mono,051,14174,2956,2959,118,3077,5
2022-02-24,Monterey,053,433212,78436,77610,13097,90707,692
2022-02-24,Napa,055,140530,25217,25221,919,26140,130
2022-02-24,Nevada,057,99092,15754,15850,1152,17002,121
2022-02-24,Orange,059,3164182,541750,539992,40602,580594,6540
2022-02-24,Placer,061,380077,62061,61803,7234,69037,573
2022-02-24,Plumas,063,18699,2941,2673,355,3028,13
2022-02-24,Riverside,065,2383286,587263,584835,27419,612254,6143
2022-02-24,Sacramento,067,1510023,277714,272339,26092,298431,2793
2022-02-24,San Benito,069,59416,12760,12770,503,13273,92
2022-02-24,San Bernardino,071,2135413,570931,555668,24680,580348,6505
2022-02-24,San Diego,073,3302833,742200,736049,51808,787857,5002
2022-02-24,San Francisco,075,870044,121435,123079,8008,131087,769
2022-02-24,San Joaquin,077,732212,164864,164418,9748,174166,2048
2022-02-24,San Luis Obispo,079,281455,51644,51358,3644,55002,438
2022-02-24,San Mateo,081,765935,119391,117860,6749,124609,603
2022-02-24,Santa Barbara,083,443738,84818,84830,4628,89458,652
2022-02-24,Santa Clara,085,1922200,305186,305895,12022,317917,2166
2022-02-24,Santa Cruz,087,273765,46630,46186,2048,48234,251
2022-02-24,Shasta,089,179085,30144,30108,5992,36100,485
2022-02-24,Sierra,091,2930,271,270,47,317,1
2022-02-24,Siskiyou,093,43540,4390,4359,2669,7028,72
2022-02-24,Solano,095,438530,80272,80225,5458,85683,428
2022-02-24,Sonoma,097,501317,82175,81702,2511,84213,432
2022-02-24,Stanislaus,099,539301,116516,116896,17600,134496,1503
2022-02-24,Sutter,101,95872,20233,20230,1972,22202,214
2022-02-24,Tehama,103,63373,11926,11878,2557,14435,158
2022-02-24,Trinity,105,12862,1171,1156,284,1440,20
2022-02-24,Tulare,107,460477,105446,102983,27174,130157,1295
2022-02-24,Tuolumne,109,53932,12538,12169,545,12714,175
2022-02-24,Ventura,111,848112,171458,171292,9275,180567,1411
2022-02-24,Yolo,113,214977,36436,35615,2950,38565,296
2022-02-24,Yuba,115,75493,15620,15587,1157,16744,113
2022-02-23,Alameda,001,1643700,251599,247686,13333,261019,1713
2022-02-23,Alpine,003,1148,122,125,1,126,0
2022-02-23,Amador,005,37829,8340,8274,628,8902,79
2022-02-23,Butte,007,227075,32801,32417,6820,39237,367
2022-02-23,Calaveras,009,45235,7166,7182,336,7518,107
2022-02-23,Colusa,011,21464,3419,3411,1039,4450,21
2022-02-23,Contra Costa,013,1133247,188256,184013,12857,196870,1209
2022-02-23,Del Norte,015,27424,5628,5625,169,5794,45
2022-02-23,El Dorado,017,186661,26442,26317,3156,29473,189
2022-02-23,Fresno,019,978130,228730,225308,23721,249029,2596
2022-02-23,Glenn,021,27897,4937,4909,1584,6493,40
2022-02-23,Humboldt,023,135768,16585,16601,2860,19461,132
2022-02-23,Imperial,025,180216,54834,54292,10420,64712,871
2022-02-23,Inyo,027,18085,4041,4031,449,4480,54
2022-02-23,Kern,029,883053,190157,188432,45242,233674,2106
2022-02-23,Kings,031,150075,50833,50416,3462,53878,423
2022-02-23,Lake,033,64148,10474,10368,862,11230,126
2022-02-23,Lassen,035,31185,8808,8749,868,9617,55
2022-02-23,Los Angeles,037,10098052,2686163,2659569,121500,2781069,30167
2022-02-23,Madera,039,155013,36849,36876,5929,42805,330
2022-02-23,Marin,041,260295,32760,32625,2143,34768,267
2022-02-23,Mariposa,043,17540,2345,2325,191,2516,6
2022-02-23,Mendocino,045,87422,12851,12747,2931,15678,111
2022-02-23,Merced,047,269075,61677,61295,8452,69747,772
2022-02-23,Modoc,049,8938,725,723,247,970,7
2022-02-23,Mono,051,14174,2955,2960,118,3078,5
2022-02-23,Monterey,053,433212,78398,77472,13074,90546,691
2022-02-23,Napa,055,140530,25192,25185,914,26099,128
2022-02-23,Nevada,057,99092,15748,15825,1149,16974,121
2022-02-23,Orange,059,3164182,541445,539631,40580,580211,6520
2022-02-23,Placer,061,380077,62014,61758,7227,68985,573
2022-02-23,Plumas,063,18699,2937,2663,355,3018,13
2022-02-23,Riverside,065,2383286,586971,584381,27383,611764,6119
2022-02-23,Sacramento,067,1510023,277555,272057,26072,298129,2796
2022-02-23,San Benito,069,59416,12753,12756,502,13258,92
2022-02-23,San Bernardino,071,2135413,570772,555238,24664,579902,6479
2022-02-23,San Diego,073,3302833,741696,735406,51758,787164,4988
2022-02-23,San Francisco,075,870044,121308,122127,8006,130133,769
2022-02-23,San Joaquin,077,732212,164771,164257,9742,173999,2042
2022-02-23,San Luis Obispo,079,281455,51596,51264,3642,54906,434
2022-02-23,San Mateo,081,765935,119300,117585,6740,124325,603
2022-02-23,Santa Barbara,083,443738,84757,84760,4624,89384,651
2022-02-23,Santa Clara,085,1922200,304930,305484,12013,317497,2157
2022-02-23,Santa Cruz,087,273765,46560,46059,2047,48106,251
2022-02-23,Shasta,089,179085,30116,30066,5989,36055,481
2022-02-23,Sierra,091,2930,271,270,47,317,1
2022-02-23,Siskiyou,093,43540,4387,4356,2667,7023,71
2022-02-23,Solano,095,438530,80182,80103,5456,85559,427
2022-02-23,Sonoma,097,501317,82121,81594,2509,84103,432
2022-02-23,Stanislaus,099,539301,116439,116789,17591,134380,1482
2022-02-23,Sutter,101,95872,20216,20194,1968,22162,213
2022-02-23,Tehama,103,63373,11916,11863,2557,14420,154
2022-02-23,Trinity,105,12862,1171,1156,284,1440,20
2022-02-23,Tulare,107,460477,105378,102812,27151,129963,1290
2022-02-23,Tuolumne,109,53932,12529,12158,544,12702,175
2022-02-23,Ventura,111,848112,171370,171163,9268,180431,1401
2022-02-23,Yolo,113,214977,36399,35590,2943,38533,296
2022-02-23,Yuba,115,75493,15617,15571,1155,16726,113
2022-02-22,Alameda,001,1643700,251354,247434,13319,260753,1706
2022-02-22,Alpine,003,1148,122,124,1,125,0
2022-02-22,Amador,005,37829,8330,8243,628,8871,79
2022-02-22,Butte,007,227075,32766,32359,6813,39172,366
2022-02-22,Calaveras,009,45235,7157,7178,336,7514,107
2022-02-22,Colusa,011,21464,3418,3402,1037,4439,21
2022-02-22,Contra Costa,013,1133247,188103,183812,12838,196650,1201
2022-02-22,Del Norte,015,27424,5619,5611,168,5779,45
2022-02-22,El Dorado,017,186661,26432,26289,3156,29445,189
2022-02-22,Fresno,019,978130,228505,225104,23695,248799,2592
2022-02-22,Glenn,021,27897,4936,4900,1583,6483,40
2022-02-22,Humboldt,023,135768,16562,16559,2856,19415,132
2022-02-22,Imperial,025,180216,54802,54227,10416,64643,864
2022-02-22,Inyo,027,18085,4039,4026,447,4473,54
2022-02-22,Kern,029,883053,190037,188237,45206,233443,2102
2022-02-22,Kings,031,150075,50771,50359,3460,53819,423
2022-02-22,Lake,033,64148,10463,10353,860,11213,126
2022-02-22,Lassen,035,31185,8804,8730,868,9598,55
2022-02-22,Los Angeles,037,10098052,2684698,2658230,121413,2779643,30129
2022-02-22,Madera,039,155013,36816,36833,5919,42752,330
2022-02-22,Marin,041,260295,32735,32591,2142,34733,267
2022-02-22,Mariposa,043,17540,2337,2322,191,2513,6
2022-02-22,Mendocino,045,87422,12837,12714,2921,15635,110
2022-02-22,Merced,047,269075,61616,61241,8445,69686,770
2022-02-22,Modoc,049,8938,722,720,247,967,6
2022-02-22,Mono,051,14174,2955,2961,118,3079,5
2022-02-22,Monterey,053,433212,78344,77359,13055,90414,690
2022-02-22,Napa,055,140530,25163,25151,913,26064,128
2022-02-22,Nevada,057,99092,15731,15815,1148,16963,121
2022-02-22,Orange,059,3164182,541159,539390,40547,579937,6502
2022-02-22,Placer,061,380077,61976,61709,7222,68931,572
2022-02-22,Plumas,063,18699,2931,2659,354,3013,13
2022-02-22,Riverside,065,2383286,586714,583969,27363,611332,6097
2022-02-22,Sacramento,067,1510023,277365,271789,26049,297838,2775
2022-02-22,San Benito,069,59416,12742,12742,501,13243,92
2022-02-22,San Bernardino,071,2135413,570571,554903,24645,579548,6451
2022-02-22,San Diego,073,3302833,741171,734536,51703,786239,4974
2022-02-22,San Francisco,075,870044,121179,121954,8002,129956,769
2022-02-22,San Joaquin,077,732212,164650,164111,9732,173843,2040
2022-02-22,San Luis Obispo,079,281455,51511,51193,3636,54829,431
2022-02-22,San Mateo,081,765935,119206,117418,6735,124153,603
2022-02-22,Santa Barbara,083,443738,84696,84701,4620,89321,650
2022-02-22,Santa Clara,085,1922200,304648,305045,12007,317052,2155
2022-02-22,Santa Cruz,087,273765,46495,45958,2047,48005,251
2022-02-22,Shasta,089,179085,30091,30024,5984,36008,479
2022-02-22,Sierra,091,2930,271,269,46,315,0
2022-02-22,Siskiyou,093,43540,4384,4350,2662,7012,70
2022-02-22,Solano,095,438530,80106,79968,5454,85422,425
2022-02-22,Sonoma,097,501317,82055,81412,2505,83917,431
2022-02-22,Stanislaus,099,539301,116358,116676,17571,134247,1475
2022-02-22,Sutter,101,95872,20200,20164,1966,22130,210
2022-02-22,Tehama,103,63373,11907,11852,2556,14408,152
2022-02-22,Trinity,105,12862,1171,1147,283,1430,20
2022-02-22,Tulare,107,460477,105272,102717,27121,129838,1287
2022-02-22,Tuolumne,109,53932,12511,12136,543,12679,175
2022-02-22,Ventura,111,848112,171285,171064,9262,180326,1401
2022-02-22,Yolo,113,214977,36362,35527,2938,38465,292
2022-02-22,Yuba,115,75493,15607,15550,1154,16704,110
2022-02-21,Alameda,001,1643700,251069,247434,13303,260737,1704
2022-02-21,Alpine,003,1148,122,124,1,125,0
2022-02-21,Amador,005,37829,8324,8246,628,8874,79
2022-02-21,Butte,007,227075,32724,32356,6789,39145,366
2022-02-21,Calaveras,009,45235,7149,7175,336,7511,107
2022-02-21,Colusa,011,21464,3416,3401,1035,4436,21
2022-02-21,Contra Costa,013,1133247,187876,183701,12824,196525,1201
2022-02-21,Del Norte,015,27424,5601,5601,167,5768,45
2022-02-21,El Dorado,017,186661,26404,26273,3151,29424,189
2022-02-21,Fresno,019,978130,228192,224923,23639,248562,2592
2022-02-21,Glenn,021,27897,4931,4897,1583,6480,40
2022-02-21,Humboldt,023,135768,16519,16548,2848,19396,132
2022-02-21,Imperial,025,180216,54742,54208,10403,64611,864
2022-02-21,Inyo,027,18085,4036,4023,447,4470,54
2022-02-21,Kern,029,883053,189844,188188,45154,233342,2102
2022-02-21,Kings,031,150075,50705,50188,3457,53645,422
2022-02-21,Lake,033,64148,10441,10334,858,11192,126
2022-02-21,Lassen,035,31185,8796,8705,863,9568,55
2022-02-21,Los Angeles,037,10098052,2682919,2656873,121317,2778190,30108
2022-02-21,Madera,039,155013,36779,36796,5898,42694,330
2022-02-21,Marin,041,260295,32711,32570,2142,34712,258
2022-02-21,Mariposa,043,17540,2334,2321,191,2512,6
2022-02-21,Mendocino,045,87422,12811,12706,2909,15615,110
2022-02-21,Merced,047,269075,61559,61209,8428,69637,770
2022-02-21,Modoc,049,8938,721,718,247,965,6
2022-02-21,Mono,051,14174,2954,2960,118,3078,5
2022-02-21,Monterey,053,433212,78250,77354,13014,90368,690
2022-02-21,Napa,055,140530,25124,25126,913,26039,128
2022-02-21,Nevada,057,99092,15720,15810,1145,16955,121
2022-02-21,Orange,059,3164182,540808,539068,40522,579590,6502
2022-02-21,Placer,061,380077,61922,61727,7218,68945,572
2022-02-21,Plumas,063,18699,2928,2657,349,3006,13
2022-02-21,Riverside,065,2383286,586346,583712,27316,611028,6097
2022-02-21,Sacramento,067,1510023,277110,271588,26016,297604,2769
2022-02-21,San Benito,069,59416,12729,12731,501,13232,92
2022-02-21,San Bernardino,071,2135413,570332,554662,24624,579286,6441
2022-02-21,San Diego,073,3302833,740555,732298,51625,783923,4974
2022-02-21,San Francisco,075,870044,120998,121865,7998,129863,769
2022-02-21,San Joaquin,077,732212,164506,164036,9720,173756,2040
2022-02-21,San Luis Obispo,079,281455,51420,51184,3629,54813,429
2022-02-21,San Mateo,081,765935,119113,117259,6727,123986,605
2022-02-21,Santa Barbara,083,443738,84620,84626,4612,89238,650
2022-02-21,Santa Clara,085,1922200,304320,304858,12001,316859,2158
2022-02-21,Santa Cruz,087,273765,46369,45941,2046,47987,251
2022-02-21,Shasta,089,179085,30046,30004,5976,35980,479
2022-02-21,Sierra,091,2930,271,269,46,315,0
2022-02-21,Siskiyou,093,43540,4372,4337,2657,6994,70
2022-02-21,Solano,095,438530,80013,79906,5449,85355,425
2022-02-21,Sonoma,097,501317,81941,81361,2498,83859,431
2022-02-21,Stanislaus,099,539301,116246,116597,17547,134144,1475
2022-02-21,Sutter,101,95872,20175,20152,1964,22116,210
2022-02-21,Tehama,103,63373,11893,11842,2555,14397,152
2022-02-21,Trinity,105,12862,1170,1147,283,1430,20
2022-02-21,Tulare,107,460477,105176,102614,27077,129691,1287
2022-02-21,Tuolumne,109,53932,12500,12126,540,12666,175
2022-02-21,Ventura,111,848112,171146,170939,9253,180192,1401
2022-02-21,Yolo,113,214977,36319,35518,2929,38447,292
2022-02-21,Yuba,115,75493,15588,15546,1145,16691,110
2022-02-20,Alameda,001,1643700,250839,246028,13295,259323,1700
2022-02-20,Alpine,003,1148,122,124,1,125,0
2022-02-20,Amador,005,37829,8312,8203,628,8831,79
2022-02-20,Butte,007,227075,32695,32173,6784,38957,364
2022-02-20,Calaveras,009,45235,7146,7136,335,7471,107
2022-02-20,Colusa,011,21464,3413,3389,1034,4423,21
2022-02-20,Contra Costa,013,1133247,187746,182797,12819,195616,1190
2022-02-20,Del Norte,015,27424,5586,5511,167,5678,45
2022-02-20,El Dorado,017,186661,26383,26101,3150,29251,189
2022-02-20,Fresno,019,978130,228001,223594,23623,247217,2544
2022-02-20,Glenn,021,27897,4928,4881,1583,6464,39
2022-02-20,Humboldt,023,135768,16507,16393,2844,19237,132
2022-02-20,Imperial,025,180216,54676,53967,10393,64360,862
2022-02-20,Inyo,027,18085,4036,4018,446,4464,52
2022-02-20,Kern,029,883053,189710,187158,45110,232268,2095
2022-02-20,Kings,031,150075,50677,49724,3454,53178,421
2022-02-20,Lake,033,64148,10408,10184,857,11041,126
2022-02-20,Lassen,035,31185,8784,8640,863,9503,55
2022-02-20,Los Angeles,037,10098052,2681595,2642878,121234,2764112,29842
2022-02-20,Madera,039,155013,36748,36526,5894,42420,330
2022-02-20,Marin,041,260295,32694,32441,2142,34583,258
2022-02-20,Mariposa,043,17540,2328,2310,189,2499,6
2022-02-20,Mendocino,045,87422,12801,12625,2906,15531,110
2022-02-20,Merced,047,269075,61531,60886,8424,69310,769
2022-02-20,Modoc,049,8938,720,714,247,961,6
2022-02-20,Mono,051,14174,2954,2956,118,3074,5
2022-02-20,Monterey,053,433212,78190,76765,13001,89766,682
2022-02-20,Napa,055,140530,25102,24970,911,25881,127
2022-02-20,Nevada,057,99092,15709,15715,1144,16859,121
2022-02-20,Orange,059,3164182,540489,538019,40486,578505,6416
2022-02-20,Placer,061,380077,61890,61417,7210,68627,560
2022-02-20,Plumas,063,18699,2924,2646,347,2993,13
2022-02-20,Riverside,065,2383286,586079,581788,27290,609078,6087
2022-02-20,Sacramento,067,1510023,276931,270080,25992,296072,2747
2022-02-20,San Benito,069,59416,12726,12665,501,13166,92
2022-02-20,San Bernardino,071,2135413,570124,553151,24607,577758,6400
2022-02-20,San Diego,073,3302833,739983,729549,51561,781110,4947
2022-02-20,San Francisco,075,870044,120859,121197,7988,129185,756
2022-02-20,San Joaquin,077,732212,164388,163083,9709,172792,2033
2022-02-20,San Luis Obispo,079,281455,51391,50823,3625,54448,424
2022-02-20,San Mateo,081,765935,119039,116648,6720,123368,598
2022-02-20,Santa Barbara,083,443738,84576,83988,4610,88598,642
2022-02-20,Santa Clara,085,1922200,304042,303077,11993,315070,2138
2022-02-20,Santa Cruz,087,273765,46303,45532,2043,47575,250
2022-02-20,Shasta,089,179085,30017,29847,5969,35816,479
2022-02-20,Sierra,091,2930,271,269,46,315,0
2022-02-20,Siskiyou,093,43540,4367,4307,2656,6963,70
2022-02-20,Solano,095,438530,79938,78914,5445,84359,424
2022-02-20,Sonoma,097,501317,81866,80843,2495,83338,431
2022-02-20,Stanislaus,099,539301,116180,115976,17530,133506,1454
2022-02-20,Sutter,101,95872,20163,20060,1961,22021,210
2022-02-20,Tehama,103,63373,11881,11760,2552,14312,152
2022-02-20,Trinity,105,12862,1169,1130,283,1413,20
2022-02-20,Tulare,107,460477,105088,101996,27051,129047,1286
2022-02-20,Tuolumne,109,53932,12479,12036,540,12576,175
2022-02-20,Ventura,111,848112,171050,170331,9246,179577,1384
2022-02-20,Yolo,113,214977,36293,35363,2926,38289,293
2022-02-20,Yuba,115,75493,15573,15449,1144,16593,112
2022-02-19,Alameda,001,1643700,250664,246028,13291,259319,1700
2022-02-19,Alpine,003,1148,122,124,1,125,0
2022-02-19,Amador,005,37829,8308,8203,628,8831,79
2022-02-19,Butte,007,227075,32671,32173,6781,38954,364
2022-02-19,Calaveras,009,45235,7146,7136,335,7471,107
2022-02-19,Colusa,011,21464,3412,3389,1032,4421,21
2022-02-19,Contra Costa,013,1133247,187649,182797,12818,195615,1190
2022-02-19,Del Norte,015,27424,5576,5511,167,5678,45
2022-02-19,El Dorado,017,186661,26365,26101,3148,29249,189
2022-02-19,Fresno,019,978130,227882,223594,23616,247210,2544
2022-02-19,Glenn,021,27897,4923,4881,1583,6464,39
2022-02-19,Humboldt,023,135768,16492,16393,2844,19237,132
2022-02-19,Imperial,025,180216,54660,53967,10388,64355,862
2022-02-19,Inyo,027,18085,4035,4018,445,4463,52
2022-02-19,Kern,029,883053,189607,187158,45086,232244,2095
2022-02-19,Kings,031,150075,50654,49724,3453,53177,421
2022-02-19,Lake,033,64148,10399,10184,857,11041,126
2022-02-19,Lassen,035,31185,8772,8640,862,9502,55
2022-02-19,Los Angeles,037,10098052,2680801,2642878,121193,2764071,29842
2022-02-19,Madera,039,155013,36726,36526,5892,42418,330
2022-02-19,Marin,041,260295,32671,32441,2141,34582,258
2022-02-19,Mariposa,043,17540,2325,2310,189,2499,6
2022-02-19,Mendocino,045,87422,12791,12625,2906,15531,110
2022-02-19,Merced,047,269075,61487,60886,8420,69306,769
2022-02-19,Modoc,049,8938,720,714,246,960,6
2022-02-19,Mono,051,14174,2953,2956,118,3074,5
2022-02-19,Monterey,053,433212,78101,76765,12990,89755,682
2022-02-19,Napa,055,140530,25092,24970,911,25881,127
2022-02-19,Nevada,057,99092,15701,15715,1144,16859,121
2022-02-19,Orange,059,3164182,540287,538019,40461,578480,6416
2022-02-19,Placer,061,380077,61843,61417,7210,68627,560
2022-02-19,Plumas,063,18699,2923,2646,347,2993,13
2022-02-19,Riverside,065,2383286,585897,581788,27278,609066,6087
2022-02-19,Sacramento,067,1510023,276788,270080,25981,296061,2747
2022-02-19,San Benito,069,59416,12713,12665,500,13165,92
2022-02-19,San Bernardino,071,2135413,569962,553151,24600,577751,6400
2022-02-19,San Diego,073,3302833,739638,729549,51514,781063,4947
2022-02-19,San Francisco,075,870044,120773,121197,7984,129181,756
2022-02-19,San Joaquin,077,732212,164316,163083,9698,172781,2033
2022-02-19,San Luis Obispo,079,281455,51378,50823,3621,54444,424
2022-02-19,San Mateo,081,765935,118998,116648,6719,123367,598
2022-02-19,Santa Barbara,083,443738,84509,83988,4609,88597,642
2022-02-19,Santa Clara,085,1922200,303849,303077,11991,315068,2138
2022-02-19,Santa Cruz,087,273765,46265,45532,2041,47573,250
2022-02-19,Shasta,089,179085,30003,29847,5966,35813,479
2022-02-19,Sierra,091,2930,271,269,46,315,0
2022-02-19,Siskiyou,093,43540,4364,4307,2656,6963,70
2022-02-19,Solano,095,438530,79896,78914,5444,84358,424
2022-02-19,Sonoma,097,501317,81824,80843,2495,83338,431
2022-02-19,Stanislaus,099,539301,116108,115976,17524,133500,1454
2022-02-19,Sutter,101,95872,20155,20060,1961,22021,210
2022-02-19,Tehama,103,63373,11874,11760,2552,14312,152
2022-02-19,Trinity,105,12862,1167,1130,283,1413,20
2022-02-19,Tulare,107,460477,105041,101996,27026,129022,1286
2022-02-19,Tuolumne,109,53932,12470,12036,540,12576,175
2022-02-19,Ventura,111,848112,170975,170331,9242,179573,1384
2022-02-19,Yolo,113,214977,36262,35363,2922,38285,293
2022-02-19,Yuba,115,75493,15564,15449,1144,16593,112
2022-02-18,Alameda,001,1643700,250498,246028,13283,259311,1700
2022-02-18,Alpine,003,1148,121,124,1,125,0
2022-02-18,Amador,005,37829,8301,8203,626,8829,79
2022-02-18,Butte,007,227075,32650,32173,6775,38948,364
2022-02-18,Calaveras,009,45235,7141,7136,334,7470,107
2022-02-18,Colusa,011,21464,3410,3389,1032,4421,21
2022-02-18,Contra Costa,013,1133247,187542,182797,12812,195609,1190
2022-02-18,Del Norte,015,27424,5565,5511,167,5678,45
2022-02-18,El Dorado,017,186661,26354,26101,3148,29249,189
2022-02-18,Fresno,019,978130,227694,223594,23605,247199,2544
2022-02-18,Glenn,021,27897,4922,4881,1582,6463,39
2022-02-18,Humboldt,023,135768,16475,16393,2839,19232,132
2022-02-18,Imperial,025,180216,54634,53967,10377,64344,862
2022-02-18,Inyo,027,18085,4033,4018,445,4463,52
2022-02-18,Kern,029,883053,189495,187158,45041,232199,2095
2022-02-18,Kings,031,150075,50567,49724,3453,53177,421
2022-02-18,Lake,033,64148,10381,10184,855,11039,126
2022-02-18,Lassen,035,31185,8752,8640,861,9501,55
2022-02-18,Los Angeles,037,10098052,2679816,2642878,121139,2764017,29842
2022-02-18,Madera,039,155013,36703,36526,5890,42416,330
2022-02-18,Marin,041,260295,32653,32441,2139,34580,258
2022-02-18,Mariposa,043,17540,2323,2310,189,2499,6
2022-02-18,Mendocino,045,87422,12781,12625,2906,15531,110
2022-02-18,Merced,047,269075,61443,60886,8411,69297,769
2022-02-18,Modoc,049,8938,720,714,246,960,6
2022-02-18,Mono,051,14174,2953,2956,118,3074,5
2022-02-18,Monterey,053,433212,78028,76765,12982,89747,682
2022-02-18,Napa,055,140530,25074,24970,911,25881,127
2022-02-18,Nevada,057,99092,15693,15715,1144,16859,121
2022-02-18,Orange,059,3164182,540051,538019,40422,578441,6416
2022-02-18,Placer,061,380077,61814,61417,7203,68620,560
2022-02-18,Plumas,063,18699,2919,2646,347,2993,13
2022-02-18,Riverside,065,2383286,585717,581788,27270,609058,6087
2022-02-18,Sacramento,067,1510023,276597,270080,25973,296053,2747
2022-02-18,San Benito,069,59416,12705,12665,500,13165,92
2022-02-18,San Bernardino,071,2135413,569784,553151,24595,577746,6400
2022-02-18,San Diego,073,3302833,739214,729549,51488,781037,4947
2022-02-18,San Francisco,075,870044,120685,121197,7976,129173,756
2022-02-18,San Joaquin,077,732212,164247,163083,9691,172774,2033
2022-02-18,San Luis Obispo,079,281455,51362,50823,3618,54441,424
2022-02-18,San Mateo,081,765935,118933,116648,6716,123364,598
2022-02-18,Santa Barbara,083,443738,84469,83988,4607,88595,642
2022-02-18,Santa Clara,085,1922200,303613,303077,11990,315067,2138
2022-02-18,Santa Cruz,087,273765,46231,45532,2040,47572,250
2022-02-18,Shasta,089,179085,29989,29847,5965,35812,479
2022-02-18,Sierra,091,2930,271,269,46,315,0
2022-02-18,Siskiyou,093,43540,4361,4307,2654,6961,70
2022-02-18,Solano,095,438530,79826,78914,5443,84357,424
2022-02-18,Sonoma,097,501317,81768,80843,2494,83337,431
2022-02-18,Stanislaus,099,539301,116058,115976,17510,133486,1454
2022-02-18,Sutter,101,95872,20143,20060,1961,22021,210
2022-02-18,Tehama,103,63373,11863,11760,2552,14312,152
2022-02-18,Trinity,105,12862,1166,1130,282,1412,20
2022-02-18,Tulare,107,460477,104990,101996,26985,128981,1286
2022-02-18,Tuolumne,109,53932,12464,12036,539,12575,175
2022-02-18,Ventura,111,848112,170885,170331,9237,179568,1384
2022-02-18,Yolo,113,214977,36234,35363,2920,38283,293
2022-02-18,Yuba,115,75493,15549,15449,1144,16593,112
2022-02-17,Alameda,001,1643700,250235,246028,13263,259291,1700
2022-02-17,Alpine,003,1148,121,124,1,125,0
2022-02-17,Amador,005,37829,8297,8203,624,8827,79
2022-02-17,Butte,007,227075,32617,32173,6771,38944,364
2022-02-17,Calaveras,009,45235,7132,7136,331,7467,107
2022-02-17,Colusa,011,21464,3407,3389,1032,4421,21
2022-02-17,Contra Costa,013,1133247,187346,182797,12780,195577,1190
2022-02-17,Del Norte,015,27424,5544,5511,167,5678,45
2022-02-17,El Dorado,017,186661,26328,26101,3138,29239,189
2022-02-17,Fresno,019,978130,227403,223594,23574,247168,2544
2022-02-17,Glenn,021,27897,4920,4881,1579,6460,39
2022-02-17,Humboldt,023,135768,16435,16393,2838,19231,132
2022-02-17,Imperial,025,180216,54563,53967,10361,64328,862
2022-02-17,Inyo,027,18085,4031,4018,444,4462,52
2022-02-17,Kern,029,883053,189341,187158,44992,232150,2095
2022-02-17,Kings,031,150075,50503,49724,3448,53172,421
2022-02-17,Lake,033,64148,10351,10184,851,11035,126
2022-02-17,Lassen,035,31185,8742,8640,859,9499,55
2022-02-17,Los Angeles,037,10098052,2677979,2642878,121059,2763937,29842
2022-02-17,Madera,039,155013,36660,36526,5883,42409,330
2022-02-17,Marin,041,260295,32627,32441,2138,34579,258
2022-02-17,Mariposa,043,17540,2321,2310,188,2498,6
2022-02-17,Mendocino,045,87422,12764,12625,2903,15528,110
2022-02-17,Merced,047,269075,61368,60886,8395,69281,769
2022-02-17,Modoc,049,8938,719,714,246,960,6
2022-02-17,Mono,051,14174,2951,2956,118,3074,5
2022-02-17,Monterey,053,433212,77916,76765,12940,89705,682
2022-02-17,Napa,055,140530,25042,24970,909,25879,127
2022-02-17,Nevada,057,99092,15681,15715,1143,16858,121
2022-02-17,Orange,059,3164182,539712,538019,40395,578414,6416
2022-02-17,Placer,061,380077,61772,61417,7195,68612,560
2022-02-17,Plumas,063,18699,2916,2646,347,2993,13
2022-02-17,Riverside,065,2383286,585345,581788,27243,609031,6087
2022-02-17,Sacramento,067,1510023,276309,270080,25925,296005,2747
2022-02-17,San Benito,069,59416,12694,12665,500,13165,92
2022-02-17,San Bernardino,071,2135413,569480,553151,24581,577732,6400
2022-02-17,San Diego,073,3302833,738617,729549,51435,780984,4947
2022-02-17,San Francisco,075,870044,120551,121197,7966,129163,756
2022-02-17,San Joaquin,077,732212,164083,163083,9678,172761,2033
2022-02-17,San Luis Obispo,079,281455,51257,50823,3610,54433,424
2022-02-17,San Mateo,081,765935,118839,116648,6707,123355,598
2022-02-17,Santa Barbara,083,443738,84369,83988,4600,88588,642
2022-02-17,Santa Clara,085,1922200,303250,303077,11976,315053,2138
2022-02-17,Santa Cruz,087,273765,46149,45532,2038,47570,250
2022-02-17,Shasta,089,179085,29962,29847,5962,35809,479
2022-02-17,Sierra,091,2930,271,269,46,315,0
2022-02-17,Siskiyou,093,43540,4352,4307,2650,6957,70
2022-02-17,Solano,095,438530,79745,78914,5436,84350,424
2022-02-17,Sonoma,097,501317,81702,80843,2487,83330,431
2022-02-17,Stanislaus,099,539301,115954,115976,17493,133469,1454
2022-02-17,Sutter,101,95872,20128,20060,1953,22013,210
2022-02-17,Tehama,103,63373,11855,11760,2551,14311,152
2022-02-17,Trinity,105,12862,1164,1130,280,1410,20
2022-02-17,Tulare,107,460477,104875,101996,26961,128957,1286
2022-02-17,Tuolumne,109,53932,12453,12036,539,12575,175
2022-02-17,Ventura,111,848112,170745,170331,9236,179567,1384
2022-02-17,Yolo,113,214977,36196,35363,2919,38282,293
2022-02-17,Yuba,115,75493,15534,15449,1144,16593,112
2022-02-16,Alameda,001,1643700,249924,245662,13225,258887,1691
2022-02-16,Alpine,003,1148,121,124,1,125,0
2022-02-16,Amador,005,37829,8279,8197,623,8820,77
2022-02-16,Butte,007,227075,32571,32095,6758,38853,363
2022-02-16,Calaveras,009,45235,7128,7129,328,7457,107
2022-02-16,Colusa,011,21464,3402,3384,1032,4416,21
2022-02-16,Contra Costa,013,1133247,187112,182423,12744,195167,1179
2022-02-16,Del Norte,015,27424,5524,5473,164,5637,45
2022-02-16,El Dorado,017,186661,26301,26061,3134,29195,189
2022-02-16,Fresno,019,978130,227043,223056,23525,246581,2542
2022-02-16,Glenn,021,27897,4917,4873,1574,6447,39
2022-02-16,Humboldt,023,135768,16411,16342,2828,19170,132
2022-02-16,Imperial,025,180216,54485,53901,10333,64234,861
2022-02-16,Inyo,027,18085,4028,4013,443,4456,52
2022-02-16,Kern,029,883053,189124,186740,44907,231647,2084
2022-02-16,Kings,031,150075,50450,49575,3440,53015,420
2022-02-16,Lake,033,64148,10326,10145,851,10996,125
2022-02-16,Lassen,035,31185,8709,8618,859,9477,55
2022-02-16,Los Angeles,037,10098052,2675886,2640005,120950,2760955,29749
2022-02-16,Madera,039,155013,36593,36382,5869,42251,330
2022-02-16,Marin,041,260295,32591,32381,2136,34517,257
2022-02-16,Mariposa,043,17540,2319,2305,188,2493,6
2022-02-16,Mendocino,045,87422,12742,12605,2893,15498,108
2022-02-16,Merced,047,269075,61301,60776,8363,69139,767
2022-02-16,Modoc,049,8938,719,711,242,953,6
2022-02-16,Mono,051,14174,2949,2953,118,3071,5
2022-02-16,Monterey,053,433212,77769,76624,12899,89523,682
2022-02-16,Napa,055,140530,25004,24897,906,25803,128
2022-02-16,Nevada,057,99092,15664,15677,1139,16816,121
2022-02-16,Orange,059,3164182,539308,537934,40351,578285,6392
2022-02-16,Placer,061,380077,61729,61278,7183,68461,556
2022-02-16,Plumas,063,18699,2913,2644,345,2989,13
2022-02-16,Riverside,065,2383286,584948,580828,27197,608025,6064
2022-02-16,Sacramento,067,1510023,275985,269416,25868,295284,2736
2022-02-16,San Benito,069,59416,12667,12644,500,13144,92
2022-02-16,San Bernardino,071,2135413,569206,552353,24559,576912,6379
2022-02-16,San Diego,073,3302833,737857,728610,51358,779968,4931
2022-02-16,San Francisco,075,870044,120378,120987,7963,128950,756
2022-02-16,San Joaquin,077,732212,163916,162752,9668,172420,2032
2022-02-16,San Luis Obispo,079,281455,51185,50704,3598,54302,425
2022-02-16,San Mateo,081,765935,118721,116438,6689,123127,595
2022-02-16,Santa Barbara,083,443738,84293,83968,4588,88556,642
2022-02-16,Santa Clara,085,1922200,302864,302439,11943,314382,2130
2022-02-16,Santa Cruz,087,273765,46059,45274,2036,47310,250
2022-02-16,Shasta,089,179085,29924,29767,5950,35717,477
2022-02-16,Sierra,091,2930,270,269,46,315,0
2022-02-16,Siskiyou,093,43540,4345,4302,2644,6946,71
2022-02-16,Solano,095,438530,79630,78742,5430,84172,422
2022-02-16,Sonoma,097,501317,81574,80642,2477,83119,431
2022-02-16,Stanislaus,099,539301,115835,115751,17460,133211,1443
2022-02-16,Sutter,101,95872,20111,20020,1950,21970,210
2022-02-16,Tehama,103,63373,11838,11738,2549,14287,152
2022-02-16,Trinity,105,12862,1164,1130,279,1409,20
2022-02-16,Tulare,107,460477,104754,101817,26911,128728,1281
2022-02-16,Tuolumne,109,53932,12441,11991,538,12529,171
2022-02-16,Ventura,111,848112,170610,170117,9228,179345,1372
2022-02-16,Yolo,113,214977,36145,35284,2917,38201,292
2022-02-16,Yuba,115,75493,15512,15405,1141,16546,110
2022-02-15,Alameda,001,1643700,249573,245265,13197,258462,1683
2022-02-15,Alpine,003,1148,121,124,1,125,0
2022-02-15,Amador,005,37829,8269,8183,622,8805,77
2022-02-15,Butte,007,227075,32521,32011,6744,38755,361
2022-02-15,Calaveras,009,45235,7118,7115,328,7443,106
2022-02-15,Colusa,011,21464,3394,3374,1031,4405,21
2022-02-15,Contra Costa,013,1133247,186854,182041,12714,194755,1179
2022-02-15,Del Norte,015,27424,5496,5439,163,5602,45
2022-02-15,El Dorado,017,186661,26282,25988,3129,29117,189
2022-02-15,Fresno,019,978130,226665,222673,23467,246140,2543
2022-02-15,Glenn,021,27897,4908,4862,1573,6435,39
2022-02-15,Humboldt,023,135768,16366,16297,2813,19110,132
2022-02-15,Imperial,025,180216,54421,53813,10318,64131,860
2022-02-15,Inyo,027,18085,4027,4009,442,4451,52
2022-02-15,Kern,029,883053,188904,186324,44816,231140,2072
2022-02-15,Kings,031,150075,50357,49473,3431,52904,418
2022-02-15,Lake,033,64148,10294,10112,845,10957,123
2022-02-15,Lassen,035,31185,8695,8587,857,9444,55
2022-02-15,Los Angeles,037,10098052,2673630,2638266,120819,2759085,29691
2022-02-15,Madera,039,155013,36527,36260,5849,42109,330
2022-02-15,Marin,041,260295,32549,32355,2134,34489,255
2022-02-15,Mariposa,043,17540,2318,2302,188,2490,6
2022-02-15,Mendocino,045,87422,12725,12580,2874,15454,108
2022-02-15,Merced,047,269075,61220,60674,8332,69006,763
2022-02-15,Modoc,049,8938,717,710,239,949,6
2022-02-15,Mono,051,14174,2948,2952,118,3070,5
2022-02-15,Monterey,053,433212,77642,75530,12841,88371,682
2022-02-15,Napa,055,140530,24954,24832,899,25731,127
2022-02-15,Nevada,057,99092,15638,15643,1138,16781,121
2022-02-15,Orange,059,3164182,538851,537478,40308,577786,6374
2022-02-15,Placer,061,380077,61668,61170,7172,68342,554
2022-02-15,Plumas,063,18699,2909,2638,345,2983,13
2022-02-15,Riverside,065,2383286,584461,579940,27138,607078,6049
2022-02-15,Sacramento,067,1510023,275599,268950,25790,294740,2721
2022-02-15,San Benito,069,59416,12648,12616,500,13116,91
2022-02-15,San Bernardino,071,2135413,568845,551803,24539,576342,6372
2022-02-15,San Diego,073,3302833,736896,727486,51255,778741,4914
2022-02-15,San Francisco,075,870044,120207,120759,7952,128711,756
2022-02-15,San Joaquin,077,732212,163697,162518,9655,172173,2021
2022-02-15,San Luis Obispo,079,281455,51088,50534,3583,54117,419
2022-02-15,San Mateo,081,765935,118585,116253,6669,122922,595
2022-02-15,Santa Barbara,083,443738,84158,83734,4574,88308,640
2022-02-15,Santa Clara,085,1922200,302371,301831,11906,313737,2130
2022-02-15,Santa Cruz,087,273765,45955,45171,2031,47202,250
2022-02-15,Shasta,089,179085,29873,29684,5936,35620,477
2022-02-15,Sierra,091,2930,270,269,46,315,0
2022-02-15,Siskiyou,093,43540,4338,4288,2637,6925,70
2022-02-15,Solano,095,438530,79496,78626,5425,84051,426
2022-02-15,Sonoma,097,501317,81453,80433,2471,82904,431
2022-02-15,Stanislaus,099,539301,115694,115549,17429,132978,1429
2022-02-15,Sutter,101,95872,20083,19980,1945,21925,208
2022-02-15,Tehama,103,63373,11820,11717,2547,14264,151
2022-02-15,Trinity,105,12862,1158,1125,276,1401,20
2022-02-15,Tulare,107,460477,104602,101645,26856,128501,1278
2022-02-15,Tuolumne,109,53932,12422,11945,536,12481,171
2022-02-15,Ventura,111,848112,170436,169942,9221,179163,1372
2022-02-15,Yolo,113,214977,36094,35241,2909,38150,289
2022-02-15,Yuba,115,75493,15484,15372,1136,16508,109
2022-02-14,Alameda,001,1643700,249137,244315,13165,257480,1677
2022-02-14,Alpine,003,1148,121,125,1,126,0
2022-02-14,Amador,005,37829,8254,8164,619,8783,77
2022-02-14,Butte,007,227075,32466,31946,6729,38675,360
2022-02-14,Calaveras,009,45235,7105,7097,326,7423,106
2022-02-14,Colusa,011,21464,3391,3367,1027,4394,21
2022-02-14,Contra Costa,013,1133247,186570,181753,12676,194429,1167
2022-02-14,Del Norte,015,27424,5473,5426,162,5588,45
2022-02-14,El Dorado,017,186661,26247,25915,3120,29035,188
2022-02-14,Fresno,019,978130,226182,222360,23380,245740,2538
2022-02-14,Glenn,021,27897,4903,4854,1573,6427,39
2022-02-14,Humboldt,023,135768,16326,16264,2788,19052,132
2022-02-14,Imperial,025,180216,54350,53765,10292,64057,860
2022-02-14,Inyo,027,18085,4026,4010,441,4451,52
2022-02-14,Kern,029,883053,188561,186037,44708,230745,2063
2022-02-14,Kings,031,150075,50251,49395,3422,52817,419
2022-02-14,Lake,033,64148,10257,10090,842,10932,123
2022-02-14,Lassen,035,31185,8685,8539,855,9394,55
2022-02-14,Los Angeles,037,10098052,2671047,2636064,120691,2756755,29650
2022-02-14,Madera,039,155013,36463,36194,5826,42020,330
2022-02-14,Marin,041,260295,32513,32304,2131,34435,255
2022-02-14,Mariposa,043,17540,2311,2295,188,2483,6
2022-02-14,Mendocino,045,87422,12698,12541,2842,15383,108
2022-02-14,Merced,047,269075,61131,60591,8290,68881,758
2022-02-14,Modoc,049,8938,712,707,239,946,6
2022-02-14,Mono,051,14174,2947,2954,118,3072,5
2022-02-14,Monterey,053,433212,77471,75407,12761,88168,678
2022-02-14,Napa,055,140530,24895,24776,899,25675,127
2022-02-14,Nevada,057,99092,15619,15629,1137,16766,121
2022-02-14,Orange,059,3164182,538347,536924,40242,577166,6355
2022-02-14,Placer,061,380077,61598,61123,7157,68280,554
2022-02-14,Plumas,063,18699,2907,2631,345,2976,13
2022-02-14,Riverside,065,2383286,583915,579174,27070,606244,5994
2022-02-14,Sacramento,067,1510023,275158,268547,25679,294226,2717
2022-02-14,San Benito,069,59416,12624,12598,499,13097,91
2022-02-14,San Bernardino,071,2135413,568429,551338,24519,575857,6372
2022-02-14,San Diego,073,3302833,735928,723902,51152,775054,4894
2022-02-14,San Francisco,075,870044,120019,120581,7942,128523,756
2022-02-14,San Joaquin,077,732212,163457,162363,9632,171995,2018
2022-02-14,San Luis Obispo,079,281455,50980,50465,3573,54038,416
2022-02-14,San Mateo,081,765935,118421,116129,6661,122790,592
2022-02-14,Santa Barbara,083,443738,84012,83697,4564,88261,636
2022-02-14,Santa Clara,085,1922200,301839,301319,11882,313201,2127
2022-02-14,Santa Cruz,087,273765,45792,45042,2027,47069,250
2022-02-14,Shasta,089,179085,29787,29595,5919,35514,474
2022-02-14,Sierra,091,2930,270,269,46,315,0
2022-02-14,Siskiyou,093,43540,4325,4278,2623,6901,69
2022-02-14,Solano,095,438530,79317,78533,5413,83946,427
2022-02-14,Sonoma,097,501317,81312,80336,2459,82795,431
2022-02-14,Stanislaus,099,539301,115516,115426,17386,132812,1406
2022-02-14,Sutter,101,95872,20055,19957,1939,21896,209
2022-02-14,Tehama,103,63373,11797,11686,2546,14232,151
2022-02-14,Trinity,105,12862,1155,1123,276,1399,20
2022-02-14,Tulare,107,460477,104395,101448,26761,128209,1276
2022-02-14,Tuolumne,109,53932,12393,11920,533,12453,170
2022-02-14,Ventura,111,848112,170259,169725,9209,178934,1361
2022-02-14,Yolo,113,214977,36035,35112,2899,38011,286
2022-02-14,Yuba,115,75493,15454,15375,1132,16507,108
2022-02-13,Alameda,001,1643700,248646,243681,13131,256812,1677
2022-02-13,Alpine,003,1148,121,125,1,126,0
2022-02-13,Amador,005,37829,8225,8146,616,8762,77
2022-02-13,Butte,007,227075,32391,31865,6707,38572,360
2022-02-13,Calaveras,009,45235,7098,7083,323,7406,106
2022-02-13,Colusa,011,21464,3389,3366,1025,4391,21
2022-02-13,Contra Costa,013,1133247,186206,181313,12612,193925,1159
2022-02-13,Del Norte,015,27424,5441,5379,162,5541,45
2022-02-13,El Dorado,017,186661,26210,25871,3112,28983,188
2022-02-13,Fresno,019,978130,225642,221686,23320,245006,2537
2022-02-13,Glenn,021,27897,4896,4847,1570,6417,39
2022-02-13,Humboldt,023,135768,16279,16210,2760,18970,132
2022-02-13,Imperial,025,180216,54252,53658,10257,63915,860
2022-02-13,Inyo,027,18085,4023,4006,439,4445,52
2022-02-13,Kern,029,883053,188309,185640,44623,230263,2063
2022-02-13,Kings,031,150075,50124,49243,3411,52654,416
2022-02-13,Lake,033,64148,10194,10042,835,10877,123
2022-02-13,Lassen,035,31185,8660,8503,853,9356,55
2022-02-13,Los Angeles,037,10098052,2667873,2631267,120551,2751818,29595
2022-02-13,Madera,039,155013,36346,36054,5798,41852,330
2022-02-13,Marin,041,260295,32442,32222,2124,34346,255
2022-02-13,Mariposa,043,17540,2305,2292,186,2478,6
2022-02-13,Mendocino,045,87422,12669,12521,2803,15324,108
2022-02-13,Merced,047,269075,60989,60460,8237,68697,758
2022-02-13,Modoc,049,8938,710,704,232,936,6
2022-02-13,Mono,051,14174,2946,2949,118,3067,5
2022-02-13,Monterey,053,433212,77264,75295,12687,87982,678
2022-02-13,Napa,055,140530,24818,24743,896,25639,127
2022-02-13,Nevada,057,99092,15585,15590,1130,16720,121
2022-02-13,Orange,059,3164182,537721,536134,40180,576314,6355
2022-02-13,Placer,061,380077,61522,61020,7136,68156,554
2022-02-13,Plumas,063,18699,2899,2626,342,2968,13
2022-02-13,Riverside,065,2383286,583323,578363,27029,605392,5995
2022-02-13,Sacramento,067,1510023,274645,267947,25550,293497,2699
2022-02-13,San Benito,069,59416,12591,12578,498,13076,91
2022-02-13,San Bernardino,071,2135413,567942,550632,24485,575117,6367
2022-02-13,San Diego,073,3302833,734790,723902,51032,774934,4894
2022-02-13,San Francisco,075,870044,119767,120295,7930,128225,756
2022-02-13,San Joaquin,077,732212,163151,162028,9604,171632,2018
2022-02-13,San Luis Obispo,079,281455,50835,50384,3565,53949,415
2022-02-13,San Mateo,081,765935,118200,115876,6635,122511,592
2022-02-13,Santa Barbara,083,443738,83847,83547,4557,88104,635
2022-02-13,Santa Clara,085,1922200,301201,300412,11845,312257,2114
2022-02-13,Santa Cruz,087,273765,45637,44887,2025,46912,240
2022-02-13,Shasta,089,179085,29708,29531,5896,35427,474
2022-02-13,Sierra,091,2930,270,269,46,315,0
2022-02-13,Siskiyou,093,43540,4318,4264,2607,6871,69
2022-02-13,Solano,095,438530,79160,78424,5389,83813,426
2022-02-13,Sonoma,097,501317,81146,80172,2447,82619,431
2022-02-13,Stanislaus,099,539301,115323,115156,17346,132502,1406
2022-02-13,Sutter,101,95872,20016,19900,1939,21839,209
2022-02-13,Tehama,103,63373,11772,11644,2543,14187,151
2022-02-13,Trinity,105,12862,1152,1120,273,1393,20
2022-02-13,Tulare,107,460477,104180,101135,26673,127808,1276
2022-02-13,Tuolumne,109,53932,12367,11891,528,12419,170
2022-02-13,Ventura,111,848112,170065,169422,9189,178611,1361
2022-02-13,Yolo,113,214977,35968,35057,2887,37944,286
2022-02-13,Yuba,115,75493,15420,15346,1131,16477,107
2022-02-12,Alameda,001,1643700,248426,242137,13117,255254,1668
2022-02-12,Alpine,003,1148,121,124,1,125,0
2022-02-12,Amador,005,37829,8219,8091,616,8707,76
2022-02-12,Butte,007,227075,32362,31601,6701,38302,360
2022-02-12,Calaveras,009,45235,7095,7022,322,7344,106
2022-02-12,Colusa,011,21464,3386,3345,1025,4370,21
2022-02-12,Contra Costa,013,1133247,186015,180270,12605,192875,1141
2022-02-12,Del Norte,015,27424,5422,5262,162,5424,45
2022-02-12,El Dorado,017,186661,26194,25692,3112,28804,188
2022-02-12,Fresno,019,978130,225431,219909,23305,243214,2509
2022-02-12,Glenn,021,27897,4895,4818,1569,6387,39
2022-02-12,Humboldt,023,135768,16255,16058,2757,18815,132
2022-02-12,Imperial,025,180216,54208,53304,10247,63551,860
2022-02-12,Inyo,027,18085,4021,3991,439,4430,52
2022-02-12,Kern,029,883053,188198,184639,44586,229225,2037
2022-02-12,Kings,031,150075,50084,48893,3404,52297,415
2022-02-12,Lake,033,64148,10173,9926,831,10757,123
2022-02-12,Lassen,035,31185,8637,8477,852,9329,55
2022-02-12,Los Angeles,037,10098052,2666711,2616426,120479,2736905,29364
2022-02-12,Madera,039,155013,36312,35710,5791,41501,330
2022-02-12,Marin,041,260295,32410,32048,2121,34169,255
2022-02-12,Mariposa,043,17540,2305,2286,186,2472,6
2022-02-12,Mendocino,045,87422,12653,12439,2803,15242,107
2022-02-12,Merced,047,269075,60935,60187,8232,68419,758
2022-02-12,Modoc,049,8938,710,697,232,929,6
2022-02-12,Mono,051,14174,2945,2939,118,3057,5
2022-02-12,Monterey,053,433212,77203,74842,12665,87507,672
2022-02-12,Napa,055,140530,24790,24530,896,25426,124
2022-02-12,Nevada,057,99092,15572,15499,1129,16628,119
2022-02-12,Orange,059,3164182,537430,534503,40144,574647,6305
2022-02-12,Placer,061,380077,61464,60636,7133,67769,554
2022-02-12,Plumas,063,18699,2898,2617,341,2958,13
2022-02-12,Riverside,065,2383286,582961,575566,27006,602572,5961
2022-02-12,Sacramento,067,1510023,274410,266347,25541,291888,2686
2022-02-12,San Benito,069,59416,12579,12526,498,13024,91
2022-02-12,San Bernardino,071,2135413,567707,548822,24472,573294,6360
2022-02-12,San Diego,073,3302833,734291,720287,50981,771268,4854
2022-02-12,San Francisco,075,870044,119645,119113,7919,127032,740
2022-02-12,San Joaquin,077,732212,163020,161234,9598,170832,2014
2022-02-12,San Luis Obispo,079,281455,50799,50064,3562,53626,416
2022-02-12,San Mateo,081,765935,118112,115235,6628,121863,589
2022-02-12,Santa Barbara,083,443738,83761,83390,4550,87940,631
2022-02-12,Santa Clara,085,1922200,300864,298176,11837,310013,2093
2022-02-12,Santa Cruz,087,273765,45601,44447,2023,46470,239
2022-02-12,Shasta,089,179085,29679,29370,5892,35262,473
2022-02-12,Sierra,091,2930,270,268,46,314,0
2022-02-12,Siskiyou,093,43540,4310,4231,2604,6835,68
2022-02-12,Solano,095,438530,79118,77865,5384,83249,424
2022-02-12,Sonoma,097,501317,81042,79533,2445,81978,431
2022-02-12,Stanislaus,099,539301,115198,114531,17333,131864,1406
2022-02-12,Sutter,101,95872,20001,19800,1939,21739,211
2022-02-12,Tehama,103,63373,11756,11580,2543,14123,151
2022-02-12,Trinity,105,12862,1151,1115,273,1388,20
2022-02-12,Tulare,107,460477,104085,100434,26636,127070,1273
2022-02-12,Tuolumne,109,53932,12349,11754,528,12282,125
2022-02-12,Ventura,111,848112,169958,168736,9184,177920,1340
2022-02-12,Yolo,113,214977,35927,34773,2884,37657,286
2022-02-12,Yuba,115,75493,15406,15242,1130,16372,107
2022-02-11,Alameda,001,1643700,248146,242137,13102,255239,1668
2022-02-11,Alpine,003,1148,121,124,1,125,0
2022-02-11,Amador,005,37829,8207,8091,616,8707,76
2022-02-11,Butte,007,227075,32318,31601,6690,38291,360
2022-02-11,Calaveras,009,45235,7092,7022,322,7344,106
2022-02-11,Colusa,011,21464,3384,3345,1024,4369,21
2022-02-11,Contra Costa,013,1133247,185811,180270,12586,192856,1141
2022-02-11,Del Norte,015,27424,5406,5262,161,5423,45
2022-02-11,El Dorado,017,186661,26175,25692,3111,28803,188
2022-02-11,Fresno,019,978130,225136,219909,23287,243196,2509
2022-02-11,Glenn,021,27897,4891,4818,1569,6387,39
2022-02-11,Humboldt,023,135768,16226,16058,2752,18810,132
2022-02-11,Imperial,025,180216,54179,53304,10236,63540,860
2022-02-11,Inyo,027,18085,4017,3991,435,4426,52
2022-02-11,Kern,029,883053,188040,184639,44535,229174,2037
2022-02-11,Kings,031,150075,50044,48893,3403,52296,415
2022-02-11,Lake,033,64148,10148,9926,829,10755,123
2022-02-11,Lassen,035,31185,8597,8477,852,9329,55
2022-02-11,Los Angeles,037,10098052,2665077,2616426,120390,2736816,29364
2022-02-11,Madera,039,155013,36270,35710,5785,41495,330
2022-02-11,Marin,041,260295,32378,32048,2118,34166,255
2022-02-11,Mariposa,043,17540,2300,2286,186,2472,6
2022-02-11,Mendocino,045,87422,12637,12439,2803,15242,107
2022-02-11,Merced,047,269075,60885,60187,8225,68412,758
2022-02-11,Modoc,049,8938,708,697,232,929,6
2022-02-11,Mono,051,14174,2944,2939,118,3057,5
2022-02-11,Monterey,053,433212,77087,74842,12652,87494,672
2022-02-11,Napa,055,140530,24763,24530,896,25426,124
2022-02-11,Nevada,057,99092,15558,15499,1126,16625,119
2022-02-11,Orange,059,3164182,537079,534503,40084,574587,6305
2022-02-11,Placer,061,380077,61412,60636,7131,67767,554
2022-02-11,Plumas,063,18699,2894,2617,339,2956,13
2022-02-11,Riverside,065,2383286,582544,575566,26990,602556,5961
2022-02-11,Sacramento,067,1510023,274146,266347,25529,291876,2686
2022-02-11,San Benito,069,59416,12574,12526,498,13024,91
2022-02-11,San Bernardino,071,2135413,567392,548822,24458,573280,6360
2022-02-11,San Diego,073,3302833,733588,720287,50922,771209,4854
2022-02-11,San Francisco,075,870044,119524,119113,7903,127016,740
2022-02-11,San Joaquin,077,732212,162852,161234,9586,170820,2014
2022-02-11,San Luis Obispo,079,281455,50762,50064,3558,53622,416
2022-02-11,San Mateo,081,765935,117994,115235,6619,121854,589
2022-02-11,Santa Barbara,083,443738,83677,83390,4549,87939,631
2022-02-11,Santa Clara,085,1922200,300441,298176,11820,309996,2093
2022-02-11,Santa Cruz,087,273765,45509,44447,2023,46470,239
2022-02-11,Shasta,089,179085,29648,29370,5884,35254,473
2022-02-11,Sierra,091,2930,269,268,45,313,0
2022-02-11,Siskiyou,093,43540,4299,4231,2598,6829,68
2022-02-11,Solano,095,438530,78993,77865,5378,83243,424
2022-02-11,Sonoma,097,501317,80955,79533,2440,81973,431
2022-02-11,Stanislaus,099,539301,115098,114531,17318,131849,1406
2022-02-11,Sutter,101,95872,19978,19800,1937,21737,211
2022-02-11,Tehama,103,63373,11742,11580,2543,14123,151
2022-02-11,Trinity,105,12862,1150,1115,272,1387,20
2022-02-11,Tulare,107,460477,103967,100434,26585,127019,1273
2022-02-11,Tuolumne,109,53932,12334,11754,526,12280,125
2022-02-11,Ventura,111,848112,169819,168736,9179,177915,1340
2022-02-11,Yolo,113,214977,35894,34773,2882,37655,286
2022-02-11,Yuba,115,75493,15389,15242,1129,16371,107
2022-02-10,Alameda,001,1643700,247626,242137,13055,255192,1668
2022-02-10,Alpine,003,1148,121,124,1,125,0
2022-02-10,Amador,005,37829,8195,8091,610,8701,76
2022-02-10,Butte,007,227075,32267,31601,6676,38277,360
2022-02-10,Calaveras,009,45235,7080,7022,320,7342,106
2022-02-10,Colusa,011,21464,3378,3345,1022,4367,21
2022-02-10,Contra Costa,013,1133247,185450,180270,12522,192792,1141
2022-02-10,Del Norte,015,27424,5377,5262,159,5421,45
2022-02-10,El Dorado,017,186661,26130,25692,3104,28796,188
2022-02-10,Fresno,019,978130,224556,219909,23202,243111,2509
2022-02-10,Glenn,021,27897,4885,4818,1567,6385,39
2022-02-10,Humboldt,023,135768,16176,16058,2730,18788,132
2022-02-10,Imperial,025,180216,54110,53304,10193,63497,860
2022-02-10,Inyo,027,18085,4013,3991,435,4426,52
2022-02-10,Kern,029,883053,187732,184639,44426,229065,2037
2022-02-10,Kings,031,150075,49933,48893,3392,52285,415
2022-02-10,Lake,033,64148,10117,9926,827,10753,123
2022-02-10,Lassen,035,31185,8583,8477,850,9327,55
2022-02-10,Los Angeles,037,10098052,2661923,2616426,120204,2736630,29364
2022-02-10,Madera,039,155013,36173,35710,5754,41464,330
2022-02-10,Marin,041,260295,32320,32048,2106,34154,255
2022-02-10,Mariposa,043,17540,2296,2286,185,2471,6
2022-02-10,Mendocino,045,87422,12615,12439,2779,15218,107
2022-02-10,Merced,047,269075,60761,60187,8172,68359,758
2022-02-10,Modoc,049,8938,707,697,231,928,6
2022-02-10,Mono,051,14174,2942,2939,117,3056,5
2022-02-10,Monterey,053,433212,76905,74842,12572,87414,672
2022-02-10,Napa,055,140530,24699,24530,894,25424,124
2022-02-10,Nevada,057,99092,15533,15499,1125,16624,119
2022-02-10,Orange,059,3164182,536430,534503,40017,574520,6305
2022-02-10,Placer,061,380077,61331,60636,7122,67758,554
2022-02-10,Plumas,063,18699,2891,2617,332,2949,13
2022-02-10,Riverside,065,2383286,581827,575566,26935,602501,5961
2022-02-10,Sacramento,067,1510023,273664,266347,25441,291788,2686
2022-02-10,San Benito,069,59416,12553,12526,496,13022,91
2022-02-10,San Bernardino,071,2135413,566847,548822,24428,573250,6360
2022-02-10,San Diego,073,3302833,732482,720287,50796,771083,4854
2022-02-10,San Francisco,075,870044,119311,119113,7886,126999,740
2022-02-10,San Joaquin,077,732212,162539,161234,9578,170812,2014
2022-02-10,San Luis Obispo,079,281455,50663,50064,3547,53611,416
2022-02-10,San Mateo,081,765935,117768,115235,6602,121837,589
2022-02-10,Santa Barbara,083,443738,83493,83390,4543,87933,631
2022-02-10,Santa Clara,085,1922200,299773,298176,11764,309940,2093
2022-02-10,Santa Cruz,087,273765,45365,44447,2022,46469,239
2022-02-10,Shasta,089,179085,29586,29370,5864,35234,473
2022-02-10,Sierra,091,2930,269,268,45,313,0
2022-02-10,Siskiyou,093,43540,4294,4231,2585,6816,68
2022-02-10,Solano,095,438530,78800,77865,5359,83224,424
2022-02-10,Sonoma,097,501317,80819,79533,2423,81956,431
2022-02-10,Stanislaus,099,539301,114918,114531,17279,131810,1406
2022-02-10,Sutter,101,95872,19939,19800,1922,21722,211
2022-02-10,Tehama,103,63373,11712,11580,2540,14120,151
2022-02-10,Trinity,105,12862,1147,1115,271,1386,20
2022-02-10,Tulare,107,460477,103779,100434,26508,126942,1273
2022-02-10,Tuolumne,109,53932,12312,11754,521,12275,125
2022-02-10,Ventura,111,848112,169538,168736,9165,177901,1340
2022-02-10,Yolo,113,214977,35817,34773,2876,37649,286
2022-02-10,Yuba,115,75493,15357,15242,1124,16366,107
2022-02-09,Alameda,001,1643700,247094,241141,12998,254139,1668
2022-02-09,Alpine,003,1148,120,124,1,125,0
2022-02-09,Amador,005,37829,8181,8069,605,8674,76
2022-02-09,Butte,007,227075,32174,31433,6662,38095,359
2022-02-09,Calaveras,009,45235,7066,7005,316,7321,106
2022-02-09,Colusa,011,21464,3375,3331,1021,4352,21
2022-02-09,Contra Costa,013,1133247,185094,179695,12476,192171,1132
2022-02-09,Del Norte,015,27424,5330,5204,158,5362,45
2022-02-09,El Dorado,017,186661,26093,25572,3092,28664,186
2022-02-09,Fresno,019,978130,223941,218989,23114,242103,2502
2022-02-09,Glenn,021,27897,4870,4804,1566,6370,39
2022-02-09,Humboldt,023,135768,16129,15929,2705,18634,131
2022-02-09,Imperial,025,180216,54007,53102,10121,63223,858
2022-02-09,Inyo,027,18085,4007,3989,434,4423,52
2022-02-09,Kern,029,883053,187356,184068,44312,228380,2021
2022-02-09,Kings,031,150075,49822,48718,3386,52104,410
2022-02-09,Lake,033,64148,10077,9880,822,10702,124
2022-02-09,Lassen,035,31185,8558,8459,849,9308,55
2022-02-09,Los Angeles,037,10098052,2658254,2611611,120070,2731681,29263
2022-02-09,Madera,039,155013,36075,35559,5724,41283,330
2022-02-09,Marin,041,260295,32270,31965,2099,34064,255
2022-02-09,Mariposa,043,17540,2293,2279,185,2464,6
2022-02-09,Mendocino,045,87422,12581,12378,2750,15128,107
2022-02-09,Merced,047,269075,60631,59952,8120,68072,755
2022-02-09,Modoc,049,8938,704,691,230,921,6
2022-02-09,Mono,051,14174,2940,2937,117,3054,5
2022-02-09,Monterey,053,433212,76702,74500,12486,86986,670
2022-02-09,Napa,055,140530,24653,24429,889,25318,123
2022-02-09,Nevada,057,99092,15512,15446,1123,16569,119
2022-02-09,Orange,059,3164182,535800,534316,39937,574253,6263
2022-02-09,Placer,061,380077,61236,60490,7102,67592,553
2022-02-09,Plumas,063,18699,2886,2609,328,2937,13
2022-02-09,Riverside,065,2383286,581087,573907,26890,600797,5911
2022-02-09,Sacramento,067,1510023,273098,265624,25325,290949,2673
2022-02-09,San Benito,069,59416,12529,12492,496,12988,91
2022-02-09,San Bernardino,071,2135413,566238,547768,24402,572170,6349
2022-02-09,San Diego,073,3302833,731125,717896,50684,768580,4832
2022-02-09,San Francisco,075,870044,119060,118550,7875,126425,731
2022-02-09,San Joaquin,077,732212,162234,160618,9568,170186,2014
2022-02-09,San Luis Obispo,079,281455,50517,49833,3542,53375,414
2022-02-09,San Mateo,081,765935,117580,114890,6562,121452,589
2022-02-09,Santa Barbara,083,443738,83311,82830,4537,87367,629
2022-02-09,Santa Clara,085,1922200,299056,297157,11706,308863,2090
2022-02-09,Santa Cruz,087,273765,45184,44200,2015,46215,239
2022-02-09,Shasta,089,179085,29517,29215,5843,35058,471
2022-02-09,Sierra,091,2930,268,268,44,312,0
2022-02-09,Siskiyou,093,43540,4280,4217,2579,6796,68
2022-02-09,Solano,095,438530,78609,77299,5348,82647,423
2022-02-09,Sonoma,097,501317,80645,79165,2416,81581,431
2022-02-09,Stanislaus,099,539301,114669,114039,17048,131087,1406
2022-02-09,Sutter,101,95872,19897,19758,1909,21667,207
2022-02-09,Tehama,103,63373,11687,11542,2536,14078,149
2022-02-09,Trinity,105,12862,1143,1110,270,1380,20
2022-02-09,Tulare,107,460477,103565,100049,26422,126471,1271
2022-02-09,Tuolumne,109,53932,12275,11702,518,12220,95
2022-02-09,Ventura,111,848112,169301,168253,9152,177405,1325
2022-02-09,Yolo,113,214977,35747,34588,2860,37448,285
2022-02-09,Yuba,115,75493,15326,15187,1113,16300,105
2022-02-08,Alameda,001,1643700,246458,240587,12926,253513,1651
2022-02-08,Alpine,003,1148,120,124,1,125,0
2022-02-08,Amador,005,37829,8173,8050,598,8648,76
2022-02-08,Butte,007,227075,32089,31353,6638,37991,359
2022-02-08,Calaveras,009,45235,7049,6981,314,7295,101
2022-02-08,Colusa,011,21464,3367,3320,1020,4340,21
2022-02-08,Contra Costa,013,1133247,184664,179078,12399,191477,1132
2022-02-08,Del Norte,015,27424,5305,5156,153,5309,44
2022-02-08,El Dorado,017,186661,26048,25446,3081,28527,186
2022-02-08,Fresno,019,978130,223196,218416,23008,241424,2502
2022-02-08,Glenn,021,27897,4853,4784,1562,6346,39
2022-02-08,Humboldt,023,135768,16068,15865,2673,18538,130
2022-02-08,Imperial,025,180216,53878,52977,10077,63054,855
2022-02-08,Inyo,027,18085,4002,3983,434,4417,52
2022-02-08,Kern,029,883053,187020,183519,44182,227701,2010
2022-02-08,Kings,031,150075,49663,48479,3374,51853,411
2022-02-08,Lake,033,64148,10047,9806,816,10622,125
2022-02-08,Lassen,035,31185,8549,8423,845,9268,55
2022-02-08,Los Angeles,037,10098052,2653920,2611204,119883,2731087,29259
2022-02-08,Madera,039,155013,35967,35381,5668,41049,330
2022-02-08,Marin,041,260295,32196,31878,2094,33972,255
2022-02-08,Mariposa,043,17540,2292,2266,177,2443,6
2022-02-08,Mendocino,045,87422,12549,12336,2719,15055,107
2022-02-08,Merced,047,269075,60522,59789,8061,67850,751
2022-02-08,Modoc,049,8938,700,684,230,914,6
2022-02-08,Mono,051,14174,2939,2932,117,3049,5
2022-02-08,Monterey,053,433212,76496,74316,12400,86716,670
2022-02-08,Napa,055,140530,24580,24346,882,25228,121
2022-02-08,Nevada,057,99092,15485,15383,1120,16503,117
2022-02-08,Orange,059,3164182,535113,533507,39849,573356,6205
2022-02-08,Placer,061,380077,61128,60301,7090,67391,553
2022-02-08,Plumas,063,18699,2875,2596,321,2917,13
2022-02-08,Riverside,065,2383286,580257,571892,26818,598710,5908
2022-02-08,Sacramento,067,1510023,272429,264479,25149,289628,2664
2022-02-08,San Benito,069,59416,12505,12434,494,12928,91
2022-02-08,San Bernardino,071,2135413,565526,544658,24358,569016,6335
2022-02-08,San Diego,073,3302833,729552,717896,50552,768448,4832
2022-02-08,San Francisco,075,870044,118748,117942,7866,125808,731
2022-02-08,San Joaquin,077,732212,161851,160147,9550,169697,2005
2022-02-08,San Luis Obispo,079,281455,50352,49556,3512,53068,410
2022-02-08,San Mateo,081,765935,117362,114541,6533,121074,589
2022-02-08,Santa Barbara,083,443738,83143,82461,4512,86973,627
2022-02-08,Santa Clara,085,1922200,298175,295679,11659,307338,2091
2022-02-08,Santa Cruz,087,273765,45029,43884,2010,45894,239
2022-02-08,Shasta,089,179085,29434,29084,5815,34899,470
2022-02-08,Sierra,091,2930,268,267,44,311,0
2022-02-08,Siskiyou,093,43540,4270,4191,2570,6761,68
2022-02-08,Solano,095,438530,78376,77031,5333,82364,421
2022-02-08,Sonoma,097,501317,80431,78798,2392,81190,431
2022-02-08,Stanislaus,099,539301,114415,113733,16970,130703,1406
2022-02-08,Sutter,101,95872,19859,19717,1897,21614,203
2022-02-08,Tehama,103,63373,11660,11491,2529,14020,149
2022-02-08,Trinity,105,12862,1137,1110,270,1380,20
2022-02-08,Tulare,107,460477,103274,99694,26291,125985,1267
2022-02-08,Tuolumne,109,53932,12251,11665,516,12181,92
2022-02-08,Ventura,111,848112,169064,167830,9137,176967,1325
2022-02-08,Yolo,113,214977,35665,34462,2847,37309,281
2022-02-08,Yuba,115,75493,15281,15126,1091,16217,107
2022-02-07,Alameda,001,1643700,245741,238678,12859,251537,1643
2022-02-07,Alpine,003,1148,120,124,1,125,0
2022-02-07,Amador,005,37829,8145,7980,590,8570,75
2022-02-07,Butte,007,227075,31996,31184,6609,37793,355
2022-02-07,Calaveras,009,45235,7027,6910,313,7223,100
2022-02-07,Colusa,011,21464,3356,3283,1016,4299,21
2022-02-07,Contra Costa,013,1133247,184192,177767,12327,190094,1130
2022-02-07,Del Norte,015,27424,5264,5093,148,5241,44
2022-02-07,El Dorado,017,186661,25985,25257,3070,28327,185
2022-02-07,Fresno,019,978130,222337,216495,22863,239358,2493
2022-02-07,Glenn,021,27897,4845,4762,1558,6320,39
2022-02-07,Humboldt,023,135768,15993,15764,2648,18412,129
2022-02-07,Imperial,025,180216,53763,52689,10008,62697,853
2022-02-07,Inyo,027,18085,3997,3976,428,4404,51
2022-02-07,Kern,029,883053,186547,182047,44018,226065,1998
2022-02-07,Kings,031,150075,49479,48147,3357,51504,403
2022-02-07,Lake,033,64148,10001,9519,808,10327,125
2022-02-07,Lassen,035,31185,8531,8362,839,9201,55
2022-02-07,Los Angeles,037,10098052,2649462,2607438,119668,2727106,29210
2022-02-07,Madera,039,155013,35843,35083,5621,40704,330
2022-02-07,Marin,041,260295,32130,31670,2083,33753,255
2022-02-07,Mariposa,043,17540,2287,2253,173,2426,6
2022-02-07,Mendocino,045,87422,12491,12237,2681,14918,107
2022-02-07,Merced,047,269075,60395,59472,7968,67440,748
2022-02-07,Modoc,049,8938,696,679,230,909,6
2022-02-07,Mono,051,14174,2937,2917,117,3034,5
2022-02-07,Monterey,053,433212,76242,69433,12293,81726,670
2022-02-07,Napa,055,140530,24495,23237,873,24110,120
2022-02-07,Nevada,057,99092,15450,15268,1114,16382,113
2022-02-07,Orange,059,3164182,534351,531442,39769,571211,6179
2022-02-07,Placer,061,380077,61004,59894,7075,66969,546
2022-02-07,Plumas,063,18699,2864,2573,312,2885,13
2022-02-07,Riverside,065,2383286,579312,568874,26734,595608,5868
2022-02-07,Sacramento,067,1510023,271744,262834,24967,287801,2631
2022-02-07,San Benito,069,59416,12467,12285,492,12777,90
2022-02-07,San Bernardino,071,2135413,564727,542846,24319,567165,6335
2022-02-07,San Diego,073,3302833,727833,716244,50363,766607,4811
2022-02-07,San Francisco,075,870044,118409,113945,7841,121786,727
2022-02-07,San Joaquin,077,732212,161468,159358,9531,168889,1998
2022-02-07,San Luis Obispo,079,281455,50182,48994,3493,52487,406
2022-02-07,San Mateo,081,765935,117076,107060,6504,113564,589
2022-02-07,Santa Barbara,083,443738,82955,81608,4497,86105,624
2022-02-07,Santa Clara,085,1922200,297224,293360,11612,304972,2085
2022-02-07,Santa Cruz,087,273765,44813,43244,2006,45250,239
2022-02-07,Shasta,089,179085,29344,28900,5789,34689,468
2022-02-07,Sierra,091,2930,268,265,44,309,0
2022-02-07,Siskiyou,093,43540,4259,4157,2554,6711,68
2022-02-07,Solano,095,438530,78119,73934,5304,79238,420
2022-02-07,Sonoma,097,501317,80174,78296,2376,80672,431
2022-02-07,Stanislaus,099,539301,114157,113029,16826,129855,1406
2022-02-07,Sutter,101,95872,19826,19599,1870,21469,203
2022-02-07,Tehama,103,63373,11618,11418,2521,13939,146
2022-02-07,Trinity,105,12862,1133,1109,267,1376,20
2022-02-07,Tulare,107,460477,102913,98774,26161,124935,1263
2022-02-07,Tuolumne,109,53932,12203,11578,512,12090,92
2022-02-07,Ventura,111,848112,168747,166904,9122,176026,1324
2022-02-07,Yolo,113,214977,35555,34007,2833,36840,281
2022-02-07,Yuba,115,75493,15234,14998,1084,16082,105
2022-02-06,Alameda,001,1643700,244827,237188,12777,249965,1643
2022-02-06,Alpine,003,1148,120,123,1,124,0
2022-02-06,Amador,005,37829,8114,7922,578,8500,73
2022-02-06,Butte,007,227075,31867,31021,6558,37579,355
2022-02-06,Calaveras,009,45235,7000,6870,308,7178,99
2022-02-06,Colusa,011,21464,3346,3282,1015,4297,21
2022-02-06,Contra Costa,013,1133247,183553,176863,12171,189034,1128
2022-02-06,Del Norte,015,27424,5208,5038,146,5184,44
2022-02-06,El Dorado,017,186661,25922,25165,3058,28223,185
2022-02-06,Fresno,019,978130,221491,214726,22607,237333,2489
2022-02-06,Glenn,021,27897,4831,4738,1549,6287,39
2022-02-06,Humboldt,023,135768,15909,15658,2608,18266,128
2022-02-06,Imperial,025,180216,53576,52396,9962,62358,853
2022-02-06,Inyo,027,18085,3995,3970,425,4395,51
2022-02-06,Kern,029,883053,185995,181188,43779,224967,1996
2022-02-06,Kings,031,150075,49256,47669,3332,51001,401
2022-02-06,Lake,033,64148,9932,9468,791,10259,125
2022-02-06,Lassen,035,31185,8511,8326,834,9160,55
2022-02-06,Los Angeles,037,10098052,2643915,2602620,119408,2722028,29180
2022-02-06,Madera,039,155013,35659,34901,5529,40430,330
2022-02-06,Marin,041,260295,32031,31488,2070,33558,255
2022-02-06,Mariposa,043,17540,2279,2244,162,2406,6
2022-02-06,Mendocino,045,87422,12448,12169,2611,14780,107
2022-02-06,Merced,047,269075,60177,59112,7806,66918,748
2022-02-06,Modoc,049,8938,691,675,229,904,6
2022-02-06,Mono,051,14174,2932,2901,115,3016,5
2022-02-06,Monterey,053,433212,75876,67912,12136,80048,670
2022-02-06,Napa,055,140530,24376,23230,866,24096,120
2022-02-06,Nevada,057,99092,15385,15192,1101,16293,113
2022-02-06,Orange,059,3164182,533399,527906,39668,567574,6171
2022-02-06,Placer,061,380077,60828,59507,7049,66556,544
2022-02-06,Plumas,063,18699,2851,2559,303,2862,13
2022-02-06,Riverside,065,2383286,578176,568276,26657,594933,5865
2022-02-06,Sacramento,067,1510023,270876,261353,24706,286059,2631
2022-02-06,San Benito,069,59416,12412,12186,484,12670,90
2022-02-06,San Bernardino,071,2135413,563747,541103,24249,565352,6334
2022-02-06,San Diego,073,3302833,725771,709938,50120,760058,4786
2022-02-06,San Francisco,075,870044,118028,113115,7815,120930,728
2022-02-06,San Joaquin,077,732212,160903,158510,9492,168002,1997
2022-02-06,San Luis Obispo,079,281455,49957,48843,3436,52279,405
2022-02-06,San Mateo,081,765935,116737,105556,6465,112021,587
2022-02-06,Santa Barbara,083,443738,82637,81118,4460,85578,623
2022-02-06,Santa Clara,085,1922200,296118,291732,11496,303228,2075
2022-02-06,Santa Cruz,087,273765,44500,42952,1992,44944,239
2022-02-06,Shasta,089,179085,29221,28762,5740,34502,468
2022-02-06,Sierra,091,2930,268,265,44,309,0
2022-02-06,Siskiyou,093,43540,4238,4118,2528,6646,68
2022-02-06,Solano,095,438530,77822,73475,5261,78736,419
2022-02-06,Sonoma,097,501317,79839,77887,2356,80243,431
2022-02-06,Stanislaus,099,539301,113761,112521,16678,129199,1406
2022-02-06,Sutter,101,95872,19784,19523,1832,21355,203
2022-02-06,Tehama,103,63373,11578,11366,2501,13867,146
2022-02-06,Trinity,105,12862,1132,1102,266,1368,20
2022-02-06,Tulare,107,460477,102479,98260,25977,124237,1262
2022-02-06,Tuolumne,109,53932,12151,11507,495,12002,92
2022-02-06,Ventura,111,848112,168371,166235,9111,175346,1323
2022-02-06,Yolo,113,214977,35416,33784,2816,36600,281
2022-02-06,Yuba,115,75493,15189,14917,1075,15992,104
2022-02-05,Alameda,001,1643700,244410,235698,12768,248466,1638
2022-02-05,Alpine,003,1148,120,124,1,125,0
2022-02-05,Amador,005,37829,8105,7855,576,8431,71
2022-02-05,Butte,007,227075,31812,30733,6544,37277,355
2022-02-05,Calaveras,009,45235,6984,6789,308,7097,99
2022-02-05,Colusa,011,21464,3339,3234,1015,4249,21
2022-02-05,Contra Costa,013,1133247,183280,175871,12155,188026,1115
2022-02-05,Del Norte,015,27424,5166,4978,146,5124,44
2022-02-05,El Dorado,017,186661,25891,24813,3056,27869,185
2022-02-05,Fresno,019,978130,221146,213539,22586,236125,2477
2022-02-05,Glenn,021,27897,4829,4691,1543,6234,39
2022-02-05,Humboldt,023,135768,15860,15514,2605,18119,127
2022-02-05,Imperial,025,180216,53514,52153,9949,62102,853
2022-02-05,Inyo,027,18085,3992,3948,425,4373,51
2022-02-05,Kern,029,883053,185786,180296,43678,223974,1987
2022-02-05,Kings,031,150075,49169,47538,3325,50863,402
2022-02-05,Lake,033,64148,9913,9289,784,10073,124
2022-02-05,Lassen,035,31185,8500,8288,832,9120,55
2022-02-05,Los Angeles,037,10098052,2641723,2572702,119283,2691985,28947
2022-02-05,Madera,039,155013,35606,34471,5516,39987,329
2022-02-05,Marin,041,260295,31984,31299,2066,33365,255
2022-02-05,Mariposa,043,17540,2278,2222,161,2383,6
2022-02-05,Mendocino,045,87422,12420,12066,2609,14675,107
2022-02-05,Merced,047,269075,60083,58908,7799,66707,744
2022-02-05,Modoc,049,8938,690,664,229,893,6
2022-02-05,Mono,051,14174,2931,2904,115,3019,5
2022-02-05,Monterey,053,433212,75760,67342,12092,79434,666
2022-02-05,Napa,055,140530,24320,22973,865,23838,118
2022-02-05,Nevada,057,99092,15364,15002,1096,16098,113
2022-02-05,Orange,059,3164182,532958,527516,39577,567093,6134
2022-02-05,Placer,061,380077,60702,59043,7036,66079,533
2022-02-05,Plumas,063,18699,2850,2550,302,2852,13
2022-02-05,Riverside,065,2383286,577574,563991,26587,590578,5827
2022-02-05,Sacramento,067,1510023,270484,259437,24671,284108,2610
2022-02-05,San Benito,069,59416,12367,12142,484,12626,90
2022-02-05,San Bernardino,071,2135413,563234,539312,24229,563541,6322
2022-02-05,San Diego,073,3302833,724912,703957,50043,754000,4735
2022-02-05,San Francisco,075,870044,117818,112481,7788,120269,720
2022-02-05,San Joaquin,077,732212,160718,157420,9480,166900,1989
2022-02-05,San Luis Obispo,079,281455,49920,48361,3434,51795,404
2022-02-05,San Mateo,081,765935,116549,104810,6457,111267,587
2022-02-05,Santa Barbara,083,443738,82474,80478,4448,84926,617
2022-02-05,Santa Clara,085,1922200,295465,289262,11480,300742,2067
2022-02-05,Santa Cruz,087,273765,44426,42553,1989,44542,239
2022-02-05,Shasta,089,179085,29178,28604,5730,34334,466
2022-02-05,Sierra,091,2930,268,262,44,306,0
2022-02-05,Siskiyou,093,43540,4231,4106,2515,6621,67
2022-02-05,Solano,095,438530,77747,73112,5252,78364,415
2022-02-05,Sonoma,097,501317,79673,77213,2352,79565,431
2022-02-05,Stanislaus,099,539301,113559,111783,16655,128438,1406
2022-02-05,Sutter,101,95872,19754,19406,1826,21232,203
2022-02-05,Tehama,103,63373,11559,11259,2494,13753,146
2022-02-05,Trinity,105,12862,1130,1085,266,1351,20
2022-02-05,Tulare,107,460477,102310,97414,25896,123310,1254
2022-02-05,Tuolumne,109,53932,12125,11409,492,11901,91
2022-02-05,Ventura,111,848112,168145,165532,9095,174627,1308
2022-02-05,Yolo,113,214977,35331,33614,2801,36415,281
2022-02-05,Yuba,115,75493,15158,14801,1067,15868,105
2022-02-04,Alameda,001,1643700,243923,235698,12758,248456,1638
2022-02-04,Alpine,003,1148,120,124,1,125,0
2022-02-04,Amador,005,37829,8089,7855,572,8427,71
2022-02-04,Butte,007,227075,31753,30733,6532,37265,355
2022-02-04,Calaveras,009,45235,6974,6789,306,7095,99
2022-02-04,Colusa,011,21464,3335,3234,1013,4247,21
2022-02-04,Contra Costa,013,1133247,182953,175871,12127,187998,1115
2022-02-04,Del Norte,015,27424,5145,4978,146,5124,44
2022-02-04,El Dorado,017,186661,25855,24813,3053,27866,185
2022-02-04,Fresno,019,978130,220662,213539,22551,236090,2477
2022-02-04,Glenn,021,27897,4820,4691,1540,6231,39
2022-02-04,Humboldt,023,135768,15833,15514,2602,18116,127
2022-02-04,Imperial,025,180216,53437,52153,9932,62085,853
2022-02-04,Inyo,027,18085,3989,3948,425,4373,51
2022-02-04,Kern,029,883053,185561,180296,43554,223850,1987
2022-02-04,Kings,031,150075,49094,47538,3318,50856,402
2022-02-04,Lake,033,64148,9891,9289,781,10070,124
2022-02-04,Lassen,035,31185,8477,8288,832,9120,55
2022-02-04,Los Angeles,037,10098052,2639084,2572702,119153,2691855,28947
2022-02-04,Madera,039,155013,35523,34471,5508,39979,329
2022-02-04,Marin,041,260295,31920,31299,2057,33356,255
2022-02-04,Mariposa,043,17540,2276,2222,159,2381,6
2022-02-04,Mendocino,045,87422,12389,12066,2607,14673,107
2022-02-04,Merced,047,269075,60003,58908,7789,66697,744
2022-02-04,Modoc,049,8938,690,664,229,893,6
2022-02-04,Mono,051,14174,2929,2904,115,3019,5
2022-02-04,Monterey,053,433212,75570,67342,12049,79391,666
2022-02-04,Napa,055,140530,24273,22973,861,23834,118
2022-02-04,Nevada,057,99092,15330,15002,1092,16094,113
2022-02-04,Orange,059,3164182,532408,527516,39519,567035,6134
2022-02-04,Placer,061,380077,60598,59043,7025,66068,533
2022-02-04,Plumas,063,18699,2843,2550,301,2851,13
2022-02-04,Riverside,065,2383286,576862,563991,26575,590566,5827
2022-02-04,Sacramento,067,1510023,269980,259437,24648,284085,2610
2022-02-04,San Benito,069,59416,12348,12142,482,12624,90
2022-02-04,San Bernardino,071,2135413,562654,539312,24208,563520,6322
2022-02-04,San Diego,073,3302833,723779,703957,49956,753913,4735
2022-02-04,San Francisco,075,870044,117577,112481,7763,120244,720
2022-02-04,San Joaquin,077,732212,160488,157420,9468,166888,1989
2022-02-04,San Luis Obispo,079,281455,49859,48361,3427,51788,404
2022-02-04,San Mateo,081,765935,116318,104810,6443,111253,587
2022-02-04,Santa Barbara,083,443738,82325,80478,4447,84925,617
2022-02-04,Santa Clara,085,1922200,294796,289262,11459,300721,2067
2022-02-04,Santa Cruz,087,273765,44221,42553,1985,44538,239
2022-02-04,Shasta,089,179085,29125,28604,5719,34323,466
2022-02-04,Sierra,091,2930,268,262,44,306,0
2022-02-04,Siskiyou,093,43540,4223,4106,2508,6614,67
2022-02-04,Solano,095,438530,77555,73112,5214,78326,415
2022-02-04,Sonoma,097,501317,79514,77213,2271,79484,431
2022-02-04,Stanislaus,099,539301,113378,111783,16629,128412,1406
2022-02-04,Sutter,101,95872,19730,19406,1819,21225,203
2022-02-04,Tehama,103,63373,11544,11259,2493,13752,146
2022-02-04,Trinity,105,12862,1129,1085,265,1350,20
2022-02-04,Tulare,107,460477,102127,97414,25816,123230,1254
2022-02-04,Tuolumne,109,53932,12113,11409,491,11900,91
2022-02-04,Ventura,111,848112,167876,165532,9087,174619,1308
2022-02-04,Yolo,113,214977,35236,33614,2795,36409,281
2022-02-04,Yuba,115,75493,15140,14801,1067,15868,105
2022-02-03,Alameda,001,1643700,243146,235698,12695,248393,1638
2022-02-03,Alpine,003,1148,120,124,1,125,0
2022-02-03,Amador,005,37829,8069,7855,567,8422,71
2022-02-03,Butte,007,227075,31647,30733,6503,37236,355
2022-02-03,Calaveras,009,45235,6944,6789,303,7092,99
2022-02-03,Colusa,011,21464,3322,3234,1011,4245,21
2022-02-03,Contra Costa,013,1133247,182343,175871,12029,187900,1115
2022-02-03,Del Norte,015,27424,5103,4978,143,5121,44
2022-02-03,El Dorado,017,186661,25785,24813,3047,27860,185
2022-02-03,Fresno,019,978130,219729,213539,22388,235927,2477
2022-02-03,Glenn,021,27897,4803,4691,1523,6214,39
2022-02-03,Humboldt,023,135768,15757,15514,2566,18080,127
2022-02-03,Imperial,025,180216,53293,52153,9881,62034,853
2022-02-03,Inyo,027,18085,3986,3948,421,4369,51
2022-02-03,Kern,029,883053,185098,180296,43340,223636,1987
2022-02-03,Kings,031,150075,48937,47538,3311,50849,402
2022-02-03,Lake,033,64148,9837,9289,775,10064,124
2022-02-03,Lassen,035,31185,8453,8288,831,9119,55
2022-02-03,Los Angeles,037,10098052,2633652,2572702,118890,2691592,28947
2022-02-03,Madera,039,155013,35386,34471,5464,39935,329
2022-02-03,Marin,041,260295,31824,31299,2052,33351,255
2022-02-03,Mariposa,043,17540,2264,2222,156,2378,6
2022-02-03,Mendocino,045,87422,12345,12066,2584,14650,107
2022-02-03,Merced,047,269075,59853,58908,7693,66601,744
2022-02-03,Modoc,049,8938,687,664,229,893,6
2022-02-03,Mono,051,14174,2924,2904,114,3018,5
2022-02-03,Monterey,053,433212,75284,67342,11857,79199,666
2022-02-03,Napa,055,140530,24142,22973,861,23834,118
2022-02-03,Nevada,057,99092,15290,15002,1082,16084,113
2022-02-03,Orange,059,3164182,531484,527516,39427,566943,6134
2022-02-03,Placer,061,380077,60401,59043,7002,66045,533
2022-02-03,Plumas,063,18699,2829,2550,297,2847,13
2022-02-03,Riverside,065,2383286,575661,563991,26504,590495,5827
2022-02-03,Sacramento,067,1510023,269023,259437,24458,283895,2610
2022-02-03,San Benito,069,59416,12321,12142,479,12621,90
2022-02-03,San Bernardino,071,2135413,561638,539312,24169,563481,6322
2022-02-03,San Diego,073,3302833,721809,703957,49784,753741,4735
2022-02-03,San Francisco,075,870044,117244,112481,7733,120214,720
2022-02-03,San Joaquin,077,732212,160005,157420,9438,166858,1989
2022-02-03,San Luis Obispo,079,281455,49660,48361,3412,51773,404
2022-02-03,San Mateo,081,765935,115966,104810,6410,111220,587
2022-02-03,Santa Barbara,083,443738,81967,80478,4418,84896,617
2022-02-03,Santa Clara,085,1922200,293629,289262,11350,300612,2067
2022-02-03,Santa Cruz,087,273765,43881,42553,1978,44531,239
2022-02-03,Shasta,089,179085,29021,28604,5692,34296,466
2022-02-03,Sierra,091,2930,268,262,44,306,0
2022-02-03,Siskiyou,093,43540,4208,4106,2492,6598,67
2022-02-03,Solano,095,438530,77224,73112,5195,78307,415
2022-02-03,Sonoma,097,501317,79218,77213,2264,79477,431
2022-02-03,Stanislaus,099,539301,113000,111783,16541,128324,1406
2022-02-03,Sutter,101,95872,19678,19406,1803,21209,203
2022-02-03,Tehama,103,63373,11514,11259,2485,13744,146
2022-02-03,Trinity,105,12862,1127,1085,264,1349,20
2022-02-03,Tulare,107,460477,101723,97414,25677,123091,1254
2022-02-03,Tuolumne,109,53932,12072,11409,479,11888,91
2022-02-03,Ventura,111,848112,167491,165532,9075,174607,1308
2022-02-03,Yolo,113,214977,35126,33614,2781,36395,281
2022-02-03,Yuba,115,75493,15090,14801,1051,15852,105
2022-02-02,Alameda,001,1643700,242197,234300,12592,246892,1632
2022-02-02,Alpine,003,1148,120,123,1,124,0
2022-02-02,Amador,005,37829,8039,7781,558,8339,71
2022-02-02,Butte,007,227075,31534,30550,6466,37016,355
2022-02-02,Calaveras,009,45235,6918,6753,299,7052,99
2022-02-02,Colusa,011,21464,3307,3211,1010,4221,21
2022-02-02,Contra Costa,013,1133247,181739,174876,11938,186814,1113
2022-02-02,Del Norte,015,27424,5061,4924,139,5063,44
2022-02-02,El Dorado,017,186661,25718,24690,3029,27719,185
2022-02-02,Fresno,019,978130,218714,211976,22256,234232,2463
2022-02-02,Glenn,021,27897,4784,4667,1513,6180,39
2022-02-02,Humboldt,023,135768,15696,15392,2527,17919,127
2022-02-02,Imperial,025,180216,53097,51875,9754,61629,853
2022-02-02,Inyo,027,18085,3980,3944,420,4364,51
2022-02-02,Kern,029,883053,184502,179386,43127,222513,1974
2022-02-02,Kings,031,150075,48747,47061,3286,50347,401
2022-02-02,Lake,033,64148,9779,9235,768,10003,120
2022-02-02,Lassen,035,31185,8440,8258,822,9080,55
2022-02-02,Los Angeles,037,10098052,2627422,2561902,118507,2680409,28850
2022-02-02,Madera,039,155013,35219,34265,5392,39657,329
2022-02-02,Marin,041,260295,31721,31149,2042,33191,255
2022-02-02,Mariposa,043,17540,2253,2215,152,2367,6
2022-02-02,Mendocino,045,87422,12292,11996,2545,14541,105
2022-02-02,Merced,047,269075,59677,58532,7609,66141,744
2022-02-02,Modoc,049,8938,681,662,229,891,6
2022-02-02,Mono,051,14174,2913,2887,114,3001,5
2022-02-02,Monterey,053,433212,74894,66852,11677,78529,666
2022-02-02,Napa,055,140530,24022,22859,848,23707,117
2022-02-02,Nevada,057,99092,15232,14895,1060,15955,112
2022-02-02,Orange,059,3164182,530429,524418,39333,563751,6127
2022-02-02,Placer,061,380077,60209,58654,6973,65627,533
2022-02-02,Plumas,063,18699,2813,2540,294,2834,12
2022-02-02,Riverside,065,2383286,574383,561220,26457,587677,5827
2022-02-02,Sacramento,067,1510023,268015,258078,24252,282330,2602
2022-02-02,San Benito,069,59416,12281,12058,475,12533,90
2022-02-02,San Bernardino,071,2135413,560616,537485,24106,561591,6317
2022-02-02,San Diego,073,3302833,719607,703957,49595,753552,4735
2022-02-02,San Francisco,075,870044,116873,112008,7717,119725,714
2022-02-02,San Joaquin,077,732212,159428,156537,9413,165950,1986
2022-02-02,San Luis Obispo,079,281455,49462,48119,3399,51518,403
2022-02-02,San Mateo,081,765935,115591,104201,6346,110547,587
2022-02-02,Santa Barbara,083,443738,81624,79979,4387,84366,612
2022-02-02,Santa Clara,085,1922200,292484,287443,11237,298680,2051
2022-02-02,Santa Cruz,087,273765,43591,42127,1967,44094,239
2022-02-02,Shasta,089,179085,28919,28429,5647,34076,465
2022-02-02,Sierra,091,2930,268,262,44,306,0
2022-02-02,Siskiyou,093,43540,4198,4078,2463,6541,67
2022-02-02,Solano,095,438530,76866,72711,5168,77879,414
2022-02-02,Sonoma,097,501317,78905,76681,2251,78932,431
2022-02-02,Stanislaus,099,539301,112605,111167,16408,127575,1403
2022-02-02,Sutter,101,95872,19613,19290,1774,21064,203
2022-02-02,Tehama,103,63373,11457,11193,2466,13659,146
2022-02-02,Trinity,105,12862,1124,1074,262,1336,20
2022-02-02,Tulare,107,460477,101334,96820,25525,122345,1249
2022-02-02,Tuolumne,109,53932,11995,11342,476,11818,91
2022-02-02,Ventura,111,848112,167092,164905,9056,173961,1292
2022-02-02,Yolo,113,214977,35000,33332,2758,36090,281
2022-02-02,Yuba,115,75493,15025,14720,1043,15763,104
2022-02-01,Alameda,001,1643700,241117,233782,12487,246269,1620
2022-02-01,Alpine,003,1148,120,123,1,124,0
2022-02-01,Amador,005,37829,7993,7783,552,8335,73
2022-02-01,Butte,007,227075,31388,30496,6424,36920,355
2022-02-01,Calaveras,009,45235,6881,6749,295,7044,98
2022-02-01,Colusa,011,21464,3295,3202,992,4194,21
2022-02-01,Contra Costa,013,1133247,180990,174379,11799,186178,1115
2022-02-01,Del Norte,015,27424,5013,4907,136,5043,44
2022-02-01,El Dorado,017,186661,25659,24664,3012,27676,184
2022-02-01,Fresno,019,978130,217545,211352,22092,233444,2464
2022-02-01,Glenn,021,27897,4768,4649,1503,6152,39
2022-02-01,Humboldt,023,135768,15615,15354,2499,17853,127
2022-02-01,Imperial,025,180216,52884,51675,9689,61364,846
2022-02-01,Inyo,027,18085,3970,3928,417,4345,51
2022-02-01,Kern,029,883053,183855,178987,42882,221869,1967
2022-02-01,Kings,031,150075,48487,46959,3263,50222,400
2022-02-01,Lake,033,64148,9723,9211,761,9972,119
2022-02-01,Lassen,035,31185,8422,8231,818,9049,55
2022-02-01,Los Angeles,037,10098052,2620230,2548794,118135,2666929,28752
2022-02-01,Madera,039,155013,34999,34124,5311,39435,329
2022-02-01,Marin,041,260295,31597,31099,2026,33125,255
2022-02-01,Mariposa,043,17540,2246,2210,151,2361,6
2022-02-01,Mendocino,045,87422,12230,11978,2508,14486,105
2022-02-01,Merced,047,269075,59492,58362,7486,65848,743
2022-02-01,Modoc,049,8938,674,664,229,893,6
2022-02-01,Mono,051,14174,2907,2888,114,3002,5
2022-02-01,Monterey,053,433212,74473,66553,11483,78036,665
2022-02-01,Napa,055,140530,23923,22795,832,23627,116
2022-02-01,Nevada,057,99092,15171,14863,1048,15911,112
2022-02-01,Orange,059,3164182,529281,523741,39190,562931,6108
2022-02-01,Placer,061,380077,59962,58486,6935,65421,532
2022-02-01,Plumas,063,18699,2798,2526,291,2817,12
2022-02-01,Riverside,065,2383286,572997,560010,26409,586419,5825
2022-02-01,Sacramento,067,1510023,266956,257504,23987,281491,2593
2022-02-01,San Benito,069,59416,12215,12053,472,12525,90
2022-02-01,San Bernardino,071,2135413,559322,536591,24041,560632,6311
2022-02-01,San Diego,073,3302833,717086,701009,49367,750376,4710
2022-02-01,San Francisco,075,870044,116406,111606,7698,119304,713
2022-02-01,San Joaquin,077,732212,158898,156300,9390,165690,1987
2022-02-01,San Luis Obispo,079,281455,49234,47842,3337,51179,403
2022-02-01,San Mateo,081,765935,115123,103868,6304,110172,589
2022-02-01,Santa Barbara,083,443738,81179,79659,4350,84009,608
2022-02-01,Santa Clara,085,1922200,290965,286109,11132,297241,2070
2022-02-01,Santa Cruz,087,273765,43292,41782,1951,43733,239
2022-02-01,Shasta,089,179085,28799,28382,5594,33976,465
2022-02-01,Sierra,091,2930,266,262,44,306,0
2022-02-01,Siskiyou,093,43540,4184,4072,2436,6508,66
2022-02-01,Solano,095,438530,76589,72494,5146,77640,415
2022-02-01,Sonoma,097,501317,78545,76379,2228,78607,431
2022-02-01,Stanislaus,099,539301,112195,110925,16302,127227,1403
2022-02-01,Sutter,101,95872,19545,19256,1741,20997,202
2022-02-01,Tehama,103,63373,11400,11165,2453,13618,146
2022-02-01,Trinity,105,12862,1120,1073,262,1335,19
2022-02-01,Tulare,107,460477,100841,96467,25327,121794,1247
2022-02-01,Tuolumne,109,53932,11945,11318,467,11785,91
2022-02-01,Ventura,111,848112,166587,164721,9031,173752,1293
2022-02-01,Yolo,113,214977,34848,33257,2732,35989,275
2022-02-01,Yuba,115,75493,14964,14693,1036,15729,103
2022-01-31,Alameda,001,1643700,239757,232743,12372,245115,1607
2022-01-31,Alpine,003,1148,119,123,1,124,0
2022-01-31,Amador,005,37829,7940,7682,535,8217,73
2022-01-31,Butte,007,227075,31213,30371,6376,36747,354
2022-01-31,Calaveras,009,45235,6845,6700,284,6984,96
2022-01-31,Colusa,011,21464,3285,3187,983,4170,21
2022-01-31,Contra Costa,013,1133247,180171,173466,11675,185141,1115
2022-01-31,Del Norte,015,27424,4979,4879,133,5012,43
2022-01-31,El Dorado,017,186661,25557,24545,2983,27528,184
2022-01-31,Fresno,019,978130,216049,210589,21886,232475,2464
2022-01-31,Glenn,021,27897,4732,4641,1491,6132,39
2022-01-31,Humboldt,023,135768,15525,15308,2466,17774,126
2022-01-31,Imperial,025,180216,52668,51472,9580,61052,846
2022-01-31,Inyo,027,18085,3959,3922,411,4333,50
2022-01-31,Kern,029,883053,183073,178375,42566,220941,1967
2022-01-31,Kings,031,150075,48130,46845,3229,50074,398
2022-01-31,Lake,033,64148,9650,9141,749,9890,119
2022-01-31,Lassen,035,31185,8391,8162,812,8974,55
2022-01-31,Los Angeles,037,10098052,2611991,2541189,117729,2658918,28718
2022-01-31,Madera,039,155013,34785,33886,5215,39101,329
2022-01-31,Marin,041,260295,31472,31023,2009,33032,253
2022-01-31,Mariposa,043,17540,2236,2203,142,2345,6
2022-01-31,Mendocino,045,87422,12164,11896,2467,14363,104
2022-01-31,Merced,047,269075,59212,58198,7297,65495,740
2022-01-31,Modoc,049,8938,671,661,229,890,6
2022-01-31,Mono,051,14174,2893,2889,114,3003,5
2022-01-31,Monterey,053,433212,74022,66117,11270,77387,661
2022-01-31,Napa,055,140530,23755,22707,815,23522,113
2022-01-31,Nevada,057,99092,15094,14813,1035,15848,112
2022-01-31,Orange,059,3164182,527957,522358,39054,561412,6098
2022-01-31,Placer,061,380077,59715,58252,6904,65156,523
2022-01-31,Plumas,063,18699,2785,2513,289,2802,12
2022-01-31,Riverside,065,2383286,571181,558166,26345,584511,5785
2022-01-31,Sacramento,067,1510023,265663,256594,23735,280329,2571
2022-01-31,San Benito,069,59416,12156,11976,471,12447,90
2022-01-31,San Bernardino,071,2135413,557675,535276,23959,559235,6302
2022-01-31,San Diego,073,3302833,714180,698571,49095,747666,4686
2022-01-31,San Francisco,075,870044,116000,111119,7664,118783,712
2022-01-31,San Joaquin,077,732212,158141,155736,9359,165095,1985
2022-01-31,San Luis Obispo,079,281455,48980,47656,3280,50936,395
2022-01-31,San Mateo,081,765935,114613,103313,6246,109559,589
2022-01-31,Santa Barbara,083,443738,80673,79267,4308,83575,606
2022-01-31,Santa Clara,085,1922200,289291,284562,11025,295587,2041
2022-01-31,Santa Cruz,087,273765,42914,41630,1944,43574,239
2022-01-31,Shasta,089,179085,28668,28190,5553,33743,462
2022-01-31,Sierra,091,2930,266,261,44,305,0
2022-01-31,Siskiyou,093,43540,4168,4054,2420,6474,66
2022-01-31,Solano,095,438530,75883,72258,5099,77357,414
2022-01-31,Sonoma,097,501317,78091,76199,2198,78397,431
2022-01-31,Stanislaus,099,539301,111667,110493,16121,126614,1403
2022-01-31,Sutter,101,95872,19465,19189,1691,20880,202
2022-01-31,Tehama,103,63373,11337,11112,2425,13537,145
2022-01-31,Trinity,105,12862,1115,1071,259,1330,19
2022-01-31,Tulare,107,460477,100205,96053,25094,121147,1245
2022-01-31,Tuolumne,109,53932,11856,11278,460,11738,91
2022-01-31,Ventura,111,848112,166051,164060,9006,173066,1286
2022-01-31,Yolo,113,214977,34687,33175,2705,35880,274
2022-01-31,Yuba,115,75493,14901,14652,1016,15668,103
2022-01-30,Alameda,001,1643700,238205,231838,12220,244058,1607
2022-01-30,Alpine,003,1148,119,123,1,124,0
2022-01-30,Amador,005,37829,7890,7644,512,8156,73
2022-01-30,Butte,007,227075,31005,30255,6297,36552,354
2022-01-30,Calaveras,009,45235,6789,6676,273,6949,96
2022-01-30,Colusa,011,21464,3264,3168,974,4142,21
2022-01-30,Contra Costa,013,1133247,179203,172902,11476,184378,1102
2022-01-30,Del Norte,015,27424,4938,4833,130,4963,43
2022-01-30,El Dorado,017,186661,25436,24491,2956,27447,184
2022-01-30,Fresno,019,978130,214486,209645,21624,231269,2463
2022-01-30,Glenn,021,27897,4699,4619,1482,6101,39
2022-01-30,Humboldt,023,135768,15413,15247,2410,17657,126
2022-01-30,Imperial,025,180216,52343,51415,9411,60826,846
2022-01-30,Inyo,027,18085,3942,3921,408,4329,50
2022-01-30,Kern,029,883053,182209,177924,42245,220169,1967
2022-01-30,Kings,031,150075,47778,46654,3172,49826,398
2022-01-30,Lake,033,64148,9561,9080,728,9808,119
2022-01-30,Lassen,035,31185,8367,8158,804,8962,55
2022-01-30,Los Angeles,037,10098052,2601914,2530739,117257,2647996,28678
2022-01-30,Madera,039,155013,34487,33752,5031,38783,329
2022-01-30,Marin,041,260295,31324,30875,1995,32870,253
2022-01-30,Mariposa,043,17540,2224,2177,137,2314,6
2022-01-30,Mendocino,045,87422,12091,11860,2361,14221,104
2022-01-30,Merced,047,269075,58847,58006,7006,65012,740
2022-01-30,Modoc,049,8938,668,661,229,890,6
2022-01-30,Mono,051,14174,2887,2888,114,3002,5
2022-01-30,Monterey,053,433212,73435,65996,10991,76987,661
2022-01-30,Napa,055,140530,23587,22588,798,23386,114
2022-01-30,Nevada,057,99092,15006,14741,1019,15760,112
2022-01-30,Orange,059,3164182,526321,521334,38904,560238,6098
2022-01-30,Placer,061,380077,59385,58030,6864,64894,523
2022-01-30,Plumas,063,18699,2760,2510,275,2785,12
2022-01-30,Riverside,065,2383286,569115,557088,26245,583333,5767
2022-01-30,Sacramento,067,1510023,264204,255715,23241,278956,2572
2022-01-30,San Benito,069,59416,12090,11945,466,12411,90
2022-01-30,San Bernardino,071,2135413,555906,534050,23848,557898,6302
2022-01-30,San Diego,073,3302833,710641,687145,48659,735804,4665
2022-01-30,San Francisco,075,870044,115452,110772,7630,118402,712
2022-01-30,San Joaquin,077,732212,157155,155165,9321,164486,1985
2022-01-30,San Luis Obispo,079,281455,48583,47599,3244,50843,394
2022-01-30,San Mateo,081,765935,114039,102979,6201,109180,589
2022-01-30,Santa Barbara,083,443738,79996,79072,4247,83319,606
2022-01-30,Santa Clara,085,1922200,287327,282846,10894,293740,2035
2022-01-30,Santa Cruz,087,273765,42455,41330,1936,43266,239
2022-01-30,Shasta,089,179085,28508,28105,5469,33574,462
2022-01-30,Sierra,091,2930,266,261,44,305,0
2022-01-30,Siskiyou,093,43540,4138,4039,2373,6412,66
2022-01-30,Solano,095,438530,75358,71857,5048,76905,414
2022-01-30,Sonoma,097,501317,77573,75890,2169,78059,431
2022-01-30,Stanislaus,099,539301,111014,110111,15918,126029,1403
2022-01-30,Sutter,101,95872,19373,19108,1594,20702,202
2022-01-30,Tehama,103,63373,11265,11071,2395,13466,145
2022-01-30,Trinity,105,12862,1109,1068,259,1327,19
2022-01-30,Tulare,107,460477,99459,95676,24836,120512,1245
2022-01-30,Tuolumne,109,53932,11748,11242,423,11665,91
2022-01-30,Ventura,111,848112,165472,163521,8976,172497,1286
2022-01-30,Yolo,113,214977,34469,33043,2672,35715,274
2022-01-30,Yuba,115,75493,14811,14584,996,15580,103
2022-01-29,Alameda,001,1643700,237534,225602,12203,237805,1605
2022-01-29,Alpine,003,1148,119,123,1,124,0
2022-01-29,Amador,005,37829,7868,7505,509,8014,73
2022-01-29,Butte,007,227075,30915,29557,6266,35823,353
2022-01-29,Calaveras,009,45235,6770,6484,273,6757,96
2022-01-29,Colusa,011,21464,3259,3107,970,4077,21
2022-01-29,Contra Costa,013,1133247,178668,168003,11446,179449,1101
2022-01-29,Del Norte,015,27424,4920,4589,128,4717,43
2022-01-29,El Dorado,017,186661,25393,24008,2949,26957,184
2022-01-29,Fresno,019,978130,214030,202691,21585,224276,2457
2022-01-29,Glenn,021,27897,4691,4516,1475,5991,39
2022-01-29,Humboldt,023,135768,15366,14812,2403,17215,126
2022-01-29,Imperial,025,180216,52227,50153,9355,59508,845
2022-01-29,Inyo,027,18085,3940,3895,400,4295,50
2022-01-29,Kern,029,883053,181869,174456,42083,216539,1962
2022-01-29,Kings,031,150075,47659,45047,3165,48212,397
2022-01-29,Lake,033,64148,9528,8747,724,9471,119
2022-01-29,Lassen,035,31185,8346,7961,801,8762,55
2022-01-29,Los Angeles,037,10098052,2598008,2473332,116991,2590323,28467
2022-01-29,Madera,039,155013,34378,32753,5003,37756,329
2022-01-29,Marin,041,260295,31259,30137,1993,32130,253
2022-01-29,Mariposa,043,17540,2222,2117,135,2252,6
2022-01-29,Mendocino,045,87422,12067,11591,2345,13936,104
2022-01-29,Merced,047,269075,58740,56472,7001,63473,735
2022-01-29,Modoc,049,8938,668,654,229,883,6
2022-01-29,Mono,051,14174,2885,2860,114,2974,5
2022-01-29,Monterey,053,433212,73280,64090,10929,75019,658
2022-01-29,Napa,055,140530,23531,22121,796,22917,113
2022-01-29,Nevada,057,99092,14972,14337,1016,15353,112
2022-01-29,Orange,059,3164182,525618,511255,38798,550053,6038
2022-01-29,Placer,061,380077,59193,56562,6848,63410,523
2022-01-29,Plumas,063,18699,2750,2463,271,2734,12
2022-01-29,Riverside,065,2383286,568093,548121,26203,574324,5726
2022-01-29,Sacramento,067,1510023,263560,249130,23195,272325,2558
2022-01-29,San Benito,069,59416,12032,11670,465,12135,90
2022-01-29,San Bernardino,071,2135413,555154,525249,23804,549053,6297
2022-01-29,San Diego,073,3302833,709306,683027,48559,731586,4643
2022-01-29,San Francisco,075,870044,115178,108265,7582,115847,712
2022-01-29,San Joaquin,077,732212,156910,150849,9299,160148,1971
2022-01-29,San Luis Obispo,079,281455,48493,46374,3241,49615,391
2022-01-29,San Mateo,081,765935,113703,100306,6178,106484,586
2022-01-29,Santa Barbara,083,443738,79774,76546,4241,80787,604
2022-01-29,Santa Clara,085,1922200,286392,273879,10866,284745,2019
2022-01-29,Santa Cruz,087,273765,42324,39228,1934,41162,240
2022-01-29,Shasta,089,179085,28448,27504,5456,32960,452
2022-01-29,Sierra,091,2930,266,260,43,303,0
2022-01-29,Siskiyou,093,43540,4128,3987,2366,6353,66
2022-01-29,Solano,095,438530,75213,69862,5035,74897,407
2022-01-29,Sonoma,097,501317,77359,73439,2164,75603,427
2022-01-29,Stanislaus,099,539301,110764,107668,15867,123535,1403
2022-01-29,Sutter,101,95872,19325,18797,1578,20375,202
2022-01-29,Tehama,103,63373,11230,10880,2386,13266,145
2022-01-29,Trinity,105,12862,1106,1033,258,1291,19
2022-01-29,Tulare,107,460477,99204,93154,24764,117918,1237
2022-01-29,Tuolumne,109,53932,11722,10806,415,11221,91
2022-01-29,Ventura,111,848112,165142,160466,8957,169423,1271
2022-01-29,Yolo,113,214977,34354,32123,2656,34779,275
2022-01-29,Yuba,115,75493,14771,14295,994,15289,103
2022-01-28,Alameda,001,1643700,236588,225602,12186,237788,1605
2022-01-28,Alpine,003,1148,119,123,1,124,0
2022-01-28,Amador,005,37829,7842,7505,508,8013,73
2022-01-28,Butte,007,227075,30839,29557,6244,35801,353
2022-01-28,Calaveras,009,45235,6752,6484,272,6756,96
2022-01-28,Colusa,011,21464,3254,3107,969,4076,21
2022-01-28,Contra Costa,013,1133247,178131,168003,11409,179412,1101
2022-01-28,Del Norte,015,27424,4896,4589,127,4716,43
2022-01-28,El Dorado,017,186661,25346,24008,2943,26951,184
2022-01-28,Fresno,019,978130,213161,202691,21529,224220,2457
2022-01-28,Glenn,021,27897,4678,4516,1473,5989,39
2022-01-28,Humboldt,023,135768,15330,14812,2393,17205,126
2022-01-28,Imperial,025,180216,52098,50153,9325,59478,845
2022-01-28,Inyo,027,18085,3936,3895,397,4292,50
2022-01-28,Kern,029,883053,181458,174456,41926,216382,1962
2022-01-28,Kings,031,150075,47529,45047,3155,48202,397
2022-01-28,Lake,033,64148,9496,8747,722,9469,119
2022-01-28,Lassen,035,31185,8276,7961,799,8760,55
2022-01-28,Los Angeles,037,10098052,2592287,2473332,116776,2590108,28467
2022-01-28,Madera,039,155013,34250,32753,4987,37740,329
2022-01-28,Marin,041,260295,31166,30137,1973,32110,253
2022-01-28,Mariposa,043,17540,2212,2117,133,2250,6
2022-01-28,Mendocino,045,87422,12024,11591,2343,13934,104
2022-01-28,Merced,047,269075,58644,56472,6986,63458,735
2022-01-28,Modoc,049,8938,667,654,229,883,6
2022-01-28,Mono,051,14174,2880,2860,113,2973,5
2022-01-28,Monterey,053,433212,73078,64090,10880,74970,658
2022-01-28,Napa,055,140530,23452,22121,794,22915,113
2022-01-28,Nevada,057,99092,14935,14337,1014,15351,112
2022-01-28,Orange,059,3164182,524549,511255,38709,549964,6038
2022-01-28,Placer,061,380077,58993,56562,6824,63386,523
2022-01-28,Plumas,063,18699,2742,2463,269,2732,12
2022-01-28,Riverside,065,2383286,566771,548121,26162,574283,5726
2022-01-28,Sacramento,067,1510023,262779,249130,23140,272270,2558
2022-01-28,San Benito,069,59416,12010,11670,460,12130,90
2022-01-28,San Bernardino,071,2135413,554111,525249,23767,549016,6297
2022-01-28,San Diego,073,3302833,707482,683027,48480,731507,4643
2022-01-28,San Francisco,075,870044,114823,108265,7533,115798,712
2022-01-28,San Joaquin,077,732212,156620,150849,9285,160134,1971
2022-01-28,San Luis Obispo,079,281455,48409,46374,3234,49608,391
2022-01-28,San Mateo,081,765935,113351,100306,6157,106463,586
2022-01-28,Santa Barbara,083,443738,79525,76546,4239,80785,604
2022-01-28,Santa Clara,085,1922200,285210,273879,10817,284696,2019
2022-01-28,Santa Cruz,087,273765,42131,39228,1923,41151,240
2022-01-28,Shasta,089,179085,28388,27504,5442,32946,452
2022-01-28,Sierra,091,2930,266,260,43,303,0
2022-01-28,Siskiyou,093,43540,4118,3987,2362,6349,66
2022-01-28,Solano,095,438530,74661,69862,4969,74831,407
2022-01-28,Sonoma,097,501317,77153,73439,2157,75596,427
2022-01-28,Stanislaus,099,539301,110491,107668,15820,123488,1403
2022-01-28,Sutter,101,95872,19280,18797,1576,20373,202
2022-01-28,Tehama,103,63373,11198,10880,2379,13259,145
2022-01-28,Trinity,105,12862,1097,1033,258,1291,19
2022-01-28,Tulare,107,460477,98930,93154,24658,117812,1237
2022-01-28,Tuolumne,109,53932,11689,10806,411,11217,91
2022-01-28,Ventura,111,848112,164688,160466,8938,169404,1271
2022-01-28,Yolo,113,214977,34249,32123,2650,34773,275
2022-01-28,Yuba,115,75493,14732,14295,990,15285,103
2022-01-27,Alameda,001,1643700,235001,225602,12053,237655,1605
2022-01-27,Alpine,003,1148,119,123,1,124,0
2022-01-27,Amador,005,37829,7796,7505,497,8002,73
2022-01-27,Butte,007,227075,30685,29557,6190,35747,353
2022-01-27,Calaveras,009,45235,6726,6484,256,6740,96
2022-01-27,Colusa,011,21464,3239,3107,965,4072,21
2022-01-27,Contra Costa,013,1133247,177101,168003,11239,179242,1101
2022-01-27,Del Norte,015,27424,4852,4589,123,4712,43
2022-01-27,El Dorado,017,186661,25235,24008,2923,26931,184
2022-01-27,Fresno,019,978130,211528,202691,21309,224000,2457
2022-01-27,Glenn,021,27897,4646,4516,1465,5981,39
2022-01-27,Humboldt,023,135768,15241,14812,2356,17168,126
2022-01-27,Imperial,025,180216,51829,50153,9213,59366,845
2022-01-27,Inyo,027,18085,3929,3895,388,4283,50
2022-01-27,Kern,029,883053,180678,174456,41566,216022,1962
2022-01-27,Kings,031,150075,47189,45047,3117,48164,397
2022-01-27,Lake,033,64148,9442,8747,705,9452,119
2022-01-27,Lassen,035,31185,8235,7961,793,8754,55
2022-01-27,Los Angeles,037,10098052,2581138,2473332,116268,2589600,28467
2022-01-27,Madera,039,155013,34041,32753,4885,37638,329
2022-01-27,Marin,041,260295,31003,30137,1958,32095,253
2022-01-27,Mariposa,043,17540,2189,2117,130,2247,6
2022-01-27,Mendocino,045,87422,11973,11591,2294,13885,104
2022-01-27,Merced,047,269075,58382,56472,6823,63295,735
2022-01-27,Modoc,049,8938,665,654,228,882,6
2022-01-27,Mono,051,14174,2875,2860,113,2973,5
2022-01-27,Monterey,053,433212,72456,64090,10635,74725,658
2022-01-27,Napa,055,140530,23296,22121,767,22888,113
2022-01-27,Nevada,057,99092,14862,14337,987,15324,112
2022-01-27,Orange,059,3164182,522823,511255,38572,549827,6038
2022-01-27,Placer,061,380077,58676,56562,6772,63334,523
2022-01-27,Plumas,063,18699,2731,2463,257,2720,12
2022-01-27,Riverside,065,2383286,564596,548121,26093,574214,5726
2022-01-27,Sacramento,067,1510023,261498,249130,22814,271944,2558
2022-01-27,San Benito,069,59416,11955,11670,455,12125,90
2022-01-27,San Bernardino,071,2135413,552170,525249,23666,548915,6297
2022-01-27,San Diego,073,3302833,704137,683027,48121,731148,4643
2022-01-27,San Francisco,075,870044,114318,108265,7474,115739,712
2022-01-27,San Joaquin,077,732212,155762,150849,9221,160070,1971
2022-01-27,San Luis Obispo,079,281455,48138,46374,3199,49573,391
2022-01-27,San Mateo,081,765935,112766,100306,6088,106394,586
2022-01-27,Santa Barbara,083,443738,79046,76546,4184,80730,604
2022-01-27,Santa Clara,085,1922200,283151,273879,10670,284549,2019
2022-01-27,Santa Cruz,087,273765,41467,39228,1905,41133,240
2022-01-27,Shasta,089,179085,28262,27504,5393,32897,452
2022-01-27,Sierra,091,2930,265,260,42,302,0
2022-01-27,Siskiyou,093,43540,4097,3987,2325,6312,66
2022-01-27,Solano,095,438530,74022,69862,4912,74774,407
2022-01-27,Sonoma,097,501317,76686,73439,2143,75582,427
2022-01-27,Stanislaus,099,539301,109963,107668,15663,123331,1403
2022-01-27,Sutter,101,95872,19175,18797,1551,20348,202
2022-01-27,Tehama,103,63373,11146,10880,2363,13243,145
2022-01-27,Trinity,105,12862,1093,1033,257,1290,19
2022-01-27,Tulare,107,460477,98262,93154,24396,117550,1237
2022-01-27,Tuolumne,109,53932,11635,10806,402,11208,91
2022-01-27,Ventura,111,848112,164037,160466,8902,169368,1271
2022-01-27,Yolo,113,214977,34103,32123,2635,34758,275
2022-01-27,Yuba,115,75493,14654,14295,974,15269,103
2022-01-26,Alameda,001,1643700,233109,222680,11885,234565,1596
2022-01-26,Alpine,003,1148,119,123,1,124,0
2022-01-26,Amador,005,37829,7722,7427,482,7909,73
2022-01-26,Butte,007,227075,30489,29229,6126,35355,353
2022-01-26,Calaveras,009,45235,6688,6387,250,6637,96
2022-01-26,Colusa,011,21464,3220,3094,960,4054,21
2022-01-26,Contra Costa,013,1133247,175935,165972,11072,177044,1095
2022-01-26,Del Norte,015,27424,4794,4542,122,4664,43
2022-01-26,El Dorado,017,186661,25116,23819,2900,26719,181
2022-01-26,Fresno,019,978130,209666,199689,21090,220779,2452
2022-01-26,Glenn,021,27897,4613,4472,1460,5932,39
2022-01-26,Humboldt,023,135768,15143,14715,2313,17028,126
2022-01-26,Imperial,025,180216,51472,49477,9073,58550,839
2022-01-26,Inyo,027,18085,3926,3889,358,4247,50
2022-01-26,Kern,029,883053,179738,173052,41227,214279,1953
2022-01-26,Kings,031,150075,46784,44367,3088,47455,396
2022-01-26,Lake,033,64148,9360,8645,695,9340,119
2022-01-26,Lassen,035,31185,8195,7888,793,8681,55
2022-01-26,Los Angeles,037,10098052,2568936,2450620,115822,2566442,28382
2022-01-26,Madera,039,155013,33803,32323,4748,37071,329
2022-01-26,Marin,041,260295,30821,29813,1941,31754,253
2022-01-26,Mariposa,043,17540,2172,2108,123,2231,6
2022-01-26,Mendocino,045,87422,11925,11453,2243,13696,103
2022-01-26,Merced,047,269075,58014,56060,6646,62706,733
2022-01-26,Modoc,049,8938,664,652,227,879,6
2022-01-26,Mono,051,14174,2872,2852,113,2965,4
2022-01-26,Monterey,053,433212,71899,63264,10346,73610,659
2022-01-26,Napa,055,140530,23140,21864,757,22621,112
2022-01-26,Nevada,057,99092,14769,14128,975,15103,112
2022-01-26,Orange,059,3164182,520834,506419,38406,544825,6007
2022-01-26,Placer,061,380077,58339,55892,6711,62603,524
2022-01-26,Plumas,063,18699,2704,2425,255,2680,12
2022-01-26,Riverside,065,2383286,562070,543788,25977,569765,5701
2022-01-26,Sacramento,067,1510023,259806,246416,22487,268903,2559
2022-01-26,San Benito,069,59416,11884,11563,443,12006,90
2022-01-26,San Bernardino,071,2135413,549892,521699,23559,545258,6291
2022-01-26,San Diego,073,3302833,699915,676392,47763,724155,4622
2022-01-26,San Francisco,075,870044,113677,107174,7441,114615,704
2022-01-26,San Joaquin,077,732212,154774,148770,9168,157938,1971
2022-01-26,San Luis Obispo,079,281455,47834,45716,3172,48888,391
2022-01-26,San Mateo,081,765935,112100,99016,5963,104979,586
2022-01-26,Santa Barbara,083,443738,78517,75548,4124,79672,600
2022-01-26,Santa Clara,085,1922200,281064,270470,10500,280970,2015
2022-01-26,Santa Cruz,087,273765,40948,38298,1891,40189,239
2022-01-26,Shasta,089,179085,28114,27255,5348,32603,452
2022-01-26,Sierra,091,2930,264,260,41,301,0
2022-01-26,Siskiyou,093,43540,4081,3971,2300,6271,66
2022-01-26,Solano,095,438530,73326,69150,4845,73995,401
2022-01-26,Sonoma,097,501317,76126,72509,2108,74617,423
2022-01-26,Stanislaus,099,539301,109406,106582,15446,122028,1396
2022-01-26,Sutter,101,95872,19065,18670,1507,20177,202
2022-01-26,Tehama,103,63373,11092,10749,2349,13098,145
2022-01-26,Trinity,105,12862,1088,1008,257,1265,19
2022-01-26,Tulare,107,460477,97451,91904,24157,116061,1234
2022-01-26,Tuolumne,109,53932,11451,10699,391,11090,91
2022-01-26,Ventura,111,848112,163327,159077,8860,167937,1263
2022-01-26,Yolo,113,214977,33885,31913,2597,34510,275
2022-01-26,Yuba,115,75493,14569,14171,952,15123,103
2022-01-25,Alameda,001,1643700,231209,219753,11710,231463,1589
2022-01-25,Alpine,003,1148,119,122,1,123,0
2022-01-25,Amador,005,37829,7645,7352,471,7823,73
2022-01-25,Butte,007,227075,30275,28887,6049,34936,351
2022-01-25,Calaveras,009,45235,6630,6266,237,6503,95
2022-01-25,Colusa,011,21464,3199,3074,958,4032,21
2022-01-25,Contra Costa,013,1133247,174572,163792,10856,174648,1092
2022-01-25,Del Norte,015,27424,4724,4514,117,4631,43
2022-01-25,El Dorado,017,186661,24980,23339,2874,26213,179
2022-01-25,Fresno,019,978130,207502,198262,20799,219061,2434
2022-01-25,Glenn,021,27897,4583,4418,1444,5862,39
2022-01-25,Humboldt,023,135768,15051,14574,2287,16861,126
2022-01-25,Imperial,025,180216,51016,48913,8852,57765,832
2022-01-25,Inyo,027,18085,3910,3857,316,4173,50
2022-01-25,Kern,029,883053,178733,171695,40779,212474,1947
2022-01-25,Kings,031,150075,46315,43853,3043,46896,396
2022-01-25,Lake,033,64148,9281,8543,683,9226,118
2022-01-25,Lassen,035,31185,8164,7834,784,8618,55
2022-01-25,Los Angeles,037,10098052,2553993,2433516,115189,2548705,28293
2022-01-25,Madera,039,155013,33482,31794,4615,36409,329
2022-01-25,Marin,041,260295,30643,29589,1928,31517,253
2022-01-25,Mariposa,043,17540,2160,2069,117,2186,6
2022-01-25,Mendocino,045,87422,11805,11280,2140,13420,103
2022-01-25,Merced,047,269075,57632,55555,6508,62063,733
2022-01-25,Modoc,049,8938,662,652,227,879,6
2022-01-25,Mono,051,14174,2862,2826,112,2938,4
2022-01-25,Monterey,053,433212,71325,62498,9945,72443,654
2022-01-25,Napa,055,140530,22945,21668,723,22391,111
2022-01-25,Nevada,057,99092,14656,13944,953,14897,112
2022-01-25,Orange,059,3164182,518553,504274,38211,542485,5980
2022-01-25,Placer,061,380077,57937,55465,6638,62103,518
2022-01-25,Plumas,063,18699,2680,2397,251,2648,12
2022-01-25,Riverside,065,2383286,558979,540723,25813,566536,5686
2022-01-25,Sacramento,067,1510023,257864,244468,21959,266427,2545
2022-01-25,San Benito,069,59416,11785,11446,439,11885,88
2022-01-25,San Bernardino,071,2135413,547305,519150,23445,542595,6288
2022-01-25,San Diego,073,3302833,694921,670110,47311,717421,4604
2022-01-25,San Francisco,075,870044,112917,106254,7399,113653,703
2022-01-25,San Joaquin,077,732212,153782,147271,9105,156376,1972
2022-01-25,San Luis Obispo,079,281455,47473,45130,3124,48254,391
2022-01-25,San Mateo,081,765935,111267,98010,5852,103862,586
2022-01-25,Santa Barbara,083,443738,77849,74686,4045,78731,594
2022-01-25,Santa Clara,085,1922200,278450,268031,10298,278329,2006
2022-01-25,Santa Cruz,087,273765,40277,37850,1876,39726,237
2022-01-25,Shasta,089,179085,27952,27090,5282,32372,452
2022-01-25,Sierra,091,2930,264,260,37,297,0
2022-01-25,Siskiyou,093,43540,4057,3958,2265,6223,65
2022-01-25,Solano,095,438530,72757,68657,4786,73443,399
2022-01-25,Sonoma,097,501317,75436,71633,2068,73701,423
2022-01-25,Stanislaus,099,539301,108734,105965,15220,121185,1396
2022-01-25,Sutter,101,95872,18962,18508,1467,19975,200
2022-01-25,Tehama,103,63373,11029,10669,2325,12994,145
2022-01-25,Trinity,105,12862,1081,999,255,1254,19
2022-01-25,Tulare,107,460477,96582,91237,23838,115075,1229
2022-01-25,Tuolumne,109,53932,11270,10516,367,10883,91
2022-01-25,Ventura,111,848112,162473,157971,8811,166782,1263
2022-01-25,Yolo,113,214977,33625,31677,2553,34230,274
2022-01-25,Yuba,115,75493,14484,14038,925,14963,103
2022-01-24,Alameda,001,1643700,228738,216252,11440,227692,1581
2022-01-24,Alpine,003,1148,119,120,1,121,0
2022-01-24,Amador,005,37829,7594,7166,434,7600,73
2022-01-24,Butte,007,227075,30041,28607,5984,34591,350
2022-01-24,Calaveras,009,45235,6582,6172,223,6395,95
2022-01-24,Colusa,011,21464,3179,3052,942,3994,21
2022-01-24,Contra Costa,013,1133247,173046,162161,10642,172803,1092
2022-01-24,Del Norte,015,27424,4664,4460,117,4577,43
2022-01-24,El Dorado,017,186661,24813,23128,2845,25973,179
2022-01-24,Fresno,019,978130,205182,196092,20473,216565,2430
2022-01-24,Glenn,021,27897,4543,4367,1435,5802,39
2022-01-24,Humboldt,023,135768,14940,14416,2242,16658,126
2022-01-24,Imperial,025,180216,50476,48228,8572,56800,824
2022-01-24,Inyo,027,18085,3904,3805,292,4097,50
2022-01-24,Kern,029,883053,177426,169892,40310,210202,1946
2022-01-24,Kings,031,150075,45741,43260,2972,46232,396
2022-01-24,Lake,033,64148,9172,8423,668,9091,118
2022-01-24,Lassen,035,31185,8080,7732,765,8497,55
2022-01-24,Los Angeles,037,10098052,2537476,2391045,114414,2505459,28230
2022-01-24,Madera,039,155013,33046,31339,4431,35770,329
2022-01-24,Marin,041,260295,30411,29301,1892,31193,253
2022-01-24,Mariposa,043,17540,2135,2033,113,2146,6
2022-01-24,Mendocino,045,87422,11701,11002,2061,13063,103
2022-01-24,Merced,047,269075,57139,54970,6227,61197,730
2022-01-24,Modoc,049,8938,659,648,226,874,6
2022-01-24,Mono,051,14174,2852,2802,111,2913,4
2022-01-24,Monterey,053,433212,70465,61975,9590,71565,654
2022-01-24,Napa,055,140530,22765,21494,711,22205,111
2022-01-24,Nevada,057,99092,14529,13774,930,14704,112
2022-01-24,Orange,059,3164182,515976,501634,37946,539580,5969
2022-01-24,Placer,061,380077,57456,54933,6589,61522,518
2022-01-24,Plumas,063,18699,2648,2370,237,2607,12
2022-01-24,Riverside,065,2383286,555252,535962,25605,561567,5661
2022-01-24,Sacramento,067,1510023,255503,241522,21404,262926,2526
2022-01-24,San Benito,069,59416,11688,11331,426,11757,88
2022-01-24,San Bernardino,071,2135413,544316,515604,23282,538886,6285
2022-01-24,San Diego,073,3302833,689262,663580,46760,710340,4586
2022-01-24,San Francisco,075,870044,111958,105418,7304,112722,703
2022-01-24,San Joaquin,077,732212,152471,145984,9029,155013,1959
2022-01-24,San Luis Obispo,079,281455,47002,44616,3070,47686,387
2022-01-24,San Mateo,081,765935,110304,96968,5738,102706,586
2022-01-24,Santa Barbara,083,443738,77038,73866,3952,77818,591
2022-01-24,Santa Clara,085,1922200,275579,265341,10087,275428,2006
2022-01-24,Santa Cruz,087,273765,39477,37188,1858,39046,237
2022-01-24,Shasta,089,179085,27769,26871,5194,32065,452
2022-01-24,Sierra,091,2930,264,258,37,295,0
2022-01-24,Siskiyou,093,43540,4048,3934,2226,6160,64
2022-01-24,Solano,095,438530,72075,68094,4709,72803,400
2022-01-24,Sonoma,097,501317,74521,70733,2031,72764,423
2022-01-24,Stanislaus,099,539301,107977,104933,14932,119865,1395
2022-01-24,Sutter,101,95872,18847,18336,1381,19717,200
2022-01-24,Tehama,103,63373,10959,10567,2305,12872,145
2022-01-24,Trinity,105,12862,1072,978,253,1231,19
2022-01-24,Tulare,107,460477,95509,90089,23479,113568,1219
2022-01-24,Tuolumne,109,53932,11149,10374,359,10733,91
2022-01-24,Ventura,111,848112,161450,156551,8766,165317,1261
2022-01-24,Yolo,113,214977,33332,31480,2524,34004,273
2022-01-24,Yuba,115,75493,14378,13862,886,14748,103
2022-01-23,Alameda,001,1643700,226036,214003,11118,225121,1583
2022-01-23,Alpine,003,1148,119,120,1,121,0
2022-01-23,Amador,005,37829,7538,7090,394,7484,73
2022-01-23,Butte,007,227075,29741,28340,5858,34198,350
2022-01-23,Calaveras,009,45235,6517,6095,202,6297,95
2022-01-23,Colusa,011,21464,3154,3040,935,3975,21
2022-01-23,Contra Costa,013,1133247,171160,160798,10287,171085,1092
2022-01-23,Del Norte,015,27424,4596,4419,111,4530,43
2022-01-23,El Dorado,017,186661,24623,22925,2798,25723,179
2022-01-23,Fresno,019,978130,202697,193642,19991,213633,2430
2022-01-23,Glenn,021,27897,4496,4340,1413,5753,39
2022-01-23,Humboldt,023,135768,14818,14296,2160,16456,126
2022-01-23,Imperial,025,180216,49878,47935,8290,56225,824
2022-01-23,Inyo,027,18085,3877,3781,278,4059,50
2022-01-23,Kern,029,883053,176063,168585,39785,208370,1946
2022-01-23,Kings,031,150075,45106,42622,2870,45492,397
2022-01-23,Lake,033,64148,9002,8363,642,9005,118
2022-01-23,Lassen,035,31185,8031,7710,741,8451,55
2022-01-23,Los Angeles,037,10098052,2517167,2390590,113272,2503862,28231
2022-01-23,Madera,039,155013,32688,30962,4195,35157,329
2022-01-23,Marin,041,260295,30158,29025,1854,30879,253
2022-01-23,Mariposa,043,17540,2120,2011,110,2121,6
2022-01-23,Mendocino,045,87422,11576,10889,1933,12822,103
2022-01-23,Merced,047,269075,56585,54644,5780,60424,730
2022-01-23,Modoc,049,8938,657,645,223,868,6
2022-01-23,Mono,051,14174,2844,2788,109,2897,4
2022-01-23,Monterey,053,433212,69628,61522,9158,70680,654
2022-01-23,Napa,055,140530,22503,21281,698,21979,111
2022-01-23,Nevada,057,99092,14368,13629,901,14530,112
2022-01-23,Orange,059,3164182,512872,498968,37655,536623,5970
2022-01-23,Placer,061,380077,56886,54568,6501,61069,518
2022-01-23,Plumas,063,18699,2615,2368,208,2576,12
2022-01-23,Riverside,065,2383286,550808,532273,25303,557576,5661
2022-01-23,Sacramento,067,1510023,252858,239589,20464,260053,2530
2022-01-23,San Benito,069,59416,11566,11225,415,11640,88
2022-01-23,San Bernardino,071,2135413,540816,512657,23004,535661,6281
2022-01-23,San Diego,073,3302833,682655,640215,45951,686166,4566
2022-01-23,San Francisco,075,870044,110891,104485,7197,111682,704
2022-01-23,San Joaquin,077,732212,150858,144621,8947,153568,1959
2022-01-23,San Luis Obispo,079,281455,46306,44183,2996,47179,386
2022-01-23,San Mateo,081,765935,109187,95940,5594,101534,586
2022-01-23,Santa Barbara,083,443738,75914,73041,3829,76870,590
2022-01-23,Santa Clara,085,1922200,272278,261991,9768,271759,2005
2022-01-23,Santa Cruz,087,273765,38947,36547,1827,38374,237
2022-01-23,Shasta,089,179085,27489,26732,5074,31806,452
2022-01-23,Sierra,091,2930,263,252,37,289,0
2022-01-23,Siskiyou,093,43540,4023,3916,2169,6085,64
2022-01-23,Solano,095,438530,71275,67457,4615,72072,400
2022-01-23,Sonoma,097,501317,73567,69791,1975,71766,423
2022-01-23,Stanislaus,099,539301,107117,104067,14641,118708,1395
2022-01-23,Sutter,101,95872,18689,18175,1268,19443,200
2022-01-23,Tehama,103,63373,10862,10481,2273,12754,145
2022-01-23,Trinity,105,12862,1069,961,251,1212,19
2022-01-23,Tulare,107,460477,94252,89120,23067,112187,1219
2022-01-23,Tuolumne,109,53932,10957,10243,342,10585,91
2022-01-23,Ventura,111,848112,160268,155052,8689,163741,1261
2022-01-23,Yolo,113,214977,32955,30908,2484,33392,273
2022-01-23,Yuba,115,75493,14254,13762,833,14595,103
2022-01-22,Alameda,001,1643700,224971,203927,11090,215017,1575
2022-01-22,Alpine,003,1148,118,119,1,120,0
2022-01-22,Amador,005,37829,7504,6845,389,7234,73
2022-01-22,Butte,007,227075,29620,27232,5826,33058,350
2022-01-22,Calaveras,009,45235,6487,5835,201,6036,95
2022-01-22,Colusa,011,21464,3137,2954,932,3886,21
2022-01-22,Contra Costa,013,1133247,170216,154111,10257,164368,1091
2022-01-22,Del Norte,015,27424,4557,4269,107,4376,43
2022-01-22,El Dorado,017,186661,24558,22273,2788,25061,179
2022-01-22,Fresno,019,978130,201867,185292,19920,205212,2429
2022-01-22,Glenn,021,27897,4489,4174,1410,5584,39
2022-01-22,Humboldt,023,135768,14750,13628,2147,15775,125
2022-01-22,Imperial,025,180216,49688,45741,8232,53973,820
2022-01-22,Inyo,027,18085,3873,3706,254,3960,50
2022-01-22,Kern,029,883053,175438,162902,39485,202387,1946
2022-01-22,Kings,031,150075,44898,40580,2857,43437,396
2022-01-22,Lake,033,64148,8968,8056,634,8690,118
2022-01-22,Lassen,035,31185,7997,7545,734,8279,55
2022-01-22,Los Angeles,037,10098052,2509756,2286280,112768,2399048,28038
2022-01-22,Madera,039,155013,32569,29595,4180,33775,329
2022-01-22,Marin,041,260295,30031,27893,1849,29742,253
2022-01-22,Mariposa,043,17540,2116,1920,110,2030,6
2022-01-22,Mendocino,045,87422,11526,10395,1911,12306,103
2022-01-22,Merced,047,269075,56432,53025,5773,58798,727
2022-01-22,Modoc,049,8938,656,639,223,862,6
2022-01-22,Mono,051,14174,2843,2723,105,2828,4
2022-01-22,Monterey,053,433212,69422,59038,9116,68154,651
2022-01-22,Napa,055,140530,22408,20402,688,21090,111
2022-01-22,Nevada,057,99092,14300,12957,893,13850,112
2022-01-22,Orange,059,3164182,511264,480329,37407,517736,5946
2022-01-22,Placer,061,380077,56615,52557,6464,59021,512
2022-01-22,Plumas,063,18699,2598,2289,204,2493,12
2022-01-22,Riverside,065,2383286,548893,513567,25230,538797,5623
2022-01-22,Sacramento,067,1510023,251806,230206,20360,250566,2510
2022-01-22,San Benito,069,59416,11508,10743,410,11153,88
2022-01-22,San Bernardino,071,2135413,539278,495209,22910,518119,6267
2022-01-22,San Diego,073,3302833,680166,628904,45730,674634,4559
2022-01-22,San Francisco,075,870044,110234,100238,7049,107287,702
2022-01-22,San Joaquin,077,732212,150417,138264,8905,147169,1960
2022-01-22,San Luis Obispo,079,281455,46187,42154,2990,45144,385
2022-01-22,San Mateo,081,765935,108602,91440,5532,96972,585
2022-01-22,Santa Barbara,083,443738,75492,69555,3823,73378,589
2022-01-22,Santa Clara,085,1922200,270597,249205,9702,258907,1993
2022-01-22,Santa Cruz,087,273765,38765,33741,1821,35562,237
2022-01-22,Shasta,089,179085,27393,25919,5052,30971,450
2022-01-22,Sierra,091,2930,263,248,36,284,0
2022-01-22,Siskiyou,093,43540,4005,3845,2148,5993,62
2022-01-22,Solano,095,438530,71052,63882,4577,68459,391
2022-01-22,Sonoma,097,501317,73147,66013,1965,67978,422
2022-01-22,Stanislaus,099,539301,106659,100092,14543,114635,1393
2022-01-22,Sutter,101,95872,18621,17616,1255,18871,199
2022-01-22,Tehama,103,63373,10827,10171,2262,12433,142
2022-01-22,Trinity,105,12862,1067,925,251,1176,19
2022-01-22,Tulare,107,460477,93870,85223,22945,108168,1211
2022-01-22,Tuolumne,109,53932,10889,9731,336,10067,91
2022-01-22,Ventura,111,848112,159577,148742,8649,157391,1250
2022-01-22,Yolo,113,214977,32777,30061,2467,32528,273
2022-01-22,Yuba,115,75493,14165,13288,829,14117,103
2022-01-21,Alameda,001,1643700,223386,203927,11057,214984,1575
2022-01-21,Alpine,003,1148,118,119,1,120,0
2022-01-21,Amador,005,37829,7447,6845,386,7231,73
2022-01-21,Butte,007,227075,29494,27232,5783,33015,350
2022-01-21,Calaveras,009,45235,6441,5835,201,6036,95
2022-01-21,Colusa,011,21464,3130,2954,927,3881,21
2022-01-21,Contra Costa,013,1133247,169136,154111,10178,164289,1091
2022-01-21,Del Norte,015,27424,4517,4269,107,4376,43
2022-01-21,El Dorado,017,186661,24474,22273,2774,25047,179
2022-01-21,Fresno,019,978130,200616,185292,19822,205114,2429
2022-01-21,Glenn,021,27897,4467,4174,1406,5580,39
2022-01-21,Humboldt,023,135768,14680,13628,2128,15756,125
2022-01-21,Imperial,025,180216,49499,45741,8156,53897,820
2022-01-21,Inyo,027,18085,3860,3706,249,3955,50
2022-01-21,Kern,029,883053,174723,162902,39115,202017,1946
2022-01-21,Kings,031,150075,44701,40580,2849,43429,396
2022-01-21,Lake,033,64148,8911,8056,622,8678,118
2022-01-21,Lassen,035,31185,7948,7545,730,8275,55
2022-01-21,Los Angeles,037,10098052,2498461,2286280,112308,2398588,28038
2022-01-21,Madera,039,155013,32278,29595,4152,33747,329
2022-01-21,Marin,041,260295,29854,27893,1830,29723,253
2022-01-21,Mariposa,043,17540,2104,1920,109,2029,6
2022-01-21,Mendocino,045,87422,11445,10395,1908,12303,103
2022-01-21,Merced,047,269075,56273,53025,5769,58794,727
2022-01-21,Modoc,049,8938,655,639,223,862,6
2022-01-21,Mono,051,14174,2829,2723,102,2825,4
2022-01-21,Monterey,053,433212,68951,59038,8990,68028,651
2022-01-21,Napa,055,140530,22288,20402,680,21082,111
2022-01-21,Nevada,057,99092,14202,12957,889,13846,112
2022-01-21,Orange,059,3164182,509025,480329,37162,517491,5946
2022-01-21,Placer,061,380077,56224,52557,6402,58959,512
2022-01-21,Plumas,063,18699,2585,2289,199,2488,12
2022-01-21,Riverside,065,2383286,546238,513567,25151,538718,5623
2022-01-21,Sacramento,067,1510023,250364,230206,20259,250465,2510
2022-01-21,San Benito,069,59416,11472,10743,407,11150,88
2022-01-21,San Bernardino,071,2135413,537206,495209,22835,518044,6267
2022-01-21,San Diego,073,3302833,675998,628904,45552,674456,4559
2022-01-21,San Francisco,075,870044,109476,100238,6961,107199,702
2022-01-21,San Joaquin,077,732212,149818,138264,8849,147113,1960
2022-01-21,San Luis Obispo,079,281455,46061,42154,2987,45141,385
2022-01-21,San Mateo,081,765935,107930,91440,5494,96934,585
2022-01-21,Santa Barbara,083,443738,74990,69555,3814,73369,589
2022-01-21,Santa Clara,085,1922200,268773,249205,9594,258799,1993
2022-01-21,Santa Cruz,087,273765,38047,33741,1808,35549,237
2022-01-21,Shasta,089,179085,27304,25919,5005,30924,450
2022-01-21,Sierra,091,2930,261,248,35,283,0
2022-01-21,Siskiyou,093,43540,3996,3845,2130,5975,62
2022-01-21,Solano,095,438530,70639,63882,4494,68376,391
2022-01-21,Sonoma,097,501317,72622,66013,1955,67968,422
2022-01-21,Stanislaus,099,539301,106155,100092,14468,114560,1393
2022-01-21,Sutter,101,95872,18535,17616,1241,18857,199
2022-01-21,Tehama,103,63373,10790,10171,2260,12431,142
2022-01-21,Trinity,105,12862,1061,925,250,1175,19
2022-01-21,Tulare,107,460477,93392,85223,22791,108014,1211
2022-01-21,Tuolumne,109,53932,10806,9731,329,10060,91
2022-01-21,Ventura,111,848112,158768,148742,8618,157360,1250
2022-01-21,Yolo,113,214977,32614,30061,2446,32507,273
2022-01-21,Yuba,115,75493,14093,13288,822,14110,103
2022-01-20,Alameda,001,1643700,220316,203927,10821,214748,1575
2022-01-20,Alpine,003,1148,118,119,1,120,0
2022-01-20,Amador,005,37829,7383,6845,368,7213,73
2022-01-20,Butte,007,227075,29230,27232,5704,32936,350
2022-01-20,Calaveras,009,45235,6336,5835,192,6027,95
2022-01-20,Colusa,011,21464,3103,2954,915,3869,21
2022-01-20,Contra Costa,013,1133247,167134,154111,9913,164024,1091
2022-01-20,Del Norte,015,27424,4477,4269,104,4373,43
2022-01-20,El Dorado,017,186661,24267,22273,2731,25004,179
2022-01-20,Fresno,019,978130,197998,185292,19441,204733,2429
2022-01-20,Glenn,021,27897,4433,4174,1397,5571,39
2022-01-20,Humboldt,023,135768,14553,13628,2078,15706,125
2022-01-20,Imperial,025,180216,48982,45741,7980,53721,820
2022-01-20,Inyo,027,18085,3848,3706,238,3944,50
2022-01-20,Kern,029,883053,173200,162902,38577,201479,1946
2022-01-20,Kings,031,150075,44146,40580,2809,43389,396
2022-01-20,Lake,033,64148,8815,8056,594,8650,118
2022-01-20,Lassen,035,31185,7895,7545,715,8260,55
2022-01-20,Los Angeles,037,10098052,2473734,2286280,111337,2397617,28038
2022-01-20,Madera,039,155013,31891,29595,4027,33622,329
2022-01-20,Marin,041,260295,29561,27893,1793,29686,253
2022-01-20,Mariposa,043,17540,2077,1920,106,2026,6
2022-01-20,Mendocino,045,87422,11347,10395,1830,12225,103
2022-01-20,Merced,047,269075,55844,53025,5540,58565,727
2022-01-20,Modoc,049,8938,653,639,223,862,6
2022-01-20,Mono,051,14174,2821,2723,101,2824,4
2022-01-20,Monterey,053,433212,68188,59038,8576,67614,651
2022-01-20,Napa,055,140530,22023,20402,641,21043,111
2022-01-20,Nevada,057,99092,14057,12957,867,13824,112
2022-01-20,Orange,059,3164182,505087,480329,36793,517122,5946
2022-01-20,Placer,061,380077,55740,52557,6342,58899,512
2022-01-20,Plumas,063,18699,2558,2289,195,2484,12
2022-01-20,Riverside,065,2383286,541671,513567,24920,538487,5623
2022-01-20,Sacramento,067,1510023,248071,230206,19628,249834,2510
2022-01-20,San Benito,069,59416,11361,10743,394,11137,88
2022-01-20,San Bernardino,071,2135413,532969,495209,22557,517766,6267
2022-01-20,San Diego,073,3302833,668899,628904,44847,673751,4559
2022-01-20,San Francisco,075,870044,108328,100238,6822,107060,702
2022-01-20,San Joaquin,077,732212,148184,138264,8723,146987,1960
2022-01-20,San Luis Obispo,079,281455,45550,42154,2953,45107,385
2022-01-20,San Mateo,081,765935,106705,91440,5290,96730,585
2022-01-20,Santa Barbara,083,443738,74092,69555,3702,73257,589
2022-01-20,Santa Clara,085,1922200,265468,249205,9267,258472,1993
2022-01-20,Santa Cruz,087,273765,37163,33741,1785,35526,237
2022-01-20,Shasta,089,179085,27114,25919,4938,30857,450
2022-01-20,Sierra,091,2930,261,248,33,281,0
2022-01-20,Siskiyou,093,43540,3984,3845,2097,5942,62
2022-01-20,Solano,095,438530,69692,63882,4405,68287,391
2022-01-20,Sonoma,097,501317,71596,66013,1904,67917,422
2022-01-20,Stanislaus,099,539301,105197,100092,14262,114354,1393
2022-01-20,Sutter,101,95872,18371,17616,1213,18829,199
2022-01-20,Tehama,103,63373,10717,10171,2242,12413,142
2022-01-20,Trinity,105,12862,1047,925,249,1174,19
2022-01-20,Tulare,107,460477,92341,85223,22507,107730,1211
2022-01-20,Tuolumne,109,53932,10664,9731,319,10050,91
2022-01-20,Ventura,111,848112,157383,148742,8541,157283,1250
2022-01-20,Yolo,113,214977,32326,30061,2413,32474,273
2022-01-20,Yuba,115,75493,13987,13288,789,14077,103
2022-01-19,Alameda,001,1643700,216926,199739,10492,210231,1571
2022-01-19,Alpine,003,1148,117,119,1,120,0
2022-01-19,Amador,005,37829,7302,6789,326,7115,73
2022-01-19,Butte,007,227075,28924,26839,5618,32457,351
2022-01-19,Calaveras,009,45235,6246,5765,183,5948,95
2022-01-19,Colusa,011,21464,3069,2938,908,3846,21
2022-01-19,Contra Costa,013,1133247,164767,151543,9673,161216,1091
2022-01-19,Del Norte,015,27424,4438,4240,103,4343,43
2022-01-19,El Dorado,017,186661,24014,21953,2689,24642,177
2022-01-19,Fresno,019,978130,195058,181526,19112,200638,2430
2022-01-19,Glenn,021,27897,4381,4127,1387,5514,39
2022-01-19,Humboldt,023,135768,14395,13391,2028,15419,125
2022-01-19,Imperial,025,180216,48247,45156,7782,52938,820
2022-01-19,Inyo,027,18085,3825,3680,199,3879,49
2022-01-19,Kern,029,883053,171435,160747,37899,198646,1946
2022-01-19,Kings,031,150075,43450,40027,2741,42768,395
2022-01-19,Lake,033,64148,8688,7972,581,8553,118
2022-01-19,Lassen,035,31185,7838,7507,693,8200,55
2022-01-19,Los Angeles,037,10098052,2445354,2251718,109919,2361637,27934
2022-01-19,Madera,039,155013,31512,29021,3857,32878,329
2022-01-19,Marin,041,260295,29265,27375,1751,29126,251
2022-01-19,Mariposa,043,17540,2052,1896,99,1995,6
2022-01-19,Mendocino,045,87422,11176,10252,1737,11989,103
2022-01-19,Merced,047,269075,55300,52355,5184,57539,724
2022-01-19,Modoc,049,8938,651,635,222,857,6
2022-01-19,Mono,051,14174,2799,2677,99,2776,4
2022-01-19,Monterey,053,433212,67280,58426,8120,66546,651
2022-01-19,Napa,055,140530,21770,20090,614,20704,110
2022-01-19,Nevada,057,99092,13900,12703,840,13543,112
2022-01-19,Orange,059,3164182,500601,468460,36423,504883,5943
2022-01-19,Placer,061,380077,55176,51545,6274,57819,511
2022-01-19,Plumas,063,18699,2518,2239,189,2428,12
2022-01-19,Riverside,065,2383286,536153,503575,24685,528260,5604
2022-01-19,Sacramento,067,1510023,245180,226035,18913,244948,2512
2022-01-19,San Benito,069,59416,11220,10639,382,11021,88
2022-01-19,San Bernardino,071,2135413,528210,487846,22178,510024,6265
2022-01-19,San Diego,073,3302833,660124,614709,44110,658819,4553
2022-01-19,San Francisco,075,870044,106954,98652,6746,105398,694
2022-01-19,San Joaquin,077,732212,146294,135953,8600,144553,1959
2022-01-19,San Luis Obispo,079,281455,44951,41374,2887,44261,382
2022-01-19,San Mateo,081,765935,105293,89715,5026,94741,585
2022-01-19,Santa Barbara,083,443738,73095,68531,3603,72134,586
2022-01-19,Santa Clara,085,1922200,261737,244922,8907,253829,1991
2022-01-19,Santa Cruz,087,273765,35861,33026,1761,34787,237
2022-01-19,Shasta,089,179085,26847,25355,4866,30221,450
2022-01-19,Sierra,091,2930,261,245,32,277,0
2022-01-19,Siskiyou,093,43540,3960,3821,2044,5865,62
2022-01-19,Solano,095,438530,68848,63003,4275,67278,392
2022-01-19,Sonoma,097,501317,70497,64689,1858,66547,420
2022-01-19,Stanislaus,099,539301,104146,98952,13969,112921,1381
2022-01-19,Sutter,101,95872,18203,17436,1125,18561,199
2022-01-19,Tehama,103,63373,10602,10064,2198,12262,142
2022-01-19,Trinity,105,12862,1035,916,248,1164,19
2022-01-19,Tulare,107,460477,91054,83743,22040,105783,1200
2022-01-19,Tuolumne,109,53932,10505,9613,295,9908,91
2022-01-19,Ventura,111,848112,155868,144738,8466,153204,1234
2022-01-19,Yolo,113,214977,31962,29392,2377,31769,273
2022-01-19,Yuba,115,75493,13825,13114,776,13890,104
2022-01-18,Alameda,001,1643700,213554,195728,10174,205902,1566
2022-01-18,Alpine,003,1148,117,118,1,119,0
2022-01-18,Amador,005,37829,7164,6691,290,6981,73
2022-01-18,Butte,007,227075,28532,26514,5536,32050,347
2022-01-18,Calaveras,009,45235,6157,5684,168,5852,94
2022-01-18,Colusa,011,21464,3025,2903,903,3806,21
2022-01-18,Contra Costa,013,1133247,162681,149446,9298,158744,1085
2022-01-18,Del Norte,015,27424,4368,4229,98,4327,43
2022-01-18,El Dorado,017,186661,23638,21707,2644,24351,175
2022-01-18,Fresno,019,978130,191534,178922,18663,197585,2425
2022-01-18,Glenn,021,27897,4347,4070,1375,5445,39
2022-01-18,Humboldt,023,135768,14231,13218,1956,15174,125
2022-01-18,Imperial,025,180216,47551,44742,7601,52343,819
2022-01-18,Inyo,027,18085,3784,3654,189,3843,49
2022-01-18,Kern,029,883053,169412,158864,37147,196011,1943
2022-01-18,Kings,031,150075,42575,39440,2663,42103,392
2022-01-18,Lake,033,64148,8575,7919,562,8481,117
2022-01-18,Lassen,035,31185,7755,7461,654,8115,55
2022-01-18,Los Angeles,037,10098052,2411938,2227360,108454,2335814,27871
2022-01-18,Madera,039,155013,30990,28717,3668,32385,329
2022-01-18,Marin,041,260295,28962,27036,1709,28745,251
2022-01-18,Mariposa,043,17540,2027,1872,95,1967,6
2022-01-18,Mendocino,045,87422,11007,10114,1652,11766,103
2022-01-18,Merced,047,269075,54688,51746,4897,56643,718
2022-01-18,Modoc,049,8938,649,633,217,850,6
2022-01-18,Mono,051,14174,2778,2643,98,2741,4
2022-01-18,Monterey,053,433212,66505,57846,7641,65487,650
2022-01-18,Napa,055,140530,21438,19911,599,20510,109
2022-01-18,Nevada,057,99092,13716,12584,798,13382,111
2022-01-18,Orange,059,3164182,495270,461324,35918,497242,5938
2022-01-18,Placer,061,380077,54531,50983,6201,57184,508
2022-01-18,Plumas,063,18699,2480,2218,183,2401,12
2022-01-18,Riverside,065,2383286,530176,497278,24378,521656,5599
2022-01-18,Sacramento,067,1510023,242094,223745,17933,241678,2496
2022-01-18,San Benito,069,59416,11079,10520,368,10888,88
2022-01-18,San Bernardino,071,2135413,522756,483753,21750,505503,6258
2022-01-18,San Diego,073,3302833,649925,605137,43070,648207,4547
2022-01-18,San Francisco,075,870044,105488,96505,6630,103135,694
2022-01-18,San Joaquin,077,732212,144348,134365,8384,142749,1957
2022-01-18,San Luis Obispo,079,281455,44269,40848,2801,43649,381
2022-01-18,San Mateo,081,765935,103782,88225,4829,93054,585
2022-01-18,Santa Barbara,083,443738,71877,67216,3430,70646,581
2022-01-18,Santa Clara,085,1922200,257624,240281,8510,248791,1986
2022-01-18,Santa Cruz,087,273765,35211,32203,1726,33929,237
2022-01-18,Shasta,089,179085,26565,25162,4772,29934,448
2022-01-18,Sierra,091,2930,257,244,32,276,0
2022-01-18,Siskiyou,093,43540,3927,3799,1991,5790,62
2022-01-18,Solano,095,438530,67998,62204,4164,66368,391
2022-01-18,Sonoma,097,501317,69110,63714,1803,65517,419
2022-01-18,Stanislaus,099,539301,102929,98000,13592,111592,1379
2022-01-18,Sutter,101,95872,18013,17295,1054,18349,198
2022-01-18,Tehama,103,63373,10506,9975,2146,12121,142
2022-01-18,Trinity,105,12862,1022,907,247,1154,19
2022-01-18,Tulare,107,460477,89591,82667,21636,104303,1196
2022-01-18,Tuolumne,109,53932,10338,9528,284,9812,91
2022-01-18,Ventura,111,848112,154154,143384,8380,151764,1233
2022-01-18,Yolo,113,214977,31565,28786,2327,31113,270
2022-01-18,Yuba,115,75493,13664,12971,751,13722,101
2022-01-17,Alameda,001,1643700,208856,193276,9589,202865,1565
2022-01-17,Alpine,003,1148,116,118,0,118,0
2022-01-17,Amador,005,37829,7049,6640,232,6872,73
2022-01-17,Butte,007,227075,28137,26303,5428,31731,348
2022-01-17,Calaveras,009,45235,6026,5584,140,5724,94
2022-01-17,Colusa,011,21464,3001,2905,896,3801,21
2022-01-17,Contra Costa,013,1133247,159788,147993,8808,156801,1086
2022-01-17,Del Norte,015,27424,4317,4209,91,4300,43
2022-01-17,El Dorado,017,186661,23389,21540,2562,24102,175
2022-01-17,Fresno,019,978130,187816,176959,18143,195102,2426
2022-01-17,Glenn,021,27897,4294,4055,1362,5417,39
2022-01-17,Humboldt,023,135768,14025,13120,1790,14910,125
2022-01-17,Imperial,025,180216,46866,44412,7438,51850,821
2022-01-17,Inyo,027,18085,3762,3650,163,3813,49
2022-01-17,Kern,029,883053,166870,157645,36272,193917,1944
2022-01-17,Kings,031,150075,41441,39143,2542,41685,392
2022-01-17,Lake,033,64148,8426,7864,522,8386,117
2022-01-17,Lassen,035,31185,7662,7417,617,8034,55
2022-01-17,Los Angeles,037,10098052,2372734,2205740,106498,2312238,27832
2022-01-17,Madera,039,155013,30338,28568,3488,32056,329
2022-01-17,Marin,041,260295,28557,26633,1653,28286,251
2022-01-17,Mariposa,043,17540,2001,1862,89,1951,6
2022-01-17,Mendocino,045,87422,10784,10030,1512,11542,103
2022-01-17,Merced,047,269075,54009,51227,4335,55562,718
2022-01-17,Modoc,049,8938,645,630,217,847,6
2022-01-17,Mono,051,14174,2755,2642,97,2739,4
2022-01-17,Monterey,053,433212,65388,57318,7226,64544,647
2022-01-17,Napa,055,140530,21093,19647,576,20223,109
2022-01-17,Nevada,057,99092,13530,12414,761,13175,111
2022-01-17,Orange,059,3164182,489319,457418,35443,492861,5933
2022-01-17,Placer,061,380077,53799,50511,6058,56569,508
2022-01-17,Plumas,063,18699,2434,2205,151,2356,12
2022-01-17,Riverside,065,2383286,523361,491322,23925,515247,5600
2022-01-17,Sacramento,067,1510023,238016,221143,16589,237732,2497
2022-01-17,San Benito,069,59416,10912,10432,340,10772,88
2022-01-17,San Bernardino,071,2135413,516264,480243,21208,501451,6259
2022-01-17,San Diego,073,3302833,637706,569241,41863,611104,4545
2022-01-17,San Francisco,075,870044,103860,95292,6435,101727,694
2022-01-17,San Joaquin,077,732212,141509,133414,8194,141608,1958
2022-01-17,San Luis Obispo,079,281455,43440,40425,2700,43125,379
2022-01-17,San Mateo,081,765935,101812,87013,4575,91588,585
2022-01-17,Santa Barbara,083,443738,70555,66704,3230,69934,581
2022-01-17,Santa Clara,085,1922200,253137,237934,8075,246009,1985
2022-01-17,Santa Cruz,087,273765,34440,31714,1689,33403,237
2022-01-17,Shasta,089,179085,26285,25025,4651,29676,448
2022-01-17,Sierra,091,2930,256,242,32,274,0
2022-01-17,Siskiyou,093,43540,3888,3764,1911,5675,62
2022-01-17,Solano,095,438530,66957,61497,3905,65402,391
2022-01-17,Sonoma,097,501317,67607,62763,1737,64500,419
2022-01-17,Stanislaus,099,539301,101615,96951,13101,110052,1379
2022-01-17,Sutter,101,95872,17803,17159,918,18077,198
2022-01-17,Tehama,103,63373,10382,9912,2088,12000,142
2022-01-17,Trinity,105,12862,1009,906,243,1149,19
2022-01-17,Tulare,107,460477,87841,81741,21089,102830,1199
2022-01-17,Tuolumne,109,53932,10199,9416,252,9668,91
2022-01-17,Ventura,111,848112,152038,142070,8262,150332,1234
2022-01-17,Yolo,113,214977,31035,28638,2261,30899,270
2022-01-17,Yuba,115,75493,13467,12871,695,13566,101
2022-01-16,Alameda,001,1643700,205802,190691,9334,200025,1564
2022-01-16,Alpine,003,1148,116,118,0,118,0
2022-01-16,Amador,005,37829,6976,6618,224,6842,73
2022-01-16,Butte,007,227075,27788,26139,5375,31514,348
2022-01-16,Calaveras,009,45235,5925,5537,136,5673,94
2022-01-16,Colusa,011,21464,2984,2886,884,3770,21
2022-01-16,Contra Costa,013,1133247,157792,146307,8600,154907,1086
2022-01-16,Del Norte,015,27424,4275,4177,89,4266,43
2022-01-16,El Dorado,017,186661,23116,21303,2523,23826,175
2022-01-16,Fresno,019,978130,185101,174818,17744,192562,2425
2022-01-16,Glenn,021,27897,4237,4049,1340,5389,39
2022-01-16,Humboldt,023,135768,13878,13075,1771,14846,125
2022-01-16,Imperial,025,180216,46295,44035,7274,51309,821
2022-01-16,Inyo,027,18085,3725,3602,141,3743,49
2022-01-16,Kern,029,883053,165599,156655,35486,192141,1944
2022-01-16,Kings,031,150075,41067,38861,2522,41383,392
2022-01-16,Lake,033,64148,8322,7823,488,8311,117
2022-01-16,Lassen,035,31185,7617,7391,604,7995,55
2022-01-16,Los Angeles,037,10098052,2349558,2174403,104978,2279381,27805
2022-01-16,Madera,039,155013,29968,28313,3438,31751,329
2022-01-16,Marin,041,260295,28263,26292,1639,27931,251
2022-01-16,Mariposa,043,17540,1974,1851,84,1935,6
2022-01-16,Mendocino,045,87422,10637,9992,1396,11388,102
2022-01-16,Merced,047,269075,53418,50882,4309,55191,718
2022-01-16,Modoc,049,8938,642,629,217,846,6
2022-01-16,Mono,051,14174,2751,2614,95,2709,4
2022-01-16,Monterey,053,433212,64622,57012,7081,64093,647
2022-01-16,Napa,055,140530,20827,19521,565,20086,109
2022-01-16,Nevada,057,99092,13317,12307,743,13050,111
2022-01-16,Orange,059,3164182,483937,451962,34895,486857,5932
2022-01-16,Placer,061,380077,53092,50076,5947,56023,508
2022-01-16,Plumas,063,18699,2399,2204,142,2346,12
2022-01-16,Riverside,065,2383286,517853,485191,23705,508896,5600
2022-01-16,Sacramento,067,1510023,235064,218819,15872,234691,2491
2022-01-16,San Benito,069,59416,10754,10377,338,10715,88
2022-01-16,San Bernardino,071,2135413,512242,474425,20952,495377,6259
2022-01-16,San Diego,073,3302833,630118,569241,41426,610667,4545
2022-01-16,San Francisco,075,870044,102340,94139,6297,100436,694
2022-01-16,San Joaquin,077,732212,139723,132214,8051,140265,1958
2022-01-16,San Luis Obispo,079,281455,42783,40113,2661,42774,379
2022-01-16,San Mateo,081,765935,100287,85966,4482,90448,585
2022-01-16,Santa Barbara,083,443738,69527,66111,3189,69300,582
2022-01-16,Santa Clara,085,1922200,249470,234293,7921,242214,1984
2022-01-16,Santa Cruz,087,273765,33811,31469,1667,33136,237
2022-01-16,Shasta,089,179085,26031,24980,4583,29563,449
2022-01-16,Sierra,091,2930,252,238,31,269,0
2022-01-16,Siskiyou,093,43540,3860,3748,1872,5620,62
2022-01-16,Solano,095,438530,66281,60885,3774,64659,391
2022-01-16,Sonoma,097,501317,66529,61842,1720,63562,419
2022-01-16,Stanislaus,099,539301,100552,96370,12935,109305,1379
2022-01-16,Sutter,101,95872,17603,16996,896,17892,198
2022-01-16,Tehama,103,63373,10297,9868,2067,11935,142
2022-01-16,Trinity,105,12862,1004,889,241,1130,19
2022-01-16,Tulare,107,460477,86528,80867,20835,101702,1199
2022-01-16,Tuolumne,109,53932,10093,9369,244,9613,91
2022-01-16,Ventura,111,848112,150463,140715,8183,148898,1234
2022-01-16,Yolo,113,214977,30643,28481,2208,30689,270
2022-01-16,Yuba,115,75493,13290,12760,689,13449,101
2022-01-15,Alameda,001,1643700,204436,177768,9280,187048,1561
2022-01-15,Alpine,003,1148,116,117,0,117,0
2022-01-15,Amador,005,37829,6944,6434,210,6644,72
2022-01-15,Butte,007,227075,27632,25032,5325,30357,348
2022-01-15,Calaveras,009,45235,5893,5258,136,5394,93
2022-01-15,Colusa,011,21464,2970,2796,877,3673,21
2022-01-15,Contra Costa,013,1133247,156534,137643,8553,146196,1082
2022-01-15,Del Norte,015,27424,4260,4065,87,4152,43
2022-01-15,El Dorado,017,186661,23014,20434,2507,22941,175
2022-01-15,Fresno,019,978130,184172,167361,17647,185008,2415
2022-01-15,Glenn,021,27897,4230,3906,1331,5237,39
2022-01-15,Humboldt,023,135768,13775,12419,1755,14174,123
2022-01-15,Imperial,025,180216,46157,42508,7166,49674,817
2022-01-15,Inyo,027,18085,3715,3395,141,3536,49
2022-01-15,Kern,029,883053,164755,150085,35096,185181,1938
2022-01-15,Kings,031,150075,40818,37221,2510,39731,391
2022-01-15,Lake,033,64148,8283,7641,475,8116,117
2022-01-15,Lassen,035,31185,7576,7274,598,7872,55
2022-01-15,Los Angeles,037,10098052,2338029,2047927,104028,2151955,27641
2022-01-15,Madera,039,155013,29822,27294,3414,30708,329
2022-01-15,Marin,041,260295,28076,25248,1632,26880,251
2022-01-15,Mariposa,043,17540,1967,1762,84,1846,6
2022-01-15,Mendocino,045,87422,10564,9534,1390,10924,102
2022-01-15,Merced,047,269075,53251,48904,4297,53201,715
2022-01-15,Modoc,049,8938,640,628,217,845,6
2022-01-15,Mono,051,14174,2746,2508,94,2602,4
2022-01-15,Monterey,053,433212,64108,55315,7017,62332,647
2022-01-15,Napa,055,140530,20706,17648,561,18209,109
2022-01-15,Nevada,057,99092,13257,11773,730,12503,111
2022-01-15,Orange,059,3164182,481339,433141,34622,467763,5914
2022-01-15,Placer,061,380077,52801,47780,5911,53691,501
2022-01-15,Plumas,063,18699,2378,2158,136,2294,12
2022-01-15,Riverside,065,2383286,515172,466381,23570,489951,5578
2022-01-15,Sacramento,067,1510023,233908,208156,15773,223929,2491
2022-01-15,San Benito,069,59416,10655,9868,333,10201,87
2022-01-15,San Bernardino,071,2135413,509878,454395,20803,475198,6233
2022-01-15,San Diego,073,3302833,626329,559385,41170,600555,4540
2022-01-15,San Francisco,075,870044,101345,88004,6162,94166,692
2022-01-15,San Joaquin,077,732212,139158,125136,7954,133090,1954
2022-01-15,San Luis Obispo,079,281455,42594,38231,2648,40879,374
2022-01-15,San Mateo,081,765935,99331,80494,4441,84935,582
2022-01-15,Santa Barbara,083,443738,68931,62312,3178,65490,579
2022-01-15,Santa Clara,085,1922200,247266,218986,7801,226787,1974
2022-01-15,Santa Cruz,087,273765,33457,29414,1659,31073,235
2022-01-15,Shasta,089,179085,25941,24482,4551,29033,445
2022-01-15,Sierra,091,2930,251,232,30,262,0
2022-01-15,Siskiyou,093,43540,3848,3661,1862,5523,62
2022-01-15,Solano,095,438530,66002,58061,3725,61786,389
2022-01-15,Sonoma,097,501317,65943,58181,1714,59895,418
2022-01-15,Stanislaus,099,539301,99970,92986,12832,105818,1379
2022-01-15,Sutter,101,95872,17512,16345,886,17231,197
2022-01-15,Tehama,103,63373,10248,9572,2049,11621,141
2022-01-15,Trinity,105,12862,1001,872,241,1113,19
2022-01-15,Tulare,107,460477,86082,77769,20724,98493,1192
2022-01-15,Tuolumne,109,53932,9992,9042,239,9281,91
2022-01-15,Ventura,111,848112,149688,134736,8145,142881,1227
2022-01-15,Yolo,113,214977,30463,27311,2188,29499,270
2022-01-15,Yuba,115,75493,13227,12200,685,12885,101
2022-01-14,Alameda,001,1643700,202398,177768,9232,187000,1561
2022-01-14,Alpine,003,1148,116,117,0,117,0
2022-01-14,Amador,005,37829,6868,6434,201,6635,72
2022-01-14,Butte,007,227075,27451,25032,5293,30325,348
2022-01-14,Calaveras,009,45235,5856,5258,135,5393,93
2022-01-14,Colusa,011,21464,2961,2796,867,3663,21
2022-01-14,Contra Costa,013,1133247,155028,137643,8448,146091,1082
2022-01-14,Del Norte,015,27424,4235,4065,86,4151,43
2022-01-14,El Dorado,017,186661,22863,20434,2489,22923,175
2022-01-14,Fresno,019,978130,182518,167361,17551,184912,2415
2022-01-14,Glenn,021,27897,4207,3906,1323,5229,39
2022-01-14,Humboldt,023,135768,13669,12419,1722,14141,123
2022-01-14,Imperial,025,180216,45986,42508,7146,49654,817
2022-01-14,Inyo,027,18085,3690,3395,137,3532,49
2022-01-14,Kern,029,883053,163756,150085,34662,184747,1938
2022-01-14,Kings,031,150075,40566,37221,2502,39723,391
2022-01-14,Lake,033,64148,8226,7641,463,8104,117
2022-01-14,Lassen,035,31185,7542,7274,586,7860,55
2022-01-14,Los Angeles,037,10098052,2318704,2047927,102998,2150925,27641
2022-01-14,Madera,039,155013,29587,27294,3386,30680,329
2022-01-14,Marin,041,260295,27817,25248,1597,26845,251
2022-01-14,Mariposa,043,17540,1952,1762,84,1846,6
2022-01-14,Mendocino,045,87422,10452,9534,1377,10911,102
2022-01-14,Merced,047,269075,53068,48904,4282,53186,715
2022-01-14,Modoc,049,8938,639,628,217,845,6
2022-01-14,Mono,051,14174,2725,2508,92,2600,4
2022-01-14,Monterey,053,433212,63411,55315,6924,62239,647
2022-01-14,Napa,055,140530,20536,17648,556,18204,109
2022-01-14,Nevada,057,99092,13135,11773,717,12490,111
2022-01-14,Orange,059,3164182,477608,433141,34306,467447,5914
2022-01-14,Placer,061,380077,52365,47780,5825,53605,501
2022-01-14,Plumas,063,18699,2370,2158,129,2287,12
2022-01-14,Riverside,065,2383286,511650,466381,23427,489808,5578
2022-01-14,Sacramento,067,1510023,231960,208156,15624,223780,2491
2022-01-14,San Benito,069,59416,10603,9868,332,10200,87
2022-01-14,San Bernardino,071,2135413,506646,454395,20616,475011,6233
2022-01-14,San Diego,073,3302833,620678,559385,40862,600247,4540
2022-01-14,San Francisco,075,870044,100174,88004,5987,93991,692
2022-01-14,San Joaquin,077,732212,138308,125136,7874,133010,1954
2022-01-14,San Luis Obispo,079,281455,42427,38231,2627,40858,374
2022-01-14,San Mateo,081,765935,98102,80494,4412,84906,582
2022-01-14,Santa Barbara,083,443738,68412,62312,3168,65480,579
2022-01-14,Santa Clara,085,1922200,244693,218986,7695,226681,1974
2022-01-14,Santa Cruz,087,273765,33080,29414,1650,31064,235
2022-01-14,Shasta,089,179085,25820,24482,4518,29000,445
2022-01-14,Sierra,091,2930,249,232,28,260,0
2022-01-14,Siskiyou,093,43540,3837,3661,1849,5510,62
2022-01-14,Solano,095,438530,65157,58061,3637,61698,389
2022-01-14,Sonoma,097,501317,65402,58181,1688,59869,418
2022-01-14,Stanislaus,099,539301,99364,92986,12724,105710,1379
2022-01-14,Sutter,101,95872,17386,16345,878,17223,197
2022-01-14,Tehama,103,63373,10195,9572,2037,11609,141
2022-01-14,Trinity,105,12862,996,872,239,1111,19
2022-01-14,Tulare,107,460477,85553,77769,20563,98332,1192
2022-01-14,Tuolumne,109,53932,9869,9042,235,9277,91
2022-01-14,Ventura,111,848112,148584,134736,8086,142822,1227
2022-01-14,Yolo,113,214977,30222,27311,2160,29471,270
2022-01-14,Yuba,115,75493,13124,12200,680,12880,101
2022-01-13,Alameda,001,1643700,198090,177768,8881,186649,1561
2022-01-13,Alpine,003,1148,115,117,0,117,0
2022-01-13,Amador,005,37829,6808,6434,180,6614,72
2022-01-13,Butte,007,227075,27144,25032,5179,30211,348
2022-01-13,Calaveras,009,45235,5766,5258,132,5390,93
2022-01-13,Colusa,011,21464,2933,2796,857,3653,21
2022-01-13,Contra Costa,013,1133247,152382,137643,7983,145626,1082
2022-01-13,Del Norte,015,27424,4199,4065,85,4150,43
2022-01-13,El Dorado,017,186661,22611,20434,2443,22877,175
2022-01-13,Fresno,019,978130,179699,167361,17162,184523,2415
2022-01-13,Glenn,021,27897,4160,3906,1297,5203,39
2022-01-13,Humboldt,023,135768,13517,12419,1660,14079,123
2022-01-13,Imperial,025,180216,45445,42508,6932,49440,817
2022-01-13,Inyo,027,18085,3634,3395,120,3515,49
2022-01-13,Kern,029,883053,162172,150085,34073,184158,1938
2022-01-13,Kings,031,150075,40085,37221,2458,39679,391
2022-01-13,Lake,033,64148,8126,7641,442,8083,117
2022-01-13,Lassen,035,31185,7508,7274,570,7844,55
2022-01-13,Los Angeles,037,10098052,2282235,2047927,101200,2149127,27641
2022-01-13,Madera,039,155013,29121,27294,3293,30587,329
2022-01-13,Marin,041,260295,27473,25248,1554,26802,251
2022-01-13,Mariposa,043,17540,1929,1762,81,1843,6
2022-01-13,Mendocino,045,87422,10361,9534,1309,10843,102
2022-01-13,Merced,047,269075,52410,48904,4020,52924,715
2022-01-13,Modoc,049,8938,636,628,217,845,6
2022-01-13,Mono,051,14174,2702,2508,89,2597,4
2022-01-13,Monterey,053,433212,62474,55315,6639,61954,647
2022-01-13,Napa,055,140530,20238,17648,546,18194,109
2022-01-13,Nevada,057,99092,12943,11773,687,12460,111
2022-01-13,Orange,059,3164182,471169,433141,33849,466990,5914
2022-01-13,Placer,061,380077,51736,47780,5710,53490,501
2022-01-13,Plumas,063,18699,2350,2158,119,2277,12
2022-01-13,Riverside,065,2383286,505350,466381,23100,489481,5578
2022-01-13,Sacramento,067,1510023,228871,208156,14840,222996,2491
2022-01-13,San Benito,069,59416,10499,9868,324,10192,87
2022-01-13,San Bernardino,071,2135413,500748,454395,20151,474546,6233
2022-01-13,San Diego,073,3302833,612162,559385,39987,599372,4540
2022-01-13,San Francisco,075,870044,98438,88004,5793,93797,692
2022-01-13,San Joaquin,077,732212,136239,125136,7725,132861,1954
2022-01-13,San Luis Obispo,079,281455,41824,38231,2522,40753,374
2022-01-13,San Mateo,081,765935,96321,80494,4176,84670,582
2022-01-13,Santa Barbara,083,443738,67415,62312,2992,65304,579
2022-01-13,Santa Clara,085,1922200,240439,218986,7365,226351,1974
2022-01-13,Santa Cruz,087,273765,32265,29414,1628,31042,235
2022-01-13,Shasta,089,179085,25611,24482,4446,28928,445
2022-01-13,Sierra,091,2930,248,232,28,260,0
2022-01-13,Siskiyou,093,43540,3815,3661,1809,5470,62
2022-01-13,Solano,095,438530,64025,58061,3526,61587,389
2022-01-13,Sonoma,097,501317,64337,58181,1632,59813,418
2022-01-13,Stanislaus,099,539301,98247,92986,12430,105416,1379
2022-01-13,Sutter,101,95872,17190,16345,814,17159,197
2022-01-13,Tehama,103,63373,10097,9572,1989,11561,141
2022-01-13,Trinity,105,12862,988,872,239,1111,19
2022-01-13,Tulare,107,460477,84271,77769,20274,98043,1192
2022-01-13,Tuolumne,109,53932,9727,9042,217,9259,91
2022-01-13,Ventura,111,848112,146802,134736,7992,142728,1227
2022-01-13,Yolo,113,214977,29806,27311,2116,29427,270
2022-01-13,Yuba,115,75493,12989,12200,651,12851,101
2022-01-12,Alameda,001,1643700,193489,173001,8424,181425,1563
2022-01-12,Alpine,003,1148,115,117,0,117,0
2022-01-12,Amador,005,37829,6760,6354,166,6520,71
2022-01-12,Butte,007,227075,26813,24631,5088,29719,348
2022-01-12,Calaveras,009,45235,5689,5151,126,5277,93
2022-01-12,Colusa,011,21464,2895,2772,844,3616,21
2022-01-12,Contra Costa,013,1133247,149695,134579,7607,142186,1077
2022-01-12,Del Norte,015,27424,4173,4019,83,4102,43
2022-01-12,El Dorado,017,186661,22292,20092,2402,22494,175
2022-01-12,Fresno,019,978130,176958,165316,16740,182056,2413
2022-01-12,Glenn,021,27897,4108,3859,1275,5134,39
2022-01-12,Humboldt,023,135768,13344,12081,1578,13659,122
2022-01-12,Imperial,025,180216,44790,41985,6633,48618,814
2022-01-12,Inyo,027,18085,3588,3334,104,3438,49
2022-01-12,Kern,029,883053,160033,148435,33351,181786,1933
2022-01-12,Kings,031,150075,39455,36780,2416,39196,391
2022-01-12,Lake,033,64148,8010,7535,398,7933,117
2022-01-12,Lassen,035,31185,7466,7223,543,7766,55
2022-01-12,Los Angeles,037,10098052,2242495,2005065,98965,2104030,27601
2022-01-12,Madera,039,155013,28807,26952,3194,30146,329
2022-01-12,Marin,041,260295,26982,24704,1503,26207,251
2022-01-12,Mariposa,043,17540,1900,1725,79,1804,6
2022-01-12,Mendocino,045,87422,10197,9379,1211,10590,103
2022-01-12,Merced,047,269075,51708,48441,3747,52188,710
2022-01-12,Modoc,049,8938,634,627,217,844,6
2022-01-12,Mono,051,14174,2666,2466,85,2551,4
2022-01-12,Monterey,053,433212,61488,54524,6278,60802,647
2022-01-12,Napa,055,140530,19980,17347,523,17870,109
2022-01-12,Nevada,057,99092,12728,11552,641,12193,111
2022-01-12,Orange,059,3164182,464402,425737,33257,458994,5912
2022-01-12,Placer,061,380077,51076,47004,5595,52599,501
2022-01-12,Plumas,063,18699,2311,2135,108,2243,12
2022-01-12,Riverside,065,2383286,498123,458881,22760,481641,5565
2022-01-12,Sacramento,067,1510023,225298,204696,13964,218660,2479
2022-01-12,San Benito,069,59416,10368,9737,312,10049,87
2022-01-12,San Bernardino,071,2135413,494224,447869,19528,467397,6222
2022-01-12,San Diego,073,3302833,601658,551669,39129,590798,4529
2022-01-12,San Francisco,075,870044,96603,85700,5680,91380,691
2022-01-12,San Joaquin,077,732212,133952,122850,7598,130448,1948
2022-01-12,San Luis Obispo,079,281455,41098,37727,2439,40166,373
2022-01-12,San Mateo,081,765935,94287,78476,3802,82278,582
2022-01-12,Santa Barbara,083,443738,66272,60815,2890,63705,578
2022-01-12,Santa Clara,085,1922200,235943,213177,6986,220163,1971
2022-01-12,Santa Cruz,087,273765,31611,28463,1580,30043,235
2022-01-12,Shasta,089,179085,25399,24324,4381,28705,446
2022-01-12,Sierra,091,2930,247,228,28,256,0
2022-01-12,Siskiyou,093,43540,3787,3639,1762,5401,62
2022-01-12,Solano,095,438530,62975,57052,3405,60457,386
2022-01-12,Sonoma,097,501317,63053,56394,1549,57943,417
2022-01-12,Stanislaus,099,539301,97015,91738,12086,103824,1373
2022-01-12,Sutter,101,95872,16995,16135,781,16916,197
2022-01-12,Tehama,103,63373,10008,9475,1928,11403,141
2022-01-12,Trinity,105,12862,984,868,238,1106,19
2022-01-12,Tulare,107,460477,83152,76943,19896,96839,1192
2022-01-12,Tuolumne,109,53932,9598,8870,200,9070,91
2022-01-12,Ventura,111,848112,144895,132180,7906,140086,1220
2022-01-12,Yolo,113,214977,29391,26888,2043,28931,270
2022-01-12,Yuba,115,75493,12829,12015,624,12639,101
2022-01-11,Alameda,001,1643700,189004,169181,8025,177206,1561
2022-01-11,Alpine,003,1148,115,116,0,116,0
2022-01-11,Amador,005,37829,6676,6317,151,6468,71
2022-01-11,Butte,007,227075,26416,24479,4994,29473,347
2022-01-11,Calaveras,009,45235,5560,5083,112,5195,93
2022-01-11,Colusa,011,21464,2869,2766,831,3597,21
2022-01-11,Contra Costa,013,1133247,146561,132410,7113,139523,1077
2022-01-11,Del Norte,015,27424,4140,4006,81,4087,43
2022-01-11,El Dorado,017,186661,21962,19842,2329,22171,174
2022-01-11,Fresno,019,978130,173903,163509,16355,179864,2404
2022-01-11,Glenn,021,27897,4046,3844,1231,5075,39
2022-01-11,Humboldt,023,135768,13125,11960,1485,13445,122
2022-01-11,Imperial,025,180216,44184,41444,6434,47878,813
2022-01-11,Inyo,027,18085,3490,3278,97,3375,49
2022-01-11,Kern,029,883053,157751,146942,32529,179471,1929
2022-01-11,Kings,031,150075,38867,36524,2385,38909,389
2022-01-11,Lake,033,64148,7932,7494,382,7876,117
2022-01-11,Lassen,035,31185,7416,7210,529,7739,55
2022-01-11,Los Angeles,037,10098052,2200040,1966319,96726,2063045,27563
2022-01-11,Madera,039,155013,28392,26688,3115,29803,329
2022-01-11,Marin,041,260295,26625,24387,1458,25845,251
2022-01-11,Mariposa,043,17540,1878,1718,75,1793,6
2022-01-11,Mendocino,045,87422,10036,9301,1113,10414,102
2022-01-11,Merced,047,269075,50926,48068,3564,51632,708
2022-01-11,Modoc,049,8938,633,626,216,842,6
2022-01-11,Mono,051,14174,2623,2425,84,2509,4
2022-01-11,Monterey,053,433212,60445,53911,5930,59841,646
2022-01-11,Napa,055,140530,19543,17020,476,17496,109
2022-01-11,Nevada,057,99092,12502,11467,606,12073,110
2022-01-11,Orange,059,3164182,456736,417703,32622,450325,5909
2022-01-11,Placer,061,380077,50321,46459,5451,51910,500
2022-01-11,Plumas,063,18699,2276,2099,100,2199,12
2022-01-11,Riverside,065,2383286,490392,453766,22446,476212,5551
2022-01-11,Sacramento,067,1510023,221122,201058,12940,213998,2489
2022-01-11,San Benito,069,59416,10233,9624,299,9923,83
2022-01-11,San Bernardino,071,2135413,486253,442960,18918,461878,6198
2022-01-11,San Diego,073,3302833,589655,536954,38019,574973,4520
2022-01-11,San Francisco,075,870044,94401,83678,5523,89201,691
2022-01-11,San Joaquin,077,732212,131571,121139,7432,128571,1944
2022-01-11,San Luis Obispo,079,281455,40323,37183,2320,39503,372
2022-01-11,San Mateo,081,765935,91996,76756,3580,80336,582
2022-01-11,Santa Barbara,083,443738,64967,59758,2753,62511,578
2022-01-11,Santa Clara,085,1922200,230551,208425,6535,214960,1971
2022-01-11,Santa Cruz,087,273765,31103,27709,1530,29239,232
2022-01-11,Shasta,089,179085,25141,24132,4288,28420,446
2022-01-11,Sierra,091,2930,245,228,28,256,0
2022-01-11,Siskiyou,093,43540,3763,3621,1712,5333,62
2022-01-11,Solano,095,438530,61572,56349,3251,59600,388
2022-01-11,Sonoma,097,501317,61535,55411,1469,56880,416
2022-01-11,Stanislaus,099,539301,95648,90998,11713,102711,1372
2022-01-11,Sutter,101,95872,16795,15993,727,16720,197
2022-01-11,Tehama,103,63373,9881,9406,1880,11286,140
2022-01-11,Trinity,105,12862,972,858,236,1094,19
2022-01-11,Tulare,107,460477,81847,76267,19494,95761,1188
2022-01-11,Tuolumne,109,53932,9439,8811,193,9004,91
2022-01-11,Ventura,111,848112,142666,129548,7760,137308,1220
2022-01-11,Yolo,113,214977,28814,26482,1982,28464,270
2022-01-11,Yuba,115,75493,12654,11912,603,12515,101
2022-01-10,Alameda,001,1643700,183887,165657,7502,173159,1559
2022-01-10,Alpine,003,1148,115,116,0,116,0
2022-01-10,Amador,005,37829,6573,6279,136,6415,71
2022-01-10,Butte,007,227075,26074,24217,4898,29115,347
2022-01-10,Calaveras,009,45235,5462,5025,106,5131,93
2022-01-10,Colusa,011,21464,2839,2758,822,3580,21
2022-01-10,Contra Costa,013,1133247,143686,129951,6591,136542,1077
2022-01-10,Del Norte,015,27424,4117,3970,81,4051,43
2022-01-10,El Dorado,017,186661,21406,19606,2274,21880,172
2022-01-10,Fresno,019,978130,170861,161593,15927,177520,2404
2022-01-10,Glenn,021,27897,3987,3807,1217,5024,39
2022-01-10,Humboldt,023,135768,12883,11778,1352,13130,121
2022-01-10,Imperial,025,180216,43458,41080,6217,47297,811
2022-01-10,Inyo,027,18085,3435,3227,85,3312,49
2022-01-10,Kern,029,883053,155180,145744,31786,177530,1929
2022-01-10,Kings,031,150075,38248,36286,2359,38645,389
2022-01-10,Lake,033,64148,7843,7416,358,7774,117
2022-01-10,Lassen,035,31185,7378,7192,507,7699,55
2022-01-10,Los Angeles,037,10098052,2154502,1932475,94220,2026695,27546
2022-01-10,Madera,039,155013,27944,26501,3013,29514,328
2022-01-10,Marin,041,260295,26135,24023,1385,25408,251
2022-01-10,Mariposa,043,17540,1838,1684,70,1754,6
2022-01-10,Mendocino,045,87422,9863,9163,1026,10189,101
2022-01-10,Merced,047,269075,50095,47632,3275,50907,707
2022-01-10,Modoc,049,8938,632,622,214,836,6
2022-01-10,Mono,051,14174,2557,2415,79,2494,4
2022-01-10,Monterey,053,433212,59491,53485,5616,59101,645
2022-01-10,Napa,055,140530,19166,16775,462,17237,109
2022-01-10,Nevada,057,99092,12278,11300,568,11868,110
2022-01-10,Orange,059,3164182,448050,406170,31763,437933,5906
2022-01-10,Placer,061,380077,49474,45642,5289,50931,498
2022-01-10,Plumas,063,18699,2241,2086,98,2184,12
2022-01-10,Riverside,065,2383286,482139,445536,21997,467533,5546
2022-01-10,Sacramento,067,1510023,216613,198023,11897,209920,2474
2022-01-10,San Benito,069,59416,10062,9467,289,9756,83
2022-01-10,San Bernardino,071,2135413,477779,437207,18190,455397,6184
2022-01-10,San Diego,073,3302833,576960,530506,36881,567387,4500
2022-01-10,San Francisco,075,870044,92609,82209,5264,87473,690
2022-01-10,San Joaquin,077,732212,128902,119587,7148,126735,1927
2022-01-10,San Luis Obispo,079,281455,39507,36618,2225,38843,371
2022-01-10,San Mateo,081,765935,89348,75210,3324,78534,582
2022-01-10,Santa Barbara,083,443738,63706,58957,2564,61521,578
2022-01-10,Santa Clara,085,1922200,224767,203540,6056,209596,1971
2022-01-10,Santa Cruz,087,273765,30264,26906,1492,28398,232
2022-01-10,Shasta,089,179085,24944,23983,4211,28194,446
2022-01-10,Sierra,091,2930,242,223,28,251,0
2022-01-10,Siskiyou,093,43540,3730,3592,1668,5260,62
2022-01-10,Solano,095,438530,60531,55663,3054,58717,385
2022-01-10,Sonoma,097,501317,59988,54478,1423,55901,412
2022-01-10,Stanislaus,099,539301,94312,89997,11362,101359,1372
2022-01-10,Sutter,101,95872,16551,15823,681,16504,196
2022-01-10,Tehama,103,63373,9767,9360,1825,11185,140
2022-01-10,Trinity,105,12862,968,849,234,1083,19
2022-01-10,Tulare,107,460477,80355,75498,19111,94609,1186
2022-01-10,Tuolumne,109,53932,9314,8685,181,8866,91
2022-01-10,Ventura,111,848112,140063,126240,7610,133850,1217
2022-01-10,Yolo,113,214977,28218,26065,1929,27994,270
2022-01-10,Yuba,115,75493,12406,11776,569,12345,101
2022-01-09,Alameda,001,1643700,179379,162701,6831,169532,1561
2022-01-09,Alpine,003,1148,115,116,0,116,0
2022-01-09,Amador,005,37829,6485,6215,124,6339,71
2022-01-09,Butte,007,227075,25679,24018,4780,28798,347
2022-01-09,Calaveras,009,45235,5332,4976,97,5073,93
2022-01-09,Colusa,011,21464,2811,2750,799,3549,21
2022-01-09,Contra Costa,013,1133247,140685,128050,5924,133974,1077
2022-01-09,Del Norte,015,27424,4078,3950,77,4027,43
2022-01-09,El Dorado,017,186661,21034,19430,2208,21638,172
2022-01-09,Fresno,019,978130,168279,159989,15519,175508,2405
2022-01-09,Glenn,021,27897,3930,3797,1196,4993,39
2022-01-09,Humboldt,023,135768,12638,11582,1230,12812,121
2022-01-09,Imperial,025,180216,42623,40608,5957,46565,811
2022-01-09,Inyo,027,18085,3332,3149,76,3225,49
2022-01-09,Kern,029,883053,152728,144819,31047,175866,1927
2022-01-09,Kings,031,150075,37571,36041,2322,38363,389
2022-01-09,Lake,033,64148,7732,7393,314,7707,117
2022-01-09,Lassen,035,31185,7314,7172,478,7650,55
2022-01-09,Los Angeles,037,10098052,2106474,1887830,91154,1978984,27532
2022-01-09,Madera,039,155013,27564,26325,2916,29241,328
2022-01-09,Marin,041,260295,25686,23708,1295,25003,251
2022-01-09,Mariposa,043,17540,1788,1660,69,1729,6
2022-01-09,Mendocino,045,87422,9656,9097,914,10011,101
2022-01-09,Merced,047,269075,49215,47294,3000,50294,706
2022-01-09,Modoc,049,8938,630,619,214,833,6
2022-01-09,Mono,051,14174,2522,2390,72,2462,4
2022-01-09,Monterey,053,433212,58430,53251,5348,58599,645
2022-01-09,Napa,055,140530,18671,16614,446,17060,109
2022-01-09,Nevada,057,99092,12025,11152,507,11659,110
2022-01-09,Orange,059,3164182,438055,400563,30811,431374,5905
2022-01-09,Placer,061,380077,48479,45081,5139,50220,498
2022-01-09,Plumas,063,18699,2202,2081,78,2159,12
2022-01-09,Riverside,065,2383286,473154,440413,21456,461869,5546
2022-01-09,Sacramento,067,1510023,211820,195444,10781,206225,2475
2022-01-09,San Benito,069,59416,9876,9363,261,9624,83
2022-01-09,San Bernardino,071,2135413,469274,430257,17370,447627,6180
2022-01-09,San Diego,073,3302833,563843,478206,35026,513232,4500
2022-01-09,San Francisco,075,870044,90741,80463,5019,85482,690
2022-01-09,San Joaquin,077,732212,125824,118422,6980,125402,1927
2022-01-09,San Luis Obispo,079,281455,38702,36291,2119,38410,371
2022-01-09,San Mateo,081,765935,86837,73867,2998,76865,582
2022-01-09,Santa Barbara,083,443738,62021,58280,2302,60582,578
2022-01-09,Santa Clara,085,1922200,218718,199889,5521,205410,1976
2022-01-09,Santa Cruz,087,273765,29514,26513,1460,27973,232
2022-01-09,Shasta,089,179085,24704,23926,4124,28050,446
2022-01-09,Sierra,091,2930,239,223,26,249,0
2022-01-09,Siskiyou,093,43540,3701,3580,1609,5189,62
2022-01-09,Solano,095,438530,59376,54985,2773,57758,384
2022-01-09,Sonoma,097,501317,58313,53543,1386,54929,412
2022-01-09,Stanislaus,099,539301,92942,89248,11066,100314,1372
2022-01-09,Sutter,101,95872,16263,15695,601,16296,196
2022-01-09,Tehama,103,63373,9650,9306,1774,11080,140
2022-01-09,Trinity,105,12862,964,848,232,1080,19
2022-01-09,Tulare,107,460477,78946,75085,18738,93823,1186
2022-01-09,Tuolumne,109,53932,9156,8595,162,8757,91
2022-01-09,Ventura,111,848112,137012,124269,7367,131636,1217
2022-01-09,Yolo,113,214977,27610,25632,1884,27516,270
2022-01-09,Yuba,115,75493,12208,11666,538,12204,101
2022-01-08,Alameda,001,1643700,177472,148560,6690,155250,1558
2022-01-08,Alpine,003,1148,115,114,0,114,0
2022-01-08,Amador,005,37829,6454,6091,119,6210,71
2022-01-08,Butte,007,227075,25487,23429,4739,28168,347
2022-01-08,Calaveras,009,45235,5286,4823,93,4916,93
2022-01-08,Colusa,011,21464,2803,2713,796,3509,21
2022-01-08,Contra Costa,013,1133247,139125,119907,5841,125748,1077
2022-01-08,Del Norte,015,27424,4061,3902,77,3979,43
2022-01-08,El Dorado,017,186661,20852,18599,2174,20773,172
2022-01-08,Fresno,019,978130,167391,155394,15380,170774,2393
2022-01-08,Glenn,021,27897,3922,3732,1191,4923,39
2022-01-08,Humboldt,023,135768,12514,11149,1204,12353,121
2022-01-08,Imperial,025,180216,42435,39429,5815,45244,800
2022-01-08,Inyo,027,18085,3318,3020,73,3093,49
2022-01-08,Kern,029,883053,151591,140410,30617,171027,1921
2022-01-08,Kings,031,150075,37330,35275,2305,37580,390
2022-01-08,Lake,033,64148,7692,7209,306,7515,117
2022-01-08,Lassen,035,31185,7284,7127,462,7589,55
2022-01-08,Los Angeles,037,10098052,2088079,1765787,89425,1855212,27476
2022-01-08,Madera,039,155013,27397,25767,2878,28645,328
2022-01-08,Marin,041,260295,25401,22377,1284,23661,251
2022-01-08,Mariposa,043,17540,1778,1588,69,1657,6
2022-01-08,Mendocino,045,87422,9582,8792,912,9704,101
2022-01-08,Merced,047,269075,49037,46094,2976,49070,703
2022-01-08,Modoc,049,8938,630,610,214,824,6
2022-01-08,Mono,051,14174,2511,2240,67,2307,4
2022-01-08,Monterey,053,433212,58044,51721,5255,56976,644
2022-01-08,Napa,055,140530,18517,15819,420,16239,109
2022-01-08,Nevada,057,99092,11940,10765,494,11259,110
2022-01-08,Orange,059,3164182,434265,375124,29963,405087,5903
2022-01-08,Placer,061,380077,48036,43172,5097,48269,495
2022-01-08,Plumas,063,18699,2192,2053,73,2126,12
2022-01-08,Riverside,065,2383286,469635,422591,21188,443779,5535
2022-01-08,Sacramento,067,1510023,210382,185118,10623,195741,2470
2022-01-08,San Benito,069,59416,9715,9016,258,9274,83
2022-01-08,San Bernardino,071,2135413,465790,411724,16969,428693,6122
2022-01-08,San Diego,073,3302833,558942,472273,34483,506756,4495
2022-01-08,San Francisco,075,870044,89546,73660,4740,78400,690
2022-01-08,San Joaquin,077,732212,124856,112514,6881,119395,1916
2022-01-08,San Luis Obispo,079,281455,38499,34489,2076,36565,369
2022-01-08,San Mateo,081,765935,85453,67918,2911,70829,582
2022-01-08,Santa Barbara,083,443738,61326,54617,2268,56885,575
2022-01-08,Santa Clara,085,1922200,215679,183842,5313,189155,1966
2022-01-08,Santa Cruz,087,273765,29087,24678,1440,26118,230
2022-01-08,Shasta,089,179085,24613,23585,4093,27678,445
2022-01-08,Sierra,091,2930,235,215,25,240,0
2022-01-08,Siskiyou,093,43540,3689,3545,1595,5140,62
2022-01-08,Solano,095,438530,58968,52452,2701,55153,383
2022-01-08,Sonoma,097,501317,57790,50130,1352,51482,411
2022-01-08,Stanislaus,099,539301,92302,87049,10943,97992,1372
2022-01-08,Sutter,101,95872,16144,15261,588,15849,195
2022-01-08,Tehama,103,63373,9619,9109,1766,10875,140
2022-01-08,Trinity,105,12862,958,836,232,1068,19
2022-01-08,Tulare,107,460477,78550,73600,18604,92204,1185
2022-01-08,Tuolumne,109,53932,9050,8360,159,8519,91
2022-01-08,Ventura,111,848112,135844,117229,7233,124462,1216
2022-01-08,Yolo,113,214977,27316,24006,1856,25862,270
2022-01-08,Yuba,115,75493,12121,11277,535,11812,101
2022-01-07,Alameda,001,1643700,174779,148560,6575,155135,1558
2022-01-07,Alpine,003,1148,115,114,0,114,0
2022-01-07,Amador,005,37829,6405,6091,116,6207,71
2022-01-07,Butte,007,227075,25281,23429,4705,28134,347
2022-01-07,Calaveras,009,45235,5247,4823,93,4916,93
2022-01-07,Colusa,011,21464,2794,2713,785,3498,21
2022-01-07,Contra Costa,013,1133247,137185,119907,5717,125624,1077
2022-01-07,Del Norte,015,27424,4045,3902,76,3978,43
2022-01-07,El Dorado,017,186661,20678,18599,2161,20760,172
2022-01-07,Fresno,019,978130,166029,155394,15276,170670,2393
2022-01-07,Glenn,021,27897,3902,3732,1188,4920,39
2022-01-07,Humboldt,023,135768,12370,11149,1177,12326,121
2022-01-07,Imperial,025,180216,42277,39429,5731,45160,800
2022-01-07,Inyo,027,18085,3299,3020,71,3091,49
2022-01-07,Kern,029,883053,150620,140410,30174,170584,1921
2022-01-07,Kings,031,150075,37149,35275,2291,37566,390
2022-01-07,Lake,033,64148,7644,7209,281,7490,117
2022-01-07,Lassen,035,31185,7268,7127,459,7586,55
2022-01-07,Los Angeles,037,10098052,2056901,1765787,87964,1853751,27476
2022-01-07,Madera,039,155013,27215,25767,2841,28608,328
2022-01-07,Marin,041,260295,25020,22377,1266,23643,251
2022-01-07,Mariposa,043,17540,1762,1588,69,1657,6
2022-01-07,Mendocino,045,87422,9489,8792,911,9703,101
2022-01-07,Merced,047,269075,48864,46094,2952,49046,703
2022-01-07,Modoc,049,8938,629,610,214,824,6
2022-01-07,Mono,051,14174,2473,2240,61,2301,4
2022-01-07,Monterey,053,433212,57624,51721,5160,56881,644
2022-01-07,Napa,055,140530,18290,15819,399,16218,109
2022-01-07,Nevada,057,99092,11810,10765,473,11238,110
2022-01-07,Orange,059,3164182,429455,375124,29344,404468,5903
2022-01-07,Placer,061,380077,47531,43172,5047,48219,495
2022-01-07,Plumas,063,18699,2183,2053,72,2125,12
2022-01-07,Riverside,065,2383286,465807,422591,20959,443550,5535
2022-01-07,Sacramento,067,1510023,208117,185118,10470,195588,2470
2022-01-07,San Benito,069,59416,9670,9016,257,9273,83
2022-01-07,San Bernardino,071,2135413,461674,411724,16740,428464,6122
2022-01-07,San Diego,073,3302833,551831,472273,33935,506208,4495
2022-01-07,San Francisco,075,870044,88103,73660,4483,78143,690
2022-01-07,San Joaquin,077,732212,123901,112514,6820,119334,1916
2022-01-07,San Luis Obispo,079,281455,38284,34489,2021,36510,369
2022-01-07,San Mateo,081,765935,83987,67918,2852,70770,582
2022-01-07,Santa Barbara,083,443738,60631,54617,2247,56864,575
2022-01-07,Santa Clara,085,1922200,212434,183842,5204,189046,1966
2022-01-07,Santa Cruz,087,273765,28607,24678,1424,26102,230
2022-01-07,Shasta,089,179085,24514,23585,4059,27644,445
2022-01-07,Sierra,091,2930,232,215,25,240,0
2022-01-07,Siskiyou,093,43540,3678,3545,1583,5128,62
2022-01-07,Solano,095,438530,58285,52452,2655,55107,383
2022-01-07,Sonoma,097,501317,57188,50130,1267,51397,411
2022-01-07,Stanislaus,099,539301,91774,87049,10842,97891,1372
2022-01-07,Sutter,101,95872,15994,15261,575,15836,195
2022-01-07,Tehama,103,63373,9583,9109,1753,10862,140
2022-01-07,Trinity,105,12862,951,836,231,1067,19
2022-01-07,Tulare,107,460477,78121,73600,18464,92064,1185
2022-01-07,Tuolumne,109,53932,8962,8360,155,8515,91
2022-01-07,Ventura,111,848112,134218,117229,7098,124327,1216
2022-01-07,Yolo,113,214977,26942,24006,1837,25843,270
2022-01-07,Yuba,115,75493,12015,11277,530,11807,101
2022-01-06,Alameda,001,1643700,169510,148560,6166,154726,1558
2022-01-06,Alpine,003,1148,114,114,0,114,0
2022-01-06,Amador,005,37829,6354,6091,111,6202,71
2022-01-06,Butte,007,227075,24987,23429,4621,28050,347
2022-01-06,Calaveras,009,45235,5130,4823,91,4914,93
2022-01-06,Colusa,011,21464,2775,2713,777,3490,21
2022-01-06,Contra Costa,013,1133247,134102,119907,5295,125202,1077
2022-01-06,Del Norte,015,27424,4011,3902,74,3976,43
2022-01-06,El Dorado,017,186661,20340,18599,2124,20723,172
2022-01-06,Fresno,019,978130,163896,155394,15012,170406,2393
2022-01-06,Glenn,021,27897,3875,3732,1162,4894,39
2022-01-06,Humboldt,023,135768,12143,11149,1136,12285,121
2022-01-06,Imperial,025,180216,41693,39429,5530,44959,800
2022-01-06,Inyo,027,18085,3261,3020,71,3091,49
2022-01-06,Kern,029,883053,148952,140410,29508,169918,1921
2022-01-06,Kings,031,150075,36824,35275,2266,37541,390
2022-01-06,Lake,033,64148,7570,7209,270,7479,117
2022-01-06,Lassen,035,31185,7245,7127,453,7580,55
2022-01-06,Los Angeles,037,10098052,2002742,1765787,85618,1851405,27476
2022-01-06,Madera,039,155013,26910,25767,2783,28550,328
2022-01-06,Marin,041,260295,24617,22377,1233,23610,251
2022-01-06,Mariposa,043,17540,1743,1588,69,1657,6
2022-01-06,Mendocino,045,87422,9392,8792,872,9664,101
2022-01-06,Merced,047,269075,48304,46094,2806,48900,703
2022-01-06,Modoc,049,8938,628,610,214,824,6
2022-01-06,Mono,051,14174,2450,2240,58,2298,4
2022-01-06,Monterey,053,433212,56901,51721,4909,56630,644
2022-01-06,Napa,055,140530,17893,15819,390,16209,109
2022-01-06,Nevada,057,99092,11612,10765,461,11226,110
2022-01-06,Orange,059,3164182,420005,375124,28600,403724,5903
2022-01-06,Placer,061,380077,46792,43172,4959,48131,495
2022-01-06,Plumas,063,18699,2165,2053,64,2117,12
2022-01-06,Riverside,065,2383286,458337,422591,20671,443262,5535
2022-01-06,Sacramento,067,1510023,204067,185118,9734,194852,2470
2022-01-06,San Benito,069,59416,9569,9016,250,9266,83
2022-01-06,San Bernardino,071,2135413,454001,411724,16250,427974,6122
2022-01-06,San Diego,073,3302833,540195,472273,32933,505206,4495
2022-01-06,San Francisco,075,870044,85774,73660,4229,77889,690
2022-01-06,San Joaquin,077,732212,121729,112514,6734,119248,1916
2022-01-06,San Luis Obispo,079,281455,37585,34489,1951,36440,369
2022-01-06,San Mateo,081,765935,81565,67918,2672,70590,582
2022-01-06,Santa Barbara,083,443738,59463,54617,2188,56805,575
2022-01-06,Santa Clara,085,1922200,207532,183842,4818,188660,1966
2022-01-06,Santa Cruz,087,273765,28047,24678,1400,26078,230
2022-01-06,Shasta,089,179085,24367,23585,4009,27594,445
2022-01-06,Sierra,091,2930,229,215,25,240,0
2022-01-06,Siskiyou,093,43540,3662,3545,1537,5082,62
2022-01-06,Solano,095,438530,57273,52452,2470,54922,383
2022-01-06,Sonoma,097,501317,55796,50130,1234,51364,411
2022-01-06,Stanislaus,099,539301,90623,87049,10672,97721,1372
2022-01-06,Sutter,101,95872,15817,15261,547,15808,195
2022-01-06,Tehama,103,63373,9505,9109,1726,10835,140
2022-01-06,Trinity,105,12862,944,836,230,1066,19
2022-01-06,Tulare,107,460477,77414,73600,18296,91896,1185
2022-01-06,Tuolumne,109,53932,8850,8360,149,8509,91
2022-01-06,Ventura,111,848112,131533,117229,6938,124167,1216
2022-01-06,Yolo,113,214977,26382,24006,1793,25799,270
2022-01-06,Yuba,115,75493,11880,11277,513,11790,101
2022-01-05,Alameda,001,1643700,164445,144824,5748,150572,1548
2022-01-05,Alpine,003,1148,114,112,0,112,0
2022-01-05,Amador,005,37829,6311,6012,108,6120,70
2022-01-05,Butte,007,227075,24673,23134,4560,27694,343
2022-01-05,Calaveras,009,45235,5075,4758,89,4847,90
2022-01-05,Colusa,011,21464,2762,2704,766,3470,21
2022-01-05,Contra Costa,013,1133247,130881,117188,4842,122030,1071
2022-01-05,Del Norte,015,27424,3991,3862,72,3934,43
2022-01-05,El Dorado,017,186661,19944,18367,2095,20462,171
2022-01-05,Fresno,019,978130,161876,153033,14731,167764,2377
2022-01-05,Glenn,021,27897,3826,3700,1152,4852,39
2022-01-05,Humboldt,023,135768,11939,10938,1088,12026,120
2022-01-05,Imperial,025,180216,41066,38789,5377,44166,800
2022-01-05,Inyo,027,18085,3179,2939,67,3006,49
2022-01-05,Kern,029,883053,147168,138186,28938,167124,1913
2022-01-05,Kings,031,150075,36480,34893,2247,37140,387
2022-01-05,Lake,033,64148,7487,7129,254,7383,117
2022-01-05,Lassen,035,31185,7225,7077,445,7522,55
2022-01-05,Los Angeles,037,10098052,1946445,1729640,83239,1812879,27443
2022-01-05,Madera,039,155013,26670,25392,2690,28082,327
2022-01-05,Marin,041,260295,24271,21829,1184,23013,251
2022-01-05,Mariposa,043,17540,1717,1564,68,1632,6
2022-01-05,Mendocino,045,87422,9261,8625,837,9462,101
2022-01-05,Merced,047,269075,47636,45721,2671,48392,700
2022-01-05,Modoc,049,8938,625,603,214,817,6
2022-01-05,Mono,051,14174,2431,2201,54,2255,4
2022-01-05,Monterey,053,433212,56077,51241,4711,55952,639
2022-01-05,Napa,055,140530,17530,15494,360,15854,108
2022-01-05,Nevada,057,99092,11416,10624,444,11068,110
2022-01-05,Orange,059,3164182,409961,366139,27546,393685,5869
2022-01-05,Placer,061,380077,45908,42456,4866,47322,492
2022-01-05,Plumas,063,18699,2145,2020,62,2082,12
2022-01-05,Riverside,065,2383286,450888,415253,20320,435573,5502
2022-01-05,Sacramento,067,1510023,199293,181488,8786,190274,2455
2022-01-05,San Benito,069,59416,9375,8829,238,9067,83
2022-01-05,San Bernardino,071,2135413,445251,405323,15691,421014,6085
2022-01-05,San Diego,073,3302833,526610,466602,31952,498554,4495
2022-01-05,San Francisco,075,870044,83199,71405,4091,75496,686
2022-01-05,San Joaquin,077,732212,119196,110497,6654,117151,1903
2022-01-05,San Luis Obispo,079,281455,36789,34066,1874,35940,369
2022-01-05,San Mateo,081,765935,79391,66018,2474,68492,578
2022-01-05,Santa Barbara,083,443738,58158,53082,2109,55191,570
2022-01-05,Santa Clara,085,1922200,201766,178629,4401,183030,1961
2022-01-05,Santa Cruz,087,273765,27292,24394,1379,25773,229
2022-01-05,Shasta,089,179085,24211,23361,3980,27341,441
2022-01-05,Sierra,091,2930,226,210,23,233,0
2022-01-05,Siskiyou,093,43540,3652,3513,1508,5021,60
2022-01-05,Solano,095,438530,56228,51505,2335,53840,380
2022-01-05,Sonoma,097,501317,54532,49120,1077,50197,412
2022-01-05,Stanislaus,099,539301,89632,86248,10499,96747,1360
2022-01-05,Sutter,101,95872,15615,15117,508,15625,193
2022-01-05,Tehama,103,63373,9408,9011,1695,10706,140
2022-01-05,Trinity,105,12862,940,822,228,1050,19
2022-01-05,Tulare,107,460477,76633,72718,18123,90841,1173
2022-01-05,Tuolumne,109,53932,8758,8223,142,8365,90
2022-01-05,Ventura,111,848112,128785,114752,6730,121482,1211
2022-01-05,Yolo,113,214977,25770,23401,1754,25155,269
2022-01-05,Yuba,115,75493,11697,11138,487,11625,100
2022-01-04,Alameda,001,1643700,158897,143360,5340,148700,1532
2022-01-04,Alpine,003,1148,114,113,0,113,0
2022-01-04,Amador,005,37829,6244,6025,102,6127,71
2022-01-04,Butte,007,227075,24372,23094,4489,27583,346
2022-01-04,Calaveras,009,45235,5001,4767,86,4853,93
2022-01-04,Colusa,011,21464,2745,2689,760,3449,21
2022-01-04,Contra Costa,013,1133247,127579,116005,4472,120477,1075
2022-01-04,Del Norte,015,27424,3959,3882,69,3951,43
2022-01-04,El Dorado,017,186661,19587,18339,2074,20413,172
2022-01-04,Fresno,019,978130,159725,153244,14477,167721,2380
2022-01-04,Glenn,021,27897,3797,3705,1137,4842,39
2022-01-04,Humboldt,023,135768,11692,10865,1038,11903,120
2022-01-04,Imperial,025,180216,40465,38596,5116,43712,800
2022-01-04,Inyo,027,18085,3096,2870,66,2936,49
2022-01-04,Kern,029,883053,145239,138245,28358,166603,1916
2022-01-04,Kings,031,150075,36156,34931,2230,37161,388
2022-01-04,Lake,033,64148,7446,7152,245,7397,117
2022-01-04,Lassen,035,31185,7202,7111,441,7552,55
2022-01-04,Los Angeles,037,10098052,1886494,1705253,80905,1786158,27419
2022-01-04,Madera,039,155013,26327,25425,2619,28044,328
2022-01-04,Marin,041,260295,23790,21675,1125,22800,251
2022-01-04,Mariposa,043,17540,1681,1564,67,1631,6
2022-01-04,Mendocino,045,87422,9138,8636,813,9449,101
2022-01-04,Merced,047,269075,47016,45583,2542,48125,700
2022-01-04,Modoc,049,8938,622,611,214,825,6
2022-01-04,Mono,051,14174,2382,2190,44,2234,4
2022-01-04,Monterey,053,433212,55346,51176,4487,55663,643
2022-01-04,Napa,055,140530,17026,15370,330,15700,107
2022-01-04,Nevada,057,99092,11258,10608,431,11039,110
2022-01-04,Orange,059,3164182,399208,362051,26399,388450,5897
2022-01-04,Placer,061,380077,45071,42285,4750,47035,494
2022-01-04,Plumas,063,18699,2119,2014,60,2074,12
2022-01-04,Riverside,065,2383286,442363,413366,19970,433336,5504
2022-01-04,Sacramento,067,1510023,194313,181271,8066,189337,2453
2022-01-04,San Benito,069,59416,9187,8763,230,8993,79
2022-01-04,San Bernardino,071,2135413,436057,404409,15152,419561,6060
2022-01-04,San Diego,073,3302833,510274,458499,30986,489485,4487
2022-01-04,San Francisco,075,870044,80351,70666,3950,74616,688
2022-01-04,San Joaquin,077,732212,116780,110374,6500,116874,1911
2022-01-04,San Luis Obispo,079,281455,35983,33788,1787,35575,371
2022-01-04,San Mateo,081,765935,77083,65157,2286,67443,582
2022-01-04,Santa Barbara,083,443738,56634,52449,2032,54481,574
2022-01-04,Santa Clara,085,1922200,195798,176854,3934,180788,1964
2022-01-04,Santa Cruz,087,273765,26531,23904,1344,25248,228
2022-01-04,Shasta,089,179085,24066,23366,3926,27292,442
2022-01-04,Sierra,091,2930,225,214,22,236,0
2022-01-04,Siskiyou,093,43540,3637,3509,1489,4998,61
2022-01-04,Solano,095,438530,54920,51300,2138,53438,383
2022-01-04,Sonoma,097,501317,52825,48653,957,49610,410
2022-01-04,Stanislaus,099,539301,88572,86107,10329,96436,1361
2022-01-04,Sutter,101,95872,15462,15032,484,15516,193
2022-01-04,Tehama,103,63373,9330,9020,1673,10693,140
2022-01-04,Trinity,105,12862,935,833,224,1057,18
2022-01-04,Tulare,107,460477,75846,72893,17925,90818,1172
2022-01-04,Tuolumne,109,53932,8646,8235,137,8372,91
2022-01-04,Ventura,111,848112,125728,114079,6500,120579,1213
2022-01-04,Yolo,113,214977,25118,22938,1710,24648,270
2022-01-04,Yuba,115,75493,11517,11104,471,11575,101
2022-01-03,Alameda,001,1643700,152868,142090,4900,146990,1529
2022-01-03,Alpine,003,1148,113,113,0,113,0
2022-01-03,Amador,005,37829,6182,6004,97,6101,71
2022-01-03,Butte,007,227075,24073,22924,4432,27356,345
2022-01-03,Calaveras,009,45235,4940,4742,80,4822,93
2022-01-03,Colusa,011,21464,2735,2683,753,3436,21
2022-01-03,Contra Costa,013,1133247,124166,114966,3888,118854,1073
2022-01-03,Del Norte,015,27424,3939,3873,65,3938,43
2022-01-03,El Dorado,017,186661,19190,18183,2045,20228,172
2022-01-03,Fresno,019,978130,157740,152674,14271,166945,2379
2022-01-03,Glenn,021,27897,3768,3703,1102,4805,39
2022-01-03,Humboldt,023,135768,11482,10784,990,11774,119
2022-01-03,Imperial,025,180216,39834,38411,4940,43351,800
2022-01-03,Inyo,027,18085,3027,2845,62,2907,49
2022-01-03,Kern,029,883053,143245,137773,27763,165536,1916
2022-01-03,Kings,031,150075,35833,34817,2201,37018,387
2022-01-03,Lake,033,64148,7344,7134,227,7361,117
2022-01-03,Lassen,035,31185,7184,7103,438,7541,55
2022-01-03,Los Angeles,037,10098052,1825688,1686203,78164,1764367,27394
2022-01-03,Madera,039,155013,26034,25323,2575,27898,320
2022-01-03,Marin,041,260295,23197,21532,1086,22618,251
2022-01-03,Mariposa,043,17540,1639,1559,67,1626,6
2022-01-03,Mendocino,045,87422,8990,8573,763,9336,101
2022-01-03,Merced,047,269075,46413,45459,2430,47889,696
2022-01-03,Modoc,049,8938,619,602,214,816,6
2022-01-03,Mono,051,14174,2304,2172,39,2211,4
2022-01-03,Monterey,053,433212,54518,51047,4281,55328,644
2022-01-03,Napa,055,140530,16517,15260,298,15558,107
2022-01-03,Nevada,057,99092,11094,10572,422,10994,110
2022-01-03,Orange,059,3164182,388037,358052,25188,383240,5894
2022-01-03,Placer,061,380077,44248,42054,4689,46743,489
2022-01-03,Plumas,063,18699,2099,2005,60,2065,12
2022-01-03,Riverside,065,2383286,433891,410155,19475,429630,5504
2022-01-03,Sacramento,067,1510023,189152,179992,7514,187506,2452
2022-01-03,San Benito,069,59416,9025,8688,223,8911,79
2022-01-03,San Bernardino,071,2135413,427125,401938,14684,416622,6056
2022-01-03,San Diego,073,3302833,494183,451154,30025,481179,4476
2022-01-03,San Francisco,075,870044,77538,69315,3698,73013,686
2022-01-03,San Joaquin,077,732212,114463,109757,6374,116131,1903
2022-01-03,San Luis Obispo,079,281455,35173,33667,1694,35361,367
2022-01-03,San Mateo,081,765935,74367,64470,2129,66599,582
2022-01-03,Santa Barbara,083,443738,55173,51912,1939,53851,571
2022-01-03,Santa Clara,085,1922200,189861,174215,3461,177676,1963
2022-01-03,Santa Cruz,087,273765,25723,23765,1313,25078,228
2022-01-03,Shasta,089,179085,23889,23301,3899,27200,440
2022-01-03,Sierra,091,2930,218,213,21,234,0
2022-01-03,Siskiyou,093,43540,3610,3500,1467,4967,61
2022-01-03,Solano,095,438530,53621,51030,1952,52982,380
2022-01-03,Sonoma,097,501317,51127,48391,861,49252,410
2022-01-03,Stanislaus,099,539301,87580,85793,10139,95932,1332
2022-01-03,Sutter,101,95872,15304,14973,464,15437,193
2022-01-03,Tehama,103,63373,9255,9005,1647,10652,140
2022-01-03,Trinity,105,12862,930,833,223,1056,18
2022-01-03,Tulare,107,460477,75148,72664,17722,90386,1167
2022-01-03,Tuolumne,109,53932,8510,8179,133,8312,91
2022-01-03,Ventura,111,848112,122559,112762,6261,119023,1211
2022-01-03,Yolo,113,214977,24435,22563,1646,24209,270
2022-01-03,Yuba,115,75493,11384,11037,452,11489,99
2022-01-02,Alameda,001,1643700,148366,133486,4417,137903,1528
2022-01-02,Alpine,003,1148,111,113,0,113,0
2022-01-02,Amador,005,37829,6114,5913,92,6005,70
2022-01-02,Butte,007,227075,23731,22469,4370,26839,341
2022-01-02,Calaveras,009,45235,4869,4668,72,4740,93
2022-01-02,Colusa,011,21464,2728,2659,742,3401,21
2022-01-02,Contra Costa,013,1133247,120592,109593,3452,113045,1073
2022-01-02,Del Norte,015,27424,3907,3841,63,3904,43
2022-01-02,El Dorado,017,186661,18853,17621,1994,19615,172
2022-01-02,Fresno,019,978130,156011,149927,14043,163970,2379
2022-01-02,Glenn,021,27897,3749,3663,1093,4756,39
2022-01-02,Humboldt,023,135768,11240,10381,914,11295,119
2022-01-02,Imperial,025,180216,39179,37672,4731,42403,800
2022-01-02,Inyo,027,18085,2957,2726,51,2777,49
2022-01-02,Kern,029,883053,141328,136123,27171,163294,1917
2022-01-02,Kings,031,150075,35510,34318,2166,36484,386
2022-01-02,Lake,033,64148,7273,7060,213,7273,117
2022-01-02,Lassen,035,31185,7168,7089,436,7525,55
2022-01-02,Los Angeles,037,10098052,1774510,1596123,75291,1671414,27371
2022-01-02,Madera,039,155013,25782,25002,2522,27524,320
2022-01-02,Marin,041,260295,22633,20475,1015,21490,249
2022-01-02,Mariposa,043,17540,1608,1509,65,1574,6
2022-01-02,Mendocino,045,87422,8866,8422,745,9167,101
2022-01-02,Merced,047,269075,45872,44769,2330,47099,694
2022-01-02,Modoc,049,8938,617,601,213,814,6
2022-01-02,Mono,051,14174,2275,2101,34,2135,4
2022-01-02,Monterey,053,433212,53892,50251,4071,54322,643
2022-01-02,Napa,055,140530,15977,14439,287,14726,107
2022-01-02,Nevada,057,99092,10906,10299,407,10706,110
2022-01-02,Orange,059,3164182,377016,339526,24035,363561,5890
2022-01-02,Placer,061,380077,43521,40857,4602,45459,489
2022-01-02,Plumas,063,18699,2083,1994,56,2050,12
2022-01-02,Riverside,065,2383286,425553,397124,18959,416083,5501
2022-01-02,Sacramento,067,1510023,185061,173562,6682,180244,2448
2022-01-02,San Benito,069,59416,8845,8320,208,8528,79
2022-01-02,San Bernardino,071,2135413,418982,386278,14127,400405,6051
2022-01-02,San Diego,073,3302833,479162,427087,28846,455933,4469
2022-01-02,San Francisco,075,870044,74597,64498,3458,67956,682
2022-01-02,San Joaquin,077,732212,112581,106640,6230,112870,1902
2022-01-02,San Luis Obispo,079,281455,34438,32342,1611,33953,365
2022-01-02,San Mateo,081,765935,71800,60504,1889,62393,581
2022-01-02,Santa Barbara,083,443738,53739,49555,1878,51433,568
2022-01-02,Santa Clara,085,1922200,183712,164547,3062,167609,1969
2022-01-02,Santa Cruz,087,273765,25056,22980,1280,24260,228
2022-01-02,Shasta,089,179085,23697,23161,3850,27011,435
2022-01-02,Sierra,091,2930,217,206,21,227,0
2022-01-02,Siskiyou,093,43540,3585,3474,1444,4918,61
2022-01-02,Solano,095,438530,52678,48957,1788,50745,379
2022-01-02,Sonoma,097,501317,49808,46040,824,46864,410
2022-01-02,Stanislaus,099,539301,86724,84367,10002,94369,1332
2022-01-02,Sutter,101,95872,15131,14741,445,15186,193
2022-01-02,Tehama,103,63373,9192,8944,1624,10568,139
2022-01-02,Trinity,105,12862,928,832,222,1054,17
2022-01-02,Tulare,107,460477,74487,71941,17528,89469,1160
2022-01-02,Tuolumne,109,53932,8403,8044,128,8172,91
2022-01-02,Ventura,111,848112,119636,107992,6041,114033,1211
2022-01-02,Yolo,113,214977,23757,21747,1580,23327,270
2022-01-02,Yuba,115,75493,11260,10844,436,11280,99
2022-01-01,Alameda,001,1643700,146518,133486,4161,137647,1528
2022-01-01,Alpine,003,1148,111,113,0,113,0
2022-01-01,Amador,005,37829,6078,5913,87,6000,70
2022-01-01,Butte,007,227075,23535,22469,4332,26801,341
2022-01-01,Calaveras,009,45235,4830,4668,70,4738,93
2022-01-01,Colusa,011,21464,2724,2659,732,3391,21
2022-01-01,Contra Costa,013,1133247,119226,109593,3327,112920,1073
2022-01-01,Del Norte,015,27424,3902,3841,63,3904,43
2022-01-01,El Dorado,017,186661,18704,17621,1979,19600,172
2022-01-01,Fresno,019,978130,155339,149927,13961,163888,2379
2022-01-01,Glenn,021,27897,3742,3663,1093,4756,39
2022-01-01,Humboldt,023,135768,11101,10381,893,11274,119
2022-01-01,Imperial,025,180216,39031,37672,4682,42354,800
2022-01-01,Inyo,027,18085,2928,2726,49,2775,49
2022-01-01,Kern,029,883053,140628,136123,26866,162989,1917
2022-01-01,Kings,031,150075,35368,34318,2139,36457,386
2022-01-01,Lake,033,64148,7235,7060,208,7268,117
2022-01-01,Lassen,035,31185,7162,7089,431,7520,55
2022-01-01,Los Angeles,037,10098052,1754387,1596123,73350,1669473,27371
2022-01-01,Madera,039,155013,25698,25002,2508,27510,320
2022-01-01,Marin,041,260295,22320,20475,974,21449,249
2022-01-01,Mariposa,043,17540,1597,1509,65,1574,6
2022-01-01,Mendocino,045,87422,8774,8422,739,9161,101
2022-01-01,Merced,047,269075,45739,44769,2316,47085,694
2022-01-01,Modoc,049,8938,614,601,213,814,6
2022-01-01,Mono,051,14174,2251,2101,29,2130,4
2022-01-01,Monterey,053,433212,53583,50251,3984,54235,643
2022-01-01,Napa,055,140530,15827,14439,272,14711,107
2022-01-01,Nevada,057,99092,10830,10299,400,10699,110
2022-01-01,Orange,059,3164182,372796,339526,23327,362853,5890
2022-01-01,Placer,061,380077,43218,40857,4536,45393,489
2022-01-01,Plumas,063,18699,2071,1994,56,2050,12
2022-01-01,Riverside,065,2383286,422061,397124,18757,415881,5501
2022-01-01,Sacramento,067,1510023,183788,173562,6426,179988,2448
2022-01-01,San Benito,069,59416,8755,8320,208,8528,79
2022-01-01,San Bernardino,071,2135413,415717,386278,13847,400125,6051
2022-01-01,San Diego,073,3302833,473210,427087,28326,455413,4469
2022-01-01,San Francisco,075,870044,73198,64498,3247,67745,682
2022-01-01,San Joaquin,077,732212,111875,106640,6157,112797,1902
2022-01-01,San Luis Obispo,079,281455,34235,32342,1602,33944,365
2022-01-01,San Mateo,081,765935,70331,60504,1740,62244,581
2022-01-01,Santa Barbara,083,443738,52999,49555,1843,51398,568
2022-01-01,Santa Clara,085,1922200,180675,164547,2866,167413,1969
2022-01-01,Santa Cruz,087,273765,24735,22980,1262,24242,228
2022-01-01,Shasta,089,179085,23613,23161,3832,26993,435
2022-01-01,Sierra,091,2930,216,206,21,227,0
2022-01-01,Siskiyou,093,43540,3582,3474,1434,4908,61
2022-01-01,Solano,095,438530,52411,48957,1729,50686,379
2022-01-01,Sonoma,097,501317,49414,46040,794,46834,410
2022-01-01,Stanislaus,099,539301,86317,84367,9915,94282,1332
2022-01-01,Sutter,101,95872,15054,14741,443,15184,193
2022-01-01,Tehama,103,63373,9160,8944,1612,10556,139
2022-01-01,Trinity,105,12862,925,832,222,1054,17
2022-01-01,Tulare,107,460477,74242,71941,17429,89370,1160
2022-01-01,Tuolumne,109,53932,8343,8044,125,8169,91
2022-01-01,Ventura,111,848112,118251,107992,5912,113904,1211
2022-01-01,Yolo,113,214977,23337,21747,1540,23287,270
2022-01-01,Yuba,115,75493,11194,10844,430,11274,99
2021-12-31,Alameda,001,1643700,145721,133486,4061,137547,1528
2021-12-31,Alpine,003,1148,111,113,0,113,0
2021-12-31,Amador,005,37829,6054,5913,86,5999,70
2021-12-31,Butte,007,227075,23428,22469,4297,26766,341
2021-12-31,Calaveras,009,45235,4797,4668,70,4738,93
2021-12-31,Colusa,011,21464,2715,2659,726,3385,21
2021-12-31,Contra Costa,013,1133247,118335,109593,3248,112841,1073
2021-12-31,Del Norte,015,27424,3893,3841,61,3902,43
2021-12-31,El Dorado,017,186661,18621,17621,1961,19582,172
2021-12-31,Fresno,019,978130,155030,149927,13939,163866,2379
2021-12-31,Glenn,021,27897,3741,3663,1091,4754,39
2021-12-31,Humboldt,023,135768,11014,10381,874,11255,119
2021-12-31,Imperial,025,180216,38899,37672,4666,42338,800
2021-12-31,Inyo,027,18085,2901,2726,48,2774,49
2021-12-31,Kern,029,883053,140120,136123,26729,162852,1917
2021-12-31,Kings,031,150075,35258,34318,2129,36447,386
2021-12-31,Lake,033,64148,7212,7060,203,7263,117
2021-12-31,Lassen,035,31185,7148,7089,431,7520,55
2021-12-31,Los Angeles,037,10098052,1743611,1596123,72603,1668726,27371
2021-12-31,Madera,039,155013,25629,25002,2491,27493,320
2021-12-31,Marin,041,260295,22164,20475,943,21418,249
2021-12-31,Mariposa,043,17540,1590,1509,64,1573,6
2021-12-31,Mendocino,045,87422,8741,8422,736,9158,101
2021-12-31,Merced,047,269075,45655,44769,2298,47067,694
2021-12-31,Modoc,049,8938,610,601,211,812,6
2021-12-31,Mono,051,14174,2239,2101,28,2129,4
2021-12-31,Monterey,053,433212,53456,50251,3918,54169,643
2021-12-31,Napa,055,140530,15715,14439,262,14701,107
2021-12-31,Nevada,057,99092,10763,10299,394,10693,110
2021-12-31,Orange,059,3164182,370282,339526,22904,362430,5890
2021-12-31,Placer,061,380077,42985,40857,4470,45327,489
2021-12-31,Plumas,063,18699,2066,1994,56,2050,12
2021-12-31,Riverside,065,2383286,420373,397124,18602,415726,5501
2021-12-31,Sacramento,067,1510023,182921,173562,6320,179882,2448
2021-12-31,San Benito,069,59416,8741,8320,207,8527,79
2021-12-31,San Bernardino,071,2135413,413405,386278,13656,399934,6051
2021-12-31,San Diego,073,3302833,469993,427087,28007,455094,4469
2021-12-31,San Francisco,075,870044,72271,64498,3189,67687,682
2021-12-31,San Joaquin,077,732212,111248,106640,6091,112731,1902
2021-12-31,San Luis Obispo,079,281455,34127,32342,1590,33932,365
2021-12-31,San Mateo,081,765935,69451,60504,1688,62192,581
2021-12-31,Santa Barbara,083,443738,52600,49555,1831,51386,568
2021-12-31,Santa Clara,085,1922200,178720,164547,2727,167274,1969
2021-12-31,Santa Cruz,087,273765,24498,22980,1241,24221,228
2021-12-31,Shasta,089,179085,23550,23161,3811,26972,435
2021-12-31,Sierra,091,2930,216,206,21,227,0
2021-12-31,Siskiyou,093,43540,3575,3474,1423,4897,61
2021-12-31,Solano,095,438530,52255,48957,1703,50660,379
2021-12-31,Sonoma,097,501317,49161,46040,781,46821,410
2021-12-31,Stanislaus,099,539301,85989,84367,9854,94221,1332
2021-12-31,Sutter,101,95872,14993,14741,437,15178,193
2021-12-31,Tehama,103,63373,9128,8944,1603,10547,139
2021-12-31,Trinity,105,12862,924,832,222,1054,17
2021-12-31,Tulare,107,460477,74039,71941,17345,89286,1160
2021-12-31,Tuolumne,109,53932,8298,8044,124,8168,91
2021-12-31,Ventura,111,848112,117277,107992,5830,113822,1211
2021-12-31,Yolo,113,214977,23116,21747,1518,23265,270
2021-12-31,Yuba,115,75493,11137,10844,424,11268,99
2021-12-30,Alameda,001,1643700,144421,133486,3925,137411,1528
2021-12-30,Alpine,003,1148,110,113,0,113,0
2021-12-30,Amador,005,37829,6035,5913,85,5998,70
2021-12-30,Butte,007,227075,23295,22469,4272,26741,341
2021-12-30,Calaveras,009,45235,4778,4668,70,4738,93
2021-12-30,Colusa,011,21464,2714,2659,724,3383,21
2021-12-30,Contra Costa,013,1133247,117240,109593,3138,112731,1073
2021-12-30,Del Norte,015,27424,3882,3841,60,3901,43
2021-12-30,El Dorado,017,186661,18515,17621,1940,19561,172
2021-12-30,Fresno,019,978130,154498,149927,13869,163796,2379
2021-12-30,Glenn,021,27897,3735,3663,1088,4751,39
2021-12-30,Humboldt,023,135768,10947,10381,862,11243,119
2021-12-30,Imperial,025,180216,38731,37672,4556,42228,800
2021-12-30,Inyo,027,18085,2882,2726,46,2772,49
2021-12-30,Kern,029,883053,139586,136123,26429,162552,1917
2021-12-30,Kings,031,150075,35140,34318,2114,36432,386
2021-12-30,Lake,033,64148,7197,7060,198,7258,117
2021-12-30,Lassen,035,31185,7142,7089,431,7520,55
2021-12-30,Los Angeles,037,10098052,1720294,1596123,71352,1667475,27371
2021-12-30,Madera,039,155013,25553,25002,2471,27473,320
2021-12-30,Marin,041,260295,21986,20475,918,21393,249
2021-12-30,Mariposa,043,17540,1584,1509,64,1573,6
2021-12-30,Mendocino,045,87422,8724,8422,725,9147,101
2021-12-30,Merced,047,269075,45553,44769,2283,47052,694
2021-12-30,Modoc,049,8938,609,601,211,812,6
2021-12-30,Mono,051,14174,2234,2101,27,2128,4
2021-12-30,Monterey,053,433212,53144,50251,3857,54108,643
2021-12-30,Napa,055,140530,15571,14439,253,14692,107
2021-12-30,Nevada,057,99092,10699,10299,385,10684,110
2021-12-30,Orange,059,3164182,365230,339526,22351,361877,5890
2021-12-30,Placer,061,380077,42709,40857,4423,45280,489
2021-12-30,Plumas,063,18699,2062,1994,55,2049,12
2021-12-30,Riverside,065,2383286,417105,397124,18450,415574,5501
2021-12-30,Sacramento,067,1510023,181665,173562,6174,179736,2448
2021-12-30,San Benito,069,59416,8695,8320,205,8525,79
2021-12-30,San Bernardino,071,2135413,410785,386278,13508,399786,6051
2021-12-30,San Diego,073,3302833,464849,427087,27495,454582,4469
2021-12-30,San Francisco,075,870044,71180,64498,3117,67615,682
2021-12-30,San Joaquin,077,732212,110652,106640,6047,112687,1902
2021-12-30,San Luis Obispo,079,281455,34008,32342,1577,33919,365
2021-12-30,San Mateo,081,765935,68407,60504,1559,62063,581
2021-12-30,Santa Barbara,083,443738,52122,49555,1812,51367,568
2021-12-30,Santa Clara,085,1922200,176443,164547,2603,167150,1969
2021-12-30,Santa Cruz,087,273765,24259,22980,1207,24187,228
2021-12-30,Shasta,089,179085,23497,23161,3805,26966,435
2021-12-30,Sierra,091,2930,216,206,21,227,0
2021-12-30,Siskiyou,093,43540,3566,3474,1421,4895,61
2021-12-30,Solano,095,438530,51906,48957,1656,50613,379
2021-12-30,Sonoma,097,501317,48825,46040,772,46812,410
2021-12-30,Stanislaus,099,539301,85672,84367,9794,94161,1332
2021-12-30,Sutter,101,95872,14931,14741,436,15177,193
2021-12-30,Tehama,103,63373,9101,8944,1597,10541,139
2021-12-30,Trinity,105,12862,921,832,222,1054,17
2021-12-30,Tulare,107,460477,73852,71941,17268,89209,1160
2021-12-30,Tuolumne,109,53932,8259,8044,124,8168,91
2021-12-30,Ventura,111,848112,116020,107992,5727,113719,1211
2021-12-30,Yolo,113,214977,22977,21747,1492,23239,270
2021-12-30,Yuba,115,75493,11090,10844,422,11266,99
2021-12-29,Alameda,001,1643700,141191,131586,3774,135360,1529
2021-12-29,Alpine,003,1148,110,113,0,113,0
2021-12-29,Amador,005,37829,6012,5905,82,5987,70
2021-12-29,Butte,007,227075,23153,22353,4233,26586,338
2021-12-29,Calaveras,009,45235,4751,4646,68,4714,93
2021-12-29,Colusa,011,21464,2704,2657,719,3376,21
2021-12-29,Contra Costa,013,1133247,115150,108165,3015,111180,1072
2021-12-29,Del Norte,015,27424,3868,3826,58,3884,43
2021-12-29,El Dorado,017,186661,18292,17489,1922,19411,172
2021-12-29,Fresno,019,978130,153369,149318,13757,163075,2364
2021-12-29,Glenn,021,27897,3725,3653,1085,4738,39
2021-12-29,Humboldt,023,135768,10837,10249,840,11089,119
2021-12-29,Imperial,025,180216,38495,37460,4488,41948,800
2021-12-29,Inyo,027,18085,2849,2703,46,2749,49
2021-12-29,Kern,029,883053,138783,135648,26043,161691,1913
2021-12-29,Kings,031,150075,35025,34216,2108,36324,386
2021-12-29,Lake,033,64148,7166,7048,196,7244,117
2021-12-29,Lassen,035,31185,7138,7085,430,7515,55
2021-12-29,Los Angeles,037,10098052,1690289,1576414,69643,1646057,27349
2021-12-29,Madera,039,155013,25449,24923,2460,27383,320
2021-12-29,Marin,041,260295,21630,20025,897,20922,249
2021-12-29,Mariposa,043,17540,1562,1507,64,1571,6
2021-12-29,Mendocino,045,87422,8665,8386,721,9107,99
2021-12-29,Merced,047,269075,45337,44548,2268,46816,693
2021-12-29,Modoc,049,8938,606,600,211,811,6
2021-12-29,Mono,051,14174,2210,2056,26,2082,4
2021-12-29,Monterey,053,433212,52735,50097,3751,53848,641
2021-12-29,Napa,055,140530,15247,14247,234,14481,107
2021-12-29,Nevada,057,99092,10608,10274,384,10658,110
2021-12-29,Orange,059,3164182,357734,334557,21675,356232,5887
2021-12-29,Placer,061,380077,42221,40545,4348,44893,489
2021-12-29,Plumas,063,18699,2050,1990,55,2045,12
2021-12-29,Riverside,065,2383286,411685,392989,18243,411232,5486
2021-12-29,Sacramento,067,1510023,179335,172145,6016,178161,2437
2021-12-29,San Benito,069,59416,8552,8239,204,8443,79
2021-12-29,San Bernardino,071,2135413,405199,382872,13292,396164,6049
2021-12-29,San Diego,073,3302833,454018,421045,26777,447822,4461
2021-12-29,San Francisco,075,870044,69483,63117,3047,66164,684
2021-12-29,San Joaquin,077,732212,109469,106063,5976,112039,1891
2021-12-29,San Luis Obispo,079,281455,33613,31936,1528,33464,365
2021-12-29,San Mateo,081,765935,66778,59478,1451,60929,581
2021-12-29,Santa Barbara,083,443738,51282,49003,1787,50790,568
2021-12-29,Santa Clara,085,1922200,173294,162008,2472,164480,1962
2021-12-29,Santa Cruz,087,273765,23980,22669,1175,23844,228
2021-12-29,Shasta,089,179085,23422,23083,3793,26876,435
2021-12-29,Sierra,091,2930,215,206,21,227,0
2021-12-29,Siskiyou,093,43540,3554,3472,1410,4882,61
2021-12-29,Solano,095,438530,51201,48562,1603,50165,379
2021-12-29,Sonoma,097,501317,48023,45479,750,46229,410
2021-12-29,Stanislaus,099,539301,85185,84083,9734,93817,1332
2021-12-29,Sutter,101,95872,14862,14688,434,15122,193
2021-12-29,Tehama,103,63373,9076,8914,1584,10498,138
2021-12-29,Trinity,105,12862,919,832,222,1054,17
2021-12-29,Tulare,107,460477,73561,71752,17151,88903,1160
2021-12-29,Tuolumne,109,53932,8206,8012,123,8135,91
2021-12-29,Ventura,111,848112,114083,106974,5549,112523,1207
2021-12-29,Yolo,113,214977,22738,21564,1461,23025,270
2021-12-29,Yuba,115,75493,11029,10808,418,11226,99
2021-12-28,Alameda,001,1643700,138029,130427,3619,134046,1522
2021-12-28,Alpine,003,1148,110,113,0,113,0
2021-12-28,Amador,005,37829,5992,5900,81,5981,70
2021-12-28,Butte,007,227075,23009,22285,4216,26501,338
2021-12-28,Calaveras,009,45235,4733,4641,67,4708,91
2021-12-28,Colusa,011,21464,2698,2653,717,3370,21
2021-12-28,Contra Costa,013,1133247,112848,107160,2901,110061,1072
2021-12-28,Del Norte,015,27424,3862,3815,58,3873,43
2021-12-28,El Dorado,017,186661,18068,17419,1912,19331,172
2021-12-28,Fresno,019,978130,152289,148987,13675,162662,2365
2021-12-28,Glenn,021,27897,3700,3639,1081,4720,39
2021-12-28,Humboldt,023,135768,10716,10198,816,11014,119
2021-12-28,Imperial,025,180216,38198,37223,4388,41611,800
2021-12-28,Inyo,027,18085,2791,2676,45,2721,48
2021-12-28,Kern,029,883053,138062,135346,25694,161040,1909
2021-12-28,Kings,031,150075,34889,34165,2093,36258,386
2021-12-28,Lake,033,64148,7147,7044,191,7235,116
2021-12-28,Lassen,035,31185,7129,7083,430,7513,55
2021-12-28,Los Angeles,037,10098052,1658042,1561791,67997,1629788,27323
2021-12-28,Madera,039,155013,25323,24865,2440,27305,320
2021-12-28,Marin,041,260295,21218,19739,867,20606,249
2021-12-28,Mariposa,043,17540,1551,1499,63,1562,6
2021-12-28,Mendocino,045,87422,8605,8366,713,9079,98
2021-12-28,Merced,047,269075,45097,44434,2256,46690,691
2021-12-28,Modoc,049,8938,606,599,210,809,6
2021-12-28,Mono,051,14174,2187,2045,24,2069,4
2021-12-28,Monterey,053,433212,52359,49973,3678,53651,639
2021-12-28,Napa,055,140530,14930,14131,207,14338,107
2021-12-28,Nevada,057,99092,10517,10250,381,10631,110
2021-12-28,Orange,059,3164182,350084,331279,20939,352218,5882
2021-12-28,Placer,061,380077,41754,40410,4278,44688,489
2021-12-28,Plumas,063,18699,2047,1989,55,2044,12
2021-12-28,Riverside,065,2383286,406445,390343,18000,408343,5470
2021-12-28,Sacramento,067,1510023,177053,171290,5887,177177,2426
2021-12-28,San Benito,069,59416,8408,8170,202,8372,79
2021-12-28,San Bernardino,071,2135413,399302,381316,13071,394387,6047
2021-12-28,San Diego,073,3302833,443325,417383,26221,443604,4450
2021-12-28,San Francisco,075,870044,67861,61745,2989,64734,682
2021-12-28,San Joaquin,077,732212,108414,105572,5932,111504,1884
2021-12-28,San Luis Obispo,079,281455,33147,31759,1512,33271,365
2021-12-28,San Mateo,081,765935,65265,58712,1363,60075,582
2021-12-28,Santa Barbara,083,443738,50637,48493,1767,50260,568
2021-12-28,Santa Clara,085,1922200,170160,160811,2377,163188,1962
2021-12-28,Santa Cruz,087,273765,23607,22513,1137,23650,228
2021-12-28,Shasta,089,179085,23352,23035,3788,26823,434
2021-12-28,Sierra,091,2930,212,206,21,227,0
2021-12-28,Siskiyou,093,43540,3545,3468,1405,4873,60
2021-12-28,Solano,095,438530,50288,48318,1549,49867,378
2021-12-28,Sonoma,097,501317,47163,45086,725,45811,410
2021-12-28,Stanislaus,099,539301,84701,83946,9673,93619,1331
2021-12-28,Sutter,101,95872,14813,14662,431,15093,193
2021-12-28,Tehama,103,63373,9059,8893,1582,10475,138
2021-12-28,Trinity,105,12862,917,831,221,1052,17
2021-12-28,Tulare,107,460477,73282,71630,17035,88665,1156
2021-12-28,Tuolumne,109,53932,8164,8006,123,8129,91
2021-12-28,Ventura,111,848112,111977,105883,5419,111302,1207
2021-12-28,Yolo,113,214977,22404,21320,1412,22732,270
2021-12-28,Yuba,115,75493,10973,10778,415,11193,99
2021-12-27,Alameda,001,1643700,135375,129910,3487,133397,1530
2021-12-27,Alpine,003,1148,110,113,0,113,0
2021-12-27,Amador,005,37829,5964,5891,81,5972,70
2021-12-27,Butte,007,227075,22870,22234,4189,26423,335
2021-12-27,Calaveras,009,45235,4707,4630,66,4696,91
2021-12-27,Colusa,011,21464,2687,2652,711,3363,21
2021-12-27,Contra Costa,013,1133247,110684,106692,2820,109512,1071
2021-12-27,Del Norte,015,27424,3853,3802,57,3859,43
2021-12-27,El Dorado,017,186661,17909,17361,1900,19261,172
2021-12-27,Fresno,019,978130,151330,148826,13594,162420,2364
2021-12-27,Glenn,021,27897,3692,3634,1075,4709,39
2021-12-27,Humboldt,023,135768,10602,10164,794,10958,119
2021-12-27,Imperial,025,180216,37957,37180,4294,41474,800
2021-12-27,Inyo,027,18085,2762,2662,43,2705,48
2021-12-27,Kern,029,883053,137410,135119,25391,160510,1907
2021-12-27,Kings,031,150075,34740,34126,2080,36206,382
2021-12-27,Lake,033,64148,7124,7037,181,7218,116
2021-12-27,Lassen,035,31185,7123,7080,430,7510,55
2021-12-27,Los Angeles,037,10098052,1621702,1554074,66260,1620334,27300
2021-12-27,Madera,039,155013,25204,24840,2421,27261,320
2021-12-27,Marin,041,260295,20830,19601,840,20441,249
2021-12-27,Mariposa,043,17540,1536,1495,63,1558,6
2021-12-27,Mendocino,045,87422,8538,8351,708,9059,98
2021-12-27,Merced,047,269075,44867,44383,2238,46621,690
2021-12-27,Modoc,049,8938,604,599,210,809,6
2021-12-27,Mono,051,14174,2124,2026,24,2050,4
2021-12-27,Monterey,053,433212,52058,49918,3627,53545,639
2021-12-27,Napa,055,140530,14661,14083,198,14281,107
2021-12-27,Nevada,057,99092,10448,10239,373,10612,110
2021-12-27,Orange,059,3164182,342594,329222,20137,349359,5875
2021-12-27,Placer,061,380077,41377,40263,4230,44493,489
2021-12-27,Plumas,063,18699,2045,1988,53,2041,12
2021-12-27,Riverside,065,2383286,401861,389096,17744,406840,5470
2021-12-27,Sacramento,067,1510023,175025,170858,5718,176576,2422
2021-12-27,San Benito,069,59416,8289,8133,198,8331,79
2021-12-27,San Bernardino,071,2135413,393316,380526,12871,393397,6047
2021-12-27,San Diego,073,3302833,433117,414968,25731,440699,4445
2021-12-27,San Francisco,075,870044,66114,60920,2924,63844,682
2021-12-27,San Joaquin,077,732212,107495,105413,5868,111281,1876
2021-12-27,San Luis Obispo,079,281455,32702,31671,1491,33162,365
2021-12-27,San Mateo,081,765935,63740,58397,1264,59661,581
2021-12-27,Santa Barbara,083,443738,49851,48209,1747,49956,568
2021-12-27,Santa Clara,085,1922200,167189,159904,2252,162156,1961
2021-12-27,Santa Cruz,087,273765,23320,22456,1119,23575,228
2021-12-27,Shasta,089,179085,23291,23015,3777,26792,432
2021-12-27,Sierra,091,2930,212,206,21,227,0
2021-12-27,Siskiyou,093,43540,3536,3466,1400,4866,60
2021-12-27,Solano,095,438530,49555,48172,1501,49673,378
2021-12-27,Sonoma,097,501317,46587,44990,707,45697,410
2021-12-27,Stanislaus,099,539301,84248,83833,9632,93465,1331
2021-12-27,Sutter,101,95872,14757,14642,426,15068,191
2021-12-27,Tehama,103,63373,9044,8887,1575,10462,136
2021-12-27,Trinity,105,12862,917,827,221,1048,17
2021-12-27,Tulare,107,460477,73017,71562,16940,88502,1146
2021-12-27,Tuolumne,109,53932,8126,7978,122,8100,91
2021-12-27,Ventura,111,848112,109892,105212,5284,110496,1206
2021-12-27,Yolo,113,214977,22112,21300,1378,22678,270
2021-12-27,Yuba,115,75493,10912,10759,414,11173,98
2021-12-26,Alameda,001,1643700,133271,127221,3415,130636,1525
2021-12-26,Alpine,003,1148,110,113,0,113,0
2021-12-26,Amador,005,37829,5948,5861,79,5940,70
2021-12-26,Butte,007,227075,22716,22087,4159,26246,330
2021-12-26,Calaveras,009,45235,4685,4591,66,4657,91
2021-12-26,Colusa,011,21464,2676,2647,705,3352,21
2021-12-26,Contra Costa,013,1133247,108922,105022,2721,107743,1071
2021-12-26,Del Norte,015,27424,3848,3795,57,3852,43
2021-12-26,El Dorado,017,186661,17754,17188,1892,19080,172
2021-12-26,Fresno,019,978130,150626,148027,13514,161541,2358
2021-12-26,Glenn,021,27897,3680,3611,1061,4672,39
2021-12-26,Humboldt,023,135768,10459,10052,771,10823,119
2021-12-26,Imperial,025,180216,37655,36878,4204,41082,800
2021-12-26,Inyo,027,18085,2738,2636,40,2676,47
2021-12-26,Kern,029,883053,136686,134591,25136,159727,1908
2021-12-26,Kings,031,150075,34587,34009,2074,36083,379
2021-12-26,Lake,033,64148,7102,7019,178,7197,116
2021-12-26,Lassen,035,31185,7117,7072,429,7501,55
2021-12-26,Los Angeles,037,10098052,1591845,1515469,64465,1579934,27257
2021-12-26,Madera,039,155013,25085,24741,2405,27146,320
2021-12-26,Marin,041,260295,20451,19085,781,19866,249
2021-12-26,Mariposa,043,17540,1530,1480,63,1543,6
2021-12-26,Mendocino,045,87422,8487,8314,706,9020,98
2021-12-26,Merced,047,269075,44616,44208,2224,46432,690
2021-12-26,Modoc,049,8938,603,597,208,805,6
2021-12-26,Mono,051,14174,2098,2000,24,2024,4
2021-12-26,Monterey,053,433212,51777,49709,3578,53287,638
2021-12-26,Napa,055,140530,14424,13809,193,14002,107
2021-12-26,Nevada,057,99092,10388,10153,366,10519,110
2021-12-26,Orange,059,3164182,336240,322991,19341,342332,5863
2021-12-26,Placer,061,380077,41026,39852,4160,44012,489
2021-12-26,Plumas,063,18699,2037,1987,52,2039,12
2021-12-26,Riverside,065,2383286,397676,384567,17575,402142,5470
2021-12-26,Sacramento,067,1510023,173301,169144,5572,174716,2418
2021-12-26,San Benito,069,59416,8200,7991,194,8185,79
2021-12-26,San Bernardino,071,2135413,388463,376052,12694,388746,6043
2021-12-26,San Diego,073,3302833,424121,406616,25237,431853,4442
2021-12-26,San Francisco,075,870044,64532,58229,2862,61091,682
2021-12-26,San Joaquin,077,732212,106681,104590,5815,110405,1872
2021-12-26,San Luis Obispo,079,281455,32256,31290,1473,32763,365
2021-12-26,San Mateo,081,765935,62337,56973,1217,58190,581
2021-12-26,Santa Barbara,083,443738,49175,47553,1717,49270,567
2021-12-26,Santa Clara,085,1922200,164488,156872,2120,158992,1967
2021-12-26,Santa Cruz,087,273765,23036,22176,1105,23281,228
2021-12-26,Shasta,089,179085,23209,22959,3765,26724,432
2021-12-26,Sierra,091,2930,212,202,21,223,0
2021-12-26,Siskiyou,093,43540,3528,3460,1391,4851,60
2021-12-26,Solano,095,438530,49053,47646,1463,49109,377
2021-12-26,Sonoma,097,501317,46091,44358,675,45033,408
2021-12-26,Stanislaus,099,539301,83874,83368,9590,92958,1331
2021-12-26,Sutter,101,95872,14692,14533,423,14956,191
2021-12-26,Tehama,103,63373,9011,8861,1571,10432,136
2021-12-26,Trinity,105,12862,917,826,220,1046,17
2021-12-26,Tulare,107,460477,72766,71292,16834,88126,1137
2021-12-26,Tuolumne,109,53932,8089,7919,122,8041,91
2021-12-26,Ventura,111,848112,108058,103498,5137,108635,1206
2021-12-26,Yolo,113,214977,21824,21084,1339,22423,270
2021-12-26,Yuba,115,75493,10861,10694,412,11106,98
2021-12-25,Alameda,001,1643700,132188,127221,3351,130572,1525
2021-12-25,Alpine,003,1148,110,113,0,113,0
2021-12-25,Amador,005,37829,5929,5861,79,5940,70
2021-12-25,Butte,007,227075,22618,22087,4142,26229,330
2021-12-25,Calaveras,009,45235,4656,4591,65,4656,91
2021-12-25,Colusa,011,21464,2671,2647,699,3346,21
2021-12-25,Contra Costa,013,1133247,108099,105022,2668,107690,1071
2021-12-25,Del Norte,015,27424,3841,3795,56,3851,43
2021-12-25,El Dorado,017,186661,17701,17188,1881,19069,172
2021-12-25,Fresno,019,978130,150311,148027,13466,161493,2358
2021-12-25,Glenn,021,27897,3669,3611,1057,4668,39
2021-12-25,Humboldt,023,135768,10377,10052,764,10816,119
2021-12-25,Imperial,025,180216,37533,36878,4182,41060,800
2021-12-25,Inyo,027,18085,2718,2636,40,2676,47
2021-12-25,Kern,029,883053,136339,134591,25010,159601,1908
2021-12-25,Kings,031,150075,34497,34009,2067,36076,379
2021-12-25,Lake,033,64148,7090,7019,176,7195,116
2021-12-25,Lassen,035,31185,7115,7072,429,7501,55
2021-12-25,Los Angeles,037,10098052,1579028,1515469,63148,1578617,27257
2021-12-25,Madera,039,155013,25035,24741,2399,27140,320
2021-12-25,Marin,041,260295,20109,19085,732,19817,249
2021-12-25,Mariposa,043,17540,1524,1480,63,1543,6
2021-12-25,Mendocino,045,87422,8449,8314,706,9020,98
2021-12-25,Merced,047,269075,44515,44208,2222,46430,690
2021-12-25,Modoc,049,8938,603,597,208,805,6
2021-12-25,Mono,051,14174,2081,2000,24,2024,4
2021-12-25,Monterey,053,433212,51610,49709,3544,53253,638
2021-12-25,Napa,055,140530,14309,13809,185,13994,107
2021-12-25,Nevada,057,99092,10359,10153,366,10519,110
2021-12-25,Orange,059,3164182,333366,322991,18770,341761,5863
2021-12-25,Placer,061,380077,40842,39852,4126,43978,489
2021-12-25,Plumas,063,18699,2035,1987,52,2039,12
2021-12-25,Riverside,065,2383286,395396,384567,17456,402023,5470
2021-12-25,Sacramento,067,1510023,172485,169144,5467,174611,2418
2021-12-25,San Benito,069,59416,8135,7991,194,8185,79
2021-12-25,San Bernardino,071,2135413,386227,376052,12561,388613,6043
2021-12-25,San Diego,073,3302833,420055,406616,24967,431583,4442
2021-12-25,San Francisco,075,870044,63502,58229,2826,61055,682
2021-12-25,San Joaquin,077,732212,106344,104590,5783,110373,1872
2021-12-25,San Luis Obispo,079,281455,32103,31290,1464,32754,365
2021-12-25,San Mateo,081,765935,61304,56973,1174,58147,581
2021-12-25,Santa Barbara,083,443738,48811,47553,1705,49258,567
2021-12-25,Santa Clara,085,1922200,163011,156872,2053,158925,1967
2021-12-25,Santa Cruz,087,273765,22876,22176,1099,23275,228
2021-12-25,Shasta,089,179085,23176,22959,3759,26718,432
2021-12-25,Sierra,091,2930,212,202,21,223,0
2021-12-25,Siskiyou,093,43540,3525,3460,1385,4845,60
2021-12-25,Solano,095,438530,48928,47646,1445,49091,377
2021-12-25,Sonoma,097,501317,45706,44358,649,45007,408
2021-12-25,Stanislaus,099,539301,83660,83368,9564,92932,1331
2021-12-25,Sutter,101,95872,14651,14533,421,14954,191
2021-12-25,Tehama,103,63373,8991,8861,1567,10428,136
2021-12-25,Trinity,105,12862,916,826,220,1046,17
2021-12-25,Tulare,107,460477,72631,71292,16756,88048,1137
2021-12-25,Tuolumne,109,53932,8058,7919,122,8041,91
2021-12-25,Ventura,111,848112,106885,103498,5031,108529,1206
2021-12-25,Yolo,113,214977,21714,21084,1318,22402,270
2021-12-25,Yuba,115,75493,10834,10694,411,11105,98
2021-12-24,Alameda,001,1643700,131564,127221,3335,130556,1525
2021-12-24,Alpine,003,1148,110,113,0,113,0
2021-12-24,Amador,005,37829,5921,5861,78,5939,70
2021-12-24,Butte,007,227075,22561,22087,4125,26212,330
2021-12-24,Calaveras,009,45235,4650,4591,65,4656,91
2021-12-24,Colusa,011,21464,2669,2647,698,3345,21
2021-12-24,Contra Costa,013,1133247,107782,105022,2637,107659,1071
2021-12-24,Del Norte,015,27424,3834,3795,56,3851,43
2021-12-24,El Dorado,017,186661,17647,17188,1876,19064,172
2021-12-24,Fresno,019,978130,150145,148027,13453,161480,2358
2021-12-24,Glenn,021,27897,3668,3611,1057,4668,39
2021-12-24,Humboldt,023,135768,10322,10052,759,10811,119
2021-12-24,Imperial,025,180216,37450,36878,4178,41056,800
2021-12-24,Inyo,027,18085,2698,2636,40,2676,47
2021-12-24,Kern,029,883053,136216,134591,24968,159559,1908
2021-12-24,Kings,031,150075,34428,34009,2066,36075,379
2021-12-24,Lake,033,64148,7086,7019,176,7195,116
2021-12-24,Lassen,035,31185,7112,7072,429,7501,55
2021-12-24,Los Angeles,037,10098052,1574156,1515469,62620,1578089,27257
2021-12-24,Madera,039,155013,25000,24741,2394,27135,320
2021-12-24,Marin,041,260295,19963,19085,701,19786,249
2021-12-24,Mariposa,043,17540,1522,1480,63,1543,6
2021-12-24,Mendocino,045,87422,8432,8314,706,9020,98
2021-12-24,Merced,047,269075,44465,44208,2220,46428,690
2021-12-24,Modoc,049,8938,603,597,208,805,6
2021-12-24,Mono,051,14174,2068,2000,24,2024,4
2021-12-24,Monterey,053,433212,51513,49709,3518,53227,638
2021-12-24,Napa,055,140530,14244,13809,181,13990,107
2021-12-24,Nevada,057,99092,10333,10153,364,10517,110
2021-12-24,Orange,059,3164182,332303,322991,18612,341603,5863
2021-12-24,Placer,061,380077,40722,39852,4110,43962,489
2021-12-24,Plumas,063,18699,2034,1987,52,2039,12
2021-12-24,Riverside,065,2383286,394400,384567,17366,401933,5470
2021-12-24,Sacramento,067,1510023,172169,169144,5432,174576,2418
2021-12-24,San Benito,069,59416,8126,7991,193,8184,79
2021-12-24,San Bernardino,071,2135413,385083,376052,12488,388540,6043
2021-12-24,San Diego,073,3302833,418932,406616,24840,431456,4442
2021-12-24,San Francisco,075,870044,62994,58229,2809,61038,682
2021-12-24,San Joaquin,077,732212,106149,104590,5775,110365,1872
2021-12-24,San Luis Obispo,079,281455,32041,31290,1454,32744,365
2021-12-24,San Mateo,081,765935,60872,56973,1151,58124,581
2021-12-24,Santa Barbara,083,443738,48606,47553,1698,49251,567
2021-12-24,Santa Clara,085,1922200,162187,156872,2019,158891,1967
2021-12-24,Santa Cruz,087,273765,22793,22176,1096,23272,228
2021-12-24,Shasta,089,179085,23142,22959,3755,26714,432
2021-12-24,Sierra,091,2930,211,202,21,223,0
2021-12-24,Siskiyou,093,43540,3520,3460,1381,4841,60
2021-12-24,Solano,095,438530,48876,47646,1443,49089,377
2021-12-24,Sonoma,097,501317,45540,44358,641,44999,408
2021-12-24,Stanislaus,099,539301,83549,83368,9541,92909,1331
2021-12-24,Sutter,101,95872,14631,14533,418,14951,191
2021-12-24,Tehama,103,63373,8982,8861,1564,10425,136
2021-12-24,Trinity,105,12862,914,826,220,1046,17
2021-12-24,Tulare,107,460477,72564,71292,16713,88005,1137
2021-12-24,Tuolumne,109,53932,8033,7919,122,8041,91
2021-12-24,Ventura,111,848112,106438,103498,4975,108473,1206
2021-12-24,Yolo,113,214977,21640,21084,1300,22384,270
2021-12-24,Yuba,115,75493,10811,10694,410,11104,98
2021-12-23,Alameda,001,1643700,130840,127221,3300,130521,1525
2021-12-23,Alpine,003,1148,110,113,0,113,0
2021-12-23,Amador,005,37829,5909,5861,76,5937,70
2021-12-23,Butte,007,227075,22508,22087,4114,26201,330
2021-12-23,Calaveras,009,45235,4639,4591,65,4656,91
2021-12-23,Colusa,011,21464,2663,2647,694,3341,21
2021-12-23,Contra Costa,013,1133247,107353,105022,2593,107615,1071
2021-12-23,Del Norte,015,27424,3831,3795,56,3851,43
2021-12-23,El Dorado,017,186661,17584,17188,1870,19058,172
2021-12-23,Fresno,019,978130,149940,148027,13434,161461,2358
2021-12-23,Glenn,021,27897,3664,3611,1057,4668,39
2021-12-23,Humboldt,023,135768,10269,10052,756,10808,119
2021-12-23,Imperial,025,180216,37376,36878,4151,41029,800
2021-12-23,Inyo,027,18085,2685,2636,40,2676,47
2021-12-23,Kern,029,883053,136066,134591,24872,159463,1908
2021-12-23,Kings,031,150075,34387,34009,2065,36074,379
2021-12-23,Lake,033,64148,7074,7019,174,7193,116
2021-12-23,Lassen,035,31185,7111,7072,429,7501,55
2021-12-23,Los Angeles,037,10098052,1564610,1515469,61540,1577009,27257
2021-12-23,Madera,039,155013,24967,24741,2390,27131,320
2021-12-23,Marin,041,260295,19829,19085,684,19769,249
2021-12-23,Mariposa,043,17540,1517,1480,63,1543,6
2021-12-23,Mendocino,045,87422,8423,8314,706,9020,98
2021-12-23,Merced,047,269075,44416,44208,2218,46426,690
2021-12-23,Modoc,049,8938,603,597,208,805,6
2021-12-23,Mono,051,14174,2047,2000,23,2023,4
2021-12-23,Monterey,053,433212,51391,49709,3497,53206,638
2021-12-23,Napa,055,140530,14163,13809,176,13985,107
2021-12-23,Nevada,057,99092,10309,10153,363,10516,110
2021-12-23,Orange,059,3164182,330614,322991,18283,341274,5863
2021-12-23,Placer,061,380077,40599,39852,4094,43946,489
2021-12-23,Plumas,063,18699,2034,1987,52,2039,12
2021-12-23,Riverside,065,2383286,393182,384567,17297,401864,5470
2021-12-23,Sacramento,067,1510023,171713,169144,5385,174529,2418
2021-12-23,San Benito,069,59416,8107,7991,191,8182,79
2021-12-23,San Bernardino,071,2135413,383895,376052,12383,388435,6043
2021-12-23,San Diego,073,3302833,417080,406616,24642,431258,4442
2021-12-23,San Francisco,075,870044,62264,58229,2781,61010,682
2021-12-23,San Joaquin,077,732212,105931,104590,5762,110352,1872
2021-12-23,San Luis Obispo,079,281455,31969,31290,1450,32740,365
2021-12-23,San Mateo,081,765935,60310,56973,1131,58104,581
2021-12-23,Santa Barbara,083,443738,48407,47553,1696,49249,567
2021-12-23,Santa Clara,085,1922200,161280,156872,1960,158832,1967
2021-12-23,Santa Cruz,087,273765,22678,22176,1084,23260,228
2021-12-23,Shasta,089,179085,23111,22959,3752,26711,432
2021-12-23,Sierra,091,2930,208,202,21,223,0
2021-12-23,Siskiyou,093,43540,3520,3460,1379,4839,60
2021-12-23,Solano,095,438530,48769,47646,1427,49073,377
2021-12-23,Sonoma,097,501317,45363,44358,640,44998,408
2021-12-23,Stanislaus,099,539301,83420,83368,9521,92889,1331
2021-12-23,Sutter,101,95872,14614,14533,417,14950,191
2021-12-23,Tehama,103,63373,8970,8861,1560,10421,136
2021-12-23,Trinity,105,12862,914,826,220,1046,17
2021-12-23,Tulare,107,460477,72489,71292,16670,87962,1137
2021-12-23,Tuolumne,109,53932,8015,7919,121,8040,91
2021-12-23,Ventura,111,848112,105903,103498,4909,108407,1206
2021-12-23,Yolo,113,214977,21568,21084,1282,22366,270
2021-12-23,Yuba,115,75493,10798,10694,410,11104,98
2021-12-22,Alameda,001,1643700,129902,126533,3219,129752,1522
2021-12-22,Alpine,003,1148,110,112,0,112,0
2021-12-22,Amador,005,37829,5896,5850,75,5925,70
2021-12-22,Butte,007,227075,22456,22070,4100,26170,330
2021-12-22,Calaveras,009,45235,4630,4580,65,4645,91
2021-12-22,Colusa,011,21464,2663,2645,691,3336,21
2021-12-22,Contra Costa,013,1133247,106714,104559,2551,107110,1070
2021-12-22,Del Norte,015,27424,3831,3794,56,3850,43
2021-12-22,El Dorado,017,186661,17522,17140,1861,19001,172
2021-12-22,Fresno,019,978130,149662,147838,13403,161241,2349
2021-12-22,Glenn,021,27897,3659,3604,1057,4661,39
2021-12-22,Humboldt,023,135768,10208,10022,751,10773,119
2021-12-22,Imperial,025,180216,37290,36755,4114,40869,798
2021-12-22,Inyo,027,18085,2667,2632,40,2672,47
2021-12-22,Kern,029,883053,135831,134433,24790,159223,1900
2021-12-22,Kings,031,150075,34337,33953,2058,36011,376
2021-12-22,Lake,033,64148,7067,7008,172,7180,116
2021-12-22,Lassen,035,31185,7106,7069,428,7497,55
2021-12-22,Los Angeles,037,10098052,1551058,1507110,60382,1567492,27234
2021-12-22,Madera,039,155013,24929,24702,2386,27088,320
2021-12-22,Marin,041,260295,19608,18927,661,19588,249
2021-12-22,Mariposa,043,17540,1510,1480,63,1543,6
2021-12-22,Mendocino,045,87422,8414,8299,706,9005,99
2021-12-22,Merced,047,269075,44345,44137,2216,46353,689
2021-12-22,Modoc,049,8938,603,595,208,803,6
2021-12-22,Mono,051,14174,2043,1979,23,2002,4
2021-12-22,Monterey,053,433212,51234,49650,3480,53130,639
2021-12-22,Napa,055,140530,14036,13746,166,13912,107
2021-12-22,Nevada,057,99092,10281,10101,358,10459,110
2021-12-22,Orange,059,3164182,328316,321765,17855,339620,5858
2021-12-22,Placer,061,380077,40417,39758,4057,43815,489
2021-12-22,Plumas,063,18699,2030,1986,52,2038,12
2021-12-22,Riverside,065,2383286,391351,383319,17184,400503,5472
2021-12-22,Sacramento,067,1510023,171054,168695,5325,174020,2422
2021-12-22,San Benito,069,59416,8055,7971,189,8160,79
2021-12-22,San Bernardino,071,2135413,382170,375044,12298,387342,6039
2021-12-22,San Diego,073,3302833,412960,404269,24313,428582,4434
2021-12-22,San Francisco,075,870044,61278,57520,2739,60259,682
2021-12-22,San Joaquin,077,732212,105661,104385,5748,110133,1870
2021-12-22,San Luis Obispo,079,281455,31828,31175,1430,32605,365
2021-12-22,San Mateo,081,765935,59627,56604,1101,57705,581
2021-12-22,Santa Barbara,083,443738,48150,47372,1680,49052,566
2021-12-22,Santa Clara,085,1922200,160159,156258,1919,158177,1954
2021-12-22,Santa Cruz,087,273765,22571,22075,1079,23154,228
2021-12-22,Shasta,089,179085,23082,22937,3747,26684,432
2021-12-22,Sierra,091,2930,208,202,21,223,0
2021-12-22,Siskiyou,093,43540,3517,3458,1376,4834,59
2021-12-22,Solano,095,438530,48540,47531,1414,48945,375
2021-12-22,Sonoma,097,501317,45088,44201,629,44830,408
2021-12-22,Stanislaus,099,539301,83279,83245,9501,92746,1331
2021-12-22,Sutter,101,95872,14578,14513,414,14927,191
2021-12-22,Tehama,103,63373,8957,8853,1556,10409,136
2021-12-22,Trinity,105,12862,914,826,220,1046,17
2021-12-22,Tulare,107,460477,72390,71226,16621,87847,1137
2021-12-22,Tuolumne,109,53932,7994,7903,121,8024,91
2021-12-22,Ventura,111,848112,105297,103089,4804,107893,1206
2021-12-22,Yolo,113,214977,21492,21012,1268,22280,270
2021-12-22,Yuba,115,75493,10781,10681,410,11091,98
2021-12-21,Alameda,001,1643700,128895,126007,3165,129172,1518
2021-12-21,Alpine,003,1148,110,112,0,112,0
2021-12-21,Amador,005,37829,5886,5845,75,5920,70
2021-12-21,Butte,007,227075,22392,22041,4086,26127,330
2021-12-21,Calaveras,009,45235,4617,4575,65,4640,91
2021-12-21,Colusa,011,21464,2661,2643,690,3333,21
2021-12-21,Contra Costa,013,1133247,106085,104255,2487,106742,1068
2021-12-21,Del Norte,015,27424,3830,3793,56,3849,43
2021-12-21,El Dorado,017,186661,17457,17098,1849,18947,172
2021-12-21,Fresno,019,978130,149375,147707,13368,161075,2341
2021-12-21,Glenn,021,27897,3645,3602,1057,4659,39
2021-12-21,Humboldt,023,135768,10144,9989,746,10735,118
2021-12-21,Imperial,025,180216,37192,36580,4073,40653,792
2021-12-21,Inyo,027,18085,2656,2627,40,2667,47
2021-12-21,Kern,029,883053,135622,134321,24685,159006,1892
2021-12-21,Kings,031,150075,34277,33914,2057,35971,376
2021-12-21,Lake,033,64148,7062,7004,170,7174,116
2021-12-21,Lassen,035,31185,7104,7069,428,7497,55
2021-12-21,Los Angeles,037,10098052,1537155,1501169,59363,1560532,27220
2021-12-21,Madera,039,155013,24892,24688,2379,27067,320
2021-12-21,Marin,041,260295,19438,18828,626,19454,249
2021-12-21,Mariposa,043,17540,1509,1480,62,1542,6
2021-12-21,Mendocino,045,87422,8398,8282,704,8986,97
2021-12-21,Merced,047,269075,44273,44096,2213,46309,688
2021-12-21,Modoc,049,8938,601,595,206,801,6
2021-12-21,Mono,051,14174,2024,1979,23,2002,4
2021-12-21,Monterey,053,433212,51143,49586,3463,53049,638
2021-12-21,Napa,055,140530,13935,13703,155,13858,107
2021-12-21,Nevada,057,99092,10252,10095,358,10453,110
2021-12-21,Orange,059,3164182,326182,320705,17406,338111,5855
2021-12-21,Placer,061,380077,40276,39649,4028,43677,487
2021-12-21,Plumas,063,18699,2030,1975,52,2027,12
2021-12-21,Riverside,065,2383286,389624,382415,17065,399480,5465
2021-12-21,Sacramento,067,1510023,170405,168422,5270,173692,2419
2021-12-21,San Benito,069,59416,8016,7950,186,8136,79
2021-12-21,San Bernardino,071,2135413,380495,374219,12186,386405,6026
2021-12-21,San Diego,073,3302833,409230,402386,23976,426362,4424
2021-12-21,San Francisco,075,870044,60317,56950,2706,59656,681
2021-12-21,San Joaquin,077,732212,105375,104238,5729,109967,1870
2021-12-21,San Luis Obispo,079,281455,31664,31103,1418,32521,365
2021-12-21,San Mateo,081,765935,59010,56381,1078,57459,581
2021-12-21,Santa Barbara,083,443738,47922,47194,1665,48859,564
2021-12-21,Santa Clara,085,1922200,159134,155769,1877,157646,1951
2021-12-21,Santa Cruz,087,273765,22454,22028,1069,23097,228
2021-12-21,Shasta,089,179085,23051,22920,3743,26663,429
2021-12-21,Sierra,091,2930,206,201,21,222,0
2021-12-21,Siskiyou,093,43540,3516,3455,1376,4831,59
2021-12-21,Solano,095,438530,48386,47474,1407,48881,372
2021-12-21,Sonoma,097,501317,44865,44051,619,44670,408
2021-12-21,Stanislaus,099,539301,83122,83167,9470,92637,1331
2021-12-21,Sutter,101,95872,14555,14492,413,14905,190
2021-12-21,Tehama,103,63373,8949,8849,1551,10400,136
2021-12-21,Trinity,105,12862,913,826,220,1046,17
2021-12-21,Tulare,107,460477,72296,71166,16580,87746,1137
2021-12-21,Tuolumne,109,53932,7970,7893,121,8014,91
2021-12-21,Ventura,111,848112,104679,102631,4691,107322,1205
2021-12-21,Yolo,113,214977,21383,20944,1264,22208,267
2021-12-21,Yuba,115,75493,10764,10668,410,11078,98
2021-12-20,Alameda,001,1643700,127953,125762,3096,128858,1515
2021-12-20,Alpine,003,1148,110,112,0,112,0
2021-12-20,Amador,005,37829,5872,5838,75,5913,70
2021-12-20,Butte,007,227075,22330,22030,4072,26102,329
2021-12-20,Calaveras,009,45235,4607,4569,65,4634,91
2021-12-20,Colusa,011,21464,2660,2644,690,3334,21
2021-12-20,Contra Costa,013,1133247,105552,104051,2440,106491,1068
2021-12-20,Del Norte,015,27424,3828,3792,56,3848,43
2021-12-20,El Dorado,017,186661,17396,17083,1841,18924,172
2021-12-20,Fresno,019,978130,149133,147605,13338,160943,2341
2021-12-20,Glenn,021,27897,3639,3597,1057,4654,39
2021-12-20,Humboldt,023,135768,10102,9973,742,10715,118
2021-12-20,Imperial,025,180216,37076,36532,4043,40575,792
2021-12-20,Inyo,027,18085,2653,2615,40,2655,47
2021-12-20,Kern,029,883053,135423,134203,24625,158828,1883
2021-12-20,Kings,031,150075,34235,33898,2056,35954,376
2021-12-20,Lake,033,64148,7057,6999,170,7169,116
2021-12-20,Lassen,035,31185,7102,7065,427,7492,55
2021-12-20,Los Angeles,037,10098052,1525677,1495251,58638,1553889,27188
2021-12-20,Madera,039,155013,24863,24668,2375,27043,313
2021-12-20,Marin,041,260295,19223,18747,608,19355,249
2021-12-20,Mariposa,043,17540,1500,1479,62,1541,6
2021-12-20,Mendocino,045,87422,8386,8264,702,8966,96
2021-12-20,Merced,047,269075,44216,44071,2208,46279,687
2021-12-20,Modoc,049,8938,601,595,203,798,6
2021-12-20,Mono,051,14174,2001,1973,23,1996,4
2021-12-20,Monterey,053,433212,51047,49556,3443,52999,636
2021-12-20,Napa,055,140530,13850,13672,145,13817,107
2021-12-20,Nevada,057,99092,10212,10079,357,10436,109
2021-12-20,Orange,059,3164182,324573,320235,17091,337326,5852
2021-12-20,Placer,061,380077,40146,39579,3998,43577,485
2021-12-20,Plumas,063,18699,2027,1971,50,2021,12
2021-12-20,Riverside,065,2383286,388174,381841,16976,398817,5452
2021-12-20,Sacramento,067,1510023,169834,168153,5230,173383,2414
2021-12-20,San Benito,069,59416,7972,7934,184,8118,79
2021-12-20,San Bernardino,071,2135413,378963,373881,12101,385982,6023
2021-12-20,San Diego,073,3302833,406014,401483,23736,425219,4412
2021-12-20,San Francisco,075,870044,59257,56661,2649,59310,681
2021-12-20,San Joaquin,077,732212,105133,104188,5718,109906,1865
2021-12-20,San Luis Obispo,079,281455,31550,31075,1410,32485,365
2021-12-20,San Mateo,081,765935,58462,56247,1059,57306,581
2021-12-20,Santa Barbara,083,443738,47710,47131,1660,48791,562
2021-12-20,Santa Clara,085,1922200,158176,155427,1829,157256,1950
2021-12-20,Santa Cruz,087,273765,22374,21989,1064,23053,227
2021-12-20,Shasta,089,179085,23030,22888,3738,26626,429
2021-12-20,Sierra,091,2930,205,201,21,222,0
2021-12-20,Siskiyou,093,43540,3515,3453,1374,4827,59
2021-12-20,Solano,095,438530,48258,47394,1399,48793,370
2021-12-20,Sonoma,097,501317,44675,43982,611,44593,408
2021-12-20,Stanislaus,099,539301,82996,83110,9441,92551,1331
2021-12-20,Sutter,101,95872,14532,14480,413,14893,190
2021-12-20,Tehama,103,63373,8941,8840,1548,10388,136
2021-12-20,Trinity,105,12862,913,826,220,1046,17
2021-12-20,Tulare,107,460477,72202,71124,16522,87646,1129
2021-12-20,Tuolumne,109,53932,7956,7867,117,7984,91
2021-12-20,Ventura,111,848112,104172,102452,4615,107067,1203
2021-12-20,Yolo,113,214977,21290,20903,1252,22155,267
2021-12-20,Yuba,115,75493,10748,10656,407,11063,97
2021-12-19,Alameda,001,1643700,127065,125464,3056,128520,1519
2021-12-19,Alpine,003,1148,110,112,0,112,0
2021-12-19,Amador,005,37829,5860,5832,74,5906,70
2021-12-19,Butte,007,227075,22275,22022,4064,26086,329
2021-12-19,Calaveras,009,45235,4591,4563,64,4627,91
2021-12-19,Colusa,011,21464,2660,2643,687,3330,21
2021-12-19,Contra Costa,013,1133247,105061,103906,2406,106312,1068
2021-12-19,Del Norte,015,27424,3824,3797,56,3853,43
2021-12-19,El Dorado,017,186661,17338,17067,1839,18906,172
2021-12-19,Fresno,019,978130,148892,147505,13313,160818,2341
2021-12-19,Glenn,021,27897,3635,3596,1056,4652,39
2021-12-19,Humboldt,023,135768,10059,9957,737,10694,118
2021-12-19,Imperial,025,180216,36947,36501,4000,40501,792
2021-12-19,Inyo,027,18085,2644,2613,40,2653,47
2021-12-19,Kern,029,883053,135224,134136,24557,158693,1883
2021-12-19,Kings,031,150075,34177,33874,2052,35926,378
2021-12-19,Lake,033,64148,7048,6999,167,7166,116
2021-12-19,Lassen,035,31185,7098,7065,427,7492,55
2021-12-19,Los Angeles,037,10098052,1516677,1495082,58039,1553121,27189
2021-12-19,Madera,039,155013,24838,24642,2369,27011,313
2021-12-19,Marin,041,260295,19047,18707,585,19292,249
2021-12-19,Mariposa,043,17540,1494,1475,62,1537,6
2021-12-19,Mendocino,045,87422,8369,8257,699,8956,96
2021-12-19,Merced,047,269075,44121,44045,2201,46246,687
2021-12-19,Modoc,049,8938,600,595,203,798,6
2021-12-19,Mono,051,14174,1990,1968,22,1990,4
2021-12-19,Monterey,053,433212,50945,49516,3422,52938,636
2021-12-19,Napa,055,140530,13777,13659,136,13795,107
2021-12-19,Nevada,057,99092,10176,10057,354,10411,109
2021-12-19,Orange,059,3164182,323163,319615,16865,336480,5852
2021-12-19,Placer,061,380077,40025,39525,3982,43507,485
2021-12-19,Plumas,063,18699,2024,1971,50,2021,12
2021-12-19,Riverside,065,2383286,386727,381305,16901,398206,5452
2021-12-19,Sacramento,067,1510023,169339,167933,5201,173134,2415
2021-12-19,San Benito,069,59416,7947,7929,183,8112,79
2021-12-19,San Bernardino,071,2135413,377633,373480,12063,385543,6023
2021-12-19,San Diego,073,3302833,403534,398197,23540,421737,4406
2021-12-19,San Francisco,075,870044,58378,56358,2593,58951,681
2021-12-19,San Joaquin,077,732212,104875,104125,5704,109829,1865
2021-12-19,San Luis Obispo,079,281455,31427,31035,1398,32433,366
2021-12-19,San Mateo,081,765935,57998,56132,1044,57176,581
2021-12-19,Santa Barbara,083,443738,47487,47070,1653,48723,562
2021-12-19,Santa Clara,085,1922200,157288,155049,1803,156852,1950
2021-12-19,Santa Cruz,087,273765,22275,21960,1059,23019,227
2021-12-19,Shasta,089,179085,22993,22875,3734,26609,429
2021-12-19,Sierra,091,2930,204,201,21,222,0
2021-12-19,Siskiyou,093,43540,3512,3452,1374,4826,59
2021-12-19,Solano,095,438530,48136,47341,1393,48734,370
2021-12-19,Sonoma,097,501317,44491,43944,609,44553,408
2021-12-19,Stanislaus,099,539301,82858,83040,9409,92449,1331
2021-12-19,Sutter,101,95872,14492,14475,412,14887,190
2021-12-19,Tehama,103,63373,8933,8840,1548,10388,136
2021-12-19,Trinity,105,12862,913,826,220,1046,17
2021-12-19,Tulare,107,460477,72109,71085,16480,87565,1129
2021-12-19,Tuolumne,109,53932,7939,7865,116,7981,91
2021-12-19,Ventura,111,848112,103592,102170,4550,106720,1203
2021-12-19,Yolo,113,214977,21209,20887,1233,22120,267
2021-12-19,Yuba,115,75493,10731,10646,405,11051,97
2021-12-18,Alameda,001,1643700,126657,124583,3029,127612,1512
2021-12-18,Alpine,003,1148,110,110,0,110,0
2021-12-18,Amador,005,37829,5854,5821,74,5895,69
2021-12-18,Butte,007,227075,22259,21956,4059,26015,328
2021-12-18,Calaveras,009,45235,4584,4534,64,4598,91
2021-12-18,Colusa,011,21464,2656,2635,685,3320,21
2021-12-18,Contra Costa,013,1133247,104846,103380,2392,105772,1065
2021-12-18,Del Norte,015,27424,3821,3791,56,3847,43
2021-12-18,El Dorado,017,186661,17310,16968,1836,18804,171
2021-12-18,Fresno,019,978130,148789,147038,13300,160338,2335
2021-12-18,Glenn,021,27897,3632,3590,1056,4646,39
2021-12-18,Humboldt,023,135768,10043,9889,737,10626,118
2021-12-18,Imperial,025,180216,36874,36280,3988,40268,790
2021-12-18,Inyo,027,18085,2638,2607,40,2647,47
2021-12-18,Kern,029,883053,135134,133754,24512,158266,1873
2021-12-18,Kings,031,150075,34144,33783,2048,35831,374
2021-12-18,Lake,033,64148,7047,6976,167,7143,115
2021-12-18,Lassen,035,31185,7096,7061,426,7487,55
2021-12-18,Los Angeles,037,10098052,1512584,1484840,57725,1542565,27135
2021-12-18,Madera,039,155013,24823,24575,2367,26942,313
2021-12-18,Marin,041,260295,18947,18537,573,19110,249
2021-12-18,Mariposa,043,17540,1493,1468,62,1530,6
2021-12-18,Mendocino,045,87422,8363,8219,699,8918,95
2021-12-18,Merced,047,269075,44086,43929,2200,46129,686
2021-12-18,Modoc,049,8938,598,595,203,798,6
2021-12-18,Mono,051,14174,1988,1956,22,1978,4
2021-12-18,Monterey,053,433212,50887,49343,3417,52760,635
2021-12-18,Napa,055,140530,13751,13581,134,13715,107
2021-12-18,Nevada,057,99092,10154,9991,352,10343,108
2021-12-18,Orange,059,3164182,322496,318149,16729,334878,5844
2021-12-18,Placer,061,380077,39924,39336,3968,43304,485
2021-12-18,Plumas,063,18699,2024,1964,50,2014,13
2021-12-18,Riverside,065,2383286,386030,379354,16860,396214,5439
2021-12-18,Sacramento,067,1510023,169103,167046,5182,172228,2404
2021-12-18,San Benito,069,59416,7932,7894,183,8077,79
2021-12-18,San Bernardino,071,2135413,376963,371658,12035,383693,6017
2021-12-18,San Diego,073,3302833,402569,397130,23488,420618,4399
2021-12-18,San Francisco,075,870044,57884,55562,2563,58125,679
2021-12-18,San Joaquin,077,732212,104788,103698,5694,109392,1858
2021-12-18,San Luis Obispo,079,281455,31385,30873,1392,32265,365
2021-12-18,San Mateo,081,765935,57758,55730,1039,56769,580
2021-12-18,Santa Barbara,083,443738,47391,46776,1651,48427,562
2021-12-18,Santa Clara,085,1922200,156832,154243,1790,156033,1946
2021-12-18,Santa Cruz,087,273765,22223,21805,1057,22862,225
2021-12-18,Shasta,089,179085,22972,22811,3734,26545,429
2021-12-18,Sierra,091,2930,204,199,21,220,0
2021-12-18,Siskiyou,093,43540,3510,3441,1373,4814,58
2021-12-18,Solano,095,438530,48090,47174,1391,48565,369
2021-12-18,Sonoma,097,501317,44381,43658,605,44263,407
2021-12-18,Stanislaus,099,539301,82776,82736,9397,92133,1330
2021-12-18,Sutter,101,95872,14474,14435,412,14847,190
2021-12-18,Tehama,103,63373,8926,8814,1547,10361,136
2021-12-18,Trinity,105,12862,913,823,220,1043,17
2021-12-18,Tulare,107,460477,72071,70922,16455,87377,1120
2021-12-18,Tuolumne,109,53932,7925,7834,116,7950,91
2021-12-18,Ventura,111,848112,103307,101612,4528,106140,1201
2021-12-18,Yolo,113,214977,21169,20793,1227,22020,267
2021-12-18,Yuba,115,75493,10720,10599,405,11004,96
2021-12-17,Alameda,001,1643700,126317,124583,3010,127593,1512
2021-12-17,Alpine,003,1148,110,110,0,110,0
2021-12-17,Amador,005,37829,5847,5821,74,5895,69
2021-12-17,Butte,007,227075,22238,21956,4052,26008,328
2021-12-17,Calaveras,009,45235,4580,4534,64,4598,91
2021-12-17,Colusa,011,21464,2655,2635,684,3319,21
2021-12-17,Contra Costa,013,1133247,104645,103380,2388,105768,1065
2021-12-17,Del Norte,015,27424,3820,3791,56,3847,43
2021-12-17,El Dorado,017,186661,17282,16968,1833,18801,171
2021-12-17,Fresno,019,978130,148686,147038,13300,160338,2335
2021-12-17,Glenn,021,27897,3625,3590,1056,4646,39
2021-12-17,Humboldt,023,135768,10023,9889,735,10624,118
2021-12-17,Imperial,025,180216,36811,36280,3970,40250,790
2021-12-17,Inyo,027,18085,2633,2607,40,2647,47
2021-12-17,Kern,029,883053,135042,133754,24471,158225,1873
2021-12-17,Kings,031,150075,34125,33783,2048,35831,374
2021-12-17,Lake,033,64148,7043,6976,167,7143,115
2021-12-17,Lassen,035,31185,7096,7061,425,7486,55
2021-12-17,Los Angeles,037,10098052,1508643,1484840,57485,1542325,27135
2021-12-17,Madera,039,155013,24807,24575,2362,26937,313
2021-12-17,Marin,041,260295,18871,18537,569,19106,249
2021-12-17,Mariposa,043,17540,1489,1468,62,1530,6
2021-12-17,Mendocino,045,87422,8352,8219,699,8918,95
2021-12-17,Merced,047,269075,44060,43929,2199,46128,686
2021-12-17,Modoc,049,8938,598,595,203,798,6
2021-12-17,Mono,051,14174,1985,1956,22,1978,4
2021-12-17,Monterey,053,433212,50829,49343,3412,52755,635
2021-12-17,Napa,055,140530,13724,13581,133,13714,107
2021-12-17,Nevada,057,99092,10143,9991,352,10343,108
2021-12-17,Orange,059,3164182,321933,318149,16661,334810,5844
2021-12-17,Placer,061,380077,39869,39336,3962,43298,485
2021-12-17,Plumas,063,18699,2023,1964,50,2014,13
2021-12-17,Riverside,065,2383286,385378,379354,16850,396204,5439
2021-12-17,Sacramento,067,1510023,168870,167046,5169,172215,2404
2021-12-17,San Benito,069,59416,7930,7894,183,8077,79
2021-12-17,San Bernardino,071,2135413,376402,371658,12018,383676,6017
2021-12-17,San Diego,073,3302833,401640,397130,23440,420570,4399
2021-12-17,San Francisco,075,870044,57557,55562,2533,58095,679
2021-12-17,San Joaquin,077,732212,104713,103698,5677,109375,1858
2021-12-17,San Luis Obispo,079,281455,31356,30873,1388,32261,365
2021-12-17,San Mateo,081,765935,57570,55730,1032,56762,580
2021-12-17,Santa Barbara,083,443738,47314,46776,1645,48421,562
2021-12-17,Santa Clara,085,1922200,156458,154243,1776,156019,1946
2021-12-17,Santa Cruz,087,273765,22176,21805,1053,22858,225
2021-12-17,Shasta,089,179085,22960,22811,3732,26543,429
2021-12-17,Sierra,091,2930,203,199,21,220,0
2021-12-17,Siskiyou,093,43540,3506,3441,1371,4812,58
2021-12-17,Solano,095,438530,48022,47174,1387,48561,369
2021-12-17,Sonoma,097,501317,44284,43658,602,44260,407
2021-12-17,Stanislaus,099,539301,82725,82736,9390,92126,1330
2021-12-17,Sutter,101,95872,14462,14435,410,14845,190
2021-12-17,Tehama,103,63373,8919,8814,1546,10360,136
2021-12-17,Trinity,105,12862,913,823,220,1043,17
2021-12-17,Tulare,107,460477,72029,70922,16425,87347,1120
2021-12-17,Tuolumne,109,53932,7913,7834,116,7950,91
2021-12-17,Ventura,111,848112,103057,101612,4516,106128,1201
2021-12-17,Yolo,113,214977,21136,20793,1222,22015,267
2021-12-17,Yuba,115,75493,10709,10599,403,11002,96
2021-12-16,Alameda,001,1643700,125939,124583,2995,127578,1512
2021-12-16,Alpine,003,1148,108,110,0,110,0
2021-12-16,Amador,005,37829,5839,5821,74,5895,69
2021-12-16,Butte,007,227075,22218,21956,4048,26004,328
2021-12-16,Calaveras,009,45235,4573,4534,64,4598,91
2021-12-16,Colusa,011,21464,2655,2635,684,3319,21
2021-12-16,Contra Costa,013,1133247,104422,103380,2378,105758,1065
2021-12-16,Del Norte,015,27424,3817,3791,56,3847,43
2021-12-16,El Dorado,017,186661,17247,16968,1828,18796,171
2021-12-16,Fresno,019,978130,148527,147038,13293,160331,2335
2021-12-16,Glenn,021,27897,3625,3590,1053,4643,39
2021-12-16,Humboldt,023,135768,9999,9889,725,10614,118
2021-12-16,Imperial,025,180216,36727,36280,3942,40222,790
2021-12-16,Inyo,027,18085,2629,2607,39,2646,47
2021-12-16,Kern,029,883053,134898,133754,24422,158176,1873
2021-12-16,Kings,031,150075,34101,33783,2047,35830,374
2021-12-16,Lake,033,64148,7039,6976,167,7143,115
2021-12-16,Lassen,035,31185,7093,7061,424,7485,55
2021-12-16,Los Angeles,037,10098052,1504427,1484840,57220,1542060,27135
2021-12-16,Madera,039,155013,24778,24575,2358,26933,313
2021-12-16,Marin,041,260295,18825,18537,562,19099,249
2021-12-16,Mariposa,043,17540,1487,1468,62,1530,6
2021-12-16,Mendocino,045,87422,8341,8219,694,8913,95
2021-12-16,Merced,047,269075,44021,43929,2198,46127,686
2021-12-16,Modoc,049,8938,598,595,203,798,6
2021-12-16,Mono,051,14174,1982,1956,22,1978,4
2021-12-16,Monterey,053,433212,50758,49343,3395,52738,635
2021-12-16,Napa,055,140530,13692,13581,133,13714,107
2021-12-16,Nevada,057,99092,10117,9991,352,10343,108
2021-12-16,Orange,059,3164182,321321,318149,16583,334732,5844
2021-12-16,Placer,061,380077,39792,39336,3957,43293,485
2021-12-16,Plumas,063,18699,2023,1964,50,2014,13
2021-12-16,Riverside,065,2383286,384572,379354,16836,396190,5439
2021-12-16,Sacramento,067,1510023,168587,167046,5145,172191,2404
2021-12-16,San Benito,069,59416,7923,7894,183,8077,79
2021-12-16,San Bernardino,071,2135413,375736,371658,11999,383657,6017
2021-12-16,San Diego,073,3302833,400471,397130,23374,420504,4399
2021-12-16,San Francisco,075,870044,57179,55562,2511,58073,679
2021-12-16,San Joaquin,077,732212,104589,103698,5670,109368,1858
2021-12-16,San Luis Obispo,079,281455,31286,30873,1382,32255,365
2021-12-16,San Mateo,081,765935,57370,55730,1029,56759,580
2021-12-16,Santa Barbara,083,443738,47193,46776,1641,48417,562
2021-12-16,Santa Clara,085,1922200,156127,154243,1766,156009,1946
2021-12-16,Santa Cruz,087,273765,22130,21805,1052,22857,225
2021-12-16,Shasta,089,179085,22930,22811,3730,26541,429
2021-12-16,Sierra,091,2930,203,199,21,220,0
2021-12-16,Siskiyou,093,43540,3505,3441,1367,4808,58
2021-12-16,Solano,095,438530,47954,47174,1380,48554,369
2021-12-16,Sonoma,097,501317,44185,43658,600,44258,407
2021-12-16,Stanislaus,099,539301,82638,82736,9376,92112,1330
2021-12-16,Sutter,101,95872,14448,14435,409,14844,190
2021-12-16,Tehama,103,63373,8912,8814,1545,10359,136
2021-12-16,Trinity,105,12862,913,823,220,1043,17
2021-12-16,Tulare,107,460477,71980,70922,16400,87322,1120
2021-12-16,Tuolumne,109,53932,7892,7834,116,7950,91
2021-12-16,Ventura,111,848112,102790,101612,4509,106121,1201
2021-12-16,Yolo,113,214977,21085,20793,1217,22010,267
2021-12-16,Yuba,115,75493,10693,10599,402,11001,96
2021-12-15,Alameda,001,1643700,125611,124342,2984,127326,1509
2021-12-15,Alpine,003,1148,108,109,0,109,0
2021-12-15,Amador,005,37829,5833,5810,74,5884,69
2021-12-15,Butte,007,227075,22194,21922,4047,25969,327
2021-12-15,Calaveras,009,45235,4567,4523,64,4587,89
2021-12-15,Colusa,011,21464,2654,2632,683,3315,21
2021-12-15,Contra Costa,013,1133247,104202,103236,2375,105611,1064
2021-12-15,Del Norte,015,27424,3816,3789,55,3844,43
2021-12-15,El Dorado,017,186661,17217,16936,1822,18758,171
2021-12-15,Fresno,019,978130,148400,146859,13279,160138,2319
2021-12-15,Glenn,021,27897,3624,3589,1053,4642,39
2021-12-15,Humboldt,023,135768,9979,9854,724,10578,118
2021-12-15,Imperial,025,180216,36647,36187,3898,40085,789
2021-12-15,Inyo,027,18085,2624,2606,39,2645,47
2021-12-15,Kern,029,883053,134759,133590,24376,157966,1866
2021-12-15,Kings,031,150075,34072,33716,2043,35759,374
2021-12-15,Lake,033,64148,7031,6968,166,7134,115
2021-12-15,Lassen,035,31185,7093,7062,424,7486,55
2021-12-15,Los Angeles,037,10098052,1500531,1482735,57027,1539762,27116
2021-12-15,Madera,039,155013,24760,24549,2352,26901,313
2021-12-15,Marin,041,260295,18766,18514,557,19071,249
2021-12-15,Mariposa,043,17540,1484,1463,62,1525,6
2021-12-15,Mendocino,045,87422,8336,8209,691,8900,95
2021-12-15,Merced,047,269075,43979,43890,2186,46076,685
2021-12-15,Modoc,049,8938,598,595,203,798,6
2021-12-15,Mono,051,14174,1978,1955,22,1977,4
2021-12-15,Monterey,053,433212,50703,49279,3377,52656,635
2021-12-15,Napa,055,140530,13663,13557,131,13688,107
2021-12-15,Nevada,057,99092,10096,9958,352,10310,107
2021-12-15,Orange,059,3164182,320738,317808,16541,334349,5838
2021-12-15,Placer,061,380077,39735,39264,3947,43211,485
2021-12-15,Plumas,063,18699,2019,1957,50,2007,12
2021-12-15,Riverside,065,2383286,383851,378769,16825,395594,5438
2021-12-15,Sacramento,067,1510023,168278,166793,5125,171918,2401
2021-12-15,San Benito,069,59416,7908,7877,183,8060,79
2021-12-15,San Bernardino,071,2135413,375170,371122,11966,383088,6013
2021-12-15,San Diego,073,3302833,399276,396546,23304,419850,4395
2021-12-15,San Francisco,075,870044,56861,55414,2493,57907,679
2021-12-15,San Joaquin,077,732212,104432,103579,5660,109239,1853
2021-12-15,San Luis Obispo,079,281455,31237,30784,1375,32159,365
2021-12-15,San Mateo,081,765935,57228,55657,1019,56676,580
2021-12-15,Santa Barbara,083,443738,47112,46681,1639,48320,562
2021-12-15,Santa Clara,085,1922200,155817,153928,1746,155674,1944
2021-12-15,Santa Cruz,087,273765,22090,21753,1045,22798,225
2021-12-15,Shasta,089,179085,22915,22778,3726,26504,427
2021-12-15,Sierra,091,2930,203,199,21,220,0
2021-12-15,Siskiyou,093,43540,3504,3434,1366,4800,58
2021-12-15,Solano,095,438530,47883,47098,1374,48472,367
2021-12-15,Sonoma,097,501317,44103,43580,595,44175,407
2021-12-15,Stanislaus,099,539301,82530,82628,9368,91996,1298
2021-12-15,Sutter,101,95872,14428,14428,408,14836,189
2021-12-15,Tehama,103,63373,8905,8806,1544,10350,136
2021-12-15,Trinity,105,12862,912,822,220,1042,17
2021-12-15,Tulare,107,460477,71929,70846,16371,87217,1120
2021-12-15,Tuolumne,109,53932,7883,7818,115,7933,91
2021-12-15,Ventura,111,848112,102575,101447,4503,105950,1199
2021-12-15,Yolo,113,214977,21057,20749,1212,21961,267
2021-12-15,Yuba,115,75493,10682,10587,401,10988,96
2021-12-14,Alameda,001,1643700,125278,124272,2972,127244,1506
2021-12-14,Alpine,003,1148,107,109,0,109,0
2021-12-14,Amador,005,37829,5827,5808,73,5881,69
2021-12-14,Butte,007,227075,22161,21901,4045,25946,326
2021-12-14,Calaveras,009,45235,4555,4517,64,4581,89
2021-12-14,Colusa,011,21464,2652,2628,683,3311,21
2021-12-14,Contra Costa,013,1133247,104018,103135,2371,105506,1064
2021-12-14,Del Norte,015,27424,3813,3788,55,3843,43
2021-12-14,El Dorado,017,186661,17182,16915,1820,18735,170
2021-12-14,Fresno,019,978130,148228,146756,13271,160027,2316
2021-12-14,Glenn,021,27897,3623,3589,1053,4642,39
2021-12-14,Humboldt,023,135768,9967,9836,716,10552,118
2021-12-14,Imperial,025,180216,36574,36049,3855,39904,789
2021-12-14,Inyo,027,18085,2623,2601,39,2640,46
2021-12-14,Kern,029,883053,134621,133498,24327,157825,1863
2021-12-14,Kings,031,150075,34035,33693,2040,35733,373
2021-12-14,Lake,033,64148,7022,6961,166,7127,115
2021-12-14,Lassen,035,31185,7092,7061,424,7485,55
2021-12-14,Los Angeles,037,10098052,1496867,1481131,56849,1537980,27099
2021-12-14,Madera,039,155013,24733,24535,2344,26879,313
2021-12-14,Marin,041,260295,18718,18491,555,19046,249
2021-12-14,Mariposa,043,17540,1481,1463,61,1524,6
2021-12-14,Mendocino,045,87422,8308,8206,689,8895,95
2021-12-14,Merced,047,269075,43933,43870,2184,46054,684
2021-12-14,Modoc,049,8938,597,595,203,798,6
2021-12-14,Mono,051,14174,1971,1955,22,1977,4
2021-12-14,Monterey,053,433212,50619,49237,3366,52603,635
2021-12-14,Napa,055,140530,13634,13528,131,13659,107
2021-12-14,Nevada,057,99092,10070,9956,351,10307,106
2021-12-14,Orange,059,3164182,320183,317465,16487,333952,5827
2021-12-14,Placer,061,380077,39660,39221,3942,43163,482
2021-12-14,Plumas,063,18699,2015,1950,48,1998,12
2021-12-14,Riverside,065,2383286,383157,378227,16808,395035,5427
2021-12-14,Sacramento,067,1510023,167968,166605,5102,171707,2394
2021-12-14,San Benito,069,59416,7889,7871,183,8054,79
2021-12-14,San Bernardino,071,2135413,374541,370604,11934,382538,6013
2021-12-14,San Diego,073,3302833,398137,395876,23253,419129,4393
2021-12-14,San Francisco,075,870044,56545,55278,2482,57760,679
2021-12-14,San Joaquin,077,732212,104286,103488,5643,109131,1848
2021-12-14,San Luis Obispo,079,281455,31177,30753,1371,32124,363
2021-12-14,San Mateo,081,765935,57064,55601,1012,56613,580
2021-12-14,Santa Barbara,083,443738,47010,46648,1635,48283,560
2021-12-14,Santa Clara,085,1922200,155495,153814,1733,155547,1945
2021-12-14,Santa Cruz,087,273765,22025,21737,1040,22777,225
2021-12-14,Shasta,089,179085,22888,22756,3725,26481,427
2021-12-14,Sierra,091,2930,201,199,21,220,0
2021-12-14,Siskiyou,093,43540,3499,3430,1365,4795,58
2021-12-14,Solano,095,438530,47836,47065,1368,48433,367
2021-12-14,Sonoma,097,501317,44020,43538,593,44131,407
2021-12-14,Stanislaus,099,539301,82443,82581,9352,91933,1293
2021-12-14,Sutter,101,95872,14416,14421,407,14828,189
2021-12-14,Tehama,103,63373,8901,8805,1544,10349,134
2021-12-14,Trinity,105,12862,912,821,220,1041,17
2021-12-14,Tulare,107,460477,71857,70803,16341,87144,1120
2021-12-14,Tuolumne,109,53932,7870,7815,115,7930,91
2021-12-14,Ventura,111,848112,102351,101343,4496,105839,1199
2021-12-14,Yolo,113,214977,21022,20734,1199,21933,267
2021-12-14,Yuba,115,75493,10665,10574,401,10975,92
2021-12-13,Alameda,001,1643700,124988,124174,2955,127129,1501
2021-12-13,Alpine,003,1148,107,109,0,109,0
2021-12-13,Amador,005,37829,5823,5797,73,5870,69
2021-12-13,Butte,007,227075,22137,21889,4041,25930,326
2021-12-13,Calaveras,009,45235,4548,4507,63,4570,89
2021-12-13,Colusa,011,21464,2649,2627,683,3310,21
2021-12-13,Contra Costa,013,1133247,103866,103041,2360,105401,1064
2021-12-13,Del Norte,015,27424,3809,3787,55,3842,42
2021-12-13,El Dorado,017,186661,17159,16896,1818,18714,170
2021-12-13,Fresno,019,978130,148077,146641,13261,159902,2312
2021-12-13,Glenn,021,27897,3619,3589,1051,4640,37
2021-12-13,Humboldt,023,135768,9938,9821,712,10533,118
2021-12-13,Imperial,025,180216,36490,35974,3834,39808,787
2021-12-13,Inyo,027,18085,2622,2592,39,2631,46
2021-12-13,Kern,029,883053,134495,133381,24274,157655,1863
2021-12-13,Kings,031,150075,33992,33680,2035,35715,372
2021-12-13,Lake,033,64148,7020,6958,164,7122,115
2021-12-13,Lassen,035,31185,7091,7057,424,7481,55
2021-12-13,Los Angeles,037,10098052,1494083,1480195,56689,1536884,27085
2021-12-13,Madera,039,155013,24704,24527,2339,26866,311
2021-12-13,Marin,041,260295,18658,18471,552,19023,249
2021-12-13,Mariposa,043,17540,1479,1462,61,1523,6
2021-12-13,Mendocino,045,87422,8295,8196,687,8883,95
2021-12-13,Merced,047,269075,43893,43848,2180,46028,682
2021-12-13,Modoc,049,8938,596,595,203,798,6
2021-12-13,Mono,051,14174,1964,1952,22,1974,4
2021-12-13,Monterey,053,433212,50567,49222,3347,52569,631
2021-12-13,Napa,055,140530,13621,13518,131,13649,107
2021-12-13,Nevada,057,99092,10051,9946,350,10296,106
2021-12-13,Orange,059,3164182,319713,317112,16435,333547,5824
2021-12-13,Placer,061,380077,39599,39168,3931,43099,481
2021-12-13,Plumas,063,18699,2011,1943,48,1991,12
2021-12-13,Riverside,065,2383286,382575,377728,16793,394521,5414
2021-12-13,Sacramento,067,1510023,167689,166439,5070,171509,2392
2021-12-13,San Benito,069,59416,7880,7856,183,8039,79
2021-12-13,San Bernardino,071,2135413,373959,370274,11926,382200,6011
2021-12-13,San Diego,073,3302833,397332,395266,23200,418466,4389
2021-12-13,San Francisco,075,870044,56275,55245,2469,57714,678
2021-12-13,San Joaquin,077,732212,104170,103449,5634,109083,1846
2021-12-13,San Luis Obispo,079,281455,31127,30746,1367,32113,363
2021-12-13,San Mateo,081,765935,56905,55569,1003,56572,580
2021-12-13,Santa Barbara,083,443738,46922,46608,1630,48238,560
2021-12-13,Santa Clara,085,1922200,155230,153672,1722,155394,1944
2021-12-13,Santa Cruz,087,273765,21970,21698,1037,22735,225
2021-12-13,Shasta,089,179085,22867,22731,3723,26454,426
2021-12-13,Sierra,091,2930,201,199,21,220,0
2021-12-13,Siskiyou,093,43540,3495,3426,1362,4788,57
2021-12-13,Solano,095,438530,47762,47045,1363,48408,365
2021-12-13,Sonoma,097,501317,43924,43492,591,44083,407
2021-12-13,Stanislaus,099,539301,82326,82507,9329,91836,1282
2021-12-13,Sutter,101,95872,14409,14408,407,14815,188
2021-12-13,Tehama,103,63373,8889,8800,1544,10344,134
2021-12-13,Trinity,105,12862,912,820,220,1040,17
2021-12-13,Tulare,107,460477,71799,70758,16317,87075,1114
2021-12-13,Tuolumne,109,53932,7859,7804,115,7919,91
2021-12-13,Ventura,111,848112,102126,101180,4485,105665,1197
2021-12-13,Yolo,113,214977,20973,20706,1194,21900,267
2021-12-13,Yuba,115,75493,10648,10570,401,10971,92
2021-12-12,Alameda,001,1643700,124705,124075,2943,127018,1503
2021-12-12,Alpine,003,1148,107,109,0,109,0
2021-12-12,Amador,005,37829,5815,5797,72,5869,69
2021-12-12,Butte,007,227075,22113,21874,4035,25909,326
2021-12-12,Calaveras,009,45235,4537,4501,63,4564,89
2021-12-12,Colusa,011,21464,2644,2627,680,3307,21
2021-12-12,Contra Costa,013,1133247,103679,102976,2358,105334,1065
2021-12-12,Del Norte,015,27424,3806,3793,55,3848,42
2021-12-12,El Dorado,017,186661,17123,16890,1810,18700,170
2021-12-12,Fresno,019,978130,147915,146518,13246,159764,2310
2021-12-12,Glenn,021,27897,3616,3589,1051,4640,37
2021-12-12,Humboldt,023,135768,9913,9804,705,10509,118
2021-12-12,Imperial,025,180216,36356,35926,3803,39729,787
2021-12-12,Inyo,027,18085,2617,2592,39,2631,46
2021-12-12,Kern,029,883053,134329,133314,24233,157547,1861
2021-12-12,Kings,031,150075,33941,33661,2033,35694,372
2021-12-12,Lake,033,64148,7013,6955,162,7117,115
2021-12-12,Lassen,035,31185,7090,7057,424,7481,55
2021-12-12,Los Angeles,037,10098052,1491170,1479054,56508,1535562,27074
2021-12-12,Madera,039,155013,24675,24493,2332,26825,311
2021-12-12,Marin,041,260295,18605,18451,548,18999,249
2021-12-12,Mariposa,043,17540,1478,1461,61,1522,6
2021-12-12,Mendocino,045,87422,8282,8190,686,8876,95
2021-12-12,Merced,047,269075,43860,43821,2173,45994,682
2021-12-12,Modoc,049,8938,596,595,202,797,6
2021-12-12,Mono,051,14174,1960,1947,22,1969,4
2021-12-12,Monterey,053,433212,50514,49192,3321,52513,631
2021-12-12,Napa,055,140530,13578,13508,129,13637,107
2021-12-12,Nevada,057,99092,10024,9938,349,10287,106
2021-12-12,Orange,059,3164182,319207,316918,16370,333288,5825
2021-12-12,Placer,061,380077,39534,39139,3925,43064,481
2021-12-12,Plumas,063,18699,2007,1942,46,1988,12
2021-12-12,Riverside,065,2383286,381897,377467,16768,394235,5414
2021-12-12,Sacramento,067,1510023,167422,166291,5049,171340,2392
2021-12-12,San Benito,069,59416,7860,7853,183,8036,79
2021-12-12,San Bernardino,071,2135413,373312,369977,11902,381879,6011
2021-12-12,San Diego,073,3302833,396437,393307,23162,416469,4378
2021-12-12,San Francisco,075,870044,56019,55180,2457,57637,678
2021-12-12,San Joaquin,077,732212,104031,103405,5624,109029,1846
2021-12-12,San Luis Obispo,079,281455,31074,30719,1365,32084,363
2021-12-12,San Mateo,081,765935,56788,55505,999,56504,580
2021-12-12,Santa Barbara,083,443738,46847,46586,1628,48214,560
2021-12-12,Santa Clara,085,1922200,154950,153452,1708,155160,1945
2021-12-12,Santa Cruz,087,273765,21921,21671,1035,22706,225
2021-12-12,Shasta,089,179085,22839,22732,3722,26454,426
2021-12-12,Sierra,091,2930,201,199,21,220,0
2021-12-12,Siskiyou,093,43540,3495,3424,1362,4786,57
2021-12-12,Solano,095,438530,47696,47021,1360,48381,365
2021-12-12,Sonoma,097,501317,43831,43424,588,44012,407
2021-12-12,Stanislaus,099,539301,82226,82460,9316,91776,1282
2021-12-12,Sutter,101,95872,14398,14396,407,14803,189
2021-12-12,Tehama,103,63373,8878,8796,1542,10338,134
2021-12-12,Trinity,105,12862,910,820,220,1040,17
2021-12-12,Tulare,107,460477,71722,70733,16275,87008,1115
2021-12-12,Tuolumne,109,53932,7842,7794,115,7909,91
2021-12-12,Ventura,111,848112,101933,101105,4471,105576,1197
2021-12-12,Yolo,113,214977,20922,20685,1182,21867,267
2021-12-12,Yuba,115,75493,10634,10565,398,10963,92
2021-12-11,Alameda,001,1643700,124568,123572,2941,126513,1496
2021-12-11,Alpine,003,1148,107,109,0,109,0
2021-12-11,Amador,005,37829,5810,5787,72,5859,69
2021-12-11,Butte,007,227075,22099,21819,4033,25852,326
2021-12-11,Calaveras,009,45235,4529,4469,62,4531,89
2021-12-11,Colusa,011,21464,2640,2619,679,3298,21
2021-12-11,Contra Costa,013,1133247,103593,102618,2356,104974,1061
2021-12-11,Del Norte,015,27424,3806,3778,55,3833,42
2021-12-11,El Dorado,017,186661,17103,16796,1809,18605,170
2021-12-11,Fresno,019,978130,147828,145988,13237,159225,2294
2021-12-11,Glenn,021,27897,3614,3585,1051,4636,37
2021-12-11,Humboldt,023,135768,9896,9721,702,10423,118
2021-12-11,Imperial,025,180216,36298,35635,3794,39429,782
2021-12-11,Inyo,027,18085,2612,2576,39,2615,46
2021-12-11,Kern,029,883053,134260,132852,24199,157051,1854
2021-12-11,Kings,031,150075,33928,33530,2031,35561,371
2021-12-11,Lake,033,64148,7012,6932,160,7092,114
2021-12-11,Lassen,035,31185,7089,7049,424,7473,55
2021-12-11,Los Angeles,037,10098052,1489956,1474030,56417,1530447,27031
2021-12-11,Madera,039,155013,24669,24417,2331,26748,311
2021-12-11,Marin,041,260295,18571,18339,545,18884,249
2021-12-11,Mariposa,043,17540,1477,1450,61,1511,6
2021-12-11,Mendocino,045,87422,8275,8130,686,8816,95
2021-12-11,Merced,047,269075,43841,43690,2172,45862,681
2021-12-11,Modoc,049,8938,596,594,202,796,6
2021-12-11,Mono,051,14174,1956,1926,22,1948,4
2021-12-11,Monterey,053,433212,50486,49008,3318,52326,631
2021-12-11,Napa,055,140530,13561,13459,129,13588,107
2021-12-11,Nevada,057,99092,10011,9880,349,10229,106
2021-12-11,Orange,059,3164182,318957,315759,16343,332102,5805
2021-12-11,Placer,061,380077,39476,38959,3918,42877,481
2021-12-11,Plumas,063,18699,2001,1934,46,1980,12
2021-12-11,Riverside,065,2383286,381477,375649,16752,392401,5408
2021-12-11,Sacramento,067,1510023,167291,165530,5042,170572,2386
2021-12-11,San Benito,069,59416,7846,7808,183,7991,79
2021-12-11,San Bernardino,071,2135413,372947,368145,11892,380037,6007
2021-12-11,San Diego,073,3302833,396014,392274,23124,415398,4374
2021-12-11,San Francisco,075,870044,55867,54869,2452,57321,678
2021-12-11,San Joaquin,077,732212,103970,103013,5620,108633,1842
2021-12-11,San Luis Obispo,079,281455,31052,30567,1361,31928,362
2021-12-11,San Mateo,081,765935,56709,55284,997,56281,580
2021-12-11,Santa Barbara,083,443738,46812,46309,1628,47937,559
2021-12-11,Santa Clara,085,1922200,154752,152846,1696,154542,1941
2021-12-11,Santa Cruz,087,273765,21897,21557,1035,22592,225
2021-12-11,Shasta,089,179085,22824,22660,3718,26378,419
2021-12-11,Sierra,091,2930,201,199,21,220,0
2021-12-11,Siskiyou,093,43540,3489,3418,1359,4777,57
2021-12-11,Solano,095,438530,47667,46891,1356,48247,365
2021-12-11,Sonoma,097,501317,43783,43227,588,43815,407
2021-12-11,Stanislaus,099,539301,82177,82133,9307,91440,1264
2021-12-11,Sutter,101,95872,14389,14354,407,14761,187
2021-12-11,Tehama,103,63373,8875,8776,1540,10316,134
2021-12-11,Trinity,105,12862,910,819,220,1039,17
2021-12-11,Tulare,107,460477,71678,70523,16265,86788,1103
2021-12-11,Tuolumne,109,53932,7833,7760,115,7875,91
2021-12-11,Ventura,111,848112,101858,100711,4464,105175,1195
2021-12-11,Yolo,113,214977,20903,20608,1178,21786,267
2021-12-11,Yuba,115,75493,10622,10519,397,10916,92
2021-12-10,Alameda,001,1643700,124445,123572,2933,126505,1496
2021-12-10,Alpine,003,1148,106,109,0,109,0
2021-12-10,Amador,005,37829,5803,5787,72,5859,69
2021-12-10,Butte,007,227075,22086,21819,4031,25850,326
2021-12-10,Calaveras,009,45235,4526,4469,62,4531,89
2021-12-10,Colusa,011,21464,2639,2619,679,3298,21
2021-12-10,Contra Costa,013,1133247,103497,102618,2355,104973,1061
2021-12-10,Del Norte,015,27424,3806,3778,55,3833,42
2021-12-10,El Dorado,017,186661,17090,16796,1809,18605,170
2021-12-10,Fresno,019,978130,147740,145988,13226,159214,2294
2021-12-10,Glenn,021,27897,3614,3585,1051,4636,37
2021-12-10,Humboldt,023,135768,9879,9721,700,10421,118
2021-12-10,Imperial,025,180216,36243,35635,3779,39414,782
2021-12-10,Inyo,027,18085,2609,2576,39,2615,46
2021-12-10,Kern,029,883053,134171,132852,24175,157027,1854
2021-12-10,Kings,031,150075,33913,33530,2029,35559,371
2021-12-10,Lake,033,64148,7005,6932,160,7092,114
2021-12-10,Lassen,035,31185,7088,7049,424,7473,55
2021-12-10,Los Angeles,037,10098052,1488869,1474030,56330,1530360,27031
2021-12-10,Madera,039,155013,24651,24417,2329,26746,311
2021-12-10,Marin,041,260295,18549,18339,545,18884,249
2021-12-10,Mariposa,043,17540,1474,1450,61,1511,6
2021-12-10,Mendocino,045,87422,8268,8130,685,8815,95
2021-12-10,Merced,047,269075,43823,43690,2170,45860,681
2021-12-10,Modoc,049,8938,596,594,202,796,6
2021-12-10,Mono,051,14174,1953,1926,22,1948,4
2021-12-10,Monterey,053,433212,50449,49008,3312,52320,631
2021-12-10,Napa,055,140530,13549,13459,128,13587,107
2021-12-10,Nevada,057,99092,10002,9880,349,10229,106
2021-12-10,Orange,059,3164182,318690,315759,16311,332070,5805
2021-12-10,Placer,061,380077,39434,38959,3915,42874,481
2021-12-10,Plumas,063,18699,1999,1934,46,1980,12
2021-12-10,Riverside,065,2383286,381071,375649,16742,392391,5408
2021-12-10,Sacramento,067,1510023,167139,165530,5040,170570,2386
2021-12-10,San Benito,069,59416,7842,7808,183,7991,79
2021-12-10,San Bernardino,071,2135413,372575,368145,11869,380014,6007
2021-12-10,San Diego,073,3302833,395534,392274,23110,415384,4374
2021-12-10,San Francisco,075,870044,55782,54869,2446,57315,678
2021-12-10,San Joaquin,077,732212,103915,103013,5616,108629,1842
2021-12-10,San Luis Obispo,079,281455,31042,30567,1358,31925,362
2021-12-10,San Mateo,081,765935,56652,55284,994,56278,580
2021-12-10,Santa Barbara,083,443738,46775,46309,1627,47936,559
2021-12-10,Santa Clara,085,1922200,154582,152846,1683,154529,1941
2021-12-10,Santa Cruz,087,273765,21877,21557,1034,22591,225
2021-12-10,Shasta,089,179085,22813,22660,3715,26375,419
2021-12-10,Sierra,091,2930,201,199,21,220,0
2021-12-10,Siskiyou,093,43540,3482,3418,1359,4777,57
2021-12-10,Solano,095,438530,47625,46891,1352,48243,365
2021-12-10,Sonoma,097,501317,43749,43227,587,43814,407
2021-12-10,Stanislaus,099,539301,82111,82133,9301,91434,1264
2021-12-10,Sutter,101,95872,14381,14354,407,14761,187
2021-12-10,Tehama,103,63373,8873,8776,1538,10314,134
2021-12-10,Trinity,105,12862,910,819,220,1039,17
2021-12-10,Tulare,107,460477,71649,70523,16241,86764,1103
2021-12-10,Tuolumne,109,53932,7827,7760,115,7875,91
2021-12-10,Ventura,111,848112,101754,100711,4461,105172,1195
2021-12-10,Yolo,113,214977,20889,20608,1176,21784,267
2021-12-10,Yuba,115,75493,10610,10519,396,10915,92
2021-12-09,Alameda,001,1643700,124302,123572,2928,126500,1496
2021-12-09,Alpine,003,1148,106,109,0,109,0
2021-12-09,Amador,005,37829,5800,5787,71,5858,69
2021-12-09,Butte,007,227075,22066,21819,4027,25846,326
2021-12-09,Calaveras,009,45235,4517,4469,62,4531,89
2021-12-09,Colusa,011,21464,2637,2619,679,3298,21
2021-12-09,Contra Costa,013,1133247,103378,102618,2349,104967,1061
2021-12-09,Del Norte,015,27424,3805,3778,55,3833,42
2021-12-09,El Dorado,017,186661,17062,16796,1804,18600,170
2021-12-09,Fresno,019,978130,147593,145988,13214,159202,2294
2021-12-09,Glenn,021,27897,3614,3585,1051,4636,37
2021-12-09,Humboldt,023,135768,9856,9721,699,10420,118
2021-12-09,Imperial,025,180216,36172,35635,3750,39385,782
2021-12-09,Inyo,027,18085,2607,2576,39,2615,46
2021-12-09,Kern,029,883053,134045,132852,24142,156994,1854
2021-12-09,Kings,031,150075,33886,33530,2026,35556,371
2021-12-09,Lake,033,64148,6996,6932,160,7092,114
2021-12-09,Lassen,035,31185,7086,7049,424,7473,55
2021-12-09,Los Angeles,037,10098052,1487329,1474030,56245,1530275,27031
2021-12-09,Madera,039,155013,24626,24417,2326,26743,311
2021-12-09,Marin,041,260295,18535,18339,543,18882,249
2021-12-09,Mariposa,043,17540,1473,1450,61,1511,6
2021-12-09,Mendocino,045,87422,8255,8130,682,8812,95
2021-12-09,Merced,047,269075,43785,43690,2158,45848,681
2021-12-09,Modoc,049,8938,596,594,202,796,6
2021-12-09,Mono,051,14174,1949,1926,22,1948,4
2021-12-09,Monterey,053,433212,50403,49008,3301,52309,631
2021-12-09,Napa,055,140530,13529,13459,124,13583,107
2021-12-09,Nevada,057,99092,9983,9880,349,10229,106
2021-12-09,Orange,059,3164182,318354,315759,16272,332031,5805
2021-12-09,Placer,061,380077,39390,38959,3902,42861,481
2021-12-09,Plumas,063,18699,1991,1934,46,1980,12
2021-12-09,Riverside,065,2383286,380521,375649,16726,392375,5408
2021-12-09,Sacramento,067,1510023,166918,165530,5025,170555,2386
2021-12-09,San Benito,069,59416,7830,7808,182,7990,79
2021-12-09,San Bernardino,071,2135413,372061,368145,11845,379990,6007
2021-12-09,San Diego,073,3302833,394887,392274,23080,415354,4374
2021-12-09,San Francisco,075,870044,55697,54869,2439,57308,678
2021-12-09,San Joaquin,077,732212,103823,103013,5610,108623,1842
2021-12-09,San Luis Obispo,079,281455,31014,30567,1356,31923,362
2021-12-09,San Mateo,081,765935,56564,55284,992,56276,580
2021-12-09,Santa Barbara,083,443738,46695,46309,1621,47930,559
2021-12-09,Santa Clara,085,1922200,154367,152846,1672,154518,1941
2021-12-09,Santa Cruz,087,273765,21849,21557,1034,22591,225
2021-12-09,Shasta,089,179085,22797,22660,3714,26374,419
2021-12-09,Sierra,091,2930,201,199,21,220,0
2021-12-09,Siskiyou,093,43540,3478,3418,1358,4776,57
2021-12-09,Solano,095,438530,47588,46891,1350,48241,365
2021-12-09,Sonoma,097,501317,43692,43227,585,43812,407
2021-12-09,Stanislaus,099,539301,82040,82133,9286,91419,1264
2021-12-09,Sutter,101,95872,14366,14354,407,14761,187
2021-12-09,Tehama,103,63373,8866,8776,1536,10312,134
2021-12-09,Trinity,105,12862,910,819,220,1039,17
2021-12-09,Tulare,107,460477,71594,70523,16212,86735,1103
2021-12-09,Tuolumne,109,53932,7816,7760,114,7874,91
2021-12-09,Ventura,111,848112,101609,100711,4449,105160,1195
2021-12-09,Yolo,113,214977,20866,20608,1168,21776,267
2021-12-09,Yuba,115,75493,10602,10519,393,10912,92
2021-12-08,Alameda,001,1643700,124152,123438,2918,126356,1496
2021-12-08,Alpine,003,1148,106,108,0,108,0
2021-12-08,Amador,005,37829,5795,5781,71,5852,69
2021-12-08,Butte,007,227075,22049,21780,4024,25804,326
2021-12-08,Calaveras,009,45235,4509,4455,62,4517,89
2021-12-08,Colusa,011,21464,2634,2619,678,3297,21
2021-12-08,Contra Costa,013,1133247,103249,102506,2349,104855,1058
2021-12-08,Del Norte,015,27424,3804,3767,55,3822,42
2021-12-08,El Dorado,017,186661,17030,16757,1804,18561,170
2021-12-08,Fresno,019,978130,147433,145830,13200,159030,2293
2021-12-08,Glenn,021,27897,3614,3584,1047,4631,37
2021-12-08,Humboldt,023,135768,9835,9704,697,10401,117
2021-12-08,Imperial,025,180216,36091,35537,3720,39257,782
2021-12-08,Inyo,027,18085,2604,2570,39,2609,46
2021-12-08,Kern,029,883053,133922,132709,24094,156803,1846
2021-12-08,Kings,031,150075,33852,33468,2025,35493,371
2021-12-08,Lake,033,64148,6990,6927,159,7086,114
2021-12-08,Lassen,035,31185,7085,7041,422,7463,55
2021-12-08,Los Angeles,037,10098052,1485782,1472410,56135,1528545,27018
2021-12-08,Madera,039,155013,24605,24396,2319,26715,311
2021-12-08,Marin,041,260295,18514,18305,540,18845,249
2021-12-08,Mariposa,043,17540,1470,1447,61,1508,6
2021-12-08,Mendocino,045,87422,8242,8118,681,8799,95
2021-12-08,Merced,047,269075,43753,43631,2151,45782,680
2021-12-08,Modoc,049,8938,596,594,202,796,6
2021-12-08,Mono,051,14174,1943,1924,22,1946,4
2021-12-08,Monterey,053,433212,50338,48957,3286,52243,631
2021-12-08,Napa,055,140530,13515,13421,124,13545,107
2021-12-08,Nevada,057,99092,9967,9862,349,10211,106
2021-12-08,Orange,059,3164182,318007,315421,16235,331656,5795
2021-12-08,Placer,061,380077,39339,38934,3898,42832,478
2021-12-08,Plumas,063,18699,1989,1924,46,1970,12
2021-12-08,Riverside,065,2383286,380009,375099,16703,391802,5404
2021-12-08,Sacramento,067,1510023,166663,165278,4998,170276,2373
2021-12-08,San Benito,069,59416,7821,7793,182,7975,79
2021-12-08,San Bernardino,071,2135413,371579,367516,11820,379336,6006
2021-12-08,San Diego,073,3302833,394237,391676,23048,414724,4369
2021-12-08,San Francisco,075,870044,55610,54792,2431,57223,677
2021-12-08,San Joaquin,077,732212,103721,102877,5601,108478,1841
2021-12-08,San Luis Obispo,079,281455,30965,30519,1351,31870,361
2021-12-08,San Mateo,081,765935,56497,55220,986,56206,580
2021-12-08,Santa Barbara,083,443738,46640,46250,1618,47868,558
2021-12-08,Santa Clara,085,1922200,154203,152674,1661,154335,1937
2021-12-08,Santa Cruz,087,273765,21803,21505,1032,22537,224
2021-12-08,Shasta,089,179085,22777,22616,3708,26324,419
2021-12-08,Sierra,091,2930,201,199,21,220,0
2021-12-08,Siskiyou,093,43540,3477,3415,1356,4771,57
2021-12-08,Solano,095,438530,47558,46837,1349,48186,365
2021-12-08,Sonoma,097,501317,43630,43179,584,43763,405
2021-12-08,Stanislaus,099,539301,81959,82038,9273,91311,1264
2021-12-08,Sutter,101,95872,14350,14336,405,14741,187
2021-12-08,Tehama,103,63373,8857,8768,1536,10304,133
2021-12-08,Trinity,105,12862,910,818,220,1038,17
2021-12-08,Tulare,107,460477,71531,70472,16187,86659,1102
2021-12-08,Tuolumne,109,53932,7803,7749,114,7863,91
2021-12-08,Ventura,111,848112,101480,100647,4446,105093,1194
2021-12-08,Yolo,113,214977,20840,20575,1162,21737,267
2021-12-08,Yuba,115,75493,10588,10499,390,10889,92
2021-12-07,Alameda,001,1643700,123977,123325,2910,126235,1497
2021-12-07,Alpine,003,1148,106,108,0,108,0
2021-12-07,Amador,005,37829,5792,5778,70,5848,69
2021-12-07,Butte,007,227075,22024,21761,4018,25779,324
2021-12-07,Calaveras,009,45235,4492,4445,62,4507,88
2021-12-07,Colusa,011,21464,2632,2619,678,3297,21
2021-12-07,Contra Costa,013,1133247,103130,102421,2341,104762,1058
2021-12-07,Del Norte,015,27424,3803,3766,55,3821,42
2021-12-07,El Dorado,017,186661,17004,16742,1801,18543,170
2021-12-07,Fresno,019,978130,147285,145715,13186,158901,2289
2021-12-07,Glenn,021,27897,3613,3579,1047,4626,36
2021-12-07,Humboldt,023,135768,9809,9693,692,10385,117
2021-12-07,Imperial,025,180216,36013,35502,3699,39201,778
2021-12-07,Inyo,027,18085,2601,2567,39,2606,46
2021-12-07,Kern,029,883053,133762,132564,24041,156605,1838
2021-12-07,Kings,031,150075,33820,33441,2022,35463,372
2021-12-07,Lake,033,64148,6985,6925,159,7084,113
2021-12-07,Lassen,035,31185,7083,7040,421,7461,55
2021-12-07,Los Angeles,037,10098052,1484005,1470904,56035,1526939,27007
2021-12-07,Madera,039,155013,24582,24367,2312,26679,311
2021-12-07,Marin,041,260295,18481,18284,534,18818,249
2021-12-07,Mariposa,043,17540,1468,1446,61,1507,6
2021-12-07,Mendocino,045,87422,8223,8107,681,8788,95
2021-12-07,Merced,047,269075,43712,43600,2144,45744,675
2021-12-07,Modoc,049,8938,596,594,201,795,6
2021-12-07,Mono,051,14174,1941,1921,22,1943,4
2021-12-07,Monterey,053,433212,50254,48880,3269,52149,631
2021-12-07,Napa,055,140530,13497,13409,124,13533,107
2021-12-07,Nevada,057,99092,9952,9858,348,10206,105
2021-12-07,Orange,059,3164182,317673,315138,16186,331324,5784
2021-12-07,Placer,061,380077,39263,38860,3894,42754,474
2021-12-07,Plumas,063,18699,1985,1915,46,1961,12
2021-12-07,Riverside,065,2383286,379477,374552,16687,391239,5397
2021-12-07,Sacramento,067,1510023,166416,165148,4984,170132,2375
2021-12-07,San Benito,069,59416,7804,7776,182,7958,78
2021-12-07,San Bernardino,071,2135413,370986,366981,11802,378783,6007
2021-12-07,San Diego,073,3302833,393394,391110,23010,414120,4357
2021-12-07,San Francisco,075,870044,55499,54729,2426,57155,676
2021-12-07,San Joaquin,077,732212,103604,102797,5589,108386,1839
2021-12-07,San Luis Obispo,079,281455,30925,30495,1349,31844,361
2021-12-07,San Mateo,081,765935,56405,55163,980,56143,580
2021-12-07,Santa Barbara,083,443738,46568,46205,1616,47821,556
2021-12-07,Santa Clara,085,1922200,154017,152465,1652,154117,1941
2021-12-07,Santa Cruz,087,273765,21756,21493,1032,22525,224
2021-12-07,Shasta,089,179085,22755,22594,3705,26299,418
2021-12-07,Sierra,091,2930,201,199,21,220,0
2021-12-07,Siskiyou,093,43540,3475,3412,1356,4768,57
2021-12-07,Solano,095,438530,47518,46812,1347,48159,365
2021-12-07,Sonoma,097,501317,43556,43154,583,43737,405
2021-12-07,Stanislaus,099,539301,81881,81980,9262,91242,1258
2021-12-07,Sutter,101,95872,14342,14322,404,14726,186
2021-12-07,Tehama,103,63373,8849,8765,1535,10300,133
2021-12-07,Trinity,105,12862,910,818,220,1038,17
2021-12-07,Tulare,107,460477,71476,70411,16159,86570,1103
2021-12-07,Tuolumne,109,53932,7795,7743,114,7857,91
2021-12-07,Ventura,111,848112,101383,100569,4436,105005,1194
2021-12-07,Yolo,113,214977,20814,20560,1159,21719,263
2021-12-07,Yuba,115,75493,10570,10491,389,10880,91
2021-12-06,Alameda,001,1643700,123812,123227,2907,126134,1496
2021-12-06,Alpine,003,1148,106,108,0,108,0
2021-12-06,Amador,005,37829,5785,5769,69,5838,67
2021-12-06,Butte,007,227075,22006,21732,4015,25747,321
2021-12-06,Calaveras,009,45235,4485,4443,62,4505,88
2021-12-06,Colusa,011,21464,2631,2615,674,3289,21
2021-12-06,Contra Costa,013,1133247,103010,102327,2337,104664,1058
2021-12-06,Del Norte,015,27424,3801,3744,55,3799,42
2021-12-06,El Dorado,017,186661,16979,16726,1799,18525,168
2021-12-06,Fresno,019,978130,147088,145539,13176,158715,2285
2021-12-06,Glenn,021,27897,3610,3577,1046,4623,36
2021-12-06,Humboldt,023,135768,9789,9671,685,10356,117
2021-12-06,Imperial,025,180216,35932,35453,3681,39134,778
2021-12-06,Inyo,027,18085,2595,2562,38,2600,46
2021-12-06,Kern,029,883053,133574,132366,23985,156351,1835
2021-12-06,Kings,031,150075,33787,33399,2017,35416,368
2021-12-06,Lake,033,64148,6981,6922,159,7081,113
2021-12-06,Lassen,035,31185,7078,7032,419,7451,51
2021-12-06,Los Angeles,037,10098052,1482342,1470059,55943,1526002,26993
2021-12-06,Madera,039,155013,24555,24334,2309,26643,307
2021-12-06,Marin,041,260295,18453,18252,532,18784,249
2021-12-06,Mariposa,043,17540,1465,1443,61,1504,6
2021-12-06,Mendocino,045,87422,8210,8079,677,8756,95
2021-12-06,Merced,047,269075,43672,43549,2134,45683,672
2021-12-06,Modoc,049,8938,596,593,201,794,6
2021-12-06,Mono,051,14174,1936,1913,22,1935,4
2021-12-06,Monterey,053,433212,50178,48831,3250,52081,626
2021-12-06,Napa,055,140530,13474,13387,122,13509,107
2021-12-06,Nevada,057,99092,9924,9847,347,10194,105
2021-12-06,Orange,059,3164182,317293,314859,16144,331003,5771
2021-12-06,Placer,061,380077,39205,38785,3889,42674,473
2021-12-06,Plumas,063,18699,1977,1913,46,1959,10
2021-12-06,Riverside,065,2383286,378952,374116,16673,390789,5388
2021-12-06,Sacramento,067,1510023,166140,164926,4963,169889,2367
2021-12-06,San Benito,069,59416,7788,7755,182,7937,78
2021-12-06,San Bernardino,071,2135413,370425,366606,11775,378381,5998
2021-12-06,San Diego,073,3302833,392548,390389,22965,413354,4352
2021-12-06,San Francisco,075,870044,55391,54659,2421,57080,674
2021-12-06,San Joaquin,077,732212,103476,102728,5582,108310,1837
2021-12-06,San Luis Obispo,079,281455,30888,30464,1347,31811,361
2021-12-06,San Mateo,081,765935,56331,55112,977,56089,580
2021-12-06,Santa Barbara,083,443738,46475,46146,1615,47761,556
2021-12-06,Santa Clara,085,1922200,153808,152310,1635,153945,1937
2021-12-06,Santa Cruz,087,273765,21721,21450,1029,22479,224
2021-12-06,Shasta,089,179085,22732,22556,3697,26253,416
2021-12-06,Sierra,091,2930,200,198,21,219,0
2021-12-06,Siskiyou,093,43540,3473,3409,1351,4760,57
2021-12-06,Solano,095,438530,47473,46748,1346,48094,360
2021-12-06,Sonoma,097,501317,43485,43114,575,43689,405
2021-12-06,Stanislaus,099,539301,81784,81889,9228,91117,1241
2021-12-06,Sutter,101,95872,14330,14319,404,14723,186
2021-12-06,Tehama,103,63373,8841,8760,1535,10295,133
2021-12-06,Trinity,105,12862,910,815,219,1034,17
2021-12-06,Tulare,107,460477,71399,70285,16120,86405,1101
2021-12-06,Tuolumne,109,53932,7781,7726,114,7840,91
2021-12-06,Ventura,111,848112,101282,100426,4428,104854,1194
2021-12-06,Yolo,113,214977,20790,20548,1158,21706,263
2021-12-06,Yuba,115,75493,10555,10480,384,10864,91
2021-12-05,Alameda,001,1643700,123626,123104,2900,126004,1496
2021-12-05,Alpine,003,1148,105,108,0,108,0
2021-12-05,Amador,005,37829,5782,5761,69,5830,67
2021-12-05,Butte,007,227075,21972,21720,4009,25729,320
2021-12-05,Calaveras,009,45235,4469,4434,62,4496,88
2021-12-05,Colusa,011,21464,2630,2615,673,3288,21
2021-12-05,Contra Costa,013,1133247,102878,102251,2327,104578,1058
2021-12-05,Del Norte,015,27424,3799,3751,55,3806,42
2021-12-05,El Dorado,017,186661,16941,16717,1794,18511,168
2021-12-05,Fresno,019,978130,146914,145452,13155,158607,2284
2021-12-05,Glenn,021,27897,3608,3577,1045,4622,36
2021-12-05,Humboldt,023,135768,9758,9662,682,10344,117
2021-12-05,Imperial,025,180216,35838,35422,3652,39074,778
2021-12-05,Inyo,027,18085,2588,2559,38,2597,46
2021-12-05,Kern,029,883053,133410,132286,23933,156219,1833
2021-12-05,Kings,031,150075,33724,33360,2017,35377,369
2021-12-05,Lake,033,64148,6976,6919,158,7077,113
2021-12-05,Lassen,035,31185,7076,7031,419,7450,51
2021-12-05,Los Angeles,037,10098052,1480492,1468937,55808,1524745,26991
2021-12-05,Madera,039,155013,24514,24311,2306,26617,307
2021-12-05,Marin,041,260295,18406,18216,524,18740,249
2021-12-05,Mariposa,043,17540,1462,1440,60,1500,6
2021-12-05,Mendocino,045,87422,8191,8069,671,8740,95
2021-12-05,Merced,047,269075,43628,43534,2125,45659,672
2021-12-05,Modoc,049,8938,596,593,201,794,6
2021-12-05,Mono,051,14174,1929,1907,22,1929,4
2021-12-05,Monterey,053,433212,50106,48813,3218,52031,626
2021-12-05,Napa,055,140530,13448,13382,119,13501,107
2021-12-05,Nevada,057,99092,9903,9827,346,10173,105
2021-12-05,Orange,059,3164182,316857,314560,16102,330662,5771
2021-12-05,Placer,061,380077,39147,38738,3880,42618,473
2021-12-05,Plumas,063,18699,1973,1913,45,1958,9
2021-12-05,Riverside,065,2383286,378293,373827,16643,390470,5388
2021-12-05,Sacramento,067,1510023,165835,164721,4945,169666,2367
2021-12-05,San Benito,069,59416,7771,7748,181,7929,78
2021-12-05,San Bernardino,071,2135413,369717,366282,11728,378010,5998
2021-12-05,San Diego,073,3302833,391753,387979,22916,410895,4351
2021-12-05,San Francisco,075,870044,55290,54603,2419,57022,674
2021-12-05,San Joaquin,077,732212,103335,102698,5577,108275,1837
2021-12-05,San Luis Obispo,079,281455,30818,30454,1344,31798,360
2021-12-05,San Mateo,081,765935,56242,55050,967,56017,580
2021-12-05,Santa Barbara,083,443738,46392,46097,1607,47704,555
2021-12-05,Santa Clara,085,1922200,153555,152114,1616,153730,1933
2021-12-05,Santa Cruz,087,273765,21671,21424,1029,22453,224
2021-12-05,Shasta,089,179085,22676,22550,3696,26246,416
2021-12-05,Sierra,091,2930,200,198,21,219,0
2021-12-05,Siskiyou,093,43540,3471,3409,1350,4759,57
2021-12-05,Solano,095,438530,47410,46715,1344,48059,360
2021-12-05,Sonoma,097,501317,43408,43038,570,43608,405
2021-12-05,Stanislaus,099,539301,81646,81847,9218,91065,1241
2021-12-05,Sutter,101,95872,14307,14303,399,14702,186
2021-12-05,Tehama,103,63373,8833,8755,1533,10288,133
2021-12-05,Trinity,105,12862,909,815,219,1034,17
2021-12-05,Tulare,107,460477,71318,70254,16072,86326,1102
2021-12-05,Tuolumne,109,53932,7768,7718,114,7832,91
2021-12-05,Ventura,111,848112,101146,100367,4415,104782,1194
2021-12-05,Yolo,113,214977,20748,20512,1156,21668,263
2021-12-05,Yuba,115,75493,10542,10467,377,10844,91
2021-12-04,Alameda,001,1643700,123513,122508,2897,125405,1494
2021-12-04,Alpine,003,1148,105,108,0,108,0
2021-12-04,Amador,005,37829,5779,5729,69,5798,67
2021-12-04,Butte,007,227075,21953,21638,4005,25643,318
2021-12-04,Calaveras,009,45235,4461,4392,61,4453,88
2021-12-04,Colusa,011,21464,2630,2600,671,3271,21
2021-12-04,Contra Costa,013,1133247,102806,101824,2321,104145,1056
2021-12-04,Del Norte,015,27424,3796,3726,55,3781,42
2021-12-04,El Dorado,017,186661,16932,16621,1793,18414,168
2021-12-04,Fresno,019,978130,146825,144734,13146,157880,2270
2021-12-04,Glenn,021,27897,3608,3559,1045,4604,36
2021-12-04,Humboldt,023,135768,9743,9596,678,10274,117
2021-12-04,Imperial,025,180216,35785,35206,3639,38845,776
2021-12-04,Inyo,027,18085,2583,2538,38,2576,46
2021-12-04,Kern,029,883053,133330,131771,23910,155681,1817
2021-12-04,Kings,031,150075,33700,33183,2016,35199,367
2021-12-04,Lake,033,64148,6967,6903,158,7061,113
2021-12-04,Lassen,035,31185,7075,7014,417,7431,51
2021-12-04,Los Angeles,037,10098052,1479616,1463270,55731,1519001,26952
2021-12-04,Madera,039,155013,24500,24188,2302,26490,307
2021-12-04,Marin,041,260295,18385,18075,523,18598,249
2021-12-04,Mariposa,043,17540,1458,1421,60,1481,6
2021-12-04,Mendocino,045,87422,8186,7981,671,8652,91
2021-12-04,Merced,047,269075,43601,43337,2123,45460,671
2021-12-04,Modoc,049,8938,596,591,201,792,6
2021-12-04,Mono,051,14174,1929,1883,22,1905,4
2021-12-04,Monterey,053,433212,50074,48682,3211,51893,626
2021-12-04,Napa,055,140530,13438,13327,118,13445,106
2021-12-04,Nevada,057,99092,9895,9752,346,10098,105
2021-12-04,Orange,059,3164182,316625,313112,16076,329188,5748
2021-12-04,Placer,061,380077,39107,38460,3874,42334,473
2021-12-04,Plumas,063,18699,1970,1903,45,1948,7
2021-12-04,Riverside,065,2383286,377934,371768,16637,388405,5381
2021-12-04,Sacramento,067,1510023,165692,163900,4937,168837,2365
2021-12-04,San Benito,069,59416,7745,7688,181,7869,78
2021-12-04,San Bernardino,071,2135413,369328,364154,11715,375869,5983
2021-12-04,San Diego,073,3302833,391273,386710,22886,409596,4350
2021-12-04,San Francisco,075,870044,55222,54286,2416,56702,674
2021-12-04,San Joaquin,077,732212,103280,102286,5575,107861,1835
2021-12-04,San Luis Obispo,079,281455,30797,30318,1340,31658,360
2021-12-04,San Mateo,081,765935,56193,54774,964,55738,579
2021-12-04,Santa Barbara,083,443738,46347,45774,1607,47381,555
2021-12-04,Santa Clara,085,1922200,153401,151275,1602,152877,1928
2021-12-04,Santa Cruz,087,273765,21645,21286,1028,22314,224
2021-12-04,Shasta,089,179085,22659,22418,3694,26112,414
2021-12-04,Sierra,091,2930,200,196,21,217,0
2021-12-04,Siskiyou,093,43540,3469,3398,1350,4748,57
2021-12-04,Solano,095,438530,47390,46529,1343,47872,360
2021-12-04,Sonoma,097,501317,43363,42778,567,43345,405
2021-12-04,Stanislaus,099,539301,81574,81462,9211,90673,1231
2021-12-04,Sutter,101,95872,14299,14258,398,14656,186
2021-12-04,Tehama,103,63373,8831,8742,1533,10275,131
2021-12-04,Trinity,105,12862,908,801,219,1020,17
2021-12-04,Tulare,107,460477,71280,70014,16044,86058,1100
2021-12-04,Tuolumne,109,53932,7763,7676,114,7790,91
2021-12-04,Ventura,111,848112,101055,99751,4411,104162,1192
2021-12-04,Yolo,113,214977,20725,20442,1154,21596,261
2021-12-04,Yuba,115,75493,10531,10418,376,10794,91
2021-12-03,Alameda,001,1643700,123420,122508,2887,125395,1494
2021-12-03,Alpine,003,1148,105,108,0,108,0
2021-12-03,Amador,005,37829,5774,5729,68,5797,67
2021-12-03,Butte,007,227075,21940,21638,4000,25638,318
2021-12-03,Calaveras,009,45235,4452,4392,61,4453,88
2021-12-03,Colusa,011,21464,2628,2600,671,3271,21
2021-12-03,Contra Costa,013,1133247,102733,101824,2315,104139,1056
2021-12-03,Del Norte,015,27424,3794,3726,55,3781,42
2021-12-03,El Dorado,017,186661,16902,16621,1791,18412,168
2021-12-03,Fresno,019,978130,146711,144734,13143,157877,2270
2021-12-03,Glenn,021,27897,3607,3559,1044,4603,36
2021-12-03,Humboldt,023,135768,9726,9596,676,10272,117
2021-12-03,Imperial,025,180216,35743,35206,3609,38815,776
2021-12-03,Inyo,027,18085,2576,2538,38,2576,46
2021-12-03,Kern,029,883053,133258,131771,23875,155646,1817
2021-12-03,Kings,031,150075,33673,33183,2016,35199,367
2021-12-03,Lake,033,64148,6967,6903,158,7061,113
2021-12-03,Lassen,035,31185,7073,7014,416,7430,51
2021-12-03,Los Angeles,037,10098052,1478669,1463270,55655,1518925,26952
2021-12-03,Madera,039,155013,24474,24188,2298,26486,307
2021-12-03,Marin,041,260295,18352,18075,519,18594,249
2021-12-03,Mariposa,043,17540,1456,1421,60,1481,6
2021-12-03,Mendocino,045,87422,8179,7981,671,8652,91
2021-12-03,Merced,047,269075,43578,43337,2120,45457,671
2021-12-03,Modoc,049,8938,596,591,201,792,6
2021-12-03,Mono,051,14174,1923,1883,22,1905,4
2021-12-03,Monterey,053,433212,50035,48682,3200,51882,626
2021-12-03,Napa,055,140530,13426,13327,118,13445,106
2021-12-03,Nevada,057,99092,9884,9752,346,10098,105
2021-12-03,Orange,059,3164182,316356,313112,16045,329157,5748
2021-12-03,Placer,061,380077,39070,38460,3867,42327,473
2021-12-03,Plumas,063,18699,1967,1903,45,1948,7
2021-12-03,Riverside,065,2383286,377542,371768,16631,388399,5381
2021-12-03,Sacramento,067,1510023,165512,163900,4923,168823,2365
2021-12-03,San Benito,069,59416,7738,7688,181,7869,78
2021-12-03,San Bernardino,071,2135413,368879,364154,11704,375858,5983
2021-12-03,San Diego,073,3302833,390797,386710,22862,409572,4350
2021-12-03,San Francisco,075,870044,55152,54286,2412,56698,674
2021-12-03,San Joaquin,077,732212,103224,102286,5574,107860,1835
2021-12-03,San Luis Obispo,079,281455,30771,30318,1337,31655,360
2021-12-03,San Mateo,081,765935,56128,54774,961,55735,579
2021-12-03,Santa Barbara,083,443738,46311,45774,1607,47381,555
2021-12-03,Santa Clara,085,1922200,153219,151275,1587,152862,1928
2021-12-03,Santa Cruz,087,273765,21618,21286,1028,22314,224
2021-12-03,Shasta,089,179085,22644,22418,3694,26112,414
2021-12-03,Sierra,091,2930,200,196,21,217,0
2021-12-03,Siskiyou,093,43540,3466,3398,1348,4746,57
2021-12-03,Solano,095,438530,47348,46529,1342,47871,360
2021-12-03,Sonoma,097,501317,43327,42778,565,43343,405
2021-12-03,Stanislaus,099,539301,81517,81462,9202,90664,1231
2021-12-03,Sutter,101,95872,14286,14258,396,14654,186
2021-12-03,Tehama,103,63373,8830,8742,1532,10274,131
2021-12-03,Trinity,105,12862,908,801,219,1020,17
2021-12-03,Tulare,107,460477,71241,70014,16013,86027,1100
2021-12-03,Tuolumne,109,53932,7754,7676,114,7790,91
2021-12-03,Ventura,111,848112,100969,99751,4404,104155,1192
2021-12-03,Yolo,113,214977,20708,20442,1153,21595,261
2021-12-03,Yuba,115,75493,10523,10418,376,10794,91
2021-12-02,Alameda,001,1643700,123263,122508,2880,125388,1494
2021-12-02,Alpine,003,1148,105,108,0,108,0
2021-12-02,Amador,005,37829,5769,5729,67,5796,67
2021-12-02,Butte,007,227075,21915,21638,3995,25633,318
2021-12-02,Calaveras,009,45235,4442,4392,60,4452,88
2021-12-02,Colusa,011,21464,2627,2600,671,3271,21
2021-12-02,Contra Costa,013,1133247,102619,101824,2311,104135,1056
2021-12-02,Del Norte,015,27424,3786,3726,55,3781,42
2021-12-02,El Dorado,017,186661,16881,16621,1789,18410,168
2021-12-02,Fresno,019,978130,146541,144734,13130,157864,2270
2021-12-02,Glenn,021,27897,3607,3559,1041,4600,36
2021-12-02,Humboldt,023,135768,9707,9596,675,10271,117
2021-12-02,Imperial,025,180216,35675,35206,3587,38793,776
2021-12-02,Inyo,027,18085,2571,2538,38,2576,46
2021-12-02,Kern,029,883053,133088,131771,23823,155594,1817
2021-12-02,Kings,031,150075,33620,33183,2014,35197,367
2021-12-02,Lake,033,64148,6963,6903,158,7061,113
2021-12-02,Lassen,035,31185,7069,7014,416,7430,51
2021-12-02,Los Angeles,037,10098052,1477147,1463270,55568,1518838,26952
2021-12-02,Madera,039,155013,24437,24188,2289,26477,307
2021-12-02,Marin,041,260295,18321,18075,515,18590,249
2021-12-02,Mariposa,043,17540,1453,1421,60,1481,6
2021-12-02,Mendocino,045,87422,8163,7981,670,8651,91
2021-12-02,Merced,047,269075,43532,43337,2115,45452,671
2021-12-02,Modoc,049,8938,595,591,201,792,6
2021-12-02,Mono,051,14174,1917,1883,22,1905,4
2021-12-02,Monterey,053,433212,49960,48682,3178,51860,626
2021-12-02,Napa,055,140530,13413,13327,118,13445,106
2021-12-02,Nevada,057,99092,9866,9752,345,10097,105
2021-12-02,Orange,059,3164182,316012,313112,16008,329120,5748
2021-12-02,Placer,061,380077,39004,38460,3862,42322,473
2021-12-02,Plumas,063,18699,1964,1903,45,1948,7
2021-12-02,Riverside,065,2383286,377014,371768,16621,388389,5381
2021-12-02,Sacramento,067,1510023,165285,163900,4913,168813,2365
2021-12-02,San Benito,069,59416,7718,7688,181,7869,78
2021-12-02,San Bernardino,071,2135413,368325,364154,11683,375837,5983
2021-12-02,San Diego,073,3302833,390156,386710,22807,409517,4350
2021-12-02,San Francisco,075,870044,55057,54286,2407,56693,674
2021-12-02,San Joaquin,077,732212,103110,102286,5569,107855,1835
2021-12-02,San Luis Obispo,079,281455,30737,30318,1330,31648,360
2021-12-02,San Mateo,081,765935,56047,54774,953,55727,579
2021-12-02,Santa Barbara,083,443738,46230,45774,1604,47378,555
2021-12-02,Santa Clara,085,1922200,152973,151275,1570,152845,1928
2021-12-02,Santa Cruz,087,273765,21567,21286,1027,22313,224
2021-12-02,Shasta,089,179085,22611,22418,3693,26111,414
2021-12-02,Sierra,091,2930,200,196,21,217,0
2021-12-02,Siskiyou,093,43540,3465,3398,1341,4739,57
2021-12-02,Solano,095,438530,47298,46529,1340,47869,360
2021-12-02,Sonoma,097,501317,43253,42778,565,43343,405
2021-12-02,Stanislaus,099,539301,81422,81462,9194,90656,1231
2021-12-02,Sutter,101,95872,14273,14258,393,14651,186
2021-12-02,Tehama,103,63373,8823,8742,1530,10272,131
2021-12-02,Trinity,105,12862,908,801,219,1020,17
2021-12-02,Tulare,107,460477,71154,70014,15963,85977,1100
2021-12-02,Tuolumne,109,53932,7739,7676,113,7789,91
2021-12-02,Ventura,111,848112,100844,99751,4402,104153,1192
2021-12-02,Yolo,113,214977,20684,20442,1149,21591,261
2021-12-02,Yuba,115,75493,10507,10418,373,10791,91
2021-12-01,Alameda,001,1643700,123112,122298,2871,125169,1492
2021-12-01,Alpine,003,1148,105,108,0,108,0
2021-12-01,Amador,005,37829,5762,5723,67,5790,67
2021-12-01,Butte,007,227075,21897,21600,3990,25590,318
2021-12-01,Calaveras,009,45235,4437,4371,60,4431,88
2021-12-01,Colusa,011,21464,2620,2595,669,3264,20
2021-12-01,Contra Costa,013,1133247,102511,101651,2301,103952,1048
2021-12-01,Del Norte,015,27424,3784,3722,55,3777,42
2021-12-01,El Dorado,017,186661,16860,16575,1787,18362,166
2021-12-01,Fresno,019,978130,146334,144507,13122,157629,2264
2021-12-01,Glenn,021,27897,3601,3556,1040,4596,36
2021-12-01,Humboldt,023,135768,9683,9573,670,10243,117
2021-12-01,Imperial,025,180216,35595,35085,3560,38645,776
2021-12-01,Inyo,027,18085,2567,2533,38,2571,46
2021-12-01,Kern,029,883053,132941,131580,23768,155348,1804
2021-12-01,Kings,031,150075,33570,33112,2013,35125,364
2021-12-01,Lake,033,64148,6955,6896,157,7053,112
2021-12-01,Lassen,035,31185,7064,7008,414,7422,51
2021-12-01,Los Angeles,037,10098052,1475556,1461394,55473,1516867,26928
2021-12-01,Madera,039,155013,24406,24134,2280,26414,307
2021-12-01,Marin,041,260295,18283,18038,509,18547,249
2021-12-01,Mariposa,043,17540,1449,1415,60,1475,6
2021-12-01,Mendocino,045,87422,8149,7966,665,8631,90
2021-12-01,Merced,047,269075,43477,43259,2094,45353,670
2021-12-01,Modoc,049,8938,595,576,201,777,5
2021-12-01,Mono,051,14174,1912,1876,22,1898,4
2021-12-01,Monterey,053,433212,49911,48611,3169,51780,626
2021-12-01,Napa,055,140530,13396,13319,115,13434,107
2021-12-01,Nevada,057,99092,9853,9706,345,10051,105
2021-12-01,Orange,059,3164182,315645,312772,15972,328744,5735
2021-12-01,Placer,061,380077,38949,38373,3856,42229,472
2021-12-01,Plumas,063,18699,1960,1893,45,1938,7
2021-12-01,Riverside,065,2383286,376488,371189,16604,387793,5369
2021-12-01,Sacramento,067,1510023,165073,163616,4896,168512,2360
2021-12-01,San Benito,069,59416,7704,7669,181,7850,78
2021-12-01,San Bernardino,071,2135413,367731,363368,11657,375025,5973
2021-12-01,San Diego,073,3302833,389359,386056,22751,408807,4346
2021-12-01,San Francisco,075,870044,54975,54199,2400,56599,672
2021-12-01,San Joaquin,077,732212,103002,102109,5568,107677,1834
2021-12-01,San Luis Obispo,079,281455,30695,30238,1326,31564,360
2021-12-01,San Mateo,081,765935,55966,54711,950,55661,579
2021-12-01,Santa Barbara,083,443738,46160,45681,1602,47283,554
2021-12-01,Santa Clara,085,1922200,152753,150961,1552,152513,1925
2021-12-01,Santa Cruz,087,273765,21538,21191,1026,22217,224
2021-12-01,Shasta,089,179085,22580,22375,3687,26062,410
2021-12-01,Sierra,091,2930,200,195,21,216,0
2021-12-01,Siskiyou,093,43540,3462,3391,1341,4732,55
2021-12-01,Solano,095,438530,47253,46485,1340,47825,360
2021-12-01,Sonoma,097,501317,43177,42713,564,43277,405
2021-12-01,Stanislaus,099,539301,81325,81330,9181,90511,1231
2021-12-01,Sutter,101,95872,14258,14229,392,14621,186
2021-12-01,Tehama,103,63373,8813,8728,1530,10258,130
2021-12-01,Trinity,105,12862,903,801,219,1020,17
2021-12-01,Tulare,107,460477,71079,69953,15923,85876,1098
2021-12-01,Tuolumne,109,53932,7731,7655,113,7768,91
2021-12-01,Ventura,111,848112,100738,99680,4391,104071,1191
2021-12-01,Yolo,113,214977,20656,20393,1149,21542,260
2021-12-01,Yuba,115,75493,10496,10401,373,10774,89
2021-11-30,Alameda,001,1643700,122943,122196,2862,125058,1489
2021-11-30,Alpine,003,1148,105,108,0,108,0
2021-11-30,Amador,005,37829,5754,5716,67,5783,66
2021-11-30,Butte,007,227075,21868,21565,3979,25544,318
2021-11-30,Calaveras,009,45235,4419,4360,60,4420,88
2021-11-30,Colusa,011,21464,2619,2592,669,3261,21
2021-11-30,Contra Costa,013,1133247,102375,101538,2294,103832,1046
2021-11-30,Del Norte,015,27424,3778,3718,55,3773,42
2021-11-30,El Dorado,017,186661,16832,16558,1781,18339,166
2021-11-30,Fresno,019,978130,146134,144384,13113,157497,2259
2021-11-30,Glenn,021,27897,3596,3555,1039,4594,36
2021-11-30,Humboldt,023,135768,9652,9539,664,10203,116
2021-11-30,Imperial,025,180216,35487,34999,3533,38532,773
2021-11-30,Inyo,027,18085,2558,2530,38,2568,46
2021-11-30,Kern,029,883053,132774,131451,23711,155162,1799
2021-11-30,Kings,031,150075,33518,33074,2009,35083,362
2021-11-30,Lake,033,64148,6949,6892,155,7047,110
2021-11-30,Lassen,035,31185,7060,7003,413,7416,51
2021-11-30,Los Angeles,037,10098052,1473754,1460177,55373,1515550,26913
2021-11-30,Madera,039,155013,24372,24108,2275,26383,307
2021-11-30,Marin,041,260295,18239,18010,507,18517,249
2021-11-30,Mariposa,043,17540,1443,1412,60,1472,6
2021-11-30,Mendocino,045,87422,8120,7960,659,8619,89
2021-11-30,Merced,047,269075,43409,43200,2086,45286,668
2021-11-30,Modoc,049,8938,594,576,201,777,5
2021-11-30,Mono,051,14174,1909,1873,22,1895,4
2021-11-30,Monterey,053,433212,49848,48581,3159,51740,626
2021-11-30,Napa,055,140530,13376,13308,115,13423,105
2021-11-30,Nevada,057,99092,9837,9699,344,10043,105
2021-11-30,Orange,059,3164182,315222,312451,15930,328381,5724
2021-11-30,Placer,061,380077,38846,38324,3848,42172,470
2021-11-30,Plumas,063,18699,1955,1887,44,1931,7
2021-11-30,Riverside,065,2383286,375804,370739,16579,387318,5358
2021-11-30,Sacramento,067,1510023,164791,163420,4874,168294,2353
2021-11-30,San Benito,069,59416,7682,7645,180,7825,78
2021-11-30,San Bernardino,071,2135413,367046,363006,11634,374640,5967
2021-11-30,San Diego,073,3302833,388431,385405,22704,408109,4340
2021-11-30,San Francisco,075,870044,54869,54147,2391,56538,672
2021-11-30,San Joaquin,077,732212,102876,101972,5560,107532,1834
2021-11-30,San Luis Obispo,079,281455,30670,30200,1324,31524,360
2021-11-30,San Mateo,081,765935,55861,54656,940,55596,579
2021-11-30,Santa Barbara,083,443738,46064,45628,1596,47224,553
2021-11-30,Santa Clara,085,1922200,152494,150799,1535,152334,1929
2021-11-30,Santa Cruz,087,273765,21479,21169,1022,22191,224
2021-11-30,Shasta,089,179085,22550,22347,3684,26031,401
2021-11-30,Sierra,091,2930,197,195,21,216,0
2021-11-30,Siskiyou,093,43540,3458,3385,1338,4723,55
2021-11-30,Solano,095,438530,47190,46434,1334,47768,358
2021-11-30,Sonoma,097,501317,43098,42663,561,43224,405
2021-11-30,Stanislaus,099,539301,81221,81276,9153,90429,1227
2021-11-30,Sutter,101,95872,14247,14210,389,14599,186
2021-11-30,Tehama,103,63373,8806,8727,1529,10256,130
2021-11-30,Trinity,105,12862,902,799,219,1018,17
2021-11-30,Tulare,107,460477,70992,69900,15877,85777,1099
2021-11-30,Tuolumne,109,53932,7716,7643,113,7756,91
2021-11-30,Ventura,111,848112,100584,99601,4380,103981,1191
2021-11-30,Yolo,113,214977,20614,20376,1143,21519,260
2021-11-30,Yuba,115,75493,10477,10398,368,10766,89
2021-11-29,Alameda,001,1643700,122782,122136,2853,124989,1489
2021-11-29,Alpine,003,1148,105,108,0,108,0
2021-11-29,Amador,005,37829,5747,5706,67,5773,66
2021-11-29,Butte,007,227075,21838,21544,3971,25515,314
2021-11-29,Calaveras,009,45235,4403,4353,60,4413,88
2021-11-29,Colusa,011,21464,2617,2585,666,3251,20
2021-11-29,Contra Costa,013,1133247,102226,101441,2286,103727,1046
2021-11-29,Del Norte,015,27424,3775,3704,55,3759,42
2021-11-29,El Dorado,017,186661,16814,16534,1776,18310,166
2021-11-29,Fresno,019,978130,145927,144282,13090,157372,2254
2021-11-29,Glenn,021,27897,3593,3555,1038,4593,36
2021-11-29,Humboldt,023,135768,9635,9514,657,10171,115
2021-11-29,Imperial,025,180216,35422,34960,3512,38472,773
2021-11-29,Inyo,027,18085,2553,2529,38,2567,46
2021-11-29,Kern,029,883053,132590,131362,23670,155032,1789
2021-11-29,Kings,031,150075,33465,33059,2005,35064,363
2021-11-29,Lake,033,64148,6937,6889,155,7044,110
2021-11-29,Lassen,035,31185,7057,7003,411,7414,51
2021-11-29,Los Angeles,037,10098052,1471906,1459446,55288,1514734,26889
2021-11-29,Madera,039,155013,24336,24069,2267,26336,307
2021-11-29,Marin,041,260295,18192,17980,502,18482,249
2021-11-29,Mariposa,043,17540,1435,1409,60,1469,6
2021-11-29,Mendocino,045,87422,8103,7954,655,8609,89
2021-11-29,Merced,047,269075,43335,43167,2078,45245,667
2021-11-29,Modoc,049,8938,593,569,201,770,5
2021-11-29,Mono,051,14174,1892,1859,22,1881,4
2021-11-29,Monterey,053,433212,49787,48548,3143,51691,626
2021-11-29,Napa,055,140530,13366,13304,115,13419,104
2021-11-29,Nevada,057,99092,9823,9689,344,10033,105
2021-11-29,Orange,059,3164182,314819,312203,15884,328087,5709
2021-11-29,Placer,061,380077,38781,38261,3843,42104,470
2021-11-29,Plumas,063,18699,1952,1884,44,1928,7
2021-11-29,Riverside,065,2383286,375266,370334,16568,386902,5358
2021-11-29,Sacramento,067,1510023,164543,163282,4842,168124,2342
2021-11-29,San Benito,069,59416,7662,7631,179,7810,77
2021-11-29,San Bernardino,071,2135413,366441,362694,11600,374294,5962
2021-11-29,San Diego,073,3302833,387543,384853,22670,407523,4335
2021-11-29,San Francisco,075,870044,54770,54125,2387,56512,669
2021-11-29,San Joaquin,077,732212,102737,101927,5553,107480,1834
2021-11-29,San Luis Obispo,079,281455,30636,30165,1320,31485,359
2021-11-29,San Mateo,081,765935,55758,54622,936,55558,579
2021-11-29,Santa Barbara,083,443738,45967,45576,1592,47168,549
2021-11-29,Santa Clara,085,1922200,152220,150620,1529,152149,1925
2021-11-29,Santa Cruz,087,273765,21441,21149,1021,22170,224
2021-11-29,Shasta,089,179085,22515,22315,3680,25995,399
2021-11-29,Sierra,091,2930,197,195,21,216,0
2021-11-29,Siskiyou,093,43540,3455,3374,1331,4705,55
2021-11-29,Solano,095,438530,47138,46412,1332,47744,357
2021-11-29,Sonoma,097,501317,43021,42624,558,43182,405
2021-11-29,Stanislaus,099,539301,81139,81227,9135,90362,1223
2021-11-29,Sutter,101,95872,14231,14204,386,14590,186
2021-11-29,Tehama,103,63373,8801,8720,1524,10244,130
2021-11-29,Trinity,105,12862,897,798,219,1017,17
2021-11-29,Tulare,107,460477,70912,69850,15843,85693,1096
2021-11-29,Tuolumne,109,53932,7703,7627,113,7740,90
2021-11-29,Ventura,111,848112,100464,99520,4371,103891,1190
2021-11-29,Yolo,113,214977,20569,20344,1141,21485,257
2021-11-29,Yuba,115,75493,10460,10395,367,10762,89
2021-11-28,Alameda,001,1643700,122563,122082,2847,124929,1491
2021-11-28,Alpine,003,1148,105,108,0,108,0
2021-11-28,Amador,005,37829,5737,5703,67,5770,66
2021-11-28,Butte,007,227075,21797,21530,3968,25498,313
2021-11-28,Calaveras,009,45235,4382,4350,60,4410,88
2021-11-28,Colusa,011,21464,2613,2586,665,3251,19
2021-11-28,Contra Costa,013,1133247,102053,101355,2276,103631,1046
2021-11-28,Del Norte,015,27424,3770,3703,55,3758,42
2021-11-28,El Dorado,017,186661,16773,16527,1775,18302,166
2021-11-28,Fresno,019,978130,145681,144164,13064,157228,2252
2021-11-28,Glenn,021,27897,3590,3547,1036,4583,36
2021-11-28,Humboldt,023,135768,9603,9499,653,10152,115
2021-11-28,Imperial,025,180216,35314,34929,3488,38417,773
2021-11-28,Inyo,027,18085,2546,2531,38,2569,46
2021-11-28,Kern,029,883053,132383,131279,23613,154892,1789
2021-11-28,Kings,031,150075,33392,33057,1999,35056,364
2021-11-28,Lake,033,64148,6927,6885,154,7039,110
2021-11-28,Lassen,035,31185,7048,7002,407,7409,51
2021-11-28,Los Angeles,037,10098052,1469734,1458646,55202,1513848,26878
2021-11-28,Madera,039,155013,24288,24055,2260,26315,307
2021-11-28,Marin,041,260295,18144,17962,498,18460,249
2021-11-28,Mariposa,043,17540,1431,1406,60,1466,6
2021-11-28,Mendocino,045,87422,8073,7943,650,8593,89
2021-11-28,Merced,047,269075,43269,43166,2063,45229,667
2021-11-28,Modoc,049,8938,592,569,201,770,5
2021-11-28,Mono,051,14174,1886,1841,22,1863,4
2021-11-28,Monterey,053,433212,49722,48537,3124,51661,626
2021-11-28,Napa,055,140530,13353,13303,115,13418,104
2021-11-28,Nevada,057,99092,9797,9684,343,10027,105
2021-11-28,Orange,059,3164182,314434,312028,15842,327870,5693
2021-11-28,Placer,061,380077,38699,38240,3824,42064,470
2021-11-28,Plumas,063,18699,1946,1884,43,1927,7
2021-11-28,Riverside,065,2383286,374603,370051,16546,386597,5358
2021-11-28,Sacramento,067,1510023,164186,163170,4819,167989,2335
2021-11-28,San Benito,069,59416,7643,7623,178,7801,77
2021-11-28,San Bernardino,071,2135413,365698,362407,11572,373979,5958
2021-11-28,San Diego,073,3302833,386654,383025,22606,405631,4325
2021-11-28,San Francisco,075,870044,54694,54082,2382,56464,669
2021-11-28,San Joaquin,077,732212,102557,101895,5536,107431,1834
2021-11-28,San Luis Obispo,079,281455,30573,30152,1316,31468,358
2021-11-28,San Mateo,081,765935,55664,54567,932,55499,579
2021-11-28,Santa Barbara,083,443738,45888,45551,1581,47132,549
2021-11-28,Santa Clara,085,1922200,151919,150436,1514,151950,1920
2021-11-28,Santa Cruz,087,273765,21370,21110,1020,22130,224
2021-11-28,Shasta,089,179085,22476,22316,3678,25994,400
2021-11-28,Sierra,091,2930,197,195,21,216,0
2021-11-28,Siskiyou,093,43540,3449,3372,1327,4699,55
2021-11-28,Solano,095,438530,47076,46385,1331,47716,356
2021-11-28,Sonoma,097,501317,42935,42583,555,43138,405
2021-11-28,Stanislaus,099,539301,81014,81181,9113,90294,1223
2021-11-28,Sutter,101,95872,14209,14192,380,14572,186
2021-11-28,Tehama,103,63373,8793,8720,1520,10240,130
2021-11-28,Trinity,105,12862,896,797,219,1016,17
2021-11-28,Tulare,107,460477,70815,69833,15791,85624,1095
2021-11-28,Tuolumne,109,53932,7682,7620,113,7733,90
2021-11-28,Ventura,111,848112,100308,99486,4360,103846,1190
2021-11-28,Yolo,113,214977,20526,20333,1140,21473,257
2021-11-28,Yuba,115,75493,10442,10391,365,10756,89
2021-11-27,Alameda,001,1643700,122465,121618,2844,124462,1477
2021-11-27,Alpine,003,1148,105,106,0,106,0
2021-11-27,Amador,005,37829,5736,5670,67,5737,66
2021-11-27,Butte,007,227075,21774,21384,3963,25347,309
2021-11-27,Calaveras,009,45235,4376,4294,60,4354,85
2021-11-27,Colusa,011,21464,2612,2568,663,3231,19
2021-11-27,Contra Costa,013,1133247,101968,100961,2275,103236,1045
2021-11-27,Del Norte,015,27424,3763,3661,55,3716,42
2021-11-27,El Dorado,017,186661,16739,16399,1774,18173,161
2021-11-27,Fresno,019,978130,145569,143386,13058,156444,2246
2021-11-27,Glenn,021,27897,3586,3532,1035,4567,36
2021-11-27,Humboldt,023,135768,9575,9399,651,10050,115
2021-11-27,Imperial,025,180216,35232,34611,3472,38083,769
2021-11-27,Inyo,027,18085,2543,2506,38,2544,45
2021-11-27,Kern,029,883053,132298,130245,23584,153829,1773
2021-11-27,Kings,031,150075,33370,32891,1996,34887,358
2021-11-27,Lake,033,64148,6924,6836,153,6989,110
2021-11-27,Lassen,035,31185,7046,6959,406,7365,47
2021-11-27,Los Angeles,037,10098052,1468728,1454495,55134,1509629,26817
2021-11-27,Madera,039,155013,24267,23880,2255,26135,296
2021-11-27,Marin,041,260295,18105,17857,493,18350,248
2021-11-27,Mariposa,043,17540,1429,1374,60,1434,6
2021-11-27,Mendocino,045,87422,8054,7871,650,8521,89
2021-11-27,Merced,047,269075,43234,42921,2060,44981,664
2021-11-27,Modoc,049,8938,590,551,201,752,5
2021-11-27,Mono,051,14174,1884,1810,22,1832,4
2021-11-27,Monterey,053,433212,49689,48400,3110,51510,625
2021-11-27,Napa,055,140530,13339,13256,115,13371,104
2021-11-27,Nevada,057,99092,9775,9584,342,9926,103
2021-11-27,Orange,059,3164182,314183,310809,15805,326614,5665
2021-11-27,Placer,061,380077,38638,38001,3818,41819,468
2021-11-27,Plumas,063,18699,1942,1860,43,1903,7
2021-11-27,Riverside,065,2383286,374245,367601,16539,384140,5306
2021-11-27,Sacramento,067,1510023,164028,162328,4816,167144,2335
2021-11-27,San Benito,069,59416,7627,7575,178,7753,77
2021-11-27,San Bernardino,071,2135413,365263,360033,11563,371596,5932
2021-11-27,San Diego,073,3302833,386159,382634,22580,405214,4319
2021-11-27,San Francisco,075,870044,54644,53830,2379,56209,669
2021-11-27,San Joaquin,077,732212,102489,101368,5533,106901,1833
2021-11-27,San Luis Obispo,079,281455,30538,29983,1312,31295,358
2021-11-27,San Mateo,081,765935,55607,54360,929,55289,577
2021-11-27,Santa Barbara,083,443738,45834,45318,1579,46897,548
2021-11-27,Santa Clara,085,1922200,151712,149700,1507,151207,1922
2021-11-27,Santa Cruz,087,273765,21330,20929,1017,21946,222
2021-11-27,Shasta,089,179085,22453,22151,3677,25828,396
2021-11-27,Sierra,091,2930,196,194,21,215,0
2021-11-27,Siskiyou,093,43540,3446,3336,1325,4661,54
2021-11-27,Solano,095,438530,47040,46163,1328,47491,356
2021-11-27,Sonoma,097,501317,42872,42368,555,42923,405
2021-11-27,Stanislaus,099,539301,80945,80782,9096,89878,1220
2021-11-27,Sutter,101,95872,14201,14127,379,14506,181
2021-11-27,Tehama,103,63373,8791,8675,1519,10194,129
2021-11-27,Trinity,105,12862,896,789,219,1008,17
2021-11-27,Tulare,107,460477,70762,69377,15775,85152,1082
2021-11-27,Tuolumne,109,53932,7669,7574,113,7687,90
2021-11-27,Ventura,111,848112,100235,99163,4353,103516,1188
2021-11-27,Yolo,113,214977,20505,20237,1131,21368,257
2021-11-27,Yuba,115,75493,10431,10335,365,10700,88
2021-11-26,Alameda,001,1643700,122357,121618,2842,124460,1477
2021-11-26,Alpine,003,1148,105,106,0,106,0
2021-11-26,Amador,005,37829,5732,5670,67,5737,66
2021-11-26,Butte,007,227075,21751,21384,3958,25342,309
2021-11-26,Calaveras,009,45235,4367,4294,60,4354,85
2021-11-26,Colusa,011,21464,2610,2568,662,3230,19
2021-11-26,Contra Costa,013,1133247,101880,100961,2271,103232,1045
2021-11-26,Del Norte,015,27424,3760,3661,55,3716,42
2021-11-26,El Dorado,017,186661,16722,16399,1771,18170,161
2021-11-26,Fresno,019,978130,145436,143386,13048,156434,2246
2021-11-26,Glenn,021,27897,3583,3532,1035,4567,36
2021-11-26,Humboldt,023,135768,9556,9399,647,10046,115
2021-11-26,Imperial,025,180216,35175,34611,3459,38070,769
2021-11-26,Inyo,027,18085,2543,2506,38,2544,45
2021-11-26,Kern,029,883053,132215,130245,23540,153785,1773
2021-11-26,Kings,031,150075,33346,32891,1994,34885,358
2021-11-26,Lake,033,64148,6922,6836,153,6989,110
2021-11-26,Lassen,035,31185,7040,6959,406,7365,47
2021-11-26,Los Angeles,037,10098052,1467880,1454495,55073,1509568,26817
2021-11-26,Madera,039,155013,24240,23880,2253,26133,296
2021-11-26,Marin,041,260295,18076,17857,493,18350,248
2021-11-26,Mariposa,043,17540,1423,1374,59,1433,6
2021-11-26,Mendocino,045,87422,8044,7871,650,8521,89
2021-11-26,Merced,047,269075,43204,42921,2056,44977,664
2021-11-26,Modoc,049,8938,588,551,201,752,5
2021-11-26,Mono,051,14174,1873,1810,22,1832,4
2021-11-26,Monterey,053,433212,49646,48400,3103,51503,625
2021-11-26,Napa,055,140530,13323,13256,115,13371,104
2021-11-26,Nevada,057,99092,9763,9584,342,9926,103
2021-11-26,Orange,059,3164182,313914,310809,15773,326582,5665
2021-11-26,Placer,061,380077,38593,38001,3810,41811,468
2021-11-26,Plumas,063,18699,1937,1860,43,1903,7
2021-11-26,Riverside,065,2383286,373843,367601,16532,384133,5306
2021-11-26,Sacramento,067,1510023,163915,162328,4811,167139,2335
2021-11-26,San Benito,069,59416,7619,7575,178,7753,77
2021-11-26,San Bernardino,071,2135413,364830,360033,11556,371589,5932
2021-11-26,San Diego,073,3302833,385614,382634,22568,405202,4319
2021-11-26,San Francisco,075,870044,54596,53830,2377,56207,669
2021-11-26,San Joaquin,077,732212,102432,101368,5532,106900,1833
2021-11-26,San Luis Obispo,079,281455,30496,29983,1309,31292,358
2021-11-26,San Mateo,081,765935,55544,54360,928,55288,577
2021-11-26,Santa Barbara,083,443738,45787,45318,1578,46896,548
2021-11-26,Santa Clara,085,1922200,151543,149700,1499,151199,1922
2021-11-26,Santa Cruz,087,273765,21290,20929,1017,21946,222
2021-11-26,Shasta,089,179085,22433,22151,3675,25826,396
2021-11-26,Sierra,091,2930,196,194,21,215,0
2021-11-26,Siskiyou,093,43540,3443,3336,1324,4660,54
2021-11-26,Solano,095,438530,46999,46163,1327,47490,356
2021-11-26,Sonoma,097,501317,42822,42368,553,42921,405
2021-11-26,Stanislaus,099,539301,80872,80782,9085,89867,1220
2021-11-26,Sutter,101,95872,14188,14127,378,14505,181
2021-11-26,Tehama,103,63373,8789,8675,1518,10193,129
2021-11-26,Trinity,105,12862,895,789,219,1008,17
2021-11-26,Tulare,107,460477,70716,69377,15743,85120,1082
2021-11-26,Tuolumne,109,53932,7659,7574,113,7687,90
2021-11-26,Ventura,111,848112,100155,99163,4348,103511,1188
2021-11-26,Yolo,113,214977,20486,20237,1124,21361,257
2021-11-26,Yuba,115,75493,10425,10335,365,10700,88
2021-11-25,Alameda,001,1643700,122248,121618,2837,124455,1477
2021-11-25,Alpine,003,1148,105,106,0,106,0
2021-11-25,Amador,005,37829,5724,5670,67,5737,66
2021-11-25,Butte,007,227075,21733,21384,3956,25340,309
2021-11-25,Calaveras,009,45235,4362,4294,60,4354,85
2021-11-25,Colusa,011,21464,2607,2568,660,3228,19
2021-11-25,Contra Costa,013,1133247,101776,100961,2268,103229,1045
2021-11-25,Del Norte,015,27424,3755,3661,55,3716,42
2021-11-25,El Dorado,017,186661,16703,16399,1771,18170,161
2021-11-25,Fresno,019,978130,145303,143386,13039,156425,2246
2021-11-25,Glenn,021,27897,3580,3532,1034,4566,36
2021-11-25,Humboldt,023,135768,9537,9399,644,10043,115
2021-11-25,Imperial,025,180216,35130,34611,3448,38059,769
2021-11-25,Inyo,027,18085,2541,2506,38,2544,45
2021-11-25,Kern,029,883053,132117,130245,23494,153739,1773
2021-11-25,Kings,031,150075,33318,32891,1993,34884,358
2021-11-25,Lake,033,64148,6915,6836,153,6989,110
2021-11-25,Lassen,035,31185,7038,6959,405,7364,47
2021-11-25,Los Angeles,037,10098052,1466910,1454495,55016,1509511,26817
2021-11-25,Madera,039,155013,24204,23880,2252,26132,296
2021-11-25,Marin,041,260295,18049,17857,487,18344,248
2021-11-25,Mariposa,043,17540,1420,1374,59,1433,6
2021-11-25,Mendocino,045,87422,8026,7871,650,8521,89
2021-11-25,Merced,047,269075,43165,42921,2050,44971,664
2021-11-25,Modoc,049,8938,587,551,201,752,5
2021-11-25,Mono,051,14174,1862,1810,22,1832,4
2021-11-25,Monterey,053,433212,49602,48400,3094,51494,625
2021-11-25,Napa,055,140530,13316,13256,115,13371,104
2021-11-25,Nevada,057,99092,9744,9584,339,9923,103
2021-11-25,Orange,059,3164182,313651,310809,15742,326551,5665
2021-11-25,Placer,061,380077,38547,38001,3804,41805,468
2021-11-25,Plumas,063,18699,1935,1860,43,1903,7
2021-11-25,Riverside,065,2383286,373428,367601,16525,384126,5306
2021-11-25,Sacramento,067,1510023,163736,162328,4805,167133,2335
2021-11-25,San Benito,069,59416,7612,7575,178,7753,77
2021-11-25,San Bernardino,071,2135413,364429,360033,11539,371572,5932
2021-11-25,San Diego,073,3302833,385172,382634,22549,405183,4319
2021-11-25,San Francisco,075,870044,54546,53830,2374,56204,669
2021-11-25,San Joaquin,077,732212,102349,101368,5528,106896,1833
2021-11-25,San Luis Obispo,079,281455,30466,29983,1307,31290,358
2021-11-25,San Mateo,081,765935,55495,54360,926,55286,577
2021-11-25,Santa Barbara,083,443738,45748,45318,1576,46894,548
2021-11-25,Santa Clara,085,1922200,151386,149700,1494,151194,1922
2021-11-25,Santa Cruz,087,273765,21257,20929,1017,21946,222
2021-11-25,Shasta,089,179085,22407,22151,3675,25826,396
2021-11-25,Sierra,091,2930,196,194,21,215,0
2021-11-25,Siskiyou,093,43540,3440,3336,1324,4660,54
2021-11-25,Solano,095,438530,46962,46163,1326,47489,356
2021-11-25,Sonoma,097,501317,42765,42368,549,42917,405
2021-11-25,Stanislaus,099,539301,80805,80782,9071,89853,1220
2021-11-25,Sutter,101,95872,14172,14127,377,14504,181
2021-11-25,Tehama,103,63373,8781,8675,1518,10193,129
2021-11-25,Trinity,105,12862,895,789,219,1008,17
2021-11-25,Tulare,107,460477,70648,69377,15717,85094,1082
2021-11-25,Tuolumne,109,53932,7647,7574,113,7687,90
2021-11-25,Ventura,111,848112,100089,99163,4345,103508,1188
2021-11-25,Yolo,113,214977,20456,20237,1120,21357,257
2021-11-25,Yuba,115,75493,10416,10335,364,10699,88
2021-11-24,Alameda,001,1643700,122185,121618,2833,124451,1477
2021-11-24,Alpine,003,1148,105,106,0,106,0
2021-11-24,Amador,005,37829,5714,5670,67,5737,66
2021-11-24,Butte,007,227075,21717,21384,3955,25339,309
2021-11-24,Calaveras,009,45235,4355,4294,60,4354,85
2021-11-24,Colusa,011,21464,2607,2568,659,3227,19
2021-11-24,Contra Costa,013,1133247,101737,100961,2265,103226,1045
2021-11-24,Del Norte,015,27424,3752,3661,55,3716,42
2021-11-24,El Dorado,017,186661,16692,16399,1770,18169,161
2021-11-24,Fresno,019,978130,145249,143386,13038,156424,2246
2021-11-24,Glenn,021,27897,3575,3532,1033,4565,36
2021-11-24,Humboldt,023,135768,9522,9399,644,10043,115
2021-11-24,Imperial,025,180216,35101,34611,3442,38053,769
2021-11-24,Inyo,027,18085,2538,2506,38,2544,45
2021-11-24,Kern,029,883053,132055,130245,23482,153727,1773
2021-11-24,Kings,031,150075,33304,32891,1992,34883,358
2021-11-24,Lake,033,64148,6911,6836,153,6989,110
2021-11-24,Lassen,035,31185,7038,6959,405,7364,47
2021-11-24,Los Angeles,037,10098052,1466425,1454495,54974,1509469,26817
2021-11-24,Madera,039,155013,24181,23880,2246,26126,296
2021-11-24,Marin,041,260295,18037,17857,485,18342,248
2021-11-24,Mariposa,043,17540,1420,1374,59,1433,6
2021-11-24,Mendocino,045,87422,8014,7871,650,8521,89
2021-11-24,Merced,047,269075,43133,42921,2047,44968,664
2021-11-24,Modoc,049,8938,587,551,201,752,5
2021-11-24,Mono,051,14174,1859,1810,22,1832,4
2021-11-24,Monterey,053,433212,49589,48400,3093,51493,625
2021-11-24,Napa,055,140530,13312,13256,115,13371,104
2021-11-24,Nevada,057,99092,9729,9584,339,9923,103
2021-11-24,Orange,059,3164182,313496,310809,15727,326536,5665
2021-11-24,Placer,061,380077,38514,38001,3802,41803,468
2021-11-24,Plumas,063,18699,1933,1860,43,1903,7
2021-11-24,Riverside,065,2383286,373249,367601,16519,384120,5306
2021-11-24,Sacramento,067,1510023,163665,162328,4805,167133,2335
2021-11-24,San Benito,069,59416,7610,7575,178,7753,77
2021-11-24,San Bernardino,071,2135413,364218,360033,11529,371562,5932
2021-11-24,San Diego,073,3302833,384914,382634,22536,405170,4319
2021-11-24,San Francisco,075,870044,54516,53830,2372,56202,669
2021-11-24,San Joaquin,077,732212,102308,101368,5525,106893,1833
2021-11-24,San Luis Obispo,079,281455,30447,29983,1307,31290,358
2021-11-24,San Mateo,081,765935,55465,54360,925,55285,577
2021-11-24,Santa Barbara,083,443738,45721,45318,1576,46894,548
2021-11-24,Santa Clara,085,1922200,151290,149700,1493,151193,1922
2021-11-24,Santa Cruz,087,273765,21234,20929,1016,21945,222
2021-11-24,Shasta,089,179085,22396,22151,3672,25823,396
2021-11-24,Sierra,091,2930,196,194,21,215,0
2021-11-24,Siskiyou,093,43540,3437,3336,1324,4660,54
2021-11-24,Solano,095,438530,46934,46163,1324,47487,356
2021-11-24,Sonoma,097,501317,42733,42368,547,42915,405
2021-11-24,Stanislaus,099,539301,80768,80782,9066,89848,1220
2021-11-24,Sutter,101,95872,14159,14127,375,14502,181
2021-11-24,Tehama,103,63373,8778,8675,1517,10192,129
2021-11-24,Trinity,105,12862,895,789,219,1008,17
2021-11-24,Tulare,107,460477,70624,69377,15698,85075,1082
2021-11-24,Tuolumne,109,53932,7643,7574,113,7687,90
2021-11-24,Ventura,111,848112,100054,99163,4341,103504,1188
2021-11-24,Yolo,113,214977,20448,20237,1119,21356,257
2021-11-24,Yuba,115,75493,10412,10335,363,10698,88
2021-11-23,Alameda,001,1643700,122067,121618,2826,124444,1477
2021-11-23,Alpine,003,1148,105,106,0,106,0
2021-11-23,Amador,005,37829,5707,5670,67,5737,66
2021-11-23,Butte,007,227075,21688,21384,3951,25335,309
2021-11-23,Calaveras,009,45235,4349,4294,59,4353,85
2021-11-23,Colusa,011,21464,2603,2568,657,3225,19
2021-11-23,Contra Costa,013,1133247,101630,100961,2263,103224,1045
2021-11-23,Del Norte,015,27424,3749,3661,55,3716,42
2021-11-23,El Dorado,017,186661,16661,16399,1767,18166,161
2021-11-23,Fresno,019,978130,145110,143386,13029,156415,2246
2021-11-23,Glenn,021,27897,3570,3532,1033,4565,36
2021-11-23,Humboldt,023,135768,9500,9399,641,10040,115
2021-11-23,Imperial,025,180216,35032,34611,3423,38034,769
2021-11-23,Inyo,027,18085,2534,2506,38,2544,45
2021-11-23,Kern,029,883053,131947,130245,23433,153678,1773
2021-11-23,Kings,031,150075,33262,32891,1991,34882,358
2021-11-23,Lake,033,64148,6906,6836,153,6989,110
2021-11-23,Lassen,035,31185,7035,6959,402,7361,47
2021-11-23,Los Angeles,037,10098052,1465415,1454495,54906,1509401,26817
2021-11-23,Madera,039,155013,24155,23880,2244,26124,296
2021-11-23,Marin,041,260295,18006,17857,482,18339,248
2021-11-23,Mariposa,043,17540,1417,1374,59,1433,6
2021-11-23,Mendocino,045,87422,7993,7871,647,8518,89
2021-11-23,Merced,047,269075,43095,42921,2046,44967,664
2021-11-23,Modoc,049,8938,585,551,201,752,5
2021-11-23,Mono,051,14174,1845,1810,22,1832,4
2021-11-23,Monterey,053,433212,49553,48400,3087,51487,625
2021-11-23,Napa,055,140530,13304,13256,115,13371,104
2021-11-23,Nevada,057,99092,9700,9584,338,9922,103
2021-11-23,Orange,059,3164182,313246,310809,15691,326500,5665
2021-11-23,Placer,061,380077,38455,38001,3785,41786,468
2021-11-23,Plumas,063,18699,1929,1860,43,1903,7
2021-11-23,Riverside,065,2383286,372866,367601,16506,384107,5306
2021-11-23,Sacramento,067,1510023,163479,162328,4794,167122,2335
2021-11-23,San Benito,069,59416,7601,7575,176,7751,77
2021-11-23,San Bernardino,071,2135413,363800,360033,11514,371547,5932
2021-11-23,San Diego,073,3302833,384430,382634,22513,405147,4319
2021-11-23,San Francisco,075,870044,54457,53830,2370,56200,669
2021-11-23,San Joaquin,077,732212,102197,101368,5514,106882,1833
2021-11-23,San Luis Obispo,079,281455,30412,29983,1304,31287,358
2021-11-23,San Mateo,081,765935,55415,54360,924,55284,577
2021-11-23,Santa Barbara,083,443738,45668,45318,1576,46894,548
2021-11-23,Santa Clara,085,1922200,151080,149700,1481,151181,1922
2021-11-23,Santa Cruz,087,273765,21196,20929,1016,21945,222
2021-11-23,Shasta,089,179085,22360,22151,3670,25821,396
2021-11-23,Sierra,091,2930,196,194,21,215,0
2021-11-23,Siskiyou,093,43540,3432,3336,1323,4659,54
2021-11-23,Solano,095,438530,46880,46163,1320,47483,356
2021-11-23,Sonoma,097,501317,42682,42368,544,42912,405
2021-11-23,Stanislaus,099,539301,80698,80782,9054,89836,1220
2021-11-23,Sutter,101,95872,14143,14127,374,14501,181
2021-11-23,Tehama,103,63373,8765,8675,1516,10191,129
2021-11-23,Trinity,105,12862,894,789,219,1008,17
2021-11-23,Tulare,107,460477,70577,69377,15668,85045,1082
2021-11-23,Tuolumne,109,53932,7631,7574,112,7686,90
2021-11-23,Ventura,111,848112,99971,99163,4335,103498,1188
2021-11-23,Yolo,113,214977,20427,20237,1111,21348,257
2021-11-23,Yuba,115,75493,10400,10335,363,10698,88
2021-11-22,Alameda,001,1643700,121952,121566,2825,124391,1475
2021-11-22,Alpine,003,1148,105,106,0,106,0
2021-11-22,Amador,005,37829,5694,5670,67,5737,66
2021-11-22,Butte,007,227075,21649,21363,3946,25309,305
2021-11-22,Calaveras,009,45235,4337,4294,59,4353,84
2021-11-22,Colusa,011,21464,2600,2565,657,3222,19
2021-11-22,Contra Costa,013,1133247,101542,100877,2258,103135,1045
2021-11-22,Del Norte,015,27424,3746,3659,55,3714,42
2021-11-22,El Dorado,017,186661,16638,16378,1764,18142,161
2021-11-22,Fresno,019,978130,144977,143290,13021,156311,2243
2021-11-22,Glenn,021,27897,3565,3530,1032,4562,36
2021-11-22,Humboldt,023,135768,9474,9389,636,10025,115
2021-11-22,Imperial,025,180216,34971,34562,3409,37971,766
2021-11-22,Inyo,027,18085,2528,2501,38,2539,44
2021-11-22,Kern,029,883053,131786,130091,23384,153475,1762
2021-11-22,Kings,031,150075,33225,32867,1986,34853,358
2021-11-22,Lake,033,64148,6901,6837,153,6990,110
2021-11-22,Lassen,035,31185,7033,6954,401,7355,47
2021-11-22,Los Angeles,037,10098052,1464350,1453945,54824,1508769,26800
2021-11-22,Madera,039,155013,24121,23872,2236,26108,296
2021-11-22,Marin,041,260295,17975,17842,480,18322,248
2021-11-22,Mariposa,043,17540,1413,1372,59,1431,6
2021-11-22,Mendocino,045,87422,7977,7859,646,8505,89
2021-11-22,Merced,047,269075,43044,42898,2035,44933,660
2021-11-22,Modoc,049,8938,584,551,201,752,5
2021-11-22,Mono,051,14174,1838,1809,22,1831,4
2021-11-22,Monterey,053,433212,49525,48374,3083,51457,611
2021-11-22,Napa,055,140530,13295,13255,114,13369,104
2021-11-22,Nevada,057,99092,9683,9575,336,9911,96
2021-11-22,Orange,059,3164182,313005,310654,15665,326319,5663
2021-11-22,Placer,061,380077,38409,37956,3777,41733,465
2021-11-22,Plumas,063,18699,1926,1858,43,1901,7
2021-11-22,Riverside,065,2383286,372429,367301,16497,383798,5283
2021-11-22,Sacramento,067,1510023,163287,162222,4785,167007,2328
2021-11-22,San Benito,069,59416,7581,7567,176,7743,77
2021-11-22,San Bernardino,071,2135413,363384,359851,11503,371354,5916
2021-11-22,San Diego,073,3302833,383935,382132,22489,404621,4317
2021-11-22,San Francisco,075,870044,54365,53778,2364,56142,669
2021-11-22,San Joaquin,077,732212,102072,101299,5509,106808,1833
2021-11-22,San Luis Obispo,079,281455,30386,29963,1301,31264,358
2021-11-22,San Mateo,081,765935,55358,54330,922,55252,577
2021-11-22,Santa Barbara,083,443738,45592,45279,1576,46855,546
2021-11-22,Santa Clara,085,1922200,150895,149541,1471,151012,1919
2021-11-22,Santa Cruz,087,273765,21155,20891,1016,21907,222
2021-11-22,Shasta,089,179085,22346,22116,3665,25781,393
2021-11-22,Sierra,091,2930,196,193,21,214,0
2021-11-22,Siskiyou,093,43540,3427,3336,1321,4657,54
2021-11-22,Solano,095,438530,46831,46153,1318,47471,356
2021-11-22,Sonoma,097,501317,42621,42344,543,42887,404
2021-11-22,Stanislaus,099,539301,80610,80718,9044,89762,1209
2021-11-22,Sutter,101,95872,14127,14125,372,14497,181
2021-11-22,Tehama,103,63373,8758,8669,1511,10180,127
2021-11-22,Trinity,105,12862,893,785,219,1004,17
2021-11-22,Tulare,107,460477,70516,69314,15632,84946,1075
2021-11-22,Tuolumne,109,53932,7616,7567,112,7679,90
2021-11-22,Ventura,111,848112,99905,99114,4332,103446,1186
2021-11-22,Yolo,113,214977,20404,20227,1109,21336,257
2021-11-22,Yuba,115,75493,10391,10332,362,10694,88
2021-11-21,Alameda,001,1643700,121821,121443,2821,124264,1475
2021-11-21,Alpine,003,1148,103,106,0,106,0
2021-11-21,Amador,005,37829,5689,5662,66,5728,66
2021-11-21,Butte,007,227075,21607,21342,3941,25283,306
2021-11-21,Calaveras,009,45235,4328,4287,59,4346,84
2021-11-21,Colusa,011,21464,2596,2562,656,3218,19
2021-11-21,Contra Costa,013,1133247,101440,100807,2251,103058,1045
2021-11-21,Del Norte,015,27424,3742,3659,55,3714,42
2021-11-21,El Dorado,017,186661,16611,16370,1758,18128,161
2021-11-21,Fresno,019,978130,144805,143203,13001,156204,2242
2021-11-21,Glenn,021,27897,3560,3529,1032,4561,36
2021-11-21,Humboldt,023,135768,9452,9378,635,10013,115
2021-11-21,Imperial,025,180216,34883,34527,3399,37926,766
2021-11-21,Inyo,027,18085,2521,2501,38,2539,44
2021-11-21,Kern,029,883053,131622,130020,23338,153358,1762
2021-11-21,Kings,031,150075,33187,32843,1982,34825,356
2021-11-21,Lake,033,64148,6894,6834,153,6987,110
2021-11-21,Lassen,035,31185,7024,6953,401,7354,47
2021-11-21,Los Angeles,037,10098052,1463283,1453181,54769,1507950,26793
2021-11-21,Madera,039,155013,24096,23856,2231,26087,296
2021-11-21,Marin,041,260295,17946,17829,477,18306,248
2021-11-21,Mariposa,043,17540,1412,1371,58,1429,6
2021-11-21,Mendocino,045,87422,7971,7846,643,8489,89
2021-11-21,Merced,047,269075,42989,42881,2032,44913,660
2021-11-21,Modoc,049,8938,580,551,201,752,5
2021-11-21,Mono,051,14174,1828,1799,21,1820,4
2021-11-21,Monterey,053,433212,49479,48358,3074,51432,611
2021-11-21,Napa,055,140530,13282,13250,114,13364,104
2021-11-21,Nevada,057,99092,9657,9556,335,9891,96
2021-11-21,Orange,059,3164182,312749,310477,15634,326111,5663
2021-11-21,Placer,061,380077,38328,37929,3776,41705,465
2021-11-21,Plumas,063,18699,1921,1858,43,1901,7
2021-11-21,Riverside,065,2383286,371937,367093,16489,383582,5283
2021-11-21,Sacramento,067,1510023,163070,162087,4775,166862,2327
2021-11-21,San Benito,069,59416,7567,7563,175,7738,77
2021-11-21,San Bernardino,071,2135413,362890,359621,11467,371088,5912
2021-11-21,San Diego,073,3302833,383404,380747,22464,403211,4317
2021-11-21,San Francisco,075,870044,54296,53741,2359,56100,669
2021-11-21,San Joaquin,077,732212,101966,101264,5496,106760,1833
2021-11-21,San Luis Obispo,079,281455,30348,29948,1301,31249,358
2021-11-21,San Mateo,081,765935,55306,54290,920,55210,577
2021-11-21,Santa Barbara,083,443738,45532,45237,1573,46810,546
2021-11-21,Santa Clara,085,1922200,150690,149387,1452,150839,1918
2021-11-21,Santa Cruz,087,273765,21111,20866,1014,21880,222
2021-11-21,Shasta,089,179085,22315,22112,3663,25775,393
2021-11-21,Sierra,091,2930,196,193,21,214,0
2021-11-21,Siskiyou,093,43540,3422,3333,1320,4653,54
2021-11-21,Solano,095,438530,46775,46122,1311,47433,356
2021-11-21,Sonoma,097,501317,42561,42298,542,42840,404
2021-11-21,Stanislaus,099,539301,80515,80687,9029,89716,1209
2021-11-21,Sutter,101,95872,14113,14111,372,14483,181
2021-11-21,Tehama,103,63373,8752,8669,1510,10179,127
2021-11-21,Trinity,105,12862,891,784,217,1001,17
2021-11-21,Tulare,107,460477,70433,69285,15593,84878,1075
2021-11-21,Tuolumne,109,53932,7608,7560,111,7671,90
2021-11-21,Ventura,111,848112,99814,99081,4329,103410,1186
2021-11-21,Yolo,113,214977,20376,20209,1106,21315,257
2021-11-21,Yuba,115,75493,10382,10326,362,10688,88
2021-11-20,Alameda,001,1643700,121727,121059,2815,123874,1473
2021-11-20,Alpine,003,1148,103,105,0,105,0
2021-11-20,Amador,005,37829,5683,5652,65,5717,66
2021-11-20,Butte,007,227075,21592,21265,3937,25202,300
2021-11-20,Calaveras,009,45235,4318,4268,59,4327,84
2021-11-20,Colusa,011,21464,2595,2549,655,3204,19
2021-11-20,Contra Costa,013,1133247,101363,100491,2247,102738,1043
2021-11-20,Del Norte,015,27424,3739,3637,55,3692,42
2021-11-20,El Dorado,017,186661,16590,16308,1756,18064,161
2021-11-20,Fresno,019,978130,144736,142579,12992,155571,2233
2021-11-20,Glenn,021,27897,3559,3526,1031,4557,35
2021-11-20,Humboldt,023,135768,9439,9302,633,9935,115
2021-11-20,Imperial,025,180216,34831,34312,3393,37705,766
2021-11-20,Inyo,027,18085,2520,2467,38,2505,44
2021-11-20,Kern,029,883053,131521,129488,23301,152789,1750
2021-11-20,Kings,031,150075,33177,32720,1982,34702,354
2021-11-20,Lake,033,64148,6891,6808,153,6961,110
2021-11-20,Lassen,035,31185,7023,6931,401,7332,47
2021-11-20,Los Angeles,037,10098052,1462663,1448963,54721,1503684,26741
2021-11-20,Madera,039,155013,24082,23720,2227,25947,296
2021-11-20,Marin,041,260295,17931,17774,477,18251,248
2021-11-20,Mariposa,043,17540,1411,1354,58,1412,6
2021-11-20,Mendocino,045,87422,7963,7773,643,8416,89
2021-11-20,Merced,047,269075,42963,42692,2032,44724,656
2021-11-20,Modoc,049,8938,579,550,201,751,5
2021-11-20,Mono,051,14174,1822,1767,21,1788,4
2021-11-20,Monterey,053,433212,49466,48260,3069,51329,609
2021-11-20,Napa,055,140530,13279,13184,114,13298,103
2021-11-20,Nevada,057,99092,9641,9480,335,9815,92
2021-11-20,Orange,059,3164182,312550,309672,15617,325289,5658
2021-11-20,Placer,061,380077,38288,37800,3771,41571,462
2021-11-20,Plumas,063,18699,1917,1841,43,1884,7
2021-11-20,Riverside,065,2383286,371664,365809,16477,382286,5265
2021-11-20,Sacramento,067,1510023,162966,161533,4771,166304,2316
2021-11-20,San Benito,069,59416,7563,7533,175,7708,77
2021-11-20,San Bernardino,071,2135413,362610,358322,11456,369778,5897
2021-11-20,San Diego,073,3302833,383078,380147,22438,402585,4311
2021-11-20,San Francisco,075,870044,54257,53525,2358,55883,669
2021-11-20,San Joaquin,077,732212,101916,100922,5491,106413,1832
2021-11-20,San Luis Obispo,079,281455,30334,29815,1300,31115,355
2021-11-20,San Mateo,081,765935,55272,54132,919,55051,577
2021-11-20,Santa Barbara,083,443738,45500,45074,1573,46647,544
2021-11-20,Santa Clara,085,1922200,150583,148829,1451,150280,1917
2021-11-20,Santa Cruz,087,273765,21093,20756,1014,21770,222
2021-11-20,Shasta,089,179085,22291,21968,3662,25630,383
2021-11-20,Sierra,091,2930,196,191,21,212,0
2021-11-20,Siskiyou,093,43540,3419,3313,1320,4633,54
2021-11-20,Solano,095,438530,46754,46006,1311,47317,356
2021-11-20,Sonoma,097,501317,42530,42151,542,42693,403
2021-11-20,Stanislaus,099,539301,80469,80412,9025,89437,1205
2021-11-20,Sutter,101,95872,14105,14074,372,14446,181
2021-11-20,Tehama,103,63373,8747,8648,1510,10158,125
2021-11-20,Trinity,105,12862,887,771,217,988,17
2021-11-20,Tulare,107,460477,70394,69074,15572,84646,1054
2021-11-20,Tuolumne,109,53932,7600,7511,111,7622,90
2021-11-20,Ventura,111,848112,99765,98893,4322,103215,1186
2021-11-20,Yolo,113,214977,20368,20139,1102,21241,257
2021-11-20,Yuba,115,75493,10376,10290,361,10651,88
2021-11-19,Alameda,001,1643700,121653,121059,2812,123871,1473
2021-11-19,Alpine,003,1148,103,105,0,105,0
2021-11-19,Amador,005,37829,5673,5652,65,5717,66
2021-11-19,Butte,007,227075,21569,21265,3930,25195,300
2021-11-19,Calaveras,009,45235,4311,4268,59,4327,84
2021-11-19,Colusa,011,21464,2593,2549,654,3203,19
2021-11-19,Contra Costa,013,1133247,101306,100491,2242,102733,1043
2021-11-19,Del Norte,015,27424,3734,3637,55,3692,42
2021-11-19,El Dorado,017,186661,16568,16308,1754,18062,161
2021-11-19,Fresno,019,978130,144619,142579,12983,155562,2233
2021-11-19,Glenn,021,27897,3558,3526,1030,4556,35
2021-11-19,Humboldt,023,135768,9427,9302,630,9932,115
2021-11-19,Imperial,025,180216,34794,34312,3386,37698,766
2021-11-19,Inyo,027,18085,2516,2467,38,2505,44
2021-11-19,Kern,029,883053,131418,129488,23258,152746,1750
2021-11-19,Kings,031,150075,33152,32720,1980,34700,354
2021-11-19,Lake,033,64148,6888,6808,153,6961,110
2021-11-19,Lassen,035,31185,7018,6931,400,7331,47
2021-11-19,Los Angeles,037,10098052,1461973,1448963,54668,1503631,26741
2021-11-19,Madera,039,155013,24061,23720,2222,25942,296
2021-11-19,Marin,041,260295,17913,17774,475,18249,248
2021-11-19,Mariposa,043,17540,1409,1354,58,1412,6
2021-11-19,Mendocino,045,87422,7943,7773,643,8416,89
2021-11-19,Merced,047,269075,42937,42692,2031,44723,656
2021-11-19,Modoc,049,8938,578,550,201,751,5
2021-11-19,Mono,051,14174,1811,1767,21,1788,4
2021-11-19,Monterey,053,433212,49444,48260,3069,51329,609
2021-11-19,Napa,055,140530,13269,13184,113,13297,103
2021-11-19,Nevada,057,99092,9628,9480,335,9815,92
2021-11-19,Orange,059,3164182,312396,309672,15592,325264,5658
2021-11-19,Placer,061,380077,38251,37800,3767,41567,462
2021-11-19,Plumas,063,18699,1913,1841,43,1884,7
2021-11-19,Riverside,065,2383286,371390,365809,16473,382282,5265
2021-11-19,Sacramento,067,1510023,162841,161533,4767,166300,2316
2021-11-19,San Benito,069,59416,7557,7533,173,7706,77
2021-11-19,San Bernardino,071,2135413,362287,358322,11447,369769,5897
2021-11-19,San Diego,073,3302833,382687,380147,22412,402559,4311
2021-11-19,San Francisco,075,870044,54219,53525,2358,55883,669
2021-11-19,San Joaquin,077,732212,101859,100922,5487,106409,1832
2021-11-19,San Luis Obispo,079,281455,30316,29815,1298,31113,355
2021-11-19,San Mateo,081,765935,55224,54132,915,55047,577
2021-11-19,Santa Barbara,083,443738,45463,45074,1573,46647,544
2021-11-19,Santa Clara,085,1922200,150435,148829,1448,150277,1917
2021-11-19,Santa Cruz,087,273765,21066,20756,1011,21767,222
2021-11-19,Shasta,089,179085,22279,21968,3661,25629,383
2021-11-19,Sierra,091,2930,196,191,21,212,0
2021-11-19,Siskiyou,093,43540,3416,3313,1320,4633,54
2021-11-19,Solano,095,438530,46723,46006,1307,47313,356
2021-11-19,Sonoma,097,501317,42497,42151,539,42690,403
2021-11-19,Stanislaus,099,539301,80411,80412,9016,89428,1205
2021-11-19,Sutter,101,95872,14103,14074,372,14446,181
2021-11-19,Tehama,103,63373,8744,8648,1510,10158,125
2021-11-19,Trinity,105,12862,885,771,217,988,17
2021-11-19,Tulare,107,460477,70353,69074,15546,84620,1054
2021-11-19,Tuolumne,109,53932,7589,7511,111,7622,90
2021-11-19,Ventura,111,848112,99700,98893,4319,103212,1186
2021-11-19,Yolo,113,214977,20357,20139,1100,21239,257
2021-11-19,Yuba,115,75493,10373,10290,361,10651,88
2021-11-18,Alameda,001,1643700,121527,121059,2805,123864,1473
2021-11-18,Alpine,003,1148,103,105,0,105,0
2021-11-18,Amador,005,37829,5671,5652,65,5717,66
2021-11-18,Butte,007,227075,21552,21265,3923,25188,300
2021-11-18,Calaveras,009,45235,4304,4268,58,4326,84
2021-11-18,Colusa,011,21464,2585,2549,654,3203,19
2021-11-18,Contra Costa,013,1133247,101204,100491,2234,102725,1043
2021-11-18,Del Norte,015,27424,3731,3637,55,3692,42
2021-11-18,El Dorado,017,186661,16548,16308,1751,18059,161
2021-11-18,Fresno,019,978130,144479,142579,12973,155552,2233
2021-11-18,Glenn,021,27897,3557,3526,1029,4555,35
2021-11-18,Humboldt,023,135768,9410,9302,625,9927,115
2021-11-18,Imperial,025,180216,34739,34312,3370,37682,766
2021-11-18,Inyo,027,18085,2508,2467,38,2505,44
2021-11-18,Kern,029,883053,131270,129488,23211,152699,1750
2021-11-18,Kings,031,150075,33115,32720,1977,34697,354
2021-11-18,Lake,033,64148,6883,6808,153,6961,110
2021-11-18,Lassen,035,31185,7015,6931,395,7326,47
2021-11-18,Los Angeles,037,10098052,1460982,1448963,54607,1503570,26741
2021-11-18,Madera,039,155013,24036,23720,2218,25938,296
2021-11-18,Marin,041,260295,17896,17774,471,18245,248
2021-11-18,Mariposa,043,17540,1406,1354,58,1412,6
2021-11-18,Mendocino,045,87422,7921,7773,634,8407,89
2021-11-18,Merced,047,269075,42880,42692,2029,44721,656
2021-11-18,Modoc,049,8938,566,550,201,751,5
2021-11-18,Mono,051,14174,1803,1767,21,1788,4
2021-11-18,Monterey,053,433212,49419,48260,3064,51324,609
2021-11-18,Napa,055,140530,13257,13184,112,13296,103
2021-11-18,Nevada,057,99092,9604,9480,335,9815,92
2021-11-18,Orange,059,3164182,312159,309672,15572,325244,5658
2021-11-18,Placer,061,380077,38208,37800,3756,41556,462
2021-11-18,Plumas,063,18699,1912,1841,43,1884,7
2021-11-18,Riverside,065,2383286,371015,365809,16460,382269,5265
2021-11-18,Sacramento,067,1510023,162613,161533,4752,166285,2316
2021-11-18,San Benito,069,59416,7547,7533,173,7706,77
2021-11-18,San Bernardino,071,2135413,361854,358322,11428,369750,5897
2021-11-18,San Diego,073,3302833,382189,380147,22396,402543,4311
2021-11-18,San Francisco,075,870044,54167,53525,2354,55879,669
2021-11-18,San Joaquin,077,732212,101766,100922,5479,106401,1832
2021-11-18,San Luis Obispo,079,281455,30286,29815,1297,31112,355
2021-11-18,San Mateo,081,765935,55165,54132,912,55044,577
2021-11-18,Santa Barbara,083,443738,45417,45074,1566,46640,544
2021-11-18,Santa Clara,085,1922200,150248,148829,1440,150269,1917
2021-11-18,Santa Cruz,087,273765,21015,20756,1010,21766,222
2021-11-18,Shasta,089,179085,22243,21968,3656,25624,383
2021-11-18,Sierra,091,2930,195,191,21,212,0
2021-11-18,Siskiyou,093,43540,3416,3313,1316,4629,54
2021-11-18,Solano,095,438530,46681,46006,1304,47310,356
2021-11-18,Sonoma,097,501317,42448,42151,537,42688,403
2021-11-18,Stanislaus,099,539301,80344,80412,9008,89420,1205
2021-11-18,Sutter,101,95872,14092,14074,371,14445,181
2021-11-18,Tehama,103,63373,8739,8648,1510,10158,125
2021-11-18,Trinity,105,12862,884,771,217,988,17
2021-11-18,Tulare,107,460477,70279,69074,15502,84576,1054
2021-11-18,Tuolumne,109,53932,7579,7511,111,7622,90
2021-11-18,Ventura,111,848112,99623,98893,4315,103208,1186
2021-11-18,Yolo,113,214977,20340,20139,1096,21235,257
2021-11-18,Yuba,115,75493,10367,10290,361,10651,88
2021-11-17,Alameda,001,1643700,121405,120913,2803,123716,1472
2021-11-17,Alpine,003,1148,103,105,0,105,0
2021-11-17,Amador,005,37829,5665,5646,65,5711,66
2021-11-17,Butte,007,227075,21526,21230,3920,25150,300
2021-11-17,Calaveras,009,45235,4297,4259,58,4317,84
2021-11-17,Colusa,011,21464,2582,2546,653,3199,19
2021-11-17,Contra Costa,013,1133247,101112,100387,2230,102617,1039
2021-11-17,Del Norte,015,27424,3728,3630,55,3685,42
2021-11-17,El Dorado,017,186661,16528,16269,1750,18019,161
2021-11-17,Fresno,019,978130,144296,142366,12960,155326,2230
2021-11-17,Glenn,021,27897,3555,3527,1027,4554,34
2021-11-17,Humboldt,023,135768,9399,9270,622,9892,115
2021-11-17,Imperial,025,180216,34683,34256,3349,37605,766
2021-11-17,Inyo,027,18085,2502,2457,38,2495,44
2021-11-17,Kern,029,883053,131097,129307,23169,152476,1743
2021-11-17,Kings,031,150075,33088,32669,1973,34642,352
2021-11-17,Lake,033,64148,6879,6795,152,6947,110
2021-11-17,Lassen,035,31185,7013,6918,395,7313,47
2021-11-17,Los Angeles,037,10098052,1459882,1447947,54539,1502486,26721
2021-11-17,Madera,039,155013,24003,23673,2216,25889,287
2021-11-17,Marin,041,260295,17876,17757,469,18226,248
2021-11-17,Mariposa,043,17540,1402,1353,58,1411,6
2021-11-17,Mendocino,045,87422,7913,7735,633,8368,89
2021-11-17,Merced,047,269075,42821,42612,2024,44636,654
2021-11-17,Modoc,049,8938,562,540,201,741,5
2021-11-17,Mono,051,14174,1799,1765,21,1786,5
2021-11-17,Monterey,053,433212,49371,48221,3053,51274,609
2021-11-17,Napa,055,140530,13235,13167,112,13279,103
2021-11-17,Nevada,057,99092,9591,9447,335,9782,92
2021-11-17,Orange,059,3164182,311912,309396,15538,324934,5651
2021-11-17,Placer,061,380077,38160,37725,3748,41473,460
2021-11-17,Plumas,063,18699,1907,1833,43,1876,7
2021-11-17,Riverside,065,2383286,370604,365406,16447,381853,5229
2021-11-17,Sacramento,067,1510023,162443,161269,4745,166014,2302
2021-11-17,San Benito,069,59416,7540,7524,173,7697,77
2021-11-17,San Bernardino,071,2135413,361489,357947,11411,369358,5893
2021-11-17,San Diego,073,3302833,381698,379769,22370,402139,4301
2021-11-17,San Francisco,075,870044,54112,53469,2351,55820,667
2021-11-17,San Joaquin,077,732212,101664,100764,5474,106238,1828
2021-11-17,San Luis Obispo,079,281455,30260,29731,1294,31025,354
2021-11-17,San Mateo,081,765935,55097,54092,909,55001,577
2021-11-17,Santa Barbara,083,443738,45378,45000,1566,46566,542
2021-11-17,Santa Clara,085,1922200,150084,148626,1432,150058,1915
2021-11-17,Santa Cruz,087,273765,20980,20700,1010,21710,222
2021-11-17,Shasta,089,179085,22210,21883,3654,25537,382
2021-11-17,Sierra,091,2930,194,189,21,210,0
2021-11-17,Siskiyou,093,43540,3412,3307,1313,4620,54
2021-11-17,Solano,095,438530,46648,45948,1303,47251,353
2021-11-17,Sonoma,097,501317,42402,42093,534,42627,403
2021-11-17,Stanislaus,099,539301,80255,80276,8998,89274,1199
2021-11-17,Sutter,101,95872,14078,14064,369,14433,181
2021-11-17,Tehama,103,63373,8729,8633,1507,10140,125
2021-11-17,Trinity,105,12862,883,765,217,982,17
2021-11-17,Tulare,107,460477,70208,68977,15475,84452,1047
2021-11-17,Tuolumne,109,53932,7562,7485,111,7596,90
2021-11-17,Ventura,111,848112,99561,98812,4309,103121,1183
2021-11-17,Yolo,113,214977,20321,20100,1093,21193,257
2021-11-17,Yuba,115,75493,10355,10275,357,10632,88
2021-11-16,Alameda,001,1643700,121297,120809,2799,123608,1467
2021-11-16,Alpine,003,1148,103,105,0,105,0
2021-11-16,Amador,005,37829,5659,5644,65,5709,66
2021-11-16,Butte,007,227075,21500,21208,3915,25123,297
2021-11-16,Calaveras,009,45235,4288,4249,58,4307,83
2021-11-16,Colusa,011,21464,2576,2538,653,3191,19
2021-11-16,Contra Costa,013,1133247,100991,100320,2226,102546,1038
2021-11-16,Del Norte,015,27424,3722,3630,55,3685,42
2021-11-16,El Dorado,017,186661,16502,16248,1748,17996,159
2021-11-16,Fresno,019,978130,144110,142200,12938,155138,2218
2021-11-16,Glenn,021,27897,3554,3527,1024,4551,34
2021-11-16,Humboldt,023,135768,9378,9252,618,9870,115
2021-11-16,Imperial,025,180216,34599,34177,3335,37512,766
2021-11-16,Inyo,027,18085,2495,2449,38,2487,42
2021-11-16,Kern,029,883053,130937,129136,23108,152244,1735
2021-11-16,Kings,031,150075,33036,32614,1966,34580,350
2021-11-16,Lake,033,64148,6874,6789,152,6941,110
2021-11-16,Lassen,035,31185,7003,6915,395,7310,47
2021-11-16,Los Angeles,037,10098052,1458708,1446815,54467,1501282,26703
2021-11-16,Madera,039,155013,23965,23642,2210,25852,287
2021-11-16,Marin,041,260295,17857,17736,468,18204,248
2021-11-16,Mariposa,043,17540,1394,1349,57,1406,6
2021-11-16,Mendocino,045,87422,7871,7723,629,8352,89
2021-11-16,Merced,047,269075,42784,42578,2017,44595,653
2021-11-16,Modoc,049,8938,561,539,200,739,5
2021-11-16,Mono,051,14174,1790,1767,21,1788,4
2021-11-16,Monterey,053,433212,49341,48195,3039,51234,609
2021-11-16,Napa,055,140530,13224,13151,112,13263,103
2021-11-16,Nevada,057,99092,9574,9435,334,9769,92
2021-11-16,Orange,059,3164182,311645,309170,15504,324674,5651
2021-11-16,Placer,061,380077,38118,37676,3742,41418,459
2021-11-16,Plumas,063,18699,1898,1832,43,1875,7
2021-11-16,Riverside,065,2383286,370182,365078,16425,381503,5208
2021-11-16,Sacramento,067,1510023,162263,161102,4733,165835,2299
2021-11-16,San Benito,069,59416,7526,7513,173,7686,77
2021-11-16,San Bernardino,071,2135413,361064,357528,11358,368886,5901
2021-11-16,San Diego,073,3302833,381143,379435,22343,401778,4287
2021-11-16,San Francisco,075,870044,54039,53415,2343,55758,667
2021-11-16,San Joaquin,077,732212,101524,100637,5459,106096,1807
2021-11-16,San Luis Obispo,079,281455,30228,29703,1291,30994,356
2021-11-16,San Mateo,081,765935,55035,54034,907,54941,577
2021-11-16,Santa Barbara,083,443738,45310,44932,1563,46495,539
2021-11-16,Santa Clara,085,1922200,149903,148452,1420,149872,1916
2021-11-16,Santa Cruz,087,273765,20935,20684,1008,21692,222
2021-11-16,Shasta,089,179085,22171,21853,3650,25503,379
2021-11-16,Sierra,091,2930,194,189,21,210,0
2021-11-16,Siskiyou,093,43540,3409,3304,1311,4615,54
2021-11-16,Solano,095,438530,46608,45908,1302,47210,351
2021-11-16,Sonoma,097,501317,42353,42056,533,42589,401
2021-11-16,Stanislaus,099,539301,80158,80214,8975,89189,1196
2021-11-16,Sutter,101,95872,14066,14058,368,14426,181
2021-11-16,Tehama,103,63373,8722,8621,1500,10121,125
2021-11-16,Trinity,105,12862,883,762,216,978,17
2021-11-16,Tulare,107,460477,70128,68881,15440,84321,1039
2021-11-16,Tuolumne,109,53932,7552,7478,111,7589,90
2021-11-16,Ventura,111,848112,99486,98731,4306,103037,1183
2021-11-16,Yolo,113,214977,20282,20077,1091,21168,257
2021-11-16,Yuba,115,75493,10347,10262,355,10617,85
2021-11-15,Alameda,001,1643700,121139,120731,2795,123526,1464
2021-11-15,Alpine,003,1148,103,105,0,105,0
2021-11-15,Amador,005,37829,5654,5637,65,5702,66
2021-11-15,Butte,007,227075,21476,21182,3910,25092,296
2021-11-15,Calaveras,009,45235,4274,4237,58,4295,83
2021-11-15,Colusa,011,21464,2569,2535,650,3185,19
2021-11-15,Contra Costa,013,1133247,100885,100251,2223,102474,1038
2021-11-15,Del Norte,015,27424,3717,3630,54,3684,42
2021-11-15,El Dorado,017,186661,16478,16236,1744,17980,159
2021-11-15,Fresno,019,978130,143888,142015,12916,154931,2210
2021-11-15,Glenn,021,27897,3552,3526,1024,4550,34
2021-11-15,Humboldt,023,135768,9356,9230,610,9840,115
2021-11-15,Imperial,025,180216,34526,34130,3319,37449,766
2021-11-15,Inyo,027,18085,2490,2442,38,2480,42
2021-11-15,Kern,029,883053,130728,128928,23038,151966,1730
2021-11-15,Kings,031,150075,33002,32584,1961,34545,348
2021-11-15,Lake,033,64148,6870,6784,152,6936,109
2021-11-15,Lassen,035,31185,6992,6915,393,7308,47
2021-11-15,Los Angeles,037,10098052,1457518,1446114,54404,1500518,26677
2021-11-15,Madera,039,155013,23927,23605,2199,25804,287
2021-11-15,Marin,041,260295,17840,17723,467,18190,248
2021-11-15,Mariposa,043,17540,1393,1347,55,1402,6
2021-11-15,Mendocino,045,87422,7851,7694,623,8317,89
2021-11-15,Merced,047,269075,42727,42552,2006,44558,648
2021-11-15,Modoc,049,8938,560,538,199,737,5
2021-11-15,Mono,051,14174,1785,1763,21,1784,4
2021-11-15,Monterey,053,433212,49309,48154,3033,51187,609
2021-11-15,Napa,055,140530,13216,13143,112,13255,103
2021-11-15,Nevada,057,99092,9545,9420,333,9753,92
2021-11-15,Orange,059,3164182,311368,308859,15479,324338,5646
2021-11-15,Placer,061,380077,38054,37610,3738,41348,452
2021-11-15,Plumas,063,18699,1891,1829,43,1872,7
2021-11-15,Riverside,065,2383286,369734,364750,16406,381156,5199
2021-11-15,Sacramento,067,1510023,162042,160937,4721,165658,2293
2021-11-15,San Benito,069,59416,7521,7511,172,7683,77
2021-11-15,San Bernardino,071,2135413,360637,357306,11339,368645,5898
2021-11-15,San Diego,073,3302833,380606,378845,22318,401163,4284
2021-11-15,San Francisco,075,870044,53972,53374,2340,55714,667
2021-11-15,San Joaquin,077,732212,101370,100587,5448,106035,1799
2021-11-15,San Luis Obispo,079,281455,30185,29669,1279,30948,351
2021-11-15,San Mateo,081,765935,54982,54010,905,54915,576
2021-11-15,Santa Barbara,083,443738,45254,44879,1557,46436,539
2021-11-15,Santa Clara,085,1922200,149686,148313,1413,149726,1914
2021-11-15,Santa Cruz,087,273765,20893,20630,1007,21637,223
2021-11-15,Shasta,089,179085,22126,21779,3645,25424,374
2021-11-15,Sierra,091,2930,194,189,21,210,0
2021-11-15,Siskiyou,093,43540,3402,3302,1309,4611,54
2021-11-15,Solano,095,438530,46569,45885,1297,47182,351
2021-11-15,Sonoma,097,501317,42302,42021,532,42553,401
2021-11-15,Stanislaus,099,539301,80073,80129,8961,89090,1174
2021-11-15,Sutter,101,95872,14053,14043,367,14410,181
2021-11-15,Tehama,103,63373,8716,8615,1499,10114,125
2021-11-15,Trinity,105,12862,881,757,214,971,17
2021-11-15,Tulare,107,460477,70041,68826,15395,84221,1039
2021-11-15,Tuolumne,109,53932,7541,7461,111,7572,90
2021-11-15,Ventura,111,848112,99402,98605,4301,102906,1183
2021-11-15,Yolo,113,214977,20252,20065,1086,21151,255
2021-11-15,Yuba,115,75493,10328,10254,351,10605,85
2021-11-14,Alameda,001,1643700,120966,120629,2791,123420,1461
2021-11-14,Alpine,003,1148,102,105,0,105,0
2021-11-14,Amador,005,37829,5647,5632,64,5696,66
2021-11-14,Butte,007,227075,21444,21146,3901,25047,296
2021-11-14,Calaveras,009,45235,4263,4222,58,4280,83
2021-11-14,Colusa,011,21464,2567,2532,647,3179,19
2021-11-14,Contra Costa,013,1133247,100777,100188,2221,102409,1038
2021-11-14,Del Norte,015,27424,3714,3629,54,3683,42
2021-11-14,El Dorado,017,186661,16436,16212,1739,17951,159
2021-11-14,Fresno,019,978130,143606,141869,12882,154751,2209
2021-11-14,Glenn,021,27897,3550,3521,1024,4545,34
2021-11-14,Humboldt,023,135768,9325,9215,600,9815,115
2021-11-14,Imperial,025,180216,34423,34078,3304,37382,766
2021-11-14,Inyo,027,18085,2478,2441,38,2479,42
2021-11-14,Kern,029,883053,130488,128842,22968,151810,1730
2021-11-14,Kings,031,150075,32945,32545,1954,34499,349
2021-11-14,Lake,033,64148,6862,6777,152,6929,109
2021-11-14,Lassen,035,31185,6982,6911,392,7303,47
2021-11-14,Los Angeles,037,10098052,1456151,1445284,54328,1499612,26667
2021-11-14,Madera,039,155013,23877,23566,2190,25756,287
2021-11-14,Marin,041,260295,17825,17712,467,18179,247
2021-11-14,Mariposa,043,17540,1383,1337,51,1388,6
2021-11-14,Mendocino,045,87422,7818,7684,618,8302,89
2021-11-14,Merced,047,269075,42637,42513,2000,44513,648
2021-11-14,Modoc,049,8938,558,538,199,737,5
2021-11-14,Mono,051,14174,1773,1760,21,1781,4
2021-11-14,Monterey,053,433212,49254,48135,3015,51150,609
2021-11-14,Napa,055,140530,13198,13132,112,13244,103
2021-11-14,Nevada,057,99092,9517,9408,333,9741,92
2021-11-14,Orange,059,3164182,311049,308699,15458,324157,5646
2021-11-14,Placer,061,380077,37974,37569,3728,41297,452
2021-11-14,Plumas,063,18699,1888,1829,42,1871,7
2021-11-14,Riverside,065,2383286,369236,364490,16389,380879,5199
2021-11-14,Sacramento,067,1510023,161806,160761,4704,165465,2295
2021-11-14,San Benito,069,59416,7510,7507,171,7678,77
2021-11-14,San Bernardino,071,2135413,360054,357014,11322,368336,5897
2021-11-14,San Diego,073,3302833,380009,377633,22287,399920,4280
2021-11-14,San Francisco,075,870044,53896,53338,2335,55673,667
2021-11-14,San Joaquin,077,732212,101242,100518,5443,105961,1799
2021-11-14,San Luis Obispo,079,281455,30104,29645,1275,30920,352
2021-11-14,San Mateo,081,765935,54929,53978,903,54881,576
2021-11-14,Santa Barbara,083,443738,45175,44842,1554,46396,539
2021-11-14,Santa Clara,085,1922200,149488,148152,1405,149557,1913
2021-11-14,Santa Cruz,087,273765,20839,20609,1005,21614,223
2021-11-14,Shasta,089,179085,22074,21771,3632,25403,373
2021-11-14,Sierra,091,2930,194,189,21,210,0
2021-11-14,Siskiyou,093,43540,3393,3302,1308,4610,54
2021-11-14,Solano,095,438530,46514,45860,1290,47150,351
2021-11-14,Sonoma,097,501317,42236,41974,530,42504,401
2021-11-14,Stanislaus,099,539301,79938,80076,8943,89019,1174
2021-11-14,Sutter,101,95872,14036,14031,363,14394,181
2021-11-14,Tehama,103,63373,8706,8607,1497,10104,125
2021-11-14,Trinity,105,12862,878,754,212,966,17
2021-11-14,Tulare,107,460477,69924,68772,15337,84109,1037
2021-11-14,Tuolumne,109,53932,7523,7439,110,7549,90
2021-11-14,Ventura,111,848112,99287,98550,4300,102850,1183
2021-11-14,Yolo,113,214977,20225,20040,1080,21120,255
2021-11-14,Yuba,115,75493,10321,10238,350,10588,85
2021-11-13,Alameda,001,1643700,120897,120407,2790,123197,1454
2021-11-13,Alpine,003,1148,102,105,0,105,0
2021-11-13,Amador,005,37829,5646,5614,64,5678,66
2021-11-13,Butte,007,227075,21423,21104,3898,25002,296
2021-11-13,Calaveras,009,45235,4252,4203,58,4261,83
2021-11-13,Colusa,011,21464,2565,2522,647,3169,19
2021-11-13,Contra Costa,013,1133247,100705,100004,2215,102219,1028
2021-11-13,Del Norte,015,27424,3714,3629,54,3683,42
2021-11-13,El Dorado,017,186661,16423,16163,1736,17899,159
2021-11-13,Fresno,019,978130,143499,141452,12868,154320,2205
2021-11-13,Glenn,021,27897,3550,3514,1023,4537,34
2021-11-13,Humboldt,023,135768,9309,9177,595,9772,115
2021-11-13,Imperial,025,180216,34373,33990,3287,37277,766
2021-11-13,Inyo,027,18085,2472,2436,38,2474,42
2021-11-13,Kern,029,883053,130386,128472,22924,151396,1719
2021-11-13,Kings,031,150075,32928,32452,1953,34405,347
2021-11-13,Lake,033,64148,6857,6769,152,6921,109
2021-11-13,Lassen,035,31185,6977,6897,392,7289,47
2021-11-13,Los Angeles,037,10098052,1455496,1443088,54289,1497377,26649
2021-11-13,Madera,039,155013,23846,23462,2185,25647,287
2021-11-13,Marin,041,260295,17812,17684,465,18149,247
2021-11-13,Mariposa,043,17540,1380,1323,51,1374,6
2021-11-13,Mendocino,045,87422,7799,7652,617,8269,89
2021-11-13,Merced,047,269075,42599,42411,1997,44408,644
2021-11-13,Modoc,049,8938,557,536,199,735,5
2021-11-13,Mono,051,14174,1769,1750,21,1771,4
2021-11-13,Monterey,053,433212,49228,48087,3013,51100,609
2021-11-13,Napa,055,140530,13190,13110,112,13222,103
2021-11-13,Nevada,057,99092,9497,9369,331,9700,92
2021-11-13,Orange,059,3164182,310882,308211,15430,323641,5641
2021-11-13,Placer,061,380077,37924,37453,3725,41178,445
2021-11-13,Plumas,063,18699,1885,1828,42,1870,8
2021-11-13,Riverside,065,2383286,368930,363801,16382,380183,5187
2021-11-13,Sacramento,067,1510023,161670,160397,4692,165089,2291
2021-11-13,San Benito,069,59416,7497,7491,170,7661,77
2021-11-13,San Bernardino,071,2135413,359801,356325,11315,367640,5873
2021-11-13,San Diego,073,3302833,379679,377633,22259,399892,4280
2021-11-13,San Francisco,075,870044,53864,53195,2334,55529,667
2021-11-13,San Joaquin,077,732212,101185,100263,5434,105697,1799
2021-11-13,San Luis Obispo,079,281455,30074,29589,1273,30862,351
2021-11-13,San Mateo,081,765935,54891,53853,902,54755,574
2021-11-13,Santa Barbara,083,443738,45142,44734,1554,46288,537
2021-11-13,Santa Clara,085,1922200,149368,147821,1400,149221,1905
2021-11-13,Santa Cruz,087,273765,20824,20565,1004,21569,223
2021-11-13,Shasta,089,179085,22043,21713,3628,25341,366
2021-11-13,Sierra,091,2930,193,188,21,209,0
2021-11-13,Siskiyou,093,43540,3384,3299,1307,4606,54
2021-11-13,Solano,095,438530,46485,45774,1286,47060,350
2021-11-13,Sonoma,097,501317,42202,41882,529,42411,399
2021-11-13,Stanislaus,099,539301,79863,79872,8929,88801,1174
2021-11-13,Sutter,101,95872,14026,14017,362,14379,181
2021-11-13,Tehama,103,63373,8700,8592,1493,10085,125
2021-11-13,Trinity,105,12862,877,749,212,961,17
2021-11-13,Tulare,107,460477,69858,68619,15314,83933,1033
2021-11-13,Tuolumne,109,53932,7505,7392,110,7502,90
2021-11-13,Ventura,111,848112,99229,98452,4297,102749,1183
2021-11-13,Yolo,113,214977,20211,20009,1075,21084,255
2021-11-13,Yuba,115,75493,10311,10218,348,10566,85
2021-11-12,Alameda,001,1643700,120810,120407,2787,123194,1454
2021-11-12,Alpine,003,1148,102,105,0,105,0
2021-11-12,Amador,005,37829,5642,5614,63,5677,66
2021-11-12,Butte,007,227075,21405,21104,3894,24998,296
2021-11-12,Calaveras,009,45235,4241,4203,58,4261,83
2021-11-12,Colusa,011,21464,2561,2522,646,3168,19
2021-11-12,Contra Costa,013,1133247,100651,100004,2214,102218,1028
2021-11-12,Del Norte,015,27424,3713,3629,54,3683,42
2021-11-12,El Dorado,017,186661,16404,16163,1735,17898,159
2021-11-12,Fresno,019,978130,143356,141452,12855,154307,2205
2021-11-12,Glenn,021,27897,3547,3514,1022,4536,34
2021-11-12,Humboldt,023,135768,9302,9177,593,9770,115
2021-11-12,Imperial,025,180216,34346,33990,3278,37268,766
2021-11-12,Inyo,027,18085,2468,2436,38,2474,42
2021-11-12,Kern,029,883053,130249,128472,22891,151363,1719
2021-11-12,Kings,031,150075,32902,32452,1951,34403,347
2021-11-12,Lake,033,64148,6853,6769,152,6921,109
2021-11-12,Lassen,035,31185,6973,6897,391,7288,47
2021-11-12,Los Angeles,037,10098052,1454769,1443088,54244,1497332,26649
2021-11-12,Madera,039,155013,23817,23462,2180,25642,287
2021-11-12,Marin,041,260295,17796,17684,464,18148,247
2021-11-12,Mariposa,043,17540,1373,1323,51,1374,6
2021-11-12,Mendocino,045,87422,7787,7652,614,8266,89
2021-11-12,Merced,047,269075,42570,42411,1995,44406,644
2021-11-12,Modoc,049,8938,556,536,199,735,5
2021-11-12,Mono,051,14174,1767,1750,21,1771,4
2021-11-12,Monterey,053,433212,49196,48087,3007,51094,609
2021-11-12,Napa,055,140530,13181,13110,112,13222,103
2021-11-12,Nevada,057,99092,9483,9369,330,9699,92
2021-11-12,Orange,059,3164182,310694,308211,15412,323623,5641
2021-11-12,Placer,061,380077,37885,37453,3722,41175,445
2021-11-12,Plumas,063,18699,1879,1828,42,1870,8
2021-11-12,Riverside,065,2383286,368663,363801,16378,380179,5187
2021-11-12,Sacramento,067,1510023,161511,160397,4687,165084,2291
2021-11-12,San Benito,069,59416,7497,7491,170,7661,77
2021-11-12,San Bernardino,071,2135413,359492,356325,11305,367630,5873
2021-11-12,San Diego,073,3302833,379312,377633,22237,399870,4280
2021-11-12,San Francisco,075,870044,53830,53195,2330,55525,667
2021-11-12,San Joaquin,077,732212,101140,100263,5427,105690,1799
2021-11-12,San Luis Obispo,079,281455,30045,29589,1272,30861,351
2021-11-12,San Mateo,081,765935,54841,53853,899,54752,574
2021-11-12,Santa Barbara,083,443738,45087,44734,1553,46287,537
2021-11-12,Santa Clara,085,1922200,149226,147821,1396,149217,1905
2021-11-12,Santa Cruz,087,273765,20796,20565,1002,21567,223
2021-11-12,Shasta,089,179085,22010,21713,3625,25338,366
2021-11-12,Sierra,091,2930,192,188,21,209,0
2021-11-12,Siskiyou,093,43540,3383,3299,1305,4604,54
2021-11-12,Solano,095,438530,46458,45774,1282,47056,350
2021-11-12,Sonoma,097,501317,42162,41882,529,42411,399
2021-11-12,Stanislaus,099,539301,79811,79872,8921,88793,1174
2021-11-12,Sutter,101,95872,14019,14017,362,14379,181
2021-11-12,Tehama,103,63373,8696,8592,1492,10084,125
2021-11-12,Trinity,105,12862,870,749,212,961,17
2021-11-12,Tulare,107,460477,69816,68619,15279,83898,1033
2021-11-12,Tuolumne,109,53932,7492,7392,109,7501,90
2021-11-12,Ventura,111,848112,99164,98452,4296,102748,1183
2021-11-12,Yolo,113,214977,20197,20009,1069,21078,255
2021-11-12,Yuba,115,75493,10302,10218,347,10565,85
2021-11-11,Alameda,001,1643700,120696,120147,2779,122926,1453
2021-11-11,Alpine,003,1148,102,105,0,105,0
2021-11-11,Amador,005,37829,5639,5603,62,5665,66
2021-11-11,Butte,007,227075,21362,21047,3887,24934,293
2021-11-11,Calaveras,009,45235,4223,4179,58,4237,83
2021-11-11,Colusa,011,21464,2553,2518,644,3162,19
2021-11-11,Contra Costa,013,1133247,100547,99808,2210,102018,1028
2021-11-11,Del Norte,015,27424,3711,3622,54,3676,42
2021-11-11,El Dorado,017,186661,16370,16085,1732,17817,159
2021-11-11,Fresno,019,978130,143152,140833,12821,153654,2202
2021-11-11,Glenn,021,27897,3545,3503,1021,4524,34
2021-11-11,Humboldt,023,135768,9279,9125,590,9715,115
2021-11-11,Imperial,025,180216,34277,33844,3256,37100,766
2021-11-11,Inyo,027,18085,2463,2428,38,2466,42
2021-11-11,Kern,029,883053,130064,128023,22828,150851,1709
2021-11-11,Kings,031,150075,32852,32318,1949,34267,345
2021-11-11,Lake,033,64148,6846,6745,152,6897,107
2021-11-11,Lassen,035,31185,6967,6875,391,7266,47
2021-11-11,Los Angeles,037,10098052,1453674,1440436,54186,1494622,26614
2021-11-11,Madera,039,155013,23769,23316,2172,25488,287
2021-11-11,Marin,041,260295,17786,17639,464,18103,247
2021-11-11,Mariposa,043,17540,1363,1317,51,1368,6
2021-11-11,Mendocino,045,87422,7772,7612,605,8217,89
2021-11-11,Merced,047,269075,42514,42292,1992,44284,643
2021-11-11,Modoc,049,8938,554,536,199,735,5
2021-11-11,Mono,051,14174,1763,1743,21,1764,4
2021-11-11,Monterey,053,433212,49161,48008,2995,51003,609
2021-11-11,Napa,055,140530,13173,13075,112,13187,103
2021-11-11,Nevada,057,99092,9461,9308,330,9638,92
2021-11-11,Orange,059,3164182,310421,307674,15375,323049,5633
2021-11-11,Placer,061,380077,37834,37333,3714,41047,440
2021-11-11,Plumas,063,18699,1875,1814,42,1856,7
2021-11-11,Riverside,065,2383286,368228,362930,16360,379290,5175
2021-11-11,Sacramento,067,1510023,161299,159962,4668,164630,2289
2021-11-11,San Benito,069,59416,7489,7473,170,7643,76
2021-11-11,San Bernardino,071,2135413,359061,355413,11292,366705,5849
2021-11-11,San Diego,073,3302833,378803,376428,22214,398642,4272
2021-11-11,San Francisco,075,870044,53771,53063,2329,55392,666
2021-11-11,San Joaquin,077,732212,101045,99937,5411,105348,1799
2021-11-11,San Luis Obispo,079,281455,29994,29532,1270,30802,351
2021-11-11,San Mateo,081,765935,54792,53722,894,54616,574
2021-11-11,Santa Barbara,083,443738,45030,44603,1550,46153,534
2021-11-11,Santa Clara,085,1922200,149044,147458,1390,148848,1901
2021-11-11,Santa Cruz,087,273765,20751,20479,1002,21481,222
2021-11-11,Shasta,089,179085,21964,21600,3623,25223,364
2021-11-11,Sierra,091,2930,191,186,21,207,0
2021-11-11,Siskiyou,093,43540,3377,3297,1304,4601,53
2021-11-11,Solano,095,438530,46421,45679,1281,46960,350
2021-11-11,Sonoma,097,501317,42125,41774,529,42303,395
2021-11-11,Stanislaus,099,539301,79729,79570,8905,88475,1166
2021-11-11,Sutter,101,95872,14004,13993,361,14354,181
2021-11-11,Tehama,103,63373,8684,8565,1490,10055,125
2021-11-11,Trinity,105,12862,869,748,212,960,17
2021-11-11,Tulare,107,460477,69723,68367,15243,83610,1028
2021-11-11,Tuolumne,109,53932,7479,7354,109,7463,90
2021-11-11,Ventura,111,848112,99086,98297,4289,102586,1182
2021-11-11,Yolo,113,214977,20170,19946,1067,21013,255
2021-11-11,Yuba,115,75493,10286,10191,347,10538,85
2021-11-10,Alameda,001,1643700,120586,120147,2770,122917,1453
2021-11-10,Alpine,003,1148,102,105,0,105,0
2021-11-10,Amador,005,37829,5633,5603,62,5665,66
2021-11-10,Butte,007,227075,21335,21047,3883,24930,293
2021-11-10,Calaveras,009,45235,4212,4179,58,4237,83
2021-11-10,Colusa,011,21464,2547,2518,644,3162,19
2021-11-10,Contra Costa,013,1133247,100464,99808,2206,102014,1028
2021-11-10,Del Norte,015,27424,3710,3622,54,3676,42
2021-11-10,El Dorado,017,186661,16354,16085,1731,17816,159
2021-11-10,Fresno,019,978130,142973,140833,12808,153641,2202
2021-11-10,Glenn,021,27897,3545,3503,1020,4523,34
2021-11-10,Humboldt,023,135768,9261,9125,590,9715,115
2021-11-10,Imperial,025,180216,34229,33844,3237,37081,766
2021-11-10,Inyo,027,18085,2456,2428,38,2466,42
2021-11-10,Kern,029,883053,129914,128023,22773,150796,1709
2021-11-10,Kings,031,150075,32819,32318,1947,34265,345
2021-11-10,Lake,033,64148,6836,6745,152,6897,107
2021-11-10,Lassen,035,31185,6962,6875,391,7266,47
2021-11-10,Los Angeles,037,10098052,1452724,1440436,54128,1494564,26614
2021-11-10,Madera,039,155013,23719,23316,2166,25482,287
2021-11-10,Marin,041,260295,17773,17639,462,18101,247
2021-11-10,Mariposa,043,17540,1357,1317,51,1368,6
2021-11-10,Mendocino,045,87422,7760,7612,604,8216,89
2021-11-10,Merced,047,269075,42479,42292,1990,44282,643
2021-11-10,Modoc,049,8938,553,536,198,734,5
2021-11-10,Mono,051,14174,1761,1743,21,1764,4
2021-11-10,Monterey,053,433212,49127,48008,2984,50992,609
2021-11-10,Napa,055,140530,13159,13075,111,13186,103
2021-11-10,Nevada,057,99092,9454,9308,328,9636,92
2021-11-10,Orange,059,3164182,310157,307674,15343,323017,5633
2021-11-10,Placer,061,380077,37788,37333,3707,41040,440
2021-11-10,Plumas,063,18699,1869,1814,41,1855,7
2021-11-10,Riverside,065,2383286,367848,362930,16354,379284,5175
2021-11-10,Sacramento,067,1510023,161144,159962,4658,164620,2289
2021-11-10,San Benito,069,59416,7481,7473,170,7643,76
2021-11-10,San Bernardino,071,2135413,358720,355413,11285,366698,5849
2021-11-10,San Diego,073,3302833,378399,376428,22192,398620,4272
2021-11-10,San Francisco,075,870044,53710,53063,2326,55389,666
2021-11-10,San Joaquin,077,732212,100940,99937,5406,105343,1799
2021-11-10,San Luis Obispo,079,281455,29963,29532,1269,30801,351
2021-11-10,San Mateo,081,765935,54739,53722,893,54615,574
2021-11-10,Santa Barbara,083,443738,44992,44603,1549,46152,534
2021-11-10,Santa Clara,085,1922200,148897,147458,1384,148842,1901
2021-11-10,Santa Cruz,087,273765,20724,20479,1001,21480,222
2021-11-10,Shasta,089,179085,21928,21600,3621,25221,364
2021-11-10,Sierra,091,2930,190,186,21,207,0
2021-11-10,Siskiyou,093,43540,3375,3297,1304,4601,53
2021-11-10,Solano,095,438530,46391,45679,1279,46958,350
2021-11-10,Sonoma,097,501317,42074,41774,529,42303,395
2021-11-10,Stanislaus,099,539301,79627,79570,8889,88459,1166
2021-11-10,Sutter,101,95872,13996,13993,361,14354,181
2021-11-10,Tehama,103,63373,8672,8565,1484,10049,125
2021-11-10,Trinity,105,12862,865,748,211,959,17
2021-11-10,Tulare,107,460477,69662,68367,15204,83571,1028
2021-11-10,Tuolumne,109,53932,7455,7354,109,7463,90
2021-11-10,Ventura,111,848112,99015,98297,4289,102586,1182
2021-11-10,Yolo,113,214977,20151,19946,1066,21012,255
2021-11-10,Yuba,115,75493,10277,10191,347,10538,85
2021-11-09,Alameda,001,1643700,120448,120051,2761,122812,1450
2021-11-09,Alpine,003,1148,102,105,0,105,0
2021-11-09,Amador,005,37829,5627,5596,62,5658,66
2021-11-09,Butte,007,227075,21311,21022,3879,24901,291
2021-11-09,Calaveras,009,45235,4208,4174,58,4232,84
2021-11-09,Colusa,011,21464,2542,2517,643,3160,19
2021-11-09,Contra Costa,013,1133247,100369,99732,2198,101930,1028
2021-11-09,Del Norte,015,27424,3709,3620,54,3674,42
2021-11-09,El Dorado,017,186661,16316,16073,1726,17799,160
2021-11-09,Fresno,019,978130,142727,140666,12793,153459,2188
2021-11-09,Glenn,021,27897,3540,3499,1019,4518,34
2021-11-09,Humboldt,023,135768,9240,9112,585,9697,115
2021-11-09,Imperial,025,180216,34176,33751,3223,36974,766
2021-11-09,Inyo,027,18085,2452,2404,38,2442,42
2021-11-09,Kern,029,883053,129668,127901,22711,150612,1694
2021-11-09,Kings,031,150075,32752,32279,1943,34222,344
2021-11-09,Lake,033,64148,6827,6743,152,6895,106
2021-11-09,Lassen,035,31185,6950,6846,391,7237,47
2021-11-09,Los Angeles,037,10098052,1451462,1439125,54066,1493191,26581
2021-11-09,Madera,039,155013,23669,23285,2157,25442,287
2021-11-09,Marin,041,260295,17754,17630,460,18090,247
2021-11-09,Mariposa,043,17540,1349,1317,51,1368,5
2021-11-09,Mendocino,045,87422,7737,7598,598,8196,85
2021-11-09,Merced,047,269075,42438,42251,1984,44235,613
2021-11-09,Modoc,049,8938,552,536,196,732,5
2021-11-09,Mono,051,14174,1756,1738,21,1759,4
2021-11-09,Monterey,053,433212,49091,47975,2960,50935,609
2021-11-09,Napa,055,140530,13141,13051,111,13162,103
2021-11-09,Nevada,057,99092,9435,9288,328,9616,92
2021-11-09,Orange,059,3164182,309873,307412,15316,322728,5621
2021-11-09,Placer,061,380077,37733,37291,3690,40981,440
2021-11-09,Plumas,063,18699,1867,1802,41,1843,7
2021-11-09,Riverside,065,2383286,367381,362557,16340,378897,5160
2021-11-09,Sacramento,067,1510023,160903,159856,4649,164505,2286
2021-11-09,San Benito,069,59416,7471,7471,169,7640,76
2021-11-09,San Bernardino,071,2135413,358269,354972,11268,366240,5839
2021-11-09,San Diego,073,3302833,377904,375997,22166,398163,4272
2021-11-09,San Francisco,075,870044,53636,52996,2320,55316,666
2021-11-09,San Joaquin,077,732212,100766,99848,5393,105241,1794
2021-11-09,San Luis Obispo,079,281455,29921,29488,1268,30756,350
2021-11-09,San Mateo,081,765935,54693,53697,884,54581,574
2021-11-09,Santa Barbara,083,443738,44925,44579,1542,46121,533
2021-11-09,Santa Clara,085,1922200,148691,147281,1377,148658,1901
2021-11-09,Santa Cruz,087,273765,20690,20463,1000,21463,222
2021-11-09,Shasta,089,179085,21873,21558,3616,25174,364
2021-11-09,Sierra,091,2930,190,186,21,207,0
2021-11-09,Siskiyou,093,43540,3373,3295,1302,4597,52
2021-11-09,Solano,095,438530,46336,45639,1278,46917,350
2021-11-09,Sonoma,097,501317,42017,41727,527,42254,395
2021-11-09,Stanislaus,099,539301,79521,79505,8872,88377,1165
2021-11-09,Sutter,101,95872,13981,13988,359,14347,180
2021-11-09,Tehama,103,63373,8654,8555,1482,10037,125
2021-11-09,Trinity,105,12862,864,746,211,957,17
2021-11-09,Tulare,107,460477,69556,68298,15165,83463,1024
2021-11-09,Tuolumne,109,53932,7435,7347,109,7456,90
2021-11-09,Ventura,111,848112,98937,98202,4284,102486,1182
2021-11-09,Yolo,113,214977,20127,19931,1062,20993,255
2021-11-09,Yuba,115,75493,10260,10175,341,10516,85
2021-11-08,Alameda,001,1643700,120305,119983,2755,122738,1447
2021-11-08,Alpine,003,1148,102,105,0,105,0
2021-11-08,Amador,005,37829,5621,5590,62,5652,66
2021-11-08,Butte,007,227075,21283,21000,3870,24870,288
2021-11-08,Calaveras,009,45235,4200,4166,58,4224,82
2021-11-08,Colusa,011,21464,2541,2514,642,3156,19
2021-11-08,Contra Costa,013,1133247,100265,99669,2194,101863,1028
2021-11-08,Del Norte,015,27424,3705,3619,54,3673,42
2021-11-08,El Dorado,017,186661,16297,16055,1721,17776,156
2021-11-08,Fresno,019,978130,142426,140466,12771,153237,2179
2021-11-08,Glenn,021,27897,3538,3496,1015,4511,34
2021-11-08,Humboldt,023,135768,9214,9095,575,9670,109
2021-11-08,Imperial,025,180216,34096,33690,3205,36895,766
2021-11-08,Inyo,027,18085,2445,2398,38,2436,41
2021-11-08,Kern,029,883053,129432,127722,22628,150350,1692
2021-11-08,Kings,031,150075,32706,32248,1942,34190,344
2021-11-08,Lake,033,64148,6821,6737,152,6889,106
2021-11-08,Lassen,035,31185,6943,6830,389,7219,46
2021-11-08,Los Angeles,037,10098052,1450116,1438322,54009,1492331,26575
2021-11-08,Madera,039,155013,23620,23253,2146,25399,287
2021-11-08,Marin,041,260295,17737,17617,457,18074,247
2021-11-08,Mariposa,043,17540,1341,1316,50,1366,5
2021-11-08,Mendocino,045,87422,7724,7581,592,8173,85
2021-11-08,Merced,047,269075,42368,42224,1974,44198,607
2021-11-08,Modoc,049,8938,551,529,196,725,5
2021-11-08,Mono,051,14174,1752,1739,21,1760,4
2021-11-08,Monterey,053,433212,49050,47942,2940,50882,602
2021-11-08,Napa,055,140530,13127,13045,111,13156,103
2021-11-08,Nevada,057,99092,9416,9278,326,9604,92
2021-11-08,Orange,059,3164182,309601,307156,15285,322441,5616
2021-11-08,Placer,061,380077,37679,37250,3687,40937,439
2021-11-08,Plumas,063,18699,1866,1788,40,1828,7
2021-11-08,Riverside,065,2383286,366926,362201,16326,378527,5152
2021-11-08,Sacramento,067,1510023,160687,159735,4628,164363,2275
2021-11-08,San Benito,069,59416,7469,7461,169,7630,75
2021-11-08,San Bernardino,071,2135413,357757,354741,11250,365991,5836
2021-11-08,San Diego,073,3302833,377342,375557,22119,397676,4259
2021-11-08,San Francisco,075,870044,53583,52942,2314,55256,666
2021-11-08,San Joaquin,077,732212,100649,99736,5391,105127,1794
2021-11-08,San Luis Obispo,079,281455,29869,29464,1263,30727,350
2021-11-08,San Mateo,081,765935,54620,53658,879,54537,574
2021-11-08,Santa Barbara,083,443738,44871,44548,1541,46089,532
2021-11-08,Santa Clara,085,1922200,148465,147183,1371,148554,1899
2021-11-08,Santa Cruz,087,273765,20661,20435,1000,21435,222
2021-11-08,Shasta,089,179085,21826,21504,3610,25114,354
2021-11-08,Sierra,091,2930,190,183,21,204,0
2021-11-08,Siskiyou,093,43540,3369,3290,1291,4581,50
2021-11-08,Solano,095,438530,46295,45613,1274,46887,350
2021-11-08,Sonoma,097,501317,41949,41669,526,42195,395
2021-11-08,Stanislaus,099,539301,79369,79417,8858,88275,1150
2021-11-08,Sutter,101,95872,13973,13976,355,14331,180
2021-11-08,Tehama,103,63373,8645,8534,1482,10016,123
2021-11-08,Trinity,105,12862,864,743,210,953,13
2021-11-08,Tulare,107,460477,69439,68199,15127,83326,1020
2021-11-08,Tuolumne,109,53932,7416,7328,108,7436,90
2021-11-08,Ventura,111,848112,98844,98144,4282,102426,1182
2021-11-08,Yolo,113,214977,20089,19916,1057,20973,255
2021-11-08,Yuba,115,75493,10249,10172,338,10510,83
2021-11-07,Alameda,001,1643700,120146,119902,2749,122651,1444
2021-11-07,Alpine,003,1148,102,105,0,105,0
2021-11-07,Amador,005,37829,5613,5580,60,5640,66
2021-11-07,Butte,007,227075,21242,20969,3861,24830,288
2021-11-07,Calaveras,009,45235,4173,4158,57,4215,82
2021-11-07,Colusa,011,21464,2535,2511,640,3151,19
2021-11-07,Contra Costa,013,1133247,100154,99596,2185,101781,1028
2021-11-07,Del Norte,015,27424,3703,3617,54,3671,42
2021-11-07,El Dorado,017,186661,16260,16040,1718,17758,156
2021-11-07,Fresno,019,978130,142085,140263,12744,153007,2179
2021-11-07,Glenn,021,27897,3531,3493,1014,4507,34
2021-11-07,Humboldt,023,135768,9190,9074,571,9645,109
2021-11-07,Imperial,025,180216,34023,33674,3186,36860,766
2021-11-07,Inyo,027,18085,2432,2394,38,2432,41
2021-11-07,Kern,029,883053,129160,127583,22537,150120,1692
2021-11-07,Kings,031,150075,32615,32221,1939,34160,343
2021-11-07,Lake,033,64148,6805,6734,151,6885,106
2021-11-07,Lassen,035,31185,6935,6819,385,7204,46
2021-11-07,Los Angeles,037,10098052,1448622,1437314,53934,1491248,26573
2021-11-07,Madera,039,155013,23575,23225,2138,25363,287
2021-11-07,Marin,041,260295,17717,17594,456,18050,247
2021-11-07,Mariposa,043,17540,1339,1306,50,1356,5
2021-11-07,Mendocino,045,87422,7696,7567,588,8155,85
2021-11-07,Merced,047,269075,42290,42186,1943,44129,607
2021-11-07,Modoc,049,8938,548,528,195,723,5
2021-11-07,Mono,051,14174,1746,1739,21,1760,4
2021-11-07,Monterey,053,433212,48998,47924,2936,50860,602
2021-11-07,Napa,055,140530,13106,13041,111,13152,103
2021-11-07,Nevada,057,99092,9368,9254,326,9580,92
2021-11-07,Orange,059,3164182,309277,306954,15247,322201,5616
2021-11-07,Placer,061,380077,37603,37202,3672,40874,439
2021-11-07,Plumas,063,18699,1859,1787,39,1826,7
2021-11-07,Riverside,065,2383286,366389,361960,16306,378266,5152
2021-11-07,Sacramento,067,1510023,160454,159549,4611,164160,2277
2021-11-07,San Benito,069,59416,7456,7460,169,7629,75
2021-11-07,San Bernardino,071,2135413,357240,354488,11227,365715,5832
2021-11-07,San Diego,073,3302833,376761,375165,22086,397251,4250
2021-11-07,San Francisco,075,870044,53499,52868,2308,55176,666
2021-11-07,San Joaquin,077,732212,100465,99696,5385,105081,1794
2021-11-07,San Luis Obispo,079,281455,29819,29454,1259,30713,350
2021-11-07,San Mateo,081,765935,54561,53600,877,54477,574
2021-11-07,Santa Barbara,083,443738,44808,44501,1540,46041,532
2021-11-07,Santa Clara,085,1922200,148261,147054,1358,148412,1898
2021-11-07,Santa Cruz,087,273765,20603,20397,999,21396,222
2021-11-07,Shasta,089,179085,21778,21479,3604,25083,354
2021-11-07,Sierra,091,2930,188,183,21,204,0
2021-11-07,Siskiyou,093,43540,3363,3289,1289,4578,51
2021-11-07,Solano,095,438530,46240,45582,1267,46849,350
2021-11-07,Sonoma,097,501317,41899,41630,525,42155,395
2021-11-07,Stanislaus,099,539301,79214,79351,8836,88187,1150
2021-11-07,Sutter,101,95872,13960,13964,352,14316,180
2021-11-07,Tehama,103,63373,8620,8528,1480,10008,121
2021-11-07,Trinity,105,12862,863,742,209,951,13
2021-11-07,Tulare,107,460477,69286,68145,15084,83229,1020
2021-11-07,Tuolumne,109,53932,7398,7300,106,7406,90
2021-11-07,Ventura,111,848112,98753,98085,4280,102365,1182
2021-11-07,Yolo,113,214977,20068,19899,1053,20952,255
2021-11-07,Yuba,115,75493,10232,10162,333,10495,83
2021-11-06,Alameda,001,1643700,120083,119499,2746,122245,1436
2021-11-06,Alpine,003,1148,102,105,0,105,0
2021-11-06,Amador,005,37829,5607,5557,60,5617,66
2021-11-06,Butte,007,227075,21222,20796,3857,24653,288
2021-11-06,Calaveras,009,45235,4165,4105,57,4162,82
2021-11-06,Colusa,011,21464,2534,2501,639,3140,19
2021-11-06,Contra Costa,013,1133247,100099,99282,2183,101465,1025
2021-11-06,Del Norte,015,27424,3700,3607,54,3661,42
2021-11-06,El Dorado,017,186661,16243,15958,1718,17676,156
2021-11-06,Fresno,019,978130,141967,139249,12739,151988,2170
2021-11-06,Glenn,021,27897,3528,3479,1014,4493,33
2021-11-06,Humboldt,023,135768,9178,8972,567,9539,109
2021-11-06,Imperial,025,180216,33979,33471,3180,36651,766
2021-11-06,Inyo,027,18085,2426,2353,38,2391,41
2021-11-06,Kern,029,883053,129026,126848,22485,149333,1684
2021-11-06,Kings,031,150075,32582,32018,1934,33952,342
2021-11-06,Lake,033,64148,6803,6695,151,6846,106
2021-11-06,Lassen,035,31185,6930,6796,384,7180,46
2021-11-06,Los Angeles,037,10098052,1447851,1433081,53891,1486972,26533
2021-11-06,Madera,039,155013,23539,22994,2128,25122,287
2021-11-06,Marin,041,260295,17698,17520,453,17973,247
2021-11-06,Mariposa,043,17540,1337,1282,50,1332,5
2021-11-06,Mendocino,045,87422,7674,7486,588,8074,85
2021-11-06,Merced,047,269075,42266,41958,1935,43893,604
2021-11-06,Modoc,049,8938,547,523,195,718,5
2021-11-06,Mono,051,14174,1744,1725,21,1746,4
2021-11-06,Monterey,053,433212,48966,47830,2926,50756,602
2021-11-06,Napa,055,140530,13096,12950,111,13061,103
2021-11-06,Nevada,057,99092,9346,9169,325,9494,91
2021-11-06,Orange,059,3164182,309071,306049,15221,321270,5611
2021-11-06,Placer,061,380077,37562,36967,3669,40636,438
2021-11-06,Plumas,063,18699,1855,1755,38,1793,7
2021-11-06,Riverside,065,2383286,366069,360584,16298,376882,5138
2021-11-06,Sacramento,067,1510023,160361,158766,4606,163372,2263
2021-11-06,San Benito,069,59416,7449,7429,169,7598,75
2021-11-06,San Bernardino,071,2135413,356970,353142,11223,364365,5813
2021-11-06,San Diego,073,3302833,376425,373423,22068,395491,4246
2021-11-06,San Francisco,075,870044,53446,52556,2305,54861,666
2021-11-06,San Joaquin,077,732212,100407,99372,5384,104756,1782
2021-11-06,San Luis Obispo,079,281455,29791,29335,1255,30590,350
2021-11-06,San Mateo,081,765935,54526,53442,876,54318,574
2021-11-06,Santa Barbara,083,443738,44772,44301,1539,45840,532
2021-11-06,Santa Clara,085,1922200,148116,146519,1353,147872,1894
2021-11-06,Santa Cruz,087,273765,20584,20311,997,21308,222
2021-11-06,Shasta,089,179085,21759,21281,3599,24880,349
2021-11-06,Sierra,091,2930,188,181,21,202,0
2021-11-06,Siskiyou,093,43540,3363,3279,1287,4566,48
2021-11-06,Solano,095,438530,46210,45465,1266,46731,350
2021-11-06,Sonoma,097,501317,41849,41398,524,41922,395
2021-11-06,Stanislaus,099,539301,79146,78902,8828,87730,1193
2021-11-06,Sutter,101,95872,13956,13908,351,14259,180
2021-11-06,Tehama,103,63373,8608,8474,1478,9952,120
2021-11-06,Trinity,105,12862,860,732,209,941,11
2021-11-06,Tulare,107,460477,69237,67767,15055,82822,1010
2021-11-06,Tuolumne,109,53932,7386,7245,106,7351,90
2021-11-06,Ventura,111,848112,98686,97770,4275,102045,1180
2021-11-06,Yolo,113,214977,20051,19827,1049,20876,255
2021-11-06,Yuba,115,75493,10218,10107,333,10440,83
2021-11-05,Alameda,001,1643700,119999,119499,2744,122243,1436
2021-11-05,Alpine,003,1148,102,105,0,105,0
2021-11-05,Amador,005,37829,5602,5557,60,5617,66
2021-11-05,Butte,007,227075,21209,20796,3856,24652,288
2021-11-05,Calaveras,009,45235,4160,4105,57,4162,82
2021-11-05,Colusa,011,21464,2534,2501,638,3139,19
2021-11-05,Contra Costa,013,1133247,100033,99282,2181,101463,1025
2021-11-05,Del Norte,015,27424,3698,3607,54,3661,42
2021-11-05,El Dorado,017,186661,16226,15958,1712,17670,156
2021-11-05,Fresno,019,978130,141788,139249,12729,151978,2170
2021-11-05,Glenn,021,27897,3527,3479,1013,4492,33
2021-11-05,Humboldt,023,135768,9164,8972,567,9539,109
2021-11-05,Imperial,025,180216,33943,33471,3177,36648,766
2021-11-05,Inyo,027,18085,2418,2353,38,2391,41
2021-11-05,Kern,029,883053,128899,126848,22430,149278,1684
2021-11-05,Kings,031,150075,32558,32018,1933,33951,342
2021-11-05,Lake,033,64148,6797,6695,151,6846,106
2021-11-05,Lassen,035,31185,6926,6796,383,7179,46
2021-11-05,Los Angeles,037,10098052,1447029,1433081,53853,1486934,26533
2021-11-05,Madera,039,155013,23501,22994,2127,25121,287
2021-11-05,Marin,041,260295,17676,17520,452,17972,247
2021-11-05,Mariposa,043,17540,1334,1282,49,1331,5
2021-11-05,Mendocino,045,87422,7663,7486,587,8073,85
2021-11-05,Merced,047,269075,42240,41958,1926,43884,604
2021-11-05,Modoc,049,8938,547,523,195,718,5
2021-11-05,Mono,051,14174,1743,1725,21,1746,4
2021-11-05,Monterey,053,433212,48936,47830,2924,50754,602
2021-11-05,Napa,055,140530,13074,12950,111,13061,103
2021-11-05,Nevada,057,99092,9333,9169,325,9494,91
2021-11-05,Orange,059,3164182,308874,306049,15199,321248,5611
2021-11-05,Placer,061,380077,37535,36967,3660,40627,438
2021-11-05,Plumas,063,18699,1847,1755,38,1793,7
2021-11-05,Riverside,065,2383286,365728,360584,16288,376872,5138
2021-11-05,Sacramento,067,1510023,160238,158766,4600,163366,2263
2021-11-05,San Benito,069,59416,7447,7429,168,7597,75
2021-11-05,San Bernardino,071,2135413,356636,353142,11213,364355,5813
2021-11-05,San Diego,073,3302833,376072,373423,22056,395479,4246
2021-11-05,San Francisco,075,870044,53395,52556,2302,54858,666
2021-11-05,San Joaquin,077,732212,100354,99372,5375,104747,1782
2021-11-05,San Luis Obispo,079,281455,29768,29335,1255,30590,350
2021-11-05,San Mateo,081,765935,54484,53442,874,54316,574
2021-11-05,Santa Barbara,083,443738,44727,44301,1538,45839,532
2021-11-05,Santa Clara,085,1922200,147979,146519,1352,147871,1894
2021-11-05,Santa Cruz,087,273765,20560,20311,996,21307,222
2021-11-05,Shasta,089,179085,21727,21281,3594,24875,349
2021-11-05,Sierra,091,2930,188,181,21,202,0
2021-11-05,Siskiyou,093,43540,3358,3279,1286,4565,48
2021-11-05,Solano,095,438530,46165,45465,1264,46729,350
2021-11-05,Sonoma,097,501317,41809,41398,524,41922,395
2021-11-05,Stanislaus,099,539301,79087,78902,8816,87718,1193
2021-11-05,Sutter,101,95872,13948,13908,350,14258,180
2021-11-05,Tehama,103,63373,8601,8474,1477,9951,120
2021-11-05,Trinity,105,12862,860,732,209,941,11
2021-11-05,Tulare,107,460477,69165,67767,15018,82785,1010
2021-11-05,Tuolumne,109,53932,7369,7245,105,7350,90
2021-11-05,Ventura,111,848112,98646,97770,4273,102043,1180
2021-11-05,Yolo,113,214977,20040,19827,1048,20875,255
2021-11-05,Yuba,115,75493,10205,10107,331,10438,83
2021-11-04,Alameda,001,1643700,119884,119499,2738,122237,1436
2021-11-04,Alpine,003,1148,102,105,0,105,0
2021-11-04,Amador,005,37829,5594,5557,60,5617,66
2021-11-04,Butte,007,227075,21167,20796,3845,24641,288
2021-11-04,Calaveras,009,45235,4146,4105,55,4160,82
2021-11-04,Colusa,011,21464,2528,2501,637,3138,19
2021-11-04,Contra Costa,013,1133247,99942,99282,2176,101458,1025
2021-11-04,Del Norte,015,27424,3695,3607,54,3661,42
2021-11-04,El Dorado,017,186661,16200,15958,1708,17666,156
2021-11-04,Fresno,019,978130,141506,139249,12720,151969,2170
2021-11-04,Glenn,021,27897,3522,3479,1012,4491,33
2021-11-04,Humboldt,023,135768,9139,8972,564,9536,109
2021-11-04,Imperial,025,180216,33886,33471,3168,36639,766
2021-11-04,Inyo,027,18085,2410,2353,38,2391,41
2021-11-04,Kern,029,883053,128667,126848,22361,149209,1684
2021-11-04,Kings,031,150075,32479,32018,1924,33942,342
2021-11-04,Lake,033,64148,6787,6695,149,6844,106
2021-11-04,Lassen,035,31185,6916,6796,378,7174,46
2021-11-04,Los Angeles,037,10098052,1445710,1433081,53772,1486853,26533
2021-11-04,Madera,039,155013,23446,22994,2116,25110,287
2021-11-04,Marin,041,260295,17664,17520,450,17970,247
2021-11-04,Mariposa,043,17540,1327,1282,49,1331,5
2021-11-04,Mendocino,045,87422,7650,7486,581,8067,85
2021-11-04,Merced,047,269075,42186,41958,1922,43880,604
2021-11-04,Modoc,049,8938,546,523,195,718,5
2021-11-04,Mono,051,14174,1738,1725,21,1746,4
2021-11-04,Monterey,053,433212,48892,47830,2908,50738,602
2021-11-04,Napa,055,140530,13052,12950,111,13061,103
2021-11-04,Nevada,057,99092,9302,9169,324,9493,91
2021-11-04,Orange,059,3164182,308626,306049,15181,321230,5611
2021-11-04,Placer,061,380077,37463,36967,3651,40618,438
2021-11-04,Plumas,063,18699,1839,1755,34,1789,7
2021-11-04,Riverside,065,2383286,365330,360584,16279,376863,5138
2021-11-04,Sacramento,067,1510023,160004,158766,4580,163346,2263
2021-11-04,San Benito,069,59416,7441,7429,168,7597,75
2021-11-04,San Bernardino,071,2135413,356198,353142,11205,364347,5813
2021-11-04,San Diego,073,3302833,375603,373423,22035,395458,4246
2021-11-04,San Francisco,075,870044,53314,52556,2298,54854,666
2021-11-04,San Joaquin,077,732212,100248,99372,5363,104735,1782
2021-11-04,San Luis Obispo,079,281455,29744,29335,1249,30584,350
2021-11-04,San Mateo,081,765935,54425,53442,868,54310,574
2021-11-04,Santa Barbara,083,443738,44671,44301,1538,45839,532
2021-11-04,Santa Clara,085,1922200,147825,146519,1348,147867,1894
2021-11-04,Santa Cruz,087,273765,20525,20311,996,21307,222
2021-11-04,Shasta,089,179085,21669,21281,3588,24869,349
2021-11-04,Sierra,091,2930,186,181,21,202,0
2021-11-04,Siskiyou,093,43540,3354,3279,1279,4558,48
2021-11-04,Solano,095,438530,46123,45465,1263,46728,350
2021-11-04,Sonoma,097,501317,41749,41398,524,41922,395
2021-11-04,Stanislaus,099,539301,78949,78902,8808,87710,1193
2021-11-04,Sutter,101,95872,13937,13908,348,14256,180
2021-11-04,Tehama,103,63373,8592,8474,1473,9947,120
2021-11-04,Trinity,105,12862,859,732,209,941,11
2021-11-04,Tulare,107,460477,69049,67767,14972,82739,1010
2021-11-04,Tuolumne,109,53932,7347,7245,103,7348,90
2021-11-04,Ventura,111,848112,98558,97770,4270,102040,1180
2021-11-04,Yolo,113,214977,20015,19827,1043,20870,255
2021-11-04,Yuba,115,75493,10191,10107,329,10436,83
2021-11-03,Alameda,001,1643700,119744,119356,2734,122090,1428
2021-11-03,Alpine,003,1148,102,105,0,105,0
2021-11-03,Amador,005,37829,5588,5545,59,5604,66
2021-11-03,Butte,007,227075,21122,20769,3836,24605,284
2021-11-03,Calaveras,009,45235,4128,4087,54,4141,82
2021-11-03,Colusa,011,21464,2522,2499,637,3136,20
2021-11-03,Contra Costa,013,1133247,99843,99168,2171,101339,1025
2021-11-03,Del Norte,015,27424,3693,3600,53,3653,42
2021-11-03,El Dorado,017,186661,16173,15915,1704,17619,156
2021-11-03,Fresno,019,978130,141144,138873,12698,151571,2166
2021-11-03,Glenn,021,27897,3519,3470,1012,4482,33
2021-11-03,Humboldt,023,135768,9122,8949,559,9508,109
2021-11-03,Imperial,025,180216,33814,33402,3158,36560,766
2021-11-03,Inyo,027,18085,2389,2344,38,2382,41
2021-11-03,Kern,029,883053,128407,126523,22261,148784,1681
2021-11-03,Kings,031,150075,32425,31923,1917,33840,341
2021-11-03,Lake,033,64148,6771,6685,149,6834,106
2021-11-03,Lassen,035,31185,6900,6782,373,7155,46
2021-11-03,Los Angeles,037,10098052,1444356,1431209,53689,1484898,26517
2021-11-03,Madera,039,155013,23378,22893,2107,25000,287
2021-11-03,Marin,041,260295,17643,17491,446,17937,247
2021-11-03,Mariposa,043,17540,1317,1276,49,1325,5
2021-11-03,Mendocino,045,87422,7634,7457,573,8030,84
2021-11-03,Merced,047,269075,42125,41849,1912,43761,597
2021-11-03,Modoc,049,8938,546,521,193,714,5
2021-11-03,Mono,051,14174,1734,1719,21,1740,4
2021-11-03,Monterey,053,433212,48842,47794,2895,50689,601
2021-11-03,Napa,055,140530,13040,12937,110,13047,103
2021-11-03,Nevada,057,99092,9275,9131,323,9454,91
2021-11-03,Orange,059,3164182,308315,305661,15149,320810,5607
2021-11-03,Placer,061,380077,37393,36868,3646,40514,438
2021-11-03,Plumas,063,18699,1828,1739,33,1772,7
2021-11-03,Riverside,065,2383286,364872,360060,16275,376335,5131
2021-11-03,Sacramento,067,1510023,159779,158311,4570,162881,2259
2021-11-03,San Benito,069,59416,7433,7419,168,7587,75
2021-11-03,San Bernardino,071,2135413,355723,352225,11185,363410,5813
2021-11-03,San Diego,073,3302833,375103,372951,22012,394963,4241
2021-11-03,San Francisco,075,870044,53222,52493,2293,54786,663
2021-11-03,San Joaquin,077,732212,100136,99188,5353,104541,1776
2021-11-03,San Luis Obispo,079,281455,29702,29276,1243,30519,348
2021-11-03,San Mateo,081,765935,54361,53396,862,54258,571
2021-11-03,Santa Barbara,083,443738,44614,44220,1535,45755,531
2021-11-03,Santa Clara,085,1922200,147655,146259,1341,147600,1897
2021-11-03,Santa Cruz,087,273765,20490,20275,996,21271,222
2021-11-03,Shasta,089,179085,21611,21215,3581,24796,346
2021-11-03,Sierra,091,2930,184,180,21,201,0
2021-11-03,Siskiyou,093,43540,3350,3276,1277,4553,46
2021-11-03,Solano,095,438530,46096,45411,1261,46672,351
2021-11-03,Sonoma,097,501317,41672,41326,522,41848,395
2021-11-03,Stanislaus,099,539301,78818,78736,8792,87528,1193
2021-11-03,Sutter,101,95872,13924,13876,346,14222,179
2021-11-03,Tehama,103,63373,8580,8438,1473,9911,118
2021-11-03,Trinity,105,12862,858,730,209,939,11
2021-11-03,Tulare,107,460477,68922,67588,14931,82519,1007
2021-11-03,Tuolumne,109,53932,7329,7218,101,7319,90
2021-11-03,Ventura,111,848112,98450,97682,4266,101948,1178
2021-11-03,Yolo,113,214977,19997,19758,1035,20793,250
2021-11-03,Yuba,115,75493,10179,10092,329,10421,83
2021-11-02,Alameda,001,1643700,119598,119241,2728,121969,1425
2021-11-02,Alpine,003,1148,101,105,0,105,0
2021-11-02,Amador,005,37829,5583,5535,59,5594,66
2021-11-02,Butte,007,227075,21078,20744,3824,24568,282
2021-11-02,Calaveras,009,45235,4105,4075,54,4129,82
2021-11-02,Colusa,011,21464,2517,2497,636,3133,19
2021-11-02,Contra Costa,013,1133247,99739,99080,2159,101239,1025
2021-11-02,Del Norte,015,27424,3691,3596,53,3649,42
2021-11-02,El Dorado,017,186661,16144,15883,1704,17587,154
2021-11-02,Fresno,019,978130,140820,138644,12667,151311,2158
2021-11-02,Glenn,021,27897,3511,3469,1009,4478,33
2021-11-02,Humboldt,023,135768,9080,8937,558,9495,109
2021-11-02,Imperial,025,180216,33741,33371,3146,36517,766
2021-11-02,Inyo,027,18085,2382,2324,38,2362,41
2021-11-02,Kern,029,883053,128152,126311,22141,148452,1665
2021-11-02,Kings,031,150075,32366,31896,1912,33808,339
2021-11-02,Lake,033,64148,6766,6681,148,6829,106
2021-11-02,Lassen,035,31185,6888,6777,370,7147,45
2021-11-02,Los Angeles,037,10098052,1442909,1429601,53613,1483214,26496
2021-11-02,Madera,039,155013,23297,22837,2096,24933,287
2021-11-02,Marin,041,260295,17615,17482,446,17928,247
2021-11-02,Mariposa,043,17540,1306,1270,48,1318,5
2021-11-02,Mendocino,045,87422,7610,7447,561,8008,84
2021-11-02,Merced,047,269075,42058,41785,1904,43689,596
2021-11-02,Modoc,049,8938,543,520,192,712,5
2021-11-02,Mono,051,14174,1730,1718,21,1739,4
2021-11-02,Monterey,053,433212,48791,47775,2877,50652,599
2021-11-02,Napa,055,140530,13022,12930,110,13040,104
2021-11-02,Nevada,057,99092,9245,9122,322,9444,91
2021-11-02,Orange,059,3164182,307999,305369,15105,320474,5600
2021-11-02,Placer,061,380077,37321,36817,3631,40448,438
2021-11-02,Plumas,063,18699,1817,1721,33,1754,7
2021-11-02,Riverside,065,2383286,364418,359586,16256,375842,5116
2021-11-02,Sacramento,067,1510023,159523,158112,4548,162660,2250
2021-11-02,San Benito,069,59416,7417,7407,168,7575,75
2021-11-02,San Bernardino,071,2135413,355246,351832,11131,362963,5813
2021-11-02,San Diego,073,3302833,374518,372440,21982,394422,4232
2021-11-02,San Francisco,075,870044,53103,52450,2289,54739,663
2021-11-02,San Joaquin,077,732212,100003,99076,5342,104418,1772
2021-11-02,San Luis Obispo,079,281455,29669,29224,1239,30463,348
2021-11-02,San Mateo,081,765935,54289,53351,859,54210,571
2021-11-02,Santa Barbara,083,443738,44558,44177,1532,45709,531
2021-11-02,Santa Clara,085,1922200,147461,146115,1334,147449,1896
2021-11-02,Santa Cruz,087,273765,20457,20266,995,21261,222
2021-11-02,Shasta,089,179085,21537,21127,3571,24698,344
2021-11-02,Sierra,091,2930,184,180,20,200,0
2021-11-02,Siskiyou,093,43540,3348,3272,1274,4546,46
2021-11-02,Solano,095,438530,46056,45378,1255,46633,350
2021-11-02,Sonoma,097,501317,41591,41288,521,41809,395
2021-11-02,Stanislaus,099,539301,78663,78629,8772,87401,1193
2021-11-02,Sutter,101,95872,13904,13868,346,14214,179
2021-11-02,Tehama,103,63373,8564,8422,1470,9892,116
2021-11-02,Trinity,105,12862,858,729,209,938,11
2021-11-02,Tulare,107,460477,68797,67502,14883,82385,1002
2021-11-02,Tuolumne,109,53932,7307,7204,99,7303,90
2021-11-02,Ventura,111,848112,98345,97574,4262,101836,1178
2021-11-02,Yolo,113,214977,19967,19736,1033,20769,250
2021-11-02,Yuba,115,75493,10156,10080,327,10407,83
2021-11-01,Alameda,001,1643700,119460,119159,2726,121885,1421
2021-11-01,Alpine,003,1148,101,105,0,105,0
2021-11-01,Amador,005,37829,5581,5532,59,5591,64
2021-11-01,Butte,007,227075,21028,20710,3818,24528,281
2021-11-01,Calaveras,009,45235,4095,4059,53,4112,82
2021-11-01,Colusa,011,21464,2515,2494,633,3127,19
2021-11-01,Contra Costa,013,1133247,99614,99011,2151,101162,1025
2021-11-01,Del Norte,015,27424,3689,3594,53,3647,42
2021-11-01,El Dorado,017,186661,16120,15858,1699,17557,154
2021-11-01,Fresno,019,978130,140444,138421,12631,151052,2149
2021-11-01,Glenn,021,27897,3503,3461,1007,4468,33
2021-11-01,Humboldt,023,135768,9052,8929,555,9484,108
2021-11-01,Imperial,025,180216,33691,33342,3137,36479,766
2021-11-01,Inyo,027,18085,2370,2307,38,2345,41
2021-11-01,Kern,029,883053,127852,126092,22026,148118,1660
2021-11-01,Kings,031,150075,32313,31866,1908,33774,337
2021-11-01,Lake,033,64148,6755,6676,147,6823,106
2021-11-01,Lassen,035,31185,6873,6775,367,7142,42
2021-11-01,Los Angeles,037,10098052,1441526,1428891,53523,1482414,26483
2021-11-01,Madera,039,155013,23217,22801,2091,24892,283
2021-11-01,Marin,041,260295,17595,17460,445,17905,247
2021-11-01,Mariposa,043,17540,1298,1266,47,1313,5
2021-11-01,Mendocino,045,87422,7577,7422,543,7965,84
2021-11-01,Merced,047,269075,41967,41740,1902,43642,594
2021-11-01,Modoc,049,8938,538,520,190,710,5
2021-11-01,Mono,051,14174,1726,1714,21,1735,3
2021-11-01,Monterey,053,433212,48747,47756,2865,50621,597
2021-11-01,Napa,055,140530,12995,12916,109,13025,101
2021-11-01,Nevada,057,99092,9222,9108,321,9429,91
2021-11-01,Orange,059,3164182,307656,305192,15064,320256,5596
2021-11-01,Placer,061,380077,37238,36747,3619,40366,435
2021-11-01,Plumas,063,18699,1798,1719,33,1752,7
2021-11-01,Riverside,065,2383286,363915,359263,16234,375497,5115
2021-11-01,Sacramento,067,1510023,159253,157893,4525,162418,2239
2021-11-01,San Benito,069,59416,7407,7406,167,7573,73
2021-11-01,San Bernardino,071,2135413,354755,351620,11111,362731,5815
2021-11-01,San Diego,073,3302833,373953,372043,21964,394007,4232
2021-11-01,San Francisco,075,870044,53017,52418,2282,54700,661
2021-11-01,San Joaquin,077,732212,99841,98969,5335,104304,1772
2021-11-01,San Luis Obispo,079,281455,29625,29199,1234,30433,343
2021-11-01,San Mateo,081,765935,54222,53314,855,54169,571
2021-11-01,Santa Barbara,083,443738,44491,44146,1528,45674,529
2021-11-01,Santa Clara,085,1922200,147264,145978,1329,147307,1907
2021-11-01,Santa Cruz,087,273765,20422,20238,995,21233,221
2021-11-01,Shasta,089,179085,21484,21104,3564,24668,338
2021-11-01,Sierra,091,2930,184,180,20,200,0
2021-11-01,Siskiyou,093,43540,3341,3272,1269,4541,46
2021-11-01,Solano,095,438530,46002,45358,1255,46613,350
2021-11-01,Sonoma,097,501317,41518,41234,520,41754,395
2021-11-01,Stanislaus,099,539301,78533,78534,8757,87291,1193
2021-11-01,Sutter,101,95872,13880,13852,344,14196,179
2021-11-01,Tehama,103,63373,8536,8412,1467,9879,116
2021-11-01,Trinity,105,12862,856,727,209,936,11
2021-11-01,Tulare,107,460477,68654,67388,14831,82219,1002
2021-11-01,Tuolumne,109,53932,7291,7175,98,7273,90
2021-11-01,Ventura,111,848112,98255,97507,4260,101767,1178
2021-11-01,Yolo,113,214977,19947,19708,1026,20734,250
2021-11-01,Yuba,115,75493,10138,10066,325,10391,83
2021-10-31,Alameda,001,1643700,119316,119071,2722,121793,1419
2021-10-31,Alpine,003,1148,101,105,0,105,0
2021-10-31,Amador,005,37829,5570,5518,59,5577,64
2021-10-31,Butte,007,227075,20966,20689,3807,24496,281
2021-10-31,Calaveras,009,45235,4077,4052,52,4104,82
2021-10-31,Colusa,011,21464,2513,2493,630,3123,18
2021-10-31,Contra Costa,013,1133247,99486,98936,2149,101085,1025
2021-10-31,Del Norte,015,27424,3683,3591,53,3644,42
2021-10-31,El Dorado,017,186661,16074,15841,1696,17537,154
2021-10-31,Fresno,019,978130,140041,138165,12593,150758,2147
2021-10-31,Glenn,021,27897,3497,3459,1007,4466,33
2021-10-31,Humboldt,023,135768,9004,8919,549,9468,108
2021-10-31,Imperial,025,180216,33616,33334,3125,36459,766
2021-10-31,Inyo,027,18085,2351,2309,38,2347,41
2021-10-31,Kern,029,883053,127483,125917,21902,147819,1666
2021-10-31,Kings,031,150075,32227,31814,1896,33710,338
2021-10-31,Lake,033,64148,6744,6665,145,6810,106
2021-10-31,Lassen,035,31185,6858,6768,362,7130,42
2021-10-31,Los Angeles,037,10098052,1439974,1427933,53441,1481374,26474
2021-10-31,Madera,039,155013,23121,22744,2078,24822,283
2021-10-31,Marin,041,260295,17567,17443,444,17887,247
2021-10-31,Mariposa,043,17540,1292,1257,46,1303,5
2021-10-31,Mendocino,045,87422,7536,7403,526,7929,84
2021-10-31,Merced,047,269075,41874,41699,1882,43581,589
2021-10-31,Modoc,049,8938,532,517,187,704,5
2021-10-31,Mono,051,14174,1722,1711,21,1732,3
2021-10-31,Monterey,053,433212,48706,47744,2847,50591,596
2021-10-31,Napa,055,140530,12977,12906,107,13013,101
2021-10-31,Nevada,057,99092,9185,9084,316,9400,91
2021-10-31,Orange,059,3164182,307308,305032,14981,320013,5596
2021-10-31,Placer,061,380077,37141,36698,3606,40304,435
2021-10-31,Plumas,063,18699,1780,1716,33,1749,7
2021-10-31,Riverside,065,2383286,363337,359005,16220,375225,5104
2021-10-31,Sacramento,067,1510023,158901,157667,4512,162179,2243
2021-10-31,San Benito,069,59416,7398,7397,165,7562,73
2021-10-31,San Bernardino,071,2135413,354222,351411,11097,362508,5810
2021-10-31,San Diego,073,3302833,373400,371603,21933,393536,4218
2021-10-31,San Francisco,075,870044,52908,52370,2276,54646,661
2021-10-31,San Joaquin,077,732212,99677,98893,5320,104213,1772
2021-10-31,San Luis Obispo,079,281455,29572,29176,1233,30409,343
2021-10-31,San Mateo,081,765935,54163,53284,853,54137,571
2021-10-31,Santa Barbara,083,443738,44421,44113,1523,45636,529
2021-10-31,Santa Clara,085,1922200,147049,145829,1315,147144,1908
2021-10-31,Santa Cruz,087,273765,20387,20218,994,21212,221
2021-10-31,Shasta,089,179085,21401,21086,3552,24638,338
2021-10-31,Sierra,091,2930,184,180,20,200,0
2021-10-31,Siskiyou,093,43540,3335,3271,1268,4539,46
2021-10-31,Solano,095,438530,45954,45310,1248,46558,350
2021-10-31,Sonoma,097,501317,41448,41183,517,41700,395
2021-10-31,Stanislaus,099,539301,78344,78426,8740,87166,1193
2021-10-31,Sutter,101,95872,13861,13838,341,14179,179
2021-10-31,Tehama,103,63373,8505,8391,1463,9854,116
2021-10-31,Trinity,105,12862,856,724,209,933,11
2021-10-31,Tulare,107,460477,68459,67310,14743,82053,1002
2021-10-31,Tuolumne,109,53932,7262,7141,97,7238,90
2021-10-31,Ventura,111,848112,98133,97460,4255,101715,1178
2021-10-31,Yolo,113,214977,19903,19662,1020,20682,250
2021-10-31,Yuba,115,75493,10120,10051,315,10366,83
2021-10-30,Alameda,001,1643700,119256,118632,2719,121351,1419
2021-10-30,Alpine,003,1148,101,105,0,105,0
2021-10-30,Amador,005,37829,5561,5480,58,5538,64
2021-10-30,Butte,007,227075,20951,20516,3800,24316,277
2021-10-30,Calaveras,009,45235,4070,3992,52,4044,82
2021-10-30,Colusa,011,21464,2513,2484,629,3113,19
2021-10-30,Contra Costa,013,1133247,99423,98562,2148,100710,1024
2021-10-30,Del Norte,015,27424,3680,3574,53,3627,42
2021-10-30,El Dorado,017,186661,16058,15752,1692,17444,154
2021-10-30,Fresno,019,978130,139896,136901,12581,149482,2131
2021-10-30,Glenn,021,27897,3493,3442,1007,4449,33
2021-10-30,Humboldt,023,135768,8989,8871,547,9418,105
2021-10-30,Imperial,025,180216,33570,33156,3121,36277,766
2021-10-30,Inyo,027,18085,2348,2249,38,2287,41
2021-10-30,Kern,029,883053,127331,124892,21833,146725,1653
2021-10-30,Kings,031,150075,32192,31578,1892,33470,337
2021-10-30,Lake,033,64148,6739,6610,145,6755,106
2021-10-30,Lassen,035,31185,6852,6719,360,7079,42
2021-10-30,Los Angeles,037,10098052,1439252,1424257,53388,1477645,26625
2021-10-30,Madera,039,155013,23078,22524,2073,24597,283
2021-10-30,Marin,041,260295,17552,17380,442,17822,247
2021-10-30,Mariposa,043,17540,1289,1228,46,1274,5
2021-10-30,Mendocino,045,87422,7513,7338,524,7862,84
2021-10-30,Merced,047,269075,41834,41428,1880,43308,586
2021-10-30,Modoc,049,8938,530,513,186,699,5
2021-10-30,Mono,051,14174,1722,1684,21,1705,3
2021-10-30,Monterey,053,433212,48689,47649,2841,50490,588
2021-10-30,Napa,055,140530,12963,12863,106,12969,101
2021-10-30,Nevada,057,99092,9166,9015,316,9331,91
2021-10-30,Orange,059,3164182,307128,304120,14959,319079,5588
2021-10-30,Placer,061,380077,37095,36400,3600,40000,434
2021-10-30,Plumas,063,18699,1775,1695,33,1728,7
2021-10-30,Riverside,065,2383286,363033,357645,16212,373857,5088
2021-10-30,Sacramento,067,1510023,158743,157125,4503,161628,2233
2021-10-30,San Benito,069,59416,7391,7362,165,7527,71
2021-10-30,San Bernardino,071,2135413,353944,350076,11082,361158,5777
2021-10-30,San Diego,073,3302833,373037,370006,21911,391917,4213
2021-10-30,San Francisco,075,870044,52880,52161,2274,54435,661
2021-10-30,San Joaquin,077,732212,99621,98314,5319,103633,1768
2021-10-30,San Luis Obispo,079,281455,29540,29053,1230,30283,341
2021-10-30,San Mateo,081,765935,54124,53083,853,53936,571
2021-10-30,Santa Barbara,083,443738,44386,43972,1522,45494,528
2021-10-30,Santa Clara,085,1922200,146944,145262,1311,146573,1903
2021-10-30,Santa Cruz,087,273765,20369,20134,992,21126,221
2021-10-30,Shasta,089,179085,21357,20878,3546,24424,332
2021-10-30,Sierra,091,2930,184,175,20,195,0
2021-10-30,Siskiyou,093,43540,3334,3257,1265,4522,46
2021-10-30,Solano,095,438530,45933,45146,1246,46392,346
2021-10-30,Sonoma,097,501317,41409,40924,517,41441,393
2021-10-30,Stanislaus,099,539301,78274,77871,8733,86604,1191
2021-10-30,Sutter,101,95872,13847,13773,341,14114,178
2021-10-30,Tehama,103,63373,8493,8307,1459,9766,114
2021-10-30,Trinity,105,12862,854,708,208,916,11
2021-10-30,Tulare,107,460477,68388,66745,14699,81444,995
2021-10-30,Tuolumne,109,53932,7238,7050,96,7146,90
2021-10-30,Ventura,111,848112,98084,97182,4252,101434,1174
2021-10-30,Yolo,113,214977,19884,19568,1018,20586,250
2021-10-30,Yuba,115,75493,10109,9969,315,10284,82
2021-10-29,Alameda,001,1643700,119177,118632,2714,121346,1419
2021-10-29,Alpine,003,1148,101,105,0,105,0
2021-10-29,Amador,005,37829,5550,5480,58,5538,64
2021-10-29,Butte,007,227075,20926,20516,3789,24305,277
2021-10-29,Calaveras,009,45235,4063,3992,52,4044,82
2021-10-29,Colusa,011,21464,2513,2484,627,3111,19
2021-10-29,Contra Costa,013,1133247,99355,98562,2146,100708,1024
2021-10-29,Del Norte,015,27424,3673,3574,53,3627,42
2021-10-29,El Dorado,017,186661,16044,15752,1692,17444,154
2021-10-29,Fresno,019,978130,139681,136901,12567,149468,2131
2021-10-29,Glenn,021,27897,3492,3442,1006,4448,33
2021-10-29,Humboldt,023,135768,8984,8871,546,9417,105
2021-10-29,Imperial,025,180216,33543,33156,3118,36274,766
2021-10-29,Inyo,027,18085,2345,2249,38,2287,41
2021-10-29,Kern,029,883053,127154,124892,21743,146635,1653
2021-10-29,Kings,031,150075,32158,31578,1890,33468,337
2021-10-29,Lake,033,64148,6730,6610,142,6752,106
2021-10-29,Lassen,035,31185,6843,6719,358,7077,42
2021-10-29,Los Angeles,037,10098052,1438413,1424257,53344,1477601,26625
2021-10-29,Madera,039,155013,23026,22524,2068,24592,283
2021-10-29,Marin,041,260295,17536,17380,441,17821,247
2021-10-29,Mariposa,043,17540,1285,1228,46,1274,5
2021-10-29,Mendocino,045,87422,7505,7338,524,7862,84
2021-10-29,Merced,047,269075,41784,41428,1874,43302,586
2021-10-29,Modoc,049,8938,528,513,185,698,5
2021-10-29,Mono,051,14174,1720,1684,21,1705,3
2021-10-29,Monterey,053,433212,48666,47649,2841,50490,588
2021-10-29,Napa,055,140530,12942,12863,106,12969,101
2021-10-29,Nevada,057,99092,9154,9015,316,9331,91
2021-10-29,Orange,059,3164182,306903,304120,14939,319059,5588
2021-10-29,Placer,061,380077,37059,36400,3590,39990,434
2021-10-29,Plumas,063,18699,1769,1695,33,1728,7
2021-10-29,Riverside,065,2383286,362699,357645,16207,373852,5088
2021-10-29,Sacramento,067,1510023,158554,157125,4494,161619,2233
2021-10-29,San Benito,069,59416,7388,7362,165,7527,71
2021-10-29,San Bernardino,071,2135413,353641,350076,11071,361147,5777
2021-10-29,San Diego,073,3302833,372665,370006,21883,391889,4213
2021-10-29,San Francisco,075,870044,52820,52161,2268,54429,661
2021-10-29,San Joaquin,077,732212,99561,98314,5314,103628,1768
2021-10-29,San Luis Obispo,079,281455,29514,29053,1228,30281,341
2021-10-29,San Mateo,081,765935,54081,53083,851,53934,571
2021-10-29,Santa Barbara,083,443738,44346,43972,1519,45491,528
2021-10-29,Santa Clara,085,1922200,146830,145262,1304,146566,1903
2021-10-29,Santa Cruz,087,273765,20362,20134,991,21125,221
2021-10-29,Shasta,089,179085,21319,20878,3540,24418,332
2021-10-29,Sierra,091,2930,182,175,20,195,0
2021-10-29,Siskiyou,093,43540,3334,3257,1264,4521,46
2021-10-29,Solano,095,438530,45896,45146,1245,46391,346
2021-10-29,Sonoma,097,501317,41388,40924,517,41441,393
2021-10-29,Stanislaus,099,539301,78189,77871,8721,86592,1191
2021-10-29,Sutter,101,95872,13828,13773,341,14114,178
2021-10-29,Tehama,103,63373,8480,8307,1458,9765,114
2021-10-29,Trinity,105,12862,853,708,208,916,11
2021-10-29,Tulare,107,460477,68284,66745,14656,81401,995
2021-10-29,Tuolumne,109,53932,7225,7050,96,7146,90
2021-10-29,Ventura,111,848112,98029,97182,4248,101430,1174
2021-10-29,Yolo,113,214977,19866,19568,1013,20581,250
2021-10-29,Yuba,115,75493,10101,9969,311,10280,82
2021-10-28,Alameda,001,1643700,119054,118632,2707,121339,1419
2021-10-28,Alpine,003,1148,101,105,0,105,0
2021-10-28,Amador,005,37829,5537,5480,58,5538,64
2021-10-28,Butte,007,227075,20883,20516,3777,24293,277
2021-10-28,Calaveras,009,45235,4050,3992,52,4044,82
2021-10-28,Colusa,011,21464,2510,2484,626,3110,19
2021-10-28,Contra Costa,013,1133247,99225,98562,2142,100704,1024
2021-10-28,Del Norte,015,27424,3672,3574,53,3627,42
2021-10-28,El Dorado,017,186661,16017,15752,1689,17441,154
2021-10-28,Fresno,019,978130,139347,136901,12536,149437,2131
2021-10-28,Glenn,021,27897,3489,3442,1004,4446,33
2021-10-28,Humboldt,023,135768,8968,8871,541,9412,105
2021-10-28,Imperial,025,180216,33477,33156,3111,36267,766
2021-10-28,Inyo,027,18085,2328,2249,38,2287,41
2021-10-28,Kern,029,883053,126907,124892,21630,146522,1653
2021-10-28,Kings,031,150075,32089,31578,1885,33463,337
2021-10-28,Lake,033,64148,6720,6610,142,6752,106
2021-10-28,Lassen,035,31185,6834,6719,355,7074,42
2021-10-28,Los Angeles,037,10098052,1437274,1424257,53270,1477527,26625
2021-10-28,Madera,039,155013,22972,22524,2057,24581,283
2021-10-28,Marin,041,260295,17518,17380,440,17820,247
2021-10-28,Mariposa,043,17540,1281,1228,46,1274,5
2021-10-28,Mendocino,045,87422,7492,7338,513,7851,84
2021-10-28,Merced,047,269075,41699,41428,1864,43292,586
2021-10-28,Modoc,049,8938,527,513,185,698,5
2021-10-28,Mono,051,14174,1714,1684,21,1705,3
2021-10-28,Monterey,053,433212,48635,47649,2824,50473,588
2021-10-28,Napa,055,140530,12933,12863,105,12968,101
2021-10-28,Nevada,057,99092,9136,9015,316,9331,91
2021-10-28,Orange,059,3164182,306616,304120,14875,318995,5588
2021-10-28,Placer,061,380077,36980,36400,3581,39981,434
2021-10-28,Plumas,063,18699,1761,1695,33,1728,7
2021-10-28,Riverside,065,2383286,362259,357645,16184,373829,5088
2021-10-28,Sacramento,067,1510023,158288,157125,4483,161608,2233
2021-10-28,San Benito,069,59416,7380,7362,165,7527,71
2021-10-28,San Bernardino,071,2135413,353225,350076,11048,361124,5777
2021-10-28,San Diego,073,3302833,372209,370006,21860,391866,4213
2021-10-28,San Francisco,075,870044,52774,52161,2261,54422,661
2021-10-28,San Joaquin,077,732212,99433,98314,5313,103627,1768
2021-10-28,San Luis Obispo,079,281455,29485,29053,1225,30278,341
2021-10-28,San Mateo,081,765935,54036,53083,849,53932,571
2021-10-28,Santa Barbara,083,443738,44307,43972,1517,45489,528
2021-10-28,Santa Clara,085,1922200,146673,145262,1299,146561,1903
2021-10-28,Santa Cruz,087,273765,20338,20134,991,21125,221
2021-10-28,Shasta,089,179085,21244,20878,3533,24411,332
2021-10-28,Sierra,091,2930,181,175,20,195,0
2021-10-28,Siskiyou,093,43540,3333,3257,1264,4521,46
2021-10-28,Solano,095,438530,45857,45146,1244,46390,346
2021-10-28,Sonoma,097,501317,41320,40924,516,41440,393
2021-10-28,Stanislaus,099,539301,78036,77871,8705,86576,1191
2021-10-28,Sutter,101,95872,13815,13773,337,14110,178
2021-10-28,Tehama,103,63373,8443,8307,1455,9762,114
2021-10-28,Trinity,105,12862,850,708,208,916,11
2021-10-28,Tulare,107,460477,68145,66745,14600,81345,995
2021-10-28,Tuolumne,109,53932,7194,7050,96,7146,90
2021-10-28,Ventura,111,848112,97944,97182,4245,101427,1174
2021-10-28,Yolo,113,214977,19828,19568,1009,20577,250
2021-10-28,Yuba,115,75493,10072,9969,308,10277,82
2021-10-27,Alameda,001,1643700,118931,118487,2705,121192,1414
2021-10-27,Alpine,003,1148,101,105,0,105,0
2021-10-27,Amador,005,37829,5525,5470,57,5527,64
2021-10-27,Butte,007,227075,20838,20446,3762,24208,274
2021-10-27,Calaveras,009,45235,4032,3970,51,4021,82
2021-10-27,Colusa,011,21464,2510,2480,625,3105,18
2021-10-27,Contra Costa,013,1133247,99117,98442,2130,100572,1018
2021-10-27,Del Norte,015,27424,3665,3571,52,3623,42
2021-10-27,El Dorado,017,186661,15986,15723,1684,17407,154
2021-10-27,Fresno,019,978130,138965,136447,12502,148949,2128
2021-10-27,Glenn,021,27897,3487,3435,1003,4438,33
2021-10-27,Humboldt,023,135768,8948,8851,539,9390,105
2021-10-27,Imperial,025,180216,33437,33068,3106,36174,766
2021-10-27,Inyo,027,18085,2308,2236,38,2274,41
2021-10-27,Kern,029,883053,126638,124557,21530,146087,1647
2021-10-27,Kings,031,150075,32023,31437,1879,33316,335
2021-10-27,Lake,033,64148,6694,6589,142,6731,105
2021-10-27,Lassen,035,31185,6821,6706,353,7059,42
2021-10-27,Los Angeles,037,10098052,1436045,1422615,53212,1475827,26604
2021-10-27,Madera,039,155013,22888,22413,2033,24446,283
2021-10-27,Marin,041,260295,17503,17362,440,17802,247
2021-10-27,Mariposa,043,17540,1268,1228,46,1274,5
2021-10-27,Mendocino,045,87422,7478,7321,506,7827,84
2021-10-27,Merced,047,269075,41602,41310,1850,43160,583
2021-10-27,Modoc,049,8938,523,513,185,698,5
2021-10-27,Mono,051,14174,1711,1682,21,1703,3
2021-10-27,Monterey,053,433212,48598,47610,2803,50413,588
2021-10-27,Napa,055,140530,12918,12856,105,12961,101
2021-10-27,Nevada,057,99092,9118,8987,315,9302,90
2021-10-27,Orange,059,3164182,306296,303825,14826,318651,5584
2021-10-27,Placer,061,380077,36915,36296,3574,39870,434
2021-10-27,Plumas,063,18699,1753,1686,33,1719,7
2021-10-27,Riverside,065,2383286,361828,357152,16176,373328,5081
2021-10-27,Sacramento,067,1510023,158020,156830,4462,161292,2230
2021-10-27,San Benito,069,59416,7373,7337,165,7502,71
2021-10-27,San Bernardino,071,2135413,352800,349624,11026,360650,5770
2021-10-27,San Diego,073,3302833,371652,369579,21836,391415,4207
2021-10-27,San Francisco,075,870044,52723,52108,2257,54365,655
2021-10-27,San Joaquin,077,732212,99276,98168,5298,103466,1753
2021-10-27,San Luis Obispo,079,281455,29446,29002,1223,30225,341
2021-10-27,San Mateo,081,765935,53981,53032,841,53873,571
2021-10-27,Santa Barbara,083,443738,44254,43901,1514,45415,527
2021-10-27,Santa Clara,085,1922200,146496,145081,1291,146372,1902
2021-10-27,Santa Cruz,087,273765,20311,20091,989,21080,221
2021-10-27,Shasta,089,179085,21169,20813,3525,24338,331
2021-10-27,Sierra,091,2930,180,176,20,196,0
2021-10-27,Siskiyou,093,43540,3330,3256,1260,4516,46
2021-10-27,Solano,095,438530,45812,45089,1237,46326,346
2021-10-27,Sonoma,097,501317,41244,40829,514,41343,393
2021-10-27,Stanislaus,099,539301,77876,77687,8690,86377,1191
2021-10-27,Sutter,101,95872,13801,13754,337,14091,177
2021-10-27,Tehama,103,63373,8421,8265,1453,9718,113
2021-10-27,Trinity,105,12862,850,706,207,913,11
2021-10-27,Tulare,107,460477,67991,66568,14544,81112,991
2021-10-27,Tuolumne,109,53932,7167,7009,95,7104,90
2021-10-27,Ventura,111,848112,97852,97108,4240,101348,1172
2021-10-27,Yolo,113,214977,19799,19517,1002,20519,250
2021-10-27,Yuba,115,75493,10051,9945,306,10251,82
2021-10-26,Alameda,001,1643700,118795,118360,2703,121063,1407
2021-10-26,Alpine,003,1148,101,105,0,105,0
2021-10-26,Amador,005,37829,5517,5465,56,5521,64
2021-10-26,Butte,007,227075,20778,20387,3745,24132,274
2021-10-26,Calaveras,009,45235,4021,3966,51,4017,81
2021-10-26,Colusa,011,21464,2507,2478,624,3102,18
2021-10-26,Contra Costa,013,1133247,98995,98352,2120,100472,1017
2021-10-26,Del Norte,015,27424,3660,3563,52,3615,42
2021-10-26,El Dorado,017,186661,15957,15690,1675,17365,153
2021-10-26,Fresno,019,978130,138518,136211,12456,148667,2122
2021-10-26,Glenn,021,27897,3473,3431,1000,4431,33
2021-10-26,Humboldt,023,135768,8930,8830,533,9363,105
2021-10-26,Imperial,025,180216,33372,33012,3101,36113,766
2021-10-26,Inyo,027,18085,2293,2200,38,2238,41
2021-10-26,Kern,029,883053,126295,124351,21412,145763,1645
2021-10-26,Kings,031,150075,31956,31382,1872,33254,336
2021-10-26,Lake,033,64148,6684,6584,140,6724,105
2021-10-26,Lassen,035,31185,6800,6689,351,7040,42
2021-10-26,Los Angeles,037,10098052,1434703,1421795,53142,1474937,26599
2021-10-26,Madera,039,155013,22798,22363,2022,24385,283
2021-10-26,Marin,041,260295,17486,17354,439,17793,244
2021-10-26,Mariposa,043,17540,1263,1225,45,1270,5
2021-10-26,Mendocino,045,87422,7449,7308,490,7798,83
2021-10-26,Merced,047,269075,41524,41267,1843,43110,583
2021-10-26,Modoc,049,8938,523,513,185,698,5
2021-10-26,Mono,051,14174,1706,1680,21,1701,3
2021-10-26,Monterey,053,433212,48559,47572,2793,50365,588
2021-10-26,Napa,055,140530,12906,12849,105,12954,101
2021-10-26,Nevada,057,99092,9087,8971,314,9285,90
2021-10-26,Orange,059,3164182,306027,303533,14787,318320,5580
2021-10-26,Placer,061,380077,36818,36245,3568,39813,434
2021-10-26,Plumas,063,18699,1744,1645,33,1678,7
2021-10-26,Riverside,065,2383286,361339,356775,16166,372941,5068
2021-10-26,Sacramento,067,1510023,157719,156643,4445,161088,2228
2021-10-26,San Benito,069,59416,7350,7325,165,7490,71
2021-10-26,San Bernardino,071,2135413,352372,349346,11011,360357,5764
2021-10-26,San Diego,073,3302833,371135,369043,21806,390849,4198
2021-10-26,San Francisco,075,870044,52649,52063,2254,54317,655
2021-10-26,San Joaquin,077,732212,99099,98036,5283,103319,1748
2021-10-26,San Luis Obispo,079,281455,29407,28928,1217,30145,337
2021-10-26,San Mateo,081,765935,53909,52974,838,53812,571
2021-10-26,Santa Barbara,083,443738,44208,43835,1513,45348,525
2021-10-26,Santa Clara,085,1922200,146296,144932,1285,146217,1903
2021-10-26,Santa Cruz,087,273765,20280,20067,989,21056,221
2021-10-26,Shasta,089,179085,21108,20725,3507,24232,330
2021-10-26,Sierra,091,2930,180,169,20,189,0
2021-10-26,Siskiyou,093,43540,3324,3254,1258,4512,46
2021-10-26,Solano,095,438530,45756,45044,1236,46280,344
2021-10-26,Sonoma,097,501317,41162,40794,512,41306,393
2021-10-26,Stanislaus,099,539301,77702,77552,8665,86217,1157
2021-10-26,Sutter,101,95872,13772,13739,336,14075,176
2021-10-26,Tehama,103,63373,8393,8247,1448,9695,112
2021-10-26,Trinity,105,12862,846,705,207,912,11
2021-10-26,Tulare,107,460477,67831,66476,14487,80963,991
2021-10-26,Tuolumne,109,53932,7141,6995,93,7088,90
2021-10-26,Ventura,111,848112,97743,97014,4237,101251,1170
2021-10-26,Yolo,113,214977,19770,19490,999,20489,248
2021-10-26,Yuba,115,75493,10033,9927,301,10228,82
2021-10-25,Alameda,001,1643700,118651,118319,2702,121021,1404
2021-10-25,Alpine,003,1148,101,105,0,105,0
2021-10-25,Amador,005,37829,5503,5455,56,5511,64
2021-10-25,Butte,007,227075,20705,20331,3737,24068,273
2021-10-25,Calaveras,009,45235,3991,3942,50,3992,82
2021-10-25,Colusa,011,21464,2505,2471,622,3093,18
2021-10-25,Contra Costa,013,1133247,98878,98267,2116,100383,1017
2021-10-25,Del Norte,015,27424,3653,3562,52,3614,42
2021-10-25,El Dorado,017,186661,15922,15663,1673,17336,149
2021-10-25,Fresno,019,978130,138084,135974,12420,148394,2112
2021-10-25,Glenn,021,27897,3470,3421,999,4420,33
2021-10-25,Humboldt,023,135768,8907,8825,528,9353,105
2021-10-25,Imperial,025,180216,33311,32968,3090,36058,766
2021-10-25,Inyo,027,18085,2275,2183,38,2221,41
2021-10-25,Kern,029,883053,125943,124078,21273,145351,1649
2021-10-25,Kings,031,150075,31867,31329,1863,33192,335
2021-10-25,Lake,033,64148,6670,6571,140,6711,105
2021-10-25,Lassen,035,31185,6789,6688,349,7037,42
2021-10-25,Los Angeles,037,10098052,1433348,1421061,53076,1474137,26579
2021-10-25,Madera,039,155013,22744,22325,2015,24340,281
2021-10-25,Marin,041,260295,17464,17334,437,17771,244
2021-10-25,Mariposa,043,17540,1249,1220,45,1265,5
2021-10-25,Mendocino,045,87422,7420,7296,486,7782,82
2021-10-25,Merced,047,269075,41456,41207,1816,43023,583
2021-10-25,Modoc,049,8938,521,512,183,695,5
2021-10-25,Mono,051,14174,1698,1677,21,1698,3
2021-10-25,Monterey,053,433212,48526,47547,2791,50338,587
2021-10-25,Napa,055,140530,12893,12841,105,12946,100
2021-10-25,Nevada,057,99092,9061,8958,314,9272,90
2021-10-25,Orange,059,3164182,305729,303279,14750,318029,5574
2021-10-25,Placer,061,380077,36710,36153,3558,39711,431
2021-10-25,Plumas,063,18699,1732,1641,33,1674,7
2021-10-25,Riverside,065,2383286,360910,356381,16151,372532,5056
2021-10-25,Sacramento,067,1510023,157415,156516,4422,160938,2235
2021-10-25,San Benito,069,59416,7337,7314,164,7478,71
2021-10-25,San Bernardino,071,2135413,351864,349075,10999,360074,5748
2021-10-25,San Diego,073,3302833,370566,368386,21778,390164,4196
2021-10-25,San Francisco,075,870044,52576,52041,2248,54289,649
2021-10-25,San Joaquin,077,732212,98898,97980,5274,103254,1740
2021-10-25,San Luis Obispo,079,281455,29359,28907,1212,30119,336
2021-10-25,San Mateo,081,765935,53848,52927,834,53761,571
2021-10-25,Santa Barbara,083,443738,44149,43775,1513,45288,525
2021-10-25,Santa Clara,085,1922200,146105,144895,1280,146175,1901
2021-10-25,Santa Cruz,087,273765,20251,20053,988,21041,221
2021-10-25,Shasta,089,179085,21036,20666,3500,24166,326
2021-10-25,Sierra,091,2930,180,168,20,188,0
2021-10-25,Siskiyou,093,43540,3320,3248,1253,4501,46
2021-10-25,Solano,095,438530,45695,45022,1234,46256,344
2021-10-25,Sonoma,097,501317,41089,40746,510,41256,393
2021-10-25,Stanislaus,099,539301,77510,77452,8637,86089,1145
2021-10-25,Sutter,101,95872,13758,13721,333,14054,176
2021-10-25,Tehama,103,63373,8366,8224,1444,9668,111
2021-10-25,Trinity,105,12862,841,699,206,905,11
2021-10-25,Tulare,107,460477,67636,66357,14425,80782,986
2021-10-25,Tuolumne,109,53932,7107,6952,92,7044,90
2021-10-25,Ventura,111,848112,97652,96932,4234,101166,1167
2021-10-25,Yolo,113,214977,19721,19457,995,20452,248
2021-10-25,Yuba,115,75493,10017,9924,297,10221,82
2021-10-24,Alameda,001,1643700,118519,117816,2697,120513,1397
2021-10-24,Alpine,003,1148,101,105,0,105,0
2021-10-24,Amador,005,37829,5498,5412,56,5468,64
2021-10-24,Butte,007,227075,20633,20101,3725,23826,273
2021-10-24,Calaveras,009,45235,3972,3865,49,3914,81
2021-10-24,Colusa,011,21464,2501,2458,619,3077,18
2021-10-24,Contra Costa,013,1133247,98760,97855,2107,99962,1008
2021-10-24,Del Norte,015,27424,3649,3540,52,3592,42
2021-10-24,El Dorado,017,186661,15886,15540,1669,17209,149
2021-10-24,Fresno,019,978130,137648,134466,12370,146836,2094
2021-10-24,Glenn,021,27897,3462,3399,997,4396,33
2021-10-24,Humboldt,023,135768,8894,8753,522,9275,105
2021-10-24,Imperial,025,180216,33233,32777,3084,35861,766
2021-10-24,Inyo,027,18085,2243,2108,38,2146,41
2021-10-24,Kern,029,883053,125609,122939,21157,144096,1636
2021-10-24,Kings,031,150075,31738,30942,1848,32790,325
2021-10-24,Lake,033,64148,6647,6501,139,6640,105
2021-10-24,Lassen,035,31185,6772,6632,348,6980,27
2021-10-24,Los Angeles,037,10098052,1431913,1415919,53008,1468927,26527
2021-10-24,Madera,039,155013,22667,22062,2003,24065,281
2021-10-24,Marin,041,260295,17448,17264,436,17700,244
2021-10-24,Mariposa,043,17540,1246,1184,45,1229,5
2021-10-24,Mendocino,045,87422,7396,7220,476,7696,82
2021-10-24,Merced,047,269075,41335,40808,1810,42618,581
2021-10-24,Modoc,049,8938,520,507,183,690,5
2021-10-24,Mono,051,14174,1693,1655,21,1676,3
2021-10-24,Monterey,053,433212,48478,47456,2781,50237,586
2021-10-24,Napa,055,140530,12882,12789,105,12894,100
2021-10-24,Nevada,057,99092,9038,8861,311,9172,90
2021-10-24,Orange,059,3164182,305379,302237,14713,316950,5546
2021-10-24,Placer,061,380077,36606,35822,3544,39366,426
2021-10-24,Plumas,063,18699,1722,1623,32,1655,7
2021-10-24,Riverside,065,2383286,360436,354688,16131,370819,5041
2021-10-24,Sacramento,067,1510023,157074,155125,4399,159524,2232
2021-10-24,San Benito,069,59416,7317,7280,164,7444,71
2021-10-24,San Bernardino,071,2135413,351306,347681,10987,358668,5688
2021-10-24,San Diego,073,3302833,369983,366085,21747,387832,4183
2021-10-24,San Francisco,075,870044,52513,51820,2242,54062,649
2021-10-24,San Joaquin,077,732212,98723,97440,5268,102708,1721
2021-10-24,San Luis Obispo,079,281455,29298,28755,1205,29960,333
2021-10-24,San Mateo,081,765935,53776,52719,834,53553,571
2021-10-24,Santa Barbara,083,443738,44082,43552,1511,45063,523
2021-10-24,Santa Clara,085,1922200,145914,144276,1270,145546,1897
2021-10-24,Santa Cruz,087,273765,20213,19967,987,20954,221
2021-10-24,Shasta,089,179085,20938,20386,3494,23880,321
2021-10-24,Sierra,091,2930,180,168,20,188,0
2021-10-24,Siskiyou,093,43540,3313,3231,1249,4480,46
2021-10-24,Solano,095,438530,45645,44861,1229,46090,341
2021-10-24,Sonoma,097,501317,41006,40476,510,40986,393
2021-10-24,Stanislaus,099,539301,77319,76812,8626,85438,1145
2021-10-24,Sutter,101,95872,13731,13616,325,13941,175
2021-10-24,Tehama,103,63373,8318,8105,1433,9538,110
2021-10-24,Trinity,105,12862,837,696,204,900,11
2021-10-24,Tulare,107,460477,67462,65585,14354,79939,978
2021-10-24,Tuolumne,109,53932,7067,6840,90,6930,90
2021-10-24,Ventura,111,848112,97545,96664,4233,100897,1167
2021-10-24,Yolo,113,214977,19672,19280,993,20273,248
2021-10-24,Yuba,115,75493,9993,9838,296,10134,82
2021-10-23,Alameda,001,1643700,118431,117816,2692,120508,1397
2021-10-23,Alpine,003,1148,101,105,0,105,0
2021-10-23,Amador,005,37829,5491,5412,56,5468,64
2021-10-23,Butte,007,227075,20596,20101,3717,23818,273
2021-10-23,Calaveras,009,45235,3965,3865,48,3913,81
2021-10-23,Colusa,011,21464,2499,2458,618,3076,18
2021-10-23,Contra Costa,013,1133247,98708,97855,2103,99958,1008
2021-10-23,Del Norte,015,27424,3647,3540,52,3592,42
2021-10-23,El Dorado,017,186661,15860,15540,1667,17207,149
2021-10-23,Fresno,019,978130,137470,134466,12357,146823,2094
2021-10-23,Glenn,021,27897,3460,3399,996,4395,33
2021-10-23,Humboldt,023,135768,8880,8753,517,9270,105
2021-10-23,Imperial,025,180216,33186,32777,3080,35857,766
2021-10-23,Inyo,027,18085,2232,2108,38,2146,41
2021-10-23,Kern,029,883053,125449,122939,21070,144009,1636
2021-10-23,Kings,031,150075,31692,30942,1846,32788,325
2021-10-23,Lake,033,64148,6642,6501,139,6640,105
2021-10-23,Lassen,035,31185,6769,6632,346,6978,27
2021-10-23,Los Angeles,037,10098052,1431231,1415919,52954,1468873,26527
2021-10-23,Madera,039,155013,22618,22062,1995,24057,281
2021-10-23,Marin,041,260295,17431,17264,436,17700,244
2021-10-23,Mariposa,043,17540,1243,1184,44,1228,5
2021-10-23,Mendocino,045,87422,7389,7220,475,7695,82
2021-10-23,Merced,047,269075,41294,40808,1805,42613,581
2021-10-23,Modoc,049,8938,518,507,183,690,5
2021-10-23,Mono,051,14174,1687,1655,21,1676,3
2021-10-23,Monterey,053,433212,48461,47456,2777,50233,586
2021-10-23,Napa,055,140530,12877,12789,105,12894,100
2021-10-23,Nevada,057,99092,9027,8861,309,9170,90
2021-10-23,Orange,059,3164182,305192,302237,14698,316935,5546
2021-10-23,Placer,061,380077,36544,35822,3538,39360,426
2021-10-23,Plumas,063,18699,1721,1623,32,1655,7
2021-10-23,Riverside,065,2383286,360115,354688,16124,370812,5041
2021-10-23,Sacramento,067,1510023,156945,155125,4391,159516,2232
2021-10-23,San Benito,069,59416,7307,7280,164,7444,71
2021-10-23,San Bernardino,071,2135413,351035,347681,10979,358660,5688
2021-10-23,San Diego,073,3302833,369642,366085,21716,387801,4183
2021-10-23,San Francisco,075,870044,52477,51820,2241,54061,649
2021-10-23,San Joaquin,077,732212,98655,97440,5259,102699,1721
2021-10-23,San Luis Obispo,079,281455,29261,28755,1203,29958,333
2021-10-23,San Mateo,081,765935,53738,52719,833,53552,571
2021-10-23,Santa Barbara,083,443738,44051,43552,1509,45061,523
2021-10-23,Santa Clara,085,1922200,145806,144276,1266,145542,1897
2021-10-23,Santa Cruz,087,273765,20201,19967,987,20954,221
2021-10-23,Shasta,089,179085,20902,20386,3482,23868,321
2021-10-23,Sierra,091,2930,179,168,20,188,0
2021-10-23,Siskiyou,093,43540,3311,3231,1249,4480,46
2021-10-23,Solano,095,438530,45620,44861,1226,46087,341
2021-10-23,Sonoma,097,501317,40966,40476,510,40986,393
2021-10-23,Stanislaus,099,539301,77230,76812,8606,85418,1145
2021-10-23,Sutter,101,95872,13725,13616,324,13940,175
2021-10-23,Tehama,103,63373,8306,8105,1432,9537,110
2021-10-23,Trinity,105,12862,836,696,204,900,11
2021-10-23,Tulare,107,460477,67374,65585,14295,79880,978
2021-10-23,Tuolumne,109,53932,7046,6840,90,6930,90
2021-10-23,Ventura,111,848112,97484,96664,4233,100897,1167
2021-10-23,Yolo,113,214977,19655,19280,990,20270,248
2021-10-23,Yuba,115,75493,9984,9838,296,10134,82
2021-10-22,Alameda,001,1643700,118349,117816,2689,120505,1397
2021-10-22,Alpine,003,1148,101,105,0,105,0
2021-10-22,Amador,005,37829,5480,5412,56,5468,64
2021-10-22,Butte,007,227075,20564,20101,3713,23814,273
2021-10-22,Calaveras,009,45235,3957,3865,48,3913,81
2021-10-22,Colusa,011,21464,2496,2458,618,3076,18
2021-10-22,Contra Costa,013,1133247,98617,97855,2101,99956,1008
2021-10-22,Del Norte,015,27424,3643,3540,52,3592,42
2021-10-22,El Dorado,017,186661,15847,15540,1665,17205,149
2021-10-22,Fresno,019,978130,137255,134466,12335,146801,2094
2021-10-22,Glenn,021,27897,3450,3399,996,4395,33
2021-10-22,Humboldt,023,135768,8866,8753,516,9269,105
2021-10-22,Imperial,025,180216,33142,32777,3080,35857,766
2021-10-22,Inyo,027,18085,2219,2108,38,2146,41
2021-10-22,Kern,029,883053,125262,122939,20997,143936,1636
2021-10-22,Kings,031,150075,31657,30942,1845,32787,325
2021-10-22,Lake,033,64148,6632,6501,139,6640,105
2021-10-22,Lassen,035,31185,6762,6632,343,6975,27
2021-10-22,Los Angeles,037,10098052,1430467,1415919,52895,1468814,26527
2021-10-22,Madera,039,155013,22568,22062,1983,24045,281
2021-10-22,Marin,041,260295,17419,17264,436,17700,244
2021-10-22,Mariposa,043,17540,1240,1184,44,1228,5
2021-10-22,Mendocino,045,87422,7375,7220,474,7694,82
2021-10-22,Merced,047,269075,41257,40808,1798,42606,581
2021-10-22,Modoc,049,8938,518,507,183,690,5
2021-10-22,Mono,051,14174,1685,1655,21,1676,3
2021-10-22,Monterey,053,433212,48428,47456,2775,50231,586
2021-10-22,Napa,055,140530,12871,12789,105,12894,100
2021-10-22,Nevada,057,99092,9010,8861,308,9169,90
2021-10-22,Orange,059,3164182,304976,302237,14668,316905,5546
2021-10-22,Placer,061,380077,36516,35822,3529,39351,426
2021-10-22,Plumas,063,18699,1715,1623,32,1655,7
2021-10-22,Riverside,065,2383286,359804,354688,16119,370807,5041
2021-10-22,Sacramento,067,1510023,156758,155125,4382,159507,2232
2021-10-22,San Benito,069,59416,7302,7280,164,7444,71
2021-10-22,San Bernardino,071,2135413,350705,347681,10964,358645,5688
2021-10-22,San Diego,073,3302833,369244,366085,21698,387783,4183
2021-10-22,San Francisco,075,870044,52441,51820,2234,54054,649
2021-10-22,San Joaquin,077,732212,98595,97440,5256,102696,1721
2021-10-22,San Luis Obispo,079,281455,29231,28755,1203,29958,333
2021-10-22,San Mateo,081,765935,53687,52719,827,53546,571
2021-10-22,Santa Barbara,083,443738,44010,43552,1509,45061,523
2021-10-22,Santa Clara,085,1922200,145650,144276,1259,145535,1897
2021-10-22,Santa Cruz,087,273765,20179,19967,987,20954,221
2021-10-22,Shasta,089,179085,20869,20386,3479,23865,321
2021-10-22,Sierra,091,2930,178,168,19,187,0
2021-10-22,Siskiyou,093,43540,3309,3231,1246,4477,46
2021-10-22,Solano,095,438530,45585,44861,1222,46083,341
2021-10-22,Sonoma,097,501317,40909,40476,510,40986,393
2021-10-22,Stanislaus,099,539301,77127,76812,8589,85401,1145
2021-10-22,Sutter,101,95872,13710,13616,324,13940,175
2021-10-22,Tehama,103,63373,8284,8105,1427,9532,110
2021-10-22,Trinity,105,12862,835,696,204,900,11
2021-10-22,Tulare,107,460477,67289,65585,14242,79827,978
2021-10-22,Tuolumne,109,53932,7011,6840,90,6930,90
2021-10-22,Ventura,111,848112,97431,96664,4227,100891,1167
2021-10-22,Yolo,113,214977,19628,19280,988,20268,248
2021-10-22,Yuba,115,75493,9970,9838,294,10132,82
2021-10-21,Alameda,001,1643700,118234,117816,2683,120499,1397
2021-10-21,Alpine,003,1148,101,105,0,105,0
2021-10-21,Amador,005,37829,5472,5412,56,5468,64
2021-10-21,Butte,007,227075,20480,20101,3699,23800,273
2021-10-21,Calaveras,009,45235,3938,3865,48,3913,81
2021-10-21,Colusa,011,21464,2492,2458,614,3072,18
2021-10-21,Contra Costa,013,1133247,98500,97855,2096,99951,1008
2021-10-21,Del Norte,015,27424,3637,3540,51,3591,42
2021-10-21,El Dorado,017,186661,15818,15540,1658,17198,149
2021-10-21,Fresno,019,978130,136904,134466,12290,146756,2094
2021-10-21,Glenn,021,27897,3446,3399,993,4392,33
2021-10-21,Humboldt,023,135768,8852,8753,512,9265,105
2021-10-21,Imperial,025,180216,33087,32777,3076,35853,766
2021-10-21,Inyo,027,18085,2197,2108,38,2146,41
2021-10-21,Kern,029,883053,125015,122939,20888,143827,1636
2021-10-21,Kings,031,150075,31559,30942,1839,32781,325
2021-10-21,Lake,033,64148,6618,6501,138,6639,105
2021-10-21,Lassen,035,31185,6749,6632,339,6971,27
2021-10-21,Los Angeles,037,10098052,1429348,1415919,52846,1468765,26527
2021-10-21,Madera,039,155013,22510,22062,1973,24035,281
2021-10-21,Marin,041,260295,17401,17264,436,17700,244
2021-10-21,Mariposa,043,17540,1234,1184,43,1227,5
2021-10-21,Mendocino,045,87422,7357,7220,467,7687,82
2021-10-21,Merced,047,269075,41160,40808,1787,42595,581
2021-10-21,Modoc,049,8938,518,507,183,690,5
2021-10-21,Mono,051,14174,1676,1655,21,1676,3
2021-10-21,Monterey,053,433212,48394,47456,2764,50220,586
2021-10-21,Napa,055,140530,12859,12789,105,12894,100
2021-10-21,Nevada,057,99092,8985,8861,308,9169,90
2021-10-21,Orange,059,3164182,304704,302237,14632,316869,5546
2021-10-21,Placer,061,380077,36427,35822,3516,39338,426
2021-10-21,Plumas,063,18699,1701,1623,32,1655,7
2021-10-21,Riverside,065,2383286,359357,354688,16109,370797,5041
2021-10-21,Sacramento,067,1510023,156438,155125,4356,159481,2232
2021-10-21,San Benito,069,59416,7295,7280,162,7442,71
2021-10-21,San Bernardino,071,2135413,350325,347681,10930,358611,5688
2021-10-21,San Diego,073,3302833,368732,366085,21668,387753,4183
2021-10-21,San Francisco,075,870044,52386,51820,2233,54053,649
2021-10-21,San Joaquin,077,732212,98456,97440,5249,102689,1721
2021-10-21,San Luis Obispo,079,281455,29189,28755,1201,29956,333
2021-10-21,San Mateo,081,765935,53640,52719,826,53545,571
2021-10-21,Santa Barbara,083,443738,43944,43552,1507,45059,523
2021-10-21,Santa Clara,085,1922200,145479,144276,1255,145531,1897
2021-10-21,Santa Cruz,087,273765,20155,19967,985,20952,221
2021-10-21,Shasta,089,179085,20808,20386,3464,23850,321
2021-10-21,Sierra,091,2930,177,168,18,186,0
2021-10-21,Siskiyou,093,43540,3304,3231,1244,4475,46
2021-10-21,Solano,095,438530,45533,44861,1220,46081,341
2021-10-21,Sonoma,097,501317,40840,40476,508,40984,393
2021-10-21,Stanislaus,099,539301,76958,76812,8578,85390,1145
2021-10-21,Sutter,101,95872,13682,13616,320,13936,175
2021-10-21,Tehama,103,63373,8257,8105,1420,9525,110
2021-10-21,Trinity,105,12862,833,696,204,900,11
2021-10-21,Tulare,107,460477,67100,65585,14173,79758,978
2021-10-21,Tuolumne,109,53932,6973,6840,89,6929,90
2021-10-21,Ventura,111,848112,97340,96664,4225,100889,1167
2021-10-21,Yolo,113,214977,19581,19280,986,20266,248
2021-10-21,Yuba,115,75493,9946,9838,293,10131,82
2021-10-20,Alameda,001,1643700,118114,117654,2683,120337,1390
2021-10-20,Alpine,003,1148,101,103,0,103,0
2021-10-20,Amador,005,37829,5464,5379,56,5435,64
2021-10-20,Butte,007,227075,20424,20021,3683,23704,270
2021-10-20,Calaveras,009,45235,3918,3844,47,3891,81
2021-10-20,Colusa,011,21464,2488,2454,612,3066,18
2021-10-20,Contra Costa,013,1133247,98384,97721,2092,99813,1008
2021-10-20,Del Norte,015,27424,3633,3536,51,3587,42
2021-10-20,El Dorado,017,186661,15789,15502,1655,17157,149
2021-10-20,Fresno,019,978130,136502,134025,12253,146278,2084
2021-10-20,Glenn,021,27897,3438,3382,992,4374,33
2021-10-20,Humboldt,023,135768,8830,8727,510,9237,105
2021-10-20,Imperial,025,180216,33013,32705,3068,35773,766
2021-10-20,Inyo,027,18085,2178,2077,37,2114,40
2021-10-20,Kern,029,883053,124721,122630,20769,143399,1623
2021-10-20,Kings,031,150075,31482,30805,1829,32634,322
2021-10-20,Lake,033,64148,6596,6475,137,6612,104
2021-10-20,Lassen,035,31185,6734,6622,339,6961,27
2021-10-20,Los Angeles,037,10098052,1428228,1414931,52776,1467707,26506
2021-10-20,Madera,039,155013,22440,21983,1964,23947,281
2021-10-20,Marin,041,260295,17380,17250,434,17684,244
2021-10-20,Mariposa,043,17540,1227,1174,43,1217,5
2021-10-20,Mendocino,045,87422,7329,7189,464,7653,82
2021-10-20,Merced,047,269075,41079,40685,1771,42456,581
2021-10-20,Modoc,049,8938,518,504,183,687,5
2021-10-20,Mono,051,14174,1676,1653,21,1674,3
2021-10-20,Monterey,053,433212,48362,47430,2755,50185,587
2021-10-20,Napa,055,140530,12845,12773,104,12877,100
2021-10-20,Nevada,057,99092,8957,8836,308,9144,90
2021-10-20,Orange,059,3164182,304418,301957,14610,316567,5534
2021-10-20,Placer,061,380077,36338,35729,3507,39236,425
2021-10-20,Plumas,063,18699,1694,1604,32,1636,7
2021-10-20,Riverside,065,2383286,358913,354311,16092,370403,5030
2021-10-20,Sacramento,067,1510023,156138,154822,4333,159155,2222
2021-10-20,San Benito,069,59416,7292,7275,160,7435,71
2021-10-20,San Bernardino,071,2135413,349923,347217,10899,358116,5663
2021-10-20,San Diego,073,3302833,368223,365698,21649,387347,4178
2021-10-20,San Francisco,075,870044,52337,51755,2232,53987,646
2021-10-20,San Joaquin,077,732212,98311,97246,5241,102487,1721
2021-10-20,San Luis Obispo,079,281455,29143,28727,1197,29924,332
2021-10-20,San Mateo,081,765935,53569,52663,818,53481,571
2021-10-20,Santa Barbara,083,443738,43881,43489,1506,44995,523
2021-10-20,Santa Clara,085,1922200,145344,144124,1250,145374,1896
2021-10-20,Santa Cruz,087,273765,20142,19951,985,20936,219
2021-10-20,Shasta,089,179085,20746,20313,3437,23750,320
2021-10-20,Sierra,091,2930,177,168,18,186,0
2021-10-20,Siskiyou,093,43540,3304,3224,1238,4462,46
2021-10-20,Solano,095,438530,45501,44819,1218,46037,341
2021-10-20,Sonoma,097,501317,40793,40404,508,40912,393
2021-10-20,Stanislaus,099,539301,76808,76631,8559,85190,1145
2021-10-20,Sutter,101,95872,13658,13592,314,13906,175
2021-10-20,Tehama,103,63373,8226,8081,1409,9490,110
2021-10-20,Trinity,105,12862,833,693,203,896,11
2021-10-20,Tulare,107,460477,66924,65413,14129,79542,967
2021-10-20,Tuolumne,109,53932,6950,6803,89,6892,89
2021-10-20,Ventura,111,848112,97258,96610,4221,100831,1166
2021-10-20,Yolo,113,214977,19536,19236,984,20220,248
2021-10-20,Yuba,115,75493,9929,9808,290,10098,82
2021-10-19,Alameda,001,1643700,117992,117542,2677,120219,1383
2021-10-19,Alpine,003,1148,101,103,0,103,0
2021-10-19,Amador,005,37829,5448,5367,56,5423,64
2021-10-19,Butte,007,227075,20371,19974,3675,23649,268
2021-10-19,Calaveras,009,45235,3901,3826,46,3872,80
2021-10-19,Colusa,011,21464,2485,2447,610,3057,18
2021-10-19,Contra Costa,013,1133247,98293,97613,2087,99700,1004
2021-10-19,Del Norte,015,27424,3626,3531,51,3582,42
2021-10-19,El Dorado,017,186661,15764,15478,1650,17128,149
2021-10-19,Fresno,019,978130,136138,133813,12205,146018,2073
2021-10-19,Glenn,021,27897,3435,3380,990,4370,33
2021-10-19,Humboldt,023,135768,8806,8714,504,9218,105
2021-10-19,Imperial,025,180216,32947,32632,3064,35696,764
2021-10-19,Inyo,027,18085,2147,2045,37,2082,40
2021-10-19,Kern,029,883053,124404,122391,20645,143036,1613
2021-10-19,Kings,031,150075,31389,30757,1822,32579,322
2021-10-19,Lake,033,64148,6592,6465,137,6602,104
2021-10-19,Lassen,035,31185,6728,6612,335,6947,27
2021-10-19,Los Angeles,037,10098052,1426981,1413882,52703,1466585,26473
2021-10-19,Madera,039,155013,22377,21950,1956,23906,281
2021-10-19,Marin,041,260295,17366,17241,431,17672,244
2021-10-19,Mariposa,043,17540,1221,1171,41,1212,5
2021-10-19,Mendocino,045,87422,7314,7172,461,7633,82
2021-10-19,Merced,047,269075,40964,40628,1750,42378,580
2021-10-19,Modoc,049,8938,516,502,183,685,5
2021-10-19,Mono,051,14174,1672,1651,21,1672,3
2021-10-19,Monterey,053,433212,48325,47412,2744,50156,583
2021-10-19,Napa,055,140530,12838,12769,104,12873,100
2021-10-19,Nevada,057,99092,8936,8829,307,9136,90
2021-10-19,Orange,059,3164182,304161,301700,14577,316277,5527
2021-10-19,Placer,061,380077,36217,35663,3492,39155,422
2021-10-19,Plumas,063,18699,1676,1586,32,1618,8
2021-10-19,Riverside,065,2383286,358492,353891,16085,369976,5020
2021-10-19,Sacramento,067,1510023,155831,154570,4307,158877,2227
2021-10-19,San Benito,069,59416,7277,7264,160,7424,71
2021-10-19,San Bernardino,071,2135413,349521,346814,10870,357684,5627
2021-10-19,San Diego,073,3302833,367642,365285,21618,386903,4170
2021-10-19,San Francisco,075,870044,52274,51704,2230,53934,645
2021-10-19,San Joaquin,077,732212,98145,97105,5230,102335,1721
2021-10-19,San Luis Obispo,079,281455,29095,28670,1194,29864,332
2021-10-19,San Mateo,081,765935,53511,52617,816,53433,571
2021-10-19,Santa Barbara,083,443738,43814,43413,1505,44918,522
2021-10-19,Santa Clara,085,1922200,145171,143989,1243,145232,1898
2021-10-19,Santa Cruz,087,273765,20118,19895,983,20878,218
2021-10-19,Shasta,089,179085,20670,20209,3429,23638,319
2021-10-19,Sierra,091,2930,174,168,18,186,0
2021-10-19,Siskiyou,093,43540,3300,3216,1233,4449,46
2021-10-19,Solano,095,438530,45460,44782,1212,45994,341
2021-10-19,Sonoma,097,501317,40719,40379,507,40886,392
2021-10-19,Stanislaus,099,539301,76666,76526,8547,85073,1145
2021-10-19,Sutter,101,95872,13634,13569,313,13882,174
2021-10-19,Tehama,103,63373,8196,8057,1393,9450,108
2021-10-19,Trinity,105,12862,826,691,203,894,11
2021-10-19,Tulare,107,460477,66737,65253,14061,79314,958
2021-10-19,Tuolumne,109,53932,6921,6782,88,6870,89
2021-10-19,Ventura,111,848112,97182,96539,4216,100755,1166
2021-10-19,Yolo,113,214977,19490,19206,980,20186,248
2021-10-19,Yuba,115,75493,9911,9796,289,10085,82
2021-10-18,Alameda,001,1643700,117855,117506,2667,120173,1381
2021-10-18,Alpine,003,1148,101,103,0,103,0
2021-10-18,Amador,005,37829,5437,5345,56,5401,64
2021-10-18,Butte,007,227075,20320,19921,3663,23584,265
2021-10-18,Calaveras,009,45235,3876,3819,45,3864,80
2021-10-18,Colusa,011,21464,2484,2444,608,3052,18
2021-10-18,Contra Costa,013,1133247,98181,97585,2083,99668,995
2021-10-18,Del Norte,015,27424,3619,3529,51,3580,41
2021-10-18,El Dorado,017,186661,15734,15452,1648,17100,149
2021-10-18,Fresno,019,978130,135737,133688,12163,145851,2063
2021-10-18,Glenn,021,27897,3431,3370,986,4356,32
2021-10-18,Humboldt,023,135768,8786,8699,496,9195,104
2021-10-18,Imperial,025,180216,32856,32558,3064,35622,764
2021-10-18,Inyo,027,18085,2129,2020,37,2057,40
2021-10-18,Kern,029,883053,124105,122231,20551,142782,1605
2021-10-18,Kings,031,150075,31275,30698,1809,32507,320
2021-10-18,Lake,033,64148,6573,6455,133,6588,104
2021-10-18,Lassen,035,31185,6708,6607,332,6939,26
2021-10-18,Los Angeles,037,10098052,1425737,1413291,52627,1465918,26446
2021-10-18,Madera,039,155013,22323,21909,1943,23852,277
2021-10-18,Marin,041,260295,17346,17232,428,17660,244
2021-10-18,Mariposa,043,17540,1213,1160,41,1201,5
2021-10-18,Mendocino,045,87422,7295,7156,453,7609,82
2021-10-18,Merced,047,269075,40841,40573,1740,42313,579
2021-10-18,Modoc,049,8938,516,498,183,681,5
2021-10-18,Mono,051,14174,1666,1648,20,1668,3
2021-10-18,Monterey,053,433212,48303,47389,2739,50128,583
2021-10-18,Napa,055,140530,12823,12762,104,12866,100
2021-10-18,Nevada,057,99092,8917,8816,307,9123,90
2021-10-18,Orange,059,3164182,303822,301573,14542,316115,5524
2021-10-18,Placer,061,380077,36140,35598,3488,39086,420
2021-10-18,Plumas,063,18699,1668,1579,32,1611,6
2021-10-18,Riverside,065,2383286,358076,353699,16071,369770,5008
2021-10-18,Sacramento,067,1510023,155526,154428,4277,158705,2203
2021-10-18,San Benito,069,59416,7265,7253,160,7413,71
2021-10-18,San Bernardino,071,2135413,349101,346742,10856,357598,5606
2021-10-18,San Diego,073,3302833,367086,364948,21580,386528,4169
2021-10-18,San Francisco,075,870044,52211,51671,2224,53895,644
2021-10-18,San Joaquin,077,732212,97980,97041,5220,102261,1721
2021-10-18,San Luis Obispo,079,281455,29056,28644,1191,29835,331
2021-10-18,San Mateo,081,765935,53446,52594,815,53409,571
2021-10-18,Santa Barbara,083,443738,43755,43386,1503,44889,522
2021-10-18,Santa Clara,085,1922200,145016,143891,1235,145126,1895
2021-10-18,Santa Cruz,087,273765,20104,19876,981,20857,218
2021-10-18,Shasta,089,179085,20590,20146,3418,23564,313
2021-10-18,Sierra,091,2930,174,166,18,184,0
2021-10-18,Siskiyou,093,43540,3297,3210,1225,4435,42
2021-10-18,Solano,095,438530,45416,44758,1209,45967,339
2021-10-18,Sonoma,097,501317,40655,40349,504,40853,392
2021-10-18,Stanislaus,099,539301,76501,76466,8533,84999,1145
2021-10-18,Sutter,101,95872,13600,13557,311,13868,172
2021-10-18,Tehama,103,63373,8161,8042,1381,9423,107
2021-10-18,Trinity,105,12862,825,688,203,891,11
2021-10-18,Tulare,107,460477,66562,65171,13997,79168,958
2021-10-18,Tuolumne,109,53932,6892,6755,88,6843,89
2021-10-18,Ventura,111,848112,97087,96506,4213,100719,1165
2021-10-18,Yolo,113,214977,19453,19197,977,20174,248
2021-10-18,Yuba,115,75493,9884,9782,287,10069,82
2021-10-17,Alameda,001,1643700,117704,117423,2662,120085,1376
2021-10-17,Alpine,003,1148,101,103,0,103,0
2021-10-17,Amador,005,37829,5414,5341,56,5397,64
2021-10-17,Butte,007,227075,20236,19897,3653,23550,265
2021-10-17,Calaveras,009,45235,3860,3805,45,3850,80
2021-10-17,Colusa,011,21464,2479,2442,601,3043,18
2021-10-17,Contra Costa,013,1133247,98060,97485,2072,99557,995
2021-10-17,Del Norte,015,27424,3614,3526,51,3577,41
2021-10-17,El Dorado,017,186661,15676,15438,1641,17079,149
2021-10-17,Fresno,019,978130,135269,133429,12119,145548,2063
2021-10-17,Glenn,021,27897,3421,3364,981,4345,32
2021-10-17,Humboldt,023,135768,8766,8690,493,9183,104
2021-10-17,Imperial,025,180216,32774,32520,3057,35577,764
2021-10-17,Inyo,027,18085,2101,2000,37,2037,40
2021-10-17,Kern,029,883053,123755,122085,20453,142538,1603
2021-10-17,Kings,031,150075,31162,30636,1801,32437,315
2021-10-17,Lake,033,64148,6557,6437,133,6570,104
2021-10-17,Lassen,035,31185,6696,6605,328,6933,26
2021-10-17,Los Angeles,037,10098052,1424397,1412371,52552,1464923,26443
2021-10-17,Madera,039,155013,22261,21869,1932,23801,277
2021-10-17,Marin,041,260295,17324,17211,428,17639,243
2021-10-17,Mariposa,043,17540,1206,1150,41,1191,5
2021-10-17,Mendocino,045,87422,7266,7148,447,7595,82
2021-10-17,Merced,047,269075,40715,40531,1724,42255,579
2021-10-17,Modoc,049,8938,513,498,181,679,5
2021-10-17,Mono,051,14174,1664,1640,19,1659,3
2021-10-17,Monterey,053,433212,48262,47369,2729,50098,583
2021-10-17,Napa,055,140530,12808,12753,101,12854,100
2021-10-17,Nevada,057,99092,8900,8794,306,9100,90
2021-10-17,Orange,059,3164182,303507,301414,14509,315923,5524
2021-10-17,Placer,061,380077,36040,35559,3473,39032,420
2021-10-17,Plumas,063,18699,1644,1571,31,1602,6
2021-10-17,Riverside,065,2383286,357591,353500,16057,369557,5008
2021-10-17,Sacramento,067,1510023,155127,154080,4260,158340,2213
2021-10-17,San Benito,069,59416,7256,7250,159,7409,71
2021-10-17,San Bernardino,071,2135413,348665,346524,10836,357360,5597
2021-10-17,San Diego,073,3302833,366495,364675,21552,386227,4163
2021-10-17,San Francisco,075,870044,52139,51625,2215,53840,644
2021-10-17,San Joaquin,077,732212,97807,96950,5211,102161,1721
2021-10-17,San Luis Obispo,079,281455,29004,28604,1183,29787,331
2021-10-17,San Mateo,081,765935,53394,52541,811,53352,571
2021-10-17,Santa Barbara,083,443738,43692,43344,1502,44846,522
2021-10-17,Santa Clara,085,1922200,144839,143768,1226,144994,1895
2021-10-17,Santa Cruz,087,273765,20076,19861,979,20840,218
2021-10-17,Shasta,089,179085,20500,20116,3408,23524,312
2021-10-17,Sierra,091,2930,172,165,18,183,0
2021-10-17,Siskiyou,093,43540,3289,3204,1222,4426,42
2021-10-17,Solano,095,438530,45359,44722,1208,45930,340
2021-10-17,Sonoma,097,501317,40579,40306,503,40809,392
2021-10-17,Stanislaus,099,539301,76303,76354,8519,84873,1145
2021-10-17,Sutter,101,95872,13583,13543,309,13852,172
2021-10-17,Tehama,103,63373,8129,8015,1365,9380,107
2021-10-17,Trinity,105,12862,822,686,202,888,11
2021-10-17,Tulare,107,460477,66379,65057,13925,78982,958
2021-10-17,Tuolumne,109,53932,6858,6735,87,6822,89
2021-10-17,Ventura,111,848112,96987,96458,4210,100668,1165
2021-10-17,Yolo,113,214977,19410,19171,969,20140,248
2021-10-17,Yuba,115,75493,9858,9771,285,10056,82
2021-10-16,Alameda,001,1643700,117615,117027,2660,119687,1365
2021-10-16,Alpine,003,1148,100,102,0,102,0
2021-10-16,Amador,005,37829,5407,5310,56,5366,64
2021-10-16,Butte,007,227075,20205,19612,3644,23256,260
2021-10-16,Calaveras,009,45235,3853,3771,45,3816,80
2021-10-16,Colusa,011,21464,2475,2431,598,3029,18
2021-10-16,Contra Costa,013,1133247,97968,97107,2065,99172,982
2021-10-16,Del Norte,015,27424,3611,3516,51,3567,41
2021-10-16,El Dorado,017,186661,15655,15315,1639,16954,149
2021-10-16,Fresno,019,978130,135115,132433,12102,144535,2051
2021-10-16,Glenn,021,27897,3415,3331,981,4312,26
2021-10-16,Humboldt,023,135768,8754,8621,488,9109,104
2021-10-16,Imperial,025,180216,32759,32368,3055,35423,764
2021-10-16,Inyo,027,18085,2087,1932,37,1969,39
2021-10-16,Kern,029,883053,123599,121354,20372,141726,1590
2021-10-16,Kings,031,150075,31116,30418,1798,32216,314
2021-10-16,Lake,033,64148,6546,6378,133,6511,104
2021-10-16,Lassen,035,31185,6687,6559,324,6883,26
2021-10-16,Los Angeles,037,10098052,1423741,1409418,52498,1461916,26398
2021-10-16,Madera,039,155013,22217,21707,1928,23635,277
2021-10-16,Marin,041,260295,17314,17148,428,17576,243
2021-10-16,Mariposa,043,17540,1203,1096,41,1137,5
2021-10-16,Mendocino,045,87422,7255,7099,447,7546,82
2021-10-16,Merced,047,269075,40683,40265,1722,41987,577
2021-10-16,Modoc,049,8938,510,492,181,673,5
2021-10-16,Mono,051,14174,1660,1628,19,1647,3
2021-10-16,Monterey,053,433212,48245,47293,2721,50014,582
2021-10-16,Napa,055,140530,12797,12706,101,12807,100
2021-10-16,Nevada,057,99092,8880,8739,306,9045,90
2021-10-16,Orange,059,3164182,303331,300722,14484,315206,5509
2021-10-16,Placer,061,380077,35956,35343,3467,38810,412
2021-10-16,Plumas,063,18699,1639,1542,30,1572,6
2021-10-16,Riverside,065,2383286,357321,352435,16045,368480,4990
2021-10-16,Sacramento,067,1510023,154928,153264,4256,157520,2192
2021-10-16,San Benito,069,59416,7243,7210,158,7368,71
2021-10-16,San Bernardino,071,2135413,348456,345418,10828,356246,5566
2021-10-16,San Diego,073,3302833,366179,363109,21536,384645,4151
2021-10-16,San Francisco,075,870044,52092,51436,2211,53647,645
2021-10-16,San Joaquin,077,732212,97735,96507,5208,101715,1708
2021-10-16,San Luis Obispo,079,281455,28978,28460,1182,29642,329
2021-10-16,San Mateo,081,765935,53345,52399,810,53209,569
2021-10-16,Santa Barbara,083,443738,43656,43175,1501,44676,521
2021-10-16,Santa Clara,085,1922200,144739,143282,1218,144500,1890
2021-10-16,Santa Cruz,087,273765,20061,19794,978,20772,218
2021-10-16,Shasta,089,179085,20450,19932,3397,23329,309
2021-10-16,Sierra,091,2930,170,160,18,178,0
2021-10-16,Siskiyou,093,43540,3287,3173,1215,4388,42
2021-10-16,Solano,095,438530,45333,44585,1204,45789,334
2021-10-16,Sonoma,097,501317,40539,40195,503,40698,390
2021-10-16,Stanislaus,099,539301,76217,75868,8509,84377,1142
2021-10-16,Sutter,101,95872,13564,13471,308,13779,169
2021-10-16,Tehama,103,63373,8116,7907,1360,9267,104
2021-10-16,Trinity,105,12862,822,679,202,881,11
2021-10-16,Tulare,107,460477,66241,64489,13894,78383,951
2021-10-16,Tuolumne,109,53932,6826,6666,87,6753,89
2021-10-16,Ventura,111,848112,96955,96181,4205,100386,1164
2021-10-16,Yolo,113,214977,19383,19078,963,20041,247
2021-10-16,Yuba,115,75493,9834,9705,282,9987,82
2021-10-15,Alameda,001,1643700,117543,117027,2656,119683,1365
2021-10-15,Alpine,003,1148,100,102,0,102,0
2021-10-15,Amador,005,37829,5383,5310,56,5366,64
2021-10-15,Butte,007,227075,20169,19612,3637,23249,260
2021-10-15,Calaveras,009,45235,3847,3771,45,3816,80
2021-10-15,Colusa,011,21464,2473,2431,595,3026,18
2021-10-15,Contra Costa,013,1133247,97886,97107,2062,99169,982
2021-10-15,Del Norte,015,27424,3609,3516,51,3567,41
2021-10-15,El Dorado,017,186661,15635,15315,1634,16949,149
2021-10-15,Fresno,019,978130,134862,132433,12092,144525,2051
2021-10-15,Glenn,021,27897,3409,3331,980,4311,26
2021-10-15,Humboldt,023,135768,8745,8621,486,9107,104
2021-10-15,Imperial,025,180216,32712,32368,3051,35419,764
2021-10-15,Inyo,027,18085,2069,1932,37,1969,39
2021-10-15,Kern,029,883053,123463,121354,20298,141652,1590
2021-10-15,Kings,031,150075,31061,30418,1794,32212,314
2021-10-15,Lake,033,64148,6537,6378,133,6511,104
2021-10-15,Lassen,035,31185,6675,6559,323,6882,26
2021-10-15,Los Angeles,037,10098052,1423048,1409418,52450,1461868,26398
2021-10-15,Madera,039,155013,22173,21707,1920,23627,277
2021-10-15,Marin,041,260295,17303,17148,428,17576,243
2021-10-15,Mariposa,043,17540,1195,1096,41,1137,5
2021-10-15,Mendocino,045,87422,7240,7099,447,7546,82
2021-10-15,Merced,047,269075,40653,40265,1719,41984,577
2021-10-15,Modoc,049,8938,509,492,181,673,5
2021-10-15,Mono,051,14174,1657,1628,19,1647,3
2021-10-15,Monterey,053,433212,48223,47293,2719,50012,582
2021-10-15,Napa,055,140530,12793,12706,101,12807,100
2021-10-15,Nevada,057,99092,8865,8739,306,9045,90
2021-10-15,Orange,059,3164182,303163,300722,14466,315188,5509
2021-10-15,Placer,061,380077,35902,35343,3461,38804,412
2021-10-15,Plumas,063,18699,1631,1542,30,1572,6
2021-10-15,Riverside,065,2383286,357079,352435,16040,368475,4990
2021-10-15,Sacramento,067,1510023,154740,153264,4246,157510,2192
2021-10-15,San Benito,069,59416,7240,7210,158,7368,71
2021-10-15,San Bernardino,071,2135413,348224,345418,10825,356243,5566
2021-10-15,San Diego,073,3302833,365819,363109,21511,384620,4151
2021-10-15,San Francisco,075,870044,52051,51436,2204,53640,645
2021-10-15,San Joaquin,077,732212,97657,96507,5201,101708,1708
2021-10-15,San Luis Obispo,079,281455,28957,28460,1180,29640,329
2021-10-15,San Mateo,081,765935,53301,52399,809,53208,569
2021-10-15,Santa Barbara,083,443738,43618,43175,1501,44676,521
2021-10-15,Santa Clara,085,1922200,144617,143282,1210,144492,1890
2021-10-15,Santa Cruz,087,273765,20050,19794,978,20772,218
2021-10-15,Shasta,089,179085,20394,19932,3389,23321,309
2021-10-15,Sierra,091,2930,170,160,18,178,0
2021-10-15,Siskiyou,093,43540,3286,3173,1212,4385,42
2021-10-15,Solano,095,438530,45307,44585,1204,45789,334
2021-10-15,Sonoma,097,501317,40505,40195,502,40697,390
2021-10-15,Stanislaus,099,539301,76137,75868,8493,84361,1142
2021-10-15,Sutter,101,95872,13547,13471,306,13777,169
2021-10-15,Tehama,103,63373,8094,7907,1355,9262,104
2021-10-15,Trinity,105,12862,822,679,202,881,11
2021-10-15,Tulare,107,460477,66161,64489,13857,78346,951
2021-10-15,Tuolumne,109,53932,6803,6666,85,6751,89
2021-10-15,Ventura,111,848112,96913,96181,4202,100383,1164
2021-10-15,Yolo,113,214977,19368,19078,959,20037,247
2021-10-15,Yuba,115,75493,9824,9705,281,9986,82
2021-10-14,Alameda,001,1643700,117435,117027,2651,119678,1365
2021-10-14,Alpine,003,1148,100,102,0,102,0
2021-10-14,Amador,005,37829,5372,5310,56,5366,64
2021-10-14,Butte,007,227075,20117,19612,3631,23243,260
2021-10-14,Calaveras,009,45235,3834,3771,44,3815,80
2021-10-14,Colusa,011,21464,2471,2431,593,3024,18
2021-10-14,Contra Costa,013,1133247,97752,97107,2055,99162,982
2021-10-14,Del Norte,015,27424,3603,3516,51,3567,41
2021-10-14,El Dorado,017,186661,15597,15315,1631,16946,149
2021-10-14,Fresno,019,978130,134567,132433,12063,144496,2051
2021-10-14,Glenn,021,27897,3404,3331,979,4310,26
2021-10-14,Humboldt,023,135768,8728,8621,483,9104,104
2021-10-14,Imperial,025,180216,32649,32368,3044,35412,764
2021-10-14,Inyo,027,18085,2050,1932,37,1969,39
2021-10-14,Kern,029,883053,123191,121354,20199,141553,1590
2021-10-14,Kings,031,150075,30995,30418,1786,32204,314
2021-10-14,Lake,033,64148,6516,6378,132,6510,104
2021-10-14,Lassen,035,31185,6669,6559,322,6881,26
2021-10-14,Los Angeles,037,10098052,1422056,1409418,52400,1461818,26398
2021-10-14,Madera,039,155013,22108,21707,1914,23621,277
2021-10-14,Marin,041,260295,17298,17148,426,17574,243
2021-10-14,Mariposa,043,17540,1182,1096,40,1136,5
2021-10-14,Mendocino,045,87422,7226,7099,445,7544,82
2021-10-14,Merced,047,269075,40564,40265,1705,41970,577
2021-10-14,Modoc,049,8938,509,492,181,673,5
2021-10-14,Mono,051,14174,1650,1628,19,1647,3
2021-10-14,Monterey,053,433212,48197,47293,2714,50007,582
2021-10-14,Napa,055,140530,12778,12706,101,12807,100
2021-10-14,Nevada,057,99092,8838,8739,304,9043,90
2021-10-14,Orange,059,3164182,302955,300722,14449,315171,5509
2021-10-14,Placer,061,380077,35835,35343,3447,38790,412
2021-10-14,Plumas,063,18699,1616,1542,30,1572,6
2021-10-14,Riverside,065,2383286,356682,352435,16029,368464,4990
2021-10-14,Sacramento,067,1510023,154489,153264,4226,157490,2192
2021-10-14,San Benito,069,59416,7229,7210,158,7368,71
2021-10-14,San Bernardino,071,2135413,347867,345418,10818,356236,5566
2021-10-14,San Diego,073,3302833,365379,363109,21484,384593,4151
2021-10-14,San Francisco,075,870044,51995,51436,2200,53636,645
2021-10-14,San Joaquin,077,732212,97528,96507,5192,101699,1708
2021-10-14,San Luis Obispo,079,281455,28912,28460,1176,29636,329
2021-10-14,San Mateo,081,765935,53253,52399,808,53207,569
2021-10-14,Santa Barbara,083,443738,43562,43175,1496,44671,521
2021-10-14,Santa Clara,085,1922200,144476,143282,1204,144486,1890
2021-10-14,Santa Cruz,087,273765,20027,19794,978,20772,218
2021-10-14,Shasta,089,179085,20337,19932,3377,23309,309
2021-10-14,Sierra,091,2930,169,160,18,178,0
2021-10-14,Siskiyou,093,43540,3283,3173,1204,4377,42
2021-10-14,Solano,095,438530,45257,44585,1196,45781,334
2021-10-14,Sonoma,097,501317,40455,40195,499,40694,390
2021-10-14,Stanislaus,099,539301,75991,75868,8480,84348,1142
2021-10-14,Sutter,101,95872,13527,13471,305,13776,169
2021-10-14,Tehama,103,63373,8063,7907,1348,9255,104
2021-10-14,Trinity,105,12862,821,679,201,880,11
2021-10-14,Tulare,107,460477,65977,64489,13810,78299,951
2021-10-14,Tuolumne,109,53932,6771,6666,84,6750,89
2021-10-14,Ventura,111,848112,96845,96181,4196,100377,1164
2021-10-14,Yolo,113,214977,19335,19078,952,20030,247
2021-10-14,Yuba,115,75493,9810,9705,272,9977,82
2021-10-13,Alameda,001,1643700,117329,116914,2645,119559,1360
2021-10-13,Alpine,003,1148,100,102,0,102,0
2021-10-13,Amador,005,37829,5358,5305,56,5361,63
2021-10-13,Butte,007,227075,20041,19546,3626,23172,257
2021-10-13,Calaveras,009,45235,3813,3756,42,3798,79
2021-10-13,Colusa,011,21464,2464,2430,589,3019,18
2021-10-13,Contra Costa,013,1133247,97636,96975,2054,99029,969
2021-10-13,Del Norte,015,27424,3598,3512,51,3563,39
2021-10-13,El Dorado,017,186661,15573,15302,1626,16928,149
2021-10-13,Fresno,019,978130,134233,132055,12032,144087,2048
2021-10-13,Glenn,021,27897,3399,3327,975,4302,26
2021-10-13,Humboldt,023,135768,8717,8604,479,9083,102
2021-10-13,Imperial,025,180216,32589,32317,3042,35359,762
2021-10-13,Inyo,027,18085,2013,1907,37,1944,39
2021-10-13,Kern,029,883053,122946,120956,20107,141063,1586
2021-10-13,Kings,031,150075,30914,30246,1779,32025,312
2021-10-13,Lake,033,64148,6496,6371,132,6503,103
2021-10-13,Lassen,035,31185,6658,6535,316,6851,25
2021-10-13,Los Angeles,037,10098052,1421003,1408384,52344,1460728,26379
2021-10-13,Madera,039,155013,22055,21609,1900,23509,277
2021-10-13,Marin,041,260295,17274,17137,425,17562,243
2021-10-13,Mariposa,043,17540,1168,1090,40,1130,5
2021-10-13,Mendocino,045,87422,7210,7088,437,7525,82
2021-10-13,Merced,047,269075,40479,40164,1693,41857,577
2021-10-13,Modoc,049,8938,507,490,179,669,5
2021-10-13,Mono,051,14174,1650,1612,19,1631,3
2021-10-13,Monterey,053,433212,48178,47273,2707,49980,582
2021-10-13,Napa,055,140530,12767,12695,99,12794,100
2021-10-13,Nevada,057,99092,8816,8725,304,9029,90
2021-10-13,Orange,059,3164182,302748,300468,14433,314901,5503
2021-10-13,Placer,061,380077,35768,35254,3438,38692,412
2021-10-13,Plumas,063,18699,1602,1514,30,1544,6
2021-10-13,Riverside,065,2383286,356352,352044,16016,368060,4978
2021-10-13,Sacramento,067,1510023,154240,153141,4205,157346,2182
2021-10-13,San Benito,069,59416,7223,7196,157,7353,71
2021-10-13,San Bernardino,071,2135413,347542,344951,10801,355752,5562
2021-10-13,San Diego,073,3302833,364948,362564,21462,384026,4141
2021-10-13,San Francisco,075,870044,51952,51379,2196,53575,644
2021-10-13,San Joaquin,077,732212,97384,96343,5188,101531,1696
2021-10-13,San Luis Obispo,079,281455,28874,28397,1173,29570,330
2021-10-13,San Mateo,081,765935,53201,52352,804,53156,569
2021-10-13,Santa Barbara,083,443738,43510,43109,1496,44605,518
2021-10-13,Santa Clara,085,1922200,144338,143064,1203,144267,1886
2021-10-13,Santa Cruz,087,273765,20001,19763,977,20740,217
2021-10-13,Shasta,089,179085,20267,19802,3357,23159,307
2021-10-13,Sierra,091,2930,169,155,18,173,0
2021-10-13,Siskiyou,093,43540,3275,3173,1203,4376,42
2021-10-13,Solano,095,438530,45218,44558,1193,45751,334
2021-10-13,Sonoma,097,501317,40399,40122,499,40621,390
2021-10-13,Stanislaus,099,539301,75849,75698,8470,84168,1136
2021-10-13,Sutter,101,95872,13497,13458,303,13761,169
2021-10-13,Tehama,103,63373,8027,7849,1342,9191,103
2021-10-13,Trinity,105,12862,818,677,201,878,11
2021-10-13,Tulare,107,460477,65796,64297,13756,78053,945
2021-10-13,Tuolumne,109,53932,6757,6644,83,6727,89
2021-10-13,Ventura,111,848112,96771,96099,4190,100289,1162
2021-10-13,Yolo,113,214977,19307,19023,950,19973,247
2021-10-13,Yuba,115,75493,9785,9690,259,9949,80
2021-10-12,Alameda,001,1643700,117226,116813,2641,119454,1357
2021-10-12,Alpine,003,1148,100,102,0,102,0
2021-10-12,Amador,005,37829,5347,5301,56,5357,63
2021-10-12,Butte,007,227075,19969,19506,3615,23121,256
2021-10-12,Calaveras,009,45235,3798,3750,42,3792,75
2021-10-12,Colusa,011,21464,2461,2428,587,3015,18
2021-10-12,Contra Costa,013,1133247,97523,96894,2045,98939,960
2021-10-12,Del Norte,015,27424,3592,3511,51,3562,39
2021-10-12,El Dorado,017,186661,15539,15287,1624,16911,148
2021-10-12,Fresno,019,978130,133872,131848,12001,143849,2042
2021-10-12,Glenn,021,27897,3385,3321,974,4295,26
2021-10-12,Humboldt,023,135768,8690,8587,473,9060,102
2021-10-12,Imperial,025,180216,32537,32267,3040,35307,762
2021-10-12,Inyo,027,18085,1981,1889,37,1926,39
2021-10-12,Kern,029,883053,122659,120826,19998,140824,1580
2021-10-12,Kings,031,150075,30840,30200,1768,31968,312
2021-10-12,Lake,033,64148,6481,6372,130,6502,97
2021-10-12,Lassen,035,31185,6648,6526,315,6841,25
2021-10-12,Los Angeles,037,10098052,1419943,1407462,52298,1459760,26362
2021-10-12,Madera,039,155013,21984,21574,1887,23461,277
2021-10-12,Marin,041,260295,17251,17126,425,17551,242
2021-10-12,Mariposa,043,17540,1154,1088,40,1128,5
2021-10-12,Mendocino,045,87422,7181,7077,434,7511,82
2021-10-12,Merced,047,269075,40400,40113,1687,41800,567
2021-10-12,Modoc,049,8938,502,485,178,663,5
2021-10-12,Mono,051,14174,1648,1608,19,1627,3
2021-10-12,Monterey,053,433212,48147,47254,2699,49953,582
2021-10-12,Napa,055,140530,12753,12671,99,12770,97
2021-10-12,Nevada,057,99092,8804,8720,303,9023,89
2021-10-12,Orange,059,3164182,302494,300256,14407,314663,5499
2021-10-12,Placer,061,380077,35705,35214,3430,38644,404
2021-10-12,Plumas,063,18699,1588,1488,29,1517,6
2021-10-12,Riverside,065,2383286,356026,351771,16002,367773,4973
2021-10-12,Sacramento,067,1510023,153936,152935,4180,157115,2170
2021-10-12,San Benito,069,59416,7209,7193,157,7350,71
2021-10-12,San Bernardino,071,2135413,347229,344788,10791,355579,5563
2021-10-12,San Diego,073,3302833,364435,362256,21433,383689,4137
2021-10-12,San Francisco,075,870044,51888,51301,2195,53496,643
2021-10-12,San Joaquin,077,732212,97248,96237,5183,101420,1690
2021-10-12,San Luis Obispo,079,281455,28827,28379,1172,29551,327
2021-10-12,San Mateo,081,765935,53150,52328,803,53131,569
2021-10-12,Santa Barbara,083,443738,43449,43076,1496,44572,515
2021-10-12,Santa Clara,085,1922200,144185,142954,1201,144155,1882
2021-10-12,Santa Cruz,087,273765,19976,19757,977,20734,218
2021-10-12,Shasta,089,179085,20193,19731,3336,23067,304
2021-10-12,Sierra,091,2930,169,153,18,171,0
2021-10-12,Siskiyou,093,43540,3264,3166,1197,4363,42
2021-10-12,Solano,095,438530,45176,44516,1187,45703,329
2021-10-12,Sonoma,097,501317,40358,40105,498,40603,390
2021-10-12,Stanislaus,099,539301,75697,75589,8458,84047,1126
2021-10-12,Sutter,101,95872,13474,13436,299,13735,168
2021-10-12,Tehama,103,63373,7995,7820,1338,9158,103
2021-10-12,Trinity,105,12862,815,676,201,877,11
2021-10-12,Tulare,107,460477,65611,64216,13701,77917,944
2021-10-12,Tuolumne,109,53932,6740,6637,82,6719,89
2021-10-12,Ventura,111,848112,96670,96022,4185,100207,1160
2021-10-12,Yolo,113,214977,19280,18987,942,19929,247
2021-10-12,Yuba,115,75493,9770,9676,255,9931,70
2021-10-11,Alameda,001,1643700,117083,116759,2640,119399,1358
2021-10-11,Alpine,003,1148,100,102,0,102,0
2021-10-11,Amador,005,37829,5335,5286,56,5342,62
2021-10-11,Butte,007,227075,19909,19452,3610,23062,253
2021-10-11,Calaveras,009,45235,3777,3750,42,3792,75
2021-10-11,Colusa,011,21464,2457,2427,579,3006,18
2021-10-11,Contra Costa,013,1133247,97387,96832,2040,98872,960
2021-10-11,Del Norte,015,27424,3589,3510,47,3557,39
2021-10-11,El Dorado,017,186661,15510,15273,1620,16893,146
2021-10-11,Fresno,019,978130,133542,131703,11966,143669,2036
2021-10-11,Glenn,021,27897,3368,3308,972,4280,26
2021-10-11,Humboldt,023,135768,8665,8571,466,9037,101
2021-10-11,Imperial,025,180216,32487,32207,3034,35241,762
2021-10-11,Inyo,027,18085,1958,1862,36,1898,39
2021-10-11,Kern,029,883053,122422,120684,19903,140587,1575
2021-10-11,Kings,031,150075,30751,30180,1758,31938,309
2021-10-11,Lake,033,64148,6465,6361,126,6487,97
2021-10-11,Lassen,035,31185,6628,6499,312,6811,25
2021-10-11,Los Angeles,037,10098052,1418896,1406826,52247,1459073,26346
2021-10-11,Madera,039,155013,21926,21555,1870,23425,272
2021-10-11,Marin,041,260295,17233,17121,421,17542,242
2021-10-11,Mariposa,043,17540,1124,1083,39,1122,5
2021-10-11,Mendocino,045,87422,7165,7064,430,7494,82
2021-10-11,Merced,047,269075,40284,40064,1662,41726,566
2021-10-11,Modoc,049,8938,499,482,175,657,5
2021-10-11,Mono,051,14174,1638,1604,19,1623,3
2021-10-11,Monterey,053,433212,48118,47241,2692,49933,580
2021-10-11,Napa,055,140530,12730,12654,97,12751,96
2021-10-11,Nevada,057,99092,8784,8716,302,9018,90
2021-10-11,Orange,059,3164182,302263,299941,14377,314318,5499
2021-10-11,Placer,061,380077,35636,35173,3413,38586,404
2021-10-11,Plumas,063,18699,1570,1469,27,1496,6
2021-10-11,Riverside,065,2383286,355681,351444,15997,367441,4973
2021-10-11,Sacramento,067,1510023,153646,152681,4149,156830,2169
2021-10-11,San Benito,069,59416,7188,7184,155,7339,71
2021-10-11,San Bernardino,071,2135413,346845,344594,10783,355377,5549
2021-10-11,San Diego,073,3302833,363923,361712,21401,383113,4124
2021-10-11,San Francisco,075,870044,51817,51275,2192,53467,643
2021-10-11,San Joaquin,077,732212,97093,96152,5172,101324,1681
2021-10-11,San Luis Obispo,079,281455,28779,28355,1167,29522,327
2021-10-11,San Mateo,081,765935,53102,52298,803,53101,569
2021-10-11,Santa Barbara,083,443738,43402,43018,1495,44513,515
2021-10-11,Santa Clara,085,1922200,144023,142836,1197,144033,1882
2021-10-11,Santa Cruz,087,273765,19952,19745,976,20721,217
2021-10-11,Shasta,089,179085,20114,19662,3320,22982,295
2021-10-11,Sierra,091,2930,166,147,17,164,0
2021-10-11,Siskiyou,093,43540,3257,3159,1193,4352,42
2021-10-11,Solano,095,438530,45127,44474,1184,45658,329
2021-10-11,Sonoma,097,501317,40313,40067,498,40565,390
2021-10-11,Stanislaus,099,539301,75526,75478,8437,83915,1118
2021-10-11,Sutter,101,95872,13455,13427,297,13724,165
2021-10-11,Tehama,103,63373,7954,7795,1329,9124,102
2021-10-11,Trinity,105,12862,809,675,200,875,11
2021-10-11,Tulare,107,460477,65431,64094,13634,77728,942
2021-10-11,Tuolumne,109,53932,6702,6602,82,6684,89
2021-10-11,Ventura,111,848112,96573,95876,4178,100054,1160
2021-10-11,Yolo,113,214977,19233,18977,939,19916,247
2021-10-11,Yuba,115,75493,9753,9657,243,9900,69
2021-10-10,Alameda,001,1643700,116964,116679,2636,119315,1358
2021-10-10,Alpine,003,1148,100,102,0,102,0
2021-10-10,Amador,005,37829,5321,5278,56,5334,62
2021-10-10,Butte,007,227075,19844,19430,3594,23024,253
2021-10-10,Calaveras,009,45235,3765,3747,42,3789,75
2021-10-10,Colusa,011,21464,2456,2425,578,3003,18
2021-10-10,Contra Costa,013,1133247,97288,96760,2034,98794,960
2021-10-10,Del Norte,015,27424,3585,3507,47,3554,39
2021-10-10,El Dorado,017,186661,15480,15250,1614,16864,146
2021-10-10,Fresno,019,978130,133211,131434,11935,143369,2035
2021-10-10,Glenn,021,27897,3363,3297,970,4267,26
2021-10-10,Humboldt,023,135768,8644,8554,462,9016,101
2021-10-10,Imperial,025,180216,32412,32167,3033,35200,762
2021-10-10,Inyo,027,18085,1937,1857,36,1893,39
2021-10-10,Kern,029,883053,122096,120552,19800,140352,1573
2021-10-10,Kings,031,150075,30662,30122,1748,31870,308
2021-10-10,Lake,033,64148,6449,6349,125,6474,97
2021-10-10,Lassen,035,31185,6609,6495,311,6806,26
2021-10-10,Los Angeles,037,10098052,1417708,1406034,52173,1458207,26338
2021-10-10,Madera,039,155013,21880,21486,1861,23347,272
2021-10-10,Marin,041,260295,17216,17112,421,17533,242
2021-10-10,Mariposa,043,17540,1121,1074,39,1113,5
2021-10-10,Mendocino,045,87422,7150,7060,422,7482,81
2021-10-10,Merced,047,269075,40201,40036,1643,41679,566
2021-10-10,Modoc,049,8938,499,482,175,657,5
2021-10-10,Mono,051,14174,1637,1596,19,1615,3
2021-10-10,Monterey,053,433212,48089,47228,2691,49919,580
2021-10-10,Napa,055,140530,12707,12641,97,12738,96
2021-10-10,Nevada,057,99092,8772,8689,302,8991,90
2021-10-10,Orange,059,3164182,302001,299787,14349,314136,5499
2021-10-10,Placer,061,380077,35543,35128,3401,38529,404
2021-10-10,Plumas,063,18699,1554,1468,25,1493,6
2021-10-10,Riverside,065,2383286,355307,351248,15979,367227,4973
2021-10-10,Sacramento,067,1510023,153381,152405,4132,156537,2178
2021-10-10,San Benito,069,59416,7183,7180,154,7334,71
2021-10-10,San Bernardino,071,2135413,346532,344423,10775,355198,5551
2021-10-10,San Diego,073,3302833,363407,361038,21353,382391,4113
2021-10-10,San Francisco,075,870044,51770,51216,2190,53406,643
2021-10-10,San Joaquin,077,732212,96922,96084,5158,101242,1681
2021-10-10,San Luis Obispo,079,281455,28735,28343,1167,29510,326
2021-10-10,San Mateo,081,765935,53060,52273,802,53075,569
2021-10-10,Santa Barbara,083,443738,43355,42987,1494,44481,515
2021-10-10,Santa Clara,085,1922200,143858,142768,1190,143958,1881
2021-10-10,Santa Cruz,087,273765,19932,19727,976,20703,217
2021-10-10,Shasta,089,179085,20026,19635,3311,22946,296
2021-10-10,Sierra,091,2930,164,147,17,164,0
2021-10-10,Siskiyou,093,43540,3243,3155,1186,4341,42
2021-10-10,Solano,095,438530,45071,44431,1184,45615,329
2021-10-10,Sonoma,097,501317,40261,40027,498,40525,390
2021-10-10,Stanislaus,099,539301,75348,75403,8423,83826,1118
2021-10-10,Sutter,101,95872,13431,13412,292,13704,165
2021-10-10,Tehama,103,63373,7916,7764,1320,9084,102
2021-10-10,Trinity,105,12862,808,669,199,868,11
2021-10-10,Tulare,107,460477,65259,63930,13585,77515,940
2021-10-10,Tuolumne,109,53932,6678,6580,81,6661,89
2021-10-10,Ventura,111,848112,96484,95829,4178,100007,1160
2021-10-10,Yolo,113,214977,19201,18952,934,19886,247
2021-10-10,Yuba,115,75493,9737,9641,238,9879,69
2021-10-09,Alameda,001,1643700,116866,116253,2634,118887,1356
2021-10-09,Alpine,003,1148,99,102,0,102,0
2021-10-09,Amador,005,37829,5319,5237,55,5292,62
2021-10-09,Butte,007,227075,19813,19277,3590,22867,250
2021-10-09,Calaveras,009,45235,3761,3716,42,3758,75
2021-10-09,Colusa,011,21464,2452,2419,577,2996,18
2021-10-09,Contra Costa,013,1133247,97219,96378,2028,98406,958
2021-10-09,Del Norte,015,27424,3584,3495,47,3542,39
2021-10-09,El Dorado,017,186661,15462,15153,1611,16764,144
2021-10-09,Fresno,019,978130,133079,130508,11917,142425,2018
2021-10-09,Glenn,021,27897,3359,3277,968,4245,26
2021-10-09,Humboldt,023,135768,8630,8448,460,8908,97
2021-10-09,Imperial,025,180216,32378,31989,3031,35020,760
2021-10-09,Inyo,027,18085,1928,1808,36,1844,39
2021-10-09,Kern,029,883053,121955,119795,19773,139568,1559
2021-10-09,Kings,031,150075,30613,29894,1746,31640,308
2021-10-09,Lake,033,64148,6430,6283,124,6407,97
2021-10-09,Lassen,035,31185,6604,6442,310,6752,25
2021-10-09,Los Angeles,037,10098052,1417119,1402810,52136,1454946,26280
2021-10-09,Madera,039,155013,21847,21313,1847,23160,271
2021-10-09,Marin,041,260295,17211,17049,419,17468,242
2021-10-09,Mariposa,043,17540,1114,1042,38,1080,5
2021-10-09,Mendocino,045,87422,7143,7011,421,7432,82
2021-10-09,Merced,047,269075,40158,39784,1643,41427,565
2021-10-09,Modoc,049,8938,497,477,174,651,5
2021-10-09,Mono,051,14174,1634,1577,19,1596,3
2021-10-09,Monterey,053,433212,48077,47168,2688,49856,577
2021-10-09,Napa,055,140530,12703,12586,97,12683,96
2021-10-09,Nevada,057,99092,8761,8613,301,8914,90
2021-10-09,Orange,059,3164182,301820,299089,14330,313419,5457
2021-10-09,Placer,061,380077,35505,34877,3394,38271,393
2021-10-09,Plumas,063,18699,1543,1418,25,1443,6
2021-10-09,Riverside,065,2383286,355055,350082,15963,366045,4965
2021-10-09,Sacramento,067,1510023,153171,151566,4119,155685,2160
2021-10-09,San Benito,069,59416,7175,7123,154,7277,71
2021-10-09,San Bernardino,071,2135413,346344,343452,10771,354223,5556
2021-10-09,San Diego,073,3302833,363101,359909,21348,381257,4111
2021-10-09,San Francisco,075,870044,51722,50960,2183,53143,643
2021-10-09,San Joaquin,077,732212,96856,95606,5153,100759,1669
2021-10-09,San Luis Obispo,079,281455,28718,28197,1165,29362,324
2021-10-09,San Mateo,081,765935,53029,52121,801,52922,569
2021-10-09,Santa Barbara,083,443738,43328,42735,1494,44229,514
2021-10-09,Santa Clara,085,1922200,143734,142298,1184,143482,1873
2021-10-09,Santa Cruz,087,273765,19922,19635,975,20610,217
2021-10-09,Shasta,089,179085,19975,19437,3306,22743,290
2021-10-09,Sierra,091,2930,161,141,17,158,0
2021-10-09,Siskiyou,093,43540,3242,3124,1185,4309,42
2021-10-09,Solano,095,438530,45054,44265,1183,45448,329
2021-10-09,Sonoma,097,501317,40217,39848,498,40346,387
2021-10-09,Stanislaus,099,539301,75258,74899,8412,83311,1114
2021-10-09,Sutter,101,95872,13422,13314,290,13604,165
2021-10-09,Tehama,103,63373,7905,7670,1315,8985,99
2021-10-09,Trinity,105,12862,807,660,199,859,11
2021-10-09,Tulare,107,460477,65151,63398,13564,76962,932
2021-10-09,Tuolumne,109,53932,6659,6521,81,6602,89
2021-10-09,Ventura,111,848112,96430,95542,4175,99717,1158
2021-10-09,Yolo,113,214977,19179,18850,932,19782,247
2021-10-09,Yuba,115,75493,9725,9551,237,9788,69
2021-10-08,Alameda,001,1643700,116784,116253,2630,118883,1356
2021-10-08,Alpine,003,1148,99,102,0,102,0
2021-10-08,Amador,005,37829,5306,5237,55,5292,62
2021-10-08,Butte,007,227075,19784,19277,3586,22863,250
2021-10-08,Calaveras,009,45235,3756,3716,42,3758,75
2021-10-08,Colusa,011,21464,2450,2419,577,2996,18
2021-10-08,Contra Costa,013,1133247,97175,96378,2023,98401,958
2021-10-08,Del Norte,015,27424,3583,3495,47,3542,39
2021-10-08,El Dorado,017,186661,15442,15153,1607,16760,144
2021-10-08,Fresno,019,978130,132883,130508,11896,142404,2018
2021-10-08,Glenn,021,27897,3351,3277,966,4243,26
2021-10-08,Humboldt,023,135768,8619,8448,457,8905,97
2021-10-08,Imperial,025,180216,32349,31989,3027,35016,760
2021-10-08,Inyo,027,18085,1910,1808,36,1844,39
2021-10-08,Kern,029,883053,121818,119795,19731,139526,1559
2021-10-08,Kings,031,150075,30519,29894,1745,31639,308
2021-10-08,Lake,033,64148,6422,6283,124,6407,97
2021-10-08,Lassen,035,31185,6590,6442,307,6749,25
2021-10-08,Los Angeles,037,10098052,1416459,1402810,52102,1454912,26280
2021-10-08,Madera,039,155013,21788,21313,1840,23153,271
2021-10-08,Marin,041,260295,17200,17049,418,17467,242
2021-10-08,Mariposa,043,17540,1107,1042,36,1078,5
2021-10-08,Mendocino,045,87422,7130,7011,421,7432,82
2021-10-08,Merced,047,269075,40126,39784,1640,41424,565
2021-10-08,Modoc,049,8938,495,477,174,651,5
2021-10-08,Mono,051,14174,1631,1577,19,1596,3
2021-10-08,Monterey,053,433212,48050,47168,2686,49854,577
2021-10-08,Napa,055,140530,12687,12586,97,12683,96
2021-10-08,Nevada,057,99092,8748,8613,301,8914,90
2021-10-08,Orange,059,3164182,301673,299089,14310,313399,5457
2021-10-08,Placer,061,380077,35467,34877,3387,38264,393
2021-10-08,Plumas,063,18699,1531,1418,25,1443,6
2021-10-08,Riverside,065,2383286,354786,350082,15952,366034,4965
2021-10-08,Sacramento,067,1510023,153006,151566,4105,155671,2160
2021-10-08,San Benito,069,59416,7171,7123,152,7275,71
2021-10-08,San Bernardino,071,2135413,346135,343452,10763,354215,5556
2021-10-08,San Diego,073,3302833,362775,359909,21329,381238,4111
2021-10-08,San Francisco,075,870044,51675,50960,2176,53136,643
2021-10-08,San Joaquin,077,732212,96788,95606,5147,100753,1669
2021-10-08,San Luis Obispo,079,281455,28691,28197,1164,29361,324
2021-10-08,San Mateo,081,765935,53001,52121,801,52922,569
2021-10-08,Santa Barbara,083,443738,43293,42735,1493,44228,514
2021-10-08,Santa Clara,085,1922200,143621,142298,1179,143477,1873
2021-10-08,Santa Cruz,087,273765,19907,19635,975,20610,217
2021-10-08,Shasta,089,179085,19933,19437,3300,22737,290
2021-10-08,Sierra,091,2930,159,141,15,156,0
2021-10-08,Siskiyou,093,43540,3234,3124,1184,4308,42
2021-10-08,Solano,095,438530,45015,44265,1183,45448,329
2021-10-08,Sonoma,097,501317,40181,39848,498,40346,387
2021-10-08,Stanislaus,099,539301,75189,74899,8403,83302,1114
2021-10-08,Sutter,101,95872,13408,13314,288,13602,165
2021-10-08,Tehama,103,63373,7888,7670,1313,8983,99
2021-10-08,Trinity,105,12862,806,660,199,859,11
2021-10-08,Tulare,107,460477,65033,63398,13532,76930,932
2021-10-08,Tuolumne,109,53932,6636,6521,81,6602,89
2021-10-08,Ventura,111,848112,96379,95542,4169,99711,1158
2021-10-08,Yolo,113,214977,19166,18850,928,19778,247
2021-10-08,Yuba,115,75493,9705,9551,236,9787,69
2021-10-07,Alameda,001,1643700,116665,116253,2629,118882,1356
2021-10-07,Alpine,003,1148,99,102,0,102,0
2021-10-07,Amador,005,37829,5299,5237,55,5292,62
2021-10-07,Butte,007,227075,19735,19277,3575,22852,250
2021-10-07,Calaveras,009,45235,3744,3716,42,3758,75
2021-10-07,Colusa,011,21464,2447,2419,571,2990,18
2021-10-07,Contra Costa,013,1133247,97052,96378,2020,98398,958
2021-10-07,Del Norte,015,27424,3580,3495,47,3542,39
2021-10-07,El Dorado,017,186661,15405,15153,1603,16756,144
2021-10-07,Fresno,019,978130,132609,130508,11872,142380,2018
2021-10-07,Glenn,021,27897,3344,3277,963,4240,26
2021-10-07,Humboldt,023,135768,8593,8448,454,8902,97
2021-10-07,Imperial,025,180216,32278,31989,3014,35003,760
2021-10-07,Inyo,027,18085,1891,1808,36,1844,39
2021-10-07,Kern,029,883053,121586,119795,19667,139462,1559
2021-10-07,Kings,031,150075,30453,29894,1739,31633,308
2021-10-07,Lake,033,64148,6411,6283,124,6407,97
2021-10-07,Lassen,035,31185,6572,6442,305,6747,25
2021-10-07,Los Angeles,037,10098052,1415503,1402810,52057,1454867,26280
2021-10-07,Madera,039,155013,21715,21313,1826,23139,271
2021-10-07,Marin,041,260295,17182,17049,418,17467,242
2021-10-07,Mariposa,043,17540,1099,1042,36,1078,5
2021-10-07,Mendocino,045,87422,7120,7011,417,7428,82
2021-10-07,Merced,047,269075,40059,39784,1623,41407,565
2021-10-07,Modoc,049,8938,492,477,173,650,5
2021-10-07,Mono,051,14174,1623,1577,19,1596,3
2021-10-07,Monterey,053,433212,48025,47168,2677,49845,577
2021-10-07,Napa,055,140530,12672,12586,97,12683,96
2021-10-07,Nevada,057,99092,8720,8613,301,8914,90
2021-10-07,Orange,059,3164182,301447,299089,14296,313385,5457
2021-10-07,Placer,061,380077,35405,34877,3380,38257,393
2021-10-07,Plumas,063,18699,1514,1418,25,1443,6
2021-10-07,Riverside,065,2383286,354454,350082,15940,366022,4965
2021-10-07,Sacramento,067,1510023,152724,151566,4078,155644,2160
2021-10-07,San Benito,069,59416,7155,7123,150,7273,71
2021-10-07,San Bernardino,071,2135413,345861,343452,10755,354207,5556
2021-10-07,San Diego,073,3302833,362380,359909,21308,381217,4111
2021-10-07,San Francisco,075,870044,51604,50960,2173,53133,643
2021-10-07,San Joaquin,077,732212,96634,95606,5139,100745,1669
2021-10-07,San Luis Obispo,079,281455,28640,28197,1162,29359,324
2021-10-07,San Mateo,081,765935,52961,52121,800,52921,569
2021-10-07,Santa Barbara,083,443738,43225,42735,1487,44222,514
2021-10-07,Santa Clara,085,1922200,143472,142298,1173,143471,1873
2021-10-07,Santa Cruz,087,273765,19887,19635,974,20609,217
2021-10-07,Shasta,089,179085,19844,19437,3285,22722,290
2021-10-07,Sierra,091,2930,158,141,15,156,0
2021-10-07,Siskiyou,093,43540,3230,3124,1179,4303,42
2021-10-07,Solano,095,438530,44970,44265,1179,45444,329
2021-10-07,Sonoma,097,501317,40144,39848,496,40344,387
2021-10-07,Stanislaus,099,539301,75027,74899,8378,83277,1114
2021-10-07,Sutter,101,95872,13386,13314,285,13599,165
2021-10-07,Tehama,103,63373,7855,7670,1307,8977,99
2021-10-07,Trinity,105,12862,804,660,199,859,11
2021-10-07,Tulare,107,460477,64867,63398,13496,76894,932
2021-10-07,Tuolumne,109,53932,6614,6521,81,6602,89
2021-10-07,Ventura,111,848112,96306,95542,4166,99708,1158
2021-10-07,Yolo,113,214977,19133,18850,924,19774,247
2021-10-07,Yuba,115,75493,9679,9551,229,9780,69
2021-10-06,Alameda,001,1643700,116528,116058,2623,118681,1353
2021-10-06,Alpine,003,1148,99,102,0,102,0
2021-10-06,Amador,005,37829,5296,5205,55,5260,62
2021-10-06,Butte,007,227075,19673,19208,3568,22776,247
2021-10-06,Calaveras,009,45235,3735,3669,42,3711,75
2021-10-06,Colusa,011,21464,2444,2414,564,2978,18
2021-10-06,Contra Costa,013,1133247,96928,96184,2016,98200,953
2021-10-06,Del Norte,015,27424,3577,3490,44,3534,39
2021-10-06,El Dorado,017,186661,15379,15078,1600,16678,140
2021-10-06,Fresno,019,978130,132319,130074,11848,141922,2008
2021-10-06,Glenn,021,27897,3335,3270,961,4231,26
2021-10-06,Humboldt,023,135768,8578,8416,448,8864,94
2021-10-06,Imperial,025,180216,32225,31930,3004,34934,760
2021-10-06,Inyo,027,18085,1876,1806,36,1842,39
2021-10-06,Kern,029,883053,121329,119491,19576,139067,1552
2021-10-06,Kings,031,150075,30387,29785,1731,31516,308
2021-10-06,Lake,033,64148,6397,6271,124,6395,97
2021-10-06,Lassen,035,31185,6556,6429,304,6733,25
2021-10-06,Los Angeles,037,10098052,1414547,1401675,52008,1453683,26252
2021-10-06,Madera,039,155013,21660,21230,1816,23046,269
2021-10-06,Marin,041,260295,17173,17042,415,17457,242
2021-10-06,Mariposa,043,17540,1092,1036,36,1072,5
2021-10-06,Mendocino,045,87422,7111,6986,415,7401,81
2021-10-06,Merced,047,269075,39984,39666,1611,41277,563
2021-10-06,Modoc,049,8938,492,477,171,648,5
2021-10-06,Mono,051,14174,1611,1568,19,1587,3
2021-10-06,Monterey,053,433212,47992,47136,2672,49808,577
2021-10-06,Napa,055,140530,12648,12552,96,12648,96
2021-10-06,Nevada,057,99092,8704,8582,300,8882,90
2021-10-06,Orange,059,3164182,301208,298785,14284,313069,5448
2021-10-06,Placer,061,380077,35354,34764,3374,38138,390
2021-10-06,Plumas,063,18699,1491,1383,25,1408,6
2021-10-06,Riverside,065,2383286,354098,349645,15919,365564,4953
2021-10-06,Sacramento,067,1510023,152471,151164,4047,155211,2141
2021-10-06,San Benito,069,59416,7140,7108,150,7258,69
2021-10-06,San Bernardino,071,2135413,345570,343022,10748,353770,5551
2021-10-06,San Diego,073,3302833,361888,359564,21282,380846,4104
2021-10-06,San Francisco,075,870044,51541,50894,2170,53064,641
2021-10-06,San Joaquin,077,732212,96500,95418,5127,100545,1658
2021-10-06,San Luis Obispo,079,281455,28590,28170,1156,29326,323
2021-10-06,San Mateo,081,765935,52911,52056,795,52851,569
2021-10-06,Santa Barbara,083,443738,43142,42687,1485,44172,513
2021-10-06,Santa Clara,085,1922200,143321,142124,1168,143292,1872
2021-10-06,Santa Cruz,087,273765,19858,19604,972,20576,217
2021-10-06,Shasta,089,179085,19769,19325,3272,22597,287
2021-10-06,Sierra,091,2930,156,138,15,153,0
2021-10-06,Siskiyou,093,43540,3220,3116,1172,4288,42
2021-10-06,Solano,095,438530,44936,44185,1178,45363,328
2021-10-06,Sonoma,097,501317,40094,39787,495,40282,383
2021-10-06,Stanislaus,099,539301,74885,74699,8365,83064,1114
2021-10-06,Sutter,101,95872,13365,13284,283,13567,164
2021-10-06,Tehama,103,63373,7819,7629,1299,8928,99
2021-10-06,Trinity,105,12862,801,656,199,855,11
2021-10-06,Tulare,107,460477,64688,63198,13440,76638,926
2021-10-06,Tuolumne,109,53932,6587,6486,81,6567,89
2021-10-06,Ventura,111,848112,96215,95449,4158,99607,1158
2021-10-06,Yolo,113,214977,19101,18815,920,19735,247
2021-10-06,Yuba,115,75493,9655,9520,228,9748,69
2021-10-05,Alameda,001,1643700,116384,115968,2618,118586,1350
2021-10-05,Alpine,003,1148,99,102,0,102,0
2021-10-05,Amador,005,37829,5275,5194,54,5248,61
2021-10-05,Butte,007,227075,19624,19137,3553,22690,246
2021-10-05,Calaveras,009,45235,3719,3657,42,3699,73
2021-10-05,Colusa,011,21464,2437,2414,563,2977,18
2021-10-05,Contra Costa,013,1133247,96811,96108,2011,98119,941
2021-10-05,Del Norte,015,27424,3575,3485,43,3528,39
2021-10-05,El Dorado,017,186661,15340,15052,1597,16649,140
2021-10-05,Fresno,019,978130,131980,129957,11812,141769,1987
2021-10-05,Glenn,021,27897,3324,3270,956,4226,26
2021-10-05,Humboldt,023,135768,8547,8398,444,8842,94
2021-10-05,Imperial,025,180216,32178,31909,2999,34908,759
2021-10-05,Inyo,027,18085,1859,1800,36,1836,39
2021-10-05,Kern,029,883053,121064,119260,19475,138735,1540
2021-10-05,Kings,031,150075,30312,29749,1726,31475,301
2021-10-05,Lake,033,64148,6376,6264,123,6387,97
2021-10-05,Lassen,035,31185,6537,6417,302,6719,25
2021-10-05,Los Angeles,037,10098052,1413404,1400300,51955,1452255,26223
2021-10-05,Madera,039,155013,21602,21183,1804,22987,269
2021-10-05,Marin,041,260295,17161,17024,415,17439,242
2021-10-05,Mariposa,043,17540,1073,1033,33,1066,5
2021-10-05,Mendocino,045,87422,7095,6972,408,7380,79
2021-10-05,Merced,047,269075,39918,39608,1603,41211,562
2021-10-05,Modoc,049,8938,488,475,170,645,5
2021-10-05,Mono,051,14174,1603,1565,19,1584,3
2021-10-05,Monterey,053,433212,47975,47087,2662,49749,573
2021-10-05,Napa,055,140530,12624,12533,96,12629,96
2021-10-05,Nevada,057,99092,8674,8576,300,8876,90
2021-10-05,Orange,059,3164182,300931,298589,14252,312841,5441
2021-10-05,Placer,061,380077,35274,34728,3367,38095,382
2021-10-05,Plumas,063,18699,1466,1357,25,1382,6
2021-10-05,Riverside,065,2383286,353739,349365,15904,365269,4942
2021-10-05,Sacramento,067,1510023,152197,151111,4019,155130,2126
2021-10-05,San Benito,069,59416,7122,7103,148,7251,69
2021-10-05,San Bernardino,071,2135413,345244,342711,10741,353452,5557
2021-10-05,San Diego,073,3302833,361313,359194,21255,380449,4092
2021-10-05,San Francisco,075,870044,51444,50826,2167,52993,641
2021-10-05,San Joaquin,077,732212,96347,95276,5101,100377,1651
2021-10-05,San Luis Obispo,079,281455,28546,28113,1154,29267,324
2021-10-05,San Mateo,081,765935,52864,52008,795,52803,569
2021-10-05,Santa Barbara,083,443738,43064,42595,1481,44076,511
2021-10-05,Santa Clara,085,1922200,143161,141971,1161,143132,1873
2021-10-05,Santa Cruz,087,273765,19816,19582,972,20554,216
2021-10-05,Shasta,089,179085,19695,19285,3259,22544,286
2021-10-05,Sierra,091,2930,152,136,15,151,0
2021-10-05,Siskiyou,093,43540,3206,3107,1172,4279,42
2021-10-05,Solano,095,438530,44865,44149,1177,45326,325
2021-10-05,Sonoma,097,501317,40039,39756,490,40246,383
2021-10-05,Stanislaus,099,539301,74723,74599,8348,82947,1114
2021-10-05,Sutter,101,95872,13337,13270,282,13552,164
2021-10-05,Tehama,103,63373,7790,7607,1290,8897,98
2021-10-05,Trinity,105,12862,798,655,199,854,11
2021-10-05,Tulare,107,460477,64481,63093,13387,76480,920
2021-10-05,Tuolumne,109,53932,6571,6473,80,6553,89
2021-10-05,Ventura,111,848112,96109,95351,4157,99508,1155
2021-10-05,Yolo,113,214977,19065,18782,914,19696,245
2021-10-05,Yuba,115,75493,9623,9504,225,9729,69
2021-10-04,Alameda,001,1643700,116223,115845,2615,118460,1347
2021-10-04,Alpine,003,1148,99,102,0,102,0
2021-10-04,Amador,005,37829,5265,5163,53,5216,61
2021-10-04,Butte,007,227075,19546,19081,3542,22623,245
2021-10-04,Calaveras,009,45235,3710,3641,42,3683,73
2021-10-04,Colusa,011,21464,2436,2414,561,2975,18
2021-10-04,Contra Costa,013,1133247,96669,95958,2006,97964,937
2021-10-04,Del Norte,015,27424,3573,3485,39,3524,39
2021-10-04,El Dorado,017,186661,15293,15031,1590,16621,138
2021-10-04,Fresno,019,978130,131670,129665,11782,141447,1978
2021-10-04,Glenn,021,27897,3317,3270,953,4223,26
2021-10-04,Humboldt,023,135768,8515,8355,437,8792,94
2021-10-04,Imperial,025,180216,32129,31866,2992,34858,757
2021-10-04,Inyo,027,18085,1847,1792,34,1826,39
2021-10-04,Kern,029,883053,120773,118984,19355,138339,1531
2021-10-04,Kings,031,150075,30219,29702,1723,31425,303
2021-10-04,Lake,033,64148,6363,6248,123,6371,97
2021-10-04,Lassen,035,31185,6520,6405,302,6707,25
2021-10-04,Los Angeles,037,10098052,1412285,1399604,51898,1451502,26186
2021-10-04,Madera,039,155013,21538,21126,1792,22918,266
2021-10-04,Marin,041,260295,17145,17008,414,17422,242
2021-10-04,Mariposa,043,17540,1061,1024,33,1057,5
2021-10-04,Mendocino,045,87422,7077,6947,405,7352,79
2021-10-04,Merced,047,269075,39801,39565,1587,41152,558
2021-10-04,Modoc,049,8938,485,473,170,643,5
2021-10-04,Mono,051,14174,1595,1561,19,1580,3
2021-10-04,Monterey,053,433212,47954,47058,2655,49713,571
2021-10-04,Napa,055,140530,12601,12506,96,12602,96
2021-10-04,Nevada,057,99092,8654,8563,300,8863,90
2021-10-04,Orange,059,3164182,300635,298165,14220,312385,5438
2021-10-04,Placer,061,380077,35192,34630,3340,37970,379
2021-10-04,Plumas,063,18699,1444,1329,25,1354,6
2021-10-04,Riverside,065,2383286,353359,348828,15894,364722,4923
2021-10-04,Sacramento,067,1510023,151872,150887,3992,154879,2115
2021-10-04,San Benito,069,59416,7109,7099,148,7247,69
2021-10-04,San Bernardino,071,2135413,344883,342418,10730,353148,5551
2021-10-04,San Diego,073,3302833,360747,358525,21224,379749,4090
2021-10-04,San Francisco,075,870044,51349,50798,2163,52961,638
2021-10-04,San Joaquin,077,732212,96151,95198,5081,100279,1649
2021-10-04,San Luis Obispo,079,281455,28501,28090,1148,29238,323
2021-10-04,San Mateo,081,765935,52804,51958,794,52752,569
2021-10-04,Santa Barbara,083,443738,42979,42585,1480,44065,511
2021-10-04,Santa Clara,085,1922200,143017,141840,1155,142995,1869
2021-10-04,Santa Cruz,087,273765,19787,19559,971,20530,216
2021-10-04,Shasta,089,179085,19588,19170,3245,22415,279
2021-10-04,Sierra,091,2930,145,136,14,150,0
2021-10-04,Siskiyou,093,43540,3197,3103,1157,4260,42
2021-10-04,Solano,095,438530,44806,44092,1173,45265,322
2021-10-04,Sonoma,097,501317,39973,39720,490,40210,381
2021-10-04,Stanislaus,099,539301,74572,74444,8329,82773,1106
2021-10-04,Sutter,101,95872,13308,13261,281,13542,164
2021-10-04,Tehama,103,63373,7749,7585,1284,8869,95
2021-10-04,Trinity,105,12862,797,649,198,847,11
2021-10-04,Tulare,107,460477,64295,62957,13319,76276,920
2021-10-04,Tuolumne,109,53932,6545,6442,80,6522,89
2021-10-04,Ventura,111,848112,96017,95170,4151,99321,1153
2021-10-04,Yolo,113,214977,19021,18761,910,19671,242
2021-10-04,Yuba,115,75493,9584,9481,223,9704,68
2021-10-03,Alameda,001,1643700,116078,115751,2605,118356,1349
2021-10-03,Alpine,003,1148,99,102,0,102,0
2021-10-03,Amador,005,37829,5247,5160,51,5211,61
2021-10-03,Butte,007,227075,19473,19066,3525,22591,245
2021-10-03,Calaveras,009,45235,3693,3632,42,3674,73
2021-10-03,Colusa,011,21464,2435,2413,558,2971,18
2021-10-03,Contra Costa,013,1133247,96537,95890,1999,97889,937
2021-10-03,Del Norte,015,27424,3567,3483,38,3521,39
2021-10-03,El Dorado,017,186661,15234,15014,1583,16597,139
2021-10-03,Fresno,019,978130,131289,129365,11741,141106,1978
2021-10-03,Glenn,021,27897,3310,3266,945,4211,26
2021-10-03,Humboldt,023,135768,8469,8352,433,8785,94
2021-10-03,Imperial,025,180216,32062,31844,2984,34828,757
2021-10-03,Inyo,027,18085,1826,1788,34,1822,39
2021-10-03,Kern,029,883053,120468,118851,19233,138084,1535
2021-10-03,Kings,031,150075,30120,29623,1716,31339,300
2021-10-03,Lake,033,64148,6337,6239,123,6362,97
2021-10-03,Lassen,035,31185,6498,6400,300,6700,25
2021-10-03,Los Angeles,037,10098052,1411023,1398790,51844,1450634,26179
2021-10-03,Madera,039,155013,21466,21066,1782,22848,266
2021-10-03,Marin,041,260295,17122,16995,409,17404,242
2021-10-03,Mariposa,043,17540,1054,1011,33,1044,5
2021-10-03,Mendocino,045,87422,7057,6939,397,7336,79
2021-10-03,Merced,047,269075,39694,39516,1567,41083,558
2021-10-03,Modoc,049,8938,484,472,169,641,5
2021-10-03,Mono,051,14174,1591,1554,19,1573,3
2021-10-03,Monterey,053,433212,47929,47049,2644,49693,571
2021-10-03,Napa,055,140530,12572,12489,94,12583,96
2021-10-03,Nevada,057,99092,8619,8545,300,8845,90
2021-10-03,Orange,059,3164182,300353,298027,14200,312227,5447
2021-10-03,Placer,061,380077,35054,34596,3324,37920,379
2021-10-03,Plumas,063,18699,1416,1328,25,1353,6
2021-10-03,Riverside,065,2383286,352928,348593,15874,364467,4924
2021-10-03,Sacramento,067,1510023,151583,150664,3963,154627,2120
2021-10-03,San Benito,069,59416,7100,7095,148,7243,69
2021-10-03,San Bernardino,071,2135413,344465,342302,10723,353025,5555
2021-10-03,San Diego,073,3302833,360167,358153,21192,379345,4081
2021-10-03,San Francisco,075,870044,51264,50733,2160,52893,638
2021-10-03,San Joaquin,077,732212,95962,95133,5073,100206,1649
2021-10-03,San Luis Obispo,079,281455,28434,28065,1143,29208,325
2021-10-03,San Mateo,081,765935,52737,51923,793,52716,569
2021-10-03,Santa Barbara,083,443738,42883,42550,1472,44022,511
2021-10-03,Santa Clara,085,1922200,142847,141737,1147,142884,1869
2021-10-03,Santa Cruz,087,273765,19747,19548,969,20517,216
2021-10-03,Shasta,089,179085,19483,19132,3217,22349,279
2021-10-03,Sierra,091,2930,142,136,14,150,0
2021-10-03,Siskiyou,093,43540,3184,3096,1147,4243,42
2021-10-03,Solano,095,438530,44742,44051,1170,45221,322
2021-10-03,Sonoma,097,501317,39907,39679,490,40169,381
2021-10-03,Stanislaus,099,539301,74384,74366,8311,82677,1106
2021-10-03,Sutter,101,95872,13293,13248,277,13525,164
2021-10-03,Tehama,103,63373,7706,7564,1279,8843,94
2021-10-03,Trinity,105,12862,793,647,196,843,11
2021-10-03,Tulare,107,460477,64092,62860,13247,76107,924
2021-10-03,Tuolumne,109,53932,6516,6430,78,6508,89
2021-10-03,Ventura,111,848112,95912,95108,4148,99256,1153
2021-10-03,Yolo,113,214977,18992,18720,902,19622,242
2021-10-03,Yuba,115,75493,9567,9462,222,9684,68
2021-10-02,Alameda,001,1643700,115970,115185,2600,117785,1343
2021-10-02,Alpine,003,1148,99,102,0,102,0
2021-10-02,Amador,005,37829,5238,5105,51,5156,61
2021-10-02,Butte,007,227075,19443,18911,3518,22429,243
2021-10-02,Calaveras,009,45235,3686,3585,42,3627,72
2021-10-02,Colusa,011,21464,2434,2403,556,2959,18
2021-10-02,Contra Costa,013,1133247,96466,95369,1995,97364,933
2021-10-02,Del Norte,015,27424,3562,3468,38,3506,39
2021-10-02,El Dorado,017,186661,15208,14887,1582,16469,136
2021-10-02,Fresno,019,978130,131118,128450,11728,140178,1964
2021-10-02,Glenn,021,27897,3305,3234,945,4179,26
2021-10-02,Humboldt,023,135768,8451,8244,433,8677,94
2021-10-02,Imperial,025,180216,32027,31674,2981,34655,757
2021-10-02,Inyo,027,18085,1817,1746,34,1780,39
2021-10-02,Kern,029,883053,120335,117962,19152,137114,1524
2021-10-02,Kings,031,150075,30071,29339,1712,31051,301
2021-10-02,Lake,033,64148,6328,6191,123,6314,97
2021-10-02,Lassen,035,31185,6493,6360,300,6660,25
2021-10-02,Los Angeles,037,10098052,1410411,1395070,51808,1446878,26126
2021-10-02,Madera,039,155013,21441,20931,1773,22704,266
2021-10-02,Marin,041,260295,17117,16936,406,17342,242
2021-10-02,Mariposa,043,17540,1052,967,33,1000,5
2021-10-02,Mendocino,045,87422,7047,6869,397,7266,78
2021-10-02,Merced,047,269075,39667,39196,1563,40759,552
2021-10-02,Modoc,049,8938,482,468,169,637,5
2021-10-02,Mono,051,14174,1589,1540,19,1559,3
2021-10-02,Monterey,053,433212,47874,46964,2643,49607,571
2021-10-02,Napa,055,140530,12561,12433,94,12527,96
2021-10-02,Nevada,057,99092,8608,8474,299,8773,87
2021-10-02,Orange,059,3164182,300188,297307,14180,311487,5435
2021-10-02,Placer,061,380077,34988,34377,3315,37692,381
2021-10-02,Plumas,063,18699,1405,1298,25,1323,6
2021-10-02,Riverside,065,2383286,352687,347227,15863,363090,4895
2021-10-02,Sacramento,067,1510023,151410,149897,3955,153852,2099
2021-10-02,San Benito,069,59416,7093,7055,148,7203,69
2021-10-02,San Bernardino,071,2135413,344278,341212,10671,351883,5540
2021-10-02,San Diego,073,3302833,359850,356454,21170,377624,4078
2021-10-02,San Francisco,075,870044,51215,50393,2155,52548,634
2021-10-02,San Joaquin,077,732212,95897,94599,5067,99666,1646
2021-10-02,San Luis Obispo,079,281455,28410,27915,1143,29058,323
2021-10-02,San Mateo,081,765935,52696,51767,789,52556,573
2021-10-02,Santa Barbara,083,443738,42843,42423,1472,43895,508
2021-10-02,Santa Clara,085,1922200,142733,141231,1143,142374,1862
2021-10-02,Santa Cruz,087,273765,19730,19461,968,20429,214
2021-10-02,Shasta,089,179085,19437,18912,3211,22123,270
2021-10-02,Sierra,091,2930,141,131,14,145,0
2021-10-02,Siskiyou,093,43540,3183,3053,1144,4197,42
2021-10-02,Solano,095,438530,44697,43800,1169,44969,321
2021-10-02,Sonoma,097,501317,39873,39497,489,39986,382
2021-10-02,Stanislaus,099,539301,74298,73859,8298,82157,1099
2021-10-02,Sutter,101,95872,13284,13160,276,13436,160
2021-10-02,Tehama,103,63373,7691,7453,1279,8732,93
2021-10-02,Trinity,105,12862,790,625,196,821,10
2021-10-02,Tulare,107,460477,64016,62247,13221,75468,908
2021-10-02,Tuolumne,109,53932,6502,6369,78,6447,89
2021-10-02,Ventura,111,848112,95840,94854,4143,98997,1148
2021-10-02,Yolo,113,214977,18967,18640,898,19538,242
2021-10-02,Yuba,115,75493,9548,9370,221,9591,66
2021-10-01,Alameda,001,1643700,115894,115185,2594,117779,1343
2021-10-01,Alpine,003,1148,99,102,0,102,0
2021-10-01,Amador,005,37829,5218,5105,51,5156,61
2021-10-01,Butte,007,227075,19402,18911,3511,22422,243
2021-10-01,Calaveras,009,45235,3676,3585,42,3627,72
2021-10-01,Colusa,011,21464,2432,2403,556,2959,18
2021-10-01,Contra Costa,013,1133247,96370,95369,1991,97360,933
2021-10-01,Del Norte,015,27424,3559,3468,37,3505,39
2021-10-01,El Dorado,017,186661,15191,14887,1578,16465,136
2021-10-01,Fresno,019,978130,130929,128450,11718,140168,1964
2021-10-01,Glenn,021,27897,3303,3234,944,4178,26
2021-10-01,Humboldt,023,135768,8434,8244,433,8677,94
2021-10-01,Imperial,025,180216,32008,31674,2972,34646,757
2021-10-01,Inyo,027,18085,1808,1746,34,1780,39
2021-10-01,Kern,029,883053,120182,117962,19096,137058,1524
2021-10-01,Kings,031,150075,30037,29339,1707,31046,301
2021-10-01,Lake,033,64148,6318,6191,123,6314,97
2021-10-01,Lassen,035,31185,6482,6360,299,6659,25
2021-10-01,Los Angeles,037,10098052,1409647,1395070,51764,1446834,26126
2021-10-01,Madera,039,155013,21391,20931,1764,22695,266
2021-10-01,Marin,041,260295,17102,16936,405,17341,242
2021-10-01,Mariposa,043,17540,1045,967,33,1000,5
2021-10-01,Mendocino,045,87422,7035,6869,397,7266,78
2021-10-01,Merced,047,269075,39623,39196,1555,40751,552
2021-10-01,Modoc,049,8938,481,468,169,637,5
2021-10-01,Mono,051,14174,1586,1540,19,1559,3
2021-10-01,Monterey,053,433212,47853,46964,2640,49604,571
2021-10-01,Napa,055,140530,12551,12433,93,12526,96
2021-10-01,Nevada,057,99092,8594,8474,298,8772,87
2021-10-01,Orange,059,3164182,300004,297307,14160,311467,5435
2021-10-01,Placer,061,380077,34954,34377,3311,37688,381
2021-10-01,Plumas,063,18699,1396,1298,25,1323,6
2021-10-01,Riverside,065,2383286,352394,347227,15856,363083,4895
2021-10-01,Sacramento,067,1510023,151258,149897,3944,153841,2099
2021-10-01,San Benito,069,59416,7091,7055,146,7201,69
2021-10-01,San Bernardino,071,2135413,344078,341212,10668,351880,5540
2021-10-01,San Diego,073,3302833,359490,356454,21149,377603,4078
2021-10-01,San Francisco,075,870044,51174,50393,2154,52547,634
2021-10-01,San Joaquin,077,732212,95827,94599,5063,99662,1646
2021-10-01,San Luis Obispo,079,281455,28386,27915,1140,29055,323
2021-10-01,San Mateo,081,765935,52656,51767,786,52553,573
2021-10-01,Santa Barbara,083,443738,42807,42423,1472,43895,508
2021-10-01,Santa Clara,085,1922200,142640,141231,1138,142369,1862
2021-10-01,Santa Cruz,087,273765,19710,19461,967,20428,214
2021-10-01,Shasta,089,179085,19383,18912,3204,22116,270
2021-10-01,Sierra,091,2930,141,131,14,145,0
2021-10-01,Siskiyou,093,43540,3182,3053,1141,4194,42
2021-10-01,Solano,095,438530,44645,43800,1163,44963,321
2021-10-01,Sonoma,097,501317,39841,39497,488,39985,382
2021-10-01,Stanislaus,099,539301,74214,73859,8287,82146,1099
2021-10-01,Sutter,101,95872,13268,13160,274,13434,160
2021-10-01,Tehama,103,63373,7679,7453,1277,8730,93
2021-10-01,Trinity,105,12862,788,625,196,821,10
2021-10-01,Tulare,107,460477,63913,62247,13186,75433,908
2021-10-01,Tuolumne,109,53932,6485,6369,78,6447,89
2021-10-01,Ventura,111,848112,95773,94854,4138,98992,1148
2021-10-01,Yolo,113,214977,18943,18640,896,19536,242
2021-10-01,Yuba,115,75493,9526,9370,221,9591,66
2021-09-30,Alameda,001,1643700,115750,115185,2590,117775,1343
2021-09-30,Alpine,003,1148,99,102,0,102,0
2021-09-30,Amador,005,37829,5206,5105,51,5156,61
2021-09-30,Butte,007,227075,19353,18911,3502,22413,243
2021-09-30,Calaveras,009,45235,3662,3585,42,3627,72
2021-09-30,Colusa,011,21464,2429,2403,555,2958,18
2021-09-30,Contra Costa,013,1133247,96265,95369,1986,97355,933
2021-09-30,Del Norte,015,27424,3555,3468,34,3502,39
2021-09-30,El Dorado,017,186661,15165,14887,1570,16457,136
2021-09-30,Fresno,019,978130,130654,128450,11684,140134,1964
2021-09-30,Glenn,021,27897,3293,3234,941,4175,26
2021-09-30,Humboldt,023,135768,8402,8244,427,8671,94
2021-09-30,Imperial,025,180216,31956,31674,2970,34644,757
2021-09-30,Inyo,027,18085,1798,1746,34,1780,39
2021-09-30,Kern,029,883053,119939,117962,19015,136977,1524
2021-09-30,Kings,031,150075,29947,29339,1703,31042,301
2021-09-30,Lake,033,64148,6300,6191,123,6314,97
2021-09-30,Lassen,035,31185,6468,6360,299,6659,25
2021-09-30,Los Angeles,037,10098052,1408439,1395070,51704,1446774,26126
2021-09-30,Madera,039,155013,21308,20931,1749,22680,266
2021-09-30,Marin,041,260295,17082,16936,404,17340,242
2021-09-30,Mariposa,043,17540,1023,967,33,1000,5
2021-09-30,Mendocino,045,87422,7026,6869,388,7257,78
2021-09-30,Merced,047,269075,39527,39196,1550,40746,552
2021-09-30,Modoc,049,8938,481,468,168,636,5
2021-09-30,Mono,051,14174,1578,1540,19,1559,3
2021-09-30,Monterey,053,433212,47823,46964,2629,49593,571
2021-09-30,Napa,055,140530,12531,12433,93,12526,96
2021-09-30,Nevada,057,99092,8577,8474,297,8771,87
2021-09-30,Orange,059,3164182,299732,297307,14122,311429,5435
2021-09-30,Placer,061,380077,34900,34377,3291,37668,381
2021-09-30,Plumas,063,18699,1378,1298,25,1323,6
2021-09-30,Riverside,065,2383286,351960,347227,15835,363062,4895
2021-09-30,Sacramento,067,1510023,150997,149897,3918,153815,2099
2021-09-30,San Benito,069,59416,7085,7055,146,7201,69
2021-09-30,San Bernardino,071,2135413,343765,341212,10654,351866,5540
2021-09-30,San Diego,073,3302833,359009,356454,21123,377577,4078
2021-09-30,San Francisco,075,870044,51097,50393,2150,52543,634
2021-09-30,San Joaquin,077,732212,95696,94599,5055,99654,1646
2021-09-30,San Luis Obispo,079,281455,28338,27915,1136,29051,323
2021-09-30,San Mateo,081,765935,52607,51767,783,52550,573
2021-09-30,Santa Barbara,083,443738,42750,42423,1471,43894,508
2021-09-30,Santa Clara,085,1922200,142490,141231,1135,142366,1862
2021-09-30,Santa Cruz,087,273765,19670,19461,966,20427,214
2021-09-30,Shasta,089,179085,19321,18912,3189,22101,270
2021-09-30,Sierra,091,2930,140,131,14,145,0
2021-09-30,Siskiyou,093,43540,3174,3053,1136,4189,42
2021-09-30,Solano,095,438530,44591,43800,1160,44960,321
2021-09-30,Sonoma,097,501317,39792,39497,488,39985,382
2021-09-30,Stanislaus,099,539301,74054,73859,8268,82127,1099
2021-09-30,Sutter,101,95872,13247,13160,274,13434,160
2021-09-30,Tehama,103,63373,7642,7453,1265,8718,93
2021-09-30,Trinity,105,12862,784,625,196,821,10
2021-09-30,Tulare,107,460477,63737,62247,13129,75376,908
2021-09-30,Tuolumne,109,53932,6462,6369,78,6447,89
2021-09-30,Ventura,111,848112,95668,94854,4131,98985,1148
2021-09-30,Yolo,113,214977,18903,18640,893,19533,242
2021-09-30,Yuba,115,75493,9503,9370,220,9590,66
2021-09-29,Alameda,001,1643700,115605,114998,2587,117585,1339
2021-09-29,Alpine,003,1148,99,101,0,101,0
2021-09-29,Amador,005,37829,5184,5058,51,5109,61
2021-09-29,Butte,007,227075,19299,18835,3495,22330,242
2021-09-29,Calaveras,009,45235,3645,3553,41,3594,72
2021-09-29,Colusa,011,21464,2427,2401,555,2956,18
2021-09-29,Contra Costa,013,1133247,96151,95213,1978,97191,929
2021-09-29,Del Norte,015,27424,3549,3467,34,3501,39
2021-09-29,El Dorado,017,186661,15131,14834,1563,16397,136
2021-09-29,Fresno,019,978130,130354,128068,11663,139731,1957
2021-09-29,Glenn,021,27897,3288,3213,939,4152,26
2021-09-29,Humboldt,023,135768,8379,8203,426,8629,94
2021-09-29,Imperial,025,180216,31891,31600,2965,34565,757
2021-09-29,Inyo,027,18085,1788,1740,33,1773,39
2021-09-29,Kern,029,883053,119704,117605,18939,136544,1513
2021-09-29,Kings,031,150075,29865,29195,1688,30883,299
2021-09-29,Lake,033,64148,6280,6164,123,6287,97
2021-09-29,Lassen,035,31185,6454,6347,299,6646,25
2021-09-29,Los Angeles,037,10098052,1407219,1393617,51635,1445252,26098
2021-09-29,Madera,039,155013,21264,20818,1733,22551,266
2021-09-29,Marin,041,260295,17064,16921,402,17323,242
2021-09-29,Mariposa,043,17540,1008,963,33,996,5
2021-09-29,Mendocino,045,87422,7014,6821,380,7201,78
2021-09-29,Merced,047,269075,39433,39026,1539,40565,552
2021-09-29,Modoc,049,8938,479,468,168,636,5
2021-09-29,Mono,051,14174,1576,1527,19,1546,3
2021-09-29,Monterey,053,433212,47785,46917,2615,49532,571
2021-09-29,Napa,055,140530,12511,12416,90,12506,96
2021-09-29,Nevada,057,99092,8564,8434,297,8731,87
2021-09-29,Orange,059,3164182,299464,296936,14086,311022,5429
2021-09-29,Placer,061,380077,34836,34271,3269,37540,379
2021-09-29,Plumas,063,18699,1359,1289,25,1314,6
2021-09-29,Riverside,065,2383286,351526,346558,15822,362380,4886
2021-09-29,Sacramento,067,1510023,150746,149686,3908,153594,2099
2021-09-29,San Benito,069,59416,7074,7039,146,7185,69
2021-09-29,San Bernardino,071,2135413,343445,340672,10639,351311,5539
2021-09-29,San Diego,073,3302833,358522,355899,21093,376992,4066
2021-09-29,San Francisco,075,870044,51013,50286,2146,52432,629
2021-09-29,San Joaquin,077,732212,95538,94356,5033,99389,1645
2021-09-29,San Luis Obispo,079,281455,28292,27800,1130,28930,323
2021-09-29,San Mateo,081,765935,52547,51673,781,52454,573
2021-09-29,Santa Barbara,083,443738,42678,42328,1468,43796,507
2021-09-29,Santa Clara,085,1922200,142355,141036,1129,142165,1861
2021-09-29,Santa Cruz,087,273765,19652,19425,965,20390,214
2021-09-29,Shasta,089,179085,19255,18805,3178,21983,271
2021-09-29,Sierra,091,2930,136,130,14,144,0
2021-09-29,Siskiyou,093,43540,3161,3043,1129,4172,42
2021-09-29,Solano,095,438530,44535,43724,1153,44877,321
2021-09-29,Sonoma,097,501317,39731,39426,486,39912,370
2021-09-29,Stanislaus,099,539301,73923,73634,8257,81891,1096
2021-09-29,Sutter,101,95872,13220,13135,271,13406,155
2021-09-29,Tehama,103,63373,7612,7409,1250,8659,88
2021-09-29,Trinity,105,12862,780,616,196,812,10
2021-09-29,Tulare,107,460477,63562,62046,13070,75116,908
2021-09-29,Tuolumne,109,53932,6445,6336,78,6414,89
2021-09-29,Ventura,111,848112,95578,94753,4127,98880,1144
2021-09-29,Yolo,113,214977,18870,18587,888,19475,239
2021-09-29,Yuba,115,75493,9472,9351,216,9567,66
2021-09-28,Alameda,001,1643700,115446,114869,2581,117450,1333
2021-09-28,Alpine,003,1148,99,101,0,101,0
2021-09-28,Amador,005,37829,5162,5049,51,5100,61
2021-09-28,Butte,007,227075,19250,18764,3480,22244,241
2021-09-28,Calaveras,009,45235,3625,3530,41,3571,72
2021-09-28,Colusa,011,21464,2424,2399,553,2952,18
2021-09-28,Contra Costa,013,1133247,96010,95115,1973,97088,929
2021-09-28,Del Norte,015,27424,3546,3462,34,3496,39
2021-09-28,El Dorado,017,186661,15085,14793,1559,16352,133
2021-09-28,Fresno,019,978130,130010,127877,11629,139506,1948
2021-09-28,Glenn,021,27897,3283,3205,938,4143,26
2021-09-28,Humboldt,023,135768,8339,8159,423,8582,91
2021-09-28,Imperial,025,180216,31846,31543,2961,34504,757
2021-09-28,Inyo,027,18085,1774,1708,32,1740,39
2021-09-28,Kern,029,883053,119435,117420,18844,136264,1506
2021-09-28,Kings,031,150075,29763,29141,1680,30821,295
2021-09-28,Lake,033,64148,6265,6155,123,6278,95
2021-09-28,Lassen,035,31185,6448,6340,295,6635,25
2021-09-28,Los Angeles,037,10098052,1405929,1392445,51569,1444014,26068
2021-09-28,Madera,039,155013,21210,20764,1718,22482,266
2021-09-28,Marin,041,260295,17045,16887,400,17287,242
2021-09-28,Mariposa,043,17540,1003,952,33,985,5
2021-09-28,Mendocino,045,87422,6992,6804,378,7182,78
2021-09-28,Merced,047,269075,39347,38953,1526,40479,551
2021-09-28,Modoc,049,8938,478,467,168,635,5
2021-09-28,Mono,051,14174,1566,1527,19,1546,3
2021-09-28,Monterey,053,433212,47748,46859,2606,49465,571
2021-09-28,Napa,055,140530,12494,12388,89,12477,96
2021-09-28,Nevada,057,99092,8541,8409,296,8705,84
2021-09-28,Orange,059,3164182,299210,296596,14057,310653,5421
2021-09-28,Placer,061,380077,34771,34187,3251,37438,370
2021-09-28,Plumas,063,18699,1350,1276,25,1301,6
2021-09-28,Riverside,065,2383286,351067,346096,15801,361897,4874
2021-09-28,Sacramento,067,1510023,150455,149310,3886,153196,2086
2021-09-28,San Benito,069,59416,7057,7028,145,7173,69
2021-09-28,San Bernardino,071,2135413,343098,340342,10621,350963,5540
2021-09-28,San Diego,073,3302833,357975,355373,21061,376434,4054
2021-09-28,San Francisco,075,870044,50912,50234,2145,52379,627
2021-09-28,San Joaquin,077,732212,95385,94194,5020,99214,1639
2021-09-28,San Luis Obispo,079,281455,28258,27755,1125,28880,321
2021-09-28,San Mateo,081,765935,52502,51620,781,52401,571
2021-09-28,Santa Barbara,083,443738,42605,42226,1467,43693,506
2021-09-28,Santa Clara,085,1922200,142194,140886,1120,142006,1858
2021-09-28,Santa Cruz,087,273765,19611,19324,964,20288,214
2021-09-28,Shasta,089,179085,19194,18701,3164,21865,267
2021-09-28,Sierra,091,2930,135,130,13,143,0
2021-09-28,Siskiyou,093,43540,3149,3032,1126,4158,42
2021-09-28,Solano,095,438530,44462,43652,1150,44802,316
2021-09-28,Sonoma,097,501317,39684,39395,485,39880,370
2021-09-28,Stanislaus,099,539301,73752,73528,8245,81773,1094
2021-09-28,Sutter,101,95872,13201,13102,267,13369,155
2021-09-28,Tehama,103,63373,7594,7382,1235,8617,88
2021-09-28,Trinity,105,12862,777,613,196,809,10
2021-09-28,Tulare,107,460477,63401,61916,13012,74928,905
2021-09-28,Tuolumne,109,53932,6418,6308,78,6386,89
2021-09-28,Ventura,111,848112,95452,94632,4124,98756,1143
2021-09-28,Yolo,113,214977,18844,18564,884,19448,239
2021-09-28,Yuba,115,75493,9453,9323,215,9538,66
2021-09-27,Alameda,001,1643700,115252,114731,2572,117303,1327
2021-09-27,Alpine,003,1148,99,101,0,101,0
2021-09-27,Amador,005,37829,5148,5017,51,5068,59
2021-09-27,Butte,007,227075,19190,18687,3463,22150,239
2021-09-27,Calaveras,009,45235,3605,3514,40,3554,70
2021-09-27,Colusa,011,21464,2423,2393,552,2945,18
2021-09-27,Contra Costa,013,1133247,95878,94979,1964,96943,924
2021-09-27,Del Norte,015,27424,3544,3468,32,3500,37
2021-09-27,El Dorado,017,186661,15046,14764,1552,16316,132
2021-09-27,Fresno,019,978130,129690,127475,11596,139071,1942
2021-09-27,Glenn,021,27897,3270,3189,934,4123,26
2021-09-27,Humboldt,023,135768,8299,8118,423,8541,91
2021-09-27,Imperial,025,180216,31783,31491,2954,34445,756
2021-09-27,Inyo,027,18085,1762,1698,32,1730,39
2021-09-27,Kern,029,883053,119160,117064,18749,135813,1503
2021-09-27,Kings,031,150075,29665,28998,1668,30666,297
2021-09-27,Lake,033,64148,6245,6126,122,6248,95
2021-09-27,Lassen,035,31185,6433,6327,291,6618,25
2021-09-27,Los Angeles,037,10098052,1404592,1391538,51501,1443039,26040
2021-09-27,Madera,039,155013,21145,20691,1710,22401,262
2021-09-27,Marin,041,260295,17024,16861,399,17260,242
2021-09-27,Mariposa,043,17540,993,931,33,964,5
2021-09-27,Mendocino,045,87422,6966,6761,371,7132,74
2021-09-27,Merced,047,269075,39247,38840,1520,40360,548
2021-09-27,Modoc,049,8938,477,465,166,631,5
2021-09-27,Mono,051,14174,1554,1525,19,1544,3
2021-09-27,Monterey,053,433212,47705,46811,2595,49406,571
2021-09-27,Napa,055,140530,12470,12354,88,12442,95
2021-09-27,Nevada,057,99092,8517,8379,293,8672,84
2021-09-27,Orange,059,3164182,298903,296334,14027,310361,5409
2021-09-27,Placer,061,380077,34684,34087,3246,37333,370
2021-09-27,Plumas,063,18699,1340,1269,25,1294,6
2021-09-27,Riverside,065,2383286,350625,345529,15791,361320,4864
2021-09-27,Sacramento,067,1510023,150139,149096,3864,152960,2076
2021-09-27,San Benito,069,59416,7040,7017,145,7162,67
2021-09-27,San Bernardino,071,2135413,342681,339952,10597,350549,5544
2021-09-27,San Diego,073,3302833,357323,354755,21036,375791,4054
2021-09-27,San Francisco,075,870044,50828,50157,2142,52299,622
2021-09-27,San Joaquin,077,732212,95200,94085,5017,99102,1633
2021-09-27,San Luis Obispo,079,281455,28203,27674,1122,28796,320
2021-09-27,San Mateo,081,765935,52426,51552,781,52333,571
2021-09-27,Santa Barbara,083,443738,42538,42012,1463,43475,505
2021-09-27,Santa Clara,085,1922200,142013,140802,1110,141912,1853
2021-09-27,Santa Cruz,087,273765,19587,19292,963,20255,214
2021-09-27,Shasta,089,179085,19114,18599,3137,21736,267
2021-09-27,Sierra,091,2930,135,128,13,141,0
2021-09-27,Siskiyou,093,43540,3137,3015,1121,4136,42
2021-09-27,Solano,095,438530,44387,43582,1144,44726,314
2021-09-27,Sonoma,097,501317,39630,39347,485,39832,370
2021-09-27,Stanislaus,099,539301,73598,73370,8225,81595,1091
2021-09-27,Sutter,101,95872,13171,13082,264,13346,155
2021-09-27,Tehama,103,63373,7554,7345,1226,8571,88
2021-09-27,Trinity,105,12862,766,605,195,800,9
2021-09-27,Tulare,107,460477,63201,61708,12941,74649,904
2021-09-27,Tuolumne,109,53932,6396,6264,78,6342,89
2021-09-27,Ventura,111,848112,95327,94477,4120,98597,1138
2021-09-27,Yolo,113,214977,18810,18524,883,19407,239
2021-09-27,Yuba,115,75493,9416,9292,211,9503,64
2021-09-26,Alameda,001,1643700,115058,114601,2565,117166,1326
2021-09-26,Alpine,003,1148,99,101,0,101,0
2021-09-26,Amador,005,37829,5116,5001,50,5051,59
2021-09-26,Butte,007,227075,19115,18634,3444,22078,238
2021-09-26,Calaveras,009,45235,3583,3505,40,3545,70
2021-09-26,Colusa,011,21464,2418,2392,550,2942,18
2021-09-26,Contra Costa,013,1133247,95703,94877,1951,96828,924
2021-09-26,Del Norte,015,27424,3539,3466,31,3497,37
2021-09-26,El Dorado,017,186661,15004,14738,1544,16282,132
2021-09-26,Fresno,019,978130,129333,127235,11550,138785,1939
2021-09-26,Glenn,021,27897,3262,3182,930,4112,26
2021-09-26,Humboldt,023,135768,8262,8098,422,8520,91
2021-09-26,Imperial,025,180216,31723,31462,2953,34415,756
2021-09-26,Inyo,027,18085,1747,1685,32,1717,39
2021-09-26,Kern,029,883053,118821,116927,18639,135566,1502
2021-09-26,Kings,031,150075,29564,28930,1657,30587,293
2021-09-26,Lake,033,64148,6228,6113,122,6235,95
2021-09-26,Lassen,035,31185,6423,6319,286,6605,25
2021-09-26,Los Angeles,037,10098052,1403102,1390577,51433,1442010,26035
2021-09-26,Madera,039,155013,21070,20629,1691,22320,262
2021-09-26,Marin,041,260295,17001,16860,399,17259,242
2021-09-26,Mariposa,043,17540,987,929,33,962,5
2021-09-26,Mendocino,045,87422,6932,6744,356,7100,74
2021-09-26,Merced,047,269075,39086,38717,1512,40229,548
2021-09-26,Modoc,049,8938,477,465,165,630,5
2021-09-26,Mono,051,14174,1550,1516,19,1535,3
2021-09-26,Monterey,053,433212,47658,46792,2582,49374,571
2021-09-26,Napa,055,140530,12446,12340,87,12427,95
2021-09-26,Nevada,057,99092,8486,8356,288,8644,84
2021-09-26,Orange,059,3164182,298562,296085,13994,310079,5409
2021-09-26,Placer,061,380077,34590,34043,3237,37280,370
2021-09-26,Plumas,063,18699,1322,1268,25,1293,6
2021-09-26,Riverside,065,2383286,350093,345257,15777,361034,4864
2021-09-26,Sacramento,067,1510023,149733,148745,3845,152590,2071
2021-09-26,San Benito,069,59416,7023,7012,144,7156,67
2021-09-26,San Bernardino,071,2135413,342223,339771,10583,350354,5545
2021-09-26,San Diego,073,3302833,356701,354414,20995,375409,4051
2021-09-26,San Francisco,075,870044,50702,50092,2133,52225,622
2021-09-26,San Joaquin,077,732212,94996,93935,5003,98938,1633
2021-09-26,San Luis Obispo,079,281455,28129,27624,1117,28741,319
2021-09-26,San Mateo,081,765935,52357,51496,779,52275,571
2021-09-26,Santa Barbara,083,443738,42452,41946,1460,43406,505
2021-09-26,Santa Clara,085,1922200,141812,140667,1107,141774,1852
2021-09-26,Santa Cruz,087,273765,19562,19279,963,20242,214
2021-09-26,Shasta,089,179085,19005,18566,3114,21680,266
2021-09-26,Sierra,091,2930,135,128,13,141,0
2021-09-26,Siskiyou,093,43540,3123,2998,1111,4109,42
2021-09-26,Solano,095,438530,44320,43537,1143,44680,314
2021-09-26,Sonoma,097,501317,39571,39302,485,39787,370
2021-09-26,Stanislaus,099,539301,73398,73243,8197,81440,1091
2021-09-26,Sutter,101,95872,13134,13045,263,13308,155
2021-09-26,Tehama,103,63373,7497,7323,1215,8538,88
2021-09-26,Trinity,105,12862,763,591,195,786,9
2021-09-26,Tulare,107,460477,62980,61560,12864,74424,904
2021-09-26,Tuolumne,109,53932,6368,6236,76,6312,89
2021-09-26,Ventura,111,848112,95213,94391,4113,98504,1138
2021-09-26,Yolo,113,214977,18773,18496,875,19371,239
2021-09-26,Yuba,115,75493,9389,9275,211,9486,64
2021-09-25,Alameda,001,1643700,114979,114014,2562,116576,1324
2021-09-25,Alpine,003,1148,99,101,0,101,0
2021-09-25,Amador,005,37829,5102,4934,50,4984,59
2021-09-25,Butte,007,227075,19086,18396,3436,21832,236
2021-09-25,Calaveras,009,45235,3580,3461,40,3501,70
2021-09-25,Colusa,011,21464,2415,2387,548,2935,16
2021-09-25,Contra Costa,013,1133247,95632,94337,1947,96284,924
2021-09-25,Del Norte,015,27424,3538,3404,31,3435,35
2021-09-25,El Dorado,017,186661,14981,14641,1540,16181,130
2021-09-25,Fresno,019,978130,129188,126299,11534,137833,1927
2021-09-25,Glenn,021,27897,3257,3144,929,4073,25
2021-09-25,Humboldt,023,135768,8243,8014,420,8434,88
2021-09-25,Imperial,025,180216,31696,31280,2953,34233,755
2021-09-25,Inyo,027,18085,1739,1657,32,1689,39
2021-09-25,Kern,029,883053,118666,116021,18572,134593,1485
2021-09-25,Kings,031,150075,29513,28636,1654,30290,293
2021-09-25,Lake,033,64148,6223,6046,120,6166,92
2021-09-25,Lassen,035,31185,6411,6248,285,6533,25
2021-09-25,Los Angeles,037,10098052,1402392,1386417,51392,1437809,25964
2021-09-25,Madera,039,155013,21045,20432,1685,22117,262
2021-09-25,Marin,041,260295,16992,16802,397,17199,242
2021-09-25,Mariposa,043,17540,982,906,33,939,5
2021-09-25,Mendocino,045,87422,6913,6657,355,7012,74
2021-09-25,Merced,047,269075,39040,38393,1510,39903,546
2021-09-25,Modoc,049,8938,477,460,165,625,5
2021-09-25,Mono,051,14174,1547,1501,19,1520,3
2021-09-25,Monterey,053,433212,47628,46653,2580,49233,567
2021-09-25,Napa,055,140530,12426,12266,87,12353,95
2021-09-25,Nevada,057,99092,8469,8285,288,8573,84
2021-09-25,Orange,059,3164182,298389,294514,13977,308491,5374
2021-09-25,Placer,061,380077,34526,33764,3235,36999,367
2021-09-25,Plumas,063,18699,1318,1238,25,1263,6
2021-09-25,Riverside,065,2383286,349770,343463,15769,359232,4843
2021-09-25,Sacramento,067,1510023,149558,147728,3837,151565,2049
2021-09-25,San Benito,069,59416,7018,6965,144,7109,67
2021-09-25,San Bernardino,071,2135413,341985,338413,10570,348983,5540
2021-09-25,San Diego,073,3302833,356356,352017,20969,372986,4039
2021-09-25,San Francisco,075,870044,50658,49840,2132,51972,615
2021-09-25,San Joaquin,077,732212,94910,93273,5001,98274,1628
2021-09-25,San Luis Obispo,079,281455,28091,27447,1113,28560,318
2021-09-25,San Mateo,081,765935,52293,51266,777,52043,568
2021-09-25,Santa Barbara,083,443738,42394,41728,1460,43188,505
2021-09-25,Santa Clara,085,1922200,141706,140023,1105,141128,1844
2021-09-25,Santa Cruz,087,273765,19546,19200,961,20161,214
2021-09-25,Shasta,089,179085,18954,18256,3105,21361,262
2021-09-25,Sierra,091,2930,134,127,13,140,0
2021-09-25,Siskiyou,093,43540,3116,2956,1101,4057,41
2021-09-25,Solano,095,438530,44279,43331,1140,44471,312
2021-09-25,Sonoma,097,501317,39531,39112,485,39597,369
2021-09-25,Stanislaus,099,539301,73288,72628,8183,80811,1091
2021-09-25,Sutter,101,95872,13116,12976,260,13236,154
2021-09-25,Tehama,103,63373,7481,7200,1213,8413,86
2021-09-25,Trinity,105,12862,763,576,195,771,9
2021-09-25,Tulare,107,460477,62898,60909,12821,73730,898
2021-09-25,Tuolumne,109,53932,6356,6168,76,6244,89
2021-09-25,Ventura,111,848112,95146,94059,4109,98168,1129
2021-09-25,Yolo,113,214977,18751,18393,874,19267,239
2021-09-25,Yuba,115,75493,9369,9191,211,9402,61
2021-09-24,Alameda,001,1643700,114874,114014,2558,116572,1324
2021-09-24,Alpine,003,1148,99,101,0,101,0
2021-09-24,Amador,005,37829,5072,4934,50,4984,59
2021-09-24,Butte,007,227075,19033,18396,3425,21821,236
2021-09-24,Calaveras,009,45235,3573,3461,39,3500,70
2021-09-24,Colusa,011,21464,2412,2387,547,2934,16
2021-09-24,Contra Costa,013,1133247,95522,94337,1943,96280,924
2021-09-24,Del Norte,015,27424,3535,3404,31,3435,35
2021-09-24,El Dorado,017,186661,14963,14641,1538,16179,130
2021-09-24,Fresno,019,978130,128990,126299,11522,137821,1927
2021-09-24,Glenn,021,27897,3249,3144,929,4073,25
2021-09-24,Humboldt,023,135768,8224,8014,417,8431,88
2021-09-24,Imperial,025,180216,31658,31280,2951,34231,755
2021-09-24,Inyo,027,18085,1730,1657,32,1689,39
2021-09-24,Kern,029,883053,118530,116021,18506,134527,1485
2021-09-24,Kings,031,150075,29472,28636,1650,30286,293
2021-09-24,Lake,033,64148,6215,6046,120,6166,92
2021-09-24,Lassen,035,31185,6403,6248,284,6532,25
2021-09-24,Los Angeles,037,10098052,1401505,1386417,51351,1437768,25964
2021-09-24,Madera,039,155013,21014,20432,1676,22108,262
2021-09-24,Marin,041,260295,16978,16802,396,17198,242
2021-09-24,Mariposa,043,17540,970,906,33,939,5
2021-09-24,Mendocino,045,87422,6900,6657,355,7012,74
2021-09-24,Merced,047,269075,38996,38393,1510,39903,546
2021-09-24,Modoc,049,8938,477,460,164,624,5
2021-09-24,Mono,051,14174,1542,1501,19,1520,3
2021-09-24,Monterey,053,433212,47607,46653,2572,49225,567
2021-09-24,Napa,055,140530,12406,12266,87,12353,95
2021-09-24,Nevada,057,99092,8455,8285,285,8570,84
2021-09-24,Orange,059,3164182,298182,294514,13959,308473,5374
2021-09-24,Placer,061,380077,34471,33764,3223,36987,367
2021-09-24,Plumas,063,18699,1314,1238,25,1263,6
2021-09-24,Riverside,065,2383286,349436,343463,15762,359225,4843
2021-09-24,Sacramento,067,1510023,149373,147728,3833,151561,2049
2021-09-24,San Benito,069,59416,7012,6965,144,7109,67
2021-09-24,San Bernardino,071,2135413,341716,338413,10560,348973,5540
2021-09-24,San Diego,073,3302833,356005,352017,20954,372971,4039
2021-09-24,San Francisco,075,870044,50594,49840,2125,51965,615
2021-09-24,San Joaquin,077,732212,94797,93273,4999,98272,1628
2021-09-24,San Luis Obispo,079,281455,28060,27447,1108,28555,318
2021-09-24,San Mateo,081,765935,52233,51266,776,52042,568
2021-09-24,Santa Barbara,083,443738,42354,41728,1459,43187,505
2021-09-24,Santa Clara,085,1922200,141594,140023,1104,141127,1844
2021-09-24,Santa Cruz,087,273765,19523,19200,960,20160,214
2021-09-24,Shasta,089,179085,18900,18256,3091,21347,262
2021-09-24,Sierra,091,2930,133,127,13,140,0
2021-09-24,Siskiyou,093,43540,3107,2956,1095,4051,41
2021-09-24,Solano,095,438530,44242,43331,1138,44469,312
2021-09-24,Sonoma,097,501317,39498,39112,485,39597,369
2021-09-24,Stanislaus,099,539301,73172,72628,8168,80796,1091
2021-09-24,Sutter,101,95872,13097,12976,259,13235,154
2021-09-24,Tehama,103,63373,7468,7200,1208,8408,86
2021-09-24,Trinity,105,12862,760,576,195,771,9
2021-09-24,Tulare,107,460477,62809,60909,12779,73688,898
2021-09-24,Tuolumne,109,53932,6327,6168,76,6244,89
2021-09-24,Ventura,111,848112,95068,94059,4102,98161,1129
2021-09-24,Yolo,113,214977,18719,18393,870,19263,239
2021-09-24,Yuba,115,75493,9350,9191,211,9402,61
2021-09-23,Alameda,001,1643700,114717,114014,2552,116566,1324
2021-09-23,Alpine,003,1148,99,101,0,101,0
2021-09-23,Amador,005,37829,5059,4934,50,4984,59
2021-09-23,Butte,007,227075,18971,18396,3400,21796,236
2021-09-23,Calaveras,009,45235,3552,3461,39,3500,70
2021-09-23,Colusa,011,21464,2410,2387,544,2931,16
2021-09-23,Contra Costa,013,1133247,95381,94337,1936,96273,924
2021-09-23,Del Norte,015,27424,3526,3404,30,3434,35
2021-09-23,El Dorado,017,186661,14937,14641,1532,16173,130
2021-09-23,Fresno,019,978130,128693,126299,11503,137802,1927
2021-09-23,Glenn,021,27897,3235,3144,926,4070,25
2021-09-23,Humboldt,023,135768,8200,8014,415,8429,88
2021-09-23,Imperial,025,180216,31622,31280,2951,34231,755
2021-09-23,Inyo,027,18085,1716,1657,32,1689,39
2021-09-23,Kern,029,883053,118272,116021,18426,134447,1485
2021-09-23,Kings,031,150075,29368,28636,1641,30277,293
2021-09-23,Lake,033,64148,6205,6046,120,6166,92
2021-09-23,Lassen,035,31185,6394,6248,279,6527,25
2021-09-23,Los Angeles,037,10098052,1400308,1386417,51287,1437704,25964
2021-09-23,Madera,039,155013,20930,20432,1672,22104,262
2021-09-23,Marin,041,260295,16963,16802,393,17195,242
2021-09-23,Mariposa,043,17540,957,906,33,939,5
2021-09-23,Mendocino,045,87422,6877,6657,350,7007,74
2021-09-23,Merced,047,269075,38891,38393,1503,39896,546
2021-09-23,Modoc,049,8938,476,460,164,624,5
2021-09-23,Mono,051,14174,1539,1501,19,1520,3
2021-09-23,Monterey,053,433212,47558,46653,2561,49214,567
2021-09-23,Napa,055,140530,12389,12266,87,12353,95
2021-09-23,Nevada,057,99092,8428,8285,285,8570,84
2021-09-23,Orange,059,3164182,297885,294514,13935,308449,5374
2021-09-23,Placer,061,380077,34395,33764,3217,36981,367
2021-09-23,Plumas,063,18699,1297,1238,24,1262,6
2021-09-23,Riverside,065,2383286,348983,343463,15755,359218,4843
2021-09-23,Sacramento,067,1510023,149050,147728,3814,151542,2049
2021-09-23,San Benito,069,59416,7001,6965,144,7109,67
2021-09-23,San Bernardino,071,2135413,341350,338413,10545,348958,5540
2021-09-23,San Diego,073,3302833,355549,352017,20915,372932,4039
2021-09-23,San Francisco,075,870044,50521,49840,2123,51963,615
2021-09-23,San Joaquin,077,732212,94624,93273,4984,98257,1628
2021-09-23,San Luis Obispo,079,281455,28017,27447,1106,28553,318
2021-09-23,San Mateo,081,765935,52158,51266,775,52041,568
2021-09-23,Santa Barbara,083,443738,42276,41728,1456,43184,505
2021-09-23,Santa Clara,085,1922200,141442,140023,1097,141120,1844
2021-09-23,Santa Cruz,087,273765,19492,19200,960,20160,214
2021-09-23,Shasta,089,179085,18820,18256,3074,21330,262
2021-09-23,Sierra,091,2930,133,127,13,140,0
2021-09-23,Siskiyou,093,43540,3103,2956,1084,4040,41
2021-09-23,Solano,095,438530,44174,43331,1135,44466,312
2021-09-23,Sonoma,097,501317,39439,39112,482,39594,369
2021-09-23,Stanislaus,099,539301,73015,72628,8136,80764,1091
2021-09-23,Sutter,101,95872,13068,12976,259,13235,154
2021-09-23,Tehama,103,63373,7427,7200,1203,8403,86
2021-09-23,Trinity,105,12862,746,576,194,770,9
2021-09-23,Tulare,107,460477,62632,60909,12725,73634,898
2021-09-23,Tuolumne,109,53932,6302,6168,75,6243,89
2021-09-23,Ventura,111,848112,94964,94059,4095,98154,1129
2021-09-23,Yolo,113,214977,18688,18393,865,19258,239
2021-09-23,Yuba,115,75493,9321,9191,210,9401,61
2021-09-22,Alameda,001,1643700,114561,113862,2548,116410,1322
2021-09-22,Alpine,003,1148,99,100,0,100,0
2021-09-22,Amador,005,37829,5043,4915,50,4965,59
2021-09-22,Butte,007,227075,18910,18337,3382,21719,235
2021-09-22,Calaveras,009,45235,3536,3448,39,3487,70
2021-09-22,Colusa,011,21464,2405,2384,543,2927,16
2021-09-22,Contra Costa,013,1133247,95194,94209,1927,96136,924
2021-09-22,Del Norte,015,27424,3515,3386,29,3415,35
2021-09-22,El Dorado,017,186661,14901,14605,1526,16131,127
2021-09-22,Fresno,019,978130,128437,126006,11488,137494,1908
2021-09-22,Glenn,021,27897,3228,3138,925,4063,25
2021-09-22,Humboldt,023,135768,8178,7998,407,8405,80
2021-09-22,Imperial,025,180216,31570,31243,2944,34187,755
2021-09-22,Inyo,027,18085,1706,1651,32,1683,39
2021-09-22,Kern,029,883053,118030,115757,18304,134061,1477
2021-09-22,Kings,031,150075,29283,28589,1635,30224,292
2021-09-22,Lake,033,64148,6193,6035,120,6155,93
2021-09-22,Lassen,035,31185,6374,6209,275,6484,25
2021-09-22,Los Angeles,037,10098052,1398985,1384719,51232,1435951,25930
2021-09-22,Madera,039,155013,20873,20382,1662,22044,262
2021-09-22,Marin,041,260295,16952,16782,390,17172,242
2021-09-22,Mariposa,043,17540,951,901,33,934,5
2021-09-22,Mendocino,045,87422,6851,6624,344,6968,70
2021-09-22,Merced,047,269075,38758,38305,1501,39806,541
2021-09-22,Modoc,049,8938,473,458,164,622,5
2021-09-22,Mono,051,14174,1530,1496,18,1514,3
2021-09-22,Monterey,053,433212,47507,46615,2554,49169,566
2021-09-22,Napa,055,140530,12367,12248,86,12334,95
2021-09-22,Nevada,057,99092,8405,8273,282,8555,84
2021-09-22,Orange,059,3164182,297609,294214,13918,308132,5366
2021-09-22,Placer,061,380077,34307,33661,3204,36865,367
2021-09-22,Plumas,063,18699,1284,1230,24,1254,6
2021-09-22,Riverside,065,2383286,348448,342946,15730,358676,4830
2021-09-22,Sacramento,067,1510023,148745,147533,3785,151318,2043
2021-09-22,San Benito,069,59416,6990,6961,142,7103,67
2021-09-22,San Bernardino,071,2135413,340956,337938,10536,348474,5528
2021-09-22,San Diego,073,3302833,355098,351132,20891,372023,4027
2021-09-22,San Francisco,075,870044,50436,49734,2118,51852,610
2021-09-22,San Joaquin,077,732212,94392,93010,4960,97970,1626
2021-09-22,San Luis Obispo,079,281455,27967,27398,1102,28500,315
2021-09-22,San Mateo,081,765935,52085,51197,771,51968,568
2021-09-22,Santa Barbara,083,443738,42213,41678,1455,43133,504
2021-09-22,Santa Clara,085,1922200,141279,139803,1090,140893,1844
2021-09-22,Santa Cruz,087,273765,19454,19177,959,20136,214
2021-09-22,Shasta,089,179085,18730,18153,3063,21216,260
2021-09-22,Sierra,091,2930,133,127,13,140,0
2021-09-22,Siskiyou,093,43540,3086,2947,1074,4021,41
2021-09-22,Solano,095,438530,44109,43269,1134,44403,312
2021-09-22,Sonoma,097,501317,39386,39063,481,39544,369
2021-09-22,Stanislaus,099,539301,72850,72355,8117,80472,1091
2021-09-22,Sutter,101,95872,13048,12960,256,13216,153
2021-09-22,Tehama,103,63373,7400,7173,1200,8373,86
2021-09-22,Trinity,105,12862,745,572,194,766,9
2021-09-22,Tulare,107,460477,62421,60776,12656,73432,896
2021-09-22,Tuolumne,109,53932,6281,6155,74,6229,89
2021-09-22,Ventura,111,848112,94859,93978,4090,98068,1122
2021-09-22,Yolo,113,214977,18649,18342,858,19200,239
2021-09-22,Yuba,115,75493,9292,9169,205,9374,61
2021-09-21,Alameda,001,1643700,114408,113765,2548,116313,1321
2021-09-21,Alpine,003,1148,99,100,0,100,0
2021-09-21,Amador,005,37829,5021,4897,50,4947,59
2021-09-21,Butte,007,227075,18814,18229,3342,21571,232
2021-09-21,Calaveras,009,45235,3519,3437,39,3476,70
2021-09-21,Colusa,011,21464,2402,2378,542,2920,16
2021-09-21,Contra Costa,013,1133247,95000,94101,1913,96014,924
2021-09-21,Del Norte,015,27424,3503,3378,29,3407,34
2021-09-21,El Dorado,017,186661,14871,14578,1519,16097,127
2021-09-21,Fresno,019,978130,128085,125789,11461,137250,1892
2021-09-21,Glenn,021,27897,3221,3134,921,4055,25
2021-09-21,Humboldt,023,135768,8146,7955,402,8357,80
2021-09-21,Imperial,025,180216,31514,31185,2942,34127,755
2021-09-21,Inyo,027,18085,1696,1646,32,1678,39
2021-09-21,Kern,029,883053,117737,115534,18191,133725,1467
2021-09-21,Kings,031,150075,29195,28545,1627,30172,291
2021-09-21,Lake,033,64148,6170,6013,120,6133,90
2021-09-21,Lassen,035,31185,6356,6159,271,6430,25
2021-09-21,Los Angeles,037,10098052,1397530,1383277,51177,1434454,25893
2021-09-21,Madera,039,155013,20813,20317,1652,21969,262
2021-09-21,Marin,041,260295,16937,16748,389,17137,242
2021-09-21,Mariposa,043,17540,946,894,32,926,5
2021-09-21,Mendocino,045,87422,6813,6580,333,6913,68
2021-09-21,Merced,047,269075,38636,38225,1497,39722,539
2021-09-21,Modoc,049,8938,470,458,164,622,5
2021-09-21,Mono,051,14174,1528,1495,17,1512,3
2021-09-21,Monterey,053,433212,47439,46583,2542,49125,565
2021-09-21,Napa,055,140530,12346,12238,86,12324,95
2021-09-21,Nevada,057,99092,8378,8259,274,8533,84
2021-09-21,Orange,059,3164182,297277,293898,13888,307786,5357
2021-09-21,Placer,061,380077,34206,33609,3193,36802,365
2021-09-21,Plumas,063,18699,1277,1225,24,1249,5
2021-09-21,Riverside,065,2383286,347889,342460,15706,358166,4817
2021-09-21,Sacramento,067,1510023,148364,147378,3757,151135,2027
2021-09-21,San Benito,069,59416,6979,6950,141,7091,67
2021-09-21,San Bernardino,071,2135413,340516,337387,10519,347906,5520
2021-09-21,San Diego,073,3302833,354492,350265,20865,371130,4021
2021-09-21,San Francisco,075,870044,50339,49653,2114,51767,609
2021-09-21,San Joaquin,077,732212,94158,92762,4949,97711,1621
2021-09-21,San Luis Obispo,079,281455,27908,27318,1098,28416,314
2021-09-21,San Mateo,081,765935,52016,51136,771,51907,568
2021-09-21,Santa Barbara,083,443738,42144,41644,1451,43095,503
2021-09-21,Santa Clara,085,1922200,141062,139657,1086,140743,1843
2021-09-21,Santa Cruz,087,273765,19424,19140,958,20098,212
2021-09-21,Shasta,089,179085,18602,18027,3039,21066,258
2021-09-21,Sierra,091,2930,133,127,13,140,0
2021-09-21,Siskiyou,093,43540,3072,2927,1060,3987,36
2021-09-21,Solano,095,438530,44033,43220,1134,44354,311
2021-09-21,Sonoma,097,501317,39333,39042,481,39523,369
2021-09-21,Stanislaus,099,539301,72666,72211,8097,80308,1091
2021-09-21,Sutter,101,95872,13025,12930,253,13183,153
2021-09-21,Tehama,103,63373,7354,7151,1196,8347,85
2021-09-21,Trinity,105,12862,734,572,192,764,9
2021-09-21,Tulare,107,460477,62206,60607,12595,73202,896
2021-09-21,Tuolumne,109,53932,6248,6139,74,6213,89
2021-09-21,Ventura,111,848112,94754,93818,4082,97900,1120
2021-09-21,Yolo,113,214977,18613,18313,855,19168,239
2021-09-21,Yuba,115,75493,9264,9135,205,9340,61
2021-09-20,Alameda,001,1643700,114227,113637,2544,116181,1320
2021-09-20,Alpine,003,1148,99,100,0,100,0
2021-09-20,Amador,005,37829,5003,4883,49,4932,59
2021-09-20,Butte,007,227075,18732,18135,3327,21462,231
2021-09-20,Calaveras,009,45235,3497,3395,38,3433,66
2021-09-20,Colusa,011,21464,2400,2376,539,2915,16
2021-09-20,Contra Costa,013,1133247,94850,93919,1907,95826,924
2021-09-20,Del Norte,015,27424,3495,3374,28,3402,34
2021-09-20,El Dorado,017,186661,14838,14545,1507,16052,127
2021-09-20,Fresno,019,978130,127670,125287,11435,136722,1889
2021-09-20,Glenn,021,27897,3210,3112,918,4030,25
2021-09-20,Humboldt,023,135768,8111,7938,397,8335,80
2021-09-20,Imperial,025,180216,31431,31146,2941,34087,755
2021-09-20,Inyo,027,18085,1688,1641,31,1672,39
2021-09-20,Kern,029,883053,117398,115271,18060,133331,1459
2021-09-20,Kings,031,150075,29108,28471,1621,30092,285
2021-09-20,Lake,033,64148,6155,5984,119,6103,87
2021-09-20,Lassen,035,31185,6326,6132,271,6403,25
2021-09-20,Los Angeles,037,10098052,1396007,1382206,51097,1433303,25858
2021-09-20,Madera,039,155013,20760,20203,1645,21848,257
2021-09-20,Marin,041,260295,16912,16732,387,17119,242
2021-09-20,Mariposa,043,17540,935,887,32,919,5
2021-09-20,Mendocino,045,87422,6779,6568,328,6896,67
2021-09-20,Merced,047,269075,38525,38144,1486,39630,536
2021-09-20,Modoc,049,8938,469,457,162,619,5
2021-09-20,Mono,051,14174,1522,1480,17,1497,3
2021-09-20,Monterey,053,433212,47397,46506,2524,49030,565
2021-09-20,Napa,055,140530,12321,12209,85,12294,95
2021-09-20,Nevada,057,99092,8358,8228,272,8500,84
2021-09-20,Orange,059,3164182,296934,293642,13861,307503,5354
2021-09-20,Placer,061,380077,34116,33531,3178,36709,364
2021-09-20,Plumas,063,18699,1272,1211,24,1235,5
2021-09-20,Riverside,065,2383286,347389,341961,15693,357654,4802
2021-09-20,Sacramento,067,1510023,147991,147016,3724,150740,2016
2021-09-20,San Benito,069,59416,6970,6947,140,7087,67
2021-09-20,San Bernardino,071,2135413,340113,337059,10503,347562,5507
2021-09-20,San Diego,073,3302833,353820,349579,20828,370407,4009
2021-09-20,San Francisco,075,870044,50233,49559,2113,51672,605
2021-09-20,San Joaquin,077,732212,93915,92614,4936,97550,1615
2021-09-20,San Luis Obispo,079,281455,27832,27259,1090,28349,313
2021-09-20,San Mateo,081,765935,51929,51100,768,51868,567
2021-09-20,Santa Barbara,083,443738,42045,41589,1447,43036,500
2021-09-20,Santa Clara,085,1922200,140862,139578,1084,140662,1841
2021-09-20,Santa Cruz,087,273765,19392,19121,958,20079,211
2021-09-20,Shasta,089,179085,18503,17893,3009,20902,258
2021-09-20,Sierra,091,2930,131,126,13,139,0
2021-09-20,Siskiyou,093,43540,3050,2902,1047,3949,35
2021-09-20,Solano,095,438530,43965,43152,1126,44278,312
2021-09-20,Sonoma,097,501317,39287,38991,481,39472,369
2021-09-20,Stanislaus,099,539301,72467,72031,8078,80109,1091
2021-09-20,Sutter,101,95872,12989,12896,248,13144,153
2021-09-20,Tehama,103,63373,7322,7121,1184,8305,84
2021-09-20,Trinity,105,12862,728,568,191,759,7
2021-09-20,Tulare,107,460477,62004,60302,12542,72844,896
2021-09-20,Tuolumne,109,53932,6222,6113,74,6187,89
2021-09-20,Ventura,111,848112,94641,93700,4076,97776,1120
2021-09-20,Yolo,113,214977,18567,18287,853,19140,239
2021-09-20,Yuba,115,75493,9229,9107,203,9310,61
2021-09-19,Alameda,001,1643700,114015,113446,2539,115985,1320
2021-09-19,Alpine,003,1148,99,100,0,100,0
2021-09-19,Amador,005,37829,4963,4875,48,4923,59
2021-09-19,Butte,007,227075,18638,18063,3298,21361,230
2021-09-19,Calaveras,009,45235,3473,3390,35,3425,66
2021-09-19,Colusa,011,21464,2398,2375,537,2912,16
2021-09-19,Contra Costa,013,1133247,94665,93788,1897,95685,924
2021-09-19,Del Norte,015,27424,3469,3344,27,3371,34
2021-09-19,El Dorado,017,186661,14785,14512,1501,16013,127
2021-09-19,Fresno,019,978130,127265,124985,11390,136375,1888
2021-09-19,Glenn,021,27897,3201,3102,915,4017,25
2021-09-19,Humboldt,023,135768,8065,7914,395,8309,80
2021-09-19,Imperial,025,180216,31362,31122,2938,34060,755
2021-09-19,Inyo,027,18085,1679,1639,31,1670,39
2021-09-19,Kern,029,883053,117086,115074,17954,133028,1459
2021-09-19,Kings,031,150075,28981,28416,1612,30028,284
2021-09-19,Lake,033,64148,6124,5962,119,6081,87
2021-09-19,Lassen,035,31185,6306,6129,265,6394,25
2021-09-19,Los Angeles,037,10098052,1394027,1381200,51003,1432203,25852
2021-09-19,Madera,039,155013,20682,20161,1635,21796,257
2021-09-19,Marin,041,260295,16883,16711,385,17096,242
2021-09-19,Mariposa,043,17540,927,881,32,913,5
2021-09-19,Mendocino,045,87422,6734,6538,322,6860,67
2021-09-19,Merced,047,269075,38368,38068,1477,39545,535
2021-09-19,Modoc,049,8938,466,457,160,617,5
2021-09-19,Mono,051,14174,1517,1480,17,1497,3
2021-09-19,Monterey,053,433212,47342,46486,2521,49007,565
2021-09-19,Napa,055,140530,12300,12190,83,12273,95
2021-09-19,Nevada,057,99092,8330,8203,270,8473,84
2021-09-19,Orange,059,3164182,296565,293258,13839,307097,5354
2021-09-19,Placer,061,380077,34003,33406,3160,36566,364
2021-09-19,Plumas,063,18699,1264,1211,24,1235,5
2021-09-19,Riverside,065,2383286,346796,341566,15684,357250,4804
2021-09-19,Sacramento,067,1510023,147630,146603,3680,150283,2012
2021-09-19,San Benito,069,59416,6951,6942,140,7082,67
2021-09-19,San Bernardino,071,2135413,339617,336688,10491,347179,5506
2021-09-19,San Diego,073,3302833,353116,349225,20791,370016,4006
2021-09-19,San Francisco,075,870044,50126,49458,2104,51562,605
2021-09-19,San Joaquin,077,732212,93619,92467,4925,97392,1615
2021-09-19,San Luis Obispo,079,281455,27731,27208,1081,28289,313
2021-09-19,San Mateo,081,765935,51831,51028,767,51795,567
2021-09-19,Santa Barbara,083,443738,41939,41512,1447,42959,500
2021-09-19,Santa Clara,085,1922200,140675,139410,1079,140489,1841
2021-09-19,Santa Cruz,087,273765,19353,19096,958,20054,211
2021-09-19,Shasta,089,179085,18389,17813,2974,20787,258
2021-09-19,Sierra,091,2930,130,126,13,139,0
2021-09-19,Siskiyou,093,43540,3024,2882,1038,3920,35
2021-09-19,Solano,095,438530,43876,43056,1121,44177,312
2021-09-19,Sonoma,097,501317,39215,38956,477,39433,369
2021-09-19,Stanislaus,099,539301,72222,71830,8053,79883,1091
2021-09-19,Sutter,101,95872,12962,12868,241,13109,153
2021-09-19,Tehama,103,63373,7268,7081,1175,8256,84
2021-09-19,Trinity,105,12862,717,562,189,751,7
2021-09-19,Tulare,107,460477,61743,60160,12449,72609,896
2021-09-19,Tuolumne,109,53932,6181,6097,74,6171,89
2021-09-19,Ventura,111,848112,94479,93491,4067,97558,1120
2021-09-19,Yolo,113,214977,18518,18238,847,19085,239
2021-09-19,Yuba,115,75493,9203,9087,202,9289,61
2021-09-18,Alameda,001,1643700,113915,113300,2538,115838,1320
2021-09-18,Alpine,003,1148,99,100,0,100,0
2021-09-18,Amador,005,37829,4953,4850,48,4898,59
2021-09-18,Butte,007,227075,18599,17961,3282,21243,230
2021-09-18,Calaveras,009,45235,3468,3361,34,3395,66
2021-09-18,Colusa,011,21464,2398,2373,536,2909,16
2021-09-18,Contra Costa,013,1133247,94575,93656,1893,95549,924
2021-09-18,Del Norte,015,27424,3461,3326,25,3351,34
2021-09-18,El Dorado,017,186661,14762,14472,1498,15970,127
2021-09-18,Fresno,019,978130,127123,124771,11372,136143,1889
2021-09-18,Glenn,021,27897,3192,3086,912,3998,25
2021-09-18,Humboldt,023,135768,8051,7881,394,8275,80
2021-09-18,Imperial,025,180216,31338,31096,2937,34033,755
2021-09-18,Inyo,027,18085,1673,1636,31,1667,39
2021-09-18,Kern,029,883053,116931,114781,17890,132671,1459
2021-09-18,Kings,031,150075,28933,28330,1607,29937,285
2021-09-18,Lake,033,64148,6107,5936,119,6055,87
2021-09-18,Lassen,035,31185,6296,6121,263,6384,25
2021-09-18,Los Angeles,037,10098052,1393264,1379880,50953,1430833,25849
2021-09-18,Madera,039,155013,20638,20126,1625,21751,257
2021-09-18,Marin,041,260295,16866,16685,384,17069,242
2021-09-18,Mariposa,043,17540,924,871,32,903,5
2021-09-18,Mendocino,045,87422,6713,6523,322,6845,67
2021-09-18,Merced,047,269075,38332,37977,1471,39448,535
2021-09-18,Modoc,049,8938,466,457,159,616,5
2021-09-18,Mono,051,14174,1514,1480,17,1497,3
2021-09-18,Monterey,053,433212,47304,46466,2518,48984,565
2021-09-18,Napa,055,140530,12288,12168,83,12251,95
2021-09-18,Nevada,057,99092,8313,8183,270,8453,84
2021-09-18,Orange,059,3164182,296371,293005,13825,306830,5354
2021-09-18,Placer,061,380077,33931,33309,3157,36466,364
2021-09-18,Plumas,063,18699,1263,1204,24,1228,5
2021-09-18,Riverside,065,2383286,346411,341136,15670,356806,4802
2021-09-18,Sacramento,067,1510023,147448,146162,3671,149833,2016
2021-09-18,San Benito,069,59416,6947,6937,140,7077,67
2021-09-18,San Bernardino,071,2135413,339343,336380,10478,346858,5501
2021-09-18,San Diego,073,3302833,352725,348848,20778,369626,4006
2021-09-18,San Francisco,075,870044,50063,49359,2099,51458,605
2021-09-18,San Joaquin,077,732212,93508,92242,4913,97155,1615
2021-09-18,San Luis Obispo,079,281455,27694,27181,1078,28259,313
2021-09-18,San Mateo,081,765935,51781,50961,765,51726,567
2021-09-18,Santa Barbara,083,443738,41874,41465,1447,42912,500
2021-09-18,Santa Clara,085,1922200,140555,139233,1076,140309,1841
2021-09-18,Santa Cruz,087,273765,19333,19079,958,20037,211
2021-09-18,Shasta,089,179085,18326,17777,2958,20735,258
2021-09-18,Sierra,091,2930,129,125,13,138,0
2021-09-18,Siskiyou,093,43540,3021,2875,1032,3907,35
2021-09-18,Solano,095,438530,43836,42966,1118,44084,312
2021-09-18,Sonoma,097,501317,39180,38891,475,39366,369
2021-09-18,Stanislaus,099,539301,72077,71587,8031,79618,1091
2021-09-18,Sutter,101,95872,12948,12829,241,13070,153
2021-09-18,Tehama,103,63373,7254,7055,1168,8223,84
2021-09-18,Trinity,105,12862,715,561,189,750,7
2021-09-18,Tulare,107,460477,61667,60003,12399,72402,896
2021-09-18,Tuolumne,109,53932,6166,6069,74,6143,89
2021-09-18,Ventura,111,848112,94411,93424,4062,97486,1120
2021-09-18,Yolo,113,214977,18491,18213,842,19055,239
2021-09-18,Yuba,115,75493,9189,9061,201,9262,61
2021-09-17,Alameda,001,1643700,113790,113070,2536,115606,1320
2021-09-17,Alpine,003,1148,99,99,0,99,0
2021-09-17,Amador,005,37829,4937,4835,47,4882,58
2021-09-17,Butte,007,227075,18547,17870,3273,21143,230
2021-09-17,Calaveras,009,45235,3456,3338,33,3371,66
2021-09-17,Colusa,011,21464,2397,2369,531,2900,16
2021-09-17,Contra Costa,013,1133247,94473,93485,1890,95375,924
2021-09-17,Del Norte,015,27424,3456,3311,23,3334,34
2021-09-17,El Dorado,017,186661,14743,14421,1496,15917,127
2021-09-17,Fresno,019,978130,126904,124296,11356,135652,1882
2021-09-17,Glenn,021,27897,3175,3072,908,3980,25
2021-09-17,Humboldt,023,135768,8030,7850,394,8244,80
2021-09-17,Imperial,025,180216,31312,31031,2936,33967,755
2021-09-17,Inyo,027,18085,1665,1634,31,1665,39
2021-09-17,Kern,029,883053,116740,114303,17793,132096,1456
2021-09-17,Kings,031,150075,28868,28240,1605,29845,281
2021-09-17,Lake,033,64148,6094,5915,119,6034,87
2021-09-17,Lassen,035,31185,6281,6080,261,6341,25
2021-09-17,Los Angeles,037,10098052,1392285,1377905,50887,1428792,25820
2021-09-17,Madera,039,155013,20587,20040,1613,21653,257
2021-09-17,Marin,041,260295,16853,16658,382,17040,242
2021-09-17,Mariposa,043,17540,922,869,32,901,5
2021-09-17,Mendocino,045,87422,6694,6498,322,6820,67
2021-09-17,Merced,047,269075,38285,37803,1469,39272,533
2021-09-17,Modoc,049,8938,466,456,159,615,5
2021-09-17,Mono,051,14174,1510,1457,17,1474,3
2021-09-17,Monterey,053,433212,47281,46421,2517,48938,564
2021-09-17,Napa,055,140530,12267,12153,83,12236,95
2021-09-17,Nevada,057,99092,8298,8157,270,8427,84
2021-09-17,Orange,059,3164182,296152,292685,13807,306492,5346
2021-09-17,Placer,061,380077,33871,33188,3147,36335,362
2021-09-17,Plumas,063,18699,1254,1192,23,1215,5
2021-09-17,Riverside,065,2383286,346011,340445,15659,356104,4792
2021-09-17,Sacramento,067,1510023,147248,145985,3660,149645,1999
2021-09-17,San Benito,069,59416,6944,6929,140,7069,67
2021-09-17,San Bernardino,071,2135413,338983,335810,10471,346281,5488
2021-09-17,San Diego,073,3302833,352301,348098,20761,368859,4002
2021-09-17,San Francisco,075,870044,50011,49249,2094,51343,605
2021-09-17,San Joaquin,077,732212,93370,91977,4902,96879,1610
2021-09-17,San Luis Obispo,079,281455,27660,27102,1067,28169,311
2021-09-17,San Mateo,081,765935,51728,50854,764,51618,564
2021-09-17,Santa Barbara,083,443738,41811,41354,1446,42800,498
2021-09-17,Santa Clara,085,1922200,140406,138939,1075,140014,1838
2021-09-17,Santa Cruz,087,273765,19309,19039,958,19997,211
2021-09-17,Shasta,089,179085,18256,17617,2945,20562,254
2021-09-17,Sierra,091,2930,129,124,13,137,0
2021-09-17,Siskiyou,093,43540,3006,2852,1032,3884,35
2021-09-17,Solano,095,438530,43773,42898,1114,44012,312
2021-09-17,Sonoma,097,501317,39143,38808,474,39282,369
2021-09-17,Stanislaus,099,539301,71970,71408,8013,79421,1091
2021-09-17,Sutter,101,95872,12932,12799,238,13037,153
2021-09-17,Tehama,103,63373,7231,7020,1156,8176,84
2021-09-17,Trinity,105,12862,710,556,188,744,7
2021-09-17,Tulare,107,460477,61552,59689,12364,72053,895
2021-09-17,Tuolumne,109,53932,6147,6047,74,6121,89
2021-09-17,Ventura,111,848112,94299,93273,4060,97333,1116
2021-09-17,Yolo,113,214977,18460,18177,838,19015,239
2021-09-17,Yuba,115,75493,9162,9019,200,9219,61
2021-09-16,Alameda,001,1643700,113615,112770,2533,115303,1318
2021-09-16,Alpine,003,1148,99,99,0,99,0
2021-09-16,Amador,005,37829,4917,4819,47,4866,58
2021-09-16,Butte,007,227075,18472,17750,3257,21007,230
2021-09-16,Calaveras,009,45235,3425,3313,33,3346,66
2021-09-16,Colusa,011,21464,2395,2363,529,2892,16
2021-09-16,Contra Costa,013,1133247,94302,93213,1882,95095,917
2021-09-16,Del Norte,015,27424,3438,3285,23,3308,34
2021-09-16,El Dorado,017,186661,14702,14372,1488,15860,127
2021-09-16,Fresno,019,978130,126548,123853,11315,135168,1868
2021-09-16,Glenn,021,27897,3165,3068,906,3974,24
2021-09-16,Humboldt,023,135768,7997,7809,386,8195,80
2021-09-16,Imperial,025,180216,31269,30966,2928,33894,753
2021-09-16,Inyo,027,18085,1663,1623,31,1654,39
2021-09-16,Kern,029,883053,116468,113828,17726,131554,1448
2021-09-16,Kings,031,150075,28782,28114,1597,29711,280
2021-09-16,Lake,033,64148,6070,5890,116,6006,87
2021-09-16,Lassen,035,31185,6246,6028,256,6284,25
2021-09-16,Los Angeles,037,10098052,1390893,1376277,50822,1427099,25796
2021-09-16,Madera,039,155013,20510,19974,1608,21582,257
2021-09-16,Marin,041,260295,16826,16625,381,17006,242
2021-09-16,Mariposa,043,17540,916,849,32,881,6
2021-09-16,Mendocino,045,87422,6656,6445,311,6756,67
2021-09-16,Merced,047,269075,38178,37675,1467,39142,532
2021-09-16,Modoc,049,8938,464,455,159,614,5
2021-09-16,Mono,051,14174,1504,1449,17,1466,3
2021-09-16,Monterey,053,433212,47227,46342,2511,48853,562
2021-09-16,Napa,055,140530,12242,12115,79,12194,95
2021-09-16,Nevada,057,99092,8271,8121,269,8390,84
2021-09-16,Orange,059,3164182,295806,292183,13787,305970,5340
2021-09-16,Placer,061,380077,33775,33037,3127,36164,354
2021-09-16,Plumas,063,18699,1245,1178,23,1201,5
2021-09-16,Riverside,065,2383286,345481,339770,15645,355415,4786
2021-09-16,Sacramento,067,1510023,146892,145754,3628,149382,1996
2021-09-16,San Benito,069,59416,6932,6913,139,7052,67
2021-09-16,San Bernardino,071,2135413,338560,335129,10464,345593,5474
2021-09-16,San Diego,073,3302833,351687,347472,20722,368194,3994
2021-09-16,San Francisco,075,870044,49925,49133,2086,51219,605
2021-09-16,San Joaquin,077,732212,93132,91650,4859,96509,1608
2021-09-16,San Luis Obispo,079,281455,27587,27044,1063,28107,310
2021-09-16,San Mateo,081,765935,51651,50773,762,51535,564
2021-09-16,Santa Barbara,083,443738,41745,41272,1443,42715,497
2021-09-16,Santa Clara,085,1922200,140252,138685,1071,139756,1835
2021-09-16,Santa Cruz,087,273765,19282,19011,958,19969,211
2021-09-16,Shasta,089,179085,18131,17438,2912,20350,251
2021-09-16,Sierra,091,2930,129,123,13,136,0
2021-09-16,Siskiyou,093,43540,2986,2819,1025,3844,35
2021-09-16,Solano,095,438530,43701,42792,1105,43897,312
2021-09-16,Sonoma,097,501317,39080,38707,473,39180,369
2021-09-16,Stanislaus,099,539301,71737,71105,7997,79102,1091
2021-09-16,Sutter,101,95872,12888,12729,233,12962,152
2021-09-16,Tehama,103,63373,7191,6953,1145,8098,83
2021-09-16,Trinity,105,12862,707,547,187,734,7
2021-09-16,Tulare,107,460477,61330,59459,12291,71750,894
2021-09-16,Tuolumne,109,53932,6126,5999,72,6071,89
2021-09-16,Ventura,111,848112,94159,93087,4056,97143,1110
2021-09-16,Yolo,113,214977,18428,18135,836,18971,239
2021-09-16,Yuba,115,75493,9128,8981,197,9178,61
2021-09-15,Alameda,001,1643700,113451,112498,2526,115024,1317
2021-09-15,Alpine,003,1148,99,99,0,99,0
2021-09-15,Amador,005,37829,4909,4792,47,4839,58
2021-09-15,Butte,007,227075,18374,17664,3237,20901,228
2021-09-15,Calaveras,009,45235,3396,3293,31,3324,66
2021-09-15,Colusa,011,21464,2393,2352,526,2878,16
2021-09-15,Contra Costa,013,1133247,94120,92989,1871,94860,913
2021-09-15,Del Norte,015,27424,3425,3271,21,3292,34
2021-09-15,El Dorado,017,186661,14676,14309,1478,15787,127
2021-09-15,Fresno,019,978130,126169,123370,11259,134629,1867
2021-09-15,Glenn,021,27897,3153,3051,901,3952,20
2021-09-15,Humboldt,023,135768,7961,7754,381,8135,52
2021-09-15,Imperial,025,180216,31214,30891,2923,33814,753
2021-09-15,Inyo,027,18085,1659,1614,31,1645,39
2021-09-15,Kern,029,883053,116122,113546,17628,131174,1434
2021-09-15,Kings,031,150075,28703,27991,1589,29580,279
2021-09-15,Lake,033,64148,6037,5852,115,5967,85
2021-09-15,Lassen,035,31185,6186,6018,251,6269,25
2021-09-15,Los Angeles,037,10098052,1389390,1374307,50753,1425060,25767
2021-09-15,Madera,039,155013,20435,19880,1601,21481,257
2021-09-15,Marin,041,260295,16791,16592,376,16968,242
2021-09-15,Mariposa,043,17540,904,843,32,875,5
2021-09-15,Mendocino,045,87422,6626,6399,306,6705,66
2021-09-15,Merced,047,269075,38070,37508,1465,38973,529
2021-09-15,Modoc,049,8938,464,454,159,613,5
2021-09-15,Mono,051,14174,1498,1445,17,1462,3
2021-09-15,Monterey,053,433212,47157,46317,2500,48817,562
2021-09-15,Napa,055,140530,12221,12082,79,12161,95
2021-09-15,Nevada,057,99092,8249,8081,266,8347,84
2021-09-15,Orange,059,3164182,295482,291834,13768,305602,5328
2021-09-15,Placer,061,380077,33663,32860,3106,35966,352
2021-09-15,Plumas,063,18699,1240,1164,22,1186,5
2021-09-15,Riverside,065,2383286,344898,339077,15621,354698,4769
2021-09-15,Sacramento,067,1510023,146467,145202,3597,148799,1981
2021-09-15,San Benito,069,59416,6929,6902,139,7041,67
2021-09-15,San Bernardino,071,2135413,338098,334556,10450,345006,5470
2021-09-15,San Diego,073,3302833,351068,346933,20694,367627,3983
2021-09-15,San Francisco,075,870044,49814,48999,2081,51080,605
2021-09-15,San Joaquin,077,732212,92856,91322,4819,96141,1607
2021-09-15,San Luis Obispo,079,281455,27504,26943,1057,28000,306
2021-09-15,San Mateo,081,765935,51569,50691,759,51450,564
2021-09-15,Santa Barbara,083,443738,41642,41077,1439,42516,497
2021-09-15,Santa Clara,085,1922200,140078,138410,1066,139476,1833
2021-09-15,Santa Cruz,087,273765,19244,18984,956,19940,210
2021-09-15,Shasta,089,179085,18020,17317,2891,20208,250
2021-09-15,Sierra,091,2930,129,123,13,136,0
2021-09-15,Siskiyou,093,43540,2966,2804,995,3799,35
2021-09-15,Solano,095,438530,43629,42682,1100,43782,312
2021-09-15,Sonoma,097,501317,39023,38629,473,39102,369
2021-09-15,Stanislaus,099,539301,71513,70852,7975,78827,1091
2021-09-15,Sutter,101,95872,12855,12699,228,12927,151
2021-09-15,Tehama,103,63373,7150,6894,1136,8030,79
2021-09-15,Trinity,105,12862,705,541,185,726,7
2021-09-15,Tulare,107,460477,61071,59149,12230,71379,890
2021-09-15,Tuolumne,109,53932,6100,5969,72,6041,89
2021-09-15,Ventura,111,848112,94016,92960,4049,97009,1109
2021-09-15,Yolo,113,214977,18394,18064,830,18894,239
2021-09-15,Yuba,115,75493,9094,8953,197,9150,61
2021-09-14,Alameda,001,1643700,113244,112329,2523,114852,1316
2021-09-14,Alpine,003,1148,99,98,0,98,0
2021-09-14,Amador,005,37829,4889,4790,47,4837,57
2021-09-14,Butte,007,227075,18240,17516,3213,20729,226
2021-09-14,Calaveras,009,45235,3376,3280,28,3308,66
2021-09-14,Colusa,011,21464,2389,2344,523,2867,16
2021-09-14,Contra Costa,013,1133247,93922,92822,1863,94685,908
2021-09-14,Del Norte,015,27424,3409,3252,21,3273,32
2021-09-14,El Dorado,017,186661,14623,14247,1470,15717,123
2021-09-14,Fresno,019,978130,125694,123151,11207,134358,1856
2021-09-14,Glenn,021,27897,3136,3045,897,3942,20
2021-09-14,Humboldt,023,135768,7927,7717,376,8093,52
2021-09-14,Imperial,025,180216,31165,30845,2920,33765,752
2021-09-14,Inyo,027,18085,1650,1605,30,1635,39
2021-09-14,Kern,029,883053,115739,113250,17505,130755,1428
2021-09-14,Kings,031,150075,28627,27955,1581,29536,278
2021-09-14,Lake,033,64148,6005,5845,115,5960,83
2021-09-14,Lassen,035,31185,6172,5977,246,6223,25
2021-09-14,Los Angeles,037,10098052,1387553,1372831,50672,1423503,25729
2021-09-14,Madera,039,155013,20353,19800,1590,21390,254
2021-09-14,Marin,041,260295,16763,16584,374,16958,242
2021-09-14,Mariposa,043,17540,893,834,31,865,5
2021-09-14,Mendocino,045,87422,6590,6372,295,6667,65
2021-09-14,Merced,047,269075,37920,37430,1461,38891,526
2021-09-14,Modoc,049,8938,463,453,159,612,5
2021-09-14,Mono,051,14174,1494,1440,17,1457,4
2021-09-14,Monterey,053,433212,47116,46224,2489,48713,558
2021-09-14,Napa,055,140530,12188,12070,78,12148,91
2021-09-14,Nevada,057,99092,8215,8056,266,8322,83
2021-09-14,Orange,059,3164182,295089,291423,13744,305167,5319
2021-09-14,Placer,061,380077,33531,32735,3086,35821,350
2021-09-14,Plumas,063,18699,1225,1148,22,1170,5
2021-09-14,Riverside,065,2383286,344257,338534,15590,354124,4748
2021-09-14,Sacramento,067,1510023,146082,145051,3549,148600,1977
2021-09-14,San Benito,069,59416,6919,6887,139,7026,64
2021-09-14,San Bernardino,071,2135413,337601,333968,10425,344393,5465
2021-09-14,San Diego,073,3302833,350408,346204,20643,366847,3966
2021-09-14,San Francisco,075,870044,49680,48998,2079,51077,603
2021-09-14,San Joaquin,077,732212,92617,91128,4810,95938,1596
2021-09-14,San Luis Obispo,079,281455,27431,26845,1052,27897,304
2021-09-14,San Mateo,081,765935,51472,50602,756,51358,564
2021-09-14,Santa Barbara,083,443738,41546,40783,1430,42213,495
2021-09-14,Santa Clara,085,1922200,139843,138321,1063,139384,1828
2021-09-14,Santa Cruz,087,273765,19204,18965,954,19919,210
2021-09-14,Shasta,089,179085,17889,17152,2870,20022,246
2021-09-14,Sierra,091,2930,129,123,13,136,0
2021-09-14,Siskiyou,093,43540,2942,2756,978,3734,35
2021-09-14,Solano,095,438530,43546,42599,1097,43696,307
2021-09-14,Sonoma,097,501317,38954,38595,469,39064,369
2021-09-14,Stanislaus,099,539301,71253,70697,7947,78644,1091
2021-09-14,Sutter,101,95872,12813,12670,221,12891,149
2021-09-14,Tehama,103,63373,7096,6859,1128,7987,80
2021-09-14,Trinity,105,12862,699,538,184,722,7
2021-09-14,Tulare,107,460477,60818,58961,12159,71120,888
2021-09-14,Tuolumne,109,53932,6079,5951,70,6021,89
2021-09-14,Ventura,111,848112,93831,92841,4032,96873,1107
2021-09-14,Yolo,113,214977,18350,18039,825,18864,239
2021-09-14,Yuba,115,75493,9058,8928,197,9125,61
2021-09-13,Alameda,001,1643700,113030,112159,2518,114677,1309
2021-09-13,Alpine,003,1148,98,98,0,98,0
2021-09-13,Amador,005,37829,4871,4761,47,4808,56
2021-09-13,Butte,007,227075,18115,17393,3185,20578,225
2021-09-13,Calaveras,009,45235,3350,3253,27,3280,65
2021-09-13,Colusa,011,21464,2380,2346,519,2865,16
2021-09-13,Contra Costa,013,1133247,93677,92658,1858,94516,908
2021-09-13,Del Norte,015,27424,3373,3232,21,3253,28
2021-09-13,El Dorado,017,186661,14562,14194,1462,15656,119
2021-09-13,Fresno,019,978130,125227,122650,11141,133791,1853
2021-09-13,Glenn,021,27897,3122,3026,891,3917,20
2021-09-13,Humboldt,023,135768,7894,7659,373,8032,52
2021-09-13,Imperial,025,180216,31112,30802,2917,33719,751
2021-09-13,Inyo,027,18085,1643,1602,30,1632,39
2021-09-13,Kern,029,883053,115355,112930,17383,130313,1424
2021-09-13,Kings,031,150075,28517,27858,1569,29427,275
2021-09-13,Lake,033,64148,5983,5809,115,5924,82
2021-09-13,Lassen,035,31185,6137,5953,245,6198,25
2021-09-13,Los Angeles,037,10098052,1385689,1371423,50605,1422028,25703
2021-09-13,Madera,039,155013,20284,19735,1575,21310,252
2021-09-13,Marin,041,260295,16727,16557,373,16930,242
2021-09-13,Mariposa,043,17540,879,825,31,856,5
2021-09-13,Mendocino,045,87422,6555,6323,286,6609,61
2021-09-13,Merced,047,269075,37770,37291,1456,38747,521
2021-09-13,Modoc,049,8938,462,451,159,610,5
2021-09-13,Mono,051,14174,1488,1435,17,1452,3
2021-09-13,Monterey,053,433212,47025,46188,2476,48664,558
2021-09-13,Napa,055,140530,12170,12039,78,12117,91
2021-09-13,Nevada,057,99092,8189,8021,264,8285,83
2021-09-13,Orange,059,3164182,294656,291128,13723,304851,5312
2021-09-13,Placer,061,380077,33366,32617,3069,35686,343
2021-09-13,Plumas,063,18699,1216,1142,22,1164,5
2021-09-13,Riverside,065,2383286,343612,337876,15572,353448,4731
2021-09-13,Sacramento,067,1510023,145595,144537,3516,148053,1956
2021-09-13,San Benito,069,59416,6904,6867,138,7005,64
2021-09-13,San Bernardino,071,2135413,337110,333613,10400,344013,5441
2021-09-13,San Diego,073,3302833,349621,345647,20591,366238,3961
2021-09-13,San Francisco,075,870044,49551,48914,2073,50987,603
2021-09-13,San Joaquin,077,732212,92332,90966,4792,95758,1581
2021-09-13,San Luis Obispo,079,281455,27334,26805,1049,27854,300
2021-09-13,San Mateo,081,765935,51380,50525,751,51276,564
2021-09-13,Santa Barbara,083,443738,41427,40661,1423,42084,494
2021-09-13,Santa Clara,085,1922200,139598,138152,1058,139210,1820
2021-09-13,Santa Cruz,087,273765,19164,18917,953,19870,210
2021-09-13,Shasta,089,179085,17759,17033,2830,19863,243
2021-09-13,Sierra,091,2930,129,123,13,136,0
2021-09-13,Siskiyou,093,43540,2927,2745,966,3711,35
2021-09-13,Solano,095,438530,43442,42501,1094,43595,306
2021-09-13,Sonoma,097,501317,38887,38513,466,38979,368
2021-09-13,Stanislaus,099,539301,70999,70477,7911,78388,1091
2021-09-13,Sutter,101,95872,12755,12624,217,12841,145
2021-09-13,Tehama,103,63373,7033,6803,1116,7919,79
2021-09-13,Trinity,105,12862,697,533,182,715,7
2021-09-13,Tulare,107,460477,60535,58768,12099,70867,887
2021-09-13,Tuolumne,109,53932,6048,5909,70,5979,89
2021-09-13,Ventura,111,848112,93670,92679,4025,96704,1107
2021-09-13,Yolo,113,214977,18305,17974,819,18793,239
2021-09-13,Yuba,115,75493,9013,8884,196,9080,61
2021-09-12,Alameda,001,1643700,112769,111961,2515,114476,1309
2021-09-12,Alpine,003,1148,98,98,0,98,0
2021-09-12,Amador,005,37829,4850,4752,47,4799,56
2021-09-12,Butte,007,227075,17970,17257,3137,20394,221
2021-09-12,Calaveras,009,45235,3319,3236,23,3259,65
2021-09-12,Colusa,011,21464,2377,2344,518,2862,16
2021-09-12,Contra Costa,013,1133247,93409,92498,1846,94344,908
2021-09-12,Del Norte,015,27424,3338,3200,21,3221,28
2021-09-12,El Dorado,017,186661,14489,14167,1446,15613,119
2021-09-12,Fresno,019,978130,124710,122407,11084,133491,1853
2021-09-12,Glenn,021,27897,3105,3016,885,3901,20
2021-09-12,Humboldt,023,135768,7824,7636,362,7998,52
2021-09-12,Imperial,025,180216,31049,30790,2912,33702,751
2021-09-12,Inyo,027,18085,1633,1596,30,1626,39
2021-09-12,Kern,029,883053,114943,112602,17224,129826,1424
2021-09-12,Kings,031,150075,28406,27764,1552,29316,274
2021-09-12,Lake,033,64148,5943,5781,113,5894,82
2021-09-12,Lassen,035,31185,6100,5943,236,6179,25
2021-09-12,Los Angeles,037,10098052,1383630,1365968,50533,1416501,25630
2021-09-12,Madera,039,155013,20197,19691,1563,21254,252
2021-09-12,Marin,041,260295,16704,16526,373,16899,242
2021-09-12,Mariposa,043,17540,868,811,29,840,5
2021-09-12,Mendocino,045,87422,6515,6283,277,6560,61
2021-09-12,Merced,047,269075,37598,37172,1445,38617,521
2021-09-12,Modoc,049,8938,462,451,158,609,5
2021-09-12,Mono,051,14174,1481,1431,17,1448,3
2021-09-12,Monterey,053,433212,46926,46167,2466,48633,558
2021-09-12,Napa,055,140530,12140,12011,78,12089,91
2021-09-12,Nevada,057,99092,8149,7987,263,8250,83
2021-09-12,Orange,059,3164182,294193,290718,13702,304420,5312
2021-09-12,Placer,061,380077,33217,32520,3047,35567,343
2021-09-12,Plumas,063,18699,1197,1138,22,1160,5
2021-09-12,Riverside,065,2383286,342928,337332,15538,352870,4731
2021-09-12,Sacramento,067,1510023,145088,144030,3477,147507,1959
2021-09-12,San Benito,069,59416,6885,6852,137,6989,64
2021-09-12,San Bernardino,071,2135413,336500,333049,10387,343436,5439
2021-09-12,San Diego,073,3302833,348811,345058,20515,365573,3942
2021-09-12,San Francisco,075,870044,49440,48819,2066,50885,603
2021-09-12,San Joaquin,077,732212,92003,90730,4784,95514,1581
2021-09-12,San Luis Obispo,079,281455,27215,26729,1036,27765,299
2021-09-12,San Mateo,081,765935,51270,50432,747,51179,564
2021-09-12,Santa Barbara,083,443738,41315,40600,1416,42016,494
2021-09-12,Santa Clara,085,1922200,139341,137899,1055,138954,1820
2021-09-12,Santa Cruz,087,273765,19131,18892,952,19844,210
2021-09-12,Shasta,089,179085,17594,16957,2772,19729,243
2021-09-12,Sierra,091,2930,129,123,13,136,0
2021-09-12,Siskiyou,093,43540,2899,2730,951,3681,35
2021-09-12,Solano,095,438530,43336,42409,1091,43500,306
2021-09-12,Sonoma,097,501317,38807,38456,464,38920,368
2021-09-12,Stanislaus,099,539301,70700,70184,7872,78056,1091
2021-09-12,Sutter,101,95872,12713,12589,211,12800,145
2021-09-12,Tehama,103,63373,6969,6732,1104,7836,79
2021-09-12,Trinity,105,12862,693,529,180,709,7
2021-09-12,Tulare,107,460477,60182,58582,12039,70621,887
2021-09-12,Tuolumne,109,53932,6015,5888,70,5958,89
2021-09-12,Ventura,111,848112,93543,92496,4019,96515,1107
2021-09-12,Yolo,113,214977,18239,17943,811,18754,239
2021-09-12,Yuba,115,75493,8978,8842,196,9038,61
2021-09-11,Alameda,001,1643700,112645,111715,2513,114228,1309
2021-09-11,Alpine,003,1148,98,98,0,98,0
2021-09-11,Amador,005,37829,4837,4728,46,4774,56
2021-09-11,Butte,007,227075,17887,17218,3110,20328,221
2021-09-11,Calaveras,009,45235,3311,3208,22,3230,65
2021-09-11,Colusa,011,21464,2376,2338,515,2853,16
2021-09-11,Contra Costa,013,1133247,93290,92269,1842,94111,908
2021-09-11,Del Norte,015,27424,3322,3184,21,3205,28
2021-09-11,El Dorado,017,186661,14470,14117,1439,15556,119
2021-09-11,Fresno,019,978130,124531,122224,11059,133283,1853
2021-09-11,Glenn,021,27897,3095,3007,882,3889,20
2021-09-11,Humboldt,023,135768,7802,7615,359,7974,52
2021-09-11,Imperial,025,180216,31024,30760,2909,33669,751
2021-09-11,Inyo,027,18085,1630,1590,30,1620,39
2021-09-11,Kern,029,883053,114693,112205,17110,129315,1424
2021-09-11,Kings,031,150075,28357,27631,1546,29177,275
2021-09-11,Lake,033,64148,5922,5761,113,5874,82
2021-09-11,Lassen,035,31185,6085,5930,232,6162,25
2021-09-11,Los Angeles,037,10098052,1382657,1365831,50469,1416300,25630
2021-09-11,Madera,039,155013,20144,19648,1558,21206,252
2021-09-11,Marin,041,260295,16676,16496,372,16868,242
2021-09-11,Mariposa,043,17540,863,799,29,828,5
2021-09-11,Mendocino,045,87422,6491,6257,277,6534,61
2021-09-11,Merced,047,269075,37544,37042,1442,38484,521
2021-09-11,Modoc,049,8938,462,449,158,607,5
2021-09-11,Mono,051,14174,1475,1431,17,1448,3
2021-09-11,Monterey,053,433212,46889,46140,2463,48603,558
2021-09-11,Napa,055,140530,12117,11991,78,12069,91
2021-09-11,Nevada,057,99092,8134,7967,263,8230,83
2021-09-11,Orange,059,3164182,293891,290429,13686,304115,5306
2021-09-11,Placer,061,380077,33134,32414,3036,35450,344
2021-09-11,Plumas,063,18699,1190,1112,22,1134,5
2021-09-11,Riverside,065,2383286,342490,336585,15525,352110,4731
2021-09-11,Sacramento,067,1510023,144788,143557,3465,147022,1955
2021-09-11,San Benito,069,59416,6872,6844,137,6981,64
2021-09-11,San Bernardino,071,2135413,336157,332512,10373,342885,5430
2021-09-11,San Diego,073,3302833,348327,344355,20491,364846,3942
2021-09-11,San Francisco,075,870044,49385,48660,2061,50721,603
2021-09-11,San Joaquin,077,732212,91860,90482,4777,95259,1581
2021-09-11,San Luis Obispo,079,281455,27169,26651,1035,27686,299
2021-09-11,San Mateo,081,765935,51198,50341,746,51087,564
2021-09-11,Santa Barbara,083,443738,41242,40451,1416,41867,494
2021-09-11,Santa Clara,085,1922200,139188,137659,1052,138711,1820
2021-09-11,Santa Cruz,087,273765,19102,18865,952,19817,210
2021-09-11,Shasta,089,179085,17500,16877,2752,19629,243
2021-09-11,Sierra,091,2930,129,123,13,136,0
2021-09-11,Siskiyou,093,43540,2882,2717,948,3665,35
2021-09-11,Solano,095,438530,43285,42344,1088,43432,306
2021-09-11,Sonoma,097,501317,38760,38399,462,38861,368
2021-09-11,Stanislaus,099,539301,70575,69974,7859,77833,1091
2021-09-11,Sutter,101,95872,12687,12538,208,12746,145
2021-09-11,Tehama,103,63373,6948,6703,1096,7799,79
2021-09-11,Trinity,105,12862,686,526,180,706,7
2021-09-11,Tulare,107,460477,60070,58321,11993,70314,889
2021-09-11,Tuolumne,109,53932,5996,5879,67,5946,89
2021-09-11,Ventura,111,848112,93461,92328,4014,96342,1107
2021-09-11,Yolo,113,214977,18215,17906,807,18713,239
2021-09-11,Yuba,115,75493,8953,8813,196,9009,61
2021-09-10,Alameda,001,1643700,112454,111386,2512,113898,1306
2021-09-10,Alpine,003,1148,97,97,0,97,0
2021-09-10,Amador,005,37829,4825,4706,46,4752,56
2021-09-10,Butte,007,227075,17812,17051,3092,20143,222
2021-09-10,Calaveras,009,45235,3303,3183,22,3205,65
2021-09-10,Colusa,011,21464,2372,2327,512,2839,16
2021-09-10,Contra Costa,013,1133247,93167,92024,1840,93864,908
2021-09-10,Del Norte,015,27424,3307,3128,20,3148,28
2021-09-10,El Dorado,017,186661,14440,14051,1435,15486,119
2021-09-10,Fresno,019,978130,124208,121659,11030,132689,1846
2021-09-10,Glenn,021,27897,3088,2977,881,3858,20
2021-09-10,Humboldt,023,135768,7770,7543,355,7898,52
2021-09-10,Imperial,025,180216,31001,30716,2907,33623,751
2021-09-10,Inyo,027,18085,1626,1590,30,1620,39
2021-09-10,Kern,029,883053,114439,111832,16994,128826,1419
2021-09-10,Kings,031,150075,28283,27473,1539,29012,274
2021-09-10,Lake,033,64148,5906,5713,111,5824,79
2021-09-10,Lassen,035,31185,6077,5914,229,6143,25
2021-09-10,Los Angeles,037,10098052,1381453,1365709,50404,1416113,25630
2021-09-10,Madera,039,155013,20098,19520,1551,21071,252
2021-09-10,Marin,041,260295,16656,16458,369,16827,242
2021-09-10,Mariposa,043,17540,858,795,29,824,5
2021-09-10,Mendocino,045,87422,6459,6184,276,6460,61
2021-09-10,Merced,047,269075,37492,36884,1441,38325,521
2021-09-10,Modoc,049,8938,462,448,158,606,5
2021-09-10,Mono,051,14174,1470,1422,17,1439,3
2021-09-10,Monterey,053,433212,46845,46084,2461,48545,557
2021-09-10,Napa,055,140530,12092,11948,78,12026,90
2021-09-10,Nevada,057,99092,8116,7932,262,8194,83
2021-09-10,Orange,059,3164182,293584,290022,13676,303698,5302
2021-09-10,Placer,061,380077,33032,32264,3023,35287,343
2021-09-10,Plumas,063,18699,1182,1111,22,1133,5
2021-09-10,Riverside,065,2383286,342017,335988,15518,351506,4720
2021-09-10,Sacramento,067,1510023,144445,143244,3457,146701,1950
2021-09-10,San Benito,069,59416,6868,6824,137,6961,64
2021-09-10,San Bernardino,071,2135413,335738,331894,10364,342258,5422
2021-09-10,San Diego,073,3302833,347780,343173,20454,363627,3941
2021-09-10,San Francisco,075,870044,49306,48518,2054,50572,602
2021-09-10,San Joaquin,077,732212,91679,90208,4771,94979,1573
2021-09-10,San Luis Obispo,079,281455,27136,26526,1033,27559,299
2021-09-10,San Mateo,081,765935,51131,50251,745,50996,564
2021-09-10,Santa Barbara,083,443738,41189,40321,1413,41734,492
2021-09-10,Santa Clara,085,1922200,139005,137337,1051,138388,1817
2021-09-10,Santa Cruz,087,273765,19083,18785,951,19736,210
2021-09-10,Shasta,089,179085,17406,16667,2724,19391,242
2021-09-10,Sierra,091,2930,129,117,13,130,0
2021-09-10,Siskiyou,093,43540,2870,2702,944,3646,35
2021-09-10,Solano,095,438530,43211,42230,1081,43311,305
2021-09-10,Sonoma,097,501317,38702,38271,461,38732,368
2021-09-10,Stanislaus,099,539301,70419,69617,7835,77452,1091
2021-09-10,Sutter,101,95872,12653,12468,208,12676,145
2021-09-10,Tehama,103,63373,6915,6652,1090,7742,77
2021-09-10,Trinity,105,12862,682,524,180,704,7
2021-09-10,Tulare,107,460477,59922,57930,11946,69876,883
2021-09-10,Tuolumne,109,53932,5976,5842,67,5909,89
2021-09-10,Ventura,111,848112,93364,92145,4010,96155,1104
2021-09-10,Yolo,113,214977,18190,17825,802,18627,239
2021-09-10,Yuba,115,75493,8934,8760,195,8955,62
2021-09-09,Alameda,001,1643700,112235,111014,2508,113522,1306
2021-09-09,Alpine,003,1148,97,94,0,94,0
2021-09-09,Amador,005,37829,4804,4698,45,4743,56
2021-09-09,Butte,007,227075,17665,16874,3065,19939,221
2021-09-09,Calaveras,009,45235,3269,3165,22,3187,65
2021-09-09,Colusa,011,21464,2365,2321,511,2832,16
2021-09-09,Contra Costa,013,1133247,92957,91687,1835,93522,904
2021-09-09,Del Norte,015,27424,3284,3102,20,3122,28
2021-09-09,El Dorado,017,186661,14383,13970,1425,15395,119
2021-09-09,Fresno,019,978130,123732,121040,10984,132024,1838
2021-09-09,Glenn,021,27897,3076,2947,877,3824,20
2021-09-09,Humboldt,023,135768,7720,7471,349,7820,52
2021-09-09,Imperial,025,180216,30963,30661,2904,33565,751
2021-09-09,Inyo,027,18085,1619,1586,30,1616,39
2021-09-09,Kern,029,883053,114092,111390,16838,128228,1414
2021-09-09,Kings,031,150075,28181,27282,1528,28810,273
2021-09-09,Lake,033,64148,5882,5638,109,5747,79
2021-09-09,Lassen,035,31185,6027,5860,223,6083,25
2021-09-09,Los Angeles,037,10098052,1379585,1363735,50330,1414065,25583
2021-09-09,Madera,039,155013,20025,19401,1538,20939,252
2021-09-09,Marin,041,260295,16633,16416,366,16782,242
2021-09-09,Mariposa,043,17540,845,779,28,807,5
2021-09-09,Mendocino,045,87422,6425,6089,267,6356,61
2021-09-09,Merced,047,269075,37338,36634,1428,38062,516
2021-09-09,Modoc,049,8938,462,448,158,606,5
2021-09-09,Mono,051,14174,1460,1420,17,1437,3
2021-09-09,Monterey,053,433212,46791,45991,2450,48441,556
2021-09-09,Napa,055,140530,12060,11878,78,11956,90
2021-09-09,Nevada,057,99092,8078,7855,262,8117,82
2021-09-09,Orange,059,3164182,293175,289109,13645,302754,5299
2021-09-09,Placer,061,380077,32914,32048,3008,35056,342
2021-09-09,Plumas,063,18699,1171,1098,22,1120,5
2021-09-09,Riverside,065,2383286,341378,334774,15500,350274,4701
2021-09-09,Sacramento,067,1510023,143966,142728,3412,146140,1929
2021-09-09,San Benito,069,59416,6858,6820,136,6956,64
2021-09-09,San Bernardino,071,2135413,335168,331040,10351,341391,5417
2021-09-09,San Diego,073,3302833,347066,342149,20397,362546,3929
2021-09-09,San Francisco,075,870044,49192,48404,2045,50449,597
2021-09-09,San Joaquin,077,732212,91406,89874,4753,94627,1570
2021-09-09,San Luis Obispo,079,281455,27054,26472,1030,27502,296
2021-09-09,San Mateo,081,765935,51010,50143,742,50885,561
2021-09-09,Santa Barbara,083,443738,41083,40180,1409,41589,490
2021-09-09,Santa Clara,085,1922200,138782,137017,1046,138063,1816
2021-09-09,Santa Cruz,087,273765,19037,18728,951,19679,210
2021-09-09,Shasta,089,179085,17260,16401,2683,19084,238
2021-09-09,Sierra,091,2930,129,115,13,128,0
2021-09-09,Siskiyou,093,43540,2847,2683,930,3613,35
2021-09-09,Solano,095,438530,43095,42081,1077,43158,303
2021-09-09,Sonoma,097,501317,38634,38171,460,38631,360
2021-09-09,Stanislaus,099,539301,70140,69178,7803,76981,1074
2021-09-09,Sutter,101,95872,12598,12396,206,12602,144
2021-09-09,Tehama,103,63373,6861,6554,1085,7639,75
2021-09-09,Trinity,105,12862,676,523,178,701,6
2021-09-09,Tulare,107,460477,59681,57564,11887,69451,879
2021-09-09,Tuolumne,109,53932,5948,5802,66,5868,89
2021-09-09,Ventura,111,848112,93219,91610,4001,95611,1098
2021-09-09,Yolo,113,214977,18132,17724,799,18523,239
2021-09-09,Yuba,115,75493,8889,8707,192,8899,55
2021-09-08,Alameda,001,1643700,111991,110781,2506,113287,1305
2021-09-08,Alpine,003,1148,97,94,0,94,0
2021-09-08,Amador,005,37829,4792,4693,45,4738,56
2021-09-08,Butte,007,227075,17530,16775,3046,19821,220
2021-09-08,Calaveras,009,45235,3251,3157,22,3179,63
2021-09-08,Colusa,011,21464,2363,2308,511,2819,16
2021-09-08,Contra Costa,013,1133247,92677,91471,1830,93301,900
2021-09-08,Del Norte,015,27424,3261,3085,20,3105,25
2021-09-08,El Dorado,017,186661,14303,13928,1405,15333,119
2021-09-08,Fresno,019,978130,123235,120644,10921,131565,1831
2021-09-08,Glenn,021,27897,3061,2942,868,3810,20
2021-09-08,Humboldt,023,135768,7675,7438,341,7779,52
2021-09-08,Imperial,025,180216,30930,30609,2891,33500,751
2021-09-08,Inyo,027,18085,1608,1580,30,1610,39
2021-09-08,Kern,029,883053,113694,110933,16700,127633,1409
2021-09-08,Kings,031,150075,28052,27235,1514,28749,267
2021-09-08,Lake,033,64148,5851,5618,107,5725,79
2021-09-08,Lassen,035,31185,6009,5848,216,6064,25
2021-09-08,Los Angeles,037,10098052,1377515,1362029,50242,1412271,25533
2021-09-08,Madera,039,155013,19965,19352,1525,20877,252
2021-09-08,Marin,041,260295,16605,16386,365,16751,242
2021-09-08,Mariposa,043,17540,833,777,27,804,5
2021-09-08,Mendocino,045,87422,6381,6069,258,6327,61
2021-09-08,Merced,047,269075,37177,36500,1416,37916,516
2021-09-08,Modoc,049,8938,462,448,158,606,5
2021-09-08,Mono,051,14174,1454,1418,17,1435,3
2021-09-08,Monterey,053,433212,46742,45959,2444,48403,554
2021-09-08,Napa,055,140530,12025,11842,76,11918,90
2021-09-08,Nevada,057,99092,8043,7843,261,8104,82
2021-09-08,Orange,059,3164182,292765,288511,13622,302133,5290
2021-09-08,Placer,061,380077,32777,31852,2991,34843,337
2021-09-08,Plumas,063,18699,1164,1072,22,1094,5
2021-09-08,Riverside,065,2383286,340619,334037,15475,349512,4683
2021-09-08,Sacramento,067,1510023,143487,142448,3364,145812,1921
2021-09-08,San Benito,069,59416,6840,6800,136,6936,64
2021-09-08,San Bernardino,071,2135413,334562,330279,10334,340613,5411
2021-09-08,San Diego,073,3302833,346149,341437,20346,361783,3926
2021-09-08,San Francisco,075,870044,49055,48263,2041,50304,589
2021-09-08,San Joaquin,077,732212,91125,89631,4729,94360,1561
2021-09-08,San Luis Obispo,079,281455,26960,26303,1025,27328,294
2021-09-08,San Mateo,081,765935,50905,50051,742,50793,561
2021-09-08,Santa Barbara,083,443738,40971,40000,1405,41405,490
2021-09-08,Santa Clara,085,1922200,138549,136836,1042,137878,1810
2021-09-08,Santa Cruz,087,273765,19000,18699,951,19650,210
2021-09-08,Shasta,089,179085,17105,16227,2636,18863,234
2021-09-08,Sierra,091,2930,129,113,13,126,0
2021-09-08,Siskiyou,093,43540,2814,2643,919,3562,35
2021-09-08,Solano,095,438530,43002,41971,1074,43045,302
2021-09-08,Sonoma,097,501317,38550,38075,459,38534,360
2021-09-08,Stanislaus,099,539301,69908,68945,7764,76709,1074
2021-09-08,Sutter,101,95872,12533,12349,203,12552,144
2021-09-08,Tehama,103,63373,6794,6520,1067,7587,75
2021-09-08,Trinity,105,12862,673,520,174,694,6
2021-09-08,Tulare,107,460477,59357,57425,11832,69257,876
2021-09-08,Tuolumne,109,53932,5916,5783,64,5847,89
2021-09-08,Ventura,111,848112,93067,91345,3983,95328,1096
2021-09-08,Yolo,113,214977,18051,17680,794,18474,239
2021-09-08,Yuba,115,75493,8847,8675,190,8865,55
2021-09-07,Alameda,001,1643700,111691,110550,2499,113049,1301
2021-09-07,Alpine,003,1148,96,94,0,94,0
2021-09-07,Amador,005,37829,4765,4679,45,4724,53
2021-09-07,Butte,007,227075,17374,16723,3010,19733,220
2021-09-07,Calaveras,009,45235,3210,3140,20,3160,63
2021-09-07,Colusa,011,21464,2353,2306,509,2815,16
2021-09-07,Contra Costa,013,1133247,92413,91167,1824,92991,891
2021-09-07,Del Norte,015,27424,3247,3081,20,3101,24
2021-09-07,El Dorado,017,186661,14231,13892,1390,15282,119
2021-09-07,Fresno,019,978130,122677,120268,10828,131096,1828
2021-09-07,Glenn,021,27897,3049,2937,862,3799,20
2021-09-07,Humboldt,023,135768,7615,7397,324,7721,52
2021-09-07,Imperial,025,180216,30890,30584,2883,33467,751
2021-09-07,Inyo,027,18085,1602,1579,29,1608,39
2021-09-07,Kern,029,883053,113262,110674,16542,127216,1408
2021-09-07,Kings,031,150075,27928,27169,1496,28665,267
2021-09-07,Lake,033,64148,5808,5597,99,5696,78
2021-09-07,Lassen,035,31185,5991,5842,210,6052,21
2021-09-07,Los Angeles,037,10098052,1375284,1360407,50151,1410558,25486
2021-09-07,Madera,039,155013,19878,19316,1517,20833,249
2021-09-07,Marin,041,260295,16566,16363,365,16728,242
2021-09-07,Mariposa,043,17540,817,771,27,798,5
2021-09-07,Mendocino,045,87422,6321,6036,248,6284,61
2021-09-07,Merced,047,269075,37003,36400,1410,37810,513
2021-09-07,Modoc,049,8938,460,449,158,607,5
2021-09-07,Mono,051,14174,1445,1416,17,1433,3
2021-09-07,Monterey,053,433212,46659,45911,2432,48343,543
2021-09-07,Napa,055,140530,11984,11814,76,11890,90
2021-09-07,Nevada,057,99092,8016,7829,261,8090,82
2021-09-07,Orange,059,3164182,292336,288225,13592,301817,5274
2021-09-07,Placer,061,380077,32624,31710,2963,34673,337
2021-09-07,Plumas,063,18699,1149,1071,22,1093,5
2021-09-07,Riverside,065,2383286,339831,333390,15456,348846,4666
2021-09-07,Sacramento,067,1510023,142949,142364,3318,145682,1905
2021-09-07,San Benito,069,59416,6822,6786,136,6922,64
2021-09-07,San Bernardino,071,2135413,333810,329962,10309,340271,5407
2021-09-07,San Diego,073,3302833,345151,340709,20280,360989,3922
2021-09-07,San Francisco,075,870044,48915,48175,2036,50211,589
2021-09-07,San Joaquin,077,732212,90789,89468,4715,94183,1548
2021-09-07,San Luis Obispo,079,281455,26843,26253,1016,27269,287
2021-09-07,San Mateo,081,765935,50810,49913,741,50654,561
2021-09-07,Santa Barbara,083,443738,40845,39957,1400,41357,489
2021-09-07,Santa Clara,085,1922200,138261,136631,1037,137668,1807
2021-09-07,Santa Cruz,087,273765,18951,18669,949,19618,210
2021-09-07,Shasta,089,179085,16949,16096,2584,18680,226
2021-09-07,Sierra,091,2930,129,111,13,124,0
2021-09-07,Siskiyou,093,43540,2788,2607,902,3509,34
2021-09-07,Solano,095,438530,42872,41862,1070,42932,300
2021-09-07,Sonoma,097,501317,38466,38013,457,38470,358
2021-09-07,Stanislaus,099,539301,69637,68831,7737,76568,1074
2021-09-07,Sutter,101,95872,12459,12310,197,12507,138
2021-09-07,Tehama,103,63373,6742,6482,1047,7529,74
2021-09-07,Trinity,105,12862,667,517,174,691,6
2021-09-07,Tulare,107,460477,59008,57228,11754,68982,874
2021-09-07,Tuolumne,109,53932,5879,5759,64,5823,88
2021-09-07,Ventura,111,848112,92856,91246,3973,95219,1093
2021-09-07,Yolo,113,214977,17982,17653,789,18442,235
2021-09-07,Yuba,115,75493,8804,8642,185,8827,55
2021-09-06,Alameda,001,1643700,111381,110357,2491,112848,1301
2021-09-06,Alpine,003,1148,94,94,0,94,0
2021-09-06,Amador,005,37829,4749,4648,44,4692,53
2021-09-06,Butte,007,227075,17182,16588,2967,19555,218
2021-09-06,Calaveras,009,45235,3188,3122,20,3142,63
2021-09-06,Colusa,011,21464,2346,2306,505,2811,16
2021-09-06,Contra Costa,013,1133247,92118,90971,1814,92785,891
2021-09-06,Del Norte,015,27424,3206,3037,19,3056,24
2021-09-06,El Dorado,017,186661,14162,13848,1374,15222,119
2021-09-06,Fresno,019,978130,122102,119738,10753,130491,1828
2021-09-06,Glenn,021,27897,3020,2912,854,3766,20
2021-09-06,Humboldt,023,135768,7539,7320,306,7626,52
2021-09-06,Imperial,025,180216,30827,30576,2877,33453,751
2021-09-06,Inyo,027,18085,1593,1578,17,1595,39
2021-09-06,Kern,029,883053,112749,110347,16354,126701,1408
2021-09-06,Kings,031,150075,27785,27094,1481,28575,264
2021-09-06,Lake,033,64148,5744,5548,92,5640,78
2021-09-06,Lassen,035,31185,5965,5822,200,6022,21
2021-09-06,Los Angeles,037,10098052,1372909,1359348,50036,1409384,25477
2021-09-06,Madera,039,155013,19775,19191,1494,20685,249
2021-09-06,Marin,041,260295,16526,16356,365,16721,242
2021-09-06,Mariposa,043,17540,805,764,27,791,5
2021-09-06,Mendocino,045,87422,6251,5984,235,6219,61
2021-09-06,Merced,047,269075,36789,36300,1396,37696,513
2021-09-06,Modoc,049,8938,457,449,158,607,5
2021-09-06,Mono,051,14174,1441,1416,17,1433,3
2021-09-06,Monterey,053,433212,46565,45833,2416,48249,541
2021-09-06,Napa,055,140530,11941,11792,75,11867,90
2021-09-06,Nevada,057,99092,7968,7748,259,8007,82
2021-09-06,Orange,059,3164182,291842,287948,13541,301489,5274
2021-09-06,Placer,061,380077,32447,31595,2925,34520,337
2021-09-06,Plumas,063,18699,1128,1068,19,1087,5
2021-09-06,Riverside,065,2383286,339015,333052,15436,348488,4666
2021-09-06,Sacramento,067,1510023,142313,141730,3250,144980,1905
2021-09-06,San Benito,069,59416,6799,6777,133,6910,64
2021-09-06,San Bernardino,071,2135413,332921,329693,10278,339971,5398
2021-09-06,San Diego,073,3302833,344152,340222,20183,360405,3922
2021-09-06,San Francisco,075,870044,48781,48120,2031,50151,589
2021-09-06,San Joaquin,077,732212,90445,89293,4689,93982,1548
2021-09-06,San Luis Obispo,079,281455,26714,26183,1012,27195,286
2021-09-06,San Mateo,081,765935,50680,49859,739,50598,561
2021-09-06,Santa Barbara,083,443738,40714,39876,1391,41267,489
2021-09-06,Santa Clara,085,1922200,137969,136458,1035,137493,1807
2021-09-06,Santa Cruz,087,273765,18902,18615,946,19561,210
2021-09-06,Shasta,089,179085,16768,15985,2530,18515,226
2021-09-06,Sierra,091,2930,129,109,13,122,0
2021-09-06,Siskiyou,093,43540,2744,2595,868,3463,34
2021-09-06,Solano,095,438530,42724,41774,1064,42838,300
2021-09-06,Sonoma,097,501317,38345,37929,456,38385,358
2021-09-06,Stanislaus,099,539301,69295,68596,7693,76289,1074
2021-09-06,Sutter,101,95872,12397,12238,188,12426,138
2021-09-06,Tehama,103,63373,6680,6413,1020,7433,74
2021-09-06,Trinity,105,12862,664,515,172,687,6
2021-09-06,Tulare,107,460477,58650,57068,11674,68742,874
2021-09-06,Tuolumne,109,53932,5843,5697,64,5761,88
2021-09-06,Ventura,111,848112,92679,91132,3961,95093,1093
2021-09-06,Yolo,113,214977,17896,17576,784,18360,235
2021-09-06,Yuba,115,75493,8754,8584,181,8765,55
2021-09-05,Alameda,001,1643700,111188,110173,2488,112661,1301
2021-09-05,Alpine,003,1148,94,94,0,94,0
2021-09-05,Amador,005,37829,4737,4642,44,4686,53
2021-09-05,Butte,007,227075,17092,16504,2939,19443,218
2021-09-05,Calaveras,009,45235,3182,3106,20,3126,63
2021-09-05,Colusa,011,21464,2338,2305,503,2808,16
2021-09-05,Contra Costa,013,1133247,91933,90862,1809,92671,891
2021-09-05,Del Norte,015,27424,3186,3023,19,3042,24
2021-09-05,El Dorado,017,186661,14133,13827,1361,15188,119
2021-09-05,Fresno,019,978130,121803,119384,10712,130096,1828
2021-09-05,Glenn,021,27897,3006,2899,852,3751,20
2021-09-05,Humboldt,023,135768,7506,7312,303,7615,52
2021-09-05,Imperial,025,180216,30798,30548,2875,33423,751
2021-09-05,Inyo,027,18085,1590,1572,17,1589,39
2021-09-05,Kern,029,883053,112450,110073,16195,126268,1408
2021-09-05,Kings,031,150075,27708,26989,1477,28466,264
2021-09-05,Lake,033,64148,5724,5525,92,5617,78
2021-09-05,Lassen,035,31185,5943,5820,196,6016,21
2021-09-05,Los Angeles,037,10098052,1371614,1357748,49968,1407716,25465
2021-09-05,Madera,039,155013,19734,19155,1483,20638,249
2021-09-05,Marin,041,260295,16507,16342,364,16706,242
2021-09-05,Mariposa,043,17540,801,761,27,788,5
2021-09-05,Mendocino,045,87422,6217,5965,235,6200,61
2021-09-05,Merced,047,269075,36714,36243,1394,37637,513
2021-09-05,Modoc,049,8938,457,447,158,605,5
2021-09-05,Mono,051,14174,1441,1416,17,1433,3
2021-09-05,Monterey,053,433212,46537,45795,2407,48202,540
2021-09-05,Napa,055,140530,11916,11770,75,11845,90
2021-09-05,Nevada,057,99092,7946,7722,258,7980,82
2021-09-05,Orange,059,3164182,291554,287614,13524,301138,5274
2021-09-05,Placer,061,380077,32319,31487,2911,34398,337
2021-09-05,Plumas,063,18699,1121,1067,19,1086,5
2021-09-05,Riverside,065,2383286,338559,332604,15424,348028,4654
2021-09-05,Sacramento,067,1510023,141875,141276,3233,144509,1905
2021-09-05,San Benito,069,59416,6798,6764,133,6897,64
2021-09-05,San Bernardino,071,2135413,332536,329062,10262,339324,5392
2021-09-05,San Diego,073,3302833,343600,339427,20142,359569,3914
2021-09-05,San Francisco,075,870044,48703,48035,2027,50062,589
2021-09-05,San Joaquin,077,732212,90279,89121,4672,93793,1548
2021-09-05,San Luis Obispo,079,281455,26664,26098,1011,27109,285
2021-09-05,San Mateo,081,765935,50612,49809,735,50544,561
2021-09-05,Santa Barbara,083,443738,40647,39762,1389,41151,489
2021-09-05,Santa Clara,085,1922200,137759,136146,1033,137179,1807
2021-09-05,Santa Cruz,087,273765,18882,18588,944,19532,210
2021-09-05,Shasta,089,179085,16686,15960,2504,18464,226
2021-09-05,Sierra,091,2930,128,109,13,122,0
2021-09-05,Siskiyou,093,43540,2727,2585,854,3439,34
2021-09-05,Solano,095,438530,42629,41687,1059,42746,300
2021-09-05,Sonoma,097,501317,38260,37881,455,38336,358
2021-09-05,Stanislaus,099,539301,69155,68434,7669,76103,1074
2021-09-05,Sutter,101,95872,12367,12179,182,12361,138
2021-09-05,Tehama,103,63373,6653,6400,1014,7414,74
2021-09-05,Trinity,105,12862,658,505,171,676,6
2021-09-05,Tulare,107,460477,58481,56915,11630,68545,874
2021-09-05,Tuolumne,109,53932,5831,5688,64,5752,88
2021-09-05,Ventura,111,848112,92543,91004,3957,94961,1093
2021-09-05,Yolo,113,214977,17859,17557,779,18336,235
2021-09-05,Yuba,115,75493,8728,8521,179,8700,55
2021-09-04,Alameda,001,1643700,111065,109944,2481,112425,1301
2021-09-04,Alpine,003,1148,94,94,0,94,0
2021-09-04,Amador,005,37829,4719,4637,43,4680,53
2021-09-04,Butte,007,227075,17034,16403,2924,19327,218
2021-09-04,Calaveras,009,45235,3170,3087,19,3106,63
2021-09-04,Colusa,011,21464,2336,2301,503,2804,16
2021-09-04,Contra Costa,013,1133247,91816,90623,1806,92429,891
2021-09-04,Del Norte,015,27424,3175,2984,19,3003,24
2021-09-04,El Dorado,017,186661,14107,13782,1353,15135,119
2021-09-04,Fresno,019,978130,121608,119033,10691,129724,1828
2021-09-04,Glenn,021,27897,2996,2878,846,3724,20
2021-09-04,Humboldt,023,135768,7475,7298,297,7595,52
2021-09-04,Imperial,025,180216,30775,30526,2873,33399,751
2021-09-04,Inyo,027,18085,1588,1571,17,1588,39
2021-09-04,Kern,029,883053,112207,109751,16065,125816,1408
2021-09-04,Kings,031,150075,27621,26896,1471,28367,263
2021-09-04,Lake,033,64148,5706,5507,92,5599,78
2021-09-04,Lassen,035,31185,5928,5814,188,6002,21
2021-09-04,Los Angeles,037,10098052,1370658,1355634,49911,1405545,25454
2021-09-04,Madera,039,155013,19701,19112,1476,20588,249
2021-09-04,Marin,041,260295,16491,16319,363,16682,242
2021-09-04,Mariposa,043,17540,796,759,27,786,5
2021-09-04,Mendocino,045,87422,6181,5933,235,6168,61
2021-09-04,Merced,047,269075,36670,36083,1389,37472,513
2021-09-04,Modoc,049,8938,457,447,158,605,5
2021-09-04,Mono,051,14174,1438,1417,17,1434,3
2021-09-04,Monterey,053,433212,46506,45756,2403,48159,540
2021-09-04,Napa,055,140530,11891,11760,73,11833,90
2021-09-04,Nevada,057,99092,7931,7691,257,7948,82
2021-09-04,Orange,059,3164182,291291,287244,13503,300747,5274
2021-09-04,Placer,061,380077,32215,31374,2894,34268,337
2021-09-04,Plumas,063,18699,1113,1067,19,1086,5
2021-09-04,Riverside,065,2383286,338089,331958,15412,347370,4654
2021-09-04,Sacramento,067,1510023,141581,140735,3225,143960,1896
2021-09-04,San Benito,069,59416,6789,6758,133,6891,64
2021-09-04,San Bernardino,071,2135413,332204,328425,10248,338673,5393
2021-09-04,San Diego,073,3302833,343165,338748,20120,358868,3914
2021-09-04,San Francisco,075,870044,48628,47937,2019,49956,589
2021-09-04,San Joaquin,077,732212,90164,88846,4664,93510,1548
2021-09-04,San Luis Obispo,079,281455,26632,26020,1011,27031,285
2021-09-04,San Mateo,081,765935,50558,49721,735,50456,560
2021-09-04,Santa Barbara,083,443738,40581,39667,1387,41054,489
2021-09-04,Santa Clara,085,1922200,137574,135845,1030,136875,1806
2021-09-04,Santa Cruz,087,273765,18864,18579,940,19519,210
2021-09-04,Shasta,089,179085,16609,15924,2478,18402,226
2021-09-04,Sierra,091,2930,126,108,13,121,0
2021-09-04,Siskiyou,093,43540,2701,2563,843,3406,34
2021-09-04,Solano,095,438530,42556,41614,1057,42671,300
2021-09-04,Sonoma,097,501317,38227,37809,455,38264,358
2021-09-04,Stanislaus,099,539301,69008,68210,7644,75854,1074
2021-09-04,Sutter,101,95872,12326,12137,181,12318,138
2021-09-04,Tehama,103,63373,6628,6367,996,7363,74
2021-09-04,Trinity,105,12862,656,497,171,668,6
2021-09-04,Tulare,107,460477,58373,56719,11587,68306,874
2021-09-04,Tuolumne,109,53932,5812,5667,62,5729,88
2021-09-04,Ventura,111,848112,92408,90904,3954,94858,1090
2021-09-04,Yolo,113,214977,17823,17522,775,18297,235
2021-09-04,Yuba,115,75493,8699,8475,178,8653,55
2021-09-03,Alameda,001,1643700,110905,109636,2479,112115,1301
2021-09-03,Alpine,003,1148,94,94,0,94,0
2021-09-03,Amador,005,37829,4697,4614,43,4657,53
2021-09-03,Butte,007,227075,16943,16259,2898,19157,215
2021-09-03,Calaveras,009,45235,3160,3069,19,3088,63
2021-09-03,Colusa,011,21464,2331,2295,502,2797,16
2021-09-03,Contra Costa,013,1133247,91664,90299,1803,92102,886
2021-09-03,Del Norte,015,27424,3147,2943,18,2961,24
2021-09-03,El Dorado,017,186661,14074,13710,1349,15059,119
2021-09-03,Fresno,019,978130,121273,118508,10669,129177,1822
2021-09-03,Glenn,021,27897,2987,2867,838,3705,20
2021-09-03,Humboldt,023,135768,7450,7194,292,7486,52
2021-09-03,Imperial,025,180216,30752,30475,2868,33343,751
2021-09-03,Inyo,027,18085,1583,1567,17,1584,39
2021-09-03,Kern,029,883053,111991,109296,15954,125250,1407
2021-09-03,Kings,031,150075,27537,26753,1468,28221,263
2021-09-03,Lake,033,64148,5686,5479,90,5569,78
2021-09-03,Lassen,035,31185,5911,5789,184,5973,21
2021-09-03,Los Angeles,037,10098052,1369328,1351185,49845,1401030,25384
2021-09-03,Madera,039,155013,19616,19021,1470,20491,247
2021-09-03,Marin,041,260295,16469,16293,362,16655,242
2021-09-03,Mariposa,043,17540,789,753,25,778,5
2021-09-03,Mendocino,045,87422,6146,5891,235,6126,61
2021-09-03,Merced,047,269075,36616,35941,1380,37321,512
2021-09-03,Modoc,049,8938,457,445,158,603,5
2021-09-03,Mono,051,14174,1437,1410,17,1427,3
2021-09-03,Monterey,053,433212,46468,45707,2399,48106,540
2021-09-03,Napa,055,140530,11870,11733,73,11806,89
2021-09-03,Nevada,057,99092,7897,7632,257,7889,82
2021-09-03,Orange,059,3164182,290973,286818,13476,300294,5253
2021-09-03,Placer,061,380077,32108,31238,2870,34108,335
2021-09-03,Plumas,063,18699,1102,1057,19,1076,5
2021-09-03,Riverside,065,2383286,337556,331011,15396,346407,4653
2021-09-03,Sacramento,067,1510023,141217,139982,3207,143189,1886
2021-09-03,San Benito,069,59416,6783,6746,133,6879,64
2021-09-03,San Bernardino,071,2135413,331787,327599,10238,337837,5381
2021-09-03,San Diego,073,3302833,342545,337627,20087,357714,3911
2021-09-03,San Francisco,075,870044,48552,47822,2013,49835,589
2021-09-03,San Joaquin,077,732212,90011,88366,4656,93022,1540
2021-09-03,San Luis Obispo,079,281455,26556,25917,1009,26926,283
2021-09-03,San Mateo,081,765935,50463,49617,733,50350,560
2021-09-03,Santa Barbara,083,443738,40514,39507,1384,40891,489
2021-09-03,Santa Clara,085,1922200,137372,135522,1026,136548,1801
2021-09-03,Santa Cruz,087,273765,18839,18532,940,19472,210
2021-09-03,Shasta,089,179085,16534,15778,2454,18232,226
2021-09-03,Sierra,091,2930,124,105,13,118,0
2021-09-03,Siskiyou,093,43540,2689,2529,830,3359,34
2021-09-03,Solano,095,438530,42460,41457,1054,42511,300
2021-09-03,Sonoma,097,501317,38164,37699,455,38154,358
2021-09-03,Stanislaus,099,539301,68832,67887,7618,75505,1074
2021-09-03,Sutter,101,95872,12287,12073,180,12253,139
2021-09-03,Tehama,103,63373,6589,6334,989,7323,72
2021-09-03,Trinity,105,12862,654,490,167,657,6
2021-09-03,Tulare,107,460477,58247,56401,11535,67936,872
2021-09-03,Tuolumne,109,53932,5770,5630,62,5692,88
2021-09-03,Ventura,111,848112,92274,90742,3950,94692,1088
2021-09-03,Yolo,113,214977,17800,17446,770,18216,235
2021-09-03,Yuba,115,75493,8668,8412,178,8590,55
2021-09-02,Alameda,001,1643700,110647,109377,2476,111853,1301
2021-09-02,Alpine,003,1148,93,92,0,92,0
2021-09-02,Amador,005,37829,4681,4606,43,4649,53
2021-09-02,Butte,007,227075,16816,16154,2879,19033,215
2021-09-02,Calaveras,009,45235,3147,3042,19,3061,62
2021-09-02,Colusa,011,21464,2327,2290,502,2792,16
2021-09-02,Contra Costa,013,1133247,91482,90038,1792,91830,886
2021-09-02,Del Norte,015,27424,3116,2891,18,2909,24
2021-09-02,El Dorado,017,186661,14015,13641,1324,14965,119
2021-09-02,Fresno,019,978130,120785,117974,10615,128589,1804
2021-09-02,Glenn,021,27897,2971,2855,832,3687,20
2021-09-02,Humboldt,023,135768,7403,7141,281,7422,52
2021-09-02,Imperial,025,180216,30708,30449,2863,33312,751
2021-09-02,Inyo,027,18085,1578,1564,16,1580,39
2021-09-02,Kern,029,883053,111578,108930,15810,124740,1404
2021-09-02,Kings,031,150075,27444,26638,1458,28096,263
2021-09-02,Lake,033,64148,5656,5432,86,5518,78
2021-09-02,Lassen,035,31185,5897,5747,177,5924,21
2021-09-02,Los Angeles,037,10098052,1367472,1351105,49752,1400857,25382
2021-09-02,Madera,039,155013,19525,18937,1452,20389,247
2021-09-02,Marin,041,260295,16456,16244,360,16604,242
2021-09-02,Mariposa,043,17540,782,745,22,767,5
2021-09-02,Mendocino,045,87422,6104,5848,232,6080,61
2021-09-02,Merced,047,269075,36453,35820,1373,37193,508
2021-09-02,Modoc,049,8938,457,437,158,595,5
2021-09-02,Mono,051,14174,1437,1409,17,1426,3
2021-09-02,Monterey,053,433212,46402,45648,2384,48032,539
2021-09-02,Napa,055,140530,11841,11684,73,11757,88
2021-09-02,Nevada,057,99092,7845,7575,256,7831,82
2021-09-02,Orange,059,3164182,290513,286326,13442,299768,5240
2021-09-02,Placer,061,380077,31970,31067,2841,33908,330
2021-09-02,Plumas,063,18699,1091,1045,18,1063,5
2021-09-02,Riverside,065,2383286,336842,330190,15372,345562,4644
2021-09-02,Sacramento,067,1510023,140636,139274,3168,142442,1882
2021-09-02,San Benito,069,59416,6778,6734,132,6866,64
2021-09-02,San Bernardino,071,2135413,331178,326940,10165,337105,5369
2021-09-02,San Diego,073,3302833,341587,336382,20034,356416,3909
2021-09-02,San Francisco,075,870044,48444,47674,2009,49683,587
2021-09-02,San Joaquin,077,732212,89727,88056,4632,92688,1540
2021-09-02,San Luis Obispo,079,281455,26470,25851,1004,26855,283
2021-09-02,San Mateo,081,765935,50362,49490,731,50221,558
2021-09-02,Santa Barbara,083,443738,40424,39386,1371,40757,486
2021-09-02,Santa Clara,085,1922200,137071,135216,1020,136236,1799
2021-09-02,Santa Cruz,087,273765,18805,18473,937,19410,210
2021-09-02,Shasta,089,179085,16396,15670,2425,18095,224
2021-09-02,Sierra,091,2930,124,105,13,118,0
2021-09-02,Siskiyou,093,43540,2668,2513,802,3315,34
2021-09-02,Solano,095,438530,42354,41293,1051,42344,294
2021-09-02,Sonoma,097,501317,38083,37558,455,38013,352
2021-09-02,Stanislaus,099,539301,68591,67576,7598,75174,1074
2021-09-02,Sutter,101,95872,12218,11995,176,12171,138
2021-09-02,Tehama,103,63373,6531,6265,970,7235,72
2021-09-02,Trinity,105,12862,650,484,165,649,6
2021-09-02,Tulare,107,460477,58017,56105,11484,67589,872
2021-09-02,Tuolumne,109,53932,5713,5578,62,5640,88
2021-09-02,Ventura,111,848112,92091,90610,3945,94555,1084
2021-09-02,Yolo,113,214977,17730,17357,759,18116,235
2021-09-02,Yuba,115,75493,8608,8363,178,8541,55
2021-09-01,Alameda,001,1643700,110378,109075,2471,111546,1299
2021-09-01,Alpine,003,1148,93,92,0,92,0
2021-09-01,Amador,005,37829,4665,4599,42,4641,53
2021-09-01,Butte,007,227075,16701,16046,2851,18897,215
2021-09-01,Calaveras,009,45235,3135,3023,19,3042,59
2021-09-01,Colusa,011,21464,2322,2281,501,2782,16
2021-09-01,Contra Costa,013,1133247,91247,89834,1785,91619,877
2021-09-01,Del Norte,015,27424,3083,2860,18,2878,24
2021-09-01,El Dorado,017,186661,13959,13577,1295,14872,119
2021-09-01,Fresno,019,978130,120293,117492,10546,128038,1800
2021-09-01,Glenn,021,27897,2946,2846,824,3670,20
2021-09-01,Humboldt,023,135768,7356,7090,274,7364,52
2021-09-01,Imperial,025,180216,30670,30393,2858,33251,750
2021-09-01,Inyo,027,18085,1574,1561,15,1576,39
2021-09-01,Kern,029,883053,111147,108449,15672,124121,1400
2021-09-01,Kings,031,150075,27331,26443,1447,27890,263
2021-09-01,Lake,033,64148,5615,5396,81,5477,77
2021-09-01,Lassen,035,31185,5875,5731,173,5904,21
2021-09-01,Los Angeles,037,10098052,1365205,1348589,49650,1398239,25341
2021-09-01,Madera,039,155013,19447,18852,1437,20289,247
2021-09-01,Marin,041,260295,16434,16224,355,16579,240
2021-09-01,Mariposa,043,17540,774,735,22,757,5
2021-09-01,Mendocino,045,87422,6061,5821,227,6048,59
2021-09-01,Merced,047,269075,36276,35686,1363,37049,500
2021-09-01,Modoc,049,8938,451,436,156,592,5
2021-09-01,Mono,051,14174,1437,1400,17,1417,3
2021-09-01,Monterey,053,433212,46322,45590,2369,47959,539
2021-09-01,Napa,055,140530,11808,11653,73,11726,88
2021-09-01,Nevada,057,99092,7792,7508,255,7763,82
2021-09-01,Orange,059,3164182,290038,285840,13405,299245,5233
2021-09-01,Placer,061,380077,31814,30902,2827,33729,330
2021-09-01,Plumas,063,18699,1083,1033,18,1051,5
2021-09-01,Riverside,065,2383286,336030,329388,15342,344730,4634
2021-09-01,Sacramento,067,1510023,140028,138499,3123,141622,1875
2021-09-01,San Benito,069,59416,6761,6716,132,6848,64
2021-09-01,San Bernardino,071,2135413,330531,326250,10136,336386,5364
2021-09-01,San Diego,073,3302833,340565,335302,19978,355280,3908
2021-09-01,San Francisco,075,870044,48336,47538,2002,49540,584
2021-09-01,San Joaquin,077,732212,89405,87640,4609,92249,1540
2021-09-01,San Luis Obispo,079,281455,26374,25691,999,26690,283
2021-09-01,San Mateo,081,765935,50242,49394,725,50119,558
2021-09-01,Santa Barbara,083,443738,40306,39263,1355,40618,483
2021-09-01,Santa Clara,085,1922200,136803,134855,1014,135869,1796
2021-09-01,Santa Cruz,087,273765,18758,18453,935,19388,210
2021-09-01,Shasta,089,179085,16264,15552,2385,17937,221
2021-09-01,Sierra,091,2930,123,98,13,111,0
2021-09-01,Siskiyou,093,43540,2638,2482,782,3264,34
2021-09-01,Solano,095,438530,42203,41194,1045,42239,293
2021-09-01,Sonoma,097,501317,37989,37454,454,37908,352
2021-09-01,Stanislaus,099,539301,68306,67287,7567,74854,1075
2021-09-01,Sutter,101,95872,12154,11945,169,12114,136
2021-09-01,Tehama,103,63373,6497,6228,953,7181,72
2021-09-01,Trinity,105,12862,649,482,162,644,5
2021-09-01,Tulare,107,460477,57734,55768,11447,67215,870
2021-09-01,Tuolumne,109,53932,5674,5553,62,5615,88
2021-09-01,Ventura,111,848112,91876,90471,3929,94400,1089
2021-09-01,Yolo,113,214977,17674,17264,753,18017,235
2021-09-01,Yuba,115,75493,8546,8308,178,8486,55
2021-08-31,Alameda,001,1643700,110084,108837,2465,111302,1297
2021-08-31,Alpine,003,1148,91,92,0,92,0
2021-08-31,Amador,005,37829,4644,4555,42,4597,53
2021-08-31,Butte,007,227075,16560,15896,2810,18706,216
2021-08-31,Calaveras,009,45235,3095,3008,19,3027,59
2021-08-31,Colusa,011,21464,2320,2275,499,2774,16
2021-08-31,Contra Costa,013,1133247,90952,89546,1773,91319,871
2021-08-31,Del Norte,015,27424,3047,2830,18,2848,19
2021-08-31,El Dorado,017,186661,13888,13539,1277,14816,119
2021-08-31,Fresno,019,978130,119717,117155,10467,127622,1801
2021-08-31,Glenn,021,27897,2930,2829,814,3643,20
2021-08-31,Humboldt,023,135768,7281,7030,261,7291,52
2021-08-31,Imperial,025,180216,30633,30348,2850,33198,750
2021-08-31,Inyo,027,18085,1570,1550,15,1565,39
2021-08-31,Kern,029,883053,110645,108151,15493,123644,1393
2021-08-31,Kings,031,150075,27190,26405,1433,27838,260
2021-08-31,Lake,033,64148,5571,5359,80,5439,74
2021-08-31,Lassen,035,31185,5849,5702,170,5872,21
2021-08-31,Los Angeles,037,10098052,1362613,1346686,49572,1396258,25303
2021-08-31,Madera,039,155013,19357,18811,1420,20231,247
2021-08-31,Marin,041,260295,16405,16215,352,16567,240
2021-08-31,Mariposa,043,17540,766,732,22,754,5
2021-08-31,Mendocino,045,87422,6019,5777,226,6003,59
2021-08-31,Merced,047,269075,36106,35512,1358,36870,498
2021-08-31,Modoc,049,8938,450,436,156,592,5
2021-08-31,Mono,051,14174,1425,1398,17,1415,3
2021-08-31,Monterey,053,433212,46238,45550,2356,47906,539
2021-08-31,Napa,055,140530,11760,11618,73,11691,88
2021-08-31,Nevada,057,99092,7726,7460,255,7715,82
2021-08-31,Orange,059,3164182,289439,285310,13373,298683,5229
2021-08-31,Placer,061,380077,31624,30745,2790,33535,325
2021-08-31,Plumas,063,18699,1079,1018,17,1035,5
2021-08-31,Riverside,065,2383286,335057,328556,15309,343865,4627
2021-08-31,Sacramento,067,1510023,139344,137879,3091,140970,1863
2021-08-31,San Benito,069,59416,6749,6694,130,6824,64
2021-08-31,San Bernardino,071,2135413,329782,325446,10116,335562,5350
2021-08-31,San Diego,073,3302833,339312,334377,19920,354297,3888
2021-08-31,San Francisco,075,870044,48186,47440,1991,49431,581
2021-08-31,San Joaquin,077,732212,88961,87365,4594,91959,1540
2021-08-31,San Luis Obispo,079,281455,26251,25518,995,26513,282
2021-08-31,San Mateo,081,765935,50130,49299,725,50024,556
2021-08-31,Santa Barbara,083,443738,40156,39091,1349,40440,481
2021-08-31,Santa Clara,085,1922200,136452,134637,1007,135644,1793
2021-08-31,Santa Cruz,087,273765,18720,18419,932,19351,210
2021-08-31,Shasta,089,179085,16112,15368,2358,17726,220
2021-08-31,Sierra,091,2930,120,95,13,108,0
2021-08-31,Siskiyou,093,43540,2618,2435,766,3201,33
2021-08-31,Solano,095,438530,42064,41067,1039,42106,289
2021-08-31,Sonoma,097,501317,37893,37379,453,37832,352
2021-08-31,Stanislaus,099,539301,67951,67004,7532,74536,1075
2021-08-31,Sutter,101,95872,12089,11901,165,12066,136
2021-08-31,Tehama,103,63373,6436,6169,922,7091,72
2021-08-31,Trinity,105,12862,643,480,162,642,3
2021-08-31,Tulare,107,460477,57400,55567,11377,66944,870
2021-08-31,Tuolumne,109,53932,5638,5516,62,5578,88
2021-08-31,Ventura,111,848112,91657,90292,3917,94209,1081
2021-08-31,Yolo,113,214977,17593,17205,746,17951,234
2021-08-31,Yuba,115,75493,8492,8253,178,8431,54
2021-08-30,Alameda,001,1643700,109767,107734,2454,110188,1296
2021-08-30,Alpine,003,1148,91,92,0,92,0
2021-08-30,Amador,005,37829,4633,4507,42,4549,53
2021-08-30,Butte,007,227075,16408,15719,2777,18496,214
2021-08-30,Calaveras,009,45235,3080,2975,19,2994,59
2021-08-30,Colusa,011,21464,2311,2271,496,2767,16
2021-08-30,Contra Costa,013,1133247,90692,87679,1763,89442,872
2021-08-30,Del Norte,015,27424,3005,2796,17,2813,11
2021-08-30,El Dorado,017,186661,13819,13217,1260,14477,119
2021-08-30,Fresno,019,978130,119145,115867,10395,126262,1790
2021-08-30,Glenn,021,27897,2919,2804,808,3612,20
2021-08-30,Humboldt,023,135768,7227,6930,255,7185,52
2021-08-30,Imperial,025,180216,30595,30311,2845,33156,750
2021-08-30,Inyo,027,18085,1565,1544,15,1559,39
2021-08-30,Kern,029,883053,110166,107615,15331,122946,1389
2021-08-30,Kings,031,150075,27073,26236,1418,27654,259
2021-08-30,Lake,033,64148,5536,5323,77,5400,74
2021-08-30,Lassen,035,31185,5827,5667,164,5831,21
2021-08-30,Los Angeles,037,10098052,1360151,1344949,49487,1394436,25269
2021-08-30,Madera,039,155013,19275,18622,1400,20022,247
2021-08-30,Marin,041,260295,16374,16160,352,16512,240
2021-08-30,Mariposa,043,17540,760,715,21,736,5
2021-08-30,Mendocino,045,87422,5985,5721,222,5943,55
2021-08-30,Merced,047,269075,35978,35335,1354,36689,497
2021-08-30,Modoc,049,8938,448,436,155,591,5
2021-08-30,Mono,051,14174,1424,1390,17,1407,3
2021-08-30,Monterey,053,433212,46176,45463,2339,47802,539
2021-08-30,Napa,055,140530,11711,11579,71,11650,87
2021-08-30,Nevada,057,99092,7667,7356,252,7608,82
2021-08-30,Orange,059,3164182,288858,284750,13324,298074,5223
2021-08-30,Placer,061,380077,31459,29825,2767,32592,319
2021-08-30,Plumas,063,18699,1062,998,17,1015,5
2021-08-30,Riverside,065,2383286,334166,327593,15278,342871,4623
2021-08-30,Sacramento,067,1510023,138686,134571,3045,137616,1847
2021-08-30,San Benito,069,59416,6740,6663,130,6793,64
2021-08-30,San Bernardino,071,2135413,329104,324870,10086,334956,5348
2021-08-30,San Diego,073,3302833,338041,333011,19840,352851,3885
2021-08-30,San Francisco,075,870044,48046,46966,1978,48944,581
2021-08-30,San Joaquin,077,732212,88630,86203,4573,90776,1528
2021-08-30,San Luis Obispo,079,281455,26126,25422,988,26410,280
2021-08-30,San Mateo,081,765935,50004,48839,719,49558,554
2021-08-30,Santa Barbara,083,443738,40004,38998,1344,40342,481
2021-08-30,Santa Clara,085,1922200,136130,133281,1000,134281,1789
2021-08-30,Santa Cruz,087,273765,18666,18326,928,19254,210
2021-08-30,Shasta,089,179085,15983,15238,2319,17557,217
2021-08-30,Sierra,091,2930,118,91,13,104,0
2021-08-30,Siskiyou,093,43540,2605,2411,755,3166,33
2021-08-30,Solano,095,438530,41903,39986,1035,41021,290
2021-08-30,Sonoma,097,501317,37788,36764,453,37217,352
2021-08-30,Stanislaus,099,539301,67612,66173,7501,73674,1074
2021-08-30,Sutter,101,95872,12019,11791,158,11949,136
2021-08-30,Tehama,103,63373,6357,6085,898,6983,71
2021-08-30,Trinity,105,12862,632,468,159,627,3
2021-08-30,Tulare,107,460477,57088,55140,11302,66442,870
2021-08-30,Tuolumne,109,53932,5592,5492,62,5554,74
2021-08-30,Ventura,111,848112,91441,90149,3905,94054,1082
2021-08-30,Yolo,113,214977,17531,17071,742,17813,231
2021-08-30,Yuba,115,75493,8418,8129,177,8306,54
2021-08-29,Alameda,001,1643700,109435,107494,2443,109937,1296
2021-08-29,Alpine,003,1148,91,92,0,92,0
2021-08-29,Amador,005,37829,4619,4501,42,4543,53
2021-08-29,Butte,007,227075,16238,15602,2740,18342,214
2021-08-29,Calaveras,009,45235,3048,2970,19,2989,59
2021-08-29,Colusa,011,21464,2304,2260,490,2750,16
2021-08-29,Contra Costa,013,1133247,90396,87439,1758,89197,872
2021-08-29,Del Norte,015,27424,2962,2752,17,2769,11
2021-08-29,El Dorado,017,186661,13763,13166,1249,14415,119
2021-08-29,Fresno,019,978130,118548,115502,10326,125828,1790
2021-08-29,Glenn,021,27897,2901,2778,801,3579,20
2021-08-29,Humboldt,023,135768,7183,6922,240,7162,52
2021-08-29,Imperial,025,180216,30534,30293,2834,33127,750
2021-08-29,Inyo,027,18085,1555,1543,14,1557,39
2021-08-29,Kern,029,883053,109715,107324,15161,122485,1389
2021-08-29,Kings,031,150075,26919,26143,1404,27547,259
2021-08-29,Lake,033,64148,5496,5293,67,5360,74
2021-08-29,Lassen,035,31185,5804,5666,160,5826,21
2021-08-29,Los Angeles,037,10098052,1357403,1342541,49376,1391917,25263
2021-08-29,Madera,039,155013,19188,18594,1384,19978,247
2021-08-29,Marin,041,260295,16343,16134,350,16484,240
2021-08-29,Mariposa,043,17540,754,709,19,728,5
2021-08-29,Mendocino,045,87422,5927,5689,209,5898,55
2021-08-29,Merced,047,269075,35739,35250,1342,36592,497
2021-08-29,Modoc,049,8938,445,436,155,591,5
2021-08-29,Mono,051,14174,1417,1387,17,1404,3
2021-08-29,Monterey,053,433212,46070,45424,2316,47740,539
2021-08-29,Napa,055,140530,11680,11552,71,11623,87
2021-08-29,Nevada,057,99092,7610,7294,251,7545,82
2021-08-29,Orange,059,3164182,288230,284432,13282,297714,5223
2021-08-29,Placer,061,380077,31287,29674,2726,32400,319
2021-08-29,Plumas,063,18699,1051,996,17,1013,5
2021-08-29,Riverside,065,2383286,333308,326987,15257,342244,4623
2021-08-29,Sacramento,067,1510023,137933,133981,2996,136977,1843
2021-08-29,San Benito,069,59416,6715,6646,130,6776,64
2021-08-29,San Bernardino,071,2135413,328319,324266,10052,334318,5347
2021-08-29,San Diego,073,3302833,336935,332014,19745,351759,3880
2021-08-29,San Francisco,075,870044,47911,46885,1966,48851,581
2021-08-29,San Joaquin,077,732212,88182,85922,4553,90475,1528
2021-08-29,San Luis Obispo,079,281455,25928,25288,980,26268,280
2021-08-29,San Mateo,081,765935,49891,48737,714,49451,554
2021-08-29,Santa Barbara,083,443738,39838,38900,1340,40240,481
2021-08-29,Santa Clara,085,1922200,135777,132979,994,133973,1789
2021-08-29,Santa Cruz,087,273765,18619,18285,926,19211,210
2021-08-29,Shasta,089,179085,15829,15198,2292,17490,217
2021-08-29,Sierra,091,2930,116,91,13,104,0
2021-08-29,Siskiyou,093,43540,2558,2407,735,3142,33
2021-08-29,Solano,095,438530,41749,39887,1028,40915,290
2021-08-29,Sonoma,097,501317,37653,36650,449,37099,352
2021-08-29,Stanislaus,099,539301,67267,65956,7465,73421,1074
2021-08-29,Sutter,101,95872,11960,11719,151,11870,136
2021-08-29,Tehama,103,63373,6286,6040,875,6915,71
2021-08-29,Trinity,105,12862,629,468,156,624,3
2021-08-29,Tulare,107,460477,56755,54974,11218,66192,870
2021-08-29,Tuolumne,109,53932,5566,5478,61,5539,74
2021-08-29,Ventura,111,848112,91183,90114,3896,94010,1082
2021-08-29,Yolo,113,214977,17431,17015,729,17744,231
2021-08-29,Yuba,115,75493,8354,8042,177,8219,54
2021-08-28,Alameda,001,1643700,109271,107007,2434,109441,1296
2021-08-28,Alpine,003,1148,91,92,0,92,0
2021-08-28,Amador,005,37829,4600,4484,41,4525,53
2021-08-28,Butte,007,227075,16178,15487,2712,18199,214
2021-08-28,Calaveras,009,45235,3038,2926,19,2945,59
2021-08-28,Colusa,011,21464,2300,2252,488,2740,16
2021-08-28,Contra Costa,013,1133247,90185,86938,1755,88693,872
2021-08-28,Del Norte,015,27424,2935,2734,16,2750,11
2021-08-28,El Dorado,017,186661,13724,13089,1243,14332,119
2021-08-28,Fresno,019,978130,118307,115079,10295,125374,1792
2021-08-28,Glenn,021,27897,2892,2773,794,3567,20
2021-08-28,Humboldt,023,135768,7148,6887,235,7122,52
2021-08-28,Imperial,025,180216,30507,30260,2831,33091,750
2021-08-28,Inyo,027,18085,1553,1539,14,1553,39
2021-08-28,Kern,029,883053,109477,107012,15021,122033,1389
2021-08-28,Kings,031,150075,26852,26059,1401,27460,257
2021-08-28,Lake,033,64148,5473,5267,63,5330,74
2021-08-28,Lassen,035,31185,5789,5665,159,5824,21
2021-08-28,Los Angeles,037,10098052,1356188,1337097,49305,1386402,25234
2021-08-28,Madera,039,155013,19137,18553,1370,19923,247
2021-08-28,Marin,041,260295,16328,16106,350,16456,240
2021-08-28,Mariposa,043,17540,752,704,19,723,5
2021-08-28,Mendocino,045,87422,5902,5658,209,5867,55
2021-08-28,Merced,047,269075,35687,35108,1339,36447,497
2021-08-28,Modoc,049,8938,445,436,154,590,5
2021-08-28,Mono,051,14174,1414,1385,17,1402,3
2021-08-28,Monterey,053,433212,46028,45394,2311,47705,539
2021-08-28,Napa,055,140530,11657,11512,70,11582,88
2021-08-28,Nevada,057,99092,7586,7238,249,7487,82
2021-08-28,Orange,059,3164182,287873,283953,13234,297187,5222
2021-08-28,Placer,061,380077,31178,29428,2713,32141,319
2021-08-28,Plumas,063,18699,1044,991,17,1008,5
2021-08-28,Riverside,065,2383286,332720,326222,15247,341469,4623
2021-08-28,Sacramento,067,1510023,137543,132985,2979,135964,1844
2021-08-28,San Benito,069,59416,6708,6636,130,6766,64
2021-08-28,San Bernardino,071,2135413,327871,323672,10044,333716,5348
2021-08-28,San Diego,073,3302833,336351,331330,19709,351039,3880
2021-08-28,San Francisco,075,870044,47839,46654,1959,48613,581
2021-08-28,San Joaquin,077,732212,88012,85481,4544,90025,1527
2021-08-28,San Luis Obispo,079,281455,25861,25138,975,26113,280
2021-08-28,San Mateo,081,765935,49817,48575,710,49285,554
2021-08-28,Santa Barbara,083,443738,39767,38780,1340,40120,481
2021-08-28,Santa Clara,085,1922200,135570,132488,992,133480,1789
2021-08-28,Santa Cruz,087,273765,18601,18240,923,19163,210
2021-08-28,Shasta,089,179085,15726,15147,2274,17421,217
2021-08-28,Sierra,091,2930,112,91,13,104,0
2021-08-28,Siskiyou,093,43540,2550,2402,724,3126,33
2021-08-28,Solano,095,438530,41700,39610,1027,40637,290
2021-08-28,Sonoma,097,501317,37580,36466,447,36913,352
2021-08-28,Stanislaus,099,539301,67109,65670,7448,73118,1074
2021-08-28,Sutter,101,95872,11939,11669,150,11819,136
2021-08-28,Tehama,103,63373,6260,6004,864,6868,71
2021-08-28,Trinity,105,12862,625,463,155,618,3
2021-08-28,Tulare,107,460477,56625,54746,11176,65922,870
2021-08-28,Tuolumne,109,53932,5550,5469,61,5530,74
2021-08-28,Ventura,111,848112,91065,89934,3894,93828,1081
2021-08-28,Yolo,113,214977,17395,16907,722,17629,231
2021-08-28,Yuba,115,75493,8323,7985,176,8161,55
2021-08-27,Alameda,001,1643700,109061,106622,2432,109054,1296
2021-08-27,Alpine,003,1148,91,92,0,92,0
2021-08-27,Amador,005,37829,4584,4458,40,4498,53
2021-08-27,Butte,007,227075,16098,15277,2690,17967,214
2021-08-27,Calaveras,009,45235,3024,2903,19,2922,59
2021-08-27,Colusa,011,21464,2294,2240,486,2726,16
2021-08-27,Contra Costa,013,1133247,89987,86386,1752,88138,872
2021-08-27,Del Norte,015,27424,2903,2695,16,2711,11
2021-08-27,El Dorado,017,186661,13685,12968,1239,14207,119
2021-08-27,Fresno,019,978130,117873,114481,10273,124754,1774
2021-08-27,Glenn,021,27897,2874,2754,785,3539,20
2021-08-27,Humboldt,023,135768,7115,6782,232,7014,52
2021-08-27,Imperial,025,180216,30487,30201,2829,33030,750
2021-08-27,Inyo,027,18085,1552,1529,14,1543,39
2021-08-27,Kern,029,883053,109183,106570,14911,121481,1385
2021-08-27,Kings,031,150075,26773,25957,1399,27356,257
2021-08-27,Lake,033,64148,5448,5228,62,5290,74
2021-08-27,Lassen,035,31185,5773,5646,154,5800,21
2021-08-27,Los Angeles,037,10098052,1354660,1337006,49243,1386249,25230
2021-08-27,Madera,039,155013,19081,18476,1357,19833,247
2021-08-27,Marin,041,260295,16312,16055,348,16403,240
2021-08-27,Mariposa,043,17540,746,690,19,709,5
2021-08-27,Mendocino,045,87422,5871,5602,208,5810,55
2021-08-27,Merced,047,269075,35633,34906,1331,36237,495
2021-08-27,Modoc,049,8938,445,434,154,588,5
2021-08-27,Mono,051,14174,1409,1385,17,1402,3
2021-08-27,Monterey,053,433212,45979,45337,2303,47640,539
2021-08-27,Napa,055,140530,11623,11460,70,11530,87
2021-08-27,Nevada,057,99092,7546,7169,247,7416,82
2021-08-27,Orange,059,3164182,287513,283407,13195,296602,5206
2021-08-27,Placer,061,380077,31048,29157,2694,31851,320
2021-08-27,Plumas,063,18699,1038,984,17,1001,5
2021-08-27,Riverside,065,2383286,332202,325379,15232,340611,4622
2021-08-27,Sacramento,067,1510023,137108,131921,2966,134887,1838
2021-08-27,San Benito,069,59416,6702,6622,130,6752,64
2021-08-27,San Bernardino,071,2135413,327346,322893,10026,332919,5342
2021-08-27,San Diego,073,3302833,335570,330162,19655,349817,3877
2021-08-27,San Francisco,075,870044,47763,46456,1941,48397,581
2021-08-27,San Joaquin,077,732212,87829,84949,4525,89474,1524
2021-08-27,San Luis Obispo,079,281455,25812,24952,972,25924,280
2021-08-27,San Mateo,081,765935,49742,48424,706,49130,553
2021-08-27,Santa Barbara,083,443738,39675,38675,1338,40013,480
2021-08-27,Santa Clara,085,1922200,135340,132011,989,133000,1783
2021-08-27,Santa Cruz,087,273765,18562,18163,919,19082,210
2021-08-27,Shasta,089,179085,15647,14996,2258,17254,217
2021-08-27,Sierra,091,2930,111,91,13,104,0
2021-08-27,Siskiyou,093,43540,2535,2358,710,3068,33
2021-08-27,Solano,095,438530,41586,39347,1023,40370,287
2021-08-27,Sonoma,097,501317,37509,36326,446,36772,342
2021-08-27,Stanislaus,099,539301,66900,65167,7411,72578,1061
2021-08-27,Sutter,101,95872,11893,11590,148,11738,135
2021-08-27,Tehama,103,63373,6228,5964,849,6813,71
2021-08-27,Trinity,105,12862,625,458,154,612,3
2021-08-27,Tulare,107,460477,56490,54443,11131,65574,870
2021-08-27,Tuolumne,109,53932,5518,5438,61,5499,74
2021-08-27,Ventura,111,848112,90936,89774,3890,93664,1076
2021-08-27,Yolo,113,214977,17352,16805,717,17522,231
2021-08-27,Yuba,115,75493,8266,7926,176,8102,54
2021-08-26,Alameda,001,1643700,108792,106146,2424,108570,1296
2021-08-26,Alpine,003,1148,91,92,0,92,0
2021-08-26,Amador,005,37829,4569,4442,39,4481,53
2021-08-26,Butte,007,227075,15963,15159,2652,17811,214
2021-08-26,Calaveras,009,45235,3013,2873,19,2892,59
2021-08-26,Colusa,011,21464,2287,2234,482,2716,16
2021-08-26,Contra Costa,013,1133247,89627,85808,1746,87554,866
2021-08-26,Del Norte,015,27424,2867,2625,16,2641,8
2021-08-26,El Dorado,017,186661,13616,12863,1225,14088,118
2021-08-26,Fresno,019,978130,117372,113854,10220,124074,1770
2021-08-26,Glenn,021,27897,2856,2740,776,3516,20
2021-08-26,Humboldt,023,135768,7057,6695,222,6917,53
2021-08-26,Imperial,025,180216,30438,30121,2822,32943,748
2021-08-26,Inyo,027,18085,1542,1521,13,1534,39
2021-08-26,Kern,029,883053,108755,106051,14769,120820,1380
2021-08-26,Kings,031,150075,26650,25838,1391,27229,260
2021-08-26,Lake,033,64148,5402,5196,59,5255,74
2021-08-26,Lassen,035,31185,5761,5626,152,5778,21
2021-08-26,Los Angeles,037,10098052,1352384,1334372,49150,1383522,25199
2021-08-26,Madera,039,155013,19011,18393,1344,19737,247
2021-08-26,Marin,041,260295,16283,15983,345,16328,240
2021-08-26,Mariposa,043,17540,736,677,19,696,5
2021-08-26,Mendocino,045,87422,5833,5533,203,5736,55
2021-08-26,Merced,047,269075,35466,34755,1310,36065,495
2021-08-26,Modoc,049,8938,445,433,154,587,5
2021-08-26,Mono,051,14174,1405,1385,17,1402,3
2021-08-26,Monterey,053,433212,45906,45265,2292,47557,539
2021-08-26,Napa,055,140530,11600,11394,69,11463,87
2021-08-26,Nevada,057,99092,7488,7086,244,7330,80
2021-08-26,Orange,059,3164182,287021,282814,13171,295985,5200
2021-08-26,Placer,061,380077,30878,28898,2668,31566,319
2021-08-26,Plumas,063,18699,1031,971,16,987,5
2021-08-26,Riverside,065,2383286,331410,324486,15212,339698,4615
2021-08-26,Sacramento,067,1510023,136574,130977,2925,133902,1827
2021-08-26,San Benito,069,59416,6692,6604,130,6734,64
2021-08-26,San Bernardino,071,2135413,326688,322100,10001,332101,5339
2021-08-26,San Diego,073,3302833,334543,328276,19589,347865,3869
2021-08-26,San Francisco,075,870044,47637,46288,1936,48224,581
2021-08-26,San Joaquin,077,732212,87451,84429,4504,88933,1513
2021-08-26,San Luis Obispo,079,281455,25662,24831,965,25796,278
2021-08-26,San Mateo,081,765935,49613,48263,704,48967,553
2021-08-26,Santa Barbara,083,443738,39590,38566,1337,39903,479
2021-08-26,Santa Clara,085,1922200,135015,131443,985,132428,1782
2021-08-26,Santa Cruz,087,273765,18502,18072,917,18989,210
2021-08-26,Shasta,089,179085,15525,14891,2230,17121,217
2021-08-26,Sierra,091,2930,109,90,13,103,0
2021-08-26,Siskiyou,093,43540,2513,2342,697,3039,33
2021-08-26,Solano,095,438530,41437,39027,1015,40042,286
2021-08-26,Sonoma,097,501317,37420,36102,446,36548,337
2021-08-26,Stanislaus,099,539301,66600,64785,7370,72155,1061
2021-08-26,Sutter,101,95872,11833,11499,145,11644,135
2021-08-26,Tehama,103,63373,6170,5913,836,6749,68
2021-08-26,Trinity,105,12862,620,450,152,602,3
2021-08-26,Tulare,107,460477,56233,54157,11085,65242,870
2021-08-26,Tuolumne,109,53932,5498,5387,61,5448,74
2021-08-26,Ventura,111,848112,90750,89595,3881,93476,1080
2021-08-26,Yolo,113,214977,17287,16727,706,17433,231
2021-08-26,Yuba,115,75493,8193,7834,174,8008,54
2021-08-25,Alameda,001,1643700,108476,105636,2417,108053,1296
2021-08-25,Alpine,003,1148,91,92,0,92,0
2021-08-25,Amador,005,37829,4554,4415,39,4454,53
2021-08-25,Butte,007,227075,15855,15039,2611,17650,214
2021-08-25,Calaveras,009,45235,2994,2851,19,2870,59
2021-08-25,Colusa,011,21464,2280,2227,473,2700,16
2021-08-25,Contra Costa,013,1133247,89239,85322,1740,87062,863
2021-08-25,Del Norte,015,27424,2822,2573,16,2589,8
2021-08-25,El Dorado,017,186661,13556,12787,1210,13997,118
2021-08-25,Fresno,019,978130,116831,113384,10178,123562,1761
2021-08-25,Glenn,021,27897,2838,2728,761,3489,20
2021-08-25,Humboldt,023,135768,6988,6653,213,6866,52
2021-08-25,Imperial,025,180216,30401,30085,2816,32901,748
2021-08-25,Inyo,027,18085,1538,1518,13,1531,39
2021-08-25,Kern,029,883053,108324,105687,14614,120301,1379
2021-08-25,Kings,031,150075,26543,25676,1385,27061,258
2021-08-25,Lake,033,64148,5372,5163,56,5219,74
2021-08-25,Lassen,035,31185,5744,5583,151,5734,21
2021-08-25,Los Angeles,037,10098052,1349785,1331400,49052,1380452,25170
2021-08-25,Madera,039,155013,18947,18311,1322,19633,247
2021-08-25,Marin,041,260295,16261,15938,339,16277,240
2021-08-25,Mariposa,043,17540,730,676,19,695,5
2021-08-25,Mendocino,045,87422,5799,5486,197,5683,53
2021-08-25,Merced,047,269075,35334,34600,1297,35897,492
2021-08-25,Modoc,049,8938,445,433,154,587,5
2021-08-25,Mono,051,14174,1401,1382,17,1399,3
2021-08-25,Monterey,053,433212,45832,45196,2277,47473,539
2021-08-25,Napa,055,140530,11567,11348,68,11416,87
2021-08-25,Nevada,057,99092,7422,7000,243,7243,77
2021-08-25,Orange,059,3164182,286494,282061,13137,295198,5193
2021-08-25,Placer,061,380077,30702,28740,2636,31376,319
2021-08-25,Plumas,063,18699,1016,962,16,978,5
2021-08-25,Riverside,065,2383286,330566,323548,15190,338738,4610
2021-08-25,Sacramento,067,1510023,135891,130046,2887,132933,1827
2021-08-25,San Benito,069,59416,6671,6587,129,6716,64
2021-08-25,San Bernardino,071,2135413,325996,321228,9980,331208,5337
2021-08-25,San Diego,073,3302833,333275,327166,19504,346670,3859
2021-08-25,San Francisco,075,870044,47487,46107,1931,48038,578
2021-08-25,San Joaquin,077,732212,87066,84002,4487,88489,1510
2021-08-25,San Luis Obispo,079,281455,25470,24607,961,25568,276
2021-08-25,San Mateo,081,765935,49491,48153,701,48854,553
2021-08-25,Santa Barbara,083,443738,39461,38450,1337,39787,479
2021-08-25,Santa Clara,085,1922200,134647,130995,983,131978,1783
2021-08-25,Santa Cruz,087,273765,18442,17987,914,18901,210
2021-08-25,Shasta,089,179085,15399,14752,2198,16950,217
2021-08-25,Sierra,091,2930,106,90,13,103,0
2021-08-25,Siskiyou,093,43540,2468,2322,679,3001,33
2021-08-25,Solano,095,438530,41265,38848,1003,39851,286
2021-08-25,Sonoma,097,501317,37296,35986,443,36429,336
2021-08-25,Stanislaus,099,539301,66318,64441,7338,71779,1061
2021-08-25,Sutter,101,95872,11765,11451,141,11592,134
2021-08-25,Tehama,103,63373,6111,5861,819,6680,68
2021-08-25,Trinity,105,12862,614,450,151,601,3
2021-08-25,Tulare,107,460477,55949,53877,11015,64892,866
2021-08-25,Tuolumne,109,53932,5472,5354,61,5415,74
2021-08-25,Ventura,111,848112,90566,89379,3867,93246,1068
2021-08-25,Yolo,113,214977,17222,16667,696,17363,231
2021-08-25,Yuba,115,75493,8127,7771,173,7944,54
2021-08-24,Alameda,001,1643700,108168,105319,2405,107724,1296
2021-08-24,Alpine,003,1148,91,92,0,92,0
2021-08-24,Amador,005,37829,4535,4380,39,4419,50
2021-08-24,Butte,007,227075,15701,14964,2578,17542,214
2021-08-24,Calaveras,009,45235,2955,2811,19,2830,59
2021-08-24,Colusa,011,21464,2272,2221,468,2689,16
2021-08-24,Contra Costa,013,1133247,88875,84963,1735,86698,857
2021-08-24,Del Norte,015,27424,2795,2543,16,2559,8
2021-08-24,El Dorado,017,186661,13479,12732,1195,13927,118
2021-08-24,Fresno,019,978130,116224,113024,10115,123139,1761
2021-08-24,Glenn,021,27897,2823,2717,754,3471,20
2021-08-24,Humboldt,023,135768,6925,6585,200,6785,52
2021-08-24,Imperial,025,180216,30340,30045,2811,32856,748
2021-08-24,Inyo,027,18085,1533,1512,13,1525,39
2021-08-24,Kern,029,883053,107860,105399,14450,119849,1375
2021-08-24,Kings,031,150075,26422,25629,1370,26999,258
2021-08-24,Lake,033,64148,5337,5135,56,5191,72
2021-08-24,Lassen,035,31185,5728,5576,149,5725,21
2021-08-24,Los Angeles,037,10098052,1346920,1328777,48946,1377723,25135
2021-08-24,Madera,039,155013,18871,18251,1305,19556,247
2021-08-24,Marin,041,260295,16225,15900,335,16235,240
2021-08-24,Mariposa,043,17540,723,670,19,689,5
2021-08-24,Mendocino,045,87422,5756,5416,190,5606,52
2021-08-24,Merced,047,269075,35166,34490,1286,35776,491
2021-08-24,Modoc,049,8938,445,432,154,586,5
2021-08-24,Mono,051,14174,1399,1382,17,1399,3
2021-08-24,Monterey,053,433212,45766,45126,2260,47386,539
2021-08-24,Napa,055,140530,11535,11299,67,11366,85
2021-08-24,Nevada,057,99092,7352,6981,241,7222,77
2021-08-24,Orange,059,3164182,285894,281461,13113,294574,5187
2021-08-24,Placer,061,380077,30497,28618,2597,31215,318
2021-08-24,Plumas,063,18699,1006,953,16,969,5
2021-08-24,Riverside,065,2383286,329693,322620,15161,337781,4605
2021-08-24,Sacramento,067,1510023,135207,129542,2841,132383,1812
2021-08-24,San Benito,069,59416,6658,6576,129,6705,64
2021-08-24,San Bernardino,071,2135413,325241,320300,9950,330250,5328
2021-08-24,San Diego,073,3302833,331832,325823,19395,345218,3851
2021-08-24,San Francisco,075,870044,47312,46010,1921,47931,574
2021-08-24,San Joaquin,077,732212,86626,83684,4450,88134,1508
2021-08-24,San Luis Obispo,079,281455,25293,24443,950,25393,274
2021-08-24,San Mateo,081,765935,49342,48050,699,48749,553
2021-08-24,Santa Barbara,083,443738,39330,38307,1336,39643,478
2021-08-24,Santa Clara,085,1922200,134223,130763,979,131742,1779
2021-08-24,Santa Cruz,087,273765,18367,17928,908,18836,209
2021-08-24,Shasta,089,179085,15291,14664,2167,16831,217
2021-08-24,Sierra,091,2930,103,90,13,103,0
2021-08-24,Siskiyou,093,43540,2446,2294,664,2958,33
2021-08-24,Solano,095,438530,41056,38724,991,39715,283
2021-08-24,Sonoma,097,501317,37168,35849,441,36290,336
2021-08-24,Stanislaus,099,539301,65989,64195,7284,71479,1058
2021-08-24,Sutter,101,95872,11698,11384,138,11522,134
2021-08-24,Tehama,103,63373,6065,5826,805,6631,67
2021-08-24,Trinity,105,12862,603,446,143,589,3
2021-08-24,Tulare,107,460477,55598,53702,10925,64627,856
2021-08-24,Tuolumne,109,53932,5441,5287,61,5348,74
2021-08-24,Ventura,111,848112,90382,89167,3856,93023,1068
2021-08-24,Yolo,113,214977,17144,16492,683,17175,231
2021-08-24,Yuba,115,75493,8044,7723,171,7894,54
2021-08-23,Alameda,001,1643700,107761,104922,2392,107314,1294
2021-08-23,Alpine,003,1148,91,91,0,91,0
2021-08-23,Amador,005,37829,4521,4369,39,4408,50
2021-08-23,Butte,007,227075,15555,14847,2540,17387,211
2021-08-23,Calaveras,009,45235,2928,2803,19,2822,59
2021-08-23,Colusa,011,21464,2268,2206,465,2671,16
2021-08-23,Contra Costa,013,1133247,88497,84651,1728,86379,857
2021-08-23,Del Norte,015,27424,2749,2499,16,2515,8
2021-08-23,El Dorado,017,186661,13376,12684,1173,13857,118
2021-08-23,Fresno,019,978130,115663,112445,10065,122510,1759
2021-08-23,Glenn,021,27897,2807,2696,744,3440,20
2021-08-23,Humboldt,023,135768,6852,6498,186,6684,52
2021-08-23,Imperial,025,180216,30289,30011,2808,32819,748
2021-08-23,Inyo,027,18085,1526,1509,13,1522,39
2021-08-23,Kern,029,883053,107405,104995,14296,119291,1375
2021-08-23,Kings,031,150075,26291,25465,1364,26829,257
2021-08-23,Lake,033,64148,5297,5099,54,5153,69
2021-08-23,Lassen,035,31185,5716,5562,149,5711,21
2021-08-23,Los Angeles,037,10098052,1343949,1326412,48816,1375228,25096
2021-08-23,Madera,039,155013,18785,18155,1289,19444,246
2021-08-23,Marin,041,260295,16177,15856,331,16187,240
2021-08-23,Mariposa,043,17540,712,645,19,664,5
2021-08-23,Mendocino,045,87422,5689,5374,183,5557,51
2021-08-23,Merced,047,269075,34984,34322,1281,35603,488
2021-08-23,Modoc,049,8938,442,431,153,584,6
2021-08-23,Mono,051,14174,1395,1384,17,1401,3
2021-08-23,Monterey,053,433212,45666,45047,2250,47297,538
2021-08-23,Napa,055,140530,11497,11257,67,11324,85
2021-08-23,Nevada,057,99092,7271,6930,239,7169,77
2021-08-23,Orange,059,3164182,285261,280891,13079,293970,5181
2021-08-23,Placer,061,380077,30297,28540,2559,31099,314
2021-08-23,Plumas,063,18699,998,934,16,950,5
2021-08-23,Riverside,065,2383286,328775,321650,15135,336785,4598
2021-08-23,Sacramento,067,1510023,134419,128969,2774,131743,1807
2021-08-23,San Benito,069,59416,6640,6562,127,6689,64
2021-08-23,San Bernardino,071,2135413,324435,319577,9910,329487,5324
2021-08-23,San Diego,073,3302833,330399,324536,19272,343808,3848
2021-08-23,San Francisco,075,870044,47157,45945,1912,47857,573
2021-08-23,San Joaquin,077,732212,86193,83466,4417,87883,1499
2021-08-23,San Luis Obispo,079,281455,25110,24317,948,25265,274
2021-08-23,San Mateo,081,765935,49204,47935,696,48631,553
2021-08-23,Santa Barbara,083,443738,39151,38181,1334,39515,478
2021-08-23,Santa Clara,085,1922200,133823,130489,975,131464,1778
2021-08-23,Santa Cruz,087,273765,18310,17871,907,18778,209
2021-08-23,Shasta,089,179085,15164,14537,2129,16666,216
2021-08-23,Sierra,091,2930,103,90,13,103,0
2021-08-23,Siskiyou,093,43540,2425,2274,643,2917,33
2021-08-23,Solano,095,438530,40902,38612,982,39594,283
2021-08-23,Sonoma,097,501317,37048,35769,440,36209,336
2021-08-23,Stanislaus,099,539301,65655,63922,7245,71167,1058
2021-08-23,Sutter,101,95872,11610,11314,130,11444,133
2021-08-23,Tehama,103,63373,6011,5805,789,6594,67
2021-08-23,Trinity,105,12862,600,435,140,575,3
2021-08-23,Tulare,107,460477,55291,53370,10853,64223,856
2021-08-23,Tuolumne,109,53932,5399,5240,61,5301,73
2021-08-23,Ventura,111,848112,90164,88960,3844,92804,1063
2021-08-23,Yolo,113,214977,17055,16445,669,17114,226
2021-08-23,Yuba,115,75493,7973,7653,169,7822,54
2021-08-22,Alameda,001,1643700,107315,104539,2365,106904,1294
2021-08-22,Alpine,003,1148,91,91,0,91,0
2021-08-22,Amador,005,37829,4491,4349,39,4388,50
2021-08-22,Butte,007,227075,15415,14791,2506,17297,211
2021-08-22,Calaveras,009,45235,2890,2771,19,2790,59
2021-08-22,Colusa,011,21464,2261,2201,459,2660,16
2021-08-22,Contra Costa,013,1133247,87954,84371,1715,86086,857
2021-08-22,Del Norte,015,27424,2689,2455,16,2471,8
2021-08-22,El Dorado,017,186661,13272,12629,1153,13782,118
2021-08-22,Fresno,019,978130,115065,112057,9997,122054,1759
2021-08-22,Glenn,021,27897,2780,2678,731,3409,20
2021-08-22,Humboldt,023,135768,6774,6483,168,6651,52
2021-08-22,Imperial,025,180216,30231,29993,2803,32796,748
2021-08-22,Inyo,027,18085,1520,1505,13,1518,39
2021-08-22,Kern,029,883053,106879,104691,14144,118835,1375
2021-08-22,Kings,031,150075,26133,25391,1347,26738,257
2021-08-22,Lake,033,64148,5252,5069,51,5120,69
2021-08-22,Lassen,035,31185,5684,5556,145,5701,21
2021-08-22,Los Angeles,037,10098052,1340627,1324151,48687,1372838,25089
2021-08-22,Madera,039,155013,18666,18120,1275,19395,246
2021-08-22,Marin,041,260295,16125,15822,323,16145,240
2021-08-22,Mariposa,043,17540,702,638,17,655,5
2021-08-22,Mendocino,045,87422,5630,5336,183,5519,51
2021-08-22,Merced,047,269075,34781,34234,1268,35502,488
2021-08-22,Modoc,049,8938,440,431,153,584,6
2021-08-22,Mono,051,14174,1393,1378,17,1395,3
2021-08-22,Monterey,053,433212,45567,45017,2236,47253,538
2021-08-22,Napa,055,140530,11452,11231,67,11298,85
2021-08-22,Nevada,057,99092,7197,6864,237,7101,77
2021-08-22,Orange,059,3164182,284567,280390,13035,293425,5181
2021-08-22,Placer,061,380077,30090,28395,2523,30918,314
2021-08-22,Plumas,063,18699,980,923,15,938,5
2021-08-22,Riverside,065,2383286,327754,320836,15088,335924,4594
2021-08-22,Sacramento,067,1510023,133644,128231,2734,130965,1802
2021-08-22,San Benito,069,59416,6624,6550,127,6677,64
2021-08-22,San Bernardino,071,2135413,323468,318839,9875,328714,5324
2021-08-22,San Diego,073,3302833,329077,323591,19166,342757,3848
2021-08-22,San Francisco,075,870044,46991,45831,1903,47734,573
2021-08-22,San Joaquin,077,732212,85735,83121,4382,87503,1498
2021-08-22,San Luis Obispo,079,281455,24904,24250,941,25191,274
2021-08-22,San Mateo,081,765935,49028,47821,691,48512,553
2021-08-22,Santa Barbara,083,443738,38970,38099,1326,39425,478
2021-08-22,Santa Clara,085,1922200,133406,130189,968,131157,1778
2021-08-22,Santa Cruz,087,273765,18252,17823,902,18725,209
2021-08-22,Shasta,089,179085,15027,14478,2093,16571,216
2021-08-22,Sierra,091,2930,103,87,13,100,0
2021-08-22,Siskiyou,093,43540,2396,2261,625,2886,33
2021-08-22,Solano,095,438530,40704,38489,969,39458,283
2021-08-22,Sonoma,097,501317,36891,35676,438,36114,336
2021-08-22,Stanislaus,099,539301,65302,63683,7155,70838,1058
2021-08-22,Sutter,101,95872,11528,11251,126,11377,133
2021-08-22,Tehama,103,63373,5965,5791,770,6561,67
2021-08-22,Trinity,105,12862,593,433,138,571,3
2021-08-22,Tulare,107,460477,54973,53220,10770,63990,856
2021-08-22,Tuolumne,109,53932,5356,5214,61,5275,73
2021-08-22,Ventura,111,848112,89955,88791,3827,92618,1063
2021-08-22,Yolo,113,214977,16952,16374,661,17035,226
2021-08-22,Yuba,115,75493,7900,7626,168,7794,54
2021-08-21,Alameda,001,1643700,107114,104281,2359,106640,1294
2021-08-21,Alpine,003,1148,91,91,0,91,0
2021-08-21,Amador,005,37829,4481,4338,38,4376,50
2021-08-21,Butte,007,227075,15347,14714,2487,17201,211
2021-08-21,Calaveras,009,45235,2874,2744,19,2763,59
2021-08-21,Colusa,011,21464,2255,2192,455,2647,16
2021-08-21,Contra Costa,013,1133247,87695,84136,1707,85843,857
2021-08-21,Del Norte,015,27424,2666,2409,16,2425,8
2021-08-21,El Dorado,017,186661,13228,12590,1149,13739,118
2021-08-21,Fresno,019,978130,114866,111765,9985,121750,1759
2021-08-21,Glenn,021,27897,2767,2654,723,3377,20
2021-08-21,Humboldt,023,135768,6736,6446,163,6609,52
2021-08-21,Imperial,025,180216,30188,29976,2800,32776,748
2021-08-21,Inyo,027,18085,1517,1500,13,1513,39
2021-08-21,Kern,029,883053,106624,104443,14021,118464,1375
2021-08-21,Kings,031,150075,26062,25313,1342,26655,257
2021-08-21,Lake,033,64148,5231,5055,49,5104,69
2021-08-21,Lassen,035,31185,5670,5553,145,5698,21
2021-08-21,Los Angeles,037,10098052,1339329,1321308,48595,1369903,25080
2021-08-21,Madera,039,155013,18628,18067,1269,19336,246
2021-08-21,Marin,041,260295,16091,15775,321,16096,240
2021-08-21,Mariposa,043,17540,692,634,17,651,5
2021-08-21,Mendocino,045,87422,5584,5307,182,5489,51
2021-08-21,Merced,047,269075,34676,34148,1263,35411,488
2021-08-21,Modoc,049,8938,440,430,153,583,6
2021-08-21,Mono,051,14174,1393,1378,17,1395,3
2021-08-21,Monterey,053,433212,45520,44969,2229,47198,538
2021-08-21,Napa,055,140530,11417,11211,67,11278,85
2021-08-21,Nevada,057,99092,7153,6810,236,7046,77
2021-08-21,Orange,059,3164182,284115,279855,13001,292856,5181
2021-08-21,Placer,061,380077,29952,28289,2499,30788,314
2021-08-21,Plumas,063,18699,976,916,14,930,5
2021-08-21,Riverside,065,2383286,327174,320086,15075,335161,4594
2021-08-21,Sacramento,067,1510023,133149,127751,2723,130474,1809
2021-08-21,San Benito,069,59416,6614,6542,126,6668,64
2021-08-21,San Bernardino,071,2135413,323018,318293,9854,328147,5324
2021-08-21,San Diego,073,3302833,328421,322620,19117,341737,3848
2021-08-21,San Francisco,075,870044,46889,45637,1896,47533,573
2021-08-21,San Joaquin,077,732212,85518,82825,4366,87191,1498
2021-08-21,San Luis Obispo,079,281455,24846,24169,941,25110,273
2021-08-21,San Mateo,081,765935,48933,47685,691,48376,553
2021-08-21,Santa Barbara,083,443738,38888,37951,1322,39273,478
2021-08-21,Santa Clara,085,1922200,133141,129911,964,130875,1778
2021-08-21,Santa Cruz,087,273765,18215,17763,897,18660,209
2021-08-21,Shasta,089,179085,14953,14417,2079,16496,217
2021-08-21,Sierra,091,2930,98,85,13,98,0
2021-08-21,Siskiyou,093,43540,2382,2246,614,2860,33
2021-08-21,Solano,095,438530,40593,38423,959,39382,281
2021-08-21,Sonoma,097,501317,36804,35582,437,36019,336
2021-08-21,Stanislaus,099,539301,65120,63512,7138,70650,1058
2021-08-21,Sutter,101,95872,11483,11204,124,11328,133
2021-08-21,Tehama,103,63373,5940,5757,763,6520,67
2021-08-21,Trinity,105,12862,588,431,136,567,3
2021-08-21,Tulare,107,460477,54828,53045,10727,63772,857
2021-08-21,Tuolumne,109,53932,5325,5193,61,5254,73
2021-08-21,Ventura,111,848112,89810,88558,3812,92370,1063
2021-08-21,Yolo,113,214977,16905,16322,655,16977,226
2021-08-21,Yuba,115,75493,7854,7580,167,7747,54
2021-08-20,Alameda,001,1643700,106879,103812,2351,106163,1294
2021-08-20,Alpine,003,1148,91,91,0,91,0
2021-08-20,Amador,005,37829,4455,4323,38,4361,50
2021-08-20,Butte,007,227075,15274,14617,2465,17082,211
2021-08-20,Calaveras,009,45235,2854,2717,19,2736,59
2021-08-20,Colusa,011,21464,2250,2178,453,2631,16
2021-08-20,Contra Costa,013,1133247,87420,83721,1700,85421,857
2021-08-20,Del Norte,015,27424,2634,2316,16,2332,8
2021-08-20,El Dorado,017,186661,13190,12495,1141,13636,118
2021-08-20,Fresno,019,978130,114509,111315,9951,121266,1759
2021-08-20,Glenn,021,27897,2760,2642,713,3355,20
2021-08-20,Humboldt,023,135768,6684,6349,158,6507,52
2021-08-20,Imperial,025,180216,30165,29934,2800,32734,747
2021-08-20,Inyo,027,18085,1511,1495,13,1508,39
2021-08-20,Kern,029,883053,106341,104048,13893,117941,1373
2021-08-20,Kings,031,150075,25996,25241,1340,26581,256
2021-08-20,Lake,033,64148,5216,5024,46,5070,69
2021-08-20,Lassen,035,31185,5650,5539,145,5684,21
2021-08-20,Los Angeles,037,10098052,1337450,1317541,48494,1366035,25049
2021-08-20,Madera,039,155013,18579,18018,1254,19272,246
2021-08-20,Marin,041,260295,16073,15727,317,16044,240
2021-08-20,Mariposa,043,17540,687,630,17,647,5
2021-08-20,Mendocino,045,87422,5538,5241,181,5422,51
2021-08-20,Merced,047,269075,34612,34035,1253,35288,486
2021-08-20,Modoc,049,8938,440,429,153,582,6
2021-08-20,Mono,051,14174,1392,1368,17,1385,3
2021-08-20,Monterey,053,433212,45482,44890,2223,47113,538
2021-08-20,Napa,055,140530,11385,11152,67,11219,83
2021-08-20,Nevada,057,99092,7111,6753,230,6983,77
2021-08-20,Orange,059,3164182,283670,279193,12980,292173,5179
2021-08-20,Placer,061,380077,29856,28156,2470,30626,313
2021-08-20,Plumas,063,18699,966,908,14,922,5
2021-08-20,Riverside,065,2383286,326478,319072,15044,334116,4594
2021-08-20,Sacramento,067,1510023,132673,127226,2706,129932,1797
2021-08-20,San Benito,069,59416,6600,6508,126,6634,64
2021-08-20,San Bernardino,071,2135413,322406,317372,9825,327197,5322
2021-08-20,San Diego,073,3302833,327512,321102,19047,340149,3846
2021-08-20,San Francisco,075,870044,46792,45432,1881,47313,573
2021-08-20,San Joaquin,077,732212,85287,82419,4347,86766,1496
2021-08-20,San Luis Obispo,079,281455,24768,23986,937,24923,273
2021-08-20,San Mateo,081,765935,48820,47561,688,48249,551
2021-08-20,Santa Barbara,083,443738,38803,37794,1317,39111,477
2021-08-20,Santa Clara,085,1922200,132859,129510,959,130469,1774
2021-08-20,Santa Cruz,087,273765,18175,17701,894,18595,209
2021-08-20,Shasta,089,179085,14872,14277,2061,16338,215
2021-08-20,Sierra,091,2930,97,83,13,96,0
2021-08-20,Siskiyou,093,43540,2366,2226,609,2835,33
2021-08-20,Solano,095,438530,40452,38214,948,39162,277
2021-08-20,Sonoma,097,501317,36736,35416,436,35852,336
2021-08-20,Stanislaus,099,539301,64931,63219,7114,70333,1047
2021-08-20,Sutter,101,95872,11427,11136,123,11259,133
2021-08-20,Tehama,103,63373,5924,5730,751,6481,66
2021-08-20,Trinity,105,12862,588,422,135,557,3
2021-08-20,Tulare,107,460477,54698,52855,10684,63539,856
2021-08-20,Tuolumne,109,53932,5301,5153,60,5213,73
2021-08-20,Ventura,111,848112,89642,88285,3809,92094,1061
2021-08-20,Yolo,113,214977,16850,16236,649,16885,225
2021-08-20,Yuba,115,75493,7813,7523,167,7690,54
2021-08-19,Alameda,001,1643700,106434,103276,2329,105605,1294
2021-08-19,Alpine,003,1148,91,91,0,91,0
2021-08-19,Amador,005,37829,4448,4317,38,4355,50
2021-08-19,Butte,007,227075,15140,14518,2437,16955,211
2021-08-19,Calaveras,009,45235,2832,2673,19,2692,59
2021-08-19,Colusa,011,21464,2241,2167,448,2615,16
2021-08-19,Contra Costa,013,1133247,86980,83296,1687,84983,852
2021-08-19,Del Norte,015,27424,2584,2257,16,2273,8
2021-08-19,El Dorado,017,186661,13104,12410,1122,13532,118
2021-08-19,Fresno,019,978130,114069,110947,9897,120844,1759
2021-08-19,Glenn,021,27897,2742,2629,706,3335,20
2021-08-19,Humboldt,023,135768,6623,6246,152,6398,52
2021-08-19,Imperial,025,180216,30119,29865,2795,32660,747
2021-08-19,Inyo,027,18085,1504,1494,13,1507,39
2021-08-19,Kern,029,883053,105945,103731,13752,117483,1371
2021-08-19,Kings,031,150075,25865,25128,1328,26456,256
2021-08-19,Lake,033,64148,5184,4991,42,5033,69
2021-08-19,Lassen,035,31185,5632,5520,144,5664,21
2021-08-19,Los Angeles,037,10098052,1334467,1314453,48353,1362806,25020
2021-08-19,Madera,039,155013,18517,17947,1239,19186,246
2021-08-19,Marin,041,260295,16040,15672,314,15986,240
2021-08-19,Mariposa,043,17540,672,618,17,635,5
2021-08-19,Mendocino,045,87422,5505,5167,178,5345,51
2021-08-19,Merced,047,269075,34477,33851,1239,35090,486
2021-08-19,Modoc,049,8938,440,427,153,580,6
2021-08-19,Mono,051,14174,1388,1349,17,1366,3
2021-08-19,Monterey,053,433212,45409,44821,2213,47034,538
2021-08-19,Napa,055,140530,11333,11104,67,11171,83
2021-08-19,Nevada,057,99092,7047,6695,227,6922,77
2021-08-19,Orange,059,3164182,283032,278562,12929,291491,5172
2021-08-19,Placer,061,380077,29676,27953,2453,30406,313
2021-08-19,Plumas,063,18699,953,896,14,910,5
2021-08-19,Riverside,065,2383286,325446,318056,15015,333071,4589
2021-08-19,Sacramento,067,1510023,131969,126720,2671,129391,1801
2021-08-19,San Benito,069,59416,6583,6493,125,6618,64
2021-08-19,San Bernardino,071,2135413,321582,316398,9802,326200,5318
2021-08-19,San Diego,073,3302833,326261,319582,18949,338531,3839
2021-08-19,San Francisco,075,870044,46629,45220,1868,47088,571
2021-08-19,San Joaquin,077,732212,84838,82047,4298,86345,1491
2021-08-19,San Luis Obispo,079,281455,24630,23878,930,24808,271
2021-08-19,San Mateo,081,765935,48688,47431,687,48118,551
2021-08-19,Santa Barbara,083,443738,38658,37693,1314,39007,477
2021-08-19,Santa Clara,085,1922200,132469,129133,952,130085,1774
2021-08-19,Santa Cruz,087,273765,18112,17644,887,18531,209
2021-08-19,Shasta,089,179085,14748,14200,2038,16238,214
2021-08-19,Sierra,091,2930,93,83,13,96,0
2021-08-19,Siskiyou,093,43540,2351,2218,597,2815,33
2021-08-19,Solano,095,438530,40294,38025,937,38962,273
2021-08-19,Sonoma,097,501317,36648,35233,435,35668,336
2021-08-19,Stanislaus,099,539301,64587,62928,7070,69998,1047
2021-08-19,Sutter,101,95872,11342,11057,122,11179,133
2021-08-19,Tehama,103,63373,5888,5683,725,6408,66
2021-08-19,Trinity,105,12862,584,414,133,547,3
2021-08-19,Tulare,107,460477,54466,52685,10621,63306,856
2021-08-19,Tuolumne,109,53932,5265,5112,59,5171,64
2021-08-19,Ventura,111,848112,89439,88073,3795,91868,1060
2021-08-19,Yolo,113,214977,16765,16153,641,16794,225
2021-08-19,Yuba,115,75493,7761,7458,166,7624,51
2021-08-18,Alameda,001,1643700,106028,102696,2308,105004,1294
2021-08-18,Alpine,003,1148,90,91,0,91,0
2021-08-18,Amador,005,37829,4432,4279,37,4316,50
2021-08-18,Butte,007,227075,15030,14426,2409,16835,208
2021-08-18,Calaveras,009,45235,2795,2643,18,2661,59
2021-08-18,Colusa,011,21464,2233,2160,444,2604,16
2021-08-18,Contra Costa,013,1133247,86481,82767,1681,84448,851
2021-08-18,Del Norte,015,27424,2527,2219,16,2235,8
2021-08-18,El Dorado,017,186661,13014,12306,1108,13414,118
2021-08-18,Fresno,019,978130,113613,110523,9836,120359,1759
2021-08-18,Glenn,021,27897,2709,2623,698,3321,20
2021-08-18,Humboldt,023,135768,6552,6195,147,6342,52
2021-08-18,Imperial,025,180216,30086,29821,2793,32614,746
2021-08-18,Inyo,027,18085,1501,1494,13,1507,39
2021-08-18,Kern,029,883053,105598,103440,13658,117098,1370
2021-08-18,Kings,031,150075,25756,24984,1320,26304,256
2021-08-18,Lake,033,64148,5143,4957,41,4998,69
2021-08-18,Lassen,035,31185,5613,5506,143,5649,21
2021-08-18,Los Angeles,037,10098052,1331314,1311477,48221,1359698,24984
2021-08-18,Madera,039,155013,18458,17871,1226,19097,246
2021-08-18,Marin,041,260295,16002,15610,311,15921,240
2021-08-18,Mariposa,043,17540,659,615,16,631,5
2021-08-18,Mendocino,045,87422,5454,5129,176,5305,51
2021-08-18,Merced,047,269075,34313,33708,1228,34936,484
2021-08-18,Modoc,049,8938,440,427,152,579,6
2021-08-18,Mono,051,14174,1385,1344,17,1361,3
2021-08-18,Monterey,053,433212,45325,44735,2196,46931,532
2021-08-18,Napa,055,140530,11294,11060,66,11126,83
2021-08-18,Nevada,057,99092,6981,6633,227,6860,76
2021-08-18,Orange,059,3164182,282394,277795,12877,290672,5168
2021-08-18,Placer,061,380077,29448,27741,2425,30166,312
2021-08-18,Plumas,063,18699,944,874,14,888,5
2021-08-18,Riverside,065,2383286,324448,317107,14982,332089,4585
2021-08-18,Sacramento,067,1510023,131208,125599,2639,128238,1781
2021-08-18,San Benito,069,59416,6572,6481,124,6605,64
2021-08-18,San Bernardino,071,2135413,320783,315477,9783,325260,5304
2021-08-18,San Diego,073,3302833,324921,318152,18883,337035,3834
2021-08-18,San Francisco,075,870044,46427,44957,1859,46816,568
2021-08-18,San Joaquin,077,732212,84385,81601,4267,85868,1491
2021-08-18,San Luis Obispo,079,281455,24480,23726,917,24643,270
2021-08-18,San Mateo,081,765935,48524,47255,686,47941,551
2021-08-18,Santa Barbara,083,443738,38527,37599,1308,38907,475
2021-08-18,Santa Clara,085,1922200,132105,128563,949,129512,1773
2021-08-18,Santa Cruz,087,273765,18057,17566,883,18449,209
2021-08-18,Shasta,089,179085,14649,14087,2019,16106,213
2021-08-18,Sierra,091,2930,92,83,13,96,0
2021-08-18,Siskiyou,093,43540,2322,2204,585,2789,33
2021-08-18,Solano,095,438530,40088,37812,922,38734,271
2021-08-18,Sonoma,097,501317,36504,35063,434,35497,333
2021-08-18,Stanislaus,099,539301,64256,62613,7027,69640,1047
2021-08-18,Sutter,101,95872,11270,11004,117,11121,130
2021-08-18,Tehama,103,63373,5853,5653,715,6368,66
2021-08-18,Trinity,105,12862,577,409,130,539,3
2021-08-18,Tulare,107,460477,54227,52486,10552,63038,856
2021-08-18,Tuolumne,109,53932,5229,5081,57,5138,64
2021-08-18,Ventura,111,848112,89207,87835,3785,91620,1055
2021-08-18,Yolo,113,214977,16682,16047,623,16670,225
2021-08-18,Yuba,115,75493,7696,7391,166,7557,51
2021-08-17,Alameda,001,1643700,105631,102379,2293,104672,1290
2021-08-17,Alpine,003,1148,90,91,0,91,0
2021-08-17,Amador,005,37829,4403,4266,37,4303,50
2021-08-17,Butte,007,227075,14923,14357,2374,16731,206
2021-08-17,Calaveras,009,45235,2761,2624,18,2642,59
2021-08-17,Colusa,011,21464,2224,2156,440,2596,16
2021-08-17,Contra Costa,013,1133247,86033,82482,1671,84153,848
2021-08-17,Del Norte,015,27424,2473,2188,16,2204,8
2021-08-17,El Dorado,017,186661,12927,12242,1094,13336,118
2021-08-17,Fresno,019,978130,113128,110263,9773,120036,1755
2021-08-17,Glenn,021,27897,2695,2608,689,3297,20
2021-08-17,Humboldt,023,135768,6472,6155,145,6300,52
2021-08-17,Imperial,025,180216,30035,29768,2789,32557,746
2021-08-17,Inyo,027,18085,1498,1492,13,1505,39
2021-08-17,Kern,029,883053,105204,103048,13537,116585,1367
2021-08-17,Kings,031,150075,25651,24930,1309,26239,254
2021-08-17,Lake,033,64148,5100,4930,35,4965,68
2021-08-17,Lassen,035,31185,5596,5499,141,5640,21
2021-08-17,Los Angeles,037,10098052,1327746,1307999,48092,1356091,24952
2021-08-17,Madera,039,155013,18384,17838,1208,19046,246
2021-08-17,Marin,041,260295,15946,15570,311,15881,240
2021-08-17,Mariposa,043,17540,651,609,15,624,5
2021-08-17,Mendocino,045,87422,5399,5097,176,5273,51
2021-08-17,Merced,047,269075,34163,33508,1217,34725,482
2021-08-17,Modoc,049,8938,437,424,150,574,6
2021-08-17,Mono,051,14174,1380,1341,17,1358,3
2021-08-17,Monterey,053,433212,45241,44672,2186,46858,528
2021-08-17,Napa,055,140530,11253,11007,65,11072,83
2021-08-17,Nevada,057,99092,6906,6605,225,6830,75
2021-08-17,Orange,059,3164182,281748,277121,12841,289962,5164
2021-08-17,Placer,061,380077,29233,27634,2396,30030,312
2021-08-17,Plumas,063,18699,932,860,14,874,5
2021-08-17,Riverside,065,2383286,323435,316051,14939,330990,4582
2021-08-17,Sacramento,067,1510023,130414,125151,2597,127748,1774
2021-08-17,San Benito,069,59416,6553,6470,124,6594,64
2021-08-17,San Bernardino,071,2135413,319844,314402,9743,324145,5302
2021-08-17,San Diego,073,3302833,323311,317058,18785,335843,3824
2021-08-17,San Francisco,075,870044,46227,44820,1853,46673,567
2021-08-17,San Joaquin,077,732212,83917,81300,4233,85533,1489
2021-08-17,San Luis Obispo,079,281455,24324,23556,914,24470,268
2021-08-17,San Mateo,081,765935,48369,47127,681,47808,551
2021-08-17,Santa Barbara,083,443738,38368,37478,1301,38779,475
2021-08-17,Santa Clara,085,1922200,131702,128354,943,129297,1773
2021-08-17,Santa Cruz,087,273765,17972,17528,882,18410,209
2021-08-17,Shasta,089,179085,14518,14012,2000,16012,214
2021-08-17,Sierra,091,2930,91,82,13,95,0
2021-08-17,Siskiyou,093,43540,2306,2183,572,2755,33
2021-08-17,Solano,095,438530,39859,37662,909,38571,269
2021-08-17,Sonoma,097,501317,36356,34943,430,35373,333
2021-08-17,Stanislaus,099,539301,63915,62385,6968,69353,1047
2021-08-17,Sutter,101,95872,11198,10973,117,11090,130
2021-08-17,Tehama,103,63373,5819,5612,693,6305,66
2021-08-17,Trinity,105,12862,572,406,128,534,3
2021-08-17,Tulare,107,460477,53959,52362,10487,62849,856
2021-08-17,Tuolumne,109,53932,5186,5042,56,5098,64
2021-08-17,Ventura,111,848112,88969,87601,3764,91365,1053
2021-08-17,Yolo,113,214977,16593,15975,609,16584,225
2021-08-17,Yuba,115,75493,7624,7355,166,7521,51
2021-08-16,Alameda,001,1643700,105135,102052,2285,104337,1287
2021-08-16,Alpine,003,1148,90,91,0,91,0
2021-08-16,Amador,005,37829,4393,4235,37,4272,50
2021-08-16,Butte,007,227075,14803,14283,2338,16621,206
2021-08-16,Calaveras,009,45235,2701,2609,17,2626,57
2021-08-16,Colusa,011,21464,2213,2147,436,2583,16
2021-08-16,Contra Costa,013,1133247,85491,82070,1661,83731,848
2021-08-16,Del Norte,015,27424,2396,2125,16,2141,8
2021-08-16,El Dorado,017,186661,12826,12139,1081,13220,118
2021-08-16,Fresno,019,978130,112631,109623,9721,119344,1753
2021-08-16,Glenn,021,27897,2676,2593,683,3276,20
2021-08-16,Humboldt,023,135768,6401,6064,124,6188,52
2021-08-16,Imperial,025,180216,29994,29737,2775,32512,746
2021-08-16,Inyo,027,18085,1495,1490,13,1503,39
2021-08-16,Kern,029,883053,104829,102690,13421,116111,1367
2021-08-16,Kings,031,150075,25548,24817,1300,26117,254
2021-08-16,Lake,033,64148,5073,4898,34,4932,68
2021-08-16,Lassen,035,31185,5580,5481,133,5614,21
2021-08-16,Los Angeles,037,10098052,1324365,1305330,47950,1353280,24923
2021-08-16,Madera,039,155013,18309,17756,1187,18943,246
2021-08-16,Marin,041,260295,15887,15497,310,15807,239
2021-08-16,Mariposa,043,17540,634,597,15,612,5
2021-08-16,Mendocino,045,87422,5343,5037,174,5211,49
2021-08-16,Merced,047,269075,33962,33364,1204,34568,481
2021-08-16,Modoc,049,8938,435,421,149,570,5
2021-08-16,Mono,051,14174,1375,1339,17,1356,3
2021-08-16,Monterey,053,433212,45162,44595,2174,46769,527
2021-08-16,Napa,055,140530,11224,10946,65,11011,83
2021-08-16,Nevada,057,99092,6851,6535,224,6759,74
2021-08-16,Orange,059,3164182,280954,275985,12795,288780,5161
2021-08-16,Placer,061,380077,29050,27384,2364,29748,306
2021-08-16,Plumas,063,18699,921,851,14,865,5
2021-08-16,Riverside,065,2383286,322339,314774,14902,329676,4582
2021-08-16,Sacramento,067,1510023,129603,124554,2554,127108,1762
2021-08-16,San Benito,069,59416,6529,6452,124,6576,64
2021-08-16,San Bernardino,071,2135413,318877,313617,9716,323333,5301
2021-08-16,San Diego,073,3302833,321713,315348,18645,333993,3824
2021-08-16,San Francisco,075,870044,46023,44681,1846,46527,567
2021-08-16,San Joaquin,077,732212,83413,81087,4205,85292,1488
2021-08-16,San Luis Obispo,079,281455,24174,23452,906,24358,265
2021-08-16,San Mateo,081,765935,48187,47024,675,47699,548
2021-08-16,Santa Barbara,083,443738,38198,37358,1296,38654,475
2021-08-16,Santa Clara,085,1922200,131238,127978,939,128917,1773
2021-08-16,Santa Cruz,087,273765,17908,17491,876,18367,209
2021-08-16,Shasta,089,179085,14429,13862,1984,15846,211
2021-08-16,Sierra,091,2930,88,82,13,95,0
2021-08-16,Siskiyou,093,43540,2289,2169,552,2721,33
2021-08-16,Solano,095,438530,39578,37436,897,38333,263
2021-08-16,Sonoma,097,501317,36188,34844,427,35271,333
2021-08-16,Stanislaus,099,539301,63576,62033,6916,68949,1039
2021-08-16,Sutter,101,95872,11129,10902,116,11018,130
2021-08-16,Tehama,103,63373,5756,5565,688,6253,66
2021-08-16,Trinity,105,12862,566,400,127,527,3
2021-08-16,Tulare,107,460477,53716,52162,10419,62581,856
2021-08-16,Tuolumne,109,53932,5147,4984,55,5039,64
2021-08-16,Ventura,111,848112,88724,86954,3746,90700,1052
2021-08-16,Yolo,113,214977,16492,15922,601,16523,225
2021-08-16,Yuba,115,75493,7540,7314,165,7479,51
2021-08-15,Alameda,001,1643700,104652,101660,2268,103928,1287
2021-08-15,Alpine,003,1148,90,91,0,91,0
2021-08-15,Amador,005,37829,4365,4231,37,4268,49
2021-08-15,Butte,007,227075,14678,14263,2315,16578,206
2021-08-15,Calaveras,009,45235,2659,2599,17,2616,57
2021-08-15,Colusa,011,21464,2201,2140,426,2566,16
2021-08-15,Contra Costa,013,1133247,85008,81781,1646,83427,848
2021-08-15,Del Norte,015,27424,2329,2060,16,2076,8
2021-08-15,El Dorado,017,186661,12691,12057,1064,13121,118
2021-08-15,Fresno,019,978130,112153,109382,9655,119037,1753
2021-08-15,Glenn,021,27897,2653,2592,671,3263,20
2021-08-15,Humboldt,023,135768,6327,6024,118,6142,52
2021-08-15,Imperial,025,180216,29928,29711,2771,32482,746
2021-08-15,Inyo,027,18085,1494,1489,13,1502,39
2021-08-15,Kern,029,883053,104385,102524,13309,115833,1367
2021-08-15,Kings,031,150075,25402,24736,1290,26026,254
2021-08-15,Lake,033,64148,5014,4886,33,4919,68
2021-08-15,Lassen,035,31185,5563,5482,132,5614,21
2021-08-15,Los Angeles,037,10098052,1320827,1302882,47780,1350662,24918
2021-08-15,Madera,039,155013,18221,17714,1171,18885,246
2021-08-15,Marin,041,260295,15828,15461,308,15769,239
2021-08-15,Mariposa,043,17540,627,591,14,605,5
2021-08-15,Mendocino,045,87422,5286,5022,168,5190,49
2021-08-15,Merced,047,269075,33718,33305,1193,34498,481
2021-08-15,Modoc,049,8938,433,421,149,570,5
2021-08-15,Mono,051,14174,1371,1334,17,1351,3
2021-08-15,Monterey,053,433212,45040,44567,2153,46720,527
2021-08-15,Napa,055,140530,11169,10919,65,10984,83
2021-08-15,Nevada,057,99092,6766,6486,224,6710,74
2021-08-15,Orange,059,3164182,280184,275447,12755,288202,5161
2021-08-15,Placer,061,380077,28828,27220,2316,29536,306
2021-08-15,Plumas,063,18699,909,850,14,864,5
2021-08-15,Riverside,065,2383286,321201,314133,14875,329008,4582
2021-08-15,Sacramento,067,1510023,128786,123924,2522,126446,1761
2021-08-15,San Benito,069,59416,6511,6446,123,6569,64
2021-08-15,San Bernardino,071,2135413,317804,313120,9685,322805,5301
2021-08-15,San Diego,073,3302833,320241,314247,18518,332765,3824
2021-08-15,San Francisco,075,870044,45799,44531,1831,46362,567
2021-08-15,San Joaquin,077,732212,82925,80832,4166,84998,1488
2021-08-15,San Luis Obispo,079,281455,23978,23404,896,24300,265
2021-08-15,San Mateo,081,765935,48000,46897,669,47566,548
2021-08-15,Santa Barbara,083,443738,38026,37276,1289,38565,475
2021-08-15,Santa Clara,085,1922200,130804,127715,933,128648,1773
2021-08-15,Santa Cruz,087,273765,17838,17440,869,18309,209
2021-08-15,Shasta,089,179085,14326,13835,1959,15794,211
2021-08-15,Sierra,091,2930,87,82,12,94,0
2021-08-15,Siskiyou,093,43540,2268,2169,538,2707,33
2021-08-15,Solano,095,438530,39322,37320,886,38206,263
2021-08-15,Sonoma,097,501317,35992,34706,419,35125,333
2021-08-15,Stanislaus,099,539301,63207,61795,6839,68634,1039
2021-08-15,Sutter,101,95872,11038,10863,116,10979,130
2021-08-15,Tehama,103,63373,5707,5550,682,6232,66
2021-08-15,Trinity,105,12862,562,400,126,526,3
2021-08-15,Tulare,107,460477,53459,52046,10360,62406,856
2021-08-15,Tuolumne,109,53932,5109,4934,53,4987,64
2021-08-15,Ventura,111,848112,88419,86797,3732,90529,1052
2021-08-15,Yolo,113,214977,16395,15873,591,16464,225
2021-08-15,Yuba,115,75493,7463,7265,164,7429,51
2021-08-14,Alameda,001,1643700,104436,101305,2264,103569,1287
2021-08-14,Alpine,003,1148,90,91,0,91,0
2021-08-14,Amador,005,37829,4347,4206,37,4243,49
2021-08-14,Butte,007,227075,14642,14192,2299,16491,206
2021-08-14,Calaveras,009,45235,2652,2579,17,2596,57
2021-08-14,Colusa,011,21464,2190,2134,422,2556,16
2021-08-14,Contra Costa,013,1133247,84760,81458,1638,83096,848
2021-08-14,Del Norte,015,27424,2302,2015,16,2031,8
2021-08-14,El Dorado,017,186661,12655,12019,1056,13075,118
2021-08-14,Fresno,019,978130,111991,109056,9625,118681,1753
2021-08-14,Glenn,021,27897,2642,2583,668,3251,20
2021-08-14,Humboldt,023,135768,6274,5998,115,6113,52
2021-08-14,Imperial,025,180216,29901,29671,2771,32442,746
2021-08-14,Inyo,027,18085,1492,1487,13,1500,39
2021-08-14,Kern,029,883053,104190,102306,13213,115519,1367
2021-08-14,Kings,031,150075,25304,24647,1282,25929,254
2021-08-14,Lake,033,64148,4997,4850,32,4882,68
2021-08-14,Lassen,035,31185,5556,5475,131,5606,21
2021-08-14,Los Angeles,037,10098052,1319054,1299346,47643,1346989,24911
2021-08-14,Madera,039,155013,18174,17691,1166,18857,246
2021-08-14,Marin,041,260295,15794,15441,308,15749,239
2021-08-14,Mariposa,043,17540,623,584,14,598,5
2021-08-14,Mendocino,045,87422,5250,4977,165,5142,49
2021-08-14,Merced,047,269075,33654,33234,1187,34421,481
2021-08-14,Modoc,049,8938,433,421,149,570,5
2021-08-14,Mono,051,14174,1366,1332,17,1349,3
2021-08-14,Monterey,053,433212,44995,44514,2150,46664,527
2021-08-14,Napa,055,140530,11139,10878,64,10942,83
2021-08-14,Nevada,057,99092,6731,6419,223,6642,74
2021-08-14,Orange,059,3164182,279750,274732,12728,287460,5161
2021-08-14,Placer,061,380077,28682,27115,2292,29407,306
2021-08-14,Plumas,063,18699,899,849,14,863,5
2021-08-14,Riverside,065,2383286,320485,313264,14854,328118,4582
2021-08-14,Sacramento,067,1510023,128292,123438,2504,125942,1758
2021-08-14,San Benito,069,59416,6498,6428,123,6551,64
2021-08-14,San Bernardino,071,2135413,317253,312142,9664,321806,5301
2021-08-14,San Diego,073,3302833,319570,313589,18450,332039,3824
2021-08-14,San Francisco,075,870044,45670,44353,1812,46165,567
2021-08-14,San Joaquin,077,732212,82708,80585,4151,84736,1488
2021-08-14,San Luis Obispo,079,281455,23917,23328,893,24221,265
2021-08-14,San Mateo,081,765935,47881,46792,665,47457,548
2021-08-14,Santa Barbara,083,443738,37932,37118,1287,38405,475
2021-08-14,Santa Clara,085,1922200,130525,127432,930,128362,1772
2021-08-14,Santa Cruz,087,273765,17799,17384,868,18252,209
2021-08-14,Shasta,089,179085,14251,13813,1938,15751,211
2021-08-14,Sierra,091,2930,86,81,12,93,0
2021-08-14,Siskiyou,093,43540,2258,2160,528,2688,33
2021-08-14,Solano,095,438530,39235,37237,874,38111,263
2021-08-14,Sonoma,097,501317,35869,34606,417,35023,333
2021-08-14,Stanislaus,099,539301,63031,61564,6795,68359,1039
2021-08-14,Sutter,101,95872,10993,10808,115,10923,130
2021-08-14,Tehama,103,63373,5683,5530,678,6208,66
2021-08-14,Trinity,105,12862,556,399,126,525,3
2021-08-14,Tulare,107,460477,53323,51951,10315,62266,856
2021-08-14,Tuolumne,109,53932,5074,4924,53,4977,64
2021-08-14,Ventura,111,848112,88263,86569,3712,90281,1052
2021-08-14,Yolo,113,214977,16350,15815,582,16397,225
2021-08-14,Yuba,115,75493,7414,7223,164,7387,51
2021-08-13,Alameda,001,1643700,104141,100930,2256,103186,1284
2021-08-13,Alpine,003,1148,90,91,0,91,0
2021-08-13,Amador,005,37829,4319,4169,37,4206,49
2021-08-13,Butte,007,227075,14572,14100,2283,16383,206
2021-08-13,Calaveras,009,45235,2646,2564,17,2581,57
2021-08-13,Colusa,011,21464,2183,2123,417,2540,16
2021-08-13,Contra Costa,013,1133247,84448,81046,1631,82677,848
2021-08-13,Del Norte,015,27424,2261,1973,16,1989,8
2021-08-13,El Dorado,017,186661,12615,11951,1044,12995,118
2021-08-13,Fresno,019,978130,111699,108638,9601,118239,1753
2021-08-13,Glenn,021,27897,2631,2574,665,3239,20
2021-08-13,Humboldt,023,135768,6227,5882,112,5994,52
2021-08-13,Imperial,025,180216,29874,29654,2770,32424,745
2021-08-13,Inyo,027,18085,1491,1484,13,1497,39
2021-08-13,Kern,029,883053,103981,102029,13104,115133,1364
2021-08-13,Kings,031,150075,25219,24531,1275,25806,253
2021-08-13,Lake,033,64148,4974,4811,31,4842,68
2021-08-13,Lassen,035,31185,5548,5455,130,5585,21
2021-08-13,Los Angeles,037,10098052,1316731,1295406,47505,1342911,24891
2021-08-13,Madera,039,155013,18125,17614,1157,18771,246
2021-08-13,Marin,041,260295,15763,15380,308,15688,239
2021-08-13,Mariposa,043,17540,617,577,14,591,5
2021-08-13,Mendocino,045,87422,5197,4924,163,5087,49
2021-08-13,Merced,047,269075,33607,33111,1181,34292,480
2021-08-13,Modoc,049,8938,432,421,148,569,5
2021-08-13,Mono,051,14174,1363,1331,17,1348,3
2021-08-13,Monterey,053,433212,44935,44450,2148,46598,527
2021-08-13,Napa,055,140530,11103,10830,64,10894,83
2021-08-13,Nevada,057,99092,6690,6356,222,6578,74
2021-08-13,Orange,059,3164182,279256,274004,12679,286683,5159
2021-08-13,Placer,061,380077,28581,26987,2265,29252,306
2021-08-13,Plumas,063,18699,885,842,14,856,5
2021-08-13,Riverside,065,2383286,319746,312408,14829,327237,4581
2021-08-13,Sacramento,067,1510023,127822,122868,2479,125347,1758
2021-08-13,San Benito,069,59416,6492,6422,121,6543,64
2021-08-13,San Bernardino,071,2135413,316585,311378,9645,321023,5301
2021-08-13,San Diego,073,3302833,318524,312293,18371,330664,3821
2021-08-13,San Francisco,075,870044,45534,44196,1789,45985,567
2021-08-13,San Joaquin,077,732212,82491,80232,4135,84367,1481
2021-08-13,San Luis Obispo,079,281455,23854,23226,890,24116,265
2021-08-13,San Mateo,081,765935,47762,46660,664,47324,548
2021-08-13,Santa Barbara,083,443738,37847,37023,1283,38306,474
2021-08-13,Santa Clara,085,1922200,130238,126958,924,127882,1769
2021-08-13,Santa Cruz,087,273765,17759,17332,861,18193,209
2021-08-13,Shasta,089,179085,14188,13698,1924,15622,211
2021-08-13,Sierra,091,2930,85,81,12,93,0
2021-08-13,Siskiyou,093,43540,2249,2147,524,2671,33
2021-08-13,Solano,095,438530,39101,37104,866,37970,264
2021-08-13,Sonoma,097,501317,35764,34464,417,34881,333
2021-08-13,Stanislaus,099,539301,62859,61294,6754,68048,1039
2021-08-13,Sutter,101,95872,10949,10751,114,10865,130
2021-08-13,Tehama,103,63373,5659,5496,676,6172,66
2021-08-13,Trinity,105,12862,552,392,126,518,3
2021-08-13,Tulare,107,460477,53219,51770,10242,62012,856
2021-08-13,Tuolumne,109,53932,5041,4899,52,4951,64
2021-08-13,Ventura,111,848112,88105,86368,3699,90067,1052
2021-08-13,Yolo,113,214977,16296,15761,572,16333,225
2021-08-13,Yuba,115,75493,7376,7184,164,7348,51
2021-08-12,Alameda,001,1643700,103653,100472,2243,102715,1284
2021-08-12,Alpine,003,1148,90,91,0,91,0
2021-08-12,Amador,005,37829,4289,4161,36,4197,49
2021-08-12,Butte,007,227075,14502,14006,2265,16271,206
2021-08-12,Calaveras,009,45235,2630,2531,17,2548,57
2021-08-12,Colusa,011,21464,2178,2111,416,2527,17
2021-08-12,Contra Costa,013,1133247,83963,80738,1616,82354,846
2021-08-12,Del Norte,015,27424,2189,1923,16,1939,8
2021-08-12,El Dorado,017,186661,12501,11880,1035,12915,118
2021-08-12,Fresno,019,978130,111277,108193,9533,117726,1753
2021-08-12,Glenn,021,27897,2623,2559,653,3212,20
2021-08-12,Humboldt,023,135768,6158,5845,108,5953,52
2021-08-12,Imperial,025,180216,29818,29585,2764,32349,745
2021-08-12,Inyo,027,18085,1489,1483,13,1496,39
2021-08-12,Kern,029,883053,103692,101698,13025,114723,1364
2021-08-12,Kings,031,150075,25119,24423,1267,25690,252
2021-08-12,Lake,033,64148,4948,4774,31,4805,68
2021-08-12,Lassen,035,31185,5526,5428,129,5557,21
2021-08-12,Los Angeles,037,10098052,1313539,1291875,47370,1339245,24874
2021-08-12,Madera,039,155013,18061,17564,1145,18709,246
2021-08-12,Marin,041,260295,15714,15277,305,15582,239
2021-08-12,Mariposa,043,17540,608,568,13,581,5
2021-08-12,Mendocino,045,87422,5167,4873,157,5030,49
2021-08-12,Merced,047,269075,33483,32960,1174,34134,480
2021-08-12,Modoc,049,8938,431,423,148,571,5
2021-08-12,Mono,051,14174,1358,1325,17,1342,3
2021-08-12,Monterey,053,433212,44859,44383,2133,46516,527
2021-08-12,Napa,055,140530,11054,10780,63,10843,83
2021-08-12,Nevada,057,99092,6629,6283,222,6505,74
2021-08-12,Orange,059,3164182,278578,273167,12621,285788,5158
2021-08-12,Placer,061,380077,28382,26856,2242,29098,306
2021-08-12,Plumas,063,18699,877,829,14,843,5
2021-08-12,Riverside,065,2383286,318737,311304,14797,326101,4575
2021-08-12,Sacramento,067,1510023,127050,122222,2449,124671,1758
2021-08-12,San Benito,069,59416,6475,6398,119,6517,64
2021-08-12,San Bernardino,071,2135413,315711,310420,9615,320035,5297
2021-08-12,San Diego,073,3302833,317154,310596,18282,328878,3821
2021-08-12,San Francisco,075,870044,45327,43774,1776,45550,564
2021-08-12,San Joaquin,077,732212,82096,79945,4111,84056,1479
2021-08-12,San Luis Obispo,079,281455,23754,23101,877,23978,264
2021-08-12,San Mateo,081,765935,47618,46435,661,47096,548
2021-08-12,Santa Barbara,083,443738,37710,36881,1275,38156,473
2021-08-12,Santa Clara,085,1922200,129789,126614,918,127532,1769
2021-08-12,Santa Cruz,087,273765,17695,17261,860,18121,209
2021-08-12,Shasta,089,179085,14103,13621,1897,15518,211
2021-08-12,Sierra,091,2930,85,81,12,93,0
2021-08-12,Siskiyou,093,43540,2242,2134,515,2649,33
2021-08-12,Solano,095,438530,38871,36980,857,37837,262
2021-08-12,Sonoma,097,501317,35616,34299,414,34713,333
2021-08-12,Stanislaus,099,539301,62594,61026,6695,67721,1039
2021-08-12,Sutter,101,95872,10888,10695,112,10807,130
2021-08-12,Tehama,103,63373,5629,5462,667,6129,66
2021-08-12,Trinity,105,12862,548,386,125,511,3
2021-08-12,Tulare,107,460477,53074,51632,10193,61825,856
2021-08-12,Tuolumne,109,53932,4994,4845,50,4895,64
2021-08-12,Ventura,111,848112,87868,86106,3675,89781,1052
2021-08-12,Yolo,113,214977,16224,15686,558,16244,224
2021-08-12,Yuba,115,75493,7328,7128,163,7291,51
2021-08-11,Alameda,001,1643700,103146,100040,2240,102280,1281
2021-08-11,Alpine,003,1148,90,91,0,91,0
2021-08-11,Amador,005,37829,4265,4127,36,4163,49
2021-08-11,Butte,007,227075,14401,13905,2240,16145,206
2021-08-11,Calaveras,009,45235,2608,2505,17,2522,57
2021-08-11,Colusa,011,21464,2168,2101,414,2515,16
2021-08-11,Contra Costa,013,1133247,83462,80275,1598,81873,843
2021-08-11,Del Norte,015,27424,2130,1893,16,1909,8
2021-08-11,El Dorado,017,186661,12390,11799,1023,12822,119
2021-08-11,Fresno,019,978130,110822,107773,9487,117260,1751
2021-08-11,Glenn,021,27897,2614,2547,643,3190,20
2021-08-11,Humboldt,023,135768,6111,5765,107,5872,52
2021-08-11,Imperial,025,180216,29775,29565,2760,32325,745
2021-08-11,Inyo,027,18085,1489,1483,13,1496,39
2021-08-11,Kern,029,883053,103378,101448,12918,114366,1363
2021-08-11,Kings,031,150075,25006,24304,1258,25562,250
2021-08-11,Lake,033,64148,4911,4713,30,4743,68
2021-08-11,Lassen,035,31185,5517,5408,127,5535,21
2021-08-11,Los Angeles,037,10098052,1310211,1288238,47184,1335422,24851
2021-08-11,Madera,039,155013,18011,17511,1134,18645,245
2021-08-11,Marin,041,260295,15665,15235,305,15540,239
2021-08-11,Mariposa,043,17540,598,554,12,566,5
2021-08-11,Mendocino,045,87422,5098,4796,148,4944,49
2021-08-11,Merced,047,269075,33350,32802,1170,33972,479
2021-08-11,Modoc,049,8938,431,421,148,569,5
2021-08-11,Mono,051,14174,1353,1320,17,1337,3
2021-08-11,Monterey,053,433212,44760,44314,2115,46429,527
2021-08-11,Napa,055,140530,11013,10732,63,10795,83
2021-08-11,Nevada,057,99092,6576,6172,219,6391,74
2021-08-11,Orange,059,3164182,277720,272212,12575,284787,5155
2021-08-11,Placer,061,380077,28170,26687,2216,28903,305
2021-08-11,Plumas,063,18699,868,824,14,838,5
2021-08-11,Riverside,065,2383286,317744,310265,14762,325027,4570
2021-08-11,Sacramento,067,1510023,126258,121603,2410,124013,1757
2021-08-11,San Benito,069,59416,6462,6381,119,6500,64
2021-08-11,San Bernardino,071,2135413,314818,309498,9596,319094,5296
2021-08-11,San Diego,073,3302833,315684,309406,18178,327584,3818
2021-08-11,San Francisco,075,870044,45102,43555,1768,45323,564
2021-08-11,San Joaquin,077,732212,81689,79641,4084,83725,1478
2021-08-11,San Luis Obispo,079,281455,23650,22920,870,23790,264
2021-08-11,San Mateo,081,765935,47450,46300,658,46958,548
2021-08-11,Santa Barbara,083,443738,37547,36699,1267,37966,472
2021-08-11,Santa Clara,085,1922200,129307,126301,910,127211,1769
2021-08-11,Santa Cruz,087,273765,17630,17191,857,18048,209
2021-08-11,Shasta,089,179085,14029,13546,1882,15428,211
2021-08-11,Sierra,091,2930,84,81,12,93,0
2021-08-11,Siskiyou,093,43540,2228,2124,508,2632,33
2021-08-11,Solano,095,438530,38636,36862,843,37705,262
2021-08-11,Sonoma,097,501317,35437,34188,409,34597,333
2021-08-11,Stanislaus,099,539301,62263,60767,6665,67432,1037
2021-08-11,Sutter,101,95872,10816,10628,112,10740,130
2021-08-11,Tehama,103,63373,5600,5410,651,6061,66
2021-08-11,Trinity,105,12862,546,385,125,510,3
2021-08-11,Tulare,107,460477,52906,51464,10148,61612,854
2021-08-11,Tuolumne,109,53932,4962,4794,50,4844,64
2021-08-11,Ventura,111,848112,87616,85863,3654,89517,1051
2021-08-11,Yolo,113,214977,16149,15593,542,16135,218
2021-08-11,Yuba,115,75493,7269,7063,162,7225,53
2021-08-10,Alameda,001,1643700,102677,99771,2233,102004,1281
2021-08-10,Alpine,003,1148,90,91,0,91,0
2021-08-10,Amador,005,37829,4249,4093,36,4129,49
2021-08-10,Butte,007,227075,14317,13853,2219,16072,205
2021-08-10,Calaveras,009,45235,2584,2491,15,2506,57
2021-08-10,Colusa,011,21464,2155,2088,405,2493,16
2021-08-10,Contra Costa,013,1133247,82918,80018,1588,81606,840
2021-08-10,Del Norte,015,27424,2086,1870,16,1886,8
2021-08-10,El Dorado,017,186661,12289,11734,1011,12745,117
2021-08-10,Fresno,019,978130,110365,107616,9432,117048,1747
2021-08-10,Glenn,021,27897,2601,2538,633,3171,20
2021-08-10,Humboldt,023,135768,6057,5718,104,5822,52
2021-08-10,Imperial,025,180216,29740,29522,2753,32275,745
2021-08-10,Inyo,027,18085,1489,1482,13,1495,39
2021-08-10,Kern,029,883053,103050,101254,12822,114076,1359
2021-08-10,Kings,031,150075,24880,24252,1242,25494,251
2021-08-10,Lake,033,64148,4870,4700,30,4730,67
2021-08-10,Lassen,035,31185,5499,5401,127,5528,21
2021-08-10,Los Angeles,037,10098052,1306454,1285140,47020,1332160,24821
2021-08-10,Madera,039,155013,17938,17481,1124,18605,245
2021-08-10,Marin,041,260295,15618,15194,305,15499,239
2021-08-10,Mariposa,043,17540,585,550,12,562,5
2021-08-10,Mendocino,045,87422,5053,4775,144,4919,49
2021-08-10,Merced,047,269075,33203,32721,1161,33882,477
2021-08-10,Modoc,049,8938,430,421,148,569,5
2021-08-10,Mono,051,14174,1348,1320,17,1337,3
2021-08-10,Monterey,053,433212,44698,44259,2100,46359,527
2021-08-10,Napa,055,140530,10957,10703,62,10765,83
2021-08-10,Nevada,057,99092,6511,6151,218,6369,73
2021-08-10,Orange,059,3164182,276840,271688,12528,284216,5155
2021-08-10,Placer,061,380077,27951,26561,2174,28735,305
2021-08-10,Plumas,063,18699,859,816,14,830,5
2021-08-10,Riverside,065,2383286,316629,309529,14736,324265,4564
2021-08-10,Sacramento,067,1510023,125405,121159,2379,123538,1755
2021-08-10,San Benito,069,59416,6448,6371,119,6490,64
2021-08-10,San Bernardino,071,2135413,313894,308672,9578,318250,5295
2021-08-10,San Diego,073,3302833,314042,308288,18086,326374,3815
2021-08-10,San Francisco,075,870044,44849,43389,1753,45142,564
2021-08-10,San Joaquin,077,732212,81291,79391,4066,83457,1478
2021-08-10,San Luis Obispo,079,281455,23524,22776,868,23644,264
2021-08-10,San Mateo,081,765935,47278,46184,656,46840,548
2021-08-10,Santa Barbara,083,443738,37382,36574,1260,37834,472
2021-08-10,Santa Clara,085,1922200,128844,126019,903,126922,1770
2021-08-10,Santa Cruz,087,273765,17547,17142,855,17997,209
2021-08-10,Shasta,089,179085,13951,13461,1859,15320,211
2021-08-10,Sierra,091,2930,84,76,12,88,0
2021-08-10,Siskiyou,093,43540,2219,2088,501,2589,33
2021-08-10,Solano,095,438530,38390,36767,832,37599,262
2021-08-10,Sonoma,097,501317,35292,34054,406,34460,333
2021-08-10,Stanislaus,099,539301,61917,60605,6628,67233,1037
2021-08-10,Sutter,101,95872,10751,10569,112,10681,130
2021-08-10,Tehama,103,63373,5571,5392,646,6038,66
2021-08-10,Trinity,105,12862,546,384,125,509,3
2021-08-10,Tulare,107,460477,52742,51390,10096,61486,854
2021-08-10,Tuolumne,109,53932,4933,4780,48,4828,64
2021-08-10,Ventura,111,848112,87326,85714,3633,89347,1051
2021-08-10,Yolo,113,214977,16062,15568,532,16100,218
2021-08-10,Yuba,115,75493,7220,7028,162,7190,50
2021-08-09,Alameda,001,1643700,102127,99496,2229,101725,1276
2021-08-09,Alpine,003,1148,90,91,0,91,0
2021-08-09,Amador,005,37829,4223,4078,36,4114,48
2021-08-09,Butte,007,227075,14218,13813,2190,16003,205
2021-08-09,Calaveras,009,45235,2559,2472,15,2487,57
2021-08-09,Colusa,011,21464,2145,2075,398,2473,16
2021-08-09,Contra Costa,013,1133247,82375,79740,1576,81316,840
2021-08-09,Del Norte,015,27424,2018,1848,16,1864,8
2021-08-09,El Dorado,017,186661,12182,11672,998,12670,117
2021-08-09,Fresno,019,978130,109871,107310,9394,116704,1747
2021-08-09,Glenn,021,27897,2590,2532,621,3153,20
2021-08-09,Humboldt,023,135768,5966,5632,102,5734,52
2021-08-09,Imperial,025,180216,29695,29512,2749,32261,745
2021-08-09,Inyo,027,18085,1489,1481,13,1494,39
2021-08-09,Kern,029,883053,102738,101069,12736,113805,1359
2021-08-09,Kings,031,150075,24773,24155,1228,25383,250
2021-08-09,Lake,033,64148,4835,4670,28,4698,66
2021-08-09,Lassen,035,31185,5477,5393,126,5519,21
2021-08-09,Los Angeles,037,10098052,1302441,1282891,46817,1329708,24798
2021-08-09,Madera,039,155013,17879,17429,1104,18533,245
2021-08-09,Marin,041,260295,15565,15154,304,15458,239
2021-08-09,Mariposa,043,17540,572,545,12,557,5
2021-08-09,Mendocino,045,87422,5002,4732,136,4868,49
2021-08-09,Merced,047,269075,33057,32666,1154,33820,477
2021-08-09,Modoc,049,8938,430,419,148,567,5
2021-08-09,Mono,051,14174,1345,1337,17,1354,3
2021-08-09,Monterey,053,433212,44626,44190,2085,46275,527
2021-08-09,Napa,055,140530,10910,10679,62,10741,83
2021-08-09,Nevada,057,99092,6439,6088,217,6305,73
2021-08-09,Orange,059,3164182,275800,271036,12473,283509,5153
2021-08-09,Placer,061,380077,27727,26457,2143,28600,305
2021-08-09,Plumas,063,18699,842,803,14,817,5
2021-08-09,Riverside,065,2383286,315553,308678,14718,323396,4562
2021-08-09,Sacramento,067,1510023,124570,120812,2354,123166,1748
2021-08-09,San Benito,069,59416,6428,6359,117,6476,63
2021-08-09,San Bernardino,071,2135413,312910,308038,9555,317593,5295
2021-08-09,San Diego,073,3302833,312384,306855,17987,324842,3811
2021-08-09,San Francisco,075,870044,44603,43261,1737,44998,564
2021-08-09,San Joaquin,077,732212,80908,79198,4048,83246,1469
2021-08-09,San Luis Obispo,079,281455,23385,22695,859,23554,264
2021-08-09,San Mateo,081,765935,47106,46040,653,46693,548
2021-08-09,Santa Barbara,083,443738,37198,36474,1252,37726,470
2021-08-09,Santa Clara,085,1922200,128341,125791,894,126685,2187
2021-08-09,Santa Cruz,087,273765,17485,17082,855,17937,209
2021-08-09,Shasta,089,179085,13834,13397,1848,15245,210
2021-08-09,Sierra,091,2930,83,75,12,87,0
2021-08-09,Siskiyou,093,43540,2207,2047,486,2533,32
2021-08-09,Solano,095,438530,38114,36653,830,37483,262
2021-08-09,Sonoma,097,501317,35111,33933,404,34337,333
2021-08-09,Stanislaus,099,539301,61638,60410,6579,66989,1037
2021-08-09,Sutter,101,95872,10702,10525,109,10634,129
2021-08-09,Tehama,103,63373,5529,5373,645,6018,66
2021-08-09,Trinity,105,12862,544,378,123,501,3
2021-08-09,Tulare,107,460477,52583,51274,10034,61308,854
2021-08-09,Tuolumne,109,53932,4891,4745,48,4793,64
2021-08-09,Ventura,111,848112,87054,85514,3622,89136,1047
2021-08-09,Yolo,113,214977,15984,15521,511,16032,218
2021-08-09,Yuba,115,75493,7161,6994,162,7156,50
2021-08-08,Alameda,001,1643700,101578,99135,2223,101358,1276
2021-08-08,Alpine,003,1148,90,91,0,91,0
2021-08-08,Amador,005,37829,4189,4057,35,4092,48
2021-08-08,Butte,007,227075,14136,13791,2170,15961,205
2021-08-08,Calaveras,009,45235,2526,2462,15,2477,57
2021-08-08,Colusa,011,21464,2128,2070,391,2461,16
2021-08-08,Contra Costa,013,1133247,81850,79454,1568,81022,840
2021-08-08,Del Norte,015,27424,1972,1810,16,1826,8
2021-08-08,El Dorado,017,186661,12061,11631,988,12619,117
2021-08-08,Fresno,019,978130,109428,107078,9357,116435,1747
2021-08-08,Glenn,021,27897,2582,2527,614,3141,20
2021-08-08,Humboldt,023,135768,5877,5571,102,5673,52
2021-08-08,Imperial,025,180216,29671,29485,2739,32224,745
2021-08-08,Inyo,027,18085,1489,1481,13,1494,39
2021-08-08,Kern,029,883053,102418,100909,12624,113533,1359
2021-08-08,Kings,031,150075,24659,24095,1219,25314,250
2021-08-08,Lake,033,64148,4785,4636,27,4663,66
2021-08-08,Lassen,035,31185,5462,5391,125,5516,21
2021-08-08,Los Angeles,037,10098052,1298188,1279982,46634,1326616,24793
2021-08-08,Madera,039,155013,17800,17398,1087,18485,245
2021-08-08,Marin,041,260295,15512,15124,302,15426,239
2021-08-08,Mariposa,043,17540,568,538,12,550,5
2021-08-08,Mendocino,045,87422,4940,4702,123,4825,49
2021-08-08,Merced,047,269075,32910,32634,1145,33779,477
2021-08-08,Modoc,049,8938,429,419,147,566,5
2021-08-08,Mono,051,14174,1341,1336,17,1353,3
2021-08-08,Monterey,053,433212,44556,44171,2074,46245,527
2021-08-08,Napa,055,140530,10874,10668,62,10730,83
2021-08-08,Nevada,057,99092,6355,6009,215,6224,73
2021-08-08,Orange,059,3164182,274887,270532,12431,282963,5153
2021-08-08,Placer,061,380077,27518,26332,2102,28434,305
2021-08-08,Plumas,063,18699,833,803,14,817,5
2021-08-08,Riverside,065,2383286,314432,308042,14695,322737,4562
2021-08-08,Sacramento,067,1510023,123742,120109,2342,122451,1744
2021-08-08,San Benito,069,59416,6411,6350,116,6466,63
2021-08-08,San Bernardino,071,2135413,311768,307378,9526,316904,5295
2021-08-08,San Diego,073,3302833,311043,305983,17889,323872,3811
2021-08-08,San Francisco,075,870044,44343,43098,1715,44813,564
2021-08-08,San Joaquin,077,732212,80459,79002,4032,83034,1469
2021-08-08,San Luis Obispo,079,281455,23211,22668,851,23519,263
2021-08-08,San Mateo,081,765935,46916,45927,650,46577,548
2021-08-08,Santa Barbara,083,443738,37021,36417,1245,37662,470
2021-08-08,Santa Clara,085,1922200,127890,125553,889,126442,2187
2021-08-08,Santa Cruz,087,273765,17414,17035,850,17885,209
2021-08-08,Shasta,089,179085,13749,13381,1837,15218,210
2021-08-08,Sierra,091,2930,83,74,12,86,0
2021-08-08,Siskiyou,093,43540,2191,2041,481,2522,32
2021-08-08,Solano,095,438530,37862,36551,826,37377,262
2021-08-08,Sonoma,097,501317,34867,33805,403,34208,333
2021-08-08,Stanislaus,099,539301,61312,60269,6534,66803,1037
2021-08-08,Sutter,101,95872,10642,10481,108,10589,129
2021-08-08,Tehama,103,63373,5493,5359,642,6001,66
2021-08-08,Trinity,105,12862,539,378,123,501,3
2021-08-08,Tulare,107,460477,52404,51220,9975,61195,854
2021-08-08,Tuolumne,109,53932,4851,4731,48,4779,64
2021-08-08,Ventura,111,848112,86763,85382,3612,88994,1047
2021-08-08,Yolo,113,214977,15892,15477,504,15981,218
2021-08-08,Yuba,115,75493,7122,6967,162,7129,50
2021-08-07,Alameda,001,1643700,101332,98812,2217,101029,1276
2021-08-07,Alpine,003,1148,90,91,0,91,0
2021-08-07,Amador,005,37829,4172,4041,34,4075,48
2021-08-07,Butte,007,227075,14084,13714,2158,15872,205
2021-08-07,Calaveras,009,45235,2516,2446,15,2461,57
2021-08-07,Colusa,011,21464,2123,2067,382,2449,16
2021-08-07,Contra Costa,013,1133247,81554,79168,1565,80733,840
2021-08-07,Del Norte,015,27424,1940,1791,16,1807,8
2021-08-07,El Dorado,017,186661,12013,11575,981,12556,117
2021-08-07,Fresno,019,978130,109224,106861,9331,116192,1747
2021-08-07,Glenn,021,27897,2574,2515,613,3128,20
2021-08-07,Humboldt,023,135768,5827,5510,99,5609,52
2021-08-07,Imperial,025,180216,29652,29470,2739,32209,745
2021-08-07,Inyo,027,18085,1487,1476,13,1489,39
2021-08-07,Kern,029,883053,102260,100693,12568,113261,1359
2021-08-07,Kings,031,150075,24598,24048,1213,25261,250
2021-08-07,Lake,033,64148,4764,4613,27,4640,66
2021-08-07,Lassen,035,31185,5458,5386,125,5511,21
2021-08-07,Los Angeles,037,10098052,1296150,1276853,46488,1323341,24786
2021-08-07,Madera,039,155013,17765,17366,1083,18449,245
2021-08-07,Marin,041,260295,15478,15085,301,15386,239
2021-08-07,Mariposa,043,17540,565,530,12,542,5
2021-08-07,Mendocino,045,87422,4904,4690,121,4811,49
2021-08-07,Merced,047,269075,32846,32569,1142,33711,477
2021-08-07,Modoc,049,8938,429,419,147,566,5
2021-08-07,Mono,051,14174,1338,1329,17,1346,3
2021-08-07,Monterey,053,433212,44504,44124,2069,46193,527
2021-08-07,Napa,055,140530,10853,10658,61,10719,83
2021-08-07,Nevada,057,99092,6305,5967,213,6180,73
2021-08-07,Orange,059,3164182,274295,269900,12401,282301,5153
2021-08-07,Placer,061,380077,27329,26244,2094,28338,305
2021-08-07,Plumas,063,18699,828,801,14,815,5
2021-08-07,Riverside,065,2383286,313760,307326,14688,322014,4562
2021-08-07,Sacramento,067,1510023,123241,119636,2338,121974,1744
2021-08-07,San Benito,069,59416,6401,6332,116,6448,63
2021-08-07,San Bernardino,071,2135413,311179,306663,9509,316172,5295
2021-08-07,San Diego,073,3302833,310288,304974,17854,322828,3811
2021-08-07,San Francisco,075,870044,44172,42926,1697,44623,564
2021-08-07,San Joaquin,077,732212,80295,78769,4017,82786,1469
2021-08-07,San Luis Obispo,079,281455,23142,22579,850,23429,263
2021-08-07,San Mateo,081,765935,46788,45804,648,46452,548
2021-08-07,Santa Barbara,083,443738,36925,36303,1239,37542,470
2021-08-07,Santa Clara,085,1922200,127619,125196,884,126080,2188
2021-08-07,Santa Cruz,087,273765,17371,16994,848,17842,209
2021-08-07,Shasta,089,179085,13693,13361,1830,15191,210
2021-08-07,Sierra,091,2930,83,74,12,86,0
2021-08-07,Siskiyou,093,43540,2179,2039,479,2518,32
2021-08-07,Solano,095,438530,37746,36458,818,37276,262
2021-08-07,Sonoma,097,501317,34745,33716,403,34119,333
2021-08-07,Stanislaus,099,539301,61141,60093,6504,66597,1037
2021-08-07,Sutter,101,95872,10605,10447,108,10555,129
2021-08-07,Tehama,103,63373,5482,5343,637,5980,66
2021-08-07,Trinity,105,12862,535,377,122,499,3
2021-08-07,Tulare,107,460477,52318,51133,9937,61070,854
2021-08-07,Tuolumne,109,53932,4821,4721,48,4769,64
2021-08-07,Ventura,111,848112,86583,85232,3598,88830,1047
2021-08-07,Yolo,113,214977,15848,15423,498,15921,218
2021-08-07,Yuba,115,75493,7097,6937,160,7097,50
2021-08-06,Alameda,001,1643700,101003,98487,2211,100698,1275
2021-08-06,Alpine,003,1148,90,91,0,91,0
2021-08-06,Amador,005,37829,4151,4002,34,4036,48
2021-08-06,Butte,007,227075,14034,13626,2143,15769,205
2021-08-06,Calaveras,009,45235,2505,2419,15,2434,57
2021-08-06,Colusa,011,21464,2116,2045,376,2421,16
2021-08-06,Contra Costa,013,1133247,81259,78796,1560,80356,840
2021-08-06,Del Norte,015,27424,1913,1755,15,1770,8
2021-08-06,El Dorado,017,186661,11963,11498,969,12467,117
2021-08-06,Fresno,019,978130,108960,106542,9304,115846,1747
2021-08-06,Glenn,021,27897,2559,2504,610,3114,20
2021-08-06,Humboldt,023,135768,5776,5421,96,5517,52
2021-08-06,Imperial,025,180216,29641,29404,2735,32139,745
2021-08-06,Inyo,027,18085,1484,1471,13,1484,39
2021-08-06,Kern,029,883053,102083,100427,12483,112910,1359
2021-08-06,Kings,031,150075,24543,23974,1209,25183,250
2021-08-06,Lake,033,64148,4741,4557,27,4584,66
2021-08-06,Lassen,035,31185,5436,5368,125,5493,21
2021-08-06,Los Angeles,037,10098052,1293656,1273081,46339,1319420,24772
2021-08-06,Madera,039,155013,17726,17324,1074,18398,245
2021-08-06,Marin,041,260295,15445,15051,301,15352,239
2021-08-06,Mariposa,043,17540,556,511,12,523,5
2021-08-06,Mendocino,045,87422,4862,4649,120,4769,49
2021-08-06,Merced,047,269075,32786,32456,1139,33595,477
2021-08-06,Modoc,049,8938,429,419,147,566,5
2021-08-06,Mono,051,14174,1337,1328,17,1345,3
2021-08-06,Monterey,053,433212,44436,44058,2056,46114,527
2021-08-06,Napa,055,140530,10826,10620,61,10681,83
2021-08-06,Nevada,057,99092,6249,5874,213,6087,73
2021-08-06,Orange,059,3164182,273730,269077,12384,281461,5151
2021-08-06,Placer,061,380077,27206,26086,2073,28159,305
2021-08-06,Plumas,063,18699,819,795,14,809,5
2021-08-06,Riverside,065,2383286,313050,306304,14677,320981,4562
2021-08-06,Sacramento,067,1510023,122749,119169,2319,121488,1740
2021-08-06,San Benito,069,59416,6384,6315,116,6431,63
2021-08-06,San Bernardino,071,2135413,310478,305806,9499,315305,5286
2021-08-06,San Diego,073,3302833,309249,303691,17805,321496,3810
2021-08-06,San Francisco,075,870044,44015,42659,1679,44338,565
2021-08-06,San Joaquin,077,732212,80145,78405,4005,82410,1469
2021-08-06,San Luis Obispo,079,281455,23074,22472,845,23317,263
2021-08-06,San Mateo,081,765935,46636,45665,643,46308,548
2021-08-06,Santa Barbara,083,443738,36836,36208,1235,37443,470
2021-08-06,Santa Clara,085,1922200,127329,124767,879,125646,2185
2021-08-06,Santa Cruz,087,273765,17327,16924,844,17768,207
2021-08-06,Shasta,089,179085,13627,13284,1824,15108,210
2021-08-06,Sierra,091,2930,83,73,12,85,0
2021-08-06,Siskiyou,093,43540,2169,2030,475,2505,32
2021-08-06,Solano,095,438530,37636,36351,809,37160,262
2021-08-06,Sonoma,097,501317,34659,33594,402,33996,333
2021-08-06,Stanislaus,099,539301,61003,59854,6484,66338,1037
2021-08-06,Sutter,101,95872,10562,10391,108,10499,128
2021-08-06,Tehama,103,63373,5458,5325,635,5960,66
2021-08-06,Trinity,105,12862,534,371,121,492,3
2021-08-06,Tulare,107,460477,52217,51018,9890,60908,854
2021-08-06,Tuolumne,109,53932,4794,4674,48,4722,64
2021-08-06,Ventura,111,848112,86412,85046,3586,88632,1047
2021-08-06,Yolo,113,214977,15795,15299,493,15792,218
2021-08-06,Yuba,115,75493,7074,6904,160,7064,50
2021-08-05,Alameda,001,1643700,100518,98052,2206,100258,1275
2021-08-05,Alpine,003,1148,90,91,0,91,0
2021-08-05,Amador,005,37829,4131,3992,34,4026,48
2021-08-05,Butte,007,227075,13973,13564,2120,15684,206
2021-08-05,Calaveras,009,45235,2486,2397,15,2412,57
2021-08-05,Colusa,011,21464,2104,2036,372,2408,16
2021-08-05,Contra Costa,013,1133247,80832,78514,1553,80067,840
2021-08-05,Del Norte,015,27424,1886,1731,15,1746,8
2021-08-05,El Dorado,017,186661,11878,11408,958,12366,117
2021-08-05,Fresno,019,978130,108589,106219,9268,115487,1747
2021-08-05,Glenn,021,27897,2553,2494,607,3101,20
2021-08-05,Humboldt,023,135768,5702,5328,95,5423,52
2021-08-05,Imperial,025,180216,29610,29383,2731,32114,745
2021-08-05,Inyo,027,18085,1480,1468,13,1481,38
2021-08-05,Kern,029,883053,101861,100091,12398,112489,1358
2021-08-05,Kings,031,150075,24459,23906,1204,25110,249
2021-08-05,Lake,033,64148,4702,4490,25,4515,66
2021-08-05,Lassen,035,31185,5428,5344,125,5469,21
2021-08-05,Los Angeles,037,10098052,1290436,1269445,46207,1315652,24756
2021-08-05,Madera,039,155013,17685,17301,1066,18367,245
2021-08-05,Marin,041,260295,15401,15005,297,15302,239
2021-08-05,Mariposa,043,17540,545,504,11,515,5
2021-08-05,Mendocino,045,87422,4819,4597,111,4708,49
2021-08-05,Merced,047,269075,32719,32381,1128,33509,477
2021-08-05,Modoc,049,8938,428,418,147,565,5
2021-08-05,Mono,051,14174,1329,1309,17,1326,3
2021-08-05,Monterey,053,433212,44379,43992,2038,46030,527
2021-08-05,Napa,055,140530,10790,10591,59,10650,83
2021-08-05,Nevada,057,99092,6167,5778,210,5988,73
2021-08-05,Orange,059,3164182,272949,268329,12358,280687,5149
2021-08-05,Placer,061,380077,27006,25965,2046,28011,305
2021-08-05,Plumas,063,18699,810,787,14,801,5
2021-08-05,Riverside,065,2383286,312132,305415,14651,320066,4562
2021-08-05,Sacramento,067,1510023,122040,118590,2306,120896,1739
2021-08-05,San Benito,069,59416,6366,6305,116,6421,63
2021-08-05,San Bernardino,071,2135413,309643,304956,9478,314434,5284
2021-08-05,San Diego,073,3302833,307977,302220,17723,319943,3806
2021-08-05,San Francisco,075,870044,43804,42301,1670,43971,564
2021-08-05,San Joaquin,077,732212,79783,78151,3987,82138,1468
2021-08-05,San Luis Obispo,079,281455,22959,22362,839,23201,263
2021-08-05,San Mateo,081,765935,46463,45554,641,46195,548
2021-08-05,Santa Barbara,083,443738,36729,36112,1232,37344,470
2021-08-05,Santa Clara,085,1922200,126996,124490,879,125369,2185
2021-08-05,Santa Cruz,087,273765,17283,16867,841,17708,207
2021-08-05,Shasta,089,179085,13569,13217,1816,15033,210
2021-08-05,Sierra,091,2930,78,73,12,85,0
2021-08-05,Siskiyou,093,43540,2148,2024,466,2490,32
2021-08-05,Solano,095,438530,37455,36250,802,37052,262
2021-08-05,Sonoma,097,501317,34524,33455,401,33856,330
2021-08-05,Stanislaus,099,539301,60781,59692,6445,66137,1037
2021-08-05,Sutter,101,95872,10507,10349,108,10457,127
2021-08-05,Tehama,103,63373,5440,5305,632,5937,66
2021-08-05,Trinity,105,12862,528,367,121,488,3
2021-08-05,Tulare,107,460477,52100,50889,9836,60725,854
2021-08-05,Tuolumne,109,53932,4764,4619,48,4667,64
2021-08-05,Ventura,111,848112,86161,84837,3572,88409,1047
2021-08-05,Yolo,113,214977,15728,15250,483,15733,218
2021-08-05,Yuba,115,75493,7031,6872,158,7030,50
2021-08-04,Alameda,001,1643700,100014,97477,2195,99672,1274
2021-08-04,Alpine,003,1148,90,91,0,91,0
2021-08-04,Amador,005,37829,4101,3962,33,3995,48
2021-08-04,Butte,007,227075,13905,13509,2103,15612,205
2021-08-04,Calaveras,009,45235,2461,2374,15,2389,57
2021-08-04,Colusa,011,21464,2092,2025,366,2391,16
2021-08-04,Contra Costa,013,1133247,80315,77966,1548,79514,840
2021-08-04,Del Norte,015,27424,1863,1701,15,1716,8
2021-08-04,El Dorado,017,186661,11798,11319,947,12266,117
2021-08-04,Fresno,019,978130,108221,105899,9229,115128,1747
2021-08-04,Glenn,021,27897,2545,2487,605,3092,20
2021-08-04,Humboldt,023,135768,5626,5271,94,5365,52
2021-08-04,Imperial,025,180216,29562,29375,2729,32104,745
2021-08-04,Inyo,027,18085,1479,1465,13,1478,38
2021-08-04,Kern,029,883053,101611,99868,12315,112183,1358
2021-08-04,Kings,031,150075,24387,23840,1196,25036,250
2021-08-04,Lake,033,64148,4672,4423,20,4443,65
2021-08-04,Lassen,035,31185,5420,5340,125,5465,21
2021-08-04,Los Angeles,037,10098052,1286941,1265788,46048,1311836,24737
2021-08-04,Madera,039,155013,17650,17251,1059,18310,245
2021-08-04,Marin,041,260295,15354,14950,295,15245,239
2021-08-04,Mariposa,043,17540,530,497,11,508,5
2021-08-04,Mendocino,045,87422,4795,4560,107,4667,49
2021-08-04,Merced,047,269075,32581,32274,1123,33397,476
2021-08-04,Modoc,049,8938,428,416,147,563,5
2021-08-04,Mono,051,14174,1325,1307,17,1324,3
2021-08-04,Monterey,053,433212,44314,43926,2027,45953,526
2021-08-04,Napa,055,140530,10753,10544,59,10603,82
2021-08-04,Nevada,057,99092,6103,5702,209,5911,73
2021-08-04,Orange,059,3164182,272074,267199,12321,279520,5146
2021-08-04,Placer,061,380077,26789,25688,2026,27714,305
2021-08-04,Plumas,063,18699,804,784,14,798,5
2021-08-04,Riverside,065,2383286,311207,304272,14626,318898,4562
2021-08-04,Sacramento,067,1510023,121283,117882,2280,120162,1736
2021-08-04,San Benito,069,59416,6351,6300,116,6416,63
2021-08-04,San Bernardino,071,2135413,308786,304164,9459,313623,5285
2021-08-04,San Diego,073,3302833,306464,301100,17656,318756,3805
2021-08-04,San Francisco,075,870044,43549,41913,1658,43571,562
2021-08-04,San Joaquin,077,732212,79426,77846,3975,81821,1466
2021-08-04,San Luis Obispo,079,281455,22849,22245,833,23078,262
2021-08-04,San Mateo,081,765935,46291,45392,640,46032,548
2021-08-04,Santa Barbara,083,443738,36600,36013,1224,37237,470
2021-08-04,Santa Clara,085,1922200,126605,124127,872,124999,2183
2021-08-04,Santa Cruz,087,273765,17221,16820,834,17654,208
2021-08-04,Shasta,089,179085,13518,13134,1805,14939,211
2021-08-04,Sierra,091,2930,78,73,12,85,0
2021-08-04,Siskiyou,093,43540,2128,2010,462,2472,32
2021-08-04,Solano,095,438530,37254,36025,793,36818,262
2021-08-04,Sonoma,097,501317,34352,33311,399,33710,330
2021-08-04,Stanislaus,099,539301,60555,59396,6407,65803,1037
2021-08-04,Sutter,101,95872,10470,10294,108,10402,127
2021-08-04,Tehama,103,63373,5414,5281,626,5907,66
2021-08-04,Trinity,105,12862,526,362,118,480,3
2021-08-04,Tulare,107,460477,51990,50797,9792,60589,855
2021-08-04,Tuolumne,109,53932,4739,4584,48,4632,64
2021-08-04,Ventura,111,848112,85903,84406,3550,87956,1047
2021-08-04,Yolo,113,214977,15648,15189,470,15659,215
2021-08-04,Yuba,115,75493,6991,6827,157,6984,50
2021-08-03,Alameda,001,1643700,99566,97275,2190,99465,1270
2021-08-03,Alpine,003,1148,90,91,0,91,0
2021-08-03,Amador,005,37829,4065,3953,33,3986,48
2021-08-03,Butte,007,227075,13837,13468,2088,15556,205
2021-08-03,Calaveras,009,45235,2439,2356,15,2371,57
2021-08-03,Colusa,011,21464,2079,2023,360,2383,16
2021-08-03,Contra Costa,013,1133247,79833,77739,1541,79280,836
2021-08-03,Del Norte,015,27424,1831,1691,14,1705,8
2021-08-03,El Dorado,017,186661,11705,11255,936,12191,117
2021-08-03,Fresno,019,978130,107859,105732,9198,114930,1746
2021-08-03,Glenn,021,27897,2538,2481,599,3080,20
2021-08-03,Humboldt,023,135768,5561,5199,89,5288,52
2021-08-03,Imperial,025,180216,29540,29333,2722,32055,745
2021-08-03,Inyo,027,18085,1476,1459,13,1472,38
2021-08-03,Kern,029,883053,101349,99708,12236,111944,1358
2021-08-03,Kings,031,150075,24299,23780,1189,24969,249
2021-08-03,Lake,033,64148,4616,4408,16,4424,66
2021-08-03,Lassen,035,31185,5410,5341,125,5466,21
2021-08-03,Los Angeles,037,10098052,1283197,1262678,45871,1308549,24721
2021-08-03,Madera,039,155013,17609,17220,1044,18264,245
2021-08-03,Marin,041,260295,15305,14906,292,15198,243
2021-08-03,Mariposa,043,17540,519,495,11,506,5
2021-08-03,Mendocino,045,87422,4746,4546,106,4652,49
2021-08-03,Merced,047,269075,32498,32197,1121,33318,476
2021-08-03,Modoc,049,8938,428,416,147,563,5
2021-08-03,Mono,051,14174,1320,1303,17,1320,3
2021-08-03,Monterey,053,433212,44251,43872,2014,45886,525
2021-08-03,Napa,055,140530,10710,10527,58,10585,82
2021-08-03,Nevada,057,99092,6022,5685,208,5893,73
2021-08-03,Orange,059,3164182,271335,266649,12291,278940,5146
2021-08-03,Placer,061,380077,26588,25624,2002,27626,305
2021-08-03,Plumas,063,18699,797,779,14,793,5
2021-08-03,Riverside,065,2383286,310282,303499,14600,318099,4562
2021-08-03,Sacramento,067,1510023,120538,117591,2260,119851,1732
2021-08-03,San Benito,069,59416,6336,6284,115,6399,63
2021-08-03,San Bernardino,071,2135413,307865,303386,9441,312827,5265
2021-08-03,San Diego,073,3302833,305025,300189,17546,317735,3803
2021-08-03,San Francisco,075,870044,43267,41758,1638,43396,562
2021-08-03,San Joaquin,077,732212,79075,77615,3954,81569,1461
2021-08-03,San Luis Obispo,079,281455,22709,22166,826,22992,264
2021-08-03,San Mateo,081,765935,46099,45255,635,45890,548
2021-08-03,Santa Barbara,083,443738,36481,35912,1218,37130,469
2021-08-03,Santa Clara,085,1922200,126184,123914,866,124780,2183
2021-08-03,Santa Cruz,087,273765,17155,16778,831,17609,207
2021-08-03,Shasta,089,179085,13443,13091,1794,14885,211
2021-08-03,Sierra,091,2930,78,72,12,84,0
2021-08-03,Siskiyou,093,43540,2117,1998,457,2455,32
2021-08-03,Solano,095,438530,37034,35953,781,36734,261
2021-08-03,Sonoma,097,501317,34171,33243,398,33641,330
2021-08-03,Stanislaus,099,539301,60333,59282,6388,65670,1037
2021-08-03,Sutter,101,95872,10430,10263,107,10370,127
2021-08-03,Tehama,103,63373,5387,5269,621,5890,66
2021-08-03,Trinity,105,12862,523,361,115,476,3
2021-08-03,Tulare,107,460477,51895,50729,9746,60475,854
2021-08-03,Tuolumne,109,53932,4704,4563,48,4611,64
2021-08-03,Ventura,111,848112,85659,84270,3529,87799,1046
2021-08-03,Yolo,113,214977,15556,15149,455,15604,215
2021-08-03,Yuba,115,75493,6954,6781,155,6936,50
2021-08-02,Alameda,001,1643700,99009,96954,2186,99140,1270
2021-08-02,Alpine,003,1148,90,91,0,91,0
2021-08-02,Amador,005,37829,4045,3927,33,3960,48
2021-08-02,Butte,007,227075,13757,13442,2069,15511,205
2021-08-02,Calaveras,009,45235,2414,2347,15,2362,57
2021-08-02,Colusa,011,21464,2067,2019,357,2376,16
2021-08-02,Contra Costa,013,1133247,79323,77516,1527,79043,836
2021-08-02,Del Norte,015,27424,1801,1653,14,1667,8
2021-08-02,El Dorado,017,186661,11602,11226,922,12148,116
2021-08-02,Fresno,019,978130,107513,105471,9161,114632,1744
2021-08-02,Glenn,021,27897,2530,2477,596,3073,20
2021-08-02,Humboldt,023,135768,5478,5161,87,5248,52
2021-08-02,Imperial,025,180216,29507,29302,2719,32021,743
2021-08-02,Inyo,027,18085,1470,1455,13,1468,38
2021-08-02,Kern,029,883053,101094,99556,12145,111701,1357
2021-08-02,Kings,031,150075,24229,23722,1183,24905,249
2021-08-02,Lake,033,64148,4573,4375,16,4391,66
2021-08-02,Lassen,035,31185,5387,5338,123,5461,21
2021-08-02,Los Angeles,037,10098052,1279475,1260807,45665,1306472,24705
2021-08-02,Madera,039,155013,17565,17158,1031,18189,245
2021-08-02,Marin,041,260295,15262,14859,291,15150,239
2021-08-02,Mariposa,043,17540,510,490,11,501,5
2021-08-02,Mendocino,045,87422,4706,4512,103,4615,49
2021-08-02,Merced,047,269075,32400,32163,1114,33277,474
2021-08-02,Modoc,049,8938,428,415,147,562,5
2021-08-02,Mono,051,14174,1313,1296,17,1313,3
2021-08-02,Monterey,053,433212,44191,43842,2006,45848,525
2021-08-02,Napa,055,140530,10667,10490,55,10545,82
2021-08-02,Nevada,057,99092,5951,5611,207,5818,73
2021-08-02,Orange,059,3164182,270421,266050,12246,278296,5146
2021-08-02,Placer,061,380077,26441,25516,1968,27484,306
2021-08-02,Plumas,063,18699,790,762,14,776,5
2021-08-02,Riverside,065,2383286,309344,302756,14585,317341,4562
2021-08-02,Sacramento,067,1510023,119840,117183,2240,119423,1728
2021-08-02,San Benito,069,59416,6317,6276,114,6390,63
2021-08-02,San Bernardino,071,2135413,306990,303000,9408,312408,5253
2021-08-02,San Diego,073,3302833,303545,299021,17466,316487,3798
2021-08-02,San Francisco,075,870044,42981,41553,1615,43168,562
2021-08-02,San Joaquin,077,732212,78732,77447,3929,81376,1461
2021-08-02,San Luis Obispo,079,281455,22615,22093,819,22912,261
2021-08-02,San Mateo,081,765935,45922,45154,623,45777,548
2021-08-02,Santa Barbara,083,443738,36343,35851,1212,37063,469
2021-08-02,Santa Clara,085,1922200,125714,123655,858,124513,2183
2021-08-02,Santa Cruz,087,273765,17097,16746,827,17573,207
2021-08-02,Shasta,089,179085,13381,13049,1780,14829,212
2021-08-02,Sierra,091,2930,78,71,12,83,0
2021-08-02,Siskiyou,093,43540,2106,1992,443,2435,31
2021-08-02,Solano,095,438530,36786,35852,768,36620,260
2021-08-02,Sonoma,097,501317,33945,33132,393,33525,330
2021-08-02,Stanislaus,099,539301,60114,59160,6361,65521,1037
2021-08-02,Sutter,101,95872,10384,10220,107,10327,127
2021-08-02,Tehama,103,63373,5364,5260,617,5877,66
2021-08-02,Trinity,105,12862,518,359,114,473,3
2021-08-02,Tulare,107,460477,51794,50640,9674,60314,854
2021-08-02,Tuolumne,109,53932,4637,4524,48,4572,64
2021-08-02,Ventura,111,848112,85474,84143,3506,87649,1044
2021-08-02,Yolo,113,214977,15458,15072,438,15510,215
2021-08-02,Yuba,115,75493,6912,6743,152,6895,50
2021-08-01,Alameda,001,1643700,98478,96775,2180,98955,1270
2021-08-01,Alpine,003,1148,90,91,0,91,0
2021-08-01,Amador,005,37829,4007,3923,33,3956,48
2021-08-01,Butte,007,227075,13679,13406,2052,15458,205
2021-08-01,Calaveras,009,45235,2390,2341,15,2356,57
2021-08-01,Colusa,011,21464,2056,2014,355,2369,16
2021-08-01,Contra Costa,013,1133247,78887,77360,1520,78880,836
2021-08-01,Del Norte,015,27424,1769,1642,14,1656,8
2021-08-01,El Dorado,017,186661,11502,11189,911,12100,116
2021-08-01,Fresno,019,978130,107187,105339,9116,114455,1744
2021-08-01,Glenn,021,27897,2524,2476,593,3069,20
2021-08-01,Humboldt,023,135768,5401,5118,83,5201,52
2021-08-01,Imperial,025,180216,29472,29297,2715,32012,743
2021-08-01,Inyo,027,18085,1468,1454,13,1467,38
2021-08-01,Kern,029,883053,100816,99396,12070,111466,1357
2021-08-01,Kings,031,150075,24142,23700,1178,24878,249
2021-08-01,Lake,033,64148,4494,4356,16,4372,66
2021-08-01,Lassen,035,31185,5374,5336,121,5457,21
2021-08-01,Los Angeles,037,10098052,1275784,1258461,45441,1303902,24700
2021-08-01,Madera,039,155013,17509,17146,1026,18172,245
2021-08-01,Marin,041,260295,15185,14844,290,15134,239
2021-08-01,Mariposa,043,17540,503,482,11,493,5
2021-08-01,Mendocino,045,87422,4660,4476,99,4575,49
2021-08-01,Merced,047,269075,32309,32144,1108,33252,474
2021-08-01,Modoc,049,8938,426,413,147,560,5
2021-08-01,Mono,051,14174,1310,1294,17,1311,3
2021-08-01,Monterey,053,433212,44144,43808,1993,45801,525
2021-08-01,Napa,055,140530,10618,10473,53,10526,82
2021-08-01,Nevada,057,99092,5864,5561,206,5767,73
2021-08-01,Orange,059,3164182,269608,265467,12203,277670,5146
2021-08-01,Placer,061,380077,26226,25464,1938,27402,306
2021-08-01,Plumas,063,18699,784,761,14,775,5
2021-08-01,Riverside,065,2383286,308411,302256,14567,316823,4562
2021-08-01,Sacramento,067,1510023,119104,116923,2226,119149,1727
2021-08-01,San Benito,069,59416,6300,6271,114,6385,63
2021-08-01,San Bernardino,071,2135413,306056,302542,9397,311939,5248
2021-08-01,San Diego,073,3302833,302359,298002,17401,315403,3798
2021-08-01,San Francisco,075,870044,42643,41432,1602,43034,562
2021-08-01,San Joaquin,077,732212,78365,77338,3904,81242,1461
2021-08-01,San Luis Obispo,079,281455,22513,22083,814,22897,261
2021-08-01,San Mateo,081,765935,45740,45036,616,45652,548
2021-08-01,Santa Barbara,083,443738,36219,35809,1208,37017,469
2021-08-01,Santa Clara,085,1922200,125302,123511,850,124361,2183
2021-08-01,Santa Cruz,087,273765,17018,16709,820,17529,207
2021-08-01,Shasta,089,179085,13310,13036,1771,14807,212
2021-08-01,Sierra,091,2930,76,71,12,83,0
2021-08-01,Siskiyou,093,43540,2100,1989,437,2426,31
2021-08-01,Solano,095,438530,36551,35800,759,36559,260
2021-08-01,Sonoma,097,501317,33753,33076,390,33466,330
2021-08-01,Stanislaus,099,539301,59877,59078,6329,65407,1037
2021-08-01,Sutter,101,95872,10329,10198,104,10302,127
2021-08-01,Tehama,103,63373,5347,5252,613,5865,66
2021-08-01,Trinity,105,12862,515,359,113,472,3
2021-08-01,Tulare,107,460477,51637,50600,9613,60213,854
2021-08-01,Tuolumne,109,53932,4599,4489,48,4537,64
2021-08-01,Ventura,111,848112,85244,84040,3491,87531,1044
2021-08-01,Yolo,113,214977,15386,15042,428,15470,215
2021-08-01,Yuba,115,75493,6875,6721,151,6872,50
2021-07-31,Alameda,001,1643700,98147,95279,2175,97454,1265
2021-07-31,Alpine,003,1148,90,89,0,89,0
2021-07-31,Amador,005,37829,3987,3877,33,3910,48
2021-07-31,Butte,007,227075,13645,13235,2032,15267,205
2021-07-31,Calaveras,009,45235,2381,2294,15,2309,57
2021-07-31,Colusa,011,21464,2050,2006,353,2359,16
2021-07-31,Contra Costa,013,1133247,78608,75866,1518,77384,832
2021-07-31,Del Norte,015,27424,1743,1576,14,1590,8
2021-07-31,El Dorado,017,186661,11449,11017,905,11922,116
2021-07-31,Fresno,019,978130,107028,104639,9103,113742,1744
2021-07-31,Glenn,021,27897,2519,2465,588,3053,20
2021-07-31,Humboldt,023,135768,5346,4978,82,5060,52
2021-07-31,Imperial,025,180216,29455,29164,2712,31876,743
2021-07-31,Inyo,027,18085,1465,1442,13,1455,38
2021-07-31,Kern,029,883053,100651,98903,12011,110914,1357
2021-07-31,Kings,031,150075,24089,23548,1173,24721,248
2021-07-31,Lake,033,64148,4469,4238,16,4254,66
2021-07-31,Lassen,035,31185,5367,5320,121,5441,21
2021-07-31,Los Angeles,037,10098052,1273579,1248545,45299,1293844,24691
2021-07-31,Madera,039,155013,17476,17058,1020,18078,245
2021-07-31,Marin,041,260295,15141,14701,289,14990,239
2021-07-31,Mariposa,043,17540,494,470,11,481,5
2021-07-31,Mendocino,045,87422,4635,4400,96,4496,49
2021-07-31,Merced,047,269075,32261,31959,1103,33062,474
2021-07-31,Modoc,049,8938,426,413,147,560,5
2021-07-31,Mono,051,14174,1308,1287,17,1304,3
2021-07-31,Monterey,053,433212,44104,43720,1983,45703,525
2021-07-31,Napa,055,140530,10599,10401,52,10453,82
2021-07-31,Nevada,057,99092,5825,5373,205,5578,72
2021-07-31,Orange,059,3164182,269034,263446,12185,275631,5144
2021-07-31,Placer,061,380077,26093,25104,1931,27035,306
2021-07-31,Plumas,063,18699,781,743,14,757,5
2021-07-31,Riverside,065,2383286,307795,300315,14557,314872,4554
2021-07-31,Sacramento,067,1510023,118692,115259,2220,117479,1720
2021-07-31,San Benito,069,59416,6289,6251,114,6365,63
2021-07-31,San Bernardino,071,2135413,305482,300726,9394,310120,5240
2021-07-31,San Diego,073,3302833,301686,295054,17355,312409,3798
2021-07-31,San Francisco,075,870044,42415,40412,1582,41994,562
2021-07-31,San Joaquin,077,732212,78200,76575,3891,80466,1443
2021-07-31,San Luis Obispo,079,281455,22459,21922,812,22734,260
2021-07-31,San Mateo,081,765935,45583,44622,611,45233,548
2021-07-31,Santa Barbara,083,443738,36138,35531,1207,36738,467
2021-07-31,Santa Clara,085,1922200,125047,122614,848,123462,2099
2021-07-31,Santa Cruz,087,273765,16979,16576,819,17395,207
2021-07-31,Shasta,089,179085,13273,12918,1763,14681,212
2021-07-31,Sierra,091,2930,76,68,12,80,0
2021-07-31,Siskiyou,093,43540,2091,1976,431,2407,31
2021-07-31,Solano,095,438530,36450,35340,752,36092,263
2021-07-31,Sonoma,097,501317,33627,32601,390,32991,329
2021-07-31,Stanislaus,099,539301,59718,58586,6307,64893,1035
2021-07-31,Sutter,101,95872,10295,10068,103,10171,127
2021-07-31,Tehama,103,63373,5332,5216,610,5826,66
2021-07-31,Trinity,105,12862,514,354,112,466,3
2021-07-31,Tulare,107,460477,51547,50409,9560,59969,854
2021-07-31,Tuolumne,109,53932,4560,4362,48,4410,64
2021-07-31,Ventura,111,848112,85083,83509,3475,86984,1044
2021-07-31,Yolo,113,214977,15338,14863,417,15280,215
2021-07-31,Yuba,115,75493,6852,6615,147,6762,50
2021-07-30,Alameda,001,1643700,97821,95279,2171,97450,1265
2021-07-30,Alpine,003,1148,90,89,0,89,0
2021-07-30,Amador,005,37829,3964,3877,33,3910,48
2021-07-30,Butte,007,227075,13590,13235,2019,15254,205
2021-07-30,Calaveras,009,45235,2371,2294,15,2309,57
2021-07-30,Colusa,011,21464,2046,2006,351,2357,16
2021-07-30,Contra Costa,013,1133247,78362,75866,1514,77380,832
2021-07-30,Del Norte,015,27424,1725,1576,14,1590,8
2021-07-30,El Dorado,017,186661,11415,11017,899,11916,116
2021-07-30,Fresno,019,978130,106834,104639,9091,113730,1744
2021-07-30,Glenn,021,27897,2514,2465,587,3052,20
2021-07-30,Humboldt,023,135768,5283,4978,79,5057,52
2021-07-30,Imperial,025,180216,29441,29164,2709,31873,743
2021-07-30,Inyo,027,18085,1464,1442,13,1455,38
2021-07-30,Kern,029,883053,100527,98903,11964,110867,1357
2021-07-30,Kings,031,150075,24049,23548,1169,24717,248
2021-07-30,Lake,033,64148,4441,4238,16,4254,66
2021-07-30,Lassen,035,31185,5363,5320,121,5441,21
2021-07-30,Los Angeles,037,10098052,1271248,1248545,45150,1293695,24691
2021-07-30,Madera,039,155013,17434,17058,1017,18075,245
2021-07-30,Marin,041,260295,15107,14701,289,14990,239
2021-07-30,Mariposa,043,17540,490,470,11,481,5
2021-07-30,Mendocino,045,87422,4605,4400,95,4495,49
2021-07-30,Merced,047,269075,32220,31959,1099,33058,474
2021-07-30,Modoc,049,8938,424,413,147,560,5
2021-07-30,Mono,051,14174,1303,1287,17,1304,3
2021-07-30,Monterey,053,433212,44070,43720,1974,45694,525
2021-07-30,Napa,055,140530,10577,10401,51,10452,82
2021-07-30,Nevada,057,99092,5768,5373,205,5578,72
2021-07-30,Orange,059,3164182,268409,263446,12159,275605,5144
2021-07-30,Placer,061,380077,26003,25104,1913,27017,306
2021-07-30,Plumas,063,18699,776,743,14,757,5
2021-07-30,Riverside,065,2383286,307158,300315,14547,314862,4554
2021-07-30,Sacramento,067,1510023,118240,115259,2216,117475,1720
2021-07-30,San Benito,069,59416,6282,6251,114,6365,63
2021-07-30,San Bernardino,071,2135413,304969,300726,9387,310113,5240
2021-07-30,San Diego,073,3302833,300912,295054,17297,312351,3798
2021-07-30,San Francisco,075,870044,42202,40412,1568,41980,562
2021-07-30,San Joaquin,077,732212,78046,76575,3886,80461,1443
2021-07-30,San Luis Obispo,079,281455,22421,21922,808,22730,260
2021-07-30,San Mateo,081,765935,45458,44622,598,45220,548
2021-07-30,Santa Barbara,083,443738,36069,35531,1201,36732,467
2021-07-30,Santa Clara,085,1922200,124824,122614,846,123460,2099
2021-07-30,Santa Cruz,087,273765,16953,16576,817,17393,207
2021-07-30,Shasta,089,179085,13228,12918,1763,14681,212
2021-07-30,Sierra,091,2930,75,68,12,80,0
2021-07-30,Siskiyou,093,43540,2082,1976,430,2406,31
2021-07-30,Solano,095,438530,36359,35340,736,36076,263
2021-07-30,Sonoma,097,501317,33532,32601,390,32991,329
2021-07-30,Stanislaus,099,539301,59574,58586,6287,64873,1035
2021-07-30,Sutter,101,95872,10260,10068,103,10171,127
2021-07-30,Tehama,103,63373,5322,5216,610,5826,66
2021-07-30,Trinity,105,12862,514,354,112,466,3
2021-07-30,Tulare,107,460477,51504,50409,9525,59934,854
2021-07-30,Tuolumne,109,53932,4542,4362,48,4410,64
2021-07-30,Ventura,111,848112,84919,83509,3460,86969,1044
2021-07-30,Yolo,113,214977,15278,14863,413,15276,215
2021-07-30,Yuba,115,75493,6816,6615,146,6761,50
2021-07-29,Alameda,001,1643700,97409,95279,2165,97444,1265
2021-07-29,Alpine,003,1148,90,89,0,89,0
2021-07-29,Amador,005,37829,3945,3877,33,3910,48
2021-07-29,Butte,007,227075,13541,13235,2011,15246,205
2021-07-29,Calaveras,009,45235,2356,2294,15,2309,57
2021-07-29,Colusa,011,21464,2039,2006,351,2357,16
2021-07-29,Contra Costa,013,1133247,77922,75866,1512,77378,832
2021-07-29,Del Norte,015,27424,1701,1576,14,1590,8
2021-07-29,El Dorado,017,186661,11351,11017,887,11904,116
2021-07-29,Fresno,019,978130,106570,104639,9065,113704,1744
2021-07-29,Glenn,021,27897,2504,2465,586,3051,20
2021-07-29,Humboldt,023,135768,5223,4978,77,5055,52
2021-07-29,Imperial,025,180216,29396,29164,2707,31871,743
2021-07-29,Inyo,027,18085,1460,1442,13,1455,38
2021-07-29,Kern,029,883053,100320,98903,11887,110790,1357
2021-07-29,Kings,031,150075,24003,23548,1165,24713,248
2021-07-29,Lake,033,64148,4406,4238,16,4254,66
2021-07-29,Lassen,035,31185,5355,5320,118,5438,21
2021-07-29,Los Angeles,037,10098052,1268149,1248545,44969,1293514,24691
2021-07-29,Madera,039,155013,17387,17058,1013,18071,245
2021-07-29,Marin,041,260295,15064,14701,289,14990,239
2021-07-29,Mariposa,043,17540,486,470,11,481,5
2021-07-29,Mendocino,045,87422,4582,4400,93,4493,49
2021-07-29,Merced,047,269075,32165,31959,1099,33058,474
2021-07-29,Modoc,049,8938,424,413,147,560,5
2021-07-29,Mono,051,14174,1301,1287,17,1304,3
2021-07-29,Monterey,053,433212,44021,43720,1964,45684,525
2021-07-29,Napa,055,140530,10545,10401,49,10450,82
2021-07-29,Nevada,057,99092,5716,5373,204,5577,72
2021-07-29,Orange,059,3164182,267697,263446,12127,275573,5144
2021-07-29,Placer,061,380077,25880,25104,1898,27002,306
2021-07-29,Plumas,063,18699,768,743,14,757,5
2021-07-29,Riverside,065,2383286,306453,300315,14523,314838,4554
2021-07-29,Sacramento,067,1510023,117685,115259,2203,117462,1720
2021-07-29,San Benito,069,59416,6271,6251,114,6365,63
2021-07-29,San Bernardino,071,2135413,304332,300726,9378,310104,5240
2021-07-29,San Diego,073,3302833,299855,295054,17229,312283,3798
2021-07-29,San Francisco,075,870044,41954,40412,1547,41959,562
2021-07-29,San Joaquin,077,732212,77791,76575,3878,80453,1443
2021-07-29,San Luis Obispo,079,281455,22366,21922,806,22728,260
2021-07-29,San Mateo,081,765935,45331,44622,588,45210,548
2021-07-29,Santa Barbara,083,443738,35983,35531,1200,36731,467
2021-07-29,Santa Clara,085,1922200,124527,122614,843,123457,2099
2021-07-29,Santa Cruz,087,273765,16900,16576,815,17391,207
2021-07-29,Shasta,089,179085,13174,12918,1754,14672,212
2021-07-29,Sierra,091,2930,75,68,12,80,0
2021-07-29,Siskiyou,093,43540,2077,1976,428,2404,31
2021-07-29,Solano,095,438530,36199,35340,726,36066,263
2021-07-29,Sonoma,097,501317,33358,32601,388,32989,329
2021-07-29,Stanislaus,099,539301,59402,58586,6272,64858,1035
2021-07-29,Sutter,101,95872,10214,10068,102,10170,127
2021-07-29,Tehama,103,63373,5309,5216,604,5820,66
2021-07-29,Trinity,105,12862,512,354,111,465,3
2021-07-29,Tulare,107,460477,51414,50409,9485,59894,854
2021-07-29,Tuolumne,109,53932,4502,4362,47,4409,64
2021-07-29,Ventura,111,848112,84753,83509,3453,86962,1044
2021-07-29,Yolo,113,214977,15210,14863,399,15262,215
2021-07-29,Yuba,115,75493,6767,6615,143,6758,50
2021-07-28,Alameda,001,1643700,96948,94965,2158,97123,1262
2021-07-28,Alpine,003,1148,90,89,0,89,0
2021-07-28,Amador,005,37829,3931,3870,33,3903,48
2021-07-28,Butte,007,227075,13484,13184,1998,15182,205
2021-07-28,Calaveras,009,45235,2335,2289,15,2304,57
2021-07-28,Colusa,011,21464,2036,2001,350,2351,16
2021-07-28,Contra Costa,013,1133247,77433,75487,1504,76991,832
2021-07-28,Del Norte,015,27424,1668,1545,14,1559,8
2021-07-28,El Dorado,017,186661,11301,10967,878,11845,116
2021-07-28,Fresno,019,978130,106321,104458,9045,113503,1744
2021-07-28,Glenn,021,27897,2501,2464,583,3047,20
2021-07-28,Humboldt,023,135768,5172,4946,76,5022,52
2021-07-28,Imperial,025,180216,29349,29096,2707,31803,743
2021-07-28,Inyo,027,18085,1454,1439,12,1451,38
2021-07-28,Kern,029,883053,100164,98781,11841,110622,1352
2021-07-28,Kings,031,150075,23939,23503,1155,24658,248
2021-07-28,Lake,033,64148,4360,4191,15,4206,65
2021-07-28,Lassen,035,31185,5347,5318,118,5436,21
2021-07-28,Los Angeles,037,10098052,1264972,1245485,44784,1290269,24673
2021-07-28,Madera,039,155013,17346,17024,1007,18031,245
2021-07-28,Marin,041,260295,15010,14652,289,14941,239
2021-07-28,Mariposa,043,17540,479,469,11,480,5
2021-07-28,Mendocino,045,87422,4554,4377,93,4470,49
2021-07-28,Merced,047,269075,32109,31886,1095,32981,474
2021-07-28,Modoc,049,8938,422,413,147,560,5
2021-07-28,Mono,051,14174,1300,1286,17,1303,3
2021-07-28,Monterey,053,433212,43974,43668,1955,45623,524
2021-07-28,Napa,055,140530,10505,10376,47,10423,82
2021-07-28,Nevada,057,99092,5662,5320,204,5524,72
2021-07-28,Orange,059,3164182,266905,262735,12098,274833,5143
2021-07-28,Placer,061,380077,25733,24978,1883,26861,306
2021-07-28,Plumas,063,18699,763,754,14,768,5
2021-07-28,Riverside,065,2383286,305686,299611,14504,314115,4554
2021-07-28,Sacramento,067,1510023,117033,114665,2184,116849,1714
2021-07-28,San Benito,069,59416,6260,6236,114,6350,63
2021-07-28,San Bernardino,071,2135413,303710,300121,9366,309487,5236
2021-07-28,San Diego,073,3302833,298581,294176,17156,311332,3798
2021-07-28,San Francisco,075,870044,41650,40144,1521,41665,561
2021-07-28,San Joaquin,077,732212,77540,76312,3848,80160,1443
2021-07-28,San Luis Obispo,079,281455,22307,21865,805,22670,260
2021-07-28,San Mateo,081,765935,45180,44477,579,45056,547
2021-07-28,Santa Barbara,083,443738,35908,35431,1195,36626,467
2021-07-28,Santa Clara,085,1922200,124265,122345,841,123186,2099
2021-07-28,Santa Cruz,087,273765,16862,16551,814,17365,207
2021-07-28,Shasta,089,179085,13129,12882,1744,14626,212
2021-07-28,Sierra,091,2930,71,67,12,79,0
2021-07-28,Siskiyou,093,43540,2068,1971,425,2396,31
2021-07-28,Solano,095,438530,36025,35204,719,35923,262
2021-07-28,Sonoma,097,501317,33214,32434,385,32819,328
2021-07-28,Stanislaus,099,539301,59205,58427,6256,64683,1035
2021-07-28,Sutter,101,95872,10182,10033,101,10134,126
2021-07-28,Tehama,103,63373,5297,5209,601,5810,66
2021-07-28,Trinity,105,12862,511,352,111,463,3
2021-07-28,Tulare,107,460477,51326,50363,9438,59801,854
2021-07-28,Tuolumne,109,53932,4463,4313,47,4360,64
2021-07-28,Ventura,111,848112,84557,83360,3437,86797,1043
2021-07-28,Yolo,113,214977,15138,14801,390,15191,215
2021-07-28,Yuba,115,75493,6734,6591,142,6733,51
2021-07-27,Alameda,001,1643700,96547,94682,2150,96832,1256
2021-07-27,Alpine,003,1148,90,89,0,89,0
2021-07-27,Amador,005,37829,3915,3861,33,3894,48
2021-07-27,Butte,007,227075,13436,13127,1987,15114,205
2021-07-27,Calaveras,009,45235,2324,2280,15,2295,57
2021-07-27,Colusa,011,21464,2027,1999,349,2348,16
2021-07-27,Contra Costa,013,1133247,76948,75227,1500,76727,830
2021-07-27,Del Norte,015,27424,1648,1538,14,1552,8
2021-07-27,El Dorado,017,186661,11241,10941,868,11809,116
2021-07-27,Fresno,019,978130,106028,104288,9022,113310,1746
2021-07-27,Glenn,021,27897,2493,2460,581,3041,20
2021-07-27,Humboldt,023,135768,5118,4925,75,5000,52
2021-07-27,Imperial,025,180216,29304,29048,2706,31754,743
2021-07-27,Inyo,027,18085,1452,1430,12,1442,38
2021-07-27,Kern,029,883053,99994,98724,11785,110509,1352
2021-07-27,Kings,031,150075,23882,23463,1145,24608,248
2021-07-27,Lake,033,64148,4321,4157,15,4172,65
2021-07-27,Lassen,035,31185,5341,5315,118,5433,21
2021-07-27,Los Angeles,037,10098052,1261507,1243336,44577,1287913,24658
2021-07-27,Madera,039,155013,17293,16998,1001,17999,245
2021-07-27,Marin,041,260295,14962,14631,286,14917,239
2021-07-27,Mariposa,043,17540,476,468,11,479,5
2021-07-27,Mendocino,045,87422,4531,4371,93,4464,49
2021-07-27,Merced,047,269075,32042,31825,1092,32917,473
2021-07-27,Modoc,049,8938,421,413,147,560,5
2021-07-27,Mono,051,14174,1296,1288,17,1305,3
2021-07-27,Monterey,053,433212,43934,43646,1944,45590,523
2021-07-27,Napa,055,140530,10475,10354,47,10401,82
2021-07-27,Nevada,057,99092,5585,5305,202,5507,72
2021-07-27,Orange,059,3164182,266164,262193,12072,274265,5143
2021-07-27,Placer,061,380077,25574,24916,1857,26773,306
2021-07-27,Plumas,063,18699,760,752,14,766,5
2021-07-27,Riverside,065,2383286,304957,299160,14485,313645,4554
2021-07-27,Sacramento,067,1510023,116430,114413,2175,116588,1710
2021-07-27,San Benito,069,59416,6251,6229,114,6343,63
2021-07-27,San Bernardino,071,2135413,303026,299593,9344,308937,5236
2021-07-27,San Diego,073,3302833,297492,293408,17077,310485,3798
2021-07-27,San Francisco,075,870044,41294,39939,1503,41442,561
2021-07-27,San Joaquin,077,732212,77277,76166,3829,79995,1442
2021-07-27,San Luis Obispo,079,281455,22252,21803,796,22599,260
2021-07-27,San Mateo,081,765935,45029,44378,576,44954,547
2021-07-27,Santa Barbara,083,443738,35813,35355,1193,36548,467
2021-07-27,Santa Clara,085,1922200,123971,122154,839,122993,2099
2021-07-27,Santa Cruz,087,273765,16816,16523,813,17336,207
2021-07-27,Shasta,089,179085,13079,12846,1731,14577,212
2021-07-27,Sierra,091,2930,71,65,12,77,0
2021-07-27,Siskiyou,093,43540,2063,1964,422,2386,31
2021-07-27,Solano,095,438530,35893,35093,709,35802,261
2021-07-27,Sonoma,097,501317,33070,32367,383,32750,328
2021-07-27,Stanislaus,099,539301,59037,58333,6228,64561,1033
2021-07-27,Sutter,101,95872,10141,9998,101,10099,115
2021-07-27,Tehama,103,63373,5275,5192,599,5791,66
2021-07-27,Trinity,105,12862,510,351,111,462,3
2021-07-27,Tulare,107,460477,51260,50324,9407,59731,854
2021-07-27,Tuolumne,109,53932,4411,4282,47,4329,64
2021-07-27,Ventura,111,848112,84349,83189,3425,86614,1043
2021-07-27,Yolo,113,214977,15064,14759,384,15143,215
2021-07-27,Yuba,115,75493,6712,6564,140,6704,51
2021-07-26,Alameda,001,1643700,96101,94436,2146,96582,1259
2021-07-26,Alpine,003,1148,90,89,0,89,0
2021-07-26,Amador,005,37829,3905,3854,33,3887,48
2021-07-26,Butte,007,227075,13381,13082,1976,15058,203
2021-07-26,Calaveras,009,45235,2318,2276,15,2291,57
2021-07-26,Colusa,011,21464,2020,1996,347,2343,16
2021-07-26,Contra Costa,013,1133247,76451,74854,1493,76347,830
2021-07-26,Del Norte,015,27424,1627,1530,14,1544,8
2021-07-26,El Dorado,017,186661,11177,10899,865,11764,116
2021-07-26,Fresno,019,978130,105824,104143,8999,113142,1742
2021-07-26,Glenn,021,27897,2491,2461,580,3041,20
2021-07-26,Humboldt,023,135768,5079,4906,73,4979,52
2021-07-26,Imperial,025,180216,29264,29034,2706,31740,743
2021-07-26,Inyo,027,18085,1447,1429,12,1441,38
2021-07-26,Kern,029,883053,99828,98633,11720,110353,1351
2021-07-26,Kings,031,150075,23833,23426,1141,24567,247
2021-07-26,Lake,033,64148,4300,4133,15,4148,65
2021-07-26,Lassen,035,31185,5337,5314,118,5432,21
2021-07-26,Los Angeles,037,10098052,1258160,1241527,44406,1285933,24647
2021-07-26,Madera,039,155013,17265,16971,994,17965,245
2021-07-26,Marin,041,260295,14905,14579,285,14864,239
2021-07-26,Mariposa,043,17540,475,467,11,478,5
2021-07-26,Mendocino,045,87422,4510,4354,93,4447,49
2021-07-26,Merced,047,269075,31951,31774,1088,32862,473
2021-07-26,Modoc,049,8938,421,413,147,560,5
2021-07-26,Mono,051,14174,1295,1286,17,1303,3
2021-07-26,Monterey,053,433212,43891,43595,1932,45527,521
2021-07-26,Napa,055,140530,10452,10332,47,10379,82
2021-07-26,Nevada,057,99092,5499,5280,202,5482,72
2021-07-26,Orange,059,3164182,265526,261803,12052,273855,5142
2021-07-26,Placer,061,380077,25437,24842,1836,26678,304
2021-07-26,Plumas,063,18699,756,750,14,764,5
2021-07-26,Riverside,065,2383286,304265,298626,14471,313097,4553
2021-07-26,Sacramento,067,1510023,115830,113986,2159,116145,1705
2021-07-26,San Benito,069,59416,6245,6222,114,6336,63
2021-07-26,San Bernardino,071,2135413,302411,299238,9331,308569,5237
2021-07-26,San Diego,073,3302833,296384,292688,16995,309683,3793
2021-07-26,San Francisco,075,870044,40932,39800,1477,41277,561
2021-07-26,San Joaquin,077,732212,77042,76033,3825,79858,1440
2021-07-26,San Luis Obispo,079,281455,22203,21752,793,22545,260
2021-07-26,San Mateo,081,765935,44881,44297,568,44865,547
2021-07-26,Santa Barbara,083,443738,35740,35311,1181,36492,467
2021-07-26,Santa Clara,085,1922200,123662,121978,830,122808,2099
2021-07-26,Santa Cruz,087,273765,16776,16493,810,17303,207
2021-07-26,Shasta,089,179085,13030,12819,1720,14539,211
2021-07-26,Sierra,091,2930,70,65,12,77,0
2021-07-26,Siskiyou,093,43540,2060,1962,420,2382,31
2021-07-26,Solano,095,438530,35738,34990,702,35692,259
2021-07-26,Sonoma,097,501317,32934,32283,381,32664,328
2021-07-26,Stanislaus,099,539301,58892,58219,6209,64428,1033
2021-07-26,Sutter,101,95872,10101,9963,98,10061,115
2021-07-26,Tehama,103,63373,5265,5183,595,5778,66
2021-07-26,Trinity,105,12862,510,351,110,461,3
2021-07-26,Tulare,107,460477,51194,50265,9378,59643,854
2021-07-26,Tuolumne,109,53932,4381,4271,46,4317,64
2021-07-26,Ventura,111,848112,84176,83072,3410,86482,1041
2021-07-26,Yolo,113,214977,15003,14727,372,15099,215
2021-07-26,Yuba,115,75493,6678,6538,138,6676,51
2021-07-25,Alameda,001,1643700,95613,94146,2141,96287,1259
2021-07-25,Alpine,003,1148,88,89,0,89,0
2021-07-25,Amador,005,37829,3890,3848,33,3881,48
2021-07-25,Butte,007,227075,13342,13074,1966,15040,203
2021-07-25,Calaveras,009,45235,2307,2275,15,2290,57
2021-07-25,Colusa,011,21464,2011,1996,343,2339,16
2021-07-25,Contra Costa,013,1133247,75967,74634,1479,76113,830
2021-07-25,Del Norte,015,27424,1606,1526,14,1540,8
2021-07-25,El Dorado,017,186661,11120,10878,861,11739,116
2021-07-25,Fresno,019,978130,105583,104019,8983,113002,1742
2021-07-25,Glenn,021,27897,2482,2461,578,3039,20
2021-07-25,Humboldt,023,135768,5020,4892,72,4964,52
2021-07-25,Imperial,025,180216,29228,29037,2706,31743,743
2021-07-25,Inyo,027,18085,1442,1427,12,1439,38
2021-07-25,Kern,029,883053,99656,98503,11649,110152,1351
2021-07-25,Kings,031,150075,23779,23396,1137,24533,247
2021-07-25,Lake,033,64148,4247,4109,14,4123,65
2021-07-25,Lassen,035,31185,5332,5314,118,5432,21
2021-07-25,Los Angeles,037,10098052,1254739,1239596,44212,1283808,24643
2021-07-25,Madera,039,155013,17228,16947,987,17934,245
2021-07-25,Marin,041,260295,14855,14558,282,14840,239
2021-07-25,Mariposa,043,17540,472,465,11,476,5
2021-07-25,Mendocino,045,87422,4481,4335,91,4426,49
2021-07-25,Merced,047,269075,31878,31760,1086,32846,473
2021-07-25,Modoc,049,8938,421,413,147,560,5
2021-07-25,Mono,051,14174,1292,1286,17,1303,3
2021-07-25,Monterey,053,433212,43853,43590,1924,45514,521
2021-07-25,Napa,055,140530,10416,10316,46,10362,82
2021-07-25,Nevada,057,99092,5434,5256,199,5455,72
2021-07-25,Orange,059,3164182,264817,261351,12029,273380,5142
2021-07-25,Placer,061,380077,25315,24755,1815,26570,304
2021-07-25,Plumas,063,18699,754,750,14,764,5
2021-07-25,Riverside,065,2383286,303500,298181,14454,312635,4553
2021-07-25,Sacramento,067,1510023,115280,113611,2144,115755,1704
2021-07-25,San Benito,069,59416,6238,6217,114,6331,63
2021-07-25,San Bernardino,071,2135413,301752,298982,9324,308306,5237
2021-07-25,San Diego,073,3302833,295322,290626,16921,307547,3793
2021-07-25,San Francisco,075,870044,40582,39663,1452,41115,561
2021-07-25,San Joaquin,077,732212,76786,75926,3806,79732,1440
2021-07-25,San Luis Obispo,079,281455,22130,21741,790,22531,260
2021-07-25,San Mateo,081,765935,44719,44189,562,44751,547
2021-07-25,Santa Barbara,083,443738,35660,35261,1178,36439,467
2021-07-25,Santa Clara,085,1922200,123332,121800,825,122625,2099
2021-07-25,Santa Cruz,087,273765,16729,16474,809,17283,207
2021-07-25,Shasta,089,179085,12983,12815,1715,14530,211
2021-07-25,Sierra,091,2930,70,65,12,77,0
2021-07-25,Siskiyou,093,43540,2052,1963,417,2380,31
2021-07-25,Solano,095,438530,35546,34863,699,35562,259
2021-07-25,Sonoma,097,501317,32809,32202,378,32580,328
2021-07-25,Stanislaus,099,539301,58726,58154,6204,64358,1033
2021-07-25,Sutter,101,95872,10048,9937,96,10033,115
2021-07-25,Tehama,103,63373,5249,5181,594,5775,66
2021-07-25,Trinity,105,12862,508,351,108,459,3
2021-07-25,Tulare,107,460477,51119,50221,9340,59561,854
2021-07-25,Tuolumne,109,53932,4330,4267,46,4313,64
2021-07-25,Ventura,111,848112,83962,82986,3387,86373,1041
2021-07-25,Yolo,113,214977,14942,14693,358,15051,215
2021-07-25,Yuba,115,75493,6645,6519,138,6657,51
2021-07-24,Alameda,001,1643700,95332,93170,2137,95307,1259
2021-07-24,Alpine,003,1148,88,89,0,89,0
2021-07-24,Amador,005,37829,3881,3816,33,3849,48
2021-07-24,Butte,007,227075,13313,12982,1964,14946,203
2021-07-24,Calaveras,009,45235,2302,2267,15,2282,57
2021-07-24,Colusa,011,21464,2010,1992,341,2333,16
2021-07-24,Contra Costa,013,1133247,75739,73682,1476,75158,830
2021-07-24,Del Norte,015,27424,1595,1497,14,1511,8
2021-07-24,El Dorado,017,186661,11086,10773,858,11631,116
2021-07-24,Fresno,019,978130,105465,103637,8973,112610,1736
2021-07-24,Glenn,021,27897,2480,2457,578,3035,20
2021-07-24,Humboldt,023,135768,4985,4780,71,4851,52
2021-07-24,Imperial,025,180216,29208,28996,2706,31702,742
2021-07-24,Inyo,027,18085,1439,1424,12,1436,38
2021-07-24,Kern,029,883053,99578,98261,11627,109888,1350
2021-07-24,Kings,031,150075,23748,23304,1134,24438,246
2021-07-24,Lake,033,64148,4224,3963,14,3977,64
2021-07-24,Lassen,035,31185,5331,5311,118,5429,21
2021-07-24,Los Angeles,037,10098052,1252964,1232164,44083,1276247,24623
2021-07-24,Madera,039,155013,17204,16885,985,17870,245
2021-07-24,Marin,041,260295,14816,14454,282,14736,238
2021-07-24,Mariposa,043,17540,472,453,11,464,5
2021-07-24,Mendocino,045,87422,4456,4293,91,4384,49
2021-07-24,Merced,047,269075,31856,31661,1085,32746,473
2021-07-24,Modoc,049,8938,421,413,147,560,5
2021-07-24,Mono,051,14174,1290,1284,17,1301,3
2021-07-24,Monterey,053,433212,43828,43525,1917,45442,521
2021-07-24,Napa,055,140530,10400,10230,46,10276,81
2021-07-24,Nevada,057,99092,5402,5183,199,5382,72
2021-07-24,Orange,059,3164182,264351,259973,12017,271990,5141
2021-07-24,Placer,061,380077,25233,24530,1810,26340,303
2021-07-24,Plumas,063,18699,753,737,14,751,4
2021-07-24,Riverside,065,2383286,303032,296912,14444,311356,4552
2021-07-24,Sacramento,067,1510023,114965,112438,2140,114578,1698
2021-07-24,San Benito,069,59416,6234,6200,113,6313,63
2021-07-24,San Bernardino,071,2135413,301361,297899,9315,307214,5236
2021-07-24,San Diego,073,3302833,294856,289368,16893,306261,3788
2021-07-24,San Francisco,075,870044,40408,38954,1436,40390,561
2021-07-24,San Joaquin,077,732212,76658,75461,3795,79256,1436
2021-07-24,San Luis Obispo,079,281455,22099,21616,788,22404,260
2021-07-24,San Mateo,081,765935,44602,43880,556,44436,542
2021-07-24,Santa Barbara,083,443738,35601,35071,1174,36245,465
2021-07-24,Santa Clara,085,1922200,123120,121092,824,121916,2099
2021-07-24,Santa Cruz,087,273765,16706,16416,809,17225,207
2021-07-24,Shasta,089,179085,12955,12759,1712,14471,211
2021-07-24,Sierra,091,2930,69,64,12,76,0
2021-07-24,Siskiyou,093,43540,2052,1951,417,2368,31
2021-07-24,Solano,095,438530,35454,34499,690,35189,259
2021-07-24,Sonoma,097,501317,32684,31928,376,32304,327
2021-07-24,Stanislaus,099,539301,58634,57879,6194,64073,1030
2021-07-24,Sutter,101,95872,10021,9890,96,9986,115
2021-07-24,Tehama,103,63373,5242,5166,592,5758,65
2021-07-24,Trinity,105,12862,508,345,108,453,3
2021-07-24,Tulare,107,460477,51076,50104,9323,59427,854
2021-07-24,Tuolumne,109,53932,4304,4216,46,4262,64
2021-07-24,Ventura,111,848112,83835,82687,3371,86058,1041
2021-07-24,Yolo,113,214977,14904,14557,354,14911,214
2021-07-24,Yuba,115,75493,6626,6449,138,6587,51
2021-07-23,Alameda,001,1643700,95079,93170,2133,95303,1259
2021-07-23,Alpine,003,1148,88,89,0,89,0
2021-07-23,Amador,005,37829,3874,3816,33,3849,48
2021-07-23,Butte,007,227075,13284,12982,1956,14938,203
2021-07-23,Calaveras,009,45235,2292,2267,15,2282,57
2021-07-23,Colusa,011,21464,2009,1992,341,2333,16
2021-07-23,Contra Costa,013,1133247,75479,73682,1467,75149,830
2021-07-23,Del Norte,015,27424,1587,1497,14,1511,8
2021-07-23,El Dorado,017,186661,11057,10773,854,11627,116
2021-07-23,Fresno,019,978130,105333,103637,8963,112600,1736
2021-07-23,Glenn,021,27897,2478,2457,575,3032,20
2021-07-23,Humboldt,023,135768,4963,4780,68,4848,52
2021-07-23,Imperial,025,180216,29196,28996,2706,31702,742
2021-07-23,Inyo,027,18085,1436,1424,12,1436,38
2021-07-23,Kern,029,883053,99496,98261,11602,109863,1350
2021-07-23,Kings,031,150075,23717,23304,1131,24435,246
2021-07-23,Lake,033,64148,4195,3963,14,3977,64
2021-07-23,Lassen,035,31185,5329,5311,118,5429,21
2021-07-23,Los Angeles,037,10098052,1251023,1232164,43974,1276138,24623
2021-07-23,Madera,039,155013,17174,16885,980,17865,245
2021-07-23,Marin,041,260295,14779,14454,280,14734,238
2021-07-23,Mariposa,043,17540,469,453,11,464,5
2021-07-23,Mendocino,045,87422,4443,4293,91,4384,49
2021-07-23,Merced,047,269075,31831,31661,1085,32746,473
2021-07-23,Modoc,049,8938,421,413,147,560,5
2021-07-23,Mono,051,14174,1289,1284,17,1301,3
2021-07-23,Monterey,053,433212,43802,43525,1917,45442,521
2021-07-23,Napa,055,140530,10379,10230,46,10276,81
2021-07-23,Nevada,057,99092,5358,5183,199,5382,72
2021-07-23,Orange,059,3164182,263902,259973,11994,271967,5141
2021-07-23,Placer,061,380077,25153,24530,1794,26324,303
2021-07-23,Plumas,063,18699,751,737,14,751,4
2021-07-23,Riverside,065,2383286,302566,296912,14432,311344,4552
2021-07-23,Sacramento,067,1510023,114611,112438,2138,114576,1698
2021-07-23,San Benito,069,59416,6228,6200,113,6313,63
2021-07-23,San Bernardino,071,2135413,300979,297899,9306,307205,5236
2021-07-23,San Diego,073,3302833,294248,289368,16845,306213,3788
2021-07-23,San Francisco,075,870044,40222,38954,1424,40378,561
2021-07-23,San Joaquin,077,732212,76554,75461,3780,79241,1436
2021-07-23,San Luis Obispo,079,281455,22060,21616,788,22404,260
2021-07-23,San Mateo,081,765935,44498,43880,552,44432,542
2021-07-23,Santa Barbara,083,443738,35536,35071,1173,36244,465
2021-07-23,Santa Clara,085,1922200,122901,121092,821,121913,2099
2021-07-23,Santa Cruz,087,273765,16681,16416,809,17225,207
2021-07-23,Shasta,089,179085,12928,12759,1709,14468,211
2021-07-23,Sierra,091,2930,69,64,12,76,0
2021-07-23,Siskiyou,093,43540,2050,1951,417,2368,31
2021-07-23,Solano,095,438530,35362,34499,686,35185,259
2021-07-23,Sonoma,097,501317,32589,31928,375,32303,327
2021-07-23,Stanislaus,099,539301,58558,57879,6185,64064,1030
2021-07-23,Sutter,101,95872,9992,9890,96,9986,115
2021-07-23,Tehama,103,63373,5233,5166,592,5758,65
2021-07-23,Trinity,105,12862,507,345,107,452,3
2021-07-23,Tulare,107,460477,51030,50104,9302,59406,854
2021-07-23,Tuolumne,109,53932,4282,4216,46,4262,64
2021-07-23,Ventura,111,848112,83673,82687,3353,86040,1041
2021-07-23,Yolo,113,214977,14867,14557,347,14904,214
2021-07-23,Yuba,115,75493,6600,6449,137,6586,51
2021-07-22,Alameda,001,1643700,94726,93170,2128,95298,1259
2021-07-22,Alpine,003,1148,88,89,0,89,0
2021-07-22,Amador,005,37829,3865,3816,33,3849,48
2021-07-22,Butte,007,227075,13250,12982,1947,14929,203
2021-07-22,Calaveras,009,45235,2282,2267,15,2282,57
2021-07-22,Colusa,011,21464,2007,1992,338,2330,16
2021-07-22,Contra Costa,013,1133247,75140,73682,1462,75144,830
2021-07-22,Del Norte,015,27424,1570,1497,14,1511,8
2021-07-22,El Dorado,017,186661,11021,10773,846,11619,116
2021-07-22,Fresno,019,978130,105204,103637,8953,112590,1736
2021-07-22,Glenn,021,27897,2474,2457,575,3032,20
2021-07-22,Humboldt,023,135768,4932,4780,66,4846,52
2021-07-22,Imperial,025,180216,29166,28996,2706,31702,742
2021-07-22,Inyo,027,18085,1434,1424,12,1436,38
2021-07-22,Kern,029,883053,99381,98261,11561,109822,1350
2021-07-22,Kings,031,150075,23678,23304,1129,24433,246
2021-07-22,Lake,033,64148,4144,3963,14,3977,64
2021-07-22,Lassen,035,31185,5326,5311,118,5429,21
2021-07-22,Los Angeles,037,10098052,1248586,1232164,43795,1275959,24623
2021-07-22,Madera,039,155013,17139,16885,978,17863,245
2021-07-22,Marin,041,260295,14738,14454,279,14733,238
2021-07-22,Mariposa,043,17540,462,453,11,464,5
2021-07-22,Mendocino,045,87422,4430,4293,90,4383,49
2021-07-22,Merced,047,269075,31789,31661,1084,32745,473
2021-07-22,Modoc,049,8938,421,413,147,560,5
2021-07-22,Mono,051,14174,1288,1284,17,1301,3
2021-07-22,Monterey,053,433212,43774,43525,1911,45436,521
2021-07-22,Napa,055,140530,10361,10230,46,10276,81
2021-07-22,Nevada,057,99092,5332,5183,198,5381,72
2021-07-22,Orange,059,3164182,263349,259973,11985,271958,5141
2021-07-22,Placer,061,380077,25059,24530,1783,26313,303
2021-07-22,Plumas,063,18699,750,737,14,751,4
2021-07-22,Riverside,065,2383286,302058,296912,14411,311323,4552
2021-07-22,Sacramento,067,1510023,114174,112438,2129,114567,1698
2021-07-22,San Benito,069,59416,6221,6200,113,6313,63
2021-07-22,San Bernardino,071,2135413,300576,297899,9291,307190,5236
2021-07-22,San Diego,073,3302833,293518,289368,16785,306153,3788
2021-07-22,San Francisco,075,870044,40009,38954,1412,40366,561
2021-07-22,San Joaquin,077,732212,76411,75461,3768,79229,1436
2021-07-22,San Luis Obispo,079,281455,22022,21616,784,22400,260
2021-07-22,San Mateo,081,765935,44386,43880,547,44427,542
2021-07-22,Santa Barbara,083,443738,35470,35071,1171,36242,465
2021-07-22,Santa Clara,085,1922200,122660,121092,818,121910,2099
2021-07-22,Santa Cruz,087,273765,16644,16416,808,17224,207
2021-07-22,Shasta,089,179085,12904,12759,1705,14464,211
2021-07-22,Sierra,091,2930,67,64,12,76,0
2021-07-22,Siskiyou,093,43540,2047,1951,417,2368,31
2021-07-22,Solano,095,438530,35216,34499,679,35178,259
2021-07-22,Sonoma,097,501317,32479,31928,373,32301,327
2021-07-22,Stanislaus,099,539301,58430,57879,6173,64052,1030
2021-07-22,Sutter,101,95872,9971,9890,96,9986,115
2021-07-22,Tehama,103,63373,5227,5166,592,5758,65
2021-07-22,Trinity,105,12862,507,345,107,452,3
2021-07-22,Tulare,107,460477,50987,50104,9274,59378,854
2021-07-22,Tuolumne,109,53932,4270,4216,46,4262,64
2021-07-22,Ventura,111,848112,83539,82687,3340,86027,1041
2021-07-22,Yolo,113,214977,14829,14557,347,14904,214
2021-07-22,Yuba,115,75493,6569,6449,134,6583,51
2021-07-21,Alameda,001,1643700,94407,92840,2125,94965,1256
2021-07-21,Alpine,003,1148,88,89,0,89,0
2021-07-21,Amador,005,37829,3852,3813,33,3846,48
2021-07-21,Butte,007,227075,13209,12939,1942,14881,203
2021-07-21,Calaveras,009,45235,2278,2257,15,2272,57
2021-07-21,Colusa,011,21464,2003,1988,337,2325,16
2021-07-21,Contra Costa,013,1133247,74876,73320,1453,74773,827
2021-07-21,Del Norte,015,27424,1560,1492,14,1506,8
2021-07-21,El Dorado,017,186661,10984,10742,842,11584,116
2021-07-21,Fresno,019,978130,105056,103504,8944,112448,1736
2021-07-21,Glenn,021,27897,2472,2455,574,3029,20
2021-07-21,Humboldt,023,135768,4900,4763,64,4827,52
2021-07-21,Imperial,025,180216,29154,28964,2703,31667,742
2021-07-21,Inyo,027,18085,1434,1423,12,1435,38
2021-07-21,Kern,029,883053,99263,98152,11520,109672,1350
2021-07-21,Kings,031,150075,23650,23270,1125,24395,246
2021-07-21,Lake,033,64148,4078,3896,14,3910,64
2021-07-21,Lassen,035,31185,5323,5310,118,5428,21
2021-07-21,Los Angeles,037,10098052,1246074,1229598,43657,1273255,24609
2021-07-21,Madera,039,155013,17115,16858,976,17834,245
2021-07-21,Marin,041,260295,14689,14427,279,14706,238
2021-07-21,Mariposa,043,17540,458,449,11,460,5
2021-07-21,Mendocino,045,87422,4412,4274,90,4364,49
2021-07-21,Merced,047,269075,31750,31607,1080,32687,473
2021-07-21,Modoc,049,8938,421,413,147,560,5
2021-07-21,Mono,051,14174,1285,1282,17,1299,3
2021-07-21,Monterey,053,433212,43744,43502,1908,45410,515
2021-07-21,Napa,055,140530,10335,10209,46,10255,81
2021-07-21,Nevada,057,99092,5297,5152,198,5350,72
2021-07-21,Orange,059,3164182,262795,259615,11955,271570,5139
2021-07-21,Placer,061,380077,24950,24441,1772,26213,303
2021-07-21,Plumas,063,18699,750,736,14,750,4
2021-07-21,Riverside,065,2383286,301545,296419,14394,310813,4552
2021-07-21,Sacramento,067,1510023,113752,112043,2118,114161,1696
2021-07-21,San Benito,069,59416,6211,6196,113,6309,63
2021-07-21,San Bernardino,071,2135413,300120,297519,9283,306802,5230
2021-07-21,San Diego,073,3302833,292669,288682,16722,305404,3787
2021-07-21,San Francisco,075,870044,39784,38699,1407,40106,559
2021-07-21,San Joaquin,077,732212,76222,75288,3756,79044,1434
2021-07-21,San Luis Obispo,079,281455,21985,21579,781,22360,260
2021-07-21,San Mateo,081,765935,44294,43755,543,44298,542
2021-07-21,Santa Barbara,083,443738,35411,34998,1155,36153,465
2021-07-21,Santa Clara,085,1922200,122451,120838,816,121654,2099
2021-07-21,Santa Cruz,087,273765,16610,16407,808,17215,207
2021-07-21,Shasta,089,179085,12871,12751,1702,14453,211
2021-07-21,Sierra,091,2930,67,64,12,76,0
2021-07-21,Siskiyou,093,43540,2045,1943,415,2358,31
2021-07-21,Solano,095,438530,35058,34374,674,35048,258
2021-07-21,Sonoma,097,501317,32363,31789,373,32162,327
2021-07-21,Stanislaus,099,539301,58328,57774,6163,63937,1028
2021-07-21,Sutter,101,95872,9947,9862,96,9958,113
2021-07-21,Tehama,103,63373,5223,5161,592,5753,65
2021-07-21,Trinity,105,12862,505,345,106,451,3
2021-07-21,Tulare,107,460477,50928,50066,9249,59315,854
2021-07-21,Tuolumne,109,53932,4233,4156,46,4202,64
2021-07-21,Ventura,111,848112,83417,82573,3328,85901,1041
2021-07-21,Yolo,113,214977,14787,14525,346,14871,213
2021-07-21,Yuba,115,75493,6541,6425,134,6559,52
2021-07-20,Alameda,001,1643700,94037,92625,2111,94736,1256
2021-07-20,Alpine,003,1148,88,89,0,89,0
2021-07-20,Amador,005,37829,3841,3807,33,3840,48
2021-07-20,Butte,007,227075,13172,12916,1937,14853,203
2021-07-20,Calaveras,009,45235,2275,2249,15,2264,57
2021-07-20,Colusa,011,21464,2003,1985,337,2322,16
2021-07-20,Contra Costa,013,1133247,74591,73143,1435,74578,825
2021-07-20,Del Norte,015,27424,1550,1490,14,1504,8
2021-07-20,El Dorado,017,186661,10944,10727,838,11565,116
2021-07-20,Fresno,019,978130,104921,103438,8925,112363,1736
2021-07-20,Glenn,021,27897,2472,2453,574,3027,20
2021-07-20,Humboldt,023,135768,4855,4735,62,4797,52
2021-07-20,Imperial,025,180216,29134,28933,2703,31636,742
2021-07-20,Inyo,027,18085,1430,1420,12,1432,36
2021-07-20,Kern,029,883053,99149,98082,11492,109574,1350
2021-07-20,Kings,031,150075,23609,23254,1120,24374,246
2021-07-20,Lake,033,64148,4053,3871,14,3885,64
2021-07-20,Lassen,035,31185,5323,5306,118,5424,21
2021-07-20,Los Angeles,037,10098052,1243277,1227404,43492,1270896,24603
2021-07-20,Madera,039,155013,17094,16856,972,17828,245
2021-07-20,Marin,041,260295,14653,14396,276,14672,234
2021-07-20,Mariposa,043,17540,456,448,11,459,5
2021-07-20,Mendocino,045,87422,4395,4259,90,4349,49
2021-07-20,Merced,047,269075,31711,31578,1073,32651,473
2021-07-20,Modoc,049,8938,421,413,147,560,5
2021-07-20,Mono,051,14174,1281,1281,17,1298,3
2021-07-20,Monterey,053,433212,43713,43481,1905,45386,515
2021-07-20,Napa,055,140530,10312,10191,46,10237,81
2021-07-20,Nevada,057,99092,5278,5148,197,5345,72
2021-07-20,Orange,059,3164182,262238,259303,11925,271228,5139
2021-07-20,Placer,061,380077,24859,24408,1750,26158,303
2021-07-20,Plumas,063,18699,748,736,14,750,4
2021-07-20,Riverside,065,2383286,301010,296118,14380,310498,4543
2021-07-20,Sacramento,067,1510023,113312,111796,2088,113884,1695
2021-07-20,San Benito,069,59416,6204,6196,113,6309,63
2021-07-20,San Bernardino,071,2135413,299711,297222,9258,306480,5231
2021-07-20,San Diego,073,3302833,291743,288209,16626,304835,3786
2021-07-20,San Francisco,075,870044,39525,38536,1396,39932,558
2021-07-20,San Joaquin,077,732212,76050,75198,3743,78941,1433
2021-07-20,San Luis Obispo,079,281455,21939,21556,780,22336,259
2021-07-20,San Mateo,081,765935,44175,43670,542,44212,542
2021-07-20,Santa Barbara,083,443738,35341,34935,1149,36084,462
2021-07-20,Santa Clara,085,1922200,122194,120704,814,121518,2098
2021-07-20,Santa Cruz,087,273765,16581,16399,808,17207,207
2021-07-20,Shasta,089,179085,12845,12734,1698,14432,211
2021-07-20,Sierra,091,2930,67,64,12,76,0
2021-07-20,Siskiyou,093,43540,2041,1931,414,2345,31
2021-07-20,Solano,095,438530,34923,34337,667,35004,258
2021-07-20,Sonoma,097,501317,32244,31763,372,32135,326
2021-07-20,Stanislaus,099,539301,58213,57706,6158,63864,1028
2021-07-20,Sutter,101,95872,9920,9854,93,9947,114
2021-07-20,Tehama,103,63373,5221,5153,592,5745,65
2021-07-20,Trinity,105,12862,503,344,105,449,3
2021-07-20,Tulare,107,460477,50886,50047,9232,59279,854
2021-07-20,Tuolumne,109,53932,4214,4156,46,4202,64
2021-07-20,Ventura,111,848112,83264,82504,3313,85817,1041
2021-07-20,Yolo,113,214977,14722,14495,343,14838,213
2021-07-20,Yuba,115,75493,6516,6393,131,6524,52
2021-07-19,Alameda,001,1643700,93662,92357,2096,94453,1256
2021-07-19,Alpine,003,1148,88,89,0,89,0
2021-07-19,Amador,005,37829,3837,3802,33,3835,48
2021-07-19,Butte,007,227075,13128,12901,1932,14833,202
2021-07-19,Calaveras,009,45235,2271,2245,15,2260,57
2021-07-19,Colusa,011,21464,2001,1981,337,2318,16
2021-07-19,Contra Costa,013,1133247,74279,72935,1415,74350,825
2021-07-19,Del Norte,015,27424,1537,1484,14,1498,8
2021-07-19,El Dorado,017,186661,10914,10703,830,11533,114
2021-07-19,Fresno,019,978130,104791,103350,8912,112262,1731
2021-07-19,Glenn,021,27897,2472,2452,573,3025,20
2021-07-19,Humboldt,023,135768,4825,4719,60,4779,52
2021-07-19,Imperial,025,180216,29107,28888,2702,31590,742
2021-07-19,Inyo,027,18085,1429,1417,12,1429,36
2021-07-19,Kern,029,883053,99035,97999,11459,109458,1349
2021-07-19,Kings,031,150075,23579,23221,1114,24335,246
2021-07-19,Lake,033,64148,4017,3848,14,3862,64
2021-07-19,Lassen,035,31185,5322,5305,118,5423,21
2021-07-19,Los Angeles,037,10098052,1240671,1225946,43306,1269252,24600
2021-07-19,Madera,039,155013,17071,16846,969,17815,244
2021-07-19,Marin,041,260295,14618,14369,273,14642,234
2021-07-19,Mariposa,043,17540,450,447,11,458,5
2021-07-19,Mendocino,045,87422,4377,4251,90,4341,49
2021-07-19,Merced,047,269075,31647,31565,1066,32631,472
2021-07-19,Modoc,049,8938,420,413,147,560,5
2021-07-19,Mono,051,14174,1279,1280,17,1297,3
2021-07-19,Monterey,053,433212,43689,43436,1904,45340,515
2021-07-19,Napa,055,140530,10287,10180,44,10224,81
2021-07-19,Nevada,057,99092,5250,5133,196,5329,72
2021-07-19,Orange,059,3164182,261715,258927,11893,270820,5138
2021-07-19,Placer,061,380077,24760,24359,1728,26087,303
2021-07-19,Plumas,063,18699,748,730,14,744,4
2021-07-19,Riverside,065,2383286,300520,295736,14342,310078,4543
2021-07-19,Sacramento,067,1510023,112948,111470,2064,113534,1696
2021-07-19,San Benito,069,59416,6201,6193,113,6306,63
2021-07-19,San Bernardino,071,2135413,299338,296929,9239,306168,5235
2021-07-19,San Diego,073,3302833,290843,287695,16521,304216,3786
2021-07-19,San Francisco,075,870044,39252,38463,1383,39846,560
2021-07-19,San Joaquin,077,732212,75885,75086,3738,78824,1431
2021-07-19,San Luis Obispo,079,281455,21894,21531,776,22307,259
2021-07-19,San Mateo,081,765935,44033,43563,533,44096,542
2021-07-19,Santa Barbara,083,443738,35269,34904,1147,36051,461
2021-07-19,Santa Clara,085,1922200,121936,120554,813,121367,2098
2021-07-19,Santa Cruz,087,273765,16565,16387,808,17195,207
2021-07-19,Shasta,089,179085,12827,12723,1696,14419,209
2021-07-19,Sierra,091,2930,66,64,12,76,0
2021-07-19,Siskiyou,093,43540,2036,1927,412,2339,31
2021-07-19,Solano,095,438530,34748,34262,656,34918,261
2021-07-19,Sonoma,097,501317,32123,31713,371,32084,325
2021-07-19,Stanislaus,099,539301,58112,57644,6148,63792,1027
2021-07-19,Sutter,101,95872,9904,9834,93,9927,114
2021-07-19,Tehama,103,63373,5215,5152,590,5742,65
2021-07-19,Trinity,105,12862,503,344,104,448,3
2021-07-19,Tulare,107,460477,50839,49994,9216,59210,855
2021-07-19,Tuolumne,109,53932,4204,4151,46,4197,64
2021-07-19,Ventura,111,848112,83168,82409,3291,85700,1041
2021-07-19,Yolo,113,214977,14690,14439,341,14780,213
2021-07-19,Yuba,115,75493,6492,6370,131,6501,52
2021-07-18,Alameda,001,1643700,93301,92162,2084,94246,1256
2021-07-18,Alpine,003,1148,88,89,0,89,0
2021-07-18,Amador,005,37829,3826,3799,33,3832,48
2021-07-18,Butte,007,227075,13086,12888,1927,14815,202
2021-07-18,Calaveras,009,45235,2268,2243,15,2258,57
2021-07-18,Colusa,011,21464,2001,1981,336,2317,16
2021-07-18,Contra Costa,013,1133247,73963,72849,1397,74246,825
2021-07-18,Del Norte,015,27424,1528,1482,14,1496,8
2021-07-18,El Dorado,017,186661,10877,10687,822,11509,114
2021-07-18,Fresno,019,978130,104637,103298,8894,112192,1731
2021-07-18,Glenn,021,27897,2471,2452,572,3024,20
2021-07-18,Humboldt,023,135768,4789,4714,60,4774,52
2021-07-18,Imperial,025,180216,29070,28877,2701,31578,742
2021-07-18,Inyo,027,18085,1425,1417,12,1429,36
2021-07-18,Kern,029,883053,98909,97963,11417,109380,1349
2021-07-18,Kings,031,150075,23558,23203,1110,24313,246
2021-07-18,Lake,033,64148,3981,3825,14,3839,64
2021-07-18,Lassen,035,31185,5322,5305,118,5423,21
2021-07-18,Los Angeles,037,10098052,1237983,1224691,43116,1267807,24598
2021-07-18,Madera,039,155013,17046,16838,965,17803,244
2021-07-18,Marin,041,260295,14582,14358,271,14629,234
2021-07-18,Mariposa,043,17540,449,447,11,458,5
2021-07-18,Mendocino,045,87422,4356,4246,90,4336,49
2021-07-18,Merced,047,269075,31616,31537,1064,32601,471
2021-07-18,Modoc,049,8938,420,413,147,560,5
2021-07-18,Mono,051,14174,1278,1280,17,1297,3
2021-07-18,Monterey,053,433212,43671,43422,1894,45316,515
2021-07-18,Napa,055,140530,10270,10174,41,10215,81
2021-07-18,Nevada,057,99092,5224,5124,196,5320,72
2021-07-18,Orange,059,3164182,261231,258724,11865,270589,5138
2021-07-18,Placer,061,380077,24692,24313,1701,26014,303
2021-07-18,Plumas,063,18699,748,730,14,744,4
2021-07-18,Riverside,065,2383286,300028,295522,14300,309822,4543
2021-07-18,Sacramento,067,1510023,112517,111255,2031,113286,1696
2021-07-18,San Benito,069,59416,6193,6191,113,6304,63
2021-07-18,San Bernardino,071,2135413,298863,296739,9224,305963,5233
2021-07-18,San Diego,073,3302833,290027,286287,16437,302724,3786
2021-07-18,San Francisco,075,870044,39016,38367,1372,39739,560
2021-07-18,San Joaquin,077,732212,75708,74997,3725,78722,1431
2021-07-18,San Luis Obispo,079,281455,21859,21527,773,22300,259
2021-07-18,San Mateo,081,765935,43920,43506,527,44033,542
2021-07-18,Santa Barbara,083,443738,35204,34880,1145,36025,461
2021-07-18,Santa Clara,085,1922200,121722,120438,806,121244,2098
2021-07-18,Santa Cruz,087,273765,16533,16372,807,17179,207
2021-07-18,Shasta,089,179085,12802,12714,1692,14406,209
2021-07-18,Sierra,091,2930,66,64,12,76,0
2021-07-18,Siskiyou,093,43540,2030,1927,407,2334,31
2021-07-18,Solano,095,438530,34620,34215,652,34867,261
2021-07-18,Sonoma,097,501317,32018,31675,370,32045,325
2021-07-18,Stanislaus,099,539301,58001,57600,6123,63723,1028
2021-07-18,Sutter,101,95872,9872,9826,93,9919,114
2021-07-18,Tehama,103,63373,5212,5150,589,5739,65
2021-07-18,Trinity,105,12862,503,344,104,448,3
2021-07-18,Tulare,107,460477,50786,49985,9193,59178,855
2021-07-18,Tuolumne,109,53932,4186,4149,46,4195,64
2021-07-18,Ventura,111,848112,83054,82361,3267,85628,1041
2021-07-18,Yolo,113,214977,14631,14425,335,14760,213
2021-07-18,Yuba,115,75493,6451,6357,131,6488,52
2021-07-17,Alameda,001,1643700,93083,91346,2073,93419,1255
2021-07-17,Alpine,003,1148,88,89,0,89,0
2021-07-17,Amador,005,37829,3817,3785,33,3818,48
2021-07-17,Butte,007,227075,13071,12824,1923,14747,202
2021-07-17,Calaveras,009,45235,2263,2237,15,2252,57
2021-07-17,Colusa,011,21464,1998,1976,336,2312,16
2021-07-17,Contra Costa,013,1133247,73781,72254,1384,73638,824
2021-07-17,Del Norte,015,27424,1520,1475,14,1489,8
2021-07-17,El Dorado,017,186661,10850,10622,818,11440,114
2021-07-17,Fresno,019,978130,104564,103055,8880,111935,1730
2021-07-17,Glenn,021,27897,2470,2451,572,3023,20
2021-07-17,Humboldt,023,135768,4776,4654,59,4713,52
2021-07-17,Imperial,025,180216,29054,28840,2701,31541,742
2021-07-17,Inyo,027,18085,1425,1416,12,1428,36
2021-07-17,Kern,029,883053,98852,97796,11381,109177,1348
2021-07-17,Kings,031,150075,23538,23163,1109,24272,246
2021-07-17,Lake,033,64148,3956,3760,14,3774,64
2021-07-17,Lassen,035,31185,5322,5302,118,5420,21
2021-07-17,Los Angeles,037,10098052,1236446,1219733,42975,1262708,24582
2021-07-17,Madera,039,155013,17038,16804,965,17769,240
2021-07-17,Marin,041,260295,14564,14297,269,14566,234
2021-07-17,Mariposa,043,17540,449,445,11,456,5
2021-07-17,Mendocino,045,87422,4344,4209,90,4299,49
2021-07-17,Merced,047,269075,31595,31451,1060,32511,471
2021-07-17,Modoc,049,8938,420,412,147,559,5
2021-07-17,Mono,051,14174,1276,1277,17,1294,3
2021-07-17,Monterey,053,433212,43648,43367,1889,45256,515
2021-07-17,Napa,055,140530,10254,10129,41,10170,81
2021-07-17,Nevada,057,99092,5209,5066,196,5262,72
2021-07-17,Orange,059,3164182,260924,257805,11826,269631,5136
2021-07-17,Placer,061,380077,24625,24169,1687,25856,303
2021-07-17,Plumas,063,18699,743,721,14,735,4
2021-07-17,Riverside,065,2383286,299722,294751,14268,309019,4542
2021-07-17,Sacramento,067,1510023,112282,110432,2011,112443,1694
2021-07-17,San Benito,069,59416,6187,6181,113,6294,63
2021-07-17,San Bernardino,071,2135413,298626,296048,9205,305253,5218
2021-07-17,San Diego,073,3302833,289620,285698,16369,302067,3786
2021-07-17,San Francisco,075,870044,38895,37978,1369,39347,560
2021-07-17,San Joaquin,077,732212,75621,74695,3719,78414,1430
2021-07-17,San Luis Obispo,079,281455,21832,21462,773,22235,258
2021-07-17,San Mateo,081,765935,43849,43324,526,43850,542
2021-07-17,Santa Barbara,083,443738,35163,34769,1142,35911,461
2021-07-17,Santa Clara,085,1922200,121550,119980,803,120783,2097
2021-07-17,Santa Cruz,087,273765,16526,16337,807,17144,207
2021-07-17,Shasta,089,179085,12787,12683,1687,14370,210
2021-07-17,Sierra,091,2930,66,62,12,74,0
2021-07-17,Siskiyou,093,43540,2025,1922,404,2326,29
2021-07-17,Solano,095,438530,34555,34015,644,34659,263
2021-07-17,Sonoma,097,501317,31950,31536,369,31905,322
2021-07-17,Stanislaus,099,539301,57924,57400,6109,63509,1028
2021-07-17,Sutter,101,95872,9862,9778,93,9871,114
2021-07-17,Tehama,103,63373,5209,5145,589,5734,64
2021-07-17,Trinity,105,12862,502,341,104,445,3
2021-07-17,Tulare,107,460477,50764,49937,9181,59118,854
2021-07-17,Tuolumne,109,53932,4176,4131,46,4177,64
2021-07-17,Ventura,111,848112,82985,82125,3256,85381,1041
2021-07-17,Yolo,113,214977,14599,14356,328,14684,213
2021-07-17,Yuba,115,75493,6440,6309,131,6440,52
2021-07-16,Alameda,001,1643700,92843,91346,2062,93408,1255
2021-07-16,Alpine,003,1148,88,89,0,89,0
2021-07-16,Amador,005,37829,3814,3785,33,3818,48
2021-07-16,Butte,007,227075,13046,12824,1920,14744,202
2021-07-16,Calaveras,009,45235,2262,2237,15,2252,57
2021-07-16,Colusa,011,21464,1996,1976,335,2311,16
2021-07-16,Contra Costa,013,1133247,73592,72254,1380,73634,824
2021-07-16,Del Norte,015,27424,1518,1475,14,1489,8
2021-07-16,El Dorado,017,186661,10831,10622,817,11439,114
2021-07-16,Fresno,019,978130,104512,103055,8860,111915,1730
2021-07-16,Glenn,021,27897,2470,2451,572,3023,20
2021-07-16,Humboldt,023,135768,4754,4654,59,4713,52
2021-07-16,Imperial,025,180216,29042,28840,2701,31541,742
2021-07-16,Inyo,027,18085,1423,1416,12,1428,36
2021-07-16,Kern,029,883053,98790,97796,11341,109137,1348
2021-07-16,Kings,031,150075,23513,23163,1108,24271,246
2021-07-16,Lake,033,64148,3929,3760,14,3774,64
2021-07-16,Lassen,035,31185,5321,5302,118,5420,21
2021-07-16,Los Angeles,037,10098052,1234944,1219733,42830,1262563,24582
2021-07-16,Madera,039,155013,17020,16804,965,17769,240
2021-07-16,Marin,041,260295,14540,14297,266,14563,234
2021-07-16,Mariposa,043,17540,449,445,11,456,5
2021-07-16,Mendocino,045,87422,4335,4209,89,4298,49
2021-07-16,Merced,047,269075,31574,31451,1058,32509,471
2021-07-16,Modoc,049,8938,420,412,147,559,5
2021-07-16,Mono,051,14174,1275,1277,17,1294,3
2021-07-16,Monterey,053,433212,43626,43367,1888,45255,515
2021-07-16,Napa,055,140530,10230,10129,40,10169,81
2021-07-16,Nevada,057,99092,5199,5066,196,5262,72
2021-07-16,Orange,059,3164182,260651,257805,11785,269590,5136
2021-07-16,Placer,061,380077,24572,24169,1682,25851,303
2021-07-16,Plumas,063,18699,742,721,14,735,4
2021-07-16,Riverside,065,2383286,299446,294751,14242,308993,4542
2021-07-16,Sacramento,067,1510023,112065,110432,1998,112430,1694
2021-07-16,San Benito,069,59416,6185,6181,113,6294,63
2021-07-16,San Bernardino,071,2135413,298350,296048,9188,305236,5218
2021-07-16,San Diego,073,3302833,289178,285698,16322,302020,3786
2021-07-16,San Francisco,075,870044,38778,37978,1364,39342,560
2021-07-16,San Joaquin,077,732212,75527,74695,3716,78411,1430
2021-07-16,San Luis Obispo,079,281455,21815,21462,773,22235,258
2021-07-16,San Mateo,081,765935,43796,43324,525,43849,542
2021-07-16,Santa Barbara,083,443738,35125,34769,1142,35911,461
2021-07-16,Santa Clara,085,1922200,121403,119980,796,120776,2097
2021-07-16,Santa Cruz,087,273765,16513,16337,807,17144,207
2021-07-16,Shasta,089,179085,12777,12683,1686,14369,210
2021-07-16,Sierra,091,2930,66,62,12,74,0
2021-07-16,Siskiyou,093,43540,2023,1922,402,2324,29
2021-07-16,Solano,095,438530,34488,34015,636,34651,263
2021-07-16,Sonoma,097,501317,31898,31536,366,31902,322
2021-07-16,Stanislaus,099,539301,57874,57400,6099,63499,1028
2021-07-16,Sutter,101,95872,9850,9778,93,9871,114
2021-07-16,Tehama,103,63373,5207,5145,589,5734,64
2021-07-16,Trinity,105,12862,502,341,103,444,3
2021-07-16,Tulare,107,460477,50739,49937,9171,59108,854
2021-07-16,Tuolumne,109,53932,4170,4131,46,4177,64
2021-07-16,Ventura,111,848112,82920,82125,3249,85374,1041
2021-07-16,Yolo,113,214977,14573,14356,325,14681,213
2021-07-16,Yuba,115,75493,6418,6309,130,6439,52
2021-07-15,Alameda,001,1643700,92548,91346,2052,93398,1255
2021-07-15,Alpine,003,1148,88,89,0,89,0
2021-07-15,Amador,005,37829,3811,3785,33,3818,48
2021-07-15,Butte,007,227075,13020,12824,1918,14742,202
2021-07-15,Calaveras,009,45235,2259,2237,15,2252,57
2021-07-15,Colusa,011,21464,1995,1976,334,2310,16
2021-07-15,Contra Costa,013,1133247,73378,72254,1373,73627,824
2021-07-15,Del Norte,015,27424,1515,1475,14,1489,8
2021-07-15,El Dorado,017,186661,10804,10622,815,11437,114
2021-07-15,Fresno,019,978130,104415,103055,8840,111895,1730
2021-07-15,Glenn,021,27897,2470,2451,572,3023,20
2021-07-15,Humboldt,023,135768,4736,4654,58,4712,52
2021-07-15,Imperial,025,180216,29019,28840,2701,31541,742
2021-07-15,Inyo,027,18085,1423,1416,12,1428,36
2021-07-15,Kern,029,883053,98720,97796,11313,109109,1348
2021-07-15,Kings,031,150075,23475,23163,1105,24268,246
2021-07-15,Lake,033,64148,3890,3760,14,3774,64
2021-07-15,Lassen,035,31185,5320,5302,118,5420,21
2021-07-15,Los Angeles,037,10098052,1232957,1219733,42673,1262406,24582
2021-07-15,Madera,039,155013,16998,16804,961,17765,240
2021-07-15,Marin,041,260295,14515,14297,266,14563,234
2021-07-15,Mariposa,043,17540,449,445,11,456,5
2021-07-15,Mendocino,045,87422,4327,4209,88,4297,49
2021-07-15,Merced,047,269075,31544,31451,1058,32509,471
2021-07-15,Modoc,049,8938,420,412,147,559,5
2021-07-15,Mono,051,14174,1275,1277,17,1294,3
2021-07-15,Monterey,053,433212,43597,43367,1885,45252,515
2021-07-15,Napa,055,140530,10205,10129,39,10168,81
2021-07-15,Nevada,057,99092,5182,5066,195,5261,72
2021-07-15,Orange,059,3164182,260300,257805,11754,269559,5136
2021-07-15,Placer,061,380077,24512,24169,1665,25834,303
2021-07-15,Plumas,063,18699,741,721,14,735,4
2021-07-15,Riverside,065,2383286,299125,294751,14227,308978,4542
2021-07-15,Sacramento,067,1510023,111761,110432,1981,112413,1694
2021-07-15,San Benito,069,59416,6183,6181,113,6294,63
2021-07-15,San Bernardino,071,2135413,298043,296048,9174,305222,5218
2021-07-15,San Diego,073,3302833,288540,285698,16244,301942,3786
2021-07-15,San Francisco,075,870044,38627,37978,1356,39334,560
2021-07-15,San Joaquin,077,732212,75410,74695,3711,78406,1430
2021-07-15,San Luis Obispo,079,281455,21783,21462,773,22235,258
2021-07-15,San Mateo,081,765935,43691,43324,520,43844,542
2021-07-15,Santa Barbara,083,443738,35069,34769,1141,35910,461
2021-07-15,Santa Clara,085,1922200,121281,119980,793,120773,2097
2021-07-15,Santa Cruz,087,273765,16500,16337,807,17144,207
2021-07-15,Shasta,089,179085,12769,12683,1682,14365,210
2021-07-15,Sierra,091,2930,66,62,12,74,0
2021-07-15,Siskiyou,093,43540,2022,1922,402,2324,29
2021-07-15,Solano,095,438530,34412,34015,630,34645,263
2021-07-15,Sonoma,097,501317,31837,31536,366,31902,322
2021-07-15,Stanislaus,099,539301,57805,57400,6086,63486,1028
2021-07-15,Sutter,101,95872,9830,9778,92,9870,114
2021-07-15,Tehama,103,63373,5201,5145,588,5733,64
2021-07-15,Trinity,105,12862,502,341,103,444,3
2021-07-15,Tulare,107,460477,50719,49937,9154,59091,854
2021-07-15,Tuolumne,109,53932,4158,4131,46,4177,64
2021-07-15,Ventura,111,848112,82844,82125,3244,85369,1041
2021-07-15,Yolo,113,214977,14545,14356,324,14680,213
2021-07-15,Yuba,115,75493,6403,6309,129,6438,52
2021-07-14,Alameda,001,1643700,92287,91092,2036,93128,1255
2021-07-14,Alpine,003,1148,88,89,0,89,0
2021-07-14,Amador,005,37829,3803,3784,33,3817,48
2021-07-14,Butte,007,227075,12993,12813,1911,14724,202
2021-07-14,Calaveras,009,45235,2252,2234,15,2249,57
2021-07-14,Colusa,011,21464,1992,1974,334,2308,16
2021-07-14,Contra Costa,013,1133247,73149,72091,1361,73452,823
2021-07-14,Del Norte,015,27424,1514,1472,14,1486,8
2021-07-14,El Dorado,017,186661,10778,10598,812,11410,114
2021-07-14,Fresno,019,978130,104335,102966,8829,111795,1728
2021-07-14,Glenn,021,27897,2470,2449,572,3021,20
2021-07-14,Humboldt,023,135768,4712,4644,56,4700,52
2021-07-14,Imperial,025,180216,28990,28822,2701,31523,742
2021-07-14,Inyo,027,18085,1422,1415,12,1427,36
2021-07-14,Kern,029,883053,98656,97736,11288,109024,1346
2021-07-14,Kings,031,150075,23462,23142,1105,24247,246
2021-07-14,Lake,033,64148,3857,3739,14,3753,63
2021-07-14,Lassen,035,31185,5319,5298,118,5416,21
2021-07-14,Los Angeles,037,10098052,1230941,1218265,42532,1260797,24578
2021-07-14,Madera,039,155013,16986,16786,959,17745,240
2021-07-14,Marin,041,260295,14481,14269,264,14533,233
2021-07-14,Mariposa,043,17540,447,445,11,456,5
2021-07-14,Mendocino,045,87422,4313,4193,88,4281,49
2021-07-14,Merced,047,269075,31507,31412,1055,32467,471
2021-07-14,Modoc,049,8938,420,412,147,559,4
2021-07-14,Mono,051,14174,1275,1278,17,1295,3
2021-07-14,Monterey,053,433212,43573,43347,1883,45230,504
2021-07-14,Napa,055,140530,10183,10121,39,10160,81
2021-07-14,Nevada,057,99092,5162,5058,195,5253,72
2021-07-14,Orange,059,3164182,259983,257558,11724,269282,5137
2021-07-14,Placer,061,380077,24459,24125,1653,25778,303
2021-07-14,Plumas,063,18699,734,719,14,733,4
2021-07-14,Riverside,065,2383286,298801,294511,14211,308722,4542
2021-07-14,Sacramento,067,1510023,111433,110193,1957,112150,1688
2021-07-14,San Benito,069,59416,6180,6177,113,6290,63
2021-07-14,San Bernardino,071,2135413,297743,295820,9159,304979,5193
2021-07-14,San Diego,073,3302833,287968,285269,16164,301433,3786
2021-07-14,San Francisco,075,870044,38488,37836,1351,39187,559
2021-07-14,San Joaquin,077,732212,75318,74599,3702,78301,1416
2021-07-14,San Luis Obispo,079,281455,21761,21444,771,22215,258
2021-07-14,San Mateo,081,765935,43592,43249,516,43765,542
2021-07-14,Santa Barbara,083,443738,35027,34719,1139,35858,461
2021-07-14,Santa Clara,085,1922200,121131,119844,790,120634,2098
2021-07-14,Santa Cruz,087,273765,16488,16326,807,17133,207
2021-07-14,Shasta,089,179085,12749,12669,1679,14348,209
2021-07-14,Sierra,091,2930,66,62,12,74,0
2021-07-14,Siskiyou,093,43540,2015,1922,399,2321,29
2021-07-14,Solano,095,438530,34339,33948,630,34578,268
2021-07-14,Sonoma,097,501317,31785,31470,366,31836,322
2021-07-14,Stanislaus,099,539301,57730,57340,6074,63414,1028
2021-07-14,Sutter,101,95872,9808,9766,92,9858,114
2021-07-14,Tehama,103,63373,5199,5142,588,5730,64
2021-07-14,Trinity,105,12862,502,341,103,444,3
2021-07-14,Tulare,107,460477,50702,49908,9140,59048,853
2021-07-14,Tuolumne,109,53932,4155,4128,45,4173,64
2021-07-14,Ventura,111,848112,82750,82041,3233,85274,1040
2021-07-14,Yolo,113,214977,14512,14332,321,14653,213
2021-07-14,Yuba,115,75493,6385,6294,129,6423,52
2021-07-13,Alameda,001,1643700,92023,90874,2026,92900,1255
2021-07-13,Alpine,003,1148,88,89,0,89,0
2021-07-13,Amador,005,37829,3796,3783,33,3816,48
2021-07-13,Butte,007,227075,12979,12802,1910,14712,202
2021-07-13,Calaveras,009,45235,2248,2230,15,2245,57
2021-07-13,Colusa,011,21464,1990,1972,331,2303,16
2021-07-13,Contra Costa,013,1133247,72924,71963,1352,73315,823
2021-07-13,Del Norte,015,27424,1510,1471,14,1485,8
2021-07-13,El Dorado,017,186661,10761,10581,810,11391,114
2021-07-13,Fresno,019,978130,104260,102909,8819,111728,1727
2021-07-13,Glenn,021,27897,2468,2448,572,3020,20
2021-07-13,Humboldt,023,135768,4697,4634,56,4690,51
2021-07-13,Imperial,025,180216,28979,28792,2701,31493,741
2021-07-13,Inyo,027,18085,1421,1415,12,1427,36
2021-07-13,Kern,029,883053,98567,97698,11249,108947,1346
2021-07-13,Kings,031,150075,23444,23132,1105,24237,246
2021-07-13,Lake,033,64148,3830,3719,13,3732,63
2021-07-13,Lassen,035,31185,5317,5292,118,5410,21
2021-07-13,Los Angeles,037,10098052,1229090,1217184,42362,1259546,24569
2021-07-13,Madera,039,155013,16976,16773,955,17728,240
2021-07-13,Marin,041,260295,14452,14254,263,14517,233
2021-07-13,Mariposa,043,17540,446,443,11,454,5
2021-07-13,Mendocino,045,87422,4306,4185,88,4273,49
2021-07-13,Merced,047,269075,31486,31379,1052,32431,471
2021-07-13,Modoc,049,8938,420,411,147,558,4
2021-07-13,Mono,051,14174,1274,1277,17,1294,3
2021-07-13,Monterey,053,433212,43555,43333,1879,45212,504
2021-07-13,Napa,055,140530,10162,10118,39,10157,81
2021-07-13,Nevada,057,99092,5137,5053,195,5248,72
2021-07-13,Orange,059,3164182,259653,257339,11696,269035,5136
2021-07-13,Placer,061,380077,24413,24091,1640,25731,303
2021-07-13,Plumas,063,18699,733,716,14,730,4
2021-07-13,Riverside,065,2383286,298478,294302,14184,308486,4541
2021-07-13,Sacramento,067,1510023,111122,109990,1934,111924,1687
2021-07-13,San Benito,069,59416,6178,6173,113,6286,63
2021-07-13,San Bernardino,071,2135413,297466,295596,9137,304733,5183
2021-07-13,San Diego,073,3302833,287420,284997,16085,301082,3785
2021-07-13,San Francisco,075,870044,38344,37725,1345,39070,559
2021-07-13,San Joaquin,077,732212,75202,74500,3699,78199,1417
2021-07-13,San Luis Obispo,079,281455,21735,21423,768,22191,258
2021-07-13,San Mateo,081,765935,43523,43180,515,43695,542
2021-07-13,Santa Barbara,083,443738,34978,34679,1136,35815,461
2021-07-13,Santa Clara,085,1922200,120978,119727,786,120513,2098
2021-07-13,Santa Cruz,087,273765,16479,16315,805,17120,207
2021-07-13,Shasta,089,179085,12736,12659,1672,14331,209
2021-07-13,Sierra,091,2930,66,62,12,74,0
2021-07-13,Siskiyou,093,43540,2014,1916,397,2313,29
2021-07-13,Solano,095,438530,34274,33918,624,34542,268
2021-07-13,Sonoma,097,501317,31726,31431,366,31797,322
2021-07-13,Stanislaus,099,539301,57660,57282,6059,63341,1028
2021-07-13,Sutter,101,95872,9790,9752,91,9843,114
2021-07-13,Tehama,103,63373,5192,5144,588,5732,64
2021-07-13,Trinity,105,12862,502,341,102,443,3
2021-07-13,Tulare,107,460477,50677,49891,9124,59015,853
2021-07-13,Tuolumne,109,53932,4147,4122,44,4166,64
2021-07-13,Ventura,111,848112,82665,81982,3208,85190,1040
2021-07-13,Yolo,113,214977,14484,14320,315,14635,213
2021-07-13,Yuba,115,75493,6368,6279,129,6408,52
2021-07-12,Alameda,001,1643700,91765,90720,2019,92739,1254
2021-07-12,Alpine,003,1148,88,89,0,89,0
2021-07-12,Amador,005,37829,3789,3781,33,3814,47
2021-07-12,Butte,007,227075,12959,12796,1908,14704,202
2021-07-12,Calaveras,009,45235,2246,2228,15,2243,57
2021-07-12,Colusa,011,21464,1986,1971,330,2301,16
2021-07-12,Contra Costa,013,1133247,72720,71833,1347,73180,823
2021-07-12,Del Norte,015,27424,1507,1469,14,1483,8
2021-07-12,El Dorado,017,186661,10732,10569,808,11377,114
2021-07-12,Fresno,019,978130,104166,102853,8807,111660,1728
2021-07-12,Glenn,021,27897,2468,2446,572,3018,20
2021-07-12,Humboldt,023,135768,4681,4621,56,4677,51
2021-07-12,Imperial,025,180216,28949,28789,2701,31490,741
2021-07-12,Inyo,027,18085,1421,1415,12,1427,36
2021-07-12,Kern,029,883053,98498,97660,11224,108884,1346
2021-07-12,Kings,031,150075,23424,23124,1103,24227,246
2021-07-12,Lake,033,64148,3809,3706,13,3719,63
2021-07-12,Lassen,035,31185,5316,5292,118,5410,21
2021-07-12,Los Angeles,037,10098052,1227293,1216230,42229,1258459,24559
2021-07-12,Madera,039,155013,16965,16772,955,17727,240
2021-07-12,Marin,041,260295,14427,14238,262,14500,233
2021-07-12,Mariposa,043,17540,446,442,11,453,5
2021-07-12,Mendocino,045,87422,4295,4175,88,4263,49
2021-07-12,Merced,047,269075,31455,31374,1051,32425,471
2021-07-12,Modoc,049,8938,419,411,147,558,4
2021-07-12,Mono,051,14174,1272,1275,17,1292,3
2021-07-12,Monterey,053,433212,43534,43315,1875,45190,504
2021-07-12,Napa,055,140530,10144,10104,38,10142,81
2021-07-12,Nevada,057,99092,5114,5046,195,5241,72
2021-07-12,Orange,059,3164182,259299,257171,11673,268844,5136
2021-07-12,Placer,061,380077,24362,24052,1634,25686,302
2021-07-12,Plumas,063,18699,733,716,14,730,4
2021-07-12,Riverside,065,2383286,298170,294108,14155,308263,4541
2021-07-12,Sacramento,067,1510023,110907,109849,1909,111758,1685
2021-07-12,San Benito,069,59416,6175,6166,113,6279,63
2021-07-12,San Bernardino,071,2135413,297194,295447,9122,304569,5171
2021-07-12,San Diego,073,3302833,286951,284648,16009,300657,3785
2021-07-12,San Francisco,075,870044,38198,37656,1342,38998,559
2021-07-12,San Joaquin,077,732212,75108,74424,3689,78113,1415
2021-07-12,San Luis Obispo,079,281455,21716,21408,767,22175,258
2021-07-12,San Mateo,081,765935,43429,43138,508,43646,542
2021-07-12,Santa Barbara,083,443738,34935,34664,1134,35798,461
2021-07-12,Santa Clara,085,1922200,120813,119634,783,120417,2098
2021-07-12,Santa Cruz,087,273765,16454,16310,804,17114,207
2021-07-12,Shasta,089,179085,12729,12648,1669,14317,208
2021-07-12,Sierra,091,2930,66,62,12,74,0
2021-07-12,Siskiyou,093,43540,2009,1916,392,2308,29
2021-07-12,Solano,095,438530,34184,33859,615,34474,268
2021-07-12,Sonoma,097,501317,31678,31377,365,31742,322
2021-07-12,Stanislaus,099,539301,57590,57243,6052,63295,1028
2021-07-12,Sutter,101,95872,9773,9736,90,9826,114
2021-07-12,Tehama,103,63373,5187,5138,587,5725,63
2021-07-12,Trinity,105,12862,498,340,100,440,3
2021-07-12,Tulare,107,460477,50649,49882,9111,58993,853
2021-07-12,Tuolumne,109,53932,4143,4116,44,4160,64
2021-07-12,Ventura,111,848112,82564,81919,3187,85106,1040
2021-07-12,Yolo,113,214977,14456,14303,311,14614,213
2021-07-12,Yuba,115,75493,6353,6266,129,6395,52
2021-07-11,Alameda,001,1643700,91436,90597,2007,92604,1254
2021-07-11,Alpine,003,1148,88,89,0,89,0
2021-07-11,Amador,005,37829,3787,3779,33,3812,47
2021-07-11,Butte,007,227075,12937,12794,1902,14696,202
2021-07-11,Calaveras,009,45235,2244,2226,14,2240,57
2021-07-11,Colusa,011,21464,1985,1971,329,2300,16
2021-07-11,Contra Costa,013,1133247,72510,71744,1340,73084,823
2021-07-11,Del Norte,015,27424,1503,1467,13,1480,8
2021-07-11,El Dorado,017,186661,10703,10554,806,11360,114
2021-07-11,Fresno,019,978130,104071,102813,8787,111600,1728
2021-07-11,Glenn,021,27897,2467,2446,572,3018,20
2021-07-11,Humboldt,023,135768,4668,4611,55,4666,51
2021-07-11,Imperial,025,180216,28931,28787,2700,31487,741
2021-07-11,Inyo,027,18085,1419,1415,12,1427,36
2021-07-11,Kern,029,883053,98425,97637,11208,108845,1346
2021-07-11,Kings,031,150075,23393,23116,1100,24216,246
2021-07-11,Lake,033,64148,3778,3699,13,3712,63
2021-07-11,Lassen,035,31185,5313,5291,118,5409,21
2021-07-11,Los Angeles,037,10098052,1225536,1215182,42073,1257255,24558
2021-07-11,Madera,039,155013,16946,16766,954,17720,240
2021-07-11,Marin,041,260295,14401,14231,262,14493,233
2021-07-11,Mariposa,043,17540,445,442,11,453,5
2021-07-11,Mendocino,045,87422,4275,4167,88,4255,49
2021-07-11,Merced,047,269075,31431,31366,1046,32412,471
2021-07-11,Modoc,049,8938,418,411,147,558,4
2021-07-11,Mono,051,14174,1272,1275,17,1292,3
2021-07-11,Monterey,053,433212,43515,43307,1871,45178,504
2021-07-11,Napa,055,140530,10140,10100,38,10138,81
2021-07-11,Nevada,057,99092,5103,5035,194,5229,72
2021-07-11,Orange,059,3164182,258987,257009,11645,268654,5136
2021-07-11,Placer,061,380077,24305,24017,1622,25639,302
2021-07-11,Plumas,063,18699,733,716,14,730,4
2021-07-11,Riverside,065,2383286,297906,293969,14137,308106,4541
2021-07-11,Sacramento,067,1510023,110628,109696,1899,111595,1685
2021-07-11,San Benito,069,59416,6170,6163,113,6276,63
2021-07-11,San Bernardino,071,2135413,296888,295342,9097,304439,5167
2021-07-11,San Diego,073,3302833,286537,283819,15923,299742,3784
2021-07-11,San Francisco,075,870044,38069,37596,1336,38932,559
2021-07-11,San Joaquin,077,732212,74991,74376,3672,78048,1415
2021-07-11,San Luis Obispo,079,281455,21683,21403,766,22169,258
2021-07-11,San Mateo,081,765935,43350,43107,502,43609,542
2021-07-11,Santa Barbara,083,443738,34888,34646,1134,35780,461
2021-07-11,Santa Clara,085,1922200,120659,119549,782,120331,2098
2021-07-11,Santa Cruz,087,273765,16438,16303,804,17107,207
2021-07-11,Shasta,089,179085,12712,12647,1667,14314,208
2021-07-11,Sierra,091,2930,66,62,12,74,0
2021-07-11,Siskiyou,093,43540,2005,1915,390,2305,29
2021-07-11,Solano,095,438530,34102,33837,611,34448,268
2021-07-11,Sonoma,097,501317,31596,31352,365,31717,322
2021-07-11,Stanislaus,099,539301,57524,57230,6041,63271,1028
2021-07-11,Sutter,101,95872,9759,9728,90,9818,114
2021-07-11,Tehama,103,63373,5184,5138,587,5725,63
2021-07-11,Trinity,105,12862,497,340,100,440,3
2021-07-11,Tulare,107,460477,50624,49877,9093,58970,853
2021-07-11,Tuolumne,109,53932,4137,4116,44,4160,64
2021-07-11,Ventura,111,848112,82491,81875,3167,85042,1040
2021-07-11,Yolo,113,214977,14431,14285,305,14590,213
2021-07-11,Yuba,115,75493,6342,6260,129,6389,52
2021-07-10,Alameda,001,1643700,91284,90090,2003,92093,1252
2021-07-10,Alpine,003,1148,88,89,0,89,0
2021-07-10,Amador,005,37829,3781,3773,33,3806,47
2021-07-10,Butte,007,227075,12927,12764,1899,14663,202
2021-07-10,Calaveras,009,45235,2243,2214,14,2228,57
2021-07-10,Colusa,011,21464,1983,1969,329,2298,16
2021-07-10,Contra Costa,013,1133247,72410,71376,1339,72715,821
2021-07-10,Del Norte,015,27424,1501,1451,13,1464,8
2021-07-10,El Dorado,017,186661,10686,10508,803,11311,114
2021-07-10,Fresno,019,978130,104038,102675,8780,111455,1730
2021-07-10,Glenn,021,27897,2464,2440,571,3011,20
2021-07-10,Humboldt,023,135768,4659,4574,55,4629,51
2021-07-10,Imperial,025,180216,28918,28729,2700,31429,741
2021-07-10,Inyo,027,18085,1418,1415,12,1427,36
2021-07-10,Kern,029,883053,98385,97538,11191,108729,1346
2021-07-10,Kings,031,150075,23386,23090,1099,24189,246
2021-07-10,Lake,033,64148,3761,3667,13,3680,63
2021-07-10,Lassen,035,31185,5313,5290,118,5408,21
2021-07-10,Los Angeles,037,10098052,1224508,1212043,41970,1254013,24542
2021-07-10,Madera,039,155013,16940,16744,951,17695,241
2021-07-10,Marin,041,260295,14387,14194,262,14456,233
2021-07-10,Mariposa,043,17540,445,442,11,453,5
2021-07-10,Mendocino,045,87422,4268,4153,87,4240,49
2021-07-10,Merced,047,269075,31418,31328,1046,32374,470
2021-07-10,Modoc,049,8938,418,410,147,557,4
2021-07-10,Mono,051,14174,1272,1275,17,1292,3
2021-07-10,Monterey,053,433212,43501,43251,1869,45120,499
2021-07-10,Napa,055,140530,10128,10077,38,10115,81
2021-07-10,Nevada,057,99092,5094,5000,194,5194,72
2021-07-10,Orange,059,3164182,258809,256438,11629,268067,5135
2021-07-10,Placer,061,380077,24276,23916,1612,25528,302
2021-07-10,Plumas,063,18699,732,717,14,731,4
2021-07-10,Riverside,065,2383286,297716,293474,14124,307598,4541
2021-07-10,Sacramento,067,1510023,110479,109091,1893,110984,1682
2021-07-10,San Benito,069,59416,6165,6141,113,6254,63
2021-07-10,San Bernardino,071,2135413,296700,294932,9084,304016,5117
2021-07-10,San Diego,073,3302833,286247,283577,15870,299447,3783
2021-07-10,San Francisco,075,870044,37986,37338,1333,38671,559
2021-07-10,San Joaquin,077,732212,74934,74150,3666,77816,1412
2021-07-10,San Luis Obispo,079,281455,21672,21375,765,22140,258
2021-07-10,San Mateo,081,765935,43298,42948,500,43448,542
2021-07-10,Santa Barbara,083,443738,34861,34595,1134,35729,460
2021-07-10,Santa Clara,085,1922200,120556,119330,779,120109,2094
2021-07-10,Santa Cruz,087,273765,16431,16286,804,17090,207
2021-07-10,Shasta,089,179085,12699,12623,1662,14285,206
2021-07-10,Sierra,091,2930,66,61,12,73,0
2021-07-10,Siskiyou,093,43540,2003,1909,387,2296,29
2021-07-10,Solano,095,438530,34060,33678,605,34283,268
2021-07-10,Sonoma,097,501317,31545,31231,365,31596,317
2021-07-10,Stanislaus,099,539301,57488,57104,6031,63135,1026
2021-07-10,Sutter,101,95872,9747,9692,90,9782,114
2021-07-10,Tehama,103,63373,5181,5131,587,5718,63
2021-07-10,Trinity,105,12862,497,341,100,441,3
2021-07-10,Tulare,107,460477,50614,49850,9087,58937,853
2021-07-10,Tuolumne,109,53932,4135,4114,44,4158,64
2021-07-10,Ventura,111,848112,82446,81713,3149,84862,1039
2021-07-10,Yolo,113,214977,14410,14250,302,14552,213
2021-07-10,Yuba,115,75493,6332,6238,129,6367,52
2021-07-09,Alameda,001,1643700,91125,90090,1998,92088,1252
2021-07-09,Alpine,003,1148,88,89,0,89,0
2021-07-09,Amador,005,37829,3780,3773,33,3806,47
2021-07-09,Butte,007,227075,12915,12764,1897,14661,202
2021-07-09,Calaveras,009,45235,2241,2214,14,2228,57
2021-07-09,Colusa,011,21464,1982,1969,329,2298,16
2021-07-09,Contra Costa,013,1133247,72284,71376,1337,72713,821
2021-07-09,Del Norte,015,27424,1496,1451,13,1464,8
2021-07-09,El Dorado,017,186661,10671,10508,802,11310,114
2021-07-09,Fresno,019,978130,103983,102675,8773,111448,1730
2021-07-09,Glenn,021,27897,2463,2440,569,3009,20
2021-07-09,Humboldt,023,135768,4640,4574,55,4629,51
2021-07-09,Imperial,025,180216,28910,28729,2699,31428,741
2021-07-09,Inyo,027,18085,1417,1415,12,1427,36
2021-07-09,Kern,029,883053,98347,97538,11179,108717,1346
2021-07-09,Kings,031,150075,23375,23090,1098,24188,246
2021-07-09,Lake,033,64148,3747,3667,13,3680,63
2021-07-09,Lassen,035,31185,5311,5290,117,5407,21
2021-07-09,Los Angeles,037,10098052,1223503,1212043,41900,1253943,24542
2021-07-09,Madera,039,155013,16930,16744,950,17694,241
2021-07-09,Marin,041,260295,14366,14194,261,14455,233
2021-07-09,Mariposa,043,17540,445,442,11,453,5
2021-07-09,Mendocino,045,87422,4261,4153,87,4240,49
2021-07-09,Merced,047,269075,31403,31328,1046,32374,470
2021-07-09,Modoc,049,8938,418,410,147,557,4
2021-07-09,Mono,051,14174,1272,1275,17,1292,3
2021-07-09,Monterey,053,433212,43492,43251,1869,45120,499
2021-07-09,Napa,055,140530,10121,10077,38,10115,81
2021-07-09,Nevada,057,99092,5085,5000,194,5194,72
2021-07-09,Orange,059,3164182,258603,256438,11615,268053,5135
2021-07-09,Placer,061,380077,24254,23916,1606,25522,302
2021-07-09,Plumas,063,18699,730,717,14,731,4
2021-07-09,Riverside,065,2383286,297530,293474,14111,307585,4541
2021-07-09,Sacramento,067,1510023,110325,109091,1884,110975,1682
2021-07-09,San Benito,069,59416,6163,6141,113,6254,63
2021-07-09,San Bernardino,071,2135413,296548,294932,9077,304009,5117
2021-07-09,San Diego,073,3302833,285958,283577,15822,299399,3783
2021-07-09,San Francisco,075,870044,37906,37338,1326,38664,559
2021-07-09,San Joaquin,077,732212,74860,74150,3659,77809,1412
2021-07-09,San Luis Obispo,079,281455,21660,21375,765,22140,258
2021-07-09,San Mateo,081,765935,43254,42948,496,43444,542
2021-07-09,Santa Barbara,083,443738,34840,34595,1133,35728,460
2021-07-09,Santa Clara,085,1922200,120445,119330,779,120109,2094
2021-07-09,Santa Cruz,087,273765,16428,16286,804,17090,207
2021-07-09,Shasta,089,179085,12693,12623,1657,14280,206
2021-07-09,Sierra,091,2930,66,61,12,73,0
2021-07-09,Siskiyou,093,43540,2001,1909,386,2295,29
2021-07-09,Solano,095,438530,34024,33678,601,34279,268
2021-07-09,Sonoma,097,501317,31509,31231,365,31596,317
2021-07-09,Stanislaus,099,539301,57459,57104,6029,63133,1026
2021-07-09,Sutter,101,95872,9738,9692,90,9782,114
2021-07-09,Tehama,103,63373,5179,5131,587,5718,63
2021-07-09,Trinity,105,12862,496,341,97,438,3
2021-07-09,Tulare,107,460477,50601,49850,9081,58931,853
2021-07-09,Tuolumne,109,53932,4131,4114,44,4158,64
2021-07-09,Ventura,111,848112,82391,81713,3140,84853,1039
2021-07-09,Yolo,113,214977,14395,14250,298,14548,213
2021-07-09,Yuba,115,75493,6319,6238,129,6367,52
2021-07-08,Alameda,001,1643700,90918,90090,1995,92085,1252
2021-07-08,Alpine,003,1148,88,89,0,89,0
2021-07-08,Amador,005,37829,3778,3773,33,3806,47
2021-07-08,Butte,007,227075,12902,12764,1894,14658,202
2021-07-08,Calaveras,009,45235,2238,2214,13,2227,57
2021-07-08,Colusa,011,21464,1982,1969,329,2298,16
2021-07-08,Contra Costa,013,1133247,72156,71376,1332,72708,821
2021-07-08,Del Norte,015,27424,1494,1451,13,1464,8
2021-07-08,El Dorado,017,186661,10654,10508,795,11303,114
2021-07-08,Fresno,019,978130,103920,102675,8762,111437,1730
2021-07-08,Glenn,021,27897,2463,2440,569,3009,20
2021-07-08,Humboldt,023,135768,4624,4574,54,4628,51
2021-07-08,Imperial,025,180216,28898,28729,2698,31427,741
2021-07-08,Inyo,027,18085,1417,1415,12,1427,36
2021-07-08,Kern,029,883053,98299,97538,11164,108702,1346
2021-07-08,Kings,031,150075,23366,23090,1098,24188,246
2021-07-08,Lake,033,64148,3733,3667,13,3680,63
2021-07-08,Lassen,035,31185,5308,5290,117,5407,21
2021-07-08,Los Angeles,037,10098052,1222290,1212043,41806,1253849,24542
2021-07-08,Madera,039,155013,16914,16744,950,17694,241
2021-07-08,Marin,041,260295,14352,14194,261,14455,233
2021-07-08,Mariposa,043,17540,444,442,11,453,5
2021-07-08,Mendocino,045,87422,4258,4153,87,4240,49
2021-07-08,Merced,047,269075,31389,31328,1044,32372,470
2021-07-08,Modoc,049,8938,418,410,147,557,4
2021-07-08,Mono,051,14174,1272,1275,17,1292,3
2021-07-08,Monterey,053,433212,43472,43251,1863,45114,499
2021-07-08,Napa,055,140530,10117,10077,38,10115,81
2021-07-08,Nevada,057,99092,5079,5000,194,5194,72
2021-07-08,Orange,059,3164182,258408,256438,11593,268031,5135
2021-07-08,Placer,061,380077,24215,23916,1598,25514,302
2021-07-08,Plumas,063,18699,729,717,14,731,4
2021-07-08,Riverside,065,2383286,297329,293474,14095,307569,4541
2021-07-08,Sacramento,067,1510023,110103,109091,1879,110970,1682
2021-07-08,San Benito,069,59416,6160,6141,113,6254,63
2021-07-08,San Bernardino,071,2135413,296373,294932,9068,304000,5117
2021-07-08,San Diego,073,3302833,285631,283577,15774,299351,3783
2021-07-08,San Francisco,075,870044,37826,37338,1322,38660,559
2021-07-08,San Joaquin,077,732212,74772,74150,3646,77796,1412
2021-07-08,San Luis Obispo,079,281455,21648,21375,762,22137,258
2021-07-08,San Mateo,081,765935,43203,42948,495,43443,542
2021-07-08,Santa Barbara,083,443738,34813,34595,1131,35726,460
2021-07-08,Santa Clara,085,1922200,120352,119330,778,120108,2094
2021-07-08,Santa Cruz,087,273765,16422,16286,804,17090,207
2021-07-08,Shasta,089,179085,12687,12623,1653,14276,206
2021-07-08,Sierra,091,2930,66,61,12,73,0
2021-07-08,Siskiyou,093,43540,1996,1909,383,2292,29
2021-07-08,Solano,095,438530,33969,33678,595,34273,268
2021-07-08,Sonoma,097,501317,31478,31231,364,31595,317
2021-07-08,Stanislaus,099,539301,57432,57104,6025,63129,1026
2021-07-08,Sutter,101,95872,9724,9692,88,9780,114
2021-07-08,Tehama,103,63373,5176,5131,586,5717,63
2021-07-08,Trinity,105,12862,496,341,97,438,3
2021-07-08,Tulare,107,460477,50583,49850,9074,58924,853
2021-07-08,Tuolumne,109,53932,4129,4114,44,4158,64
2021-07-08,Ventura,111,848112,82327,81713,3124,84837,1039
2021-07-08,Yolo,113,214977,14375,14250,296,14546,213
2021-07-08,Yuba,115,75493,6311,6238,129,6367,52
2021-07-07,Alameda,001,1643700,90733,89995,1989,91984,1253
2021-07-07,Alpine,003,1148,88,89,0,89,0
2021-07-07,Amador,005,37829,3773,3770,33,3803,47
2021-07-07,Butte,007,227075,12889,12750,1889,14639,202
2021-07-07,Calaveras,009,45235,2231,2212,13,2225,57
2021-07-07,Colusa,011,21464,1978,1969,329,2298,16
2021-07-07,Contra Costa,013,1133247,72009,71308,1330,72638,821
2021-07-07,Del Norte,015,27424,1489,1446,13,1459,8
2021-07-07,El Dorado,017,186661,10634,10494,793,11287,114
2021-07-07,Fresno,019,978130,103870,102639,8755,111394,1729
2021-07-07,Glenn,021,27897,2463,2441,569,3010,20
2021-07-07,Humboldt,023,135768,4610,4566,54,4620,51
2021-07-07,Imperial,025,180216,28891,28701,2698,31399,740
2021-07-07,Inyo,027,18085,1416,1415,12,1427,36
2021-07-07,Kern,029,883053,98255,97507,11149,108656,1348
2021-07-07,Kings,031,150075,23353,23085,1095,24180,245
2021-07-07,Lake,033,64148,3714,3660,13,3673,63
2021-07-07,Lassen,035,31185,5308,5286,117,5403,21
2021-07-07,Los Angeles,037,10098052,1221109,1211316,41703,1253019,24531
2021-07-07,Madera,039,155013,16903,16733,948,17681,241
2021-07-07,Marin,041,260295,14333,14183,260,14443,233
2021-07-07,Mariposa,043,17540,442,442,11,453,5
2021-07-07,Mendocino,045,87422,4249,4145,87,4232,49
2021-07-07,Merced,047,269075,31374,31317,1044,32361,470
2021-07-07,Modoc,049,8938,418,410,147,557,4
2021-07-07,Mono,051,14174,1271,1274,17,1291,3
2021-07-07,Monterey,053,433212,43448,43233,1861,45094,494
2021-07-07,Napa,055,140530,10106,10078,38,10116,81
2021-07-07,Nevada,057,99092,5072,4996,194,5190,72
2021-07-07,Orange,059,3164182,258182,256301,11572,267873,5132
2021-07-07,Placer,061,380077,24179,23901,1588,25489,302
2021-07-07,Plumas,063,18699,729,710,14,724,4
2021-07-07,Riverside,065,2383286,297115,293331,14085,307416,4538
2021-07-07,Sacramento,067,1510023,109912,108954,1871,110825,1682
2021-07-07,San Benito,069,59416,6155,6137,113,6250,63
2021-07-07,San Bernardino,071,2135413,296204,294787,9061,303848,5087
2021-07-07,San Diego,073,3302833,285311,283377,15734,299111,3782
2021-07-07,San Francisco,075,870044,37734,37284,1319,38603,558
2021-07-07,San Joaquin,077,732212,74696,74095,3631,77726,1410
2021-07-07,San Luis Obispo,079,281455,21639,21360,760,22120,258
2021-07-07,San Mateo,081,765935,43149,42908,492,43400,542
2021-07-07,Santa Barbara,083,443738,34787,34582,1131,35713,460
2021-07-07,Santa Clara,085,1922200,120254,119250,777,120027,2094
2021-07-07,Santa Cruz,087,273765,16413,16279,803,17082,207
2021-07-07,Shasta,089,179085,12679,12613,1650,14263,206
2021-07-07,Sierra,091,2930,66,60,12,72,0
2021-07-07,Siskiyou,093,43540,1990,1908,379,2287,29
2021-07-07,Solano,095,438530,33920,33659,588,34247,268
2021-07-07,Sonoma,097,501317,31432,31172,364,31536,316
2021-07-07,Stanislaus,099,539301,57400,57102,6020,63122,1028
2021-07-07,Sutter,101,95872,9714,9683,88,9771,114
2021-07-07,Tehama,103,63373,5175,5129,586,5715,63
2021-07-07,Trinity,105,12862,496,341,97,438,3
2021-07-07,Tulare,107,460477,50579,49835,9065,58900,853
2021-07-07,Tuolumne,109,53932,4125,4115,43,4158,64
2021-07-07,Ventura,111,848112,82283,81608,3110,84718,1036
2021-07-07,Yolo,113,214977,14364,14236,293,14529,213
2021-07-07,Yuba,115,75493,6295,6233,129,6362,51
2021-07-06,Alameda,001,1643700,90538,89918,1981,91899,1253
2021-07-06,Alpine,003,1148,88,89,0,89,0
2021-07-06,Amador,005,37829,3772,3768,32,3800,47
2021-07-06,Butte,007,227075,12876,12744,1886,14630,201
2021-07-06,Calaveras,009,45235,2231,2211,13,2224,55
2021-07-06,Colusa,011,21464,1977,1967,326,2293,16
2021-07-06,Contra Costa,013,1133247,71880,71262,1327,72589,820
2021-07-06,Del Norte,015,27424,1485,1445,13,1458,8
2021-07-06,El Dorado,017,186661,10616,10484,791,11275,113
2021-07-06,Fresno,019,978130,103818,102616,8743,111359,1727
2021-07-06,Glenn,021,27897,2462,2438,569,3007,20
2021-07-06,Humboldt,023,135768,4596,4565,53,4618,49
2021-07-06,Imperial,025,180216,28876,28693,2696,31389,739
2021-07-06,Inyo,027,18085,1416,1412,12,1424,36
2021-07-06,Kern,029,883053,98213,97491,11138,108629,1346
2021-07-06,Kings,031,150075,23345,23077,1094,24171,245
2021-07-06,Lake,033,64148,3704,3659,13,3672,63
2021-07-06,Lassen,035,31185,5307,5288,116,5404,21
2021-07-06,Los Angeles,037,10098052,1219892,1210965,41605,1252570,24525
2021-07-06,Madera,039,155013,16891,16730,948,17678,241
2021-07-06,Marin,041,260295,14319,14181,260,14441,233
2021-07-06,Mariposa,043,17540,442,442,11,453,5
2021-07-06,Mendocino,045,87422,4242,4143,87,4230,49
2021-07-06,Merced,047,269075,31357,31317,1043,32360,470
2021-07-06,Modoc,049,8938,418,411,147,558,4
2021-07-06,Mono,051,14174,1270,1274,17,1291,3
2021-07-06,Monterey,053,433212,43426,43224,1859,45083,494
2021-07-06,Napa,055,140530,10095,10081,38,10119,81
2021-07-06,Nevada,057,99092,5063,4988,194,5182,72
2021-07-06,Orange,059,3164182,257938,256227,11555,267782,5129
2021-07-06,Placer,061,380077,24138,23876,1582,25458,302
2021-07-06,Plumas,063,18699,728,708,14,722,4
2021-07-06,Riverside,065,2383286,296912,293227,14067,307294,4539
2021-07-06,Sacramento,067,1510023,109701,108850,1863,110713,1679
2021-07-06,San Benito,069,59416,6151,6137,113,6250,63
2021-07-06,San Bernardino,071,2135413,296025,294712,9048,303760,5056
2021-07-06,San Diego,073,3302833,284953,283278,15675,298953,3782
2021-07-06,San Francisco,075,870044,37619,37251,1318,38569,558
2021-07-06,San Joaquin,077,732212,74626,74019,3619,77638,1410
2021-07-06,San Luis Obispo,079,281455,21622,21354,758,22112,257
2021-07-06,San Mateo,081,765935,43074,42895,492,43387,541
2021-07-06,Santa Barbara,083,443738,34768,34572,1130,35702,460
2021-07-06,Santa Clara,085,1922200,120136,119194,774,119968,2095
2021-07-06,Santa Cruz,087,273765,16408,16274,802,17076,207
2021-07-06,Shasta,089,179085,12669,12606,1648,14254,205
2021-07-06,Sierra,091,2930,65,60,12,72,0
2021-07-06,Siskiyou,093,43540,1987,1905,375,2280,29
2021-07-06,Solano,095,438530,33869,33619,585,34204,268
2021-07-06,Sonoma,097,501317,31369,31130,363,31493,316
2021-07-06,Stanislaus,099,539301,57351,57120,6009,63129,1029
2021-07-06,Sutter,101,95872,9705,9674,87,9761,114
2021-07-06,Tehama,103,63373,5172,5126,585,5711,63
2021-07-06,Trinity,105,12862,496,341,97,438,3
2021-07-06,Tulare,107,460477,50564,49826,9055,58881,853
2021-07-06,Tuolumne,109,53932,4123,4113,43,4156,64
2021-07-06,Ventura,111,848112,82243,81534,3085,84619,1033
2021-07-06,Yolo,113,214977,14342,14227,290,14517,213
2021-07-06,Yuba,115,75493,6284,6231,129,6360,51
2021-07-05,Alameda,001,1643700,90361,89892,1976,91868,1253
2021-07-05,Alpine,003,1148,88,89,0,89,0
2021-07-05,Amador,005,37829,3770,3768,32,3800,47
2021-07-05,Butte,007,227075,12868,12740,1877,14617,201
2021-07-05,Calaveras,009,45235,2229,2211,13,2224,55
2021-07-05,Colusa,011,21464,1975,1966,325,2291,16
2021-07-05,Contra Costa,013,1133247,71752,71235,1327,72562,820
2021-07-05,Del Norte,015,27424,1481,1446,13,1459,8
2021-07-05,El Dorado,017,186661,10591,10481,791,11272,113
2021-07-05,Fresno,019,978130,103759,102592,8728,111320,1727
2021-07-05,Glenn,021,27897,2459,2438,568,3006,20
2021-07-05,Humboldt,023,135768,4582,4563,53,4616,49
2021-07-05,Imperial,025,180216,28857,28689,2696,31385,739
2021-07-05,Inyo,027,18085,1416,1412,12,1424,36
2021-07-05,Kern,029,883053,98165,97479,11117,108596,1346
2021-07-05,Kings,031,150075,23337,23065,1091,24156,245
2021-07-05,Lake,033,64148,3686,3645,13,3658,63
2021-07-05,Lassen,035,31185,5304,5288,115,5403,21
2021-07-05,Los Angeles,037,10098052,1218696,1210653,41503,1252156,24522
2021-07-05,Madera,039,155013,16880,16722,947,17669,241
2021-07-05,Marin,041,260295,14298,14178,260,14438,233
2021-07-05,Mariposa,043,17540,442,441,11,452,5
2021-07-05,Mendocino,045,87422,4237,4139,87,4226,49
2021-07-05,Merced,047,269075,31337,31312,1043,32355,470
2021-07-05,Modoc,049,8938,418,410,147,557,4
2021-07-05,Mono,051,14174,1270,1273,17,1290,3
2021-07-05,Monterey,053,433212,43406,43218,1854,45072,494
2021-07-05,Napa,055,140530,10089,10074,38,10112,81
2021-07-05,Nevada,057,99092,5045,4980,193,5173,72
2021-07-05,Orange,059,3164182,257737,256173,11537,267710,5129
2021-07-05,Placer,061,380077,24091,23867,1574,25441,302
2021-07-05,Plumas,063,18699,727,708,14,722,4
2021-07-05,Riverside,065,2383286,296721,293193,14055,307248,4539
2021-07-05,Sacramento,067,1510023,109519,108758,1854,110612,1679
2021-07-05,San Benito,069,59416,6144,6137,113,6250,63
2021-07-05,San Bernardino,071,2135413,295863,294647,9041,303688,5037
2021-07-05,San Diego,073,3302833,284590,282834,15631,298465,3782
2021-07-05,San Francisco,075,870044,37532,37237,1313,38550,558
2021-07-05,San Joaquin,077,732212,74556,73999,3614,77613,1410
2021-07-05,San Luis Obispo,079,281455,21608,21351,757,22108,257
2021-07-05,San Mateo,081,765935,43022,42876,489,43365,541
2021-07-05,Santa Barbara,083,443738,34748,34569,1130,35699,460
2021-07-05,Santa Clara,085,1922200,120030,119184,772,119956,2095
2021-07-05,Santa Cruz,087,273765,16399,16273,801,17074,208
2021-07-05,Shasta,089,179085,12660,12603,1646,14249,205
2021-07-05,Sierra,091,2930,65,60,12,72,0
2021-07-05,Siskiyou,093,43540,1985,1904,374,2278,29
2021-07-05,Solano,095,438530,33799,33612,579,34191,268
2021-07-05,Sonoma,097,501317,31316,31116,363,31479,316
2021-07-05,Stanislaus,099,539301,57321,57109,5998,63107,1029
2021-07-05,Sutter,101,95872,9693,9667,87,9754,114
2021-07-05,Tehama,103,63373,5171,5125,585,5710,63
2021-07-05,Trinity,105,12862,495,341,96,437,3
2021-07-05,Tulare,107,460477,50546,49818,9052,58870,853
2021-07-05,Tuolumne,109,53932,4119,4112,43,4155,64
2021-07-05,Ventura,111,848112,82192,81519,3066,84585,1033
2021-07-05,Yolo,113,214977,14322,14225,282,14507,213
2021-07-05,Yuba,115,75493,6276,6223,129,6352,51
2021-07-04,Alameda,001,1643700,90196,89683,1973,91656,1253
2021-07-04,Alpine,003,1148,88,89,0,89,0
2021-07-04,Amador,005,37829,3769,3758,32,3790,46
2021-07-04,Butte,007,227075,12858,12684,1877,14561,201
2021-07-04,Calaveras,009,45235,2225,2200,13,2213,55
2021-07-04,Colusa,011,21464,1975,1969,325,2294,15
2021-07-04,Contra Costa,013,1133247,71646,70941,1322,72263,818
2021-07-04,Del Norte,015,27424,1478,1439,13,1452,8
2021-07-04,El Dorado,017,186661,10582,10433,790,11223,113
2021-07-04,Fresno,019,978130,103713,102512,8713,111225,1727
2021-07-04,Glenn,021,27897,2457,2442,567,3009,20
2021-07-04,Humboldt,023,135768,4574,4530,53,4583,49
2021-07-04,Imperial,025,180216,28851,28661,2696,31357,739
2021-07-04,Inyo,027,18085,1416,1412,12,1424,35
2021-07-04,Kern,029,883053,98146,97421,11108,108529,1347
2021-07-04,Kings,031,150075,23329,23051,1091,24142,245
2021-07-04,Lake,033,64148,3676,3623,13,3636,62
2021-07-04,Lassen,035,31185,5303,5277,115,5392,20
2021-07-04,Los Angeles,037,10098052,1217834,1208705,41418,1250123,24506
2021-07-04,Madera,039,155013,16868,16696,946,17642,240
2021-07-04,Marin,041,260295,14283,14143,260,14403,233
2021-07-04,Mariposa,043,17540,442,441,11,452,5
2021-07-04,Mendocino,045,87422,4227,4122,87,4209,49
2021-07-04,Merced,047,269075,31326,31297,1043,32340,469
2021-07-04,Modoc,049,8938,418,410,147,557,4
2021-07-04,Mono,051,14174,1270,1275,17,1292,3
2021-07-04,Monterey,053,433212,43390,43212,1853,45065,492
2021-07-04,Napa,055,140530,10081,10045,37,10082,81
2021-07-04,Nevada,057,99092,5035,4966,193,5159,72
2021-07-04,Orange,059,3164182,257562,255823,11517,267340,5126
2021-07-04,Placer,061,380077,24054,23764,1568,25332,299
2021-07-04,Plumas,063,18699,727,707,14,721,4
2021-07-04,Riverside,065,2383286,296561,293260,14049,307309,4536
2021-07-04,Sacramento,067,1510023,109349,108257,1848,110105,1676
2021-07-04,San Benito,069,59416,6137,6108,113,6221,63
2021-07-04,San Bernardino,071,2135413,295695,294294,9034,303328,5003
2021-07-04,San Diego,073,3302833,284365,282692,15594,298286,3780
2021-07-04,San Francisco,075,870044,37473,37107,1307,38414,558
2021-07-04,San Joaquin,077,732212,74490,73841,3606,77447,1409
2021-07-04,San Luis Obispo,079,281455,21602,21330,756,22086,256
2021-07-04,San Mateo,081,765935,42988,42691,489,43180,541
2021-07-04,Santa Barbara,083,443738,34725,34526,1129,35655,456
2021-07-04,Santa Clara,085,1922200,119940,118966,771,119737,2090
2021-07-04,Santa Cruz,087,273765,16388,16254,801,17055,208
2021-07-04,Shasta,089,179085,12656,12582,1645,14227,204
2021-07-04,Sierra,091,2930,64,60,12,72,0
2021-07-04,Siskiyou,093,43540,1981,1899,373,2272,29
2021-07-04,Solano,095,438530,33758,33486,577,34063,268
2021-07-04,Sonoma,097,501317,31286,31000,363,31363,316
2021-07-04,Stanislaus,099,539301,57306,57018,5992,63010,1018
2021-07-04,Sutter,101,95872,9682,9644,87,9731,114
2021-07-04,Tehama,103,63373,5167,5124,585,5709,63
2021-07-04,Trinity,105,12862,494,341,96,437,3
2021-07-04,Tulare,107,460477,50536,49789,9049,58838,853
2021-07-04,Tuolumne,109,53932,4111,4113,43,4156,64
2021-07-04,Ventura,111,848112,82134,81425,3055,84480,1033
2021-07-04,Yolo,113,214977,14301,14188,279,14467,213
2021-07-04,Yuba,115,75493,6268,6197,129,6326,51
2021-07-03,Alameda,001,1643700,90109,89683,1965,91648,1253
2021-07-03,Alpine,003,1148,88,89,0,89,0
2021-07-03,Amador,005,37829,3769,3758,32,3790,46
2021-07-03,Butte,007,227075,12854,12684,1876,14560,201
2021-07-03,Calaveras,009,45235,2223,2200,13,2213,55
2021-07-03,Colusa,011,21464,1974,1969,325,2294,15
2021-07-03,Contra Costa,013,1133247,71586,70941,1319,72260,818
2021-07-03,Del Norte,015,27424,1475,1439,13,1452,8
2021-07-03,El Dorado,017,186661,10576,10433,788,11221,113
2021-07-03,Fresno,019,978130,103689,102512,8704,111216,1727
2021-07-03,Glenn,021,27897,2457,2442,567,3009,20
2021-07-03,Humboldt,023,135768,4569,4530,53,4583,49
2021-07-03,Imperial,025,180216,28841,28661,2696,31357,739
2021-07-03,Inyo,027,18085,1416,1412,12,1424,35
2021-07-03,Kern,029,883053,98126,97421,11100,108521,1347
2021-07-03,Kings,031,150075,23329,23051,1090,24141,245
2021-07-03,Lake,033,64148,3666,3623,13,3636,62
2021-07-03,Lassen,035,31185,5302,5277,115,5392,20
2021-07-03,Los Angeles,037,10098052,1217405,1208705,41387,1250092,24506
2021-07-03,Madera,039,155013,16859,16696,943,17639,240
2021-07-03,Marin,041,260295,14279,14143,260,14403,233
2021-07-03,Mariposa,043,17540,442,441,11,452,5
2021-07-03,Mendocino,045,87422,4226,4122,87,4209,49
2021-07-03,Merced,047,269075,31313,31297,1042,32339,469
2021-07-03,Modoc,049,8938,417,410,147,557,4
2021-07-03,Mono,051,14174,1269,1275,17,1292,3
2021-07-03,Monterey,053,433212,43378,43212,1851,45063,492
2021-07-03,Napa,055,140530,10076,10045,37,10082,81
2021-07-03,Nevada,057,99092,5021,4966,193,5159,72
2021-07-03,Orange,059,3164182,257478,255823,11510,267333,5126
2021-07-03,Placer,061,380077,24035,23764,1565,25329,299
2021-07-03,Plumas,063,18699,727,707,14,721,4
2021-07-03,Riverside,065,2383286,296469,293260,14045,307305,4536
2021-07-03,Sacramento,067,1510023,109275,108257,1845,110102,1676
2021-07-03,San Benito,069,59416,6130,6108,113,6221,63
2021-07-03,San Bernardino,071,2135413,295605,294294,9031,303325,5003
2021-07-03,San Diego,073,3302833,284234,282692,15575,298267,3780
2021-07-03,San Francisco,075,870044,37432,37107,1304,38411,558
2021-07-03,San Joaquin,077,732212,74454,73841,3601,77442,1409
2021-07-03,San Luis Obispo,079,281455,21590,21330,756,22086,256
2021-07-03,San Mateo,081,765935,42963,42691,488,43179,541
2021-07-03,Santa Barbara,083,443738,34716,34526,1128,35654,456
2021-07-03,Santa Clara,085,1922200,119893,118966,771,119737,2090
2021-07-03,Santa Cruz,087,273765,16381,16254,801,17055,208
2021-07-03,Shasta,089,179085,12652,12582,1643,14225,204
2021-07-03,Sierra,091,2930,64,60,12,72,0
2021-07-03,Siskiyou,093,43540,1980,1899,372,2271,29
2021-07-03,Solano,095,438530,33714,33486,577,34063,268
2021-07-03,Sonoma,097,501317,31252,31000,363,31363,316
2021-07-03,Stanislaus,099,539301,57295,57018,5985,63003,1018
2021-07-03,Sutter,101,95872,9672,9644,87,9731,114
2021-07-03,Tehama,103,63373,5165,5124,585,5709,63
2021-07-03,Trinity,105,12862,494,341,96,437,3
2021-07-03,Tulare,107,460477,50530,49789,9043,58832,853
2021-07-03,Tuolumne,109,53932,4110,4113,43,4156,64
2021-07-03,Ventura,111,848112,82104,81425,3047,84472,1033
2021-07-03,Yolo,113,214977,14291,14188,276,14464,213
2021-07-03,Yuba,115,75493,6262,6197,129,6326,51
2021-07-02,Alameda,001,1643700,90026,89683,1963,91646,1253
2021-07-02,Alpine,003,1148,88,89,0,89,0
2021-07-02,Amador,005,37829,3767,3758,32,3790,46
2021-07-02,Butte,007,227075,12847,12684,1876,14560,201
2021-07-02,Calaveras,009,45235,2221,2200,13,2213,55
2021-07-02,Colusa,011,21464,1973,1969,324,2293,15
2021-07-02,Contra Costa,013,1133247,71516,70941,1315,72256,818
2021-07-02,Del Norte,015,27424,1475,1439,13,1452,8
2021-07-02,El Dorado,017,186661,10568,10433,788,11221,113
2021-07-02,Fresno,019,978130,103661,102512,8698,111210,1727
2021-07-02,Glenn,021,27897,2456,2442,566,3008,20
2021-07-02,Humboldt,023,135768,4566,4530,52,4582,49
2021-07-02,Imperial,025,180216,28835,28661,2695,31356,739
2021-07-02,Inyo,027,18085,1416,1412,12,1424,35
2021-07-02,Kern,029,883053,98108,97421,11092,108513,1347
2021-07-02,Kings,031,150075,23319,23051,1090,24141,245
2021-07-02,Lake,033,64148,3660,3623,13,3636,62
2021-07-02,Lassen,035,31185,5302,5277,115,5392,20
2021-07-02,Los Angeles,037,10098052,1216931,1208705,41349,1250054,24506
2021-07-02,Madera,039,155013,16850,16696,942,17638,240
2021-07-02,Marin,041,260295,14275,14143,260,14403,233
2021-07-02,Mariposa,043,17540,442,441,11,452,5
2021-07-02,Mendocino,045,87422,4222,4122,86,4208,49
2021-07-02,Merced,047,269075,31304,31297,1042,32339,469
2021-07-02,Modoc,049,8938,417,410,147,557,4
2021-07-02,Mono,051,14174,1268,1275,17,1292,3
2021-07-02,Monterey,053,433212,43370,43212,1850,45062,492
2021-07-02,Napa,055,140530,10071,10045,37,10082,81
2021-07-02,Nevada,057,99092,5012,4966,193,5159,72
2021-07-02,Orange,059,3164182,257367,255823,11503,267326,5126
2021-07-02,Placer,061,380077,24018,23764,1558,25322,299
2021-07-02,Plumas,063,18699,727,707,14,721,4
2021-07-02,Riverside,065,2383286,296371,293260,14040,307300,4536
2021-07-02,Sacramento,067,1510023,109197,108257,1844,110101,1676
2021-07-02,San Benito,069,59416,6127,6108,113,6221,63
2021-07-02,San Bernardino,071,2135413,295518,294294,9029,303323,5003
2021-07-02,San Diego,073,3302833,284089,282692,15549,298241,3780
2021-07-02,San Francisco,075,870044,37384,37107,1302,38409,558
2021-07-02,San Joaquin,077,732212,74422,73841,3595,77436,1409
2021-07-02,San Luis Obispo,079,281455,21584,21330,755,22085,256
2021-07-02,San Mateo,081,765935,42927,42691,488,43179,541
2021-07-02,Santa Barbara,083,443738,34706,34526,1128,35654,456
2021-07-02,Santa Clara,085,1922200,119815,118966,771,119737,2090
2021-07-02,Santa Cruz,087,273765,16377,16254,801,17055,208
2021-07-02,Shasta,089,179085,12648,12582,1643,14225,204
2021-07-02,Sierra,091,2930,63,60,12,72,0
2021-07-02,Siskiyou,093,43540,1977,1899,371,2270,29
2021-07-02,Solano,095,438530,33689,33486,577,34063,268
2021-07-02,Sonoma,097,501317,31229,31000,363,31363,316
2021-07-02,Stanislaus,099,539301,57278,57018,5984,63002,1018
2021-07-02,Sutter,101,95872,9668,9644,87,9731,114
2021-07-02,Tehama,103,63373,5163,5124,583,5707,63
2021-07-02,Trinity,105,12862,494,341,96,437,3
2021-07-02,Tulare,107,460477,50520,49789,9035,58824,853
2021-07-02,Tuolumne,109,53932,4107,4113,43,4156,64
2021-07-02,Ventura,111,848112,82061,81425,3039,84464,1033
2021-07-02,Yolo,113,214977,14275,14188,274,14462,213
2021-07-02,Yuba,115,75493,6254,6197,129,6326,51
2021-07-01,Alameda,001,1643700,89926,89683,1961,91644,1253
2021-07-01,Alpine,003,1148,88,89,0,89,0
2021-07-01,Amador,005,37829,3766,3758,32,3790,46
2021-07-01,Butte,007,227075,12835,12684,1874,14558,201
2021-07-01,Calaveras,009,45235,2219,2200,13,2213,55
2021-07-01,Colusa,011,21464,1973,1969,322,2291,15
2021-07-01,Contra Costa,013,1133247,71444,70941,1315,72256,818
2021-07-01,Del Norte,015,27424,1474,1439,13,1452,8
2021-07-01,El Dorado,017,186661,10556,10433,788,11221,113
2021-07-01,Fresno,019,978130,103622,102512,8693,111205,1727
2021-07-01,Glenn,021,27897,2456,2442,566,3008,20
2021-07-01,Humboldt,023,135768,4564,4530,52,4582,49
2021-07-01,Imperial,025,180216,28818,28661,2695,31356,739
2021-07-01,Inyo,027,18085,1416,1412,12,1424,35
2021-07-01,Kern,029,883053,98082,97421,11082,108503,1347
2021-07-01,Kings,031,150075,23305,23051,1090,24141,245
2021-07-01,Lake,033,64148,3657,3623,13,3636,62
2021-07-01,Lassen,035,31185,5300,5277,115,5392,20
2021-07-01,Los Angeles,037,10098052,1216327,1208705,41294,1249999,24506
2021-07-01,Madera,039,155013,16841,16696,941,17637,240
2021-07-01,Marin,041,260295,14271,14143,260,14403,233
2021-07-01,Mariposa,043,17540,442,441,11,452,5
2021-07-01,Mendocino,045,87422,4218,4122,85,4207,49
2021-07-01,Merced,047,269075,31298,31297,1042,32339,469
2021-07-01,Modoc,049,8938,417,410,147,557,4
2021-07-01,Mono,051,14174,1267,1275,17,1292,3
2021-07-01,Monterey,053,433212,43362,43212,1847,45059,492
2021-07-01,Napa,055,140530,10064,10045,37,10082,81
2021-07-01,Nevada,057,99092,5007,4966,193,5159,72
2021-07-01,Orange,059,3164182,257246,255823,11484,267307,5126
2021-07-01,Placer,061,380077,23999,23764,1555,25319,299
2021-07-01,Plumas,063,18699,724,707,12,719,4
2021-07-01,Riverside,065,2383286,296262,293260,14032,307292,4536
2021-07-01,Sacramento,067,1510023,109071,108257,1837,110094,1676
2021-07-01,San Benito,069,59416,6123,6108,113,6221,63
2021-07-01,San Bernardino,071,2135413,295397,294294,9024,303318,5003
2021-07-01,San Diego,073,3302833,283911,282692,15512,298204,3780
2021-07-01,San Francisco,075,870044,37348,37107,1300,38407,558
2021-07-01,San Joaquin,077,732212,74371,73841,3591,77432,1409
2021-07-01,San Luis Obispo,079,281455,21569,21330,754,22084,256
2021-07-01,San Mateo,081,765935,42899,42691,487,43178,541
2021-07-01,Santa Barbara,083,443738,34693,34526,1128,35654,456
2021-07-01,Santa Clara,085,1922200,119766,118966,771,119737,2090
2021-07-01,Santa Cruz,087,273765,16372,16254,801,17055,208
2021-07-01,Shasta,089,179085,12640,12582,1642,14224,204
2021-07-01,Sierra,091,2930,63,60,12,72,0
2021-07-01,Siskiyou,093,43540,1977,1899,371,2270,29
2021-07-01,Solano,095,438530,33648,33486,576,34062,268
2021-07-01,Sonoma,097,501317,31185,31000,363,31363,316
2021-07-01,Stanislaus,099,539301,57261,57018,5980,62998,1018
2021-07-01,Sutter,101,95872,9659,9644,87,9731,114
2021-07-01,Tehama,103,63373,5163,5124,582,5706,63
2021-07-01,Trinity,105,12862,494,341,96,437,3
2021-07-01,Tulare,107,460477,50511,49789,9028,58817,853
2021-07-01,Tuolumne,109,53932,4100,4113,43,4156,64
2021-07-01,Ventura,111,848112,82030,81425,3029,84454,1033
2021-07-01,Yolo,113,214977,14259,14188,272,14460,213
2021-07-01,Yuba,115,75493,6247,6197,129,6326,51
2021-06-30,Alameda,001,1643700,89847,89597,1957,91554,1256
2021-06-30,Alpine,003,1148,88,89,0,89,0
2021-06-30,Amador,005,37829,3764,3756,32,3788,46
2021-06-30,Butte,007,227075,12828,12676,1865,14541,201
2021-06-30,Calaveras,009,45235,2213,2198,13,2211,55
2021-06-30,Colusa,011,21464,1971,1967,319,2286,15
2021-06-30,Contra Costa,013,1133247,71379,70869,1312,72181,818
2021-06-30,Del Norte,015,27424,1469,1435,13,1448,8
2021-06-30,El Dorado,017,186661,10536,10420,788,11208,113
2021-06-30,Fresno,019,978130,103585,102490,8690,111180,1727
2021-06-30,Glenn,021,27897,2454,2440,566,3006,20
2021-06-30,Humboldt,023,135768,4548,4522,50,4572,49
2021-06-30,Imperial,025,180216,28810,28651,2695,31346,739
2021-06-30,Inyo,027,18085,1416,1409,12,1421,35
2021-06-30,Kern,029,883053,98041,97267,11070,108337,1348
2021-06-30,Kings,031,150075,23300,23038,1089,24127,245
2021-06-30,Lake,033,64148,3644,3601,13,3614,56
2021-06-30,Lassen,035,31185,5295,5269,115,5384,20
2021-06-30,Los Angeles,037,10098052,1215653,1208246,41249,1249495,24499
2021-06-30,Madera,039,155013,16833,16688,939,17627,240
2021-06-30,Marin,041,260295,14262,14133,259,14392,232
2021-06-30,Mariposa,043,17540,441,441,11,452,5
2021-06-30,Mendocino,045,87422,4208,4115,85,4200,49
2021-06-30,Merced,047,269075,31288,31286,1042,32328,469
2021-06-30,Modoc,049,8938,417,410,147,557,4
2021-06-30,Mono,051,14174,1267,1275,17,1292,3
2021-06-30,Monterey,053,433212,43357,43209,1845,45054,492
2021-06-30,Napa,055,140530,10056,10039,37,10076,81
2021-06-30,Nevada,057,99092,4996,4958,193,5151,72
2021-06-30,Orange,059,3164182,257120,255764,11474,267238,5125
2021-06-30,Placer,061,380077,23975,23721,1552,25273,299
2021-06-30,Plumas,063,18699,724,705,12,717,4
2021-06-30,Riverside,065,2383286,296148,293280,14024,307304,4535
2021-06-30,Sacramento,067,1510023,108932,108137,1833,109970,1676
2021-06-30,San Benito,069,59416,6119,6105,113,6218,63
2021-06-30,San Bernardino,071,2135413,295237,294211,9019,303230,4975
2021-06-30,San Diego,073,3302833,283775,282583,15484,298067,3780
2021-06-30,San Francisco,075,870044,37299,37065,1295,38360,558
2021-06-30,San Joaquin,077,732212,74309,73777,3590,77367,1409
2021-06-30,San Luis Obispo,079,281455,21556,21326,753,22079,256
2021-06-30,San Mateo,081,765935,42862,42599,486,43085,537
2021-06-30,Santa Barbara,083,443738,34677,34521,1128,35649,456
2021-06-30,Santa Clara,085,1922200,119719,118930,768,119698,2090
2021-06-30,Santa Cruz,087,273765,16366,16250,801,17051,208
2021-06-30,Shasta,089,179085,12634,12564,1642,14206,204
2021-06-30,Sierra,091,2930,63,60,12,72,0
2021-06-30,Siskiyou,093,43540,1975,1900,368,2268,29
2021-06-30,Solano,095,438530,33609,33453,574,34027,268
2021-06-30,Sonoma,097,501317,31155,30947,363,31310,316
2021-06-30,Stanislaus,099,539301,57244,56997,5979,62976,1018
2021-06-30,Sutter,101,95872,9649,9638,87,9725,114
2021-06-30,Tehama,103,63373,5161,5124,582,5706,63
2021-06-30,Trinity,105,12862,494,341,96,437,3
2021-06-30,Tulare,107,460477,50500,49764,9017,58781,853
2021-06-30,Tuolumne,109,53932,4097,4112,43,4155,64
2021-06-30,Ventura,111,848112,81987,81392,3024,84416,1032
2021-06-30,Yolo,113,214977,14253,14178,269,14447,213
2021-06-30,Yuba,115,75493,6240,6191,129,6320,51
2021-06-29,Alameda,001,1643700,89741,89519,1955,91474,1257
2021-06-29,Alpine,003,1148,88,89,0,89,0
2021-06-29,Amador,005,37829,3760,3754,32,3786,46
2021-06-29,Butte,007,227075,12820,12669,1865,14534,201
2021-06-29,Calaveras,009,45235,2207,2198,13,2211,55
2021-06-29,Colusa,011,21464,1969,1967,319,2286,15
2021-06-29,Contra Costa,013,1133247,71305,70775,1311,72086,817
2021-06-29,Del Norte,015,27424,1468,1435,13,1448,8
2021-06-29,El Dorado,017,186661,10523,10403,784,11187,113
2021-06-29,Fresno,019,978130,103552,102464,8687,111151,1725
2021-06-29,Glenn,021,27897,2453,2439,566,3005,20
2021-06-29,Humboldt,023,135768,4544,4514,49,4563,49
2021-06-29,Imperial,025,180216,28801,28645,2694,31339,737
2021-06-29,Inyo,027,18085,1416,1408,12,1420,35
2021-06-29,Kern,029,883053,98020,97173,11064,108237,1347
2021-06-29,Kings,031,150075,23291,23035,1088,24123,245
2021-06-29,Lake,033,64148,3638,3594,13,3607,56
2021-06-29,Lassen,035,31185,5288,5268,115,5383,20
2021-06-29,Los Angeles,037,10098052,1215038,1207895,41221,1249116,24498
2021-06-29,Madera,039,155013,16829,16680,938,17618,240
2021-06-29,Marin,041,260295,14250,14127,259,14386,232
2021-06-29,Mariposa,043,17540,441,441,11,452,5
2021-06-29,Mendocino,045,87422,4204,4107,84,4191,49
2021-06-29,Merced,047,269075,31276,31277,1042,32319,469
2021-06-29,Modoc,049,8938,416,408,147,555,3
2021-06-29,Mono,051,14174,1267,1275,17,1292,3
2021-06-29,Monterey,053,433212,43347,43196,1843,45039,471
2021-06-29,Napa,055,140530,10050,10033,37,10070,81
2021-06-29,Nevada,057,99092,4989,4952,193,5145,72
2021-06-29,Orange,059,3164182,257020,255686,11459,267145,5124
2021-06-29,Placer,061,380077,23951,23693,1550,25243,299
2021-06-29,Plumas,063,18699,724,704,12,716,4
2021-06-29,Riverside,065,2383286,296049,292962,14017,306979,4524
2021-06-29,Sacramento,067,1510023,108779,108067,1830,109897,1677
2021-06-29,San Benito,069,59416,6108,6099,113,6212,63
2021-06-29,San Bernardino,071,2135413,295125,294118,9018,303136,4940
2021-06-29,San Diego,073,3302833,283619,282499,15457,297956,3780
2021-06-29,San Francisco,075,870044,37261,37041,1292,38333,558
2021-06-29,San Joaquin,077,732212,74261,73724,3587,77311,1409
2021-06-29,San Luis Obispo,079,281455,21546,21324,752,22076,256
2021-06-29,San Mateo,081,765935,42828,42540,486,43026,540
2021-06-29,Santa Barbara,083,443738,34667,34507,1127,35634,455
2021-06-29,Santa Clara,085,1922200,119665,118893,767,119660,2090
2021-06-29,Santa Cruz,087,273765,16360,16249,801,17050,208
2021-06-29,Shasta,089,179085,12622,12564,1641,14205,204
2021-06-29,Sierra,091,2930,63,59,12,71,0
2021-06-29,Siskiyou,093,43540,1972,1897,364,2261,29
2021-06-29,Solano,095,438530,33576,33440,572,34012,268
2021-06-29,Sonoma,097,501317,31113,30950,361,31311,316
2021-06-29,Stanislaus,099,539301,57223,56980,5972,62952,1018
2021-06-29,Sutter,101,95872,9638,9634,87,9721,114
2021-06-29,Tehama,103,63373,5161,5124,582,5706,63
2021-06-29,Trinity,105,12862,494,341,96,437,3
2021-06-29,Tulare,107,460477,50487,49751,9012,58763,852
2021-06-29,Tuolumne,109,53932,4095,4111,43,4154,64
2021-06-29,Ventura,111,848112,81949,81363,3018,84381,1032
2021-06-29,Yolo,113,214977,14241,14171,268,14439,213
2021-06-29,Yuba,115,75493,6230,6188,129,6317,51
2021-06-28,Alameda,001,1643700,89646,89638,1952,91590,1259
2021-06-28,Alpine,003,1148,88,89,0,89,0
2021-06-28,Amador,005,37829,3759,3753,32,3785,46
2021-06-28,Butte,007,227075,12811,12697,1863,14560,198
2021-06-28,Calaveras,009,45235,2204,2203,13,2216,55
2021-06-28,Colusa,011,21464,1967,1974,319,2293,15
2021-06-28,Contra Costa,013,1133247,71230,70807,1309,72116,816
2021-06-28,Del Norte,015,27424,1468,1436,13,1449,8
2021-06-28,El Dorado,017,186661,10513,10422,780,11202,115
2021-06-28,Fresno,019,978130,103521,103121,8685,111806,1727
2021-06-28,Glenn,021,27897,2453,2439,566,3005,20
2021-06-28,Humboldt,023,135768,4537,4520,48,4568,49
2021-06-28,Imperial,025,180216,28793,28981,2693,31674,741
2021-06-28,Inyo,027,18085,1413,1407,12,1419,35
2021-06-28,Kern,029,883053,98001,97252,11059,108311,1348
2021-06-28,Kings,031,150075,23285,23134,1088,24222,246
2021-06-28,Lake,033,64148,3630,3591,13,3604,56
2021-06-28,Lassen,035,31185,5286,5268,115,5383,20
2021-06-28,Los Angeles,037,10098052,1214519,1207714,41186,1248900,24496
2021-06-28,Madera,039,155013,16818,16683,937,17620,240
2021-06-28,Marin,041,260295,14235,14186,259,14445,232
2021-06-28,Mariposa,043,17540,441,440,11,451,5
2021-06-28,Mendocino,045,87422,4195,4102,83,4185,49
2021-06-28,Merced,047,269075,31264,31277,1042,32319,469
2021-06-28,Modoc,049,8938,416,411,146,557,3
2021-06-28,Mono,051,14174,1267,1276,17,1293,3
2021-06-28,Monterey,053,433212,43343,43202,1842,45044,462
2021-06-28,Napa,055,140530,10041,10050,36,10086,81
2021-06-28,Nevada,057,99092,4985,4951,193,5144,72
2021-06-28,Orange,059,3164182,256930,255755,11445,267200,5123
2021-06-28,Placer,061,380077,23935,23756,1546,25302,299
2021-06-28,Plumas,063,18699,722,704,12,716,4
2021-06-28,Riverside,065,2383286,295923,292647,14005,306652,4507
2021-06-28,Sacramento,067,1510023,108647,108342,1825,110167,1675
2021-06-28,San Benito,069,59416,6106,6101,113,6214,63
2021-06-28,San Bernardino,071,2135413,295024,294151,9013,303164,4928
2021-06-28,San Diego,073,3302833,283455,282417,15428,297845,3780
2021-06-28,San Francisco,075,870044,37226,37372,1290,38662,559
2021-06-28,San Joaquin,077,732212,74214,73973,3584,77557,1411
2021-06-28,San Luis Obispo,079,281455,21542,21340,751,22091,256
2021-06-28,San Mateo,081,765935,42794,42927,485,43412,540
2021-06-28,Santa Barbara,083,443738,34660,34534,1125,35659,455
2021-06-28,Santa Clara,085,1922200,119601,120377,766,121143,2103
2021-06-28,Santa Cruz,087,273765,16355,16245,801,17046,208
2021-06-28,Shasta,089,179085,12618,12642,1639,14281,203
2021-06-28,Sierra,091,2930,63,58,12,70,0
2021-06-28,Siskiyou,093,43540,1971,1896,364,2260,29
2021-06-28,Solano,095,438530,33540,33524,570,34094,267
2021-06-28,Sonoma,097,501317,31076,31137,360,31497,315
2021-06-28,Stanislaus,099,539301,57205,57047,5968,63015,1018
2021-06-28,Sutter,101,95872,9634,9682,87,9769,114
2021-06-28,Tehama,103,63373,5159,5122,582,5704,63
2021-06-28,Trinity,105,12862,494,341,96,437,3
2021-06-28,Tulare,107,460477,50477,49751,9008,58759,850
2021-06-28,Tuolumne,109,53932,4087,4121,43,4164,64
2021-06-28,Ventura,111,848112,81892,81393,3013,84406,1032
2021-06-28,Yolo,113,214977,14232,14199,265,14464,213
2021-06-28,Yuba,115,75493,6225,6207,129,6336,51
2021-06-27,Alameda,001,1643700,89559,89611,1948,91559,1259
2021-06-27,Alpine,003,1148,88,89,0,89,0
2021-06-27,Amador,005,37829,3758,3752,32,3784,46
2021-06-27,Butte,007,227075,12802,12696,1862,14558,198
2021-06-27,Calaveras,009,45235,2203,2203,13,2216,55
2021-06-27,Colusa,011,21464,1967,1974,319,2293,15
2021-06-27,Contra Costa,013,1133247,71144,70762,1305,72067,816
2021-06-27,Del Norte,015,27424,1465,1436,13,1449,8
2021-06-27,El Dorado,017,186661,10501,10418,777,11195,115
2021-06-27,Fresno,019,978130,103492,103110,8682,111792,1727
2021-06-27,Glenn,021,27897,2452,2439,565,3004,20
2021-06-27,Humboldt,023,135768,4525,4513,45,4558,49
2021-06-27,Imperial,025,180216,28779,28987,2693,31680,741
2021-06-27,Inyo,027,18085,1413,1407,12,1419,35
2021-06-27,Kern,029,883053,97975,97249,11052,108301,1348
2021-06-27,Kings,031,150075,23275,23132,1088,24220,246
2021-06-27,Lake,033,64148,3623,3581,13,3594,56
2021-06-27,Lassen,035,31185,5285,5265,115,5380,20
2021-06-27,Los Angeles,037,10098052,1213967,1207461,41146,1248607,24493
2021-06-27,Madera,039,155013,16810,16680,937,17617,240
2021-06-27,Marin,041,260295,14226,14182,259,14441,232
2021-06-27,Mariposa,043,17540,441,440,11,451,5
2021-06-27,Mendocino,045,87422,4188,4100,83,4183,49
2021-06-27,Merced,047,269075,31252,31266,1042,32308,469
2021-06-27,Modoc,049,8938,416,411,146,557,3
2021-06-27,Mono,051,14174,1267,1279,17,1296,3
2021-06-27,Monterey,053,433212,43330,43199,1842,45041,462
2021-06-27,Napa,055,140530,10035,10046,36,10082,81
2021-06-27,Nevada,057,99092,4979,4946,193,5139,72
2021-06-27,Orange,059,3164182,256816,255710,11434,267144,5123
2021-06-27,Placer,061,380077,23902,23731,1543,25274,299
2021-06-27,Plumas,063,18699,722,704,12,716,4
2021-06-27,Riverside,065,2383286,295821,292641,13999,306640,4507
2021-06-27,Sacramento,067,1510023,108512,108279,1821,110100,1675
2021-06-27,San Benito,069,59416,6100,6101,113,6214,63
2021-06-27,San Bernardino,071,2135413,294911,294115,9011,303126,4927
2021-06-27,San Diego,073,3302833,283315,282359,15402,297761,3780
2021-06-27,San Francisco,075,870044,37189,37360,1289,38649,559
2021-06-27,San Joaquin,077,732212,74178,73960,3582,77542,1411
2021-06-27,San Luis Obispo,079,281455,21535,21340,750,22090,256
2021-06-27,San Mateo,081,765935,42765,42925,482,43407,539
2021-06-27,Santa Barbara,083,443738,34646,34533,1123,35656,455
2021-06-27,Santa Clara,085,1922200,119550,120352,765,121117,2103
2021-06-27,Santa Cruz,087,273765,16346,16241,801,17042,208
2021-06-27,Shasta,089,179085,12612,12640,1638,14278,203
2021-06-27,Sierra,091,2930,63,58,12,70,0
2021-06-27,Siskiyou,093,43540,1969,1896,363,2259,29
2021-06-27,Solano,095,438530,33512,33516,570,34086,267
2021-06-27,Sonoma,097,501317,31038,31129,360,31489,315
2021-06-27,Stanislaus,099,539301,57165,57021,5965,62986,1018
2021-06-27,Sutter,101,95872,9628,9678,87,9765,114
2021-06-27,Tehama,103,63373,5155,5122,582,5704,63
2021-06-27,Trinity,105,12862,494,341,95,436,3
2021-06-27,Tulare,107,460477,50464,49749,9001,58750,850
2021-06-27,Tuolumne,109,53932,4085,4121,43,4164,64
2021-06-27,Ventura,111,848112,81858,81361,3004,84365,1032
2021-06-27,Yolo,113,214977,14217,14194,261,14455,213
2021-06-27,Yuba,115,75493,6219,6205,129,6334,51
2021-06-26,Alameda,001,1643700,89502,89560,1946,91506,1259
2021-06-26,Alpine,003,1148,88,89,0,89,0
2021-06-26,Amador,005,37829,3758,3748,32,3780,46
2021-06-26,Butte,007,227075,12798,12693,1859,14552,198
2021-06-26,Calaveras,009,45235,2201,2202,13,2215,55
2021-06-26,Colusa,011,21464,1967,1973,319,2292,15
2021-06-26,Contra Costa,013,1133247,71101,70712,1304,72016,816
2021-06-26,Del Norte,015,27424,1464,1432,13,1445,8
2021-06-26,El Dorado,017,186661,10493,10414,775,11189,115
2021-06-26,Fresno,019,978130,103472,103091,8680,111771,1727
2021-06-26,Glenn,021,27897,2450,2441,565,3006,20
2021-06-26,Humboldt,023,135768,4522,4509,45,4554,49
2021-06-26,Imperial,025,180216,28775,28970,2693,31663,741
2021-06-26,Inyo,027,18085,1413,1407,12,1419,35
2021-06-26,Kern,029,883053,97949,97239,11043,108282,1348
2021-06-26,Kings,031,150075,23271,23128,1087,24215,246
2021-06-26,Lake,033,64148,3612,3576,13,3589,56
2021-06-26,Lassen,035,31185,5282,5263,115,5378,20
2021-06-26,Los Angeles,037,10098052,1213662,1207198,41114,1248312,24490
2021-06-26,Madera,039,155013,16803,16679,936,17615,240
2021-06-26,Marin,041,260295,14217,14180,259,14439,232
2021-06-26,Mariposa,043,17540,441,440,11,451,5
2021-06-26,Mendocino,045,87422,4186,4096,83,4179,49
2021-06-26,Merced,047,269075,31246,31259,1041,32300,469
2021-06-26,Modoc,049,8938,416,411,146,557,3
2021-06-26,Mono,051,14174,1267,1279,17,1296,3
2021-06-26,Monterey,053,433212,43327,43192,1842,45034,462
2021-06-26,Napa,055,140530,10028,10043,36,10079,81
2021-06-26,Nevada,057,99092,4974,4939,193,5132,72
2021-06-26,Orange,059,3164182,256736,255640,11427,267067,5123
2021-06-26,Placer,061,380077,23888,23702,1541,25243,299
2021-06-26,Plumas,063,18699,722,704,12,716,4
2021-06-26,Riverside,065,2383286,295763,292480,13993,306473,4505
2021-06-26,Sacramento,067,1510023,108441,108179,1818,109997,1675
2021-06-26,San Benito,069,59416,6096,6100,113,6213,63
2021-06-26,San Bernardino,071,2135413,294817,294034,9007,303041,4928
2021-06-26,San Diego,073,3302833,283230,282263,15384,297647,3780
2021-06-26,San Francisco,075,870044,37157,37348,1288,38636,559
2021-06-26,San Joaquin,077,732212,74149,73928,3581,77509,1411
2021-06-26,San Luis Obispo,079,281455,21534,21330,749,22079,256
2021-06-26,San Mateo,081,765935,42745,42898,482,43380,539
2021-06-26,Santa Barbara,083,443738,34637,34525,1123,35648,455
2021-06-26,Santa Clara,085,1922200,119517,120321,765,121086,2103
2021-06-26,Santa Cruz,087,273765,16343,16239,801,17040,208
2021-06-26,Shasta,089,179085,12608,12635,1634,14269,203
2021-06-26,Sierra,091,2930,63,58,12,70,0
2021-06-26,Siskiyou,093,43540,1968,1896,362,2258,29
2021-06-26,Solano,095,438530,33494,33489,568,34057,267
2021-06-26,Sonoma,097,501317,31012,31088,360,31448,315
2021-06-26,Stanislaus,099,539301,57149,57006,5962,62968,1018
2021-06-26,Sutter,101,95872,9627,9669,87,9756,114
2021-06-26,Tehama,103,63373,5155,5119,582,5701,63
2021-06-26,Trinity,105,12862,494,341,95,436,3
2021-06-26,Tulare,107,460477,50458,49745,9001,58746,850
2021-06-26,Tuolumne,109,53932,4085,4121,43,4164,64
2021-06-26,Ventura,111,848112,81834,81352,3003,84355,1032
2021-06-26,Yolo,113,214977,14209,14184,261,14445,213
2021-06-26,Yuba,115,75493,6216,6200,129,6329,51
2021-06-25,Alameda,001,1643700,89434,89453,1944,91397,1271
2021-06-25,Alpine,003,1148,88,89,0,89,0
2021-06-25,Amador,005,37829,3757,3746,32,3778,46
2021-06-25,Butte,007,227075,12793,12682,1856,14538,198
2021-06-25,Calaveras,009,45235,2200,2201,13,2214,55
2021-06-25,Colusa,011,21464,1967,1972,319,2291,15
2021-06-25,Contra Costa,013,1133247,71065,70659,1304,71963,815
2021-06-25,Del Norte,015,27424,1464,1426,13,1439,8
2021-06-25,El Dorado,017,186661,10485,10406,772,11178,115
2021-06-25,Fresno,019,978130,103454,103073,8676,111749,1727
2021-06-25,Glenn,021,27897,2450,2441,565,3006,20
2021-06-25,Humboldt,023,135768,4516,4503,43,4546,49
2021-06-25,Imperial,025,180216,28772,28968,2693,31661,740
2021-06-25,Inyo,027,18085,1412,1406,12,1418,35
2021-06-25,Kern,029,883053,97930,97182,11039,108221,1347
2021-06-25,Kings,031,150075,23265,23118,1087,24205,246
2021-06-25,Lake,033,64148,3606,3571,13,3584,56
2021-06-25,Lassen,035,31185,5281,5259,115,5374,20
2021-06-25,Los Angeles,037,10098052,1213379,1206909,41097,1248006,24483
2021-06-25,Madera,039,155013,16800,16670,936,17606,240
2021-06-25,Marin,041,260295,14214,14179,259,14438,232
2021-06-25,Mariposa,043,17540,441,440,11,451,5
2021-06-25,Mendocino,045,87422,4183,4089,83,4172,49
2021-06-25,Merced,047,269075,31238,31256,1041,32297,467
2021-06-25,Modoc,049,8938,416,411,146,557,3
2021-06-25,Mono,051,14174,1267,1279,17,1296,3
2021-06-25,Monterey,053,433212,43322,43184,1841,45025,462
2021-06-25,Napa,055,140530,10023,10037,36,10073,81
2021-06-25,Nevada,057,99092,4971,4932,193,5125,72
2021-06-25,Orange,059,3164182,256665,255574,11425,266999,5119
2021-06-25,Placer,061,380077,23869,23672,1540,25212,299
2021-06-25,Plumas,063,18699,722,702,11,713,4
2021-06-25,Riverside,065,2383286,295695,291663,13986,305649,4490
2021-06-25,Sacramento,067,1510023,108369,108034,1815,109849,1673
2021-06-25,San Benito,069,59416,6092,6098,113,6211,63
2021-06-25,San Bernardino,071,2135413,294762,293941,9005,302946,4911
2021-06-25,San Diego,073,3302833,283170,282157,15371,297528,3779
2021-06-25,San Francisco,075,870044,37134,37338,1287,38625,559
2021-06-25,San Joaquin,077,732212,74116,73860,3579,77439,1410
2021-06-25,San Luis Obispo,079,281455,21531,21325,748,22073,256
2021-06-25,San Mateo,081,765935,42727,42849,482,43331,537
2021-06-25,Santa Barbara,083,443738,34628,34518,1122,35640,454
2021-06-25,Santa Clara,085,1922200,119497,120272,765,121037,2103
2021-06-25,Santa Cruz,087,273765,16340,16230,799,17029,208
2021-06-25,Shasta,089,179085,12598,12633,1633,14266,202
2021-06-25,Sierra,091,2930,63,58,12,70,0
2021-06-25,Siskiyou,093,43540,1967,1894,362,2256,29
2021-06-25,Solano,095,438530,33474,33449,568,34017,267
2021-06-25,Sonoma,097,501317,30989,31043,360,31403,314
2021-06-25,Stanislaus,099,539301,57133,56973,5955,62928,1018
2021-06-25,Sutter,101,95872,9620,9664,87,9751,114
2021-06-25,Tehama,103,63373,5154,5119,582,5701,63
2021-06-25,Trinity,105,12862,494,338,95,433,3
2021-06-25,Tulare,107,460477,50451,49731,8998,58729,850
2021-06-25,Tuolumne,109,53932,4084,4121,43,4164,64
2021-06-25,Ventura,111,848112,81805,81342,2997,84339,1032
2021-06-25,Yolo,113,214977,14203,14172,261,14433,213
2021-06-25,Yuba,115,75493,6212,6195,129,6324,51
2021-06-24,Alameda,001,1643700,89362,89358,1941,91299,1268
2021-06-24,Alpine,003,1148,88,89,0,89,0
2021-06-24,Amador,005,37829,3753,3745,32,3777,46
2021-06-24,Butte,007,227075,12787,12673,1854,14527,198
2021-06-24,Calaveras,009,45235,2197,2202,13,2215,55
2021-06-24,Colusa,011,21464,1966,1972,319,2291,15
2021-06-24,Contra Costa,013,1133247,71006,70590,1304,71894,813
2021-06-24,Del Norte,015,27424,1463,1421,13,1434,8
2021-06-24,El Dorado,017,186661,10478,10402,772,11174,115
2021-06-24,Fresno,019,978130,103434,103061,8674,111735,1727
2021-06-24,Glenn,021,27897,2449,2439,565,3004,20
2021-06-24,Humboldt,023,135768,4511,4493,43,4536,49
2021-06-24,Imperial,025,180216,28769,28981,2693,31674,740
2021-06-24,Inyo,027,18085,1411,1406,12,1418,35
2021-06-24,Kern,029,883053,97911,97129,11026,108155,1346
2021-06-24,Kings,031,150075,23261,23114,1086,24200,246
2021-06-24,Lake,033,64148,3600,3571,13,3584,56
2021-06-24,Lassen,035,31185,5280,5258,115,5373,20
2021-06-24,Los Angeles,037,10098052,1213054,1206590,41073,1247663,24480
2021-06-24,Madera,039,155013,16789,16662,935,17597,240
2021-06-24,Marin,041,260295,14210,14180,259,14439,232
2021-06-24,Mariposa,043,17540,441,440,11,451,5
2021-06-24,Mendocino,045,87422,4175,4085,83,4168,49
2021-06-24,Merced,047,269075,31228,31248,1040,32288,466
2021-06-24,Modoc,049,8938,416,411,146,557,3
2021-06-24,Mono,051,14174,1267,1276,17,1293,3
2021-06-24,Monterey,053,433212,43315,43180,1841,45021,451
2021-06-24,Napa,055,140530,10021,10036,36,10072,80
2021-06-24,Nevada,057,99092,4969,4927,193,5120,72
2021-06-24,Orange,059,3164182,256601,255520,11417,266937,5117
2021-06-24,Placer,061,380077,23844,23659,1538,25197,299
2021-06-24,Plumas,063,18699,721,702,11,713,4
2021-06-24,Riverside,065,2383286,295614,291067,13975,305042,4473
2021-06-24,Sacramento,067,1510023,108281,107965,1813,109778,1672
2021-06-24,San Benito,069,59416,6089,6098,113,6211,63
2021-06-24,San Bernardino,071,2135413,294691,293895,8999,302894,4898
2021-06-24,San Diego,073,3302833,283066,282053,15358,297411,3778
2021-06-24,San Francisco,075,870044,37112,37320,1285,38605,559
2021-06-24,San Joaquin,077,732212,74068,73814,3579,77393,1408
2021-06-24,San Luis Obispo,079,281455,21525,21326,748,22074,256
2021-06-24,San Mateo,081,765935,42701,42814,481,43295,542
2021-06-24,Santa Barbara,083,443738,34622,34512,1121,35633,454
2021-06-24,Santa Clara,085,1922200,119466,120274,764,121038,2103
2021-06-24,Santa Cruz,087,273765,16339,16227,799,17026,208
2021-06-24,Shasta,089,179085,12593,12629,1629,14258,202
2021-06-24,Sierra,091,2930,63,58,12,70,0
2021-06-24,Siskiyou,093,43540,1967,1892,362,2254,28
2021-06-24,Solano,095,438530,33451,33432,566,33998,267
2021-06-24,Sonoma,097,501317,30960,31020,360,31380,314
2021-06-24,Stanislaus,099,539301,57107,56946,5955,62901,1018
2021-06-24,Sutter,101,95872,9613,9660,87,9747,113
2021-06-24,Tehama,103,63373,5151,5115,582,5697,63
2021-06-24,Trinity,105,12862,493,338,95,433,3
2021-06-24,Tulare,107,460477,50440,49730,8996,58726,850
2021-06-24,Tuolumne,109,53932,4082,4120,43,4163,64
2021-06-24,Ventura,111,848112,81777,81332,2996,84328,1032
2021-06-24,Yolo,113,214977,14194,14169,258,14427,213
2021-06-24,Yuba,115,75493,6207,6195,129,6324,51
2021-06-23,Alameda,001,1643700,89290,89338,1940,91278,1266
2021-06-23,Alpine,003,1148,88,88,0,88,0
2021-06-23,Amador,005,37829,3751,3743,32,3775,46
2021-06-23,Butte,007,227075,12780,12666,1854,14520,198
2021-06-23,Calaveras,009,45235,2196,2199,13,2212,55
2021-06-23,Colusa,011,21464,1965,1972,319,2291,15
2021-06-23,Contra Costa,013,1133247,70941,70526,1303,71829,813
2021-06-23,Del Norte,015,27424,1459,1418,13,1431,8
2021-06-23,El Dorado,017,186661,10468,10395,769,11164,115
2021-06-23,Fresno,019,978130,103405,103020,8672,111692,1724
2021-06-23,Glenn,021,27897,2449,2437,564,3001,20
2021-06-23,Humboldt,023,135768,4502,4490,43,4533,48
2021-06-23,Imperial,025,180216,28762,28908,2693,31601,740
2021-06-23,Inyo,027,18085,1411,1406,12,1418,35
2021-06-23,Kern,029,883053,97883,97078,11013,108091,1345
2021-06-23,Kings,031,150075,23254,23105,1084,24189,245
2021-06-23,Lake,033,64148,3591,3566,13,3579,53
2021-06-23,Lassen,035,31185,5277,5257,115,5372,20
2021-06-23,Los Angeles,037,10098052,1212717,1206358,41063,1247421,24472
2021-06-23,Madera,039,155013,16782,16660,935,17595,240
2021-06-23,Marin,041,260295,14204,14177,259,14436,230
2021-06-23,Mariposa,043,17540,441,439,11,450,5
2021-06-23,Mendocino,045,87422,4171,4078,83,4161,49
2021-06-23,Merced,047,269075,31219,31260,1040,32300,465
2021-06-23,Modoc,049,8938,414,407,146,553,3
2021-06-23,Mono,051,14174,1267,1279,17,1296,3
2021-06-23,Monterey,053,433212,43306,43166,1841,45007,439
2021-06-23,Napa,055,140530,10012,10032,36,10068,80
2021-06-23,Nevada,057,99092,4966,4924,193,5117,72
2021-06-23,Orange,059,3164182,256535,255479,11409,266888,5116
2021-06-23,Placer,061,380077,23815,23630,1533,25163,299
2021-06-23,Plumas,063,18699,720,701,11,712,4
2021-06-23,Riverside,065,2383286,295531,290343,13973,304316,4462
2021-06-23,Sacramento,067,1510023,108189,107868,1808,109676,1671
2021-06-23,San Benito,069,59416,6085,6097,113,6210,63
2021-06-23,San Bernardino,071,2135413,294612,293816,8994,302810,4886
2021-06-23,San Diego,073,3302833,282966,281937,15337,297274,3777
2021-06-23,San Francisco,075,870044,37088,37304,1283,38587,559
2021-06-23,San Joaquin,077,732212,74029,73764,3577,77341,1405
2021-06-23,San Luis Obispo,079,281455,21521,21323,747,22070,257
2021-06-23,San Mateo,081,765935,42685,42756,481,43237,542
2021-06-23,Santa Barbara,083,443738,34612,34505,1121,35626,454
2021-06-23,Santa Clara,085,1922200,119437,120233,764,120997,2098
2021-06-23,Santa Cruz,087,273765,16335,16215,799,17014,209
2021-06-23,Shasta,089,179085,12586,12604,1627,14231,202
2021-06-23,Sierra,091,2930,63,57,12,69,0
2021-06-23,Siskiyou,093,43540,1965,1892,362,2254,28
2021-06-23,Solano,095,438530,33407,33408,566,33974,267
2021-06-23,Sonoma,097,501317,30920,30959,358,31317,314
2021-06-23,Stanislaus,099,539301,57077,56926,5954,62880,1017
2021-06-23,Sutter,101,95872,9607,9653,87,9740,113
2021-06-23,Tehama,103,63373,5151,5119,581,5700,63
2021-06-23,Trinity,105,12862,493,338,95,433,3
2021-06-23,Tulare,107,460477,50433,49711,8993,58704,850
2021-06-23,Tuolumne,109,53932,4079,4120,43,4163,64
2021-06-23,Ventura,111,848112,81754,81312,2993,84305,1032
2021-06-23,Yolo,113,214977,14184,14161,258,14419,212
2021-06-23,Yuba,115,75493,6204,6190,129,6319,51
2021-06-22,Alameda,001,1643700,89223,89308,1940,91248,1263
2021-06-22,Alpine,003,1148,88,88,0,88,0
2021-06-22,Amador,005,37829,3748,3743,32,3775,46
2021-06-22,Butte,007,227075,12776,12662,1851,14513,198
2021-06-22,Calaveras,009,45235,2195,2198,13,2211,55
2021-06-22,Colusa,011,21464,1964,1971,319,2290,15
2021-06-22,Contra Costa,013,1133247,70885,70480,1302,71782,813
2021-06-22,Del Norte,015,27424,1456,1417,13,1430,8
2021-06-22,El Dorado,017,186661,10463,10380,768,11148,113
2021-06-22,Fresno,019,978130,103385,102996,8668,111664,1724
2021-06-22,Glenn,021,27897,2448,2435,562,2997,19
2021-06-22,Humboldt,023,135768,4492,4483,43,4526,42
2021-06-22,Imperial,025,180216,28757,28880,2693,31573,740
2021-06-22,Inyo,027,18085,1411,1405,12,1417,35
2021-06-22,Kern,029,883053,97870,97013,11009,108022,1342
2021-06-22,Kings,031,150075,23246,23098,1083,24181,245
2021-06-22,Lake,033,64148,3589,3564,13,3577,45
2021-06-22,Lassen,035,31185,5272,5254,115,5369,20
2021-06-22,Los Angeles,037,10098052,1212401,1206146,41051,1247197,24461
2021-06-22,Madera,039,155013,16777,16652,935,17587,240
2021-06-22,Marin,041,260295,14202,14174,259,14433,230
2021-06-22,Mariposa,043,17540,441,439,11,450,5
2021-06-22,Mendocino,045,87422,4165,4072,83,4155,49
2021-06-22,Merced,047,269075,31208,31267,1040,32307,464
2021-06-22,Modoc,049,8938,412,405,145,550,3
2021-06-22,Mono,051,14174,1267,1277,17,1294,3
2021-06-22,Monterey,053,433212,43303,43162,1840,45002,427
2021-06-22,Napa,055,140530,10008,10029,36,10065,80
2021-06-22,Nevada,057,99092,4960,4923,193,5116,72
2021-06-22,Orange,059,3164182,256466,255452,11398,266850,5114
2021-06-22,Placer,061,380077,23793,23603,1533,25136,299
2021-06-22,Plumas,063,18699,720,697,11,708,4
2021-06-22,Riverside,065,2383286,295470,289839,13969,303808,4456
2021-06-22,Sacramento,067,1510023,108088,107801,1803,109604,1670
2021-06-22,San Benito,069,59416,6084,6098,113,6211,63
2021-06-22,San Bernardino,071,2135413,294537,293770,8988,302758,4873
2021-06-22,San Diego,073,3302833,282862,281867,15314,297181,3771
2021-06-22,San Francisco,075,870044,37074,37287,1283,38570,556
2021-06-22,San Joaquin,077,732212,73999,73723,3575,77298,1405
2021-06-22,San Luis Obispo,079,281455,21518,21321,746,22067,257
2021-06-22,San Mateo,081,765935,42671,42725,476,43201,542
2021-06-22,Santa Barbara,083,443738,34601,34500,1120,35620,454
2021-06-22,Santa Clara,085,1922200,119405,120194,764,120958,2095
2021-06-22,Santa Cruz,087,273765,16330,16218,799,17017,209
2021-06-22,Shasta,089,179085,12575,12616,1624,14240,202
2021-06-22,Sierra,091,2930,62,57,12,69,0
2021-06-22,Siskiyou,093,43540,1965,1892,362,2254,28
2021-06-22,Solano,095,438530,33389,33397,565,33962,267
2021-06-22,Sonoma,097,501317,30880,30933,358,31291,314
2021-06-22,Stanislaus,099,539301,57061,56915,5952,62867,1017
2021-06-22,Sutter,101,95872,9600,9649,87,9736,113
2021-06-22,Tehama,103,63373,5149,5118,580,5698,63
2021-06-22,Trinity,105,12862,491,337,95,432,3
2021-06-22,Tulare,107,460477,50424,49706,8988,58694,850
2021-06-22,Tuolumne,109,53932,4077,4119,43,4162,64
2021-06-22,Ventura,111,848112,81740,81300,2992,84292,1032
2021-06-22,Yolo,113,214977,14179,14157,256,14413,212
2021-06-22,Yuba,115,75493,6200,6181,129,6310,51
2021-06-21,Alameda,001,1643700,89167,89281,1938,91219,1262
2021-06-21,Alpine,003,1148,88,88,0,88,0
2021-06-21,Amador,005,37829,3742,3742,32,3774,46
2021-06-21,Butte,007,227075,12770,12668,1849,14517,195
2021-06-21,Calaveras,009,45235,2193,2194,13,2207,55
2021-06-21,Colusa,011,21464,1963,1970,318,2288,15
2021-06-21,Contra Costa,013,1133247,70814,70439,1301,71740,813
2021-06-21,Del Norte,015,27424,1452,1416,13,1429,8
2021-06-21,El Dorado,017,186661,10457,10375,767,11142,113
2021-06-21,Fresno,019,978130,103365,102971,8665,111636,1724
2021-06-21,Glenn,021,27897,2447,2433,562,2995,19
2021-06-21,Humboldt,023,135768,4483,4478,42,4520,42
2021-06-21,Imperial,025,180216,28753,28855,2693,31548,740
2021-06-21,Inyo,027,18085,1410,1405,12,1417,35
2021-06-21,Kern,029,883053,97841,96995,11001,107996,1342
2021-06-21,Kings,031,150075,23239,23091,1080,24171,245
2021-06-21,Lake,033,64148,3583,3563,13,3576,45
2021-06-21,Lassen,035,31185,5270,5233,115,5348,19
2021-06-21,Los Angeles,037,10098052,1212106,1205994,41029,1247023,24459
2021-06-21,Madera,039,155013,16768,16647,935,17582,240
2021-06-21,Marin,041,260295,14198,14173,259,14432,230
2021-06-21,Mariposa,043,17540,441,439,11,450,5
2021-06-21,Mendocino,045,87422,4162,4085,83,4168,49
2021-06-21,Merced,047,269075,31198,31264,1039,32303,465
2021-06-21,Modoc,049,8938,412,405,145,550,3
2021-06-21,Mono,051,14174,1267,1277,17,1294,3
2021-06-21,Monterey,053,433212,43300,43157,1840,44997,427
2021-06-21,Napa,055,140530,10003,10028,36,10064,80
2021-06-21,Nevada,057,99092,4956,4921,193,5114,72
2021-06-21,Orange,059,3164182,256393,255400,11391,266791,5113
2021-06-21,Placer,061,380077,23769,23577,1533,25110,298
2021-06-21,Plumas,063,18699,718,697,11,708,4
2021-06-21,Riverside,065,2383286,295394,289797,13964,303761,4456
2021-06-21,Sacramento,067,1510023,107977,107757,1802,109559,1669
2021-06-21,San Benito,069,59416,6080,6098,113,6211,63
2021-06-21,San Bernardino,071,2135413,294450,293736,8984,302720,4850
2021-06-21,San Diego,073,3302833,282757,281811,15294,297105,3771
2021-06-21,San Francisco,075,870044,37058,37275,1282,38557,556
2021-06-21,San Joaquin,077,732212,73958,73687,3574,77261,1405
2021-06-21,San Luis Obispo,079,281455,21509,21316,746,22062,257
2021-06-21,San Mateo,081,765935,42655,42685,475,43160,542
2021-06-21,Santa Barbara,083,443738,34596,34492,1120,35612,455
2021-06-21,Santa Clara,085,1922200,119372,120192,763,120955,2093
2021-06-21,Santa Cruz,087,273765,16328,16212,799,17011,208
2021-06-21,Shasta,089,179085,12562,12617,1621,14238,201
2021-06-21,Sierra,091,2930,62,57,12,69,0
2021-06-21,Siskiyou,093,43540,1965,1892,362,2254,27
2021-06-21,Solano,095,438530,33366,33383,564,33947,266
2021-06-21,Sonoma,097,501317,30857,30912,358,31270,314
2021-06-21,Stanislaus,099,539301,57031,56891,5947,62838,1017
2021-06-21,Sutter,101,95872,9597,9649,87,9736,113
2021-06-21,Tehama,103,63373,5149,5115,579,5694,63
2021-06-21,Trinity,105,12862,491,337,95,432,3
2021-06-21,Tulare,107,460477,50413,49689,8984,58673,849
2021-06-21,Tuolumne,109,53932,4073,4119,43,4162,63
2021-06-21,Ventura,111,848112,81712,81291,2988,84279,1031
2021-06-21,Yolo,113,214977,14173,14165,256,14421,212
2021-06-21,Yuba,115,75493,6199,6172,129,6301,51
2021-06-20,Alameda,001,1643700,89102,89255,1937,91192,1263
2021-06-20,Alpine,003,1148,88,88,0,88,0
2021-06-20,Amador,005,37829,3739,3740,32,3772,46
2021-06-20,Butte,007,227075,12763,12668,1848,14516,194
2021-06-20,Calaveras,009,45235,2192,2193,13,2206,55
2021-06-20,Colusa,011,21464,1963,1970,318,2288,15
2021-06-20,Contra Costa,013,1133247,70757,70401,1299,71700,813
2021-06-20,Del Norte,015,27424,1448,1416,13,1429,8
2021-06-20,El Dorado,017,186661,10443,10372,764,11136,113
2021-06-20,Fresno,019,978130,103324,102947,8662,111609,1724
2021-06-20,Glenn,021,27897,2447,2434,562,2996,19
2021-06-20,Humboldt,023,135768,4477,4472,42,4514,42
2021-06-20,Imperial,025,180216,28744,28855,2693,31548,740
2021-06-20,Inyo,027,18085,1409,1405,12,1417,35
2021-06-20,Kern,029,883053,97820,96985,10990,107975,1342
2021-06-20,Kings,031,150075,23234,23088,1078,24166,245
2021-06-20,Lake,033,64148,3581,3563,13,3576,45
2021-06-20,Lassen,035,31185,5267,5230,115,5345,19
2021-06-20,Los Angeles,037,10098052,1211801,1205874,41021,1246895,24456
2021-06-20,Madera,039,155013,16760,16638,933,17571,240
2021-06-20,Marin,041,260295,14195,14166,259,14425,230
2021-06-20,Mariposa,043,17540,439,439,11,450,5
2021-06-20,Mendocino,045,87422,4155,4080,83,4163,49
2021-06-20,Merced,047,269075,31185,31265,1039,32304,465
2021-06-20,Modoc,049,8938,412,405,145,550,3
2021-06-20,Mono,051,14174,1267,1275,17,1292,3
2021-06-20,Monterey,053,433212,43291,43156,1839,44995,427
2021-06-20,Napa,055,140530,9996,10026,35,10061,80
2021-06-20,Nevada,057,99092,4949,4919,193,5112,72
2021-06-20,Orange,059,3164182,256329,255377,11380,266757,5113
2021-06-20,Placer,061,380077,23735,23562,1529,25091,298
2021-06-20,Plumas,063,18699,717,697,11,708,4
2021-06-20,Riverside,065,2383286,295315,289770,13953,303723,4456
2021-06-20,Sacramento,067,1510023,107866,107700,1799,109499,1669
2021-06-20,San Benito,069,59416,6080,6098,113,6211,63
2021-06-20,San Bernardino,071,2135413,294349,293713,8980,302693,4845
2021-06-20,San Diego,073,3302833,282651,281750,15272,297022,3771
2021-06-20,San Francisco,075,870044,37035,37269,1282,38551,556
2021-06-20,San Joaquin,077,732212,73913,73676,3565,77241,1405
2021-06-20,San Luis Obispo,079,281455,21507,21313,746,22059,257
2021-06-20,San Mateo,081,765935,42626,42681,475,43156,542
2021-06-20,Santa Barbara,083,443738,34587,34487,1120,35607,455
2021-06-20,Santa Clara,085,1922200,119337,120163,763,120926,2093
2021-06-20,Santa Cruz,087,273765,16323,16210,799,17009,208
2021-06-20,Shasta,089,179085,12557,12617,1619,14236,201
2021-06-20,Sierra,091,2930,62,57,12,69,0
2021-06-20,Siskiyou,093,43540,1964,1891,362,2253,27
2021-06-20,Solano,095,438530,33344,33361,562,33923,266
2021-06-20,Sonoma,097,501317,30810,30884,355,31239,314
2021-06-20,Stanislaus,099,539301,56998,56868,5946,62814,1017
2021-06-20,Sutter,101,95872,9594,9645,87,9732,113
2021-06-20,Tehama,103,63373,5145,5115,579,5694,63
2021-06-20,Trinity,105,12862,491,337,95,432,3
2021-06-20,Tulare,107,460477,50404,49685,8982,58667,849
2021-06-20,Tuolumne,109,53932,4070,4117,43,4160,63
2021-06-20,Ventura,111,848112,81696,81282,2986,84268,1031
2021-06-20,Yolo,113,214977,14166,14160,256,14416,212
2021-06-20,Yuba,115,75493,6192,6167,129,6296,51
2021-06-19,Alameda,001,1643700,89067,89202,1937,91139,1263
2021-06-19,Alpine,003,1148,88,88,0,88,0
2021-06-19,Amador,005,37829,3737,3739,32,3771,46
2021-06-19,Butte,007,227075,12759,12659,1848,14507,194
2021-06-19,Calaveras,009,45235,2192,2192,13,2205,55
2021-06-19,Colusa,011,21464,1963,1969,318,2287,15
2021-06-19,Contra Costa,013,1133247,70726,70334,1298,71632,813
2021-06-19,Del Norte,015,27424,1447,1416,13,1429,8
2021-06-19,El Dorado,017,186661,10442,10363,763,11126,113
2021-06-19,Fresno,019,978130,103311,102922,8661,111583,1724
2021-06-19,Glenn,021,27897,2446,2434,561,2995,19
2021-06-19,Humboldt,023,135768,4466,4463,42,4505,42
2021-06-19,Imperial,025,180216,28743,28813,2693,31506,740
2021-06-19,Inyo,027,18085,1409,1405,12,1417,35
2021-06-19,Kern,029,883053,97804,96966,10986,107952,1342
2021-06-19,Kings,031,150075,23231,23086,1078,24164,245
2021-06-19,Lake,033,64148,3577,3563,13,3576,45
2021-06-19,Lassen,035,31185,5266,5225,115,5340,19
2021-06-19,Los Angeles,037,10098052,1211598,1205602,41005,1246607,24454
2021-06-19,Madera,039,155013,16758,16632,933,17565,240
2021-06-19,Marin,041,260295,14187,14152,259,14411,230
2021-06-19,Mariposa,043,17540,439,439,11,450,5
2021-06-19,Mendocino,045,87422,4150,4077,83,4160,49
2021-06-19,Merced,047,269075,31183,31256,1039,32295,465
2021-06-19,Modoc,049,8938,411,402,145,547,3
2021-06-19,Mono,051,14174,1267,1275,17,1292,3
2021-06-19,Monterey,053,433212,43285,43153,1839,44992,427
2021-06-19,Napa,055,140530,9992,10025,35,10060,80
2021-06-19,Nevada,057,99092,4944,4910,193,5103,72
2021-06-19,Orange,059,3164182,256283,255329,11377,266706,5112
2021-06-19,Placer,061,380077,23719,23537,1526,25063,298
2021-06-19,Plumas,063,18699,716,697,11,708,4
2021-06-19,Riverside,065,2383286,295269,289720,13953,303673,4456
2021-06-19,Sacramento,067,1510023,107820,107631,1796,109427,1669
2021-06-19,San Benito,069,59416,6079,6098,113,6211,63
2021-06-19,San Bernardino,071,2135413,294306,293673,8978,302651,4844
2021-06-19,San Diego,073,3302833,282591,281682,15258,296940,3771
2021-06-19,San Francisco,075,870044,37022,37256,1282,38538,556
2021-06-19,San Joaquin,077,732212,73897,73652,3561,77213,1405
2021-06-19,San Luis Obispo,079,281455,21505,21308,744,22052,257
2021-06-19,San Mateo,081,765935,42608,42646,473,43119,542
2021-06-19,Santa Barbara,083,443738,34585,34472,1120,35592,455
2021-06-19,Santa Clara,085,1922200,119314,120110,762,120872,2093
2021-06-19,Santa Cruz,087,273765,16318,16206,799,17005,208
2021-06-19,Shasta,089,179085,12555,12615,1618,14233,201
2021-06-19,Sierra,091,2930,62,57,12,69,0
2021-06-19,Siskiyou,093,43540,1964,1891,362,2253,27
2021-06-19,Solano,095,438530,33334,33341,561,33902,266
2021-06-19,Sonoma,097,501317,30769,30841,355,31196,314
2021-06-19,Stanislaus,099,539301,56979,56847,5943,62790,1017
2021-06-19,Sutter,101,95872,9591,9645,87,9732,113
2021-06-19,Tehama,103,63373,5144,5115,579,5694,63
2021-06-19,Trinity,105,12862,491,337,95,432,3
2021-06-19,Tulare,107,460477,50397,49681,8977,58658,849
2021-06-19,Tuolumne,109,53932,4070,4117,43,4160,63
2021-06-19,Ventura,111,848112,81683,81270,2985,84255,1031
2021-06-19,Yolo,113,214977,14162,14156,255,14411,212
2021-06-19,Yuba,115,75493,6191,6157,129,6286,51
2021-06-18,Alameda,001,1643700,89030,89123,1937,91060,1263
2021-06-18,Alpine,003,1148,88,88,0,88,0
2021-06-18,Amador,005,37829,3737,3739,32,3771,46
2021-06-18,Butte,007,227075,12756,12653,1845,14498,194
2021-06-18,Calaveras,009,45235,2192,2191,13,2204,55
2021-06-18,Colusa,011,21464,1962,1969,318,2287,15
2021-06-18,Contra Costa,013,1133247,70684,70271,1296,71567,813
2021-06-18,Del Norte,015,27424,1447,1415,13,1428,8
2021-06-18,El Dorado,017,186661,10439,10348,761,11109,113
2021-06-18,Fresno,019,978130,103295,102894,8659,111553,1722
2021-06-18,Glenn,021,27897,2445,2430,561,2991,19
2021-06-18,Humboldt,023,135768,4458,4450,42,4492,42
2021-06-18,Imperial,025,180216,28741,28809,2693,31502,740
2021-06-18,Inyo,027,18085,1409,1405,12,1417,35
2021-06-18,Kern,029,883053,97793,96948,10980,107928,1341
2021-06-18,Kings,031,150075,23226,23082,1078,24160,245
2021-06-18,Lake,033,64148,3573,3563,13,3576,45
2021-06-18,Lassen,035,31185,5265,5224,115,5339,19
2021-06-18,Los Angeles,037,10098052,1211432,1205472,40988,1246460,24451
2021-06-18,Madera,039,155013,16752,16625,933,17558,241
2021-06-18,Marin,041,260295,14184,14147,259,14406,230
2021-06-18,Mariposa,043,17540,439,439,11,450,5
2021-06-18,Mendocino,045,87422,4145,4068,83,4151,49
2021-06-18,Merced,047,269075,31181,31262,1039,32301,464
2021-06-18,Modoc,049,8938,411,402,145,547,3
2021-06-18,Mono,051,14174,1266,1275,16,1291,3
2021-06-18,Monterey,053,433212,43282,43148,1839,44987,427
2021-06-18,Napa,055,140530,9988,10021,35,10056,80
2021-06-18,Nevada,057,99092,4936,4903,193,5096,72
2021-06-18,Orange,059,3164182,256246,255274,11374,266648,5108
2021-06-18,Placer,061,380077,23711,23500,1523,25023,298
2021-06-18,Plumas,063,18699,716,697,11,708,4
2021-06-18,Riverside,065,2383286,295220,289676,13952,303628,4457
2021-06-18,Sacramento,067,1510023,107772,107570,1796,109366,1669
2021-06-18,San Benito,069,59416,6078,6097,113,6210,63
2021-06-18,San Bernardino,071,2135413,294262,293629,8974,302603,4826
2021-06-18,San Diego,073,3302833,282515,281608,15247,296855,3771
2021-06-18,San Francisco,075,870044,37013,37246,1282,38528,556
2021-06-18,San Joaquin,077,732212,73879,73623,3559,77182,1403
2021-06-18,San Luis Obispo,079,281455,21501,21301,742,22043,257
2021-06-18,San Mateo,081,765935,42597,42630,472,43102,542
2021-06-18,Santa Barbara,083,443738,34575,34469,1120,35589,455
2021-06-18,Santa Clara,085,1922200,119293,120081,760,120841,2093
2021-06-18,Santa Cruz,087,273765,16314,16202,799,17001,208
2021-06-18,Shasta,089,179085,12551,12607,1616,14223,201
2021-06-18,Sierra,091,2930,61,57,12,69,0
2021-06-18,Siskiyou,093,43540,1964,1890,362,2252,27
2021-06-18,Solano,095,438530,33320,33323,561,33884,266
2021-06-18,Sonoma,097,501317,30751,30816,354,31170,313
2021-06-18,Stanislaus,099,539301,56964,56803,5941,62744,1012
2021-06-18,Sutter,101,95872,9588,9643,87,9730,113
2021-06-18,Tehama,103,63373,5142,5114,579,5693,63
2021-06-18,Trinity,105,12862,491,337,94,431,3
2021-06-18,Tulare,107,460477,50395,49664,8970,58634,849
2021-06-18,Tuolumne,109,53932,4067,4116,43,4159,63
2021-06-18,Ventura,111,848112,81673,81256,2980,84236,1031
2021-06-18,Yolo,113,214977,14159,14148,253,14401,212
2021-06-18,Yuba,115,75493,6185,6150,129,6279,51
2021-06-17,Alameda,001,1643700,88984,89087,1937,91024,1262
2021-06-17,Alpine,003,1148,88,88,0,88,0
2021-06-17,Amador,005,37829,3735,3731,32,3763,46
2021-06-17,Butte,007,227075,12746,12644,1844,14488,194
2021-06-17,Calaveras,009,45235,2191,2189,13,2202,55
2021-06-17,Colusa,011,21464,1961,1969,318,2287,15
2021-06-17,Contra Costa,013,1133247,70645,70190,1292,71482,810
2021-06-17,Del Norte,015,27424,1445,1413,13,1426,8
2021-06-17,El Dorado,017,186661,10429,10341,761,11102,113
2021-06-17,Fresno,019,978130,103269,102867,8655,111522,1722
2021-06-17,Glenn,021,27897,2445,2430,561,2991,19
2021-06-17,Humboldt,023,135768,4449,4438,42,4480,42
2021-06-17,Imperial,025,180216,28733,28801,2693,31494,741
2021-06-17,Inyo,027,18085,1409,1405,12,1417,35
2021-06-17,Kern,029,883053,97778,96840,10974,107814,1340
2021-06-17,Kings,031,150075,23222,23078,1077,24155,245
2021-06-17,Lake,033,64148,3570,3563,9,3572,45
2021-06-17,Lassen,035,31185,5261,5223,115,5338,19
2021-06-17,Los Angeles,037,10098052,1211217,1205301,40961,1246262,24444
2021-06-17,Madera,039,155013,16747,16618,933,17551,241
2021-06-17,Marin,041,260295,14184,14141,259,14400,229
2021-06-17,Mariposa,043,17540,439,439,11,450,5
2021-06-17,Mendocino,045,87422,4138,4054,83,4137,49
2021-06-17,Merced,047,269075,31176,31262,1039,32301,464
2021-06-17,Modoc,049,8938,410,401,145,546,3
2021-06-17,Mono,051,14174,1265,1275,16,1291,3
2021-06-17,Monterey,053,433212,43274,43140,1839,44979,416
2021-06-17,Napa,055,140530,9988,10014,35,10049,80
2021-06-17,Nevada,057,99092,4932,4898,193,5091,72
2021-06-17,Orange,059,3164182,256200,255240,11364,266604,5109
2021-06-17,Placer,061,380077,23695,23461,1521,24982,298
2021-06-17,Plumas,063,18699,715,697,11,708,4
2021-06-17,Riverside,065,2383286,295166,289627,13950,303577,4458
2021-06-17,Sacramento,067,1510023,107708,107492,1794,109286,1666
2021-06-17,San Benito,069,59416,6078,6097,113,6210,63
2021-06-17,San Bernardino,071,2135413,294221,293560,8974,302534,4811
2021-06-17,San Diego,073,3302833,282439,281531,15233,296764,3771
2021-06-17,San Francisco,075,870044,37002,37243,1281,38524,556
2021-06-17,San Joaquin,077,732212,73856,73560,3554,77114,1403
2021-06-17,San Luis Obispo,079,281455,21499,21297,742,22039,257
2021-06-17,San Mateo,081,765935,42591,42615,472,43087,542
2021-06-17,Santa Barbara,083,443738,34569,34466,1120,35586,453
2021-06-17,Santa Clara,085,1922200,119268,120032,759,120791,2093
2021-06-17,Santa Cruz,087,273765,16310,16197,799,16996,208
2021-06-17,Shasta,089,179085,12543,12597,1616,14213,201
2021-06-17,Sierra,091,2930,61,56,12,68,0
2021-06-17,Siskiyou,093,43540,1963,1889,362,2251,27
2021-06-17,Solano,095,438530,33299,33296,560,33856,266
2021-06-17,Sonoma,097,501317,30721,30793,354,31147,323
2021-06-17,Stanislaus,099,539301,56933,56752,5936,62688,1012
2021-06-17,Sutter,101,95872,9585,9629,87,9716,113
2021-06-17,Tehama,103,63373,5141,5112,577,5689,63
2021-06-17,Trinity,105,12862,490,337,94,431,3
2021-06-17,Tulare,107,460477,50390,49649,8962,58611,849
2021-06-17,Tuolumne,109,53932,4066,4116,43,4159,63
2021-06-17,Ventura,111,848112,81664,81248,2977,84225,1030
2021-06-17,Yolo,113,214977,14151,14141,253,14394,212
2021-06-17,Yuba,115,75493,6176,6140,129,6269,51
2021-06-16,Alameda,001,1643700,88935,89045,1936,90981,1265
2021-06-16,Alpine,003,1148,88,88,0,88,0
2021-06-16,Amador,005,37829,3734,3730,32,3762,46
2021-06-16,Butte,007,227075,12744,12635,1842,14477,194
2021-06-16,Calaveras,009,45235,2189,2188,13,2201,55
2021-06-16,Colusa,011,21464,1961,1967,318,2285,15
2021-06-16,Contra Costa,013,1133247,70593,70136,1291,71427,810
2021-06-16,Del Norte,015,27424,1442,1413,13,1426,8
2021-06-16,El Dorado,017,186661,10423,10334,760,11094,113
2021-06-16,Fresno,019,978130,103238,102842,8651,111493,1722
2021-06-16,Glenn,021,27897,2445,2430,561,2991,19
2021-06-16,Humboldt,023,135768,4440,4427,41,4468,42
2021-06-16,Imperial,025,180216,28730,28796,2693,31489,741
2021-06-16,Inyo,027,18085,1408,1405,12,1417,35
2021-06-16,Kern,029,883053,97756,96789,10967,107756,1339
2021-06-16,Kings,031,150075,23221,23072,1076,24148,245
2021-06-16,Lake,033,64148,3570,3562,9,3571,45
2021-06-16,Lassen,035,31185,5258,5216,115,5331,19
2021-06-16,Los Angeles,037,10098052,1210993,1205102,40951,1246053,24439
2021-06-16,Madera,039,155013,16743,16603,933,17536,240
2021-06-16,Marin,041,260295,14182,14137,259,14396,229
2021-06-16,Mariposa,043,17540,439,437,11,448,5
2021-06-16,Mendocino,045,87422,4130,4041,83,4124,49
2021-06-16,Merced,047,269075,31168,31250,1039,32289,463
2021-06-16,Modoc,049,8938,409,383,144,527,3
2021-06-16,Mono,051,14174,1265,1275,16,1291,3
2021-06-16,Monterey,053,433212,43271,43122,1839,44961,416
2021-06-16,Napa,055,140530,9984,10011,35,10046,80
2021-06-16,Nevada,057,99092,4927,4894,193,5087,72
2021-06-16,Orange,059,3164182,256146,255188,11356,266544,5109
2021-06-16,Placer,061,380077,23685,23425,1517,24942,298
2021-06-16,Plumas,063,18699,715,697,11,708,4
2021-06-16,Riverside,065,2383286,295105,289539,13948,303487,4457
2021-06-16,Sacramento,067,1510023,107638,107422,1790,109212,1665
2021-06-16,San Benito,069,59416,6078,6090,113,6203,63
2021-06-16,San Bernardino,071,2135413,294172,293499,8972,302471,4797
2021-06-16,San Diego,073,3302833,282360,281423,15220,296643,3770
2021-06-16,San Francisco,075,870044,36989,37222,1279,38501,555
2021-06-16,San Joaquin,077,732212,73818,73530,3550,77080,1399
2021-06-16,San Luis Obispo,079,281455,21494,21294,742,22036,257
2021-06-16,San Mateo,081,765935,42575,42601,472,43073,542
2021-06-16,Santa Barbara,083,443738,34563,34459,1120,35579,460
2021-06-16,Santa Clara,085,1922200,119236,119982,759,120741,2087
2021-06-16,Santa Cruz,087,273765,16307,16187,799,16986,208
2021-06-16,Shasta,089,179085,12538,12592,1615,14207,200
2021-06-16,Sierra,091,2930,61,56,12,68,0
2021-06-16,Siskiyou,093,43540,1962,1886,362,2248,26
2021-06-16,Solano,095,438530,33271,33276,560,33836,266
2021-06-16,Sonoma,097,501317,30685,30741,354,31095,323
2021-06-16,Stanislaus,099,539301,56902,56738,5934,62672,984
2021-06-16,Sutter,101,95872,9581,9620,87,9707,113
2021-06-16,Tehama,103,63373,5139,5106,577,5683,63
2021-06-16,Trinity,105,12862,489,332,94,426,3
2021-06-16,Tulare,107,460477,50385,49578,8958,58536,849
2021-06-16,Tuolumne,109,53932,4066,4110,43,4153,63
2021-06-16,Ventura,111,848112,81650,81229,2975,84204,1029
2021-06-16,Yolo,113,214977,14142,14135,252,14387,212
2021-06-16,Yuba,115,75493,6166,6134,129,6263,51
2021-06-15,Alameda,001,1643700,88893,89008,1936,90944,1262
2021-06-15,Alpine,003,1148,88,88,0,88,0
2021-06-15,Amador,005,37829,3731,3723,32,3755,46
2021-06-15,Butte,007,227075,12736,12620,1841,14461,194
2021-06-15,Calaveras,009,45235,2188,2188,13,2201,55
2021-06-15,Colusa,011,21464,1961,1967,316,2283,15
2021-06-15,Contra Costa,013,1133247,70531,70101,1291,71392,810
2021-06-15,Del Norte,015,27424,1441,1411,13,1424,8
2021-06-15,El Dorado,017,186661,10414,10330,760,11090,113
2021-06-15,Fresno,019,978130,103206,102828,8650,111478,1722
2021-06-15,Glenn,021,27897,2444,2426,561,2987,19
2021-06-15,Humboldt,023,135768,4431,4414,40,4454,42
2021-06-15,Imperial,025,180216,28724,28789,2693,31482,741
2021-06-15,Inyo,027,18085,1408,1405,12,1417,35
2021-06-15,Kern,029,883053,97728,96782,10959,107741,1338
2021-06-15,Kings,031,150075,23215,23070,1074,24144,245
2021-06-15,Lake,033,64148,3569,3559,9,3568,45
2021-06-15,Lassen,035,31185,5257,5211,115,5326,19
2021-06-15,Los Angeles,037,10098052,1210768,1204926,40943,1245869,24435
2021-06-15,Madera,039,155013,16736,16600,932,17532,240
2021-06-15,Marin,041,260295,14174,14135,259,14394,229
2021-06-15,Mariposa,043,17540,439,437,11,448,5
2021-06-15,Mendocino,045,87422,4123,4034,83,4117,49
2021-06-15,Merced,047,269075,31162,31244,1039,32283,461
2021-06-15,Modoc,049,8938,408,383,144,527,3
2021-06-15,Mono,051,14174,1265,1275,16,1291,3
2021-06-15,Monterey,053,433212,43265,43118,1839,44957,416
2021-06-15,Napa,055,140530,9982,10010,35,10045,80
2021-06-15,Nevada,057,99092,4924,4888,193,5081,72
2021-06-15,Orange,059,3164182,256105,255127,11347,266474,5105
2021-06-15,Placer,061,380077,23663,23396,1516,24912,298
2021-06-15,Plumas,063,18699,714,697,11,708,4
2021-06-15,Riverside,065,2383286,295045,289508,13944,303452,4455
2021-06-15,Sacramento,067,1510023,107563,107370,1784,109154,1662
2021-06-15,San Benito,069,59416,6077,6089,113,6202,63
2021-06-15,San Bernardino,071,2135413,294122,293463,8966,302429,4790
2021-06-15,San Diego,073,3302833,282276,281375,15205,296580,3770
2021-06-15,San Francisco,075,870044,36980,37210,1278,38488,555
2021-06-15,San Joaquin,077,732212,73778,73494,3545,77039,1399
2021-06-15,San Luis Obispo,079,281455,21489,21293,741,22034,257
2021-06-15,San Mateo,081,765935,42562,42593,472,43065,543
2021-06-15,Santa Barbara,083,443738,34558,34451,1120,35571,460
2021-06-15,Santa Clara,085,1922200,119198,119963,759,120722,2086
2021-06-15,Santa Cruz,087,273765,16301,16180,798,16978,208
2021-06-15,Shasta,089,179085,12532,12583,1615,14198,201
2021-06-15,Sierra,091,2930,60,55,12,67,0
2021-06-15,Siskiyou,093,43540,1961,1887,362,2249,26
2021-06-15,Solano,095,438530,33252,33264,560,33824,266
2021-06-15,Sonoma,097,501317,30646,30707,353,31060,323
2021-06-15,Stanislaus,099,539301,56874,56724,5931,62655,979
2021-06-15,Sutter,101,95872,9572,9616,87,9703,113
2021-06-15,Tehama,103,63373,5137,5102,577,5679,63
2021-06-15,Trinity,105,12862,488,332,93,425,3
2021-06-15,Tulare,107,460477,50379,49561,8955,58516,848
2021-06-15,Tuolumne,109,53932,4066,4111,43,4154,63
2021-06-15,Ventura,111,848112,81639,81215,2972,84187,1029
2021-06-15,Yolo,113,214977,14138,14127,250,14377,212
2021-06-15,Yuba,115,75493,6155,6130,129,6259,51
2021-06-14,Alameda,001,1643700,88845,88966,1936,90902,1264
2021-06-14,Alpine,003,1148,88,88,0,88,0
2021-06-14,Amador,005,37829,3730,3722,32,3754,46
2021-06-14,Butte,007,227075,12725,12613,1837,14450,194
2021-06-14,Calaveras,009,45235,2187,2190,13,2203,55
2021-06-14,Colusa,011,21464,1960,1966,316,2282,15
2021-06-14,Contra Costa,013,1133247,70478,70069,1289,71358,810
2021-06-14,Del Norte,015,27424,1441,1411,13,1424,8
2021-06-14,El Dorado,017,186661,10405,10327,758,11085,113
2021-06-14,Fresno,019,978130,103184,102812,8648,111460,1719
2021-06-14,Glenn,021,27897,2444,2426,561,2987,19
2021-06-14,Humboldt,023,135768,4423,4407,39,4446,42
2021-06-14,Imperial,025,180216,28712,28836,2693,31529,741
2021-06-14,Inyo,027,18085,1407,1405,12,1417,35
2021-06-14,Kern,029,883053,97708,96760,10949,107709,1337
2021-06-14,Kings,031,150075,23212,23071,1073,24144,245
2021-06-14,Lake,033,64148,3568,3557,9,3566,45
2021-06-14,Lassen,035,31185,5254,5209,114,5323,19
2021-06-14,Los Angeles,037,10098052,1210526,1204748,40933,1245681,24434
2021-06-14,Madera,039,155013,16730,16597,931,17528,240
2021-06-14,Marin,041,260295,14172,14133,259,14392,229
2021-06-14,Mariposa,043,17540,438,437,11,448,5
2021-06-14,Mendocino,045,87422,4117,4028,83,4111,49
2021-06-14,Merced,047,269075,31153,31241,1038,32279,461
2021-06-14,Modoc,049,8938,399,382,142,524,3
2021-06-14,Mono,051,14174,1265,1275,16,1291,3
2021-06-14,Monterey,053,433212,43262,43110,1839,44949,415
2021-06-14,Napa,055,140530,9978,10000,35,10035,80
2021-06-14,Nevada,057,99092,4917,4885,193,5078,72
2021-06-14,Orange,059,3164182,256067,255069,11343,266412,5103
2021-06-14,Placer,061,380077,23638,23379,1515,24894,298
2021-06-14,Plumas,063,18699,714,696,11,707,4
2021-06-14,Riverside,065,2383286,294991,289476,13944,303420,4453
2021-06-14,Sacramento,067,1510023,107509,107334,1779,109113,1661
2021-06-14,San Benito,069,59416,6077,6087,113,6200,63
2021-06-14,San Bernardino,071,2135413,294066,293446,8962,302408,4790
2021-06-14,San Diego,073,3302833,282170,281314,15185,296499,3770
2021-06-14,San Francisco,075,870044,36967,37206,1278,38484,555
2021-06-14,San Joaquin,077,732212,73749,73453,3545,76998,1398
2021-06-14,San Luis Obispo,079,281455,21487,21302,741,22043,256
2021-06-14,San Mateo,081,765935,42549,42619,471,43090,543
2021-06-14,Santa Barbara,083,443738,34555,34449,1120,35569,460
2021-06-14,Santa Clara,085,1922200,119167,119957,758,120715,2085
2021-06-14,Santa Cruz,087,273765,16298,16175,798,16973,208
2021-06-14,Shasta,089,179085,12521,12561,1612,14173,201
2021-06-14,Sierra,091,2930,59,55,12,67,0
2021-06-14,Siskiyou,093,43540,1961,1886,362,2248,26
2021-06-14,Solano,095,438530,33235,33243,559,33802,266
2021-06-14,Sonoma,097,501317,30614,30679,352,31031,323
2021-06-14,Stanislaus,099,539301,56837,56689,5928,62617,975
2021-06-14,Sutter,101,95872,9569,9607,87,9694,112
2021-06-14,Tehama,103,63373,5135,5102,577,5679,63
2021-06-14,Trinity,105,12862,488,332,93,425,3
2021-06-14,Tulare,107,460477,50374,49538,8952,58490,848
2021-06-14,Tuolumne,109,53932,4063,4108,43,4151,63
2021-06-14,Ventura,111,848112,81629,81209,2972,84181,1028
2021-06-14,Yolo,113,214977,14130,14123,250,14373,212
2021-06-14,Yuba,115,75493,6148,6127,129,6256,50
2021-06-13,Alameda,001,1643700,88788,88947,1935,90882,1264
2021-06-13,Alpine,003,1148,87,88,0,88,0
2021-06-13,Amador,005,37829,3726,3721,32,3753,46
2021-06-13,Butte,007,227075,12714,12586,1834,14420,194
2021-06-13,Calaveras,009,45235,2187,2189,13,2202,55
2021-06-13,Colusa,011,21464,1960,1965,315,2280,15
2021-06-13,Contra Costa,013,1133247,70424,70040,1287,71327,810
2021-06-13,Del Norte,015,27424,1439,1412,13,1425,8
2021-06-13,El Dorado,017,186661,10396,10324,758,11082,113
2021-06-13,Fresno,019,978130,103154,102795,8643,111438,1719
2021-06-13,Glenn,021,27897,2443,2425,559,2984,19
2021-06-13,Humboldt,023,135768,4410,4401,39,4440,42
2021-06-13,Imperial,025,180216,28703,28800,2693,31493,741
2021-06-13,Inyo,027,18085,1407,1405,12,1417,35
2021-06-13,Kern,029,883053,97684,96743,10937,107680,1337
2021-06-13,Kings,031,150075,23207,23069,1072,24141,245
2021-06-13,Lake,033,64148,3568,3556,9,3565,45
2021-06-13,Lassen,035,31185,5249,5209,114,5323,19
2021-06-13,Los Angeles,037,10098052,1210258,1204614,40922,1245536,24433
2021-06-13,Madera,039,155013,16716,16590,931,17521,240
2021-06-13,Marin,041,260295,14166,14126,259,14385,229
2021-06-13,Mariposa,043,17540,438,434,11,445,5
2021-06-13,Mendocino,045,87422,4110,4026,83,4109,49
2021-06-13,Merced,047,269075,31147,31240,1037,32277,461
2021-06-13,Modoc,049,8938,397,382,140,522,3
2021-06-13,Mono,051,14174,1265,1275,16,1291,3
2021-06-13,Monterey,053,433212,43254,43108,1839,44947,415
2021-06-13,Napa,055,140530,9972,9995,35,10030,80
2021-06-13,Nevada,057,99092,4912,4883,193,5076,72
2021-06-13,Orange,059,3164182,256012,255043,11340,266383,5103
2021-06-13,Placer,061,380077,23612,23365,1513,24878,295
2021-06-13,Plumas,063,18699,713,696,11,707,4
2021-06-13,Riverside,065,2383286,294924,289447,13941,303388,4453
2021-06-13,Sacramento,067,1510023,107433,107289,1776,109065,1658
2021-06-13,San Benito,069,59416,6077,6086,113,6199,63
2021-06-13,San Bernardino,071,2135413,294014,293416,8957,302373,4788
2021-06-13,San Diego,073,3302833,282091,281268,15169,296437,3770
2021-06-13,San Francisco,075,870044,36955,37197,1278,38475,555
2021-06-13,San Joaquin,077,732212,73714,73438,3543,76981,1398
2021-06-13,San Luis Obispo,079,281455,21481,21298,740,22038,256
2021-06-13,San Mateo,081,765935,42536,42611,471,43082,542
2021-06-13,Santa Barbara,083,443738,34544,34449,1119,35568,460
2021-06-13,Santa Clara,085,1922200,119143,119946,758,120704,2085
2021-06-13,Santa Cruz,087,273765,16291,16172,798,16970,208
2021-06-13,Shasta,089,179085,12512,12560,1611,14171,201
2021-06-13,Sierra,091,2930,59,55,12,67,0
2021-06-13,Siskiyou,093,43540,1960,1885,362,2247,26
2021-06-13,Solano,095,438530,33214,33234,559,33793,266
2021-06-13,Sonoma,097,501317,30579,30663,350,31013,323
2021-06-13,Stanislaus,099,539301,56811,56671,5925,62596,975
2021-06-13,Sutter,101,95872,9562,9603,87,9690,112
2021-06-13,Tehama,103,63373,5133,5100,577,5677,63
2021-06-13,Trinity,105,12862,487,332,93,425,3
2021-06-13,Tulare,107,460477,50365,49537,8947,58484,848
2021-06-13,Tuolumne,109,53932,4061,4107,42,4149,63
2021-06-13,Ventura,111,848112,81615,81201,2972,84173,1028
2021-06-13,Yolo,113,214977,14121,14120,248,14368,212
2021-06-13,Yuba,115,75493,6141,6125,129,6254,50
2021-06-12,Alameda,001,1643700,88761,88901,1935,90836,1271
2021-06-12,Alpine,003,1148,87,88,0,88,0
2021-06-12,Amador,005,37829,3725,3721,32,3753,46
2021-06-12,Butte,007,227075,12710,12576,1834,14410,194
2021-06-12,Calaveras,009,45235,2187,2189,13,2202,55
2021-06-12,Colusa,011,21464,1960,1965,315,2280,15
2021-06-12,Contra Costa,013,1133247,70393,69989,1285,71274,810
2021-06-12,Del Norte,015,27424,1439,1412,13,1425,8
2021-06-12,El Dorado,017,186661,10391,10320,757,11077,113
2021-06-12,Fresno,019,978130,103144,102783,8642,111425,1720
2021-06-12,Glenn,021,27897,2441,2425,559,2984,19
2021-06-12,Humboldt,023,135768,4402,4396,39,4435,42
2021-06-12,Imperial,025,180216,28700,28799,2693,31492,741
2021-06-12,Inyo,027,18085,1407,1405,12,1417,35
2021-06-12,Kern,029,883053,97669,96731,10933,107664,1337
2021-06-12,Kings,031,150075,23205,23067,1072,24139,245
2021-06-12,Lake,033,64148,3567,3552,9,3561,45
2021-06-12,Lassen,035,31185,5249,5208,114,5322,19
2021-06-12,Los Angeles,037,10098052,1210118,1204439,40916,1245355,24434
2021-06-12,Madera,039,155013,16712,16586,931,17517,240
2021-06-12,Marin,041,260295,14163,14121,259,14380,229
2021-06-12,Mariposa,043,17540,438,434,11,445,5
2021-06-12,Mendocino,045,87422,4107,4024,83,4107,49
2021-06-12,Merced,047,269075,31144,31236,1037,32273,461
2021-06-12,Modoc,049,8938,396,382,140,522,3
2021-06-12,Mono,051,14174,1265,1275,16,1291,3
2021-06-12,Monterey,053,433212,43249,43103,1839,44942,415
2021-06-12,Napa,055,140530,9968,9986,35,10021,80
2021-06-12,Nevada,057,99092,4906,4878,193,5071,72
2021-06-12,Orange,059,3164182,255980,255004,11338,266342,5103
2021-06-12,Placer,061,380077,23593,23345,1513,24858,295
2021-06-12,Plumas,063,18699,713,696,11,707,4
2021-06-12,Riverside,065,2383286,294882,289413,13938,303351,4453
2021-06-12,Sacramento,067,1510023,107374,107199,1773,108972,1658
2021-06-12,San Benito,069,59416,6075,6083,113,6196,63
2021-06-12,San Bernardino,071,2135413,293979,293375,8955,302330,4788
2021-06-12,San Diego,073,3302833,282034,281203,15160,296363,3770
2021-06-12,San Francisco,075,870044,36945,37189,1278,38467,555
2021-06-12,San Joaquin,077,732212,73695,73413,3542,76955,1398
2021-06-12,San Luis Obispo,079,281455,21478,21293,740,22033,256
2021-06-12,San Mateo,081,765935,42530,42604,471,43075,542
2021-06-12,Santa Barbara,083,443738,34539,34450,1119,35569,460
2021-06-12,Santa Clara,085,1922200,119103,119894,758,120652,2085
2021-06-12,Santa Cruz,087,273765,16283,16170,798,16968,208
2021-06-12,Shasta,089,179085,12509,12556,1610,14166,201
2021-06-12,Sierra,091,2930,59,55,12,67,0
2021-06-12,Siskiyou,093,43540,1959,1884,362,2246,25
2021-06-12,Solano,095,438530,33205,33219,559,33778,266
2021-06-12,Sonoma,097,501317,30550,30647,350,30997,323
2021-06-12,Stanislaus,099,539301,56794,56649,5924,62573,974
2021-06-12,Sutter,101,95872,9558,9603,87,9690,112
2021-06-12,Tehama,103,63373,5133,5099,576,5675,63
2021-06-12,Trinity,105,12862,487,332,93,425,3
2021-06-12,Tulare,107,460477,50360,49533,8940,58473,848
2021-06-12,Tuolumne,109,53932,4060,4105,42,4147,63
2021-06-12,Ventura,111,848112,81603,81197,2972,84169,1028
2021-06-12,Yolo,113,214977,14118,14118,247,14365,212
2021-06-12,Yuba,115,75493,6136,6120,129,6249,50
2021-06-11,Alameda,001,1643700,88733,88844,1935,90779,1278
2021-06-11,Alpine,003,1148,87,88,0,88,0
2021-06-11,Amador,005,37829,3724,3710,32,3742,46
2021-06-11,Butte,007,227075,12706,12576,1832,14408,194
2021-06-11,Calaveras,009,45235,2187,2188,13,2201,55
2021-06-11,Colusa,011,21464,1959,1964,315,2279,15
2021-06-11,Contra Costa,013,1133247,70360,69940,1283,71223,808
2021-06-11,Del Norte,015,27424,1439,1409,13,1422,8
2021-06-11,El Dorado,017,186661,10388,10316,757,11073,113
2021-06-11,Fresno,019,978130,103125,102770,8641,111411,1720
2021-06-11,Glenn,021,27897,2441,2425,559,2984,19
2021-06-11,Humboldt,023,135768,4398,4389,39,4428,42
2021-06-11,Imperial,025,180216,28695,28793,2693,31486,741
2021-06-11,Inyo,027,18085,1407,1405,12,1417,35
2021-06-11,Kern,029,883053,97657,96718,10930,107648,1340
2021-06-11,Kings,031,150075,23201,23069,1071,24140,245
2021-06-11,Lake,033,64148,3566,3550,9,3559,45
2021-06-11,Lassen,035,31185,5248,5204,114,5318,18
2021-06-11,Los Angeles,037,10098052,1209968,1204259,40901,1245160,24434
2021-06-11,Madera,039,155013,16709,16582,931,17513,240
2021-06-11,Marin,041,260295,14160,14116,259,14375,229
2021-06-11,Mariposa,043,17540,438,434,11,445,5
2021-06-11,Mendocino,045,87422,4104,4022,83,4105,49
2021-06-11,Merced,047,269075,31139,31231,1037,32268,461
2021-06-11,Modoc,049,8938,396,382,139,521,3
2021-06-11,Mono,051,14174,1265,1274,16,1290,3
2021-06-11,Monterey,053,433212,43245,43097,1839,44936,415
2021-06-11,Napa,055,140530,9965,9977,35,10012,80
2021-06-11,Nevada,057,99092,4904,4873,193,5066,72
2021-06-11,Orange,059,3164182,255946,254975,11335,266310,5101
2021-06-11,Placer,061,380077,23588,23330,1513,24843,294
2021-06-11,Plumas,063,18699,713,696,11,707,4
2021-06-11,Riverside,065,2383286,294844,289376,13933,303309,4451
2021-06-11,Sacramento,067,1510023,107314,107119,1772,108891,1659
2021-06-11,San Benito,069,59416,6074,6082,113,6195,63
2021-06-11,San Bernardino,071,2135413,293943,293335,8951,302286,4788
2021-06-11,San Diego,073,3302833,281994,281144,15153,296297,3768
2021-06-11,San Francisco,075,870044,36940,37177,1278,38455,555
2021-06-11,San Joaquin,077,732212,73678,73347,3539,76886,1397
2021-06-11,San Luis Obispo,079,281455,21477,21288,740,22028,256
2021-06-11,San Mateo,081,765935,42516,42585,471,43056,542
2021-06-11,Santa Barbara,083,443738,34536,34438,1119,35557,460
2021-06-11,Santa Clara,085,1922200,119083,119860,758,120618,2083
2021-06-11,Santa Cruz,087,273765,16275,16164,798,16962,208
2021-06-11,Shasta,089,179085,12501,12550,1608,14158,201
2021-06-11,Sierra,091,2930,59,55,12,67,0
2021-06-11,Siskiyou,093,43540,1958,1882,362,2244,25
2021-06-11,Solano,095,438530,33185,33179,558,33737,266
2021-06-11,Sonoma,097,501317,30532,30624,350,30974,323
2021-06-11,Stanislaus,099,539301,56768,56617,5920,62537,974
2021-06-11,Sutter,101,95872,9555,9600,86,9686,112
2021-06-11,Tehama,103,63373,5132,5099,576,5675,63
2021-06-11,Trinity,105,12862,487,331,93,424,3
2021-06-11,Tulare,107,460477,50354,49516,8939,58455,848
2021-06-11,Tuolumne,109,53932,4057,4104,42,4146,63
2021-06-11,Ventura,111,848112,81593,81189,2972,84161,1026
2021-06-11,Yolo,113,214977,14111,14111,243,14354,212
2021-06-11,Yuba,115,75493,6132,6113,129,6242,50
2021-06-10,Alameda,001,1643700,88689,88806,1934,90740,1275
2021-06-10,Alpine,003,1148,87,88,0,88,0
2021-06-10,Amador,005,37829,3720,3709,32,3741,46
2021-06-10,Butte,007,227075,12689,12565,1832,14397,194
2021-06-10,Calaveras,009,45235,2186,2188,13,2201,55
2021-06-10,Colusa,011,21464,1957,1964,315,2279,15
2021-06-10,Contra Costa,013,1133247,70306,69876,1283,71159,807
2021-06-10,Del Norte,015,27424,1439,1405,13,1418,8
2021-06-10,El Dorado,017,186661,10381,10314,753,11067,113
2021-06-10,Fresno,019,978130,103099,102724,8640,111364,1717
2021-06-10,Glenn,021,27897,2441,2425,559,2984,19
2021-06-10,Humboldt,023,135768,4390,4384,39,4423,42
2021-06-10,Imperial,025,180216,28689,28779,2693,31472,739
2021-06-10,Inyo,027,18085,1407,1405,12,1417,35
2021-06-10,Kern,029,883053,97643,96706,10925,107631,1336
2021-06-10,Kings,031,150075,23200,23067,1071,24138,245
2021-06-10,Lake,033,64148,3561,3550,9,3559,45
2021-06-10,Lassen,035,31185,5246,5201,114,5315,18
2021-06-10,Los Angeles,037,10098052,1209803,1204110,40885,1244995,24440
2021-06-10,Madera,039,155013,16702,16581,930,17511,240
2021-06-10,Marin,041,260295,14157,14118,259,14377,229
2021-06-10,Mariposa,043,17540,436,434,11,445,5
2021-06-10,Mendocino,045,87422,4099,4016,83,4099,48
2021-06-10,Merced,047,269075,31131,31231,1034,32265,461
2021-06-10,Modoc,049,8938,395,381,139,520,3
2021-06-10,Mono,051,14174,1264,1274,16,1290,3
2021-06-10,Monterey,053,433212,43239,43090,1839,44929,415
2021-06-10,Napa,055,140530,9964,9974,35,10009,80
2021-06-10,Nevada,057,99092,4899,4866,193,5059,72
2021-06-10,Orange,059,3164182,255916,254950,11328,266278,5097
2021-06-10,Placer,061,380077,23575,23296,1513,24809,293
2021-06-10,Plumas,063,18699,713,696,11,707,4
2021-06-10,Riverside,065,2383286,294802,289335,13928,303263,4450
2021-06-10,Sacramento,067,1510023,107252,107049,1772,108821,1658
2021-06-10,San Benito,069,59416,6074,6079,113,6192,63
2021-06-10,San Bernardino,071,2135413,293902,293281,8948,302229,4782
2021-06-10,San Diego,073,3302833,281936,281052,15136,296188,3766
2021-06-10,San Francisco,075,870044,36930,37159,1276,38435,552
2021-06-10,San Joaquin,077,732212,73644,73276,3538,76814,1393
2021-06-10,San Luis Obispo,079,281455,21474,21280,740,22020,256
2021-06-10,San Mateo,081,765935,42509,42562,471,43033,666
2021-06-10,Santa Barbara,083,443738,34532,34434,1119,35553,460
2021-06-10,Santa Clara,085,1922200,119048,119832,757,120589,2075
2021-06-10,Santa Cruz,087,273765,16274,16159,798,16957,208
2021-06-10,Shasta,089,179085,12491,12536,1608,14144,201
2021-06-10,Sierra,091,2930,58,55,12,67,0
2021-06-10,Siskiyou,093,43540,1958,1881,362,2243,25
2021-06-10,Solano,095,438530,33168,33150,557,33707,265
2021-06-10,Sonoma,097,501317,30496,30571,348,30919,323
2021-06-10,Stanislaus,099,539301,56747,56588,5916,62504,974
2021-06-10,Sutter,101,95872,9548,9594,86,9680,112
2021-06-10,Tehama,103,63373,5132,5096,576,5672,63
2021-06-10,Trinity,105,12862,487,331,93,424,3
2021-06-10,Tulare,107,460477,50346,49503,8939,58442,848
2021-06-10,Tuolumne,109,53932,4057,4100,42,4142,63
2021-06-10,Ventura,111,848112,81582,81172,2971,84143,1026
2021-06-10,Yolo,113,214977,14108,14107,243,14350,212
2021-06-10,Yuba,115,75493,6128,6112,129,6241,50
2021-06-09,Alameda,001,1643700,88645,88762,1933,90695,1271
2021-06-09,Alpine,003,1148,87,88,0,88,0
2021-06-09,Amador,005,37829,3716,3706,32,3738,46
2021-06-09,Butte,007,227075,12683,12555,1830,14385,194
2021-06-09,Calaveras,009,45235,2184,2184,13,2197,55
2021-06-09,Colusa,011,21464,1957,1962,314,2276,15
2021-06-09,Contra Costa,013,1133247,70269,69829,1282,71111,803
2021-06-09,Del Norte,015,27424,1435,1403,13,1416,8
2021-06-09,El Dorado,017,186661,10378,10312,752,11064,113
2021-06-09,Fresno,019,978130,103079,102690,8636,111326,1717
2021-06-09,Glenn,021,27897,2440,2424,559,2983,19
2021-06-09,Humboldt,023,135768,4385,4379,38,4417,42
2021-06-09,Imperial,025,180216,28686,28754,2693,31447,739
2021-06-09,Inyo,027,18085,1407,1405,12,1417,35
2021-06-09,Kern,029,883053,97629,96697,10916,107613,1328
2021-06-09,Kings,031,150075,23198,23061,1071,24132,245
2021-06-09,Lake,033,64148,3558,3541,9,3550,45
2021-06-09,Lassen,035,31185,5245,5200,114,5314,18
2021-06-09,Los Angeles,037,10098052,1209615,1203955,40872,1244827,24432
2021-06-09,Madera,039,155013,16697,16580,930,17510,240
2021-06-09,Marin,041,260295,14152,14114,259,14373,229
2021-06-09,Mariposa,043,17540,436,434,11,445,5
2021-06-09,Mendocino,045,87422,4093,4008,83,4091,47
2021-06-09,Merced,047,269075,31127,31225,1034,32259,461
2021-06-09,Modoc,049,8938,393,377,138,515,3
2021-06-09,Mono,051,14174,1264,1274,16,1290,3
2021-06-09,Monterey,053,433212,43232,43082,1839,44921,415
2021-06-09,Napa,055,140530,9958,9971,35,10006,80
2021-06-09,Nevada,057,99092,4889,4863,192,5055,72
2021-06-09,Orange,059,3164182,255872,254893,11323,266216,5080
2021-06-09,Placer,061,380077,23556,23237,1513,24750,293
2021-06-09,Plumas,063,18699,712,697,11,708,4
2021-06-09,Riverside,065,2383286,294756,289299,13926,303225,4450
2021-06-09,Sacramento,067,1510023,107189,106971,1769,108740,1657
2021-06-09,San Benito,069,59416,6071,6078,113,6191,63
2021-06-09,San Bernardino,071,2135413,293860,293222,8948,302170,4782
2021-06-09,San Diego,073,3302833,281872,280941,15124,296065,3765
2021-06-09,San Francisco,075,870044,36917,37143,1275,38418,552
2021-06-09,San Joaquin,077,732212,73618,73232,3538,76770,1392
2021-06-09,San Luis Obispo,079,281455,21473,21259,740,21999,256
2021-06-09,San Mateo,081,765935,42493,42502,470,42972,666
2021-06-09,Santa Barbara,083,443738,34521,34422,1119,35541,460
2021-06-09,Santa Clara,085,1922200,119010,119793,756,120549,2068
2021-06-09,Santa Cruz,087,273765,16271,16155,798,16953,208
2021-06-09,Shasta,089,179085,12481,12521,1606,14127,201
2021-06-09,Sierra,091,2930,57,55,12,67,0
2021-06-09,Siskiyou,093,43540,1957,1871,362,2233,25
2021-06-09,Solano,095,438530,33152,33137,556,33693,264
2021-06-09,Sonoma,097,501317,30474,30540,348,30888,323
2021-06-09,Stanislaus,099,539301,56727,56560,5913,62473,974
2021-06-09,Sutter,101,95872,9539,9586,85,9671,111
2021-06-09,Tehama,103,63373,5131,5093,576,5669,63
2021-06-09,Trinity,105,12862,486,331,93,424,3
2021-06-09,Tulare,107,460477,50342,49496,8937,58433,847
2021-06-09,Tuolumne,109,53932,4054,4100,42,4142,63
2021-06-09,Ventura,111,848112,81572,81154,2970,84124,1026
2021-06-09,Yolo,113,214977,14106,14102,242,14344,212
2021-06-09,Yuba,115,75493,6124,6109,129,6238,50
2021-06-08,Alameda,001,1643700,88597,88731,1933,90664,1267
2021-06-08,Alpine,003,1148,87,88,0,88,0
2021-06-08,Amador,005,37829,3715,3704,32,3736,46
2021-06-08,Butte,007,227075,12677,12540,1828,14368,194
2021-06-08,Calaveras,009,45235,2183,2181,13,2194,55
2021-06-08,Colusa,011,21464,1957,1961,314,2275,15
2021-06-08,Contra Costa,013,1133247,70221,69762,1281,71043,803
2021-06-08,Del Norte,015,27424,1433,1402,13,1415,8
2021-06-08,El Dorado,017,186661,10373,10306,750,11056,113
2021-06-08,Fresno,019,978130,103054,102680,8634,111314,1717
2021-06-08,Glenn,021,27897,2439,2423,559,2982,19
2021-06-08,Humboldt,023,135768,4380,4363,38,4401,42
2021-06-08,Imperial,025,180216,28677,28752,2693,31445,738
2021-06-08,Inyo,027,18085,1407,1405,12,1417,35
2021-06-08,Kern,029,883053,97610,96671,10909,107580,1325
2021-06-08,Kings,031,150075,23197,23036,1071,24107,245
2021-06-08,Lake,033,64148,3557,3540,9,3549,45
2021-06-08,Lassen,035,31185,5245,5200,114,5314,18
2021-06-08,Los Angeles,037,10098052,1209417,1203794,40860,1244654,24426
2021-06-08,Madera,039,155013,16691,16579,929,17508,240
2021-06-08,Marin,041,260295,14150,14111,258,14369,229
2021-06-08,Mariposa,043,17540,436,434,11,445,5
2021-06-08,Mendocino,045,87422,4086,4002,83,4085,47
2021-06-08,Merced,047,269075,31119,31225,1034,32259,461
2021-06-08,Modoc,049,8938,387,377,137,514,3
2021-06-08,Mono,051,14174,1264,1274,16,1290,3
2021-06-08,Monterey,053,433212,43226,43078,1838,44916,415
2021-06-08,Napa,055,140530,9954,9962,35,9997,80
2021-06-08,Nevada,057,99092,4884,4861,192,5053,72
2021-06-08,Orange,059,3164182,255830,254852,11316,266168,5078
2021-06-08,Placer,061,380077,23538,23209,1509,24718,293
2021-06-08,Plumas,063,18699,712,692,11,703,4
2021-06-08,Riverside,065,2383286,294720,289268,13918,303186,4452
2021-06-08,Sacramento,067,1510023,107127,106901,1766,108667,1654
2021-06-08,San Benito,069,59416,6069,6076,113,6189,63
2021-06-08,San Bernardino,071,2135413,293811,293186,8944,302130,4778
2021-06-08,San Diego,073,3302833,281809,280879,15115,295994,3764
2021-06-08,San Francisco,075,870044,36902,37134,1274,38408,552
2021-06-08,San Joaquin,077,732212,73574,73186,3533,76719,1390
2021-06-08,San Luis Obispo,079,281455,21467,21251,739,21990,255
2021-06-08,San Mateo,081,765935,42480,42488,470,42958,663
2021-06-08,Santa Barbara,083,443738,34517,34418,1119,35537,459
2021-06-08,Santa Clara,085,1922200,118989,119770,755,120525,2068
2021-06-08,Santa Cruz,087,273765,16268,16160,798,16958,208
2021-06-08,Shasta,089,179085,12466,12498,1606,14104,201
2021-06-08,Sierra,091,2930,57,55,12,67,0
2021-06-08,Siskiyou,093,43540,1955,1870,360,2230,21
2021-06-08,Solano,095,438530,33131,33130,556,33686,259
2021-06-08,Sonoma,097,501317,30448,30523,346,30869,323
2021-06-08,Stanislaus,099,539301,56700,56548,5911,62459,973
2021-06-08,Sutter,101,95872,9536,9581,85,9666,111
2021-06-08,Tehama,103,63373,5128,5093,576,5669,63
2021-06-08,Trinity,105,12862,486,330,92,422,3
2021-06-08,Tulare,107,460477,50331,49485,8933,58418,847
2021-06-08,Tuolumne,109,53932,4050,4099,42,4141,63
2021-06-08,Ventura,111,848112,81556,81142,2969,84111,1026
2021-06-08,Yolo,113,214977,14101,14099,241,14340,212
2021-06-08,Yuba,115,75493,6122,6103,129,6232,50
2021-06-07,Alameda,001,1643700,88540,88688,1933,90621,1267
2021-06-07,Alpine,003,1148,87,88,0,88,0
2021-06-07,Amador,005,37829,3705,3697,32,3729,46
2021-06-07,Butte,007,227075,12670,12533,1827,14360,194
2021-06-07,Calaveras,009,45235,2182,2181,13,2194,55
2021-06-07,Colusa,011,21464,1956,1960,314,2274,15
2021-06-07,Contra Costa,013,1133247,70164,69718,1280,70998,817
2021-06-07,Del Norte,015,27424,1433,1401,13,1414,8
2021-06-07,El Dorado,017,186661,10368,10305,750,11055,113
2021-06-07,Fresno,019,978130,103023,102659,8626,111285,1717
2021-06-07,Glenn,021,27897,2439,2423,559,2982,19
2021-06-07,Humboldt,023,135768,4372,4354,38,4392,42
2021-06-07,Imperial,025,180216,28675,28754,2693,31447,738
2021-06-07,Inyo,027,18085,1407,1404,12,1416,35
2021-06-07,Kern,029,883053,97594,96645,10902,107547,1324
2021-06-07,Kings,031,150075,23193,23023,1071,24094,244
2021-06-07,Lake,033,64148,3555,3540,9,3549,45
2021-06-07,Lassen,035,31185,5240,5198,114,5312,18
2021-06-07,Los Angeles,037,10098052,1209193,1203664,40846,1244510,24413
2021-06-07,Madera,039,155013,16684,16572,929,17501,240
2021-06-07,Marin,041,260295,14146,14108,257,14365,229
2021-06-07,Mariposa,043,17540,436,434,11,445,5
2021-06-07,Mendocino,045,87422,4080,3998,83,4081,47
2021-06-07,Merced,047,269075,31107,31212,1033,32245,459
2021-06-07,Modoc,049,8938,386,375,134,509,3
2021-06-07,Mono,051,14174,1264,1275,16,1291,3
2021-06-07,Monterey,053,433212,43219,43077,1838,44915,415
2021-06-07,Napa,055,140530,9946,9962,35,9997,80
2021-06-07,Nevada,057,99092,4882,4860,192,5052,72
2021-06-07,Orange,059,3164182,255790,254808,11308,266116,5073
2021-06-07,Placer,061,380077,23519,23176,1507,24683,293
2021-06-07,Plumas,063,18699,712,692,11,703,4
2021-06-07,Riverside,065,2383286,294677,289232,13914,303146,4451
2021-06-07,Sacramento,067,1510023,107051,106841,1763,108604,1655
2021-06-07,San Benito,069,59416,6068,6074,113,6187,63
2021-06-07,San Bernardino,071,2135413,293773,293129,8943,302072,4775
2021-06-07,San Diego,073,3302833,281727,280808,15102,295910,3764
2021-06-07,San Francisco,075,870044,36886,37122,1274,38396,552
2021-06-07,San Joaquin,077,732212,73529,73130,3526,76656,1388
2021-06-07,San Luis Obispo,079,281455,21454,21252,739,21991,255
2021-06-07,San Mateo,081,765935,42464,42479,470,42949,664
2021-06-07,Santa Barbara,083,443738,34511,34407,1119,35526,459
2021-06-07,Santa Clara,085,1922200,118957,119743,755,120498,2066
2021-06-07,Santa Cruz,087,273765,16267,16159,798,16957,208
2021-06-07,Shasta,089,179085,12452,12483,1601,14084,200
2021-06-07,Sierra,091,2930,57,55,12,67,0
2021-06-07,Siskiyou,093,43540,1955,1869,360,2229,21
2021-06-07,Solano,095,438530,33109,33124,555,33679,258
2021-06-07,Sonoma,097,501317,30412,30504,345,30849,323
2021-06-07,Stanislaus,099,539301,56667,56521,5909,62430,972
2021-06-07,Sutter,101,95872,9532,9571,85,9656,111
2021-06-07,Tehama,103,63373,5124,5092,574,5666,63
2021-06-07,Trinity,105,12862,486,329,92,421,3
2021-06-07,Tulare,107,460477,50325,49471,8933,58404,847
2021-06-07,Tuolumne,109,53932,4049,4098,42,4140,63
2021-06-07,Ventura,111,848112,81539,81137,2967,84104,1025
2021-06-07,Yolo,113,214977,14096,14097,240,14337,211
2021-06-07,Yuba,115,75493,6120,6099,126,6225,49
2021-06-06,Alameda,001,1643700,88502,88636,1932,90568,1267
2021-06-06,Alpine,003,1148,87,88,0,88,0
2021-06-06,Amador,005,37829,3702,3696,32,3728,46
2021-06-06,Butte,007,227075,12659,12527,1826,14353,194
2021-06-06,Calaveras,009,45235,2181,2181,13,2194,55
2021-06-06,Colusa,011,21464,1954,1959,314,2273,15
2021-06-06,Contra Costa,013,1133247,70099,69659,1278,70937,817
2021-06-06,Del Norte,015,27424,1428,1401,13,1414,8
2021-06-06,El Dorado,017,186661,10361,10294,750,11044,113
2021-06-06,Fresno,019,978130,102990,102642,8623,111265,1717
2021-06-06,Glenn,021,27897,2438,2423,559,2982,19
2021-06-06,Humboldt,023,135768,4361,4353,38,4391,42
2021-06-06,Imperial,025,180216,28669,28762,2693,31455,738
2021-06-06,Inyo,027,18085,1406,1404,12,1416,35
2021-06-06,Kern,029,883053,97576,96623,10895,107518,1324
2021-06-06,Kings,031,150075,23187,23021,1071,24092,244
2021-06-06,Lake,033,64148,3555,3535,9,3544,45
2021-06-06,Lassen,035,31185,5238,5191,114,5305,18
2021-06-06,Los Angeles,037,10098052,1208994,1203539,40832,1244371,24410
2021-06-06,Madera,039,155013,16677,16567,929,17496,240
2021-06-06,Marin,041,260295,14140,14106,256,14362,229
2021-06-06,Mariposa,043,17540,435,435,11,446,5
2021-06-06,Mendocino,045,87422,4076,3993,83,4076,47
2021-06-06,Merced,047,269075,31101,31215,1032,32247,459
2021-06-06,Modoc,049,8938,386,375,133,508,3
2021-06-06,Mono,051,14174,1264,1275,16,1291,3
2021-06-06,Monterey,053,433212,43214,43078,1838,44916,415
2021-06-06,Napa,055,140530,9940,9963,35,9998,80
2021-06-06,Nevada,057,99092,4875,4854,191,5045,72
2021-06-06,Orange,059,3164182,255754,254782,11303,266085,5073
2021-06-06,Placer,061,380077,23494,23156,1504,24660,293
2021-06-06,Plumas,063,18699,712,692,11,703,4
2021-06-06,Riverside,065,2383286,294638,289201,13908,303109,4451
2021-06-06,Sacramento,067,1510023,106965,106749,1762,108511,1655
2021-06-06,San Benito,069,59416,6062,6074,113,6187,63
2021-06-06,San Bernardino,071,2135413,293716,293117,8934,302051,4773
2021-06-06,San Diego,073,3302833,281647,280743,15085,295828,3764
2021-06-06,San Francisco,075,870044,36873,37118,1272,38390,552
2021-06-06,San Joaquin,077,732212,73497,73105,3522,76627,1388
2021-06-06,San Luis Obispo,079,281455,21451,21246,739,21985,255
2021-06-06,San Mateo,081,765935,42447,42457,470,42927,664
2021-06-06,Santa Barbara,083,443738,34507,34403,1118,35521,459
2021-06-06,Santa Clara,085,1922200,118935,119711,755,120466,2066
2021-06-06,Santa Cruz,087,273765,16266,16158,798,16956,208
2021-06-06,Shasta,089,179085,12437,12478,1598,14076,200
2021-06-06,Sierra,091,2930,57,55,12,67,0
2021-06-06,Siskiyou,093,43540,1952,1869,360,2229,21
2021-06-06,Solano,095,438530,33082,33093,555,33648,258
2021-06-06,Sonoma,097,501317,30381,30478,344,30822,323
2021-06-06,Stanislaus,099,539301,56631,56486,5906,62392,972
2021-06-06,Sutter,101,95872,9525,9567,85,9652,111
2021-06-06,Tehama,103,63373,5114,5092,572,5664,63
2021-06-06,Trinity,105,12862,486,328,92,420,3
2021-06-06,Tulare,107,460477,50316,49466,8928,58394,847
2021-06-06,Tuolumne,109,53932,4046,4097,42,4139,63
2021-06-06,Ventura,111,848112,81528,81130,2964,84094,1025
2021-06-06,Yolo,113,214977,14088,14089,239,14328,210
2021-06-06,Yuba,115,75493,6112,6096,126,6222,49
2021-06-05,Alameda,001,1643700,88469,88612,1932,90544,1268
2021-06-05,Alpine,003,1148,87,88,0,88,0
2021-06-05,Amador,005,37829,3702,3694,32,3726,46
2021-06-05,Butte,007,227075,12653,12514,1825,14339,194
2021-06-05,Calaveras,009,45235,2181,2181,13,2194,55
2021-06-05,Colusa,011,21464,1954,1959,314,2273,15
2021-06-05,Contra Costa,013,1133247,70070,69601,1278,70879,817
2021-06-05,Del Norte,015,27424,1428,1400,13,1413,8
2021-06-05,El Dorado,017,186661,10359,10288,749,11037,113
2021-06-05,Fresno,019,978130,102981,102626,8623,111249,1717
2021-06-05,Glenn,021,27897,2437,2423,559,2982,19
2021-06-05,Humboldt,023,135768,4356,4346,38,4384,42
2021-06-05,Imperial,025,180216,28666,28764,2693,31457,738
2021-06-05,Inyo,027,18085,1406,1405,12,1417,35
2021-06-05,Kern,029,883053,97563,96597,10891,107488,1324
2021-06-05,Kings,031,150075,23184,23017,1071,24088,244
2021-06-05,Lake,033,64148,3552,3534,9,3543,45
2021-06-05,Lassen,035,31185,5237,5191,114,5305,18
2021-06-05,Los Angeles,037,10098052,1208865,1203338,40821,1244159,24411
2021-06-05,Madera,039,155013,16673,16563,929,17492,240
2021-06-05,Marin,041,260295,14138,14101,256,14357,229
2021-06-05,Mariposa,043,17540,435,435,11,446,5
2021-06-05,Mendocino,045,87422,4073,3989,83,4072,47
2021-06-05,Merced,047,269075,31099,31212,1031,32243,459
2021-06-05,Modoc,049,8938,386,375,132,507,3
2021-06-05,Mono,051,14174,1264,1274,16,1290,3
2021-06-05,Monterey,053,433212,43210,43071,1837,44908,415
2021-06-05,Napa,055,140530,9935,9960,35,9995,80
2021-06-05,Nevada,057,99092,4873,4849,191,5040,72
2021-06-05,Orange,059,3164182,255730,254752,11300,266052,5069
2021-06-05,Placer,061,380077,23478,23133,1504,24637,293
2021-06-05,Plumas,063,18699,712,692,11,703,4
2021-06-05,Riverside,065,2383286,294603,289157,13904,303061,4451
2021-06-05,Sacramento,067,1510023,106913,106688,1760,108448,1655
2021-06-05,San Benito,069,59416,6060,6074,113,6187,63
2021-06-05,San Bernardino,071,2135413,293683,293081,8933,302014,4772
2021-06-05,San Diego,073,3302833,281606,280676,15072,295748,3764
2021-06-05,San Francisco,075,870044,36864,37111,1272,38383,552
2021-06-05,San Joaquin,077,732212,73481,73078,3516,76594,1388
2021-06-05,San Luis Obispo,079,281455,21448,21236,739,21975,255
2021-06-05,San Mateo,081,765935,42437,42433,470,42903,664
2021-06-05,Santa Barbara,083,443738,34504,34399,1117,35516,459
2021-06-05,Santa Clara,085,1922200,118913,119676,753,120429,2066
2021-06-05,Santa Cruz,087,273765,16266,16154,798,16952,208
2021-06-05,Shasta,089,179085,12427,12472,1597,14069,200
2021-06-05,Sierra,091,2930,57,55,12,67,0
2021-06-05,Siskiyou,093,43540,1952,1867,360,2227,21
2021-06-05,Solano,095,438530,33067,33074,555,33629,257
2021-06-05,Sonoma,097,501317,30354,30450,342,30792,323
2021-06-05,Stanislaus,099,539301,56623,56463,5904,62367,973
2021-06-05,Sutter,101,95872,9522,9559,85,9644,111
2021-06-05,Tehama,103,63373,5113,5092,571,5663,63
2021-06-05,Trinity,105,12862,486,328,92,420,3
2021-06-05,Tulare,107,460477,50310,49463,8928,58391,847
2021-06-05,Tuolumne,109,53932,4044,4098,42,4140,63
2021-06-05,Ventura,111,848112,81519,81119,2962,84081,1025
2021-06-05,Yolo,113,214977,14086,14088,239,14327,210
2021-06-05,Yuba,115,75493,6111,6087,126,6213,49
2021-06-04,Alameda,001,1643700,88442,88585,1929,90514,1263
2021-06-04,Alpine,003,1148,87,88,0,88,0
2021-06-04,Amador,005,37829,3702,3690,32,3722,46
2021-06-04,Butte,007,227075,12642,12494,1822,14316,193
2021-06-04,Calaveras,009,45235,2181,2179,13,2192,55
2021-06-04,Colusa,011,21464,1954,1959,314,2273,15
2021-06-04,Contra Costa,013,1133247,70035,69540,1275,70815,816
2021-06-04,Del Norte,015,27424,1428,1398,13,1411,8
2021-06-04,El Dorado,017,186661,10355,10284,747,11031,112
2021-06-04,Fresno,019,978130,102965,102601,8623,111224,1712
2021-06-04,Glenn,021,27897,2437,2423,558,2981,19
2021-06-04,Humboldt,023,135768,4351,4327,38,4365,42
2021-06-04,Imperial,025,180216,28662,28753,2693,31446,738
2021-06-04,Inyo,027,18085,1406,1404,12,1416,35
2021-06-04,Kern,029,883053,97545,96573,10889,107462,1327
2021-06-04,Kings,031,150075,23183,23002,1071,24073,244
2021-06-04,Lake,033,64148,3550,3528,9,3537,45
2021-06-04,Lassen,035,31185,5237,5180,114,5294,18
2021-06-04,Los Angeles,037,10098052,1208744,1203106,40812,1243918,24400
2021-06-04,Madera,039,155013,16671,16557,929,17486,240
2021-06-04,Marin,041,260295,14137,14099,255,14354,229
2021-06-04,Mariposa,043,17540,435,435,11,446,5
2021-06-04,Mendocino,045,87422,4064,3983,83,4066,47
2021-06-04,Merced,047,269075,31094,31204,1030,32234,459
2021-06-04,Modoc,049,8938,384,375,132,507,3
2021-06-04,Mono,051,14174,1264,1275,16,1291,3
2021-06-04,Monterey,053,433212,43206,43068,1837,44905,415
2021-06-04,Napa,055,140530,9931,9958,35,9993,80
2021-06-04,Nevada,057,99092,4869,4844,191,5035,72
2021-06-04,Orange,059,3164182,255693,254730,11296,266026,5059
2021-06-04,Placer,061,380077,23462,23110,1503,24613,293
2021-06-04,Plumas,063,18699,712,691,11,702,4
2021-06-04,Riverside,065,2383286,294577,289098,13900,302998,4452
2021-06-04,Sacramento,067,1510023,106859,106616,1759,108375,1654
2021-06-04,San Benito,069,59416,6058,6073,113,6186,63
2021-06-04,San Bernardino,071,2135413,293659,293056,8931,301987,4768
2021-06-04,San Diego,073,3302833,281563,280556,15065,295621,3763
2021-06-04,San Francisco,075,870044,36859,37079,1271,38350,551
2021-06-04,San Joaquin,077,732212,73462,73039,3514,76553,1388
2021-06-04,San Luis Obispo,079,281455,21445,21234,738,21972,255
2021-06-04,San Mateo,081,765935,42425,42413,470,42883,478
2021-06-04,Santa Barbara,083,443738,34498,34402,1116,35518,459
2021-06-04,Santa Clara,085,1922200,118883,119619,753,120372,2065
2021-06-04,Santa Cruz,087,273765,16263,16150,798,16948,207
2021-06-04,Shasta,089,179085,12421,12458,1592,14050,200
2021-06-04,Sierra,091,2930,57,55,12,67,0
2021-06-04,Siskiyou,093,43540,1951,1865,360,2225,21
2021-06-04,Solano,095,438530,33056,33058,555,33613,256
2021-06-04,Sonoma,097,501317,30333,30411,342,30753,323
2021-06-04,Stanislaus,099,539301,56608,56442,5902,62344,973
2021-06-04,Sutter,101,95872,9517,9554,85,9639,111
2021-06-04,Tehama,103,63373,5108,5090,571,5661,63
2021-06-04,Trinity,105,12862,486,328,92,420,3
2021-06-04,Tulare,107,460477,50301,49452,8926,58378,847
2021-06-04,Tuolumne,109,53932,4043,4095,42,4137,63
2021-06-04,Ventura,111,848112,81512,81104,2960,84064,1023
2021-06-04,Yolo,113,214977,14084,14083,239,14322,210
2021-06-04,Yuba,115,75493,6108,6084,126,6210,49
2021-06-03,Alameda,001,1643700,88404,88555,1926,90481,1257
2021-06-03,Alpine,003,1148,87,88,0,88,0
2021-06-03,Amador,005,37829,3694,3688,32,3720,46
2021-06-03,Butte,007,227075,12638,12478,1821,14299,193
2021-06-03,Calaveras,009,45235,2181,2179,13,2192,55
2021-06-03,Colusa,011,21464,1954,1957,314,2271,15
2021-06-03,Contra Costa,013,1133247,69981,69500,1270,70770,816
2021-06-03,Del Norte,015,27424,1426,1397,13,1410,8
2021-06-03,El Dorado,017,186661,10349,10284,744,11028,112
2021-06-03,Fresno,019,978130,102948,102566,8623,111189,1709
2021-06-03,Glenn,021,27897,2437,2421,558,2979,19
2021-06-03,Humboldt,023,135768,4343,4314,38,4352,42
2021-06-03,Imperial,025,180216,28651,28737,2693,31430,738
2021-06-03,Inyo,027,18085,1406,1404,12,1416,35
2021-06-03,Kern,029,883053,97518,96507,10875,107382,1326
2021-06-03,Kings,031,150075,23179,22982,1071,24053,244
2021-06-03,Lake,033,64148,3548,3526,9,3535,45
2021-06-03,Lassen,035,31185,5228,5177,114,5291,12
2021-06-03,Los Angeles,037,10098052,1208572,1202923,40804,1243727,24386
2021-06-03,Madera,039,155013,16664,16554,929,17483,240
2021-06-03,Marin,041,260295,14132,14095,255,14350,230
2021-06-03,Mariposa,043,17540,435,435,11,446,5
2021-06-03,Mendocino,045,87422,4057,3978,83,4061,47
2021-06-03,Merced,047,269075,31091,31199,1030,32229,459
2021-06-03,Modoc,049,8938,383,376,131,507,3
2021-06-03,Mono,051,14174,1264,1275,16,1291,3
2021-06-03,Monterey,053,433212,43203,43063,1837,44900,415
2021-06-03,Napa,055,140530,9924,9957,35,9992,81
2021-06-03,Nevada,057,99092,4865,4837,191,5028,72
2021-06-03,Orange,059,3164182,255665,254676,11286,265962,5056
2021-06-03,Placer,061,380077,23453,23100,1502,24602,293
2021-06-03,Plumas,063,18699,712,691,11,702,4
2021-06-03,Riverside,065,2383286,294522,289035,13896,302931,4447
2021-06-03,Sacramento,067,1510023,106780,106526,1757,108283,1654
2021-06-03,San Benito,069,59416,6058,6073,113,6186,63
2021-06-03,San Bernardino,071,2135413,293628,293021,8931,301952,4762
2021-06-03,San Diego,073,3302833,281499,280430,15055,295485,3761
2021-06-03,San Francisco,075,870044,36853,37072,1271,38343,551
2021-06-03,San Joaquin,077,732212,73434,72989,3510,76499,1388
2021-06-03,San Luis Obispo,079,281455,21440,21224,738,21962,255
2021-06-03,San Mateo,081,765935,42412,42396,470,42866,467
2021-06-03,Santa Barbara,083,443738,34495,34391,1116,35507,459
2021-06-03,Santa Clara,085,1922200,118861,119592,751,120343,2058
2021-06-03,Santa Cruz,087,273765,16261,16144,798,16942,207
2021-06-03,Shasta,089,179085,12406,12441,1589,14030,199
2021-06-03,Sierra,091,2930,57,55,12,67,0
2021-06-03,Siskiyou,093,43540,1951,1862,359,2221,21
2021-06-03,Solano,095,438530,33042,33019,555,33574,256
2021-06-03,Sonoma,097,501317,30311,30383,341,30724,322
2021-06-03,Stanislaus,099,539301,56589,56401,5896,62297,973
2021-06-03,Sutter,101,95872,9508,9539,85,9624,111
2021-06-03,Tehama,103,63373,5108,5087,571,5658,63
2021-06-03,Trinity,105,12862,486,328,92,420,3
2021-06-03,Tulare,107,460477,50298,49442,8922,58364,848
2021-06-03,Tuolumne,109,53932,4041,4095,42,4137,63
2021-06-03,Ventura,111,848112,81500,81078,2958,84036,1023
2021-06-03,Yolo,113,214977,14080,14078,237,14315,210
2021-06-03,Yuba,115,75493,6101,6077,126,6203,49
2021-06-02,Alameda,001,1643700,88359,88525,1924,90449,1254
2021-06-02,Alpine,003,1148,87,88,0,88,0
2021-06-02,Amador,005,37829,3692,3687,32,3719,46
2021-06-02,Butte,007,227075,12618,12432,1818,14250,193
2021-06-02,Calaveras,009,45235,2178,2174,13,2187,55
2021-06-02,Colusa,011,21464,1953,1957,314,2271,15
2021-06-02,Contra Costa,013,1133247,69930,69455,1268,70723,814
2021-06-02,Del Norte,015,27424,1424,1395,13,1408,8
2021-06-02,El Dorado,017,186661,10345,10275,744,11019,110
2021-06-02,Fresno,019,978130,102924,102547,8620,111167,1707
2021-06-02,Glenn,021,27897,2437,2421,558,2979,19
2021-06-02,Humboldt,023,135768,4328,4302,38,4340,42
2021-06-02,Imperial,025,180216,28645,28737,2692,31429,738
2021-06-02,Inyo,027,18085,1405,1403,12,1415,35
2021-06-02,Kern,029,883053,97491,96481,10868,107349,1326
2021-06-02,Kings,031,150075,23177,22981,1070,24051,244
2021-06-02,Lake,033,64148,3543,3522,9,3531,45
2021-06-02,Lassen,035,31185,5227,5177,114,5291,6
2021-06-02,Los Angeles,037,10098052,1208368,1202760,40795,1243555,24375
2021-06-02,Madera,039,155013,16656,16550,929,17479,240
2021-06-02,Marin,041,260295,14130,14091,254,14345,229
2021-06-02,Mariposa,043,17540,435,434,11,445,5
2021-06-02,Mendocino,045,87422,4051,3970,83,4053,47
2021-06-02,Merced,047,269075,31078,31195,1029,32224,458
2021-06-02,Modoc,049,8938,382,375,130,505,3
2021-06-02,Mono,051,14174,1264,1275,16,1291,3
2021-06-02,Monterey,053,433212,43201,43056,1837,44893,380
2021-06-02,Napa,055,140530,9923,9953,35,9988,82
2021-06-02,Nevada,057,99092,4862,4833,191,5024,72
2021-06-02,Orange,059,3164182,255616,254637,11279,265916,5055
2021-06-02,Placer,061,380077,23432,23058,1500,24558,293
2021-06-02,Plumas,063,18699,712,690,11,701,4
2021-06-02,Riverside,065,2383286,294464,289012,13886,302898,4445
2021-06-02,Sacramento,067,1510023,106715,106435,1751,108186,1649
2021-06-02,San Benito,069,59416,6057,6073,113,6186,63
2021-06-02,San Bernardino,071,2135413,293580,293004,8926,301930,4760
2021-06-02,San Diego,073,3302833,281419,280347,15034,295381,3760
2021-06-02,San Francisco,075,870044,36833,37050,1270,38320,550
2021-06-02,San Joaquin,077,732212,73403,72893,3507,76400,1387
2021-06-02,San Luis Obispo,079,281455,21433,21214,737,21951,255
2021-06-02,San Mateo,081,765935,42402,42383,469,42852,464
2021-06-02,Santa Barbara,083,443738,34488,34381,1116,35497,456
2021-06-02,Santa Clara,085,1922200,118833,119553,750,120303,2058
2021-06-02,Santa Cruz,087,273765,16258,16144,798,16942,207
2021-06-02,Shasta,089,179085,12388,12426,1584,14010,199
2021-06-02,Sierra,091,2930,57,55,12,67,0
2021-06-02,Siskiyou,093,43540,1951,1861,357,2218,21
2021-06-02,Solano,095,438530,33030,33007,554,33561,256
2021-06-02,Sonoma,097,501317,30292,30359,336,30695,322
2021-06-02,Stanislaus,099,539301,56570,56377,5891,62268,973
2021-06-02,Sutter,101,95872,9505,9533,85,9618,111
2021-06-02,Tehama,103,63373,5105,5081,571,5652,63
2021-06-02,Trinity,105,12862,484,328,92,420,3
2021-06-02,Tulare,107,460477,50290,49434,8918,58352,846
2021-06-02,Tuolumne,109,53932,4040,4095,42,4137,63
2021-06-02,Ventura,111,848112,81475,81033,2958,83991,1020
2021-06-02,Yolo,113,214977,14077,14074,236,14310,210
2021-06-02,Yuba,115,75493,6095,6072,126,6198,48
2021-06-01,Alameda,001,1643700,88324,88472,1922,90394,1253
2021-06-01,Alpine,003,1148,87,88,0,88,0
2021-06-01,Amador,005,37829,3690,3687,32,3719,46
2021-06-01,Butte,007,227075,12604,12427,1817,14244,193
2021-06-01,Calaveras,009,45235,2176,2173,13,2186,55
2021-06-01,Colusa,011,21464,1952,1955,313,2268,15
2021-06-01,Contra Costa,013,1133247,69872,69404,1268,70672,813
2021-06-01,Del Norte,015,27424,1423,1394,13,1407,8
2021-06-01,El Dorado,017,186661,10339,10271,744,11015,110
2021-06-01,Fresno,019,978130,102900,102534,8617,111151,1706
2021-06-01,Glenn,021,27897,2437,2422,558,2980,18
2021-06-01,Humboldt,023,135768,4318,4299,38,4337,42
2021-06-01,Imperial,025,180216,28641,28722,2690,31412,736
2021-06-01,Inyo,027,18085,1405,1403,12,1415,35
2021-06-01,Kern,029,883053,97464,96477,10860,107337,1319
2021-06-01,Kings,031,150075,23173,22977,1070,24047,244
2021-06-01,Lake,033,64148,3542,3523,9,3532,45
2021-06-01,Lassen,035,31185,5220,5172,114,5286,6
2021-06-01,Los Angeles,037,10098052,1208131,1202673,40781,1243454,24367
2021-06-01,Madera,039,155013,16647,16549,928,17477,240
2021-06-01,Marin,041,260295,14128,14081,254,14335,229
2021-06-01,Mariposa,043,17540,435,431,11,442,5
2021-06-01,Mendocino,045,87422,4044,3966,83,4049,47
2021-06-01,Merced,047,269075,31068,31195,1029,32224,456
2021-06-01,Modoc,049,8938,380,375,130,505,3
2021-06-01,Mono,051,14174,1264,1275,16,1291,3
2021-06-01,Monterey,053,433212,43195,43051,1837,44888,379
2021-06-01,Napa,055,140530,9921,9949,35,9984,82
2021-06-01,Nevada,057,99092,4857,4825,191,5016,72
2021-06-01,Orange,059,3164182,255580,254603,11271,265874,5051
2021-06-01,Placer,061,380077,23402,23021,1498,24519,293
2021-06-01,Plumas,063,18699,711,690,11,701,4
2021-06-01,Riverside,065,2383286,294411,288996,13880,302876,4442
2021-06-01,Sacramento,067,1510023,106643,106330,1749,108079,1644
2021-06-01,San Benito,069,59416,6056,6073,112,6185,63
2021-06-01,San Bernardino,071,2135413,293555,292990,8925,301915,4758
2021-06-01,San Diego,073,3302833,281315,280305,15017,295322,3756
2021-06-01,San Francisco,075,870044,36817,37031,1270,38301,550
2021-06-01,San Joaquin,077,732212,73371,72858,3506,76364,1383
2021-06-01,San Luis Obispo,079,281455,21428,21217,737,21954,256
2021-06-01,San Mateo,081,765935,42386,42383,468,42851,462
2021-06-01,Santa Barbara,083,443738,34484,34374,1116,35490,456
2021-06-01,Santa Clara,085,1922200,118805,119528,750,120278,2057
2021-06-01,Santa Cruz,087,273765,16254,16143,797,16940,207
2021-06-01,Shasta,089,179085,12379,12409,1579,13988,199
2021-06-01,Sierra,091,2930,57,55,12,67,0
2021-06-01,Siskiyou,093,43540,1944,1860,356,2216,21
2021-06-01,Solano,095,438530,33005,32974,553,33527,256
2021-06-01,Sonoma,097,501317,30253,30324,335,30659,322
2021-06-01,Stanislaus,099,539301,56553,56348,5889,62237,973
2021-06-01,Sutter,101,95872,9498,9528,85,9613,111
2021-06-01,Tehama,103,63373,5103,5079,571,5650,63
2021-06-01,Trinity,105,12862,483,328,91,419,3
2021-06-01,Tulare,107,460477,50282,49419,8914,58333,845
2021-06-01,Tuolumne,109,53932,4040,4094,42,4136,63
2021-06-01,Ventura,111,848112,81459,81018,2957,83975,1021
2021-06-01,Yolo,113,214977,14071,14067,236,14303,210
2021-06-01,Yuba,115,75493,6091,6067,126,6193,48
2021-05-31,Alameda,001,1643700,88288,88458,1918,90376,1253
2021-05-31,Alpine,003,1148,87,88,0,88,0
2021-05-31,Amador,005,37829,3684,3687,32,3719,46
2021-05-31,Butte,007,227075,12591,12429,1817,14246,193
2021-05-31,Calaveras,009,45235,2175,2171,13,2184,55
2021-05-31,Colusa,011,21464,1952,1956,312,2268,15
2021-05-31,Contra Costa,013,1133247,69835,69390,1267,70657,813
2021-05-31,Del Norte,015,27424,1420,1394,13,1407,8
2021-05-31,El Dorado,017,186661,10333,10271,742,11013,110
2021-05-31,Fresno,019,978130,102863,102507,8617,111124,1706
2021-05-31,Glenn,021,27897,2436,2422,557,2979,18
2021-05-31,Humboldt,023,135768,4306,4295,38,4333,42
2021-05-31,Imperial,025,180216,28635,28732,2687,31419,736
2021-05-31,Inyo,027,18085,1404,1403,12,1415,35
2021-05-31,Kern,029,883053,97428,96457,10851,107308,1319
2021-05-31,Kings,031,150075,23169,22977,1070,24047,244
2021-05-31,Lake,033,64148,3537,3523,9,3532,45
2021-05-31,Lassen,035,31185,5218,5172,113,5285,6
2021-05-31,Los Angeles,037,10098052,1207888,1202567,40772,1243339,24364
2021-05-31,Madera,039,155013,16646,16543,927,17470,240
2021-05-31,Marin,041,260295,14126,14080,254,14334,229
2021-05-31,Mariposa,043,17540,435,430,11,441,5
2021-05-31,Mendocino,045,87422,4034,3961,83,4044,47
2021-05-31,Merced,047,269075,31063,31194,1029,32223,456
2021-05-31,Modoc,049,8938,379,374,130,504,3
2021-05-31,Mono,051,14174,1264,1275,16,1291,3
2021-05-31,Monterey,053,433212,43191,43051,1837,44888,379
2021-05-31,Napa,055,140530,9914,9948,35,9983,82
2021-05-31,Nevada,057,99092,4847,4823,190,5013,72
2021-05-31,Orange,059,3164182,255552,254572,11263,265835,5051
2021-05-31,Placer,061,380077,23375,23019,1494,24513,293
2021-05-31,Plumas,063,18699,710,690,11,701,4
2021-05-31,Riverside,065,2383286,294354,288970,13868,302838,4442
2021-05-31,Sacramento,067,1510023,106546,106278,1744,108022,1644
2021-05-31,San Benito,069,59416,6056,6072,112,6184,63
2021-05-31,San Bernardino,071,2135413,293507,292973,8924,301897,4758
2021-05-31,San Diego,073,3302833,281211,280254,15005,295259,3756
2021-05-31,San Francisco,075,870044,36802,37022,1269,38291,550
2021-05-31,San Joaquin,077,732212,73322,72856,3500,76356,1383
2021-05-31,San Luis Obispo,079,281455,21420,21215,737,21952,256
2021-05-31,San Mateo,081,765935,42370,42389,468,42857,442
2021-05-31,Santa Barbara,083,443738,34471,34369,1114,35483,456
2021-05-31,Santa Clara,085,1922200,118761,119515,750,120265,2057
2021-05-31,Santa Cruz,087,273765,16251,16139,797,16936,207
2021-05-31,Shasta,089,179085,12363,12408,1576,13984,199
2021-05-31,Sierra,091,2930,57,55,12,67,0
2021-05-31,Siskiyou,093,43540,1943,1856,355,2211,21
2021-05-31,Solano,095,438530,32955,32973,553,33526,256
2021-05-31,Sonoma,097,501317,30210,30314,335,30649,322
2021-05-31,Stanislaus,099,539301,56512,56335,5886,62221,973
2021-05-31,Sutter,101,95872,9479,9523,85,9608,111
2021-05-31,Tehama,103,63373,5100,5076,570,5646,63
2021-05-31,Trinity,105,12862,483,328,91,419,3
2021-05-31,Tulare,107,460477,50271,49404,8909,58313,845
2021-05-31,Tuolumne,109,53932,4038,4095,42,4137,63
2021-05-31,Ventura,111,848112,81444,81017,2954,83971,1021
2021-05-31,Yolo,113,214977,14067,14064,236,14300,210
2021-05-31,Yuba,115,75493,6085,6063,123,6186,48
2021-05-30,Alameda,001,1643700,88264,88429,1918,90347,1253
2021-05-30,Alpine,003,1148,87,88,0,88,0
2021-05-30,Amador,005,37829,3680,3685,32,3717,46
2021-05-30,Butte,007,227075,12581,12427,1815,14242,190
2021-05-30,Calaveras,009,45235,2171,2166,13,2179,55
2021-05-30,Colusa,011,21464,1952,1954,312,2266,15
2021-05-30,Contra Costa,013,1133247,69801,69381,1265,70646,813
2021-05-30,Del Norte,015,27424,1419,1393,13,1406,8
2021-05-30,El Dorado,017,186661,10330,10271,742,11013,110
2021-05-30,Fresno,019,978130,102846,102499,8613,111112,1706
2021-05-30,Glenn,021,27897,2436,2422,556,2978,18
2021-05-30,Humboldt,023,135768,4298,4291,38,4329,42
2021-05-30,Imperial,025,180216,28631,28732,2686,31418,736
2021-05-30,Inyo,027,18085,1404,1403,12,1415,35
2021-05-30,Kern,029,883053,97412,96443,10848,107291,1319
2021-05-30,Kings,031,150075,23168,22974,1070,24044,244
2021-05-30,Lake,033,64148,3537,3517,9,3526,45
2021-05-30,Lassen,035,31185,5216,5171,113,5284,6
2021-05-30,Los Angeles,037,10098052,1207773,1202425,40765,1243190,24360
2021-05-30,Madera,039,155013,16642,16538,927,17465,240
2021-05-30,Marin,041,260295,14122,14083,253,14336,229
2021-05-30,Mariposa,043,17540,435,430,11,441,5
2021-05-30,Mendocino,045,87422,4027,3955,83,4038,47
2021-05-30,Merced,047,269075,31059,31189,1028,32217,456
2021-05-30,Modoc,049,8938,379,374,130,504,3
2021-05-30,Mono,051,14174,1264,1275,16,1291,3
2021-05-30,Monterey,053,433212,43188,43049,1837,44886,379
2021-05-30,Napa,055,140530,9913,9948,35,9983,82
2021-05-30,Nevada,057,99092,4841,4818,190,5008,72
2021-05-30,Orange,059,3164182,255529,254559,11262,265821,5051
2021-05-30,Placer,061,380077,23369,23016,1494,24510,293
2021-05-30,Plumas,063,18699,708,690,11,701,4
2021-05-30,Riverside,065,2383286,294333,288961,13866,302827,4442
2021-05-30,Sacramento,067,1510023,106500,106252,1742,107994,1644
2021-05-30,San Benito,069,59416,6056,6072,112,6184,63
2021-05-30,San Bernardino,071,2135413,293481,292981,8923,301904,4758
2021-05-30,San Diego,073,3302833,281155,280209,15000,295209,3756
2021-05-30,San Francisco,075,870044,36783,37016,1269,38285,550
2021-05-30,San Joaquin,077,732212,73305,72853,3499,76352,1383
2021-05-30,San Luis Obispo,079,281455,21411,21211,736,21947,256
2021-05-30,San Mateo,081,765935,42362,42386,468,42854,439
2021-05-30,Santa Barbara,083,443738,34467,34369,1114,35483,456
2021-05-30,Santa Clara,085,1922200,118739,119510,746,120256,2057
2021-05-30,Santa Cruz,087,273765,16249,16140,797,16937,207
2021-05-30,Shasta,089,179085,12361,12408,1573,13981,199
2021-05-30,Sierra,091,2930,57,55,12,67,0
2021-05-30,Siskiyou,093,43540,1943,1856,355,2211,21
2021-05-30,Solano,095,438530,32944,32952,552,33504,256
2021-05-30,Sonoma,097,501317,30193,30310,334,30644,322
2021-05-30,Stanislaus,099,539301,56501,56323,5885,62208,973
2021-05-30,Sutter,101,95872,9478,9519,84,9603,111
2021-05-30,Tehama,103,63373,5100,5073,570,5643,63
2021-05-30,Trinity,105,12862,483,328,91,419,3
2021-05-30,Tulare,107,460477,50264,49397,8901,58298,845
2021-05-30,Tuolumne,109,53932,4038,4094,42,4136,63
2021-05-30,Ventura,111,848112,81440,81012,2953,83965,1021
2021-05-30,Yolo,113,214977,14062,14059,235,14294,210
2021-05-30,Yuba,115,75493,6078,6063,122,6185,48
2021-05-29,Alameda,001,1643700,88241,88433,1916,90349,1253
2021-05-29,Alpine,003,1148,87,88,0,88,0
2021-05-29,Amador,005,37829,3679,3683,32,3715,46
2021-05-29,Butte,007,227075,12575,12425,1815,14240,190
2021-05-29,Calaveras,009,45235,2170,2166,13,2179,55
2021-05-29,Colusa,011,21464,1949,1954,312,2266,15
2021-05-29,Contra Costa,013,1133247,69768,69351,1265,70616,813
2021-05-29,Del Norte,015,27424,1419,1391,13,1404,8
2021-05-29,El Dorado,017,186661,10329,10269,740,11009,110
2021-05-29,Fresno,019,978130,102834,102470,8610,111080,1706
2021-05-29,Glenn,021,27897,2436,2422,555,2977,18
2021-05-29,Humboldt,023,135768,4292,4283,38,4321,42
2021-05-29,Imperial,025,180216,28628,28729,2685,31414,736
2021-05-29,Inyo,027,18085,1404,1404,12,1416,35
2021-05-29,Kern,029,883053,97401,96424,10835,107259,1319
2021-05-29,Kings,031,150075,23167,22970,1069,24039,244
2021-05-29,Lake,033,64148,3537,3515,9,3524,45
2021-05-29,Lassen,035,31185,5216,5171,113,5284,6
2021-05-29,Los Angeles,037,10098052,1207650,1202264,40762,1243026,24359
2021-05-29,Madera,039,155013,16640,16535,927,17462,240
2021-05-29,Marin,041,260295,14118,14071,252,14323,229
2021-05-29,Mariposa,043,17540,434,428,11,439,5
2021-05-29,Mendocino,045,87422,4021,3952,83,4035,47
2021-05-29,Merced,047,269075,31047,31187,1028,32215,456
2021-05-29,Modoc,049,8938,379,374,130,504,3
2021-05-29,Mono,051,14174,1264,1275,16,1291,3
2021-05-29,Monterey,053,433212,43186,43042,1837,44879,379
2021-05-29,Napa,055,140530,9910,9948,35,9983,82
2021-05-29,Nevada,057,99092,4840,4816,190,5006,72
2021-05-29,Orange,059,3164182,255507,254537,11252,265789,5049
2021-05-29,Placer,061,380077,23354,23009,1493,24502,293
2021-05-29,Plumas,063,18699,708,689,11,700,4
2021-05-29,Riverside,065,2383286,294313,288908,13865,302773,4442
2021-05-29,Sacramento,067,1510023,106470,106218,1741,107959,1643
2021-05-29,San Benito,069,59416,6055,6072,112,6184,63
2021-05-29,San Bernardino,071,2135413,293448,292961,8922,301883,4757
2021-05-29,San Diego,073,3302833,281096,280151,14995,295146,3756
2021-05-29,San Francisco,075,870044,36774,37008,1269,38277,550
2021-05-29,San Joaquin,077,732212,73289,72827,3497,76324,1383
2021-05-29,San Luis Obispo,079,281455,21409,21201,736,21937,256
2021-05-29,San Mateo,081,765935,42354,42375,467,42842,439
2021-05-29,Santa Barbara,083,443738,34463,34367,1114,35481,456
2021-05-29,Santa Clara,085,1922200,118715,119498,745,120243,2056
2021-05-29,Santa Cruz,087,273765,16248,16137,797,16934,207
2021-05-29,Shasta,089,179085,12353,12401,1572,13973,199
2021-05-29,Sierra,091,2930,57,55,12,67,0
2021-05-29,Siskiyou,093,43540,1938,1856,355,2211,21
2021-05-29,Solano,095,438530,32935,32917,552,33469,256
2021-05-29,Sonoma,097,501317,30170,30298,333,30631,322
2021-05-29,Stanislaus,099,539301,56483,56305,5883,62188,974
2021-05-29,Sutter,101,95872,9474,9516,84,9600,111
2021-05-29,Tehama,103,63373,5099,5070,570,5640,63
2021-05-29,Trinity,105,12862,483,328,91,419,3
2021-05-29,Tulare,107,460477,50254,49392,8897,58289,845
2021-05-29,Tuolumne,109,53932,4038,4093,42,4135,63
2021-05-29,Ventura,111,848112,81432,81008,2953,83961,1021
2021-05-29,Yolo,113,214977,14061,14055,235,14290,210
2021-05-29,Yuba,115,75493,6078,6059,122,6181,48
2021-05-28,Alameda,001,1643700,88217,88391,1912,90303,1261
2021-05-28,Alpine,003,1148,87,88,0,88,0
2021-05-28,Amador,005,37829,3679,3680,32,3712,46
2021-05-28,Butte,007,227075,12572,12407,1814,14221,190
2021-05-28,Calaveras,009,45235,2169,2165,13,2178,55
2021-05-28,Colusa,011,21464,1949,1954,310,2264,15
2021-05-28,Contra Costa,013,1133247,69732,69290,1264,70554,813
2021-05-28,Del Norte,015,27424,1418,1390,13,1403,8
2021-05-28,El Dorado,017,186661,10326,10265,740,11005,110
2021-05-28,Fresno,019,978130,102819,102437,8610,111047,1705
2021-05-28,Glenn,021,27897,2436,2419,555,2974,18
2021-05-28,Humboldt,023,135768,4285,4265,38,4303,42
2021-05-28,Imperial,025,180216,28625,28722,2685,31407,736
2021-05-28,Inyo,027,18085,1404,1404,12,1416,35
2021-05-28,Kern,029,883053,97384,96396,10827,107223,1320
2021-05-28,Kings,031,150075,23165,22962,1069,24031,244
2021-05-28,Lake,033,64148,3535,3515,9,3524,45
2021-05-28,Lassen,035,31185,5216,5169,113,5282,6
2021-05-28,Los Angeles,037,10098052,1207539,1202103,40752,1242855,24357
2021-05-28,Madera,039,155013,16638,16530,927,17457,240
2021-05-28,Marin,041,260295,14117,14063,251,14314,229
2021-05-28,Mariposa,043,17540,434,428,11,439,5
2021-05-28,Mendocino,045,87422,4016,3947,83,4030,47
2021-05-28,Merced,047,269075,31044,31176,1028,32204,455
2021-05-28,Modoc,049,8938,379,374,130,504,3
2021-05-28,Mono,051,14174,1264,1274,16,1290,3
2021-05-28,Monterey,053,433212,43185,43036,1837,44873,379
2021-05-28,Napa,055,140530,9910,9941,35,9976,82
2021-05-28,Nevada,057,99092,4838,4813,190,5003,71
2021-05-28,Orange,059,3164182,255487,254494,11250,265744,5047
2021-05-28,Placer,061,380077,23344,22987,1491,24478,293
2021-05-28,Plumas,063,18699,706,688,11,699,4
2021-05-28,Riverside,065,2383286,294291,288872,13863,302735,4442
2021-05-28,Sacramento,067,1510023,106414,106131,1739,107870,1642
2021-05-28,San Benito,069,59416,6055,6074,112,6186,63
2021-05-28,San Bernardino,071,2135413,293425,292905,8922,301827,4757
2021-05-28,San Diego,073,3302833,281033,280043,14984,295027,3756
2021-05-28,San Francisco,075,870044,36768,36987,1269,38256,546
2021-05-28,San Joaquin,077,732212,73259,72793,3495,76288,1383
2021-05-28,San Luis Obispo,079,281455,21404,21190,734,21924,256
2021-05-28,San Mateo,081,765935,42348,42364,467,42831,439
2021-05-28,Santa Barbara,083,443738,34462,34371,1114,35485,455
2021-05-28,Santa Clara,085,1922200,118691,119462,745,120207,2056
2021-05-28,Santa Cruz,087,273765,16247,16129,797,16926,207
2021-05-28,Shasta,089,179085,12344,12383,1570,13953,198
2021-05-28,Sierra,091,2930,57,54,12,66,0
2021-05-28,Siskiyou,093,43540,1936,1850,355,2205,19
2021-05-28,Solano,095,438530,32920,32892,552,33444,256
2021-05-28,Sonoma,097,501317,30151,30270,333,30603,321
2021-05-28,Stanislaus,099,539301,56464,56278,5880,62158,974
2021-05-28,Sutter,101,95872,9470,9511,84,9595,111
2021-05-28,Tehama,103,63373,5093,5064,570,5634,63
2021-05-28,Trinity,105,12862,483,328,91,419,3
2021-05-28,Tulare,107,460477,50249,49375,8888,58263,846
2021-05-28,Tuolumne,109,53932,4038,4090,42,4132,63
2021-05-28,Ventura,111,848112,81421,80985,2952,83937,1021
2021-05-28,Yolo,113,214977,14058,14050,234,14284,210
2021-05-28,Yuba,115,75493,6076,6050,121,6171,48
2021-05-27,Alameda,001,1643700,88182,88342,1912,90254,1274
2021-05-27,Alpine,003,1148,87,88,0,88,0
2021-05-27,Amador,005,37829,3676,3680,32,3712,46
2021-05-27,Butte,007,227075,12567,12401,1813,14214,190
2021-05-27,Calaveras,009,45235,2168,2163,13,2176,55
2021-05-27,Colusa,011,21464,1946,1952,310,2262,15
2021-05-27,Contra Costa,013,1133247,69690,69245,1262,70507,813
2021-05-27,Del Norte,015,27424,1418,1388,13,1401,8
2021-05-27,El Dorado,017,186661,10325,10248,740,10988,112
2021-05-27,Fresno,019,978130,102803,102413,8607,111020,1704
2021-05-27,Glenn,021,27897,2436,2415,555,2970,18
2021-05-27,Humboldt,023,135768,4277,4260,38,4298,42
2021-05-27,Imperial,025,180216,28614,28728,2685,31413,736
2021-05-27,Inyo,027,18085,1404,1404,12,1416,35
2021-05-27,Kern,029,883053,97368,96364,10819,107183,1322
2021-05-27,Kings,031,150075,23162,22953,1069,24022,245
2021-05-27,Lake,033,64148,3530,3509,9,3518,45
2021-05-27,Lassen,035,31185,5215,5170,112,5282,6
2021-05-27,Los Angeles,037,10098052,1207369,1201927,40739,1242666,24348
2021-05-27,Madera,039,155013,16629,16527,927,17454,240
2021-05-27,Marin,041,260295,14113,14061,251,14312,229
2021-05-27,Mariposa,043,17540,432,427,11,438,5
2021-05-27,Mendocino,045,87422,4010,3945,83,4028,47
2021-05-27,Merced,047,269075,31032,31161,1028,32189,455
2021-05-27,Modoc,049,8938,378,374,130,504,3
2021-05-27,Mono,051,14174,1264,1276,16,1292,3
2021-05-27,Monterey,053,433212,43179,43032,1837,44869,379
2021-05-27,Napa,055,140530,9909,9934,35,9969,82
2021-05-27,Nevada,057,99092,4834,4807,188,4995,71
2021-05-27,Orange,059,3164182,255450,254438,11246,265684,5059
2021-05-27,Placer,061,380077,23335,22966,1491,24457,293
2021-05-27,Plumas,063,18699,706,687,11,698,4
2021-05-27,Riverside,065,2383286,294255,288835,13858,302693,4443
2021-05-27,Sacramento,067,1510023,106339,106015,1737,107752,1642
2021-05-27,San Benito,069,59416,6054,6074,112,6186,63
2021-05-27,San Bernardino,071,2135413,293389,292755,8920,301675,4756
2021-05-27,San Diego,073,3302833,280959,279960,14970,294930,3756
2021-05-27,San Francisco,075,870044,36762,36980,1266,38246,546
2021-05-27,San Joaquin,077,732212,73227,72714,3492,76206,1388
2021-05-27,San Luis Obispo,079,281455,21399,21171,734,21905,256
2021-05-27,San Mateo,081,765935,42339,42345,467,42812,436
2021-05-27,Santa Barbara,083,443738,34457,34355,1114,35469,456
2021-05-27,Santa Clara,085,1922200,118670,119452,745,120197,2053
2021-05-27,Santa Cruz,087,273765,16245,16134,797,16931,207
2021-05-27,Shasta,089,179085,12334,12380,1570,13950,202
2021-05-27,Sierra,091,2930,57,54,12,66,0
2021-05-27,Siskiyou,093,43540,1933,1846,355,2201,18
2021-05-27,Solano,095,438530,32879,32855,551,33406,257
2021-05-27,Sonoma,097,501317,30124,30253,329,30582,321
2021-05-27,Stanislaus,099,539301,56439,56207,5879,62086,974
2021-05-27,Sutter,101,95872,9466,9501,84,9585,111
2021-05-27,Tehama,103,63373,5090,5064,569,5633,63
2021-05-27,Trinity,105,12862,483,328,91,419,3
2021-05-27,Tulare,107,460477,50235,49366,8879,58245,840
2021-05-27,Tuolumne,109,53932,4037,4090,42,4132,66
2021-05-27,Ventura,111,848112,81408,80965,2949,83914,1023
2021-05-27,Yolo,113,214977,14055,14036,234,14270,213
2021-05-27,Yuba,115,75493,6071,6040,120,6160,48
2021-05-26,Alameda,001,1643700,88153,88297,1912,90209,1266
2021-05-26,Alpine,003,1148,87,88,0,88,0
2021-05-26,Amador,005,37829,3676,3679,32,3711,46
2021-05-26,Butte,007,227075,12558,12332,1812,14144,190
2021-05-26,Calaveras,009,45235,2167,2154,13,2167,55
2021-05-26,Colusa,011,21464,1945,1952,310,2262,15
2021-05-26,Contra Costa,013,1133247,69653,69210,1262,70472,812
2021-05-26,Del Norte,015,27424,1418,1386,12,1398,8
2021-05-26,El Dorado,017,186661,10321,10242,739,10981,112
2021-05-26,Fresno,019,978130,102770,102374,8602,110976,1702
2021-05-26,Glenn,021,27897,2435,2415,555,2970,18
2021-05-26,Humboldt,023,135768,4272,4246,38,4284,42
2021-05-26,Imperial,025,180216,28609,28712,2683,31395,734
2021-05-26,Inyo,027,18085,1404,1403,12,1415,36
2021-05-26,Kern,029,883053,97343,96343,10812,107155,1320
2021-05-26,Kings,031,150075,23158,22950,1068,24018,245
2021-05-26,Lake,033,64148,3529,3508,9,3517,45
2021-05-26,Lassen,035,31185,5214,5164,112,5276,6
2021-05-26,Los Angeles,037,10098052,1207201,1198100,40723,1238823,24221
2021-05-26,Madera,039,155013,16626,16520,927,17447,240
2021-05-26,Marin,041,260295,14110,14061,250,14311,227
2021-05-26,Mariposa,043,17540,432,427,11,438,5
2021-05-26,Mendocino,045,87422,4004,3938,83,4021,47
2021-05-26,Merced,047,269075,31023,31139,1028,32167,455
2021-05-26,Modoc,049,8938,378,371,129,500,3
2021-05-26,Mono,051,14174,1264,1274,16,1290,3
2021-05-26,Monterey,053,433212,43173,43018,1836,44854,379
2021-05-26,Napa,055,140530,9902,9932,33,9965,82
2021-05-26,Nevada,057,99092,4829,4803,188,4991,70
2021-05-26,Orange,059,3164182,255414,254368,11243,265611,5058
2021-05-26,Placer,061,380077,23311,22940,1491,24431,293
2021-05-26,Plumas,063,18699,705,685,11,696,4
2021-05-26,Riverside,065,2383286,294209,288782,13851,302633,4443
2021-05-26,Sacramento,067,1510023,106253,105919,1733,107652,1637
2021-05-26,San Benito,069,59416,6054,6074,112,6186,63
2021-05-26,San Bernardino,071,2135413,293354,292662,8919,301581,4755
2021-05-26,San Diego,073,3302833,280884,279859,14960,294819,3755
2021-05-26,San Francisco,075,870044,36750,36954,1266,38220,546
2021-05-26,San Joaquin,077,732212,73185,72681,3489,76170,1388
2021-05-26,San Luis Obispo,079,281455,21393,21163,734,21897,256
2021-05-26,San Mateo,081,765935,42331,42331,467,42798,436
2021-05-26,Santa Barbara,083,443738,34448,34348,1114,35462,459
2021-05-26,Santa Clara,085,1922200,118643,119421,744,120165,2031
2021-05-26,Santa Cruz,087,273765,16244,16139,797,16936,207
2021-05-26,Shasta,089,179085,12319,12357,1567,13924,202
2021-05-26,Sierra,091,2930,57,54,12,66,0
2021-05-26,Siskiyou,093,43540,1931,1847,353,2200,18
2021-05-26,Solano,095,438530,32843,32831,551,33382,257
2021-05-26,Sonoma,097,501317,30097,30230,329,30559,321
2021-05-26,Stanislaus,099,539301,56417,56193,5877,62070,974
2021-05-26,Sutter,101,95872,9461,9495,84,9579,112
2021-05-26,Tehama,103,63373,5089,5054,566,5620,63
2021-05-26,Trinity,105,12862,483,328,91,419,3
2021-05-26,Tulare,107,460477,50228,49352,8875,58227,839
2021-05-26,Tuolumne,109,53932,4033,4088,41,4129,66
2021-05-26,Ventura,111,848112,81385,80944,2947,83891,1023
2021-05-26,Yolo,113,214977,14052,14025,234,14259,213
2021-05-26,Yuba,115,75493,6066,6036,120,6156,49
2021-05-25,Alameda,001,1643700,88123,88237,1912,90149,1263
2021-05-25,Alpine,003,1148,87,88,0,88,0
2021-05-25,Amador,005,37829,3671,3676,32,3708,46
2021-05-25,Butte,007,227075,12547,12295,1811,14106,189
2021-05-25,Calaveras,009,45235,2165,2148,13,2161,55
2021-05-25,Colusa,011,21464,1944,1949,310,2259,15
2021-05-25,Contra Costa,013,1133247,69601,69167,1257,70424,809
2021-05-25,Del Norte,015,27424,1418,1385,12,1397,8
2021-05-25,El Dorado,017,186661,10314,10240,738,10978,112
2021-05-25,Fresno,019,978130,102749,102329,8600,110929,1701
2021-05-25,Glenn,021,27897,2434,2414,554,2968,17
2021-05-25,Humboldt,023,135768,4265,4231,36,4267,42
2021-05-25,Imperial,025,180216,28602,28586,2683,31269,735
2021-05-25,Inyo,027,18085,1404,1402,12,1414,36
2021-05-25,Kern,029,883053,97312,96319,10798,107117,1319
2021-05-25,Kings,031,150075,23151,22944,1068,24012,245
2021-05-25,Lake,033,64148,3528,3508,9,3517,44
2021-05-25,Lassen,035,31185,5210,5164,112,5276,6
2021-05-25,Los Angeles,037,10098052,1207014,1197940,40705,1238645,24212
2021-05-25,Madera,039,155013,16621,16519,926,17445,240
2021-05-25,Marin,041,260295,14104,14053,250,14303,227
2021-05-25,Mariposa,043,17540,431,427,11,438,5
2021-05-25,Mendocino,045,87422,3999,3928,83,4011,47
2021-05-25,Merced,047,269075,31002,31132,1028,32160,455
2021-05-25,Modoc,049,8938,377,367,129,496,3
2021-05-25,Mono,051,14174,1264,1274,16,1290,3
2021-05-25,Monterey,053,433212,43169,43012,1835,44847,379
2021-05-25,Napa,055,140530,9900,9926,33,9959,82
2021-05-25,Nevada,057,99092,4823,4795,188,4983,70
2021-05-25,Orange,059,3164182,255385,254321,11242,265563,5057
2021-05-25,Placer,061,380077,23300,22920,1489,24409,292
2021-05-25,Plumas,063,18699,705,684,11,695,4
2021-05-25,Riverside,065,2383286,294170,288725,13848,302573,4443
2021-05-25,Sacramento,067,1510023,106172,105828,1730,107558,1633
2021-05-25,San Benito,069,59416,6054,6073,112,6185,63
2021-05-25,San Bernardino,071,2135413,293294,292485,8917,301402,4755
2021-05-25,San Diego,073,3302833,280802,279786,14955,294741,3753
2021-05-25,San Francisco,075,870044,36727,36939,1266,38205,546
2021-05-25,San Joaquin,077,732212,73143,72628,3486,76114,1387
2021-05-25,San Luis Obispo,079,281455,21390,21153,734,21887,256
2021-05-25,San Mateo,081,765935,42321,42268,467,42735,435
2021-05-25,Santa Barbara,083,443738,34445,34337,1114,35451,459
2021-05-25,Santa Clara,085,1922200,118619,119393,743,120136,2032
2021-05-25,Santa Cruz,087,273765,16239,16141,797,16938,207
2021-05-25,Shasta,089,179085,12310,12328,1565,13893,202
2021-05-25,Sierra,091,2930,56,54,12,66,0
2021-05-25,Siskiyou,093,43540,1930,1845,352,2197,18
2021-05-25,Solano,095,438530,32824,32817,550,33367,256
2021-05-25,Sonoma,097,501317,30068,30207,328,30535,321
2021-05-25,Stanislaus,099,539301,56381,56168,5874,62042,974
2021-05-25,Sutter,101,95872,9457,9495,84,9579,112
2021-05-25,Tehama,103,63373,5086,5048,565,5613,63
2021-05-25,Trinity,105,12862,483,328,90,418,3
2021-05-25,Tulare,107,460477,50218,49326,8867,58193,838
2021-05-25,Tuolumne,109,53932,4033,4084,41,4125,66
2021-05-25,Ventura,111,848112,81367,80905,2947,83852,1022
2021-05-25,Yolo,113,214977,14044,14018,232,14250,213
2021-05-25,Yuba,115,75493,6059,6028,120,6148,49
2021-05-24,Alameda,001,1643700,88083,88182,1910,90092,1263
2021-05-24,Alpine,003,1148,87,88,0,88,0
2021-05-24,Amador,005,37829,3669,3675,32,3707,46
2021-05-24,Butte,007,227075,12534,12279,1808,14087,189
2021-05-24,Calaveras,009,45235,2163,2146,13,2159,54
2021-05-24,Colusa,011,21464,1944,1949,310,2259,15
2021-05-24,Contra Costa,013,1133247,69560,69107,1253,70360,809
2021-05-24,Del Norte,015,27424,1417,1384,12,1396,8
2021-05-24,El Dorado,017,186661,10304,10227,737,10964,112
2021-05-24,Fresno,019,978130,102707,102289,8599,110888,1698
2021-05-24,Glenn,021,27897,2434,2413,554,2967,17
2021-05-24,Humboldt,023,135768,4258,4225,36,4261,42
2021-05-24,Imperial,025,180216,28600,28575,2683,31258,735
2021-05-24,Inyo,027,18085,1404,1402,12,1414,36
2021-05-24,Kern,029,883053,97285,96296,10793,107089,1319
2021-05-24,Kings,031,150075,23147,22940,1068,24008,246
2021-05-24,Lake,033,64148,3526,3506,9,3515,43
2021-05-24,Lassen,035,31185,5206,5163,112,5275,6
2021-05-24,Los Angeles,037,10098052,1206842,1197782,40691,1238473,24201
2021-05-24,Madera,039,155013,16617,16513,925,17438,239
2021-05-24,Marin,041,260295,14102,14051,250,14301,227
2021-05-24,Mariposa,043,17540,430,427,11,438,5
2021-05-24,Mendocino,045,87422,3997,3919,83,4002,47
2021-05-24,Merced,047,269075,30992,31128,1027,32155,455
2021-05-24,Modoc,049,8938,377,366,128,494,3
2021-05-24,Mono,051,14174,1264,1270,16,1286,3
2021-05-24,Monterey,053,433212,43164,43005,1834,44839,379
2021-05-24,Napa,055,140530,9900,9924,33,9957,82
2021-05-24,Nevada,057,99092,4820,4790,188,4978,70
2021-05-24,Orange,059,3164182,255351,254287,11232,265519,5056
2021-05-24,Placer,061,380077,23281,22895,1488,24383,292
2021-05-24,Plumas,063,18699,704,683,11,694,4
2021-05-24,Riverside,065,2383286,294113,288669,13838,302507,4442
2021-05-24,Sacramento,067,1510023,106057,105716,1729,107445,1632
2021-05-24,San Benito,069,59416,6054,6072,112,6184,63
2021-05-24,San Bernardino,071,2135413,293254,292343,8916,301259,4747
2021-05-24,San Diego,073,3302833,280694,279715,14945,294660,3749
2021-05-24,San Francisco,075,870044,36707,36934,1264,38198,547
2021-05-24,San Joaquin,077,732212,73111,72586,3486,76072,1371
2021-05-24,San Luis Obispo,079,281455,21372,21146,733,21879,256
2021-05-24,San Mateo,081,765935,42311,42249,467,42716,433
2021-05-24,Santa Barbara,083,443738,34440,34322,1114,35436,459
2021-05-24,Santa Clara,085,1922200,118587,119358,743,120101,2030
2021-05-24,Santa Cruz,087,273765,16233,16135,797,16932,207
2021-05-24,Shasta,089,179085,12293,12315,1562,13877,201
2021-05-24,Sierra,091,2930,56,54,12,66,0
2021-05-24,Siskiyou,093,43540,1927,1840,352,2192,17
2021-05-24,Solano,095,438530,32799,32792,549,33341,254
2021-05-24,Sonoma,097,501317,30053,30187,328,30515,321
2021-05-24,Stanislaus,099,539301,56347,56128,5870,61998,974
2021-05-24,Sutter,101,95872,9451,9486,84,9570,113
2021-05-24,Tehama,103,63373,5083,5043,563,5606,63
2021-05-24,Trinity,105,12862,483,328,90,418,3
2021-05-24,Tulare,107,460477,50211,49318,8863,58181,838
2021-05-24,Tuolumne,109,53932,4033,4083,41,4124,65
2021-05-24,Ventura,111,848112,81354,80876,2945,83821,1022
2021-05-24,Yolo,113,214977,14027,14012,230,14242,213
2021-05-24,Yuba,115,75493,6050,6022,120,6142,49
2021-05-23,Alameda,001,1643700,88020,88157,1908,90065,1263
2021-05-23,Alpine,003,1148,87,88,0,88,0
2021-05-23,Amador,005,37829,3668,3673,32,3705,46
2021-05-23,Butte,007,227075,12520,12271,1807,14078,189
2021-05-23,Calaveras,009,45235,2155,2144,13,2157,54
2021-05-23,Colusa,011,21464,1944,1949,308,2257,15
2021-05-23,Contra Costa,013,1133247,69516,69075,1251,70326,809
2021-05-23,Del Norte,015,27424,1413,1383,12,1395,8
2021-05-23,El Dorado,017,186661,10298,10222,737,10959,112
2021-05-23,Fresno,019,978130,102662,102270,8594,110864,1698
2021-05-23,Glenn,021,27897,2432,2413,554,2967,17
2021-05-23,Humboldt,023,135768,4240,4216,36,4252,42
2021-05-23,Imperial,025,180216,28594,28569,2682,31251,735
2021-05-23,Inyo,027,18085,1404,1402,12,1414,36
2021-05-23,Kern,029,883053,97261,96282,10785,107067,1319
2021-05-23,Kings,031,150075,23134,22939,1066,24005,246
2021-05-23,Lake,033,64148,3523,3504,9,3513,43
2021-05-23,Lassen,035,31185,5202,5163,111,5274,6
2021-05-23,Los Angeles,037,10098052,1206653,1197633,40680,1238313,24197
2021-05-23,Madera,039,155013,16611,16504,925,17429,239
2021-05-23,Marin,041,260295,14093,14048,249,14297,227
2021-05-23,Mariposa,043,17540,430,427,11,438,5
2021-05-23,Mendocino,045,87422,3991,3913,82,3995,47
2021-05-23,Merced,047,269075,30983,31118,1027,32145,455
2021-05-23,Modoc,049,8938,373,366,128,494,3
2021-05-23,Mono,051,14174,1263,1270,16,1286,3
2021-05-23,Monterey,053,433212,43154,43003,1834,44837,379
2021-05-23,Napa,055,140530,9896,9923,33,9956,82
2021-05-23,Nevada,057,99092,4810,4790,188,4978,70
2021-05-23,Orange,059,3164182,255313,254277,11226,265503,5050
2021-05-23,Placer,061,380077,23261,22888,1488,24376,292
2021-05-23,Plumas,063,18699,703,683,11,694,4
2021-05-23,Riverside,065,2383286,294045,288641,13834,302475,4442
2021-05-23,Sacramento,067,1510023,105941,105663,1726,107389,1632
2021-05-23,San Benito,069,59416,6053,6072,112,6184,63
2021-05-23,San Bernardino,071,2135413,293203,292327,8915,301242,4747
2021-05-23,San Diego,073,3302833,280604,279690,14934,294624,3751
2021-05-23,San Francisco,075,870044,36696,36927,1263,38190,547
2021-05-23,San Joaquin,077,732212,73062,72571,3484,76055,1371
2021-05-23,San Luis Obispo,079,281455,21362,21141,732,21873,256
2021-05-23,San Mateo,081,765935,42294,42248,467,42715,433
2021-05-23,Santa Barbara,083,443738,34433,34319,1114,35433,459
2021-05-23,Santa Clara,085,1922200,118563,119333,743,120076,2030
2021-05-23,Santa Cruz,087,273765,16230,16130,797,16927,207
2021-05-23,Shasta,089,179085,12276,12313,1558,13871,201
2021-05-23,Sierra,091,2930,56,54,12,66,0
2021-05-23,Siskiyou,093,43540,1922,1826,345,2171,17
2021-05-23,Solano,095,438530,32781,32780,548,33328,254
2021-05-23,Sonoma,097,501317,30024,30168,327,30495,321
2021-05-23,Stanislaus,099,539301,56299,56104,5867,61971,974
2021-05-23,Sutter,101,95872,9442,9479,84,9563,113
2021-05-23,Tehama,103,63373,5076,5041,561,5602,63
2021-05-23,Trinity,105,12862,483,328,90,418,3
2021-05-23,Tulare,107,460477,50197,49310,8859,58169,838
2021-05-23,Tuolumne,109,53932,4030,4081,41,4122,65
2021-05-23,Ventura,111,848112,81324,80872,2944,83816,1022
2021-05-23,Yolo,113,214977,14015,14004,227,14231,213
2021-05-23,Yuba,115,75493,6045,6017,120,6137,49
2021-05-22,Alameda,001,1643700,87993,88101,1908,90009,1263
2021-05-22,Alpine,003,1148,87,88,0,88,0
2021-05-22,Amador,005,37829,3667,3672,32,3704,46
2021-05-22,Butte,007,227075,12508,12265,1806,14071,189
2021-05-22,Calaveras,009,45235,2151,2141,13,2154,54
2021-05-22,Colusa,011,21464,1940,1949,307,2256,15
2021-05-22,Contra Costa,013,1133247,69483,69004,1250,70254,809
2021-05-22,Del Norte,015,27424,1412,1381,12,1393,8
2021-05-22,El Dorado,017,186661,10293,10215,736,10951,112
2021-05-22,Fresno,019,978130,102648,102238,8592,110830,1698
2021-05-22,Glenn,021,27897,2432,2412,554,2966,17
2021-05-22,Humboldt,023,135768,4231,4194,35,4229,42
2021-05-22,Imperial,025,180216,28585,28574,2682,31256,735
2021-05-22,Inyo,027,18085,1404,1402,12,1414,36
2021-05-22,Kern,029,883053,97249,96260,10778,107038,1319
2021-05-22,Kings,031,150075,23134,22936,1066,24002,246
2021-05-22,Lake,033,64148,3520,3502,9,3511,43
2021-05-22,Lassen,035,31185,5202,5163,111,5274,6
2021-05-22,Los Angeles,037,10098052,1206544,1197454,40672,1238126,24192
2021-05-22,Madera,039,155013,16608,16503,925,17428,239
2021-05-22,Marin,041,260295,14090,14043,249,14292,227
2021-05-22,Mariposa,043,17540,430,427,11,438,5
2021-05-22,Mendocino,045,87422,3985,3908,82,3990,47
2021-05-22,Merced,047,269075,30973,31099,1027,32126,455
2021-05-22,Modoc,049,8938,373,366,128,494,3
2021-05-22,Mono,051,14174,1261,1270,16,1286,3
2021-05-22,Monterey,053,433212,43148,42998,1834,44832,379
2021-05-22,Napa,055,140530,9894,9918,33,9951,82
2021-05-22,Nevada,057,99092,4803,4787,187,4974,70
2021-05-22,Orange,059,3164182,255292,254238,11221,265459,5048
2021-05-22,Placer,061,380077,23247,22865,1487,24352,292
2021-05-22,Plumas,063,18699,702,683,11,694,4
2021-05-22,Riverside,065,2383286,294013,288580,13833,302413,4442
2021-05-22,Sacramento,067,1510023,105866,105551,1723,107274,1632
2021-05-22,San Benito,069,59416,6053,6071,112,6183,63
2021-05-22,San Bernardino,071,2135413,293178,292292,8915,301207,4747
2021-05-22,San Diego,073,3302833,280545,279614,14926,294540,3751
2021-05-22,San Francisco,075,870044,36686,36906,1261,38167,547
2021-05-22,San Joaquin,077,732212,73040,72528,3481,76009,1371
2021-05-22,San Luis Obispo,079,281455,21354,21134,731,21865,256
2021-05-22,San Mateo,081,765935,42284,42218,467,42685,433
2021-05-22,Santa Barbara,083,443738,34429,34313,1113,35426,459
2021-05-22,Santa Clara,085,1922200,118539,119292,743,120035,2030
2021-05-22,Santa Cruz,087,273765,16230,16125,797,16922,207
2021-05-22,Shasta,089,179085,12269,12307,1555,13862,201
2021-05-22,Sierra,091,2930,56,54,12,66,0
2021-05-22,Siskiyou,093,43540,1921,1824,344,2168,17
2021-05-22,Solano,095,438530,32768,32753,548,33301,254
2021-05-22,Sonoma,097,501317,30012,30154,327,30481,321
2021-05-22,Stanislaus,099,539301,56276,56069,5866,61935,974
2021-05-22,Sutter,101,95872,9437,9476,84,9560,113
2021-05-22,Tehama,103,63373,5075,5036,561,5597,63
2021-05-22,Trinity,105,12862,483,328,90,418,3
2021-05-22,Tulare,107,460477,50192,49299,8854,58153,838
2021-05-22,Tuolumne,109,53932,4030,4078,41,4119,65
2021-05-22,Ventura,111,848112,81320,80859,2944,83803,1022
2021-05-22,Yolo,113,214977,14013,13997,227,14224,213
2021-05-22,Yuba,115,75493,6042,6010,120,6130,49
2021-05-21,Alameda,001,1643700,87967,88041,1907,89948,1263
2021-05-21,Alpine,003,1148,87,88,0,88,0
2021-05-21,Amador,005,37829,3664,3672,32,3704,46
2021-05-21,Butte,007,227075,12502,12236,1804,14040,188
2021-05-21,Calaveras,009,45235,2149,2138,13,2151,54
2021-05-21,Colusa,011,21464,1940,1947,307,2254,15
2021-05-21,Contra Costa,013,1133247,69440,68965,1249,70214,810
2021-05-21,Del Norte,015,27424,1411,1376,12,1388,8
2021-05-21,El Dorado,017,186661,10289,10204,736,10940,112
2021-05-21,Fresno,019,978130,102620,102189,8590,110779,1698
2021-05-21,Glenn,021,27897,2431,2408,554,2962,17
2021-05-21,Humboldt,023,135768,4224,4175,35,4210,42
2021-05-21,Imperial,025,180216,28578,28572,2681,31253,732
2021-05-21,Inyo,027,18085,1404,1402,12,1414,36
2021-05-21,Kern,029,883053,97235,96233,10771,107004,1318
2021-05-21,Kings,031,150075,23134,22927,1066,23993,246
2021-05-21,Lake,033,64148,3518,3500,9,3509,43
2021-05-21,Lassen,035,31185,5201,5161,111,5272,6
2021-05-21,Los Angeles,037,10098052,1206426,1197263,40664,1237927,24180
2021-05-21,Madera,039,155013,16607,16500,924,17424,238
2021-05-21,Marin,041,260295,14085,14042,249,14291,227
2021-05-21,Mariposa,043,17540,429,427,11,438,5
2021-05-21,Mendocino,045,87422,3980,3897,82,3979,47
2021-05-21,Merced,047,269075,30965,31076,1027,32103,455
2021-05-21,Modoc,049,8938,373,365,128,493,3
2021-05-21,Mono,051,14174,1261,1269,16,1285,3
2021-05-21,Monterey,053,433212,43146,42995,1834,44829,379
2021-05-21,Napa,055,140530,9890,9913,33,9946,82
2021-05-21,Nevada,057,99092,4802,4779,187,4966,70
2021-05-21,Orange,059,3164182,255272,254171,11219,265390,5042
2021-05-21,Placer,061,380077,23238,22853,1487,24340,292
2021-05-21,Plumas,063,18699,702,683,10,693,4
2021-05-21,Riverside,065,2383286,293986,288499,13826,302325,4442
2021-05-21,Sacramento,067,1510023,105799,105476,1720,107196,1632
2021-05-21,San Benito,069,59416,6053,6068,112,6180,63
2021-05-21,San Bernardino,071,2135413,293146,292205,8913,301118,4744
2021-05-21,San Diego,073,3302833,280472,279554,14916,294470,3748
2021-05-21,San Francisco,075,870044,36681,36879,1261,38140,546
2021-05-21,San Joaquin,077,732212,73020,72467,3479,75946,1371
2021-05-21,San Luis Obispo,079,281455,21348,21128,728,21856,256
2021-05-21,San Mateo,081,765935,42271,42163,466,42629,432
2021-05-21,Santa Barbara,083,443738,34424,34302,1113,35415,459
2021-05-21,Santa Clara,085,1922200,118512,119247,743,119990,2029
2021-05-21,Santa Cruz,087,273765,16226,16120,797,16917,207
2021-05-21,Shasta,089,179085,12252,12289,1553,13842,201
2021-05-21,Sierra,091,2930,56,54,12,66,0
2021-05-21,Siskiyou,093,43540,1920,1815,344,2159,16
2021-05-21,Solano,095,438530,32753,32742,548,33290,254
2021-05-21,Sonoma,097,501317,29999,30126,327,30453,321
2021-05-21,Stanislaus,099,539301,56246,56036,5864,61900,975
2021-05-21,Sutter,101,95872,9435,9470,84,9554,113
2021-05-21,Tehama,103,63373,5069,5030,561,5591,63
2021-05-21,Trinity,105,12862,483,329,89,418,3
2021-05-21,Tulare,107,460477,50187,49271,8852,58123,838
2021-05-21,Tuolumne,109,53932,4028,4079,41,4120,65
2021-05-21,Ventura,111,848112,81312,80821,2941,83762,1021
2021-05-21,Yolo,113,214977,14007,13983,227,14210,213
2021-05-21,Yuba,115,75493,6036,6006,120,6126,49
2021-05-20,Alameda,001,1643700,87924,87975,1905,89880,1264
2021-05-20,Alpine,003,1148,87,88,0,88,0
2021-05-20,Amador,005,37829,3663,3671,32,3703,46
2021-05-20,Butte,007,227075,12495,12220,1801,14021,188
2021-05-20,Calaveras,009,45235,2145,2138,13,2151,54
2021-05-20,Colusa,011,21464,1939,1946,305,2251,15
2021-05-20,Contra Costa,013,1133247,69395,68913,1247,70160,809
2021-05-20,Del Norte,015,27424,1411,1373,12,1385,8
2021-05-20,El Dorado,017,186661,10279,10188,736,10924,112
2021-05-20,Fresno,019,978130,102598,102135,8588,110723,1696
2021-05-20,Glenn,021,27897,2428,2406,554,2960,17
2021-05-20,Humboldt,023,135768,4207,4162,34,4196,42
2021-05-20,Imperial,025,180216,28573,28551,2681,31232,732
2021-05-20,Inyo,027,18085,1404,1402,12,1414,36
2021-05-20,Kern,029,883053,97214,96204,10764,106968,1317
2021-05-20,Kings,031,150075,23132,22922,1066,23988,246
2021-05-20,Lake,033,64148,3515,3500,9,3509,43
2021-05-20,Lassen,035,31185,5199,5160,110,5270,6
2021-05-20,Los Angeles,037,10098052,1206270,1197073,40654,1237727,24168
2021-05-20,Madera,039,155013,16601,16499,922,17421,238
2021-05-20,Marin,041,260295,14081,14036,248,14284,227
2021-05-20,Mariposa,043,17540,429,426,11,437,5
2021-05-20,Mendocino,045,87422,3973,3897,82,3979,47
2021-05-20,Merced,047,269075,30952,31046,1026,32072,454
2021-05-20,Modoc,049,8938,373,365,128,493,3
2021-05-20,Mono,051,14174,1260,1269,16,1285,3
2021-05-20,Monterey,053,433212,43140,42984,1833,44817,379
2021-05-20,Napa,055,140530,9887,9913,33,9946,82
2021-05-20,Nevada,057,99092,4801,4775,187,4962,70
2021-05-20,Orange,059,3164182,255229,254127,11216,265343,5038
2021-05-20,Placer,061,380077,23225,22823,1486,24309,292
2021-05-20,Plumas,063,18699,700,682,10,692,4
2021-05-20,Riverside,065,2383286,293938,288453,13821,302274,4442
2021-05-20,Sacramento,067,1510023,105703,105414,1717,107131,1629
2021-05-20,San Benito,069,59416,6052,6067,112,6179,63
2021-05-20,San Bernardino,071,2135413,293100,292153,8912,301065,4728
2021-05-20,San Diego,073,3302833,280384,279490,14904,294394,3749
2021-05-20,San Francisco,075,870044,36672,36860,1261,38121,546
2021-05-20,San Joaquin,077,732212,72982,72388,3477,75865,1371
2021-05-20,San Luis Obispo,079,281455,21336,21095,726,21821,256
2021-05-20,San Mateo,081,765935,42257,42152,464,42616,432
2021-05-20,Santa Barbara,083,443738,34420,34293,1113,35406,459
2021-05-20,Santa Clara,085,1922200,118491,119222,743,119965,2029
2021-05-20,Santa Cruz,087,273765,16221,16119,797,16916,207
2021-05-20,Shasta,089,179085,12239,12266,1550,13816,200
2021-05-20,Sierra,091,2930,56,54,12,66,0
2021-05-20,Siskiyou,093,43540,1913,1811,343,2154,16
2021-05-20,Solano,095,438530,32738,32725,548,33273,253
2021-05-20,Sonoma,097,501317,29982,30107,326,30433,321
2021-05-20,Stanislaus,099,539301,56217,55979,5862,61841,970
2021-05-20,Sutter,101,95872,9431,9467,84,9551,113
2021-05-20,Tehama,103,63373,5067,5029,561,5590,63
2021-05-20,Trinity,105,12862,483,329,88,417,3
2021-05-20,Tulare,107,460477,50176,49217,8849,58066,837
2021-05-20,Tuolumne,109,53932,4027,4077,41,4118,65
2021-05-20,Ventura,111,848112,81301,80800,2941,83741,1019
2021-05-20,Yolo,113,214977,14002,13973,227,14200,211
2021-05-20,Yuba,115,75493,6027,6002,120,6122,49
2021-05-19,Alameda,001,1643700,87884,87889,1904,89793,1260
2021-05-19,Alpine,003,1148,87,88,0,88,0
2021-05-19,Amador,005,37829,3663,3669,32,3701,46
2021-05-19,Butte,007,227075,12484,12198,1801,13999,188
2021-05-19,Calaveras,009,45235,2141,2132,13,2145,54
2021-05-19,Colusa,011,21464,1939,1945,303,2248,15
2021-05-19,Contra Costa,013,1133247,69348,68836,1247,70083,808
2021-05-19,Del Norte,015,27424,1409,1371,12,1383,8
2021-05-19,El Dorado,017,186661,10274,10179,735,10914,112
2021-05-19,Fresno,019,978130,102568,102085,8585,110670,1693
2021-05-19,Glenn,021,27897,2428,2404,554,2958,17
2021-05-19,Humboldt,023,135768,4197,4143,34,4177,42
2021-05-19,Imperial,025,180216,28564,28550,2681,31231,732
2021-05-19,Inyo,027,18085,1404,1402,12,1414,36
2021-05-19,Kern,029,883053,97185,96173,10757,106930,1316
2021-05-19,Kings,031,150075,23126,22919,1066,23985,246
2021-05-19,Lake,033,64148,3515,3497,9,3506,43
2021-05-19,Lassen,035,31185,5198,5157,110,5267,6
2021-05-19,Los Angeles,037,10098052,1206073,1196856,40640,1237496,24143
2021-05-19,Madera,039,155013,16598,16496,922,17418,238
2021-05-19,Marin,041,260295,14077,14033,246,14279,227
2021-05-19,Mariposa,043,17540,429,425,11,436,5
2021-05-19,Mendocino,045,87422,3969,3886,82,3968,47
2021-05-19,Merced,047,269075,30936,31044,1026,32070,452
2021-05-19,Modoc,049,8938,373,364,125,489,3
2021-05-19,Mono,051,14174,1260,1266,16,1282,3
2021-05-19,Monterey,053,433212,43135,42973,1832,44805,379
2021-05-19,Napa,055,140530,9884,9906,33,9939,82
2021-05-19,Nevada,057,99092,4799,4769,187,4956,70
2021-05-19,Orange,059,3164182,255192,254087,11206,265293,5035
2021-05-19,Placer,061,380077,23206,22784,1481,24265,291
2021-05-19,Plumas,063,18699,700,682,10,692,4
2021-05-19,Riverside,065,2383286,293892,288398,13819,302217,4442
2021-05-19,Sacramento,067,1510023,105625,105225,1716,106941,1629
2021-05-19,San Benito,069,59416,6051,6064,112,6176,63
2021-05-19,San Bernardino,071,2135413,293056,292078,8909,300987,4725
2021-05-19,San Diego,073,3302833,280299,279345,14883,294228,3746
2021-05-19,San Francisco,075,870044,36659,36835,1260,38095,546
2021-05-19,San Joaquin,077,732212,72939,72338,3472,75810,1369
2021-05-19,San Luis Obispo,079,281455,21328,21085,725,21810,256
2021-05-19,San Mateo,081,765935,42250,42126,464,42590,429
2021-05-19,Santa Barbara,083,443738,34412,34292,1113,35405,459
2021-05-19,Santa Clara,085,1922200,118451,119176,742,119918,2015
2021-05-19,Santa Cruz,087,273765,16217,16121,796,16917,207
2021-05-19,Shasta,089,179085,12221,12233,1547,13780,200
2021-05-19,Sierra,091,2930,56,54,12,66,0
2021-05-19,Siskiyou,093,43540,1910,1803,342,2145,16
2021-05-19,Solano,095,438530,32711,32678,546,33224,253
2021-05-19,Sonoma,097,501317,29967,30080,326,30406,321
2021-05-19,Stanislaus,099,539301,56197,55912,5857,61769,967
2021-05-19,Sutter,101,95872,9424,9459,83,9542,113
2021-05-19,Tehama,103,63373,5058,5026,557,5583,63
2021-05-19,Trinity,105,12862,483,329,88,417,3
2021-05-19,Tulare,107,460477,50163,49163,8844,58007,837
2021-05-19,Tuolumne,109,53932,4027,4074,41,4115,64
2021-05-19,Ventura,111,848112,81286,80747,2940,83687,1019
2021-05-19,Yolo,113,214977,13995,13961,226,14187,211
2021-05-19,Yuba,115,75493,6023,5993,120,6113,49
2021-05-18,Alameda,001,1643700,87810,87816,1904,89720,1254
2021-05-18,Alpine,003,1148,87,88,0,88,0
2021-05-18,Amador,005,37829,3663,3669,32,3701,46
2021-05-18,Butte,007,227075,12471,12164,1798,13962,191
2021-05-18,Calaveras,009,45235,2137,2131,13,2144,54
2021-05-18,Colusa,011,21464,1939,1943,303,2246,14
2021-05-18,Contra Costa,013,1133247,69291,68750,1246,69996,808
2021-05-18,Del Norte,015,27424,1406,1371,12,1383,8
2021-05-18,El Dorado,017,186661,10263,10169,734,10903,112
2021-05-18,Fresno,019,978130,102532,102056,8582,110638,1690
2021-05-18,Glenn,021,27897,2422,2403,553,2956,17
2021-05-18,Humboldt,023,135768,4179,4132,34,4166,42
2021-05-18,Imperial,025,180216,28559,28538,2679,31217,730
2021-05-18,Inyo,027,18085,1404,1401,12,1413,36
2021-05-18,Kern,029,883053,97152,96128,10743,106871,1315
2021-05-18,Kings,031,150075,23120,22916,1066,23982,247
2021-05-18,Lake,033,64148,3513,3495,9,3504,43
2021-05-18,Lassen,035,31185,5197,5157,109,5266,6
2021-05-18,Los Angeles,037,10098052,1205893,1196668,40629,1237297,24133
2021-05-18,Madera,039,155013,16588,16491,921,17412,238
2021-05-18,Marin,041,260295,14074,14026,246,14272,227
2021-05-18,Mariposa,043,17540,429,424,11,435,5
2021-05-18,Mendocino,045,87422,3957,3877,81,3958,47
2021-05-18,Merced,047,269075,30917,31036,1026,32062,452
2021-05-18,Modoc,049,8938,372,364,124,488,3
2021-05-18,Mono,051,14174,1259,1265,16,1281,3
2021-05-18,Monterey,053,433212,43129,43001,1832,44833,379
2021-05-18,Napa,055,140530,9884,9905,33,9938,82
2021-05-18,Nevada,057,99092,4792,4762,187,4949,70
2021-05-18,Orange,059,3164182,255151,254041,11196,265237,5031
2021-05-18,Placer,061,380077,23173,22726,1477,24203,291
2021-05-18,Plumas,063,18699,700,682,10,692,4
2021-05-18,Riverside,065,2383286,293837,288354,13812,302166,4438
2021-05-18,Sacramento,067,1510023,105523,105083,1714,106797,1629
2021-05-18,San Benito,069,59416,6050,6065,112,6177,63
2021-05-18,San Bernardino,071,2135413,292998,292014,8904,300918,4722
2021-05-18,San Diego,073,3302833,280191,279254,14874,294128,3742
2021-05-18,San Francisco,075,870044,36639,36818,1260,38078,546
2021-05-18,San Joaquin,077,732212,72892,72282,3468,75750,1368
2021-05-18,San Luis Obispo,079,281455,21318,21080,723,21803,256
2021-05-18,San Mateo,081,765935,42238,42099,463,42562,428
2021-05-18,Santa Barbara,083,443738,34403,34278,1113,35391,459
2021-05-18,Santa Clara,085,1922200,118424,119171,742,119913,2014
2021-05-18,Santa Cruz,087,273765,16209,16137,796,16933,207
2021-05-18,Shasta,089,179085,12203,12197,1541,13738,200
2021-05-18,Sierra,091,2930,56,54,12,66,0
2021-05-18,Siskiyou,093,43540,1909,1799,342,2141,16
2021-05-18,Solano,095,438530,32686,32644,546,33190,253
2021-05-18,Sonoma,097,501317,29947,30054,325,30379,321
2021-05-18,Stanislaus,099,539301,56161,55860,5857,61717,959
2021-05-18,Sutter,101,95872,9416,9453,83,9536,113
2021-05-18,Tehama,103,63373,5052,5020,555,5575,63
2021-05-18,Trinity,105,12862,483,329,87,416,3
2021-05-18,Tulare,107,460477,50155,49142,8839,57981,836
2021-05-18,Tuolumne,109,53932,4025,4073,41,4114,64
2021-05-18,Ventura,111,848112,81270,80726,2938,83664,1017
2021-05-18,Yolo,113,214977,13987,13951,226,14177,211
2021-05-18,Yuba,115,75493,6019,5989,120,6109,49
2021-05-17,Alameda,001,1643700,87757,87766,1901,89667,1253
2021-05-17,Alpine,003,1148,87,88,0,88,0
2021-05-17,Amador,005,37829,3660,3668,32,3700,46
2021-05-17,Butte,007,227075,12463,12144,1798,13942,192
2021-05-17,Calaveras,009,45235,2137,2131,13,2144,53
2021-05-17,Colusa,011,21464,1939,1943,303,2246,14
2021-05-17,Contra Costa,013,1133247,69236,68720,1245,69965,805
2021-05-17,Del Norte,015,27424,1401,1369,12,1381,8
2021-05-17,El Dorado,017,186661,10246,10163,734,10897,112
2021-05-17,Fresno,019,978130,102488,102013,8574,110587,1690
2021-05-17,Glenn,021,27897,2422,2401,553,2954,17
2021-05-17,Humboldt,023,135768,4168,4112,34,4146,42
2021-05-17,Imperial,025,180216,28553,28533,2677,31210,729
2021-05-17,Inyo,027,18085,1404,1401,12,1413,36
2021-05-17,Kern,029,883053,97123,96095,10726,106821,1315
2021-05-17,Kings,031,150075,23117,22918,1066,23984,246
2021-05-17,Lake,033,64148,3508,3489,9,3498,43
2021-05-17,Lassen,035,31185,5194,5156,108,5264,6
2021-05-17,Los Angeles,037,10098052,1205712,1196556,40623,1237179,24123
2021-05-17,Madera,039,155013,16581,16486,921,17407,238
2021-05-17,Marin,041,260295,14068,14021,246,14267,227
2021-05-17,Mariposa,043,17540,428,423,11,434,5
2021-05-17,Mendocino,045,87422,3948,3868,81,3949,46
2021-05-17,Merced,047,269075,30902,31031,1026,32057,450
2021-05-17,Modoc,049,8938,371,362,124,486,3
2021-05-17,Mono,051,14174,1255,1265,16,1281,3
2021-05-17,Monterey,053,433212,43122,42995,1832,44827,379
2021-05-17,Napa,055,140530,9883,9894,33,9927,82
2021-05-17,Nevada,057,99092,4788,4761,186,4947,70
2021-05-17,Orange,059,3164182,255104,253993,11189,265182,5031
2021-05-17,Placer,061,380077,23150,22706,1470,24176,289
2021-05-17,Plumas,063,18699,700,682,10,692,4
2021-05-17,Riverside,065,2383286,293768,288304,13808,302112,4433
2021-05-17,Sacramento,067,1510023,105416,105035,1712,106747,1629
2021-05-17,San Benito,069,59416,6047,6067,112,6179,63
2021-05-17,San Bernardino,071,2135413,292948,291989,8896,300885,4724
2021-05-17,San Diego,073,3302833,280059,279146,14852,293998,3742
2021-05-17,San Francisco,075,870044,36627,36816,1258,38074,546
2021-05-17,San Joaquin,077,732212,72854,72234,3465,75699,1359
2021-05-17,San Luis Obispo,079,281455,21309,21079,721,21800,256
2021-05-17,San Mateo,081,765935,42210,42083,463,42546,428
2021-05-17,Santa Barbara,083,443738,34396,34275,1113,35388,459
2021-05-17,Santa Clara,085,1922200,118387,119116,740,119856,2015
2021-05-17,Santa Cruz,087,273765,16206,16151,796,16947,206
2021-05-17,Shasta,089,179085,12181,12163,1540,13703,200
2021-05-17,Sierra,091,2930,56,54,12,66,0
2021-05-17,Siskiyou,093,43540,1900,1795,339,2134,15
2021-05-17,Solano,095,438530,32668,32627,545,33172,253
2021-05-17,Sonoma,097,501317,29924,30043,324,30367,321
2021-05-17,Stanislaus,099,539301,56113,55839,5850,61689,951
2021-05-17,Sutter,101,95872,9409,9447,83,9530,113
2021-05-17,Tehama,103,63373,5048,5016,554,5570,63
2021-05-17,Trinity,105,12862,483,328,87,415,3
2021-05-17,Tulare,107,460477,50133,49107,8834,57941,836
2021-05-17,Tuolumne,109,53932,4025,4071,41,4112,64
2021-05-17,Ventura,111,848112,81250,80699,2938,83637,1017
2021-05-17,Yolo,113,214977,13980,13941,226,14167,211
2021-05-17,Yuba,115,75493,6011,5987,120,6107,49
2021-05-16,Alameda,001,1643700,87693,87743,1901,89644,1253
2021-05-16,Alpine,003,1148,87,88,0,88,0
2021-05-16,Amador,005,37829,3659,3667,32,3699,46
2021-05-16,Butte,007,227075,12449,12140,1797,13937,192
2021-05-16,Calaveras,009,45235,2135,2129,13,2142,53
2021-05-16,Colusa,011,21464,1937,1943,303,2246,14
2021-05-16,Contra Costa,013,1133247,69168,68694,1243,69937,805
2021-05-16,Del Norte,015,27424,1398,1365,12,1377,8
2021-05-16,El Dorado,017,186661,10230,10159,733,10892,112
2021-05-16,Fresno,019,978130,102444,101987,8568,110555,1690
2021-05-16,Glenn,021,27897,2422,2401,552,2953,17
2021-05-16,Humboldt,023,135768,4154,4104,34,4138,42
2021-05-16,Imperial,025,180216,28542,28516,2676,31192,729
2021-05-16,Inyo,027,18085,1404,1401,12,1413,36
2021-05-16,Kern,029,883053,97090,96083,10706,106789,1315
2021-05-16,Kings,031,150075,23113,22918,1063,23981,246
2021-05-16,Lake,033,64148,3505,3489,9,3498,43
2021-05-16,Lassen,035,31185,5193,5156,108,5264,6
2021-05-16,Los Angeles,037,10098052,1205486,1196397,40607,1237004,24120
2021-05-16,Madera,039,155013,16576,16483,918,17401,238
2021-05-16,Marin,041,260295,14065,14015,246,14261,227
2021-05-16,Mariposa,043,17540,428,423,11,434,5
2021-05-16,Mendocino,045,87422,3938,3863,81,3944,46
2021-05-16,Merced,047,269075,30881,31023,1024,32047,450
2021-05-16,Modoc,049,8938,371,362,124,486,3
2021-05-16,Mono,051,14174,1255,1265,16,1281,3
2021-05-16,Monterey,053,433212,43117,42991,1832,44823,379
2021-05-16,Napa,055,140530,9880,9891,33,9924,82
2021-05-16,Nevada,057,99092,4784,4755,186,4941,70
2021-05-16,Orange,059,3164182,255072,253962,11186,265148,5031
2021-05-16,Placer,061,380077,23118,22696,1464,24160,289
2021-05-16,Plumas,063,18699,699,682,10,692,4
2021-05-16,Riverside,065,2383286,293692,288259,13800,302059,4433
2021-05-16,Sacramento,067,1510023,105302,105013,1710,106723,1628
2021-05-16,San Benito,069,59416,6046,6067,111,6178,63
2021-05-16,San Bernardino,071,2135413,292876,291940,8894,300834,4724
2021-05-16,San Diego,073,3302833,279941,279099,14839,293938,3742
2021-05-16,San Francisco,075,870044,36604,36808,1257,38065,546
2021-05-16,San Joaquin,077,732212,72805,72218,3460,75678,1359
2021-05-16,San Luis Obispo,079,281455,21301,21072,720,21792,256
2021-05-16,San Mateo,081,765935,42199,42063,462,42525,428
2021-05-16,Santa Barbara,083,443738,34389,34270,1113,35383,459
2021-05-16,Santa Clara,085,1922200,118358,119098,739,119837,2015
2021-05-16,Santa Cruz,087,273765,16204,16143,796,16939,206
2021-05-16,Shasta,089,179085,12165,12156,1536,13692,200
2021-05-16,Sierra,091,2930,56,54,12,66,0
2021-05-16,Siskiyou,093,43540,1896,1790,338,2128,15
2021-05-16,Solano,095,438530,32635,32619,543,33162,253
2021-05-16,Sonoma,097,501317,29905,30033,324,30357,321
2021-05-16,Stanislaus,099,539301,56060,55814,5839,61653,951
2021-05-16,Sutter,101,95872,9402,9445,83,9528,113
2021-05-16,Tehama,103,63373,5044,5013,553,5566,63
2021-05-16,Trinity,105,12862,483,328,87,415,3
2021-05-16,Tulare,107,460477,50116,49091,8831,57922,837
2021-05-16,Tuolumne,109,53932,4021,4070,41,4111,64
2021-05-16,Ventura,111,848112,81219,80689,2938,83627,1017
2021-05-16,Yolo,113,214977,13965,13938,226,14164,211
2021-05-16,Yuba,115,75493,6008,5987,120,6107,49
2021-05-15,Alameda,001,1643700,87667,87677,1900,89577,1252
2021-05-15,Alpine,003,1148,87,88,0,88,0
2021-05-15,Amador,005,37829,3659,3666,32,3698,46
2021-05-15,Butte,007,227075,12442,12095,1796,13891,192
2021-05-15,Calaveras,009,45235,2134,2126,13,2139,53
2021-05-15,Colusa,011,21464,1937,1941,301,2242,14
2021-05-15,Contra Costa,013,1133247,69122,68658,1243,69901,805
2021-05-15,Del Norte,015,27424,1393,1359,12,1371,8
2021-05-15,El Dorado,017,186661,10218,10156,732,10888,112
2021-05-15,Fresno,019,978130,102407,101957,8566,110523,1690
2021-05-15,Glenn,021,27897,2422,2400,552,2952,17
2021-05-15,Humboldt,023,135768,4144,4080,34,4114,42
2021-05-15,Imperial,025,180216,28539,28504,2675,31179,729
2021-05-15,Inyo,027,18085,1404,1402,12,1414,36
2021-05-15,Kern,029,883053,97076,96061,10692,106753,1315
2021-05-15,Kings,031,150075,23112,22913,1063,23976,246
2021-05-15,Lake,033,64148,3504,3485,9,3494,43
2021-05-15,Lassen,035,31185,5190,5156,107,5263,6
2021-05-15,Los Angeles,037,10098052,1205363,1196255,40594,1236849,24115
2021-05-15,Madera,039,155013,16573,16482,918,17400,238
2021-05-15,Marin,041,260295,14061,14012,246,14258,227
2021-05-15,Mariposa,043,17540,428,423,11,434,5
2021-05-15,Mendocino,045,87422,3935,3861,81,3942,46
2021-05-15,Merced,047,269075,30860,31012,1024,32036,450
2021-05-15,Modoc,049,8938,371,362,124,486,3
2021-05-15,Mono,051,14174,1255,1265,16,1281,3
2021-05-15,Monterey,053,433212,43113,42982,1832,44814,379
2021-05-15,Napa,055,140530,9877,9887,33,9920,82
2021-05-15,Nevada,057,99092,4783,4755,186,4941,70
2021-05-15,Orange,059,3164182,255045,253919,11179,265098,5030
2021-05-15,Placer,061,380077,23097,22688,1464,24152,289
2021-05-15,Plumas,063,18699,699,681,10,691,4
2021-05-15,Riverside,065,2383286,293650,288203,13795,301998,4433
2021-05-15,Sacramento,067,1510023,105230,104929,1707,106636,1628
2021-05-15,San Benito,069,59416,6046,6066,111,6177,63
2021-05-15,San Bernardino,071,2135413,292834,291892,8892,300784,4724
2021-05-15,San Diego,073,3302833,279870,278991,14824,293815,3737
2021-05-15,San Francisco,075,870044,36588,36795,1255,38050,546
2021-05-15,San Joaquin,077,732212,72779,72197,3458,75655,1359
2021-05-15,San Luis Obispo,079,281455,21298,21061,719,21780,256
2021-05-15,San Mateo,081,765935,42183,42059,462,42521,428
2021-05-15,Santa Barbara,083,443738,34381,34259,1113,35372,459
2021-05-15,Santa Clara,085,1922200,118337,119060,739,119799,2016
2021-05-15,Santa Cruz,087,273765,16200,16137,796,16933,206
2021-05-15,Shasta,089,179085,12153,12152,1533,13685,200
2021-05-15,Sierra,091,2930,56,54,12,66,0
2021-05-15,Siskiyou,093,43540,1890,1788,336,2124,15
2021-05-15,Solano,095,438530,32626,32604,542,33146,253
2021-05-15,Sonoma,097,501317,29886,30020,324,30344,321
2021-05-15,Stanislaus,099,539301,56029,55795,5832,61627,952
2021-05-15,Sutter,101,95872,9400,9436,83,9519,113
2021-05-15,Tehama,103,63373,5040,5012,552,5564,63
2021-05-15,Trinity,105,12862,483,328,87,415,3
2021-05-15,Tulare,107,460477,50106,49080,8827,57907,837
2021-05-15,Tuolumne,109,53932,4019,4064,41,4105,63
2021-05-15,Ventura,111,848112,81208,80662,2938,83600,1017
2021-05-15,Yolo,113,214977,13958,13932,225,14157,211
2021-05-15,Yuba,115,75493,6005,5979,119,6098,49
2021-05-14,Alameda,001,1643700,87633,87621,1898,89519,1249
2021-05-14,Alpine,003,1148,87,88,0,88,0
2021-05-14,Amador,005,37829,3659,3665,32,3697,46
2021-05-14,Butte,007,227075,12433,12076,1793,13869,192
2021-05-14,Calaveras,009,45235,2130,2121,13,2134,53
2021-05-14,Colusa,011,21464,1936,1940,300,2240,14
2021-05-14,Contra Costa,013,1133247,69080,68589,1241,69830,806
2021-05-14,Del Norte,015,27424,1393,1355,12,1367,8
2021-05-14,El Dorado,017,186661,10211,10143,731,10874,113
2021-05-14,Fresno,019,978130,102378,101917,8560,110477,1688
2021-05-14,Glenn,021,27897,2421,2398,552,2950,17
2021-05-14,Humboldt,023,135768,4137,4050,34,4084,37
2021-05-14,Imperial,025,180216,28532,28485,2674,31159,728
2021-05-14,Inyo,027,18085,1404,1400,12,1412,36
2021-05-14,Kern,029,883053,97046,96033,10683,106716,1311
2021-05-14,Kings,031,150075,23111,22910,1063,23973,246
2021-05-14,Lake,033,64148,3500,3483,9,3492,43
2021-05-14,Lassen,035,31185,5190,5154,107,5261,6
2021-05-14,Los Angeles,037,10098052,1205228,1196038,40589,1236627,24101
2021-05-14,Madera,039,155013,16570,16474,918,17392,238
2021-05-14,Marin,041,260295,14057,14010,246,14256,227
2021-05-14,Mariposa,043,17540,428,422,11,433,5
2021-05-14,Mendocino,045,87422,3933,3855,81,3936,46
2021-05-14,Merced,047,269075,30850,31010,1024,32034,450
2021-05-14,Modoc,049,8938,371,362,124,486,3
2021-05-14,Mono,051,14174,1254,1265,16,1281,3
2021-05-14,Monterey,053,433212,43108,42973,1832,44805,380
2021-05-14,Napa,055,140530,9874,9883,33,9916,82
2021-05-14,Nevada,057,99092,4778,4745,186,4931,70
2021-05-14,Orange,059,3164182,255011,253855,11172,265027,5028
2021-05-14,Placer,061,380077,23078,22660,1458,24118,287
2021-05-14,Plumas,063,18699,698,680,10,690,4
2021-05-14,Riverside,065,2383286,293600,288140,13792,301932,4433
2021-05-14,Sacramento,067,1510023,105141,104828,1706,106534,1627
2021-05-14,San Benito,069,59416,6046,6064,111,6175,63
2021-05-14,San Bernardino,071,2135413,292786,291834,8892,300726,4721
2021-05-14,San Diego,073,3302833,279797,278853,14813,293666,3732
2021-05-14,San Francisco,075,870044,36579,36771,1251,38022,545
2021-05-14,San Joaquin,077,732212,72747,72160,3451,75611,1359
2021-05-14,San Luis Obispo,079,281455,21294,21051,719,21770,256
2021-05-14,San Mateo,081,765935,42173,42041,462,42503,428
2021-05-14,Santa Barbara,083,443738,34371,34243,1113,35356,456
2021-05-14,Santa Clara,085,1922200,118308,119006,739,119745,2014
2021-05-14,Santa Cruz,087,273765,16195,16130,796,16926,207
2021-05-14,Shasta,089,179085,12147,12130,1528,13658,200
2021-05-14,Sierra,091,2930,56,54,12,66,0
2021-05-14,Siskiyou,093,43540,1883,1779,335,2114,14
2021-05-14,Solano,095,438530,32606,32585,541,33126,252
2021-05-14,Sonoma,097,501317,29867,30007,324,30331,321
2021-05-14,Stanislaus,099,539301,55994,55752,5826,61578,950
2021-05-14,Sutter,101,95872,9391,9433,81,9514,113
2021-05-14,Tehama,103,63373,5033,5005,552,5557,63
2021-05-14,Trinity,105,12862,483,328,87,415,3
2021-05-14,Tulare,107,460477,50089,49060,8822,57882,836
2021-05-14,Tuolumne,109,53932,4019,4060,41,4101,63
2021-05-14,Ventura,111,848112,81194,80628,2938,83566,1014
2021-05-14,Yolo,113,214977,13953,13922,221,14143,210
2021-05-14,Yuba,115,75493,6001,5970,119,6089,47
2021-05-13,Alameda,001,1643700,87590,87557,1897,89454,1250
2021-05-13,Alpine,003,1148,87,88,0,88,0
2021-05-13,Amador,005,37829,3659,3662,32,3694,46
2021-05-13,Butte,007,227075,12418,12051,1792,13843,196
2021-05-13,Calaveras,009,45235,2128,2120,13,2133,53
2021-05-13,Colusa,011,21464,1935,1939,296,2235,14
2021-05-13,Contra Costa,013,1133247,69032,68522,1240,69762,806
2021-05-13,Del Norte,015,27424,1391,1354,12,1366,8
2021-05-13,El Dorado,017,186661,10208,10133,731,10864,112
2021-05-13,Fresno,019,978130,102349,101862,8559,110421,1687
2021-05-13,Glenn,021,27897,2420,2395,552,2947,17
2021-05-13,Humboldt,023,135768,4119,4027,34,4061,37
2021-05-13,Imperial,025,180216,28517,28468,2672,31140,729
2021-05-13,Inyo,027,18085,1404,1400,12,1412,36
2021-05-13,Kern,029,883053,97022,95996,10665,106661,1311
2021-05-13,Kings,031,150075,23110,22904,1063,23967,246
2021-05-13,Lake,033,64148,3499,3479,9,3488,43
2021-05-13,Lassen,035,31185,5190,5152,106,5258,6
2021-05-13,Los Angeles,037,10098052,1205039,1195504,40575,1236079,24083
2021-05-13,Madera,039,155013,16562,16467,918,17385,238
2021-05-13,Marin,041,260295,14052,14004,244,14248,227
2021-05-13,Mariposa,043,17540,428,422,11,433,5
2021-05-13,Mendocino,045,87422,3929,3846,81,3927,46
2021-05-13,Merced,047,269075,30843,30989,1023,32012,450
2021-05-13,Modoc,049,8938,371,362,124,486,3
2021-05-13,Mono,051,14174,1254,1265,16,1281,3
2021-05-13,Monterey,053,433212,43093,42966,1832,44798,380
2021-05-13,Napa,055,140530,9867,9877,33,9910,82
2021-05-13,Nevada,057,99092,4774,4743,185,4928,70
2021-05-13,Orange,059,3164182,254966,253778,11170,264948,5026
2021-05-13,Placer,061,380077,23051,22668,1451,24119,288
2021-05-13,Plumas,063,18699,698,680,10,690,4
2021-05-13,Riverside,065,2383286,293534,288067,13787,301854,4433
2021-05-13,Sacramento,067,1510023,105055,104711,1704,106415,1626
2021-05-13,San Benito,069,59416,6044,6062,111,6173,63
2021-05-13,San Bernardino,071,2135413,292720,291765,8892,300657,4722
2021-05-13,San Diego,073,3302833,279683,278592,14796,293388,3729
2021-05-13,San Francisco,075,870044,36555,36741,1249,37990,544
2021-05-13,San Joaquin,077,732212,72705,72096,3447,75543,1357
2021-05-13,San Luis Obispo,079,281455,21279,21043,718,21761,255
2021-05-13,San Mateo,081,765935,42156,42059,462,42521,426
2021-05-13,Santa Barbara,083,443738,34359,34242,1113,35355,456
2021-05-13,Santa Clara,085,1922200,118281,118952,739,119691,2013
2021-05-13,Santa Cruz,087,273765,16189,16129,796,16925,208
2021-05-13,Shasta,089,179085,12127,12111,1524,13635,200
2021-05-13,Sierra,091,2930,56,54,12,66,0
2021-05-13,Siskiyou,093,43540,1876,1769,332,2101,14
2021-05-13,Solano,095,438530,32593,32548,539,33087,252
2021-05-13,Sonoma,097,501317,29842,29991,324,30315,321
2021-05-13,Stanislaus,099,539301,55956,55678,5820,61498,949
2021-05-13,Sutter,101,95872,9386,9431,80,9511,112
2021-05-13,Tehama,103,63373,5028,4997,552,5549,63
2021-05-13,Trinity,105,12862,482,327,86,413,3
2021-05-13,Tulare,107,460477,50063,49032,8814,57846,837
2021-05-13,Tuolumne,109,53932,4018,4059,41,4100,63
2021-05-13,Ventura,111,848112,81164,80615,2937,83552,1012
2021-05-13,Yolo,113,214977,13944,13914,219,14133,210
2021-05-13,Yuba,115,75493,5992,5962,119,6081,47
2021-05-12,Alameda,001,1643700,87558,87482,1895,89377,1261
2021-05-12,Alpine,003,1148,87,88,0,88,0
2021-05-12,Amador,005,37829,3659,3658,32,3690,46
2021-05-12,Butte,007,227075,12408,12026,1792,13818,199
2021-05-12,Calaveras,009,45235,2125,2119,13,2132,53
2021-05-12,Colusa,011,21464,1933,1939,295,2234,14
2021-05-12,Contra Costa,013,1133247,68973,68462,1234,69696,805
2021-05-12,Del Norte,015,27424,1389,1352,12,1364,8
2021-05-12,El Dorado,017,186661,10198,10123,731,10854,112
2021-05-12,Fresno,019,978130,102300,101838,8548,110386,1688
2021-05-12,Glenn,021,27897,2417,2391,552,2943,17
2021-05-12,Humboldt,023,135768,4091,3982,34,4016,37
2021-05-12,Imperial,025,180216,28499,28443,2669,31112,726
2021-05-12,Inyo,027,18085,1404,1400,12,1412,36
2021-05-12,Kern,029,883053,96986,95955,10658,106613,1310
2021-05-12,Kings,031,150075,23108,22896,1063,23959,246
2021-05-12,Lake,033,64148,3497,3476,9,3485,43
2021-05-12,Lassen,035,31185,5188,5151,106,5257,6
2021-05-12,Los Angeles,037,10098052,1204855,1195318,40559,1235877,24067
2021-05-12,Madera,039,155013,16555,16462,917,17379,238
2021-05-12,Marin,041,260295,14047,13997,244,14241,227
2021-05-12,Mariposa,043,17540,428,422,11,433,5
2021-05-12,Mendocino,045,87422,3919,3836,81,3917,46
2021-05-12,Merced,047,269075,30827,30941,1023,31964,450
2021-05-12,Modoc,049,8938,370,362,124,486,3
2021-05-12,Mono,051,14174,1254,1265,16,1281,3
2021-05-12,Monterey,053,433212,43081,42950,1831,44781,380
2021-05-12,Napa,055,140530,9861,9870,33,9903,82
2021-05-12,Nevada,057,99092,4770,4738,185,4923,70
2021-05-12,Orange,059,3164182,254915,253587,11166,264753,5024
2021-05-12,Placer,061,380077,23033,22652,1444,24096,288
2021-05-12,Plumas,063,18699,698,681,10,691,4
2021-05-12,Riverside,065,2383286,293464,287830,13783,301613,4431
2021-05-12,Sacramento,067,1510023,104960,104592,1702,106294,1621
2021-05-12,San Benito,069,59416,6044,6062,111,6173,63
2021-05-12,San Bernardino,071,2135413,292671,291505,8887,300392,4715
2021-05-12,San Diego,073,3302833,279579,278402,14775,293177,3729
2021-05-12,San Francisco,075,870044,36535,36720,1248,37968,544
2021-05-12,San Joaquin,077,732212,72651,72043,3443,75486,1356
2021-05-12,San Luis Obispo,079,281455,21269,21021,718,21739,255
2021-05-12,San Mateo,081,765935,42147,42038,461,42499,426
2021-05-12,Santa Barbara,083,443738,34351,34218,1113,35331,456
2021-05-12,Santa Clara,085,1922200,118237,118897,739,119636,2005
2021-05-12,Santa Cruz,087,273765,16183,16123,796,16919,207
2021-05-12,Shasta,089,179085,12107,12092,1522,13614,200
2021-05-12,Sierra,091,2930,56,54,12,66,0
2021-05-12,Siskiyou,093,43540,1872,1760,331,2091,13
2021-05-12,Solano,095,438530,32569,32519,539,33058,252
2021-05-12,Sonoma,097,501317,29830,29976,324,30300,320
2021-05-12,Stanislaus,099,539301,55915,55632,5813,61445,919
2021-05-12,Sutter,101,95872,9383,9427,80,9507,112
2021-05-12,Tehama,103,63373,5023,4989,552,5541,62
2021-05-12,Trinity,105,12862,482,327,86,413,3
2021-05-12,Tulare,107,460477,50047,49001,8806,57807,838
2021-05-12,Tuolumne,109,53932,4017,4056,41,4097,63
2021-05-12,Ventura,111,848112,81145,80577,2937,83514,1010
2021-05-12,Yolo,113,214977,13936,13910,218,14128,210
2021-05-12,Yuba,115,75493,5989,5956,119,6075,47
2021-05-11,Alameda,001,1643700,87493,87413,1891,89304,1290
2021-05-11,Alpine,003,1148,87,88,0,88,0
2021-05-11,Amador,005,37829,3657,3657,32,3689,46
2021-05-11,Butte,007,227075,12393,12008,1789,13797,199
2021-05-11,Calaveras,009,45235,2125,2118,13,2131,52
2021-05-11,Colusa,011,21464,1932,1939,295,2234,14
2021-05-11,Contra Costa,013,1133247,68913,68406,1233,69639,806
2021-05-11,Del Norte,015,27424,1387,1347,12,1359,8
2021-05-11,El Dorado,017,186661,10192,10108,730,10838,112
2021-05-11,Fresno,019,978130,102254,101792,8543,110335,1686
2021-05-11,Glenn,021,27897,2416,2387,551,2938,17
2021-05-11,Humboldt,023,135768,4070,3964,33,3997,37
2021-05-11,Imperial,025,180216,28491,28413,2665,31078,722
2021-05-11,Inyo,027,18085,1403,1402,12,1414,36
2021-05-11,Kern,029,883053,96958,95938,10645,106583,1310
2021-05-11,Kings,031,150075,23100,22887,1063,23950,246
2021-05-11,Lake,033,64148,3497,3473,9,3482,43
2021-05-11,Lassen,035,31185,5186,5148,106,5254,6
2021-05-11,Los Angeles,037,10098052,1204618,1195100,40542,1235642,24048
2021-05-11,Madera,039,155013,16551,16459,916,17375,238
2021-05-11,Marin,041,260295,14040,13987,244,14231,227
2021-05-11,Mariposa,043,17540,428,421,11,432,5
2021-05-11,Mendocino,045,87422,3911,3821,81,3902,46
2021-05-11,Merced,047,269075,30818,30893,1023,31916,449
2021-05-11,Modoc,049,8938,370,362,123,485,3
2021-05-11,Mono,051,14174,1254,1265,16,1281,3
2021-05-11,Monterey,053,433212,43073,42934,1830,44764,380
2021-05-11,Napa,055,140530,9854,9870,33,9903,81
2021-05-11,Nevada,057,99092,4766,4737,185,4922,70
2021-05-11,Orange,059,3164182,254851,253545,11159,264704,5017
2021-05-11,Placer,061,380077,23011,22615,1440,24055,287
2021-05-11,Plumas,063,18699,696,679,10,689,4
2021-05-11,Riverside,065,2383286,293402,287757,13778,301535,4429
2021-05-11,Sacramento,067,1510023,104861,104496,1699,106195,1616
2021-05-11,San Benito,069,59416,6041,6058,111,6169,63
2021-05-11,San Bernardino,071,2135413,292611,291421,8885,300306,4707
2021-05-11,San Diego,073,3302833,279444,278308,14756,293064,3725
2021-05-11,San Francisco,075,870044,36515,36707,1248,37955,543
2021-05-11,San Joaquin,077,732212,72603,71999,3440,75439,1356
2021-05-11,San Luis Obispo,079,281455,21262,21008,716,21724,255
2021-05-11,San Mateo,081,765935,42128,41985,460,42445,425
2021-05-11,Santa Barbara,083,443738,34341,34207,1113,35320,456
2021-05-11,Santa Clara,085,1922200,118190,118857,738,119595,2005
2021-05-11,Santa Cruz,087,273765,16179,16113,796,16909,206
2021-05-11,Shasta,089,179085,12084,12050,1516,13566,200
2021-05-11,Sierra,091,2930,56,54,12,66,0
2021-05-11,Siskiyou,093,43540,1862,1756,329,2085,13
2021-05-11,Solano,095,438530,32551,32499,537,33036,250
2021-05-11,Sonoma,097,501317,29815,29966,324,30290,318
2021-05-11,Stanislaus,099,539301,55867,55589,5809,61398,909
2021-05-11,Sutter,101,95872,9376,9417,80,9497,112
2021-05-11,Tehama,103,63373,5019,4985,551,5536,62
2021-05-11,Trinity,105,12862,482,327,85,412,3
2021-05-11,Tulare,107,460477,50020,48974,8792,57766,837
2021-05-11,Tuolumne,109,53932,4016,4056,41,4097,63
2021-05-11,Ventura,111,848112,81121,80544,2934,83478,1008
2021-05-11,Yolo,113,214977,13923,13902,215,14117,210
2021-05-11,Yuba,115,75493,5980,5950,119,6069,46
2021-05-10,Alameda,001,1643700,87425,87366,1890,89256,1284
2021-05-10,Alpine,003,1148,87,88,0,88,0
2021-05-10,Amador,005,37829,3656,3657,32,3689,46
2021-05-10,Butte,007,227075,12377,11993,1785,13778,199
2021-05-10,Calaveras,009,45235,2118,2118,13,2131,52
2021-05-10,Colusa,011,21464,1932,1939,295,2234,14
2021-05-10,Contra Costa,013,1133247,68849,68357,1233,69590,806
2021-05-10,Del Norte,015,27424,1384,1339,12,1351,8
2021-05-10,El Dorado,017,186661,10178,10093,730,10823,113
2021-05-10,Fresno,019,978130,102222,101755,8536,110291,1682
2021-05-10,Glenn,021,27897,2415,2384,550,2934,17
2021-05-10,Humboldt,023,135768,4040,3961,33,3994,36
2021-05-10,Imperial,025,180216,28477,28397,2661,31058,722
2021-05-10,Inyo,027,18085,1403,1401,12,1413,36
2021-05-10,Kern,029,883053,96915,95920,10631,106551,1310
2021-05-10,Kings,031,150075,23089,22884,1062,23946,246
2021-05-10,Lake,033,64148,3489,3471,9,3480,43
2021-05-10,Lassen,035,31185,5182,5148,106,5254,5
2021-05-10,Los Angeles,037,10098052,1204351,1194976,40527,1235503,24030
2021-05-10,Madera,039,155013,16541,16450,916,17366,238
2021-05-10,Marin,041,260295,14037,13981,244,14225,228
2021-05-10,Mariposa,043,17540,427,420,11,431,5
2021-05-10,Mendocino,045,87422,3905,3818,81,3899,46
2021-05-10,Merced,047,269075,30807,30880,1023,31903,448
2021-05-10,Modoc,049,8938,370,361,123,484,3
2021-05-10,Mono,051,14174,1254,1265,16,1281,3
2021-05-10,Monterey,053,433212,43067,42927,1825,44752,380
2021-05-10,Napa,055,140530,9852,9860,33,9893,81
2021-05-10,Nevada,057,99092,4759,4735,185,4920,70
2021-05-10,Orange,059,3164182,254798,253484,11153,264637,5008
2021-05-10,Placer,061,380077,22989,22590,1437,24027,286
2021-05-10,Plumas,063,18699,695,679,10,689,4
2021-05-10,Riverside,065,2383286,293333,287689,13772,301461,4427
2021-05-10,Sacramento,067,1510023,104749,104378,1694,106072,1613
2021-05-10,San Benito,069,59416,6040,6058,111,6169,63
2021-05-10,San Bernardino,071,2135413,292560,291360,8884,300244,4707
2021-05-10,San Diego,073,3302833,279280,278183,14729,292912,3725
2021-05-10,San Francisco,075,870044,36496,36683,1248,37931,543
2021-05-10,San Joaquin,077,732212,72566,71954,3426,75380,1356
2021-05-10,San Luis Obispo,079,281455,21244,20993,715,21708,256
2021-05-10,San Mateo,081,765935,42111,41926,460,42386,424
2021-05-10,Santa Barbara,083,443738,34333,34201,1113,35314,456
2021-05-10,Santa Clara,085,1922200,118131,118822,738,119560,2003
2021-05-10,Santa Cruz,087,273765,16174,16114,796,16910,206
2021-05-10,Shasta,089,179085,12070,12036,1512,13548,200
2021-05-10,Sierra,091,2930,56,54,12,66,0
2021-05-10,Siskiyou,093,43540,1852,1752,327,2079,13
2021-05-10,Solano,095,438530,32531,32466,535,33001,250
2021-05-10,Sonoma,097,501317,29800,29955,323,30278,318
2021-05-10,Stanislaus,099,539301,55793,55541,5803,61344,898
2021-05-10,Sutter,101,95872,9370,9412,80,9492,111
2021-05-10,Tehama,103,63373,5015,4980,551,5531,62
2021-05-10,Trinity,105,12862,482,327,83,410,3
2021-05-10,Tulare,107,460477,49997,48956,8786,57742,837
2021-05-10,Tuolumne,109,53932,4012,4054,40,4094,63
2021-05-10,Ventura,111,848112,81105,80501,2933,83434,1008
2021-05-10,Yolo,113,214977,13911,13898,213,14111,209
2021-05-10,Yuba,115,75493,5978,5942,119,6061,46
2021-05-09,Alameda,001,1643700,87355,87292,1887,89179,1284
2021-05-09,Alpine,003,1148,87,88,0,88,0
2021-05-09,Amador,005,37829,3654,3655,32,3687,46
2021-05-09,Butte,007,227075,12359,11985,1781,13766,199
2021-05-09,Calaveras,009,45235,2117,2116,13,2129,52
2021-05-09,Colusa,011,21464,1931,1940,295,2235,14
2021-05-09,Contra Costa,013,1133247,68786,68302,1231,69533,806
2021-05-09,Del Norte,015,27424,1377,1338,12,1350,8
2021-05-09,El Dorado,017,186661,10164,10089,726,10815,113
2021-05-09,Fresno,019,978130,102184,101729,8527,110256,1682
2021-05-09,Glenn,021,27897,2408,2382,547,2929,17
2021-05-09,Humboldt,023,135768,4020,3950,33,3983,36
2021-05-09,Imperial,025,180216,28454,28388,2653,31041,722
2021-05-09,Inyo,027,18085,1403,1401,11,1412,36
2021-05-09,Kern,029,883053,96887,95903,10621,106524,1310
2021-05-09,Kings,031,150075,23080,22878,1062,23940,246
2021-05-09,Lake,033,64148,3485,3471,9,3480,43
2021-05-09,Lassen,035,31185,5180,5147,106,5253,5
2021-05-09,Los Angeles,037,10098052,1204093,1194820,40512,1235332,24026
2021-05-09,Madera,039,155013,16532,16444,910,17354,238
2021-05-09,Marin,041,260295,14026,13979,243,14222,228
2021-05-09,Mariposa,043,17540,424,420,11,431,5
2021-05-09,Mendocino,045,87422,3895,3814,81,3895,46
2021-05-09,Merced,047,269075,30784,30883,1023,31906,448
2021-05-09,Modoc,049,8938,370,360,123,483,3
2021-05-09,Mono,051,14174,1254,1264,16,1280,3
2021-05-09,Monterey,053,433212,43049,42918,1825,44743,380
2021-05-09,Napa,055,140530,9841,9857,33,9890,81
2021-05-09,Nevada,057,99092,4752,4727,185,4912,70
2021-05-09,Orange,059,3164182,254744,253451,11145,264596,5008
2021-05-09,Placer,061,380077,22963,22566,1434,24000,286
2021-05-09,Plumas,063,18699,694,679,10,689,4
2021-05-09,Riverside,065,2383286,293253,287644,13766,301410,4427
2021-05-09,Sacramento,067,1510023,104600,104309,1688,105997,1612
2021-05-09,San Benito,069,59416,6038,6056,111,6167,63
2021-05-09,San Bernardino,071,2135413,292477,291337,8878,300215,4707
2021-05-09,San Diego,073,3302833,279113,277950,14707,292657,3725
2021-05-09,San Francisco,075,870044,36470,36669,1246,37915,543
2021-05-09,San Joaquin,077,732212,72520,71927,3425,75352,1356
2021-05-09,San Luis Obispo,079,281455,21233,20999,715,21714,256
2021-05-09,San Mateo,081,765935,42081,41903,460,42363,424
2021-05-09,Santa Barbara,083,443738,34320,34196,1112,35308,456
2021-05-09,Santa Clara,085,1922200,118077,118798,737,119535,2003
2021-05-09,Santa Cruz,087,273765,16168,16094,796,16890,206
2021-05-09,Shasta,089,179085,12040,12034,1507,13541,200
2021-05-09,Sierra,091,2930,56,54,12,66,0
2021-05-09,Siskiyou,093,43540,1845,1741,324,2065,13
2021-05-09,Solano,095,438530,32492,32434,533,32967,250
2021-05-09,Sonoma,097,501317,29786,29953,322,30275,318
2021-05-09,Stanislaus,099,539301,55727,55511,5799,61310,898
2021-05-09,Sutter,101,95872,9364,9413,80,9493,111
2021-05-09,Tehama,103,63373,5010,4979,551,5530,62
2021-05-09,Trinity,105,12862,482,327,83,410,3
2021-05-09,Tulare,107,460477,49970,48948,8781,57729,837
2021-05-09,Tuolumne,109,53932,4010,4053,40,4093,63
2021-05-09,Ventura,111,848112,81090,80487,2932,83419,1008
2021-05-09,Yolo,113,214977,13900,13897,213,14110,209
2021-05-09,Yuba,115,75493,5972,5934,119,6053,46
2021-05-08,Alameda,001,1643700,87313,87213,1883,89096,1284
2021-05-08,Alpine,003,1148,87,88,0,88,0
2021-05-08,Amador,005,37829,3652,3652,32,3684,46
2021-05-08,Butte,007,227075,12347,11962,1780,13742,199
2021-05-08,Calaveras,009,45235,2116,2114,13,2127,52
2021-05-08,Colusa,011,21464,1931,1939,295,2234,14
2021-05-08,Contra Costa,013,1133247,68753,68223,1229,69452,803
2021-05-08,Del Norte,015,27424,1374,1335,12,1347,8
2021-05-08,El Dorado,017,186661,10150,10079,726,10805,113
2021-05-08,Fresno,019,978130,102148,101676,8522,110198,1682
2021-05-08,Glenn,021,27897,2406,2382,545,2927,17
2021-05-08,Humboldt,023,135768,4004,3939,33,3972,36
2021-05-08,Imperial,025,180216,28446,28373,2653,31026,721
2021-05-08,Inyo,027,18085,1403,1402,11,1413,36
2021-05-08,Kern,029,883053,96862,95880,10608,106488,1310
2021-05-08,Kings,031,150075,23077,22872,1061,23933,246
2021-05-08,Lake,033,64148,3484,3470,9,3479,43
2021-05-08,Lassen,035,31185,5179,5145,106,5251,5
2021-05-08,Los Angeles,037,10098052,1203939,1194584,40496,1235080,24022
2021-05-08,Madera,039,155013,16528,16442,910,17352,238
2021-05-08,Marin,041,260295,14023,13974,242,14216,228
2021-05-08,Mariposa,043,17540,424,420,11,431,5
2021-05-08,Mendocino,045,87422,3890,3810,80,3890,46
2021-05-08,Merced,047,269075,30774,30876,1023,31899,448
2021-05-08,Modoc,049,8938,370,360,122,482,3
2021-05-08,Mono,051,14174,1254,1262,16,1278,3
2021-05-08,Monterey,053,433212,43044,42914,1824,44738,380
2021-05-08,Napa,055,140530,9834,9853,33,9886,81
2021-05-08,Nevada,057,99092,4749,4716,185,4901,70
2021-05-08,Orange,059,3164182,254710,253412,11141,264553,5006
2021-05-08,Placer,061,380077,22945,22547,1432,23979,286
2021-05-08,Plumas,063,18699,693,679,10,689,4
2021-05-08,Riverside,065,2383286,293210,287574,13764,301338,4427
2021-05-08,Sacramento,067,1510023,104515,104208,1685,105893,1610
2021-05-08,San Benito,069,59416,6037,6048,111,6159,63
2021-05-08,San Bernardino,071,2135413,292434,291296,8878,300174,4707
2021-05-08,San Diego,073,3302833,279030,277760,14689,292449,3725
2021-05-08,San Francisco,075,870044,36447,36642,1246,37888,543
2021-05-08,San Joaquin,077,732212,72491,71869,3416,75285,1356
2021-05-08,San Luis Obispo,079,281455,21222,20992,715,21707,256
2021-05-08,San Mateo,081,765935,42070,41871,460,42331,424
2021-05-08,Santa Barbara,083,443738,34307,34185,1112,35297,456
2021-05-08,Santa Clara,085,1922200,118046,118751,737,119488,2003
2021-05-08,Santa Cruz,087,273765,16165,16089,796,16885,206
2021-05-08,Shasta,089,179085,12030,12030,1503,13533,200
2021-05-08,Sierra,091,2930,56,54,12,66,0
2021-05-08,Siskiyou,093,43540,1844,1741,320,2061,13
2021-05-08,Solano,095,438530,32468,32395,531,32926,249
2021-05-08,Sonoma,097,501317,29773,29942,322,30264,318
2021-05-08,Stanislaus,099,539301,55696,55467,5795,61262,898
2021-05-08,Sutter,101,95872,9361,9413,80,9493,111
2021-05-08,Tehama,103,63373,5008,4977,551,5528,62
2021-05-08,Trinity,105,12862,482,327,83,410,3
2021-05-08,Tulare,107,460477,49956,48929,8771,57700,837
2021-05-08,Tuolumne,109,53932,4009,4050,40,4090,63
2021-05-08,Ventura,111,848112,81079,80481,2929,83410,1008
2021-05-08,Yolo,113,214977,13897,13894,212,14106,209
2021-05-08,Yuba,115,75493,5964,5928,119,6047,46
2021-05-07,Alameda,001,1643700,87260,87128,1883,89011,1280
2021-05-07,Alpine,003,1148,87,88,0,88,0
2021-05-07,Amador,005,37829,3649,3651,32,3683,46
2021-05-07,Butte,007,227075,12326,11943,1777,13720,199
2021-05-07,Calaveras,009,45235,2114,2114,13,2127,52
2021-05-07,Colusa,011,21464,1931,1937,295,2232,14
2021-05-07,Contra Costa,013,1133247,68706,68156,1227,69383,804
2021-05-07,Del Norte,015,27424,1369,1329,12,1341,8
2021-05-07,El Dorado,017,186661,10137,10065,725,10790,112
2021-05-07,Fresno,019,978130,102115,101625,8521,110146,1684
2021-05-07,Glenn,021,27897,2403,2381,544,2925,17
2021-05-07,Humboldt,023,135768,3989,3919,33,3952,36
2021-05-07,Imperial,025,180216,28438,28352,2653,31005,721
2021-05-07,Inyo,027,18085,1403,1402,11,1413,36
2021-05-07,Kern,029,883053,96849,95839,10596,106435,1308
2021-05-07,Kings,031,150075,23076,22857,1060,23917,246
2021-05-07,Lake,033,64148,3482,3467,9,3476,43
2021-05-07,Lassen,035,31185,5178,5144,105,5249,5
2021-05-07,Los Angeles,037,10098052,1203759,1194294,40489,1234783,24008
2021-05-07,Madera,039,155013,16523,16439,910,17349,238
2021-05-07,Marin,041,260295,14019,13968,242,14210,228
2021-05-07,Mariposa,043,17540,423,419,11,430,5
2021-05-07,Mendocino,045,87422,3884,3805,80,3885,46
2021-05-07,Merced,047,269075,30771,30862,1023,31885,446
2021-05-07,Modoc,049,8938,370,360,122,482,3
2021-05-07,Mono,051,14174,1253,1261,16,1277,3
2021-05-07,Monterey,053,433212,43038,42909,1822,44731,380
2021-05-07,Napa,055,140530,9832,9849,33,9882,81
2021-05-07,Nevada,057,99092,4745,4704,185,4889,70
2021-05-07,Orange,059,3164182,254670,253338,11133,264471,5000
2021-05-07,Placer,061,380077,22925,22524,1430,23954,286
2021-05-07,Plumas,063,18699,693,678,10,688,4
2021-05-07,Riverside,065,2383286,293152,287479,13763,301242,4426
2021-05-07,Sacramento,067,1510023,104443,104068,1680,105748,1609
2021-05-07,San Benito,069,59416,6036,6048,111,6159,63
2021-05-07,San Bernardino,071,2135413,292392,291185,8873,300058,4697
2021-05-07,San Diego,073,3302833,278944,277534,14673,292207,3718
2021-05-07,San Francisco,075,870044,36434,36616,1245,37861,543
2021-05-07,San Joaquin,077,732212,72450,71804,3414,75218,1351
2021-05-07,San Luis Obispo,079,281455,21215,20979,715,21694,256
2021-05-07,San Mateo,081,765935,42055,41844,460,42304,424
2021-05-07,Santa Barbara,083,443738,34297,34166,1112,35278,453
2021-05-07,Santa Clara,085,1922200,118013,118691,736,119427,2002
2021-05-07,Santa Cruz,087,273765,16162,16074,796,16870,206
2021-05-07,Shasta,089,179085,12008,12005,1501,13506,200
2021-05-07,Sierra,091,2930,56,54,12,66,0
2021-05-07,Siskiyou,093,43540,1841,1723,320,2043,13
2021-05-07,Solano,095,438530,32440,32352,529,32881,249
2021-05-07,Sonoma,097,501317,29755,29925,320,30245,318
2021-05-07,Stanislaus,099,539301,55656,55407,5790,61197,896
2021-05-07,Sutter,101,95872,9361,9407,80,9487,111
2021-05-07,Tehama,103,63373,5001,4974,551,5525,57
2021-05-07,Trinity,105,12862,482,327,83,410,3
2021-05-07,Tulare,107,460477,49939,48913,8766,57679,837
2021-05-07,Tuolumne,109,53932,4007,4048,40,4088,63
2021-05-07,Ventura,111,848112,81055,80444,2929,83373,1008
2021-05-07,Yolo,113,214977,13891,13875,211,14086,209
2021-05-07,Yuba,115,75493,5954,5910,119,6029,46
2021-05-06,Alameda,001,1643700,87184,87028,1880,88908,1278
2021-05-06,Alpine,003,1148,87,88,0,88,0
2021-05-06,Amador,005,37829,3647,3650,32,3682,46
2021-05-06,Butte,007,227075,12306,11929,1772,13701,198
2021-05-06,Calaveras,009,45235,2114,2111,13,2124,52
2021-05-06,Colusa,011,21464,1931,1935,295,2230,14
2021-05-06,Contra Costa,013,1133247,68651,68076,1224,69300,802
2021-05-06,Del Norte,015,27424,1361,1324,12,1336,6
2021-05-06,El Dorado,017,186661,10130,10048,725,10773,112
2021-05-06,Fresno,019,978130,102071,101536,8517,110053,1680
2021-05-06,Glenn,021,27897,2402,2380,543,2923,17
2021-05-06,Humboldt,023,135768,3964,3898,33,3931,36
2021-05-06,Imperial,025,180216,28427,28311,2652,30963,720
2021-05-06,Inyo,027,18085,1403,1401,11,1412,36
2021-05-06,Kern,029,883053,96824,95801,10579,106380,1307
2021-05-06,Kings,031,150075,23069,22848,1059,23907,246
2021-05-06,Lake,033,64148,3481,3465,9,3474,43
2021-05-06,Lassen,035,31185,5177,5143,105,5248,1
2021-05-06,Los Angeles,037,10098052,1203517,1193954,40473,1234427,23991
2021-05-06,Madera,039,155013,16515,16430,910,17340,238
2021-05-06,Marin,041,260295,14015,13956,242,14198,228
2021-05-06,Mariposa,043,17540,422,419,11,430,5
2021-05-06,Mendocino,045,87422,3873,3802,80,3882,46
2021-05-06,Merced,047,269075,30756,30863,1022,31885,444
2021-05-06,Modoc,049,8938,370,360,122,482,3
2021-05-06,Mono,051,14174,1251,1261,16,1277,3
2021-05-06,Monterey,053,433212,43023,42899,1822,44721,379
2021-05-06,Napa,055,140530,9826,9843,33,9876,81
2021-05-06,Nevada,057,99092,4744,4687,185,4872,70
2021-05-06,Orange,059,3164182,254602,253286,11127,264413,4991
2021-05-06,Placer,061,380077,22903,22493,1430,23923,286
2021-05-06,Plumas,063,18699,693,678,10,688,4
2021-05-06,Riverside,065,2383286,293079,287399,13758,301157,4422
2021-05-06,Sacramento,067,1510023,104327,103956,1677,105633,1609
2021-05-06,San Benito,069,59416,6035,6045,111,6156,63
2021-05-06,San Bernardino,071,2135413,292322,291085,8872,299957,4683
2021-05-06,San Diego,073,3302833,278817,277324,14650,291974,3716
2021-05-06,San Francisco,075,870044,36419,36599,1245,37844,543
2021-05-06,San Joaquin,077,732212,72395,71729,3411,75140,1350
2021-05-06,San Luis Obispo,079,281455,21203,20965,713,21678,256
2021-05-06,San Mateo,081,765935,42036,41802,459,42261,424
2021-05-06,Santa Barbara,083,443738,34284,34152,1112,35264,453
2021-05-06,Santa Clara,085,1922200,117972,118591,736,119327,2001
2021-05-06,Santa Cruz,087,273765,16155,16050,796,16846,206
2021-05-06,Shasta,089,179085,11986,11983,1495,13478,199
2021-05-06,Sierra,091,2930,56,54,12,66,0
2021-05-06,Siskiyou,093,43540,1831,1711,319,2030,12
2021-05-06,Solano,095,438530,32414,32320,521,32841,249
2021-05-06,Sonoma,097,501317,29747,29911,320,30231,318
2021-05-06,Stanislaus,099,539301,55600,55323,5785,61108,834
2021-05-06,Sutter,101,95872,9355,9396,80,9476,111
2021-05-06,Tehama,103,63373,4996,4970,551,5521,53
2021-05-06,Trinity,105,12862,482,327,83,410,3
2021-05-06,Tulare,107,460477,49914,48890,8751,57641,836
2021-05-06,Tuolumne,109,53932,4003,4047,40,4087,63
2021-05-06,Ventura,111,848112,81024,80411,2926,83337,1005
2021-05-06,Yolo,113,214977,13883,13871,208,14079,209
2021-05-06,Yuba,115,75493,5942,5901,119,6020,46
2021-05-05,Alameda,001,1643700,87123,86950,1878,88828,1278
2021-05-05,Alpine,003,1148,87,88,0,88,0
2021-05-05,Amador,005,37829,3644,3650,32,3682,46
2021-05-05,Butte,007,227075,12288,11907,1769,13676,198
2021-05-05,Calaveras,009,45235,2110,2103,13,2116,52
2021-05-05,Colusa,011,21464,1930,1933,295,2228,14
2021-05-05,Contra Costa,013,1133247,68586,67997,1220,69217,803
2021-05-05,Del Norte,015,27424,1358,1317,12,1329,6
2021-05-05,El Dorado,017,186661,10119,10020,724,10744,111
2021-05-05,Fresno,019,978130,102022,101491,8508,109999,1680
2021-05-05,Glenn,021,27897,2399,2380,542,2922,17
2021-05-05,Humboldt,023,135768,3945,3886,32,3918,36
2021-05-05,Imperial,025,180216,28386,28295,2645,30940,720
2021-05-05,Inyo,027,18085,1402,1401,11,1412,36
2021-05-05,Kern,029,883053,96780,95753,10575,106328,1304
2021-05-05,Kings,031,150075,23063,22840,1058,23898,246
2021-05-05,Lake,033,64148,3478,3458,9,3467,43
2021-05-05,Lassen,035,31185,5177,5143,104,5247,1
2021-05-05,Los Angeles,037,10098052,1203250,1193608,40459,1234067,23977
2021-05-05,Madera,039,155013,16513,16423,910,17333,235
2021-05-05,Marin,041,260295,14007,13950,241,14191,228
2021-05-05,Mariposa,043,17540,422,418,11,429,5
2021-05-05,Mendocino,045,87422,3869,3799,80,3879,46
2021-05-05,Merced,047,269075,30735,30844,1022,31866,444
2021-05-05,Modoc,049,8938,369,361,121,482,3
2021-05-05,Mono,051,14174,1251,1260,16,1276,3
2021-05-05,Monterey,053,433212,43010,42870,1819,44689,379
2021-05-05,Napa,055,140530,9820,9833,33,9866,81
2021-05-05,Nevada,057,99092,4741,4666,185,4851,70
2021-05-05,Orange,059,3164182,254544,253237,11122,264359,4978
2021-05-05,Placer,061,380077,22871,22362,1426,23788,287
2021-05-05,Plumas,063,18699,693,677,10,687,4
2021-05-05,Riverside,065,2383286,292984,287353,13749,301102,4414
2021-05-05,Sacramento,067,1510023,104239,103476,1672,105148,1607
2021-05-05,San Benito,069,59416,6026,6046,111,6157,63
2021-05-05,San Bernardino,071,2135413,292247,291008,8868,299876,4677
2021-05-05,San Diego,073,3302833,278680,277098,14631,291729,3716
2021-05-05,San Francisco,075,870044,36405,36577,1244,37821,543
2021-05-05,San Joaquin,077,732212,72342,71638,3408,75046,1345
2021-05-05,San Luis Obispo,079,281455,21195,20958,713,21671,256
2021-05-05,San Mateo,081,765935,42007,41755,458,42213,415
2021-05-05,Santa Barbara,083,443738,34269,34139,1111,35250,453
2021-05-05,Santa Clara,085,1922200,117942,118482,733,119215,1992
2021-05-05,Santa Cruz,087,273765,16149,16013,796,16809,207
2021-05-05,Shasta,089,179085,11970,11939,1491,13430,200
2021-05-05,Sierra,091,2930,56,54,12,66,0
2021-05-05,Siskiyou,093,43540,1814,1706,311,2017,11
2021-05-05,Solano,095,438530,32379,32250,519,32769,249
2021-05-05,Sonoma,097,501317,29734,29879,320,30199,318
2021-05-05,Stanislaus,099,539301,55543,55231,5783,61014,807
2021-05-05,Sutter,101,95872,9349,9387,80,9467,111
2021-05-05,Tehama,103,63373,4992,4968,551,5519,53
2021-05-05,Trinity,105,12862,482,326,83,409,3
2021-05-05,Tulare,107,460477,49890,48875,8744,57619,835
2021-05-05,Tuolumne,109,53932,4000,4040,40,4080,63
2021-05-05,Ventura,111,848112,80996,80372,2922,83294,1005
2021-05-05,Yolo,113,214977,13879,13846,206,14052,209
2021-05-05,Yuba,115,75493,5932,5895,118,6013,44
2021-05-04,Alameda,001,1643700,87031,86894,1878,88772,1277
2021-05-04,Alpine,003,1148,87,88,0,88,0
2021-05-04,Amador,005,37829,3644,3650,32,3682,46
2021-05-04,Butte,007,227075,12264,11883,1768,13651,198
2021-05-04,Calaveras,009,45235,2106,2100,13,2113,52
2021-05-04,Colusa,011,21464,1929,1933,295,2228,14
2021-05-04,Contra Costa,013,1133247,68506,67931,1218,69149,799
2021-05-04,Del Norte,015,27424,1358,1314,12,1326,6
2021-05-04,El Dorado,017,186661,10108,10009,720,10729,110
2021-05-04,Fresno,019,978130,101967,101451,8501,109952,1677
2021-05-04,Glenn,021,27897,2396,2379,539,2918,17
2021-05-04,Humboldt,023,135768,3919,3877,32,3909,36
2021-05-04,Imperial,025,180216,28366,28276,2642,30918,720
2021-05-04,Inyo,027,18085,1402,1399,11,1410,36
2021-05-04,Kern,029,883053,96744,95720,10557,106277,1301
2021-05-04,Kings,031,150075,23049,22822,1055,23877,246
2021-05-04,Lake,033,64148,3477,3454,9,3463,43
2021-05-04,Lassen,035,31185,5176,5142,104,5246,1
2021-05-04,Los Angeles,037,10098052,1202960,1193453,40446,1233899,23957
2021-05-04,Madera,039,155013,16512,16418,910,17328,235
2021-05-04,Marin,041,260295,13999,13935,241,14176,228
2021-05-04,Mariposa,043,17540,422,418,11,429,5
2021-05-04,Mendocino,045,87422,3864,3794,80,3874,46
2021-05-04,Merced,047,269075,30718,30829,1022,31851,444
2021-05-04,Modoc,049,8938,368,360,120,480,3
2021-05-04,Mono,051,14174,1251,1260,16,1276,3
2021-05-04,Monterey,053,433212,42998,42845,1818,44663,380
2021-05-04,Napa,055,140530,9811,9824,33,9857,81
2021-05-04,Nevada,057,99092,4734,4656,185,4841,70
2021-05-04,Orange,059,3164182,254476,253177,11114,264291,4977
2021-05-04,Placer,061,380077,22843,22326,1423,23749,287
2021-05-04,Plumas,063,18699,692,675,10,685,4
2021-05-04,Riverside,065,2383286,292900,287285,13742,301027,4411
2021-05-04,Sacramento,067,1510023,104110,103383,1667,105050,1604
2021-05-04,San Benito,069,59416,6025,6039,111,6150,63
2021-05-04,San Bernardino,071,2135413,292170,290934,8861,299795,4668
2021-05-04,San Diego,073,3302833,278513,276879,14614,291493,3713
2021-05-04,San Francisco,075,870044,36387,36550,1244,37794,541
2021-05-04,San Joaquin,077,732212,72281,71582,3403,74985,1342
2021-05-04,San Luis Obispo,079,281455,21189,20923,711,21634,255
2021-05-04,San Mateo,081,765935,41981,41708,458,42166,415
2021-05-04,Santa Barbara,083,443738,34254,34131,1110,35241,453
2021-05-04,Santa Clara,085,1922200,117879,118431,732,119163,1988
2021-05-04,Santa Cruz,087,273765,16143,16005,796,16801,207
2021-05-04,Shasta,089,179085,11950,11923,1485,13408,198
2021-05-04,Sierra,091,2930,56,54,12,66,0
2021-05-04,Siskiyou,093,43540,1807,1694,309,2003,11
2021-05-04,Solano,095,438530,32338,32220,517,32737,249
2021-05-04,Sonoma,097,501317,29714,29867,319,30186,318
2021-05-04,Stanislaus,099,539301,55487,55165,5780,60945,807
2021-05-04,Sutter,101,95872,9344,9375,80,9455,111
2021-05-04,Tehama,103,63373,4989,4959,550,5509,53
2021-05-04,Trinity,105,12862,482,326,83,409,3
2021-05-04,Tulare,107,460477,49863,48857,8736,57593,835
2021-05-04,Tuolumne,109,53932,3998,4041,40,4081,61
2021-05-04,Ventura,111,848112,80967,80351,2920,83271,1005
2021-05-04,Yolo,113,214977,13866,13820,204,14024,208
2021-05-04,Yuba,115,75493,5926,5891,118,6009,44
2021-05-03,Alameda,001,1643700,86955,86845,1873,88718,1272
2021-05-03,Alpine,003,1148,87,88,0,88,0
2021-05-03,Amador,005,37829,3644,3651,32,3683,46
2021-05-03,Butte,007,227075,12254,11864,1765,13629,198
2021-05-03,Calaveras,009,45235,2104,2099,13,2112,50
2021-05-03,Colusa,011,21464,1928,1931,293,2224,14
2021-05-03,Contra Costa,013,1133247,68447,67895,1214,69109,799
2021-05-03,Del Norte,015,27424,1353,1306,11,1317,6
2021-05-03,El Dorado,017,186661,10090,9984,715,10699,110
2021-05-03,Fresno,019,978130,101911,101405,8490,109895,1678
2021-05-03,Glenn,021,27897,2396,2375,538,2913,17
2021-05-03,Humboldt,023,135768,3904,3865,32,3897,36
2021-05-03,Imperial,025,180216,28344,28280,2639,30919,720
2021-05-03,Inyo,027,18085,1401,1398,11,1409,36
2021-05-03,Kern,029,883053,96707,95693,10546,106239,1299
2021-05-03,Kings,031,150075,23040,22821,1055,23876,246
2021-05-03,Lake,033,64148,3475,3446,9,3455,43
2021-05-03,Lassen,035,31185,5175,5142,104,5246,1
2021-05-03,Los Angeles,037,10098052,1202692,1193261,40420,1233681,23942
2021-05-03,Madera,039,155013,16507,16414,909,17323,235
2021-05-03,Marin,041,260295,13993,13927,241,14168,228
2021-05-03,Mariposa,043,17540,422,418,11,429,5
2021-05-03,Mendocino,045,87422,3857,3792,80,3872,46
2021-05-03,Merced,047,269075,30707,30814,1020,31834,444
2021-05-03,Modoc,049,8938,368,360,120,480,3
2021-05-03,Mono,051,14174,1251,1259,16,1275,3
2021-05-03,Monterey,053,433212,42986,42837,1816,44653,380
2021-05-03,Napa,055,140530,9806,9815,33,9848,81
2021-05-03,Nevada,057,99092,4726,4650,185,4835,70
2021-05-03,Orange,059,3164182,254417,253107,11105,264212,4968
2021-05-03,Placer,061,380077,22812,22289,1417,23706,287
2021-05-03,Plumas,063,18699,691,675,10,685,4
2021-05-03,Riverside,065,2383286,292826,287233,13741,300974,4412
2021-05-03,Sacramento,067,1510023,103957,103303,1657,104960,1602
2021-05-03,San Benito,069,59416,6024,6038,111,6149,63
2021-05-03,San Bernardino,071,2135413,292102,290886,8858,299744,4659
2021-05-03,San Diego,073,3302833,278350,276693,14589,291282,3712
2021-05-03,San Francisco,075,870044,36361,36538,1244,37782,541
2021-05-03,San Joaquin,077,732212,72231,71504,3400,74904,1325
2021-05-03,San Luis Obispo,079,281455,21173,20915,708,21623,254
2021-05-03,San Mateo,081,765935,41958,41689,457,42146,413
2021-05-03,Santa Barbara,083,443738,34242,34119,1110,35229,453
2021-05-03,Santa Clara,085,1922200,117825,118373,731,119104,1988
2021-05-03,Santa Cruz,087,273765,16140,16000,796,16796,207
2021-05-03,Shasta,089,179085,11927,11890,1480,13370,197
2021-05-03,Sierra,091,2930,56,54,12,66,0
2021-05-03,Siskiyou,093,43540,1801,1683,303,1986,11
2021-05-03,Solano,095,438530,32297,32201,516,32717,249
2021-05-03,Sonoma,097,501317,29702,29855,316,30171,318
2021-05-03,Stanislaus,099,539301,55421,55116,5771,60887,774
2021-05-03,Sutter,101,95872,9332,9370,80,9450,111
2021-05-03,Tehama,103,63373,4981,4952,550,5502,53
2021-05-03,Trinity,105,12862,482,326,83,409,3
2021-05-03,Tulare,107,460477,49845,48844,8726,57570,835
2021-05-03,Tuolumne,109,53932,3997,4038,40,4078,61
2021-05-03,Ventura,111,848112,80945,80291,2920,83211,1005
2021-05-03,Yolo,113,214977,13852,13809,203,14012,208
2021-05-03,Yuba,115,75493,5921,5880,118,5998,44
2021-05-02,Alameda,001,1643700,86870,86784,1871,88655,1272
2021-05-02,Alpine,003,1148,87,88,0,88,0
2021-05-02,Amador,005,37829,3644,3650,32,3682,46
2021-05-02,Butte,007,227075,12230,11859,1763,13622,198
2021-05-02,Calaveras,009,45235,2100,2098,13,2111,50
2021-05-02,Colusa,011,21464,1927,1931,292,2223,14
2021-05-02,Contra Costa,013,1133247,68362,67843,1212,69055,800
2021-05-02,Del Norte,015,27424,1346,1305,11,1316,6
2021-05-02,El Dorado,017,186661,10075,9962,714,10676,110
2021-05-02,Fresno,019,978130,101839,101372,8479,109851,1678
2021-05-02,Glenn,021,27897,2395,2374,536,2910,17
2021-05-02,Humboldt,023,135768,3892,3858,31,3889,36
2021-05-02,Imperial,025,180216,28310,28275,2630,30905,721
2021-05-02,Inyo,027,18085,1399,1398,11,1409,36
2021-05-02,Kern,029,883053,96649,95668,10539,106207,1299
2021-05-02,Kings,031,150075,23022,22816,1054,23870,246
2021-05-02,Lake,033,64148,3473,3443,9,3452,43
2021-05-02,Lassen,035,31185,5174,5142,103,5245,1
2021-05-02,Los Angeles,037,10098052,1202340,1193056,40399,1233455,23943
2021-05-02,Madera,039,155013,16501,16410,909,17319,235
2021-05-02,Marin,041,260295,13983,13917,241,14158,228
2021-05-02,Mariposa,043,17540,422,419,11,430,5
2021-05-02,Mendocino,045,87422,3852,3787,80,3867,46
2021-05-02,Merced,047,269075,30687,30793,1016,31809,444
2021-05-02,Modoc,049,8938,367,360,120,480,3
2021-05-02,Mono,051,14174,1250,1259,16,1275,3
2021-05-02,Monterey,053,433212,42972,42837,1815,44652,380
2021-05-02,Napa,055,140530,9802,9805,33,9838,81
2021-05-02,Nevada,057,99092,4710,4635,185,4820,70
2021-05-02,Orange,059,3164182,254343,253025,11091,264116,4968
2021-05-02,Placer,061,380077,22783,22264,1414,23678,287
2021-05-02,Plumas,063,18699,691,675,10,685,4
2021-05-02,Riverside,065,2383286,292726,287197,13731,300928,4412
2021-05-02,Sacramento,067,1510023,103818,103153,1650,104803,1602
2021-05-02,San Benito,069,59416,6019,6037,111,6148,63
2021-05-02,San Bernardino,071,2135413,292003,290859,8856,299715,4655
2021-05-02,San Diego,073,3302833,278154,276521,14562,291083,3712
2021-05-02,San Francisco,075,870044,36334,36522,1244,37766,541
2021-05-02,San Joaquin,077,732212,72167,71447,3394,74841,1325
2021-05-02,San Luis Obispo,079,281455,21152,20910,707,21617,254
2021-05-02,San Mateo,081,765935,41942,41656,456,42112,412
2021-05-02,Santa Barbara,083,443738,34228,34106,1110,35216,453
2021-05-02,Santa Clara,085,1922200,117751,118321,731,119052,1988
2021-05-02,Santa Cruz,087,273765,16135,15995,795,16790,207
2021-05-02,Shasta,089,179085,11911,11885,1472,13357,197
2021-05-02,Sierra,091,2930,56,54,12,66,0
2021-05-02,Siskiyou,093,43540,1790,1661,302,1963,11
2021-05-02,Solano,095,438530,32258,32151,512,32663,249
2021-05-02,Sonoma,097,501317,29680,29842,316,30158,318
2021-05-02,Stanislaus,099,539301,55347,55057,5764,60821,774
2021-05-02,Sutter,101,95872,9326,9363,80,9443,111
2021-05-02,Tehama,103,63373,4976,4950,548,5498,53
2021-05-02,Trinity,105,12862,482,326,83,409,3
2021-05-02,Tulare,107,460477,49827,48834,8718,57552,835
2021-05-02,Tuolumne,109,53932,3994,4038,40,4078,61
2021-05-02,Ventura,111,848112,80907,80284,2919,83203,1005
2021-05-02,Yolo,113,214977,13840,13799,202,14001,208
2021-05-02,Yuba,115,75493,5911,5879,118,5997,44
2021-05-01,Alameda,001,1643700,86827,86704,1868,88572,1270
2021-05-01,Alpine,003,1148,87,88,0,88,0
2021-05-01,Amador,005,37829,3644,3650,32,3682,46
2021-05-01,Butte,007,227075,12216,11845,1758,13603,198
2021-05-01,Calaveras,009,45235,2098,2096,13,2109,50
2021-05-01,Colusa,011,21464,1926,1931,292,2223,14
2021-05-01,Contra Costa,013,1133247,68310,67779,1209,68988,800
2021-05-01,Del Norte,015,27424,1345,1292,11,1303,6
2021-05-01,El Dorado,017,186661,10061,9944,712,10656,110
2021-05-01,Fresno,019,978130,101794,101326,8473,109799,1678
2021-05-01,Glenn,021,27897,2392,2369,535,2904,17
2021-05-01,Humboldt,023,135768,3878,3845,31,3876,36
2021-05-01,Imperial,025,180216,28303,28262,2630,30892,721
2021-05-01,Inyo,027,18085,1399,1397,11,1408,36
2021-05-01,Kern,029,883053,96622,95645,10528,106173,1299
2021-05-01,Kings,031,150075,23019,22797,1053,23850,246
2021-05-01,Lake,033,64148,3471,3441,9,3450,43
2021-05-01,Lassen,035,31185,5172,5142,103,5245,1
2021-05-01,Los Angeles,037,10098052,1202170,1192781,40385,1233166,23946
2021-05-01,Madera,039,155013,16497,16408,909,17317,235
2021-05-01,Marin,041,260295,13976,13902,241,14143,228
2021-05-01,Mariposa,043,17540,422,418,11,429,5
2021-05-01,Mendocino,045,87422,3850,3782,80,3862,46
2021-05-01,Merced,047,269075,30670,30771,1015,31786,444
2021-05-01,Modoc,049,8938,367,361,120,481,3
2021-05-01,Mono,051,14174,1250,1258,16,1274,3
2021-05-01,Monterey,053,433212,42966,42828,1815,44643,379
2021-05-01,Napa,055,140530,9799,9800,33,9833,81
2021-05-01,Nevada,057,99092,4705,4625,185,4810,70
2021-05-01,Orange,059,3164182,254300,252969,11081,264050,4964
2021-05-01,Placer,061,380077,22757,22240,1412,23652,287
2021-05-01,Plumas,063,18699,690,675,10,685,4
2021-05-01,Riverside,065,2383286,292687,287129,13729,300858,4412
2021-05-01,Sacramento,067,1510023,103737,103043,1649,104692,1602
2021-05-01,San Benito,069,59416,6016,6030,111,6141,63
2021-05-01,San Bernardino,071,2135413,291960,290802,8855,299657,4652
2021-05-01,San Diego,073,3302833,278030,276367,14541,290908,3706
2021-05-01,San Francisco,075,870044,36319,36496,1244,37740,541
2021-05-01,San Joaquin,077,732212,72118,71389,3392,74781,1325
2021-05-01,San Luis Obispo,079,281455,21147,20896,707,21603,254
2021-05-01,San Mateo,081,765935,41913,41617,455,42072,411
2021-05-01,Santa Barbara,083,443738,34223,34085,1109,35194,453
2021-05-01,Santa Clara,085,1922200,117699,118265,729,118994,1988
2021-05-01,Santa Cruz,087,273765,16132,15984,795,16779,207
2021-05-01,Shasta,089,179085,11891,11878,1465,13343,197
2021-05-01,Sierra,091,2930,56,53,12,65,0
2021-05-01,Siskiyou,093,43540,1782,1653,301,1954,11
2021-05-01,Solano,095,438530,32228,32124,504,32628,249
2021-05-01,Sonoma,097,501317,29677,29835,316,30151,318
2021-05-01,Stanislaus,099,539301,55312,55005,5758,60763,774
2021-05-01,Sutter,101,95872,9323,9358,80,9438,110
2021-05-01,Tehama,103,63373,4975,4950,547,5497,53
2021-05-01,Trinity,105,12862,482,326,82,408,3
2021-05-01,Tulare,107,460477,49820,48818,8712,57530,835
2021-05-01,Tuolumne,109,53932,3988,4035,40,4075,61
2021-05-01,Ventura,111,848112,80889,80268,2919,83187,1005
2021-05-01,Yolo,113,214977,13833,13784,200,13984,208
2021-05-01,Yuba,115,75493,5909,5875,118,5993,44
2021-04-30,Alameda,001,1643700,86766,86602,1865,88467,1268
2021-04-30,Alpine,003,1148,87,88,0,88,0
2021-04-30,Amador,005,37829,3642,3650,32,3682,46
2021-04-30,Butte,007,227075,12197,11812,1754,13566,197
2021-04-30,Calaveras,009,45235,2097,2087,13,2100,50
2021-04-30,Colusa,011,21464,1926,1931,291,2222,14
2021-04-30,Contra Costa,013,1133247,68262,67684,1206,68890,800
2021-04-30,Del Norte,015,27424,1333,1276,11,1287,6
2021-04-30,El Dorado,017,186661,10047,9906,712,10618,110
2021-04-30,Fresno,019,978130,101748,101263,8469,109732,1670
2021-04-30,Glenn,021,27897,2391,2369,535,2904,17
2021-04-30,Humboldt,023,135768,3865,3834,31,3865,36
2021-04-30,Imperial,025,180216,28294,28244,2627,30871,721
2021-04-30,Inyo,027,18085,1399,1397,11,1408,36
2021-04-30,Kern,029,883053,96605,95605,10524,106129,1298
2021-04-30,Kings,031,150075,23016,22793,1052,23845,246
2021-04-30,Lake,033,64148,3467,3440,9,3449,43
2021-04-30,Lassen,035,31185,5171,5140,103,5243,1
2021-04-30,Los Angeles,037,10098052,1201959,1192393,40372,1232765,23919
2021-04-30,Madera,039,155013,16491,16395,909,17304,235
2021-04-30,Marin,041,260295,13968,13895,239,14134,228
2021-04-30,Mariposa,043,17540,422,417,11,428,5
2021-04-30,Mendocino,045,87422,3846,3777,80,3857,46
2021-04-30,Merced,047,269075,30657,30740,1014,31754,444
2021-04-30,Modoc,049,8938,366,360,120,480,3
2021-04-30,Mono,051,14174,1250,1258,16,1274,3
2021-04-30,Monterey,053,433212,42952,42810,1814,44624,379
2021-04-30,Napa,055,140530,9795,9792,33,9825,81
2021-04-30,Nevada,057,99092,4697,4608,185,4793,70
2021-04-30,Orange,059,3164182,254243,252883,11075,263958,4956
2021-04-30,Placer,061,380077,22738,22190,1408,23598,287
2021-04-30,Plumas,063,18699,690,677,10,687,4
2021-04-30,Riverside,065,2383286,292629,287030,13722,300752,4412
2021-04-30,Sacramento,067,1510023,103636,102864,1645,104509,1596
2021-04-30,San Benito,069,59416,6012,6024,110,6134,63
2021-04-30,San Bernardino,071,2135413,291900,290704,8854,299558,4640
2021-04-30,San Diego,073,3302833,277934,276157,14530,290687,3702
2021-04-30,San Francisco,075,870044,36308,36453,1243,37696,538
2021-04-30,San Joaquin,077,732212,72066,71311,3389,74700,1306
2021-04-30,San Luis Obispo,079,281455,21141,20884,707,21591,255
2021-04-30,San Mateo,081,765935,41899,41583,454,42037,380
2021-04-30,Santa Barbara,083,443738,34210,34061,1109,35170,451
2021-04-30,Santa Clara,085,1922200,117641,118170,725,118895,1988
2021-04-30,Santa Cruz,087,273765,16127,15975,795,16770,207
2021-04-30,Shasta,089,179085,11870,11848,1462,13310,197
2021-04-30,Sierra,091,2930,56,53,12,65,0
2021-04-30,Siskiyou,093,43540,1771,1628,298,1926,11
2021-04-30,Solano,095,438530,32196,32050,501,32551,249
2021-04-30,Sonoma,097,501317,29667,29816,314,30130,318
2021-04-30,Stanislaus,099,539301,55261,54938,5755,60693,774
2021-04-30,Sutter,101,95872,9321,9353,80,9433,110
2021-04-30,Tehama,103,63373,4972,4944,547,5491,53
2021-04-30,Trinity,105,12862,482,326,82,408,3
2021-04-30,Tulare,107,460477,49810,48797,8696,57493,836
2021-04-30,Tuolumne,109,53932,3987,4033,40,4073,61
2021-04-30,Ventura,111,848112,80849,80232,2914,83146,1004
2021-04-30,Yolo,113,214977,13821,13756,200,13956,208
2021-04-30,Yuba,115,75493,5901,5870,118,5988,44
2021-04-29,Alameda,001,1643700,86699,86490,1864,88354,1263
2021-04-29,Alpine,003,1148,87,88,0,88,0
2021-04-29,Amador,005,37829,3642,3649,32,3681,46
2021-04-29,Butte,007,227075,12182,11787,1752,13539,196
2021-04-29,Calaveras,009,45235,2094,2082,13,2095,50
2021-04-29,Colusa,011,21464,1926,1929,291,2220,14
2021-04-29,Contra Costa,013,1133247,68207,67606,1203,68809,795
2021-04-29,Del Norte,015,27424,1329,1271,11,1282,6
2021-04-29,El Dorado,017,186661,10027,9884,709,10593,107
2021-04-29,Fresno,019,978130,101694,101189,8458,109647,1667
2021-04-29,Glenn,021,27897,2388,2369,535,2904,17
2021-04-29,Humboldt,023,135768,3851,3815,31,3846,36
2021-04-29,Imperial,025,180216,28282,28235,2626,30861,720
2021-04-29,Inyo,027,18085,1399,1396,11,1407,36
2021-04-29,Kern,029,883053,96572,95547,10520,106067,1295
2021-04-29,Kings,031,150075,23006,22777,1047,23824,245
2021-04-29,Lake,033,64148,3459,3438,9,3447,43
2021-04-29,Lassen,035,31185,5171,5140,103,5243,1
2021-04-29,Los Angeles,037,10098052,1201681,1192068,40351,1232419,23899
2021-04-29,Madera,039,155013,16486,16383,908,17291,235
2021-04-29,Marin,041,260295,13964,13884,231,14115,228
2021-04-29,Mariposa,043,17540,421,416,11,427,5
2021-04-29,Mendocino,045,87422,3840,3774,80,3854,46
2021-04-29,Merced,047,269075,30638,30706,1013,31719,444
2021-04-29,Modoc,049,8938,366,360,120,480,3
2021-04-29,Mono,051,14174,1247,1259,16,1275,3
2021-04-29,Monterey,053,433212,42935,42797,1813,44610,379
2021-04-29,Napa,055,140530,9781,9789,33,9822,81
2021-04-29,Nevada,057,99092,4686,4590,185,4775,70
2021-04-29,Orange,059,3164182,254173,252823,11060,263883,4934
2021-04-29,Placer,061,380077,22713,22161,1406,23567,286
2021-04-29,Plumas,063,18699,689,676,10,686,4
2021-04-29,Riverside,065,2383286,292561,286947,13720,300667,4409
2021-04-29,Sacramento,067,1510023,103503,102686,1636,104322,1593
2021-04-29,San Benito,069,59416,6011,6023,110,6133,63
2021-04-29,San Bernardino,071,2135413,291828,290606,8849,299455,4609
2021-04-29,San Diego,073,3302833,277783,275961,14513,290474,3700
2021-04-29,San Francisco,075,870044,36283,36412,1243,37655,537
2021-04-29,San Joaquin,077,732212,72000,71225,3384,74609,1301
2021-04-29,San Luis Obispo,079,281455,21130,20876,707,21583,255
2021-04-29,San Mateo,081,765935,41871,41538,453,41991,358
2021-04-29,Santa Barbara,083,443738,34194,34039,1107,35146,448
2021-04-29,Santa Clara,085,1922200,117586,118082,722,118804,1984
2021-04-29,Santa Cruz,087,273765,16121,15961,795,16756,205
2021-04-29,Shasta,089,179085,11839,11836,1454,13290,193
2021-04-29,Sierra,091,2930,56,53,12,65,0
2021-04-29,Siskiyou,093,43540,1762,1615,295,1910,11
2021-04-29,Solano,095,438530,32155,32002,497,32499,248
2021-04-29,Sonoma,097,501317,29652,29785,311,30096,318
2021-04-29,Stanislaus,099,539301,55194,54836,5750,60586,774
2021-04-29,Sutter,101,95872,9314,9346,80,9426,110
2021-04-29,Tehama,103,63373,4964,4939,547,5486,53
2021-04-29,Trinity,105,12862,482,326,82,408,3
2021-04-29,Tulare,107,460477,49792,48785,8685,57470,832
2021-04-29,Tuolumne,109,53932,3986,4030,40,4070,58
2021-04-29,Ventura,111,848112,80815,80188,2912,83100,1002
2021-04-29,Yolo,113,214977,13801,13745,199,13944,205
2021-04-29,Yuba,115,75493,5891,5865,118,5983,44
2021-04-28,Alameda,001,1643700,86627,86390,1860,88250,1260
2021-04-28,Alpine,003,1148,87,88,0,88,0
2021-04-28,Amador,005,37829,3642,3646,32,3678,46
2021-04-28,Butte,007,227075,12162,11762,1747,13509,196
2021-04-28,Calaveras,009,45235,2090,2078,12,2090,50
2021-04-28,Colusa,011,21464,1923,1927,290,2217,14
2021-04-28,Contra Costa,013,1133247,68147,67539,1201,68740,795
2021-04-28,Del Norte,015,27424,1321,1267,11,1278,6
2021-04-28,El Dorado,017,186661,10002,9873,709,10582,107
2021-04-28,Fresno,019,978130,101647,101161,8448,109609,1666
2021-04-28,Glenn,021,27897,2385,2368,535,2903,17
2021-04-28,Humboldt,023,135768,3835,3796,31,3827,36
2021-04-28,Imperial,025,180216,28268,28177,2625,30802,720
2021-04-28,Inyo,027,18085,1399,1396,10,1406,36
2021-04-28,Kern,029,883053,96543,95494,10511,106005,1295
2021-04-28,Kings,031,150075,22994,22767,1045,23812,245
2021-04-28,Lake,033,64148,3456,3433,9,3442,43
2021-04-28,Lassen,035,31185,5171,5138,103,5241,1
2021-04-28,Los Angeles,037,10098052,1201379,1191729,40324,1232053,23858
2021-04-28,Madera,039,155013,16482,16372,908,17280,235
2021-04-28,Marin,041,260295,13953,13866,231,14097,227
2021-04-28,Mariposa,043,17540,418,415,11,426,5
2021-04-28,Mendocino,045,87422,3834,3770,78,3848,46
2021-04-28,Merced,047,269075,30620,30649,1013,31662,443
2021-04-28,Modoc,049,8938,366,360,120,480,3
2021-04-28,Mono,051,14174,1247,1258,16,1274,3
2021-04-28,Monterey,053,433212,42930,42776,1813,44589,379
2021-04-28,Napa,055,140530,9770,9777,33,9810,81
2021-04-28,Nevada,057,99092,4666,4570,185,4755,70
2021-04-28,Orange,059,3164182,254093,252747,11048,263795,4931
2021-04-28,Placer,061,380077,22686,22115,1405,23520,285
2021-04-28,Plumas,063,18699,689,676,10,686,4
2021-04-28,Riverside,065,2383286,292505,286868,13714,300582,4407
2021-04-28,Sacramento,067,1510023,103381,102613,1632,104245,1591
2021-04-28,San Benito,069,59416,6009,6021,110,6131,63
2021-04-28,San Bernardino,071,2135413,291749,290548,8839,299387,4582
2021-04-28,San Diego,073,3302833,277629,275821,14499,290320,3698
2021-04-28,San Francisco,075,870044,36253,36382,1242,37624,534
2021-04-28,San Joaquin,077,732212,71920,71171,3376,74547,1301
2021-04-28,San Luis Obispo,079,281455,21122,20851,707,21558,255
2021-04-28,San Mateo,081,765935,41846,41498,451,41949,358
2021-04-28,Santa Barbara,083,443738,34180,34003,1107,35110,448
2021-04-28,Santa Clara,085,1922200,117517,117997,720,118717,1969
2021-04-28,Santa Cruz,087,273765,16117,15943,794,16737,205
2021-04-28,Shasta,089,179085,11823,11815,1447,13262,192
2021-04-28,Sierra,091,2930,56,51,12,63,0
2021-04-28,Siskiyou,093,43540,1749,1603,292,1895,11
2021-04-28,Solano,095,438530,32123,31982,492,32474,248
2021-04-28,Sonoma,097,501317,29638,29773,307,30080,318
2021-04-28,Stanislaus,099,539301,55139,54745,5747,60492,774
2021-04-28,Sutter,101,95872,9309,9343,80,9423,110
2021-04-28,Tehama,103,63373,4959,4930,546,5476,53
2021-04-28,Trinity,105,12862,482,326,82,408,3
2021-04-28,Tulare,107,460477,49774,48754,8670,57424,832
2021-04-28,Tuolumne,109,53932,3983,4029,40,4069,58
2021-04-28,Ventura,111,848112,80780,80172,2910,83082,1000
2021-04-28,Yolo,113,214977,13787,13721,198,13919,205
2021-04-28,Yuba,115,75493,5885,5857,118,5975,44
2021-04-27,Alameda,001,1643700,86537,86301,1854,88155,1260
2021-04-27,Alpine,003,1148,87,88,0,88,0
2021-04-27,Amador,005,37829,3642,3645,32,3677,46
2021-04-27,Butte,007,227075,12137,11738,1741,13479,196
2021-04-27,Calaveras,009,45235,2088,2076,12,2088,50
2021-04-27,Colusa,011,21464,1922,1926,290,2216,14
2021-04-27,Contra Costa,013,1133247,68078,67470,1197,68667,791
2021-04-27,Del Norte,015,27424,1309,1266,11,1277,6
2021-04-27,El Dorado,017,186661,9973,9866,706,10572,106
2021-04-27,Fresno,019,978130,101582,101138,8438,109576,1663
2021-04-27,Glenn,021,27897,2385,2368,535,2903,17
2021-04-27,Humboldt,023,135768,3823,3780,31,3811,35
2021-04-27,Imperial,025,180216,28252,28149,2619,30768,720
2021-04-27,Inyo,027,18085,1399,1396,10,1406,36
2021-04-27,Kern,029,883053,96486,95466,10501,105967,1295
2021-04-27,Kings,031,150075,22979,22759,1043,23802,244
2021-04-27,Lake,033,64148,3455,3431,9,3440,43
2021-04-27,Lassen,035,31185,5171,5137,103,5240,1
2021-04-27,Los Angeles,037,10098052,1201056,1191504,40294,1231798,23825
2021-04-27,Madera,039,155013,16475,16365,908,17273,235
2021-04-27,Marin,041,260295,13931,13855,231,14086,227
2021-04-27,Mariposa,043,17540,417,413,11,424,5
2021-04-27,Mendocino,045,87422,3830,3765,78,3843,46
2021-04-27,Merced,047,269075,30579,30620,1013,31633,443
2021-04-27,Modoc,049,8938,365,360,120,480,3
2021-04-27,Mono,051,14174,1247,1257,16,1273,3
2021-04-27,Monterey,053,433212,42912,42752,1810,44562,379
2021-04-27,Napa,055,140530,9763,9774,31,9805,81
2021-04-27,Nevada,057,99092,4651,4557,185,4742,70
2021-04-27,Orange,059,3164182,254023,252667,11043,263710,4925
2021-04-27,Placer,061,380077,22657,22050,1401,23451,285
2021-04-27,Plumas,063,18699,688,675,10,685,4
2021-04-27,Riverside,065,2383286,292429,286820,13710,300530,4405
2021-04-27,Sacramento,067,1510023,103252,102595,1622,104217,1589
2021-04-27,San Benito,069,59416,6004,6016,110,6126,63
2021-04-27,San Bernardino,071,2135413,291682,290461,8834,299295,4575
2021-04-27,San Diego,073,3302833,277472,275685,14479,290164,3692
2021-04-27,San Francisco,075,870044,36225,36358,1241,37599,533
2021-04-27,San Joaquin,077,732212,71867,71104,3370,74474,1301
2021-04-27,San Luis Obispo,079,281455,21115,20841,707,21548,255
2021-04-27,San Mateo,081,765935,41811,41474,450,41924,358
2021-04-27,Santa Barbara,083,443738,34156,33973,1106,35079,448
2021-04-27,Santa Clara,085,1922200,117467,117945,719,118664,1969
2021-04-27,Santa Cruz,087,273765,16110,15905,793,16698,205
2021-04-27,Shasta,089,179085,11795,11802,1440,13242,192
2021-04-27,Sierra,091,2930,56,51,12,63,0
2021-04-27,Siskiyou,093,43540,1734,1597,291,1888,11
2021-04-27,Solano,095,438530,32075,31964,491,32455,248
2021-04-27,Sonoma,097,501317,29620,29761,306,30067,318
2021-04-27,Stanislaus,099,539301,55069,54695,5739,60434,752
2021-04-27,Sutter,101,95872,9304,9342,80,9422,110
2021-04-27,Tehama,103,63373,4956,4922,542,5464,53
2021-04-27,Trinity,105,12862,482,326,82,408,3
2021-04-27,Tulare,107,460477,49757,48744,8661,57405,832
2021-04-27,Tuolumne,109,53932,3980,4028,40,4068,58
2021-04-27,Ventura,111,848112,80751,80152,2908,83060,1000
2021-04-27,Yolo,113,214977,13773,13697,197,13894,205
2021-04-27,Yuba,115,75493,5885,5853,118,5971,44
2021-04-26,Alameda,001,1643700,86443,86230,1851,88081,1256
2021-04-26,Alpine,003,1148,87,88,0,88,0
2021-04-26,Amador,005,37829,3641,3645,32,3677,46
2021-04-26,Butte,007,227075,12113,11720,1737,13457,196
2021-04-26,Calaveras,009,45235,2082,2074,12,2086,50
2021-04-26,Colusa,011,21464,1922,1925,289,2214,14
2021-04-26,Contra Costa,013,1133247,68011,67392,1193,68585,789
2021-04-26,Del Norte,015,27424,1300,1263,11,1274,6
2021-04-26,El Dorado,017,186661,9952,9849,705,10554,106
2021-04-26,Fresno,019,978130,101527,101099,8425,109524,1662
2021-04-26,Glenn,021,27897,2383,2367,535,2902,17
2021-04-26,Humboldt,023,135768,3813,3764,30,3794,35
2021-04-26,Imperial,025,180216,28239,28148,2616,30764,720
2021-04-26,Inyo,027,18085,1398,1396,10,1406,36
2021-04-26,Kern,029,883053,96459,95429,10495,105924,1295
2021-04-26,Kings,031,150075,22976,22756,1040,23796,244
2021-04-26,Lake,033,64148,3450,3428,9,3437,43
2021-04-26,Lassen,035,31185,5171,5138,103,5241,1
2021-04-26,Los Angeles,037,10098052,1200727,1191253,40275,1231528,23802
2021-04-26,Madera,039,155013,16463,16353,907,17260,231
2021-04-26,Marin,041,260295,13916,13849,231,14080,227
2021-04-26,Mariposa,043,17540,416,410,11,421,5
2021-04-26,Mendocino,045,87422,3828,3757,77,3834,46
2021-04-26,Merced,047,269075,30562,30611,1010,31621,443
2021-04-26,Modoc,049,8938,365,360,120,480,3
2021-04-26,Mono,051,14174,1247,1258,16,1274,3
2021-04-26,Monterey,053,433212,42896,42740,1809,44549,379
2021-04-26,Napa,055,140530,9751,9769,31,9800,79
2021-04-26,Nevada,057,99092,4630,4548,185,4733,70
2021-04-26,Orange,059,3164182,253940,252592,11033,263625,4919
2021-04-26,Placer,061,380077,22629,22032,1396,23428,285
2021-04-26,Plumas,063,18699,688,670,10,680,4
2021-04-26,Riverside,065,2383286,292367,286724,13702,300426,4401
2021-04-26,Sacramento,067,1510023,103080,102459,1610,104069,1587
2021-04-26,San Benito,069,59416,6002,6013,110,6123,63
2021-04-26,San Bernardino,071,2135413,291630,290394,8833,299227,4572
2021-04-26,San Diego,073,3302833,277297,275541,14451,289992,3692
2021-04-26,San Francisco,075,870044,36197,36330,1240,37570,532
2021-04-26,San Joaquin,077,732212,71801,71050,3362,74412,1301
2021-04-26,San Luis Obispo,079,281455,21107,20830,706,21536,255
2021-04-26,San Mateo,081,765935,41781,41457,450,41907,357
2021-04-26,Santa Barbara,083,443738,34125,33948,1106,35054,448
2021-04-26,Santa Clara,085,1922200,117367,117874,716,118590,1968
2021-04-26,Santa Cruz,087,273765,16101,15877,793,16670,205
2021-04-26,Shasta,089,179085,11778,11787,1434,13221,192
2021-04-26,Sierra,091,2930,55,51,12,63,0
2021-04-26,Siskiyou,093,43540,1724,1592,288,1880,11
2021-04-26,Solano,095,438530,32030,31913,489,32402,247
2021-04-26,Sonoma,097,501317,29597,29755,304,30059,318
2021-04-26,Stanislaus,099,539301,54979,54638,5733,60371,744
2021-04-26,Sutter,101,95872,9299,9328,80,9408,110
2021-04-26,Tehama,103,63373,4951,4920,539,5459,53
2021-04-26,Trinity,105,12862,482,326,82,408,3
2021-04-26,Tulare,107,460477,49737,48735,8652,57387,831
2021-04-26,Tuolumne,109,53932,3979,4024,40,4064,58
2021-04-26,Ventura,111,848112,80726,80137,2905,83042,999
2021-04-26,Yolo,113,214977,13753,13684,194,13878,205
2021-04-26,Yuba,115,75493,5883,5851,118,5969,44
2021-04-25,Alameda,001,1643700,86342,86162,1845,88007,1256
2021-04-25,Alpine,003,1148,87,87,0,87,0
2021-04-25,Amador,005,37829,3640,3643,32,3675,46
2021-04-25,Butte,007,227075,12084,11709,1730,13439,196
2021-04-25,Calaveras,009,45235,2077,2072,11,2083,50
2021-04-25,Colusa,011,21464,1921,1924,289,2213,14
2021-04-25,Contra Costa,013,1133247,67919,67316,1192,68508,789
2021-04-25,Del Norte,015,27424,1294,1259,11,1270,6
2021-04-25,El Dorado,017,186661,9935,9837,703,10540,106
2021-04-25,Fresno,019,978130,101468,101061,8413,109474,1662
2021-04-25,Glenn,021,27897,2383,2366,535,2901,17
2021-04-25,Humboldt,023,135768,3800,3751,30,3781,35
2021-04-25,Imperial,025,180216,28213,28136,2614,30750,720
2021-04-25,Inyo,027,18085,1398,1396,10,1406,36
2021-04-25,Kern,029,883053,96393,95398,10483,105881,1295
2021-04-25,Kings,031,150075,22962,22755,1038,23793,244
2021-04-25,Lake,033,64148,3448,3427,9,3436,43
2021-04-25,Lassen,035,31185,5169,5138,103,5241,1
2021-04-25,Los Angeles,037,10098052,1200391,1190970,40255,1231225,23799
2021-04-25,Madera,039,155013,16451,16346,907,17253,231
2021-04-25,Marin,041,260295,13907,13852,231,14083,227
2021-04-25,Mariposa,043,17540,416,410,11,421,5
2021-04-25,Mendocino,045,87422,3821,3757,77,3834,46
2021-04-25,Merced,047,269075,30528,30586,1009,31595,443
2021-04-25,Modoc,049,8938,365,360,120,480,3
2021-04-25,Mono,051,14174,1247,1257,16,1273,3
2021-04-25,Monterey,053,433212,42883,42737,1807,44544,379
2021-04-25,Napa,055,140530,9746,9762,31,9793,79
2021-04-25,Nevada,057,99092,4618,4536,185,4721,70
2021-04-25,Orange,059,3164182,253864,252531,11027,263558,4919
2021-04-25,Placer,061,380077,22583,22011,1388,23399,285
2021-04-25,Plumas,063,18699,687,670,10,680,4
2021-04-25,Riverside,065,2383286,292274,286651,13696,300347,4401
2021-04-25,Sacramento,067,1510023,102912,102319,1600,103919,1587
2021-04-25,San Benito,069,59416,6000,6014,109,6123,63
2021-04-25,San Bernardino,071,2135413,291555,290357,8825,299182,4571
2021-04-25,San Diego,073,3302833,277084,275412,14418,289830,3692
2021-04-25,San Francisco,075,870044,36166,36310,1240,37550,532
2021-04-25,San Joaquin,077,732212,71706,70987,3352,74339,1301
2021-04-25,San Luis Obispo,079,281455,21088,20820,704,21524,255
2021-04-25,San Mateo,081,765935,41746,41465,449,41914,356
2021-04-25,Santa Barbara,083,443738,34099,33931,1106,35037,448
2021-04-25,Santa Clara,085,1922200,117288,117778,714,118492,1968
2021-04-25,Santa Cruz,087,273765,16095,15868,791,16659,205
2021-04-25,Shasta,089,179085,11755,11784,1429,13213,192
2021-04-25,Sierra,091,2930,55,51,12,63,0
2021-04-25,Siskiyou,093,43540,1713,1580,286,1866,11
2021-04-25,Solano,095,438530,31983,31864,481,32345,247
2021-04-25,Sonoma,097,501317,29579,29756,304,30060,318
2021-04-25,Stanislaus,099,539301,54883,54543,5725,60268,744
2021-04-25,Sutter,101,95872,9293,9326,80,9406,110
2021-04-25,Tehama,103,63373,4947,4916,537,5453,53
2021-04-25,Trinity,105,12862,482,326,82,408,3
2021-04-25,Tulare,107,460477,49721,48728,8639,57367,831
2021-04-25,Tuolumne,109,53932,3977,4022,40,4062,58
2021-04-25,Ventura,111,848112,80702,80110,2905,83015,999
2021-04-25,Yolo,113,214977,13727,13667,193,13860,205
2021-04-25,Yuba,115,75493,5880,5849,117,5966,44
2021-04-24,Alameda,001,1643700,86287,86016,1843,87859,1257
2021-04-24,Alpine,003,1148,87,86,0,86,0
2021-04-24,Amador,005,37829,3639,3640,32,3672,46
2021-04-24,Butte,007,227075,12068,11678,1728,13406,196
2021-04-24,Calaveras,009,45235,2073,2067,11,2078,50
2021-04-24,Colusa,011,21464,1920,1921,289,2210,14
2021-04-24,Contra Costa,013,1133247,67848,67222,1190,68412,789
2021-04-24,Del Norte,015,27424,1289,1255,11,1266,6
2021-04-24,El Dorado,017,186661,9924,9814,702,10516,106
2021-04-24,Fresno,019,978130,101437,100991,8407,109398,1662
2021-04-24,Glenn,021,27897,2383,2363,535,2898,17
2021-04-24,Humboldt,023,135768,3786,3722,30,3752,35
2021-04-24,Imperial,025,180216,28206,28124,2613,30737,720
2021-04-24,Inyo,027,18085,1397,1396,10,1406,36
2021-04-24,Kern,029,883053,96374,95365,10473,105838,1295
2021-04-24,Kings,031,150075,22959,22749,1038,23787,244
2021-04-24,Lake,033,64148,3447,3426,9,3435,43
2021-04-24,Lassen,035,31185,5168,5137,103,5240,1
2021-04-24,Los Angeles,037,10098052,1200159,1190603,40239,1230842,23802
2021-04-24,Madera,039,155013,16448,16338,907,17245,231
2021-04-24,Marin,041,260295,13899,13847,231,14078,227
2021-04-24,Mariposa,043,17540,416,409,11,420,5
2021-04-24,Mendocino,045,87422,3819,3754,75,3829,46
2021-04-24,Merced,047,269075,30508,30559,1009,31568,443
2021-04-24,Modoc,049,8938,365,360,120,480,3
2021-04-24,Mono,051,14174,1247,1256,16,1272,3
2021-04-24,Monterey,053,433212,42871,42727,1806,44533,379
2021-04-24,Napa,055,140530,9740,9756,31,9787,79
2021-04-24,Nevada,057,99092,4611,4522,185,4707,70
2021-04-24,Orange,059,3164182,253820,252441,11021,263462,4910
2021-04-24,Placer,061,380077,22570,21983,1387,23370,285
2021-04-24,Plumas,063,18699,686,670,10,680,4
2021-04-24,Riverside,065,2383286,292206,286552,13692,300244,4400
2021-04-24,Sacramento,067,1510023,102829,102179,1593,103772,1587
2021-04-24,San Benito,069,59416,5998,6007,109,6116,63
2021-04-24,San Bernardino,071,2135413,291506,290264,8824,299088,4568
2021-04-24,San Diego,073,3302833,276981,275252,14398,289650,3688
2021-04-24,San Francisco,075,870044,36137,36285,1236,37521,532
2021-04-24,San Joaquin,077,732212,71663,70911,3349,74260,1301
2021-04-24,San Luis Obispo,079,281455,21078,20797,703,21500,255
2021-04-24,San Mateo,081,765935,41733,41424,447,41871,355
2021-04-24,Santa Barbara,083,443738,34084,33911,1105,35016,448
2021-04-24,Santa Clara,085,1922200,117233,117674,712,118386,1968
2021-04-24,Santa Cruz,087,273765,16087,15840,791,16631,205
2021-04-24,Shasta,089,179085,11737,11770,1426,13196,192
2021-04-24,Sierra,091,2930,55,51,12,63,0
2021-04-24,Siskiyou,093,43540,1703,1574,285,1859,11
2021-04-24,Solano,095,438530,31960,31821,478,32299,247
2021-04-24,Sonoma,097,501317,29577,29739,304,30043,318
2021-04-24,Stanislaus,099,539301,54834,54455,5722,60177,744
2021-04-24,Sutter,101,95872,9290,9316,80,9396,110
2021-04-24,Tehama,103,63373,4942,4907,537,5444,53
2021-04-24,Trinity,105,12862,482,326,82,408,3
2021-04-24,Tulare,107,460477,49710,48705,8629,57334,830
2021-04-24,Tuolumne,109,53932,3973,4020,40,4060,58
2021-04-24,Ventura,111,848112,80689,80097,2903,83000,999
2021-04-24,Yolo,113,214977,13716,13653,193,13846,205
2021-04-24,Yuba,115,75493,5878,5837,117,5954,44
2021-04-23,Alameda,001,1643700,86213,85935,1840,87775,1256
2021-04-23,Alpine,003,1148,86,86,0,86,0
2021-04-23,Amador,005,37829,3638,3637,32,3669,46
2021-04-23,Butte,007,227075,12047,11672,1723,13395,196
2021-04-23,Calaveras,009,45235,2070,2064,11,2075,50
2021-04-23,Colusa,011,21464,1919,1921,289,2210,14
2021-04-23,Contra Costa,013,1133247,67794,67164,1188,68352,785
2021-04-23,Del Norte,015,27424,1288,1254,11,1265,6
2021-04-23,El Dorado,017,186661,9906,9788,699,10487,106
2021-04-23,Fresno,019,978130,101396,100928,8401,109329,1662
2021-04-23,Glenn,021,27897,2383,2361,534,2895,17
2021-04-23,Humboldt,023,135768,3776,3698,30,3728,35
2021-04-23,Imperial,025,180216,28191,28108,2612,30720,720
2021-04-23,Inyo,027,18085,1397,1395,10,1405,36
2021-04-23,Kern,029,883053,96349,95330,10467,105797,1295
2021-04-23,Kings,031,150075,22956,22735,1038,23773,244
2021-04-23,Lake,033,64148,3445,3425,9,3434,43
2021-04-23,Lassen,035,31185,5168,5141,103,5244,1
2021-04-23,Los Angeles,037,10098052,1199889,1190264,40215,1230479,23785
2021-04-23,Madera,039,155013,16439,16328,907,17235,231
2021-04-23,Marin,041,260295,13894,13838,231,14069,227
2021-04-23,Mariposa,043,17540,415,405,11,416,5
2021-04-23,Mendocino,045,87422,3817,3745,74,3819,46
2021-04-23,Merced,047,269075,30491,30530,1008,31538,443
2021-04-23,Modoc,049,8938,365,360,120,480,3
2021-04-23,Mono,051,14174,1245,1256,16,1272,3
2021-04-23,Monterey,053,433212,42865,42722,1806,44528,377
2021-04-23,Napa,055,140530,9735,9752,31,9783,79
2021-04-23,Nevada,057,99092,4602,4510,185,4695,70
2021-04-23,Orange,059,3164182,253776,252399,11014,263413,4904
2021-04-23,Placer,061,380077,22547,21959,1386,23345,282
2021-04-23,Plumas,063,18699,685,670,10,680,4
2021-04-23,Riverside,065,2383286,292147,286456,13687,300143,4399
2021-04-23,Sacramento,067,1510023,102742,102041,1590,103631,1586
2021-04-23,San Benito,069,59416,5996,6005,109,6114,63
2021-04-23,San Bernardino,071,2135413,291455,290189,8823,299012,4568
2021-04-23,San Diego,073,3302833,276842,275097,14375,289472,3684
2021-04-23,San Francisco,075,870044,36121,36252,1235,37487,532
2021-04-23,San Joaquin,077,732212,71607,70840,3346,74186,1295
2021-04-23,San Luis Obispo,079,281455,21069,20781,702,21483,255
2021-04-23,San Mateo,081,765935,41707,41386,447,41833,355
2021-04-23,Santa Barbara,083,443738,34074,33895,1103,34998,447
2021-04-23,Santa Clara,085,1922200,117171,117593,711,118304,1965
2021-04-23,Santa Cruz,087,273765,16080,15802,791,16593,205
2021-04-23,Shasta,089,179085,11730,11759,1425,13184,192
2021-04-23,Sierra,091,2930,55,51,12,63,0
2021-04-23,Siskiyou,093,43540,1691,1567,284,1851,11
2021-04-23,Solano,095,438530,31928,31784,474,32258,247
2021-04-23,Sonoma,097,501317,29563,29727,304,30031,318
2021-04-23,Stanislaus,099,539301,54772,54391,5714,60105,744
2021-04-23,Sutter,101,95872,9288,9312,80,9392,110
2021-04-23,Tehama,103,63373,4939,4906,537,5443,53
2021-04-23,Trinity,105,12862,482,326,82,408,3
2021-04-23,Tulare,107,460477,49693,48694,8622,57316,829
2021-04-23,Tuolumne,109,53932,3972,4020,40,4060,58
2021-04-23,Ventura,111,848112,80670,80095,2903,82998,996
2021-04-23,Yolo,113,214977,13704,13647,193,13840,205
2021-04-23,Yuba,115,75493,5875,5828,117,5945,44
2021-04-22,Alameda,001,1643700,86123,85829,1839,87668,1253
2021-04-22,Alpine,003,1148,86,86,0,86,0
2021-04-22,Amador,005,37829,3637,3633,32,3665,46
2021-04-22,Butte,007,227075,12033,11656,1720,13376,196
2021-04-22,Calaveras,009,45235,2068,2059,11,2070,50
2021-04-22,Colusa,011,21464,1917,1920,287,2207,14
2021-04-22,Contra Costa,013,1133247,67722,67029,1184,68213,782
2021-04-22,Del Norte,015,27424,1283,1252,11,1263,6
2021-04-22,El Dorado,017,186661,9894,9773,696,10469,106
2021-04-22,Fresno,019,978130,101351,100864,8390,109254,1657
2021-04-22,Glenn,021,27897,2382,2361,534,2895,17
2021-04-22,Humboldt,023,135768,3767,3680,30,3710,35
2021-04-22,Imperial,025,180216,28170,28096,2609,30705,720
2021-04-22,Inyo,027,18085,1396,1394,10,1404,36
2021-04-22,Kern,029,883053,96306,95292,10452,105744,1299
2021-04-22,Kings,031,150075,22946,22725,1038,23763,243
2021-04-22,Lake,033,64148,3443,3423,9,3432,43
2021-04-22,Lassen,035,31185,5168,5155,103,5258,1
2021-04-22,Los Angeles,037,10098052,1199567,1189878,40194,1230072,23762
2021-04-22,Madera,039,155013,16420,16316,907,17223,231
2021-04-22,Marin,041,260295,13886,13832,231,14063,227
2021-04-22,Mariposa,043,17540,414,403,11,414,5
2021-04-22,Mendocino,045,87422,3811,3729,74,3803,46
2021-04-22,Merced,047,269075,30456,30490,1007,31497,443
2021-04-22,Modoc,049,8938,365,360,120,480,3
2021-04-22,Mono,051,14174,1245,1254,16,1270,3
2021-04-22,Monterey,053,433212,42858,42708,1804,44512,377
2021-04-22,Napa,055,140530,9725,9734,31,9765,79
2021-04-22,Nevada,057,99092,4592,4504,183,4687,70
2021-04-22,Orange,059,3164182,253703,252307,11001,263308,4898
2021-04-22,Placer,061,380077,22516,21916,1382,23298,282
2021-04-22,Plumas,063,18699,684,670,10,680,4
2021-04-22,Riverside,065,2383286,292048,286362,13678,300040,4398
2021-04-22,Sacramento,067,1510023,102593,101870,1581,103451,1585
2021-04-22,San Benito,069,59416,5992,5998,109,6107,63
2021-04-22,San Bernardino,071,2135413,291386,290125,8814,298939,4571
2021-04-22,San Diego,073,3302833,276676,275913,14353,290266,3684
2021-04-22,San Francisco,075,870044,36098,36218,1232,37450,532
2021-04-22,San Joaquin,077,732212,71548,70751,3339,74090,1295
2021-04-22,San Luis Obispo,079,281455,21055,20761,702,21463,255
2021-04-22,San Mateo,081,765935,41681,41345,445,41790,355
2021-04-22,Santa Barbara,083,443738,34051,33870,1102,34972,446
2021-04-22,Santa Clara,085,1922200,117083,117457,707,118164,1954
2021-04-22,Santa Cruz,087,273765,16077,15737,790,16527,205
2021-04-22,Shasta,089,179085,11715,11738,1423,13161,192
2021-04-22,Sierra,091,2930,55,51,12,63,0
2021-04-22,Siskiyou,093,43540,1687,1564,283,1847,11
2021-04-22,Solano,095,438530,31882,31731,471,32202,247
2021-04-22,Sonoma,097,501317,29548,29705,300,30005,318
2021-04-22,Stanislaus,099,539301,54699,54313,5708,60021,744
2021-04-22,Sutter,101,95872,9284,9302,80,9382,110
2021-04-22,Tehama,103,63373,4933,4896,533,5429,53
2021-04-22,Trinity,105,12862,482,326,82,408,3
2021-04-22,Tulare,107,460477,49673,48669,8613,57282,828
2021-04-22,Tuolumne,109,53932,3968,4020,40,4060,58
2021-04-22,Ventura,111,848112,80644,80073,2901,82974,996
2021-04-22,Yolo,113,214977,13683,13616,193,13809,205
2021-04-22,Yuba,115,75493,5865,5825,117,5942,44
2021-04-21,Alameda,001,1643700,86044,85762,1837,87599,1249
2021-04-21,Alpine,003,1148,86,86,0,86,0
2021-04-21,Amador,005,37829,3634,3632,32,3664,46
2021-04-21,Butte,007,227075,12013,11643,1718,13361,196
2021-04-21,Calaveras,009,45235,2060,2057,11,2068,50
2021-04-21,Colusa,011,21464,1915,1920,286,2206,14
2021-04-21,Contra Costa,013,1133247,67656,66981,1183,68164,782
2021-04-21,Del Norte,015,27424,1279,1252,11,1263,6
2021-04-21,El Dorado,017,186661,9877,9760,693,10453,106
2021-04-21,Fresno,019,978130,101295,100838,8384,109222,1654
2021-04-21,Glenn,021,27897,2381,2361,534,2895,17
2021-04-21,Humboldt,023,135768,3748,3642,30,3672,35
2021-04-21,Imperial,025,180216,28158,28052,2608,30660,719
2021-04-21,Inyo,027,18085,1396,1392,10,1402,36
2021-04-21,Kern,029,883053,96260,95257,10442,105699,1297
2021-04-21,Kings,031,150075,22939,22713,1037,23750,243
2021-04-21,Lake,033,64148,3440,3421,9,3430,43
2021-04-21,Lassen,035,31185,5167,5156,103,5259,1
2021-04-21,Los Angeles,037,10098052,1199225,1189530,40175,1229705,23729
2021-04-21,Madera,039,155013,16415,16309,907,17216,231
2021-04-21,Marin,041,260295,13871,13822,231,14053,227
2021-04-21,Mariposa,043,17540,413,402,11,413,5
2021-04-21,Mendocino,045,87422,3809,3729,74,3803,46
2021-04-21,Merced,047,269075,30436,30471,1005,31476,442
2021-04-21,Modoc,049,8938,365,360,120,480,3
2021-04-21,Mono,051,14174,1245,1254,16,1270,3
2021-04-21,Monterey,053,433212,42843,42699,1802,44501,377
2021-04-21,Napa,055,140530,9719,9727,31,9758,79
2021-04-21,Nevada,057,99092,4578,4499,183,4682,70
2021-04-21,Orange,059,3164182,253627,252243,10988,263231,4889
2021-04-21,Placer,061,380077,22485,21896,1377,23273,282
2021-04-21,Plumas,063,18699,684,670,10,680,4
2021-04-21,Riverside,065,2383286,291954,286299,13671,299970,4388
2021-04-21,Sacramento,067,1510023,102463,101803,1575,103378,1579
2021-04-21,San Benito,069,59416,5989,5998,109,6107,63
2021-04-21,San Bernardino,071,2135413,291310,290049,8812,298861,4572
2021-04-21,San Diego,073,3302833,276467,275632,14315,289947,3681
2021-04-21,San Francisco,075,870044,36078,36194,1231,37425,529
2021-04-21,San Joaquin,077,732212,71493,70687,3329,74016,1295
2021-04-21,San Luis Obispo,079,281455,21040,20724,701,21425,255
2021-04-21,San Mateo,081,765935,41650,41318,444,41762,355
2021-04-21,Santa Barbara,083,443738,34032,33830,1101,34931,445
2021-04-21,Santa Clara,085,1922200,117005,117318,701,118019,1946
2021-04-21,Santa Cruz,087,273765,16068,15698,790,16488,204
2021-04-21,Shasta,089,179085,11696,11722,1421,13143,192
2021-04-21,Sierra,091,2930,55,51,12,63,0
2021-04-21,Siskiyou,093,43540,1680,1557,283,1840,11
2021-04-21,Solano,095,438530,31843,31712,470,32182,244
2021-04-21,Sonoma,097,501317,29536,29697,299,29996,318
2021-04-21,Stanislaus,099,539301,54638,54290,5702,59992,742
2021-04-21,Sutter,101,95872,9276,9297,80,9377,110
2021-04-21,Tehama,103,63373,4926,4893,532,5425,53
2021-04-21,Trinity,105,12862,482,326,82,408,3
2021-04-21,Tulare,107,460477,49658,48653,8600,57253,828
2021-04-21,Tuolumne,109,53932,3965,4019,40,4059,58
2021-04-21,Ventura,111,848112,80612,80039,2898,82937,996
2021-04-21,Yolo,113,214977,13663,13606,192,13798,200
2021-04-21,Yuba,115,75493,5858,5822,116,5938,44
2021-04-20,Alameda,001,1643700,85949,85652,1835,87487,1248
2021-04-20,Alpine,003,1148,85,85,0,85,0
2021-04-20,Amador,005,37829,3633,3631,32,3663,46
2021-04-20,Butte,007,227075,11994,11619,1716,13335,196
2021-04-20,Calaveras,009,45235,2059,2053,11,2064,50
2021-04-20,Colusa,011,21464,1915,1915,285,2200,14
2021-04-20,Contra Costa,013,1133247,67572,66889,1180,68069,782
2021-04-20,Del Norte,015,27424,1278,1250,11,1261,6
2021-04-20,El Dorado,017,186661,9849,9743,691,10434,106
2021-04-20,Fresno,019,978130,101237,100768,8374,109142,1650
2021-04-20,Glenn,021,27897,2379,2359,533,2892,17
2021-04-20,Humboldt,023,135768,3730,3612,30,3642,35
2021-04-20,Imperial,025,180216,28139,28024,2604,30628,719
2021-04-20,Inyo,027,18085,1396,1393,10,1403,36
2021-04-20,Kern,029,883053,96224,95223,10426,105649,1295
2021-04-20,Kings,031,150075,22933,22693,1034,23727,243
2021-04-20,Lake,033,64148,3438,3418,9,3427,43
2021-04-20,Lassen,035,31185,5167,5155,103,5258,1
2021-04-20,Los Angeles,037,10098052,1198878,1189256,40145,1229401,23694
2021-04-20,Madera,039,155013,16409,16301,907,17208,231
2021-04-20,Marin,041,260295,13857,13807,231,14038,227
2021-04-20,Mariposa,043,17540,412,402,11,413,5
2021-04-20,Mendocino,045,87422,3808,3726,74,3800,46
2021-04-20,Merced,047,269075,30409,30439,1004,31443,441
2021-04-20,Modoc,049,8938,365,359,120,479,3
2021-04-20,Mono,051,14174,1244,1254,16,1270,3
2021-04-20,Monterey,053,433212,42832,42663,1800,44463,363
2021-04-20,Napa,055,140530,9715,9711,31,9742,79
2021-04-20,Nevada,057,99092,4560,4485,183,4668,70
2021-04-20,Orange,059,3164182,253537,252134,10976,263110,4887
2021-04-20,Placer,061,380077,22451,21846,1373,23219,282
2021-04-20,Plumas,063,18699,683,670,10,680,4
2021-04-20,Riverside,065,2383286,291857,286194,13666,299860,4388
2021-04-20,Sacramento,067,1510023,102325,101629,1567,103196,1574
2021-04-20,San Benito,069,59416,5986,5988,109,6097,63
2021-04-20,San Bernardino,071,2135413,291229,289905,8810,298715,4569
2021-04-20,San Diego,073,3302833,276236,275369,14282,289651,3674
2021-04-20,San Francisco,075,870044,36059,36117,1230,37347,529
2021-04-20,San Joaquin,077,732212,71420,70590,3320,73910,1289
2021-04-20,San Luis Obispo,079,281455,21017,20691,693,21384,254
2021-04-20,San Mateo,081,765935,41619,41251,444,41695,355
2021-04-20,Santa Barbara,083,443738,34013,33803,1101,34904,445
2021-04-20,Santa Clara,085,1922200,116907,117228,697,117925,1944
2021-04-20,Santa Cruz,087,273765,16056,15647,790,16437,204
2021-04-20,Shasta,089,179085,11680,11677,1418,13095,189
2021-04-20,Sierra,091,2930,55,51,12,63,0
2021-04-20,Siskiyou,093,43540,1672,1551,282,1833,10
2021-04-20,Solano,095,438530,31788,31673,466,32139,243
2021-04-20,Sonoma,097,501317,29527,29676,297,29973,311
2021-04-20,Stanislaus,099,539301,54573,54236,5689,59925,735
2021-04-20,Sutter,101,95872,9272,9279,80,9359,109
2021-04-20,Tehama,103,63373,4921,4887,531,5418,52
2021-04-20,Trinity,105,12862,482,326,82,408,3
2021-04-20,Tulare,107,460477,49636,48650,8592,57242,831
2021-04-20,Tuolumne,109,53932,3965,4014,40,4054,58
2021-04-20,Ventura,111,848112,80584,80018,2896,82914,995
2021-04-20,Yolo,113,214977,13643,13581,191,13772,200
2021-04-20,Yuba,115,75493,5848,5814,116,5930,44
2021-04-19,Alameda,001,1643700,85831,85583,1831,87414,1247
2021-04-19,Alpine,003,1148,85,85,0,85,0
2021-04-19,Amador,005,37829,3632,3629,32,3661,46
2021-04-19,Butte,007,227075,11976,11601,1711,13312,196
2021-04-19,Calaveras,009,45235,2057,2050,11,2061,50
2021-04-19,Colusa,011,21464,1915,1913,284,2197,14
2021-04-19,Contra Costa,013,1133247,67494,66833,1178,68011,782
2021-04-19,Del Norte,015,27424,1276,1247,11,1258,6
2021-04-19,El Dorado,017,186661,9833,9726,686,10412,106
2021-04-19,Fresno,019,978130,101169,100702,8362,109064,1646
2021-04-19,Glenn,021,27897,2379,2358,532,2890,17
2021-04-19,Humboldt,023,135768,3710,3602,28,3630,35
2021-04-19,Imperial,025,180216,28118,27995,2604,30599,719
2021-04-19,Inyo,027,18085,1396,1392,10,1402,36
2021-04-19,Kern,029,883053,96194,95162,10411,105573,1290
2021-04-19,Kings,031,150075,22918,22688,1034,23722,243
2021-04-19,Lake,033,64148,3437,3416,9,3425,43
2021-04-19,Lassen,035,31185,5166,5156,103,5259,1
2021-04-19,Los Angeles,037,10098052,1198499,1188945,40120,1229065,23666
2021-04-19,Madera,039,155013,16398,16289,906,17195,231
2021-04-19,Marin,041,260295,13846,13804,230,14034,226
2021-04-19,Mariposa,043,17540,411,401,11,412,5
2021-04-19,Mendocino,045,87422,3806,3722,74,3796,46
2021-04-19,Merced,047,269075,30380,30422,1003,31425,441
2021-04-19,Modoc,049,8938,365,359,120,479,3
2021-04-19,Mono,051,14174,1243,1254,16,1270,3
2021-04-19,Monterey,053,433212,42819,42642,1795,44437,356
2021-04-19,Napa,055,140530,9707,9680,31,9711,79
2021-04-19,Nevada,057,99092,4544,4477,183,4660,70
2021-04-19,Orange,059,3164182,253419,252013,10961,262974,4883
2021-04-19,Placer,061,380077,22428,21814,1369,23183,282
2021-04-19,Plumas,063,18699,683,665,10,675,4
2021-04-19,Riverside,065,2383286,291762,286087,13656,299743,4371
2021-04-19,Sacramento,067,1510023,102189,101482,1557,103039,1572
2021-04-19,San Benito,069,59416,5978,5989,109,6098,63
2021-04-19,San Bernardino,071,2135413,291143,289738,8804,298542,4561
2021-04-19,San Diego,073,3302833,275988,275113,14249,289362,3674
2021-04-19,San Francisco,075,870044,36022,36094,1228,37322,529
2021-04-19,San Joaquin,077,732212,71340,70514,3314,73828,1289
2021-04-19,San Luis Obispo,079,281455,20991,20669,687,21356,254
2021-04-19,San Mateo,081,765935,41586,41226,443,41669,355
2021-04-19,Santa Barbara,083,443738,33999,33786,1101,34887,446
2021-04-19,Santa Clara,085,1922200,116796,117099,693,117792,1944
2021-04-19,Santa Cruz,087,273765,16044,15600,790,16390,204
2021-04-19,Shasta,089,179085,11665,11662,1410,13072,189
2021-04-19,Sierra,091,2930,55,51,12,63,0
2021-04-19,Siskiyou,093,43540,1662,1544,282,1826,10
2021-04-19,Solano,095,438530,31749,31643,461,32104,239
2021-04-19,Sonoma,097,501317,29508,29667,297,29964,311
2021-04-19,Stanislaus,099,539301,54497,54179,5685,59864,728
2021-04-19,Sutter,101,95872,9261,9269,80,9349,109
2021-04-19,Tehama,103,63373,4915,4878,531,5409,52
2021-04-19,Trinity,105,12862,482,326,81,407,3
2021-04-19,Tulare,107,460477,49620,48630,8579,57209,831
2021-04-19,Tuolumne,109,53932,3964,4010,40,4050,58
2021-04-19,Ventura,111,848112,80558,80000,2894,82894,996
2021-04-19,Yolo,113,214977,13630,13572,189,13761,200
2021-04-19,Yuba,115,75493,5841,5804,115,5919,44
2021-04-18,Alameda,001,1643700,85716,85481,1823,87304,1247
2021-04-18,Alpine,003,1148,85,85,0,85,0
2021-04-18,Amador,005,37829,3629,3627,32,3659,46
2021-04-18,Butte,007,227075,11958,11591,1706,13297,196
2021-04-18,Calaveras,009,45235,2051,2047,11,2058,50
2021-04-18,Colusa,011,21464,1911,1912,283,2195,14
2021-04-18,Contra Costa,013,1133247,67391,66750,1174,67924,782
2021-04-18,Del Norte,015,27424,1276,1240,11,1251,6
2021-04-18,El Dorado,017,186661,9810,9710,684,10394,106
2021-04-18,Fresno,019,978130,101111,100621,8356,108977,1646
2021-04-18,Glenn,021,27897,2374,2358,532,2890,17
2021-04-18,Humboldt,023,135768,3682,3590,28,3618,35
2021-04-18,Imperial,025,180216,28103,27991,2599,30590,719
2021-04-18,Inyo,027,18085,1395,1392,10,1402,36
2021-04-18,Kern,029,883053,96158,95129,10396,105525,1290
2021-04-18,Kings,031,150075,22909,22685,1034,23719,243
2021-04-18,Lake,033,64148,3436,3413,9,3422,43
2021-04-18,Lassen,035,31185,5163,5156,103,5259,1
2021-04-18,Los Angeles,037,10098052,1198039,1188620,40097,1228717,23648
2021-04-18,Madera,039,155013,16387,16277,905,17182,231
2021-04-18,Marin,041,260295,13839,13801,229,14030,226
2021-04-18,Mariposa,043,17540,410,400,10,410,5
2021-04-18,Mendocino,045,87422,3803,3722,74,3796,46
2021-04-18,Merced,047,269075,30343,30405,1002,31407,441
2021-04-18,Modoc,049,8938,365,359,120,479,3
2021-04-18,Mono,051,14174,1243,1254,16,1270,3
2021-04-18,Monterey,053,433212,42807,42638,1794,44432,356
2021-04-18,Napa,055,140530,9691,9674,31,9705,79
2021-04-18,Nevada,057,99092,4529,4464,183,4647,70
2021-04-18,Orange,059,3164182,253305,251940,10954,262894,4883
2021-04-18,Placer,061,380077,22385,21783,1364,23147,282
2021-04-18,Plumas,063,18699,682,665,10,675,4
2021-04-18,Riverside,065,2383286,291672,286043,13652,299695,4371
2021-04-18,Sacramento,067,1510023,102014,101354,1551,102905,1572
2021-04-18,San Benito,069,59416,5976,5989,109,6098,63
2021-04-18,San Bernardino,071,2135413,291050,289691,8795,298486,4556
2021-04-18,San Diego,073,3302833,275709,274961,14214,289175,3674
2021-04-18,San Francisco,075,870044,35985,36073,1224,37297,525
2021-04-18,San Joaquin,077,732212,71259,70466,3305,73771,1289
2021-04-18,San Luis Obispo,079,281455,20969,20656,681,21337,254
2021-04-18,San Mateo,081,765935,41557,41201,442,41643,352
2021-04-18,Santa Barbara,083,443738,33964,33769,1100,34869,446
2021-04-18,Santa Clara,085,1922200,116629,116996,688,117684,1944
2021-04-18,Santa Cruz,087,273765,16034,15580,789,16369,204
2021-04-18,Shasta,089,179085,11644,11658,1407,13065,189
2021-04-18,Sierra,091,2930,55,51,12,63,0
2021-04-18,Siskiyou,093,43540,1651,1538,281,1819,10
2021-04-18,Solano,095,438530,31699,31606,460,32066,239
2021-04-18,Sonoma,097,501317,29492,29660,295,29955,311
2021-04-18,Stanislaus,099,539301,54415,54132,5679,59811,728
2021-04-18,Sutter,101,95872,9247,9261,80,9341,109
2021-04-18,Tehama,103,63373,4906,4877,530,5407,52
2021-04-18,Trinity,105,12862,482,326,81,407,3
2021-04-18,Tulare,107,460477,49607,48618,8574,57192,829
2021-04-18,Tuolumne,109,53932,3963,4008,39,4047,58
2021-04-18,Ventura,111,848112,80527,79984,2891,82875,996
2021-04-18,Yolo,113,214977,13618,13562,187,13749,200
2021-04-18,Yuba,115,75493,5834,5804,115,5919,44
2021-04-17,Alameda,001,1643700,85641,85367,1821,87188,1247
2021-04-17,Alpine,003,1148,85,85,0,85,0
2021-04-17,Amador,005,37829,3627,3625,32,3657,46
2021-04-17,Butte,007,227075,11938,11573,1702,13275,196
2021-04-17,Calaveras,009,45235,2049,2045,11,2056,50
2021-04-17,Colusa,011,21464,1911,1912,283,2195,14
2021-04-17,Contra Costa,013,1133247,67343,66657,1166,67823,782
2021-04-17,Del Norte,015,27424,1276,1238,11,1249,6
2021-04-17,El Dorado,017,186661,9795,9692,681,10373,106
2021-04-17,Fresno,019,978130,101078,100562,8351,108913,1646
2021-04-17,Glenn,021,27897,2374,2357,532,2889,17
2021-04-17,Humboldt,023,135768,3658,3579,28,3607,35
2021-04-17,Imperial,025,180216,28092,27987,2599,30586,719
2021-04-17,Inyo,027,18085,1392,1392,10,1402,36
2021-04-17,Kern,029,883053,96140,95102,10392,105494,1290
2021-04-17,Kings,031,150075,22904,22678,1033,23711,243
2021-04-17,Lake,033,64148,3435,3409,9,3418,43
2021-04-17,Lassen,035,31185,5163,5154,103,5257,1
2021-04-17,Los Angeles,037,10098052,1197780,1188262,40066,1228328,23653
2021-04-17,Madera,039,155013,16383,16260,904,17164,231
2021-04-17,Marin,041,260295,13835,13797,229,14026,226
2021-04-17,Mariposa,043,17540,409,398,10,408,5
2021-04-17,Mendocino,045,87422,3800,3721,74,3795,46
2021-04-17,Merced,047,269075,30327,30392,1001,31393,441
2021-04-17,Modoc,049,8938,365,357,120,477,3
2021-04-17,Mono,051,14174,1243,1253,16,1269,3
2021-04-17,Monterey,053,433212,42798,42630,1792,44422,356
2021-04-17,Napa,055,140530,9687,9666,31,9697,79
2021-04-17,Nevada,057,99092,4521,4457,183,4640,70
2021-04-17,Orange,059,3164182,253236,251873,10942,262815,4878
2021-04-17,Placer,061,380077,22362,21736,1359,23095,282
2021-04-17,Plumas,063,18699,681,666,10,676,4
2021-04-17,Riverside,065,2383286,291603,285963,13644,299607,4371
2021-04-17,Sacramento,067,1510023,101904,101172,1540,102712,1572
2021-04-17,San Benito,069,59416,5970,5986,109,6095,63
2021-04-17,San Bernardino,071,2135413,290995,289624,8792,298416,4555
2021-04-17,San Diego,073,3302833,275562,274812,14180,288992,3674
2021-04-17,San Francisco,075,870044,35963,36032,1221,37253,523
2021-04-17,San Joaquin,077,732212,71219,70372,3295,73667,1288
2021-04-17,San Luis Obispo,079,281455,20956,20642,678,21320,254
2021-04-17,San Mateo,081,765935,41534,41157,442,41599,352
2021-04-17,Santa Barbara,083,443738,33933,33738,1098,34836,446
2021-04-17,Santa Clara,085,1922200,116537,116887,686,117573,1944
2021-04-17,Santa Cruz,087,273765,16028,15571,789,16360,204
2021-04-17,Shasta,089,179085,11629,11647,1406,13053,189
2021-04-17,Sierra,091,2930,55,51,12,63,0
2021-04-17,Siskiyou,093,43540,1646,1539,278,1817,10
2021-04-17,Solano,095,438530,31668,31541,457,31998,239
2021-04-17,Sonoma,097,501317,29485,29637,295,29932,311
2021-04-17,Stanislaus,099,539301,54378,54058,5674,59732,728
2021-04-17,Sutter,101,95872,9241,9252,80,9332,109
2021-04-17,Tehama,103,63373,4900,4875,529,5404,52
2021-04-17,Trinity,105,12862,482,326,81,407,3
2021-04-17,Tulare,107,460477,49595,48603,8570,57173,829
2021-04-17,Tuolumne,109,53932,3961,4005,39,4044,58
2021-04-17,Ventura,111,848112,80506,79964,2891,82855,996
2021-04-17,Yolo,113,214977,13608,13580,187,13767,200
2021-04-17,Yuba,115,75493,5829,5802,114,5916,44
2021-04-16,Alameda,001,1643700,85562,85243,1819,87062,1245
2021-04-16,Alpine,003,1148,85,85,0,85,0
2021-04-16,Amador,005,37829,3622,3621,32,3653,46
2021-04-16,Butte,007,227075,11926,11549,1700,13249,196
2021-04-16,Calaveras,009,45235,2047,2042,11,2053,50
2021-04-16,Colusa,011,21464,1909,1911,283,2194,14
2021-04-16,Contra Costa,013,1133247,67289,66569,1163,67732,782
2021-04-16,Del Norte,015,27424,1275,1237,11,1248,6
2021-04-16,El Dorado,017,186661,9775,9665,677,10342,106
2021-04-16,Fresno,019,978130,101028,100500,8345,108845,1643
2021-04-16,Glenn,021,27897,2374,2355,532,2887,17
2021-04-16,Humboldt,023,135768,3637,3570,27,3597,35
2021-04-16,Imperial,025,180216,28082,27962,2599,30561,719
2021-04-16,Inyo,027,18085,1392,1392,10,1402,36
2021-04-16,Kern,029,883053,96111,95066,10389,105455,1288
2021-04-16,Kings,031,150075,22900,22667,1032,23699,243
2021-04-16,Lake,033,64148,3429,3406,9,3415,43
2021-04-16,Lassen,035,31185,5162,5155,103,5258,1
2021-04-16,Los Angeles,037,10098052,1197479,1187818,40030,1227848,23627
2021-04-16,Madera,039,155013,16377,16250,903,17153,231
2021-04-16,Marin,041,260295,13832,13788,229,14017,226
2021-04-16,Mariposa,043,17540,408,396,9,405,5
2021-04-16,Mendocino,045,87422,3798,3719,74,3793,46
2021-04-16,Merced,047,269075,30312,30355,1001,31356,438
2021-04-16,Modoc,049,8938,365,355,120,475,3
2021-04-16,Mono,051,14174,1243,1253,16,1269,3
2021-04-16,Monterey,053,433212,42787,42620,1789,44409,351
2021-04-16,Napa,055,140530,9679,9653,31,9684,79
2021-04-16,Nevada,057,99092,4512,4443,183,4626,70
2021-04-16,Orange,059,3164182,253172,251770,10933,262703,4873
2021-04-16,Placer,061,380077,22335,21680,1355,23035,282
2021-04-16,Plumas,063,18699,680,665,10,675,4
2021-04-16,Riverside,065,2383286,291526,285818,13642,299460,4369
2021-04-16,Sacramento,067,1510023,101807,100993,1535,102528,1572
2021-04-16,San Benito,069,59416,5968,5982,109,6091,63
2021-04-16,San Bernardino,071,2135413,290948,289424,8791,298215,4550
2021-04-16,San Diego,073,3302833,275408,274567,14162,288729,3662
2021-04-16,San Francisco,075,870044,35938,35993,1218,37211,517
2021-04-16,San Joaquin,077,732212,71152,70280,3287,73567,1288
2021-04-16,San Luis Obispo,079,281455,20944,20623,677,21300,253
2021-04-16,San Mateo,081,765935,41505,41107,441,41548,352
2021-04-16,Santa Barbara,083,443738,33915,33703,1098,34801,446
2021-04-16,Santa Clara,085,1922200,116437,116693,683,117376,1941
2021-04-16,Santa Cruz,087,273765,16026,15539,789,16328,204
2021-04-16,Shasta,089,179085,11617,11623,1405,13028,189
2021-04-16,Sierra,091,2930,55,51,12,63,0
2021-04-16,Siskiyou,093,43540,1642,1530,276,1806,10
2021-04-16,Solano,095,438530,31629,31470,454,31924,239
2021-04-16,Sonoma,097,501317,29474,29617,295,29912,311
2021-04-16,Stanislaus,099,539301,54330,53983,5672,59655,728
2021-04-16,Sutter,101,95872,9235,9247,80,9327,109
2021-04-16,Tehama,103,63373,4899,4866,529,5395,52
2021-04-16,Trinity,105,12862,482,326,81,407,3
2021-04-16,Tulare,107,460477,49583,48583,8566,57149,830
2021-04-16,Tuolumne,109,53932,3958,4005,39,4044,58
2021-04-16,Ventura,111,848112,80481,79942,2886,82828,994
2021-04-16,Yolo,113,214977,13595,13559,185,13744,198
2021-04-16,Yuba,115,75493,5826,5795,113,5908,44
2021-04-15,Alameda,001,1643700,85455,85089,1817,86906,1246
2021-04-15,Alpine,003,1148,85,85,0,85,0
2021-04-15,Amador,005,37829,3621,3616,32,3648,46
2021-04-15,Butte,007,227075,11911,11529,1696,13225,196
2021-04-15,Calaveras,009,45235,2046,2039,11,2050,50
2021-04-15,Colusa,011,21464,1907,1909,282,2191,14
2021-04-15,Contra Costa,013,1133247,67216,66480,1159,67639,781
2021-04-15,Del Norte,015,27424,1268,1235,11,1246,6
2021-04-15,El Dorado,017,186661,9760,9639,675,10314,106
2021-04-15,Fresno,019,978130,100966,100431,8339,108770,1642
2021-04-15,Glenn,021,27897,2374,2354,532,2886,17
2021-04-15,Humboldt,023,135768,3616,3561,27,3588,35
2021-04-15,Imperial,025,180216,28054,27920,2596,30516,718
2021-04-15,Inyo,027,18085,1392,1393,10,1403,36
2021-04-15,Kern,029,883053,96078,94989,10376,105365,1289
2021-04-15,Kings,031,150075,22886,22648,1032,23680,242
2021-04-15,Lake,033,64148,3428,3399,9,3408,43
2021-04-15,Lassen,035,31185,5161,5152,103,5255,1
2021-04-15,Los Angeles,037,10098052,1197074,1187274,39994,1227268,23598
2021-04-15,Madera,039,155013,16362,16234,903,17137,231
2021-04-15,Marin,041,260295,13828,13783,228,14011,226
2021-04-15,Mariposa,043,17540,406,395,9,404,5
2021-04-15,Mendocino,045,87422,3797,3714,74,3788,46
2021-04-15,Merced,047,269075,30286,30325,1000,31325,437
2021-04-15,Modoc,049,8938,365,355,120,475,3
2021-04-15,Mono,051,14174,1242,1253,16,1269,3
2021-04-15,Monterey,053,433212,42777,42604,1787,44391,347
2021-04-15,Napa,055,140530,9671,9645,31,9676,79
2021-04-15,Nevada,057,99092,4500,4434,182,4616,70
2021-04-15,Orange,059,3164182,253077,251679,10921,262600,4857
2021-04-15,Placer,061,380077,22304,21614,1348,22962,281
2021-04-15,Plumas,063,18699,678,665,10,675,4
2021-04-15,Riverside,065,2383286,291422,285698,13635,299333,4363
2021-04-15,Sacramento,067,1510023,101677,100782,1521,102303,1570
2021-04-15,San Benito,069,59416,5965,5969,108,6077,63
2021-04-15,San Bernardino,071,2135413,290858,289288,8784,298072,4544
2021-04-15,San Diego,073,3302833,275161,274250,14103,288353,3653
2021-04-15,San Francisco,075,870044,35919,35947,1216,37163,510
2021-04-15,San Joaquin,077,732212,71071,70189,3279,73468,1288
2021-04-15,San Luis Obispo,079,281455,20928,20591,674,21265,253
2021-04-15,San Mateo,081,765935,41466,41050,440,41490,352
2021-04-15,Santa Barbara,083,443738,33897,33672,1094,34766,446
2021-04-15,Santa Clara,085,1922200,116331,116602,679,117281,1927
2021-04-15,Santa Cruz,087,273765,16016,15509,789,16298,203
2021-04-15,Shasta,089,179085,11603,11597,1401,12998,191
2021-04-15,Sierra,091,2930,55,51,12,63,0
2021-04-15,Siskiyou,093,43540,1636,1524,275,1799,10
2021-04-15,Solano,095,438530,31591,31394,453,31847,239
2021-04-15,Sonoma,097,501317,29460,29587,295,29882,311
2021-04-15,Stanislaus,099,539301,54276,53918,5663,59581,728
2021-04-15,Sutter,101,95872,9228,9237,80,9317,109
2021-04-15,Tehama,103,63373,4898,4854,528,5382,52
2021-04-15,Trinity,105,12862,482,326,81,407,3
2021-04-15,Tulare,107,460477,49562,48556,8566,57122,829
2021-04-15,Tuolumne,109,53932,3958,4003,39,4042,57
2021-04-15,Ventura,111,848112,80462,79917,2884,82801,989
2021-04-15,Yolo,113,214977,13576,13547,183,13730,198
2021-04-15,Yuba,115,75493,5823,5788,113,5901,44
2021-04-14,Alameda,001,1643700,85358,85009,1816,86825,1247
2021-04-14,Alpine,003,1148,85,85,0,85,0
2021-04-14,Amador,005,37829,3620,3613,32,3645,46
2021-04-14,Butte,007,227075,11898,11513,1695,13208,196
2021-04-14,Calaveras,009,45235,2045,2037,11,2048,50
2021-04-14,Colusa,011,21464,1907,1905,282,2187,14
2021-04-14,Contra Costa,013,1133247,67130,66400,1153,67553,781
2021-04-14,Del Norte,015,27424,1268,1228,11,1239,6
2021-04-14,El Dorado,017,186661,9745,9625,670,10295,106
2021-04-14,Fresno,019,978130,100909,100376,8327,108703,1640
2021-04-14,Glenn,021,27897,2374,2353,532,2885,17
2021-04-14,Humboldt,023,135768,3594,3551,26,3577,35
2021-04-14,Imperial,025,180216,28032,27907,2594,30501,718
2021-04-14,Inyo,027,18085,1392,1392,10,1402,36
2021-04-14,Kern,029,883053,96053,94947,10369,105316,1287
2021-04-14,Kings,031,150075,22877,22641,1030,23671,243
2021-04-14,Lake,033,64148,3423,3396,9,3405,43
2021-04-14,Lassen,035,31185,5160,5151,103,5254,1
2021-04-14,Los Angeles,037,10098052,1196675,1186821,39949,1226770,23579
2021-04-14,Madera,039,155013,16353,16218,903,17121,231
2021-04-14,Marin,041,260295,13826,13768,227,13995,226
2021-04-14,Mariposa,043,17540,405,394,9,403,5
2021-04-14,Mendocino,045,87422,3792,3711,74,3785,46
2021-04-14,Merced,047,269075,30270,30296,998,31294,436
2021-04-14,Modoc,049,8938,365,355,120,475,3
2021-04-14,Mono,051,14174,1241,1252,16,1268,3
2021-04-14,Monterey,053,433212,42761,42595,1783,44378,347
2021-04-14,Napa,055,140530,9660,9643,31,9674,79
2021-04-14,Nevada,057,99092,4493,4421,182,4603,70
2021-04-14,Orange,059,3164182,252972,251568,10902,262470,4849
2021-04-14,Placer,061,380077,22271,21575,1347,22922,280
2021-04-14,Plumas,063,18699,678,665,10,675,4
2021-04-14,Riverside,065,2383286,291312,285583,13629,299212,4358
2021-04-14,Sacramento,067,1510023,101502,100645,1507,102152,1570
2021-04-14,San Benito,069,59416,5963,5960,108,6068,62
2021-04-14,San Bernardino,071,2135413,290790,289078,8782,297860,4523
2021-04-14,San Diego,073,3302833,274950,273969,14074,288043,3648
2021-04-14,San Francisco,075,870044,35881,35898,1215,37113,510
2021-04-14,San Joaquin,077,732212,71001,70095,3273,73368,1288
2021-04-14,San Luis Obispo,079,281455,20905,20561,664,21225,253
2021-04-14,San Mateo,081,765935,41426,40982,437,41419,352
2021-04-14,Santa Barbara,083,443738,33868,33650,1094,34744,445
2021-04-14,Santa Clara,085,1922200,116214,116488,676,117164,1922
2021-04-14,Santa Cruz,087,273765,16006,15481,789,16270,203
2021-04-14,Shasta,089,179085,11577,11581,1399,12980,190
2021-04-14,Sierra,091,2930,55,51,12,63,0
2021-04-14,Siskiyou,093,43540,1628,1518,274,1792,10
2021-04-14,Solano,095,438530,31538,31357,446,31803,239
2021-04-14,Sonoma,097,501317,29452,29572,293,29865,311
2021-04-14,Stanislaus,099,539301,54205,53836,5654,59490,727
2021-04-14,Sutter,101,95872,9220,9230,80,9310,106
2021-04-14,Tehama,103,63373,4892,4853,527,5380,52
2021-04-14,Trinity,105,12862,482,326,81,407,3
2021-04-14,Tulare,107,460477,49536,48527,8563,57090,827
2021-04-14,Tuolumne,109,53932,3957,3997,39,4036,57
2021-04-14,Ventura,111,848112,80426,79891,2882,82773,986
2021-04-14,Yolo,113,214977,13560,13530,181,13711,198
2021-04-14,Yuba,115,75493,5821,5778,113,5891,44
2021-04-13,Alameda,001,1643700,85252,84921,1813,86734,1239
2021-04-13,Alpine,003,1148,85,85,0,85,0
2021-04-13,Amador,005,37829,3617,3609,32,3641,46
2021-04-13,Butte,007,227075,11880,11497,1692,13189,196
2021-04-13,Calaveras,009,45235,2043,2035,11,2046,50
2021-04-13,Colusa,011,21464,1905,1905,280,2185,14
2021-04-13,Contra Costa,013,1133247,67042,66304,1153,67457,778
2021-04-13,Del Norte,015,27424,1263,1221,11,1232,6
2021-04-13,El Dorado,017,186661,9719,9609,667,10276,106
2021-04-13,Fresno,019,978130,100828,100357,8321,108678,1636
2021-04-13,Glenn,021,27897,2373,2351,532,2883,17
2021-04-13,Humboldt,023,135768,3577,3540,26,3566,35
2021-04-13,Imperial,025,180216,28013,27887,2586,30473,718
2021-04-13,Inyo,027,18085,1392,1391,10,1401,36
2021-04-13,Kern,029,883053,96009,94908,10357,105265,1285
2021-04-13,Kings,031,150075,22861,22636,1029,23665,243
2021-04-13,Lake,033,64148,3420,3390,9,3399,43
2021-04-13,Lassen,035,31185,5159,5147,103,5250,1
2021-04-13,Los Angeles,037,10098052,1196221,1186482,39908,1226390,23526
2021-04-13,Madera,039,155013,16343,16207,901,17108,231
2021-04-13,Marin,041,260295,13818,13760,226,13986,224
2021-04-13,Mariposa,043,17540,404,394,6,400,5
2021-04-13,Mendocino,045,87422,3786,3702,74,3776,46
2021-04-13,Merced,047,269075,30240,30276,995,31271,435
2021-04-13,Modoc,049,8938,365,355,120,475,3
2021-04-13,Mono,051,14174,1241,1251,16,1267,3
2021-04-13,Monterey,053,433212,42750,42577,1783,44360,347
2021-04-13,Napa,055,140530,9650,9627,31,9658,79
2021-04-13,Nevada,057,99092,4481,4415,182,4597,69
2021-04-13,Orange,059,3164182,252877,251491,10885,262376,4836
2021-04-13,Placer,061,380077,22234,21534,1344,22878,280
2021-04-13,Plumas,063,18699,677,665,10,675,4
2021-04-13,Riverside,065,2383286,291193,285505,13623,299128,4348
2021-04-13,Sacramento,067,1510023,101327,100551,1502,102053,1569
2021-04-13,San Benito,069,59416,5960,5946,108,6054,62
2021-04-13,San Bernardino,071,2135413,290674,288929,8776,297705,4521
2021-04-13,San Diego,073,3302833,274696,273709,14039,287748,3623
2021-04-13,San Francisco,075,870044,35845,35869,1211,37080,506
2021-04-13,San Joaquin,077,732212,70893,70034,3265,73299,1288
2021-04-13,San Luis Obispo,079,281455,20878,20536,654,21190,253
2021-04-13,San Mateo,081,765935,41381,40955,437,41392,353
2021-04-13,Santa Barbara,083,443738,33845,33613,1091,34704,444
2021-04-13,Santa Clara,085,1922200,116085,116363,675,117038,1923
2021-04-13,Santa Cruz,087,273765,15999,15449,789,16238,203
2021-04-13,Shasta,089,179085,11557,11536,1396,12932,189
2021-04-13,Sierra,091,2930,55,51,12,63,0
2021-04-13,Siskiyou,093,43540,1620,1511,271,1782,10
2021-04-13,Solano,095,438530,31489,31335,442,31777,239
2021-04-13,Sonoma,097,501317,29444,29544,292,29836,311
2021-04-13,Stanislaus,099,539301,54133,53797,5645,59442,722
2021-04-13,Sutter,101,95872,9216,9226,80,9306,106
2021-04-13,Tehama,103,63373,4885,4850,524,5374,52
2021-04-13,Trinity,105,12862,482,326,81,407,3
2021-04-13,Tulare,107,460477,49523,48511,8560,57071,825
2021-04-13,Tuolumne,109,53932,3955,3995,39,4034,57
2021-04-13,Ventura,111,848112,80394,79854,2880,82734,986
2021-04-13,Yolo,113,214977,13548,13516,180,13696,198
2021-04-13,Yuba,115,75493,5812,5776,113,5889,44
2021-04-12,Alameda,001,1643700,85150,84817,1811,86628,1238
2021-04-12,Alpine,003,1148,85,85,0,85,0
2021-04-12,Amador,005,37829,3616,3607,32,3639,46
2021-04-12,Butte,007,227075,11865,11488,1688,13176,193
2021-04-12,Calaveras,009,45235,2039,2033,11,2044,50
2021-04-12,Colusa,011,21464,1903,1904,278,2182,14
2021-04-12,Contra Costa,013,1133247,66962,66176,1153,67329,777
2021-04-12,Del Norte,015,27424,1260,1216,11,1227,6
2021-04-12,El Dorado,017,186661,9702,9588,665,10253,106
2021-04-12,Fresno,019,978130,100767,100277,8298,108575,1633
2021-04-12,Glenn,021,27897,2372,2349,532,2881,17
2021-04-12,Humboldt,023,135768,3563,3533,25,3558,35
2021-04-12,Imperial,025,180216,27983,27851,2582,30433,717
2021-04-12,Inyo,027,18085,1392,1390,10,1400,36
2021-04-12,Kern,029,883053,95972,94861,10347,105208,1283
2021-04-12,Kings,031,150075,22853,22621,1028,23649,241
2021-04-12,Lake,033,64148,3416,3380,9,3389,43
2021-04-12,Lassen,035,31185,5158,5147,103,5250,1
2021-04-12,Los Angeles,037,10098052,1195717,1186145,39871,1226016,23505
2021-04-12,Madera,039,155013,16331,16174,899,17073,231
2021-04-12,Marin,041,260295,13805,13751,224,13975,224
2021-04-12,Mariposa,043,17540,403,394,6,400,5
2021-04-12,Mendocino,045,87422,3785,3699,74,3773,46
2021-04-12,Merced,047,269075,30209,30261,992,31253,435
2021-04-12,Modoc,049,8938,363,352,120,472,3
2021-04-12,Mono,051,14174,1241,1251,16,1267,3
2021-04-12,Monterey,053,433212,42736,42555,1781,44336,346
2021-04-12,Napa,055,140530,9636,9603,31,9634,80
2021-04-12,Nevada,057,99092,4470,4408,182,4590,69
2021-04-12,Orange,059,3164182,252790,251350,10864,262214,4826
2021-04-12,Placer,061,380077,22183,21475,1341,22816,278
2021-04-12,Plumas,063,18699,675,666,10,676,4
2021-04-12,Riverside,065,2383286,291082,285361,13617,298978,4336
2021-04-12,Sacramento,067,1510023,101153,100394,1497,101891,1566
2021-04-12,San Benito,069,59416,5952,5942,107,6049,62
2021-04-12,San Bernardino,071,2135413,290567,288736,8764,297500,4493
2021-04-12,San Diego,073,3302833,274435,273431,14010,287441,3621
2021-04-12,San Francisco,075,870044,35811,35841,1210,37051,506
2021-04-12,San Joaquin,077,732212,70821,69968,3258,73226,1288
2021-04-12,San Luis Obispo,079,281455,20833,20515,641,21156,253
2021-04-12,San Mateo,081,765935,41339,40920,433,41353,353
2021-04-12,Santa Barbara,083,443738,33813,33606,1091,34697,444
2021-04-12,Santa Clara,085,1922200,115957,116252,673,116925,1923
2021-04-12,Santa Cruz,087,273765,15979,15406,789,16195,203
2021-04-12,Shasta,089,179085,11540,11509,1392,12901,189
2021-04-12,Sierra,091,2930,55,51,12,63,0
2021-04-12,Siskiyou,093,43540,1609,1511,268,1779,7
2021-04-12,Solano,095,438530,31447,31305,439,31744,238
2021-04-12,Sonoma,097,501317,29416,29500,292,29792,310
2021-04-12,Stanislaus,099,539301,54067,53722,5638,59360,707
2021-04-12,Sutter,101,95872,9205,9221,80,9301,106
2021-04-12,Tehama,103,63373,4876,4834,520,5354,52
2021-04-12,Trinity,105,12862,482,324,81,405,3
2021-04-12,Tulare,107,460477,49503,48495,8550,57045,824
2021-04-12,Tuolumne,109,53932,3951,3993,39,4032,57
2021-04-12,Ventura,111,848112,80361,79818,2878,82696,985
2021-04-12,Yolo,113,214977,13534,13510,179,13689,198
2021-04-12,Yuba,115,75493,5806,5773,113,5886,43
2021-04-11,Alameda,001,1643700,85013,84756,1806,86562,1238
2021-04-11,Alpine,003,1148,85,85,0,85,0
2021-04-11,Amador,005,37829,3614,3605,32,3637,46
2021-04-11,Butte,007,227075,11830,11487,1684,13171,193
2021-04-11,Calaveras,009,45235,2035,2036,11,2047,50
2021-04-11,Colusa,011,21464,1902,1904,277,2181,14
2021-04-11,Contra Costa,013,1133247,66853,66107,1151,67258,777
2021-04-11,Del Norte,015,27424,1254,1214,11,1225,6
2021-04-11,El Dorado,017,186661,9688,9575,662,10237,106
2021-04-11,Fresno,019,978130,100699,100230,8288,108518,1633
2021-04-11,Glenn,021,27897,2368,2348,532,2880,17
2021-04-11,Humboldt,023,135768,3553,3523,25,3548,35
2021-04-11,Imperial,025,180216,27959,27841,2580,30421,717
2021-04-11,Inyo,027,18085,1392,1390,10,1400,36
2021-04-11,Kern,029,883053,95911,94830,10339,105169,1283
2021-04-11,Kings,031,150075,22844,22618,1025,23643,241
2021-04-11,Lake,033,64148,3412,3377,9,3386,43
2021-04-11,Lassen,035,31185,5154,5147,103,5250,1
2021-04-11,Los Angeles,037,10098052,1195205,1185757,39829,1225586,23503
2021-04-11,Madera,039,155013,16312,16166,898,17064,231
2021-04-11,Marin,041,260295,13798,13741,223,13964,226
2021-04-11,Mariposa,043,17540,403,394,6,400,5
2021-04-11,Mendocino,045,87422,3783,3696,74,3770,46
2021-04-11,Merced,047,269075,30171,30249,991,31240,435
2021-04-11,Modoc,049,8938,362,352,118,470,3
2021-04-11,Mono,051,14174,1240,1250,16,1266,3
2021-04-11,Monterey,053,433212,42730,42547,1774,44321,346
2021-04-11,Napa,055,140530,9625,9592,31,9623,80
2021-04-11,Nevada,057,99092,4456,4394,182,4576,69
2021-04-11,Orange,059,3164182,252663,251233,10853,262086,4826
2021-04-11,Placer,061,380077,22126,21458,1336,22794,278
2021-04-11,Plumas,063,18699,675,666,10,676,4
2021-04-11,Riverside,065,2383286,290948,285269,13607,298876,4336
2021-04-11,Sacramento,067,1510023,100983,100296,1485,101781,1566
2021-04-11,San Benito,069,59416,5944,5941,106,6047,62
2021-04-11,San Bernardino,071,2135413,290460,288686,8758,297444,4492
2021-04-11,San Diego,073,3302833,274137,273287,13951,287238,3621
2021-04-11,San Francisco,075,870044,35775,35815,1207,37022,498
2021-04-11,San Joaquin,077,732212,70735,69939,3247,73186,1288
2021-04-11,San Luis Obispo,079,281455,20807,20501,638,21139,253
2021-04-11,San Mateo,081,765935,41281,40901,432,41333,353
2021-04-11,Santa Barbara,083,443738,33778,33591,1090,34681,444
2021-04-11,Santa Clara,085,1922200,115821,116161,670,116831,1923
2021-04-11,Santa Cruz,087,273765,15967,15382,789,16171,203
2021-04-11,Shasta,089,179085,11496,11504,1391,12895,189
2021-04-11,Sierra,091,2930,55,51,12,63,0
2021-04-11,Siskiyou,093,43540,1602,1509,265,1774,7
2021-04-11,Solano,095,438530,31394,31268,435,31703,238
2021-04-11,Sonoma,097,501317,29390,29496,288,29784,310
2021-04-11,Stanislaus,099,539301,53984,53683,5629,59312,707
2021-04-11,Sutter,101,95872,9196,9222,80,9302,106
2021-04-11,Tehama,103,63373,4873,4832,519,5351,52
2021-04-11,Trinity,105,12862,482,324,81,405,3
2021-04-11,Tulare,107,460477,49489,48479,8543,57022,824
2021-04-11,Tuolumne,109,53932,3949,3993,39,4032,57
2021-04-11,Ventura,111,848112,80313,79800,2873,82673,985
2021-04-11,Yolo,113,214977,13514,13496,177,13673,198
2021-04-11,Yuba,115,75493,5796,5768,113,5881,43
2021-04-10,Alameda,001,1643700,84949,84626,1806,86432,1238
2021-04-10,Alpine,003,1148,85,85,0,85,0
2021-04-10,Amador,005,37829,3612,3603,32,3635,46
2021-04-10,Butte,007,227075,11819,11482,1683,13165,193
2021-04-10,Calaveras,009,45235,2033,2032,11,2043,50
2021-04-10,Colusa,011,21464,1902,1902,277,2179,14
2021-04-10,Contra Costa,013,1133247,66792,66001,1148,67149,778
2021-04-10,Del Norte,015,27424,1251,1212,11,1223,6
2021-04-10,El Dorado,017,186661,9676,9549,659,10208,106
2021-04-10,Fresno,019,978130,100666,100135,8281,108416,1633
2021-04-10,Glenn,021,27897,2368,2343,532,2875,17
2021-04-10,Humboldt,023,135768,3543,3508,25,3533,35
2021-04-10,Imperial,025,180216,27945,27816,2580,30396,717
2021-04-10,Inyo,027,18085,1392,1387,10,1397,36
2021-04-10,Kern,029,883053,95897,94802,10333,105135,1284
2021-04-10,Kings,031,150075,22840,22614,1023,23637,241
2021-04-10,Lake,033,64148,3407,3368,9,3377,43
2021-04-10,Lassen,035,31185,5154,5146,102,5248,1
2021-04-10,Los Angeles,037,10098052,1194930,1185246,39812,1225058,23493
2021-04-10,Madera,039,155013,16304,16143,897,17040,231
2021-04-10,Marin,041,260295,13793,13731,223,13954,226
2021-04-10,Mariposa,043,17540,400,393,6,399,5
2021-04-10,Mendocino,045,87422,3781,3696,74,3770,46
2021-04-10,Merced,047,269075,30151,30225,990,31215,435
2021-04-10,Modoc,049,8938,362,352,118,470,3
2021-04-10,Mono,051,14174,1240,1249,16,1265,3
2021-04-10,Monterey,053,433212,42719,42527,1773,44300,346
2021-04-10,Napa,055,140530,9618,9569,31,9600,79
2021-04-10,Nevada,057,99092,4449,4379,182,4561,69
2021-04-10,Orange,059,3164182,252570,251139,10847,261986,4818
2021-04-10,Placer,061,380077,22095,21402,1330,22732,278
2021-04-10,Plumas,063,18699,675,666,10,676,4
2021-04-10,Riverside,065,2383286,290868,285082,13599,298681,4336
2021-04-10,Sacramento,067,1510023,100880,100048,1483,101531,1566
2021-04-10,San Benito,069,59416,5933,5932,105,6037,62
2021-04-10,San Bernardino,071,2135413,290396,288590,8751,297341,4489
2021-04-10,San Diego,073,3302833,273921,273058,13931,286989,3613
2021-04-10,San Francisco,075,870044,35745,35774,1204,36978,498
2021-04-10,San Joaquin,077,732212,70700,69852,3237,73089,1288
2021-04-10,San Luis Obispo,079,281455,20791,20461,637,21098,253
2021-04-10,San Mateo,081,765935,41248,40878,432,41310,350
2021-04-10,Santa Barbara,083,443738,33750,33541,1088,34629,444
2021-04-10,Santa Clara,085,1922200,115725,116015,669,116684,1923
2021-04-10,Santa Cruz,087,273765,15961,15360,789,16149,203
2021-04-10,Shasta,089,179085,11487,11492,1388,12880,189
2021-04-10,Sierra,091,2930,55,51,12,63,0
2021-04-10,Siskiyou,093,43540,1599,1512,265,1777,7
2021-04-10,Solano,095,438530,31360,31218,431,31649,238
2021-04-10,Sonoma,097,501317,29375,29469,288,29757,310
2021-04-10,Stanislaus,099,539301,53949,53596,5623,59219,707
2021-04-10,Sutter,101,95872,9194,9214,80,9294,106
2021-04-10,Tehama,103,63373,4871,4820,517,5337,52
2021-04-10,Trinity,105,12862,482,324,81,405,3
2021-04-10,Tulare,107,460477,49480,48470,8537,57007,824
2021-04-10,Tuolumne,109,53932,3946,3991,39,4030,57
2021-04-10,Ventura,111,848112,80285,79758,2871,82629,985
2021-04-10,Yolo,113,214977,13506,13494,176,13670,198
2021-04-10,Yuba,115,75493,5793,5757,112,5869,43
2021-04-09,Alameda,001,1643700,84882,84404,1798,86202,1237
2021-04-09,Alpine,003,1148,85,85,0,85,0
2021-04-09,Amador,005,37829,3611,3600,32,3632,46
2021-04-09,Butte,007,227075,11809,11454,1682,13136,193
2021-04-09,Calaveras,009,45235,2032,2028,11,2039,50
2021-04-09,Colusa,011,21464,1902,1898,277,2175,14
2021-04-09,Contra Costa,013,1133247,66699,65857,1142,66999,777
2021-04-09,Del Norte,015,27424,1250,1207,11,1218,6
2021-04-09,El Dorado,017,186661,9654,9528,655,10183,106
2021-04-09,Fresno,019,978130,100632,100027,8276,108303,1630
2021-04-09,Glenn,021,27897,2368,2337,532,2869,17
2021-04-09,Humboldt,023,135768,3534,3496,25,3521,35
2021-04-09,Imperial,025,180216,27930,27764,2578,30342,717
2021-04-09,Inyo,027,18085,1391,1386,10,1396,36
2021-04-09,Kern,029,883053,95859,94675,10331,105006,1282
2021-04-09,Kings,031,150075,22831,22595,1020,23615,242
2021-04-09,Lake,033,64148,3403,3362,9,3371,43
2021-04-09,Lassen,035,31185,5154,5140,102,5242,1
2021-04-09,Los Angeles,037,10098052,1194561,1184501,39784,1224285,23458
2021-04-09,Madera,039,155013,16301,16118,897,17015,231
2021-04-09,Marin,041,260295,13786,13721,223,13944,226
2021-04-09,Mariposa,043,17540,400,393,6,399,5
2021-04-09,Mendocino,045,87422,3779,3693,74,3767,46
2021-04-09,Merced,047,269075,30122,30179,989,31168,435
2021-04-09,Modoc,049,8938,361,352,118,470,3
2021-04-09,Mono,051,14174,1240,1247,16,1263,3
2021-04-09,Monterey,053,433212,42710,42481,1769,44250,344
2021-04-09,Napa,055,140530,9599,9574,31,9605,80
2021-04-09,Nevada,057,99092,4441,4373,182,4555,69
2021-04-09,Orange,059,3164182,252496,250852,10842,261694,4813
2021-04-09,Placer,061,380077,22064,21327,1322,22649,278
2021-04-09,Plumas,063,18699,674,666,10,676,4
2021-04-09,Riverside,065,2383286,290785,284562,13593,298155,4325
2021-04-09,Sacramento,067,1510023,100725,99722,1477,101199,1564
2021-04-09,San Benito,069,59416,5928,5925,104,6029,62
2021-04-09,San Bernardino,071,2135413,290327,288000,8748,296748,4467
2021-04-09,San Diego,073,3302833,273723,272697,13889,286586,3600
2021-04-09,San Francisco,075,870044,35704,35716,1199,36915,497
2021-04-09,San Joaquin,077,732212,70636,69675,3225,72900,1281
2021-04-09,San Luis Obispo,079,281455,20776,20427,637,21064,252
2021-04-09,San Mateo,081,765935,41212,40800,431,41231,350
2021-04-09,Santa Barbara,083,443738,33727,33424,1085,34509,444
2021-04-09,Santa Clara,085,1922200,115641,115749,667,116416,1923
2021-04-09,Santa Cruz,087,273765,15956,15331,789,16120,203
2021-04-09,Shasta,089,179085,11477,11478,1385,12863,188
2021-04-09,Sierra,091,2930,55,51,12,63,0
2021-04-09,Siskiyou,093,43540,1596,1510,264,1774,7
2021-04-09,Solano,095,438530,31327,31166,426,31592,238
2021-04-09,Sonoma,097,501317,29362,29433,288,29721,310
2021-04-09,Stanislaus,099,539301,53894,53504,5614,59118,705
2021-04-09,Sutter,101,95872,9187,9201,80,9281,106
2021-04-09,Tehama,103,63373,4865,4806,517,5323,52
2021-04-09,Trinity,105,12862,481,324,81,405,3
2021-04-09,Tulare,107,460477,49476,48430,8531,56961,824
2021-04-09,Tuolumne,109,53932,3945,3986,39,4025,57
2021-04-09,Ventura,111,848112,80257,79698,2871,82569,987
2021-04-09,Yolo,113,214977,13494,13478,174,13652,198
2021-04-09,Yuba,115,75493,5786,5754,112,5866,43
2021-04-08,Alameda,001,1643700,84776,84213,1795,86008,1232
2021-04-08,Alpine,003,1148,85,85,0,85,0
2021-04-08,Amador,005,37829,3607,3595,32,3627,46
2021-04-08,Butte,007,227075,11798,11414,1681,13095,193
2021-04-08,Calaveras,009,45235,2030,2027,11,2038,50
2021-04-08,Colusa,011,21464,1901,1897,277,2174,14
2021-04-08,Contra Costa,013,1133247,66589,65706,1139,66845,775
2021-04-08,Del Norte,015,27424,1244,1201,11,1212,6
2021-04-08,El Dorado,017,186661,9638,9513,650,10163,106
2021-04-08,Fresno,019,978130,100569,99935,8269,108204,1627
2021-04-08,Glenn,021,27897,2367,2337,532,2869,17
2021-04-08,Humboldt,023,135768,3524,3486,25,3511,35
2021-04-08,Imperial,025,180216,27902,27744,2575,30319,713
2021-04-08,Inyo,027,18085,1390,1386,10,1396,36
2021-04-08,Kern,029,883053,95813,94493,10318,104811,1281
2021-04-08,Kings,031,150075,22824,22589,1018,23607,243
2021-04-08,Lake,033,64148,3396,3360,9,3369,43
2021-04-08,Lassen,035,31185,5153,5136,102,5238,1
2021-04-08,Los Angeles,037,10098052,1194062,1184443,39746,1224189,23416
2021-04-08,Madera,039,155013,16289,16103,897,17000,231
2021-04-08,Marin,041,260295,13779,13704,223,13927,226
2021-04-08,Mariposa,043,17540,399,393,6,399,5
2021-04-08,Mendocino,045,87422,3777,3690,74,3764,45
2021-04-08,Merced,047,269075,30100,30163,989,31152,430
2021-04-08,Modoc,049,8938,361,352,118,470,3
2021-04-08,Mono,051,14174,1238,1247,16,1263,3
2021-04-08,Monterey,053,433212,42688,42437,1764,44201,342
2021-04-08,Napa,055,140530,9583,9569,31,9600,80
2021-04-08,Nevada,057,99092,4430,4367,182,4549,69
2021-04-08,Orange,059,3164182,252386,250529,10827,261356,4797
2021-04-08,Placer,061,380077,22022,21258,1313,22571,277
2021-04-08,Plumas,063,18699,674,665,10,675,4
2021-04-08,Riverside,065,2383286,290671,283853,13588,297441,4296
2021-04-08,Sacramento,067,1510023,100586,99319,1466,100785,1561
2021-04-08,San Benito,069,59416,5925,5914,102,6016,62
2021-04-08,San Bernardino,071,2135413,290230,287190,8745,295935,4445
2021-04-08,San Diego,073,3302833,273493,272495,13853,286348,3592
2021-04-08,San Francisco,075,870044,35680,35657,1198,36855,494
2021-04-08,San Joaquin,077,732212,70564,69479,3219,72698,1279
2021-04-08,San Luis Obispo,079,281455,20757,20402,635,21037,252
2021-04-08,San Mateo,081,765935,41172,40749,431,41180,350
2021-04-08,Santa Barbara,083,443738,33703,33309,1084,34393,444
2021-04-08,Santa Clara,085,1922200,115535,115487,666,116153,1905
2021-04-08,Santa Cruz,087,273765,15949,15296,789,16085,203
2021-04-08,Shasta,089,179085,11467,11466,1381,12847,186
2021-04-08,Sierra,091,2930,55,51,12,63,0
2021-04-08,Siskiyou,093,43540,1593,1511,264,1775,7
2021-04-08,Solano,095,438530,31277,31120,426,31546,238
2021-04-08,Sonoma,097,501317,29342,29410,287,29697,310
2021-04-08,Stanislaus,099,539301,53816,53401,5604,59005,706
2021-04-08,Sutter,101,95872,9183,9195,80,9275,106
2021-04-08,Tehama,103,63373,4861,4802,517,5319,52
2021-04-08,Trinity,105,12862,481,324,81,405,3
2021-04-08,Tulare,107,460477,49463,48409,8521,56930,821
2021-04-08,Tuolumne,109,53932,3945,3986,39,4025,57
2021-04-08,Ventura,111,848112,80220,79626,2867,82493,986
2021-04-08,Yolo,113,214977,13485,13468,173,13641,198
2021-04-08,Yuba,115,75493,5782,5743,112,5855,43
2021-04-07,Alameda,001,1643700,84692,84130,1793,85923,1224
2021-04-07,Alpine,003,1148,85,85,0,85,0
2021-04-07,Amador,005,37829,3604,3590,32,3622,46
2021-04-07,Butte,007,227075,11794,11405,1678,13083,193
2021-04-07,Calaveras,009,45235,2029,2022,11,2033,50
2021-04-07,Colusa,011,21464,1897,1894,276,2170,14
2021-04-07,Contra Costa,013,1133247,66503,65619,1138,66757,775
2021-04-07,Del Norte,015,27424,1242,1198,11,1209,6
2021-04-07,El Dorado,017,186661,9617,9500,644,10144,106
2021-04-07,Fresno,019,978130,100504,99865,8258,108123,1627
2021-04-07,Glenn,021,27897,2365,2337,531,2868,17
2021-04-07,Humboldt,023,135768,3511,3484,25,3509,35
2021-04-07,Imperial,025,180216,27878,27704,2569,30273,713
2021-04-07,Inyo,027,18085,1389,1386,10,1396,36
2021-04-07,Kern,029,883053,95777,94456,10303,104759,1275
2021-04-07,Kings,031,150075,22822,22589,1018,23607,243
2021-04-07,Lake,033,64148,3394,3358,9,3367,43
2021-04-07,Lassen,035,31185,5153,5137,102,5239,1
2021-04-07,Los Angeles,037,10098052,1193621,1183862,39726,1223588,23372
2021-04-07,Madera,039,155013,16270,16090,896,16986,231
2021-04-07,Marin,041,260295,13768,13688,222,13910,225
2021-04-07,Mariposa,043,17540,398,391,6,397,5
2021-04-07,Mendocino,045,87422,3776,3691,74,3765,45
2021-04-07,Merced,047,269075,30077,30132,985,31117,430
2021-04-07,Modoc,049,8938,361,351,118,469,3
2021-04-07,Mono,051,14174,1238,1246,16,1262,3
2021-04-07,Monterey,053,433212,42670,42427,1763,44190,341
2021-04-07,Napa,055,140530,9569,9556,31,9587,80
2021-04-07,Nevada,057,99092,4424,4364,182,4546,69
2021-04-07,Orange,059,3164182,252261,250378,10805,261183,4778
2021-04-07,Placer,061,380077,21978,21227,1305,22532,276
2021-04-07,Plumas,063,18699,674,665,10,675,4
2021-04-07,Riverside,065,2383286,290551,283749,13578,297327,4285
2021-04-07,Sacramento,067,1510023,100418,99202,1460,100662,1544
2021-04-07,San Benito,069,59416,5920,5912,101,6013,62
2021-04-07,San Bernardino,071,2135413,290111,286978,8740,295718,4433
2021-04-07,San Diego,073,3302833,273267,272195,13824,286019,3588
2021-04-07,San Francisco,075,870044,35640,35618,1194,36812,493
2021-04-07,San Joaquin,077,732212,70493,69375,3214,72589,1278
2021-04-07,San Luis Obispo,079,281455,20731,20373,632,21005,252
2021-04-07,San Mateo,081,765935,41128,40693,431,41124,350
2021-04-07,Santa Barbara,083,443738,33677,33289,1081,34370,444
2021-04-07,Santa Clara,085,1922200,115403,115311,664,115975,1900
2021-04-07,Santa Cruz,087,273765,15938,15275,789,16064,203
2021-04-07,Shasta,089,179085,11455,11456,1377,12833,184
2021-04-07,Sierra,091,2930,55,51,12,63,0
2021-04-07,Siskiyou,093,43540,1587,1512,263,1775,7
2021-04-07,Solano,095,438530,31226,31097,425,31522,238
2021-04-07,Sonoma,097,501317,29324,29394,286,29680,310
2021-04-07,Stanislaus,099,539301,53748,53344,5594,58938,686
2021-04-07,Sutter,101,95872,9180,9188,80,9268,106
2021-04-07,Tehama,103,63373,4853,4802,515,5317,52
2021-04-07,Trinity,105,12862,481,322,81,403,3
2021-04-07,Tulare,107,460477,49448,48386,8511,56897,820
2021-04-07,Tuolumne,109,53932,3943,3982,39,4021,57
2021-04-07,Ventura,111,848112,80186,79595,2865,82460,986
2021-04-07,Yolo,113,214977,13470,13450,171,13621,198
2021-04-07,Yuba,115,75493,5778,5737,112,5849,43
2021-04-06,Alameda,001,1643700,84579,84091,1790,85881,1223
2021-04-06,Alpine,003,1148,85,85,0,85,0
2021-04-06,Amador,005,37829,3603,3587,32,3619,45
2021-04-06,Butte,007,227075,11779,11396,1676,13072,193
2021-04-06,Calaveras,009,45235,2025,2021,11,2032,50
2021-04-06,Colusa,011,21464,1895,1894,274,2168,14
2021-04-06,Contra Costa,013,1133247,66425,65575,1137,66712,774
2021-04-06,Del Norte,015,27424,1237,1197,11,1208,6
2021-04-06,El Dorado,017,186661,9587,9489,642,10131,106
2021-04-06,Fresno,019,978130,100440,99814,8252,108066,1626
2021-04-06,Glenn,021,27897,2364,2335,530,2865,17
2021-04-06,Humboldt,023,135768,3502,3477,25,3502,35
2021-04-06,Imperial,025,180216,27844,27661,2560,30221,713
2021-04-06,Inyo,027,18085,1389,1379,10,1389,36
2021-04-06,Kern,029,883053,95733,94422,10297,104719,1259
2021-04-06,Kings,031,150075,22816,22587,1018,23605,240
2021-04-06,Lake,033,64148,3391,3358,9,3367,43
2021-04-06,Lassen,035,31185,5151,5137,102,5239,1
2021-04-06,Los Angeles,037,10098052,1193109,1183499,39687,1223186,23323
2021-04-06,Madera,039,155013,16250,16085,891,16976,230
2021-04-06,Marin,041,260295,13759,13675,218,13893,224
2021-04-06,Mariposa,043,17540,398,390,6,396,5
2021-04-06,Mendocino,045,87422,3774,3686,74,3760,45
2021-04-06,Merced,047,269075,30048,30100,980,31080,430
2021-04-06,Modoc,049,8938,360,351,118,469,3
2021-04-06,Mono,051,14174,1238,1246,16,1262,3
2021-04-06,Monterey,053,433212,42661,42412,1762,44174,341
2021-04-06,Napa,055,140530,9550,9509,31,9540,78
2021-04-06,Nevada,057,99092,4414,4356,180,4536,69
2021-04-06,Orange,059,3164182,252152,250304,10792,261096,4771
2021-04-06,Placer,061,380077,21930,21184,1303,22487,276
2021-04-06,Plumas,063,18699,674,665,10,675,4
2021-04-06,Riverside,065,2383286,290370,283622,13567,297189,4264
2021-04-06,Sacramento,067,1510023,100210,99110,1454,100564,1537
2021-04-06,San Benito,069,59416,5911,5907,101,6008,62
2021-04-06,San Bernardino,071,2135413,289998,286792,8730,295522,4428
2021-04-06,San Diego,073,3302833,273005,271867,13796,285663,3585
2021-04-06,San Francisco,075,870044,35597,35572,1194,36766,488
2021-04-06,San Joaquin,077,732212,70410,69316,3202,72518,1278
2021-04-06,San Luis Obispo,079,281455,20709,20350,629,20979,252
2021-04-06,San Mateo,081,765935,41080,40649,430,41079,350
2021-04-06,Santa Barbara,083,443738,33659,33257,1080,34337,443
2021-04-06,Santa Clara,085,1922200,115232,115184,663,115847,1900
2021-04-06,Santa Cruz,087,273765,15928,15252,789,16041,203
2021-04-06,Shasta,089,179085,11434,11443,1375,12818,184
2021-04-06,Sierra,091,2930,55,51,12,63,0
2021-04-06,Siskiyou,093,43540,1583,1510,262,1772,7
2021-04-06,Solano,095,438530,31179,31078,424,31502,237
2021-04-06,Sonoma,097,501317,29299,29386,284,29670,311
2021-04-06,Stanislaus,099,539301,53692,53304,5588,58892,686
2021-04-06,Sutter,101,95872,9170,9179,80,9259,106
2021-04-06,Tehama,103,63373,4844,4798,515,5313,52
2021-04-06,Trinity,105,12862,481,321,81,402,3
2021-04-06,Tulare,107,460477,49405,48372,8507,56879,819
2021-04-06,Tuolumne,109,53932,3943,3981,39,4020,57
2021-04-06,Ventura,111,848112,80149,79556,2863,82419,983
2021-04-06,Yolo,113,214977,13457,13443,170,13613,198
2021-04-06,Yuba,115,75493,5774,5733,111,5844,43
2021-04-05,Alameda,001,1643700,84463,84007,1786,85793,1219
2021-04-05,Alpine,003,1148,85,85,0,85,0
2021-04-05,Amador,005,37829,3600,3584,32,3616,45
2021-04-05,Butte,007,227075,11764,11384,1676,13060,193
2021-04-05,Calaveras,009,45235,2023,2019,11,2030,50
2021-04-05,Colusa,011,21464,1895,1894,273,2167,14
2021-04-05,Contra Costa,013,1133247,66359,65457,1135,66592,774
2021-04-05,Del Norte,015,27424,1235,1189,11,1200,6
2021-04-05,El Dorado,017,186661,9572,9463,642,10105,106
2021-04-05,Fresno,019,978130,100352,99755,8244,107999,1622
2021-04-05,Glenn,021,27897,2363,2335,530,2865,17
2021-04-05,Humboldt,023,135768,3493,3475,25,3500,35
2021-04-05,Imperial,025,180216,27812,27604,2555,30159,710
2021-04-05,Inyo,027,18085,1386,1377,10,1387,36
2021-04-05,Kern,029,883053,95678,94401,10272,104673,1249
2021-04-05,Kings,031,150075,22812,22580,1018,23598,239
2021-04-05,Lake,033,64148,3383,3359,9,3368,43
2021-04-05,Lassen,035,31185,5151,5138,101,5239,1
2021-04-05,Los Angeles,037,10098052,1192573,1183200,39639,1222839,23302
2021-04-05,Madera,039,155013,16235,16065,890,16955,230
2021-04-05,Marin,041,260295,13745,13666,214,13880,221
2021-04-05,Mariposa,043,17540,398,390,6,396,5
2021-04-05,Mendocino,045,87422,3772,3687,74,3761,45
2021-04-05,Merced,047,269075,30023,30068,978,31046,427
2021-04-05,Modoc,049,8938,358,346,118,464,3
2021-04-05,Mono,051,14174,1238,1246,16,1262,3
2021-04-05,Monterey,053,433212,42648,42396,1758,44154,341
2021-04-05,Napa,055,140530,9527,9492,31,9523,78
2021-04-05,Nevada,057,99092,4403,4346,180,4526,69
2021-04-05,Orange,059,3164182,252037,250177,10768,260945,4759
2021-04-05,Placer,061,380077,21884,21133,1296,22429,276
2021-04-05,Plumas,063,18699,674,666,10,676,4
2021-04-05,Riverside,065,2383286,290233,283549,13555,297104,4237
2021-04-05,Sacramento,067,1510023,100048,98908,1446,100354,1533
2021-04-05,San Benito,069,59416,5905,5904,101,6005,61
2021-04-05,San Bernardino,071,2135413,289888,286597,8727,295324,4425
2021-04-05,San Diego,073,3302833,272756,271655,13755,285410,3583
2021-04-05,San Francisco,075,870044,35566,35538,1194,36732,488
2021-04-05,San Joaquin,077,732212,70321,69214,3193,72407,1268
2021-04-05,San Luis Obispo,079,281455,20672,20333,629,20962,252
2021-04-05,San Mateo,081,765935,41036,40609,429,41038,350
2021-04-05,Santa Barbara,083,443738,33624,33235,1080,34315,443
2021-04-05,Santa Clara,085,1922200,115065,115091,660,115751,1893
2021-04-05,Santa Cruz,087,273765,15921,15228,789,16017,201
2021-04-05,Shasta,089,179085,11413,11435,1372,12807,184
2021-04-05,Sierra,091,2930,55,50,12,62,0
2021-04-05,Siskiyou,093,43540,1580,1509,260,1769,7
2021-04-05,Solano,095,438530,31138,31026,422,31448,237
2021-04-05,Sonoma,097,501317,29267,29361,282,29643,311
2021-04-05,Stanislaus,099,539301,53612,53238,5585,58823,686
2021-04-05,Sutter,101,95872,9163,9169,80,9249,106
2021-04-05,Tehama,103,63373,4838,4794,515,5309,52
2021-04-05,Trinity,105,12862,480,321,81,402,3
2021-04-05,Tulare,107,460477,49393,48356,8500,56856,818
2021-04-05,Tuolumne,109,53932,3942,3980,39,4019,57
2021-04-05,Ventura,111,848112,80118,79549,2860,82409,983
2021-04-05,Yolo,113,214977,13443,13427,169,13596,198
2021-04-05,Yuba,115,75493,5769,5728,110,5838,43
2021-04-04,Alameda,001,1643700,84344,83951,1782,85733,1219
2021-04-04,Alpine,003,1148,85,85,0,85,0
2021-04-04,Amador,005,37829,3594,3582,32,3614,45
2021-04-04,Butte,007,227075,11749,11375,1675,13050,193
2021-04-04,Calaveras,009,45235,2019,2020,11,2031,50
2021-04-04,Colusa,011,21464,1894,1893,273,2166,14
2021-04-04,Contra Costa,013,1133247,66253,65408,1130,66538,774
2021-04-04,Del Norte,015,27424,1227,1186,11,1197,6
2021-04-04,El Dorado,017,186661,9553,9455,639,10094,106
2021-04-04,Fresno,019,978130,100278,99702,8232,107934,1622
2021-04-04,Glenn,021,27897,2360,2335,529,2864,17
2021-04-04,Humboldt,023,135768,3482,3472,25,3497,35
2021-04-04,Imperial,025,180216,27756,27588,2553,30141,710
2021-04-04,Inyo,027,18085,1382,1377,10,1387,36
2021-04-04,Kern,029,883053,95634,94388,10251,104639,1247
2021-04-04,Kings,031,150075,22810,22580,1017,23597,239
2021-04-04,Lake,033,64148,3377,3355,8,3363,43
2021-04-04,Lassen,035,31185,5149,5138,101,5239,1
2021-04-04,Los Angeles,037,10098052,1192029,1182872,39594,1222466,23301
2021-04-04,Madera,039,155013,16209,16052,886,16938,230
2021-04-04,Marin,041,260295,13732,13663,213,13876,221
2021-04-04,Mariposa,043,17540,398,390,6,396,5
2021-04-04,Mendocino,045,87422,3769,3684,74,3758,45
2021-04-04,Merced,047,269075,29980,30048,975,31023,427
2021-04-04,Modoc,049,8938,358,346,118,464,3
2021-04-04,Mono,051,14174,1237,1245,16,1261,3
2021-04-04,Monterey,053,433212,42631,42391,1757,44148,341
2021-04-04,Napa,055,140530,9515,9486,31,9517,78
2021-04-04,Nevada,057,99092,4391,4337,180,4517,69
2021-04-04,Orange,059,3164182,251903,250117,10752,260869,4759
2021-04-04,Placer,061,380077,21837,21104,1278,22382,276
2021-04-04,Plumas,063,18699,674,666,10,676,4
2021-04-04,Riverside,065,2383286,290107,283537,13551,297088,4237
2021-04-04,Sacramento,067,1510023,99849,98821,1437,100258,1531
2021-04-04,San Benito,069,59416,5895,5901,97,5998,61
2021-04-04,San Bernardino,071,2135413,289748,286561,8719,295280,4423
2021-04-04,San Diego,073,3302833,272444,271528,13714,285242,3583
2021-04-04,San Francisco,075,870044,35512,35525,1191,36716,488
2021-04-04,San Joaquin,077,732212,70220,69147,3181,72328,1268
2021-04-04,San Luis Obispo,079,281455,20640,20328,621,20949,252
2021-04-04,San Mateo,081,765935,40993,40587,427,41014,350
2021-04-04,Santa Barbara,083,443738,33588,33213,1080,34293,443
2021-04-04,Santa Clara,085,1922200,114899,114976,653,115629,1893
2021-04-04,Santa Cruz,087,273765,15912,15219,789,16008,201
2021-04-04,Shasta,089,179085,11387,11433,1371,12804,184
2021-04-04,Sierra,091,2930,55,50,12,62,0
2021-04-04,Siskiyou,093,43540,1577,1509,256,1765,7
2021-04-04,Solano,095,438530,31091,31002,420,31422,237
2021-04-04,Sonoma,097,501317,29235,29340,280,29620,311
2021-04-04,Stanislaus,099,539301,53519,53181,5577,58758,686
2021-04-04,Sutter,101,95872,9156,9164,80,9244,106
2021-04-04,Tehama,103,63373,4826,4792,514,5306,52
2021-04-04,Trinity,105,12862,478,321,81,402,3
2021-04-04,Tulare,107,460477,49379,48343,8492,56835,818
2021-04-04,Tuolumne,109,53932,3934,3980,39,4019,57
2021-04-04,Ventura,111,848112,80075,79526,2858,82384,983
2021-04-04,Yolo,113,214977,13422,13425,168,13593,198
2021-04-04,Yuba,115,75493,5762,5722,110,5832,43
2021-04-03,Alameda,001,1643700,84277,83861,1780,85641,1218
2021-04-03,Alpine,003,1148,85,85,0,85,0
2021-04-03,Amador,005,37829,3591,3577,32,3609,45
2021-04-03,Butte,007,227075,11745,11359,1671,13030,193
2021-04-03,Calaveras,009,45235,2017,2019,11,2030,50
2021-04-03,Colusa,011,21464,1894,1891,273,2164,14
2021-04-03,Contra Costa,013,1133247,66181,65338,1130,66468,774
2021-04-03,Del Norte,015,27424,1222,1183,11,1194,6
2021-04-03,El Dorado,017,186661,9544,9448,638,10086,106
2021-04-03,Fresno,019,978130,100221,99602,8226,107828,1622
2021-04-03,Glenn,021,27897,2359,2334,528,2862,17
2021-04-03,Humboldt,023,135768,3480,3467,25,3492,35
2021-04-03,Imperial,025,180216,27740,27572,2550,30122,710
2021-04-03,Inyo,027,18085,1381,1376,10,1386,36
2021-04-03,Kern,029,883053,95608,94369,10235,104604,1243
2021-04-03,Kings,031,150075,22808,22580,1017,23597,239
2021-04-03,Lake,033,64148,3376,3350,8,3358,43
2021-04-03,Lassen,035,31185,5148,5136,101,5237,1
2021-04-03,Los Angeles,037,10098052,1191722,1182402,39577,1221979,23301
2021-04-03,Madera,039,155013,16200,16051,884,16935,230
2021-04-03,Marin,041,260295,13724,13658,212,13870,221
2021-04-03,Mariposa,043,17540,398,390,5,395,5
2021-04-03,Mendocino,045,87422,3768,3684,74,3758,45
2021-04-03,Merced,047,269075,29965,30031,975,31006,427
2021-04-03,Modoc,049,8938,358,346,118,464,3
2021-04-03,Mono,051,14174,1237,1245,16,1261,3
2021-04-03,Monterey,053,433212,42618,42376,1755,44131,341
2021-04-03,Napa,055,140530,9506,9473,31,9504,78
2021-04-03,Nevada,057,99092,4387,4323,180,4503,69
2021-04-03,Orange,059,3164182,251822,249982,10734,260716,4755
2021-04-03,Placer,061,380077,21806,21060,1274,22334,276
2021-04-03,Plumas,063,18699,674,666,10,676,4
2021-04-03,Riverside,065,2383286,290029,283423,13548,296971,4237
2021-04-03,Sacramento,067,1510023,99741,98660,1431,100091,1531
2021-04-03,San Benito,069,59416,5892,5893,96,5989,61
2021-04-03,San Bernardino,071,2135413,289684,286473,8713,295186,4422
2021-04-03,San Diego,073,3302833,272275,271335,13697,285032,3571
2021-04-03,San Francisco,075,870044,35493,35488,1189,36677,489
2021-04-03,San Joaquin,077,732212,70179,69100,3165,72265,1268
2021-04-03,San Luis Obispo,079,281455,20621,20301,621,20922,252
2021-04-03,San Mateo,081,765935,40968,40560,427,40987,350
2021-04-03,Santa Barbara,083,443738,33562,33172,1079,34251,443
2021-04-03,Santa Clara,085,1922200,114791,114865,651,115516,1893
2021-04-03,Santa Cruz,087,273765,15905,15205,789,15994,201
2021-04-03,Shasta,089,179085,11379,11418,1371,12789,184
2021-04-03,Sierra,091,2930,55,50,12,62,0
2021-04-03,Siskiyou,093,43540,1576,1509,256,1765,7
2021-04-03,Solano,095,438530,31070,30970,417,31387,237
2021-04-03,Sonoma,097,501317,29219,29315,279,29594,311
2021-04-03,Stanislaus,099,539301,53484,53137,5571,58708,686
2021-04-03,Sutter,101,95872,9150,9158,80,9238,106
2021-04-03,Tehama,103,63373,4818,4788,514,5302,52
2021-04-03,Trinity,105,12862,478,321,81,402,3
2021-04-03,Tulare,107,460477,49369,48327,8488,56815,818
2021-04-03,Tuolumne,109,53932,3934,3980,39,4019,57
2021-04-03,Ventura,111,848112,80054,79489,2856,82345,983
2021-04-03,Yolo,113,214977,13416,13414,168,13582,198
2021-04-03,Yuba,115,75493,5756,5716,110,5826,43
2021-04-02,Alameda,001,1643700,84204,83776,1777,85553,1217
2021-04-02,Alpine,003,1148,85,85,0,85,0
2021-04-02,Amador,005,37829,3587,3573,31,3604,45
2021-04-02,Butte,007,227075,11736,11350,1671,13021,193
2021-04-02,Calaveras,009,45235,2015,2010,11,2021,50
2021-04-02,Colusa,011,21464,1894,1891,273,2164,14
2021-04-02,Contra Costa,013,1133247,66117,65299,1129,66428,774
2021-04-02,Del Norte,015,27424,1219,1174,11,1185,6
2021-04-02,El Dorado,017,186661,9531,9437,635,10072,106
2021-04-02,Fresno,019,978130,100167,99551,8215,107766,1620
2021-04-02,Glenn,021,27897,2359,2331,528,2859,17
2021-04-02,Humboldt,023,135768,3476,3465,25,3490,35
2021-04-02,Imperial,025,180216,27728,27553,2544,30097,710
2021-04-02,Inyo,027,18085,1381,1377,10,1387,36
2021-04-02,Kern,029,883053,95590,94348,10232,104580,1233
2021-04-02,Kings,031,150075,22808,22571,1014,23585,239
2021-04-02,Lake,033,64148,3374,3348,8,3356,43
2021-04-02,Lassen,035,31185,5148,5134,101,5235,1
2021-04-02,Los Angeles,037,10098052,1191411,1181682,39556,1221238,23264
2021-04-02,Madera,039,155013,16191,16036,883,16919,230
2021-04-02,Marin,041,260295,13716,13649,212,13861,221
2021-04-02,Mariposa,043,17540,396,390,5,395,5
2021-04-02,Mendocino,045,87422,3765,3682,74,3756,45
2021-04-02,Merced,047,269075,29940,29998,975,30973,426
2021-04-02,Modoc,049,8938,355,346,118,464,3
2021-04-02,Mono,051,14174,1237,1246,16,1262,3
2021-04-02,Monterey,053,433212,42608,42359,1752,44111,341
2021-04-02,Napa,055,140530,9491,9453,31,9484,78
2021-04-02,Nevada,057,99092,4383,4323,180,4503,69
2021-04-02,Orange,059,3164182,251727,249891,10722,260613,4748
2021-04-02,Placer,061,380077,21770,21035,1268,22303,275
2021-04-02,Plumas,063,18699,674,666,10,676,4
2021-04-02,Riverside,065,2383286,289943,283328,13539,296867,4213
2021-04-02,Sacramento,067,1510023,99634,98648,1424,100072,1527
2021-04-02,San Benito,069,59416,5890,5888,94,5982,61
2021-04-02,San Bernardino,071,2135413,289611,286308,8709,295017,4417
2021-04-02,San Diego,073,3302833,272088,271036,13671,284707,3568
2021-04-02,San Francisco,075,870044,35458,35451,1187,36638,488
2021-04-02,San Joaquin,077,732212,70114,68996,3150,72146,1268
2021-04-02,San Luis Obispo,079,281455,20604,20271,620,20891,252
2021-04-02,San Mateo,081,765935,40926,40514,427,40941,350
2021-04-02,Santa Barbara,083,443738,33534,33145,1079,34224,443
2021-04-02,Santa Clara,085,1922200,114680,114777,649,115426,1882
2021-04-02,Santa Cruz,087,273765,15897,15216,789,16005,202
2021-04-02,Shasta,089,179085,11374,11377,1364,12741,181
2021-04-02,Sierra,091,2930,55,50,12,62,0
2021-04-02,Siskiyou,093,43540,1576,1508,255,1763,7
2021-04-02,Solano,095,438530,31041,30951,414,31365,237
2021-04-02,Sonoma,097,501317,29198,29288,278,29566,311
2021-04-02,Stanislaus,099,539301,53439,53073,5565,58638,687
2021-04-02,Sutter,101,95872,9142,9131,80,9211,106
2021-04-02,Tehama,103,63373,4811,4775,513,5288,52
2021-04-02,Trinity,105,12862,478,320,81,401,3
2021-04-02,Tulare,107,460477,49363,48306,8482,56788,818
2021-04-02,Tuolumne,109,53932,3931,3980,39,4019,57
2021-04-02,Ventura,111,848112,80027,79434,2854,82288,982
2021-04-02,Yolo,113,214977,13406,13381,168,13549,197
2021-04-02,Yuba,115,75493,5752,5709,110,5819,44
2021-04-01,Alameda,001,1643700,84125,83574,1772,85346,1216
2021-04-01,Alpine,003,1148,85,85,0,85,0
2021-04-01,Amador,005,37829,3583,3558,31,3589,45
2021-04-01,Butte,007,227075,11718,11328,1669,12997,193
2021-04-01,Calaveras,009,45235,2012,2006,11,2017,50
2021-04-01,Colusa,011,21464,1891,1890,273,2163,14
2021-04-01,Contra Costa,013,1133247,66057,65176,1127,66303,771
2021-04-01,Del Norte,015,27424,1214,1138,11,1149,6
2021-04-01,El Dorado,017,186661,9522,9393,631,10024,106
2021-04-01,Fresno,019,978130,100114,99317,8207,107524,1616
2021-04-01,Glenn,021,27897,2359,2322,527,2849,17
2021-04-01,Humboldt,023,135768,3472,3464,25,3489,35
2021-04-01,Imperial,025,180216,27698,27520,2539,30059,710
2021-04-01,Inyo,027,18085,1380,1374,10,1384,36
2021-04-01,Kern,029,883053,95554,94244,10220,104464,1233
2021-04-01,Kings,031,150075,22801,22560,1013,23573,239
2021-04-01,Lake,033,64148,3369,3337,8,3345,43
2021-04-01,Lassen,035,31185,5147,5132,101,5233,1
2021-04-01,Los Angeles,037,10098052,1190917,1181101,39527,1220628,23220
2021-04-01,Madera,039,155013,16175,16023,883,16906,230
2021-04-01,Marin,041,260295,13706,13635,212,13847,221
2021-04-01,Mariposa,043,17540,394,389,5,394,5
2021-04-01,Mendocino,045,87422,3765,3680,74,3754,45
2021-04-01,Merced,047,269075,29907,29820,975,30795,425
2021-04-01,Modoc,049,8938,354,346,118,464,3
2021-04-01,Mono,051,14174,1237,1245,16,1261,3
2021-04-01,Monterey,053,433212,42600,42324,1750,44074,339
2021-04-01,Napa,055,140530,9479,9410,31,9441,78
2021-04-01,Nevada,057,99092,4373,4288,179,4467,68
2021-04-01,Orange,059,3164182,251607,249617,10705,260322,4742
2021-04-01,Placer,061,380077,21731,20909,1256,22165,274
2021-04-01,Plumas,063,18699,674,664,10,674,4
2021-04-01,Riverside,065,2383286,289838,283128,13536,296664,4193
2021-04-01,Sacramento,067,1510023,99490,97952,1411,99363,1521
2021-04-01,San Benito,069,59416,5882,5878,93,5971,61
2021-04-01,San Bernardino,071,2135413,289495,286086,8700,294786,4404
2021-04-01,San Diego,073,3302833,271865,270540,13641,284181,3555
2021-04-01,San Francisco,075,870044,35437,35386,1184,36570,488
2021-04-01,San Joaquin,077,732212,70032,68802,3142,71944,1262
2021-04-01,San Luis Obispo,079,281455,20575,20235,619,20854,252
2021-04-01,San Mateo,081,765935,40885,40454,427,40881,350
2021-04-01,Santa Barbara,083,443738,33487,33096,1074,34170,443
2021-04-01,Santa Clara,085,1922200,114567,114606,648,115254,1874
2021-04-01,Santa Cruz,087,273765,15882,15271,789,16060,202
2021-04-01,Shasta,089,179085,11359,11355,1359,12714,181
2021-04-01,Sierra,091,2930,55,50,12,62,0
2021-04-01,Siskiyou,093,43540,1574,1507,254,1761,7
2021-04-01,Solano,095,438530,31008,30850,411,31261,237
2021-04-01,Sonoma,097,501317,29167,29241,271,29512,311
2021-04-01,Stanislaus,099,539301,53377,52825,5559,58384,687
2021-04-01,Sutter,101,95872,9130,9105,80,9185,106
2021-04-01,Tehama,103,63373,4805,4764,510,5274,52
2021-04-01,Trinity,105,12862,478,319,81,400,3
2021-04-01,Tulare,107,460477,49340,48279,8472,56751,817
2021-04-01,Tuolumne,109,53932,3929,3978,39,4017,57
2021-04-01,Ventura,111,848112,80003,79369,2853,82222,977
2021-04-01,Yolo,113,214977,13393,13342,168,13510,197
2021-04-01,Yuba,115,75493,5747,5694,110,5804,44
2021-03-31,Alameda,001,1643700,84043,83475,1767,85242,1215
2021-03-31,Alpine,003,1148,85,85,0,85,0
2021-03-31,Amador,005,37829,3580,3556,31,3587,45
2021-03-31,Butte,007,227075,11708,11321,1666,12987,193
2021-03-31,Calaveras,009,45235,2010,2005,11,2016,50
2021-03-31,Colusa,011,21464,1891,1890,273,2163,14
2021-03-31,Contra Costa,013,1133247,65972,65109,1126,66235,769
2021-03-31,Del Norte,015,27424,1205,1129,11,1140,6
2021-03-31,El Dorado,017,186661,9505,9390,631,10021,106
2021-03-31,Fresno,019,978130,100021,99240,8191,107431,1616
2021-03-31,Glenn,021,27897,2355,2318,525,2843,17
2021-03-31,Humboldt,023,135768,3466,3460,25,3485,35
2021-03-31,Imperial,025,180216,27678,27506,2538,30044,710
2021-03-31,Inyo,027,18085,1377,1373,9,1382,35
2021-03-31,Kern,029,883053,95511,94205,10211,104416,1229
2021-03-31,Kings,031,150075,22798,22540,1013,23553,239
2021-03-31,Lake,033,64148,3365,3332,8,3340,43
2021-03-31,Lassen,035,31185,5143,5132,101,5233,1
2021-03-31,Los Angeles,037,10098052,1190447,1180538,39489,1220027,23171
2021-03-31,Madera,039,155013,16161,16015,882,16897,229
2021-03-31,Marin,041,260295,13695,13624,212,13836,221
2021-03-31,Mariposa,043,17540,394,389,5,394,5
2021-03-31,Mendocino,045,87422,3759,3675,74,3749,45
2021-03-31,Merced,047,269075,29878,29780,975,30755,423
2021-03-31,Modoc,049,8938,354,346,118,464,3
2021-03-31,Mono,051,14174,1237,1245,16,1261,3
2021-03-31,Monterey,053,433212,42583,42309,1748,44057,338
2021-03-31,Napa,055,140530,9461,9401,31,9432,78
2021-03-31,Nevada,057,99092,4367,4283,179,4462,68
2021-03-31,Orange,059,3164182,251496,249518,10690,260208,4731
2021-03-31,Placer,061,380077,21681,20885,1249,22134,271
2021-03-31,Plumas,063,18699,673,663,10,673,4
2021-03-31,Riverside,065,2383286,289736,283006,13526,296532,4171
2021-03-31,Sacramento,067,1510023,99315,97760,1404,99164,1519
2021-03-31,San Benito,069,59416,5872,5875,93,5968,61
2021-03-31,San Bernardino,071,2135413,289401,285916,8697,294613,4356
2021-03-31,San Diego,073,3302833,271633,270288,13606,283894,3555
2021-03-31,San Francisco,075,870044,35392,35347,1183,36530,474
2021-03-31,San Joaquin,077,732212,69943,68685,3126,71811,1259
2021-03-31,San Luis Obispo,079,281455,20553,20215,618,20833,251
2021-03-31,San Mateo,081,765935,40855,40423,427,40850,350
2021-03-31,Santa Barbara,083,443738,33455,33052,1072,34124,443
2021-03-31,Santa Clara,085,1922200,114440,114499,648,115147,1874
2021-03-31,Santa Cruz,087,273765,15869,15295,788,16083,201
2021-03-31,Shasta,089,179085,11347,11327,1351,12678,179
2021-03-31,Sierra,091,2930,55,50,12,62,0
2021-03-31,Siskiyou,093,43540,1573,1505,254,1759,7
2021-03-31,Solano,095,438530,30962,30824,410,31234,235
2021-03-31,Sonoma,097,501317,29140,29216,271,29487,311
2021-03-31,Stanislaus,099,539301,53309,52782,5547,58329,687
2021-03-31,Sutter,101,95872,9119,9111,80,9191,106
2021-03-31,Tehama,103,63373,4800,4762,508,5270,52
2021-03-31,Trinity,105,12862,478,319,81,400,3
2021-03-31,Tulare,107,460477,49320,48261,8456,56717,816
2021-03-31,Tuolumne,109,53932,3928,3976,39,4015,57
2021-03-31,Ventura,111,848112,79971,79326,2849,82175,969
2021-03-31,Yolo,113,214977,13376,13359,167,13526,197
2021-03-31,Yuba,115,75493,5740,5686,110,5796,44
2021-03-30,Alameda,001,1643700,83943,83395,1764,85159,1211
2021-03-30,Alpine,003,1148,85,85,0,85,0
2021-03-30,Amador,005,37829,3577,3551,31,3582,45
2021-03-30,Butte,007,227075,11696,11296,1663,12959,193
2021-03-30,Calaveras,009,45235,2006,1997,11,2008,50
2021-03-30,Colusa,011,21464,1890,1890,272,2162,14
2021-03-30,Contra Costa,013,1133247,65883,65041,1124,66165,767
2021-03-30,Del Norte,015,27424,1197,1118,10,1128,6
2021-03-30,El Dorado,017,186661,9486,9381,628,10009,105
2021-03-30,Fresno,019,978130,99956,99156,8178,107334,1609
2021-03-30,Glenn,021,27897,2355,2310,524,2834,17
2021-03-30,Humboldt,023,135768,3464,3461,25,3486,35
2021-03-30,Imperial,025,180216,27650,27471,2536,30007,706
2021-03-30,Inyo,027,18085,1377,1374,9,1383,35
2021-03-30,Kern,029,883053,95469,94151,10202,104353,1221
2021-03-30,Kings,031,150075,22794,22530,1011,23541,238
2021-03-30,Lake,033,64148,3359,3330,8,3338,43
2021-03-30,Lassen,035,31185,5143,5132,101,5233,1
2021-03-30,Los Angeles,037,10098052,1189951,1180044,39467,1219511,23136
2021-03-30,Madera,039,155013,16151,16003,878,16881,229
2021-03-30,Marin,041,260295,13686,13611,204,13815,221
2021-03-30,Mariposa,043,17540,394,388,5,393,5
2021-03-30,Mendocino,045,87422,3757,3670,74,3744,45
2021-03-30,Merced,047,269075,29841,29731,975,30706,423
2021-03-30,Modoc,049,8938,353,346,118,464,3
2021-03-30,Mono,051,14174,1236,1245,16,1261,3
2021-03-30,Monterey,053,433212,42557,42308,1746,44054,338
2021-03-30,Napa,055,140530,9446,9391,31,9422,78
2021-03-30,Nevada,057,99092,4355,4266,178,4444,68
2021-03-30,Orange,059,3164182,251367,249412,10663,260075,4727
2021-03-30,Placer,061,380077,21641,20866,1243,22109,271
2021-03-30,Plumas,063,18699,673,661,10,671,4
2021-03-30,Riverside,065,2383286,289611,282930,13517,296447,4154
2021-03-30,Sacramento,067,1510023,99178,97718,1401,99119,1516
2021-03-30,San Benito,069,59416,5866,5870,93,5963,61
2021-03-30,San Bernardino,071,2135413,289292,285758,8688,294446,4343
2021-03-30,San Diego,073,3302833,271394,269998,13568,283566,3555
2021-03-30,San Francisco,075,870044,35342,35325,1182,36507,474
2021-03-30,San Joaquin,077,732212,69855,68613,3116,71729,1232
2021-03-30,San Luis Obispo,079,281455,20533,20194,618,20812,251
2021-03-30,San Mateo,081,765935,40811,40377,427,40804,349
2021-03-30,Santa Barbara,083,443738,33430,33016,1072,34088,441
2021-03-30,Santa Clara,085,1922200,114318,114413,647,115060,1873
2021-03-30,Santa Cruz,087,273765,15863,15278,788,16066,201
2021-03-30,Shasta,089,179085,11339,11316,1350,12666,184
2021-03-30,Sierra,091,2930,55,50,12,62,0
2021-03-30,Siskiyou,093,43540,1572,1501,254,1755,7
2021-03-30,Solano,095,438530,30932,30802,409,31211,232
2021-03-30,Sonoma,097,501317,29108,29198,271,29469,311
2021-03-30,Stanislaus,099,539301,53231,52690,5539,58229,677
2021-03-30,Sutter,101,95872,9115,9107,79,9186,106
2021-03-30,Tehama,103,63373,4791,4748,507,5255,52
2021-03-30,Trinity,105,12862,478,316,81,397,3
2021-03-30,Tulare,107,460477,49305,48249,8447,56696,815
2021-03-30,Tuolumne,109,53932,3923,3972,39,4011,57
2021-03-30,Ventura,111,848112,79927,79282,2846,82128,958
2021-03-30,Yolo,113,214977,13363,13353,167,13520,195
2021-03-30,Yuba,115,75493,5729,5679,104,5783,42
2021-03-29,Alameda,001,1643700,83842,83338,1762,85100,1211
2021-03-29,Alpine,003,1148,85,85,0,85,0
2021-03-29,Amador,005,37829,3571,3549,31,3580,45
2021-03-29,Butte,007,227075,11688,11291,1660,12951,191
2021-03-29,Calaveras,009,45235,2004,1998,11,2009,50
2021-03-29,Colusa,011,21464,1890,1889,271,2160,14
2021-03-29,Contra Costa,013,1133247,65814,64971,1123,66094,767
2021-03-29,Del Norte,015,27424,1192,1116,9,1125,6
2021-03-29,El Dorado,017,186661,9466,9374,623,9997,105
2021-03-29,Fresno,019,978130,99873,99085,8163,107248,1606
2021-03-29,Glenn,021,27897,2348,2310,524,2834,17
2021-03-29,Humboldt,023,135768,3459,3459,25,3484,34
2021-03-29,Imperial,025,180216,27629,27442,2534,29976,704
2021-03-29,Inyo,027,18085,1377,1372,9,1381,35
2021-03-29,Kern,029,883053,95422,94098,10183,104281,1220
2021-03-29,Kings,031,150075,22782,22522,1010,23532,238
2021-03-29,Lake,033,64148,3356,3325,8,3333,43
2021-03-29,Lassen,035,31185,5143,5131,101,5232,1
2021-03-29,Los Angeles,037,10098052,1189454,1179736,39427,1219163,23108
2021-03-29,Madera,039,155013,16131,15987,876,16863,210
2021-03-29,Marin,041,260295,13674,13600,201,13801,220
2021-03-29,Mariposa,043,17540,393,388,5,393,5
2021-03-29,Mendocino,045,87422,3754,3667,74,3741,45
2021-03-29,Merced,047,269075,29817,29699,975,30674,422
2021-03-29,Modoc,049,8938,352,344,118,462,3
2021-03-29,Mono,051,14174,1235,1243,16,1259,3
2021-03-29,Monterey,053,433212,42541,42305,1741,44046,337
2021-03-29,Napa,055,140530,9430,9379,31,9410,78
2021-03-29,Nevada,057,99092,4348,4258,178,4436,68
2021-03-29,Orange,059,3164182,251256,249295,10651,259946,4713
2021-03-29,Placer,061,380077,21606,20827,1236,22063,267
2021-03-29,Plumas,063,18699,672,660,10,670,4
2021-03-29,Riverside,065,2383286,289508,282867,13516,296383,4133
2021-03-29,Sacramento,067,1510023,98984,97577,1393,98970,1514
2021-03-29,San Benito,069,59416,5859,5865,93,5958,61
2021-03-29,San Bernardino,071,2135413,289195,285615,8684,294299,4335
2021-03-29,San Diego,073,3302833,271128,269771,13542,283313,3547
2021-03-29,San Francisco,075,870044,35307,35291,1179,36470,474
2021-03-29,San Joaquin,077,732212,69769,68537,3103,71640,1211
2021-03-29,San Luis Obispo,079,281455,20498,20176,617,20793,250
2021-03-29,San Mateo,081,765935,40769,40357,426,40783,348
2021-03-29,Santa Barbara,083,443738,33396,32983,1071,34054,439
2021-03-29,Santa Clara,085,1922200,114209,114335,642,114977,1871
2021-03-29,Santa Cruz,087,273765,15852,15249,787,16036,201
2021-03-29,Shasta,089,179085,11321,11313,1348,12661,183
2021-03-29,Sierra,091,2930,55,50,12,62,0
2021-03-29,Siskiyou,093,43540,1570,1497,254,1751,6
2021-03-29,Solano,095,438530,30893,30762,407,31169,232
2021-03-29,Sonoma,097,501317,29085,29184,268,29452,310
2021-03-29,Stanislaus,099,539301,53147,52614,5532,58146,677
2021-03-29,Sutter,101,95872,9108,9105,79,9184,106
2021-03-29,Tehama,103,63373,4783,4742,506,5248,52
2021-03-29,Trinity,105,12862,478,314,81,395,3
2021-03-29,Tulare,107,460477,49277,48226,8436,56662,815
2021-03-29,Tuolumne,109,53932,3921,3969,39,4008,57
2021-03-29,Ventura,111,848112,79885,79252,2846,82098,956
2021-03-29,Yolo,113,214977,13344,13346,167,13513,195
2021-03-29,Yuba,115,75493,5722,5671,103,5774,42
2021-03-28,Alameda,001,1643700,83721,83239,1760,84999,1212
2021-03-28,Alpine,003,1148,85,85,0,85,0
2021-03-28,Amador,005,37829,3567,3541,31,3572,45
2021-03-28,Butte,007,227075,11675,11285,1658,12943,191
2021-03-28,Calaveras,009,45235,2002,1995,11,2006,50
2021-03-28,Colusa,011,21464,1889,1889,271,2160,14
2021-03-28,Contra Costa,013,1133247,65740,64878,1119,65997,767
2021-03-28,Del Norte,015,27424,1185,1107,7,1114,6
2021-03-28,El Dorado,017,186661,9451,9371,621,9992,105
2021-03-28,Fresno,019,978130,99791,99004,8151,107155,1606
2021-03-28,Glenn,021,27897,2344,2309,522,2831,17
2021-03-28,Humboldt,023,135768,3456,3452,24,3476,34
2021-03-28,Imperial,025,180216,27602,27426,2531,29957,704
2021-03-28,Inyo,027,18085,1376,1372,9,1381,35
2021-03-28,Kern,029,883053,95377,94084,10172,104256,1219
2021-03-28,Kings,031,150075,22777,22514,1007,23521,238
2021-03-28,Lake,033,64148,3351,3320,8,3328,43
2021-03-28,Lassen,035,31185,5143,5131,100,5231,1
2021-03-28,Los Angeles,037,10098052,1188901,1179316,39369,1218685,23101
2021-03-28,Madera,039,155013,16116,15973,875,16848,210
2021-03-28,Marin,041,260295,13661,13594,199,13793,221
2021-03-28,Mariposa,043,17540,393,388,5,393,5
2021-03-28,Mendocino,045,87422,3752,3666,74,3740,45
2021-03-28,Merced,047,269075,29760,29679,975,30654,422
2021-03-28,Modoc,049,8938,352,344,118,462,3
2021-03-28,Mono,051,14174,1234,1242,16,1258,3
2021-03-28,Monterey,053,433212,42518,42294,1737,44031,337
2021-03-28,Napa,055,140530,9416,9368,31,9399,78
2021-03-28,Nevada,057,99092,4334,4239,178,4417,68
2021-03-28,Orange,059,3164182,251101,249238,10641,259879,4713
2021-03-28,Placer,061,380077,21562,20796,1230,22026,267
2021-03-28,Plumas,063,18699,670,657,10,667,4
2021-03-28,Riverside,065,2383286,289394,282811,13508,296319,4132
2021-03-28,Sacramento,067,1510023,98810,97425,1387,98812,1514
2021-03-28,San Benito,069,59416,5854,5862,93,5955,61
2021-03-28,San Bernardino,071,2135413,289075,285570,8676,294246,4332
2021-03-28,San Diego,073,3302833,270852,269476,13513,282989,3547
2021-03-28,San Francisco,075,870044,35261,35286,1175,36461,474
2021-03-28,San Joaquin,077,732212,69645,68459,3084,71543,1211
2021-03-28,San Luis Obispo,079,281455,20463,20172,614,20786,250
2021-03-28,San Mateo,081,765935,40724,40305,426,40731,348
2021-03-28,Santa Barbara,083,443738,33354,32953,1070,34023,439
2021-03-28,Santa Clara,085,1922200,114109,114232,638,114870,1871
2021-03-28,Santa Cruz,087,273765,15837,15238,786,16024,201
2021-03-28,Shasta,089,179085,11295,11308,1337,12645,183
2021-03-28,Sierra,091,2930,55,50,12,62,0
2021-03-28,Siskiyou,093,43540,1570,1497,253,1750,6
2021-03-28,Solano,095,438530,30856,30719,405,31124,232
2021-03-28,Sonoma,097,501317,29049,29161,266,29427,310
2021-03-28,Stanislaus,099,539301,53059,52567,5519,58086,678
2021-03-28,Sutter,101,95872,9099,9094,79,9173,106
2021-03-28,Tehama,103,63373,4773,4740,504,5244,52
2021-03-28,Trinity,105,12862,476,314,80,394,3
2021-03-28,Tulare,107,460477,49248,48218,8430,56648,815
2021-03-28,Tuolumne,109,53932,3918,3969,38,4007,57
2021-03-28,Ventura,111,848112,79834,79222,2841,82063,956
2021-03-28,Yolo,113,214977,13327,13325,166,13491,194
2021-03-28,Yuba,115,75493,5718,5662,103,5765,42
2021-03-27,Alameda,001,1643700,83650,83169,1756,84925,1211
2021-03-27,Alpine,003,1148,85,85,0,85,0
2021-03-27,Amador,005,37829,3562,3538,31,3569,45
2021-03-27,Butte,007,227075,11668,11278,1657,12935,191
2021-03-27,Calaveras,009,45235,1999,1992,11,2003,50
2021-03-27,Colusa,011,21464,1889,1889,271,2160,14
2021-03-27,Contra Costa,013,1133247,65670,64804,1116,65920,767
2021-03-27,Del Norte,015,27424,1175,1104,7,1111,6
2021-03-27,El Dorado,017,186661,9437,9367,621,9988,105
2021-03-27,Fresno,019,978130,99738,98901,8145,107046,1606
2021-03-27,Glenn,021,27897,2343,2308,522,2830,17
2021-03-27,Humboldt,023,135768,3451,3442,24,3466,34
2021-03-27,Imperial,025,180216,27590,27406,2528,29934,704
2021-03-27,Inyo,027,18085,1374,1372,9,1381,35
2021-03-27,Kern,029,883053,95357,94041,10161,104202,1217
2021-03-27,Kings,031,150075,22774,22502,1007,23509,238
2021-03-27,Lake,033,64148,3349,3317,8,3325,43
2021-03-27,Lassen,035,31185,5143,5129,100,5229,1
2021-03-27,Los Angeles,037,10098052,1188587,1178831,39343,1218174,23103
2021-03-27,Madera,039,155013,16109,15968,873,16841,210
2021-03-27,Marin,041,260295,13656,13579,199,13778,222
2021-03-27,Mariposa,043,17540,393,386,5,391,5
2021-03-27,Mendocino,045,87422,3750,3666,74,3740,45
2021-03-27,Merced,047,269075,29727,29647,973,30620,422
2021-03-27,Modoc,049,8938,352,344,118,462,3
2021-03-27,Mono,051,14174,1232,1241,16,1257,3
2021-03-27,Monterey,053,433212,42508,42271,1737,44008,337
2021-03-27,Napa,055,140530,9404,9360,31,9391,78
2021-03-27,Nevada,057,99092,4324,4231,178,4409,68
2021-03-27,Orange,059,3164182,251006,249160,10625,259785,4698
2021-03-27,Placer,061,380077,21542,20717,1223,21940,267
2021-03-27,Plumas,063,18699,669,655,10,665,4
2021-03-27,Riverside,065,2383286,289332,282707,13500,296207,4132
2021-03-27,Sacramento,067,1510023,98720,97247,1385,98632,1513
2021-03-27,San Benito,069,59416,5852,5862,91,5953,61
2021-03-27,San Bernardino,071,2135413,289013,285480,8675,294155,4325
2021-03-27,San Diego,073,3302833,270681,269271,13491,282762,3540
2021-03-27,San Francisco,075,870044,35238,35244,1173,36417,474
2021-03-27,San Joaquin,077,732212,69585,68365,3076,71441,1211
2021-03-27,San Luis Obispo,079,281455,20452,20153,611,20764,250
2021-03-27,San Mateo,081,765935,40701,40264,426,40690,348
2021-03-27,Santa Barbara,083,443738,33331,32921,1070,33991,439
2021-03-27,Santa Clara,085,1922200,114013,114124,636,114760,1871
2021-03-27,Santa Cruz,087,273765,15831,15215,786,16001,201
2021-03-27,Shasta,089,179085,11284,11288,1335,12623,183
2021-03-27,Sierra,091,2930,55,50,12,62,0
2021-03-27,Siskiyou,093,43540,1570,1497,253,1750,6
2021-03-27,Solano,095,438530,30828,30669,404,31073,232
2021-03-27,Sonoma,097,501317,29034,29133,264,29397,310
2021-03-27,Stanislaus,099,539301,52994,52497,5511,58008,678
2021-03-27,Sutter,101,95872,9092,9093,79,9172,106
2021-03-27,Tehama,103,63373,4767,4738,502,5240,52
2021-03-27,Trinity,105,12862,476,313,80,393,3
2021-03-27,Tulare,107,460477,49232,48203,8423,56626,813
2021-03-27,Tuolumne,109,53932,3915,3968,38,4006,57
2021-03-27,Ventura,111,848112,79807,79184,2839,82023,956
2021-03-27,Yolo,113,214977,13322,13317,165,13482,194
2021-03-27,Yuba,115,75493,5716,5657,103,5760,42
2021-03-26,Alameda,001,1643700,83587,83043,1754,84797,1208
2021-03-26,Alpine,003,1148,85,85,0,85,0
2021-03-26,Amador,005,37829,3557,3532,31,3563,45
2021-03-26,Butte,007,227075,11657,11278,1657,12935,191
2021-03-26,Calaveras,009,45235,1996,1989,11,2000,50
2021-03-26,Colusa,011,21464,1889,1889,271,2160,14
2021-03-26,Contra Costa,013,1133247,65610,64699,1113,65812,761
2021-03-26,Del Norte,015,27424,1172,1101,7,1108,6
2021-03-26,El Dorado,017,186661,9432,9353,621,9974,105
2021-03-26,Fresno,019,978130,99676,98731,8135,106866,1601
2021-03-26,Glenn,021,27897,2343,2307,521,2828,17
2021-03-26,Humboldt,023,135768,3449,3431,24,3455,34
2021-03-26,Imperial,025,180216,27566,27374,2528,29902,701
2021-03-26,Inyo,027,18085,1373,1369,9,1378,35
2021-03-26,Kern,029,883053,95331,93949,10155,104104,1211
2021-03-26,Kings,031,150075,22766,22493,1005,23498,239
2021-03-26,Lake,033,64148,3348,3314,8,3322,43
2021-03-26,Lassen,035,31185,5142,5131,100,5231,1
2021-03-26,Los Angeles,037,10098052,1188251,1178213,39330,1217543,23080
2021-03-26,Madera,039,155013,16099,15952,873,16825,210
2021-03-26,Marin,041,260295,13650,13553,194,13747,221
2021-03-26,Mariposa,043,17540,393,386,5,391,5
2021-03-26,Mendocino,045,87422,3749,3664,74,3738,45
2021-03-26,Merced,047,269075,29704,29613,972,30585,419
2021-03-26,Modoc,049,8938,352,344,118,462,3
2021-03-26,Mono,051,14174,1231,1236,16,1252,3
2021-03-26,Monterey,053,433212,42495,42241,1733,43974,338
2021-03-26,Napa,055,140530,9394,9349,31,9380,78
2021-03-26,Nevada,057,99092,4304,4222,178,4400,83
2021-03-26,Orange,059,3164182,250943,248995,10611,259606,4671
2021-03-26,Placer,061,380077,21516,20679,1222,21901,259
2021-03-26,Plumas,063,18699,668,654,10,664,4
2021-03-26,Riverside,065,2383286,289254,282602,13494,296096,4109
2021-03-26,Sacramento,067,1510023,98620,97040,1380,98420,1509
2021-03-26,San Benito,069,59416,5849,5855,91,5946,61
2021-03-26,San Bernardino,071,2135413,288957,285313,8673,293986,4288
2021-03-26,San Diego,073,3302833,270503,269045,13465,282510,3525
2021-03-26,San Francisco,075,870044,35212,35186,1173,36359,472
2021-03-26,San Joaquin,077,732212,69522,68249,3072,71321,1202
2021-03-26,San Luis Obispo,079,281455,20439,20118,611,20729,250
2021-03-26,San Mateo,081,765935,40666,40199,426,40625,348
2021-03-26,Santa Barbara,083,443738,33301,32895,1069,33964,439
2021-03-26,Santa Clara,085,1922200,113915,113959,635,114594,1868
2021-03-26,Santa Cruz,087,273765,15816,15199,785,15984,201
2021-03-26,Shasta,089,179085,11275,11276,1329,12605,182
2021-03-26,Sierra,091,2930,55,50,12,62,0
2021-03-26,Siskiyou,093,43540,1570,1493,252,1745,6
2021-03-26,Solano,095,438530,30803,30640,404,31044,205
2021-03-26,Sonoma,097,501317,29018,29101,261,29362,310
2021-03-26,Stanislaus,099,539301,52926,52420,5507,57927,678
2021-03-26,Sutter,101,95872,9089,9082,79,9161,104
2021-03-26,Tehama,103,63373,4766,4722,501,5223,51
2021-03-26,Trinity,105,12862,476,311,80,391,3
2021-03-26,Tulare,107,460477,49217,48179,8416,56595,813
2021-03-26,Tuolumne,109,53932,3914,3965,38,4003,57
2021-03-26,Ventura,111,848112,79773,79122,2837,81959,953
2021-03-26,Yolo,113,214977,13315,13299,163,13462,194
2021-03-26,Yuba,115,75493,5706,5653,103,5756,42
2021-03-25,Alameda,001,1643700,83493,82945,1752,84697,1206
2021-03-25,Alpine,003,1148,85,84,0,84,0
2021-03-25,Amador,005,37829,3555,3530,31,3561,45
2021-03-25,Butte,007,227075,11647,11270,1657,12927,188
2021-03-25,Calaveras,009,45235,1995,1982,11,1993,50
2021-03-25,Colusa,011,21464,1889,1888,271,2159,14
2021-03-25,Contra Costa,013,1133247,65543,64606,1110,65716,757
2021-03-25,Del Norte,015,27424,1166,1095,7,1102,6
2021-03-25,El Dorado,017,186661,9422,9331,621,9952,105
2021-03-25,Fresno,019,978130,99558,98602,8122,106724,1593
2021-03-25,Glenn,021,27897,2342,2302,520,2822,17
2021-03-25,Humboldt,023,135768,3444,3423,24,3447,34
2021-03-25,Imperial,025,180216,27550,27352,2527,29879,699
2021-03-25,Inyo,027,18085,1373,1369,9,1378,35
2021-03-25,Kern,029,883053,95299,93857,10150,104007,1206
2021-03-25,Kings,031,150075,22756,22472,1005,23477,237
2021-03-25,Lake,033,64148,3343,3312,8,3320,43
2021-03-25,Lassen,035,31185,5142,5129,100,5229,1
2021-03-25,Los Angeles,037,10098052,1187813,1177490,39296,1216786,23051
2021-03-25,Madera,039,155013,16080,15937,871,16808,210
2021-03-25,Marin,041,260295,13640,13538,191,13729,219
2021-03-25,Mariposa,043,17540,393,386,5,391,5
2021-03-25,Mendocino,045,87422,3748,3664,74,3738,45
2021-03-25,Merced,047,269075,29670,29576,965,30541,416
2021-03-25,Modoc,049,8938,352,343,118,461,3
2021-03-25,Mono,051,14174,1231,1235,16,1251,3
2021-03-25,Monterey,053,433212,42474,42220,1728,43948,336
2021-03-25,Napa,055,140530,9375,9321,31,9352,78
2021-03-25,Nevada,057,99092,4286,4202,176,4378,84
2021-03-25,Orange,059,3164182,250828,248871,10591,259462,4655
2021-03-25,Placer,061,380077,21475,20639,1215,21854,252
2021-03-25,Plumas,063,18699,668,654,10,664,4
2021-03-25,Riverside,065,2383286,289157,282492,13483,295975,4078
2021-03-25,Sacramento,067,1510023,98475,96823,1378,98201,1505
2021-03-25,San Benito,069,59416,5846,5850,91,5941,61
2021-03-25,San Bernardino,071,2135413,288876,285134,8668,293802,4222
2021-03-25,San Diego,073,3302833,270275,268623,13434,282057,3520
2021-03-25,San Francisco,075,870044,35172,35154,1171,36325,468
2021-03-25,San Joaquin,077,732212,69425,68089,3034,71123,1196
2021-03-25,San Luis Obispo,079,281455,20421,20076,611,20687,250
2021-03-25,San Mateo,081,765935,40626,40147,426,40573,348
2021-03-25,Santa Barbara,083,443738,33274,32857,1069,33926,439
2021-03-25,Santa Clara,085,1922200,113811,113877,633,114510,1868
2021-03-25,Santa Cruz,087,273765,15795,15170,785,15955,201
2021-03-25,Shasta,089,179085,11258,11262,1326,12588,181
2021-03-25,Sierra,091,2930,55,50,12,62,0
2021-03-25,Siskiyou,093,43540,1568,1491,251,1742,6
2021-03-25,Solano,095,438530,30742,30583,402,30985,193
2021-03-25,Sonoma,097,501317,28984,29060,257,29317,310
2021-03-25,Stanislaus,099,539301,52859,52321,5500,57821,678
2021-03-25,Sutter,101,95872,9080,9069,79,9148,104
2021-03-25,Tehama,103,63373,4764,4719,500,5219,52
2021-03-25,Trinity,105,12862,476,310,80,390,3
2021-03-25,Tulare,107,460477,49190,48148,8404,56552,811
2021-03-25,Tuolumne,109,53932,3913,3962,38,4000,57
2021-03-25,Ventura,111,848112,79732,79045,2833,81878,952
2021-03-25,Yolo,113,214977,13309,13287,163,13450,194
2021-03-25,Yuba,115,75493,5700,5647,97,5744,42
2021-03-24,Alameda,001,1643700,83400,82871,1749,84620,1199
2021-03-24,Alpine,003,1148,85,84,0,84,0
2021-03-24,Amador,005,37829,3549,3529,31,3560,45
2021-03-24,Butte,007,227075,11637,11252,1653,12905,187
2021-03-24,Calaveras,009,45235,1992,1975,11,1986,50
2021-03-24,Colusa,011,21464,1889,1886,271,2157,14
2021-03-24,Contra Costa,013,1133247,65463,64539,1109,65648,755
2021-03-24,Del Norte,015,27424,1161,1087,7,1094,6
2021-03-24,El Dorado,017,186661,9416,9319,620,9939,105
2021-03-24,Fresno,019,978130,99468,98437,8107,106544,1585
2021-03-24,Glenn,021,27897,2341,2297,519,2816,17
2021-03-24,Humboldt,023,135768,3441,3414,24,3438,34
2021-03-24,Imperial,025,180216,27541,27325,2527,29852,699
2021-03-24,Inyo,027,18085,1373,1368,9,1377,35
2021-03-24,Kern,029,883053,95251,93800,10141,103941,1198
2021-03-24,Kings,031,150075,22741,22456,1003,23459,237
2021-03-24,Lake,033,64148,3339,3307,8,3315,43
2021-03-24,Lassen,035,31185,5140,5130,99,5229,1
2021-03-24,Los Angeles,037,10098052,1187326,1177015,39263,1216278,22993
2021-03-24,Madera,039,155013,16071,15918,870,16788,210
2021-03-24,Marin,041,260295,13626,13526,189,13715,219
2021-03-24,Mariposa,043,17540,393,384,5,389,5
2021-03-24,Mendocino,045,87422,3745,3660,74,3734,45
2021-03-24,Merced,047,269075,29629,29525,965,30490,415
2021-03-24,Modoc,049,8938,351,341,118,459,3
2021-03-24,Mono,051,14174,1230,1243,16,1259,3
2021-03-24,Monterey,053,433212,42452,42201,1725,43926,335
2021-03-24,Napa,055,140530,9355,9310,31,9341,78
2021-03-24,Nevada,057,99092,4271,4191,175,4366,85
2021-03-24,Orange,059,3164182,250714,248775,10573,259348,4638
2021-03-24,Placer,061,380077,21445,20606,1207,21813,250
2021-03-24,Plumas,063,18699,666,652,10,662,4
2021-03-24,Riverside,065,2383286,289073,282410,13480,295890,4058
2021-03-24,Sacramento,067,1510023,98300,96628,1367,97995,1500
2021-03-24,San Benito,069,59416,5845,5847,91,5938,61
2021-03-24,San Bernardino,071,2135413,288789,284983,8666,293649,4170
2021-03-24,San Diego,073,3302833,270061,268413,13406,281819,3509
2021-03-24,San Francisco,075,870044,35145,35103,1168,36271,462
2021-03-24,San Joaquin,077,732212,69354,67978,3022,71000,1196
2021-03-24,San Luis Obispo,079,281455,20391,20021,610,20631,250
2021-03-24,San Mateo,081,765935,40576,40083,426,40509,348
2021-03-24,Santa Barbara,083,443738,33246,32810,1069,33879,438
2021-03-24,Santa Clara,085,1922200,113695,113757,630,114387,1851
2021-03-24,Santa Cruz,087,273765,15781,15138,784,15922,202
2021-03-24,Shasta,089,179085,11239,11243,1324,12567,181
2021-03-24,Sierra,091,2930,55,50,12,62,0
2021-03-24,Siskiyou,093,43540,1566,1490,251,1741,6
2021-03-24,Solano,095,438530,30705,30552,401,30953,178
2021-03-24,Sonoma,097,501317,28964,29034,253,29287,310
2021-03-24,Stanislaus,099,539301,52783,52259,5491,57750,677
2021-03-24,Sutter,101,95872,9064,9049,79,9128,104
2021-03-24,Tehama,103,63373,4758,4719,499,5218,49
2021-03-24,Trinity,105,12862,475,310,80,390,3
2021-03-24,Tulare,107,460477,49179,48109,8391,56500,808
2021-03-24,Tuolumne,109,53932,3911,3961,38,3999,57
2021-03-24,Ventura,111,848112,79680,78993,2826,81819,944
2021-03-24,Yolo,113,214977,13297,13269,163,13432,194
2021-03-24,Yuba,115,75493,5694,5634,94,5728,42
2021-03-23,Alameda,001,1643700,83298,82799,1745,84544,1190
2021-03-23,Alpine,003,1148,85,84,0,84,0
2021-03-23,Amador,005,37829,3543,3524,31,3555,45
2021-03-23,Butte,007,227075,11625,11227,1652,12879,187
2021-03-23,Calaveras,009,45235,1990,1971,11,1982,50
2021-03-23,Colusa,011,21464,1887,1885,270,2155,14
2021-03-23,Contra Costa,013,1133247,65363,64491,1108,65599,750
2021-03-23,Del Norte,015,27424,1156,1082,7,1089,6
2021-03-23,El Dorado,017,186661,9406,9318,617,9935,105
2021-03-23,Fresno,019,978130,99354,98362,8083,106445,1575
2021-03-23,Glenn,021,27897,2336,2293,517,2810,17
2021-03-23,Humboldt,023,135768,3432,3405,24,3429,34
2021-03-23,Imperial,025,180216,27533,27320,2527,29847,699
2021-03-23,Inyo,027,18085,1371,1364,9,1373,35
2021-03-23,Kern,029,883053,95144,93728,10134,103862,1191
2021-03-23,Kings,031,150075,22730,22439,1001,23440,237
2021-03-23,Lake,033,64148,3337,3294,8,3302,43
2021-03-23,Lassen,035,31185,5140,5130,99,5229,1
2021-03-23,Los Angeles,037,10098052,1186805,1176572,39226,1215798,22904
2021-03-23,Madera,039,155013,16055,15908,869,16777,210
2021-03-23,Marin,041,260295,13603,13514,187,13701,221
2021-03-23,Mariposa,043,17540,392,384,5,389,5
2021-03-23,Mendocino,045,87422,3743,3652,74,3726,45
2021-03-23,Merced,047,269075,29596,29485,965,30450,415
2021-03-23,Modoc,049,8938,350,342,118,460,3
2021-03-23,Mono,051,14174,1229,1263,16,1279,3
2021-03-23,Monterey,053,433212,42441,42180,1723,43903,335
2021-03-23,Napa,055,140530,9330,9299,31,9330,78
2021-03-23,Nevada,057,99092,4252,4179,174,4353,89
2021-03-23,Orange,059,3164182,250588,248661,10555,259216,4626
2021-03-23,Placer,061,380077,21410,20567,1203,21770,248
2021-03-23,Plumas,063,18699,666,652,10,662,4
2021-03-23,Riverside,065,2383286,288973,282317,13474,295791,4035
2021-03-23,Sacramento,067,1510023,98108,96521,1363,97884,1496
2021-03-23,San Benito,069,59416,5840,5845,90,5935,61
2021-03-23,San Bernardino,071,2135413,288704,284875,8658,293533,4134
2021-03-23,San Diego,073,3302833,269816,268156,13374,281530,3498
2021-03-23,San Francisco,075,870044,35087,35071,1163,36234,462
2021-03-23,San Joaquin,077,732212,69258,67903,3004,70907,1182
2021-03-23,San Luis Obispo,079,281455,20351,20009,609,20618,250
2021-03-23,San Mateo,081,765935,40520,40032,425,40457,348
2021-03-23,Santa Barbara,083,443738,33208,32771,1068,33839,438
2021-03-23,Santa Clara,085,1922200,113579,113645,627,114272,1848
2021-03-23,Santa Cruz,087,273765,15766,15106,784,15890,201
2021-03-23,Shasta,089,179085,11226,11234,1323,12557,175
2021-03-23,Sierra,091,2930,55,50,12,62,0
2021-03-23,Siskiyou,093,43540,1561,1485,249,1734,6
2021-03-23,Solano,095,438530,30664,30524,400,30924,178
2021-03-23,Sonoma,097,501317,28927,29020,252,29272,310
2021-03-23,Stanislaus,099,539301,52684,52148,5484,57632,677
2021-03-23,Sutter,101,95872,9056,9039,79,9118,104
2021-03-23,Tehama,103,63373,4749,4707,498,5205,46
2021-03-23,Trinity,105,12862,475,310,80,390,3
2021-03-23,Tulare,107,460477,49152,48095,8375,56470,808
2021-03-23,Tuolumne,109,53932,3908,3957,38,3995,57
2021-03-23,Ventura,111,848112,79619,78930,2823,81753,932
2021-03-23,Yolo,113,214977,13286,13255,163,13418,194
2021-03-23,Yuba,115,75493,5689,5628,94,5722,42
2021-03-22,Alameda,001,1643700,83207,82748,1740,84488,1189
2021-03-22,Alpine,003,1148,84,83,0,83,0
2021-03-22,Amador,005,37829,3535,3522,31,3553,44
2021-03-22,Butte,007,227075,11616,11211,1650,12861,185
2021-03-22,Calaveras,009,45235,1986,1963,11,1974,49
2021-03-22,Colusa,011,21464,1885,1885,270,2155,13
2021-03-22,Contra Costa,013,1133247,65268,64432,1106,65538,740
2021-03-22,Del Norte,015,27424,1150,1082,7,1089,6
2021-03-22,El Dorado,017,186661,9390,9310,613,9923,105
2021-03-22,Fresno,019,978130,99256,98276,8071,106347,1556
2021-03-22,Glenn,021,27897,2328,2291,517,2808,17
2021-03-22,Humboldt,023,135768,3427,3403,24,3427,34
2021-03-22,Imperial,025,180216,27518,27302,2524,29826,699
2021-03-22,Inyo,027,18085,1368,1363,9,1372,35
2021-03-22,Kern,029,883053,95073,93675,10118,103793,1178
2021-03-22,Kings,031,150075,22717,22433,996,23429,236
2021-03-22,Lake,033,64148,3336,3290,8,3298,43
2021-03-22,Lassen,035,31185,5138,5129,99,5228,1
2021-03-22,Los Angeles,037,10098052,1186288,1176205,39196,1215401,22843
2021-03-22,Madera,039,155013,16040,15904,869,16773,210
2021-03-22,Marin,041,260295,13594,13501,186,13687,221
2021-03-22,Mariposa,043,17540,391,381,5,386,5
2021-03-22,Mendocino,045,87422,3741,3653,74,3727,45
2021-03-22,Merced,047,269075,29553,29468,962,30430,413
2021-03-22,Modoc,049,8938,348,342,118,460,3
2021-03-22,Mono,051,14174,1224,1263,16,1279,3
2021-03-22,Monterey,053,433212,42425,42161,1721,43882,335
2021-03-22,Napa,055,140530,9319,9288,31,9319,77
2021-03-22,Nevada,057,99092,4242,4174,170,4344,89
2021-03-22,Orange,059,3164182,250438,248517,10521,259038,4599
2021-03-22,Placer,061,380077,21375,20543,1198,21741,242
2021-03-22,Plumas,063,18699,666,652,10,662,4
2021-03-22,Riverside,065,2383286,288873,282242,13463,295705,4009
2021-03-22,Sacramento,067,1510023,97930,96385,1353,97738,1493
2021-03-22,San Benito,069,59416,5837,5844,89,5933,61
2021-03-22,San Bernardino,071,2135413,288616,284771,8646,293417,4107
2021-03-22,San Diego,073,3302833,269604,267913,13354,281267,3494
2021-03-22,San Francisco,075,870044,35045,35040,1159,36199,462
2021-03-22,San Joaquin,077,732212,69166,67815,2987,70802,1182
2021-03-22,San Luis Obispo,079,281455,20327,20000,608,20608,250
2021-03-22,San Mateo,081,765935,40469,40024,424,40448,348
2021-03-22,Santa Barbara,083,443738,33163,32756,1066,33822,437
2021-03-22,Santa Clara,085,1922200,113459,113575,627,114202,1845
2021-03-22,Santa Cruz,087,273765,15754,15077,783,15860,201
2021-03-22,Shasta,089,179085,11212,11218,1322,12540,150
2021-03-22,Sierra,091,2930,55,50,12,62,0
2021-03-22,Siskiyou,093,43540,1560,1487,248,1735,5
2021-03-22,Solano,095,438530,30624,30490,396,30886,171
2021-03-22,Sonoma,097,501317,28898,29010,248,29258,310
2021-03-22,Stanislaus,099,539301,52600,52083,5479,57562,677
2021-03-22,Sutter,101,95872,9043,9024,79,9103,104
2021-03-22,Tehama,103,63373,4741,4704,498,5202,45
2021-03-22,Trinity,105,12862,475,310,80,390,3
2021-03-22,Tulare,107,460477,49137,48074,8355,56429,807
2021-03-22,Tuolumne,109,53932,3905,3954,38,3992,57
2021-03-22,Ventura,111,848112,79573,78890,2820,81710,927
2021-03-22,Yolo,113,214977,13274,13243,162,13405,190
2021-03-22,Yuba,115,75493,5678,5627,92,5719,42
2021-03-21,Alameda,001,1643700,83120,82684,1737,84421,1187
2021-03-21,Alpine,003,1148,84,83,0,83,0
2021-03-21,Amador,005,37829,3531,3519,31,3550,44
2021-03-21,Butte,007,227075,11600,11208,1645,12853,185
2021-03-21,Calaveras,009,45235,1980,1962,11,1973,49
2021-03-21,Colusa,011,21464,1885,1885,270,2155,13
2021-03-21,Contra Costa,013,1133247,65186,64382,1102,65484,740
2021-03-21,Del Norte,015,27424,1135,1076,7,1083,6
2021-03-21,El Dorado,017,186661,9380,9302,608,9910,105
2021-03-21,Fresno,019,978130,99142,98211,8048,106259,1556
2021-03-21,Glenn,021,27897,2325,2288,516,2804,17
2021-03-21,Humboldt,023,135768,3422,3402,24,3426,34
2021-03-21,Imperial,025,180216,27501,27267,2519,29786,699
2021-03-21,Inyo,027,18085,1368,1363,9,1372,35
2021-03-21,Kern,029,883053,95007,93649,10109,103758,1170
2021-03-21,Kings,031,150075,22700,22422,996,23418,236
2021-03-21,Lake,033,64148,3332,3286,8,3294,43
2021-03-21,Lassen,035,31185,5138,5129,99,5228,1
2021-03-21,Los Angeles,037,10098052,1185752,1175684,39149,1214833,22834
2021-03-21,Madera,039,155013,16020,15895,867,16762,210
2021-03-21,Marin,041,260295,13578,13495,185,13680,220
2021-03-21,Mariposa,043,17540,391,381,5,386,5
2021-03-21,Mendocino,045,87422,3738,3651,74,3725,45
2021-03-21,Merced,047,269075,29493,29446,956,30402,413
2021-03-21,Modoc,049,8938,348,341,118,459,3
2021-03-21,Mono,051,14174,1219,1263,16,1279,3
2021-03-21,Monterey,053,433212,42400,42153,1718,43871,335
2021-03-21,Napa,055,140530,9298,9282,31,9313,77
2021-03-21,Nevada,057,99092,4229,4169,170,4339,89
2021-03-21,Orange,059,3164182,250305,248442,10494,258936,4598
2021-03-21,Placer,061,380077,21339,20520,1190,21710,242
2021-03-21,Plumas,063,18699,666,653,10,663,4
2021-03-21,Riverside,065,2383286,288765,282187,13452,295639,4009
2021-03-21,Sacramento,067,1510023,97736,96269,1346,97615,1489
2021-03-21,San Benito,069,59416,5831,5842,89,5931,61
2021-03-21,San Bernardino,071,2135413,288526,284732,8640,293372,4094
2021-03-21,San Diego,073,3302833,269344,267724,13328,281052,3494
2021-03-21,San Francisco,075,870044,34998,35012,1153,36165,460
2021-03-21,San Joaquin,077,732212,69044,67729,2969,70698,1182
2021-03-21,San Luis Obispo,079,281455,20295,19979,606,20585,250
2021-03-21,San Mateo,081,765935,40424,39988,423,40411,344
2021-03-21,Santa Barbara,083,443738,33124,32743,1065,33808,437
2021-03-21,Santa Clara,085,1922200,113329,113487,624,114111,1840
2021-03-21,Santa Cruz,087,273765,15747,15064,783,15847,199
2021-03-21,Shasta,089,179085,11192,11215,1321,12536,150
2021-03-21,Sierra,091,2930,55,50,12,62,0
2021-03-21,Siskiyou,093,43540,1560,1486,247,1733,5
2021-03-21,Solano,095,438530,30585,30474,393,30867,171
2021-03-21,Sonoma,097,501317,28869,28986,247,29233,310
2021-03-21,Stanislaus,099,539301,52510,52014,5477,57491,677
2021-03-21,Sutter,101,95872,9030,9021,79,9100,104
2021-03-21,Tehama,103,63373,4737,4701,498,5199,45
2021-03-21,Trinity,105,12862,473,310,80,390,3
2021-03-21,Tulare,107,460477,49121,48060,8343,56403,807
2021-03-21,Tuolumne,109,53932,3903,3953,38,3991,57
2021-03-21,Ventura,111,848112,79510,78863,2815,81678,927
2021-03-21,Yolo,113,214977,13252,13235,162,13397,190
2021-03-21,Yuba,115,75493,5668,5624,92,5716,42
2021-03-20,Alameda,001,1643700,83052,82614,1735,84349,1178
2021-03-20,Alpine,003,1148,84,83,0,83,0
2021-03-20,Amador,005,37829,3529,3518,31,3549,44
2021-03-20,Butte,007,227075,11594,11199,1643,12842,185
2021-03-20,Calaveras,009,45235,1976,1961,11,1972,49
2021-03-20,Colusa,011,21464,1885,1883,270,2153,12
2021-03-20,Contra Costa,013,1133247,65126,64313,1102,65415,713
2021-03-20,Del Norte,015,27424,1134,1075,7,1082,6
2021-03-20,El Dorado,017,186661,9374,9290,608,9898,105
2021-03-20,Fresno,019,978130,99082,98112,8041,106153,1532
2021-03-20,Glenn,021,27897,2324,2288,514,2802,17
2021-03-20,Humboldt,023,135768,3415,3399,24,3423,33
2021-03-20,Imperial,025,180216,27495,27239,2517,29756,695
2021-03-20,Inyo,027,18085,1368,1362,9,1371,35
2021-03-20,Kern,029,883053,94978,93606,10105,103711,1155
2021-03-20,Kings,031,150075,22695,22415,995,23410,236
2021-03-20,Lake,033,64148,3328,3280,8,3288,43
2021-03-20,Lassen,035,31185,5138,5128,99,5227,1
2021-03-20,Los Angeles,037,10098052,1185453,1175290,39125,1214415,22810
2021-03-20,Madera,039,155013,16012,15891,866,16757,210
2021-03-20,Marin,041,260295,13566,13470,181,13651,220
2021-03-20,Mariposa,043,17540,390,381,5,386,5
2021-03-20,Mendocino,045,87422,3737,3639,74,3713,43
2021-03-20,Merced,047,269075,29462,29411,953,30364,412
2021-03-20,Modoc,049,8938,347,341,118,459,3
2021-03-20,Mono,051,14174,1219,1256,16,1272,3
2021-03-20,Monterey,053,433212,42391,42146,1717,43863,334
2021-03-20,Napa,055,140530,9290,9274,31,9305,77
2021-03-20,Nevada,057,99092,4218,4164,169,4333,89
2021-03-20,Orange,059,3164182,250224,248348,10483,258831,4522
2021-03-20,Placer,061,380077,21316,20505,1188,21693,242
2021-03-20,Plumas,063,18699,663,652,10,662,4
2021-03-20,Riverside,065,2383286,288690,282081,13448,295529,4000
2021-03-20,Sacramento,067,1510023,97625,96126,1343,97469,1488
2021-03-20,San Benito,069,59416,5827,5840,89,5929,61
2021-03-20,San Bernardino,071,2135413,288460,284690,8636,293326,3965
2021-03-20,San Diego,073,3302833,269173,267532,13321,280853,3493
2021-03-20,San Francisco,075,870044,34975,34968,1146,36114,453
2021-03-20,San Joaquin,077,732212,69003,67662,2962,70624,1161
2021-03-20,San Luis Obispo,079,281455,20279,19951,600,20551,250
2021-03-20,San Mateo,081,765935,40390,39958,422,40380,344
2021-03-20,Santa Barbara,083,443738,33099,32723,1064,33787,434
2021-03-20,Santa Clara,085,1922200,113237,113384,623,114007,1799
2021-03-20,Santa Cruz,087,273765,15731,15053,783,15836,199
2021-03-20,Shasta,089,179085,11186,11211,1321,12532,147
2021-03-20,Sierra,091,2930,55,50,12,62,0
2021-03-20,Siskiyou,093,43540,1560,1483,247,1730,5
2021-03-20,Solano,095,438530,30555,30439,393,30832,170
2021-03-20,Sonoma,097,501317,28854,28962,247,29209,309
2021-03-20,Stanislaus,099,539301,52454,51925,5470,57395,673
2021-03-20,Sutter,101,95872,9022,9014,79,9093,103
2021-03-20,Tehama,103,63373,4732,4696,496,5192,33
2021-03-20,Trinity,105,12862,472,310,80,390,3
2021-03-20,Tulare,107,460477,49106,48030,8326,56356,804
2021-03-20,Tuolumne,109,53932,3900,3950,38,3988,57
2021-03-20,Ventura,111,848112,79475,78818,2813,81631,922
2021-03-20,Yolo,113,214977,13248,13226,162,13388,190
2021-03-20,Yuba,115,75493,5665,5621,91,5712,42
2021-03-19,Alameda,001,1643700,82980,82499,1734,84233,1187
2021-03-19,Alpine,003,1148,83,82,0,82,0
2021-03-19,Amador,005,37829,3526,3515,31,3546,44
2021-03-19,Butte,007,227075,11586,11191,1640,12831,185
2021-03-19,Calaveras,009,45235,1975,1957,11,1968,49
2021-03-19,Colusa,011,21464,1884,1883,270,2153,12
2021-03-19,Contra Costa,013,1133247,65067,64195,1099,65294,737
2021-03-19,Del Norte,015,27424,1128,1071,5,1076,6
2021-03-19,El Dorado,017,186661,9365,9274,608,9882,105
2021-03-19,Fresno,019,978130,98998,97969,8028,105997,1527
2021-03-19,Glenn,021,27897,2324,2282,514,2796,17
2021-03-19,Humboldt,023,135768,3406,3388,24,3412,33
2021-03-19,Imperial,025,180216,27483,27218,2514,29732,695
2021-03-19,Inyo,027,18085,1366,1356,9,1365,35
2021-03-19,Kern,029,883053,94945,93534,10092,103626,1152
2021-03-19,Kings,031,150075,22686,22369,992,23361,235
2021-03-19,Lake,033,64148,3322,3262,8,3270,43
2021-03-19,Lassen,035,31185,5138,5126,99,5225,1
2021-03-19,Los Angeles,037,10098052,1185113,1174818,39108,1213926,22752
2021-03-19,Madera,039,155013,16005,15877,865,16742,210
2021-03-19,Marin,041,260295,13554,13441,181,13622,220
2021-03-19,Mariposa,043,17540,389,380,5,385,5
2021-03-19,Mendocino,045,87422,3736,3639,74,3713,45
2021-03-19,Merced,047,269075,29435,29376,951,30327,412
2021-03-19,Modoc,049,8938,347,341,118,459,3
2021-03-19,Mono,051,14174,1217,1244,16,1260,3
2021-03-19,Monterey,053,433212,42382,42125,1715,43840,335
2021-03-19,Napa,055,140530,9278,9256,31,9287,77
2021-03-19,Nevada,057,99092,4207,4156,169,4325,88
2021-03-19,Orange,059,3164182,250124,248146,10474,258620,4501
2021-03-19,Placer,061,380077,21298,20451,1186,21637,242
2021-03-19,Plumas,063,18699,663,650,10,660,4
2021-03-19,Riverside,065,2383286,288607,281937,13443,295380,3989
2021-03-19,Sacramento,067,1510023,97522,95934,1340,97274,1486
2021-03-19,San Benito,069,59416,5827,5845,89,5934,61
2021-03-19,San Bernardino,071,2135413,288389,284501,8634,293135,4017
2021-03-19,San Diego,073,3302833,269038,267173,13311,280484,3491
2021-03-19,San Francisco,075,870044,34930,34936,1143,36079,461
2021-03-19,San Joaquin,077,732212,68933,67515,2948,70463,1180
2021-03-19,San Luis Obispo,079,281455,20259,19913,598,20511,249
2021-03-19,San Mateo,081,765935,40366,39893,422,40315,344
2021-03-19,Santa Barbara,083,443738,33069,32685,1063,33748,435
2021-03-19,Santa Clara,085,1922200,113162,113232,622,113854,1797
2021-03-19,Santa Cruz,087,273765,15724,15026,783,15809,199
2021-03-19,Shasta,089,179085,11179,11104,1319,12423,103
2021-03-19,Sierra,091,2930,54,49,12,61,0
2021-03-19,Siskiyou,093,43540,1560,1480,246,1726,5
2021-03-19,Solano,095,438530,30525,30395,391,30786,172
2021-03-19,Sonoma,097,501317,28833,28932,245,29177,292
2021-03-19,Stanislaus,099,539301,52396,51755,5467,57222,679
2021-03-19,Sutter,101,95872,9020,9005,79,9084,103
2021-03-19,Tehama,103,63373,4725,4685,496,5181,33
2021-03-19,Trinity,105,12862,472,310,80,390,3
2021-03-19,Tulare,107,460477,49083,47989,8303,56292,805
2021-03-19,Tuolumne,109,53932,3897,3946,38,3984,57
2021-03-19,Ventura,111,848112,79442,78753,2809,81562,920
2021-03-19,Yolo,113,214977,13240,13197,162,13359,189
2021-03-19,Yuba,115,75493,5662,5615,90,5705,42
2021-03-18,Alameda,001,1643700,82899,82419,1731,84150,1189
2021-03-18,Alpine,003,1148,83,82,0,82,0
2021-03-18,Amador,005,37829,3522,3513,31,3544,44
2021-03-18,Butte,007,227075,11575,11179,1638,12817,185
2021-03-18,Calaveras,009,45235,1973,1954,11,1965,49
2021-03-18,Colusa,011,21464,1884,1882,270,2152,12
2021-03-18,Contra Costa,013,1133247,64994,64103,1096,65199,739
2021-03-18,Del Norte,015,27424,1119,1059,5,1064,6
2021-03-18,El Dorado,017,186661,9352,9261,607,9868,105
2021-03-18,Fresno,019,978130,98901,97856,8013,105869,1527
2021-03-18,Glenn,021,27897,2320,2275,513,2788,17
2021-03-18,Humboldt,023,135768,3398,3381,24,3405,34
2021-03-18,Imperial,025,180216,27468,27190,2509,29699,695
2021-03-18,Inyo,027,18085,1363,1354,9,1363,35
2021-03-18,Kern,029,883053,94888,93458,10078,103536,1158
2021-03-18,Kings,031,150075,22679,22354,991,23345,235
2021-03-18,Lake,033,64148,3319,3260,8,3268,43
2021-03-18,Lassen,035,31185,5137,5126,99,5225,1
2021-03-18,Los Angeles,037,10098052,1184680,1174205,39079,1213284,22689
2021-03-18,Madera,039,155013,15993,15860,862,16722,211
2021-03-18,Marin,041,260295,13536,13435,180,13615,219
2021-03-18,Mariposa,043,17540,387,380,5,385,5
2021-03-18,Mendocino,045,87422,3726,3630,74,3704,45
2021-03-18,Merced,047,269075,29400,29317,951,30268,410
2021-03-18,Modoc,049,8938,347,341,118,459,3
2021-03-18,Mono,051,14174,1213,1215,15,1230,3
2021-03-18,Monterey,053,433212,42370,42105,1715,43820,335
2021-03-18,Napa,055,140530,9269,9243,31,9274,77
2021-03-18,Nevada,057,99092,4200,4154,169,4323,74
2021-03-18,Orange,059,3164182,250021,248050,10461,258511,4514
2021-03-18,Placer,061,380077,21266,20421,1183,21604,243
2021-03-18,Plumas,063,18699,661,648,10,658,4
2021-03-18,Riverside,065,2383286,288526,281789,13436,295225,3957
2021-03-18,Sacramento,067,1510023,97374,95819,1336,97155,1481
2021-03-18,San Benito,069,59416,5825,5842,89,5931,61
2021-03-18,San Bernardino,071,2135413,288306,284294,8604,292898,4076
2021-03-18,San Diego,073,3302833,268885,266752,13301,280053,3478
2021-03-18,San Francisco,075,870044,34891,34904,1142,36046,461
2021-03-18,San Joaquin,077,732212,68833,67301,2936,70237,1169
2021-03-18,San Luis Obispo,079,281455,20230,19894,597,20491,249
2021-03-18,San Mateo,081,765935,40325,39874,422,40296,344
2021-03-18,Santa Barbara,083,443738,33028,32640,1063,33703,434
2021-03-18,Santa Clara,085,1922200,113045,113119,618,113737,1808
2021-03-18,Santa Cruz,087,273765,15714,14998,783,15781,198
2021-03-18,Shasta,089,179085,11165,11059,1317,12376,100
2021-03-18,Sierra,091,2930,54,49,12,61,0
2021-03-18,Siskiyou,093,43540,1557,1480,245,1725,5
2021-03-18,Solano,095,438530,30483,30352,388,30740,172
2021-03-18,Sonoma,097,501317,28812,28915,243,29158,292
2021-03-18,Stanislaus,099,539301,52324,51615,5463,57078,682
2021-03-18,Sutter,101,95872,9008,8999,79,9078,103
2021-03-18,Tehama,103,63373,4719,4683,495,5178,35
2021-03-18,Trinity,105,12862,472,310,80,390,3
2021-03-18,Tulare,107,460477,49064,47964,8288,56252,805
2021-03-18,Tuolumne,109,53932,3896,3942,38,3980,57
2021-03-18,Ventura,111,848112,79382,78697,2809,81506,918
2021-03-18,Yolo,113,214977,13227,13183,162,13345,191
2021-03-18,Yuba,115,75493,5658,5612,90,5702,42
2021-03-17,Alameda,001,1643700,82823,82353,1726,84079,1185
2021-03-17,Alpine,003,1148,83,82,0,82,0
2021-03-17,Amador,005,37829,3520,3511,31,3542,44
2021-03-17,Butte,007,227075,11566,11170,1636,12806,185
2021-03-17,Calaveras,009,45235,1970,1946,11,1957,49
2021-03-17,Colusa,011,21464,1883,1882,270,2152,12
2021-03-17,Contra Costa,013,1133247,64925,64026,1095,65121,737
2021-03-17,Del Norte,015,27424,1115,1053,5,1058,6
2021-03-17,El Dorado,017,186661,9342,9252,607,9859,105
2021-03-17,Fresno,019,978130,98790,97727,7995,105722,1507
2021-03-17,Glenn,021,27897,2313,2269,512,2781,17
2021-03-17,Humboldt,023,135768,3390,3365,24,3389,33
2021-03-17,Imperial,025,180216,27451,27168,2506,29674,691
2021-03-17,Inyo,027,18085,1361,1351,9,1360,35
2021-03-17,Kern,029,883053,94832,93392,10065,103457,1149
2021-03-17,Kings,031,150075,22663,22336,990,23326,233
2021-03-17,Lake,033,64148,3312,3251,8,3259,43
2021-03-17,Lassen,035,31185,5136,5125,99,5224,1
2021-03-17,Los Angeles,037,10098052,1184226,1173416,39046,1212462,22602
2021-03-17,Madera,039,155013,15986,15835,862,16697,214
2021-03-17,Marin,041,260295,13519,13428,179,13607,218
2021-03-17,Mariposa,043,17540,387,379,5,384,5
2021-03-17,Mendocino,045,87422,3722,3625,74,3699,44
2021-03-17,Merced,047,269075,29372,29250,947,30197,408
2021-03-17,Modoc,049,8938,347,341,118,459,3
2021-03-17,Mono,051,14174,1211,1212,15,1227,3
2021-03-17,Monterey,053,433212,42352,42061,1712,43773,334
2021-03-17,Napa,055,140530,9254,9219,31,9250,76
2021-03-17,Nevada,057,99092,4190,4145,169,4314,74
2021-03-17,Orange,059,3164182,249902,247943,10433,258376,4502
2021-03-17,Placer,061,380077,21238,20369,1182,21551,243
2021-03-17,Plumas,063,18699,660,645,10,655,4
2021-03-17,Riverside,065,2383286,288411,281649,13428,295077,3925
2021-03-17,Sacramento,067,1510023,97246,95650,1331,96981,1477
2021-03-17,San Benito,069,59416,5822,5841,89,5930,61
2021-03-17,San Bernardino,071,2135413,288188,284170,8599,292769,4049
2021-03-17,San Diego,073,3302833,268674,266313,13283,279596,3470
2021-03-17,San Francisco,075,870044,34856,34873,1141,36014,457
2021-03-17,San Joaquin,077,732212,68748,67093,2920,70013,1164
2021-03-17,San Luis Obispo,079,281455,20207,19858,593,20451,249
2021-03-17,San Mateo,081,765935,40295,39838,421,40259,344
2021-03-17,Santa Barbara,083,443738,33006,32585,1062,33647,433
2021-03-17,Santa Clara,085,1922200,112952,112983,617,113600,1805
2021-03-17,Santa Cruz,087,273765,15706,14967,783,15750,199
2021-03-17,Shasta,089,179085,11160,11045,1314,12359,100
2021-03-17,Sierra,091,2930,54,49,12,61,0
2021-03-17,Siskiyou,093,43540,1556,1479,244,1723,5
2021-03-17,Solano,095,438530,30457,30320,386,30706,171
2021-03-17,Sonoma,097,501317,28788,28877,242,29119,292
2021-03-17,Stanislaus,099,539301,52249,51524,5456,56980,682
2021-03-17,Sutter,101,95872,8998,8982,79,9061,103
2021-03-17,Tehama,103,63373,4714,4670,495,5165,34
2021-03-17,Trinity,105,12862,472,308,80,388,3
2021-03-17,Tulare,107,460477,49044,47929,8278,56207,805
2021-03-17,Tuolumne,109,53932,3893,3938,38,3976,57
2021-03-17,Ventura,111,848112,79326,78648,2806,81454,916
2021-03-17,Yolo,113,214977,13210,13169,162,13331,190
2021-03-17,Yuba,115,75493,5655,5603,90,5693,42
2021-03-16,Alameda,001,1643700,82712,82259,1724,83983,1177
2021-03-16,Alpine,003,1148,83,82,0,82,0
2021-03-16,Amador,005,37829,3518,3510,31,3541,44
2021-03-16,Butte,007,227075,11554,11154,1635,12789,184
2021-03-16,Calaveras,009,45235,1965,1945,11,1956,49
2021-03-16,Colusa,011,21464,1882,1882,270,2152,12
2021-03-16,Contra Costa,013,1133247,64842,63951,1092,65043,736
2021-03-16,Del Norte,015,27424,1107,1048,5,1053,6
2021-03-16,El Dorado,017,186661,9327,9249,607,9856,105
2021-03-16,Fresno,019,978130,98652,97638,7975,105613,1498
2021-03-16,Glenn,021,27897,2305,2267,508,2775,17
2021-03-16,Humboldt,023,135768,3386,3351,24,3375,33
2021-03-16,Imperial,025,180216,27440,27143,2503,29646,689
2021-03-16,Inyo,027,18085,1360,1346,9,1355,35
2021-03-16,Kern,029,883053,94766,93340,10050,103390,1144
2021-03-16,Kings,031,150075,22627,22320,989,23309,233
2021-03-16,Lake,033,64148,3304,3246,8,3254,43
2021-03-16,Lassen,035,31185,5135,5126,99,5225,1
2021-03-16,Los Angeles,037,10098052,1183693,1172676,39008,1211684,22527
2021-03-16,Madera,039,155013,15970,15822,860,16682,214
2021-03-16,Marin,041,260295,13501,13419,179,13598,218
2021-03-16,Mariposa,043,17540,384,379,5,384,5
2021-03-16,Mendocino,045,87422,3717,3623,74,3697,44
2021-03-16,Merced,047,269075,29319,29198,946,30144,407
2021-03-16,Modoc,049,8938,347,341,118,459,3
2021-03-16,Mono,051,14174,1210,1207,15,1222,3
2021-03-16,Monterey,053,433212,42333,42023,1712,43735,334
2021-03-16,Napa,055,140530,9244,9209,31,9240,75
2021-03-16,Nevada,057,99092,4181,4132,168,4300,67
2021-03-16,Orange,059,3164182,249763,247843,10414,258257,4479
2021-03-16,Placer,061,380077,21206,20339,1178,21517,240
2021-03-16,Plumas,063,18699,659,643,10,653,4
2021-03-16,Riverside,065,2383286,288297,281540,13416,294956,3893
2021-03-16,Sacramento,067,1510023,97103,95522,1327,96849,1466
2021-03-16,San Benito,069,59416,5817,5831,89,5920,61
2021-03-16,San Bernardino,071,2135413,288058,283980,8592,292572,4032
2021-03-16,San Diego,073,3302833,268442,265903,13270,279173,3462
2021-03-16,San Francisco,075,870044,34827,34833,1136,35969,456
2021-03-16,San Joaquin,077,732212,68646,66856,2908,69764,1163
2021-03-16,San Luis Obispo,079,281455,20177,19832,591,20423,248
2021-03-16,San Mateo,081,765935,40261,39806,419,40225,344
2021-03-16,Santa Barbara,083,443738,32974,32556,1061,33617,433
2021-03-16,Santa Clara,085,1922200,112834,112845,614,113459,1797
2021-03-16,Santa Cruz,087,273765,15700,14926,783,15709,199
2021-03-16,Shasta,089,179085,11144,11035,1312,12347,100
2021-03-16,Sierra,091,2930,53,49,12,61,0
2021-03-16,Siskiyou,093,43540,1553,1477,244,1721,5
2021-03-16,Solano,095,438530,30423,30298,384,30682,171
2021-03-16,Sonoma,097,501317,28755,28850,240,29090,291
2021-03-16,Stanislaus,099,539301,52169,51410,5449,56859,683
2021-03-16,Sutter,101,95872,8990,8970,79,9049,102
2021-03-16,Tehama,103,63373,4711,4660,494,5154,34
2021-03-16,Trinity,105,12862,472,308,79,387,3
2021-03-16,Tulare,107,460477,48996,47895,8270,56165,803
2021-03-16,Tuolumne,109,53932,3890,3938,38,3976,57
2021-03-16,Ventura,111,848112,79260,78671,2799,81470,916
2021-03-16,Yolo,113,214977,13195,13162,162,13324,190
2021-03-16,Yuba,115,75493,5652,5596,89,5685,42
2021-03-15,Alameda,001,1643700,82623,82159,1724,83883,1167
2021-03-15,Alpine,003,1148,83,82,0,82,0
2021-03-15,Amador,005,37829,3517,3506,31,3537,44
2021-03-15,Butte,007,227075,11541,11141,1631,12772,185
2021-03-15,Calaveras,009,45235,1964,1941,11,1952,49
2021-03-15,Colusa,011,21464,1882,1883,270,2153,12
2021-03-15,Contra Costa,013,1133247,64780,63847,1091,64938,732
2021-03-15,Del Norte,015,27424,1104,1048,5,1053,6
2021-03-15,El Dorado,017,186661,9321,9235,607,9842,103
2021-03-15,Fresno,019,978130,98525,97520,7960,105480,1496
2021-03-15,Glenn,021,27897,2300,2261,505,2766,15
2021-03-15,Humboldt,023,135768,3380,3337,24,3361,32
2021-03-15,Imperial,025,180216,27420,27122,2500,29622,684
2021-03-15,Inyo,027,18085,1360,1346,9,1355,35
2021-03-15,Kern,029,883053,94706,93266,10043,103309,1141
2021-03-15,Kings,031,150075,22610,22294,983,23277,233
2021-03-15,Lake,033,64148,3292,3237,8,3245,43
2021-03-15,Lassen,035,31185,5135,5125,99,5224,1
2021-03-15,Los Angeles,037,10098052,1183122,1172445,38976,1211421,22477
2021-03-15,Madera,039,155013,15959,15806,858,16664,214
2021-03-15,Marin,041,260295,13495,13408,178,13586,218
2021-03-15,Mariposa,043,17540,384,376,5,381,5
2021-03-15,Mendocino,045,87422,3713,3615,74,3689,44
2021-03-15,Merced,047,269075,29281,29169,944,30113,407
2021-03-15,Modoc,049,8938,347,340,118,458,3
2021-03-15,Mono,051,14174,1209,1206,15,1221,3
2021-03-15,Monterey,053,433212,42304,42011,1709,43720,333
2021-03-15,Napa,055,140530,9233,9196,31,9227,75
2021-03-15,Nevada,057,99092,4176,4123,167,4290,66
2021-03-15,Orange,059,3164182,249650,247697,10395,258092,4481
2021-03-15,Placer,061,380077,21183,20308,1178,21486,238
2021-03-15,Plumas,063,18699,659,642,10,652,4
2021-03-15,Riverside,065,2383286,288145,281367,13406,294773,3856
2021-03-15,Sacramento,067,1510023,96950,95414,1321,96735,1463
2021-03-15,San Benito,069,59416,5814,5831,89,5920,61
2021-03-15,San Bernardino,071,2135413,287967,283815,8584,292399,4004
2021-03-15,San Diego,073,3302833,268193,265646,13254,278900,3452
2021-03-15,San Francisco,075,870044,34792,34820,1132,35952,456
2021-03-15,San Joaquin,077,732212,68543,66622,2896,69518,1140
2021-03-15,San Luis Obispo,079,281455,20146,19813,587,20400,247
2021-03-15,San Mateo,081,765935,40207,39765,419,40184,344
2021-03-15,Santa Barbara,083,443738,32951,32529,1058,33587,431
2021-03-15,Santa Clara,085,1922200,112733,112729,612,113341,1798
2021-03-15,Santa Cruz,087,273765,15694,14899,782,15681,200
2021-03-15,Shasta,089,179085,11128,11019,1307,12326,92
2021-03-15,Sierra,091,2930,53,49,12,61,0
2021-03-15,Siskiyou,093,43540,1553,1475,244,1719,5
2021-03-15,Solano,095,438530,30394,30258,383,30641,171
2021-03-15,Sonoma,097,501317,28737,28814,237,29051,285
2021-03-15,Stanislaus,099,539301,52090,51357,5442,56799,683
2021-03-15,Sutter,101,95872,8984,8962,79,9041,102
2021-03-15,Tehama,103,63373,4696,4650,493,5143,34
2021-03-15,Trinity,105,12862,472,308,79,387,3
2021-03-15,Tulare,107,460477,48966,47857,8255,56112,800
2021-03-15,Tuolumne,109,53932,3888,3937,37,3974,57
2021-03-15,Ventura,111,848112,79204,78626,2798,81424,910
2021-03-15,Yolo,113,214977,13176,13131,162,13293,190
2021-03-15,Yuba,115,75493,5647,5585,88,5673,42
2021-03-14,Alameda,001,1643700,82538,82116,1721,83837,1168
2021-03-14,Alpine,003,1148,83,82,0,82,0
2021-03-14,Amador,005,37829,3512,3504,31,3535,44
2021-03-14,Butte,007,227075,11528,11140,1627,12767,185
2021-03-14,Calaveras,009,45235,1960,1939,11,1950,49
2021-03-14,Colusa,011,21464,1882,1883,270,2153,12
2021-03-14,Contra Costa,013,1133247,64676,63808,1090,64898,731
2021-03-14,Del Norte,015,27424,1090,1048,5,1053,6
2021-03-14,El Dorado,017,186661,9311,9231,607,9838,103
2021-03-14,Fresno,019,978130,98416,97461,7942,105403,1496
2021-03-14,Glenn,021,27897,2295,2260,502,2762,15
2021-03-14,Humboldt,023,135768,3366,3335,24,3359,32
2021-03-14,Imperial,025,180216,27405,27122,2495,29617,685
2021-03-14,Inyo,027,18085,1356,1346,9,1355,35
2021-03-14,Kern,029,883053,94623,93252,10025,103277,1141
2021-03-14,Kings,031,150075,22591,22292,981,23273,232
2021-03-14,Lake,033,64148,3287,3237,8,3245,43
2021-03-14,Lassen,035,31185,5133,5125,99,5224,1
2021-03-14,Los Angeles,037,10098052,1182547,1172100,38944,1211044,22476
2021-03-14,Madera,039,155013,15934,15804,858,16662,214
2021-03-14,Marin,041,260295,13479,13405,176,13581,218
2021-03-14,Mariposa,043,17540,382,376,5,381,5
2021-03-14,Mendocino,045,87422,3708,3613,74,3687,44
2021-03-14,Merced,047,269075,29213,29149,940,30089,407
2021-03-14,Modoc,049,8938,347,340,118,458,3
2021-03-14,Mono,051,14174,1203,1206,15,1221,3
2021-03-14,Monterey,053,433212,42280,42007,1706,43713,333
2021-03-14,Napa,055,140530,9215,9194,31,9225,75
2021-03-14,Nevada,057,99092,4170,4122,165,4287,66
2021-03-14,Orange,059,3164182,249516,247656,10375,258031,4460
2021-03-14,Placer,061,380077,21148,20288,1170,21458,238
2021-03-14,Plumas,063,18699,657,642,10,652,4
2021-03-14,Riverside,065,2383286,287987,281332,13398,294730,3845
2021-03-14,Sacramento,067,1510023,96772,95343,1316,96659,1462
2021-03-14,San Benito,069,59416,5805,5829,89,5918,61
2021-03-14,San Bernardino,071,2135413,287844,283791,8573,292364,3996
2021-03-14,San Diego,073,3302833,267958,265468,13241,278709,3452
2021-03-14,San Francisco,075,870044,34753,34810,1129,35939,455
2021-03-14,San Joaquin,077,732212,68415,66563,2879,69442,1140
2021-03-14,San Luis Obispo,079,281455,20118,19806,585,20391,247
2021-03-14,San Mateo,081,765935,40168,39744,419,40163,342
2021-03-14,Santa Barbara,083,443738,32907,32514,1056,33570,431
2021-03-14,Santa Clara,085,1922200,112605,112648,611,113259,1796
2021-03-14,Santa Cruz,087,273765,15678,14887,780,15667,200
2021-03-14,Shasta,089,179085,11112,11019,1300,12319,92
2021-03-14,Sierra,091,2930,53,49,12,61,0
2021-03-14,Siskiyou,093,43540,1550,1473,244,1717,5
2021-03-14,Solano,095,438530,30362,30230,378,30608,171
2021-03-14,Sonoma,097,501317,28702,28798,233,29031,284
2021-03-14,Stanislaus,099,539301,51970,51306,5434,56740,690
2021-03-14,Sutter,101,95872,8968,8958,79,9037,102
2021-03-14,Tehama,103,63373,4689,4650,492,5142,34
2021-03-14,Trinity,105,12862,471,308,78,386,3
2021-03-14,Tulare,107,460477,48933,47845,8234,56079,800
2021-03-14,Tuolumne,109,53932,3886,3937,37,3974,57
2021-03-14,Ventura,111,848112,79156,78611,2792,81403,910
2021-03-14,Yolo,113,214977,13153,13128,159,13287,189
2021-03-14,Yuba,115,75493,5637,5583,88,5671,42
2021-03-13,Alameda,001,1643700,82478,82010,1721,83731,1168
2021-03-13,Alpine,003,1148,83,82,0,82,0
2021-03-13,Amador,005,37829,3509,3504,31,3535,44
2021-03-13,Butte,007,227075,11519,11131,1626,12757,185
2021-03-13,Calaveras,009,45235,1959,1939,11,1950,49
2021-03-13,Colusa,011,21464,1882,1882,270,2152,12
2021-03-13,Contra Costa,013,1133247,64615,63689,1090,64779,731
2021-03-13,Del Norte,015,27424,1086,1041,5,1046,6
2021-03-13,El Dorado,017,186661,9303,9221,607,9828,103
2021-03-13,Fresno,019,978130,98357,97324,7922,105246,1495
2021-03-13,Glenn,021,27897,2294,2260,501,2761,15
2021-03-13,Humboldt,023,135768,3359,3325,24,3349,32
2021-03-13,Imperial,025,180216,27399,27099,2491,29590,677
2021-03-13,Inyo,027,18085,1355,1344,9,1353,35
2021-03-13,Kern,029,883053,94584,93197,10019,103216,1140
2021-03-13,Kings,031,150075,22575,22265,980,23245,232
2021-03-13,Lake,033,64148,3280,3234,7,3241,43
2021-03-13,Lassen,035,31185,5133,5125,99,5224,1
2021-03-13,Los Angeles,037,10098052,1182229,1171505,38902,1210407,22451
2021-03-13,Madera,039,155013,15922,15780,858,16638,214
2021-03-13,Marin,041,260295,13473,13391,174,13565,218
2021-03-13,Mariposa,043,17540,381,376,5,381,5
2021-03-13,Mendocino,045,87422,3704,3611,74,3685,44
2021-03-13,Merced,047,269075,29182,29106,940,30046,406
2021-03-13,Modoc,049,8938,347,340,117,457,3
2021-03-13,Mono,051,14174,1203,1207,15,1222,3
2021-03-13,Monterey,053,433212,42270,41989,1704,43693,332
2021-03-13,Napa,055,140530,9209,9190,31,9221,75
2021-03-13,Nevada,057,99092,4163,4111,164,4275,66
2021-03-13,Orange,059,3164182,249435,247514,10359,257873,4423
2021-03-13,Placer,061,380077,21127,20238,1167,21405,239
2021-03-13,Plumas,063,18699,655,642,10,652,4
2021-03-13,Riverside,065,2383286,287895,281191,13390,294581,3848
2021-03-13,Sacramento,067,1510023,96686,95192,1314,96506,1461
2021-03-13,San Benito,069,59416,5802,5823,89,5912,61
2021-03-13,San Bernardino,071,2135413,287790,283727,8567,292294,3972
2021-03-13,San Diego,073,3302833,267803,265270,13227,278497,3444
2021-03-13,San Francisco,075,870044,34736,34784,1120,35904,455
2021-03-13,San Joaquin,077,732212,68359,66480,2857,69337,1141
2021-03-13,San Luis Obispo,079,281455,20100,19789,584,20373,247
2021-03-13,San Mateo,081,765935,40141,39689,418,40107,341
2021-03-13,Santa Barbara,083,443738,32882,32486,1055,33541,431
2021-03-13,Santa Clara,085,1922200,112520,112531,610,113141,1790
2021-03-13,Santa Cruz,087,273765,15671,14875,780,15655,199
2021-03-13,Shasta,089,179085,11104,11021,1297,12318,108
2021-03-13,Sierra,091,2930,52,49,12,61,0
2021-03-13,Siskiyou,093,43540,1548,1470,244,1714,5
2021-03-13,Solano,095,438530,30345,30198,378,30576,171
2021-03-13,Sonoma,097,501317,28682,28762,229,28991,285
2021-03-13,Stanislaus,099,539301,51919,51257,5430,56687,695
2021-03-13,Sutter,101,95872,8961,8948,79,9027,102
2021-03-13,Tehama,103,63373,4687,4647,492,5139,33
2021-03-13,Trinity,105,12862,471,306,78,384,3
2021-03-13,Tulare,107,460477,48907,47818,8226,56044,798
2021-03-13,Tuolumne,109,53932,3883,3937,37,3974,57
2021-03-13,Ventura,111,848112,79104,78693,2792,81485,906
2021-03-13,Yolo,113,214977,13144,13087,159,13246,189
2021-03-13,Yuba,115,75493,5636,5577,88,5665,42
2021-03-12,Alameda,001,1643700,82401,81898,1720,83618,1164
2021-03-12,Alpine,003,1148,83,82,0,82,0
2021-03-12,Amador,005,37829,3506,3503,31,3534,44
2021-03-12,Butte,007,227075,11509,11126,1624,12750,184
2021-03-12,Calaveras,009,45235,1959,1916,11,1927,49
2021-03-12,Colusa,011,21464,1882,1883,270,2153,12
2021-03-12,Contra Costa,013,1133247,64539,63583,1090,64673,728
2021-03-12,Del Norte,015,27424,1080,1033,5,1038,6
2021-03-12,El Dorado,017,186661,9294,9219,607,9826,103
2021-03-12,Fresno,019,978130,98260,97185,7911,105096,1489
2021-03-12,Glenn,021,27897,2293,2258,500,2758,15
2021-03-12,Humboldt,023,135768,3354,3315,24,3339,32
2021-03-12,Imperial,025,180216,27388,27071,2489,29560,677
2021-03-12,Inyo,027,18085,1353,1339,9,1348,35
2021-03-12,Kern,029,883053,94550,93142,10003,103145,1132
2021-03-12,Kings,031,150075,22556,22233,980,23213,232
2021-03-12,Lake,033,64148,3274,3226,6,3232,43
2021-03-12,Lassen,035,31185,5133,5125,98,5223,1
2021-03-12,Los Angeles,037,10098052,1181834,1170860,38885,1209745,22409
2021-03-12,Madera,039,155013,15910,15761,855,16616,214
2021-03-12,Marin,041,260295,13466,13375,174,13549,218
2021-03-12,Mariposa,043,17540,379,376,5,381,5
2021-03-12,Mendocino,045,87422,3701,3605,74,3679,43
2021-03-12,Merced,047,269075,29151,29064,940,30004,403
2021-03-12,Modoc,049,8938,347,340,117,457,3
2021-03-12,Mono,051,14174,1202,1206,15,1221,3
2021-03-12,Monterey,053,433212,42256,41964,1699,43663,329
2021-03-12,Napa,055,140530,9200,9180,31,9211,75
2021-03-12,Nevada,057,99092,4153,4101,164,4265,66
2021-03-12,Orange,059,3164182,249343,247388,10348,257736,4401
2021-03-12,Placer,061,380077,21094,20210,1162,21372,239
2021-03-12,Plumas,063,18699,654,641,10,651,4
2021-03-12,Riverside,065,2383286,287796,281037,13383,294420,3854
2021-03-12,Sacramento,067,1510023,96562,95061,1308,96369,1460
2021-03-12,San Benito,069,59416,5799,5817,89,5906,61
2021-03-12,San Bernardino,071,2135413,287734,283558,8562,292120,3917
2021-03-12,San Diego,073,3302833,267640,264886,13219,278105,3434
2021-03-12,San Francisco,075,870044,34715,34758,1117,35875,452
2021-03-12,San Joaquin,077,732212,68288,66482,2848,69330,1144
2021-03-12,San Luis Obispo,079,281455,20087,19769,582,20351,247
2021-03-12,San Mateo,081,765935,40105,39638,416,40054,341
2021-03-12,Santa Barbara,083,443738,32859,32457,1052,33509,429
2021-03-12,Santa Clara,085,1922200,112425,112396,609,113005,1766
2021-03-12,Santa Cruz,087,273765,15659,14846,778,15624,195
2021-03-12,Shasta,089,179085,11095,11143,1295,12438,153
2021-03-12,Sierra,091,2930,52,49,12,61,0
2021-03-12,Siskiyou,093,43540,1548,1468,243,1711,5
2021-03-12,Solano,095,438530,30326,30180,377,30557,171
2021-03-12,Sonoma,097,501317,28655,28714,229,28943,285
2021-03-12,Stanislaus,099,539301,51860,51146,5424,56570,701
2021-03-12,Sutter,101,95872,8955,8940,79,9019,101
2021-03-12,Tehama,103,63373,4683,4638,491,5129,33
2021-03-12,Trinity,105,12862,470,306,78,384,3
2021-03-12,Tulare,107,460477,48882,47772,8220,55992,798
2021-03-12,Tuolumne,109,53932,3882,3936,37,3973,57
2021-03-12,Ventura,111,848112,79058,78698,2788,81486,899
2021-03-12,Yolo,113,214977,13134,13061,152,13213,189
2021-03-12,Yuba,115,75493,5629,5563,87,5650,42
2021-03-11,Alameda,001,1643700,82310,81809,1715,83524,1164
2021-03-11,Alpine,003,1148,83,78,0,78,0
2021-03-11,Amador,005,37829,3505,3498,31,3529,42
2021-03-11,Butte,007,227075,11498,11110,1622,12732,185
2021-03-11,Calaveras,009,45235,1956,1915,11,1926,49
2021-03-11,Colusa,011,21464,1882,1883,270,2153,12
2021-03-11,Contra Costa,013,1133247,64466,63469,1088,64557,728
2021-03-11,Del Norte,015,27424,1075,1027,5,1032,6
2021-03-11,El Dorado,017,186661,9280,9211,607,9818,101
2021-03-11,Fresno,019,978130,98144,97026,7882,104908,1481
2021-03-11,Glenn,021,27897,2290,2255,500,2755,15
2021-03-11,Humboldt,023,135768,3337,3302,24,3326,32
2021-03-11,Imperial,025,180216,27381,27045,2486,29531,675
2021-03-11,Inyo,027,18085,1348,1335,9,1344,35
2021-03-11,Kern,029,883053,94494,93052,9964,103016,1121
2021-03-11,Kings,031,150075,22541,22183,977,23160,230
2021-03-11,Lake,033,64148,3270,3214,6,3220,42
2021-03-11,Lassen,035,31185,5132,5124,98,5222,1
2021-03-11,Los Angeles,037,10098052,1181302,1170111,38854,1208965,22316
2021-03-11,Madera,039,155013,15899,15725,853,16578,214
2021-03-11,Marin,041,260295,13454,13356,173,13529,217
2021-03-11,Mariposa,043,17540,379,376,5,381,5
2021-03-11,Mendocino,045,87422,3694,3604,74,3678,42
2021-03-11,Merced,047,269075,29103,29001,939,29940,401
2021-03-11,Modoc,049,8938,347,340,117,457,3
2021-03-11,Mono,051,14174,1201,1206,15,1221,3
2021-03-11,Monterey,053,433212,42233,41936,1693,43629,329
2021-03-11,Napa,055,140530,9187,9173,31,9204,75
2021-03-11,Nevada,057,99092,4141,4085,162,4247,66
2021-03-11,Orange,059,3164182,249205,247217,10330,257547,4373
2021-03-11,Placer,061,380077,21052,20178,1158,21336,239
2021-03-11,Plumas,063,18699,653,640,10,650,4
2021-03-11,Riverside,065,2383286,287625,280881,13370,294251,3842
2021-03-11,Sacramento,067,1510023,96421,94912,1305,96217,1455
2021-03-11,San Benito,069,59416,5796,5816,89,5905,61
2021-03-11,San Bernardino,071,2135413,287637,283312,8556,291868,3869
2021-03-11,San Diego,073,3302833,267475,264524,13203,277727,3422
2021-03-11,San Francisco,075,870044,34679,34722,1111,35833,452
2021-03-11,San Joaquin,077,732212,68176,66522,2840,69362,1157
2021-03-11,San Luis Obispo,079,281455,20062,19748,581,20329,247
2021-03-11,San Mateo,081,765935,40068,39590,415,40005,341
2021-03-11,Santa Barbara,083,443738,32831,32408,1047,33455,430
2021-03-11,Santa Clara,085,1922200,112296,112246,606,112852,1765
2021-03-11,Santa Cruz,087,273765,15647,14812,777,15589,193
2021-03-11,Shasta,089,179085,11085,11139,1290,12429,158
2021-03-11,Sierra,091,2930,52,48,12,60,0
2021-03-11,Siskiyou,093,43540,1545,1466,242,1708,5
2021-03-11,Solano,095,438530,30298,30138,376,30514,171
2021-03-11,Sonoma,097,501317,28626,28677,229,28906,285
2021-03-11,Stanislaus,099,539301,51775,51038,5416,56454,707
2021-03-11,Sutter,101,95872,8949,8933,79,9012,101
2021-03-11,Tehama,103,63373,4675,4632,491,5123,33
2021-03-11,Trinity,105,12862,469,304,77,381,3
2021-03-11,Tulare,107,460477,48845,47709,8209,55918,797
2021-03-11,Tuolumne,109,53932,3880,3934,37,3971,57
2021-03-11,Ventura,111,848112,79008,78697,2784,81481,889
2021-03-11,Yolo,113,214977,13116,13041,151,13192,190
2021-03-11,Yuba,115,75493,5625,5553,87,5640,42
2021-03-10,Alameda,001,1643700,82204,81701,1710,83411,1160
2021-03-10,Alpine,003,1148,82,78,0,78,0
2021-03-10,Amador,005,37829,3503,3496,31,3527,42
2021-03-10,Butte,007,227075,11488,11096,1622,12718,185
2021-03-10,Calaveras,009,45235,1950,1913,11,1924,48
2021-03-10,Colusa,011,21464,1882,1882,270,2152,12
2021-03-10,Contra Costa,013,1133247,64366,63372,1084,64456,725
2021-03-10,Del Norte,015,27424,1073,1020,5,1025,5
2021-03-10,El Dorado,017,186661,9267,9203,607,9810,100
2021-03-10,Fresno,019,978130,98037,96866,7866,104732,1471
2021-03-10,Glenn,021,27897,2287,2253,498,2751,15
2021-03-10,Humboldt,023,135768,3327,3296,23,3319,32
2021-03-10,Imperial,025,180216,27366,27051,2486,29537,675
2021-03-10,Inyo,027,18085,1348,1328,9,1337,35
2021-03-10,Kern,029,883053,94428,92965,9943,102908,1102
2021-03-10,Kings,031,150075,22522,22166,976,23142,226
2021-03-10,Lake,033,64148,3260,3207,6,3213,42
2021-03-10,Lassen,035,31185,5132,5120,98,5218,1
2021-03-10,Los Angeles,037,10098052,1180756,1169079,38828,1207907,22199
2021-03-10,Madera,039,155013,15878,15705,850,16555,212
2021-03-10,Marin,041,260295,13444,13348,172,13520,216
2021-03-10,Mariposa,043,17540,379,376,5,381,5
2021-03-10,Mendocino,045,87422,3689,3602,74,3676,42
2021-03-10,Merced,047,269075,29065,28927,936,29863,401
2021-03-10,Modoc,049,8938,346,338,117,455,3
2021-03-10,Mono,051,14174,1197,1204,15,1219,3
2021-03-10,Monterey,053,433212,42211,41920,1689,43609,329
2021-03-10,Napa,055,140530,9178,9165,31,9196,75
2021-03-10,Nevada,057,99092,4137,4074,162,4236,66
2021-03-10,Orange,059,3164182,249057,247075,10315,257390,4342
2021-03-10,Placer,061,380077,21018,20144,1152,21296,239
2021-03-10,Plumas,063,18699,652,639,10,649,4
2021-03-10,Riverside,065,2383286,287484,280708,13356,294064,3822
2021-03-10,Sacramento,067,1510023,96291,94796,1299,96095,1452
2021-03-10,San Benito,069,59416,5787,5811,89,5900,61
2021-03-10,San Bernardino,071,2135413,287544,283140,8550,291690,3841
2021-03-10,San Diego,073,3302833,267253,264094,13191,277285,3413
2021-03-10,San Francisco,075,870044,34644,34688,1103,35791,450
2021-03-10,San Joaquin,077,732212,68074,66483,2823,69306,1156
2021-03-10,San Luis Obispo,079,281455,20038,19710,577,20287,247
2021-03-10,San Mateo,081,765935,40044,39571,415,39986,338
2021-03-10,Santa Barbara,083,443738,32804,32356,1044,33400,429
2021-03-10,Santa Clara,085,1922200,112187,112103,602,112705,1759
2021-03-10,Santa Cruz,087,273765,15632,14790,776,15566,192
2021-03-10,Shasta,089,179085,11075,11125,1287,12412,155
2021-03-10,Sierra,091,2930,52,48,12,60,0
2021-03-10,Siskiyou,093,43540,1543,1458,242,1700,5
2021-03-10,Solano,095,438530,30268,30111,375,30486,170
2021-03-10,Sonoma,097,501317,28591,28638,228,28866,286
2021-03-10,Stanislaus,099,539301,51688,50968,5397,56365,706
2021-03-10,Sutter,101,95872,8938,8918,79,8997,101
2021-03-10,Tehama,103,63373,4664,4623,490,5113,33
2021-03-10,Trinity,105,12862,469,304,77,381,3
2021-03-10,Tulare,107,460477,48797,47659,8191,55850,793
2021-03-10,Tuolumne,109,53932,3879,3931,37,3968,57
2021-03-10,Ventura,111,848112,78931,78609,2782,81391,878
2021-03-10,Yolo,113,214977,13092,13021,151,13172,189
2021-03-10,Yuba,115,75493,5612,5545,86,5631,42
2021-03-09,Alameda,001,1643700,82118,81618,1710,83328,1151
2021-03-09,Alpine,003,1148,82,78,0,78,0
2021-03-09,Amador,005,37829,3501,3494,31,3525,42
2021-03-09,Butte,007,227075,11475,11092,1621,12713,185
2021-03-09,Calaveras,009,45235,1948,1913,11,1924,48
2021-03-09,Colusa,011,21464,1882,1880,270,2150,11
2021-03-09,Contra Costa,013,1133247,64276,63314,1082,64396,723
2021-03-09,Del Norte,015,27424,1065,1017,5,1022,5
2021-03-09,El Dorado,017,186661,9259,9198,607,9805,98
2021-03-09,Fresno,019,978130,97918,96744,7840,104584,1463
2021-03-09,Glenn,021,27897,2283,2251,496,2747,15
2021-03-09,Humboldt,023,135768,3315,3288,22,3310,32
2021-03-09,Imperial,025,180216,27356,27045,2482,29527,675
2021-03-09,Inyo,027,18085,1346,1324,9,1333,35
2021-03-09,Kern,029,883053,94349,92924,9925,102849,1088
2021-03-09,Kings,031,150075,22497,22143,974,23117,226
2021-03-09,Lake,033,64148,3254,3202,6,3208,42
2021-03-09,Lassen,035,31185,5132,5120,98,5218,1
2021-03-09,Los Angeles,037,10098052,1180159,1167967,38795,1206762,22080
2021-03-09,Madera,039,155013,15867,15701,848,16549,211
2021-03-09,Marin,041,260295,13426,13335,170,13505,214
2021-03-09,Mariposa,043,17540,379,376,5,381,5
2021-03-09,Mendocino,045,87422,3685,3595,74,3669,42
2021-03-09,Merced,047,269075,29005,28876,933,29809,399
2021-03-09,Modoc,049,8938,346,338,116,454,3
2021-03-09,Mono,051,14174,1196,1203,15,1218,3
2021-03-09,Monterey,053,433212,42192,41894,1681,43575,329
2021-03-09,Napa,055,140530,9164,9155,31,9186,75
2021-03-09,Nevada,057,99092,4129,4062,162,4224,66
2021-03-09,Orange,059,3164182,248915,246989,10296,257285,4310
2021-03-09,Placer,061,380077,20976,20122,1147,21269,239
2021-03-09,Plumas,063,18699,649,639,10,649,4
2021-03-09,Riverside,065,2383286,287351,280562,13352,293914,3821
2021-03-09,Sacramento,067,1510023,96124,94720,1293,96013,1442
2021-03-09,San Benito,069,59416,5783,5800,89,5889,61
2021-03-09,San Bernardino,071,2135413,287429,282971,8544,291515,3823
2021-03-09,San Diego,073,3302833,267021,263745,13170,276915,3405
2021-03-09,San Francisco,075,870044,34613,34654,1099,35753,450
2021-03-09,San Joaquin,077,732212,67946,66383,2813,69196,1150
2021-03-09,San Luis Obispo,079,281455,20021,19672,570,20242,245
2021-03-09,San Mateo,081,765935,39997,39535,413,39948,336
2021-03-09,Santa Barbara,083,443738,32763,32314,1042,33356,428
2021-03-09,Santa Clara,085,1922200,112076,111963,597,112560,1756
2021-03-09,Santa Cruz,087,273765,15610,14764,775,15539,188
2021-03-09,Shasta,089,179085,11068,11113,1282,12395,155
2021-03-09,Sierra,091,2930,52,48,12,60,0
2021-03-09,Siskiyou,093,43540,1539,1447,240,1687,5
2021-03-09,Solano,095,438530,30232,30090,373,30463,169
2021-03-09,Sonoma,097,501317,28541,28601,225,28826,284
2021-03-09,Stanislaus,099,539301,51590,50884,5388,56272,703
2021-03-09,Sutter,101,95872,8925,8914,79,8993,101
2021-03-09,Tehama,103,63373,4659,4620,490,5110,33
2021-03-09,Trinity,105,12862,469,304,77,381,3
2021-03-09,Tulare,107,460477,48770,47637,8172,55809,792
2021-03-09,Tuolumne,109,53932,3877,3929,37,3966,56
2021-03-09,Ventura,111,848112,78868,78526,2780,81306,863
2021-03-09,Yolo,113,214977,13080,13015,149,13164,189
2021-03-09,Yuba,115,75493,5605,5539,86,5625,42
2021-03-08,Alameda,001,1643700,82007,81543,1709,83252,1142
2021-03-08,Alpine,003,1148,82,78,0,78,0
2021-03-08,Amador,005,37829,3498,3490,31,3521,42
2021-03-08,Butte,007,227075,11462,11082,1620,12702,185
2021-03-08,Calaveras,009,45235,1944,1909,11,1920,48
2021-03-08,Colusa,011,21464,1882,1877,270,2147,11
2021-03-08,Contra Costa,013,1133247,64180,63240,1082,64322,719
2021-03-08,Del Norte,015,27424,1060,1012,5,1017,5
2021-03-08,El Dorado,017,186661,9256,9188,606,9794,97
2021-03-08,Fresno,019,978130,97820,96665,7819,104484,1442
2021-03-08,Glenn,021,27897,2282,2249,496,2745,15
2021-03-08,Humboldt,023,135768,3301,3278,22,3300,31
2021-03-08,Imperial,025,180216,27348,27033,2479,29512,663
2021-03-08,Inyo,027,18085,1344,1320,9,1329,35
2021-03-08,Kern,029,883053,94283,92857,9905,102762,1087
2021-03-08,Kings,031,150075,22476,22130,972,23102,226
2021-03-08,Lake,033,64148,3242,3195,6,3201,42
2021-03-08,Lassen,035,31185,5132,5119,98,5217,1
2021-03-08,Los Angeles,037,10098052,1179539,1163409,38763,1202172,21868
2021-03-08,Madera,039,155013,15857,15691,846,16537,211
2021-03-08,Marin,041,260295,13406,13328,168,13496,214
2021-03-08,Mariposa,043,17540,379,376,5,381,5
2021-03-08,Mendocino,045,87422,3683,3590,73,3663,42
2021-03-08,Merced,047,269075,28945,28841,932,29773,398
2021-03-08,Modoc,049,8938,346,338,116,454,3
2021-03-08,Mono,051,14174,1195,1200,15,1215,3
2021-03-08,Monterey,053,433212,42171,41863,1680,43543,328
2021-03-08,Napa,055,140530,9161,9146,31,9177,75
2021-03-08,Nevada,057,99092,4121,4059,162,4221,66
2021-03-08,Orange,059,3164182,248742,246900,10264,257164,4243
2021-03-08,Placer,061,380077,20941,20102,1136,21238,239
2021-03-08,Plumas,063,18699,648,635,10,645,4
2021-03-08,Riverside,065,2383286,287199,280463,13342,293805,3783
2021-03-08,Sacramento,067,1510023,95954,94654,1288,95942,1438
2021-03-08,San Benito,069,59416,5780,5797,89,5886,61
2021-03-08,San Bernardino,071,2135413,287318,282894,8537,291431,3811
2021-03-08,San Diego,073,3302833,266780,263272,13155,276427,3390
2021-03-08,San Francisco,075,870044,34587,34634,1095,35729,446
2021-03-08,San Joaquin,077,732212,67830,66307,2804,69111,1139
2021-03-08,San Luis Obispo,079,281455,19978,19656,567,20223,245
2021-03-08,San Mateo,081,765935,39948,39492,411,39903,335
2021-03-08,Santa Barbara,083,443738,32731,32293,1042,33335,427
2021-03-08,Santa Clara,085,1922200,111948,111882,595,112477,1756
2021-03-08,Santa Cruz,087,273765,15590,14729,775,15504,188
2021-03-08,Shasta,089,179085,11060,11088,1277,12365,155
2021-03-08,Sierra,091,2930,52,48,12,60,0
2021-03-08,Siskiyou,093,43540,1538,1440,240,1680,5
2021-03-08,Solano,095,438530,30192,30068,371,30439,169
2021-03-08,Sonoma,097,501317,28497,28571,224,28795,284
2021-03-08,Stanislaus,099,539301,51511,50825,5383,56208,690
2021-03-08,Sutter,101,95872,8922,8905,79,8984,100
2021-03-08,Tehama,103,63373,4655,4615,490,5105,33
2021-03-08,Trinity,105,12862,468,302,77,379,3
2021-03-08,Tulare,107,460477,48729,47587,8147,55734,791
2021-03-08,Tuolumne,109,53932,3876,3921,37,3958,56
2021-03-08,Ventura,111,848112,78795,78526,2772,81298,852
2021-03-08,Yolo,113,214977,13057,13000,149,13149,189
2021-03-08,Yuba,115,75493,5595,5530,86,5616,42
2021-03-07,Alameda,001,1643700,81887,81413,1708,83121,1145
2021-03-07,Alpine,003,1148,82,78,0,78,0
2021-03-07,Amador,005,37829,3495,3489,31,3520,42
2021-03-07,Butte,007,227075,11446,11075,1619,12694,185
2021-03-07,Calaveras,009,45235,1940,1906,11,1917,48
2021-03-07,Colusa,011,21464,1882,1876,270,2146,11
2021-03-07,Contra Costa,013,1133247,64081,63148,1080,64228,719
2021-03-07,Del Norte,015,27424,1055,1010,5,1015,5
2021-03-07,El Dorado,017,186661,9253,9184,605,9789,97
2021-03-07,Fresno,019,978130,97642,96549,7797,104346,1442
2021-03-07,Glenn,021,27897,2280,2244,496,2740,15
2021-03-07,Humboldt,023,135768,3291,3274,22,3296,31
2021-03-07,Imperial,025,180216,27339,27019,2477,29496,658
2021-03-07,Inyo,027,18085,1341,1320,9,1329,35
2021-03-07,Kern,029,883053,94196,92746,9875,102621,1086
2021-03-07,Kings,031,150075,22454,22103,972,23075,224
2021-03-07,Lake,033,64148,3236,3192,6,3198,42
2021-03-07,Lassen,035,31185,5131,5119,98,5217,1
2021-03-07,Los Angeles,037,10098052,1178813,1162749,38728,1201477,21857
2021-03-07,Madera,039,155013,15838,15675,846,16521,211
2021-03-07,Marin,041,260295,13398,13313,166,13479,214
2021-03-07,Mariposa,043,17540,378,376,5,381,5
2021-03-07,Mendocino,045,87422,3679,3581,73,3654,42
2021-03-07,Merced,047,269075,28871,28829,928,29757,399
2021-03-07,Modoc,049,8938,346,338,116,454,3
2021-03-07,Mono,051,14174,1193,1199,15,1214,3
2021-03-07,Monterey,053,433212,42150,41858,1677,43535,328
2021-03-07,Napa,055,140530,9151,9137,31,9168,75
2021-03-07,Nevada,057,99092,4107,4052,161,4213,66
2021-03-07,Orange,059,3164182,248550,246771,10236,257007,4218
2021-03-07,Placer,061,380077,20900,20070,1132,21202,239
2021-03-07,Plumas,063,18699,647,635,10,645,4
2021-03-07,Riverside,065,2383286,287051,280379,13333,293712,3779
2021-03-07,Sacramento,067,1510023,95777,94513,1282,95795,1437
2021-03-07,San Benito,069,59416,5773,5795,89,5884,61
2021-03-07,San Bernardino,071,2135413,287167,282860,8532,291392,3810
2021-03-07,San Diego,073,3302833,266498,262965,13131,276096,3390
2021-03-07,San Francisco,075,870044,34553,34594,1090,35684,445
2021-03-07,San Joaquin,077,732212,67694,66252,2791,69043,1139
2021-03-07,San Luis Obispo,079,281455,19941,19614,565,20179,245
2021-03-07,San Mateo,081,765935,39908,39436,408,39844,329
2021-03-07,Santa Barbara,083,443738,32685,32218,1041,33259,425
2021-03-07,Santa Clara,085,1922200,111803,111745,591,112336,1752
2021-03-07,Santa Cruz,087,273765,15568,14715,774,15489,189
2021-03-07,Shasta,089,179085,11047,11083,1269,12352,156
2021-03-07,Sierra,091,2930,51,48,12,60,0
2021-03-07,Siskiyou,093,43540,1537,1435,236,1671,5
2021-03-07,Solano,095,438530,30155,30027,371,30398,169
2021-03-07,Sonoma,097,501317,28448,28533,222,28755,284
2021-03-07,Stanislaus,099,539301,51379,50783,5367,56150,699
2021-03-07,Sutter,101,95872,8912,8900,79,8979,100
2021-03-07,Tehama,103,63373,4648,4614,489,5103,33
2021-03-07,Trinity,105,12862,468,302,77,379,3
2021-03-07,Tulare,107,460477,48670,47569,8116,55685,790
2021-03-07,Tuolumne,109,53932,3875,3922,36,3958,56
2021-03-07,Ventura,111,848112,78703,78487,2770,81257,851
2021-03-07,Yolo,113,214977,13038,12988,149,13137,189
2021-03-07,Yuba,115,75493,5590,5516,86,5602,42
2021-03-06,Alameda,001,1643700,81830,81310,1707,83017,1143
2021-03-06,Alpine,003,1148,82,78,0,78,0
2021-03-06,Amador,005,37829,3491,3487,31,3518,42
2021-03-06,Butte,007,227075,11441,11065,1618,12683,185
2021-03-06,Calaveras,009,45235,1936,1904,11,1915,48
2021-03-06,Colusa,011,21464,1880,1874,270,2144,11
2021-03-06,Contra Costa,013,1133247,64019,63040,1076,64116,719
2021-03-06,Del Norte,015,27424,1050,1000,5,1005,5
2021-03-06,El Dorado,017,186661,9249,9166,605,9771,97
2021-03-06,Fresno,019,978130,97547,96366,7786,104152,1440
2021-03-06,Glenn,021,27897,2280,2241,496,2737,15
2021-03-06,Humboldt,023,135768,3281,3260,22,3282,31
2021-03-06,Imperial,025,180216,27334,27009,2472,29481,658
2021-03-06,Inyo,027,18085,1338,1312,9,1321,35
2021-03-06,Kern,029,883053,94150,92684,9855,102539,1082
2021-03-06,Kings,031,150075,22439,22094,972,23066,224
2021-03-06,Lake,033,64148,3234,3189,6,3195,42
2021-03-06,Lassen,035,31185,5131,5119,98,5217,1
2021-03-06,Los Angeles,037,10098052,1178373,1161745,38700,1200445,21843
2021-03-06,Madera,039,155013,15829,15646,845,16491,211
2021-03-06,Marin,041,260295,13389,13289,166,13455,213
2021-03-06,Mariposa,043,17540,378,376,5,381,5
2021-03-06,Mendocino,045,87422,3677,3579,73,3652,42
2021-03-06,Merced,047,269075,28828,28771,928,29699,399
2021-03-06,Modoc,049,8938,345,338,116,454,3
2021-03-06,Mono,051,14174,1192,1198,15,1213,3
2021-03-06,Monterey,053,433212,42145,41838,1674,43512,327
2021-03-06,Napa,055,140530,9143,9129,31,9160,75
2021-03-06,Nevada,057,99092,4101,4044,161,4205,66
2021-03-06,Orange,059,3164182,248459,246634,10222,256856,4165
2021-03-06,Placer,061,380077,20877,20030,1130,21160,239
2021-03-06,Plumas,063,18699,647,634,10,644,4
2021-03-06,Riverside,065,2383286,286957,280225,13325,293550,3781
2021-03-06,Sacramento,067,1510023,95689,94332,1273,95605,1436
2021-03-06,San Benito,069,59416,5768,5793,89,5882,61
2021-03-06,San Bernardino,071,2135413,287083,282737,8530,291267,3791
2021-03-06,San Diego,073,3302833,266311,262778,13114,275892,3385
2021-03-06,San Francisco,075,870044,34522,34560,1086,35646,435
2021-03-06,San Joaquin,077,732212,67620,66162,2781,68943,1138
2021-03-06,San Luis Obispo,079,281455,19921,19592,563,20155,245
2021-03-06,San Mateo,081,765935,39883,39384,408,39792,329
2021-03-06,Santa Barbara,083,443738,32655,32176,1041,33217,424
2021-03-06,Santa Clara,085,1922200,111708,111570,588,112158,1749
2021-03-06,Santa Cruz,087,273765,15557,14701,774,15475,188
2021-03-06,Shasta,089,179085,11038,11076,1267,12343,158
2021-03-06,Sierra,091,2930,51,48,12,60,0
2021-03-06,Siskiyou,093,43540,1535,1432,236,1668,5
2021-03-06,Solano,095,438530,30126,30000,370,30370,169
2021-03-06,Sonoma,097,501317,28425,28484,220,28704,284
2021-03-06,Stanislaus,099,539301,51309,50691,5361,56052,711
2021-03-06,Sutter,101,95872,8906,8887,79,8966,100
2021-03-06,Tehama,103,63373,4646,4610,486,5096,33
2021-03-06,Trinity,105,12862,468,302,77,379,3
2021-03-06,Tulare,107,460477,48638,47515,8088,55603,789
2021-03-06,Tuolumne,109,53932,3873,3920,36,3956,56
2021-03-06,Ventura,111,848112,78647,78439,2769,81208,848
2021-03-06,Yolo,113,214977,13032,12951,148,13099,189
2021-03-06,Yuba,115,75493,5581,5504,86,5590,42
2021-03-05,Alameda,001,1643700,81743,81215,1706,82921,1141
2021-03-05,Alpine,003,1148,82,78,0,78,0
2021-03-05,Amador,005,37829,3490,3484,31,3515,42
2021-03-05,Butte,007,227075,11430,11050,1617,12667,185
2021-03-05,Calaveras,009,45235,1933,1902,11,1913,48
2021-03-05,Colusa,011,21464,1880,1874,270,2144,11
2021-03-05,Contra Costa,013,1133247,63939,62886,1073,63959,711
2021-03-05,Del Norte,015,27424,1046,995,5,1000,5
2021-03-05,El Dorado,017,186661,9244,9150,604,9754,97
2021-03-05,Fresno,019,978130,97439,96184,7767,103951,1432
2021-03-05,Glenn,021,27897,2277,2241,495,2736,15
2021-03-05,Humboldt,023,135768,3274,3234,22,3256,31
2021-03-05,Imperial,025,180216,27324,26970,2463,29433,651
2021-03-05,Inyo,027,18085,1334,1309,9,1318,35
2021-03-05,Kern,029,883053,94110,92601,9842,102443,1076
2021-03-05,Kings,031,150075,22421,22063,971,23034,224
2021-03-05,Lake,033,64148,3232,3185,6,3191,42
2021-03-05,Lassen,035,31185,5131,5117,96,5213,1
2021-03-05,Los Angeles,037,10098052,1177882,1160688,38671,1199359,21745
2021-03-05,Madera,039,155013,15819,15624,843,16467,211
2021-03-05,Marin,041,260295,13377,13275,165,13440,215
2021-03-05,Mariposa,043,17540,378,375,5,380,4
2021-03-05,Mendocino,045,87422,3674,3577,73,3650,42
2021-03-05,Merced,047,269075,28795,28734,927,29661,399
2021-03-05,Modoc,049,8938,345,337,116,453,3
2021-03-05,Mono,051,14174,1191,1197,15,1212,3
2021-03-05,Monterey,053,433212,42132,41802,1674,43476,325
2021-03-05,Napa,055,140530,9135,9109,31,9140,75
2021-03-05,Nevada,057,99092,4098,4033,161,4194,66
2021-03-05,Orange,059,3164182,248346,246489,10209,256698,4108
2021-03-05,Placer,061,380077,20851,19973,1126,21099,239
2021-03-05,Plumas,063,18699,647,635,10,645,4
2021-03-05,Riverside,065,2383286,286846,280075,13320,293395,3781
2021-03-05,Sacramento,067,1510023,95593,94182,1266,95448,1430
2021-03-05,San Benito,069,59416,5765,5790,89,5879,61
2021-03-05,San Bernardino,071,2135413,286990,282640,8526,291166,3774
2021-03-05,San Diego,073,3302833,266078,262357,13097,275454,3371
2021-03-05,San Francisco,075,870044,34482,34526,1082,35608,430
2021-03-05,San Joaquin,077,732212,67540,66041,2772,68813,1133
2021-03-05,San Luis Obispo,079,281455,19900,19557,561,20118,244
2021-03-05,San Mateo,081,765935,39851,39305,408,39713,326
2021-03-05,Santa Barbara,083,443738,32618,32139,1036,33175,424
2021-03-05,Santa Clara,085,1922200,111613,111384,588,111972,1745
2021-03-05,Santa Cruz,087,273765,15546,14694,774,15468,188
2021-03-05,Shasta,089,179085,11026,11062,1261,12323,148
2021-03-05,Sierra,091,2930,51,48,12,60,0
2021-03-05,Siskiyou,093,43540,1530,1429,235,1664,5
2021-03-05,Solano,095,438530,30109,29951,368,30319,168
2021-03-05,Sonoma,097,501317,28399,28417,220,28637,279
2021-03-05,Stanislaus,099,539301,51258,50606,5351,55957,721
2021-03-05,Sutter,101,95872,8899,8876,79,8955,100
2021-03-05,Tehama,103,63373,4637,4606,486,5092,33
2021-03-05,Trinity,105,12862,468,302,77,379,3
2021-03-05,Tulare,107,460477,48609,47469,8069,55538,789
2021-03-05,Tuolumne,109,53932,3871,3917,36,3953,56
2021-03-05,Ventura,111,848112,78580,78368,2768,81136,839
2021-03-05,Yolo,113,214977,13020,12920,147,13067,188
2021-03-05,Yuba,115,75493,5569,5496,86,5582,42
2021-03-04,Alameda,001,1643700,81634,81115,1705,82820,1136
2021-03-04,Alpine,003,1148,82,78,0,78,0
2021-03-04,Amador,005,37829,3489,3480,31,3511,42
2021-03-04,Butte,007,227075,11423,11033,1616,12649,185
2021-03-04,Calaveras,009,45235,1932,1896,11,1907,48
2021-03-04,Colusa,011,21464,1878,1873,265,2138,11
2021-03-04,Contra Costa,013,1133247,63839,62789,1071,63860,708
2021-03-04,Del Norte,015,27424,1038,989,5,994,5
2021-03-04,El Dorado,017,186661,9229,9133,604,9737,97
2021-03-04,Fresno,019,978130,97275,96023,7748,103771,1422
2021-03-04,Glenn,021,27897,2270,2236,494,2730,15
2021-03-04,Humboldt,023,135768,3260,3212,22,3234,31
2021-03-04,Imperial,025,180216,27311,26946,2460,29406,646
2021-03-04,Inyo,027,18085,1331,1300,9,1309,35
2021-03-04,Kern,029,883053,94021,92525,9823,102348,1070
2021-03-04,Kings,031,150075,22395,22025,968,22993,224
2021-03-04,Lake,033,64148,3224,3181,6,3187,42
2021-03-04,Lassen,035,31185,5131,5116,96,5212,1
2021-03-04,Los Angeles,037,10098052,1177270,1159405,38621,1198026,21610
2021-03-04,Madera,039,155013,15784,15596,840,16436,208
2021-03-04,Marin,041,260295,13361,13240,162,13402,215
2021-03-04,Mariposa,043,17540,378,376,5,381,4
2021-03-04,Mendocino,045,87422,3671,3569,73,3642,42
2021-03-04,Merced,047,269075,28744,28671,925,29596,396
2021-03-04,Modoc,049,8938,344,336,116,452,3
2021-03-04,Mono,051,14174,1191,1197,15,1212,3
2021-03-04,Monterey,053,433212,42112,41771,1672,43443,325
2021-03-04,Napa,055,140530,9127,9094,31,9125,74
2021-03-04,Nevada,057,99092,4088,4020,161,4181,66
2021-03-04,Orange,059,3164182,248189,246354,10192,256546,4096
2021-03-04,Placer,061,380077,20819,19900,1120,21020,239
2021-03-04,Plumas,063,18699,647,634,10,644,4
2021-03-04,Riverside,065,2383286,286716,279871,13307,293178,3766
2021-03-04,Sacramento,067,1510023,95458,93982,1263,95245,1426
2021-03-04,San Benito,069,59416,5765,5781,89,5870,61
2021-03-04,San Bernardino,071,2135413,286859,282407,8522,290929,3757
2021-03-04,San Diego,073,3302833,265817,261858,13053,274911,3359
2021-03-04,San Francisco,075,870044,34447,34480,1079,35559,426
2021-03-04,San Joaquin,077,732212,67446,65931,2763,68694,1129
2021-03-04,San Luis Obispo,079,281455,19863,19520,559,20079,243
2021-03-04,San Mateo,081,765935,39807,39225,407,39632,322
2021-03-04,Santa Barbara,083,443738,32581,32090,1035,33125,423
2021-03-04,Santa Clara,085,1922200,111479,111194,586,111780,1723
2021-03-04,Santa Cruz,087,273765,15527,14669,774,15443,186
2021-03-04,Shasta,089,179085,11023,11050,1252,12302,150
2021-03-04,Sierra,091,2930,51,48,12,60,0
2021-03-04,Siskiyou,093,43540,1523,1427,235,1662,5
2021-03-04,Solano,095,438530,30082,29905,367,30272,168
2021-03-04,Sonoma,097,501317,28344,28379,219,28598,279
2021-03-04,Stanislaus,099,539301,51171,50521,5343,55864,731
2021-03-04,Sutter,101,95872,8887,8849,79,8928,100
2021-03-04,Tehama,103,63373,4629,4604,486,5090,33
2021-03-04,Trinity,105,12862,468,302,77,379,3
2021-03-04,Tulare,107,460477,48564,47398,8044,55442,784
2021-03-04,Tuolumne,109,53932,3865,3916,36,3952,56
2021-03-04,Ventura,111,848112,78490,78184,2765,80949,831
2021-03-04,Yolo,113,214977,13000,12895,147,13042,189
2021-03-04,Yuba,115,75493,5557,5483,86,5569,41
2021-03-03,Alameda,001,1643700,81513,80972,1704,82676,1127
2021-03-03,Alpine,003,1148,82,77,0,77,0
2021-03-03,Amador,005,37829,3487,3478,30,3508,42
2021-03-03,Butte,007,227075,11415,11014,1615,12629,184
2021-03-03,Calaveras,009,45235,1931,1893,11,1904,48
2021-03-03,Colusa,011,21464,1877,1873,265,2138,11
2021-03-03,Contra Costa,013,1133247,63741,62668,1068,63736,708
2021-03-03,Del Norte,015,27424,1035,988,5,993,5
2021-03-03,El Dorado,017,186661,9219,9121,604,9725,97
2021-03-03,Fresno,019,978130,97131,95893,7731,103624,1415
2021-03-03,Glenn,021,27897,2270,2233,494,2727,15
2021-03-03,Humboldt,023,135768,3249,3196,22,3218,30
2021-03-03,Imperial,025,180216,27295,26939,2456,29395,640
2021-03-03,Inyo,027,18085,1323,1294,9,1303,35
2021-03-03,Kern,029,883053,93945,92434,9806,102240,1063
2021-03-03,Kings,031,150075,22379,22009,967,22976,223
2021-03-03,Lake,033,64148,3217,3175,6,3181,40
2021-03-03,Lassen,035,31185,5131,5115,96,5211,1
2021-03-03,Los Angeles,037,10098052,1176630,1157911,38582,1196493,21500
2021-03-03,Madera,039,155013,15765,15553,834,16387,203
2021-03-03,Marin,041,260295,13347,13216,162,13378,214
2021-03-03,Mariposa,043,17540,377,376,5,381,4
2021-03-03,Mendocino,045,87422,3663,3564,73,3637,42
2021-03-03,Merced,047,269075,28692,28625,925,29550,393
2021-03-03,Modoc,049,8938,344,333,115,448,3
2021-03-03,Mono,051,14174,1191,1191,15,1206,3
2021-03-03,Monterey,053,433212,42080,41731,1669,43400,325
2021-03-03,Napa,055,140530,9119,9090,31,9121,72
2021-03-03,Nevada,057,99092,4078,4009,161,4170,66
2021-03-03,Orange,059,3164182,248043,246120,10178,256298,4072
2021-03-03,Placer,061,380077,20793,19851,1117,20968,239
2021-03-03,Plumas,063,18699,646,631,10,641,4
2021-03-03,Riverside,065,2383286,286582,279626,13301,292927,3735
2021-03-03,Sacramento,067,1510023,95297,93819,1255,95074,1419
2021-03-03,San Benito,069,59416,5764,5774,89,5863,61
2021-03-03,San Bernardino,071,2135413,286718,282138,8516,290654,3664
2021-03-03,San Diego,073,3302833,265553,261350,13022,274372,3342
2021-03-03,San Francisco,075,870044,34415,34443,1076,35519,426
2021-03-03,San Joaquin,077,732212,67333,65855,2756,68611,1115
2021-03-03,San Luis Obispo,079,281455,19837,19479,556,20035,241
2021-03-03,San Mateo,081,765935,39761,39189,406,39595,319
2021-03-03,Santa Barbara,083,443738,32543,32027,1035,33062,421
2021-03-03,Santa Clara,085,1922200,111325,110991,584,111575,1720
2021-03-03,Santa Cruz,087,273765,15516,14645,774,15419,185
2021-03-03,Shasta,089,179085,11013,11023,1245,12268,150
2021-03-03,Sierra,091,2930,51,48,12,60,0
2021-03-03,Siskiyou,093,43540,1521,1424,235,1659,5
2021-03-03,Solano,095,438530,30046,29866,366,30232,167
2021-03-03,Sonoma,097,501317,28305,28307,218,28525,279
2021-03-03,Stanislaus,099,539301,51093,50438,5336,55774,730
2021-03-03,Sutter,101,95872,8879,8840,79,8919,99
2021-03-03,Tehama,103,63373,4627,4601,486,5087,32
2021-03-03,Trinity,105,12862,468,302,77,379,3
2021-03-03,Tulare,107,460477,48513,47348,8015,55363,778
2021-03-03,Tuolumne,109,53932,3863,3914,35,3949,56
2021-03-03,Ventura,111,848112,78406,78057,2760,80817,822
2021-03-03,Yolo,113,214977,12987,12890,147,13037,189
2021-03-03,Yuba,115,75493,5544,5479,86,5565,41
2021-03-02,Alameda,001,1643700,81391,80904,1702,82606,1116
2021-03-02,Alpine,003,1148,82,77,0,77,0
2021-03-02,Amador,005,37829,3485,3474,30,3504,42
2021-03-02,Butte,007,227075,11405,11007,1612,12619,182
2021-03-02,Calaveras,009,45235,1923,1890,11,1901,48
2021-03-02,Colusa,011,21464,1877,1872,264,2136,11
2021-03-02,Contra Costa,013,1133247,63630,62557,1064,63621,694
2021-03-02,Del Norte,015,27424,1028,983,5,988,5
2021-03-02,El Dorado,017,186661,9211,9116,604,9720,98
2021-03-02,Fresno,019,978130,96985,95785,7705,103490,1410
2021-03-02,Glenn,021,27897,2264,2232,493,2725,15
2021-03-02,Humboldt,023,135768,3230,3184,22,3206,30
2021-03-02,Imperial,025,180216,27285,26926,2454,29380,637
2021-03-02,Inyo,027,18085,1319,1292,9,1301,35
2021-03-02,Kern,029,883053,93839,92313,9779,102092,1046
2021-03-02,Kings,031,150075,22327,21999,964,22963,217
2021-03-02,Lake,033,64148,3211,3169,6,3175,40
2021-03-02,Lassen,035,31185,5126,5115,95,5210,1
2021-03-02,Los Angeles,037,10098052,1175992,1156826,38537,1195363,21395
2021-03-02,Madera,039,155013,15745,15523,831,16354,194
2021-03-02,Marin,041,260295,13324,13186,161,13347,214
2021-03-02,Mariposa,043,17540,377,376,5,381,4
2021-03-02,Mendocino,045,87422,3660,3562,72,3634,41
2021-03-02,Merced,047,269075,28635,28598,925,29523,389
2021-03-02,Modoc,049,8938,344,332,115,447,3
2021-03-02,Mono,051,14174,1190,1191,15,1206,3
2021-03-02,Monterey,053,433212,42053,41716,1669,43385,325
2021-03-02,Napa,055,140530,9108,9080,31,9111,71
2021-03-02,Nevada,057,99092,4069,3983,160,4143,66
2021-03-02,Orange,059,3164182,247898,246004,10160,256164,4037
2021-03-02,Placer,061,380077,20740,19828,1114,20942,239
2021-03-02,Plumas,063,18699,643,628,10,638,4
2021-03-02,Riverside,065,2383286,286409,279486,13293,292779,3721
2021-03-02,Sacramento,067,1510023,95130,93690,1254,94944,1411
2021-03-02,San Benito,069,59416,5757,5770,89,5859,60
2021-03-02,San Bernardino,071,2135413,286584,281919,8510,290429,3604
2021-03-02,San Diego,073,3302833,265309,260998,13000,273998,3317
2021-03-02,San Francisco,075,870044,34375,34387,1072,35459,424
2021-03-02,San Joaquin,077,732212,67225,65769,2739,68508,1111
2021-03-02,San Luis Obispo,079,281455,19805,19452,556,20008,241
2021-03-02,San Mateo,081,765935,39709,39148,405,39553,317
2021-03-02,Santa Barbara,083,443738,32494,31964,1031,32995,416
2021-03-02,Santa Clara,085,1922200,111146,110832,583,111415,1706
2021-03-02,Santa Cruz,087,273765,15502,14611,772,15383,185
2021-03-02,Shasta,089,179085,10999,11012,1234,12246,149
2021-03-02,Sierra,091,2930,51,48,12,60,0
2021-03-02,Siskiyou,093,43540,1517,1412,233,1645,5
2021-03-02,Solano,095,438530,30013,29827,364,30191,167
2021-03-02,Sonoma,097,501317,28250,28261,218,28479,279
2021-03-02,Stanislaus,099,539301,51006,50359,5324,55683,724
2021-03-02,Sutter,101,95872,8870,8832,79,8911,99
2021-03-02,Tehama,103,63373,4623,4597,485,5082,32
2021-03-02,Trinity,105,12862,468,301,77,378,3
2021-03-02,Tulare,107,460477,48450,47326,7995,55321,783
2021-03-02,Tuolumne,109,53932,3859,3908,35,3943,53
2021-03-02,Ventura,111,848112,78313,77952,2756,80708,780
2021-03-02,Yolo,113,214977,12970,12867,147,13014,189
2021-03-02,Yuba,115,75493,5536,5475,86,5561,41
2021-03-01,Alameda,001,1643700,81264,80805,1700,82505,1105
2021-03-01,Alpine,003,1148,80,77,0,77,0
2021-03-01,Amador,005,37829,3482,3469,30,3499,42
2021-03-01,Butte,007,227075,11390,10981,1608,12589,180
2021-03-01,Calaveras,009,45235,1918,1885,11,1896,46
2021-03-01,Colusa,011,21464,1876,1871,264,2135,11
2021-03-01,Contra Costa,013,1133247,63522,62458,1063,63521,694
2021-03-01,Del Norte,015,27424,1023,982,5,987,5
2021-03-01,El Dorado,017,186661,9187,9085,604,9689,98
2021-03-01,Fresno,019,978130,96847,95677,7682,103359,1405
2021-03-01,Glenn,021,27897,2259,2232,492,2724,15
2021-03-01,Humboldt,023,135768,3211,3179,22,3201,30
2021-03-01,Imperial,025,180216,27275,26913,2446,29359,636
2021-03-01,Inyo,027,18085,1316,1285,9,1294,35
2021-03-01,Kern,029,883053,93750,92219,9753,101972,1041
2021-03-01,Kings,031,150075,22310,21988,958,22946,217
2021-03-01,Lake,033,64148,3206,3164,6,3170,40
2021-03-01,Lassen,035,31185,5124,5111,95,5206,1
2021-03-01,Los Angeles,037,10098052,1175332,1155984,38497,1194481,21293
2021-03-01,Madera,039,155013,15716,15505,821,16326,194
2021-03-01,Marin,041,260295,13296,13161,160,13321,214
2021-03-01,Mariposa,043,17540,377,375,5,380,4
2021-03-01,Mendocino,045,87422,3653,3561,72,3633,41
2021-03-01,Merced,047,269075,28590,28575,921,29496,385
2021-03-01,Modoc,049,8938,341,331,114,445,3
2021-03-01,Mono,051,14174,1189,1192,15,1207,3
2021-03-01,Monterey,053,433212,42028,41697,1667,43364,324
2021-03-01,Napa,055,140530,9100,9056,31,9087,70
2021-03-01,Nevada,057,99092,4050,3979,160,4139,66
2021-03-01,Orange,059,3164182,247705,245852,10146,255998,3976
2021-03-01,Placer,061,380077,20701,19803,1111,20914,239
2021-03-01,Plumas,063,18699,643,628,10,638,4
2021-03-01,Riverside,065,2383286,286191,279323,13286,292609,3680
2021-03-01,Sacramento,067,1510023,94985,93546,1252,94798,1401
2021-03-01,San Benito,069,59416,5752,5772,89,5861,57
2021-03-01,San Bernardino,071,2135413,286440,281685,8506,290191,3603
2021-03-01,San Diego,073,3302833,264992,260622,12967,273589,3303
2021-03-01,San Francisco,075,870044,34331,34318,1064,35382,424
2021-03-01,San Joaquin,077,732212,67116,65699,2729,68428,1097
2021-03-01,San Luis Obispo,079,281455,19783,19429,554,19983,239
2021-03-01,San Mateo,081,765935,39657,39096,405,39501,314
2021-03-01,Santa Barbara,083,443738,32451,31909,1030,32939,413
2021-03-01,Santa Clara,085,1922200,110987,110684,580,111264,1704
2021-03-01,Santa Cruz,087,273765,15483,14575,771,15346,185
2021-03-01,Shasta,089,179085,10987,10990,1231,12221,149
2021-03-01,Sierra,091,2930,51,48,12,60,0
2021-03-01,Siskiyou,093,43540,1513,1408,231,1639,5
2021-03-01,Solano,095,438530,29970,29779,363,30142,166
2021-03-01,Sonoma,097,501317,28202,28222,216,28438,278
2021-03-01,Stanislaus,099,539301,50932,50293,5318,55611,722
2021-03-01,Sutter,101,95872,8859,8825,79,8904,99
2021-03-01,Tehama,103,63373,4617,4595,485,5080,32
2021-03-01,Trinity,105,12862,468,298,76,374,3
2021-03-01,Tulare,107,460477,48412,47275,7962,55237,781
2021-03-01,Tuolumne,109,53932,3856,3907,35,3942,53
2021-03-01,Ventura,111,848112,78232,77849,2755,80604,775
2021-03-01,Yolo,113,214977,12953,12854,145,12999,188
2021-03-01,Yuba,115,75493,5524,5466,86,5552,41
2021-02-28,Alameda,001,1643700,81143,80727,1698,82425,1105
2021-02-28,Alpine,003,1148,80,77,0,77,0
2021-02-28,Amador,005,37829,3477,3466,29,3495,42
2021-02-28,Butte,007,227075,11375,10970,1608,12578,180
2021-02-28,Calaveras,009,45235,1914,1881,11,1892,46
2021-02-28,Colusa,011,21464,1876,1871,263,2134,11
2021-02-28,Contra Costa,013,1133247,63395,62386,1058,63444,694
2021-02-28,Del Norte,015,27424,1021,981,5,986,5
2021-02-28,El Dorado,017,186661,9176,9082,604,9686,98
2021-02-28,Fresno,019,978130,96664,95548,7648,103196,1405
2021-02-28,Glenn,021,27897,2257,2230,490,2720,15
2021-02-28,Humboldt,023,135768,3188,3179,22,3201,30
2021-02-28,Imperial,025,180216,27249,26909,2442,29351,636
2021-02-28,Inyo,027,18085,1311,1282,9,1291,35
2021-02-28,Kern,029,883053,93635,92169,9733,101902,1012
2021-02-28,Kings,031,150075,22289,21967,957,22924,217
2021-02-28,Lake,033,64148,3201,3164,6,3170,40
2021-02-28,Lassen,035,31185,5123,5106,95,5201,1
2021-02-28,Los Angeles,037,10098052,1174543,1155141,38435,1193576,21261
2021-02-28,Madera,039,155013,15674,15496,818,16314,199
2021-02-28,Marin,041,260295,13273,13152,158,13310,214
2021-02-28,Mariposa,043,17540,377,374,5,379,4
2021-02-28,Mendocino,045,87422,3647,3558,72,3630,41
2021-02-28,Merced,047,269075,28527,28546,920,29466,384
2021-02-28,Modoc,049,8938,341,331,114,445,3
2021-02-28,Mono,051,14174,1186,1192,15,1207,3
2021-02-28,Monterey,053,433212,41996,41683,1665,43348,323
2021-02-28,Napa,055,140530,9081,9053,31,9084,70
2021-02-28,Nevada,057,99092,4037,3972,160,4132,66
2021-02-28,Orange,059,3164182,247507,245706,10139,255845,3970
2021-02-28,Placer,061,380077,20655,19775,1109,20884,239
2021-02-28,Plumas,063,18699,643,628,10,638,4
2021-02-28,Riverside,065,2383286,285958,279214,13275,292489,3661
2021-02-28,Sacramento,067,1510023,94801,93463,1247,94710,1398
2021-02-28,San Benito,069,59416,5741,5772,89,5861,57
2021-02-28,San Bernardino,071,2135413,286298,281620,8494,290114,3595
2021-02-28,San Diego,073,3302833,264695,260353,12933,273286,3303
2021-02-28,San Francisco,075,870044,34289,34291,1058,35349,417
2021-02-28,San Joaquin,077,732212,67008,65662,2720,68382,1097
2021-02-28,San Luis Obispo,079,281455,19747,19422,552,19974,237
2021-02-28,San Mateo,081,765935,39604,39059,404,39463,314
2021-02-28,Santa Barbara,083,443738,32399,31877,1030,32907,413
2021-02-28,Santa Clara,085,1922200,110788,110556,577,111133,1704
2021-02-28,Santa Cruz,087,273765,15454,14571,768,15339,185
2021-02-28,Shasta,089,179085,10966,10990,1227,12217,149
2021-02-28,Sierra,091,2930,51,48,12,60,0
2021-02-28,Siskiyou,093,43540,1505,1408,231,1639,5
2021-02-28,Solano,095,438530,29915,29758,357,30115,166
2021-02-28,Sonoma,097,501317,28139,28193,215,28408,279
2021-02-28,Stanislaus,099,539301,50841,50228,5306,55534,728
2021-02-28,Sutter,101,95872,8844,8825,79,8904,99
2021-02-28,Tehama,103,63373,4612,4590,485,5075,32
2021-02-28,Trinity,105,12862,468,298,76,374,3
2021-02-28,Tulare,107,460477,48350,47258,7931,55189,780
2021-02-28,Tuolumne,109,53932,3851,3905,35,3940,53
2021-02-28,Ventura,111,848112,78120,77749,2752,80501,775
2021-02-28,Yolo,113,214977,12930,12851,145,12996,188
2021-02-28,Yuba,115,75493,5514,5461,86,5547,41
2021-02-27,Alameda,001,1643700,81070,80565,1696,82261,1108
2021-02-27,Alpine,003,1148,80,77,0,77,0
2021-02-27,Amador,005,37829,3475,3463,29,3492,42
2021-02-27,Butte,007,227075,11363,10962,1608,12570,180
2021-02-27,Calaveras,009,45235,1909,1875,11,1886,46
2021-02-27,Colusa,011,21464,1875,1869,263,2132,11
2021-02-27,Contra Costa,013,1133247,63325,62248,1055,63303,693
2021-02-27,Del Norte,015,27424,1019,978,5,983,5
2021-02-27,El Dorado,017,186661,9172,9072,604,9676,98
2021-02-27,Fresno,019,978130,96587,95393,7637,103030,1400
2021-02-27,Glenn,021,27897,2256,2225,489,2714,15
2021-02-27,Humboldt,023,135768,3182,3167,22,3189,30
2021-02-27,Imperial,025,180216,27241,26903,2440,29343,633
2021-02-27,Inyo,027,18085,1308,1275,9,1284,35
2021-02-27,Kern,029,883053,93574,92053,9718,101771,996
2021-02-27,Kings,031,150075,22279,21955,954,22909,216
2021-02-27,Lake,033,64148,3198,3156,6,3162,40
2021-02-27,Lassen,035,31185,5123,5106,95,5201,1
2021-02-27,Los Angeles,037,10098052,1174041,1154275,38408,1192683,21158
2021-02-27,Madera,039,155013,15657,15467,817,16284,199
2021-02-27,Marin,041,260295,13249,13134,158,13292,214
2021-02-27,Mariposa,043,17540,377,374,5,379,4
2021-02-27,Mendocino,045,87422,3644,3555,72,3627,41
2021-02-27,Merced,047,269075,28485,28501,912,29413,384
2021-02-27,Modoc,049,8938,341,331,113,444,3
2021-02-27,Mono,051,14174,1184,1191,15,1206,3
2021-02-27,Monterey,053,433212,41987,41665,1664,43329,322
2021-02-27,Napa,055,140530,9070,9038,31,9069,71
2021-02-27,Nevada,057,99092,4031,3960,160,4120,66
2021-02-27,Orange,059,3164182,247380,245542,10128,255670,3960
2021-02-27,Placer,061,380077,20619,19726,1106,20832,239
2021-02-27,Plumas,063,18699,643,628,10,638,4
2021-02-27,Riverside,065,2383286,285848,279048,13265,292313,3663
2021-02-27,Sacramento,067,1510023,94718,93281,1237,94518,1396
2021-02-27,San Benito,069,59416,5740,5767,88,5855,57
2021-02-27,San Bernardino,071,2135413,286219,281471,8489,289960,3527
2021-02-27,San Diego,073,3302833,264505,260091,12895,272986,3284
2021-02-27,San Francisco,075,870044,34255,34260,1055,35315,413
2021-02-27,San Joaquin,077,732212,66962,65578,2718,68296,1100
2021-02-27,San Luis Obispo,079,281455,19726,19411,551,19962,237
2021-02-27,San Mateo,081,765935,39563,38998,403,39401,313
2021-02-27,Santa Barbara,083,443738,32365,31805,1029,32834,411
2021-02-27,Santa Clara,085,1922200,110640,110361,575,110936,1703
2021-02-27,Santa Cruz,087,273765,15445,14552,767,15319,185
2021-02-27,Shasta,089,179085,10960,10985,1223,12208,149
2021-02-27,Sierra,091,2930,51,48,12,60,0
2021-02-27,Siskiyou,093,43540,1503,1407,230,1637,5
2021-02-27,Solano,095,438530,29887,29718,356,30074,165
2021-02-27,Sonoma,097,501317,28095,28141,210,28351,281
2021-02-27,Stanislaus,099,539301,50786,50147,5296,55443,733
2021-02-27,Sutter,101,95872,8839,8820,79,8899,99
2021-02-27,Tehama,103,63373,4607,4584,484,5068,32
2021-02-27,Trinity,105,12862,468,298,76,374,3
2021-02-27,Tulare,107,460477,48313,47209,7905,55114,770
2021-02-27,Tuolumne,109,53932,3848,3899,35,3934,53
2021-02-27,Ventura,111,848112,78047,77623,2749,80372,771
2021-02-27,Yolo,113,214977,12918,12834,145,12979,188
2021-02-27,Yuba,115,75493,5511,5450,86,5536,39
2021-02-26,Alameda,001,1643700,80975,80387,1691,82078,1106
2021-02-26,Alpine,003,1148,80,77,0,77,0
2021-02-26,Amador,005,37829,3469,3457,29,3486,42
2021-02-26,Butte,007,227075,11353,10941,1608,12549,180
2021-02-26,Calaveras,009,45235,1907,1873,11,1884,46
2021-02-26,Colusa,011,21464,1875,1865,263,2128,11
2021-02-26,Contra Costa,013,1133247,63243,62114,1055,63169,685
2021-02-26,Del Norte,015,27424,1015,968,5,973,5
2021-02-26,El Dorado,017,186661,9167,9038,602,9640,98
2021-02-26,Fresno,019,978130,96485,95202,7629,102831,1391
2021-02-26,Glenn,021,27897,2253,2220,489,2709,15
2021-02-26,Humboldt,023,135768,3176,3152,22,3174,30
2021-02-26,Imperial,025,180216,27234,26888,2438,29326,631
2021-02-26,Inyo,027,18085,1306,1271,9,1280,34
2021-02-26,Kern,029,883053,93495,91884,9702,101586,997
2021-02-26,Kings,031,150075,22263,21917,951,22868,216
2021-02-26,Lake,033,64148,3193,3153,6,3159,40
2021-02-26,Lassen,035,31185,5123,5102,95,5197,1
2021-02-26,Los Angeles,037,10098052,1173464,1153131,38348,1191479,21070
2021-02-26,Madera,039,155013,15641,15436,815,16251,199
2021-02-26,Marin,041,260295,13236,13091,158,13249,214
2021-02-26,Mariposa,043,17540,377,375,5,380,4
2021-02-26,Mendocino,045,87422,3639,3549,72,3621,41
2021-02-26,Merced,047,269075,28451,28455,911,29366,382
2021-02-26,Modoc,049,8938,340,330,113,443,3
2021-02-26,Mono,051,14174,1182,1191,15,1206,3
2021-02-26,Monterey,053,433212,41961,41607,1663,43270,322
2021-02-26,Napa,055,140530,9064,9014,31,9045,70
2021-02-26,Nevada,057,99092,4020,3952,160,4112,66
2021-02-26,Orange,059,3164182,247241,245278,10118,255396,3918
2021-02-26,Placer,061,380077,20593,19712,1100,20812,239
2021-02-26,Plumas,063,18699,643,628,10,638,4
2021-02-26,Riverside,065,2383286,285704,278772,13259,292031,3653
2021-02-26,Sacramento,067,1510023,94595,93180,1234,94414,1390
2021-02-26,San Benito,069,59416,5739,5759,88,5847,57
2021-02-26,San Bernardino,071,2135413,286119,281132,8487,289619,3461
2021-02-26,San Diego,073,3302833,264277,259641,12874,272515,3271
2021-02-26,San Francisco,075,870044,34225,34213,1052,35265,413
2021-02-26,San Joaquin,077,732212,66881,65492,2712,68204,1070
2021-02-26,San Luis Obispo,079,281455,19710,19359,549,19908,234
2021-02-26,San Mateo,081,765935,39518,38922,403,39325,313
2021-02-26,Santa Barbara,083,443738,32321,31724,1028,32752,410
2021-02-26,Santa Clara,085,1922200,110508,110168,573,110741,1700
2021-02-26,Santa Cruz,087,273765,15433,14528,766,15294,185
2021-02-26,Shasta,089,179085,10953,10972,1214,12186,149
2021-02-26,Sierra,091,2930,51,47,12,59,0
2021-02-26,Siskiyou,093,43540,1503,1401,229,1630,5
2021-02-26,Solano,095,438530,29853,29651,355,30006,165
2021-02-26,Sonoma,097,501317,28066,28063,209,28272,280
2021-02-26,Stanislaus,099,539301,50730,50054,5288,55342,737
2021-02-26,Sutter,101,95872,8830,8806,79,8885,99
2021-02-26,Tehama,103,63373,4605,4581,484,5065,32
2021-02-26,Trinity,105,12862,467,298,76,374,3
2021-02-26,Tulare,107,460477,48278,47135,7876,55011,770
2021-02-26,Tuolumne,109,53932,3847,3896,35,3931,53
2021-02-26,Ventura,111,848112,77947,77534,2745,80279,765
2021-02-26,Yolo,113,214977,12911,12816,145,12961,188
2021-02-26,Yuba,115,75493,5506,5438,86,5524,39
2021-02-25,Alameda,001,1643700,80854,80181,1690,81871,1093
2021-02-25,Alpine,003,1148,80,77,0,77,0
2021-02-25,Amador,005,37829,3466,3448,29,3477,41
2021-02-25,Butte,007,227075,11332,10922,1603,12525,178
2021-02-25,Calaveras,009,45235,1899,1868,11,1879,46
2021-02-25,Colusa,011,21464,1872,1863,262,2125,11
2021-02-25,Contra Costa,013,1133247,63141,61910,1055,62965,686
2021-02-25,Del Norte,015,27424,1005,966,5,971,5
2021-02-25,El Dorado,017,186661,9151,9012,602,9614,98
2021-02-25,Fresno,019,978130,96341,95015,7608,102623,1377
2021-02-25,Glenn,021,27897,2250,2219,488,2707,15
2021-02-25,Humboldt,023,135768,3169,3129,22,3151,30
2021-02-25,Imperial,025,180216,27227,26855,2434,29289,628
2021-02-25,Inyo,027,18085,1300,1264,9,1273,33
2021-02-25,Kern,029,883053,93379,91735,9677,101412,992
2021-02-25,Kings,031,150075,22254,21900,948,22848,216
2021-02-25,Lake,033,64148,3184,3141,6,3147,40
2021-02-25,Lassen,035,31185,5122,5097,94,5191,1
2021-02-25,Los Angeles,037,10098052,1172717,1151846,38290,1190136,20931
2021-02-25,Madera,039,155013,15606,15414,811,16225,194
2021-02-25,Marin,041,260295,13213,13067,158,13225,214
2021-02-25,Mariposa,043,17540,377,375,5,380,4
2021-02-25,Mendocino,045,87422,3634,3542,72,3614,41
2021-02-25,Merced,047,269075,28402,28383,909,29292,382
2021-02-25,Modoc,049,8938,340,329,113,442,3
2021-02-25,Mono,051,14174,1181,1190,15,1205,3
2021-02-25,Monterey,053,433212,41936,41564,1658,43222,321
2021-02-25,Napa,055,140530,9038,8998,31,9029,70
2021-02-25,Nevada,057,99092,4003,3940,159,4099,66
2021-02-25,Orange,059,3164182,247068,245000,10108,255108,3882
2021-02-25,Placer,061,380077,20554,19661,1098,20759,239
2021-02-25,Plumas,063,18699,643,626,10,636,4
2021-02-25,Riverside,065,2383286,285516,278544,13239,291783,3646
2021-02-25,Sacramento,067,1510023,94437,92961,1222,94183,1386
2021-02-25,San Benito,069,59416,5734,5752,88,5840,58
2021-02-25,San Bernardino,071,2135413,285984,280946,8479,289425,3409
2021-02-25,San Diego,073,3302833,263983,258979,12844,271823,3260
2021-02-25,San Francisco,075,870044,34182,34138,1050,35188,408
2021-02-25,San Joaquin,077,732212,66797,65389,2700,68089,1047
2021-02-25,San Luis Obispo,079,281455,19689,19335,547,19882,234
2021-02-25,San Mateo,081,765935,39471,38872,403,39275,300
2021-02-25,Santa Barbara,083,443738,32244,31631,1027,32658,408
2021-02-25,Santa Clara,085,1922200,110343,109923,572,110495,1677
2021-02-25,Santa Cruz,087,273765,15414,14492,765,15257,185
2021-02-25,Shasta,089,179085,10941,10947,1209,12156,148
2021-02-25,Sierra,091,2930,51,47,12,59,0
2021-02-25,Siskiyou,093,43540,1498,1390,226,1616,4
2021-02-25,Solano,095,438530,29821,29616,355,29971,161
2021-02-25,Sonoma,097,501317,28012,28004,206,28210,278
2021-02-25,Stanislaus,099,539301,50639,49964,5278,55242,738
2021-02-25,Sutter,101,95872,8816,8789,78,8867,99
2021-02-25,Tehama,103,63373,4602,4578,482,5060,32
2021-02-25,Trinity,105,12862,467,297,76,373,3
2021-02-25,Tulare,107,460477,48228,47052,7850,54902,765
2021-02-25,Tuolumne,109,53932,3844,3894,35,3929,53
2021-02-25,Ventura,111,848112,77839,77395,2739,80134,751
2021-02-25,Yolo,113,214977,12894,12787,145,12932,188
2021-02-25,Yuba,115,75493,5499,5429,86,5515,39
2021-02-24,Alameda,001,1643700,80734,80070,1686,81756,1082
2021-02-24,Alpine,003,1148,79,77,0,77,0
2021-02-24,Amador,005,37829,3461,3444,29,3473,41
2021-02-24,Butte,007,227075,11319,10915,1599,12514,178
2021-02-24,Calaveras,009,45235,1895,1864,11,1875,31
2021-02-24,Colusa,011,21464,1870,1863,262,2125,11
2021-02-24,Contra Costa,013,1133247,63033,61776,1055,62831,663
2021-02-24,Del Norte,015,27424,1004,960,4,964,5
2021-02-24,El Dorado,017,186661,9138,8993,602,9595,98
2021-02-24,Fresno,019,978130,96193,94794,7592,102386,1369
2021-02-24,Glenn,021,27897,2249,2210,488,2698,14
2021-02-24,Humboldt,023,135768,3157,3123,22,3145,29
2021-02-24,Imperial,025,180216,27214,26843,2429,29272,596
2021-02-24,Inyo,027,18085,1295,1253,9,1262,32
2021-02-24,Kern,029,883053,93246,91525,9661,101186,992
2021-02-24,Kings,031,150075,22229,21871,946,22817,216
2021-02-24,Lake,033,64148,3177,3134,6,3140,40
2021-02-24,Lassen,035,31185,5118,5095,93,5188,1
2021-02-24,Los Angeles,037,10098052,1171955,1150322,38251,1188573,20817
2021-02-24,Madera,039,155013,15579,15390,811,16201,194
2021-02-24,Marin,041,260295,13190,13044,157,13201,214
2021-02-24,Mariposa,043,17540,377,374,5,379,4
2021-02-24,Mendocino,045,87422,3627,3540,72,3612,41
2021-02-24,Merced,047,269075,28364,28295,905,29200,383
2021-02-24,Modoc,049,8938,339,329,113,442,3
2021-02-24,Mono,051,14174,1179,1189,15,1204,3
2021-02-24,Monterey,053,433212,41911,41495,1656,43151,320
2021-02-24,Napa,055,140530,9021,8976,31,9007,70
2021-02-24,Nevada,057,99092,3993,3927,159,4086,66
2021-02-24,Orange,059,3164182,246850,244743,10095,254838,3835
2021-02-24,Placer,061,380077,20515,19648,1092,20740,239
2021-02-24,Plumas,063,18699,641,626,10,636,4
2021-02-24,Riverside,065,2383286,285288,278293,13230,291523,3603
2021-02-24,Sacramento,067,1510023,94283,92742,1217,93959,1375
2021-02-24,San Benito,069,59416,5733,5743,88,5831,57
2021-02-24,San Bernardino,071,2135413,285832,280583,8475,289058,3360
2021-02-24,San Diego,073,3302833,263687,258460,12828,271288,3230
2021-02-24,San Francisco,075,870044,34136,34061,1047,35108,406
2021-02-24,San Joaquin,077,732212,66687,65274,2698,67972,1019
2021-02-24,San Luis Obispo,079,281455,19666,19309,545,19854,233
2021-02-24,San Mateo,081,765935,39434,38763,403,39166,300
2021-02-24,Santa Barbara,083,443738,32192,31563,1024,32587,405
2021-02-24,Santa Clara,085,1922200,110195,109671,571,110242,1674
2021-02-24,Santa Cruz,087,273765,15393,14458,765,15223,185
2021-02-24,Shasta,089,179085,10928,10922,1206,12128,148
2021-02-24,Sierra,091,2930,51,47,12,59,0
2021-02-24,Siskiyou,093,43540,1491,1385,222,1607,4
2021-02-24,Solano,095,438530,29782,29577,353,29930,158
2021-02-24,Sonoma,097,501317,27948,27954,202,28156,278
2021-02-24,Stanislaus,099,539301,50568,49851,5271,55122,732
2021-02-24,Sutter,101,95872,8806,8778,78,8856,99
2021-02-24,Tehama,103,63373,4599,4566,482,5048,31
2021-02-24,Trinity,105,12862,467,294,75,369,3
2021-02-24,Tulare,107,460477,48172,46976,7822,54798,759
2021-02-24,Tuolumne,109,53932,3841,3887,35,3922,53
2021-02-24,Ventura,111,848112,77731,77238,2738,79976,718
2021-02-24,Yolo,113,214977,12881,12760,145,12905,188
2021-02-24,Yuba,115,75493,5488,5425,84,5509,39
2021-02-23,Alameda,001,1643700,80596,79948,1684,81632,1070
2021-02-23,Alpine,003,1148,78,77,0,77,0
2021-02-23,Amador,005,37829,3459,3440,29,3469,41
2021-02-23,Butte,007,227075,11303,10887,1596,12483,176
2021-02-23,Calaveras,009,45235,1894,1863,11,1874,21
2021-02-23,Colusa,011,21464,1867,1862,262,2124,11
2021-02-23,Contra Costa,013,1133247,62899,61613,1052,62665,661
2021-02-23,Del Norte,015,27424,1002,953,4,957,3
2021-02-23,El Dorado,017,186661,9125,8969,602,9571,96
2021-02-23,Fresno,019,978130,96032,94741,7578,102319,1356
2021-02-23,Glenn,021,27897,2247,2209,488,2697,14
2021-02-23,Humboldt,023,135768,3140,3108,22,3130,29
2021-02-23,Imperial,025,180216,27194,26816,2424,29240,591
2021-02-23,Inyo,027,18085,1291,1250,9,1259,32
2021-02-23,Kern,029,883053,93107,91390,9633,101023,982
2021-02-23,Kings,031,150075,22214,21839,942,22781,216
2021-02-23,Lake,033,64148,3169,3121,6,3127,40
2021-02-23,Lassen,035,31185,5115,5092,93,5185,1
2021-02-23,Los Angeles,037,10098052,1171081,1148965,38199,1187164,19887
2021-02-23,Madera,039,155013,15565,15352,805,16157,193
2021-02-23,Marin,041,260295,13170,13015,156,13171,214
2021-02-23,Mariposa,043,17540,377,374,5,379,4
2021-02-23,Mendocino,045,87422,3625,3540,71,3611,41
2021-02-23,Merced,047,269075,28284,28209,898,29107,381
2021-02-23,Modoc,049,8938,338,328,112,440,3
2021-02-23,Mono,051,14174,1179,1189,15,1204,3
2021-02-23,Monterey,053,433212,41872,41439,1651,43090,317
2021-02-23,Napa,055,140530,9009,8967,31,8998,70
2021-02-23,Nevada,057,99092,3985,3912,159,4071,66
2021-02-23,Orange,059,3164182,246652,244566,10077,254643,3843
2021-02-23,Placer,061,380077,20490,19608,1088,20696,238
2021-02-23,Plumas,063,18699,640,626,10,636,4
2021-02-23,Riverside,065,2383286,285051,278075,13216,291291,3599
2021-02-23,Sacramento,067,1510023,94126,92632,1211,93843,1370
2021-02-23,San Benito,069,59416,5727,5731,87,5818,57
2021-02-23,San Bernardino,071,2135413,285644,280279,8470,288749,3283
2021-02-23,San Diego,073,3302833,263310,257802,12798,270600,3218
2021-02-23,San Francisco,075,870044,34087,33994,1046,35040,405
2021-02-23,San Joaquin,077,732212,66587,65141,2691,67832,1004
2021-02-23,San Luis Obispo,079,281455,19637,19233,544,19777,230
2021-02-23,San Mateo,081,765935,39373,38662,403,39065,299
2021-02-23,Santa Barbara,083,443738,32137,31483,1023,32506,402
2021-02-23,Santa Clara,085,1922200,109998,109449,568,110017,1661
2021-02-23,Santa Cruz,087,273765,15364,14435,763,15198,178
2021-02-23,Shasta,089,179085,10916,10903,1202,12105,146
2021-02-23,Sierra,091,2930,51,47,12,59,0
2021-02-23,Siskiyou,093,43540,1486,1380,220,1600,4
2021-02-23,Solano,095,438530,29742,29545,350,29895,154
2021-02-23,Sonoma,097,501317,27905,27882,199,28081,278
2021-02-23,Stanislaus,099,539301,50490,49749,5255,55004,722
2021-02-23,Sutter,101,95872,8793,8766,78,8844,98
2021-02-23,Tehama,103,63373,4593,4556,481,5037,30
2021-02-23,Trinity,105,12862,467,292,74,366,3
2021-02-23,Tulare,107,460477,48094,46937,7789,54726,757
2021-02-23,Tuolumne,109,53932,3837,3864,35,3899,53
2021-02-23,Ventura,111,848112,77615,77093,2729,79822,689
2021-02-23,Yolo,113,214977,12852,12729,145,12874,188
2021-02-23,Yuba,115,75493,5475,5417,83,5500,38
2021-02-22,Alameda,001,1643700,80444,79796,1680,81476,1062
2021-02-22,Alpine,003,1148,78,77,0,77,0
2021-02-22,Amador,005,37829,3454,3438,29,3467,39
2021-02-22,Butte,007,227075,11290,10855,1591,12446,176
2021-02-22,Calaveras,009,45235,1892,1862,11,1873,21
2021-02-22,Colusa,011,21464,1867,1860,262,2122,11
2021-02-22,Contra Costa,013,1133247,62771,61478,1051,62529,661
2021-02-22,Del Norte,015,27424,1001,948,4,952,3
2021-02-22,El Dorado,017,186661,9108,8940,602,9542,96
2021-02-22,Fresno,019,978130,95870,94584,7561,102145,1351
2021-02-22,Glenn,021,27897,2242,2207,486,2693,14
2021-02-22,Humboldt,023,135768,3128,3095,22,3117,29
2021-02-22,Imperial,025,180216,27172,26778,2417,29195,590
2021-02-22,Inyo,027,18085,1286,1248,9,1257,32
2021-02-22,Kern,029,883053,92990,91201,9611,100812,982
2021-02-22,Kings,031,150075,22191,21801,939,22740,214
2021-02-22,Lake,033,64148,3163,3107,6,3113,40
2021-02-22,Lassen,035,31185,5115,5088,92,5180,1
2021-02-22,Los Angeles,037,10098052,1170218,1147541,38141,1185682,19730
2021-02-22,Madera,039,155013,15540,15325,801,16126,193
2021-02-22,Marin,041,260295,13145,12991,153,13144,213
2021-02-22,Mariposa,043,17540,376,374,5,379,4
2021-02-22,Mendocino,045,87422,3619,3535,71,3606,41
2021-02-22,Merced,047,269075,28221,28166,895,29061,379
2021-02-22,Modoc,049,8938,338,329,112,441,3
2021-02-22,Mono,051,14174,1175,1189,15,1204,3
2021-02-22,Monterey,053,433212,41827,41397,1645,43042,311
2021-02-22,Napa,055,140530,8982,8950,31,8981,69
2021-02-22,Nevada,057,99092,3976,3900,157,4057,66
2021-02-22,Orange,059,3164182,246416,244118,10059,254177,3843
2021-02-22,Placer,061,380077,20453,19587,1080,20667,238
2021-02-22,Plumas,063,18699,640,625,10,635,4
2021-02-22,Riverside,065,2383286,284789,277730,13208,290938,3567
2021-02-22,Sacramento,067,1510023,93959,92476,1201,93677,1359
2021-02-22,San Benito,069,59416,5725,5723,87,5810,57
2021-02-22,San Bernardino,071,2135413,285467,279984,8457,288441,3259
2021-02-22,San Diego,073,3302833,262900,257348,12765,270113,3189
2021-02-22,San Francisco,075,870044,34028,33947,1041,34988,405
2021-02-22,San Joaquin,077,732212,66491,65060,2678,67738,1001
2021-02-22,San Luis Obispo,079,281455,19600,19198,542,19740,229
2021-02-22,San Mateo,081,765935,39316,38542,400,38942,282
2021-02-22,Santa Barbara,083,443738,32071,31421,1020,32441,399
2021-02-22,Santa Clara,085,1922200,109789,109213,557,109770,1655
2021-02-22,Santa Cruz,087,273765,15338,14417,763,15180,176
2021-02-22,Shasta,089,179085,10901,10872,1197,12069,145
2021-02-22,Sierra,091,2930,51,47,12,59,0
2021-02-22,Siskiyou,093,43540,1480,1373,219,1592,4
2021-02-22,Solano,095,438530,29703,29508,349,29857,150
2021-02-22,Sonoma,097,501317,27860,27845,198,28043,278
2021-02-22,Stanislaus,099,539301,50388,49630,5237,54867,722
2021-02-22,Sutter,101,95872,8785,8698,78,8776,98
2021-02-22,Tehama,103,63373,4590,4550,480,5030,30
2021-02-22,Trinity,105,12862,467,287,73,360,3
2021-02-22,Tulare,107,460477,48032,46879,7757,54636,751
2021-02-22,Tuolumne,109,53932,3833,3856,35,3891,53
2021-02-22,Ventura,111,848112,77487,76947,2724,79671,677
2021-02-22,Yolo,113,214977,12825,12689,145,12834,183
2021-02-22,Yuba,115,75493,5472,5404,82,5486,38
2021-02-21,Alameda,001,1643700,80251,79649,1676,81325,1061
2021-02-21,Alpine,003,1148,78,77,0,77,0
2021-02-21,Amador,005,37829,3446,3435,29,3464,39
2021-02-21,Butte,007,227075,11272,10855,1589,12444,176
2021-02-21,Calaveras,009,45235,1891,1860,11,1871,21
2021-02-21,Colusa,011,21464,1866,1860,258,2118,11
2021-02-21,Contra Costa,013,1133247,62616,61364,1048,62412,661
2021-02-21,Del Norte,015,27424,995,942,4,946,3
2021-02-21,El Dorado,017,186661,9090,8927,601,9528,96
2021-02-21,Fresno,019,978130,95728,94374,7545,101919,1349
2021-02-21,Glenn,021,27897,2240,2201,484,2685,14
2021-02-21,Humboldt,023,135768,3116,3096,22,3118,29
2021-02-21,Imperial,025,180216,27158,26779,2415,29194,590
2021-02-21,Inyo,027,18085,1280,1232,9,1241,32
2021-02-21,Kern,029,883053,92865,91141,9573,100714,980
2021-02-21,Kings,031,150075,22155,21784,937,22721,213
2021-02-21,Lake,033,64148,3155,3100,6,3106,40
2021-02-21,Lassen,035,31185,5107,5077,92,5169,1
2021-02-21,Los Angeles,037,10098052,1169176,1146756,38097,1184853,19711
2021-02-21,Madera,039,155013,15507,15298,798,16096,192
2021-02-21,Marin,041,260295,13116,12968,153,13121,212
2021-02-21,Mariposa,043,17540,376,373,5,378,4
2021-02-21,Mendocino,045,87422,3614,3535,71,3606,41
2021-02-21,Merced,047,269075,28147,28106,880,28986,379
2021-02-21,Modoc,049,8938,335,329,112,441,3
2021-02-21,Mono,051,14174,1175,1189,15,1204,3
2021-02-21,Monterey,053,433212,41770,41373,1638,43011,309
2021-02-21,Napa,055,140530,8968,8929,31,8960,69
2021-02-21,Nevada,057,99092,3963,3895,157,4052,66
2021-02-21,Orange,059,3164182,246119,243985,10042,254027,3801
2021-02-21,Placer,061,380077,20417,19553,1076,20629,238
2021-02-21,Plumas,063,18699,640,625,10,635,4
2021-02-21,Riverside,065,2383286,284556,277555,13195,290750,3564
2021-02-21,Sacramento,067,1510023,93749,92288,1191,93479,1354
2021-02-21,San Benito,069,59416,5715,5716,84,5800,57
2021-02-21,San Bernardino,071,2135413,285243,279870,8443,288313,3247
2021-02-21,San Diego,073,3302833,262466,257027,12719,269746,3190
2021-02-21,San Francisco,075,870044,33963,33891,1037,34928,405
2021-02-21,San Joaquin,077,732212,66352,64997,2666,67663,1001
2021-02-21,San Luis Obispo,079,281455,19567,19178,540,19718,229
2021-02-21,San Mateo,081,765935,39254,38448,396,38844,282
2021-02-21,Santa Barbara,083,443738,32009,31374,1017,32391,399
2021-02-21,Santa Clara,085,1922200,109563,108992,549,109541,1654
2021-02-21,Santa Cruz,087,273765,15315,14401,762,15163,176
2021-02-21,Shasta,089,179085,10887,10867,1192,12059,145
2021-02-21,Sierra,091,2930,51,47,12,59,0
2021-02-21,Siskiyou,093,43540,1474,1371,219,1590,4
2021-02-21,Solano,095,438530,29648,29471,348,29819,150
2021-02-21,Sonoma,097,501317,27796,27793,191,27984,278
2021-02-21,Stanislaus,099,539301,50275,49527,5223,54750,726
2021-02-21,Sutter,101,95872,8768,8687,77,8764,97
2021-02-21,Tehama,103,63373,4581,4547,480,5027,30
2021-02-21,Trinity,105,12862,465,286,73,359,3
2021-02-21,Tulare,107,460477,47964,46830,7722,54552,749
2021-02-21,Tuolumne,109,53932,3819,3828,35,3863,53
2021-02-21,Ventura,111,848112,77338,76862,2711,79573,677
2021-02-21,Yolo,113,214977,12794,12670,144,12814,183
2021-02-21,Yuba,115,75493,5464,5396,81,5477,38
2021-02-20,Alameda,001,1643700,80160,79496,1671,81167,1055
2021-02-20,Alpine,003,1148,78,77,0,77,0
2021-02-20,Amador,005,37829,3444,3432,29,3461,39
2021-02-20,Butte,007,227075,11264,10838,1588,12426,176
2021-02-20,Calaveras,009,45235,1890,1858,11,1869,21
2021-02-20,Colusa,011,21464,1865,1858,258,2116,11
2021-02-20,Contra Costa,013,1133247,62532,61205,1046,62251,663
2021-02-20,Del Norte,015,27424,991,937,4,941,3
2021-02-20,El Dorado,017,186661,9080,8911,600,9511,96
2021-02-20,Fresno,019,978130,95644,94234,7525,101759,1341
2021-02-20,Glenn,021,27897,2236,2199,483,2682,14
2021-02-20,Humboldt,023,135768,3108,3073,22,3095,29
2021-02-20,Imperial,025,180216,27148,26771,2415,29186,590
2021-02-20,Inyo,027,18085,1276,1226,9,1235,32
2021-02-20,Kern,029,883053,92794,91025,9541,100566,968
2021-02-20,Kings,031,150075,22137,21773,936,22709,212
2021-02-20,Lake,033,64148,3148,3089,6,3095,40
2021-02-20,Lassen,035,31185,5105,5067,92,5159,1
2021-02-20,Los Angeles,037,10098052,1168606,1145594,38057,1183651,19630
2021-02-20,Madera,039,155013,15487,15274,797,16071,191
2021-02-20,Marin,041,260295,13095,12945,151,13096,211
2021-02-20,Mariposa,043,17540,376,372,5,377,4
2021-02-20,Mendocino,045,87422,3612,3533,71,3604,40
2021-02-20,Merced,047,269075,28104,28066,877,28943,379
2021-02-20,Modoc,049,8938,335,328,112,440,3
2021-02-20,Mono,051,14174,1174,1187,15,1202,3
2021-02-20,Monterey,053,433212,41748,41313,1636,42949,309
2021-02-20,Napa,055,140530,8959,8910,31,8941,69
2021-02-20,Nevada,057,99092,3953,3887,156,4043,66
2021-02-20,Orange,059,3164182,245950,243761,10028,253789,3755
2021-02-20,Placer,061,380077,20376,19509,1072,20581,236
2021-02-20,Plumas,063,18699,640,626,10,636,4
2021-02-20,Riverside,065,2383286,284402,277267,13186,290453,3559
2021-02-20,Sacramento,067,1510023,93626,92057,1189,93246,1352
2021-02-20,San Benito,069,59416,5704,5709,84,5793,57
2021-02-20,San Bernardino,071,2135413,285141,279608,8438,288046,3203
2021-02-20,San Diego,073,3302833,262224,256510,12690,269200,3188
2021-02-20,San Francisco,075,870044,33921,33820,1029,34849,399
2021-02-20,San Joaquin,077,732212,66282,64916,2661,67577,1001
2021-02-20,San Luis Obispo,079,281455,19543,19138,539,19677,229
2021-02-20,San Mateo,081,765935,39210,38371,395,38766,282
2021-02-20,Santa Barbara,083,443738,31975,31289,1016,32305,396
2021-02-20,Santa Clara,085,1922200,109385,108728,546,109274,1649
2021-02-20,Santa Cruz,087,273765,15304,14378,760,15138,176
2021-02-20,Shasta,089,179085,10873,10850,1187,12037,146
2021-02-20,Sierra,091,2930,51,47,12,59,0
2021-02-20,Siskiyou,093,43540,1471,1366,219,1585,4
2021-02-20,Solano,095,438530,29634,29440,346,29786,150
2021-02-20,Sonoma,097,501317,27767,27703,189,27892,278
2021-02-20,Stanislaus,099,539301,50224,49445,5209,54654,733
2021-02-20,Sutter,101,95872,8762,8681,77,8758,97
2021-02-20,Tehama,103,63373,4576,4545,480,5025,30
2021-02-20,Trinity,105,12862,464,285,72,357,3
2021-02-20,Tulare,107,460477,47928,46769,7700,54469,739
2021-02-20,Tuolumne,109,53932,3814,3823,35,3858,53
2021-02-20,Ventura,111,848112,77243,76757,2708,79465,671
2021-02-20,Yolo,113,214977,12780,12639,144,12783,183
2021-02-20,Yuba,115,75493,5461,5386,81,5467,38
2021-02-19,Alameda,001,1643700,80059,79318,1667,80985,1047
2021-02-19,Alpine,003,1148,78,77,0,77,0
2021-02-19,Amador,005,37829,3440,3427,29,3456,39
2021-02-19,Butte,007,227075,11250,10823,1581,12404,176
2021-02-19,Calaveras,009,45235,1889,1856,11,1867,21
2021-02-19,Colusa,011,21464,1865,1858,258,2116,11
2021-02-19,Contra Costa,013,1133247,62420,61017,1043,62060,651
2021-02-19,Del Norte,015,27424,986,932,4,936,2
2021-02-19,El Dorado,017,186661,9071,8882,599,9481,96
2021-02-19,Fresno,019,978130,95514,93973,7509,101482,1330
2021-02-19,Glenn,021,27897,2231,2199,482,2681,14
2021-02-19,Humboldt,023,135768,3096,3037,22,3059,29
2021-02-19,Imperial,025,180216,27142,26751,2412,29163,589
2021-02-19,Inyo,027,18085,1271,1212,9,1221,32
2021-02-19,Kern,029,883053,92725,90807,9501,100308,963
2021-02-19,Kings,031,150075,22123,21724,934,22658,211
2021-02-19,Lake,033,64148,3142,3078,6,3084,40
2021-02-19,Lassen,035,31185,5104,5057,92,5149,1
2021-02-19,Los Angeles,037,10098052,1167855,1143828,38017,1181845,19498
2021-02-19,Madera,039,155013,15470,15222,795,16017,188
2021-02-19,Marin,041,260295,13077,12919,150,13069,210
2021-02-19,Mariposa,043,17540,376,371,5,376,4
2021-02-19,Mendocino,045,87422,3610,3526,71,3597,39
2021-02-19,Merced,047,269075,28074,27985,874,28859,376
2021-02-19,Modoc,049,8938,335,328,112,440,3
2021-02-19,Mono,051,14174,1174,1186,15,1201,3
2021-02-19,Monterey,053,433212,41721,41209,1632,42841,309
2021-02-19,Napa,055,140530,8946,8899,31,8930,69
2021-02-19,Nevada,057,99092,3947,3863,156,4019,66
2021-02-19,Orange,059,3164182,245774,243397,10016,253413,3715
2021-02-19,Placer,061,380077,20354,19457,1072,20529,236
2021-02-19,Plumas,063,18699,638,624,10,634,4
2021-02-19,Riverside,065,2383286,284233,276941,13169,290110,3541
2021-02-19,Sacramento,067,1510023,93506,91815,1185,93000,1351
2021-02-19,San Benito,069,59416,5699,5699,84,5783,57
2021-02-19,San Bernardino,071,2135413,285005,279209,8433,287642,3117
2021-02-19,San Diego,073,3302833,261933,255799,12667,268466,3169
2021-02-19,San Francisco,075,870044,33873,33746,1023,34769,387
2021-02-19,San Joaquin,077,732212,66206,64774,2653,67427,988
2021-02-19,San Luis Obispo,079,281455,19512,19061,537,19598,230
2021-02-19,San Mateo,081,765935,39152,38256,393,38649,282
2021-02-19,Santa Barbara,083,443738,31911,31204,1015,32219,392
2021-02-19,Santa Clara,085,1922200,109173,108400,544,108944,1634
2021-02-19,Santa Cruz,087,273765,15289,14354,760,15114,176
2021-02-19,Shasta,089,179085,10862,10833,1184,12017,140
2021-02-19,Sierra,091,2930,51,47,12,59,0
2021-02-19,Siskiyou,093,43540,1467,1363,217,1580,4
2021-02-19,Solano,095,438530,29609,29383,345,29728,150
2021-02-19,Sonoma,097,501317,27720,27595,187,27782,280
2021-02-19,Stanislaus,099,539301,50162,49282,5193,54475,739
2021-02-19,Sutter,101,95872,8752,8665,77,8742,96
2021-02-19,Tehama,103,63373,4574,4535,480,5015,30
2021-02-19,Trinity,105,12862,462,282,70,352,3
2021-02-19,Tulare,107,460477,47883,46662,7675,54337,736
2021-02-19,Tuolumne,109,53932,3807,3817,35,3852,52
2021-02-19,Ventura,111,848112,77164,76582,2705,79287,667
2021-02-19,Yolo,113,214977,12764,12606,144,12750,183
2021-02-19,Yuba,115,75493,5451,5376,81,5457,38
2021-02-18,Alameda,001,1643700,79925,79111,1660,80771,1012
2021-02-18,Alpine,003,1148,78,77,0,77,0
2021-02-18,Amador,005,37829,3436,3417,28,3445,38
2021-02-18,Butte,007,227075,11232,10791,1579,12370,175
2021-02-18,Calaveras,009,45235,1884,1873,11,1884,21
2021-02-18,Colusa,011,21464,1863,1856,256,2112,11
2021-02-18,Contra Costa,013,1133247,62306,60868,1041,61909,640
2021-02-18,Del Norte,015,27424,981,929,4,933,2
2021-02-18,El Dorado,017,186661,9056,8850,598,9448,94
2021-02-18,Fresno,019,978130,95345,93734,7484,101218,1323
2021-02-18,Glenn,021,27897,2225,2195,482,2677,14
2021-02-18,Humboldt,023,135768,3084,3023,22,3045,29
2021-02-18,Imperial,025,180216,27116,26731,2405,29136,591
2021-02-18,Inyo,027,18085,1267,1213,8,1221,32
2021-02-18,Kern,029,883053,92571,90655,9471,100126,961
2021-02-18,Kings,031,150075,22099,21648,933,22581,211
2021-02-18,Lake,033,64148,3137,3066,6,3072,40
2021-02-18,Lassen,035,31185,5095,5052,92,5144,1
2021-02-18,Los Angeles,037,10098052,1166900,1141930,37954,1179884,19358
2021-02-18,Madera,039,155013,15448,15175,790,15965,188
2021-02-18,Marin,041,260295,13064,12895,149,13044,209
2021-02-18,Mariposa,043,17540,375,369,5,374,4
2021-02-18,Mendocino,045,87422,3607,3519,70,3589,39
2021-02-18,Merced,047,269075,28025,27870,868,28738,372
2021-02-18,Modoc,049,8938,333,327,111,438,3
2021-02-18,Mono,051,14174,1174,1182,15,1197,3
2021-02-18,Monterey,053,433212,41663,41091,1623,42714,307
2021-02-18,Napa,055,140530,8929,8877,31,8908,68
2021-02-18,Nevada,057,99092,3938,3836,155,3991,66
2021-02-18,Orange,059,3164182,245551,243098,9999,253097,3673
2021-02-18,Placer,061,380077,20327,19429,1071,20500,232
2021-02-18,Plumas,063,18699,638,624,10,634,4
2021-02-18,Riverside,065,2383286,283945,276595,13148,289743,3510
2021-02-18,Sacramento,067,1510023,93344,91476,1179,92655,1334
2021-02-18,San Benito,069,59416,5696,5697,83,5780,58
2021-02-18,San Bernardino,071,2135413,284796,278887,8419,287306,3066
2021-02-18,San Diego,073,3302833,261578,254987,12644,267631,3135
2021-02-18,San Francisco,075,870044,33815,33650,1020,34670,386
2021-02-18,San Joaquin,077,732212,66123,64634,2643,67277,982
2021-02-18,San Luis Obispo,079,281455,19470,18987,534,19521,230
2021-02-18,San Mateo,081,765935,39090,38185,389,38574,282
2021-02-18,Santa Barbara,083,443738,31833,31054,1008,32062,387
2021-02-18,Santa Clara,085,1922200,108948,108210,541,108751,1605
2021-02-18,Santa Cruz,087,273765,15263,14314,760,15074,176
2021-02-18,Shasta,089,179085,10844,10811,1181,11992,139
2021-02-18,Sierra,091,2930,50,47,12,59,0
2021-02-18,Siskiyou,093,43540,1462,1359,216,1575,4
2021-02-18,Solano,095,438530,29583,29349,344,29693,150
2021-02-18,Sonoma,097,501317,27653,27512,186,27698,281
2021-02-18,Stanislaus,099,539301,50062,49150,5176,54326,738
2021-02-18,Sutter,101,95872,8744,8654,77,8731,96
2021-02-18,Tehama,103,63373,4571,4528,480,5008,30
2021-02-18,Trinity,105,12862,461,282,70,352,3
2021-02-18,Tulare,107,460477,47820,46591,7636,54227,728
2021-02-18,Tuolumne,109,53932,3770,3811,35,3846,52
2021-02-18,Ventura,111,848112,77032,76442,2697,79139,659
2021-02-18,Yolo,113,214977,12738,12549,144,12693,183
2021-02-18,Yuba,115,75493,5434,5358,81,5439,38
2021-02-17,Alameda,001,1643700,79763,78895,1658,80553,1002
2021-02-17,Alpine,003,1148,78,77,0,77,0
2021-02-17,Amador,005,37829,3432,3415,28,3443,38
2021-02-17,Butte,007,227075,11214,10770,1575,12345,174
2021-02-17,Calaveras,009,45235,1884,1876,11,1887,21
2021-02-17,Colusa,011,21464,1860,1854,256,2110,10
2021-02-17,Contra Costa,013,1133247,62168,60723,1038,61761,635
2021-02-17,Del Norte,015,27424,974,920,4,924,2
2021-02-17,El Dorado,017,186661,9045,8847,598,9445,94
2021-02-17,Fresno,019,978130,95206,93555,7457,101012,1307
2021-02-17,Glenn,021,27897,2224,2189,481,2670,14
2021-02-17,Humboldt,023,135768,3069,3006,22,3028,29
2021-02-17,Imperial,025,180216,27102,26726,2401,29127,580
2021-02-17,Inyo,027,18085,1259,1197,8,1205,32
2021-02-17,Kern,029,883053,92453,90454,9427,99881,962
2021-02-17,Kings,031,150075,22061,21617,929,22546,211
2021-02-17,Lake,033,64148,3127,3057,2,3059,38
2021-02-17,Lassen,035,31185,5090,5052,91,5143,1
2021-02-17,Los Angeles,037,10098052,1165843,1139786,37892,1177678,19213
2021-02-17,Madera,039,155013,15423,15135,781,15916,177
2021-02-17,Marin,041,260295,13039,12881,149,13030,207
2021-02-17,Mariposa,043,17540,375,368,4,372,4
2021-02-17,Mendocino,045,87422,3605,3494,69,3563,39
2021-02-17,Merced,047,269075,27970,27824,859,28683,372
2021-02-17,Modoc,049,8938,333,327,111,438,3
2021-02-17,Mono,051,14174,1174,1180,15,1195,3
2021-02-17,Monterey,053,433212,41608,41014,1612,42626,304
2021-02-17,Napa,055,140530,8915,8865,31,8896,68
2021-02-17,Nevada,057,99092,3919,3822,152,3974,52
2021-02-17,Orange,059,3164182,245290,242716,9966,252682,3626
2021-02-17,Placer,061,380077,20293,19405,1067,20472,230
2021-02-17,Plumas,063,18699,637,623,10,633,4
2021-02-17,Riverside,065,2383286,283657,276289,13127,289416,3491
2021-02-17,Sacramento,067,1510023,93185,91309,1172,92481,1326
2021-02-17,San Benito,069,59416,5690,5661,83,5744,57
2021-02-17,San Bernardino,071,2135413,284593,278461,8399,286860,3020
2021-02-17,San Diego,073,3302833,261200,254177,12623,266800,3099
2021-02-17,San Francisco,075,870044,33739,33558,1015,34573,379
2021-02-17,San Joaquin,077,732212,66017,64556,2637,67193,979
2021-02-17,San Luis Obispo,079,281455,19425,18964,534,19498,230
2021-02-17,San Mateo,081,765935,39026,38124,389,38513,282
2021-02-17,Santa Barbara,083,443738,31765,30927,1007,31934,384
2021-02-17,Santa Clara,085,1922200,108716,107949,539,108488,1592
2021-02-17,Santa Cruz,087,273765,15230,14268,757,15025,174
2021-02-17,Shasta,089,179085,10824,10770,1180,11950,139
2021-02-17,Sierra,091,2930,50,47,12,59,0
2021-02-17,Siskiyou,093,43540,1456,1352,213,1565,4
2021-02-17,Solano,095,438530,29526,29288,344,29632,149
2021-02-17,Sonoma,097,501317,27581,27408,181,27589,281
2021-02-17,Stanislaus,099,539301,49949,49050,5160,54210,730
2021-02-17,Sutter,101,95872,8734,8681,77,8758,95
2021-02-17,Tehama,103,63373,4568,4511,480,4991,30
2021-02-17,Trinity,105,12862,461,277,68,345,3
2021-02-17,Tulare,107,460477,47755,46495,7611,54106,726
2021-02-17,Tuolumne,109,53932,3761,3806,35,3841,49
2021-02-17,Ventura,111,848112,76910,76234,2691,78925,646
2021-02-17,Yolo,113,214977,12719,12506,142,12648,182
2021-02-17,Yuba,115,75493,5425,5345,81,5426,38
2021-02-16,Alameda,001,1643700,79594,78756,1655,80411,997
2021-02-16,Alpine,003,1148,78,76,0,76,0
2021-02-16,Amador,005,37829,3425,3413,28,3441,39
2021-02-16,Butte,007,227075,11188,10748,1572,12320,164
2021-02-16,Calaveras,009,45235,1882,1872,11,1883,21
2021-02-16,Colusa,011,21464,1857,1852,254,2106,10
2021-02-16,Contra Costa,013,1133247,62017,60564,1033,61597,631
2021-02-16,Del Norte,015,27424,966,913,4,917,2
2021-02-16,El Dorado,017,186661,9035,8836,596,9432,94
2021-02-16,Fresno,019,978130,95041,93363,7427,100790,1293
2021-02-16,Glenn,021,27897,2220,2189,477,2666,14
2021-02-16,Humboldt,023,135768,3046,2994,21,3015,29
2021-02-16,Imperial,025,180216,27089,26711,2397,29108,580
2021-02-16,Inyo,027,18085,1251,1191,8,1199,32
2021-02-16,Kern,029,883053,92321,90267,9397,99664,959
2021-02-16,Kings,031,150075,22015,21583,925,22508,206
2021-02-16,Lake,033,64148,3120,3041,2,3043,38
2021-02-16,Lassen,035,31185,5078,5047,91,5138,1
2021-02-16,Los Angeles,037,10098052,1164590,1138262,37832,1176094,19044
2021-02-16,Madera,039,155013,15385,15120,776,15896,172
2021-02-16,Marin,041,260295,13011,12832,149,12981,205
2021-02-16,Mariposa,043,17540,375,367,4,371,4
2021-02-16,Mendocino,045,87422,3601,3489,69,3558,39
2021-02-16,Merced,047,269075,27889,27724,853,28577,368
2021-02-16,Modoc,049,8938,333,326,111,437,3
2021-02-16,Mono,051,14174,1174,1180,15,1195,3
2021-02-16,Monterey,053,433212,41532,40962,1603,42565,303
2021-02-16,Napa,055,140530,8902,8854,31,8885,66
2021-02-16,Nevada,057,99092,3906,3774,151,3925,47
2021-02-16,Orange,059,3164182,244969,242382,9950,252332,3612
2021-02-16,Placer,061,380077,20260,19367,1064,20431,230
2021-02-16,Plumas,063,18699,637,619,10,629,4
2021-02-16,Riverside,065,2383286,283350,275954,13105,289059,3471
2021-02-16,Sacramento,067,1510023,92931,91246,1166,92412,1305
2021-02-16,San Benito,069,59416,5682,5659,82,5741,56
2021-02-16,San Bernardino,071,2135413,284370,277947,8390,286337,2978
2021-02-16,San Diego,073,3302833,260735,253638,12584,266222,3042
2021-02-16,San Francisco,075,870044,33667,33491,1010,34501,373
2021-02-16,San Joaquin,077,732212,65887,64448,2634,67082,979
2021-02-16,San Luis Obispo,079,281455,19380,18925,531,19456,229
2021-02-16,San Mateo,081,765935,38967,38041,387,38428,277
2021-02-16,Santa Barbara,083,443738,31691,30865,1004,31869,378
2021-02-16,Santa Clara,085,1922200,108464,107754,536,108290,1591
2021-02-16,Santa Cruz,087,273765,15210,14256,756,15012,174
2021-02-16,Shasta,089,179085,10809,10736,1178,11914,139
2021-02-16,Sierra,091,2930,50,47,12,59,0
2021-02-16,Siskiyou,093,43540,1452,1351,213,1564,4
2021-02-16,Solano,095,438530,29488,29246,343,29589,148
2021-02-16,Sonoma,097,501317,27522,27380,175,27555,279
2021-02-16,Stanislaus,099,539301,49825,48927,5146,54073,716
2021-02-16,Sutter,101,95872,8711,8671,77,8748,95
2021-02-16,Tehama,103,63373,4559,4501,478,4979,30
2021-02-16,Trinity,105,12862,457,275,68,343,3
2021-02-16,Tulare,107,460477,47691,46444,7568,54012,716
2021-02-16,Tuolumne,109,53932,3759,3796,35,3831,49
2021-02-16,Ventura,111,848112,76768,76043,2688,78731,631
2021-02-16,Yolo,113,214977,12690,12457,142,12599,175
2021-02-16,Yuba,115,75493,5418,5332,80,5412,38
2021-02-15,Alameda,001,1643700,79397,78647,1644,80291,996
2021-02-15,Alpine,003,1148,78,76,0,76,0
2021-02-15,Amador,005,37829,3421,3409,28,3437,39
2021-02-15,Butte,007,227075,11170,10723,1568,12291,155
2021-02-15,Calaveras,009,45235,1878,1871,11,1882,21
2021-02-15,Colusa,011,21464,1857,1849,250,2099,10
2021-02-15,Contra Costa,013,1133247,61846,60444,1028,61472,631
2021-02-15,Del Norte,015,27424,962,913,4,917,2
2021-02-15,El Dorado,017,186661,9018,8816,596,9412,94
2021-02-15,Fresno,019,978130,94842,93231,7388,100619,1288
2021-02-15,Glenn,021,27897,2218,2185,476,2661,14
2021-02-15,Humboldt,023,135768,3039,2997,21,3018,29
2021-02-15,Imperial,025,180216,27069,26700,2394,29094,580
2021-02-15,Inyo,027,18085,1232,1184,8,1192,32
2021-02-15,Kern,029,883053,92177,90181,9367,99548,959
2021-02-15,Kings,031,150075,21970,21574,921,22495,205
2021-02-15,Lake,033,64148,3106,3030,1,3031,38
2021-02-15,Lassen,035,31185,5076,5047,90,5137,1
2021-02-15,Los Angeles,037,10098052,1163202,1137164,37771,1174935,18925
2021-02-15,Madera,039,155013,15354,15108,774,15882,106
2021-02-15,Marin,041,260295,12990,12810,146,12956,203
2021-02-15,Mariposa,043,17540,373,367,4,371,4
2021-02-15,Mendocino,045,87422,3589,3481,69,3550,39
2021-02-15,Merced,047,269075,27815,27656,846,28502,368
2021-02-15,Modoc,049,8938,333,326,111,437,3
2021-02-15,Mono,051,14174,1171,1178,15,1193,3
2021-02-15,Monterey,053,433212,41468,40911,1591,42502,302
2021-02-15,Napa,055,140530,8888,8837,31,8868,57
2021-02-15,Nevada,057,99092,3889,3767,150,3917,47
2021-02-15,Orange,059,3164182,244650,242176,9922,252098,3586
2021-02-15,Placer,061,380077,20234,19361,1063,20424,230
2021-02-15,Plumas,063,18699,637,620,10,630,4
2021-02-15,Riverside,065,2383286,282997,275771,13086,288857,3468
2021-02-15,Sacramento,067,1510023,92604,91091,1161,92252,1304
2021-02-15,San Benito,069,59416,5676,5649,82,5731,56
2021-02-15,San Bernardino,071,2135413,284119,277869,8382,286251,2945
2021-02-15,San Diego,073,3302833,260222,252940,12553,265493,3037
2021-02-15,San Francisco,075,870044,33594,33454,1004,34458,373
2021-02-15,San Joaquin,077,732212,65722,64382,2627,67009,979
2021-02-15,San Luis Obispo,079,281455,19327,18891,529,19420,227
2021-02-15,San Mateo,081,765935,38888,37969,384,38353,277
2021-02-15,Santa Barbara,083,443738,31588,30810,1001,31811,378
2021-02-15,Santa Clara,085,1922200,108234,107630,534,108164,1588
2021-02-15,Santa Cruz,087,273765,15178,14239,753,14992,175
2021-02-15,Shasta,089,179085,10789,10730,1173,11903,139
2021-02-15,Sierra,091,2930,50,47,12,59,0
2021-02-15,Siskiyou,093,43540,1444,1345,212,1557,4
2021-02-15,Solano,095,438530,29433,29225,343,29568,148
2021-02-15,Sonoma,097,501317,27438,27359,171,27530,276
2021-02-15,Stanislaus,099,539301,49698,48808,5133,53941,716
2021-02-15,Sutter,101,95872,8696,8652,77,8729,95
2021-02-15,Tehama,103,63373,4550,4492,477,4969,30
2021-02-15,Trinity,105,12862,456,274,68,342,3
2021-02-15,Tulare,107,460477,47620,46344,7529,53873,715
2021-02-15,Tuolumne,109,53932,3749,3794,35,3829,49
2021-02-15,Ventura,111,848112,76613,75889,2685,78574,629
2021-02-15,Yolo,113,214977,12654,12412,141,12553,175
2021-02-15,Yuba,115,75493,5401,5320,79,5399,38
2021-02-14,Alameda,001,1643700,79245,78442,1643,80085,995
2021-02-14,Alpine,003,1148,78,76,0,76,0
2021-02-14,Amador,005,37829,3416,3398,28,3426,39
2021-02-14,Butte,007,227075,11146,10717,1565,12282,155
2021-02-14,Calaveras,009,45235,1874,1866,11,1877,21
2021-02-14,Colusa,011,21464,1853,1845,247,2092,10
2021-02-14,Contra Costa,013,1133247,61696,60272,1025,61297,631
2021-02-14,Del Norte,015,27424,958,911,4,915,2
2021-02-14,El Dorado,017,186661,8986,8790,595,9385,94
2021-02-14,Fresno,019,978130,94671,93065,7365,100430,1287
2021-02-14,Glenn,021,27897,2215,2184,476,2660,14
2021-02-14,Humboldt,023,135768,3026,2992,21,3013,29
2021-02-14,Imperial,025,180216,27062,26696,2393,29089,580
2021-02-14,Inyo,027,18085,1226,1177,8,1185,32
2021-02-14,Kern,029,883053,92017,90038,9314,99352,959
2021-02-14,Kings,031,150075,21944,21538,919,22457,205
2021-02-14,Lake,033,64148,3095,3030,1,3031,38
2021-02-14,Lassen,035,31185,5072,5037,90,5127,1
2021-02-14,Los Angeles,037,10098052,1161855,1135450,37689,1173139,18898
2021-02-14,Madera,039,155013,15322,15089,770,15859,106
2021-02-14,Marin,041,260295,12966,12784,146,12930,201
2021-02-14,Mariposa,043,17540,373,365,4,369,4
2021-02-14,Mendocino,045,87422,3583,3475,69,3544,39
2021-02-14,Merced,047,269075,27733,27601,841,28442,368
2021-02-14,Modoc,049,8938,333,326,111,437,3
2021-02-14,Mono,051,14174,1170,1180,15,1195,3
2021-02-14,Monterey,053,433212,41417,40842,1586,42428,302
2021-02-14,Napa,055,140530,8868,8826,31,8857,57
2021-02-14,Nevada,057,99092,3873,3761,150,3911,47
2021-02-14,Orange,059,3164182,244339,241859,9904,251763,3564
2021-02-14,Placer,061,380077,20195,19313,1058,20371,230
2021-02-14,Plumas,063,18699,636,620,10,630,4
2021-02-14,Riverside,065,2383286,282666,275518,13067,288585,3471
2021-02-14,Sacramento,067,1510023,92397,90856,1157,92013,1304
2021-02-14,San Benito,069,59416,5667,5641,81,5722,56
2021-02-14,San Bernardino,071,2135413,283813,277664,8362,286026,2929
2021-02-14,San Diego,073,3302833,259730,252247,12506,264753,3037
2021-02-14,San Francisco,075,870044,33520,33374,996,34370,372
2021-02-14,San Joaquin,077,732212,65624,64243,2613,66856,979
2021-02-14,San Luis Obispo,079,281455,19289,18868,526,19394,225
2021-02-14,San Mateo,081,765935,38803,37859,384,38243,277
2021-02-14,Santa Barbara,083,443738,31496,30744,997,31741,377
2021-02-14,Santa Clara,085,1922200,108035,107412,530,107942,1582
2021-02-14,Santa Cruz,087,273765,15150,14225,748,14973,175
2021-02-14,Shasta,089,179085,10757,10720,1169,11889,139
2021-02-14,Sierra,091,2930,50,47,12,59,0
2021-02-14,Siskiyou,093,43540,1440,1340,212,1552,4
2021-02-14,Solano,095,438530,29391,29150,340,29490,148
2021-02-14,Sonoma,097,501317,27363,27266,169,27435,276
2021-02-14,Stanislaus,099,539301,49588,48672,5118,53790,716
2021-02-14,Sutter,101,95872,8673,8642,77,8719,95
2021-02-14,Tehama,103,63373,4544,4490,474,4964,30
2021-02-14,Trinity,105,12862,456,272,68,340,3
2021-02-14,Tulare,107,460477,47535,46263,7480,53743,715
2021-02-14,Tuolumne,109,53932,3748,3764,35,3799,49
2021-02-14,Ventura,111,848112,76444,75742,2674,78416,629
2021-02-14,Yolo,113,214977,12625,12399,140,12539,175
2021-02-14,Yuba,115,75493,5391,5314,79,5393,38
2021-02-13,Alameda,001,1643700,79123,78246,1640,79886,995
2021-02-13,Alpine,003,1148,78,76,0,76,0
2021-02-13,Amador,005,37829,3413,3387,28,3415,38
2021-02-13,Butte,007,227075,11130,10699,1563,12262,155
2021-02-13,Calaveras,009,45235,1871,1863,11,1874,21
2021-02-13,Colusa,011,21464,1853,1837,247,2084,10
2021-02-13,Contra Costa,013,1133247,61575,60100,1025,61125,629
2021-02-13,Del Norte,015,27424,956,908,4,912,2
2021-02-13,El Dorado,017,186661,8974,8758,594,9352,93
2021-02-13,Fresno,019,978130,94557,92807,7343,100150,1287
2021-02-13,Glenn,021,27897,2214,2182,474,2656,14
2021-02-13,Humboldt,023,135768,3013,2974,20,2994,29
2021-02-13,Imperial,025,180216,27055,26680,2391,29071,580
2021-02-13,Inyo,027,18085,1222,1168,8,1176,32
2021-02-13,Kern,029,883053,91928,89915,9288,99203,957
2021-02-13,Kings,031,150075,21929,21513,917,22430,205
2021-02-13,Lake,033,64148,3086,3025,1,3026,37
2021-02-13,Lassen,035,31185,5069,5028,90,5118,1
2021-02-13,Los Angeles,037,10098052,1160997,1133752,37642,1171394,18822
2021-02-13,Madera,039,155013,15313,15053,766,15819,106
2021-02-13,Marin,041,260295,12942,12757,146,12903,201
2021-02-13,Mariposa,043,17540,373,365,4,369,4
2021-02-13,Mendocino,045,87422,3573,3466,69,3535,38
2021-02-13,Merced,047,269075,27689,27541,838,28379,368
2021-02-13,Modoc,049,8938,333,325,111,436,3
2021-02-13,Mono,051,14174,1170,1176,15,1191,3
2021-02-13,Monterey,053,433212,41385,40731,1585,42316,301
2021-02-13,Napa,055,140530,8859,8809,31,8840,57
2021-02-13,Nevada,057,99092,3864,3742,149,3891,47
2021-02-13,Orange,059,3164182,244133,241545,9885,251430,3520
2021-02-13,Placer,061,380077,20175,19214,1058,20272,230
2021-02-13,Plumas,063,18699,636,616,10,626,4
2021-02-13,Riverside,065,2383286,282437,275276,13058,288334,3462
2021-02-13,Sacramento,067,1510023,92230,90401,1154,91555,1302
2021-02-13,San Benito,069,59416,5650,5633,81,5714,56
2021-02-13,San Bernardino,071,2135413,283661,277405,8349,285754,2899
2021-02-13,San Diego,073,3302833,259398,251679,12494,264173,3009
2021-02-13,San Francisco,075,870044,33470,33291,986,34277,364
2021-02-13,San Joaquin,077,732212,65555,64105,2603,66708,977
2021-02-13,San Luis Obispo,079,281455,19261,18803,520,19323,225
2021-02-13,San Mateo,081,765935,38750,37745,384,38129,277
2021-02-13,Santa Barbara,083,443738,31444,30594,996,31590,374
2021-02-13,Santa Clara,085,1922200,107846,107125,526,107651,1570
2021-02-13,Santa Cruz,087,273765,15123,14198,747,14945,173
2021-02-13,Shasta,089,179085,10744,10713,1164,11877,139
2021-02-13,Sierra,091,2930,50,47,12,59,0
2021-02-13,Siskiyou,093,43540,1437,1336,212,1548,4
2021-02-13,Solano,095,438530,29355,29084,340,29424,148
2021-02-13,Sonoma,097,501317,27315,27157,167,27324,276
2021-02-13,Stanislaus,099,539301,49517,48568,5112,53680,697
2021-02-13,Sutter,101,95872,8661,8626,77,8703,94
2021-02-13,Tehama,103,63373,4534,4484,473,4957,30
2021-02-13,Trinity,105,12862,455,272,67,339,3
2021-02-13,Tulare,107,460477,47484,46162,7449,53611,709
2021-02-13,Tuolumne,109,53932,3747,3752,35,3787,49
2021-02-13,Ventura,111,848112,76304,75481,2668,78149,618
2021-02-13,Yolo,113,214977,12612,12374,139,12513,175
2021-02-13,Yuba,115,75493,5383,5289,79,5368,38
2021-02-12,Alameda,001,1643700,78974,77958,1634,79592,974
2021-02-12,Alpine,003,1148,78,76,0,76,0
2021-02-12,Amador,005,37829,3409,3381,28,3409,38
2021-02-12,Butte,007,227075,11117,10655,1556,12211,155
2021-02-12,Calaveras,009,45235,1868,1860,11,1871,21
2021-02-12,Colusa,011,21464,1853,1836,247,2083,10
2021-02-12,Contra Costa,013,1133247,61425,59878,1021,60899,620
2021-02-12,Del Norte,015,27424,946,901,4,905,2
2021-02-12,El Dorado,017,186661,8959,8725,591,9316,92
2021-02-12,Fresno,019,978130,94403,92520,7323,99843,1273
2021-02-12,Glenn,021,27897,2211,2175,474,2649,14
2021-02-12,Humboldt,023,135768,3005,2961,20,2981,29
2021-02-12,Imperial,025,180216,27048,26646,2388,29034,585
2021-02-12,Inyo,027,18085,1216,1156,8,1164,32
2021-02-12,Kern,029,883053,91814,89532,9256,98788,949
2021-02-12,Kings,031,150075,21897,21462,912,22374,202
2021-02-12,Lake,033,64148,3081,3012,1,3013,36
2021-02-12,Lassen,035,31185,5067,5015,90,5105,1
2021-02-12,Los Angeles,037,10098052,1159786,1131185,37575,1168760,18637
2021-02-12,Madera,039,155013,15286,15022,763,15785,106
2021-02-12,Marin,041,260295,12916,12720,146,12866,200
2021-02-12,Mariposa,043,17540,372,365,4,369,4
2021-02-12,Mendocino,045,87422,3571,3447,69,3516,38
2021-02-12,Merced,047,269075,27638,27453,835,28288,367
2021-02-12,Modoc,049,8938,333,324,111,435,3
2021-02-12,Mono,051,14174,1169,1172,15,1187,3
2021-02-12,Monterey,053,433212,41337,40633,1576,42209,297
2021-02-12,Napa,055,140530,8847,8785,31,8816,55
2021-02-12,Nevada,057,99092,3859,3728,149,3877,47
2021-02-12,Orange,059,3164182,243894,241075,9870,250945,3505
2021-02-12,Placer,061,380077,20133,19174,1053,20227,230
2021-02-12,Plumas,063,18699,635,614,10,624,4
2021-02-12,Riverside,065,2383286,282159,274792,13043,287835,3438
2021-02-12,Sacramento,067,1510023,92028,90252,1153,91405,1295
2021-02-12,San Benito,069,59416,5634,5622,80,5702,56
2021-02-12,San Bernardino,071,2135413,283471,276890,8338,285228,2827
2021-02-12,San Diego,073,3302833,259010,250788,12468,263256,2979
2021-02-12,San Francisco,075,870044,33410,33179,982,34161,359
2021-02-12,San Joaquin,077,732212,65459,63966,2595,66561,975
2021-02-12,San Luis Obispo,079,281455,19220,18687,519,19206,224
2021-02-12,San Mateo,081,765935,38678,37560,384,37944,254
2021-02-12,Santa Barbara,083,443738,31373,30454,991,31445,372
2021-02-12,Santa Clara,085,1922200,107674,106759,523,107282,1543
2021-02-12,Santa Cruz,087,273765,15103,14147,747,14894,170
2021-02-12,Shasta,089,179085,10726,10693,1154,11847,142
2021-02-12,Sierra,091,2930,49,45,12,57,0
2021-02-12,Siskiyou,093,43540,1433,1324,209,1533,4
2021-02-12,Solano,095,438530,29323,28996,337,29333,147
2021-02-12,Sonoma,097,501317,27260,27064,163,27227,275
2021-02-12,Stanislaus,099,539301,49429,48418,5090,53508,697
2021-02-12,Sutter,101,95872,8648,8609,77,8686,93
2021-02-12,Tehama,103,63373,4527,4470,472,4942,27
2021-02-12,Trinity,105,12862,455,269,67,336,3
2021-02-12,Tulare,107,460477,47406,46016,7423,53439,710
2021-02-12,Tuolumne,109,53932,3744,3736,34,3770,49
2021-02-12,Ventura,111,848112,76134,75210,2662,77872,605
2021-02-12,Yolo,113,214977,12591,12340,139,12479,175
2021-02-12,Yuba,115,75493,5375,5274,79,5353,38
2021-02-11,Alameda,001,1643700,78748,77564,1629,79193,960
2021-02-11,Alpine,003,1148,77,76,0,76,0
2021-02-11,Amador,005,37829,3405,3368,28,3396,35
2021-02-11,Butte,007,227075,11094,10624,1555,12179,155
2021-02-11,Calaveras,009,45235,1865,1856,11,1867,21
2021-02-11,Colusa,011,21464,1848,1823,245,2068,10
2021-02-11,Contra Costa,013,1133247,61258,59633,1017,60650,605
2021-02-11,Del Norte,015,27424,941,894,4,898,2
2021-02-11,El Dorado,017,186661,8938,8698,591,9289,92
2021-02-11,Fresno,019,978130,94249,92168,7300,99468,1255
2021-02-11,Glenn,021,27897,2206,2166,473,2639,14
2021-02-11,Humboldt,023,135768,2992,2954,19,2973,29
2021-02-11,Imperial,025,180216,27024,26545,2386,28931,578
2021-02-11,Inyo,027,18085,1207,1144,8,1152,32
2021-02-11,Kern,029,883053,91623,89224,9213,98437,941
2021-02-11,Kings,031,150075,21867,21373,909,22282,202
2021-02-11,Lake,033,64148,3071,3002,1,3003,36
2021-02-11,Lassen,035,31185,5056,5004,87,5091,1
2021-02-11,Los Angeles,037,10098052,1158157,1128437,37506,1165943,18500
2021-02-11,Madera,039,155013,15265,14984,761,15745,106
2021-02-11,Marin,041,260295,12879,12682,146,12828,200
2021-02-11,Mariposa,043,17540,372,361,4,365,4
2021-02-11,Mendocino,045,87422,3564,3420,69,3489,38
2021-02-11,Merced,047,269075,27572,27325,831,28156,363
2021-02-11,Modoc,049,8938,332,317,111,428,3
2021-02-11,Mono,051,14174,1165,1173,15,1188,3
2021-02-11,Monterey,053,433212,41231,40469,1570,42039,295
2021-02-11,Napa,055,140530,8826,8777,31,8808,55
2021-02-11,Nevada,057,99092,3843,3720,149,3869,47
2021-02-11,Orange,059,3164182,243527,240590,9846,250436,3476
2021-02-11,Placer,061,380077,20093,19118,1052,20170,224
2021-02-11,Plumas,063,18699,634,592,10,602,4
2021-02-11,Riverside,065,2383286,281792,274313,13028,287341,3394
2021-02-11,Sacramento,067,1510023,91785,89988,1147,91135,1286
2021-02-11,San Benito,069,59416,5625,5609,80,5689,56
2021-02-11,San Bernardino,071,2135413,283173,276349,8324,284673,2774
2021-02-11,San Diego,073,3302833,258457,249971,12434,262405,2955
2021-02-11,San Francisco,075,870044,33326,33076,973,34049,356
2021-02-11,San Joaquin,077,732212,65291,63719,2585,66304,971
2021-02-11,San Luis Obispo,079,281455,19155,18615,515,19130,219
2021-02-11,San Mateo,081,765935,38587,37439,382,37821,253
2021-02-11,Santa Barbara,083,443738,31275,30375,986,31361,370
2021-02-11,Santa Clara,085,1922200,107414,106392,518,106910,1507
2021-02-11,Santa Cruz,087,273765,15080,14088,742,14830,165
2021-02-11,Shasta,089,179085,10702,10672,1150,11822,140
2021-02-11,Sierra,091,2930,49,45,12,57,0
2021-02-11,Siskiyou,093,43540,1418,1320,209,1529,4
2021-02-11,Solano,095,438530,29270,28885,337,29222,138
2021-02-11,Sonoma,097,501317,27175,26971,160,27131,272
2021-02-11,Stanislaus,099,539301,49284,48205,5078,53283,697
2021-02-11,Sutter,101,95872,8634,8590,76,8666,93
2021-02-11,Tehama,103,63373,4521,4463,472,4935,26
2021-02-11,Trinity,105,12862,455,269,67,336,3
2021-02-11,Tulare,107,460477,47311,45897,7383,53280,706
2021-02-11,Tuolumne,109,53932,3707,3716,34,3750,48
2021-02-11,Ventura,111,848112,75932,74959,2653,77612,590
2021-02-11,Yolo,113,214977,12567,12303,139,12442,173
2021-02-11,Yuba,115,75493,5361,5261,78,5339,38
2021-02-10,Alameda,001,1643700,78547,77344,1628,78972,944
2021-02-10,Alpine,003,1148,77,76,0,76,0
2021-02-10,Amador,005,37829,3393,3348,28,3376,35
2021-02-10,Butte,007,227075,11066,10594,1554,12148,155
2021-02-10,Calaveras,009,45235,1863,1850,11,1861,21
2021-02-10,Colusa,011,21464,1841,1815,243,2058,10
2021-02-10,Contra Costa,013,1133247,61083,59488,1015,60503,590
2021-02-10,Del Norte,015,27424,935,888,4,892,2
2021-02-10,El Dorado,017,186661,8907,8682,587,9269,87
2021-02-10,Fresno,019,978130,94074,91876,7275,99151,1247
2021-02-10,Glenn,021,27897,2202,2160,471,2631,14
2021-02-10,Humboldt,023,135768,2984,2924,19,2943,29
2021-02-10,Imperial,025,180216,26986,26522,2383,28905,578
2021-02-10,Inyo,027,18085,1195,1138,8,1146,30
2021-02-10,Kern,029,883053,91416,88933,9159,98092,926
2021-02-10,Kings,031,150075,21824,21294,907,22201,197
2021-02-10,Lake,033,64148,3058,2975,1,2976,36
2021-02-10,Lassen,035,31185,5052,4993,87,5080,1
2021-02-10,Los Angeles,037,10098052,1156410,1125437,37378,1162815,18338
2021-02-10,Madera,039,155013,15226,14925,759,15684,105
2021-02-10,Marin,041,260295,12842,12651,146,12797,199
2021-02-10,Mariposa,043,17540,370,360,4,364,4
2021-02-10,Mendocino,045,87422,3549,3395,69,3464,38
2021-02-10,Merced,047,269075,27489,27246,820,28066,359
2021-02-10,Modoc,049,8938,331,315,109,424,3
2021-02-10,Mono,051,14174,1160,1170,15,1185,3
2021-02-10,Monterey,053,433212,41154,40366,1556,41922,288
2021-02-10,Napa,055,140530,8807,8769,31,8800,55
2021-02-10,Nevada,057,99092,3828,3693,147,3840,47
2021-02-10,Orange,059,3164182,243110,239974,9815,249789,3439
2021-02-10,Placer,061,380077,20054,19062,1047,20109,220
2021-02-10,Plumas,063,18699,631,589,10,599,2
2021-02-10,Riverside,065,2383286,281364,273721,13018,286739,3374
2021-02-10,Sacramento,067,1510023,91534,89653,1143,90796,1275
2021-02-10,San Benito,069,59416,5611,5591,80,5671,55
2021-02-10,San Bernardino,071,2135413,282819,275616,8308,283924,2696
2021-02-10,San Diego,073,3302833,257875,248858,12396,261254,2904
2021-02-10,San Francisco,075,870044,33243,32955,970,33925,351
2021-02-10,San Joaquin,077,732212,65149,63484,2571,66055,954
2021-02-10,San Luis Obispo,079,281455,19076,18549,513,19062,216
2021-02-10,San Mateo,081,765935,38496,37323,382,37705,245
2021-02-10,Santa Barbara,083,443738,31184,30216,981,31197,359
2021-02-10,Santa Clara,085,1922200,107174,106048,515,106563,1489
2021-02-10,Santa Cruz,087,273765,15044,14007,740,14747,165
2021-02-10,Shasta,089,179085,10679,10645,1147,11792,142
2021-02-10,Sierra,091,2930,49,45,12,57,0
2021-02-10,Siskiyou,093,43540,1413,1314,208,1522,4
2021-02-10,Solano,095,438530,29195,28835,335,29170,137
2021-02-10,Sonoma,097,501317,27079,26881,158,27039,271
2021-02-10,Stanislaus,099,539301,49167,48016,5062,53078,696
2021-02-10,Sutter,101,95872,8617,8571,76,8647,93
2021-02-10,Tehama,103,63373,4513,4445,472,4917,23
2021-02-10,Trinity,105,12862,452,268,67,335,3
2021-02-10,Tulare,107,460477,47194,45782,7345,53127,696
2021-02-10,Tuolumne,109,53932,3699,3691,34,3725,48
2021-02-10,Ventura,111,848112,75704,74651,2636,77287,580
2021-02-10,Yolo,113,214977,12543,12276,139,12415,174
2021-02-10,Yuba,115,75493,5343,5241,78,5319,38
2021-02-09,Alameda,001,1643700,78285,77018,1624,78642,936
2021-02-09,Alpine,003,1148,77,76,0,76,0
2021-02-09,Amador,005,37829,3385,3347,28,3375,35
2021-02-09,Butte,007,227075,11040,10563,1551,12114,153
2021-02-09,Calaveras,009,45235,1859,1847,11,1858,21
2021-02-09,Colusa,011,21464,1832,1812,238,2050,10
2021-02-09,Contra Costa,013,1133247,60893,59307,1009,60316,583
2021-02-09,Del Norte,015,27424,929,886,4,890,2
2021-02-09,El Dorado,017,186661,8879,8663,585,9248,87
2021-02-09,Fresno,019,978130,93832,91730,7247,98977,1211
2021-02-09,Glenn,021,27897,2198,2156,471,2627,14
2021-02-09,Humboldt,023,135768,2976,2904,19,2923,29
2021-02-09,Imperial,025,180216,26955,26509,2380,28889,568
2021-02-09,Inyo,027,18085,1187,1137,8,1145,30
2021-02-09,Kern,029,883053,91164,88684,9113,97797,920
2021-02-09,Kings,031,150075,21782,21275,905,22180,196
2021-02-09,Lake,033,64148,3047,2955,1,2956,36
2021-02-09,Lassen,035,31185,5045,4983,87,5070,1
2021-02-09,Los Angeles,037,10098052,1154432,1122745,37296,1160041,18198
2021-02-09,Madera,039,155013,15206,14912,756,15668,105
2021-02-09,Marin,041,260295,12810,12623,145,12768,197
2021-02-09,Mariposa,043,17540,368,355,4,359,4
2021-02-09,Mendocino,045,87422,3531,3369,69,3438,38
2021-02-09,Merced,047,269075,27391,27166,815,27981,354
2021-02-09,Modoc,049,8938,330,316,109,425,3
2021-02-09,Mono,051,14174,1159,1167,15,1182,3
2021-02-09,Monterey,053,433212,41046,40279,1543,41822,285
2021-02-09,Napa,055,140530,8794,8749,31,8780,55
2021-02-09,Nevada,057,99092,3811,3687,147,3834,44
2021-02-09,Orange,059,3164182,242699,239169,9784,248953,3406
2021-02-09,Placer,061,380077,19989,19008,1040,20048,220
2021-02-09,Plumas,063,18699,631,584,10,594,2
2021-02-09,Riverside,065,2383286,280870,273465,13001,286466,3334
2021-02-09,Sacramento,067,1510023,91224,89378,1142,90520,1265
2021-02-09,San Benito,069,59416,5599,5566,79,5645,54
2021-02-09,San Bernardino,071,2135413,282448,274998,8295,283293,2613
2021-02-09,San Diego,073,3302833,257217,248048,12353,260401,2853
2021-02-09,San Francisco,075,870044,33164,32782,960,33742,349
2021-02-09,San Joaquin,077,732212,64974,63341,2566,65907,937
2021-02-09,San Luis Obispo,079,281455,19017,18489,512,19001,216
2021-02-09,San Mateo,081,765935,38365,37227,381,37608,235
2021-02-09,Santa Barbara,083,443738,31072,30118,975,31093,351
2021-02-09,Santa Clara,085,1922200,106868,105762,512,106274,1463
2021-02-09,Santa Cruz,087,273765,14993,13958,735,14693,162
2021-02-09,Shasta,089,179085,10651,10595,1145,11740,139
2021-02-09,Sierra,091,2930,49,44,12,56,0
2021-02-09,Siskiyou,093,43540,1405,1306,206,1512,4
2021-02-09,Solano,095,438530,29116,28769,332,29101,131
2021-02-09,Sonoma,097,501317,26989,26826,156,26982,267
2021-02-09,Stanislaus,099,539301,49007,47906,5047,52953,679
2021-02-09,Sutter,101,95872,8601,8541,76,8617,92
2021-02-09,Tehama,103,63373,4506,4416,471,4887,22
2021-02-09,Trinity,105,12862,452,266,67,333,3
2021-02-09,Tulare,107,460477,47060,45704,7293,52997,686
2021-02-09,Tuolumne,109,53932,3680,3673,34,3707,48
2021-02-09,Ventura,111,848112,75452,74333,2628,76961,567
2021-02-09,Yolo,113,214977,12501,12220,139,12359,174
2021-02-09,Yuba,115,75493,5334,5235,78,5313,35
2021-02-08,Alameda,001,1643700,78024,76735,1619,78354,924
2021-02-08,Alpine,003,1148,77,73,0,73,0
2021-02-08,Amador,005,37829,3378,3344,27,3371,33
2021-02-08,Butte,007,227075,11018,10524,1547,12071,152
2021-02-08,Calaveras,009,45235,1858,1840,11,1851,21
2021-02-08,Colusa,011,21464,1824,1802,234,2036,10
2021-02-08,Contra Costa,013,1133247,60682,59039,1007,60046,567
2021-02-08,Del Norte,015,27424,926,885,4,889,2
2021-02-08,El Dorado,017,186661,8847,8627,582,9209,86
2021-02-08,Fresno,019,978130,93619,91430,7221,98651,1207
2021-02-08,Glenn,021,27897,2194,2148,469,2617,14
2021-02-08,Humboldt,023,135768,2968,2902,19,2921,29
2021-02-08,Imperial,025,180216,26933,26526,2378,28904,567
2021-02-08,Inyo,027,18085,1174,1126,8,1134,30
2021-02-08,Kern,029,883053,90947,88380,9053,97433,920
2021-02-08,Kings,031,150075,21720,21232,902,22134,195
2021-02-08,Lake,033,64148,3028,2949,1,2950,36
2021-02-08,Lassen,035,31185,5032,4976,87,5063,1
2021-02-08,Los Angeles,037,10098052,1152335,1120179,37175,1157354,17977
2021-02-08,Madera,039,155013,15170,14887,749,15636,93
2021-02-08,Marin,041,260295,12780,12591,145,12736,194
2021-02-08,Mariposa,043,17540,368,355,4,359,4
2021-02-08,Mendocino,045,87422,3517,3355,69,3424,38
2021-02-08,Merced,047,269075,27308,27082,810,27892,346
2021-02-08,Modoc,049,8938,328,318,109,427,3
2021-02-08,Mono,051,14174,1159,1165,15,1180,3
2021-02-08,Monterey,053,433212,40926,40186,1524,41710,283
2021-02-08,Napa,055,140530,8779,8719,31,8750,55
2021-02-08,Nevada,057,99092,3799,3671,147,3818,44
2021-02-08,Orange,059,3164182,242232,238715,9761,248476,3361
2021-02-08,Placer,061,380077,19947,18944,1034,19978,211
2021-02-08,Plumas,063,18699,630,584,10,594,2
2021-02-08,Riverside,065,2383286,280302,272904,12975,285879,3301
2021-02-08,Sacramento,067,1510023,90938,89267,1139,90406,1247
2021-02-08,San Benito,069,59416,5594,5553,78,5631,52
2021-02-08,San Bernardino,071,2135413,282045,274661,8289,282950,2587
2021-02-08,San Diego,073,3302833,256474,247259,12312,259571,2821
2021-02-08,San Francisco,075,870044,33070,32679,952,33631,348
2021-02-08,San Joaquin,077,732212,64813,63148,2556,65704,929
2021-02-08,San Luis Obispo,079,281455,18960,18421,507,18928,214
2021-02-08,San Mateo,081,765935,38256,37084,381,37465,232
2021-02-08,Santa Barbara,083,443738,30957,29978,968,30946,340
2021-02-08,Santa Clara,085,1922200,106545,105413,504,105917,1456
2021-02-08,Santa Cruz,087,273765,14954,13921,729,14650,161
2021-02-08,Shasta,089,179085,10624,10574,1139,11713,137
2021-02-08,Sierra,091,2930,49,44,12,56,0
2021-02-08,Siskiyou,093,43540,1402,1303,206,1509,4
2021-02-08,Solano,095,438530,29050,28644,330,28974,130
2021-02-08,Sonoma,097,501317,26898,26760,155,26915,259
2021-02-08,Stanislaus,099,539301,48852,47704,5019,52723,679
2021-02-08,Sutter,101,95872,8582,8526,76,8602,92
2021-02-08,Tehama,103,63373,4496,4403,468,4871,22
2021-02-08,Trinity,105,12862,450,266,67,333,3
2021-02-08,Tulare,107,460477,46952,45617,7253,52870,673
2021-02-08,Tuolumne,109,53932,3672,3647,34,3681,48
2021-02-08,Ventura,111,848112,75195,74068,2623,76691,565
2021-02-08,Yolo,113,214977,12469,12169,138,12307,162
2021-02-08,Yuba,115,75493,5318,5215,78,5293,35
2021-02-07,Alameda,001,1643700,77723,76500,1611,78111,924
2021-02-07,Alpine,003,1148,74,72,0,72,0
2021-02-07,Amador,005,37829,3357,3343,27,3370,33
2021-02-07,Butte,007,227075,10986,10513,1539,12052,152
2021-02-07,Calaveras,009,45235,1854,1837,11,1848,21
2021-02-07,Colusa,011,21464,1813,1795,232,2027,10
2021-02-07,Contra Costa,013,1133247,60438,58836,1002,59838,566
2021-02-07,Del Norte,015,27424,922,881,4,885,2
2021-02-07,El Dorado,017,186661,8818,8596,580,9176,86
2021-02-07,Fresno,019,978130,93389,91184,7183,98367,1207
2021-02-07,Glenn,021,27897,2190,2141,464,2605,14
2021-02-07,Humboldt,023,135768,2947,2895,19,2914,28
2021-02-07,Imperial,025,180216,26905,26518,2373,28891,567
2021-02-07,Inyo,027,18085,1163,1124,8,1132,27
2021-02-07,Kern,029,883053,90699,88146,8995,97141,920
2021-02-07,Kings,031,150075,21659,21180,899,22079,192
2021-02-07,Lake,033,64148,3013,2940,1,2941,36
2021-02-07,Lassen,035,31185,5021,4973,87,5060,1
2021-02-07,Los Angeles,037,10098052,1149578,1117551,37049,1154600,17889
2021-02-07,Madera,039,155013,15136,14850,745,15595,93
2021-02-07,Marin,041,260295,12747,12571,143,12714,194
2021-02-07,Mariposa,043,17540,367,355,4,359,4
2021-02-07,Mendocino,045,87422,3500,3348,69,3417,38
2021-02-07,Merced,047,269075,27196,26977,798,27775,346
2021-02-07,Modoc,049,8938,328,317,105,422,3
2021-02-07,Mono,051,14174,1156,1165,15,1180,3
2021-02-07,Monterey,053,433212,40790,40113,1505,41618,283
2021-02-07,Napa,055,140530,8756,8701,31,8732,55
2021-02-07,Nevada,057,99092,3788,3643,147,3790,44
2021-02-07,Orange,059,3164182,241634,238155,9728,247883,3336
2021-02-07,Placer,061,380077,19900,18903,1021,19924,211
2021-02-07,Plumas,063,18699,630,584,10,594,2
2021-02-07,Riverside,065,2383286,279773,272301,12954,285255,3267
2021-02-07,Sacramento,067,1510023,90605,88919,1132,90051,1246
2021-02-07,San Benito,069,59416,5575,5548,77,5625,52
2021-02-07,San Bernardino,071,2135413,281452,274316,8264,282580,2587
2021-02-07,San Diego,073,3302833,255688,246561,12248,258809,2821
2021-02-07,San Francisco,075,870044,32950,32609,940,33549,348
2021-02-07,San Joaquin,077,732212,64539,63051,2542,65593,929
2021-02-07,San Luis Obispo,079,281455,18888,18349,500,18849,214
2021-02-07,San Mateo,081,765935,38122,36984,379,37363,232
2021-02-07,Santa Barbara,083,443738,30817,29815,956,30771,340
2021-02-07,Santa Clara,085,1922200,106206,105118,494,105612,1450
2021-02-07,Santa Cruz,087,273765,14900,13887,724,14611,161
2021-02-07,Shasta,089,179085,10604,10570,1131,11701,137
2021-02-07,Sierra,091,2930,49,43,12,55,0
2021-02-07,Siskiyou,093,43540,1395,1295,204,1499,4
2021-02-07,Solano,095,438530,28939,28567,329,28896,130
2021-02-07,Sonoma,097,501317,26791,26684,151,26835,257
2021-02-07,Stanislaus,099,539301,48662,47551,4987,52538,679
2021-02-07,Sutter,101,95872,8554,8515,76,8591,92
2021-02-07,Tehama,103,63373,4480,4396,467,4863,22
2021-02-07,Trinity,105,12862,447,264,65,329,3
2021-02-07,Tulare,107,460477,46830,45520,7175,52695,671
2021-02-07,Tuolumne,109,53932,3648,3619,33,3652,48
2021-02-07,Ventura,111,848112,74884,73759,2611,76370,561
2021-02-07,Yolo,113,214977,12424,12135,138,12273,162
2021-02-07,Yuba,115,75493,5303,5198,76,5274,35
2021-02-06,Alameda,001,1643700,77570,76170,1600,77770,922
2021-02-06,Alpine,003,1148,74,72,0,72,0
2021-02-06,Amador,005,37829,3351,3306,27,3333,33
2021-02-06,Butte,007,227075,10969,10480,1535,12015,150
2021-02-06,Calaveras,009,45235,1852,1832,11,1843,21
2021-02-06,Colusa,011,21464,1811,1791,231,2022,10
2021-02-06,Contra Costa,013,1133247,60291,58567,996,59563,566
2021-02-06,Del Norte,015,27424,918,879,4,883,2
2021-02-06,El Dorado,017,186661,8811,8575,576,9151,86
2021-02-06,Fresno,019,978130,93276,90944,7162,98106,1207
2021-02-06,Glenn,021,27897,2188,2136,463,2599,14
2021-02-06,Humboldt,023,135768,2936,2880,19,2899,28
2021-02-06,Imperial,025,180216,26893,26514,2372,28886,567
2021-02-06,Inyo,027,18085,1160,1113,8,1121,27
2021-02-06,Kern,029,883053,90545,87919,8949,96868,912
2021-02-06,Kings,031,150075,21629,21156,899,22055,190
2021-02-06,Lake,033,64148,3008,2920,1,2921,34
2021-02-06,Lassen,035,31185,5017,4964,86,5050,1
2021-02-06,Los Angeles,037,10098052,1148221,1114718,36952,1151670,17793
2021-02-06,Madera,039,155013,15115,14807,743,15550,93
2021-02-06,Marin,041,260295,12727,12531,143,12674,194
2021-02-06,Mariposa,043,17540,366,355,3,358,4
2021-02-06,Mendocino,045,87422,3482,3316,68,3384,38
2021-02-06,Merced,047,269075,27110,26881,790,27671,346
2021-02-06,Modoc,049,8938,328,313,105,418,3
2021-02-06,Mono,051,14174,1155,1159,15,1174,3
2021-02-06,Monterey,053,433212,40732,39995,1497,41492,282
2021-02-06,Napa,055,140530,8743,8639,31,8670,55
2021-02-06,Nevada,057,99092,3776,3624,147,3771,43
2021-02-06,Orange,059,3164182,241271,237391,9694,247085,3293
2021-02-06,Placer,061,380077,19863,18836,1018,19854,211
2021-02-06,Plumas,063,18699,630,584,10,594,2
2021-02-06,Riverside,065,2383286,279405,271741,12935,284676,3243
2021-02-06,Sacramento,067,1510023,90388,88532,1122,89654,1237
2021-02-06,San Benito,069,59416,5557,5516,77,5593,52
2021-02-06,San Bernardino,071,2135413,281143,273718,8242,281960,2564
2021-02-06,San Diego,073,3302833,255192,245331,12213,257544,2812
2021-02-06,San Francisco,075,870044,32876,32437,930,33367,346
2021-02-06,San Joaquin,077,732212,64460,62840,2531,65371,906
2021-02-06,San Luis Obispo,079,281455,18846,18284,496,18780,214
2021-02-06,San Mateo,081,765935,38054,36824,376,37200,232
2021-02-06,Santa Barbara,083,443738,30741,29645,954,30599,337
2021-02-06,Santa Clara,085,1922200,105984,104639,489,105128,1439
2021-02-06,Santa Cruz,087,273765,14869,13845,720,14565,161
2021-02-06,Shasta,089,179085,10593,10561,1129,11690,137
2021-02-06,Sierra,091,2930,49,43,12,55,0
2021-02-06,Siskiyou,093,43540,1392,1289,203,1492,4
2021-02-06,Solano,095,438530,28903,28446,328,28774,129
2021-02-06,Sonoma,097,501317,26754,26564,149,26713,257
2021-02-06,Stanislaus,099,539301,48566,47325,4972,52297,679
2021-02-06,Sutter,101,95872,8546,8485,76,8561,92
2021-02-06,Tehama,103,63373,4470,4380,466,4846,22
2021-02-06,Trinity,105,12862,447,263,65,328,3
2021-02-06,Tulare,107,460477,46762,45349,7130,52479,664
2021-02-06,Tuolumne,109,53932,3641,3612,33,3645,48
2021-02-06,Ventura,111,848112,74704,73431,2605,76036,552
2021-02-06,Yolo,113,214977,12401,12061,138,12199,161
2021-02-06,Yuba,115,75493,5293,5177,75,5252,35
2021-02-05,Alameda,001,1643700,77341,75716,1598,77314,916
2021-02-05,Alpine,003,1148,74,72,0,72,0
2021-02-05,Amador,005,37829,3346,3299,26,3325,33
2021-02-05,Butte,007,227075,10950,10421,1528,11949,150
2021-02-05,Calaveras,009,45235,1848,1818,11,1829,21
2021-02-05,Colusa,011,21464,1807,1785,231,2016,10
2021-02-05,Contra Costa,013,1133247,60130,58195,994,59189,560
2021-02-05,Del Norte,015,27424,917,874,4,878,2
2021-02-05,El Dorado,017,186661,8791,8527,574,9101,86
2021-02-05,Fresno,019,978130,93074,90513,7141,97654,1194
2021-02-05,Glenn,021,27897,2185,2122,458,2580,14
2021-02-05,Humboldt,023,135768,2926,2857,19,2876,28
2021-02-05,Imperial,025,180216,26874,26474,2371,28845,557
2021-02-05,Inyo,027,18085,1156,1104,8,1112,27
2021-02-05,Kern,029,883053,90376,87470,8883,96353,906
2021-02-05,Kings,031,150075,21591,21021,896,21917,190
2021-02-05,Lake,033,64148,2996,2906,1,2907,33
2021-02-05,Lassen,035,31185,5013,4936,86,5022,1
2021-02-05,Los Angeles,037,10098052,1146122,1110384,36820,1147204,17608
2021-02-05,Madera,039,155013,15081,14752,738,15490,95
2021-02-05,Marin,041,260295,12692,12479,143,12622,193
2021-02-05,Mariposa,043,17540,366,352,3,355,4
2021-02-05,Mendocino,045,87422,3468,3272,68,3340,38
2021-02-05,Merced,047,269075,27050,26760,789,27549,345
2021-02-05,Modoc,049,8938,328,312,105,417,3
2021-02-05,Mono,051,14174,1154,1157,15,1172,3
2021-02-05,Monterey,053,433212,40665,39840,1486,41326,281
2021-02-05,Napa,055,140530,8729,8598,31,8629,55
2021-02-05,Nevada,057,99092,3773,3607,147,3754,43
2021-02-05,Orange,059,3164182,240844,236335,9667,246002,3260
2021-02-05,Placer,061,380077,19827,18756,1016,19772,211
2021-02-05,Plumas,063,18699,628,578,10,588,2
2021-02-05,Riverside,065,2383286,278989,270666,12916,283582,3235
2021-02-05,Sacramento,067,1510023,90208,87992,1115,89107,1231
2021-02-05,San Benito,069,59416,5546,5502,77,5579,51
2021-02-05,San Bernardino,071,2135413,280797,272938,8226,281164,2495
2021-02-05,San Diego,073,3302833,254616,244066,12178,256244,2777
2021-02-05,San Francisco,075,870044,32786,32229,919,33148,337
2021-02-05,San Joaquin,077,732212,64311,62565,2523,65088,902
2021-02-05,San Luis Obispo,079,281455,18785,18152,492,18644,213
2021-02-05,San Mateo,081,765935,37971,36582,375,36957,227
2021-02-05,Santa Barbara,083,443738,30644,29455,941,30396,334
2021-02-05,Santa Clara,085,1922200,105736,104112,487,104599,1421
2021-02-05,Santa Cruz,087,273765,14848,13776,718,14494,161
2021-02-05,Shasta,089,179085,10577,10507,1122,11629,136
2021-02-05,Sierra,091,2930,49,42,12,54,0
2021-02-05,Siskiyou,093,43540,1385,1276,201,1477,4
2021-02-05,Solano,095,438530,28853,28283,328,28611,127
2021-02-05,Sonoma,097,501317,26685,26423,146,26569,252
2021-02-05,Stanislaus,099,539301,48421,47024,4954,51978,678
2021-02-05,Sutter,101,95872,8526,8443,76,8519,92
2021-02-05,Tehama,103,63373,4461,4355,465,4820,22
2021-02-05,Trinity,105,12862,446,260,65,325,3
2021-02-05,Tulare,107,460477,46686,45138,7082,52220,663
2021-02-05,Tuolumne,109,53932,3615,3595,33,3628,45
2021-02-05,Ventura,111,848112,74459,72953,2593,75546,546
2021-02-05,Yolo,113,214977,12382,12025,135,12160,162
2021-02-05,Yuba,115,75493,5276,5145,75,5220,35
2021-02-04,Alameda,001,1643700,77056,75422,1592,77014,899
2021-02-04,Alpine,003,1148,73,72,0,72,0
2021-02-04,Amador,005,37829,3343,3288,26,3314,33
2021-02-04,Butte,007,227075,10917,10386,1520,11906,147
2021-02-04,Calaveras,009,45235,1846,1808,11,1819,21
2021-02-04,Colusa,011,21464,1803,1777,229,2006,10
2021-02-04,Contra Costa,013,1133247,59943,57991,990,58981,550
2021-02-04,Del Norte,015,27424,911,870,4,874,2
2021-02-04,El Dorado,017,186661,8765,8490,571,9061,86
2021-02-04,Fresno,019,978130,92859,90126,7114,97240,1114
2021-02-04,Glenn,021,27897,2180,2102,457,2559,14
2021-02-04,Humboldt,023,135768,2916,2827,19,2846,28
2021-02-04,Imperial,025,180216,26829,26411,2369,28780,556
2021-02-04,Inyo,027,18085,1144,1084,8,1092,27
2021-02-04,Kern,029,883053,90102,87156,8807,95963,898
2021-02-04,Kings,031,150075,21541,20918,890,21808,187
2021-02-04,Lake,033,64148,2984,2882,1,2883,34
2021-02-04,Lassen,035,31185,5010,4927,86,5013,1
2021-02-04,Los Angeles,037,10098052,1143324,1106323,36696,1143019,17396
2021-02-04,Madera,039,155013,15051,14706,735,15441,95
2021-02-04,Marin,041,260295,12657,12431,143,12574,192
2021-02-04,Mariposa,043,17540,366,348,3,351,4
2021-02-04,Mendocino,045,87422,3450,3240,66,3306,38
2021-02-04,Merced,047,269075,26956,26629,786,27415,345
2021-02-04,Modoc,049,8938,328,309,105,414,3
2021-02-04,Mono,051,14174,1152,1153,15,1168,3
2021-02-04,Monterey,053,433212,40554,39619,1469,41088,279
2021-02-04,Napa,055,140530,8700,8573,31,8604,55
2021-02-04,Nevada,057,99092,3753,3590,146,3736,37
2021-02-04,Orange,059,3164182,240202,235677,9625,245302,3238
2021-02-04,Placer,061,380077,19766,18711,1007,19718,210
2021-02-04,Plumas,063,18699,625,562,10,572,2
2021-02-04,Riverside,065,2383286,278226,269851,12877,282728,3230
2021-02-04,Sacramento,067,1510023,89907,87658,1105,88763,1222
2021-02-04,San Benito,069,59416,5532,5488,76,5564,51
2021-02-04,San Bernardino,071,2135413,280248,272223,8206,280429,2409
2021-02-04,San Diego,073,3302833,253828,242613,12112,254725,2738
2021-02-04,San Francisco,075,870044,32672,32116,910,33026,326
2021-02-04,San Joaquin,077,732212,64086,62374,2515,64889,883
2021-02-04,San Luis Obispo,079,281455,18718,18058,490,18548,211
2021-02-04,San Mateo,081,765935,37850,36437,372,36809,226
2021-02-04,Santa Barbara,083,443738,30509,29344,924,30268,322
2021-02-04,Santa Clara,085,1922200,105393,103781,484,104265,1404
2021-02-04,Santa Cruz,087,273765,14815,13713,710,14423,156
2021-02-04,Shasta,089,179085,10551,10466,1117,11583,131
2021-02-04,Sierra,091,2930,49,42,12,54,0
2021-02-04,Siskiyou,093,43540,1376,1273,201,1474,4
2021-02-04,Solano,095,438530,28750,28192,327,28519,120
2021-02-04,Sonoma,097,501317,26603,26276,143,26419,249
2021-02-04,Stanislaus,099,539301,48260,46822,4935,51757,678
2021-02-04,Sutter,101,95872,8506,8401,76,8477,92
2021-02-04,Tehama,103,63373,4444,4327,464,4791,21
2021-02-04,Trinity,105,12862,445,260,64,324,3
2021-02-04,Tulare,107,460477,46559,44983,7024,52007,656
2021-02-04,Tuolumne,109,53932,3575,3585,33,3618,45
2021-02-04,Ventura,111,848112,74127,72595,2580,75175,537
2021-02-04,Yolo,113,214977,12348,11982,134,12116,161
2021-02-04,Yuba,115,75493,5250,5135,75,5210,34
2021-02-03,Alameda,001,1643700,76732,74968,1589,76557,880
2021-02-03,Alpine,003,1148,73,72,0,72,0
2021-02-03,Amador,005,37829,3339,3281,26,3307,33
2021-02-03,Butte,007,227075,10885,10355,1513,11868,144
2021-02-03,Calaveras,009,45235,1831,1799,11,1810,21
2021-02-03,Colusa,011,21464,1798,1773,228,2001,10
2021-02-03,Contra Costa,013,1133247,59702,57762,978,58740,537
2021-02-03,Del Norte,015,27424,906,869,4,873,2
2021-02-03,El Dorado,017,186661,8744,8428,570,8998,86
2021-02-03,Fresno,019,978130,92638,89748,7075,96823,1015
2021-02-03,Glenn,021,27897,2170,2098,456,2554,14
2021-02-03,Humboldt,023,135768,2906,2800,19,2819,27
2021-02-03,Imperial,025,180216,26793,26363,2363,28726,547
2021-02-03,Inyo,027,18085,1134,1071,8,1079,27
2021-02-03,Kern,029,883053,89859,86771,8766,95537,877
2021-02-03,Kings,031,150075,21480,20831,888,21719,172
2021-02-03,Lake,033,64148,2966,2869,1,2870,33
2021-02-03,Lassen,035,31185,4998,4910,86,4996,1
2021-02-03,Los Angeles,037,10098052,1140240,1101890,36576,1138466,17163
2021-02-03,Madera,039,155013,15011,14605,733,15338,94
2021-02-03,Marin,041,260295,12622,12406,143,12549,190
2021-02-03,Mariposa,043,17540,365,347,3,350,4
2021-02-03,Mendocino,045,87422,3424,3236,65,3301,38
2021-02-03,Merced,047,269075,26841,26520,782,27302,343
2021-02-03,Modoc,049,8938,327,308,105,413,3
2021-02-03,Mono,051,14174,1145,1146,15,1161,3
2021-02-03,Monterey,053,433212,40427,39500,1452,40952,279
2021-02-03,Napa,055,140530,8665,8534,31,8565,54
2021-02-03,Nevada,057,99092,3739,3572,146,3718,35
2021-02-03,Orange,059,3164182,239458,234738,9593,244331,3189
2021-02-03,Placer,061,380077,19711,18646,1005,19651,210
2021-02-03,Plumas,063,18699,625,559,10,569,2
2021-02-03,Riverside,065,2383286,277483,269019,12847,281866,3195
2021-02-03,Sacramento,067,1510023,89584,87415,1101,88516,1212
2021-02-03,San Benito,069,59416,5514,5463,73,5536,51
2021-02-03,San Bernardino,071,2135413,279761,271477,8183,279660,2308
2021-02-03,San Diego,073,3302833,252926,241015,12066,253081,2683
2021-02-03,San Francisco,075,870044,32542,31983,905,32888,325
2021-02-03,San Joaquin,077,732212,63858,61976,2505,64481,880
2021-02-03,San Luis Obispo,079,281455,18640,17922,487,18409,206
2021-02-03,San Mateo,081,765935,37712,36227,368,36595,225
2021-02-03,Santa Barbara,083,443738,30360,29121,915,30036,315
2021-02-03,Santa Clara,085,1922200,105077,103278,482,103760,1364
2021-02-03,Santa Cruz,087,273765,14760,13611,704,14315,154
2021-02-03,Shasta,089,179085,10508,10422,1112,11534,130
2021-02-03,Sierra,091,2930,49,42,12,54,0
2021-02-03,Siskiyou,093,43540,1365,1268,200,1468,4
2021-02-03,Solano,095,438530,28628,28057,327,28384,119
2021-02-03,Sonoma,097,501317,26519,26155,142,26297,248
2021-02-03,Stanislaus,099,539301,48084,46598,4916,51514,662
2021-02-03,Sutter,101,95872,8481,8379,76,8455,90
2021-02-03,Tehama,103,63373,4426,4309,461,4770,21
2021-02-03,Trinity,105,12862,445,260,63,323,3
2021-02-03,Tulare,107,460477,46388,44838,6968,51806,640
2021-02-03,Tuolumne,109,53932,3564,3568,33,3601,45
2021-02-03,Ventura,111,848112,73790,72124,2570,74694,526
2021-02-03,Yolo,113,214977,12323,11933,134,12067,161
2021-02-03,Yuba,115,75493,5232,5124,75,5199,34
2021-02-02,Alameda,001,1643700,76389,74642,1577,76219,869
2021-02-02,Alpine,003,1148,73,72,0,72,0
2021-02-02,Amador,005,37829,3308,3275,26,3301,33
2021-02-02,Butte,007,227075,10859,10307,1504,11811,141
2021-02-02,Calaveras,009,45235,1822,1786,11,1797,21
2021-02-02,Colusa,011,21464,1790,1769,223,1992,9
2021-02-02,Contra Costa,013,1133247,59422,57551,975,58526,536
2021-02-02,Del Norte,015,27424,900,868,4,872,2
2021-02-02,El Dorado,017,186661,8704,8405,570,8975,84
2021-02-02,Fresno,019,978130,92337,89542,7040,96582,1009
2021-02-02,Glenn,021,27897,2158,2090,453,2543,14
2021-02-02,Humboldt,023,135768,2894,2784,19,2803,25
2021-02-02,Imperial,025,180216,26740,26317,2357,28674,535
2021-02-02,Inyo,027,18085,1131,1074,8,1082,27
2021-02-02,Kern,029,883053,89556,86485,8690,95175,867
2021-02-02,Kings,031,150075,21402,20785,880,21665,172
2021-02-02,Lake,033,64148,2946,2857,1,2858,33
2021-02-02,Lassen,035,31185,4991,4908,86,4994,1
2021-02-02,Los Angeles,037,10098052,1136855,1097573,36414,1133987,16913
2021-02-02,Madera,039,155013,14960,14595,728,15323,94
2021-02-02,Marin,041,260295,12592,12367,143,12510,189
2021-02-02,Mariposa,043,17540,362,345,3,348,4
2021-02-02,Mendocino,045,87422,3391,3210,65,3275,38
2021-02-02,Merced,047,269075,26744,26427,776,27203,340
2021-02-02,Modoc,049,8938,322,306,105,411,3
2021-02-02,Mono,051,14174,1143,1147,15,1162,3
2021-02-02,Monterey,053,433212,40292,39371,1438,40809,278
2021-02-02,Napa,055,140530,8636,8505,31,8536,53
2021-02-02,Nevada,057,99092,3724,3548,146,3694,20
2021-02-02,Orange,059,3164182,238655,233783,9558,243341,3152
2021-02-02,Placer,061,380077,19652,18615,1001,19616,205
2021-02-02,Plumas,063,18699,625,560,10,570,2
2021-02-02,Riverside,065,2383286,276625,267901,12813,280714,3169
2021-02-02,Sacramento,067,1510023,89294,87107,1090,88197,1202
2021-02-02,San Benito,069,59416,5500,5444,72,5516,50
2021-02-02,San Bernardino,071,2135413,279084,270486,8154,278640,2244
2021-02-02,San Diego,073,3302833,251887,240047,11979,252026,2629
2021-02-02,San Francisco,075,870044,32388,31788,895,32683,324
2021-02-02,San Joaquin,077,732212,63637,61708,2492,64200,878
2021-02-02,San Luis Obispo,079,281455,18546,17811,485,18296,201
2021-02-02,San Mateo,081,765935,37548,36004,362,36366,225
2021-02-02,Santa Barbara,083,443738,30189,28951,908,29859,304
2021-02-02,Santa Clara,085,1922200,104612,102872,477,103349,1349
2021-02-02,Santa Cruz,087,273765,14701,13572,700,14272,150
2021-02-02,Shasta,089,179085,10482,10371,1102,11473,128
2021-02-02,Sierra,091,2930,49,42,12,54,0
2021-02-02,Siskiyou,093,43540,1358,1252,197,1449,4
2021-02-02,Solano,095,438530,28532,27963,323,28286,118
2021-02-02,Sonoma,097,501317,26403,26054,142,26196,247
2021-02-02,Stanislaus,099,539301,47865,46306,4884,51190,641
2021-02-02,Sutter,101,95872,8458,8340,76,8416,89
2021-02-02,Tehama,103,63373,4412,4289,460,4749,21
2021-02-02,Trinity,105,12862,445,260,63,323,3
2021-02-02,Tulare,107,460477,46232,44720,6903,51623,625
2021-02-02,Tuolumne,109,53932,3552,3548,33,3581,39
2021-02-02,Ventura,111,848112,73374,71557,2560,74117,514
2021-02-02,Yolo,113,214977,12278,11886,132,12018,158
2021-02-02,Yuba,115,75493,5214,5111,74,5185,34
2021-02-01,Alameda,001,1643700,76033,74374,1572,75946,858
2021-02-01,Alpine,003,1148,73,72,0,72,0
2021-02-01,Amador,005,37829,3297,3234,26,3260,32
2021-02-01,Butte,007,227075,10815,10263,1500,11763,141
2021-02-01,Calaveras,009,45235,1815,1785,11,1796,21
2021-02-01,Colusa,011,21464,1785,1763,214,1977,9
2021-02-01,Contra Costa,013,1133247,59180,57324,974,58298,531
2021-02-01,Del Norte,015,27424,896,865,4,869,2
2021-02-01,El Dorado,017,186661,8665,8337,570,8907,83
2021-02-01,Fresno,019,978130,92005,89272,7005,96277,994
2021-02-01,Glenn,021,27897,2142,2086,445,2531,14
2021-02-01,Humboldt,023,135768,2873,2773,18,2791,25
2021-02-01,Imperial,025,180216,26697,26224,2355,28579,530
2021-02-01,Inyo,027,18085,1121,1072,8,1080,27
2021-02-01,Kern,029,883053,89159,86170,8622,94792,862
2021-02-01,Kings,031,150075,21311,20746,872,21618,172
2021-02-01,Lake,033,64148,2930,2843,1,2844,33
2021-02-01,Lassen,035,31185,4971,4907,86,4993,1
2021-02-01,Los Angeles,037,10098052,1133028,1094341,36249,1130590,16695
2021-02-01,Madera,039,155013,14925,14572,725,15297,94
2021-02-01,Marin,041,260295,12553,12341,142,12483,188
2021-02-01,Mariposa,043,17540,360,344,3,347,4
2021-02-01,Mendocino,045,87422,3358,3192,65,3257,37
2021-02-01,Merced,047,269075,26620,26282,767,27049,337
2021-02-01,Modoc,049,8938,316,303,101,404,1
2021-02-01,Mono,051,14174,1140,1145,15,1160,3
2021-02-01,Monterey,053,433212,40108,39196,1417,40613,278
2021-02-01,Napa,055,140530,8604,8449,31,8480,52
2021-02-01,Nevada,057,99092,3707,3535,145,3680,20
2021-02-01,Orange,059,3164182,237743,233155,9513,242668,3100
2021-02-01,Placer,061,380077,19585,18574,994,19568,204
2021-02-01,Plumas,063,18699,623,554,10,564,2
2021-02-01,Riverside,065,2383286,275685,267025,12778,279803,3092
2021-02-01,Sacramento,067,1510023,88892,86856,1079,87935,1193
2021-02-01,San Benito,069,59416,5482,5432,72,5504,48
2021-02-01,San Bernardino,071,2135413,278388,270012,8115,278127,2172
2021-02-01,San Diego,073,3302833,250662,239121,11903,251024,2619
2021-02-01,San Francisco,075,870044,32253,31703,883,32586,324
2021-02-01,San Joaquin,077,732212,63431,61542,2481,64023,877
2021-02-01,San Luis Obispo,079,281455,18426,17690,478,18168,199
2021-02-01,San Mateo,081,765935,37399,35843,362,36205,220
2021-02-01,Santa Barbara,083,443738,30020,28837,900,29737,297
2021-02-01,Santa Clara,085,1922200,104195,102462,476,102938,1343
2021-02-01,Santa Cruz,087,273765,14648,13524,698,14222,149
2021-02-01,Shasta,089,179085,10457,10329,1096,11425,112
2021-02-01,Sierra,091,2930,49,42,12,54,0
2021-02-01,Siskiyou,093,43540,1351,1238,194,1432,4
2021-02-01,Solano,095,438530,28427,27844,322,28166,117
2021-02-01,Sonoma,097,501317,26315,26011,141,26152,243
2021-02-01,Stanislaus,099,539301,47608,46112,4856,50968,642
2021-02-01,Sutter,101,95872,8419,8313,76,8389,89
2021-02-01,Tehama,103,63373,4386,4263,460,4723,21
2021-02-01,Trinity,105,12862,443,260,63,323,3
2021-02-01,Tulare,107,460477,46087,44569,6823,51392,618
2021-02-01,Tuolumne,109,53932,3544,3534,33,3567,39
2021-02-01,Ventura,111,848112,72969,71104,2543,73647,502
2021-02-01,Yolo,113,214977,12230,11824,132,11956,151
2021-02-01,Yuba,115,75493,5200,5084,73,5157,33
2021-01-31,Alameda,001,1643700,75608,73979,1564,75543,857
2021-01-31,Alpine,003,1148,73,72,0,72,0
2021-01-31,Amador,005,37829,3287,3212,25,3237,32
2021-01-31,Butte,007,227075,10770,10215,1490,11705,140
2021-01-31,Calaveras,009,45235,1795,1778,11,1789,21
2021-01-31,Colusa,011,21464,1779,1754,209,1963,9
2021-01-31,Contra Costa,013,1133247,58848,57079,974,58053,531
2021-01-31,Del Norte,015,27424,894,865,4,869,2
2021-01-31,El Dorado,017,186661,8627,8317,568,8885,83
2021-01-31,Fresno,019,978130,91693,88852,6951,95803,994
2021-01-31,Glenn,021,27897,2132,2083,444,2527,14
2021-01-31,Humboldt,023,135768,2857,2767,18,2785,25
2021-01-31,Imperial,025,180216,26624,26206,2346,28552,530
2021-01-31,Inyo,027,18085,1108,1072,8,1080,27
2021-01-31,Kern,029,883053,88662,85872,8538,94410,861
2021-01-31,Kings,031,150075,21227,20709,860,21569,172
2021-01-31,Lake,033,64148,2909,2826,1,2827,33
2021-01-31,Lassen,035,31185,4955,4900,86,4986,1
2021-01-31,Los Angeles,037,10098052,1128398,1090304,36048,1126352,16609
2021-01-31,Madera,039,155013,14871,14496,717,15213,94
2021-01-31,Marin,041,260295,12506,12297,138,12435,185
2021-01-31,Mariposa,043,17540,358,344,3,347,4
2021-01-31,Mendocino,045,87422,3335,3181,64,3245,37
2021-01-31,Merced,047,269075,26476,26222,762,26984,337
2021-01-31,Modoc,049,8938,313,304,99,403,1
2021-01-31,Mono,051,14174,1137,1146,15,1161,3
2021-01-31,Monterey,053,433212,39929,39035,1390,40425,278
2021-01-31,Napa,055,140530,8562,8404,31,8435,52
2021-01-31,Nevada,057,99092,3685,3518,143,3661,20
2021-01-31,Orange,059,3164182,236725,232347,9473,241820,3053
2021-01-31,Placer,061,380077,19508,18506,983,19489,204
2021-01-31,Plumas,063,18699,622,554,10,564,2
2021-01-31,Riverside,065,2383286,274668,266145,12731,278876,3074
2021-01-31,Sacramento,067,1510023,88450,86560,1065,87625,1186
2021-01-31,San Benito,069,59416,5460,5425,70,5495,48
2021-01-31,San Bernardino,071,2135413,277386,269533,8086,277619,2156
2021-01-31,San Diego,073,3302833,249349,238039,11789,249828,2619
2021-01-31,San Francisco,075,870044,32064,31563,872,32435,323
2021-01-31,San Joaquin,077,732212,63030,61379,2472,63851,877
2021-01-31,San Luis Obispo,079,281455,18293,17615,473,18088,199
2021-01-31,San Mateo,081,765935,37209,35659,359,36018,219
2021-01-31,Santa Barbara,083,443738,29776,28570,891,29461,297
2021-01-31,Santa Clara,085,1922200,103660,101986,467,102453,1330
2021-01-31,Santa Cruz,087,273765,14553,13469,684,14153,149
2021-01-31,Shasta,089,179085,10412,10313,1088,11401,112
2021-01-31,Sierra,091,2930,48,43,12,55,0
2021-01-31,Siskiyou,093,43540,1341,1238,194,1432,4
2021-01-31,Solano,095,438530,28297,27678,322,28000,118
2021-01-31,Sonoma,097,501317,26212,25925,140,26065,243
2021-01-31,Stanislaus,099,539301,47324,45971,4826,50797,642
2021-01-31,Sutter,101,95872,8374,8289,76,8365,89
2021-01-31,Tehama,103,63373,4364,4256,459,4715,21
2021-01-31,Trinity,105,12862,441,260,63,323,3
2021-01-31,Tulare,107,460477,45919,44440,6744,51184,618
2021-01-31,Tuolumne,109,53932,3506,3519,33,3552,39
2021-01-31,Ventura,111,848112,72374,70635,2530,73165,502
2021-01-31,Yolo,113,214977,12169,11771,132,11903,151
2021-01-31,Yuba,115,75493,5180,5071,73,5144,33
2021-01-30,Alameda,001,1643700,75404,73622,1559,75181,850
2021-01-30,Alpine,003,1148,73,72,0,72,0
2021-01-30,Amador,005,37829,3283,3181,25,3206,32
2021-01-30,Butte,007,227075,10736,10177,1481,11658,139
2021-01-30,Calaveras,009,45235,1782,1763,11,1774,21
2021-01-30,Colusa,011,21464,1777,1748,209,1957,9
2021-01-30,Contra Costa,013,1133247,58669,56763,970,57733,531
2021-01-30,Del Norte,015,27424,893,865,4,869,2
2021-01-30,El Dorado,017,186661,8607,8299,567,8866,83
2021-01-30,Fresno,019,978130,91513,88476,6931,95407,964
2021-01-30,Glenn,021,27897,2129,2074,442,2516,14
2021-01-30,Humboldt,023,135768,2846,2742,18,2760,24
2021-01-30,Imperial,025,180216,26600,26160,2344,28504,530
2021-01-30,Inyo,027,18085,1104,1068,8,1076,27
2021-01-30,Kern,029,883053,88461,85572,8473,94045,848
2021-01-30,Kings,031,150075,21156,20605,855,21460,169
2021-01-30,Lake,033,64148,2903,2809,1,2810,33
2021-01-30,Lassen,035,31185,4951,4890,86,4976,1
2021-01-30,Los Angeles,037,10098052,1126000,1084763,35906,1120669,16484
2021-01-30,Madera,039,155013,14829,14443,712,15155,94
2021-01-30,Marin,041,260295,12479,12225,137,12362,185
2021-01-30,Mariposa,043,17540,356,344,3,347,4
2021-01-30,Mendocino,045,87422,3321,3153,63,3216,36
2021-01-30,Merced,047,269075,26402,26078,760,26838,335
2021-01-30,Modoc,049,8938,313,303,99,402,1
2021-01-30,Mono,051,14174,1137,1143,15,1158,3
2021-01-30,Monterey,053,433212,39869,38847,1388,40235,277
2021-01-30,Napa,055,140530,8546,8342,31,8373,52
2021-01-30,Nevada,057,99092,3666,3499,143,3642,20
2021-01-30,Orange,059,3164182,236180,231358,9436,240794,3013
2021-01-30,Placer,061,380077,19455,18430,977,19407,205
2021-01-30,Plumas,063,18699,620,554,10,564,2
2021-01-30,Riverside,065,2383286,274072,265137,12700,277837,3061
2021-01-30,Sacramento,067,1510023,88259,86388,1060,87448,1184
2021-01-30,San Benito,069,59416,5442,5401,69,5470,48
2021-01-30,San Bernardino,071,2135413,276958,268660,8066,276726,2122
2021-01-30,San Diego,073,3302833,248584,236765,11744,248509,2603
2021-01-30,San Francisco,075,870044,31963,31427,869,32296,316
2021-01-30,San Joaquin,077,732212,62898,61120,2463,63583,864
2021-01-30,San Luis Obispo,079,281455,18213,17522,472,17994,198
2021-01-30,San Mateo,081,765935,37070,35451,358,35809,219
2021-01-30,Santa Barbara,083,443738,29634,28342,889,29231,296
2021-01-30,Santa Clara,085,1922200,103331,101471,465,101936,1307
2021-01-30,Santa Cruz,087,273765,14513,13383,683,14066,149
2021-01-30,Shasta,089,179085,10393,10283,1085,11368,112
2021-01-30,Sierra,091,2930,48,43,12,55,0
2021-01-30,Siskiyou,093,43540,1338,1236,193,1429,4
2021-01-30,Solano,095,438530,28214,27511,321,27832,118
2021-01-30,Sonoma,097,501317,26164,25810,137,25947,243
2021-01-30,Stanislaus,099,539301,47194,45697,4799,50496,642
2021-01-30,Sutter,101,95872,8358,8226,76,8302,87
2021-01-30,Tehama,103,63373,4351,4229,458,4687,21
2021-01-30,Trinity,105,12862,441,259,63,322,3
2021-01-30,Tulare,107,460477,45783,44203,6708,50911,615
2021-01-30,Tuolumne,109,53932,3502,3508,33,3541,36
2021-01-30,Ventura,111,848112,72062,69931,2516,72447,493
2021-01-30,Yolo,113,214977,12155,11698,131,11829,151
2021-01-30,Yuba,115,75493,5170,5042,72,5114,33
2021-01-29,Alameda,001,1643700,75137,73210,1552,74762,841
2021-01-29,Alpine,003,1148,73,72,0,72,0
2021-01-29,Amador,005,37829,3271,3134,24,3158,32
2021-01-29,Butte,007,227075,10704,10122,1472,11594,138
2021-01-29,Calaveras,009,45235,1771,1757,11,1768,21
2021-01-29,Colusa,011,21464,1773,1734,208,1942,8
2021-01-29,Contra Costa,013,1133247,58502,56318,968,57286,529
2021-01-29,Del Norte,015,27424,892,865,4,869,2
2021-01-29,El Dorado,017,186661,8590,8231,566,8797,83
2021-01-29,Fresno,019,978130,91299,87936,6895,94831,962
2021-01-29,Glenn,021,27897,2124,2061,441,2502,14
2021-01-29,Humboldt,023,135768,2833,2707,18,2725,24
2021-01-29,Imperial,025,180216,26585,26045,2341,28386,521
2021-01-29,Inyo,027,18085,1092,1048,8,1056,27
2021-01-29,Kern,029,883053,88234,85044,8422,93466,836
2021-01-29,Kings,031,150075,21117,20466,850,21316,169
2021-01-29,Lake,033,64148,2893,2792,1,2793,32
2021-01-29,Lassen,035,31185,4948,4874,86,4960,1
2021-01-29,Los Angeles,037,10098052,1122504,1078329,35756,1114085,16190
2021-01-29,Madera,039,155013,14782,14377,712,15089,94
2021-01-29,Marin,041,260295,12434,12145,136,12281,185
2021-01-29,Mariposa,043,17540,355,342,3,345,4
2021-01-29,Mendocino,045,87422,3312,3131,62,3193,36
2021-01-29,Merced,047,269075,26328,25865,755,26620,334
2021-01-29,Modoc,049,8938,312,297,99,396,1
2021-01-29,Mono,051,14174,1135,1139,15,1154,3
2021-01-29,Monterey,053,433212,39756,38539,1380,39919,277
2021-01-29,Napa,055,140530,8515,8276,31,8307,52
2021-01-29,Nevada,057,99092,3657,3487,142,3629,20
2021-01-29,Orange,059,3164182,235504,229917,9399,239316,2967
2021-01-29,Placer,061,380077,19402,18367,973,19340,203
2021-01-29,Plumas,063,18699,619,548,10,558,2
2021-01-29,Riverside,065,2383286,273270,263504,12668,276172,3008
2021-01-29,Sacramento,067,1510023,88005,86320,1055,87375,1169
2021-01-29,San Benito,069,59416,5434,5386,69,5455,48
2021-01-29,San Bernardino,071,2135413,276440,267490,8028,275518,2095
2021-01-29,San Diego,073,3302833,247642,234637,11666,246303,2571
2021-01-29,San Francisco,075,870044,31824,31294,861,32155,307
2021-01-29,San Joaquin,077,732212,62754,60899,2449,63348,858
2021-01-29,San Luis Obispo,079,281455,18153,17440,467,17907,193
2021-01-29,San Mateo,081,765935,36937,35223,355,35578,218
2021-01-29,Santa Barbara,083,443738,29501,28105,883,28988,291
2021-01-29,Santa Clara,085,1922200,102977,101010,463,101473,1273
2021-01-29,Santa Cruz,087,273765,14460,13311,680,13991,148
2021-01-29,Shasta,089,179085,10377,10220,1081,11301,112
2021-01-29,Sierra,091,2930,48,43,12,55,0
2021-01-29,Siskiyou,093,43540,1337,1227,193,1420,4
2021-01-29,Solano,095,438530,28131,27352,319,27671,116
2021-01-29,Sonoma,097,501317,26108,25710,136,25846,243
2021-01-29,Stanislaus,099,539301,47051,45466,4777,50243,642
2021-01-29,Sutter,101,95872,8339,8181,76,8257,87
2021-01-29,Tehama,103,63373,4339,4191,456,4647,20
2021-01-29,Trinity,105,12862,441,260,63,323,3
2021-01-29,Tulare,107,460477,45676,43925,6669,50594,606
2021-01-29,Tuolumne,109,53932,3492,3483,33,3516,36
2021-01-29,Ventura,111,848112,71640,69511,2503,72014,484
2021-01-29,Yolo,113,214977,12117,11612,131,11743,151
2021-01-29,Yuba,115,75493,5154,5018,72,5090,32
2021-01-28,Alameda,001,1643700,74714,72758,1544,74302,833
2021-01-28,Alpine,003,1148,73,72,0,72,0
2021-01-28,Amador,005,37829,3234,3124,24,3148,31
2021-01-28,Butte,007,227075,10663,10037,1462,11499,138
2021-01-28,Calaveras,009,45235,1758,1747,10,1757,21
2021-01-28,Colusa,011,21464,1766,1731,204,1935,8
2021-01-28,Contra Costa,013,1133247,58259,55999,958,56957,525
2021-01-28,Del Norte,015,27424,891,862,4,866,2
2021-01-28,El Dorado,017,186661,8575,8198,561,8759,79
2021-01-28,Fresno,019,978130,91013,87401,6848,94249,949
2021-01-28,Glenn,021,27897,2119,2043,434,2477,14
2021-01-28,Humboldt,023,135768,2816,2686,18,2704,24
2021-01-28,Imperial,025,180216,26541,25984,2334,28318,517
2021-01-28,Inyo,027,18085,1087,1039,8,1047,27
2021-01-28,Kern,029,883053,87905,84708,8339,93047,817
2021-01-28,Kings,031,150075,21057,20328,847,21175,167
2021-01-28,Lake,033,64148,2878,2772,1,2773,32
2021-01-28,Lassen,035,31185,4942,4865,86,4951,1
2021-01-28,Los Angeles,037,10098052,1118589,1072412,35570,1107982,15967
2021-01-28,Madera,039,155013,14727,14301,708,15009,94
2021-01-28,Marin,041,260295,12385,12079,135,12214,183
2021-01-28,Mariposa,043,17540,355,334,3,337,4
2021-01-28,Mendocino,045,87422,3295,3110,62,3172,36
2021-01-28,Merced,047,269075,26206,25620,743,26363,328
2021-01-28,Modoc,049,8938,311,297,99,396,0
2021-01-28,Mono,051,14174,1133,1131,15,1146,3
2021-01-28,Monterey,053,433212,39562,38312,1361,39673,274
2021-01-28,Napa,055,140530,8468,8233,31,8264,50
2021-01-28,Nevada,057,99092,3642,3452,141,3593,19
2021-01-28,Orange,059,3164182,234528,228636,9369,238005,2860
2021-01-28,Placer,061,380077,19342,18246,970,19216,198
2021-01-28,Plumas,063,18699,618,547,10,557,2
2021-01-28,Riverside,065,2383286,272489,262342,12620,274962,2981
2021-01-28,Sacramento,067,1510023,87642,85698,1044,86742,1149
2021-01-28,San Benito,069,59416,5416,5344,68,5412,47
2021-01-28,San Bernardino,071,2135413,275738,266456,8007,274463,2057
2021-01-28,San Diego,073,3302833,246489,232967,11577,244544,2534
2021-01-28,San Francisco,075,870044,31687,31193,845,32038,290
2021-01-28,San Joaquin,077,732212,62491,60627,2435,63062,854
2021-01-28,San Luis Obispo,079,281455,18053,17279,465,17744,189
2021-01-28,San Mateo,081,765935,36768,34931,339,35270,218
2021-01-28,Santa Barbara,083,443738,29278,27674,870,28544,284
2021-01-28,Santa Clara,085,1922200,102521,100470,461,100931,1219
2021-01-28,Santa Cruz,087,273765,14371,13188,674,13862,145
2021-01-28,Shasta,089,179085,10343,10176,1073,11249,110
2021-01-28,Sierra,091,2930,48,43,12,55,0
2021-01-28,Siskiyou,093,43540,1330,1218,191,1409,4
2021-01-28,Solano,095,438530,27971,27163,318,27481,114
2021-01-28,Sonoma,097,501317,26016,25564,136,25700,236
2021-01-28,Stanislaus,099,539301,46843,45162,4758,49920,640
2021-01-28,Sutter,101,95872,8292,8136,76,8212,85
2021-01-28,Tehama,103,63373,4316,4163,453,4616,20
2021-01-28,Trinity,105,12862,439,260,63,323,3
2021-01-28,Tulare,107,460477,45521,43742,6594,50336,595
2021-01-28,Tuolumne,109,53932,3478,3472,33,3505,32
2021-01-28,Ventura,111,848112,71128,68896,2487,71383,475
2021-01-28,Yolo,113,214977,12074,11500,127,11627,151
2021-01-28,Yuba,115,75493,5138,4994,71,5065,32
2021-01-27,Alameda,001,1643700,74296,72188,1537,73725,815
2021-01-27,Alpine,003,1148,73,72,0,72,0
2021-01-27,Amador,005,37829,3218,3116,24,3140,31
2021-01-27,Butte,007,227075,10624,9988,1450,11438,138
2021-01-27,Calaveras,009,45235,1749,1737,10,1747,21
2021-01-27,Colusa,011,21464,1760,1724,202,1926,8
2021-01-27,Contra Costa,013,1133247,57964,55578,955,56533,507
2021-01-27,Del Norte,015,27424,890,859,4,863,2
2021-01-27,El Dorado,017,186661,8549,8141,560,8701,76
2021-01-27,Fresno,019,978130,90721,86886,6806,93692,938
2021-01-27,Glenn,021,27897,2115,2042,433,2475,14
2021-01-27,Humboldt,023,135768,2794,2630,18,2648,24
2021-01-27,Imperial,025,180216,26487,25861,2322,28183,504
2021-01-27,Inyo,027,18085,1083,1023,8,1031,27
2021-01-27,Kern,029,883053,87595,84244,8269,92513,809
2021-01-27,Kings,031,150075,20951,20211,839,21050,167
2021-01-27,Lake,033,64148,2858,2750,1,2751,32
2021-01-27,Lassen,035,31185,4936,4851,86,4937,1
2021-01-27,Los Angeles,037,10098052,1113777,1066569,35367,1101936,15757
2021-01-27,Madera,039,155013,14685,14194,703,14897,86
2021-01-27,Marin,041,260295,12347,12028,134,12162,180
2021-01-27,Mariposa,043,17540,355,333,3,336,4
2021-01-27,Mendocino,045,87422,3275,3095,62,3157,36
2021-01-27,Merced,047,269075,26047,25439,732,26171,315
2021-01-27,Modoc,049,8938,311,297,96,393,0
2021-01-27,Mono,051,14174,1131,1131,15,1146,3
2021-01-27,Monterey,053,433212,39355,38139,1342,39481,268
2021-01-27,Napa,055,140530,8395,8187,31,8218,46
2021-01-27,Nevada,057,99092,3620,3431,141,3572,18
2021-01-27,Orange,059,3164182,233412,227110,9317,236427,2832
2021-01-27,Placer,061,380077,19272,18106,959,19065,198
2021-01-27,Plumas,063,18699,618,544,10,554,2
2021-01-27,Riverside,065,2383286,271294,260796,12569,273365,2931
2021-01-27,Sacramento,067,1510023,87282,85428,1033,86461,1142
2021-01-27,San Benito,069,59416,5401,5284,68,5352,47
2021-01-27,San Bernardino,071,2135413,274883,265153,7974,273127,2019
2021-01-27,San Diego,073,3302833,245160,231478,11472,242950,2465
2021-01-27,San Francisco,075,870044,31543,31082,838,31920,287
2021-01-27,San Joaquin,077,732212,62221,60131,2416,62547,853
2021-01-27,San Luis Obispo,079,281455,17945,17119,461,17580,188
2021-01-27,San Mateo,081,765935,36613,34619,336,34955,216
2021-01-27,Santa Barbara,083,443738,29101,27435,864,28299,282
2021-01-27,Santa Clara,085,1922200,102106,99732,457,100189,1184
2021-01-27,Santa Cruz,087,273765,14301,13111,671,13782,143
2021-01-27,Shasta,089,179085,10309,10106,1067,11173,105
2021-01-27,Sierra,091,2930,48,44,12,56,0
2021-01-27,Siskiyou,093,43540,1325,1214,188,1402,4
2021-01-27,Solano,095,438530,27794,26982,311,27293,112
2021-01-27,Sonoma,097,501317,25918,25361,132,25493,237
2021-01-27,Stanislaus,099,539301,46659,44874,4733,49607,624
2021-01-27,Sutter,101,95872,8249,8093,76,8169,83
2021-01-27,Tehama,103,63373,4296,4133,449,4582,20
2021-01-27,Trinity,105,12862,439,260,63,323,3
2021-01-27,Tulare,107,460477,45334,43462,6524,49986,583
2021-01-27,Tuolumne,109,53932,3468,3464,33,3497,32
2021-01-27,Ventura,111,848112,70654,68291,2462,70753,468
2021-01-27,Yolo,113,214977,12026,11427,125,11552,151
2021-01-27,Yuba,115,75493,5122,4968,71,5039,32
2021-01-26,Alameda,001,1643700,73921,71851,1520,73371,789
2021-01-26,Alpine,003,1148,73,72,0,72,0
2021-01-26,Amador,005,37829,3207,3113,24,3137,31
2021-01-26,Butte,007,227075,10582,9943,1444,11387,136
2021-01-26,Calaveras,009,45235,1739,1723,10,1733,21
2021-01-26,Colusa,011,21464,1753,1719,199,1918,8
2021-01-26,Contra Costa,013,1133247,57691,55337,947,56284,491
2021-01-26,Del Norte,015,27424,889,856,4,860,2
2021-01-26,El Dorado,017,186661,8525,8115,558,8673,71
2021-01-26,Fresno,019,978130,90363,86673,6763,93436,923
2021-01-26,Glenn,021,27897,2105,2034,428,2462,13
2021-01-26,Humboldt,023,135768,2773,2612,17,2629,24
2021-01-26,Imperial,025,180216,26415,25812,2310,28122,498
2021-01-26,Inyo,027,18085,1077,1018,8,1026,27
2021-01-26,Kern,029,883053,87172,83868,8194,92062,790
2021-01-26,Kings,031,150075,20893,20156,834,20990,159
2021-01-26,Lake,033,64148,2850,2748,1,2749,32
2021-01-26,Lassen,035,31185,4930,4844,86,4930,1
2021-01-26,Los Angeles,037,10098052,1108489,1060492,35167,1095659,15458
2021-01-26,Madera,039,155013,14628,14130,697,14827,86
2021-01-26,Marin,041,260295,12303,11993,132,12125,179
2021-01-26,Mariposa,043,17540,353,332,3,335,3
2021-01-26,Mendocino,045,87422,3249,3076,61,3137,36
2021-01-26,Merced,047,269075,25907,25359,724,26083,309
2021-01-26,Modoc,049,8938,304,291,95,386,0
2021-01-26,Mono,051,14174,1129,1120,15,1135,3
2021-01-26,Monterey,053,433212,39161,37963,1322,39285,255
2021-01-26,Napa,055,140530,8338,8145,31,8176,43
2021-01-26,Nevada,057,99092,3613,3410,140,3550,18
2021-01-26,Orange,059,3164182,232289,225987,9271,235258,2760
2021-01-26,Placer,061,380077,19196,18016,957,18973,193
2021-01-26,Plumas,063,18699,616,536,10,546,2
2021-01-26,Riverside,065,2383286,269924,259399,12506,271905,2898
2021-01-26,Sacramento,067,1510023,86924,85062,1026,86088,1127
2021-01-26,San Benito,069,59416,5387,5251,67,5318,45
2021-01-26,San Bernardino,071,2135413,273889,263736,7932,271668,1970
2021-01-26,San Diego,073,3302833,243665,230063,11370,241433,2421
2021-01-26,San Francisco,075,870044,31411,30874,819,31693,286
2021-01-26,San Joaquin,077,732212,61969,59889,2400,62289,847
2021-01-26,San Luis Obispo,079,281455,17864,17016,458,17474,186
2021-01-26,San Mateo,081,765935,36419,34441,325,34766,213
2021-01-26,Santa Barbara,083,443738,28925,27321,852,28173,273
2021-01-26,Santa Clara,085,1922200,101627,99215,454,99669,1171
2021-01-26,Santa Cruz,087,273765,14235,13045,665,13710,134
2021-01-26,Shasta,089,179085,10274,10036,1059,11095,103
2021-01-26,Sierra,091,2930,48,43,12,55,0
2021-01-26,Siskiyou,093,43540,1310,1208,186,1394,4
2021-01-26,Solano,095,438530,27638,26858,304,27162,110
2021-01-26,Sonoma,097,501317,25799,25273,130,25403,236
2021-01-26,Stanislaus,099,539301,46477,44703,4693,49396,599
2021-01-26,Sutter,101,95872,8206,8067,76,8143,83
2021-01-26,Tehama,103,63373,4263,4115,449,4564,20
2021-01-26,Trinity,105,12862,439,260,63,323,3
2021-01-26,Tulare,107,460477,45131,43394,6456,49850,579
2021-01-26,Tuolumne,109,53932,3458,3451,33,3484,30
2021-01-26,Ventura,111,848112,70122,67526,2436,69962,448
2021-01-26,Yolo,113,214977,11981,11361,122,11483,148
2021-01-26,Yuba,115,75493,5097,4944,69,5013,31
2021-01-25,Alameda,001,1643700,73495,71255,1510,72765,780
2021-01-25,Alpine,003,1148,73,72,0,72,0
2021-01-25,Amador,005,37829,3167,3074,24,3098,30
2021-01-25,Butte,007,227075,10515,9865,1436,11301,133
2021-01-25,Calaveras,009,45235,1724,1713,10,1723,21
2021-01-25,Colusa,011,21464,1741,1709,195,1904,8
2021-01-25,Contra Costa,013,1133247,57339,54989,940,55929,488
2021-01-25,Del Norte,015,27424,889,855,4,859,2
2021-01-25,El Dorado,017,186661,8500,8060,558,8618,66
2021-01-25,Fresno,019,978130,89993,86336,6731,93067,913
2021-01-25,Glenn,021,27897,2096,2028,428,2456,13
2021-01-25,Humboldt,023,135768,2739,2587,17,2604,24
2021-01-25,Imperial,025,180216,26368,25745,2303,28048,491
2021-01-25,Inyo,027,18085,1071,1015,8,1023,27
2021-01-25,Kern,029,883053,86786,83401,8109,91510,787
2021-01-25,Kings,031,150075,20773,20067,830,20897,159
2021-01-25,Lake,033,64148,2832,2729,1,2730,32
2021-01-25,Lassen,035,31185,4903,4835,86,4921,1
2021-01-25,Los Angeles,037,10098052,1102522,1055181,34947,1090128,15163
2021-01-25,Madera,039,155013,14573,14068,692,14760,86
2021-01-25,Marin,041,260295,12254,11923,128,12051,177
2021-01-25,Mariposa,043,17540,350,331,3,334,3
2021-01-25,Mendocino,045,87422,3238,3054,61,3115,35
2021-01-25,Merced,047,269075,25768,25181,715,25896,305
2021-01-25,Modoc,049,8938,303,288,91,379,0
2021-01-25,Mono,051,14174,1126,1114,14,1128,3
2021-01-25,Monterey,053,433212,38909,37726,1303,39029,255
2021-01-25,Napa,055,140530,8304,8057,30,8087,43
2021-01-25,Nevada,057,99092,3599,3365,140,3505,18
2021-01-25,Orange,059,3164182,231080,225105,9226,234331,2696
2021-01-25,Placer,061,380077,19106,17936,942,18878,193
2021-01-25,Plumas,063,18699,613,533,10,543,2
2021-01-25,Riverside,065,2383286,268187,258082,12453,270535,2789
2021-01-25,Sacramento,067,1510023,86482,84653,1018,85671,1118
2021-01-25,San Benito,069,59416,5352,5238,66,5304,43
2021-01-25,San Bernardino,071,2135413,272965,263174,7896,271070,1947
2021-01-25,San Diego,073,3302833,242052,228630,11298,239928,2375
2021-01-25,San Francisco,075,870044,31264,30734,796,31530,288
2021-01-25,San Joaquin,077,732212,61678,59291,2375,61666,838
2021-01-25,San Luis Obispo,079,281455,17730,16868,453,17321,179
2021-01-25,San Mateo,081,765935,36186,34187,319,34506,213
2021-01-25,Santa Barbara,083,443738,28691,27065,842,27907,269
2021-01-25,Santa Clara,085,1922200,101103,98647,446,99093,1143
2021-01-25,Santa Cruz,087,273765,14148,12973,661,13634,133
2021-01-25,Shasta,089,179085,10233,9991,1048,11039,103
2021-01-25,Sierra,091,2930,48,42,12,54,0
2021-01-25,Siskiyou,093,43540,1302,1205,183,1388,4
2021-01-25,Solano,095,438530,27470,26648,303,26951,109
2021-01-25,Sonoma,097,501317,25692,25160,128,25288,233
2021-01-25,Stanislaus,099,539301,46231,44293,4651,48944,599
2021-01-25,Sutter,101,95872,8163,8023,76,8099,83
2021-01-25,Tehama,103,63373,4236,4082,445,4527,20
2021-01-25,Trinity,105,12862,439,262,63,325,3
2021-01-25,Tulare,107,460477,44914,43124,6354,49478,578
2021-01-25,Tuolumne,109,53932,3449,3422,33,3455,29
2021-01-25,Ventura,111,848112,69501,66910,2420,69330,439
2021-01-25,Yolo,113,214977,11896,11276,121,11397,140
2021-01-25,Yuba,115,75493,5076,4900,67,4967,31
2021-01-24,Alameda,001,1643700,72993,70823,1499,72322,780
2021-01-24,Alpine,003,1148,73,72,0,72,0
2021-01-24,Amador,005,37829,3134,3054,24,3078,30
2021-01-24,Butte,007,227075,10431,9820,1420,11240,133
2021-01-24,Calaveras,009,45235,1711,1704,10,1714,21
2021-01-24,Colusa,011,21464,1730,1689,189,1878,8
2021-01-24,Contra Costa,013,1133247,56954,54694,928,55622,488
2021-01-24,Del Norte,015,27424,885,855,4,859,2
2021-01-24,El Dorado,017,186661,8465,8003,554,8557,66
2021-01-24,Fresno,019,978130,89554,85808,6692,92500,911
2021-01-24,Glenn,021,27897,2088,2026,427,2453,13
2021-01-24,Humboldt,023,135768,2700,2562,17,2579,24
2021-01-24,Imperial,025,180216,26272,25707,2282,27989,488
2021-01-24,Inyo,027,18085,1055,1007,8,1015,27
2021-01-24,Kern,029,883053,86351,83125,8002,91127,785
2021-01-24,Kings,031,150075,20645,19988,814,20802,159
2021-01-24,Lake,033,64148,2815,2724,0,2724,32
2021-01-24,Lassen,035,31185,4892,4828,83,4911,1
2021-01-24,Los Angeles,037,10098052,1096105,1048757,34642,1083399,15119
2021-01-24,Madera,039,155013,14490,14000,686,14686,86
2021-01-24,Marin,041,260295,12190,11872,127,11999,177
2021-01-24,Mariposa,043,17540,346,322,3,325,3
2021-01-24,Mendocino,045,87422,3217,3037,60,3097,33
2021-01-24,Merced,047,269075,25557,25047,706,25753,305
2021-01-24,Modoc,049,8938,303,285,91,376,0
2021-01-24,Mono,051,14174,1119,1113,14,1127,3
2021-01-24,Monterey,053,433212,38637,37527,1269,38796,254
2021-01-24,Napa,055,140530,8262,8005,30,8035,43
2021-01-24,Nevada,057,99092,3557,3349,138,3487,18
2021-01-24,Orange,059,3164182,229647,223853,9157,233010,2632
2021-01-24,Placer,061,380077,18993,17839,922,18761,193
2021-01-24,Plumas,063,18699,610,532,10,542,2
2021-01-24,Riverside,065,2383286,266548,256767,12377,269144,2761
2021-01-24,Sacramento,067,1510023,85929,84110,1010,85120,1112
2021-01-24,San Benito,069,59416,5310,5223,63,5286,43
2021-01-24,San Bernardino,071,2135413,271653,262370,7844,270214,1935
2021-01-24,San Diego,073,3302833,240358,227193,11167,238360,2375
2021-01-24,San Francisco,075,870044,31075,30559,775,31334,275
2021-01-24,San Joaquin,077,732212,61252,59021,2361,61382,838
2021-01-24,San Luis Obispo,079,281455,17606,16758,451,17209,179
2021-01-24,San Mateo,081,765935,35941,33956,314,34270,213
2021-01-24,Santa Barbara,083,443738,28376,26735,832,27567,269
2021-01-24,Santa Clara,085,1922200,100468,98103,441,98544,1109
2021-01-24,Santa Cruz,087,273765,14062,12905,653,13558,133
2021-01-24,Shasta,089,179085,10162,9978,1039,11017,103
2021-01-24,Sierra,091,2930,47,42,12,54,0
2021-01-24,Siskiyou,093,43540,1295,1195,183,1378,4
2021-01-24,Solano,095,438530,27284,26515,299,26814,109
2021-01-24,Sonoma,097,501317,25530,25045,127,25172,233
2021-01-24,Stanislaus,099,539301,45922,44031,4592,48623,599
2021-01-24,Sutter,101,95872,8099,7980,76,8056,83
2021-01-24,Tehama,103,63373,4196,4062,442,4504,20
2021-01-24,Trinity,105,12862,439,262,63,325,3
2021-01-24,Tulare,107,460477,44694,43006,6265,49271,577
2021-01-24,Tuolumne,109,53932,3438,3416,33,3449,29
2021-01-24,Ventura,111,848112,68811,66347,2398,68745,439
2021-01-24,Yolo,113,214977,11813,11210,117,11327,140
2021-01-24,Yuba,115,75493,5036,4875,66,4941,31
2021-01-23,Alameda,001,1643700,72745,70080,1493,71573,780
2021-01-23,Alpine,003,1148,73,72,0,72,0
2021-01-23,Amador,005,37829,3131,3049,24,3073,30
2021-01-23,Butte,007,227075,10402,9757,1417,11174,133
2021-01-23,Calaveras,009,45235,1708,1695,10,1705,21
2021-01-23,Colusa,011,21464,1726,1672,188,1860,8
2021-01-23,Contra Costa,013,1133247,56740,54162,922,55084,487
2021-01-23,Del Norte,015,27424,883,855,4,859,2
2021-01-23,El Dorado,017,186661,8449,7984,552,8536,66
2021-01-23,Fresno,019,978130,89367,85274,6664,91938,910
2021-01-23,Glenn,021,27897,2085,2015,423,2438,13
2021-01-23,Humboldt,023,135768,2681,2493,16,2509,23
2021-01-23,Imperial,025,180216,26238,25581,2270,27851,487
2021-01-23,Inyo,027,18085,1046,987,8,995,27
2021-01-23,Kern,029,883053,86108,82602,7934,90536,783
2021-01-23,Kings,031,150075,20601,19904,812,20716,159
2021-01-23,Lake,033,64148,2806,2673,0,2673,32
2021-01-23,Lassen,035,31185,4891,4816,80,4896,1
2021-01-23,Los Angeles,037,10098052,1092867,1040961,34483,1075444,15034
2021-01-23,Madera,039,155013,14453,13858,683,14541,86
2021-01-23,Marin,041,260295,12134,11796,125,11921,177
2021-01-23,Mariposa,043,17540,346,323,3,326,3
2021-01-23,Mendocino,045,87422,3203,2991,60,3051,32
2021-01-23,Merced,047,269075,25465,24787,692,25479,303
2021-01-23,Modoc,049,8938,303,285,91,376,0
2021-01-23,Mono,051,14174,1117,1111,14,1125,3
2021-01-23,Monterey,053,433212,38554,37165,1264,38429,253
2021-01-23,Napa,055,140530,8237,7893,30,7923,43
2021-01-23,Nevada,057,99092,3546,3332,137,3469,18
2021-01-23,Orange,059,3164182,228878,221722,9117,230839,2618
2021-01-23,Placer,061,380077,18943,17617,917,18534,193
2021-01-23,Plumas,063,18699,609,528,10,538,2
2021-01-23,Riverside,065,2383286,265649,253636,12327,265963,2733
2021-01-23,Sacramento,067,1510023,85701,83408,1007,84415,1108
2021-01-23,San Benito,069,59416,5286,5166,62,5228,43
2021-01-23,San Bernardino,071,2135413,271096,260381,7814,268195,1922
2021-01-23,San Diego,073,3302833,239297,225556,11095,236651,2344
2021-01-23,San Francisco,075,870044,30970,30308,745,31053,268
2021-01-23,San Joaquin,077,732212,61124,58164,2351,60515,836
2021-01-23,San Luis Obispo,079,281455,17542,16652,448,17100,176
2021-01-23,San Mateo,081,765935,35765,33696,303,33999,213
2021-01-23,Santa Barbara,083,443738,28191,26234,823,27057,264
2021-01-23,Santa Clara,085,1922200,100109,97189,440,97629,1086
2021-01-23,Santa Cruz,087,273765,14004,12771,650,13421,127
2021-01-23,Shasta,089,179085,10133,9951,1038,10989,103
2021-01-23,Sierra,091,2930,47,41,12,53,0
2021-01-23,Siskiyou,093,43540,1286,1190,182,1372,4
2021-01-23,Solano,095,438530,27191,26261,297,26558,107
2021-01-23,Sonoma,097,501317,25450,24790,127,24917,232
2021-01-23,Stanislaus,099,539301,45755,43723,4561,48284,599
2021-01-23,Sutter,101,95872,8081,7943,75,8018,80
2021-01-23,Tehama,103,63373,4177,4006,441,4447,20
2021-01-23,Trinity,105,12862,439,262,63,325,3
2021-01-23,Tulare,107,460477,44541,42661,6205,48866,575
2021-01-23,Tuolumne,109,53932,3431,3407,33,3440,29
2021-01-23,Ventura,111,848112,68355,65581,2375,67956,438
2021-01-23,Yolo,113,214977,11772,11087,116,11203,141
2021-01-23,Yuba,115,75493,5024,4831,65,4896,30
2021-01-22,Alameda,001,1643700,72427,69693,1486,71179,751
2021-01-22,Alpine,003,1148,73,71,0,71,0
2021-01-22,Amador,005,37829,3126,3042,24,3066,30
2021-01-22,Butte,007,227075,10358,9711,1404,11115,133
2021-01-22,Calaveras,009,45235,1699,1672,10,1682,21
2021-01-22,Colusa,011,21464,1724,1668,188,1856,7
2021-01-22,Contra Costa,013,1133247,56502,53887,916,54803,485
2021-01-22,Del Norte,015,27424,882,852,4,856,2
2021-01-22,El Dorado,017,186661,8416,7877,549,8426,64
2021-01-22,Fresno,019,978130,89027,84744,6636,91380,892
2021-01-22,Glenn,021,27897,2080,1985,417,2402,13
2021-01-22,Humboldt,023,135768,2657,2452,16,2468,23
2021-01-22,Imperial,025,180216,26202,25562,2255,27817,474
2021-01-22,Inyo,027,18085,1035,961,8,969,26
2021-01-22,Kern,029,883053,85811,82101,7858,89959,771
2021-01-22,Kings,031,150075,20525,19760,808,20568,159
2021-01-22,Lake,033,64148,2794,2681,0,2681,32
2021-01-22,Lassen,035,31185,4882,4765,79,4844,1
2021-01-22,Los Angeles,037,10098052,1088398,1031177,34295,1065472,14777
2021-01-22,Madera,039,155013,14393,13781,682,14463,86
2021-01-22,Marin,041,260295,12097,11769,123,11892,177
2021-01-22,Mariposa,043,17540,346,323,3,326,3
2021-01-22,Mendocino,045,87422,3178,2994,59,3053,32
2021-01-22,Merced,047,269075,25342,24616,685,25301,290
2021-01-22,Modoc,049,8938,303,285,91,376,0
2021-01-22,Mono,051,14174,1117,1108,14,1122,3
2021-01-22,Monterey,053,433212,38401,36909,1259,38168,253
2021-01-22,Napa,055,140530,8191,7828,30,7858,40
2021-01-22,Nevada,057,99092,3521,3296,136,3432,18
2021-01-22,Orange,059,3164182,227925,220384,9070,229454,2542
2021-01-22,Placer,061,380077,18886,17636,902,18538,193
2021-01-22,Plumas,063,18699,607,522,10,532,2
2021-01-22,Riverside,065,2383286,264505,252440,12261,264701,2710
2021-01-22,Sacramento,067,1510023,85371,82861,999,83860,1094
2021-01-22,San Benito,069,59416,5260,5143,62,5205,43
2021-01-22,San Bernardino,071,2135413,270293,259121,7784,266905,1849
2021-01-22,San Diego,073,3302833,238057,222576,11030,233606,2301
2021-01-22,San Francisco,075,870044,30857,30027,728,30755,266
2021-01-22,San Joaquin,077,732212,60940,58485,2339,60824,812
2021-01-22,San Luis Obispo,079,281455,17453,16336,445,16781,172
2021-01-22,San Mateo,081,765935,35543,33401,300,33701,211
2021-01-22,Santa Barbara,083,443738,27991,25989,812,26801,256
2021-01-22,Santa Clara,085,1922200,99663,96435,437,96872,1062
2021-01-22,Santa Cruz,087,273765,13946,12687,646,13333,123
2021-01-22,Shasta,089,179085,10113,9866,1036,10902,103
2021-01-22,Sierra,091,2930,47,40,12,52,0
2021-01-22,Siskiyou,093,43540,1282,1182,180,1362,4
2021-01-22,Solano,095,438530,27101,26048,295,26343,107
2021-01-22,Sonoma,097,501317,25365,24659,127,24786,232
2021-01-22,Stanislaus,099,539301,45589,43489,4535,48024,599
2021-01-22,Sutter,101,95872,8056,7878,75,7953,80
2021-01-22,Tehama,103,63373,4163,3993,439,4432,19
2021-01-22,Trinity,105,12862,438,263,63,326,3
2021-01-22,Tulare,107,460477,44362,42307,6138,48445,573
2021-01-22,Tuolumne,109,53932,3403,3379,33,3412,29
2021-01-22,Ventura,111,848112,67842,64404,2356,66760,426
2021-01-22,Yolo,113,214977,11739,11014,114,11128,141
2021-01-22,Yuba,115,75493,5000,4789,63,4852,29
2021-01-21,Alameda,001,1643700,71991,69314,1469,70783,739
2021-01-21,Alpine,003,1148,73,71,0,71,0
2021-01-21,Amador,005,37829,3104,3038,24,3062,29
2021-01-21,Butte,007,227075,10294,9643,1397,11040,130
2021-01-21,Calaveras,009,45235,1690,1647,10,1657,21
2021-01-21,Colusa,011,21464,1717,1662,186,1848,7
2021-01-21,Contra Costa,013,1133247,56112,53595,904,54499,478
2021-01-21,Del Norte,015,27424,880,850,3,853,2
2021-01-21,El Dorado,017,186661,8366,7823,546,8369,58
2021-01-21,Fresno,019,978130,88623,84137,6596,90733,889
2021-01-21,Glenn,021,27897,2072,1964,412,2376,13
2021-01-21,Humboldt,023,135768,2634,2423,16,2439,23
2021-01-21,Imperial,025,180216,26115,25509,2243,27752,463
2021-01-21,Inyo,027,18085,1026,946,8,954,26
2021-01-21,Kern,029,883053,85398,81328,7743,89071,769
2021-01-21,Kings,031,150075,20454,19633,791,20424,158
2021-01-21,Lake,033,64148,2780,2669,0,2669,32
2021-01-21,Lassen,035,31185,4875,4763,79,4842,1
2021-01-21,Los Angeles,037,10098052,1081732,1023055,33982,1057037,14537
2021-01-21,Madera,039,155013,14329,13664,674,14338,86
2021-01-21,Marin,041,260295,12042,11732,121,11853,173
2021-01-21,Mariposa,043,17540,342,322,3,325,3
2021-01-21,Mendocino,045,87422,3155,2967,57,3024,32
2021-01-21,Merced,047,269075,25187,24426,678,25104,245
2021-01-21,Modoc,049,8938,300,284,90,374,0
2021-01-21,Mono,051,14174,1112,1104,14,1118,3
2021-01-21,Monterey,053,433212,38120,36149,1250,37399,253
2021-01-21,Napa,055,140530,8127,7774,30,7804,40
2021-01-21,Nevada,057,99092,3492,3274,135,3409,18
2021-01-21,Orange,059,3164182,226549,218867,9016,227883,2540
2021-01-21,Placer,061,380077,18808,17553,898,18451,190
2021-01-21,Plumas,063,18699,603,518,10,528,2
2021-01-21,Riverside,065,2383286,262783,251007,12183,263190,2676
2021-01-21,Sacramento,067,1510023,84892,82303,979,83282,1084
2021-01-21,San Benito,069,59416,5230,5100,57,5157,43
2021-01-21,San Bernardino,071,2135413,268973,257754,7719,265473,1832
2021-01-21,San Diego,073,3302833,236282,219729,10923,230652,2222
2021-01-21,San Francisco,075,870044,30684,29801,694,30495,266
2021-01-21,San Joaquin,077,732212,60634,58270,2321,60591,806
2021-01-21,San Luis Obispo,079,281455,17367,16153,437,16590,169
2021-01-21,San Mateo,081,765935,35297,33156,287,33443,210
2021-01-21,Santa Barbara,083,443738,27703,25654,799,26453,253
2021-01-21,Santa Clara,085,1922200,99075,96028,432,96460,1062
2021-01-21,Santa Cruz,087,273765,13862,12548,636,13184,119
2021-01-21,Shasta,089,179085,10070,9795,1021,10816,98
2021-01-21,Sierra,091,2930,47,40,12,52,0
2021-01-21,Siskiyou,093,43540,1279,1178,178,1356,4
2021-01-21,Solano,095,438530,26922,25885,291,26176,106
2021-01-21,Sonoma,097,501317,25225,24440,125,24565,230
2021-01-21,Stanislaus,099,539301,45291,43223,4491,47714,599
2021-01-21,Sutter,101,95872,8022,7822,75,7897,80
2021-01-21,Tehama,103,63373,4124,3938,438,4376,19
2021-01-21,Trinity,105,12862,438,261,63,324,3
2021-01-21,Tulare,107,460477,44151,42082,6064,48146,569
2021-01-21,Tuolumne,109,53932,3393,3365,32,3397,29
2021-01-21,Ventura,111,848112,67143,63995,2336,66331,420
2021-01-21,Yolo,113,214977,11648,10940,106,11046,141
2021-01-21,Yuba,115,75493,4968,4757,62,4819,29
2021-01-20,Alameda,001,1643700,71518,68785,1453,70238,702
2021-01-20,Alpine,003,1148,73,71,0,71,0
2021-01-20,Amador,005,37829,3073,3036,24,3060,29
2021-01-20,Butte,007,227075,10238,9582,1387,10969,130
2021-01-20,Calaveras,009,45235,1668,1637,9,1646,21
2021-01-20,Colusa,011,21464,1700,1630,181,1811,7
2021-01-20,Contra Costa,013,1133247,55687,53108,895,54003,461
2021-01-20,Del Norte,015,27424,879,848,3,851,2
2021-01-20,El Dorado,017,186661,8316,7785,543,8328,53
2021-01-20,Fresno,019,978130,88204,83591,6542,90133,872
2021-01-20,Glenn,021,27897,2053,1955,410,2365,13
2021-01-20,Humboldt,023,135768,2591,2390,16,2406,22
2021-01-20,Imperial,025,180216,26042,25380,2209,27589,461
2021-01-20,Inyo,027,18085,1016,901,8,909,26
2021-01-20,Kern,029,883053,84947,80701,7637,88338,754
2021-01-20,Kings,031,150075,20364,19522,783,20305,146
2021-01-20,Lake,033,64148,2760,2646,0,2646,31
2021-01-20,Lassen,035,31185,4867,4758,77,4835,1
2021-01-20,Los Angeles,037,10098052,1074230,1015608,33701,1049309,14299
2021-01-20,Madera,039,155013,14264,13585,670,14255,86
2021-01-20,Marin,041,260295,11986,11684,119,11803,171
2021-01-20,Mariposa,043,17540,340,322,3,325,3
2021-01-20,Mendocino,045,87422,3140,2957,57,3014,32
2021-01-20,Merced,047,269075,25014,24220,656,24876,243
2021-01-20,Modoc,049,8938,299,282,90,372,0
2021-01-20,Mono,051,14174,1105,1105,13,1118,3
2021-01-20,Monterey,053,433212,37808,35960,1230,37190,249
2021-01-20,Napa,055,140530,8058,7731,30,7761,40
2021-01-20,Nevada,057,99092,3460,3238,135,3373,18
2021-01-20,Orange,059,3164182,225014,216893,8955,225848,2500
2021-01-20,Placer,061,380077,18714,17455,880,18335,186
2021-01-20,Plumas,063,18699,601,512,10,522,2
2021-01-20,Riverside,065,2383286,260739,248686,12100,260786,2615
2021-01-20,Sacramento,067,1510023,84332,81687,969,82656,1072
2021-01-20,San Benito,069,59416,5199,5036,56,5092,35
2021-01-20,San Bernardino,071,2135413,267649,255921,7672,263593,1801
2021-01-20,San Diego,073,3302833,234427,218553,10819,229372,2174
2021-01-20,San Francisco,075,870044,30497,29665,673,30338,262
2021-01-20,San Joaquin,077,732212,60230,58025,2312,60337,783
2021-01-20,San Luis Obispo,079,281455,17185,15936,428,16364,164
2021-01-20,San Mateo,081,765935,35070,32929,286,33215,210
2021-01-20,Santa Barbara,083,443738,27385,25312,787,26099,248
2021-01-20,Santa Clara,085,1922200,98430,94995,430,95425,1040
2021-01-20,Santa Cruz,087,273765,13755,12460,623,13083,107
2021-01-20,Shasta,089,179085,10018,9697,1011,10708,98
2021-01-20,Sierra,091,2930,47,40,12,52,0
2021-01-20,Siskiyou,093,43540,1272,1163,177,1340,4
2021-01-20,Solano,095,438530,26729,25659,287,25946,106
2021-01-20,Sonoma,097,501317,25088,24262,123,24385,223
2021-01-20,Stanislaus,099,539301,45011,42955,4453,47408,585
2021-01-20,Sutter,101,95872,7971,7772,73,7845,80
2021-01-20,Tehama,103,63373,4098,3892,435,4327,19
2021-01-20,Trinity,105,12862,438,260,63,323,3
2021-01-20,Tulare,107,460477,43894,41799,5974,47773,559
2021-01-20,Tuolumne,109,53932,3379,3355,31,3386,29
2021-01-20,Ventura,111,848112,66182,63413,2307,65720,395
2021-01-20,Yolo,113,214977,11582,10852,103,10955,141
2021-01-20,Yuba,115,75493,4942,4729,62,4791,29
2021-01-19,Alameda,001,1643700,70878,68434,1444,69878,680
2021-01-19,Alpine,003,1148,73,71,0,71,0
2021-01-19,Amador,005,37829,3064,3024,24,3048,28
2021-01-19,Butte,007,227075,10175,9528,1373,10901,129
2021-01-19,Calaveras,009,45235,1653,1621,8,1629,21
2021-01-19,Colusa,011,21464,1678,1617,178,1795,7
2021-01-19,Contra Costa,013,1133247,55223,52730,885,53615,448
2021-01-19,Del Norte,015,27424,877,843,3,846,2
2021-01-19,El Dorado,017,186661,8255,7743,535,8278,47
2021-01-19,Fresno,019,978130,87682,83200,6492,89692,857
2021-01-19,Glenn,021,27897,2041,1948,405,2353,13
2021-01-19,Humboldt,023,135768,2567,2359,13,2372,22
2021-01-19,Imperial,025,180216,25961,25333,2192,27525,452
2021-01-19,Inyo,027,18085,1008,891,8,899,26
2021-01-19,Kern,029,883053,84359,80272,7532,87804,742
2021-01-19,Kings,031,150075,20225,19375,773,20148,143
2021-01-19,Lake,033,64148,2747,2625,0,2625,31
2021-01-19,Lassen,035,31185,4860,4753,77,4830,1
2021-01-19,Los Angeles,037,10098052,1065553,1010375,33434,1043809,14014
2021-01-19,Madera,039,155013,14153,13528,665,14193,86
2021-01-19,Marin,041,260295,11931,11654,115,11769,169
2021-01-19,Mariposa,043,17540,340,322,3,325,3
2021-01-19,Mendocino,045,87422,3123,2930,57,2987,32
2021-01-19,Merced,047,269075,24802,24108,647,24755,242
2021-01-19,Modoc,049,8938,298,281,90,371,0
2021-01-19,Mono,051,14174,1104,1106,13,1119,3
2021-01-19,Monterey,053,433212,37507,35840,1209,37049,248
2021-01-19,Napa,055,140530,7999,7672,30,7702,38
2021-01-19,Nevada,057,99092,3442,3216,133,3349,18
2021-01-19,Orange,059,3164182,223282,215244,8888,224132,2468
2021-01-19,Placer,061,380077,18617,17348,870,18218,182
2021-01-19,Plumas,063,18699,594,509,10,519,2
2021-01-19,Riverside,065,2383286,258654,246248,12022,258270,2585
2021-01-19,Sacramento,067,1510023,83795,81183,949,82132,1053
2021-01-19,San Benito,069,59416,5153,4988,55,5043,35
2021-01-19,San Bernardino,071,2135413,265939,253651,7618,261269,1777
2021-01-19,San Diego,073,3302833,232004,216833,10721,227554,2109
2021-01-19,San Francisco,075,870044,30278,29502,642,30144,261
2021-01-19,San Joaquin,077,732212,59849,57655,2301,59956,782
2021-01-19,San Luis Obispo,079,281455,16922,15855,425,16280,161
2021-01-19,San Mateo,081,765935,34785,32730,275,33005,208
2021-01-19,Santa Barbara,083,443738,27001,24991,771,25762,236
2021-01-19,Santa Clara,085,1922200,97695,94483,429,94912,1010
2021-01-19,Santa Cruz,087,273765,13638,12410,615,13025,106
2021-01-19,Shasta,089,179085,9982,9614,1001,10615,93
2021-01-19,Sierra,091,2930,47,40,10,50,0
2021-01-19,Siskiyou,093,43540,1264,1149,175,1324,4
2021-01-19,Solano,095,438530,26481,25520,286,25806,106
2021-01-19,Sonoma,097,501317,24908,24133,121,24254,223
2021-01-19,Stanislaus,099,539301,44663,42723,4408,47131,561
2021-01-19,Sutter,101,95872,7921,7709,67,7776,80
2021-01-19,Tehama,103,63373,4068,3876,433,4309,19
2021-01-19,Trinity,105,12862,437,260,63,323,3
2021-01-19,Tulare,107,460477,43615,41559,5879,47438,549
2021-01-19,Tuolumne,109,53932,3352,3328,31,3359,29
2021-01-19,Ventura,111,848112,65498,62656,2280,64936,383
2021-01-19,Yolo,113,214977,11497,10789,103,10892,134
2021-01-19,Yuba,115,75493,4908,4695,61,4756,29
2021-01-18,Alameda,001,1643700,70246,67938,1427,69365,680
2021-01-18,Alpine,003,1148,73,71,0,71,0
2021-01-18,Amador,005,37829,3050,3016,24,3040,28
2021-01-18,Butte,007,227075,10090,9474,1361,10835,129
2021-01-18,Calaveras,009,45235,1632,1617,7,1624,21
2021-01-18,Colusa,011,21464,1662,1608,176,1784,7
2021-01-18,Contra Costa,013,1133247,54714,52323,877,53200,448
2021-01-18,Del Norte,015,27424,876,840,3,843,2
2021-01-18,El Dorado,017,186661,8189,7707,533,8240,47
2021-01-18,Fresno,019,978130,87071,82485,6426,88911,857
2021-01-18,Glenn,021,27897,2024,1935,401,2336,13
2021-01-18,Humboldt,023,135768,2529,2343,13,2356,22
2021-01-18,Imperial,025,180216,25894,25317,2168,27485,452
2021-01-18,Inyo,027,18085,996,872,8,880,26
2021-01-18,Kern,029,883053,83722,79930,7441,87371,740
2021-01-18,Kings,031,150075,20055,19267,761,20028,141
2021-01-18,Lake,033,64148,2730,2591,0,2591,30
2021-01-18,Lassen,035,31185,4824,4749,76,4825,1
2021-01-18,Los Angeles,037,10098052,1056047,1002614,33148,1035762,13828
2021-01-18,Madera,039,155013,14051,13443,656,14099,85
2021-01-18,Marin,041,260295,11884,11607,113,11720,165
2021-01-18,Mariposa,043,17540,337,320,2,322,3
2021-01-18,Mendocino,045,87422,3100,2919,57,2976,31
2021-01-18,Merced,047,269075,24557,23927,631,24558,242
2021-01-18,Modoc,049,8938,295,281,87,368,0
2021-01-18,Mono,051,14174,1101,1101,13,1114,3
2021-01-18,Monterey,053,433212,37065,35549,1195,36744,247
2021-01-18,Napa,055,140530,7926,7601,30,7631,38
2021-01-18,Nevada,057,99092,3404,3199,133,3332,17
2021-01-18,Orange,059,3164182,221391,213866,8834,222700,2405
2021-01-18,Placer,061,380077,18501,17263,861,18124,182
2021-01-18,Plumas,063,18699,591,506,10,516,2
2021-01-18,Riverside,065,2383286,256342,244151,11929,256080,2568
2021-01-18,Sacramento,067,1510023,83125,80546,933,81479,1046
2021-01-18,San Benito,069,59416,5105,4963,53,5016,35
2021-01-18,San Bernardino,071,2135413,264218,252808,7563,260371,1775
2021-01-18,San Diego,073,3302833,229356,214335,10592,224927,2103
2021-01-18,San Francisco,075,870044,30071,29321,618,29939,259
2021-01-18,San Joaquin,077,732212,59336,57405,2280,59685,782
2021-01-18,San Luis Obispo,079,281455,16735,15742,415,16157,158
2021-01-18,San Mateo,081,765935,34473,32515,256,32771,208
2021-01-18,Santa Barbara,083,443738,26622,24638,758,25396,235
2021-01-18,Santa Clara,085,1922200,96907,93688,425,94113,992
2021-01-18,Santa Cruz,087,273765,13505,12298,602,12900,106
2021-01-18,Shasta,089,179085,9943,9600,991,10591,92
2021-01-18,Sierra,091,2930,46,40,10,50,0
2021-01-18,Siskiyou,093,43540,1251,1144,174,1318,4
2021-01-18,Solano,095,438530,26203,25344,282,25626,105
2021-01-18,Sonoma,097,501317,24640,24068,120,24188,223
2021-01-18,Stanislaus,099,539301,44306,42413,4352,46765,562
2021-01-18,Sutter,101,95872,7864,7680,65,7745,78
2021-01-18,Tehama,103,63373,4023,3854,426,4280,19
2021-01-18,Trinity,105,12862,437,260,63,323,3
2021-01-18,Tulare,107,460477,43325,41196,5773,46969,549
2021-01-18,Tuolumne,109,53932,3328,3318,30,3348,28
2021-01-18,Ventura,111,848112,65065,61859,2258,64117,379
2021-01-18,Yolo,113,214977,11375,10620,100,10720,134
2021-01-18,Yuba,115,75493,4881,4671,59,4730,29
2021-01-17,Alameda,001,1643700,69682,67375,1409,68784,676
2021-01-17,Alpine,003,1148,73,71,0,71,0
2021-01-17,Amador,005,37829,3043,3001,24,3025,28
2021-01-17,Butte,007,227075,10015,9411,1337,10748,129
2021-01-17,Calaveras,009,45235,1619,1608,7,1615,21
2021-01-17,Colusa,011,21464,1649,1588,172,1760,7
2021-01-17,Contra Costa,013,1133247,54207,51932,866,52798,447
2021-01-17,Del Norte,015,27424,876,838,3,841,2
2021-01-17,El Dorado,017,186661,8134,7659,522,8181,47
2021-01-17,Fresno,019,978130,86516,82039,6351,88390,857
2021-01-17,Glenn,021,27897,2013,1924,396,2320,9
2021-01-17,Humboldt,023,135768,2493,2322,11,2333,22
2021-01-17,Imperial,025,180216,25825,25253,2127,27380,451
2021-01-17,Inyo,027,18085,990,864,8,872,26
2021-01-17,Kern,029,883053,83173,79489,7355,86844,738
2021-01-17,Kings,031,150075,19919,19201,747,19948,131
2021-01-17,Lake,033,64148,2716,2572,0,2572,30
2021-01-17,Lassen,035,31185,4816,4740,75,4815,1
2021-01-17,Los Angeles,037,10098052,1049389,993028,32755,1025783,13741
2021-01-17,Madera,039,155013,13961,13328,652,13980,85
2021-01-17,Marin,041,260295,11832,11552,111,11663,164
2021-01-17,Mariposa,043,17540,337,319,2,321,3
2021-01-17,Mendocino,045,87422,3072,2912,56,2968,31
2021-01-17,Merced,047,269075,24345,23800,613,24413,242
2021-01-17,Modoc,049,8938,294,279,87,366,0
2021-01-17,Mono,051,14174,1094,1091,12,1103,3
2021-01-17,Monterey,053,433212,36820,35340,1169,36509,244
2021-01-17,Napa,055,140530,7870,7521,30,7551,38
2021-01-17,Nevada,057,99092,3379,3176,131,3307,17
2021-01-17,Orange,059,3164182,219393,212389,8760,221149,2359
2021-01-17,Placer,061,380077,18395,17194,846,18040,181
2021-01-17,Plumas,063,18699,589,505,9,514,2
2021-01-17,Riverside,065,2383286,254232,242206,11813,254019,2534
2021-01-17,Sacramento,067,1510023,82525,80154,921,81075,1045
2021-01-17,San Benito,069,59416,5067,4941,53,4994,35
2021-01-17,San Bernardino,071,2135413,262117,251487,7476,258963,1775
2021-01-17,San Diego,073,3302833,227162,211785,10485,222270,2103
2021-01-17,San Francisco,075,870044,29882,29139,581,29720,255
2021-01-17,San Joaquin,077,732212,58979,57094,2266,59360,780
2021-01-17,San Luis Obispo,079,281455,16613,15658,406,16064,157
2021-01-17,San Mateo,081,765935,34221,32186,233,32419,208
2021-01-17,Santa Barbara,083,443738,26161,24401,746,25147,235
2021-01-17,Santa Clara,085,1922200,96148,92752,422,93174,976
2021-01-17,Santa Cruz,087,273765,13393,12196,599,12795,106
2021-01-17,Shasta,089,179085,9885,9588,983,10571,92
2021-01-17,Sierra,091,2930,46,38,9,47,0
2021-01-17,Siskiyou,093,43540,1244,1136,171,1307,4
2021-01-17,Solano,095,438530,25977,25216,280,25496,105
2021-01-17,Sonoma,097,501317,24465,23871,120,23991,223
2021-01-17,Stanislaus,099,539301,43986,42221,4289,46510,562
2021-01-17,Sutter,101,95872,7801,7604,64,7668,77
2021-01-17,Tehama,103,63373,3992,3837,422,4259,18
2021-01-17,Trinity,105,12862,437,261,63,324,3
2021-01-17,Tulare,107,460477,43038,41016,5657,46673,549
2021-01-17,Tuolumne,109,53932,3311,3287,30,3317,27
2021-01-17,Ventura,111,848112,64214,61257,2211,63468,376
2021-01-17,Yolo,113,214977,11276,10519,98,10617,134
2021-01-17,Yuba,115,75493,4834,4640,56,4696,28
2021-01-16,Alameda,001,1643700,69360,66583,1397,67980,673
2021-01-16,Alpine,003,1148,73,71,0,71,0
2021-01-16,Amador,005,37829,3040,2986,24,3010,28
2021-01-16,Butte,007,227075,9984,9359,1317,10676,129
2021-01-16,Calaveras,009,45235,1606,1596,7,1603,21
2021-01-16,Colusa,011,21464,1638,1578,172,1750,7
2021-01-16,Contra Costa,013,1133247,53928,51363,859,52222,443
2021-01-16,Del Norte,015,27424,871,833,3,836,2
2021-01-16,El Dorado,017,186661,8112,7575,521,8096,47
2021-01-16,Fresno,019,978130,86241,81294,6297,87591,846
2021-01-16,Glenn,021,27897,2009,1894,393,2287,9
2021-01-16,Humboldt,023,135768,2473,2294,9,2303,22
2021-01-16,Imperial,025,180216,25787,25140,2120,27260,451
2021-01-16,Inyo,027,18085,986,845,8,853,25
2021-01-16,Kern,029,883053,82806,78865,7301,86166,733
2021-01-16,Kings,031,150075,19863,19072,744,19816,131
2021-01-16,Lake,033,64148,2704,2504,0,2504,30
2021-01-16,Lassen,035,31185,4804,4719,75,4794,1
2021-01-16,Los Angeles,037,10098052,1045304,982684,32519,1015203,13654
2021-01-16,Madera,039,155013,13895,13193,647,13840,85
2021-01-16,Marin,041,260295,11790,11482,111,11593,164
2021-01-16,Mariposa,043,17540,336,317,2,319,3
2021-01-16,Mendocino,045,87422,3058,2890,53,2943,31
2021-01-16,Merced,047,269075,24258,23478,599,24077,242
2021-01-16,Modoc,049,8938,294,278,87,365,0
2021-01-16,Mono,051,14174,1092,1079,12,1091,3
2021-01-16,Monterey,053,433212,36709,34972,1153,36125,243
2021-01-16,Napa,055,140530,7831,7356,30,7386,39
2021-01-16,Nevada,057,99092,3346,3144,131,3275,17
2021-01-16,Orange,059,3164182,218361,210111,8704,218815,2312
2021-01-16,Placer,061,380077,18331,16995,844,17839,177
2021-01-16,Plumas,063,18699,587,502,9,511,2
2021-01-16,Riverside,065,2383286,252875,239412,11698,251110,2506
2021-01-16,Sacramento,067,1510023,82151,79122,904,80026,1033
2021-01-16,San Benito,069,59416,5034,4875,53,4928,35
2021-01-16,San Bernardino,071,2135413,261292,249401,7409,256810,1755
2021-01-16,San Diego,073,3302833,225864,209895,10388,220283,2065
2021-01-16,San Francisco,075,870044,29753,28853,550,29403,244
2021-01-16,San Joaquin,077,732212,58736,56642,2233,58875,776
2021-01-16,San Luis Obispo,079,281455,16512,15466,404,15870,152
2021-01-16,San Mateo,081,765935,34057,31805,227,32032,208
2021-01-16,Santa Barbara,083,443738,25960,24088,742,24830,229
2021-01-16,Santa Clara,085,1922200,95651,91584,415,91999,954
2021-01-16,Santa Cruz,087,273765,13334,12026,597,12623,106
2021-01-16,Shasta,089,179085,9852,9547,979,10526,92
2021-01-16,Sierra,091,2930,45,38,9,47,0
2021-01-16,Siskiyou,093,43540,1239,1124,171,1295,4
2021-01-16,Solano,095,438530,25868,24732,276,25008,103
2021-01-16,Sonoma,097,501317,24374,23607,119,23726,223
2021-01-16,Stanislaus,099,539301,43798,41809,4239,46048,562
2021-01-16,Sutter,101,95872,7769,7560,64,7624,76
2021-01-16,Tehama,103,63373,3978,3783,422,4205,18
2021-01-16,Trinity,105,12862,437,261,63,324,3
2021-01-16,Tulare,107,460477,42859,40655,5584,46239,542
2021-01-16,Tuolumne,109,53932,3303,3269,30,3299,27
2021-01-16,Ventura,111,848112,63661,60368,2181,62549,369
2021-01-16,Yolo,113,214977,11225,10406,97,10503,134
2021-01-16,Yuba,115,75493,4806,4602,56,4658,27
2021-01-15,Alameda,001,1643700,68935,65416,1386,66802,672
2021-01-15,Alpine,003,1148,73,71,0,71,0
2021-01-15,Amador,005,37829,3033,2953,24,2977,28
2021-01-15,Butte,007,227075,9942,9233,1302,10535,129
2021-01-15,Calaveras,009,45235,1599,1538,7,1545,21
2021-01-15,Colusa,011,21464,1627,1541,167,1708,7
2021-01-15,Contra Costa,013,1133247,53593,50408,852,51260,428
2021-01-15,Del Norte,015,27424,867,828,2,830,2
2021-01-15,El Dorado,017,186661,8062,7439,513,7952,47
2021-01-15,Fresno,019,978130,85704,79950,6262,86212,832
2021-01-15,Glenn,021,27897,2005,1824,390,2214,9
2021-01-15,Humboldt,023,135768,2446,2218,8,2226,22
2021-01-15,Imperial,025,180216,25751,24944,2114,27058,446
2021-01-15,Inyo,027,18085,969,814,8,822,25
2021-01-15,Kern,029,883053,82390,77873,7236,85109,719
2021-01-15,Kings,031,150075,19754,18661,738,19399,131
2021-01-15,Lake,033,64148,2678,2434,0,2434,28
2021-01-15,Lassen,035,31185,4793,4693,73,4766,1
2021-01-15,Los Angeles,037,10098052,1038252,968979,32235,1001214,13404
2021-01-15,Madera,039,155013,13805,12883,643,13526,85
2021-01-15,Marin,041,260295,11738,11310,111,11421,160
2021-01-15,Mariposa,043,17540,334,307,2,309,3
2021-01-15,Mendocino,045,87422,3047,2835,53,2888,31
2021-01-15,Merced,047,269075,24145,23060,595,23655,239
2021-01-15,Modoc,049,8938,294,278,85,363,0
2021-01-15,Mono,051,14174,1089,1057,12,1069,3
2021-01-15,Monterey,053,433212,36492,34460,1096,35556,243
2021-01-15,Napa,055,140530,7769,7231,30,7261,38
2021-01-15,Nevada,057,99092,3333,3099,128,3227,17
2021-01-15,Orange,059,3164182,217008,207129,8652,215781,2254
2021-01-15,Placer,061,380077,18227,16712,835,17547,173
2021-01-15,Plumas,063,18699,584,499,9,508,2
2021-01-15,Riverside,065,2383286,251013,235235,11619,246854,2458
2021-01-15,Sacramento,067,1510023,81728,80279,896,81175,1023
2021-01-15,San Benito,069,59416,4995,4766,51,4817,35
2021-01-15,San Bernardino,071,2135413,260111,246182,7347,253529,1726
2021-01-15,San Diego,073,3302833,224115,206868,10323,217191,2037
2021-01-15,San Francisco,075,870044,29578,28574,530,29104,242
2021-01-15,San Joaquin,077,732212,58508,55885,2219,58104,748
2021-01-15,San Luis Obispo,079,281455,16379,15129,399,15528,148
2021-01-15,San Mateo,081,765935,33812,31291,223,31514,208
2021-01-15,Santa Barbara,083,443738,25677,23487,738,24225,226
2021-01-15,Santa Clara,085,1922200,94990,90103,410,90513,942
2021-01-15,Santa Cruz,087,273765,13225,11776,584,12360,105
2021-01-15,Shasta,089,179085,9813,9459,972,10431,91
2021-01-15,Sierra,091,2930,44,36,7,43,0
2021-01-15,Siskiyou,093,43540,1235,1119,171,1290,4
2021-01-15,Solano,095,438530,25720,24222,274,24496,103
2021-01-15,Sonoma,097,501317,24243,23204,118,23322,222
2021-01-15,Stanislaus,099,539301,43548,41178,4197,45375,562
2021-01-15,Sutter,101,95872,7722,7484,63,7547,75
2021-01-15,Tehama,103,63373,3956,3714,421,4135,17
2021-01-15,Trinity,105,12862,437,262,63,325,3
2021-01-15,Tulare,107,460477,42616,39951,5501,45452,535
2021-01-15,Tuolumne,109,53932,3287,3231,30,3261,27
2021-01-15,Ventura,111,848112,62918,59061,2148,61209,353
2021-01-15,Yolo,113,214977,11167,10240,96,10336,134
2021-01-15,Yuba,115,75493,4786,4549,56,4605,27
2021-01-14,Alameda,001,1643700,68308,64364,1371,65735,686
2021-01-14,Alpine,003,1148,73,71,0,71,0
2021-01-14,Amador,005,37829,3027,2940,24,2964,28
2021-01-14,Butte,007,227075,9854,9127,1280,10407,129
2021-01-14,Calaveras,009,45235,1582,1513,7,1520,21
2021-01-14,Colusa,011,21464,1612,1535,161,1696,7
2021-01-14,Contra Costa,013,1133247,53051,49545,840,50385,415
2021-01-14,Del Norte,015,27424,861,821,2,823,2
2021-01-14,El Dorado,017,186661,7988,7321,506,7827,45
2021-01-14,Fresno,019,978130,85071,79033,6182,85215,814
2021-01-14,Glenn,021,27897,1993,1798,385,2183,9
2021-01-14,Humboldt,023,135768,2403,2169,8,2177,22
2021-01-14,Imperial,025,180216,25645,24882,2084,26966,447
2021-01-14,Inyo,027,18085,962,790,8,798,25
2021-01-14,Kern,029,883053,81719,77070,7135,84205,705
2021-01-14,Kings,031,150075,19624,18405,734,19139,108
2021-01-14,Lake,033,64148,2639,2378,0,2378,27
2021-01-14,Lassen,035,31185,4783,4673,71,4744,1
2021-01-14,Los Angeles,037,10098052,1028224,954652,31867,986519,13147
2021-01-14,Madera,039,155013,13690,12742,634,13376,85
2021-01-14,Marin,041,260295,11663,11155,110,11265,159
2021-01-14,Mariposa,043,17540,331,302,2,304,3
2021-01-14,Mendocino,045,87422,3033,2801,51,2852,31
2021-01-14,Merced,047,269075,23919,22780,585,23365,239
2021-01-14,Modoc,049,8938,294,273,85,358,0
2021-01-14,Mono,051,14174,1081,1020,12,1032,3
2021-01-14,Monterey,053,433212,36071,34105,1074,35179,242
2021-01-14,Napa,055,140530,7683,7117,30,7147,38
2021-01-14,Nevada,057,99092,3306,3075,126,3201,17
2021-01-14,Orange,059,3164182,215097,204442,8568,213010,2162
2021-01-14,Placer,061,380077,18066,16488,828,17316,169
2021-01-14,Plumas,063,18699,576,496,9,505,2
2021-01-14,Riverside,065,2383286,248367,231684,11518,243202,2357
2021-01-14,Sacramento,067,1510023,81089,79137,873,80010,1007
2021-01-14,San Benito,069,59416,4959,4678,50,4728,35
2021-01-14,San Bernardino,071,2135413,258127,243379,7276,250655,1750
2021-01-14,San Diego,073,3302833,221720,204173,10203,214376,2005
2021-01-14,San Francisco,075,870044,29331,28200,484,28684,238
2021-01-14,San Joaquin,077,732212,57990,55058,2206,57264,739
2021-01-14,San Luis Obispo,079,281455,16217,14851,390,15241,146
2021-01-14,San Mateo,081,765935,33443,30694,214,30908,208
2021-01-14,Santa Barbara,083,443738,25256,23126,721,23847,219
2021-01-14,Santa Clara,085,1922200,94079,88505,404,88909,910
2021-01-14,Santa Cruz,087,273765,13078,11583,569,12152,109
2021-01-14,Shasta,089,179085,9764,9334,956,10290,90
2021-01-14,Sierra,091,2930,44,35,6,41,0
2021-01-14,Siskiyou,093,43540,1223,1108,168,1276,3
2021-01-14,Solano,095,438530,25459,23782,270,24052,103
2021-01-14,Sonoma,097,501317,24003,22910,118,23028,202
2021-01-14,Stanislaus,099,539301,43221,40597,4156,44753,574
2021-01-14,Sutter,101,95872,7663,7416,60,7476,74
2021-01-14,Tehama,103,63373,3927,3664,417,4081,17
2021-01-14,Trinity,105,12862,437,261,62,323,3
2021-01-14,Tulare,107,460477,42231,39565,5392,44957,533
2021-01-14,Tuolumne,109,53932,3266,3215,30,3245,28
2021-01-14,Ventura,111,848112,62044,57941,2111,60052,347
2021-01-14,Yolo,113,214977,11063,10097,90,10187,135
2021-01-14,Yuba,115,75493,4754,4496,56,4552,27
2021-01-13,Alameda,001,1643700,67557,63568,1353,64921,690
2021-01-13,Alpine,003,1148,73,71,0,71,0
2021-01-13,Amador,005,37829,3013,2914,24,2938,26
2021-01-13,Butte,007,227075,9772,9013,1265,10278,126
2021-01-13,Calaveras,009,45235,1560,1493,7,1500,21
2021-01-13,Colusa,011,21464,1602,1524,153,1677,7
2021-01-13,Contra Costa,013,1133247,52478,48877,829,49706,403
2021-01-13,Del Norte,015,27424,857,820,2,822,2
2021-01-13,El Dorado,017,186661,7894,7247,498,7745,43
2021-01-13,Fresno,019,978130,84352,78278,6140,84418,804
2021-01-13,Glenn,021,27897,1977,1792,376,2168,9
2021-01-13,Humboldt,023,135768,2370,2114,8,2122,22
2021-01-13,Imperial,025,180216,25521,24717,2052,26769,463
2021-01-13,Inyo,027,18085,950,785,8,793,25
2021-01-13,Kern,029,883053,81062,76049,7045,83094,704
2021-01-13,Kings,031,150075,19457,18121,713,18834,108
2021-01-13,Lake,033,64148,2598,2305,0,2305,27
2021-01-13,Lassen,035,31185,4776,4663,70,4733,1
2021-01-13,Los Angeles,037,10098052,1017430,937985,31469,969454,12873
2021-01-13,Madera,039,155013,13574,12570,629,13199,85
2021-01-13,Marin,041,260295,11611,11039,110,11149,161
2021-01-13,Mariposa,043,17540,329,304,2,306,3
2021-01-13,Mendocino,045,87422,3013,2790,51,2841,31
2021-01-13,Merced,047,269075,23681,22497,571,23068,241
2021-01-13,Modoc,049,8938,293,274,82,356,0
2021-01-13,Mono,051,14174,1077,1017,12,1029,3
2021-01-13,Monterey,053,433212,35646,33748,1050,34798,241
2021-01-13,Napa,055,140530,7569,7028,30,7058,36
2021-01-13,Nevada,057,99092,3282,3037,123,3160,17
2021-01-13,Orange,059,3164182,213021,201158,8499,209657,2172
2021-01-13,Placer,061,380077,17941,16272,814,17086,172
2021-01-13,Plumas,063,18699,574,490,9,499,2
2021-01-13,Riverside,065,2383286,245222,228192,11405,239597,2278
2021-01-13,Sacramento,067,1510023,80428,78268,866,79134,996
2021-01-13,San Benito,069,59416,4903,4583,49,4632,35
2021-01-13,San Bernardino,071,2135413,255739,240191,7201,247392,1759
2021-01-13,San Diego,073,3302833,219106,201578,10100,211678,1952
2021-01-13,San Francisco,075,870044,29091,27863,464,28327,238
2021-01-13,San Joaquin,077,732212,57367,54373,2178,56551,738
2021-01-13,San Luis Obispo,079,281455,16062,14625,379,15004,140
2021-01-13,San Mateo,081,765935,33104,30195,212,30407,207
2021-01-13,Santa Barbara,083,443738,24814,22714,705,23419,216
2021-01-13,Santa Clara,085,1922200,93105,87187,400,87587,911
2021-01-13,Santa Cruz,087,273765,12905,11423,555,11978,110
2021-01-13,Shasta,089,179085,9700,9180,942,10122,93
2021-01-13,Sierra,091,2930,44,33,6,39,0
2021-01-13,Siskiyou,093,43540,1217,1102,164,1266,3
2021-01-13,Solano,095,438530,25181,23503,267,23770,105
2021-01-13,Sonoma,097,501317,23753,22610,117,22727,206
2021-01-13,Stanislaus,099,539301,42829,40167,4103,44270,574
2021-01-13,Sutter,101,95872,7617,7350,59,7409,73
2021-01-13,Tehama,103,63373,3876,3589,412,4001,17
2021-01-13,Trinity,105,12862,437,260,62,322,3
2021-01-13,Tulare,107,460477,41828,39129,5292,44421,522
2021-01-13,Tuolumne,109,53932,3252,3196,30,3226,28
2021-01-13,Ventura,111,848112,61032,56453,2071,58524,338
2021-01-13,Yolo,113,214977,10964,9933,87,10020,135
2021-01-13,Yuba,115,75493,4709,4448,53,4501,27
2021-01-12,Alameda,001,1643700,66733,62642,1335,63977,677
2021-01-12,Alpine,003,1148,73,71,0,71,0
2021-01-12,Amador,005,37829,2996,2897,24,2921,26
2021-01-12,Butte,007,227075,9684,8883,1250,10133,124
2021-01-12,Calaveras,009,45235,1524,1475,7,1482,21
2021-01-12,Colusa,011,21464,1590,1510,149,1659,7
2021-01-12,Contra Costa,013,1133247,51835,48242,815,49057,399
2021-01-12,Del Norte,015,27424,852,816,2,818,2
2021-01-12,El Dorado,017,186661,7810,7156,487,7643,41
2021-01-12,Fresno,019,978130,83480,77651,6072,83723,796
2021-01-12,Glenn,021,27897,1952,1781,372,2153,9
2021-01-12,Humboldt,023,135768,2316,2077,7,2084,22
2021-01-12,Imperial,025,180216,25430,24566,2011,26577,457
2021-01-12,Inyo,027,18085,932,773,8,781,25
2021-01-12,Kern,029,883053,80355,75320,6950,82270,689
2021-01-12,Kings,031,150075,19246,18072,703,18775,108
2021-01-12,Lake,033,64148,2550,2260,0,2260,27
2021-01-12,Lassen,035,31185,4754,4659,68,4727,1
2021-01-12,Los Angeles,037,10098052,1005766,926295,31071,957366,12610
2021-01-12,Madera,039,155013,13426,12485,620,13105,85
2021-01-12,Marin,041,260295,11504,10960,110,11070,157
2021-01-12,Mariposa,043,17540,326,302,2,304,3
2021-01-12,Mendocino,045,87422,2993,2762,47,2809,31
2021-01-12,Merced,047,269075,23430,22172,549,22721,239
2021-01-12,Modoc,049,8938,291,274,82,356,0
2021-01-12,Mono,051,14174,1067,1008,12,1020,3
2021-01-12,Monterey,053,433212,35155,33381,1033,34414,240
2021-01-12,Napa,055,140530,7486,6936,30,6966,36
2021-01-12,Nevada,057,99092,3254,3014,121,3135,17
2021-01-12,Orange,059,3164182,210742,198260,8413,206673,2142
2021-01-12,Placer,061,380077,17771,16087,808,16895,163
2021-01-12,Plumas,063,18699,568,483,9,492,2
2021-01-12,Riverside,065,2383286,242090,225580,11266,236846,2266
2021-01-12,Sacramento,067,1510023,79700,77201,858,78059,985
2021-01-12,San Benito,069,59416,4834,4515,49,4564,35
2021-01-12,San Bernardino,071,2135413,253155,237008,7132,244140,1739
2021-01-12,San Diego,073,3302833,216192,198317,9983,208300,1898
2021-01-12,San Francisco,075,870044,28814,27531,431,27962,238
2021-01-12,San Joaquin,077,732212,56727,53630,2150,55780,725
2021-01-12,San Luis Obispo,079,281455,15817,14367,371,14738,132
2021-01-12,San Mateo,081,765935,32713,29747,200,29947,206
2021-01-12,Santa Barbara,083,443738,24392,22182,685,22867,209
2021-01-12,Santa Clara,085,1922200,91992,86075,392,86467,904
2021-01-12,Santa Cruz,087,273765,12690,11267,540,11807,110
2021-01-12,Shasta,089,179085,9627,9086,929,10015,84
2021-01-12,Sierra,091,2930,43,33,6,39,0
2021-01-12,Siskiyou,093,43540,1207,1091,157,1248,3
2021-01-12,Solano,095,438530,24880,23160,263,23423,102
2021-01-12,Sonoma,097,501317,23448,22403,117,22520,205
2021-01-12,Stanislaus,099,539301,42390,39615,4068,43683,571
2021-01-12,Sutter,101,95872,7554,7276,58,7334,73
2021-01-12,Tehama,103,63373,3838,3567,407,3974,17
2021-01-12,Trinity,105,12862,437,258,62,320,3
2021-01-12,Tulare,107,460477,41369,38797,5176,43973,509
2021-01-12,Tuolumne,109,53932,3219,3178,30,3208,28
2021-01-12,Ventura,111,848112,60058,55342,2039,57381,324
2021-01-12,Yolo,113,214977,10828,9857,84,9941,133
2021-01-12,Yuba,115,75493,4664,4389,53,4442,27
2021-01-11,Alameda,001,1643700,65879,61949,1317,63266,652
2021-01-11,Alpine,003,1148,73,70,0,70,0
2021-01-11,Amador,005,37829,2982,2867,24,2891,24
2021-01-11,Butte,007,227075,9571,8757,1232,9989,119
2021-01-11,Calaveras,009,45235,1505,1460,7,1467,21
2021-01-11,Colusa,011,21464,1571,1494,144,1638,7
2021-01-11,Contra Costa,013,1133247,51154,47728,804,48532,398
2021-01-11,Del Norte,015,27424,848,810,2,812,2
2021-01-11,El Dorado,017,186661,7716,6987,480,7467,36
2021-01-11,Fresno,019,978130,82600,76581,5996,82577,775
2021-01-11,Glenn,021,27897,1925,1763,366,2129,9
2021-01-11,Humboldt,023,135768,2277,2069,7,2076,22
2021-01-11,Imperial,025,180216,25319,24418,1974,26392,453
2021-01-11,Inyo,027,18085,913,763,8,771,25
2021-01-11,Kern,029,883053,79494,74489,6851,81340,682
2021-01-11,Kings,031,150075,18983,17909,695,18604,108
2021-01-11,Lake,033,64148,2499,2205,0,2205,26
2021-01-11,Lassen,035,31185,4731,4647,68,4715,1
2021-01-11,Los Angeles,037,10098052,992538,914434,30611,945045,12304
2021-01-11,Madera,039,155013,13289,12366,609,12975,85
2021-01-11,Marin,041,260295,11405,10814,109,10923,156
2021-01-11,Mariposa,043,17540,319,296,2,298,3
2021-01-11,Mendocino,045,87422,2965,2728,47,2775,31
2021-01-11,Merced,047,269075,23107,21884,535,22419,238
2021-01-11,Modoc,049,8938,290,271,81,352,0
2021-01-11,Mono,051,14174,1061,1006,12,1018,3
2021-01-11,Monterey,053,433212,34616,32858,971,33829,239
2021-01-11,Napa,055,140530,7384,6822,30,6852,36
2021-01-11,Nevada,057,99092,3226,2980,121,3101,17
2021-01-11,Orange,059,3164182,208154,196340,8314,204654,2113
2021-01-11,Placer,061,380077,17592,15919,799,16718,163
2021-01-11,Plumas,063,18699,564,477,9,486,2
2021-01-11,Riverside,065,2383286,238583,222907,11122,234029,2222
2021-01-11,Sacramento,067,1510023,78767,76009,842,76851,974
2021-01-11,San Benito,069,59416,4762,4482,42,4524,34
2021-01-11,San Bernardino,071,2135413,250356,235543,7035,242578,1739
2021-01-11,San Diego,073,3302833,212923,194793,9823,204616,1857
2021-01-11,San Francisco,075,870044,28535,27264,411,27675,238
2021-01-11,San Joaquin,077,732212,56118,53002,2121,55123,725
2021-01-11,San Luis Obispo,079,281455,15446,14213,364,14577,126
2021-01-11,San Mateo,081,765935,32269,29355,188,29543,206
2021-01-11,Santa Barbara,083,443738,23941,21740,673,22413,200
2021-01-11,Santa Clara,085,1922200,90748,84851,384,85235,877
2021-01-11,Santa Cruz,087,273765,12510,11093,517,11610,106
2021-01-11,Shasta,089,179085,9529,8977,916,9893,81
2021-01-11,Sierra,091,2930,41,33,6,39,0
2021-01-11,Siskiyou,093,43540,1198,1087,155,1242,3
2021-01-11,Solano,095,438530,24559,22893,257,23150,101
2021-01-11,Sonoma,097,501317,23201,22191,117,22308,205
2021-01-11,Stanislaus,099,539301,41899,39149,4019,43168,571
2021-01-11,Sutter,101,95872,7495,7204,57,7261,71
2021-01-11,Tehama,103,63373,3776,3524,386,3910,17
2021-01-11,Trinity,105,12862,437,256,62,318,2
2021-01-11,Tulare,107,460477,40954,38380,5096,43476,497
2021-01-11,Tuolumne,109,53932,3208,3165,30,3195,27
2021-01-11,Ventura,111,848112,58921,54202,2015,56217,320
2021-01-11,Yolo,113,214977,10621,9699,83,9782,129
2021-01-11,Yuba,115,75493,4626,4349,46,4395,27
2021-01-10,Alameda,001,1643700,64897,61111,1289,62400,650
2021-01-10,Alpine,003,1148,73,70,0,70,0
2021-01-10,Amador,005,37829,2958,2861,24,2885,24
2021-01-10,Butte,007,227075,9450,8665,1206,9871,119
2021-01-10,Calaveras,009,45235,1482,1449,7,1456,21
2021-01-10,Colusa,011,21464,1549,1478,142,1620,7
2021-01-10,Contra Costa,013,1133247,50358,47109,785,47894,398
2021-01-10,Del Norte,015,27424,846,809,2,811,2
2021-01-10,El Dorado,017,186661,7628,6904,463,7367,36
2021-01-10,Fresno,019,978130,81790,75621,5874,81495,775
2021-01-10,Glenn,021,27897,1906,1746,358,2104,9
2021-01-10,Humboldt,023,135768,2216,2049,7,2056,22
2021-01-10,Imperial,025,180216,25161,24233,1924,26157,453
2021-01-10,Inyo,027,18085,886,748,8,756,25
2021-01-10,Kern,029,883053,78663,73712,6721,80433,679
2021-01-10,Kings,031,150075,18764,17812,688,18500,108
2021-01-10,Lake,033,64148,2444,2174,0,2174,26
2021-01-10,Lassen,035,31185,4709,4642,68,4710,1
2021-01-10,Los Angeles,037,10098052,977923,901783,29996,931779,12170
2021-01-10,Madera,039,155013,13098,12179,592,12771,85
2021-01-10,Marin,041,260295,11281,10737,108,10845,155
2021-01-10,Mariposa,043,17540,319,291,2,293,3
2021-01-10,Mendocino,045,87422,2934,2706,43,2749,31
2021-01-10,Merced,047,269075,22836,21691,524,22215,238
2021-01-10,Modoc,049,8938,290,271,79,350,0
2021-01-10,Mono,051,14174,1043,965,12,977,3
2021-01-10,Monterey,053,433212,34176,32571,939,33510,237
2021-01-10,Napa,055,140530,7281,6687,28,6715,36
2021-01-10,Nevada,057,99092,3207,2959,117,3076,17
2021-01-10,Orange,059,3164182,205373,193766,8192,201958,2104
2021-01-10,Placer,061,380077,17403,15779,779,16558,163
2021-01-10,Plumas,063,18699,554,477,9,486,2
2021-01-10,Riverside,065,2383286,235221,219486,10933,230419,2216
2021-01-10,Sacramento,067,1510023,77806,75394,815,76209,965
2021-01-10,San Benito,069,59416,4660,4434,41,4475,34
2021-01-10,San Bernardino,071,2135413,246941,232171,6932,239103,1736
2021-01-10,San Diego,073,3302833,209255,191886,9656,201542,1857
2021-01-10,San Francisco,075,870044,28154,27054,380,27434,238
2021-01-10,San Joaquin,077,732212,55308,52535,2088,54623,725
2021-01-10,San Luis Obispo,079,281455,15117,13968,352,14320,122
2021-01-10,San Mateo,081,765935,31779,28972,174,29146,206
2021-01-10,Santa Barbara,083,443738,23382,21290,658,21948,200
2021-01-10,Santa Clara,085,1922200,89565,83779,375,84154,858
2021-01-10,Santa Cruz,087,273765,12297,10951,499,11450,106
2021-01-10,Shasta,089,179085,9417,8936,901,9837,81
2021-01-10,Sierra,091,2930,40,32,6,38,0
2021-01-10,Siskiyou,093,43540,1192,1075,152,1227,3
2021-01-10,Solano,095,438530,24158,22621,254,22875,101
2021-01-10,Sonoma,097,501317,22925,21925,116,22041,204
2021-01-10,Stanislaus,099,539301,41325,38809,3942,42751,571
2021-01-10,Sutter,101,95872,7434,7133,54,7187,71
2021-01-10,Tehama,103,63373,3703,3504,374,3878,17
2021-01-10,Trinity,105,12862,437,253,60,313,2
2021-01-10,Tulare,107,460477,40538,38012,4978,42990,497
2021-01-10,Tuolumne,109,53932,3174,3143,29,3172,27
2021-01-10,Ventura,111,848112,57652,53095,1972,55067,319
2021-01-10,Yolo,113,214977,10468,9610,83,9693,129
2021-01-10,Yuba,115,75493,4573,4300,43,4343,27
2021-01-09,Alameda,001,1643700,64353,60125,1273,61398,649
2021-01-09,Alpine,003,1148,73,70,0,70,0
2021-01-09,Amador,005,37829,2951,2809,24,2833,24
2021-01-09,Butte,007,227075,9371,8552,1182,9734,118
2021-01-09,Calaveras,009,45235,1472,1425,7,1432,21
2021-01-09,Colusa,011,21464,1542,1468,141,1609,7
2021-01-09,Contra Costa,013,1133247,50003,46406,770,47176,393
2021-01-09,Del Norte,015,27424,844,802,2,804,2
2021-01-09,El Dorado,017,186661,7595,6800,460,7260,36
2021-01-09,Fresno,019,978130,81380,74816,5834,80650,773
2021-01-09,Glenn,021,27897,1891,1707,355,2062,9
2021-01-09,Humboldt,023,135768,2198,2026,7,2033,22
2021-01-09,Imperial,025,180216,25092,24028,1911,25939,448
2021-01-09,Inyo,027,18085,877,734,8,742,25
2021-01-09,Kern,029,883053,78194,73015,6644,79659,677
2021-01-09,Kings,031,150075,18669,17679,684,18363,108
2021-01-09,Lake,033,64148,2408,2144,0,2144,26
2021-01-09,Lassen,035,31185,4697,4613,68,4681,1
2021-01-09,Los Angeles,037,10098052,972345,887949,29566,917515,12011
2021-01-09,Madera,039,155013,13003,12063,586,12649,85
2021-01-09,Marin,041,260295,11220,10634,107,10741,154
2021-01-09,Mariposa,043,17540,316,287,2,289,3
2021-01-09,Mendocino,045,87422,2916,2664,43,2707,31
2021-01-09,Merced,047,269075,22694,21357,515,21872,237
2021-01-09,Modoc,049,8938,290,271,78,349,0
2021-01-09,Mono,051,14174,1038,964,12,976,3
2021-01-09,Monterey,053,433212,34025,31948,929,32877,235
2021-01-09,Napa,055,140530,7211,6594,25,6619,36
2021-01-09,Nevada,057,99092,3185,2932,114,3046,17
2021-01-09,Orange,059,3164182,203856,191004,8100,199104,2034
2021-01-09,Placer,061,380077,17296,15609,777,16386,162
2021-01-09,Plumas,063,18699,552,477,9,486,2
2021-01-09,Riverside,065,2383286,233466,216076,10797,226873,2201
2021-01-09,Sacramento,067,1510023,77273,74482,810,75292,953
2021-01-09,San Benito,069,59416,4608,4335,41,4376,34
2021-01-09,San Bernardino,071,2135413,245722,228857,6865,235722,1714
2021-01-09,San Diego,073,3302833,207561,188598,9536,198134,1824
2021-01-09,San Francisco,075,870044,27984,26708,339,27047,235
2021-01-09,San Joaquin,077,732212,54980,51927,2069,53996,724
2021-01-09,San Luis Obispo,079,281455,14993,13647,341,13988,121
2021-01-09,San Mateo,081,765935,31480,28512,167,28679,205
2021-01-09,Santa Barbara,083,443738,23170,20971,653,21624,197
2021-01-09,Santa Clara,085,1922200,88725,82269,363,82632,808
2021-01-09,Santa Cruz,087,273765,12201,10717,493,11210,107
2021-01-09,Shasta,089,179085,9384,8893,897,9790,81
2021-01-09,Sierra,091,2930,38,32,6,38,0
2021-01-09,Siskiyou,093,43540,1188,1062,147,1209,3
2021-01-09,Solano,095,438530,24000,22226,252,22478,101
2021-01-09,Sonoma,097,501317,22803,21393,116,21509,202
2021-01-09,Stanislaus,099,539301,41034,38403,3908,42311,567
2021-01-09,Sutter,101,95872,7398,7072,53,7125,69
2021-01-09,Tehama,103,63373,3671,3451,363,3814,15
2021-01-09,Trinity,105,12862,437,252,60,312,2
2021-01-09,Tulare,107,460477,40287,37684,4914,42598,496
2021-01-09,Tuolumne,109,53932,3166,3117,28,3145,26
2021-01-09,Ventura,111,848112,56824,51988,1946,53934,306
2021-01-09,Yolo,113,214977,10397,9524,82,9606,129
2021-01-09,Yuba,115,75493,4542,4265,43,4308,27
2021-01-08,Alameda,001,1643700,63791,59172,1264,60436,646
2021-01-08,Alpine,003,1148,73,70,0,70,0
2021-01-08,Amador,005,37829,2944,2792,24,2816,24
2021-01-08,Butte,007,227075,9311,8430,1168,9598,115
2021-01-08,Calaveras,009,45235,1458,1385,7,1392,21
2021-01-08,Colusa,011,21464,1530,1448,140,1588,7
2021-01-08,Contra Costa,013,1133247,49467,45667,766,46433,381
2021-01-08,Del Norte,015,27424,842,795,2,797,2
2021-01-08,El Dorado,017,186661,7525,6690,448,7138,36
2021-01-08,Fresno,019,978130,80567,73689,5776,79465,771
2021-01-08,Glenn,021,27897,1876,1680,350,2030,9
2021-01-08,Humboldt,023,135768,2174,1988,7,1995,22
2021-01-08,Imperial,025,180216,25027,23751,1896,25647,446
2021-01-08,Inyo,027,18085,862,682,8,690,24
2021-01-08,Kern,029,883053,77630,71978,6570,78548,674
2021-01-08,Kings,031,150075,18541,17441,679,18120,108
2021-01-08,Lake,033,64148,2380,2098,0,2098,26
2021-01-08,Lassen,035,31185,4689,4598,66,4664,1
2021-01-08,Los Angeles,037,10098052,961530,871188,29146,900334,11796
2021-01-08,Madera,039,155013,12853,11846,577,12423,85
2021-01-08,Marin,041,260295,11128,10531,107,10638,153
2021-01-08,Mariposa,043,17540,315,273,2,275,3
2021-01-08,Mendocino,045,87422,2897,2634,40,2674,31
2021-01-08,Merced,047,269075,22499,20862,510,21372,236
2021-01-08,Modoc,049,8938,290,266,78,344,0
2021-01-08,Mono,051,14174,1028,951,12,963,3
2021-01-08,Monterey,053,433212,33773,31543,919,32462,224
2021-01-08,Napa,055,140530,7141,6544,25,6569,32
2021-01-08,Nevada,057,99092,3163,2888,114,3002,17
2021-01-08,Orange,059,3164182,201858,186608,8014,194622,1991
2021-01-08,Placer,061,380077,17163,15401,770,16171,161
2021-01-08,Plumas,063,18699,546,465,9,474,2
2021-01-08,Riverside,065,2383286,231061,212122,10674,222796,2184
2021-01-08,Sacramento,067,1510023,76700,73245,804,74049,939
2021-01-08,San Benito,069,59416,4571,4225,40,4265,33
2021-01-08,San Bernardino,071,2135413,243844,224267,6794,231061,1703
2021-01-08,San Diego,073,3302833,205023,185060,9442,194502,1771
2021-01-08,San Francisco,075,870044,27733,26378,317,26695,207
2021-01-08,San Joaquin,077,732212,54654,50990,2041,53031,710
2021-01-08,San Luis Obispo,079,281455,14860,13286,329,13615,119
2021-01-08,San Mateo,081,765935,31131,28072,165,28237,204
2021-01-08,Santa Barbara,083,443738,22884,20461,648,21109,189
2021-01-08,Santa Clara,085,1922200,87781,80561,360,80921,789
2021-01-08,Santa Cruz,087,273765,12060,10486,485,10971,106
2021-01-08,Shasta,089,179085,9334,8772,882,9654,81
2021-01-08,Sierra,091,2930,38,31,6,37,0
2021-01-08,Siskiyou,093,43540,1185,1027,146,1173,3
2021-01-08,Solano,095,438530,23828,21832,249,22081,100
2021-01-08,Sonoma,097,501317,22661,21178,116,21294,201
2021-01-08,Stanislaus,099,539301,40735,37858,3874,41732,566
2021-01-08,Sutter,101,95872,7348,6982,53,7035,68
2021-01-08,Tehama,103,63373,3647,3406,360,3766,15
2021-01-08,Trinity,105,12862,437,247,60,307,2
2021-01-08,Tulare,107,460477,40019,36946,4819,41765,491
2021-01-08,Tuolumne,109,53932,3158,3099,28,3127,19
2021-01-08,Ventura,111,848112,55958,50553,1922,52475,294
2021-01-08,Yolo,113,214977,10308,9391,82,9473,129
2021-01-08,Yuba,115,75493,4500,4195,42,4237,26
2021-01-07,Alameda,001,1643700,62935,57921,1237,59158,632
2021-01-07,Alpine,003,1148,71,70,0,70,0
2021-01-07,Amador,005,37829,2931,2740,23,2763,24
2021-01-07,Butte,007,227075,9214,8278,1147,9425,112
2021-01-07,Calaveras,009,45235,1441,1342,6,1348,21
2021-01-07,Colusa,011,21464,1518,1420,133,1553,7
2021-01-07,Contra Costa,013,1133247,48690,44756,752,45508,376
2021-01-07,Del Norte,015,27424,840,791,2,793,2
2021-01-07,El Dorado,017,186661,7424,6545,438,6983,36
2021-01-07,Fresno,019,978130,79611,72557,5676,78233,765
2021-01-07,Glenn,021,27897,1858,1639,340,1979,9
2021-01-07,Humboldt,023,135768,2147,1954,7,1961,22
2021-01-07,Imperial,025,180216,24847,23608,1845,25453,431
2021-01-07,Inyo,027,18085,850,656,8,664,20
2021-01-07,Kern,029,883053,76768,70953,6422,77375,660
2021-01-07,Kings,031,150075,18415,17238,670,17908,108
2021-01-07,Lake,033,64148,2327,2054,0,2054,26
2021-01-07,Lassen,035,31185,4684,4581,64,4645,1
2021-01-07,Los Angeles,037,10098052,946609,853187,28615,881802,11480
2021-01-07,Madera,039,155013,12698,11644,567,12211,76
2021-01-07,Marin,041,260295,11039,10364,105,10469,153
2021-01-07,Mariposa,043,17540,313,264,2,266,3
2021-01-07,Mendocino,045,87422,2843,2585,35,2620,30
2021-01-07,Merced,047,269075,22177,20510,494,21004,234
2021-01-07,Modoc,049,8938,290,265,78,343,0
2021-01-07,Mono,051,14174,1017,905,12,917,3
2021-01-07,Monterey,053,433212,33269,30903,896,31799,222
2021-01-07,Napa,055,140530,7032,6408,25,6433,32
2021-01-07,Nevada,057,99092,3129,2847,109,2956,17
2021-01-07,Orange,059,3164182,199023,181922,7915,189837,1974
2021-01-07,Placer,061,380077,16985,15155,742,15897,144
2021-01-07,Plumas,063,18699,544,454,9,463,2
2021-01-07,Riverside,065,2383286,227603,208177,10524,218701,2156
2021-01-07,Sacramento,067,1510023,75795,72342,783,73125,919
2021-01-07,San Benito,069,59416,4510,4112,38,4150,33
2021-01-07,San Bernardino,071,2135413,240407,219691,6710,226401,1666
2021-01-07,San Diego,073,3302833,201717,180510,9264,189774,1738
2021-01-07,San Francisco,075,870044,27407,25885,304,26189,202
2021-01-07,San Joaquin,077,732212,53984,50156,2012,52168,689
2021-01-07,San Luis Obispo,079,281455,14622,12810,316,13126,118
2021-01-07,San Mateo,081,765935,30621,27494,162,27656,201
2021-01-07,Santa Barbara,083,443738,22457,19931,637,20568,187
2021-01-07,Santa Clara,085,1922200,86661,78808,356,79164,775
2021-01-07,Santa Cruz,087,273765,11851,10228,477,10705,104
2021-01-07,Shasta,089,179085,9246,8612,874,9486,81
2021-01-07,Sierra,091,2930,38,31,6,37,0
2021-01-07,Siskiyou,093,43540,1180,1010,145,1155,3
2021-01-07,Solano,095,438530,23438,21384,245,21629,100
2021-01-07,Sonoma,097,501317,22400,20857,115,20972,200
2021-01-07,Stanislaus,099,539301,40318,37296,3822,41118,553
2021-01-07,Sutter,101,95872,7289,6890,52,6942,65
2021-01-07,Tehama,103,63373,3623,3330,352,3682,15
2021-01-07,Trinity,105,12862,437,247,60,307,2
2021-01-07,Tulare,107,460477,39632,36397,4689,41086,482
2021-01-07,Tuolumne,109,53932,3138,3068,27,3095,14
2021-01-07,Ventura,111,848112,54797,49083,1894,50977,288
2021-01-07,Yolo,113,214977,10166,9207,80,9287,128
2021-01-07,Yuba,115,75493,4460,4128,42,4170,25
2021-01-06,Alameda,001,1643700,62082,57081,1210,58291,616
2021-01-06,Alpine,003,1148,71,70,0,70,0
2021-01-06,Amador,005,37829,2910,2717,22,2739,24
2021-01-06,Butte,007,227075,9099,8147,1128,9275,110
2021-01-06,Calaveras,009,45235,1418,1321,6,1327,21
2021-01-06,Colusa,011,21464,1498,1385,128,1513,7
2021-01-06,Contra Costa,013,1133247,47895,44054,736,44790,358
2021-01-06,Del Norte,015,27424,834,780,2,782,2
2021-01-06,El Dorado,017,186661,7312,6397,424,6821,35
2021-01-06,Fresno,019,978130,78765,71404,5574,76978,752
2021-01-06,Glenn,021,27897,1832,1622,336,1958,9
2021-01-06,Humboldt,023,135768,2121,1912,7,1919,22
2021-01-06,Imperial,025,180216,24600,23400,1802,25202,431
2021-01-06,Inyo,027,18085,834,630,8,638,20
2021-01-06,Kern,029,883053,75825,69893,6296,76189,646
2021-01-06,Kings,031,150075,18217,17019,651,17670,108
2021-01-06,Lake,033,64148,2293,2033,0,2033,26
2021-01-06,Lassen,035,31185,4672,4560,60,4620,1
2021-01-06,Los Angeles,037,10098052,930647,835052,27931,862983,11285
2021-01-06,Madera,039,155013,12564,11407,560,11967,67
2021-01-06,Marin,041,260295,10916,10282,104,10386,153
2021-01-06,Mariposa,043,17540,310,259,2,261,3
2021-01-06,Mendocino,045,87422,2813,2561,35,2596,30
2021-01-06,Merced,047,269075,21842,20258,479,20737,232
2021-01-06,Modoc,049,8938,290,263,78,341,0
2021-01-06,Mono,051,14174,986,905,12,917,3
2021-01-06,Monterey,053,433212,32668,30387,865,31252,222
2021-01-06,Napa,055,140530,6902,6342,25,6367,32
2021-01-06,Nevada,057,99092,3109,2805,108,2913,15
2021-01-06,Orange,059,3164182,195590,177686,7774,185460,1935
2021-01-06,Placer,061,380077,16797,14940,724,15664,134
2021-01-06,Plumas,063,18699,536,445,9,454,2
2021-01-06,Riverside,065,2383286,223587,203714,10338,214052,2121
2021-01-06,Sacramento,067,1510023,74771,71572,766,72338,909
2021-01-06,San Benito,069,59416,4434,4031,37,4068,32
2021-01-06,San Bernardino,071,2135413,236718,215286,6607,221893,1634
2021-01-06,San Diego,073,3302833,198217,176660,9093,185753,1691
2021-01-06,San Francisco,075,870044,27042,25424,296,25720,199
2021-01-06,San Joaquin,077,732212,53251,49286,1970,51256,673
2021-01-06,San Luis Obispo,079,281455,14229,12305,309,12614,115
2021-01-06,San Mateo,081,765935,30196,27050,159,27209,200
2021-01-06,Santa Barbara,083,443738,21968,19453,628,20081,177
2021-01-06,Santa Clara,085,1922200,85340,77485,349,77834,746
2021-01-06,Santa Cruz,087,273765,11632,9954,459,10413,97
2021-01-06,Shasta,089,179085,9176,8482,867,9349,78
2021-01-06,Sierra,091,2930,37,31,6,37,0
2021-01-06,Siskiyou,093,43540,1168,998,141,1139,3
2021-01-06,Solano,095,438530,23060,21102,242,21344,99
2021-01-06,Sonoma,097,501317,22093,20558,115,20673,196
2021-01-06,Stanislaus,099,539301,39751,36751,3762,40513,553
2021-01-06,Sutter,101,95872,7208,6839,51,6890,59
2021-01-06,Tehama,103,63373,3594,3306,346,3652,15
2021-01-06,Trinity,105,12862,437,246,60,306,2
2021-01-06,Tulare,107,460477,39139,35882,4594,40476,465
2021-01-06,Tuolumne,109,53932,3117,3008,27,3035,14
2021-01-06,Ventura,111,848112,53553,47428,1870,49298,280
2021-01-06,Yolo,113,214977,10002,9083,77,9160,127
2021-01-06,Yuba,115,75493,4410,4097,42,4139,25
2021-01-05,Alameda,001,1643700,60966,56432,1180,57612,602
2021-01-05,Alpine,003,1148,71,70,0,70,0
2021-01-05,Amador,005,37829,2870,2695,22,2717,24
2021-01-05,Butte,007,227075,8958,8008,1101,9109,107
2021-01-05,Calaveras,009,45235,1371,1292,6,1298,21
2021-01-05,Colusa,011,21464,1476,1376,122,1498,7
2021-01-05,Contra Costa,013,1133247,47035,43442,724,44166,353
2021-01-05,Del Norte,015,27424,828,770,2,772,2
2021-01-05,El Dorado,017,186661,7194,6270,403,6673,32
2021-01-05,Fresno,019,978130,77545,70971,5483,76454,741
2021-01-05,Glenn,021,27897,1809,1608,320,1928,9
2021-01-05,Humboldt,023,135768,2085,1884,7,1891,22
2021-01-05,Imperial,025,180216,24429,23165,1760,24925,421
2021-01-05,Inyo,027,18085,820,627,8,635,20
2021-01-05,Kern,029,883053,74747,68257,6161,74418,624
2021-01-05,Kings,031,150075,18019,16860,629,17489,108
2021-01-05,Lake,033,64148,2247,2015,0,2015,25
2021-01-05,Lassen,035,31185,4657,4554,56,4610,1
2021-01-05,Los Angeles,037,10098052,911908,823783,27270,851053,11028
2021-01-05,Madera,039,155013,12394,11359,548,11907,67
2021-01-05,Marin,041,260295,10768,10214,103,10317,151
2021-01-05,Mariposa,043,17540,304,257,2,259,3
2021-01-05,Mendocino,045,87422,2777,2501,35,2536,30
2021-01-05,Merced,047,269075,21490,20051,467,20518,230
2021-01-05,Modoc,049,8938,290,254,78,332,0
2021-01-05,Mono,051,14174,980,896,12,908,3
2021-01-05,Monterey,053,433212,32121,30045,832,30877,213
2021-01-05,Napa,055,140530,6815,6264,25,6289,29
2021-01-05,Nevada,057,99092,3081,2781,106,2887,15
2021-01-05,Orange,059,3164182,191959,174869,7584,182453,1918
2021-01-05,Placer,061,380077,16574,14723,701,15424,133
2021-01-05,Plumas,063,18699,529,428,9,437,2
2021-01-05,Riverside,065,2383286,219462,200439,10169,210608,2069
2021-01-05,Sacramento,067,1510023,73843,70677,740,71417,888
2021-01-05,San Benito,069,59416,4332,3961,35,3996,28
2021-01-05,San Bernardino,071,2135413,232751,212522,6491,219013,1615
2021-01-05,San Diego,073,3302833,194077,172845,8879,181724,1654
2021-01-05,San Francisco,075,870044,26671,24989,280,25269,196
2021-01-05,San Joaquin,077,732212,52392,48969,1926,50895,663
2021-01-05,San Luis Obispo,079,281455,13832,12027,299,12326,106
2021-01-05,San Mateo,081,765935,29715,26486,157,26643,198
2021-01-05,Santa Barbara,083,443738,21521,19063,620,19683,172
2021-01-05,Santa Clara,085,1922200,83792,76355,337,76692,729
2021-01-05,Santa Cruz,087,273765,11359,9753,435,10188,93
2021-01-05,Shasta,089,179085,9069,8345,849,9194,73
2021-01-05,Sierra,091,2930,37,31,6,37,0
2021-01-05,Siskiyou,093,43540,1156,985,139,1124,3
2021-01-05,Solano,095,438530,22651,20860,237,21097,97
2021-01-05,Sonoma,097,501317,21734,20247,114,20361,194
2021-01-05,Stanislaus,099,539301,39207,36363,3711,40074,553
2021-01-05,Sutter,101,95872,7111,6769,50,6819,59
2021-01-05,Tehama,103,63373,3541,3255,342,3597,9
2021-01-05,Trinity,105,12862,437,246,60,306,2
2021-01-05,Tulare,107,460477,38564,35585,4453,40038,455
2021-01-05,Tuolumne,109,53932,3093,2996,22,3018,13
2021-01-05,Ventura,111,848112,52309,46456,1848,48304,264
2021-01-05,Yolo,113,214977,9823,8980,75,9055,127
2021-01-05,Yuba,115,75493,4351,4053,41,4094,21
2021-01-04,Alameda,001,1643700,59751,55899,1146,57045,583
2021-01-04,Alpine,003,1148,71,68,0,68,0
2021-01-04,Amador,005,37829,2830,2596,22,2618,24
2021-01-04,Butte,007,227075,8799,7893,1080,8973,105
2021-01-04,Calaveras,009,45235,1330,1276,5,1281,21
2021-01-04,Colusa,011,21464,1451,1368,108,1476,7
2021-01-04,Contra Costa,013,1133247,46176,43019,700,43719,353
2021-01-04,Del Norte,015,27424,817,770,2,772,2
2021-01-04,El Dorado,017,186661,7060,6152,388,6540,27
2021-01-04,Fresno,019,978130,76278,69871,5385,75256,726
2021-01-04,Glenn,021,27897,1776,1590,315,1905,9
2021-01-04,Humboldt,023,135768,2048,1845,7,1852,22
2021-01-04,Imperial,025,180216,24281,23035,1709,24744,420
2021-01-04,Inyo,027,18085,794,623,8,631,20
2021-01-04,Kern,029,883053,73664,67418,5967,73385,623
2021-01-04,Kings,031,150075,17743,16801,605,17406,108
2021-01-04,Lake,033,64148,2211,1984,0,1984,25
2021-01-04,Lassen,035,31185,4635,4550,55,4605,1
2021-01-04,Los Angeles,037,10098052,891771,813022,26423,839445,10790
2021-01-04,Madera,039,155013,12178,11204,527,11731,67
2021-01-04,Marin,041,260295,10628,10115,101,10216,151
2021-01-04,Mariposa,043,17540,298,253,2,255,3
2021-01-04,Mendocino,045,87422,2737,2460,31,2491,28
2021-01-04,Merced,047,269075,21076,19804,448,20252,230
2021-01-04,Modoc,049,8938,274,250,76,326,0
2021-01-04,Mono,051,14174,969,895,12,907,3
2021-01-04,Monterey,053,433212,31507,29659,811,30470,212
2021-01-04,Napa,055,140530,6674,6187,25,6212,29
2021-01-04,Nevada,057,99092,3043,2765,103,2868,15
2021-01-04,Orange,059,3164182,188075,172458,7462,179920,1918
2021-01-04,Placer,061,380077,16315,14622,688,15310,133
2021-01-04,Plumas,063,18699,519,419,9,428,1
2021-01-04,Riverside,065,2383286,214913,196809,9983,206792,2066
2021-01-04,Sacramento,067,1510023,72789,70164,731,70895,870
2021-01-04,San Benito,069,59416,4219,3914,35,3949,28
2021-01-04,San Bernardino,071,2135413,228486,210868,6343,217211,1615
2021-01-04,San Diego,073,3302833,189503,171031,8683,179714,1598
2021-01-04,San Francisco,075,870044,26285,24753,274,25027,191
2021-01-04,San Joaquin,077,732212,51502,48644,1885,50529,661
2021-01-04,San Luis Obispo,079,281455,13346,11945,292,12237,96
2021-01-04,San Mateo,081,765935,29151,26150,152,26302,198
2021-01-04,Santa Barbara,083,443738,20998,18735,591,19326,165
2021-01-04,Santa Clara,085,1922200,82036,75297,330,75627,727
2021-01-04,Santa Cruz,087,273765,11071,9680,418,10098,85
2021-01-04,Shasta,089,179085,8964,8224,832,9056,72
2021-01-04,Sierra,091,2930,36,30,6,36,0
2021-01-04,Siskiyou,093,43540,1139,980,136,1116,3
2021-01-04,Solano,095,438530,22149,20588,229,20817,97
2021-01-04,Sonoma,097,501317,21396,20210,113,20323,194
2021-01-04,Stanislaus,099,539301,38644,36141,3656,39797,553
2021-01-04,Sutter,101,95872,7015,6712,49,6761,56
2021-01-04,Tehama,103,63373,3472,3190,337,3527,9
2021-01-04,Trinity,105,12862,434,245,60,305,2
2021-01-04,Tulare,107,460477,38025,35060,4353,39413,455
2021-01-04,Tuolumne,109,53932,3068,2987,22,3009,13
2021-01-04,Ventura,111,848112,50806,45014,1828,46842,255
2021-01-04,Yolo,113,214977,9628,8834,75,8909,121
2021-01-04,Yuba,115,75493,4296,4023,41,4064,21
2021-01-03,Alameda,001,1643700,58502,55082,1119,56201,580
2021-01-03,Alpine,003,1148,69,68,0,68,0
2021-01-03,Amador,005,37829,2773,2565,22,2587,24
2021-01-03,Butte,007,227075,8605,7837,1034,8871,105
2021-01-03,Calaveras,009,45235,1293,1249,3,1252,21
2021-01-03,Colusa,011,21464,1423,1337,102,1439,7
2021-01-03,Contra Costa,013,1133247,45290,42432,679,43111,352
2021-01-03,Del Norte,015,27424,806,768,2,770,2
2021-01-03,El Dorado,017,186661,6932,6034,371,6405,27
2021-01-03,Fresno,019,978130,75130,69326,5269,74595,719
2021-01-03,Glenn,021,27897,1751,1581,309,1890,9
2021-01-03,Humboldt,023,135768,2011,1833,7,1840,21
2021-01-03,Imperial,025,180216,24040,22951,1631,24582,419
2021-01-03,Inyo,027,18085,775,615,8,623,20
2021-01-03,Kern,029,883053,72402,66895,5792,72687,609
2021-01-03,Kings,031,150075,17467,16593,576,17169,108
2021-01-03,Lake,033,64148,2165,1976,0,1976,24
2021-01-03,Lassen,035,31185,4602,4531,54,4585,1
2021-01-03,Los Angeles,037,10098052,869709,792168,25378,817546,10633
2021-01-03,Madera,039,155013,11950,11152,504,11656,67
2021-01-03,Marin,041,260295,10477,10034,97,10131,150
2021-01-03,Mariposa,043,17540,291,248,2,250,3
2021-01-03,Mendocino,045,87422,2697,2445,29,2474,24
2021-01-03,Merced,047,269075,20609,19600,422,20022,230
2021-01-03,Modoc,049,8938,270,245,75,320,0
2021-01-03,Mono,051,14174,944,893,12,905,3
2021-01-03,Monterey,053,433212,30917,29357,776,30133,191
2021-01-03,Napa,055,140530,6573,6094,25,6119,29
2021-01-03,Nevada,057,99092,2982,2742,100,2842,15
2021-01-03,Orange,059,3164182,183887,169881,7273,177154,1919
2021-01-03,Placer,061,380077,16065,14319,665,14984,133
2021-01-03,Plumas,063,18699,506,416,9,425,1
2021-01-03,Riverside,065,2383286,210025,195048,9736,204784,2005
2021-01-03,Sacramento,067,1510023,71583,68558,710,69268,859
2021-01-03,San Benito,069,59416,4123,3882,34,3916,28
2021-01-03,San Bernardino,071,2135413,223210,208294,6172,214466,1592
2021-01-03,San Diego,073,3302833,184243,168018,8454,176472,1592
2021-01-03,San Francisco,075,870044,25795,24588,256,24844,193
2021-01-03,San Joaquin,077,732212,50393,47899,1830,49729,661
2021-01-03,San Luis Obispo,079,281455,12878,11636,284,11920,95
2021-01-03,San Mateo,081,765935,28557,25770,145,25915,196
2021-01-03,Santa Barbara,083,443738,20265,18267,576,18843,164
2021-01-03,Santa Clara,085,1922200,80447,74534,324,74858,720
2021-01-03,Santa Cruz,087,273765,10766,9528,403,9931,84
2021-01-03,Shasta,089,179085,8837,8192,792,8984,72
2021-01-03,Sierra,091,2930,36,30,6,36,0
2021-01-03,Siskiyou,093,43540,1106,976,127,1103,3
2021-01-03,Solano,095,438530,21616,20105,223,20328,97
2021-01-03,Sonoma,097,501317,21009,19982,111,20093,193
2021-01-03,Stanislaus,099,539301,37937,35762,3573,39335,553
2021-01-03,Sutter,101,95872,6918,6664,48,6712,53
2021-01-03,Tehama,103,63373,3418,3176,329,3505,9
2021-01-03,Trinity,105,12862,429,243,58,301,2
2021-01-03,Tulare,107,460477,37448,34747,4208,38955,455
2021-01-03,Tuolumne,109,53932,3007,2978,19,2997,13
2021-01-03,Ventura,111,848112,48980,43748,1811,45559,254
2021-01-03,Yolo,113,214977,9466,8674,74,8748,121
2021-01-03,Yuba,115,75493,4245,3966,40,4006,20
2021-01-02,Alameda,001,1643700,57882,54518,1088,55606,581
2021-01-02,Alpine,003,1148,69,68,0,68,0
2021-01-02,Amador,005,37829,2754,2540,22,2562,24
2021-01-02,Butte,007,227075,8499,7750,1013,8763,105
2021-01-02,Calaveras,009,45235,1273,1230,3,1233,21
2021-01-02,Colusa,011,21464,1412,1332,101,1433,7
2021-01-02,Contra Costa,013,1133247,44744,41993,671,42664,352
2021-01-02,Del Norte,015,27424,804,764,2,766,2
2021-01-02,El Dorado,017,186661,6877,5959,367,6326,27
2021-01-02,Fresno,019,978130,74586,68740,5158,73898,717
2021-01-02,Glenn,021,27897,1734,1546,308,1854,9
2021-01-02,Humboldt,023,135768,1984,1815,7,1822,21
2021-01-02,Imperial,025,180216,23952,22867,1600,24467,420
2021-01-02,Inyo,027,18085,764,609,8,617,20
2021-01-02,Kern,029,883053,71682,66457,5680,72137,610
2021-01-02,Kings,031,150075,17373,16515,572,17087,108
2021-01-02,Lake,033,64148,2128,1925,0,1925,24
2021-01-02,Lassen,035,31185,4591,4457,53,4510,1
2021-01-02,Los Angeles,037,10098052,861346,791892,24691,816583,10633
2021-01-02,Madera,039,155013,11835,11039,492,11531,67
2021-01-02,Marin,041,260295,10430,9924,94,10018,151
2021-01-02,Mariposa,043,17540,284,243,2,245,3
2021-01-02,Mendocino,045,87422,2654,2428,28,2456,24
2021-01-02,Merced,047,269075,20467,19395,405,19800,230
2021-01-02,Modoc,049,8938,269,245,75,320,0
2021-01-02,Mono,051,14174,933,884,12,896,3
2021-01-02,Monterey,053,433212,30701,28991,764,29755,191
2021-01-02,Napa,055,140530,6514,5994,25,6019,29
2021-01-02,Nevada,057,99092,2953,2706,96,2802,15
2021-01-02,Orange,059,3164182,181664,168457,7125,175582,1918
2021-01-02,Placer,061,380077,15892,14182,656,14838,133
2021-01-02,Plumas,063,18699,503,413,9,422,1
2021-01-02,Riverside,065,2383286,207378,192069,9509,201578,2008
2021-01-02,Sacramento,067,1510023,70949,67810,692,68502,858
2021-01-02,San Benito,069,59416,4041,3829,34,3863,28
2021-01-02,San Bernardino,071,2135413,221545,206939,6050,212989,1597
2021-01-02,San Diego,073,3302833,181644,164498,8257,172755,1592
2021-01-02,San Francisco,075,870044,25541,24414,248,24662,194
2021-01-02,San Joaquin,077,732212,49990,47310,1802,49112,662
2021-01-02,San Luis Obispo,079,281455,12744,11467,278,11745,95
2021-01-02,San Mateo,081,765935,28220,25483,137,25620,196
2021-01-02,Santa Barbara,083,443738,19976,18135,573,18708,164
2021-01-02,Santa Clara,085,1922200,79269,73662,318,73980,720
2021-01-02,Santa Cruz,087,273765,10611,9340,395,9735,85
2021-01-02,Shasta,089,179085,8771,8154,781,8935,72
2021-01-02,Sierra,091,2930,36,28,6,34,0
2021-01-02,Siskiyou,093,43540,1095,949,125,1074,3
2021-01-02,Solano,095,438530,21414,19805,214,20019,97
2021-01-02,Sonoma,097,501317,20840,19761,111,19872,194
2021-01-02,Stanislaus,099,539301,37604,35431,3509,38940,553
2021-01-02,Sutter,101,95872,6866,6621,48,6669,53
2021-01-02,Tehama,103,63373,3390,3146,325,3471,9
2021-01-02,Trinity,105,12862,426,243,58,301,2
2021-01-02,Tulare,107,460477,37120,34479,4134,38613,455
2021-01-02,Tuolumne,109,53932,2993,2942,17,2959,13
2021-01-02,Ventura,111,848112,47825,43397,1778,45175,254
2021-01-02,Yolo,113,214977,9367,8571,72,8643,122
2021-01-02,Yuba,115,75493,4207,3930,40,3970,21
2021-01-01,Alameda,001,1643700,57235,53518,1074,54592,579
2021-01-01,Alpine,003,1148,69,68,0,68,0
2021-01-01,Amador,005,37829,2728,2513,20,2533,24
2021-01-01,Butte,007,227075,8397,7589,991,8580,105
2021-01-01,Calaveras,009,45235,1258,1186,3,1189,21
2021-01-01,Colusa,011,21464,1402,1314,99,1413,7
2021-01-01,Contra Costa,013,1133247,44269,41412,651,42063,351
2021-01-01,Del Norte,015,27424,799,758,2,760,2
2021-01-01,El Dorado,017,186661,6784,5832,359,6191,27
2021-01-01,Fresno,019,978130,73513,67484,5074,72558,717
2021-01-01,Glenn,021,27897,1717,1520,299,1819,9
2021-01-01,Humboldt,023,135768,1945,1783,7,1790,21
2021-01-01,Imperial,025,180216,23856,22715,1549,24264,418
2021-01-01,Inyo,027,18085,739,606,8,614,20
2021-01-01,Kern,029,883053,70855,65571,5573,71144,609
2021-01-01,Kings,031,150075,17190,16358,565,16923,108
2021-01-01,Lake,033,64148,2090,1888,0,1888,24
2021-01-01,Lassen,035,31185,4585,4377,53,4430,1
2021-01-01,Los Angeles,037,10098052,847137,775578,24011,799589,10515
2021-01-01,Madera,039,155013,11680,10752,483,11235,66
2021-01-01,Marin,041,260295,10331,9821,93,9914,148
2021-01-01,Mariposa,043,17540,276,236,2,238,3
2021-01-01,Mendocino,045,87422,2600,2400,28,2428,24
2021-01-01,Merced,047,269075,20283,19118,389,19507,229
2021-01-01,Modoc,049,8938,269,241,75,316,0
2021-01-01,Mono,051,14174,915,884,11,895,3
2021-01-01,Monterey,053,433212,30463,28465,755,29220,191
2021-01-01,Napa,055,140530,6429,5899,25,5924,28
2021-01-01,Nevada,057,99092,2929,2663,96,2759,15
2021-01-01,Orange,059,3164182,178870,165440,6982,172422,1893
2021-01-01,Placer,061,380077,15702,13987,641,14628,133
2021-01-01,Plumas,063,18699,498,412,9,421,1
2021-01-01,Riverside,065,2383286,204189,188674,9256,197930,1990
2021-01-01,Sacramento,067,1510023,70353,66956,675,67631,848
2021-01-01,San Benito,069,59416,4004,3773,34,3807,28
2021-01-01,San Bernardino,071,2135413,218777,203651,5920,209571,1590
2021-01-01,San Diego,073,3302833,178571,160071,8078,168149,1592
2021-01-01,San Francisco,075,870044,25263,24145,237,24382,187
2021-01-01,San Joaquin,077,732212,49666,46640,1758,48398,657
2021-01-01,San Luis Obispo,079,281455,12517,11160,270,11430,94
2021-01-01,San Mateo,081,765935,27771,25041,133,25174,194
2021-01-01,Santa Barbara,083,443738,19656,17759,563,18322,164
2021-01-01,Santa Clara,085,1922200,78048,71904,314,72218,680
2021-01-01,Santa Cruz,087,273765,10431,9146,385,9531,84
2021-01-01,Shasta,089,179085,8690,8102,764,8866,72
2021-01-01,Sierra,091,2930,36,26,6,32,0
2021-01-01,Siskiyou,093,43540,1081,944,120,1064,3
2021-01-01,Solano,095,438530,21200,19393,212,19605,97
2021-01-01,Sonoma,097,501317,20644,19513,111,19624,189
2021-01-01,Stanislaus,099,539301,37316,34978,3447,38425,553
2021-01-01,Sutter,101,95872,6809,6553,47,6600,52
2021-01-01,Tehama,103,63373,3333,3079,318,3397,9
2021-01-01,Trinity,105,12862,426,243,58,301,2
2021-01-01,Tulare,107,460477,36711,33994,4046,38040,454
2021-01-01,Tuolumne,109,53932,2977,2909,17,2926,13
2021-01-01,Ventura,111,848112,46332,42026,1752,43778,253
2021-01-01,Yolo,113,214977,9255,8461,69,8530,120
2021-01-01,Yuba,115,75493,4153,3845,39,3884,19
2020-12-31,Alameda,001,1643700,56685,52475,1042,53517,579
2020-12-31,Alpine,003,1148,69,66,0,66,0
2020-12-31,Amador,005,37829,2714,2493,20,2513,24
2020-12-31,Butte,007,227075,8322,7405,971,8376,105
2020-12-31,Calaveras,009,45235,1247,1161,3,1164,21
2020-12-31,Colusa,011,21464,1390,1301,96,1397,7
2020-12-31,Contra Costa,013,1133247,43865,40512,635,41147,336
2020-12-31,Del Norte,015,27424,798,748,2,750,2
2020-12-31,El Dorado,017,186661,6732,5662,350,6012,26
2020-12-31,Fresno,019,978130,73082,66442,5012,71454,711
2020-12-31,Glenn,021,27897,1689,1484,291,1775,9
2020-12-31,Humboldt,023,135768,1928,1713,7,1720,21
2020-12-31,Imperial,025,180216,23786,22494,1532,24026,417
2020-12-31,Inyo,027,18085,731,591,8,599,20
2020-12-31,Kern,029,883053,70381,64904,5485,70389,609
2020-12-31,Kings,031,150075,17115,16077,557,16634,108
2020-12-31,Lake,033,64148,2069,1848,0,1848,23
2020-12-31,Lassen,035,31185,4579,4340,52,4392,1
2020-12-31,Los Angeles,037,10098052,841794,755844,23557,779401,10320
2020-12-31,Madera,039,155013,11595,10609,475,11084,64
2020-12-31,Marin,041,260295,10279,9731,91,9822,148
2020-12-31,Mariposa,043,17540,274,217,2,219,3
2020-12-31,Mendocino,045,87422,2585,2367,24,2391,24
2020-12-31,Merced,047,269075,20193,18808,379,19187,226
2020-12-31,Modoc,049,8938,269,238,75,313,0
2020-12-31,Mono,051,14174,907,868,11,879,3
2020-12-31,Monterey,053,433212,30233,27720,743,28463,188
2020-12-31,Napa,055,140530,6366,5801,25,5826,28
2020-12-31,Nevada,057,99092,2906,2619,95,2714,15
2020-12-31,Orange,059,3164182,176969,161586,6853,168439,1866
2020-12-31,Placer,061,380077,15546,13708,638,14346,126
2020-12-31,Plumas,063,18699,494,401,8,409,1
2020-12-31,Riverside,065,2383286,202507,184193,9128,193321,1958
2020-12-31,Sacramento,067,1510023,69823,65817,665,66482,830
2020-12-31,San Benito,069,59416,3980,3673,34,3707,28
2020-12-31,San Bernardino,071,2135413,217085,199115,5847,204962,1586
2020-12-31,San Diego,073,3302833,176808,155593,7979,163572,1534
2020-12-31,San Francisco,075,870044,25028,23740,230,23970,183
2020-12-31,San Joaquin,077,732212,49314,45764,1720,47484,646
2020-12-31,San Luis Obispo,079,281455,12403,10846,270,11116,89
2020-12-31,San Mateo,081,765935,27441,24570,127,24697,192
2020-12-31,Santa Barbara,083,443738,19412,17434,556,17990,161
2020-12-31,Santa Clara,085,1922200,77172,70032,309,70341,665
2020-12-31,Santa Cruz,087,273765,10313,8909,373,9282,84
2020-12-31,Shasta,089,179085,8624,7996,754,8750,69
2020-12-31,Sierra,091,2930,36,26,6,32,0
2020-12-31,Siskiyou,093,43540,1065,940,117,1057,3
2020-12-31,Solano,095,438530,20970,18942,211,19153,97
2020-12-31,Sonoma,097,501317,20523,19129,110,19239,188
2020-12-31,Stanislaus,099,539301,37008,34398,3400,37798,552
2020-12-31,Sutter,101,95872,6778,6432,47,6479,51
2020-12-31,Tehama,103,63373,3295,3036,317,3353,9
2020-12-31,Trinity,105,12862,425,241,58,299,2
2020-12-31,Tulare,107,460477,36509,33412,3985,37397,446
2020-12-31,Tuolumne,109,53932,2968,2902,17,2919,12
2020-12-31,Ventura,111,848112,45821,40854,1735,42589,251
2020-12-31,Yolo,113,214977,9166,8295,68,8363,117
2020-12-31,Yuba,115,75493,4116,3799,38,3837,18
2020-12-30,Alameda,001,1643700,55902,50158,989,51147,573
2020-12-30,Alpine,003,1148,69,66,0,66,0
2020-12-30,Amador,005,37829,2694,2418,19,2437,24
2020-12-30,Butte,007,227075,8161,7140,951,8091,103
2020-12-30,Calaveras,009,45235,1222,1135,3,1138,21
2020-12-30,Colusa,011,21464,1372,1289,90,1379,7
2020-12-30,Contra Costa,013,1133247,43316,39601,622,40223,337
2020-12-30,Del Norte,015,27424,793,726,2,728,2
2020-12-30,El Dorado,017,186661,6631,5595,340,5935,27
2020-12-30,Fresno,019,978130,72236,65566,4863,70429,711
2020-12-30,Glenn,021,27897,1658,1471,279,1750,9
2020-12-30,Humboldt,023,135768,1894,1654,7,1661,22
2020-12-30,Imperial,025,180216,23619,22098,1456,23554,412
2020-12-30,Inyo,027,18085,725,572,8,580,20
2020-12-30,Kern,029,883053,69653,63292,5341,68633,604
2020-12-30,Kings,031,150075,16996,15862,549,16411,108
2020-12-30,Lake,033,64148,2050,1731,0,1731,23
2020-12-30,Lassen,035,31185,4570,4300,52,4352,1
2020-12-30,Los Angeles,037,10098052,830874,741907,22884,764791,10046
2020-12-30,Madera,039,155013,11485,10249,464,10713,65
2020-12-30,Marin,041,260295,10186,9569,84,9653,148
2020-12-30,Mariposa,043,17540,270,214,2,216,3
2020-12-30,Mendocino,045,87422,2567,2291,21,2312,24
2020-12-30,Merced,047,269075,19903,18519,369,18888,225
2020-12-30,Modoc,049,8938,266,234,75,309,0
2020-12-30,Mono,051,14174,904,868,11,879,3
2020-12-30,Monterey,053,433212,29603,26977,721,27698,186
2020-12-30,Napa,055,140530,6260,5754,25,5779,28
2020-12-30,Nevada,057,99092,2871,2595,93,2688,15
2020-12-30,Orange,059,3164182,174311,153951,6666,160617,1863
2020-12-30,Placer,061,380077,15314,13540,626,14166,127
2020-12-30,Plumas,063,18699,489,397,8,405,1
2020-12-30,Riverside,065,2383286,199558,176402,8945,185347,1919
2020-12-30,Sacramento,067,1510023,68950,64119,648,64767,847
2020-12-30,San Benito,069,59416,3898,3464,30,3494,29
2020-12-30,San Bernardino,071,2135413,214516,192648,5762,198410,1591
2020-12-30,San Diego,073,3302833,173175,152510,7804,160314,1472
2020-12-30,San Francisco,075,870044,24752,23099,225,23324,182
2020-12-30,San Joaquin,077,732212,48593,44465,1679,46144,634
2020-12-30,San Luis Obispo,079,281455,12134,10542,262,10804,89
2020-12-30,San Mateo,081,765935,27012,24150,123,24273,190
2020-12-30,Santa Barbara,083,443738,19010,16895,535,17430,161
2020-12-30,Santa Clara,085,1922200,75964,67218,305,67523,661
2020-12-30,Santa Cruz,087,273765,10139,8787,364,9151,86
2020-12-30,Shasta,089,179085,8510,7818,740,8558,69
2020-12-30,Sierra,091,2930,36,25,6,31,0
2020-12-30,Siskiyou,093,43540,1058,913,109,1022,3
2020-12-30,Solano,095,438530,20581,18300,208,18508,96
2020-12-30,Sonoma,097,501317,20267,18947,110,19057,191
2020-12-30,Stanislaus,099,539301,36545,33730,3325,37055,526
2020-12-30,Sutter,101,95872,6718,6328,45,6373,51
2020-12-30,Tehama,103,63373,3251,2969,313,3282,9
2020-12-30,Trinity,105,12862,424,231,57,288,2
2020-12-30,Tulare,107,460477,35979,32413,3926,36339,430
2020-12-30,Tuolumne,109,53932,2958,2772,15,2787,12
2020-12-30,Ventura,111,848112,44534,39039,1711,40750,251
2020-12-30,Yolo,113,214977,9058,8067,66,8133,117
2020-12-30,Yuba,115,75493,4048,3612,38,3650,18
2020-12-29,Alameda,001,1643700,54833,50946,954,51900,552
2020-12-29,Alpine,003,1148,69,65,0,65,0
2020-12-29,Amador,005,37829,2642,2388,18,2406,23
2020-12-29,Butte,007,227075,7988,7178,927,8105,98
2020-12-29,Calaveras,009,45235,1178,1111,2,1113,21
2020-12-29,Colusa,011,21464,1351,1272,85,1357,7
2020-12-29,Contra Costa,013,1133247,42545,39225,596,39821,325
2020-12-29,Del Norte,015,27424,786,724,2,726,2
2020-12-29,El Dorado,017,186661,6501,5551,327,5878,22
2020-12-29,Fresno,019,978130,70862,65149,4713,69862,688
2020-12-29,Glenn,021,27897,1624,1454,272,1726,9
2020-12-29,Humboldt,023,135768,1846,1616,7,1623,19
2020-12-29,Imperial,025,180216,23405,22105,1374,23479,407
2020-12-29,Inyo,027,18085,707,571,8,579,19
2020-12-29,Kern,029,883053,68487,63096,5173,68269,589
2020-12-29,Kings,031,150075,16827,15777,537,16314,108
2020-12-29,Lake,033,64148,2019,1805,0,1805,22
2020-12-29,Lassen,035,31185,4555,4288,52,4340,1
2020-12-29,Los Angeles,037,10098052,810668,731907,22046,753953,9786
2020-12-29,Madera,039,155013,11183,10251,451,10702,64
2020-12-29,Marin,041,260295,10043,9595,80,9675,146
2020-12-29,Mariposa,043,17540,262,212,2,214,3
2020-12-29,Mendocino,045,87422,2524,2249,20,2269,24
2020-12-29,Merced,047,269075,19553,18464,353,18817,221
2020-12-29,Modoc,049,8938,263,232,75,307,0
2020-12-29,Mono,051,14174,895,868,11,879,3
2020-12-29,Monterey,053,433212,28951,26894,696,27590,185
2020-12-29,Napa,055,140530,6142,5663,25,5688,28
2020-12-29,Nevada,057,99092,2823,2550,92,2642,15
2020-12-29,Orange,059,3164182,170536,154411,6502,160913,1839
2020-12-29,Placer,061,380077,15101,13392,605,13997,126
2020-12-29,Plumas,063,18699,480,395,8,403,1
2020-12-29,Riverside,065,2383286,194959,177624,8696,186320,1904
2020-12-29,Sacramento,067,1510023,67899,65078,636,65714,820
2020-12-29,San Benito,069,59416,3779,3474,29,3503,25
2020-12-29,San Bernardino,071,2135413,209679,190476,5626,196102,1557
2020-12-29,San Diego,073,3302833,168952,150062,7573,157635,1435
2020-12-29,San Francisco,075,870044,24412,22996,218,23214,178
2020-12-29,San Joaquin,077,732212,47653,44699,1626,46325,622
2020-12-29,San Luis Obispo,079,281455,11838,10387,254,10641,80
2020-12-29,San Mateo,081,765935,26470,23773,111,23884,189
2020-12-29,Santa Barbara,083,443738,18541,16797,509,17306,155
2020-12-29,Santa Clara,085,1922200,74463,67581,301,67882,621
2020-12-29,Santa Cruz,087,273765,9873,8492,355,8847,84
2020-12-29,Shasta,089,179085,8406,7782,725,8507,65
2020-12-29,Sierra,091,2930,34,24,5,29,0
2020-12-29,Siskiyou,093,43540,1043,926,107,1033,3
2020-12-29,Solano,095,438530,20205,18412,203,18615,96
2020-12-29,Sonoma,097,501317,19935,18790,108,18898,187
2020-12-29,Stanislaus,099,539301,36068,33775,3255,37030,508
2020-12-29,Sutter,101,95872,6651,6302,45,6347,50
2020-12-29,Tehama,103,63373,3181,2962,301,3263,9
2020-12-29,Trinity,105,12862,423,241,57,298,2
2020-12-29,Tulare,107,460477,35352,32545,3804,36349,419
2020-12-29,Tuolumne,109,53932,2916,2797,15,2812,12
2020-12-29,Ventura,111,848112,43279,38669,1685,40354,235
2020-12-29,Yolo,113,214977,8928,8124,64,8188,111
2020-12-29,Yuba,115,75493,3969,3723,38,3761,18
2020-12-28,Alameda,001,1643700,53790,50405,934,51339,551
2020-12-28,Alpine,003,1148,68,65,0,65,0
2020-12-28,Amador,005,37829,2572,2255,18,2273,23
2020-12-28,Butte,007,227075,7821,7053,897,7950,86
2020-12-28,Calaveras,009,45235,1155,1102,2,1104,21
2020-12-28,Colusa,011,21464,1325,1255,74,1329,7
2020-12-28,Contra Costa,013,1133247,41602,38872,567,39439,324
2020-12-28,Del Norte,015,27424,777,718,2,720,2
2020-12-28,El Dorado,017,186661,6345,5441,315,5756,18
2020-12-28,Fresno,019,978130,69595,64274,4564,68838,679
2020-12-28,Glenn,021,27897,1590,1435,260,1695,9
2020-12-28,Humboldt,023,135768,1811,1579,7,1586,19
2020-12-28,Imperial,025,180216,23150,22003,1300,23303,405
2020-12-28,Inyo,027,18085,701,569,8,577,19
2020-12-28,Kern,029,883053,67420,62392,4973,67365,579
2020-12-28,Kings,031,150075,16610,15733,520,16253,108
2020-12-28,Lake,033,64148,1979,1785,0,1785,22
2020-12-28,Lassen,035,31185,4448,4284,51,4335,1
2020-12-28,Los Angeles,037,10098052,788313,720699,21253,741952,9544
2020-12-28,Madera,039,155013,11010,10123,431,10554,64
2020-12-28,Marin,041,260295,9936,9546,74,9620,145
2020-12-28,Mariposa,043,17540,238,211,2,213,3
2020-12-28,Mendocino,045,87422,2489,2214,20,2234,23
2020-12-28,Merced,047,269075,19233,18245,335,18580,213
2020-12-28,Modoc,049,8938,258,220,74,294,0
2020-12-28,Mono,051,14174,891,848,11,859,3
2020-12-28,Monterey,053,433212,28103,26529,687,27216,182
2020-12-28,Napa,055,140530,6033,5576,25,5601,26
2020-12-28,Nevada,057,99092,2775,2532,88,2620,15
2020-12-28,Orange,059,3164182,166435,152089,6327,158416,1839
2020-12-28,Placer,061,380077,14761,13234,578,13812,126
2020-12-28,Plumas,063,18699,476,391,8,399,0
2020-12-28,Riverside,065,2383286,190062,174029,8409,182438,1855
2020-12-28,Sacramento,067,1510023,66665,64322,612,64934,813
2020-12-28,San Benito,069,59416,3710,3429,29,3458,24
2020-12-28,San Bernardino,071,2135413,204590,188919,5513,194432,1552
2020-12-28,San Diego,073,3302833,164208,147528,7391,154919,1404
2020-12-28,San Francisco,075,870044,24052,22726,213,22939,178
2020-12-28,San Joaquin,077,732212,46714,44172,1594,45766,618
2020-12-28,San Luis Obispo,079,281455,11488,10260,250,10510,76
2020-12-28,San Mateo,081,765935,25996,23467,107,23574,189
2020-12-28,Santa Barbara,083,443738,18073,16579,497,17076,155
2020-12-28,Santa Clara,085,1922200,72984,66418,294,66712,619
2020-12-28,Santa Cruz,087,273765,9615,8310,345,8655,81
2020-12-28,Shasta,089,179085,8289,7688,712,8400,65
2020-12-28,Sierra,091,2930,32,24,4,28,0
2020-12-28,Siskiyou,093,43540,1027,915,102,1017,3
2020-12-28,Solano,095,438530,19645,18171,196,18367,96
2020-12-28,Sonoma,097,501317,19588,18667,106,18773,185
2020-12-28,Stanislaus,099,539301,35522,33473,3196,36669,507
2020-12-28,Sutter,101,95872,6571,6253,45,6298,49
2020-12-28,Tehama,103,63373,3128,2934,294,3228,9
2020-12-28,Trinity,105,12862,421,240,57,297,2
2020-12-28,Tulare,107,460477,34702,32010,3703,35713,404
2020-12-28,Tuolumne,109,53932,2899,2777,15,2792,12
2020-12-28,Ventura,111,848112,41610,37151,1640,38791,230
2020-12-28,Yolo,113,214977,8774,8031,63,8094,111
2020-12-28,Yuba,115,75493,3914,3679,37,3716,18
2020-12-27,Alameda,001,1643700,52550,49764,907,50671,551
2020-12-27,Alpine,003,1148,66,65,0,65,0
2020-12-27,Amador,005,37829,2452,2218,18,2236,23
2020-12-27,Butte,007,227075,7666,7016,858,7874,86
2020-12-27,Calaveras,009,45235,1109,1097,2,1099,21
2020-12-27,Colusa,011,21464,1300,1253,71,1324,7
2020-12-27,Contra Costa,013,1133247,40656,38428,543,38971,324
2020-12-27,Del Norte,015,27424,753,712,2,714,2
2020-12-27,El Dorado,017,186661,6131,5388,292,5680,18
2020-12-27,Fresno,019,978130,68350,63811,4361,68172,679
2020-12-27,Glenn,021,27897,1562,1434,246,1680,9
2020-12-27,Humboldt,023,135768,1767,1575,7,1582,17
2020-12-27,Imperial,025,180216,22871,21934,1193,23127,405
2020-12-27,Inyo,027,18085,681,565,7,572,18
2020-12-27,Kern,029,883053,66139,61914,4808,66722,568
2020-12-27,Kings,031,150075,16374,15593,486,16079,108
2020-12-27,Lake,033,64148,1930,1769,0,1769,22
2020-12-27,Lassen,035,31185,4371,4230,44,4274,1
2020-12-27,Los Angeles,037,10098052,766788,707260,20381,727641,9476
2020-12-27,Madera,039,155013,10753,10005,421,10426,64
2020-12-27,Marin,041,260295,9816,9477,72,9549,144
2020-12-27,Mariposa,043,17540,231,208,2,210,3
2020-12-27,Mendocino,045,87422,2442,2209,20,2229,23
2020-12-27,Merced,047,269075,18866,18075,319,18394,213
2020-12-27,Modoc,049,8938,249,221,70,291,0
2020-12-27,Mono,051,14174,879,849,11,860,3
2020-12-27,Monterey,053,433212,27540,26322,670,26992,181
2020-12-27,Napa,055,140530,5899,5496,25,5521,26
2020-12-27,Nevada,057,99092,2739,2519,88,2607,15
2020-12-27,Orange,059,3164182,162031,149276,6139,155415,1839
2020-12-27,Placer,061,380077,14466,13017,546,13563,126
2020-12-27,Plumas,063,18699,470,390,8,398,0
2020-12-27,Riverside,065,2383286,185146,171995,8109,180104,1836
2020-12-27,Sacramento,067,1510023,65455,63416,590,64006,811
2020-12-27,San Benito,069,59416,3625,3394,29,3423,24
2020-12-27,San Bernardino,071,2135413,199496,186776,5376,192152,1551
2020-12-27,San Diego,073,3302833,159801,145777,7204,152981,1402
2020-12-27,San Francisco,075,870044,23697,22514,205,22719,178
2020-12-27,San Joaquin,077,732212,45664,43529,1545,45074,618
2020-12-27,San Luis Obispo,079,281455,11080,10154,245,10399,76
2020-12-27,San Mateo,081,765935,25432,23136,104,23240,187
2020-12-27,Santa Barbara,083,443738,17544,16364,470,16834,155
2020-12-27,Santa Clara,085,1922200,71286,65288,288,65576,619
2020-12-27,Santa Cruz,087,273765,9357,8234,337,8571,81
2020-12-27,Shasta,089,179085,8162,7671,690,8361,65
2020-12-27,Sierra,091,2930,32,24,3,27,0
2020-12-27,Siskiyou,093,43540,1017,914,97,1011,3
2020-12-27,Solano,095,438530,19163,17840,191,18031,96
2020-12-27,Sonoma,097,501317,19297,18487,105,18592,185
2020-12-27,Stanislaus,099,539301,34910,33076,3113,36189,506
2020-12-27,Sutter,101,95872,6490,6218,43,6261,48
2020-12-27,Tehama,103,63373,3056,2922,278,3200,9
2020-12-27,Trinity,105,12862,414,240,55,295,2
2020-12-27,Tulare,107,460477,34100,31864,3585,35449,400
2020-12-27,Tuolumne,109,53932,2793,2750,13,2763,12
2020-12-27,Ventura,111,848112,40547,36661,1589,38250,230
2020-12-27,Yolo,113,214977,8585,7919,59,7978,111
2020-12-27,Yuba,115,75493,3851,3665,35,3700,18
2020-12-26,Alameda,001,1643700,51928,49084,894,49978,551
2020-12-26,Alpine,003,1148,66,65,0,65,0
2020-12-26,Amador,005,37829,2438,2189,18,2207,23
2020-12-26,Butte,007,227075,7571,6968,834,7802,86
2020-12-26,Calaveras,009,45235,1103,1084,2,1086,21
2020-12-26,Colusa,011,21464,1290,1240,71,1311,7
2020-12-26,Contra Costa,013,1133247,40177,38008,526,38534,324
2020-12-26,Del Norte,015,27424,748,709,2,711,2
2020-12-26,El Dorado,017,186661,6076,5279,288,5567,18
2020-12-26,Fresno,019,978130,67880,63080,4298,67378,679
2020-12-26,Glenn,021,27897,1541,1413,241,1654,9
2020-12-26,Humboldt,023,135768,1729,1545,7,1552,17
2020-12-26,Imperial,025,180216,22776,21734,1140,22874,405
2020-12-26,Inyo,027,18085,666,554,7,561,18
2020-12-26,Kern,029,883053,65468,61174,4661,65835,564
2020-12-26,Kings,031,150075,16256,15517,482,15999,108
2020-12-26,Lake,033,64148,1890,1710,0,1710,22
2020-12-26,Lassen,035,31185,4350,3981,44,4025,1
2020-12-26,Los Angeles,037,10098052,758216,694149,19889,714038,9424
2020-12-26,Madera,039,155013,10677,9908,409,10317,64
2020-12-26,Marin,041,260295,9776,9413,69,9482,143
2020-12-26,Mariposa,043,17540,230,206,2,208,3
2020-12-26,Mendocino,045,87422,2396,2194,20,2214,23
2020-12-26,Merced,047,269075,18707,17890,314,18204,213
2020-12-26,Modoc,049,8938,246,222,70,292,0
2020-12-26,Mono,051,14174,873,850,11,861,3
2020-12-26,Monterey,053,433212,27402,26010,661,26671,182
2020-12-26,Napa,055,140530,5841,5427,25,5452,26
2020-12-26,Nevada,057,99092,2711,2480,88,2568,15
2020-12-26,Orange,059,3164182,159814,147304,6048,153352,1838
2020-12-26,Placer,061,380077,14294,12816,531,13347,122
2020-12-26,Plumas,063,18699,467,381,8,389,0
2020-12-26,Riverside,065,2383286,182660,169360,7951,177311,1834
2020-12-26,Sacramento,067,1510023,64830,62435,580,63015,807
2020-12-26,San Benito,069,59416,3552,3330,29,3359,24
2020-12-26,San Bernardino,071,2135413,197818,185111,5294,190405,1551
2020-12-26,San Diego,073,3302833,157276,142644,7057,149701,1402
2020-12-26,San Francisco,075,870044,23456,22319,205,22524,177
2020-12-26,San Joaquin,077,732212,45277,42887,1499,44386,618
2020-12-26,San Luis Obispo,079,281455,10993,9945,240,10185,76
2020-12-26,San Mateo,081,765935,25094,22908,99,23007,187
2020-12-26,Santa Barbara,083,443738,17305,16159,464,16623,155
2020-12-26,Santa Clara,085,1922200,70172,64185,286,64471,618
2020-12-26,Santa Cruz,087,273765,9226,8113,328,8441,81
2020-12-26,Shasta,089,179085,8102,7641,678,8319,65
2020-12-26,Sierra,091,2930,32,24,3,27,0
2020-12-26,Siskiyou,093,43540,1010,909,94,1003,2
2020-12-26,Solano,095,438530,18922,17528,191,17719,96
2020-12-26,Sonoma,097,501317,19094,18261,103,18364,184
2020-12-26,Stanislaus,099,539301,34611,32678,3060,35738,505
2020-12-26,Sutter,101,95872,6432,6121,43,6164,48
2020-12-26,Tehama,103,63373,3027,2884,272,3156,9
2020-12-26,Trinity,105,12862,412,237,54,291,2
2020-12-26,Tulare,107,460477,33790,31665,3522,35187,398
2020-12-26,Tuolumne,109,53932,2782,2703,13,2716,12
2020-12-26,Ventura,111,848112,39582,36064,1559,37623,230
2020-12-26,Yolo,113,214977,8483,7785,57,7842,111
2020-12-26,Yuba,115,75493,3819,3599,35,3634,18
2020-12-25,Alameda,001,1643700,51355,48365,879,49244,542
2020-12-25,Alpine,003,1148,66,64,0,64,0
2020-12-25,Amador,005,37829,2395,2172,18,2190,23
2020-12-25,Butte,007,227075,7472,6873,816,7689,85
2020-12-25,Calaveras,009,45235,1100,1062,2,1064,21
2020-12-25,Colusa,011,21464,1277,1219,70,1289,7
2020-12-25,Contra Costa,013,1133247,39691,37480,502,37982,324
2020-12-25,Del Norte,015,27424,746,692,2,694,2
2020-12-25,El Dorado,017,186661,6011,5170,275,5445,16
2020-12-25,Fresno,019,978130,67016,62251,4217,66468,679
2020-12-25,Glenn,021,27897,1525,1390,234,1624,9
2020-12-25,Humboldt,023,135768,1689,1532,7,1539,16
2020-12-25,Imperial,025,180216,22674,21646,1128,22774,405
2020-12-25,Inyo,027,18085,656,546,7,553,18
2020-12-25,Kern,029,883053,64737,60417,4515,64932,562
2020-12-25,Kings,031,150075,16145,15460,478,15938,108
2020-12-25,Lake,033,64148,1871,1669,0,1669,20
2020-12-25,Lassen,035,31185,4335,3926,44,3970,1
2020-12-25,Los Angeles,037,10098052,744545,665600,19231,684831,9292
2020-12-25,Madera,039,155013,10513,9770,403,10173,64
2020-12-25,Marin,041,260295,9723,9375,67,9442,143
2020-12-25,Mariposa,043,17540,224,203,2,205,3
2020-12-25,Mendocino,045,87422,2353,2176,20,2196,23
2020-12-25,Merced,047,269075,18546,17726,306,18032,213
2020-12-25,Modoc,049,8938,245,221,70,291,0
2020-12-25,Mono,051,14174,871,843,11,854,3
2020-12-25,Monterey,053,433212,27125,25788,652,26440,182
2020-12-25,Napa,055,140530,5764,5351,25,5376,26
2020-12-25,Nevada,057,99092,2685,2458,86,2544,15
2020-12-25,Orange,059,3164182,157123,144542,5857,150399,1814
2020-12-25,Placer,061,380077,14109,12660,509,13169,122
2020-12-25,Plumas,063,18699,460,381,8,389,0
2020-12-25,Riverside,065,2383286,179378,166690,7640,174330,1825
2020-12-25,Sacramento,067,1510023,64139,61630,555,62185,796
2020-12-25,San Benito,069,59416,3511,3281,27,3308,24
2020-12-25,San Bernardino,071,2135413,195214,181812,5179,186991,1546
2020-12-25,San Diego,073,3302833,154796,139958,6879,146837,1402
2020-12-25,San Francisco,075,870044,23174,22130,200,22330,175
2020-12-25,San Joaquin,077,732212,44977,42089,1446,43535,614
2020-12-25,San Luis Obispo,079,281455,10810,9749,233,9982,76
2020-12-25,San Mateo,081,765935,24772,22568,97,22665,187
2020-12-25,Santa Barbara,083,443738,17081,15936,457,16393,155
2020-12-25,Santa Clara,085,1922200,69036,63173,277,63450,612
2020-12-25,Santa Cruz,087,273765,9076,8018,307,8325,81
2020-12-25,Shasta,089,179085,8028,7612,655,8267,65
2020-12-25,Sierra,091,2930,32,24,3,27,0
2020-12-25,Siskiyou,093,43540,1004,905,92,997,2
2020-12-25,Solano,095,438530,18743,17280,189,17469,96
2020-12-25,Sonoma,097,501317,18919,18035,101,18136,184
2020-12-25,Stanislaus,099,539301,34329,32290,3005,35295,498
2020-12-25,Sutter,101,95872,6373,6051,42,6093,47
2020-12-25,Tehama,103,63373,2979,2839,259,3098,9
2020-12-25,Trinity,105,12862,408,236,54,290,2
2020-12-25,Tulare,107,460477,33380,31323,3454,34777,398
2020-12-25,Tuolumne,109,53932,2763,2674,13,2687,12
2020-12-25,Ventura,111,848112,38426,35514,1511,37025,230
2020-12-25,Yolo,113,214977,8391,7700,55,7755,111
2020-12-25,Yuba,115,75493,3779,3549,34,3583,17
2020-12-24,Alameda,001,1643700,50999,47527,861,48388,541
2020-12-24,Alpine,003,1148,66,64,0,64,0
2020-12-24,Amador,005,37829,2382,2145,18,2163,23
2020-12-24,Butte,007,227075,7434,6716,800,7516,84
2020-12-24,Calaveras,009,45235,1097,1032,2,1034,21
2020-12-24,Colusa,011,21464,1272,1188,68,1256,7
2020-12-24,Contra Costa,013,1133247,39440,36623,489,37112,311
2020-12-24,Del Norte,015,27424,745,678,2,680,2
2020-12-24,El Dorado,017,186661,5985,5042,267,5309,16
2020-12-24,Fresno,019,978130,66794,61435,4203,65638,663
2020-12-24,Glenn,021,27897,1514,1363,226,1589,9
2020-12-24,Humboldt,023,135768,1666,1516,7,1523,16
2020-12-24,Imperial,025,180216,22611,21545,1118,22663,402
2020-12-24,Inyo,027,18085,654,532,7,539,17
2020-12-24,Kern,029,883053,64450,59601,4502,64103,556
2020-12-24,Kings,031,150075,16105,15211,477,15688,108
2020-12-24,Lake,033,64148,1849,1629,0,1629,20
2020-12-24,Lassen,035,31185,4322,3894,44,3938,1
2020-12-24,Los Angeles,037,10098052,740355,664840,18985,683825,9288
2020-12-24,Madera,039,155013,10464,9547,395,9942,63
2020-12-24,Marin,041,260295,9684,9287,67,9354,143
2020-12-24,Mariposa,043,17540,220,197,2,199,3
2020-12-24,Mendocino,045,87422,2342,2150,20,2170,23
2020-12-24,Merced,047,269075,18476,17485,302,17787,212
2020-12-24,Modoc,049,8938,245,220,69,289,0
2020-12-24,Mono,051,14174,869,817,11,828,3
2020-12-24,Monterey,053,433212,27012,25131,645,25776,180
2020-12-24,Napa,055,140530,5709,5265,25,5290,26
2020-12-24,Nevada,057,99092,2661,2429,86,2515,15
2020-12-24,Orange,059,3164182,155636,141205,5806,147011,1775
2020-12-24,Placer,061,380077,14019,12457,502,12959,121
2020-12-24,Plumas,063,18699,457,376,8,384,0
2020-12-24,Riverside,065,2383286,178441,162435,7600,170035,1816
2020-12-24,Sacramento,067,1510023,63864,60596,553,61149,788
2020-12-24,San Benito,069,59416,3480,3183,27,3210,24
2020-12-24,San Bernardino,071,2135413,194129,176866,5146,182012,1533
2020-12-24,San Diego,073,3302833,153712,136952,6847,143799,1382
2020-12-24,San Francisco,075,870044,23002,21830,197,22027,175
2020-12-24,San Joaquin,077,732212,44810,41324,1428,42752,611
2020-12-24,San Luis Obispo,079,281455,10741,9504,231,9735,77
2020-12-24,San Mateo,081,765935,24577,22093,97,22190,186
2020-12-24,Santa Barbara,083,443738,16976,15644,449,16093,153
2020-12-24,Santa Clara,085,1922200,68347,61742,270,62012,591
2020-12-24,Santa Cruz,087,273765,8997,7856,295,8151,82
2020-12-24,Shasta,089,179085,7987,7540,638,8178,65
2020-12-24,Sierra,091,2930,29,23,1,24,0
2020-12-24,Siskiyou,093,43540,999,900,86,986,2
2020-12-24,Solano,095,438530,18602,16872,184,17056,96
2020-12-24,Sonoma,097,501317,18818,17710,101,17811,183
2020-12-24,Stanislaus,099,539301,34127,31848,2978,34826,498
2020-12-24,Sutter,101,95872,6332,5960,41,6001,47
2020-12-24,Tehama,103,63373,2961,2779,257,3036,9
2020-12-24,Trinity,105,12862,407,235,54,289,2
2020-12-24,Tulare,107,460477,33232,30827,3428,34255,390
2020-12-24,Tuolumne,109,53932,2755,2653,13,2666,12
2020-12-24,Ventura,111,848112,38146,34400,1504,35904,224
2020-12-24,Yolo,113,214977,8349,7566,54,7620,113
2020-12-24,Yuba,115,75493,3748,3483,34,3517,16
2020-12-23,Alameda,001,1643700,50421,46753,834,47587,537
2020-12-23,Alpine,003,1148,66,64,0,64,0
2020-12-23,Amador,005,37829,2313,2108,17,2125,23
2020-12-23,Butte,007,227075,7345,6588,773,7361,84
2020-12-23,Calaveras,009,45235,1089,1002,1,1003,21
2020-12-23,Colusa,011,21464,1261,1167,67,1234,7
2020-12-23,Contra Costa,013,1133247,39043,36190,475,36665,311
2020-12-23,Del Norte,015,27424,737,670,2,672,2
2020-12-23,El Dorado,017,186661,5910,4967,259,5226,14
2020-12-23,Fresno,019,978130,66184,60488,4138,64626,654
2020-12-23,Glenn,021,27897,1500,1349,222,1571,9
2020-12-23,Humboldt,023,135768,1641,1458,7,1465,16
2020-12-23,Imperial,025,180216,22516,21323,1089,22412,399
2020-12-23,Inyo,027,18085,641,517,7,524,17
2020-12-23,Kern,029,883053,63932,58656,4411,63067,549
2020-12-23,Kings,031,150075,16028,14923,474,15397,105
2020-12-23,Lake,033,64148,1832,1595,0,1595,20
2020-12-23,Lassen,035,31185,4312,3865,41,3906,1
2020-12-23,Los Angeles,037,10098052,731284,651958,18465,670423,9146
2020-12-23,Madera,039,155013,10307,9371,380,9751,63
2020-12-23,Marin,041,260295,9625,9199,64,9263,142
2020-12-23,Mariposa,043,17540,218,194,2,196,3
2020-12-23,Mendocino,045,87422,2330,2121,20,2141,23
2020-12-23,Merced,047,269075,18320,17250,294,17544,203
2020-12-23,Modoc,049,8938,241,197,68,265,0
2020-12-23,Mono,051,14174,866,814,11,825,3
2020-12-23,Monterey,053,433212,26712,24856,640,25496,176
2020-12-23,Napa,055,140530,5641,5172,25,5197,25
2020-12-23,Nevada,057,99092,2616,2406,85,2491,15
2020-12-23,Orange,059,3164182,153182,138050,5645,143695,1771
2020-12-23,Placer,061,380077,13809,12213,494,12707,111
2020-12-23,Plumas,063,18699,450,369,8,377,0
2020-12-23,Riverside,065,2383286,176169,158110,7446,165556,1790
2020-12-23,Sacramento,067,1510023,63215,59661,540,60201,779
2020-12-23,San Benito,069,59416,3426,3073,25,3098,24
2020-12-23,San Bernardino,071,2135413,192063,172888,5078,177966,1509
2020-12-23,San Diego,073,3302833,151286,134695,6710,141405,1350
2020-12-23,San Francisco,075,870044,22781,21498,194,21692,174
2020-12-23,San Joaquin,077,732212,44283,35664,1386,37050,602
2020-12-23,San Luis Obispo,079,281455,10599,9267,226,9493,74
2020-12-23,San Mateo,081,765935,24275,21780,95,21875,186
2020-12-23,Santa Barbara,083,443738,16768,15399,424,15823,152
2020-12-23,Santa Clara,085,1922200,67400,60455,265,60720,579
2020-12-23,Santa Cruz,087,273765,8838,7637,277,7914,75
2020-12-23,Shasta,089,179085,7915,7487,632,8119,66
2020-12-23,Sierra,091,2930,27,23,1,24,0
2020-12-23,Siskiyou,093,43540,978,891,85,976,2
2020-12-23,Solano,095,438530,18389,16626,179,16805,95
2020-12-23,Sonoma,097,501317,18614,17397,101,17498,182
2020-12-23,Stanislaus,099,539301,33775,31492,2926,34418,499
2020-12-23,Sutter,101,95872,6265,5871,41,5912,46
2020-12-23,Tehama,103,63373,2943,2737,250,2987,9
2020-12-23,Trinity,105,12862,407,234,53,287,2
2020-12-23,Tulare,107,460477,32920,30315,3388,33703,385
2020-12-23,Tuolumne,109,53932,2716,2540,13,2553,12
2020-12-23,Ventura,111,848112,37749,33377,1475,34852,216
2020-12-23,Yolo,113,214977,8270,7508,54,7562,112
2020-12-23,Yuba,115,75493,3688,3438,34,3472,14
2020-12-22,Alameda,001,1643700,49534,45751,804,46555,534
2020-12-22,Alpine,003,1148,66,64,0,64,0
2020-12-22,Amador,005,37829,2302,1839,17,1856,23
2020-12-22,Butte,007,227075,7216,6467,759,7226,85
2020-12-22,Calaveras,009,45235,1062,988,0,988,21
2020-12-22,Colusa,011,21464,1238,1150,64,1214,7
2020-12-22,Contra Costa,013,1133247,38419,35681,461,36142,301
2020-12-22,Del Norte,015,27424,727,666,2,668,2
2020-12-22,El Dorado,017,186661,5787,4885,247,5132,12
2020-12-22,Fresno,019,978130,65152,59640,4036,63676,640
2020-12-22,Glenn,021,27897,1477,1337,211,1548,9
2020-12-22,Humboldt,023,135768,1608,1440,7,1447,16
2020-12-22,Imperial,025,180216,22326,21128,1048,22176,398
2020-12-22,Inyo,027,18085,620,506,7,513,17
2020-12-22,Kern,029,883053,62979,57816,4276,62092,547
2020-12-22,Kings,031,150075,15886,14855,468,15323,102
2020-12-22,Lake,033,64148,1808,1569,0,1569,20
2020-12-22,Lassen,035,31185,4170,3848,39,3887,1
2020-12-22,Los Angeles,037,10098052,714010,635931,17804,653735,9013
2020-12-22,Madera,039,155013,10193,9187,365,9552,63
2020-12-22,Marin,041,260295,9559,9115,63,9178,142
2020-12-22,Mariposa,043,17540,215,194,2,196,3
2020-12-22,Mendocino,045,87422,2297,2092,19,2111,23
2020-12-22,Merced,047,269075,18074,17012,289,17301,201
2020-12-22,Modoc,049,8938,233,182,67,249,0
2020-12-22,Mono,051,14174,860,786,11,797,3
2020-12-22,Monterey,053,433212,26041,24152,619,24771,176
2020-12-22,Napa,055,140530,5552,5059,25,5084,23
2020-12-22,Nevada,057,99092,2588,2367,84,2451,14
2020-12-22,Orange,059,3164182,149847,134850,5477,140327,1774
2020-12-22,Placer,061,380077,13565,11943,474,12417,105
2020-12-22,Plumas,063,18699,444,360,8,368,0
2020-12-22,Riverside,065,2383286,172360,155059,7180,162239,1777
2020-12-22,Sacramento,067,1510023,62287,57966,521,58487,772
2020-12-22,San Benito,069,59416,3348,2998,25,3023,24
2020-12-22,San Bernardino,071,2135413,187457,169266,4934,174200,1500
2020-12-22,San Diego,073,3302833,147927,132097,6548,138645,1311
2020-12-22,San Francisco,075,870044,22509,21232,190,21422,174
2020-12-22,San Joaquin,077,732212,43520,39423,1338,40761,592
2020-12-22,San Luis Obispo,079,281455,10253,9174,221,9395,69
2020-12-22,San Mateo,081,765935,23949,21382,79,21461,186
2020-12-22,Santa Barbara,083,443738,16502,15189,414,15603,150
2020-12-22,Santa Clara,085,1922200,66223,59192,258,59450,569
2020-12-22,Santa Cruz,087,273765,8655,7471,251,7722,72
2020-12-22,Shasta,089,179085,7836,7371,615,7986,64
2020-12-22,Sierra,091,2930,27,23,0,23,0
2020-12-22,Siskiyou,093,43540,972,880,84,964,2
2020-12-22,Solano,095,438530,17985,16229,176,16405,95
2020-12-22,Sonoma,097,501317,18293,17216,101,17317,180
2020-12-22,Stanislaus,099,539301,33391,30914,2852,33766,499
2020-12-22,Sutter,101,95872,6206,5791,40,5831,46
2020-12-22,Tehama,103,63373,2894,2688,244,2932,9
2020-12-22,Trinity,105,12862,406,231,53,284,2
2020-12-22,Tulare,107,460477,32454,30025,3324,33349,377
2020-12-22,Tuolumne,109,53932,2665,2526,13,2539,12
2020-12-22,Ventura,111,848112,36983,32488,1432,33920,213
2020-12-22,Yolo,113,214977,8158,7388,53,7441,113
2020-12-22,Yuba,115,75493,3640,3379,34,3413,14
2020-12-21,Alameda,001,1643700,48635,44756,778,45534,518
2020-12-21,Alpine,003,1148,65,64,0,64,0
2020-12-21,Amador,005,37829,2225,1815,17,1832,23
2020-12-21,Butte,007,227075,7061,6335,736,7071,81
2020-12-21,Calaveras,009,45235,1032,963,0,963,21
2020-12-21,Colusa,011,21464,1211,1135,59,1194,7
2020-12-21,Contra Costa,013,1133247,37670,35207,425,35632,300
2020-12-21,Del Norte,015,27424,712,660,2,662,2
2020-12-21,El Dorado,017,186661,5641,4805,235,5040,10
2020-12-21,Fresno,019,978130,64002,58568,3894,62462,634
2020-12-21,Glenn,021,27897,1445,1323,203,1526,9
2020-12-21,Humboldt,023,135768,1585,1419,7,1426,16
2020-12-21,Imperial,025,180216,22062,20994,1006,22000,395
2020-12-21,Inyo,027,18085,600,482,7,489,17
2020-12-21,Kern,029,883053,62090,56836,4142,60978,541
2020-12-21,Kings,031,150075,15636,14760,453,15213,100
2020-12-21,Lake,033,64148,1760,1538,0,1538,20
2020-12-21,Lassen,035,31185,4010,3798,37,3835,1
2020-12-21,Los Angeles,037,10098052,694906,624129,17140,641269,8918
2020-12-21,Madera,039,155013,10004,9069,344,9413,63
2020-12-21,Marin,041,260295,9489,9035,63,9098,142
2020-12-21,Mariposa,043,17540,210,186,2,188,3
2020-12-21,Mendocino,045,87422,2266,2066,19,2085,23
2020-12-21,Merced,047,269075,17824,16710,274,16984,198
2020-12-21,Modoc,049,8938,219,181,66,247,0
2020-12-21,Mono,051,14174,848,781,11,792,3
2020-12-21,Monterey,053,433212,25509,23673,605,24278,174
2020-12-21,Napa,055,140530,5466,4952,25,4977,23
2020-12-21,Nevada,057,99092,2555,2337,84,2421,13
2020-12-21,Orange,059,3164182,146442,130444,5325,135769,1772
2020-12-21,Placer,061,380077,13333,11715,455,12170,105
2020-12-21,Plumas,063,18699,440,353,8,361,0
2020-12-21,Riverside,065,2383286,168138,151713,6861,158574,1743
2020-12-21,Sacramento,067,1510023,61270,57064,504,57568,759
2020-12-21,San Benito,069,59416,3279,2921,25,2946,22
2020-12-21,San Bernardino,071,2135413,182647,165086,4768,169854,1476
2020-12-21,San Diego,073,3302833,144476,129716,6384,136100,1284
2020-12-21,San Francisco,075,870044,22217,21086,188,21274,174
2020-12-21,San Joaquin,077,732212,42722,38811,1288,40099,586
2020-12-21,San Luis Obispo,079,281455,10064,9006,216,9222,64
2020-12-21,San Mateo,081,765935,23545,21035,76,21111,185
2020-12-21,Santa Barbara,083,443738,16228,14988,409,15397,149
2020-12-21,Santa Clara,085,1922200,65031,57699,246,57945,570
2020-12-21,Santa Cruz,087,273765,8448,7315,238,7553,69
2020-12-21,Shasta,089,179085,7771,7299,605,7904,64
2020-12-21,Sierra,091,2930,24,23,0,23,0
2020-12-21,Siskiyou,093,43540,965,878,83,961,2
2020-12-21,Solano,095,438530,17526,15878,171,16049,95
2020-12-21,Sonoma,097,501317,18020,17075,98,17173,176
2020-12-21,Stanislaus,099,539301,32934,30437,2776,33213,499
2020-12-21,Sutter,101,95872,6111,5708,40,5748,46
2020-12-21,Tehama,103,63373,2829,2656,235,2891,9
2020-12-21,Trinity,105,12862,404,226,51,277,2
2020-12-21,Tulare,107,460477,31968,29482,3233,32715,373
2020-12-21,Tuolumne,109,53932,2640,2423,11,2434,12
2020-12-21,Ventura,111,848112,35903,31759,1395,33154,212
2020-12-21,Yolo,113,214977,8019,7266,49,7315,109
2020-12-21,Yuba,115,75493,3582,3329,34,3363,14
2020-12-20,Alameda,001,1643700,47755,44004,757,44761,516
2020-12-20,Alpine,003,1148,65,64,0,64,0
2020-12-20,Amador,005,37829,2167,1771,17,1788,23
2020-12-20,Butte,007,227075,6914,6228,700,6928,81
2020-12-20,Calaveras,009,45235,1008,926,0,926,21
2020-12-20,Colusa,011,21464,1183,1121,53,1174,7
2020-12-20,Contra Costa,013,1133247,37069,34798,407,35205,301
2020-12-20,Del Norte,015,27424,690,652,2,654,2
2020-12-20,El Dorado,017,186661,5517,4697,226,4923,10
2020-12-20,Fresno,019,978130,63011,57616,3759,61375,634
2020-12-20,Glenn,021,27897,1436,1295,196,1491,9
2020-12-20,Humboldt,023,135768,1548,1386,6,1392,15
2020-12-20,Imperial,025,180216,21822,20882,904,21786,395
2020-12-20,Inyo,027,18085,584,476,7,483,17
2020-12-20,Kern,029,883053,60992,55983,3988,59971,540
2020-12-20,Kings,031,150075,15416,14629,437,15066,100
2020-12-20,Lake,033,64148,1717,1463,0,1463,20
2020-12-20,Lassen,035,31185,3956,3669,35,3704,1
2020-12-20,Los Angeles,037,10098052,676797,612975,16421,629396,8862
2020-12-20,Madera,039,155013,9795,8871,337,9208,63
2020-12-20,Marin,041,260295,9387,8948,60,9008,142
2020-12-20,Mariposa,043,17540,209,179,2,181,3
2020-12-20,Mendocino,045,87422,2241,2033,19,2052,23
2020-12-20,Merced,047,269075,17507,16435,267,16702,198
2020-12-20,Modoc,049,8938,219,181,64,245,0
2020-12-20,Mono,051,14174,830,774,11,785,3
2020-12-20,Monterey,053,433212,25026,23250,567,23817,173
2020-12-20,Napa,055,140530,5345,4865,23,4888,23
2020-12-20,Nevada,057,99092,2509,2289,78,2367,13
2020-12-20,Orange,059,3164182,142949,128780,5177,133957,1763
2020-12-20,Placer,061,380077,13108,11496,437,11933,105
2020-12-20,Plumas,063,18699,432,347,8,355,0
2020-12-20,Riverside,065,2383286,163931,148714,6574,155288,1742
2020-12-20,Sacramento,067,1510023,60271,56017,484,56501,755
2020-12-20,San Benito,069,59416,3207,2885,24,2909,21
2020-12-20,San Bernardino,071,2135413,177642,162810,4611,167421,1458
2020-12-20,San Diego,073,3302833,140758,126465,6214,132679,1280
2020-12-20,San Francisco,075,870044,21900,20937,185,21122,174
2020-12-20,San Joaquin,077,732212,41873,38268,1228,39496,587
2020-12-20,San Luis Obispo,079,281455,9773,8881,210,9091,63
2020-12-20,San Mateo,081,765935,23111,20764,72,20836,185
2020-12-20,Santa Barbara,083,443738,15906,14817,391,15208,148
2020-12-20,Santa Clara,085,1922200,63633,56860,240,57100,566
2020-12-20,Santa Cruz,087,273765,8238,7178,225,7403,69
2020-12-20,Shasta,089,179085,7657,7256,591,7847,64
2020-12-20,Sierra,091,2930,24,22,0,22,0
2020-12-20,Siskiyou,093,43540,956,870,82,952,2
2020-12-20,Solano,095,438530,17143,15533,160,15693,95
2020-12-20,Sonoma,097,501317,17744,16802,97,16899,175
2020-12-20,Stanislaus,099,539301,32404,29995,2676,32671,498
2020-12-20,Sutter,101,95872,6024,5601,40,5641,43
2020-12-20,Tehama,103,63373,2781,2602,216,2818,9
2020-12-20,Trinity,105,12862,396,221,50,271,2
2020-12-20,Tulare,107,460477,31451,29078,3141,32219,373
2020-12-20,Tuolumne,109,53932,2532,2152,10,2162,12
2020-12-20,Ventura,111,848112,35202,31335,1363,32698,210
2020-12-20,Yolo,113,214977,7866,7121,46,7167,109
2020-12-20,Yuba,115,75493,3532,3254,32,3286,12
2020-12-19,Alameda,001,1643700,47307,43109,750,43859,516
2020-12-19,Alpine,003,1148,65,64,0,64,0
2020-12-19,Amador,005,37829,2143,1754,17,1771,23
2020-12-19,Butte,007,227075,6814,6118,678,6796,81
2020-12-19,Calaveras,009,45235,991,900,0,900,21
2020-12-19,Colusa,011,21464,1175,1096,50,1146,7
2020-12-19,Contra Costa,013,1133247,36741,34321,393,34714,301
2020-12-19,Del Norte,015,27424,688,641,1,642,2
2020-12-19,El Dorado,017,186661,5450,4588,218,4806,10
2020-12-19,Fresno,019,978130,62686,55428,3693,59121,634
2020-12-19,Glenn,021,27897,1401,1286,195,1481,9
2020-12-19,Humboldt,023,135768,1531,1357,6,1363,15
2020-12-19,Imperial,025,180216,21728,20711,858,21569,395
2020-12-19,Inyo,027,18085,577,475,7,482,17
2020-12-19,Kern,029,883053,60508,55118,3882,59000,540
2020-12-19,Kings,031,150075,15337,14474,435,14909,100
2020-12-19,Lake,033,64148,1677,1438,0,1438,20
2020-12-19,Lassen,035,31185,3928,3595,35,3630,1
2020-12-19,Los Angeles,037,10098052,669675,599888,15897,615785,8804
2020-12-19,Madera,039,155013,9694,8717,325,9042,63
2020-12-19,Marin,041,260295,9347,8864,60,8924,142
2020-12-19,Mariposa,043,17540,207,177,2,179,3
2020-12-19,Mendocino,045,87422,2216,2008,19,2027,23
2020-12-19,Merced,047,269075,17368,16230,259,16489,198
2020-12-19,Modoc,049,8938,216,181,64,245,0
2020-12-19,Mono,051,14174,823,766,11,777,3
2020-12-19,Monterey,053,433212,24912,22799,562,23361,172
2020-12-19,Napa,055,140530,5283,4772,23,4795,23
2020-12-19,Nevada,057,99092,2487,2260,78,2338,13
2020-12-19,Orange,059,3164182,141022,125574,5029,130603,1733
2020-12-19,Placer,061,380077,12953,11246,431,11677,105
2020-12-19,Plumas,063,18699,429,343,8,351,0
2020-12-19,Riverside,065,2383286,161944,146703,6343,153046,1737
2020-12-19,Sacramento,067,1510023,59737,55169,470,55639,746
2020-12-19,San Benito,069,59416,3160,2820,23,2843,21
2020-12-19,San Bernardino,071,2135413,176059,159883,4503,164386,1433
2020-12-19,San Diego,073,3302833,138991,122972,6075,129047,1280
2020-12-19,San Francisco,075,870044,21745,20643,185,20828,174
2020-12-19,San Joaquin,077,732212,41469,37340,1180,38520,586
2020-12-19,San Luis Obispo,079,281455,9702,8788,207,8995,63
2020-12-19,San Mateo,081,765935,22902,20393,65,20458,182
2020-12-19,Santa Barbara,083,443738,15750,14667,385,15052,148
2020-12-19,Santa Clara,085,1922200,62783,55540,236,55776,558
2020-12-19,Santa Cruz,087,273765,8132,7054,221,7275,68
2020-12-19,Shasta,089,179085,7605,7221,579,7800,63
2020-12-19,Sierra,091,2930,24,23,0,23,0
2020-12-19,Siskiyou,093,43540,952,853,81,934,2
2020-12-19,Solano,095,438530,16965,15204,157,15361,95
2020-12-19,Sonoma,097,501317,17635,16553,97,16650,175
2020-12-19,Stanislaus,099,539301,32077,29555,2604,32159,498
2020-12-19,Sutter,101,95872,5968,5506,40,5546,41
2020-12-19,Tehama,103,63373,2732,2574,214,2788,9
2020-12-19,Trinity,105,12862,395,219,50,269,2
2020-12-19,Tulare,107,460477,31212,28734,3075,31809,375
2020-12-19,Tuolumne,109,53932,2518,2107,10,2117,12
2020-12-19,Ventura,111,848112,34921,30843,1333,32176,209
2020-12-19,Yolo,113,214977,7791,7025,45,7070,109
2020-12-19,Yuba,115,75493,3502,3168,32,3200,11
2020-12-18,Alameda,001,1643700,46771,42196,734,42930,515
2020-12-18,Alpine,003,1148,65,64,0,64,0
2020-12-18,Amador,005,37829,2126,1727,15,1742,20
2020-12-18,Butte,007,227075,6729,5891,652,6543,81
2020-12-18,Calaveras,009,45235,981,870,0,870,21
2020-12-18,Colusa,011,21464,1166,1068,50,1118,7
2020-12-18,Contra Costa,013,1133247,36449,33610,382,33992,300
2020-12-18,Del Norte,015,27424,683,627,0,627,2
2020-12-18,El Dorado,017,186661,5388,4494,209,4703,10
2020-12-18,Fresno,019,978130,61858,52643,3632,56275,613
2020-12-18,Glenn,021,27897,1384,1264,190,1454,9
2020-12-18,Humboldt,023,135768,1516,1331,6,1337,15
2020-12-18,Imperial,025,180216,21645,20430,812,21242,393
2020-12-18,Inyo,027,18085,558,454,7,461,17
2020-12-18,Kern,029,883053,59848,54220,3797,58017,533
2020-12-18,Kings,031,150075,15211,14284,429,14713,98
2020-12-18,Lake,033,64148,1661,1397,0,1397,20
2020-12-18,Lassen,035,31185,3920,3486,35,3521,1
2020-12-18,Los Angeles,037,10098052,657519,586413,15416,601829,8744
2020-12-18,Madera,039,155013,9591,8609,319,8928,63
2020-12-18,Marin,041,260295,9263,8799,60,8859,142
2020-12-18,Mariposa,043,17540,204,176,2,178,3
2020-12-18,Mendocino,045,87422,2198,1977,19,1996,24
2020-12-18,Merced,047,269075,17287,15956,257,16213,195
2020-12-18,Modoc,049,8938,216,179,64,243,0
2020-12-18,Mono,051,14174,815,731,11,742,3
2020-12-18,Monterey,053,433212,24619,22336,557,22893,165
2020-12-18,Napa,055,140530,5234,4688,23,4711,23
2020-12-18,Nevada,057,99092,2470,2220,77,2297,13
2020-12-18,Orange,059,3164182,138582,121681,4880,126561,1725
2020-12-18,Placer,061,380077,12782,10995,423,11418,104
2020-12-18,Plumas,063,18699,423,336,8,344,0
2020-12-18,Riverside,065,2383286,159105,142375,6081,148456,1733
2020-12-18,Sacramento,067,1510023,59111,53980,454,54434,736
2020-12-18,San Benito,069,59416,3111,2744,23,2767,21
2020-12-18,San Bernardino,071,2135413,173760,154272,4369,158641,1430
2020-12-18,San Diego,073,3302833,136813,120463,5936,126399,1253
2020-12-18,San Francisco,075,870044,21578,20315,179,20494,173
2020-12-18,San Joaquin,077,732212,41113,36484,1151,37635,559
2020-12-18,San Luis Obispo,079,281455,9604,8598,202,8800,62
2020-12-18,San Mateo,081,765935,22589,19971,61,20032,182
2020-12-18,Santa Barbara,083,443738,15609,14361,372,14733,148
2020-12-18,Santa Clara,085,1922200,61886,53992,227,54219,539
2020-12-18,Santa Cruz,087,273765,8013,6838,213,7051,68
2020-12-18,Shasta,089,179085,7567,7114,568,7682,62
2020-12-18,Sierra,091,2930,24,23,0,23,0
2020-12-18,Siskiyou,093,43540,950,840,81,921,2
2020-12-18,Solano,095,438530,16808,14667,153,14820,95
2020-12-18,Sonoma,097,501317,17515,16261,97,16358,173
2020-12-18,Stanislaus,099,539301,31801,28967,2567,31534,490
2020-12-18,Sutter,101,95872,5884,5399,40,5439,39
2020-12-18,Tehama,103,63373,2717,2523,204,2727,9
2020-12-18,Trinity,105,12862,394,215,50,265,2
2020-12-18,Tulare,107,460477,30922,28322,2997,31319,370
2020-12-18,Tuolumne,109,53932,2507,2067,10,2077,12
2020-12-18,Ventura,111,848112,34417,29907,1290,31197,209
2020-12-18,Yolo,113,214977,7722,6901,44,6945,109
2020-12-18,Yuba,115,75493,3442,3097,32,3129,11
2020-12-17,Alameda,001,1643700,45967,41548,709,42257,508
2020-12-17,Alpine,003,1148,65,64,0,64,0
2020-12-17,Amador,005,37829,2078,1703,13,1716,19
2020-12-17,Butte,007,227075,6604,5746,633,6379,78
2020-12-17,Calaveras,009,45235,958,848,0,848,21
2020-12-17,Colusa,011,21464,1155,1053,48,1101,7
2020-12-17,Contra Costa,013,1133247,35916,33006,352,33358,293
2020-12-17,Del Norte,015,27424,678,583,0,583,1
2020-12-17,El Dorado,017,186661,5242,4327,196,4523,9
2020-12-17,Fresno,019,978130,60998,49918,3506,53424,597
2020-12-17,Glenn,021,27897,1360,1244,183,1427,9
2020-12-17,Humboldt,023,135768,1483,1322,6,1328,14
2020-12-17,Imperial,025,180216,21484,20208,746,20954,391
2020-12-17,Inyo,027,18085,540,450,6,456,16
2020-12-17,Kern,029,883053,58891,53683,3662,57345,526
2020-12-17,Kings,031,150075,15108,14057,414,14471,98
2020-12-17,Lake,033,64148,1632,1374,0,1374,20
2020-12-17,Lassen,035,31185,3884,3417,35,3452,1
2020-12-17,Los Angeles,037,10098052,641850,571093,14875,585968,8657
2020-12-17,Madera,039,155013,9470,8465,315,8780,62
2020-12-17,Marin,041,260295,9201,8721,58,8779,142
2020-12-17,Mariposa,043,17540,200,172,2,174,3
2020-12-17,Mendocino,045,87422,2164,1942,19,1961,23
2020-12-17,Merced,047,269075,17025,15648,249,15897,192
2020-12-17,Modoc,049,8938,213,179,64,243,0
2020-12-17,Mono,051,14174,801,718,11,729,3
2020-12-17,Monterey,053,433212,24100,21951,542,22493,163
2020-12-17,Napa,055,140530,5122,4612,23,4635,23
2020-12-17,Nevada,057,99092,2429,2173,74,2247,13
2020-12-17,Orange,059,3164182,135210,118367,4748,123115,1725
2020-12-17,Placer,061,380077,12508,10756,409,11165,99
2020-12-17,Plumas,063,18699,414,324,8,332,0
2020-12-17,Riverside,065,2383286,155227,139325,5867,145192,1696
2020-12-17,Sacramento,067,1510023,58204,53189,432,53621,721
2020-12-17,San Benito,069,59416,3042,2645,22,2667,20
2020-12-17,San Bernardino,071,2135413,169813,149838,4253,154091,1425
2020-12-17,San Diego,073,3302833,134012,116852,5780,122632,1239
2020-12-17,San Francisco,075,870044,21287,19939,174,20113,170
2020-12-17,San Joaquin,077,732212,40385,35894,1117,37011,554
2020-12-17,San Luis Obispo,079,281455,9485,8365,201,8566,59
2020-12-17,San Mateo,081,765935,22219,19647,61,19708,181
2020-12-17,Santa Barbara,083,443738,15376,14207,365,14572,147
2020-12-17,Santa Clara,085,1922200,60696,52559,221,52780,527
2020-12-17,Santa Cruz,087,273765,7857,6687,200,6887,64
2020-12-17,Shasta,089,179085,7491,7000,549,7549,62
2020-12-17,Sierra,091,2930,23,23,0,23,0
2020-12-17,Siskiyou,093,43540,942,827,80,907,2
2020-12-17,Solano,095,438530,16495,14361,150,14511,96
2020-12-17,Sonoma,097,501317,17243,15993,96,16089,171
2020-12-17,Stanislaus,099,539301,31382,28582,2507,31089,489
2020-12-17,Sutter,101,95872,5786,5309,38,5347,39
2020-12-17,Tehama,103,63373,2668,2480,198,2678,9
2020-12-17,Trinity,105,12862,389,213,50,263,2
2020-12-17,Tulare,107,460477,30522,27852,2918,30770,358
2020-12-17,Tuolumne,109,53932,2214,1992,10,2002,11
2020-12-17,Ventura,111,848112,33807,29404,1254,30658,208
2020-12-17,Yolo,113,214977,7601,6800,43,6843,105
2020-12-17,Yuba,115,75493,3382,3035,31,3066,12
2020-12-16,Alameda,001,1643700,45114,40751,685,41436,497
2020-12-16,Alpine,003,1148,65,64,0,64,0
2020-12-16,Amador,005,37829,2031,1693,12,1705,19
2020-12-16,Butte,007,227075,6415,5659,605,6264,76
2020-12-16,Calaveras,009,45235,923,821,0,821,21
2020-12-16,Colusa,011,21464,1142,1038,45,1083,7
2020-12-16,Contra Costa,013,1133247,35358,32429,333,32762,293
2020-12-16,Del Norte,015,27424,676,575,0,575,1
2020-12-16,El Dorado,017,186661,5121,4237,187,4424,9
2020-12-16,Fresno,019,978130,60041,49173,3410,52583,584
2020-12-16,Glenn,021,27897,1342,1236,172,1408,9
2020-12-16,Humboldt,023,135768,1451,1308,5,1313,12
2020-12-16,Imperial,025,180216,21302,19980,682,20662,388
2020-12-16,Inyo,027,18085,527,444,6,450,16
2020-12-16,Kern,029,883053,58014,52896,3533,56429,522
2020-12-16,Kings,031,150075,14928,13734,398,14132,99
2020-12-16,Lake,033,64148,1593,1363,0,1363,20
2020-12-16,Lassen,035,31185,3851,3396,34,3430,1
2020-12-16,Los Angeles,037,10098052,625302,557907,14207,572114,8561
2020-12-16,Madera,039,155013,9344,8278,307,8585,62
2020-12-16,Marin,041,260295,9130,8641,58,8699,142
2020-12-16,Mariposa,043,17540,197,175,2,177,3
2020-12-16,Mendocino,045,87422,2129,1929,19,1948,23
2020-12-16,Merced,047,269075,16740,15443,246,15689,190
2020-12-16,Modoc,049,8938,210,178,64,242,0
2020-12-16,Mono,051,14174,782,702,11,713,3
2020-12-16,Monterey,053,433212,23540,21107,531,21638,163
2020-12-16,Napa,055,140530,5024,4544,23,4567,23
2020-12-16,Nevada,057,99092,2393,2149,72,2221,13
2020-12-16,Orange,059,3164182,131737,115260,4583,119843,1712
2020-12-16,Placer,061,380077,12271,10554,388,10942,96
2020-12-16,Plumas,063,18699,405,319,8,327,0
2020-12-16,Riverside,065,2383286,151111,135751,5622,141373,1664
2020-12-16,Sacramento,067,1510023,57232,52166,407,52573,715
2020-12-16,San Benito,069,59416,2952,2582,22,2604,20
2020-12-16,San Bernardino,071,2135413,165206,143565,4119,147684,1403
2020-12-16,San Diego,073,3302833,130908,114248,5626,119874,1217
2020-12-16,San Francisco,075,870044,21028,19624,174,19798,170
2020-12-16,San Joaquin,077,732212,39563,35010,1077,36087,547
2020-12-16,San Luis Obispo,079,281455,9290,8252,192,8444,58
2020-12-16,San Mateo,081,765935,21894,19292,57,19349,179
2020-12-16,Santa Barbara,083,443738,15124,13966,353,14319,144
2020-12-16,Santa Clara,085,1922200,59445,51502,218,51720,523
2020-12-16,Santa Cruz,087,273765,7669,6536,189,6725,63
2020-12-16,Shasta,089,179085,7418,6914,526,7440,62
2020-12-16,Sierra,091,2930,23,23,0,23,0
2020-12-16,Siskiyou,093,43540,934,818,80,898,2
2020-12-16,Solano,095,438530,16024,14157,146,14303,96
2020-12-16,Sonoma,097,501317,16988,15768,96,15864,170
2020-12-16,Stanislaus,099,539301,30889,28279,2436,30715,489
2020-12-16,Sutter,101,95872,5707,5223,38,5261,39
2020-12-16,Tehama,103,63373,2633,2441,174,2615,9
2020-12-16,Trinity,105,12862,383,212,50,262,2
2020-12-16,Tulare,107,460477,30095,27500,2828,30328,352
2020-12-16,Tuolumne,109,53932,2171,1941,10,1951,11
2020-12-16,Ventura,111,848112,33034,28566,1212,29778,203
2020-12-16,Yolo,113,214977,7474,6649,42,6691,103
2020-12-16,Yuba,115,75493,3295,2980,30,3010,11
2020-12-15,Alameda,001,1643700,44257,40026,664,40690,492
2020-12-15,Alpine,003,1148,65,64,0,64,0
2020-12-15,Amador,005,37829,1918,1669,10,1679,19
2020-12-15,Butte,007,227075,6276,5565,577,6142,75
2020-12-15,Calaveras,009,45235,891,799,0,799,21
2020-12-15,Colusa,011,21464,1129,1026,44,1070,7
2020-12-15,Contra Costa,013,1133247,34704,31423,319,31742,281
2020-12-15,Del Norte,015,27424,669,564,0,564,1
2020-12-15,El Dorado,017,186661,5013,4113,173,4286,9
2020-12-15,Fresno,019,978130,58668,47316,3276,50592,574
2020-12-15,Glenn,021,27897,1329,1207,156,1363,9
2020-12-15,Humboldt,023,135768,1431,1276,5,1281,12
2020-12-15,Imperial,025,180216,21077,19756,604,20360,380
2020-12-15,Inyo,027,18085,515,394,6,400,16
2020-12-15,Kern,029,883053,57003,52002,3427,55429,511
2020-12-15,Kings,031,150075,14764,13652,379,14031,97
2020-12-15,Lake,033,64148,1567,1341,0,1341,21
2020-12-15,Lassen,035,31185,3679,3378,33,3411,1
2020-12-15,Los Angeles,037,10098052,608901,536258,13578,549836,8429
2020-12-15,Madera,039,155013,9187,8118,300,8418,60
2020-12-15,Marin,041,260295,9025,8528,57,8585,141
2020-12-15,Mariposa,043,17540,193,171,2,173,3
2020-12-15,Mendocino,045,87422,2102,1883,19,1902,24
2020-12-15,Merced,047,269075,16444,15120,242,15362,190
2020-12-15,Modoc,049,8938,208,179,64,243,0
2020-12-15,Mono,051,14174,766,702,11,713,3
2020-12-15,Monterey,053,433212,22943,19905,470,20375,161
2020-12-15,Napa,055,140530,4921,4440,23,4463,23
2020-12-15,Nevada,057,99092,2360,2117,70,2187,11
2020-12-15,Orange,059,3164182,128104,112893,4434,117327,1689
2020-12-15,Placer,061,380077,12037,10301,366,10667,95
2020-12-15,Plumas,063,18699,400,313,8,321,0
2020-12-15,Riverside,065,2383286,147059,131822,5347,137169,1624
2020-12-15,Sacramento,067,1510023,56216,51076,394,51470,703
2020-12-15,San Benito,069,59416,2873,2520,21,2541,19
2020-12-15,San Bernardino,071,2135413,160744,137548,3970,141518,1351
2020-12-15,San Diego,073,3302833,127341,111441,5463,116904,1194
2020-12-15,San Francisco,075,870044,20720,19283,171,19454,171
2020-12-15,San Joaquin,077,732212,38641,33849,1043,34892,537
2020-12-15,San Luis Obispo,079,281455,9181,8074,189,8263,55
2020-12-15,San Mateo,081,765935,21485,18907,55,18962,178
2020-12-15,Santa Barbara,083,443738,14897,13782,345,14127,144
2020-12-15,Santa Clara,085,1922200,58016,50311,215,50526,505
2020-12-15,Santa Cruz,087,273765,7482,6361,176,6537,59
2020-12-15,Shasta,089,179085,7359,6794,501,7295,54
2020-12-15,Sierra,091,2930,23,23,0,23,0
2020-12-15,Siskiyou,093,43540,926,812,79,891,2
2020-12-15,Solano,095,438530,15670,13796,146,13942,95
2020-12-15,Sonoma,097,501317,16767,15406,96,15502,167
2020-12-15,Stanislaus,099,539301,30392,27823,2357,30180,485
2020-12-15,Sutter,101,95872,5609,5080,37,5117,36
2020-12-15,Tehama,103,63373,2595,2392,168,2560,9
2020-12-15,Trinity,105,12862,375,213,48,261,1
2020-12-15,Tulare,107,460477,29596,27026,2740,29766,342
2020-12-15,Tuolumne,109,53932,2141,1874,10,1884,8
2020-12-15,Ventura,111,848112,32412,27936,1165,29101,201
2020-12-15,Yolo,113,214977,7349,6531,40,6571,104
2020-12-15,Yuba,115,75493,3200,2891,29,2920,11
2020-12-14,Alameda,001,1643700,43355,39252,645,39897,487
2020-12-14,Alpine,003,1148,65,63,0,63,0
2020-12-14,Amador,005,37829,1846,1609,10,1619,19
2020-12-14,Butte,007,227075,6108,5202,560,5762,75
2020-12-14,Calaveras,009,45235,853,718,0,718,21
2020-12-14,Colusa,011,21464,1105,949,43,992,7
2020-12-14,Contra Costa,013,1133247,34014,30594,305,30899,281
2020-12-14,Del Norte,015,27424,663,560,0,560,1
2020-12-14,El Dorado,017,186661,4857,4018,157,4175,9
2020-12-14,Fresno,019,978130,57645,44726,3102,47828,560
2020-12-14,Glenn,021,27897,1303,1186,148,1334,9
2020-12-14,Humboldt,023,135768,1418,1256,5,1261,9
2020-12-14,Imperial,025,180216,20837,19608,530,20138,379
2020-12-14,Inyo,027,18085,502,382,6,388,16
2020-12-14,Kern,029,883053,55966,50538,3306,53844,510
2020-12-14,Kings,031,150075,14579,13491,352,13843,97
2020-12-14,Lake,033,64148,1516,1301,0,1301,21
2020-12-14,Lassen,035,31185,3581,2905,30,2935,1
2020-12-14,Los Angeles,037,10098052,591265,524668,12949,537617,8340
2020-12-14,Madera,039,155013,8922,8011,291,8302,60
2020-12-14,Marin,041,260295,8940,8475,56,8531,141
2020-12-14,Mariposa,043,17540,192,171,2,173,3
2020-12-14,Mendocino,045,87422,2081,1845,19,1864,24
2020-12-14,Merced,047,269075,16039,14572,228,14800,189
2020-12-14,Modoc,049,8938,202,180,62,242,0
2020-12-14,Mono,051,14174,758,685,11,696,3
2020-12-14,Monterey,053,433212,22420,19154,464,19618,155
2020-12-14,Napa,055,140530,4827,4289,23,4312,22
2020-12-14,Nevada,057,99092,2323,2070,67,2137,11
2020-12-14,Orange,059,3164182,124220,108602,4298,112900,1688
2020-12-14,Placer,061,380077,11756,9551,355,9906,95
2020-12-14,Plumas,063,18699,388,309,8,317,0
2020-12-14,Riverside,065,2383286,142934,123715,5085,128800,1588
2020-12-14,Sacramento,067,1510023,55109,50304,369,50673,691
2020-12-14,San Benito,069,59416,2807,2467,20,2487,19
2020-12-14,San Bernardino,071,2135413,156293,129151,3844,132995,1347
2020-12-14,San Diego,073,3302833,123605,109578,5278,114856,1162
2020-12-14,San Francisco,075,870044,20350,18904,169,19073,171
2020-12-14,San Joaquin,077,732212,37806,32522,997,33519,534
2020-12-14,San Luis Obispo,079,281455,8936,7791,185,7976,52
2020-12-14,San Mateo,081,765935,20988,18361,52,18413,178
2020-12-14,Santa Barbara,083,443738,14624,13587,337,13924,144
2020-12-14,Santa Clara,085,1922200,56503,49180,204,49384,502
2020-12-14,Santa Cruz,087,273765,7300,6049,161,6210,54
2020-12-14,Shasta,089,179085,7270,6665,483,7148,54
2020-12-14,Sierra,091,2930,23,21,0,21,0
2020-12-14,Siskiyou,093,43540,903,764,73,837,2
2020-12-14,Solano,095,438530,15314,13352,145,13497,93
2020-12-14,Sonoma,097,501317,16460,14807,95,14902,167
2020-12-14,Stanislaus,099,539301,29864,27311,2311,29622,485
2020-12-14,Sutter,101,95872,5506,5001,30,5031,35
2020-12-14,Tehama,103,63373,2553,2344,165,2509,9
2020-12-14,Trinity,105,12862,371,205,46,251,1
2020-12-14,Tulare,107,460477,29117,25735,2651,28386,341
2020-12-14,Tuolumne,109,53932,2088,1647,10,1657,8
2020-12-14,Ventura,111,848112,31489,27436,1107,28543,202
2020-12-14,Yolo,113,214977,7191,6389,39,6428,95
2020-12-14,Yuba,115,75493,3137,2851,29,2880,11
2020-12-13,Alameda,001,1643700,42154,38064,621,38685,486
2020-12-13,Alpine,003,1148,65,63,0,63,0
2020-12-13,Amador,005,37829,1790,1457,9,1466,19
2020-12-13,Butte,007,227075,5960,5103,522,5625,75
2020-12-13,Calaveras,009,45235,819,710,0,710,21
2020-12-13,Colusa,011,21464,1089,945,40,985,7
2020-12-13,Contra Costa,013,1133247,33287,29667,299,29966,281
2020-12-13,Del Norte,015,27424,611,542,0,542,1
2020-12-13,El Dorado,017,186661,4756,3770,148,3918,9
2020-12-13,Fresno,019,978130,56539,44114,2947,47061,559
2020-12-13,Glenn,021,27897,1290,1171,137,1308,9
2020-12-13,Humboldt,023,135768,1395,1238,4,1242,9
2020-12-13,Imperial,025,180216,20555,19472,410,19882,379
2020-12-13,Inyo,027,18085,481,380,6,386,16
2020-12-13,Kern,029,883053,54937,49051,3152,52203,510
2020-12-13,Kings,031,150075,14299,13357,334,13691,97
2020-12-13,Lake,033,64148,1475,1271,0,1271,21
2020-12-13,Lassen,035,31185,3474,2867,25,2892,1
2020-12-13,Los Angeles,037,10098052,573630,517472,12261,529733,8294
2020-12-13,Madera,039,155013,8737,7909,278,8187,60
2020-12-13,Marin,041,260295,8820,8409,56,8465,141
2020-12-13,Mariposa,043,17540,188,167,2,169,3
2020-12-13,Mendocino,045,87422,2047,1793,19,1812,24
2020-12-13,Merced,047,269075,15687,14384,225,14609,189
2020-12-13,Modoc,049,8938,192,179,57,236,0
2020-12-13,Mono,051,14174,742,675,11,686,3
2020-12-13,Monterey,053,433212,21999,18913,450,19363,153
2020-12-13,Napa,055,140530,4719,4194,23,4217,22
2020-12-13,Nevada,057,99092,2276,2030,65,2095,11
2020-12-13,Orange,059,3164182,120282,104768,4125,108893,1688
2020-12-13,Placer,061,380077,11442,9405,337,9742,95
2020-12-13,Plumas,063,18699,382,291,8,299,0
2020-12-13,Riverside,065,2383286,138808,119691,4825,124516,1581
2020-12-13,Sacramento,067,1510023,53841,49480,341,49821,682
2020-12-13,San Benito,069,59416,2738,2408,19,2427,19
2020-12-13,San Bernardino,071,2135413,151395,126718,3689,130407,1333
2020-12-13,San Diego,073,3302833,120005,107372,5109,112481,1162
2020-12-13,San Francisco,075,870044,20013,18686,160,18846,167
2020-12-13,San Joaquin,077,732212,37004,32170,957,33127,534
2020-12-13,San Luis Obispo,079,281455,8745,7625,177,7802,52
2020-12-13,San Mateo,081,765935,20497,18090,46,18136,177
2020-12-13,Santa Barbara,083,443738,14355,13249,323,13572,144
2020-12-13,Santa Clara,085,1922200,55096,47920,196,48116,499
2020-12-13,Santa Cruz,087,273765,7053,5986,151,6137,54
2020-12-13,Shasta,089,179085,7196,6647,457,7104,54
2020-12-13,Sierra,091,2930,23,21,0,21,0
2020-12-13,Siskiyou,093,43540,890,762,68,830,2
2020-12-13,Solano,095,438530,14879,13276,142,13418,93
2020-12-13,Sonoma,097,501317,16147,14495,94,14589,167
2020-12-13,Stanislaus,099,539301,29307,26569,2260,28829,485
2020-12-13,Sutter,101,95872,5379,4798,26,4824,34
2020-12-13,Tehama,103,63373,2508,2325,150,2475,9
2020-12-13,Trinity,105,12862,365,204,46,250,1
2020-12-13,Tulare,107,460477,28635,25496,2574,28070,340
2020-12-13,Tuolumne,109,53932,2026,1611,10,1621,8
2020-12-13,Ventura,111,848112,30490,26588,1047,27635,202
2020-12-13,Yolo,113,214977,7005,6265,33,6298,95
2020-12-13,Yuba,115,75493,3074,2754,26,2780,11
2020-12-12,Alameda,001,1643700,41712,37027,602,37629,486
2020-12-12,Alpine,003,1148,65,63,0,63,0
2020-12-12,Amador,005,37829,1762,1236,8,1244,19
2020-12-12,Butte,007,227075,5887,4972,508,5480,73
2020-12-12,Calaveras,009,45235,809,708,0,708,21
2020-12-12,Colusa,011,21464,1069,945,39,984,7
2020-12-12,Contra Costa,013,1133247,32940,29506,290,29796,281
2020-12-12,Del Norte,015,27424,603,529,0,529,1
2020-12-12,El Dorado,017,186661,4681,3706,132,3838,9
2020-12-12,Fresno,019,978130,56187,43756,2887,46643,559
2020-12-12,Glenn,021,27897,1282,1143,133,1276,8
2020-12-12,Humboldt,023,135768,1376,1208,4,1212,9
2020-12-12,Imperial,025,180216,20466,18947,355,19302,379
2020-12-12,Inyo,027,18085,475,380,6,386,16
2020-12-12,Kern,029,883053,54417,48194,3065,51259,507
2020-12-12,Kings,031,150075,14210,13205,330,13535,96
2020-12-12,Lake,033,64148,1459,1232,0,1232,21
2020-12-12,Lassen,035,31185,3451,2866,22,2888,1
2020-12-12,Los Angeles,037,10098052,566814,504317,11766,516083,8269
2020-12-12,Madera,039,155013,8610,7765,275,8040,59
2020-12-12,Marin,041,260295,8764,8363,55,8418,141
2020-12-12,Mariposa,043,17540,187,164,2,166,3
2020-12-12,Mendocino,045,87422,2011,1771,19,1790,24
2020-12-12,Merced,047,269075,15595,14181,221,14402,188
2020-12-12,Modoc,049,8938,191,169,54,223,0
2020-12-12,Mono,051,14174,735,640,11,651,3
2020-12-12,Monterey,053,433212,21886,18596,421,19017,151
2020-12-12,Napa,055,140530,4674,4113,23,4136,22
2020-12-12,Nevada,057,99092,2258,1981,63,2044,10
2020-12-12,Orange,059,3164182,118387,100468,3980,104448,1674
2020-12-12,Placer,061,380077,11277,9390,332,9722,95
2020-12-12,Plumas,063,18699,376,291,8,299,0
2020-12-12,Riverside,065,2383286,136749,118335,4624,122959,1579
2020-12-12,Sacramento,067,1510023,53259,48319,328,48647,673
2020-12-12,San Benito,069,59416,2683,2355,19,2374,19
2020-12-12,San Bernardino,071,2135413,149762,125741,3587,129328,1321
2020-12-12,San Diego,073,3302833,118384,104958,5012,109970,1151
2020-12-12,San Francisco,075,870044,19816,18413,156,18569,167
2020-12-12,San Joaquin,077,732212,36677,32200,927,33127,534
2020-12-12,San Luis Obispo,079,281455,8646,7462,171,7633,50
2020-12-12,San Mateo,081,765935,20276,17574,45,17619,177
2020-12-12,Santa Barbara,083,443738,14203,13174,315,13489,144
2020-12-12,Santa Clara,085,1922200,54161,45892,193,46085,498
2020-12-12,Santa Cruz,087,273765,6956,5905,142,6047,54
2020-12-12,Shasta,089,179085,7163,6551,439,6990,54
2020-12-12,Sierra,091,2930,23,21,0,21,0
2020-12-12,Siskiyou,093,43540,888,762,65,827,2
2020-12-12,Solano,095,438530,14685,12748,135,12883,93
2020-12-12,Sonoma,097,501317,16026,14466,94,14560,166
2020-12-12,Stanislaus,099,539301,29001,26246,2211,28457,483
2020-12-12,Sutter,101,95872,5317,4717,26,4743,32
2020-12-12,Tehama,103,63373,2490,2252,145,2397,9
2020-12-12,Trinity,105,12862,363,204,44,248,1
2020-12-12,Tulare,107,460477,28371,25333,2515,27848,341
2020-12-12,Tuolumne,109,53932,1982,1536,10,1546,8
2020-12-12,Ventura,111,848112,30045,25955,1014,26969,202
2020-12-12,Yolo,113,214977,6922,6116,31,6147,95
2020-12-12,Yuba,115,75493,3047,2692,25,2717,10
2020-12-11,Alameda,001,1643700,41145,36281,590,36871,482
2020-12-11,Alpine,003,1148,65,63,0,63,0
2020-12-11,Amador,005,37829,1746,1213,8,1221,19
2020-12-11,Butte,007,227075,5814,4941,490,5431,73
2020-12-11,Calaveras,009,45235,793,697,0,697,21
2020-12-11,Colusa,011,21464,1059,923,37,960,7
2020-12-11,Contra Costa,013,1133247,32508,29036,287,29323,282
2020-12-11,Del Norte,015,27424,595,505,0,505,1
2020-12-11,El Dorado,017,186661,4600,3669,117,3786,9
2020-12-11,Fresno,019,978130,55174,43071,2821,45892,550
2020-12-11,Glenn,021,27897,1266,1135,129,1264,8
2020-12-11,Humboldt,023,135768,1358,1190,4,1194,9
2020-12-11,Imperial,025,180216,20376,18599,311,18910,377
2020-12-11,Inyo,027,18085,465,372,6,378,16
2020-12-11,Kern,029,883053,53739,47664,3002,50666,502
2020-12-11,Kings,031,150075,14066,13118,326,13444,94
2020-12-11,Lake,033,64148,1442,1205,0,1205,21
2020-12-11,Lassen,035,31185,3439,2790,21,2811,1
2020-12-11,Los Angeles,037,10098052,554999,493592,11358,504950,8198
2020-12-11,Madera,039,155013,8518,7648,265,7913,59
2020-12-11,Marin,041,260295,8675,8317,54,8371,141
2020-12-11,Mariposa,043,17540,186,164,2,166,3
2020-12-11,Mendocino,045,87422,1987,1769,19,1788,24
2020-12-11,Merced,047,269075,15475,14038,213,14251,186
2020-12-11,Modoc,049,8938,191,168,53,221,0
2020-12-11,Mono,051,14174,725,631,11,642,3
2020-12-11,Monterey,053,433212,21585,18421,416,18837,150
2020-12-11,Napa,055,140530,4619,4054,23,4077,22
2020-12-11,Nevada,057,99092,2241,1959,60,2019,10
2020-12-11,Orange,059,3164182,116069,98357,3879,102236,1656
2020-12-11,Placer,061,380077,11115,8904,316,9220,93
2020-12-11,Plumas,063,18699,368,286,8,294,0
2020-12-11,Riverside,065,2383286,133670,115329,4406,119735,1573
2020-12-11,Sacramento,067,1510023,52596,47468,320,47788,669
2020-12-11,San Benito,069,59416,2632,2319,19,2338,19
2020-12-11,San Bernardino,071,2135413,147064,123092,3473,126565,1313
2020-12-11,San Diego,073,3302833,116424,102468,4929,107397,1137
2020-12-11,San Francisco,075,870044,19586,18246,155,18401,165
2020-12-11,San Joaquin,077,732212,36328,32044,900,32944,534
2020-12-11,San Luis Obispo,079,281455,8485,7415,169,7584,49
2020-12-11,San Mateo,081,765935,20006,17240,34,17274,177
2020-12-11,Santa Barbara,083,443738,14060,12997,307,13304,144
2020-12-11,Santa Clara,085,1922200,53154,45101,184,45285,494
2020-12-11,Santa Cruz,087,273765,6836,5764,133,5897,50
2020-12-11,Shasta,089,179085,7118,6459,432,6891,54
2020-12-11,Sierra,091,2930,23,19,0,19,0
2020-12-11,Siskiyou,093,43540,881,753,62,815,2
2020-12-11,Solano,095,438530,14498,12554,131,12685,92
2020-12-11,Sonoma,097,501317,15859,14298,92,14390,166
2020-12-11,Stanislaus,099,539301,28729,25928,2164,28092,464
2020-12-11,Sutter,101,95872,5254,4600,25,4625,30
2020-12-11,Tehama,103,63373,2459,2232,141,2373,9
2020-12-11,Trinity,105,12862,360,204,44,248,1
2020-12-11,Tulare,107,460477,28016,24953,2462,27415,338
2020-12-11,Tuolumne,109,53932,1967,1510,10,1520,8
2020-12-11,Ventura,111,848112,29438,24999,992,25991,202
2020-12-11,Yolo,113,214977,6818,6006,30,6036,95
2020-12-11,Yuba,115,75493,2986,2649,23,2672,10
2020-12-10,Alameda,001,1643700,40375,35686,570,36256,477
2020-12-10,Alpine,003,1148,65,63,0,63,0
2020-12-10,Amador,005,37829,1689,1191,8,1199,18
2020-12-10,Butte,007,227075,5699,4863,466,5329,72
2020-12-10,Calaveras,009,45235,775,684,0,684,21
2020-12-10,Colusa,011,21464,1036,909,34,943,7
2020-12-10,Contra Costa,013,1133247,31830,28413,281,28694,276
2020-12-10,Del Norte,015,27424,584,501,0,501,1
2020-12-10,El Dorado,017,186661,4482,3557,112,3669,9
2020-12-10,Fresno,019,978130,54197,42461,2681,45142,540
2020-12-10,Glenn,021,27897,1246,1126,120,1246,8
2020-12-10,Humboldt,023,135768,1338,1140,4,1144,9
2020-12-10,Imperial,025,180216,20164,18333,236,18569,370
2020-12-10,Inyo,027,18085,445,365,6,371,15
2020-12-10,Kern,029,883053,52758,47176,2839,50015,499
2020-12-10,Kings,031,150075,13908,12993,320,13313,92
2020-12-10,Lake,033,64148,1402,1167,0,1167,21
2020-12-10,Lassen,035,31185,3417,2764,17,2781,0
2020-12-10,Los Angeles,037,10098052,541017,480354,10833,491187,8149
2020-12-10,Madera,039,155013,8409,7445,250,7695,59
2020-12-10,Marin,041,260295,8625,8245,53,8298,140
2020-12-10,Mariposa,043,17540,185,160,2,162,3
2020-12-10,Mendocino,045,87422,1961,1748,16,1764,24
2020-12-10,Merced,047,269075,15229,13756,210,13966,186
2020-12-10,Modoc,049,8938,186,165,51,216,0
2020-12-10,Mono,051,14174,720,601,11,612,3
2020-12-10,Monterey,053,433212,21103,18266,406,18672,145
2020-12-10,Napa,055,140530,4533,3974,22,3996,22
2020-12-10,Nevada,057,99092,2205,1919,60,1979,10
2020-12-10,Orange,059,3164182,112964,95297,3719,99016,1651
2020-12-10,Placer,061,380077,10862,8906,299,9205,90
2020-12-10,Plumas,063,18699,357,281,8,289,0
2020-12-10,Riverside,065,2383286,129984,112794,4139,116933,1552
2020-12-10,Sacramento,067,1510023,51695,46471,299,46770,664
2020-12-10,San Benito,069,59416,2571,2268,18,2286,19
2020-12-10,San Bernardino,071,2135413,142822,120186,3299,123485,1306
2020-12-10,San Diego,073,3302833,113899,99601,4780,104381,1114
2020-12-10,San Francisco,075,870044,19278,17945,148,18093,164
2020-12-10,San Joaquin,077,732212,35693,31228,871,32099,534
2020-12-10,San Luis Obispo,079,281455,8322,7245,158,7403,49
2020-12-10,San Mateo,081,765935,19564,16701,24,16725,177
2020-12-10,Santa Barbara,083,443738,13881,12788,299,13087,143
2020-12-10,Santa Clara,085,1922200,51999,43939,170,44109,491
2020-12-10,Santa Cruz,087,273765,6670,5645,121,5766,48
2020-12-10,Shasta,089,179085,7051,6312,407,6719,53
2020-12-10,Sierra,091,2930,23,18,0,18,0
2020-12-10,Siskiyou,093,43540,871,712,61,773,2
2020-12-10,Solano,095,438530,14134,12017,126,12143,90
2020-12-10,Sonoma,097,501317,15604,14282,90,14372,167
2020-12-10,Stanislaus,099,539301,28270,25582,2090,27672,464
2020-12-10,Sutter,101,95872,5124,4528,23,4551,27
2020-12-10,Tehama,103,63373,2415,2190,133,2323,9
2020-12-10,Trinity,105,12862,356,202,42,244,1
2020-12-10,Tulare,107,460477,27559,24506,2399,26905,337
2020-12-10,Tuolumne,109,53932,1724,1451,10,1461,8
2020-12-10,Ventura,111,848112,28588,24075,948,25023,202
2020-12-10,Yolo,113,214977,6697,5896,29,5925,95
2020-12-10,Yuba,115,75493,2922,2604,22,2626,10
2020-12-09,Alameda,001,1643700,39540,35047,549,35596,470
2020-12-09,Alpine,003,1148,65,58,0,58,0
2020-12-09,Amador,005,37829,1646,1121,8,1129,19
2020-12-09,Butte,007,227075,5556,4733,446,5179,70
2020-12-09,Calaveras,009,45235,746,670,0,670,21
2020-12-09,Colusa,011,21464,1021,896,33,929,7
2020-12-09,Contra Costa,013,1133247,31122,28308,269,28577,273
2020-12-09,Del Norte,015,27424,576,481,0,481,2
2020-12-09,El Dorado,017,186661,4347,3449,104,3553,8
2020-12-09,Fresno,019,978130,53197,41954,2528,44482,533
2020-12-09,Glenn,021,27897,1232,1107,114,1221,8
2020-12-09,Humboldt,023,135768,1306,1086,4,1090,10
2020-12-09,Imperial,025,180216,19906,17757,200,17957,368
2020-12-09,Inyo,027,18085,432,356,6,362,15
2020-12-09,Kern,029,883053,51601,46379,2697,49076,494
2020-12-09,Kings,031,150075,13763,12716,312,13028,92
2020-12-09,Lake,033,64148,1373,1158,0,1158,20
2020-12-09,Lassen,035,31185,3348,2331,15,2346,0
2020-12-09,Los Angeles,037,10098052,527512,467971,10297,478268,8075
2020-12-09,Madera,039,155013,8293,7216,247,7463,59
2020-12-09,Marin,041,260295,8562,8182,52,8234,138
2020-12-09,Mariposa,043,17540,183,154,2,156,3
2020-12-09,Mendocino,045,87422,1936,1703,15,1718,24
2020-12-09,Merced,047,269075,14987,13588,204,13792,183
2020-12-09,Modoc,049,8938,181,146,42,188,0
2020-12-09,Mono,051,14174,708,601,11,612,3
2020-12-09,Monterey,053,433212,20702,17891,398,18289,143
2020-12-09,Napa,055,140530,4448,3858,21,3879,21
2020-12-09,Nevada,057,99092,2152,1864,60,1924,10
2020-12-09,Orange,059,3164182,109865,93763,3551,97314,1629
2020-12-09,Placer,061,380077,10601,8588,285,8873,85
2020-12-09,Plumas,063,18699,349,271,8,279,0
2020-12-09,Riverside,065,2383286,126282,110376,3938,114314,1543
2020-12-09,Sacramento,067,1510023,50632,45284,274,45558,659
2020-12-09,San Benito,069,59416,2499,2217,16,2233,19
2020-12-09,San Bernardino,071,2135413,138542,114516,3103,117619,1305
2020-12-09,San Diego,073,3302833,110919,97551,4641,102192,1103
2020-12-09,San Francisco,075,870044,18977,17628,147,17775,163
2020-12-09,San Joaquin,077,732212,34879,30539,847,31386,531
2020-12-09,San Luis Obispo,079,281455,8104,7105,150,7255,47
2020-12-09,San Mateo,081,765935,19115,16422,23,16445,175
2020-12-09,Santa Barbara,083,443738,13681,12630,289,12919,142
2020-12-09,Santa Clara,085,1922200,50823,42912,155,43067,489
2020-12-09,Santa Cruz,087,273765,6509,5527,106,5633,47
2020-12-09,Shasta,089,179085,6986,6105,393,6498,52
2020-12-09,Sierra,091,2930,23,18,0,18,0
2020-12-09,Siskiyou,093,43540,860,713,60,773,2
2020-12-09,Solano,095,438530,13791,11862,118,11980,90
2020-12-09,Sonoma,097,501317,15347,13994,87,14081,164
2020-12-09,Stanislaus,099,539301,27781,25157,2027,27184,463
2020-12-09,Sutter,101,95872,5005,4418,19,4437,24
2020-12-09,Tehama,103,63373,2379,2102,129,2231,9
2020-12-09,Trinity,105,12862,348,199,39,238,0
2020-12-09,Tulare,107,460477,26957,24124,2323,26447,334
2020-12-09,Tuolumne,109,53932,1691,1319,10,1329,8
2020-12-09,Ventura,111,848112,27724,23830,906,24736,201
2020-12-09,Yolo,113,214977,6572,5760,27,5787,95
2020-12-09,Yuba,115,75493,2854,2513,21,2534,10
2020-12-08,Alameda,001,1643700,38639,34373,533,34906,469
2020-12-08,Alpine,003,1148,64,53,0,53,0
2020-12-08,Amador,005,37829,1360,1043,8,1051,17
2020-12-08,Butte,007,227075,5398,4651,406,5057,70
2020-12-08,Calaveras,009,45235,722,657,0,657,21
2020-12-08,Colusa,011,21464,1005,875,32,907,6
2020-12-08,Contra Costa,013,1133247,30427,27926,254,28180,270
2020-12-08,Del Norte,015,27424,562,465,0,465,2
2020-12-08,El Dorado,017,186661,4223,3296,91,3387,8
2020-12-08,Fresno,019,978130,51932,41574,2373,43947,529
2020-12-08,Glenn,021,27897,1212,1094,106,1200,8
2020-12-08,Humboldt,023,135768,1280,1059,4,1063,10
2020-12-08,Imperial,025,180216,19396,17568,193,17761,363
2020-12-08,Inyo,027,18085,408,333,6,339,15
2020-12-08,Kern,029,883053,50308,45116,2545,47661,487
2020-12-08,Kings,031,150075,13609,12623,303,12926,90
2020-12-08,Lake,033,64148,1333,1127,0,1127,20
2020-12-08,Lassen,035,31185,3192,2165,15,2180,0
2020-12-08,Los Angeles,037,10098052,514805,459738,9824,469562,8004
2020-12-08,Madera,039,155013,8164,7082,235,7317,59
2020-12-08,Marin,041,260295,8486,8099,51,8150,137
2020-12-08,Mariposa,043,17540,179,150,2,152,2
2020-12-08,Mendocino,045,87422,1894,1666,15,1681,23
2020-12-08,Merced,047,269075,14675,13380,203,13583,181
2020-12-08,Modoc,049,8938,173,138,39,177,0
2020-12-08,Mono,051,14174,694,597,11,608,3
2020-12-08,Monterey,053,433212,20131,17752,391,18143,134
2020-12-08,Napa,055,140530,4362,3778,19,3797,22
2020-12-08,Nevada,057,99092,2098,1809,57,1866,11
2020-12-08,Orange,059,3164182,106642,91406,3387,94793,1629
2020-12-08,Placer,061,380077,10333,8224,280,8504,82
2020-12-08,Plumas,063,18699,339,258,8,266,0
2020-12-08,Riverside,065,2383286,122913,107620,3761,111381,1514
2020-12-08,Sacramento,067,1510023,49569,44635,259,44894,649
2020-12-08,San Benito,069,59416,2445,2180,16,2196,18
2020-12-08,San Bernardino,071,2135413,134196,110676,2981,113657,1301
2020-12-08,San Diego,073,3302833,107548,95447,4484,99931,1088
2020-12-08,San Francisco,075,870044,18669,17384,145,17529,162
2020-12-08,San Joaquin,077,732212,33985,30225,814,31039,530
2020-12-08,San Luis Obispo,079,281455,7975,6903,139,7042,45
2020-12-08,San Mateo,081,765935,18716,16305,23,16328,175
2020-12-08,Santa Barbara,083,443738,13498,12516,280,12796,141
2020-12-08,Santa Clara,085,1922200,49513,41309,147,41456,484
2020-12-08,Santa Cruz,087,273765,6328,5374,104,5478,45
2020-12-08,Shasta,089,179085,6876,5946,385,6331,50
2020-12-08,Sierra,091,2930,22,18,0,18,0
2020-12-08,Siskiyou,093,43540,846,704,58,762,2
2020-12-08,Solano,095,438530,13385,11669,116,11785,89
2020-12-08,Sonoma,097,501317,15088,13601,86,13687,164
2020-12-08,Stanislaus,099,539301,27289,24793,1962,26755,461
2020-12-08,Sutter,101,95872,4909,4342,18,4360,24
2020-12-08,Tehama,103,63373,2305,2057,121,2178,9
2020-12-08,Trinity,105,12862,339,198,38,236,0
2020-12-08,Tulare,107,460477,26352,23607,2260,25867,330
2020-12-08,Tuolumne,109,53932,1667,1264,10,1274,7
2020-12-08,Ventura,111,848112,27063,23665,864,24529,195
2020-12-08,Yolo,113,214977,6440,5560,27,5587,90
2020-12-08,Yuba,115,75493,2776,2477,21,2498,10
2020-12-07,Alameda,001,1643700,37774,33887,498,34385,466
2020-12-07,Alpine,003,1148,63,53,0,53,0
2020-12-07,Amador,005,37829,1285,993,7,1000,17
2020-12-07,Butte,007,227075,5262,4604,385,4989,67
2020-12-07,Calaveras,009,45235,692,606,0,606,21
2020-12-07,Colusa,011,21464,980,825,27,852,6
2020-12-07,Contra Costa,013,1133247,29816,27307,240,27547,270
2020-12-07,Del Norte,015,27424,547,424,0,424,2
2020-12-07,El Dorado,017,186661,4044,3275,84,3359,8
2020-12-07,Fresno,019,978130,50458,41098,2252,43350,526
2020-12-07,Glenn,021,27897,1193,1085,100,1185,8
2020-12-07,Humboldt,023,135768,1245,1023,4,1027,9
2020-12-07,Imperial,025,180216,18979,17234,183,17417,364
2020-12-07,Inyo,027,18085,392,333,6,339,15
2020-12-07,Kern,029,883053,49283,44409,2411,46820,486
2020-12-07,Kings,031,150075,13466,12412,295,12707,90
2020-12-07,Lake,033,64148,1306,1090,0,1090,20
2020-12-07,Lassen,035,31185,3095,2167,15,2182,0
2020-12-07,Los Angeles,037,10098052,501129,451052,9398,460450,7937
2020-12-07,Madera,039,155013,7900,6935,230,7165,59
2020-12-07,Marin,041,260295,8428,8049,50,8099,136
2020-12-07,Mariposa,043,17540,176,146,2,148,2
2020-12-07,Mendocino,045,87422,1858,1638,14,1652,23
2020-12-07,Merced,047,269075,14316,13250,194,13444,179
2020-12-07,Modoc,049,8938,166,128,36,164,0
2020-12-07,Mono,051,14174,681,590,11,601,3
2020-12-07,Monterey,053,433212,19651,17746,380,18126,132
2020-12-07,Napa,055,140530,4271,3684,19,3703,21
2020-12-07,Nevada,057,99092,2049,1777,56,1833,11
2020-12-07,Orange,059,3164182,103375,89793,3268,93061,1628
2020-12-07,Placer,061,380077,10008,7911,266,8177,82
2020-12-07,Plumas,063,18699,327,256,5,261,0
2020-12-07,Riverside,065,2383286,119714,102363,3580,105943,1491
2020-12-07,Sacramento,067,1510023,48474,43419,242,43661,638
2020-12-07,San Benito,069,59416,2394,2165,15,2180,18
2020-12-07,San Bernardino,071,2135413,130245,108161,2866,111027,1295
2020-12-07,San Diego,073,3302833,104759,94171,4303,98474,1062
2020-12-07,San Francisco,075,870044,18373,17220,138,17358,161
2020-12-07,San Joaquin,077,732212,33110,28188,788,28976,530
2020-12-07,San Luis Obispo,079,281455,7793,6782,132,6914,45
2020-12-07,San Mateo,081,765935,18278,16029,22,16051,175
2020-12-07,Santa Barbara,083,443738,13256,12362,270,12632,141
2020-12-07,Santa Clara,085,1922200,48117,40621,138,40759,484
2020-12-07,Santa Cruz,087,273765,6164,5152,96,5248,41
2020-12-07,Shasta,089,179085,6753,5742,370,6112,50
2020-12-07,Sierra,091,2930,20,18,0,18,0
2020-12-07,Siskiyou,093,43540,820,652,58,710,2
2020-12-07,Solano,095,438530,13047,11354,112,11466,89
2020-12-07,Sonoma,097,501317,14804,13376,86,13462,164
2020-12-07,Stanislaus,099,539301,26715,24479,1909,26388,454
2020-12-07,Sutter,101,95872,4768,4106,18,4124,24
2020-12-07,Tehama,103,63373,2254,2030,116,2146,9
2020-12-07,Trinity,105,12862,335,194,38,232,0
2020-12-07,Tulare,107,460477,25804,22760,2201,24961,328
2020-12-07,Tuolumne,109,53932,1582,1256,9,1265,7
2020-12-07,Ventura,111,848112,26475,23354,828,24182,191
2020-12-07,Yolo,113,214977,6280,5537,26,5563,90
2020-12-07,Yuba,115,75493,2709,2428,19,2447,10
2020-12-06,Alameda,001,1643700,36782,33477,478,33955,465
2020-12-06,Alpine,003,1148,59,53,0,53,0
2020-12-06,Amador,005,37829,1222,952,6,958,17
2020-12-06,Butte,007,227075,5109,4527,352,4879,67
2020-12-06,Calaveras,009,45235,672,606,0,606,21
2020-12-06,Colusa,011,21464,963,824,23,847,6
2020-12-06,Contra Costa,013,1133247,29211,26566,233,26799,270
2020-12-06,Del Norte,015,27424,491,414,0,414,2
2020-12-06,El Dorado,017,186661,3907,3086,79,3165,8
2020-12-06,Fresno,019,978130,49504,40869,2136,43005,526
2020-12-06,Glenn,021,27897,1183,1067,96,1163,8
2020-12-06,Humboldt,023,135768,1220,1004,4,1008,9
2020-12-06,Imperial,025,180216,18672,16922,174,17096,364
2020-12-06,Inyo,027,18085,380,333,6,339,15
2020-12-06,Kern,029,883053,48292,43899,2244,46143,486
2020-12-06,Kings,031,150075,13194,12056,278,12334,90
2020-12-06,Lake,033,64148,1270,1075,0,1075,20
2020-12-06,Lassen,035,31185,2991,2168,13,2181,0
2020-12-06,Los Angeles,037,10098052,487525,443230,8966,452196,7910
2020-12-06,Madera,039,155013,7728,6826,221,7047,59
2020-12-06,Marin,041,260295,8348,8013,47,8060,136
2020-12-06,Mariposa,043,17540,175,144,2,146,2
2020-12-06,Mendocino,045,87422,1818,1614,14,1628,23
2020-12-06,Merced,047,269075,13980,12928,185,13113,179
2020-12-06,Modoc,049,8938,153,125,29,154,0
2020-12-06,Mono,051,14174,659,586,10,596,3
2020-12-06,Monterey,053,433212,19033,17426,370,17796,130
2020-12-06,Napa,055,140530,4159,3644,19,3663,21
2020-12-06,Nevada,057,99092,1990,1710,53,1763,10
2020-12-06,Orange,059,3164182,100304,87737,3139,90876,1627
2020-12-06,Placer,061,380077,9726,7837,247,8084,82
2020-12-06,Plumas,063,18699,314,254,4,258,0
2020-12-06,Riverside,065,2383286,116621,100088,3359,103447,1482
2020-12-06,Sacramento,067,1510023,47233,42808,228,43036,638
2020-12-06,San Benito,069,59416,2358,2135,15,2150,18
2020-12-06,San Bernardino,071,2135413,126094,106927,2712,109639,1286
2020-12-06,San Diego,073,3302833,101726,92173,4149,96322,1062
2020-12-06,San Francisco,075,870044,18050,17107,131,17238,161
2020-12-06,San Joaquin,077,732212,32266,28188,760,28948,530
2020-12-06,San Luis Obispo,079,281455,7628,6723,127,6850,45
2020-12-06,San Mateo,081,765935,17774,15855,20,15875,175
2020-12-06,Santa Barbara,083,443738,13024,12252,261,12513,141
2020-12-06,Santa Clara,085,1922200,46721,39112,133,39245,482
2020-12-06,Santa Cruz,087,273765,5987,5069,90,5159,40
2020-12-06,Shasta,089,179085,6612,5743,349,6092,49
2020-12-06,Sierra,091,2930,20,17,0,17,0
2020-12-06,Siskiyou,093,43540,801,652,56,708,2
2020-12-06,Solano,095,438530,12758,11354,102,11456,88
2020-12-06,Sonoma,097,501317,14515,13238,85,13323,164
2020-12-06,Stanislaus,099,539301,26155,24036,1845,25881,454
2020-12-06,Sutter,101,95872,4652,4009,17,4026,21
2020-12-06,Tehama,103,63373,2196,1982,107,2089,9
2020-12-06,Trinity,105,12862,328,181,36,217,0
2020-12-06,Tulare,107,460477,25272,22756,2134,24890,327
2020-12-06,Tuolumne,109,53932,1486,1210,9,1219,7
2020-12-06,Ventura,111,848112,25933,23035,803,23838,191
2020-12-06,Yolo,113,214977,6119,5465,22,5487,90
2020-12-06,Yuba,115,75493,2665,2340,18,2358,10
2020-12-05,Alameda,001,1643700,36424,32781,467,33248,465
2020-12-05,Alpine,003,1148,58,53,0,53,0
2020-12-05,Amador,005,37829,1198,847,6,853,17
2020-12-05,Butte,007,227075,5041,4455,333,4788,66
2020-12-05,Calaveras,009,45235,660,606,0,606,21
2020-12-05,Colusa,011,21464,945,825,20,845,6
2020-12-05,Contra Costa,013,1133247,28913,26217,226,26443,270
2020-12-05,Del Norte,015,27424,486,408,0,408,2
2020-12-05,El Dorado,017,186661,3842,3061,74,3135,8
2020-12-05,Fresno,019,978130,49185,40568,2082,42650,525
2020-12-05,Glenn,021,27897,1170,1056,90,1146,8
2020-12-05,Humboldt,023,135768,1187,979,4,983,9
2020-12-05,Imperial,025,180216,18498,16544,173,16717,362
2020-12-05,Inyo,027,18085,375,332,6,338,15
2020-12-05,Kern,029,883053,47829,43332,2159,45491,484
2020-12-05,Kings,031,150075,13113,11898,275,12173,90
2020-12-05,Lake,033,64148,1241,1069,0,1069,20
2020-12-05,Lassen,035,31185,2800,2168,11,2179,0
2020-12-05,Los Angeles,037,10098052,481725,433120,8651,441771,7888
2020-12-05,Madera,039,155013,7634,6619,214,6833,59
2020-12-05,Marin,041,260295,8321,7961,47,8008,136
2020-12-05,Mariposa,043,17540,170,143,2,145,2
2020-12-05,Mendocino,045,87422,1779,1585,14,1599,23
2020-12-05,Merced,047,269075,13873,12747,174,12921,180
2020-12-05,Modoc,049,8938,153,118,28,146,0
2020-12-05,Mono,051,14174,654,554,10,564,3
2020-12-05,Monterey,053,433212,18887,17077,366,17443,127
2020-12-05,Napa,055,140530,4088,3565,19,3584,21
2020-12-05,Nevada,057,99092,1975,1642,51,1693,10
2020-12-05,Orange,059,3164182,98837,85735,3042,88777,1612
2020-12-05,Placer,061,380077,9606,7811,238,8049,78
2020-12-05,Plumas,063,18699,307,246,1,247,0
2020-12-05,Riverside,065,2383286,115008,98612,3185,101797,1477
2020-12-05,Sacramento,067,1510023,46568,41878,214,42092,625
2020-12-05,San Benito,069,59416,2314,2073,15,2088,18
2020-12-05,San Bernardino,071,2135413,124565,105382,2584,107966,1283
2020-12-05,San Diego,073,3302833,100374,90470,4068,94538,1055
2020-12-05,San Francisco,075,870044,17864,16786,127,16913,161
2020-12-05,San Joaquin,077,732212,31999,28105,727,28832,523
2020-12-05,San Luis Obispo,079,281455,7561,6623,124,6747,44
2020-12-05,San Mateo,081,765935,17517,15512,20,15532,175
2020-12-05,Santa Barbara,083,443738,12924,12107,255,12362,141
2020-12-05,Santa Clara,085,1922200,45961,38339,128,38467,474
2020-12-05,Santa Cruz,087,273765,5914,4997,89,5086,40
2020-12-05,Shasta,089,179085,6551,5653,338,5991,49
2020-12-05,Sierra,091,2930,20,17,0,17,0
2020-12-05,Siskiyou,093,43540,793,649,55,704,2
2020-12-05,Solano,095,438530,12587,11351,100,11451,87
2020-12-05,Sonoma,097,501317,14419,13137,85,13222,164
2020-12-05,Stanislaus,099,539301,25836,23662,1810,25472,454
2020-12-05,Sutter,101,95872,4587,3937,17,3954,20
2020-12-05,Tehama,103,63373,2181,1926,105,2031,9
2020-12-05,Trinity,105,12862,327,177,36,213,0
2020-12-05,Tulare,107,460477,25053,22660,2076,24736,324
2020-12-05,Tuolumne,109,53932,1429,1180,9,1189,7
2020-12-05,Ventura,111,848112,25561,22710,789,23499,191
2020-12-05,Yolo,113,214977,6040,5351,21,5372,90
2020-12-05,Yuba,115,75493,2628,2275,18,2293,10
2020-12-04,Alameda,001,1643700,35874,31871,454,32325,465
2020-12-04,Alpine,003,1148,58,53,0,53,0
2020-12-04,Amador,005,37829,1184,766,3,769,16
2020-12-04,Butte,007,227075,4969,4336,313,4649,65
2020-12-04,Calaveras,009,45235,655,585,0,585,21
2020-12-04,Colusa,011,21464,931,790,18,808,6
2020-12-04,Contra Costa,013,1133247,28567,25705,214,25919,264
2020-12-04,Del Norte,015,27424,477,401,0,401,2
2020-12-04,El Dorado,017,186661,3754,2933,71,3004,7
2020-12-04,Fresno,019,978130,48475,40108,2014,42122,522
2020-12-04,Glenn,021,27897,1164,1017,82,1099,8
2020-12-04,Humboldt,023,135768,1169,960,4,964,9
2020-12-04,Imperial,025,180216,18251,16484,173,16657,362
2020-12-04,Inyo,027,18085,366,324,6,330,15
2020-12-04,Kern,029,883053,47278,42497,2057,44554,485
2020-12-04,Kings,031,150075,13020,11767,269,12036,88
2020-12-04,Lake,033,64148,1211,1018,0,1018,20
2020-12-04,Lassen,035,31185,2793,2167,10,2177,0
2020-12-04,Los Angeles,037,10098052,473101,424164,8360,432524,7845
2020-12-04,Madera,039,155013,7539,6479,211,6690,58
2020-12-04,Marin,041,260295,8266,7896,44,7940,136
2020-12-04,Mariposa,043,17540,170,136,2,138,2
2020-12-04,Mendocino,045,87422,1760,1563,13,1576,23
2020-12-04,Merced,047,269075,13758,12474,166,12640,177
2020-12-04,Modoc,049,8938,153,115,28,143,0
2020-12-04,Mono,051,14174,649,549,10,559,3
2020-12-04,Monterey,053,433212,18675,16737,357,17094,127
2020-12-04,Napa,055,140530,4034,3432,19,3451,19
2020-12-04,Nevada,057,99092,1950,1560,48,1608,10
2020-12-04,Orange,059,3164182,96909,83738,2978,86716,1597
2020-12-04,Placer,061,380077,9482,7461,225,7686,76
2020-12-04,Plumas,063,18699,300,232,0,232,0
2020-12-04,Riverside,065,2383286,112806,95255,3028,98283,1475
2020-12-04,Sacramento,067,1510023,45803,41061,197,41258,618
2020-12-04,San Benito,069,59416,2281,2006,15,2021,17
2020-12-04,San Bernardino,071,2135413,122292,102418,2476,104894,1290
2020-12-04,San Diego,073,3302833,98890,88183,3981,92164,1047
2020-12-04,San Francisco,075,870044,17673,16499,127,16626,161
2020-12-04,San Joaquin,077,732212,31560,27806,690,28496,522
2020-12-04,San Luis Obispo,079,281455,7477,6473,121,6594,42
2020-12-04,San Mateo,081,765935,17229,15112,19,15131,173
2020-12-04,Santa Barbara,083,443738,12817,11947,249,12196,141
2020-12-04,Santa Clara,085,1922200,45025,37465,122,37587,468
2020-12-04,Santa Cruz,087,273765,5825,4985,87,5072,32
2020-12-04,Shasta,089,179085,6463,5439,329,5768,49
2020-12-04,Sierra,091,2930,19,17,0,17,0
2020-12-04,Siskiyou,093,43540,786,639,52,691,2
2020-12-04,Solano,095,438530,12437,11037,97,11134,87
2020-12-04,Sonoma,097,501317,14271,12962,84,13046,164
2020-12-04,Stanislaus,099,539301,25558,23206,1766,24972,448
2020-12-04,Sutter,101,95872,4515,3791,12,3803,20
2020-12-04,Tehama,103,63373,2141,1876,100,1976,9
2020-12-04,Trinity,105,12862,325,172,36,208,0
2020-12-04,Tulare,107,460477,24760,22273,2004,24277,322
2020-12-04,Tuolumne,109,53932,1398,1134,9,1143,7
2020-12-04,Ventura,111,848112,25184,22024,773,22797,189
2020-12-04,Yolo,113,214977,5967,5294,20,5314,87
2020-12-04,Yuba,115,75493,2584,2225,17,2242,10
2020-12-03,Alameda,001,1643700,35109,31184,437,31621,465
2020-12-03,Alpine,003,1148,57,53,0,53,0
2020-12-03,Amador,005,37829,1133,653,3,656,16
2020-12-03,Butte,007,227075,4874,4305,294,4599,65
2020-12-03,Calaveras,009,45235,635,572,0,572,21
2020-12-03,Colusa,011,21464,918,774,17,791,6
2020-12-03,Contra Costa,013,1133247,28061,25464,207,25671,265
2020-12-03,Del Norte,015,27424,471,388,0,388,2
2020-12-03,El Dorado,017,186661,3628,2740,69,2809,6
2020-12-03,Fresno,019,978130,47719,39680,1942,41622,516
2020-12-03,Glenn,021,27897,1146,997,74,1071,8
2020-12-03,Humboldt,023,135768,1139,923,4,927,9
2020-12-03,Imperial,025,180216,18043,16436,161,16597,359
2020-12-03,Inyo,027,18085,364,321,6,327,15
2020-12-03,Kern,029,883053,46432,42062,1956,44018,483
2020-12-03,Kings,031,150075,12921,11658,258,11916,87
2020-12-03,Lake,033,64148,1196,991,0,991,20
2020-12-03,Lassen,035,31185,2753,2128,9,2137,0
2020-12-03,Los Angeles,037,10098052,462996,415805,8001,423806,7787
2020-12-03,Madera,039,155013,7416,6398,205,6603,58
2020-12-03,Marin,041,260295,8202,7861,40,7901,136
2020-12-03,Mariposa,043,17540,166,132,2,134,2
2020-12-03,Mendocino,045,87422,1743,1547,10,1557,23
2020-12-03,Merced,047,269075,13513,12310,159,12469,177
2020-12-03,Modoc,049,8938,151,114,28,142,0
2020-12-03,Mono,051,14174,627,527,10,537,3
2020-12-03,Monterey,053,433212,18214,16218,348,16566,125
2020-12-03,Napa,055,140530,3920,3360,19,3379,19
2020-12-03,Nevada,057,99092,1872,1472,47,1519,10
2020-12-03,Orange,059,3164182,94376,82187,2910,85097,1591
2020-12-03,Placer,061,380077,9280,7270,209,7479,73
2020-12-03,Plumas,063,18699,285,223,0,223,0
2020-12-03,Riverside,065,2383286,110044,92489,2869,95358,1461
2020-12-03,Sacramento,067,1510023,44745,40280,184,40464,614
2020-12-03,San Benito,069,59416,2235,1967,15,1982,16
2020-12-03,San Bernardino,071,2135413,118964,100787,2393,103180,1283
2020-12-03,San Diego,073,3302833,97075,86144,3863,90007,1040
2020-12-03,San Francisco,075,870044,17449,16236,126,16362,161
2020-12-03,San Joaquin,077,732212,30839,27239,648,27887,522
2020-12-03,San Luis Obispo,079,281455,7309,6388,120,6508,42
2020-12-03,San Mateo,081,765935,16876,14909,19,14928,173
2020-12-03,Santa Barbara,083,443738,12688,11829,243,12072,141
2020-12-03,Santa Clara,085,1922200,43814,36621,116,36737,465
2020-12-03,Santa Cruz,087,273765,5681,4850,83,4933,28
2020-12-03,Shasta,089,179085,6354,5330,322,5652,48
2020-12-03,Sierra,091,2930,19,17,0,17,0
2020-12-03,Siskiyou,093,43540,771,629,49,678,2
2020-12-03,Solano,095,438530,12222,10857,93,10950,87
2020-12-03,Sonoma,097,501317,14029,12772,83,12855,164
2020-12-03,Stanislaus,099,539301,25138,22821,1719,24540,447
2020-12-03,Sutter,101,95872,4431,3727,12,3739,20
2020-12-03,Tehama,103,63373,2089,1832,93,1925,9
2020-12-03,Trinity,105,12862,322,166,36,202,0
2020-12-03,Tulare,107,460477,24357,21993,1913,23906,321
2020-12-03,Tuolumne,109,53932,1356,1105,9,1114,7
2020-12-03,Ventura,111,848112,24481,21555,760,22315,187
2020-12-03,Yolo,113,214977,5829,5069,20,5089,87
2020-12-03,Yuba,115,75493,2513,2182,16,2198,10
2020-12-02,Alameda,001,1643700,34480,30697,428,31125,463
2020-12-02,Alpine,003,1148,56,52,0,52,0
2020-12-02,Amador,005,37829,1061,585,3,588,16
2020-12-02,Butte,007,227075,4752,4243,282,4525,65
2020-12-02,Calaveras,009,45235,619,553,0,553,21
2020-12-02,Colusa,011,21464,902,756,15,771,6
2020-12-02,Contra Costa,013,1133247,27597,25147,195,25342,264
2020-12-02,Del Norte,015,27424,455,384,0,384,2
2020-12-02,El Dorado,017,186661,3527,2638,64,2702,5
2020-12-02,Fresno,019,978130,46963,39324,1844,41168,507
2020-12-02,Glenn,021,27897,1129,995,66,1061,7
2020-12-02,Humboldt,023,135768,1113,899,4,903,9
2020-12-02,Imperial,025,180216,17622,16360,154,16514,356
2020-12-02,Inyo,027,18085,357,314,6,320,15
2020-12-02,Kern,029,883053,45535,41660,1861,43521,479
2020-12-02,Kings,031,150075,12568,11531,244,11775,86
2020-12-02,Lake,033,64148,1166,971,0,971,20
2020-12-02,Lassen,035,31185,2694,2115,9,2124,0
2020-12-02,Los Angeles,037,10098052,452942,408289,7673,415962,7739
2020-12-02,Madera,039,155013,7291,6370,199,6569,57
2020-12-02,Marin,041,260295,8153,7819,38,7857,136
2020-12-02,Mariposa,043,17540,163,131,2,133,2
2020-12-02,Mendocino,045,87422,1710,1524,10,1534,23
2020-12-02,Merced,047,269075,13269,12168,151,12319,173
2020-12-02,Modoc,049,8938,148,113,28,141,0
2020-12-02,Mono,051,14174,618,520,10,530,3
2020-12-02,Monterey,053,433212,17734,16064,309,16373,121
2020-12-02,Napa,055,140530,3817,3298,18,3316,19
2020-12-02,Nevada,057,99092,1810,1430,46,1476,9
2020-12-02,Orange,059,3164182,92176,81046,2831,83877,1569
2020-12-02,Placer,061,380077,9045,6941,196,7137,73
2020-12-02,Plumas,063,18699,272,218,0,218,0
2020-12-02,Riverside,065,2383286,107326,90089,2690,92779,1451
2020-12-02,Sacramento,067,1510023,43705,39334,173,39507,597
2020-12-02,San Benito,069,59416,2170,1921,15,1936,16
2020-12-02,San Bernardino,071,2135413,115393,98567,2288,100855,1240
2020-12-02,San Diego,073,3302833,95159,84640,3748,88388,1035
2020-12-02,San Francisco,075,870044,17211,16058,124,16182,157
2020-12-02,San Joaquin,077,732212,30222,26740,625,27365,519
2020-12-02,San Luis Obispo,079,281455,7210,6324,118,6442,42
2020-12-02,San Mateo,081,765935,16513,14757,18,14775,170
2020-12-02,Santa Barbara,083,443738,12537,11705,231,11936,140
2020-12-02,Santa Clara,085,1922200,42691,35878,116,35994,458
2020-12-02,Santa Cruz,087,273765,5549,4766,80,4846,27
2020-12-02,Shasta,089,179085,6231,5188,305,5493,47
2020-12-02,Sierra,091,2930,19,17,0,17,0
2020-12-02,Siskiyou,093,43540,755,624,47,671,1
2020-12-02,Solano,095,438530,11975,10701,89,10790,87
2020-12-02,Sonoma,097,501317,13789,12635,82,12717,163
2020-12-02,Stanislaus,099,539301,24635,22615,1663,24278,448
2020-12-02,Sutter,101,95872,4272,3604,12,3616,18
2020-12-02,Tehama,103,63373,2044,1800,78,1878,9
2020-12-02,Trinity,105,12862,313,165,35,200,0
2020-12-02,Tulare,107,460477,23974,21789,1835,23624,321
2020-12-02,Tuolumne,109,53932,1315,1076,9,1085,7
2020-12-02,Ventura,111,848112,24068,21208,742,21950,186
2020-12-02,Yolo,113,214977,5721,5053,19,5072,87
2020-12-02,Yuba,115,75493,2435,2119,15,2134,10
2020-12-01,Alameda,001,1643700,33787,30252,418,30670,460
2020-12-01,Alpine,003,1148,56,41,0,41,0
2020-12-01,Amador,005,37829,914,575,2,577,16
2020-12-01,Butte,007,227075,4647,4177,267,4444,65
2020-12-01,Calaveras,009,45235,601,544,0,544,21
2020-12-01,Colusa,011,21464,885,747,15,762,6
2020-12-01,Contra Costa,013,1133247,27026,24788,187,24975,264
2020-12-01,Del Norte,015,27424,427,357,0,357,2
2020-12-01,El Dorado,017,186661,3383,2542,59,2601,4
2020-12-01,Fresno,019,978130,46061,39004,1768,40772,505
2020-12-01,Glenn,021,27897,1108,989,62,1051,7
2020-12-01,Humboldt,023,135768,1083,886,4,890,9
2020-12-01,Imperial,025,180216,17308,16278,151,16429,356
2020-12-01,Inyo,027,18085,351,304,6,310,15
2020-12-01,Kern,029,883053,44733,41345,1734,43079,478
2020-12-01,Kings,031,150075,12253,11415,230,11645,86
2020-12-01,Lake,033,64148,1144,969,0,969,19
2020-12-01,Lassen,035,31185,2528,2047,8,2055,0
2020-12-01,Los Angeles,037,10098052,442567,403266,7359,410625,7704
2020-12-01,Madera,039,155013,7171,6270,189,6459,57
2020-12-01,Marin,041,260295,8082,7787,37,7824,136
2020-12-01,Mariposa,043,17540,158,128,2,130,2
2020-12-01,Mendocino,045,87422,1676,1497,10,1507,23
2020-12-01,Merced,047,269075,13029,12032,142,12174,172
2020-12-01,Modoc,049,8938,143,113,24,137,0
2020-12-01,Mono,051,14174,605,520,10,530,3
2020-12-01,Monterey,053,433212,17226,15835,298,16133,121
2020-12-01,Napa,055,140530,3733,3124,17,3141,19
2020-12-01,Nevada,057,99092,1748,1411,45,1456,9
2020-12-01,Orange,059,3164182,90072,79468,2742,82210,1567
2020-12-01,Placer,061,380077,8720,6794,189,6983,72
2020-12-01,Plumas,063,18699,260,201,0,201,0
2020-12-01,Riverside,065,2383286,104515,88530,2530,91060,1448
2020-12-01,Sacramento,067,1510023,42658,38966,170,39136,589
2020-12-01,San Benito,069,59416,2115,1888,15,1903,15
2020-12-01,San Bernardino,071,2135413,111923,95854,2166,98020,1220
2020-12-01,San Diego,073,3302833,92902,83423,3638,87061,1019
2020-12-01,San Francisco,075,870044,16927,15797,121,15918,157
2020-12-01,San Joaquin,077,732212,29421,26432,604,27036,514
2020-12-01,San Luis Obispo,079,281455,7068,6264,113,6377,40
2020-12-01,San Mateo,081,765935,16188,14495,18,14513,170
2020-12-01,Santa Barbara,083,443738,12397,11611,221,11832,140
2020-12-01,Santa Clara,085,1922200,41436,35397,110,35507,452
2020-12-01,Santa Cruz,087,273765,5391,4638,72,4710,27
2020-12-01,Shasta,089,179085,6106,5077,286,5363,47
2020-12-01,Sierra,091,2930,19,17,0,17,0
2020-12-01,Siskiyou,093,43540,741,608,43,651,1
2020-12-01,Solano,095,438530,11714,10604,84,10688,87
2020-12-01,Sonoma,097,501317,13585,12491,79,12570,163
2020-12-01,Stanislaus,099,539301,24174,22351,1605,23956,447
2020-12-01,Sutter,101,95872,4130,3538,12,3550,17
2020-12-01,Tehama,103,63373,1977,1773,68,1841,9
2020-12-01,Trinity,105,12862,299,165,29,194,0
2020-12-01,Tulare,107,460477,23518,21645,1767,23412,319
2020-12-01,Tuolumne,109,53932,1279,1052,7,1059,7
2020-12-01,Ventura,111,848112,23454,20604,720,21324,186
2020-12-01,Yolo,113,214977,5582,4928,19,4947,86
2020-12-01,Yuba,115,75493,2371,2088,14,2102,10
2020-11-30,Alameda,001,1643700,32968,29972,401,30373,457
2020-11-30,Alpine,003,1148,54,41,0,41,0
2020-11-30,Amador,005,37829,873,559,2,561,16
2020-11-30,Butte,007,227075,4529,4148,251,4399,65
2020-11-30,Calaveras,009,45235,580,478,0,478,21
2020-11-30,Colusa,011,21464,858,737,12,749,6
2020-11-30,Contra Costa,013,1133247,26442,24365,183,24548,264
2020-11-30,Del Norte,015,27424,401,339,0,339,2
2020-11-30,El Dorado,017,186661,3209,2488,53,2541,4
2020-11-30,Fresno,019,978130,44947,38712,1658,40370,500
2020-11-30,Glenn,021,27897,1085,954,57,1011,5
2020-11-30,Humboldt,023,135768,1036,870,4,874,9
2020-11-30,Imperial,025,180216,17050,16212,130,16342,356
2020-11-30,Inyo,027,18085,345,304,5,309,15
2020-11-30,Kern,029,883053,43974,40941,1602,42543,473
2020-11-30,Kings,031,150075,12105,11346,215,11561,85
2020-11-30,Lake,033,64148,1110,939,0,939,18
2020-11-30,Lassen,035,31185,2436,1793,8,1801,0
2020-11-30,Los Angeles,037,10098052,431886,396202,7035,403237,7658
2020-11-30,Madera,039,155013,7006,6210,175,6385,57
2020-11-30,Marin,041,260295,8037,7764,36,7800,136
2020-11-30,Mariposa,043,17540,151,123,2,125,2
2020-11-30,Mendocino,045,87422,1648,1482,10,1492,23
2020-11-30,Merced,047,269075,12754,11913,131,12044,172
2020-11-30,Modoc,049,8938,133,113,24,137,0
2020-11-30,Mono,051,14174,583,519,10,529,3
2020-11-30,Monterey,053,433212,16796,15837,290,16127,119
2020-11-30,Napa,055,140530,3633,3091,17,3108,18
2020-11-30,Nevada,057,99092,1662,1347,42,1389,9
2020-11-30,Orange,059,3164182,87958,78711,2646,81357,1568
2020-11-30,Placer,061,380077,8424,6575,176,6751,72
2020-11-30,Plumas,063,18699,249,192,0,192,0
2020-11-30,Riverside,065,2383286,101523,87722,2385,90107,1446
2020-11-30,Sacramento,067,1510023,41576,37834,161,37995,586
2020-11-30,San Benito,069,59416,2068,1875,14,1889,15
2020-11-30,San Bernardino,071,2135413,108190,92704,2054,94758,1220
2020-11-30,San Diego,073,3302833,90539,82045,3511,85556,997
2020-11-30,San Francisco,075,870044,16629,15638,117,15755,157
2020-11-30,San Joaquin,077,732212,28716,25742,578,26320,509
2020-11-30,San Luis Obispo,079,281455,6934,6224,111,6335,36
2020-11-30,San Mateo,081,765935,15829,14276,18,14294,170
2020-11-30,Santa Barbara,083,443738,12219,11572,213,11785,140
2020-11-30,Santa Clara,085,1922200,40222,35019,109,35128,451
2020-11-30,Santa Cruz,087,273765,5252,4558,69,4627,26
2020-11-30,Shasta,089,179085,5961,4933,258,5191,44
2020-11-30,Sierra,091,2930,19,16,0,16,0
2020-11-30,Siskiyou,093,43540,732,605,39,644,1
2020-11-30,Solano,095,438530,11451,10392,79,10471,87
2020-11-30,Sonoma,097,501317,13340,12232,75,12307,163
2020-11-30,Stanislaus,099,539301,23711,22110,1563,23673,446
2020-11-30,Sutter,101,95872,3974,3430,12,3442,16
2020-11-30,Tehama,103,63373,1928,1724,61,1785,9
2020-11-30,Trinity,105,12862,292,162,29,191,0
2020-11-30,Tulare,107,460477,23129,20833,1674,22507,319
2020-11-30,Tuolumne,109,53932,1235,1027,7,1034,7
2020-11-30,Ventura,111,848112,22699,20308,704,21012,180
2020-11-30,Yolo,113,214977,5465,4894,19,4913,81
2020-11-30,Yuba,115,75493,2312,2028,12,2040,10
2020-11-29,Alameda,001,1643700,32181,29918,379,30297,457
2020-11-29,Alpine,003,1148,51,41,0,41,0
2020-11-29,Amador,005,37829,721,548,2,550,16
2020-11-29,Butte,007,227075,4428,4008,235,4243,65
2020-11-29,Calaveras,009,45235,549,478,0,478,21
2020-11-29,Colusa,011,21464,829,723,8,731,6
2020-11-29,Contra Costa,013,1133247,25935,24165,177,24342,264
2020-11-29,Del Norte,015,27424,395,339,0,339,2
2020-11-29,El Dorado,017,186661,3078,2447,51,2498,4
2020-11-29,Fresno,019,978130,43995,38568,1587,40155,500
2020-11-29,Glenn,021,27897,1062,951,55,1006,4
2020-11-29,Humboldt,023,135768,1007,856,4,860,9
2020-11-29,Imperial,025,180216,16816,16138,105,16243,356
2020-11-29,Inyo,027,18085,328,289,5,294,15
2020-11-29,Kern,029,883053,43211,40596,1454,42050,473
2020-11-29,Kings,031,150075,11954,11247,197,11444,85
2020-11-29,Lake,033,64148,1086,927,0,927,18
2020-11-29,Lassen,035,31185,2333,1793,8,1801,0
2020-11-29,Los Angeles,037,10098052,421479,391162,6742,397904,7642
2020-11-29,Madera,039,155013,6863,6184,169,6353,57
2020-11-29,Marin,041,260295,7971,7739,33,7772,135
2020-11-29,Mariposa,043,17540,147,123,2,125,2
2020-11-29,Mendocino,045,87422,1614,1473,10,1483,23
2020-11-29,Merced,047,269075,12515,11773,122,11895,172
2020-11-29,Modoc,049,8938,129,105,22,127,0
2020-11-29,Mono,051,14174,560,515,9,524,3
2020-11-29,Monterey,053,433212,16483,15621,283,15904,119
2020-11-29,Napa,055,140530,3528,3090,16,3106,18
2020-11-29,Nevada,057,99092,1582,1311,40,1351,9
2020-11-29,Orange,059,3164182,85938,78057,2600,80657,1567
2020-11-29,Placer,061,380077,8126,6535,164,6699,72
2020-11-29,Plumas,063,18699,244,191,0,191,0
2020-11-29,Riverside,065,2383286,99129,87383,2233,89616,1442
2020-11-29,Sacramento,067,1510023,40498,37415,152,37567,585
2020-11-29,San Benito,069,59416,2024,1860,14,1874,15
2020-11-29,San Bernardino,071,2135413,104836,92052,1938,93990,1223
2020-11-29,San Diego,073,3302833,88128,81086,3358,84444,997
2020-11-29,San Francisco,075,870044,16347,15571,112,15683,153
2020-11-29,San Joaquin,077,732212,27968,25740,572,26312,509
2020-11-29,San Luis Obispo,079,281455,6811,6145,111,6256,36
2020-11-29,San Mateo,081,765935,15497,14177,18,14195,169
2020-11-29,Santa Barbara,083,443738,12064,11520,209,11729,140
2020-11-29,Santa Clara,085,1922200,39010,34234,103,34337,451
2020-11-29,Santa Cruz,087,273765,5092,4490,67,4557,26
2020-11-29,Shasta,089,179085,5789,4935,230,5165,43
2020-11-29,Sierra,091,2930,19,16,0,16,0
2020-11-29,Siskiyou,093,43540,709,590,37,627,1
2020-11-29,Solano,095,438530,11218,10393,75,10468,87
2020-11-29,Sonoma,097,501317,13088,12052,71,12123,163
2020-11-29,Stanislaus,099,539301,23215,21701,1529,23230,446
2020-11-29,Sutter,101,95872,3859,3297,12,3309,16
2020-11-29,Tehama,103,63373,1877,1710,47,1757,9
2020-11-29,Trinity,105,12862,289,159,27,186,0
2020-11-29,Tulare,107,460477,22760,20793,1599,22392,319
2020-11-29,Tuolumne,109,53932,1198,988,7,995,7
2020-11-29,Ventura,111,848112,22014,19952,692,20644,179
2020-11-29,Yolo,113,214977,5328,4830,18,4848,80
2020-11-29,Yuba,115,75493,2255,1959,12,1971,10
2020-11-28,Alameda,001,1643700,31871,29368,374,29742,456
2020-11-28,Alpine,003,1148,51,41,0,41,0
2020-11-28,Amador,005,37829,644,536,2,538,16
2020-11-28,Butte,007,227075,4370,3894,231,4125,65
2020-11-28,Calaveras,009,45235,543,478,0,478,21
2020-11-28,Colusa,011,21464,820,711,6,717,6
2020-11-28,Contra Costa,013,1133247,25602,23798,173,23971,264
2020-11-28,Del Norte,015,27424,385,328,0,328,2
2020-11-28,El Dorado,017,186661,3010,2415,45,2460,4
2020-11-28,Fresno,019,978130,43648,38288,1549,39837,500
2020-11-28,Glenn,021,27897,1051,925,51,976,4
2020-11-28,Humboldt,023,135768,972,844,4,848,9
2020-11-28,Imperial,025,180216,16747,16019,103,16122,356
2020-11-28,Inyo,027,18085,320,289,5,294,15
2020-11-28,Kern,029,883053,42848,40255,1366,41621,473
2020-11-28,Kings,031,150075,11889,11070,190,11260,85
2020-11-28,Lake,033,64148,1070,920,0,920,18
2020-11-28,Lassen,035,31185,2266,1714,8,1722,0
2020-11-28,Los Angeles,037,10098052,416557,386194,6586,392780,7625
2020-11-28,Madera,039,155013,6760,6119,162,6281,57
2020-11-28,Marin,041,260295,7941,7696,29,7725,135
2020-11-28,Mariposa,043,17540,144,120,2,122,2
2020-11-28,Mendocino,045,87422,1583,1458,10,1468,22
2020-11-28,Merced,047,269075,12415,11688,116,11804,172
2020-11-28,Modoc,049,8938,126,103,22,125,0
2020-11-28,Mono,051,14174,554,505,9,514,3
2020-11-28,Monterey,053,433212,16317,15328,279,15607,118
2020-11-28,Napa,055,140530,3477,3033,16,3049,18
2020-11-28,Nevada,057,99092,1553,1272,38,1310,9
2020-11-28,Orange,059,3164182,84838,76882,2553,79435,1568
2020-11-28,Placer,061,380077,7965,6497,161,6658,70
2020-11-28,Plumas,063,18699,237,188,0,188,0
2020-11-28,Riverside,065,2383286,97721,86854,2132,88986,1440
2020-11-28,Sacramento,067,1510023,39921,36905,148,37053,580
2020-11-28,San Benito,069,59416,1979,1835,14,1849,15
2020-11-28,San Bernardino,071,2135413,103434,91183,1836,93019,1224
2020-11-28,San Diego,073,3302833,86874,80020,3274,83294,997
2020-11-28,San Francisco,075,870044,16172,15450,105,15555,153
2020-11-28,San Joaquin,077,732212,27767,25742,557,26299,509
2020-11-28,San Luis Obispo,079,281455,6741,6106,107,6213,36
2020-11-28,San Mateo,081,765935,15307,14040,18,14058,169
2020-11-28,Santa Barbara,083,443738,11962,11481,204,11685,140
2020-11-28,Santa Clara,085,1922200,38259,33701,101,33802,449
2020-11-28,Santa Cruz,087,273765,5016,4426,67,4493,26
2020-11-28,Shasta,089,179085,5712,4882,223,5105,43
2020-11-28,Sierra,091,2930,19,16,0,16,0
2020-11-28,Siskiyou,093,43540,699,558,34,592,1
2020-11-28,Solano,095,438530,11096,10252,73,10325,87
2020-11-28,Sonoma,097,501317,12984,12008,62,12070,162
2020-11-28,Stanislaus,099,539301,22976,21574,1495,23069,446
2020-11-28,Sutter,101,95872,3775,3244,12,3256,15
2020-11-28,Tehama,103,63373,1859,1678,43,1721,9
2020-11-28,Trinity,105,12862,286,157,25,182,0
2020-11-28,Tulare,107,460477,22562,20701,1557,22258,319
2020-11-28,Tuolumne,109,53932,1176,976,7,983,7
2020-11-28,Ventura,111,848112,21716,19510,682,20192,179
2020-11-28,Yolo,113,214977,5251,4739,16,4755,80
2020-11-28,Yuba,115,75493,2200,1912,12,1924,10
2020-11-27,Alameda,001,1643700,31428,29064,364,29428,450
2020-11-27,Alpine,003,1148,51,41,0,41,0
2020-11-27,Amador,005,37829,597,498,1,499,16
2020-11-27,Butte,007,227075,4329,3894,225,4119,65
2020-11-27,Calaveras,009,45235,534,478,0,478,21
2020-11-27,Colusa,011,21464,803,694,4,698,6
2020-11-27,Contra Costa,013,1133247,25341,23463,167,23630,264
2020-11-27,Del Norte,015,27424,379,307,0,307,2
2020-11-27,El Dorado,017,186661,2939,2238,42,2280,4
2020-11-27,Fresno,019,978130,43243,37994,1493,39487,500
2020-11-27,Glenn,021,27897,1038,891,46,937,4
2020-11-27,Humboldt,023,135768,953,795,3,798,9
2020-11-27,Imperial,025,180216,16679,15960,95,16055,356
2020-11-27,Inyo,027,18085,314,289,5,294,15
2020-11-27,Kern,029,883053,42425,39707,1296,41003,473
2020-11-27,Kings,031,150075,11804,10667,172,10839,85
2020-11-27,Lake,033,64148,1034,909,0,909,18
2020-11-27,Lassen,035,31185,2254,1714,8,1722,0
2020-11-27,Los Angeles,037,10098052,410039,382740,6436,389176,7606
2020-11-27,Madera,039,155013,6688,6050,157,6207,57
2020-11-27,Marin,041,260295,7899,7660,29,7689,135
2020-11-27,Mariposa,043,17540,142,118,2,120,2
2020-11-27,Mendocino,045,87422,1569,1387,9,1396,22
2020-11-27,Merced,047,269075,12309,11550,109,11659,172
2020-11-27,Modoc,049,8938,125,100,22,122,0
2020-11-27,Mono,051,14174,550,498,9,507,3
2020-11-27,Monterey,053,433212,16149,14753,279,15032,113
2020-11-27,Napa,055,140530,3437,2988,16,3004,18
2020-11-27,Nevada,057,99092,1523,1184,36,1220,9
2020-11-27,Orange,059,3164182,83551,75151,2514,77665,1568
2020-11-27,Placer,061,380077,7805,6283,151,6434,68
2020-11-27,Plumas,063,18699,234,188,0,188,0
2020-11-27,Riverside,065,2383286,96110,85769,1980,87749,1440
2020-11-27,Sacramento,067,1510023,39300,36579,144,36723,579
2020-11-27,San Benito,069,59416,1945,1805,13,1818,15
2020-11-27,San Bernardino,071,2135413,101915,90254,1755,92009,1224
2020-11-27,San Diego,073,3302833,85680,78161,3185,81346,996
2020-11-27,San Francisco,075,870044,16016,15377,103,15480,153
2020-11-27,San Joaquin,077,732212,27543,25741,537,26278,509
2020-11-27,San Luis Obispo,079,281455,6658,6039,104,6143,36
2020-11-27,San Mateo,081,765935,15105,13872,17,13889,169
2020-11-27,Santa Barbara,083,443738,11869,11340,201,11541,140
2020-11-27,Santa Clara,085,1922200,37584,32935,94,33029,449
2020-11-27,Santa Cruz,087,273765,4945,4358,65,4423,26
2020-11-27,Shasta,089,179085,5635,4710,210,4920,43
2020-11-27,Sierra,091,2930,18,16,0,16,0
2020-11-27,Siskiyou,093,43540,684,554,31,585,1
2020-11-27,Solano,095,438530,10977,10044,70,10114,87
2020-11-27,Sonoma,097,501317,12851,11924,60,11984,162
2020-11-27,Stanislaus,099,539301,22747,21185,1466,22651,446
2020-11-27,Sutter,101,95872,3707,3101,12,3113,15
2020-11-27,Tehama,103,63373,1833,1649,39,1688,9
2020-11-27,Trinity,105,12862,282,151,25,176,0
2020-11-27,Tulare,107,460477,22372,20634,1500,22134,319
2020-11-27,Tuolumne,109,53932,1144,881,7,888,7
2020-11-27,Ventura,111,848112,21392,19379,660,20039,179
2020-11-27,Yolo,113,214977,5200,4737,16,4753,79
2020-11-27,Yuba,115,75493,2171,1864,11,1875,10
2020-11-26,Alameda,001,1643700,31014,28797,346,29143,447
2020-11-26,Alpine,003,1148,51,41,0,41,0
2020-11-26,Amador,005,37829,589,488,1,489,16
2020-11-26,Butte,007,227075,4266,3894,219,4113,65
2020-11-26,Calaveras,009,45235,507,478,0,478,21
2020-11-26,Colusa,011,21464,789,694,4,698,6
2020-11-26,Contra Costa,013,1133247,25008,23468,161,23629,264
2020-11-26,Del Norte,015,27424,368,307,0,307,2
2020-11-26,El Dorado,017,186661,2858,2217,40,2257,4
2020-11-26,Fresno,019,978130,42837,37724,1448,39172,500
2020-11-26,Glenn,021,27897,1022,892,44,936,4
2020-11-26,Humboldt,023,135768,930,795,2,797,9
2020-11-26,Imperial,025,180216,16565,15722,92,15814,355
2020-11-26,Inyo,027,18085,312,289,5,294,15
2020-11-26,Kern,029,883053,41975,39123,1236,40359,471
2020-11-26,Kings,031,150075,11749,10475,160,10635,85
2020-11-26,Lake,033,64148,1021,890,0,890,18
2020-11-26,Lassen,035,31185,2239,1714,8,1722,0
2020-11-26,Los Angeles,037,10098052,404878,378340,6202,384542,7581
2020-11-26,Madera,039,155013,6609,6003,152,6155,57
2020-11-26,Marin,041,260295,7861,7610,29,7639,135
2020-11-26,Mariposa,043,17540,137,116,2,118,2
2020-11-26,Mendocino,045,87422,1555,1387,7,1394,22
2020-11-26,Merced,047,269075,12161,11440,107,11547,172
2020-11-26,Modoc,049,8938,123,100,22,122,0
2020-11-26,Mono,051,14174,542,485,9,494,2
2020-11-26,Monterey,053,433212,15913,14750,271,15021,113
2020-11-26,Napa,055,140530,3373,2988,16,3004,18
2020-11-26,Nevada,057,99092,1478,1184,36,1220,9
2020-11-26,Orange,059,3164182,82164,74264,2454,76718,1563
2020-11-26,Placer,061,380077,7642,6278,142,6420,68
2020-11-26,Plumas,063,18699,226,188,0,188,0
2020-11-26,Riverside,065,2383286,94509,85774,1856,87630,1440
2020-11-26,Sacramento,067,1510023,38657,35854,136,35990,580
2020-11-26,San Benito,069,59416,1918,1769,13,1782,15
2020-11-26,San Bernardino,071,2135413,100262,89727,1662,91389,1223
2020-11-26,San Diego,073,3302833,84070,76359,3081,79440,996
2020-11-26,San Francisco,075,870044,15880,15156,99,15255,153
2020-11-26,San Joaquin,077,732212,27288,25738,525,26263,509
2020-11-26,San Luis Obispo,079,281455,6565,5964,101,6065,36
2020-11-26,San Mateo,081,765935,14916,13715,16,13731,169
2020-11-26,Santa Barbara,083,443738,11788,11277,200,11477,139
2020-11-26,Santa Clara,085,1922200,36938,32411,87,32498,446
2020-11-26,Santa Cruz,087,273765,4812,4269,59,4328,26
2020-11-26,Shasta,089,179085,5552,4712,198,4910,43
2020-11-26,Sierra,091,2930,18,15,0,15,0
2020-11-26,Siskiyou,093,43540,674,526,31,557,1
2020-11-26,Solano,095,438530,10832,9941,68,10009,87
2020-11-26,Sonoma,097,501317,12703,11922,58,11980,162
2020-11-26,Stanislaus,099,539301,22515,21186,1426,22612,445
2020-11-26,Sutter,101,95872,3613,3101,11,3112,15
2020-11-26,Tehama,103,63373,1793,1612,36,1648,9
2020-11-26,Trinity,105,12862,278,139,25,164,0
2020-11-26,Tulare,107,460477,22132,20649,1439,22088,319
2020-11-26,Tuolumne,109,53932,1116,871,7,878,7
2020-11-26,Ventura,111,848112,20896,19058,646,19704,179
2020-11-26,Yolo,113,214977,5113,4566,16,4582,76
2020-11-26,Yuba,115,75493,2111,1865,9,1874,10
2020-11-25,Alameda,001,1643700,30799,28378,338,28716,447
2020-11-25,Alpine,003,1148,51,41,0,41,0
2020-11-25,Amador,005,37829,579,484,1,485,16
2020-11-25,Butte,007,227075,4235,3848,216,4064,64
2020-11-25,Calaveras,009,45235,504,475,0,475,21
2020-11-25,Colusa,011,21464,772,693,4,697,6
2020-11-25,Contra Costa,013,1133247,24852,23307,160,23467,263
2020-11-25,Del Norte,015,27424,367,304,0,304,2
2020-11-25,El Dorado,017,186661,2822,2154,40,2194,4
2020-11-25,Fresno,019,978130,42604,37349,1426,38775,494
2020-11-25,Glenn,021,27897,1005,891,42,933,4
2020-11-25,Humboldt,023,135768,922,777,2,779,9
2020-11-25,Imperial,025,180216,16493,15640,91,15731,355
2020-11-25,Inyo,027,18085,310,289,5,294,15
2020-11-25,Kern,029,883053,41819,38878,1219,40097,467
2020-11-25,Kings,031,150075,11714,10417,156,10573,85
2020-11-25,Lake,033,64148,1004,878,0,878,18
2020-11-25,Lassen,035,31185,2196,1701,8,1709,0
2020-11-25,Los Angeles,037,10098052,401850,373919,6100,380019,7545
2020-11-25,Madera,039,155013,6586,5989,149,6138,57
2020-11-25,Marin,041,260295,7832,7601,28,7629,135
2020-11-25,Mariposa,043,17540,136,114,2,116,2
2020-11-25,Mendocino,045,87422,1536,1373,7,1380,22
2020-11-25,Merced,047,269075,12103,11346,107,11453,172
2020-11-25,Modoc,049,8938,123,96,22,118,0
2020-11-25,Mono,051,14174,537,487,9,496,2
2020-11-25,Monterey,053,433212,15798,14695,269,14964,113
2020-11-25,Napa,055,140530,3340,2945,16,2961,17
2020-11-25,Nevada,057,99092,1460,1170,34,1204,9
2020-11-25,Orange,059,3164182,81408,73014,2434,75448,1551
2020-11-25,Placer,061,380077,7566,6221,141,6362,68
2020-11-25,Plumas,063,18699,221,183,0,183,0
2020-11-25,Riverside,065,2383286,93965,85077,1838,86915,1438
2020-11-25,Sacramento,067,1510023,38321,35687,133,35820,574
2020-11-25,San Benito,069,59416,1895,1764,13,1777,15
2020-11-25,San Bernardino,071,2135413,99421,88469,1633,90102,1225
2020-11-25,San Diego,073,3302833,83413,75307,3045,78352,988
2020-11-25,San Francisco,075,870044,15773,15053,97,15150,153
2020-11-25,San Joaquin,077,732212,27160,25556,513,26069,515
2020-11-25,San Luis Obispo,079,281455,6522,5913,101,6014,34
2020-11-25,San Mateo,081,765935,14801,13614,16,13630,170
2020-11-25,Santa Barbara,083,443738,11738,11183,200,11383,138
2020-11-25,Santa Clara,085,1922200,36488,32032,86,32118,442
2020-11-25,Santa Cruz,087,273765,4759,4202,58,4260,25
2020-11-25,Shasta,089,179085,5506,4588,191,4779,43
2020-11-25,Sierra,091,2930,18,15,0,15,0
2020-11-25,Siskiyou,093,43540,667,499,31,530,1
2020-11-25,Solano,095,438530,10727,9832,67,9899,87
2020-11-25,Sonoma,097,501317,12640,11775,57,11832,162
2020-11-25,Stanislaus,099,539301,22383,21022,1399,22421,445
2020-11-25,Sutter,101,95872,3569,3064,11,3075,14
2020-11-25,Tehama,103,63373,1780,1587,30,1617,9
2020-11-25,Trinity,105,12862,276,135,25,160,0
2020-11-25,Tulare,107,460477,22042,20528,1409,21937,318
2020-11-25,Tuolumne,109,53932,1099,842,7,849,7
2020-11-25,Ventura,111,848112,20801,18914,640,19554,179
2020-11-25,Yolo,113,214977,5076,4527,16,4543,76
2020-11-25,Yuba,115,75493,2085,1840,9,1849,10
2020-11-24,Alameda,001,1643700,30323,28030,327,28357,444
2020-11-24,Alpine,003,1148,51,41,0,41,0
2020-11-24,Amador,005,37829,554,470,1,471,16
2020-11-24,Butte,007,227075,4149,3798,208,4006,63
2020-11-24,Calaveras,009,45235,498,466,0,466,21
2020-11-24,Colusa,011,21464,754,682,4,686,6
2020-11-24,Contra Costa,013,1133247,24499,23072,154,23226,259
2020-11-24,Del Norte,015,27424,358,298,0,298,2
2020-11-24,El Dorado,017,186661,2717,2005,39,2044,4
2020-11-24,Fresno,019,978130,42201,37021,1351,38372,493
2020-11-24,Glenn,021,27897,987,883,38,921,4
2020-11-24,Humboldt,023,135768,903,774,2,776,9
2020-11-24,Imperial,025,180216,16389,15600,86,15686,355
2020-11-24,Inyo,027,18085,309,282,5,287,15
2020-11-24,Kern,029,883053,41345,38551,1143,39694,465
2020-11-24,Kings,031,150075,11447,10338,143,10481,85
2020-11-24,Lake,033,64148,988,872,0,872,18
2020-11-24,Lassen,035,31185,2173,1657,8,1665,0
2020-11-24,Los Angeles,037,10098052,395540,370008,5869,375877,7501
2020-11-24,Madera,039,155013,6503,5881,142,6023,57
2020-11-24,Marin,041,260295,7785,7591,28,7619,135
2020-11-24,Mariposa,043,17540,126,114,1,115,2
2020-11-24,Mendocino,045,87422,1514,1346,6,1352,22
2020-11-24,Merced,047,269075,11915,11268,101,11369,171
2020-11-24,Modoc,049,8938,119,91,22,113,0
2020-11-24,Mono,051,14174,533,483,9,492,2
2020-11-24,Monterey,053,433212,15536,14354,260,14614,113
2020-11-24,Napa,055,140530,3273,2904,16,2920,17
2020-11-24,Nevada,057,99092,1396,1156,32,1188,9
2020-11-24,Orange,059,3164182,79968,71975,2357,74332,1547
2020-11-24,Placer,061,380077,7385,6147,134,6281,67
2020-11-24,Plumas,063,18699,218,180,0,180,0
2020-11-24,Riverside,065,2383286,92205,83685,1712,85397,1420
2020-11-24,Sacramento,067,1510023,37641,35097,126,35223,568
2020-11-24,San Benito,069,59416,1864,1740,12,1752,15
2020-11-24,San Bernardino,071,2135413,97081,86645,1532,88177,1226
2020-11-24,San Diego,073,3302833,82003,74363,2974,77337,984
2020-11-24,San Francisco,075,870044,15578,14874,93,14967,153
2020-11-24,San Joaquin,077,732212,26847,25318,486,25804,517
2020-11-24,San Luis Obispo,079,281455,6459,5805,100,5905,34
2020-11-24,San Mateo,081,765935,14592,13558,15,13573,170
2020-11-24,Santa Barbara,083,443738,11632,11154,199,11353,138
2020-11-24,Santa Clara,085,1922200,35700,31564,82,31646,438
2020-11-24,Santa Cruz,087,273765,4646,4132,57,4189,25
2020-11-24,Shasta,089,179085,5406,4410,172,4582,43
2020-11-24,Sierra,091,2930,18,15,0,15,0
2020-11-24,Siskiyou,093,43540,649,473,28,501,1
2020-11-24,Solano,095,438530,10555,9716,66,9782,86
2020-11-24,Sonoma,097,501317,12461,11644,54,11698,162
2020-11-24,Stanislaus,099,539301,22141,20830,1356,22186,438
2020-11-24,Sutter,101,95872,3463,2974,11,2985,14
2020-11-24,Tehama,103,63373,1736,1565,25,1590,9
2020-11-24,Trinity,105,12862,269,129,24,153,0
2020-11-24,Tulare,107,460477,21792,20319,1348,21667,315
2020-11-24,Tuolumne,109,53932,1070,832,7,839,7
2020-11-24,Ventura,111,848112,20420,18637,630,19267,179
2020-11-24,Yolo,113,214977,4990,4420,16,4436,76
2020-11-24,Yuba,115,75493,2034,1804,7,1811,10
2020-11-23,Alameda,001,1643700,29906,27718,315,28033,444
2020-11-23,Alpine,003,1148,49,41,0,41,0
2020-11-23,Amador,005,37829,513,457,1,458,16
2020-11-23,Butte,007,227075,4085,3765,202,3967,61
2020-11-23,Calaveras,009,45235,481,434,0,434,21
2020-11-23,Colusa,011,21464,740,662,4,666,6
2020-11-23,Contra Costa,013,1133247,24231,22674,149,22823,260
2020-11-23,Del Norte,015,27424,336,296,0,296,2
2020-11-23,El Dorado,017,186661,2597,2005,38,2043,4
2020-11-23,Fresno,019,978130,41753,36688,1290,37978,488
2020-11-23,Glenn,021,27897,961,853,38,891,4
2020-11-23,Humboldt,023,135768,890,746,2,748,9
2020-11-23,Imperial,025,180216,16226,15104,81,15185,355
2020-11-23,Inyo,027,18085,302,279,5,284,15
2020-11-23,Kern,029,883053,40832,38245,1080,39325,463
2020-11-23,Kings,031,150075,11027,10204,137,10341,85
2020-11-23,Lake,033,64148,965,840,0,840,18
2020-11-23,Lassen,035,31185,2093,1271,7,1278,0
2020-11-23,Los Angeles,037,10098052,389436,366374,5623,371997,7447
2020-11-23,Madera,039,155013,6378,5787,138,5925,56
2020-11-23,Marin,041,260295,7742,7543,28,7571,135
2020-11-23,Mariposa,043,17540,125,97,1,98,2
2020-11-23,Mendocino,045,87422,1484,1330,6,1336,22
2020-11-23,Merced,047,269075,11727,11148,98,11246,169
2020-11-23,Modoc,049,8938,105,91,21,112,0
2020-11-23,Mono,051,14174,520,480,9,489,2
2020-11-23,Monterey,053,433212,15257,14265,254,14519,112
2020-11-23,Napa,055,140530,3206,2811,16,2827,17
2020-11-23,Nevada,057,99092,1307,1087,32,1119,9
2020-11-23,Orange,059,3164182,78564,71074,2313,73387,1546
2020-11-23,Placer,061,380077,7183,5999,133,6132,66
2020-11-23,Plumas,063,18699,214,172,0,172,0
2020-11-23,Riverside,065,2383286,90427,82175,1648,83823,1415
2020-11-23,Sacramento,067,1510023,37070,34141,120,34261,556
2020-11-23,San Benito,069,59416,1837,1729,11,1740,15
2020-11-23,San Bernardino,071,2135413,94972,84387,1468,85855,1224
2020-11-23,San Diego,073,3302833,80540,72817,2886,75703,968
2020-11-23,San Francisco,075,870044,15420,14646,91,14737,153
2020-11-23,San Joaquin,077,732212,26497,24622,482,25104,517
2020-11-23,San Luis Obispo,079,281455,6377,5772,98,5870,34
2020-11-23,San Mateo,081,765935,14402,13364,15,13379,170
2020-11-23,Santa Barbara,083,443738,11525,10944,195,11139,137
2020-11-23,Santa Clara,085,1922200,35046,31064,79,31143,435
2020-11-23,Santa Cruz,087,273765,4536,4003,53,4056,25
2020-11-23,Shasta,089,179085,5288,4100,160,4260,43
2020-11-23,Sierra,091,2930,17,15,0,15,0
2020-11-23,Siskiyou,093,43540,622,460,28,488,0
2020-11-23,Solano,095,438530,10398,9394,63,9457,86
2020-11-23,Sonoma,097,501317,12288,11507,50,11557,160
2020-11-23,Stanislaus,099,539301,21848,20487,1324,21811,436
2020-11-23,Sutter,101,95872,3326,2840,10,2850,14
2020-11-23,Tehama,103,63373,1687,1526,21,1547,9
2020-11-23,Trinity,105,12862,260,120,22,142,0
2020-11-23,Tulare,107,460477,21498,19818,1283,21101,315
2020-11-23,Tuolumne,109,53932,1030,774,7,781,7
2020-11-23,Ventura,111,848112,20045,18480,617,19097,179
2020-11-23,Yolo,113,214977,4909,4265,15,4280,75
2020-11-23,Yuba,115,75493,1967,1702,7,1709,10
2020-11-22,Alameda,001,1643700,29469,27472,304,27776,444
2020-11-22,Alpine,003,1148,46,41,0,41,0
2020-11-22,Amador,005,37829,501,450,1,451,16
2020-11-22,Butte,007,227075,4035,3712,194,3906,61
2020-11-22,Calaveras,009,45235,473,434,0,434,21
2020-11-22,Colusa,011,21464,722,642,3,645,6
2020-11-22,Contra Costa,013,1133247,23926,22407,144,22551,260
2020-11-22,Del Norte,015,27424,312,271,0,271,2
2020-11-22,El Dorado,017,186661,2487,1917,34,1951,4
2020-11-22,Fresno,019,978130,41269,36315,1235,37550,488
2020-11-22,Glenn,021,27897,939,832,34,866,4
2020-11-22,Humboldt,023,135768,874,729,2,731,9
2020-11-22,Imperial,025,180216,16022,15109,36,15145,355
2020-11-22,Inyo,027,18085,295,279,5,284,15
2020-11-22,Kern,029,883053,40253,37904,1047,38951,463
2020-11-22,Kings,031,150075,10928,10035,128,10163,85
2020-11-22,Lake,033,64148,943,834,0,834,18
2020-11-22,Lassen,035,31185,1928,1211,6,1217,0
2020-11-22,Los Angeles,037,10098052,383154,360341,5380,365721,7438
2020-11-22,Madera,039,155013,6296,5745,127,5872,56
2020-11-22,Marin,041,260295,7708,7506,27,7533,135
2020-11-22,Mariposa,043,17540,124,95,1,96,2
2020-11-22,Mendocino,045,87422,1460,1285,5,1290,22
2020-11-22,Merced,047,269075,11578,10939,98,11037,169
2020-11-22,Modoc,049,8938,104,87,19,106,0
2020-11-22,Mono,051,14174,505,481,9,490,2
2020-11-22,Monterey,053,433212,15016,13887,249,14136,111
2020-11-22,Napa,055,140530,3126,2778,16,2794,17
2020-11-22,Nevada,057,99092,1249,1052,32,1084,9
2020-11-22,Orange,059,3164182,77151,69913,2275,72188,1546
2020-11-22,Placer,061,380077,6957,5880,123,6003,66
2020-11-22,Plumas,063,18699,201,172,0,172,0
2020-11-22,Riverside,065,2383286,88828,81565,1589,83154,1409
2020-11-22,Sacramento,067,1510023,36336,33421,107,33528,555
2020-11-22,San Benito,069,59416,1808,1704,11,1715,15
2020-11-22,San Bernardino,071,2135413,92633,83505,1398,84903,1224
2020-11-22,San Diego,073,3302833,78803,71649,2811,74460,968
2020-11-22,San Francisco,075,870044,15249,14515,90,14605,153
2020-11-22,San Joaquin,077,732212,26197,24619,470,25089,517
2020-11-22,San Luis Obispo,079,281455,6270,5664,97,5761,34
2020-11-22,San Mateo,081,765935,14197,13228,15,13243,170
2020-11-22,Santa Barbara,083,443738,11390,10946,190,11136,137
2020-11-22,Santa Clara,085,1922200,34368,30633,77,30710,434
2020-11-22,Santa Cruz,087,273765,4454,3896,46,3942,25
2020-11-22,Shasta,089,179085,5132,4100,142,4242,43
2020-11-22,Sierra,091,2930,17,13,0,13,0
2020-11-22,Siskiyou,093,43540,591,411,28,439,0
2020-11-22,Solano,095,438530,10224,9363,59,9422,86
2020-11-22,Sonoma,097,501317,12130,11415,48,11463,159
2020-11-22,Stanislaus,099,539301,21523,20223,1294,21517,436
2020-11-22,Sutter,101,95872,3209,2677,10,2687,13
2020-11-22,Tehama,103,63373,1650,1457,17,1474,9
2020-11-22,Trinity,105,12862,254,114,22,136,0
2020-11-22,Tulare,107,460477,21245,19818,1217,21035,314
2020-11-22,Tuolumne,109,53932,1004,689,7,696,7
2020-11-22,Ventura,111,848112,19684,18105,604,18709,179
2020-11-22,Yolo,113,214977,4809,4206,15,4221,75
2020-11-22,Yuba,115,75493,1914,1672,7,1679,10
2020-11-21,Alameda,001,1643700,29282,27424,302,27726,444
2020-11-21,Alpine,003,1148,46,41,0,41,0
2020-11-21,Amador,005,37829,487,450,1,451,16
2020-11-21,Butte,007,227075,3987,3664,191,3855,61
2020-11-21,Calaveras,009,45235,465,434,0,434,21
2020-11-21,Colusa,011,21464,713,642,3,645,6
2020-11-21,Contra Costa,013,1133247,23772,22338,142,22480,260
2020-11-21,Del Norte,015,27424,307,271,0,271,2
2020-11-21,El Dorado,017,186661,2438,1900,33,1933,4
2020-11-21,Fresno,019,978130,41014,35973,1200,37173,482
2020-11-21,Glenn,021,27897,934,829,32,861,4
2020-11-21,Humboldt,023,135768,864,728,2,730,9
2020-11-21,Imperial,025,180216,15942,15053,36,15089,355
2020-11-21,Inyo,027,18085,293,283,5,288,15
2020-11-21,Kern,029,883053,39997,37403,1012,38415,463
2020-11-21,Kings,031,150075,10880,10019,124,10143,85
2020-11-21,Lake,033,64148,930,832,0,832,18
2020-11-21,Lassen,035,31185,1861,1211,6,1217,0
2020-11-21,Los Angeles,037,10098052,379969,357754,5240,362994,7428
2020-11-21,Madera,039,155013,6258,5706,127,5833,56
2020-11-21,Marin,041,260295,7685,7488,26,7514,134
2020-11-21,Mariposa,043,17540,124,92,1,93,2
2020-11-21,Mendocino,045,87422,1429,1282,5,1287,22
2020-11-21,Merced,047,269075,11517,10849,97,10946,169
2020-11-21,Modoc,049,8938,100,87,18,105,0
2020-11-21,Mono,051,14174,500,469,9,478,2
2020-11-21,Monterey,053,433212,14918,13886,244,14130,110
2020-11-21,Napa,055,140530,3092,2757,16,2773,17
2020-11-21,Nevada,057,99092,1237,1018,31,1049,9
2020-11-21,Orange,059,3164182,76349,69021,2245,71266,1543
2020-11-21,Placer,061,380077,6843,5778,120,5898,65
2020-11-21,Plumas,063,18699,196,172,0,172,0
2020-11-21,Riverside,065,2383286,88051,80676,1543,82219,1407
2020-11-21,Sacramento,067,1510023,35940,33133,99,33232,548
2020-11-21,San Benito,069,59416,1789,1691,11,1702,15
2020-11-21,San Bernardino,071,2135413,91756,83206,1322,84528,1222
2020-11-21,San Diego,073,3302833,78024,70711,2756,73467,966
2020-11-21,San Francisco,075,870044,15145,14445,89,14534,153
2020-11-21,San Joaquin,077,732212,26064,24620,455,25075,517
2020-11-21,San Luis Obispo,079,281455,6217,5618,94,5712,34
2020-11-21,San Mateo,081,765935,14096,13138,15,13153,170
2020-11-21,Santa Barbara,083,443738,11338,10922,187,11109,137
2020-11-21,Santa Clara,085,1922200,33984,30377,74,30451,433
2020-11-21,Santa Cruz,087,273765,4397,3898,46,3944,25
2020-11-21,Shasta,089,179085,5059,4095,139,4234,42
2020-11-21,Sierra,091,2930,17,13,0,13,0
2020-11-21,Siskiyou,093,43540,575,403,28,431,0
2020-11-21,Solano,095,438530,10134,9290,56,9346,86
2020-11-21,Sonoma,097,501317,12055,11394,47,11441,158
2020-11-21,Stanislaus,099,539301,21380,20111,1270,21381,435
2020-11-21,Sutter,101,95872,3149,2615,9,2624,13
2020-11-21,Tehama,103,63373,1630,1435,16,1451,9
2020-11-21,Trinity,105,12862,251,110,22,132,0
2020-11-21,Tulare,107,460477,21118,19752,1183,20935,313
2020-11-21,Tuolumne,109,53932,985,690,7,697,7
2020-11-21,Ventura,111,848112,19521,18040,594,18634,177
2020-11-21,Yolo,113,214977,4735,4147,14,4161,75
2020-11-21,Yuba,115,75493,1882,1643,7,1650,10
2020-11-20,Alameda,001,1643700,29068,27221,295,27516,444
2020-11-20,Alpine,003,1148,46,20,0,20,0
2020-11-20,Amador,005,37829,483,446,1,447,16
2020-11-20,Butte,007,227075,3955,3618,187,3805,60
2020-11-20,Calaveras,009,45235,455,424,0,424,21
2020-11-20,Colusa,011,21464,705,631,2,633,6
2020-11-20,Contra Costa,013,1133247,23586,22116,138,22254,260
2020-11-20,Del Norte,015,27424,304,264,0,264,2
2020-11-20,El Dorado,017,186661,2342,1868,31,1899,4
2020-11-20,Fresno,019,978130,40720,35635,1171,36806,480
2020-11-20,Glenn,021,27897,922,826,30,856,4
2020-11-20,Humboldt,023,135768,855,714,1,715,9
2020-11-20,Imperial,025,180216,15878,14864,32,14896,353
2020-11-20,Inyo,027,18085,291,262,5,267,15
2020-11-20,Kern,029,883053,39703,37143,987,38130,462
2020-11-20,Kings,031,150075,10832,9903,123,10026,85
2020-11-20,Lake,033,64148,921,820,0,820,18
2020-11-20,Lassen,035,31185,1776,1212,5,1217,0
2020-11-20,Los Angeles,037,10098052,376072,353554,5078,358632,7398
2020-11-20,Madera,039,155013,6164,5635,126,5761,54
2020-11-20,Marin,041,260295,7661,7467,25,7492,134
2020-11-20,Mariposa,043,17540,116,89,1,90,2
2020-11-20,Mendocino,045,87422,1409,1269,5,1274,22
2020-11-20,Merced,047,269075,11431,10729,97,10826,167
2020-11-20,Modoc,049,8938,100,83,18,101,0
2020-11-20,Mono,051,14174,498,469,9,478,2
2020-11-20,Monterey,053,433212,14793,13738,235,13973,110
2020-11-20,Napa,055,140530,3062,2718,16,2734,17
2020-11-20,Nevada,057,99092,1219,990,30,1020,9
2020-11-20,Orange,059,3164182,75514,68212,2208,70420,1532
2020-11-20,Placer,061,380077,6708,5687,105,5792,66
2020-11-20,Plumas,063,18699,194,163,0,163,0
2020-11-20,Riverside,065,2383286,87039,79613,1483,81096,1405
2020-11-20,Sacramento,067,1510023,35564,32832,92,32924,549
2020-11-20,San Benito,069,59416,1777,1668,11,1679,15
2020-11-20,San Bernardino,071,2135413,90386,81203,1240,82443,1220
2020-11-20,San Diego,073,3302833,77026,69233,2674,71907,960
2020-11-20,San Francisco,075,870044,15042,14327,88,14415,153
2020-11-20,San Joaquin,077,732212,25911,24460,442,24902,515
2020-11-20,San Luis Obispo,079,281455,6162,5524,91,5615,34
2020-11-20,San Mateo,081,765935,13963,12980,14,12994,169
2020-11-20,Santa Barbara,083,443738,11282,10825,181,11006,136
2020-11-20,Santa Clara,085,1922200,33563,30002,69,30071,431
2020-11-20,Santa Cruz,087,273765,4332,3815,46,3861,25
2020-11-20,Shasta,089,179085,4986,3861,134,3995,42
2020-11-20,Sierra,091,2930,17,12,0,12,0
2020-11-20,Siskiyou,093,43540,561,387,27,414,0
2020-11-20,Solano,095,438530,10041,9216,54,9270,85
2020-11-20,Sonoma,097,501317,11971,11316,46,11362,158
2020-11-20,Stanislaus,099,539301,21223,19889,1244,21133,433
2020-11-20,Sutter,101,95872,3099,2580,9,2589,13
2020-11-20,Tehama,103,63373,1613,1410,13,1423,9
2020-11-20,Trinity,105,12862,250,102,22,124,0
2020-11-20,Tulare,107,460477,20985,19568,1145,20713,311
2020-11-20,Tuolumne,109,53932,946,662,7,669,7
2020-11-20,Ventura,111,848112,19353,17741,567,18308,175
2020-11-20,Yolo,113,214977,4656,4081,13,4094,74
2020-11-20,Yuba,115,75493,1854,1611,7,1618,10
2020-11-19,Alameda,001,1643700,28722,26971,287,27258,441
2020-11-19,Alpine,003,1148,43,20,0,20,0
2020-11-19,Amador,005,37829,479,436,1,437,16
2020-11-19,Butte,007,227075,3906,3576,180,3756,60
2020-11-19,Calaveras,009,45235,444,417,0,417,21
2020-11-19,Colusa,011,21464,687,621,2,623,6
2020-11-19,Contra Costa,013,1133247,23315,21886,135,22021,259
2020-11-19,Del Norte,015,27424,296,251,0,251,2
2020-11-19,El Dorado,017,186661,2268,1825,27,1852,4
2020-11-19,Fresno,019,978130,40270,35278,1115,36393,478
2020-11-19,Glenn,021,27897,900,806,29,835,4
2020-11-19,Humboldt,023,135768,835,693,1,694,9
2020-11-19,Imperial,025,180216,15668,14507,32,14539,349
2020-11-19,Inyo,027,18085,289,262,5,267,15
2020-11-19,Kern,029,883053,39283,36779,945,37724,459
2020-11-19,Kings,031,150075,10684,9763,116,9879,85
2020-11-19,Lake,033,64148,907,809,0,809,18
2020-11-19,Lassen,035,31185,1659,1201,3,1204,0
2020-11-19,Los Angeles,037,10098052,371045,349493,4914,354407,7365
2020-11-19,Madera,039,155013,6092,5540,118,5658,54
2020-11-19,Marin,041,260295,7630,7451,25,7476,134
2020-11-19,Mariposa,043,17540,109,88,0,88,2
2020-11-19,Mendocino,045,87422,1388,1237,5,1242,23
2020-11-19,Merced,047,269075,11291,10634,91,10725,167
2020-11-19,Modoc,049,8938,97,82,18,100,0
2020-11-19,Mono,051,14174,490,468,9,477,2
2020-11-19,Monterey,053,433212,14579,13369,224,13593,108
2020-11-19,Napa,055,140530,3008,2641,16,2657,17
2020-11-19,Nevada,057,99092,1178,945,29,974,9
2020-11-19,Orange,059,3164182,74249,66998,2166,69164,1530
2020-11-19,Placer,061,380077,6517,5612,104,5716,65
2020-11-19,Plumas,063,18699,189,158,0,158,0
2020-11-19,Riverside,065,2383286,85557,78535,1412,79947,1402
2020-11-19,Sacramento,067,1510023,35050,32367,90,32457,546
2020-11-19,San Benito,069,59416,1754,1643,11,1654,15
2020-11-19,San Bernardino,071,2135413,88487,79244,1162,80406,1215
2020-11-19,San Diego,073,3302833,75776,68142,2570,70712,952
2020-11-19,San Francisco,075,870044,14886,14178,82,14260,153
2020-11-19,San Joaquin,077,732212,25592,24270,432,24702,516
2020-11-19,San Luis Obispo,079,281455,6085,5410,87,5497,34
2020-11-19,San Mateo,081,765935,13825,12714,14,12728,169
2020-11-19,Santa Barbara,083,443738,11202,10741,178,10919,136
2020-11-19,Santa Clara,085,1922200,33009,29630,68,29698,424
2020-11-19,Santa Cruz,087,273765,4240,3679,44,3723,25
2020-11-19,Shasta,089,179085,4848,3685,124,3809,42
2020-11-19,Sierra,091,2930,17,11,0,11,0
2020-11-19,Siskiyou,093,43540,536,360,26,386,0
2020-11-19,Solano,095,438530,9904,9093,50,9143,84
2020-11-19,Sonoma,097,501317,11801,11205,44,11249,156
2020-11-19,Stanislaus,099,539301,20982,19736,1201,20937,433
2020-11-19,Sutter,101,95872,3000,2509,9,2518,13
2020-11-19,Tehama,103,63373,1578,1373,10,1383,9
2020-11-19,Trinity,105,12862,244,97,22,119,0
2020-11-19,Tulare,107,460477,20764,19384,1082,20466,304
2020-11-19,Tuolumne,109,53932,915,602,7,609,7
2020-11-19,Ventura,111,848112,19000,17300,554,17854,174
2020-11-19,Yolo,113,214977,4562,3973,13,3986,72
2020-11-19,Yuba,115,75493,1814,1568,7,1575,10
2020-11-18,Alameda,001,1643700,28458,26610,282,26892,440
2020-11-18,Alpine,003,1148,42,16,0,16,0
2020-11-18,Amador,005,37829,474,430,1,431,16
2020-11-18,Butte,007,227075,3853,3537,167,3704,59
2020-11-18,Calaveras,009,45235,438,409,0,409,21
2020-11-18,Colusa,011,21464,674,611,2,613,6
2020-11-18,Contra Costa,013,1133247,23051,21685,132,21817,258
2020-11-18,Del Norte,015,27424,284,240,0,240,2
2020-11-18,El Dorado,017,186661,2180,1799,26,1825,4
2020-11-18,Fresno,019,978130,39831,34997,1066,36063,474
2020-11-18,Glenn,021,27897,883,803,27,830,4
2020-11-18,Humboldt,023,135768,820,690,1,691,9
2020-11-18,Imperial,025,180216,15442,14428,32,14460,348
2020-11-18,Inyo,027,18085,287,262,5,267,15
2020-11-18,Kern,029,883053,38894,36537,896,37433,456
2020-11-18,Kings,031,150075,10536,9696,113,9809,85
2020-11-18,Lake,033,64148,895,802,0,802,18
2020-11-18,Lassen,035,31185,1559,1124,3,1127,0
2020-11-18,Los Angeles,037,10098052,366168,344675,4736,349411,7338
2020-11-18,Madera,039,155013,6005,5519,106,5625,54
2020-11-18,Marin,041,260295,7606,7435,25,7460,134
2020-11-18,Mariposa,043,17540,106,88,0,88,2
2020-11-18,Mendocino,045,87422,1368,1237,5,1242,23
2020-11-18,Merced,047,269075,11175,10536,90,10626,166
2020-11-18,Modoc,049,8938,94,77,18,95,0
2020-11-18,Mono,051,14174,485,468,9,477,2
2020-11-18,Monterey,053,433212,14384,13340,210,13550,108
2020-11-18,Napa,055,140530,2963,2607,16,2623,17
2020-11-18,Nevada,057,99092,1138,933,27,960,9
2020-11-18,Orange,059,3164182,73154,66381,2141,68522,1521
2020-11-18,Placer,061,380077,6339,5543,99,5642,64
2020-11-18,Plumas,063,18699,184,143,0,143,0
2020-11-18,Riverside,065,2383286,84094,77739,1311,79050,1387
2020-11-18,Sacramento,067,1510023,34425,31816,82,31898,541
2020-11-18,San Benito,069,59416,1729,1632,10,1642,15
2020-11-18,San Bernardino,071,2135413,86728,77400,1083,78483,1206
2020-11-18,San Diego,073,3302833,74482,67243,2510,69753,945
2020-11-18,San Francisco,075,870044,14742,14057,80,14137,153
2020-11-18,San Joaquin,077,732212,25330,24146,418,24564,517
2020-11-18,San Luis Obispo,079,281455,6009,5322,86,5408,34
2020-11-18,San Mateo,081,765935,13672,12631,13,12644,169
2020-11-18,Santa Barbara,083,443738,11123,10684,171,10855,136
2020-11-18,Santa Clara,085,1922200,32543,29285,64,29349,421
2020-11-18,Santa Cruz,087,273765,4151,3618,42,3660,25
2020-11-18,Shasta,089,179085,4714,3547,120,3667,42
2020-11-18,Sierra,091,2930,17,11,0,11,0
2020-11-18,Siskiyou,093,43540,504,351,25,376,0
2020-11-18,Solano,095,438530,9772,8994,48,9042,84
2020-11-18,Sonoma,097,501317,11694,11129,41,11170,155
2020-11-18,Stanislaus,099,539301,20740,19609,1177,20786,431
2020-11-18,Sutter,101,95872,2882,2442,9,2451,13
2020-11-18,Tehama,103,63373,1540,1338,10,1348,8
2020-11-18,Trinity,105,12862,230,95,21,116,0
2020-11-18,Tulare,107,460477,20553,19286,1031,20317,306
2020-11-18,Tuolumne,109,53932,880,590,7,597,7
2020-11-18,Ventura,111,848112,18675,17169,539,17708,173
2020-11-18,Yolo,113,214977,4489,3929,13,3942,71
2020-11-18,Yuba,115,75493,1760,1540,7,1547,10
2020-11-17,Alameda,001,1643700,28132,26425,272,26697,439
2020-11-17,Alpine,003,1148,40,12,0,12,0
2020-11-17,Amador,005,37829,463,423,1,424,16
2020-11-17,Butte,007,227075,3811,3500,157,3657,59
2020-11-17,Calaveras,009,45235,421,405,0,405,21
2020-11-17,Colusa,011,21464,663,606,1,607,6
2020-11-17,Contra Costa,013,1133247,22780,21557,127,21684,256
2020-11-17,Del Norte,015,27424,278,233,0,233,2
2020-11-17,El Dorado,017,186661,2121,1758,26,1784,4
2020-11-17,Fresno,019,978130,39231,34765,1007,35772,472
2020-11-17,Glenn,021,27897,872,795,26,821,4
2020-11-17,Humboldt,023,135768,798,685,1,686,9
2020-11-17,Imperial,025,180216,15205,14204,30,14234,346
2020-11-17,Inyo,027,18085,286,263,5,268,15
2020-11-17,Kern,029,883053,38445,36164,843,37007,455
2020-11-17,Kings,031,150075,10463,9653,106,9759,85
2020-11-17,Lake,033,64148,875,792,0,792,18
2020-11-17,Lassen,035,31185,1480,1124,3,1127,0
2020-11-17,Los Angeles,037,10098052,361216,340933,4578,345511,7302
2020-11-17,Madera,039,155013,5917,5485,99,5584,54
2020-11-17,Marin,041,260295,7574,7404,24,7428,134
2020-11-17,Mariposa,043,17540,103,87,0,87,2
2020-11-17,Mendocino,045,87422,1347,1216,5,1221,23
2020-11-17,Merced,047,269075,11031,10457,84,10541,162
2020-11-17,Modoc,049,8938,88,71,17,88,0
2020-11-17,Mono,051,14174,480,459,9,468,2
2020-11-17,Monterey,053,433212,14155,13220,200,13420,108
2020-11-17,Napa,055,140530,2909,2568,16,2584,17
2020-11-17,Nevada,057,99092,1097,918,26,944,9
2020-11-17,Orange,059,3164182,72002,65757,2115,67872,1519
2020-11-17,Placer,061,380077,6177,5435,93,5528,63
2020-11-17,Plumas,063,18699,176,142,0,142,0
2020-11-17,Riverside,065,2383286,82708,77079,1220,78299,1379
2020-11-17,Sacramento,067,1510023,33827,31341,78,31419,538
2020-11-17,San Benito,069,59416,1713,1611,4,1615,15
2020-11-17,San Bernardino,071,2135413,84919,76134,994,77128,1188
2020-11-17,San Diego,073,3302833,73229,66321,2454,68775,933
2020-11-17,San Francisco,075,870044,14576,13952,79,14031,153
2020-11-17,San Joaquin,077,732212,25054,23997,398,24395,516
2020-11-17,San Luis Obispo,079,281455,5913,5235,86,5321,34
2020-11-17,San Mateo,081,765935,13511,12491,12,12503,169
2020-11-17,Santa Barbara,083,443738,11038,10597,166,10763,136
2020-11-17,Santa Clara,085,1922200,31995,29013,63,29076,419
2020-11-17,Santa Cruz,087,273765,4065,3548,39,3587,25
2020-11-17,Shasta,089,179085,4556,3457,108,3565,40
2020-11-17,Sierra,091,2930,15,11,0,11,0
2020-11-17,Siskiyou,093,43540,456,333,24,357,0
2020-11-17,Solano,095,438530,9627,8905,47,8952,84
2020-11-17,Sonoma,097,501317,11560,11084,40,11124,155
2020-11-17,Stanislaus,099,539301,20517,19466,1150,20616,425
2020-11-17,Sutter,101,95872,2799,2370,8,2378,12
2020-11-17,Tehama,103,63373,1487,1290,10,1300,7
2020-11-17,Trinity,105,12862,213,83,21,104,0
2020-11-17,Tulare,107,460477,20325,19176,970,20146,305
2020-11-17,Tuolumne,109,53932,841,568,7,575,7
2020-11-17,Ventura,111,848112,18403,16797,521,17318,173
2020-11-17,Yolo,113,214977,4313,3887,12,3899,70
2020-11-17,Yuba,115,75493,1712,1519,7,1526,10
2020-11-16,Alameda,001,1643700,27785,26063,267,26330,436
2020-11-16,Alpine,003,1148,37,12,0,12,0
2020-11-16,Amador,005,37829,455,414,1,415,16
2020-11-16,Butte,007,227075,3772,3490,149,3639,58
2020-11-16,Calaveras,009,45235,413,402,0,402,21
2020-11-16,Colusa,011,21464,654,601,1,602,6
2020-11-16,Contra Costa,013,1133247,22514,21386,122,21508,256
2020-11-16,Del Norte,015,27424,271,225,0,225,2
2020-11-16,El Dorado,017,186661,2061,1694,24,1718,4
2020-11-16,Fresno,019,978130,38742,34593,955,35548,471
2020-11-16,Glenn,021,27897,860,786,25,811,4
2020-11-16,Humboldt,023,135768,782,660,1,661,9
2020-11-16,Imperial,025,180216,14957,14111,30,14141,346
2020-11-16,Inyo,027,18085,283,263,5,268,15
2020-11-16,Kern,029,883053,38050,36049,801,36850,455
2020-11-16,Kings,031,150075,10196,9569,102,9671,85
2020-11-16,Lake,033,64148,864,784,0,784,18
2020-11-16,Lassen,035,31185,1299,1124,3,1127,0
2020-11-16,Los Angeles,037,10098052,356461,338778,4409,343187,7277
2020-11-16,Madera,039,155013,5832,5433,93,5526,54
2020-11-16,Marin,041,260295,7543,7359,24,7383,134
2020-11-16,Mariposa,043,17540,100,86,0,86,2
2020-11-16,Mendocino,045,87422,1322,1209,5,1214,23
2020-11-16,Merced,047,269075,10893,10399,81,10480,162
2020-11-16,Modoc,049,8938,86,71,17,88,0
2020-11-16,Mono,051,14174,478,453,9,462,2
2020-11-16,Monterey,053,433212,13909,13089,190,13279,107
2020-11-16,Napa,055,140530,2835,2536,16,2552,17
2020-11-16,Nevada,057,99092,1054,889,24,913,9
2020-11-16,Orange,059,3164182,70907,65396,2101,67497,1519
2020-11-16,Placer,061,380077,6058,5387,85,5472,63
2020-11-16,Plumas,063,18699,169,127,0,127,0
2020-11-16,Riverside,065,2383286,81334,76449,1156,77605,1379
2020-11-16,Sacramento,067,1510023,33188,30954,71,31025,534
2020-11-16,San Benito,069,59416,1695,1603,3,1606,15
2020-11-16,San Bernardino,071,2135413,83090,74401,928,75329,1186
2020-11-16,San Diego,073,3302833,71918,65603,2382,67985,926
2020-11-16,San Francisco,075,870044,14418,13847,76,13923,153
2020-11-16,San Joaquin,077,732212,24765,23515,388,23903,513
2020-11-16,San Luis Obispo,079,281455,5810,5161,82,5243,34
2020-11-16,San Mateo,081,765935,13351,12398,12,12410,169
2020-11-16,Santa Barbara,083,443738,10973,10565,162,10727,135
2020-11-16,Santa Clara,085,1922200,31433,28673,62,28735,419
2020-11-16,Santa Cruz,087,273765,3992,3520,39,3559,25
2020-11-16,Shasta,089,179085,4408,3284,103,3387,37
2020-11-16,Sierra,091,2930,15,11,0,11,0
2020-11-16,Siskiyou,093,43540,429,294,24,318,0
2020-11-16,Solano,095,438530,9428,8827,47,8874,84
2020-11-16,Sonoma,097,501317,11469,10961,39,11000,155
2020-11-16,Stanislaus,099,539301,20280,19333,1123,20456,425
2020-11-16,Sutter,101,95872,2693,2322,8,2330,12
2020-11-16,Tehama,103,63373,1442,1261,7,1268,7
2020-11-16,Trinity,105,12862,201,67,21,88,0
2020-11-16,Tulare,107,460477,20147,18891,917,19808,305
2020-11-16,Tuolumne,109,53932,804,543,7,550,7
2020-11-16,Ventura,111,848112,18065,16691,513,17204,172
2020-11-16,Yolo,113,214977,4218,3858,12,3870,70
2020-11-16,Yuba,115,75493,1676,1500,6,1506,10
2020-11-15,Alameda,001,1643700,27468,25879,262,26141,436
2020-11-15,Alpine,003,1148,35,12,0,12,0
2020-11-15,Amador,005,37829,443,409,1,410,16
2020-11-15,Butte,007,227075,3718,3452,140,3592,58
2020-11-15,Calaveras,009,45235,398,386,0,386,21
2020-11-15,Colusa,011,21464,645,601,1,602,6
2020-11-15,Contra Costa,013,1133247,22216,21179,121,21300,256
2020-11-15,Del Norte,015,27424,257,224,0,224,2
2020-11-15,El Dorado,017,186661,1999,1683,23,1706,4
2020-11-15,Fresno,019,978130,38229,34297,917,35214,471
2020-11-15,Glenn,021,27897,848,783,24,807,4
2020-11-15,Humboldt,023,135768,754,653,1,654,9
2020-11-15,Imperial,025,180216,14722,13940,30,13970,346
2020-11-15,Inyo,027,18085,273,263,5,268,15
2020-11-15,Kern,029,883053,37644,35911,766,36677,455
2020-11-15,Kings,031,150075,10003,9533,99,9632,85
2020-11-15,Lake,033,64148,854,777,0,777,17
2020-11-15,Lassen,035,31185,1252,1124,3,1127,0
2020-11-15,Los Angeles,037,10098052,351414,336035,4241,340276,7271
2020-11-15,Madera,039,155013,5734,5391,87,5478,54
2020-11-15,Marin,041,260295,7516,7347,24,7371,133
2020-11-15,Mariposa,043,17540,97,86,0,86,2
2020-11-15,Mendocino,045,87422,1303,1197,5,1202,22
2020-11-15,Merced,047,269075,10760,10350,81,10431,162
2020-11-15,Modoc,049,8938,85,68,17,85,0
2020-11-15,Mono,051,14174,476,453,9,462,2
2020-11-15,Monterey,053,433212,13713,12999,177,13176,107
2020-11-15,Napa,055,140530,2776,2509,14,2523,17
2020-11-15,Nevada,057,99092,999,859,24,883,9
2020-11-15,Orange,059,3164182,69864,65008,2085,67093,1519
2020-11-15,Placer,061,380077,5903,5330,77,5407,63
2020-11-15,Plumas,063,18699,163,127,0,127,0
2020-11-15,Riverside,065,2383286,80012,75531,1098,76629,1374
2020-11-15,Sacramento,067,1510023,32562,30601,66,30667,534
2020-11-15,San Benito,069,59416,1670,1589,2,1591,15
2020-11-15,San Bernardino,071,2135413,80940,73769,853,74622,1185
2020-11-15,San Diego,073,3302833,70417,64770,2325,67095,926
2020-11-15,San Francisco,075,870044,14242,13757,75,13832,153
2020-11-15,San Joaquin,077,732212,24555,23516,373,23889,513
2020-11-15,San Luis Obispo,079,281455,5689,5120,80,5200,34
2020-11-15,San Mateo,081,765935,13174,12348,12,12360,169
2020-11-15,Santa Barbara,083,443738,10878,10516,160,10676,135
2020-11-15,Santa Clara,085,1922200,30975,28289,61,28350,418
2020-11-15,Santa Cruz,087,273765,3851,3439,38,3477,25
2020-11-15,Shasta,089,179085,4235,3290,94,3384,37
2020-11-15,Sierra,091,2930,15,11,0,11,0
2020-11-15,Siskiyou,093,43540,410,294,24,318,0
2020-11-15,Solano,095,438530,9267,8713,44,8757,84
2020-11-15,Sonoma,097,501317,11351,10833,38,10871,154
2020-11-15,Stanislaus,099,539301,20006,19228,1098,20326,425
2020-11-15,Sutter,101,95872,2603,2230,8,2238,12
2020-11-15,Tehama,103,63373,1391,1222,6,1228,7
2020-11-15,Trinity,105,12862,191,67,19,86,0
2020-11-15,Tulare,107,460477,19929,18891,865,19756,305
2020-11-15,Tuolumne,109,53932,762,486,7,493,7
2020-11-15,Ventura,111,848112,17791,16564,505,17069,172
2020-11-15,Yolo,113,214977,4115,3819,12,3831,67
2020-11-15,Yuba,115,75493,1635,1470,5,1475,10
2020-11-14,Alameda,001,1643700,27201,25714,260,25974,435
2020-11-14,Alpine,003,1148,35,12,0,12,0
2020-11-14,Amador,005,37829,434,404,0,404,16
2020-11-14,Butte,007,227075,3682,3434,126,3560,58
2020-11-14,Calaveras,009,45235,397,386,0,386,21
2020-11-14,Colusa,011,21464,633,601,1,602,6
2020-11-14,Contra Costa,013,1133247,22074,20975,114,21089,256
2020-11-14,Del Norte,015,27424,250,219,0,219,2
2020-11-14,El Dorado,017,186661,1955,1648,23,1671,4
2020-11-14,Fresno,019,978130,37979,33969,881,34850,471
2020-11-14,Glenn,021,27897,839,772,21,793,3
2020-11-14,Humboldt,023,135768,739,643,1,644,9
2020-11-14,Imperial,025,180216,14629,13932,29,13961,346
2020-11-14,Inyo,027,18085,272,263,5,268,15
2020-11-14,Kern,029,883053,37434,35626,747,36373,454
2020-11-14,Kings,031,150075,9968,9490,96,9586,85
2020-11-14,Lake,033,64148,845,773,0,773,17
2020-11-14,Lassen,035,31185,1238,833,3,836,0
2020-11-14,Los Angeles,037,10098052,348708,333021,4132,337153,7269
2020-11-14,Madera,039,155013,5703,5371,85,5456,54
2020-11-14,Marin,041,260295,7499,7325,24,7349,133
2020-11-14,Mariposa,043,17540,96,86,0,86,2
2020-11-14,Mendocino,045,87422,1287,1181,5,1186,22
2020-11-14,Merced,047,269075,10704,10286,79,10365,161
2020-11-14,Modoc,049,8938,84,64,16,80,0
2020-11-14,Mono,051,14174,476,453,9,462,2
2020-11-14,Monterey,053,433212,13617,12854,167,13021,105
2020-11-14,Napa,055,140530,2742,2473,14,2487,17
2020-11-14,Nevada,057,99092,983,835,24,859,9
2020-11-14,Orange,059,3164182,69242,64340,2074,66414,1517
2020-11-14,Placer,061,380077,5827,5215,71,5286,63
2020-11-14,Plumas,063,18699,158,128,0,128,0
2020-11-14,Riverside,065,2383286,79272,74910,1059,75969,1373
2020-11-14,Sacramento,067,1510023,32237,30298,66,30364,532
2020-11-14,San Benito,069,59416,1655,1573,2,1575,15
2020-11-14,San Bernardino,071,2135413,80005,72868,822,73690,1184
2020-11-14,San Diego,073,3302833,69652,63715,2273,65988,926
2020-11-14,San Francisco,075,870044,14155,13661,74,13735,153
2020-11-14,San Joaquin,077,732212,24462,23516,366,23882,511
2020-11-14,San Luis Obispo,079,281455,5626,5073,75,5148,34
2020-11-14,San Mateo,081,765935,13066,12293,12,12305,169
2020-11-14,Santa Barbara,083,443738,10824,10482,158,10640,135
2020-11-14,Santa Clara,085,1922200,30690,27962,59,28021,416
2020-11-14,Santa Cruz,087,273765,3796,3402,38,3440,25
2020-11-14,Shasta,089,179085,4154,3195,92,3287,37
2020-11-14,Sierra,091,2930,15,11,0,11,0
2020-11-14,Siskiyou,093,43540,397,292,24,316,0
2020-11-14,Solano,095,438530,9188,8655,44,8699,84
2020-11-14,Sonoma,097,501317,11298,10769,38,10807,154
2020-11-14,Stanislaus,099,539301,19863,19068,1076,20144,424
2020-11-14,Sutter,101,95872,2558,2182,8,2190,12
2020-11-14,Tehama,103,63373,1369,1206,5,1211,7
2020-11-14,Trinity,105,12862,186,67,19,86,0
2020-11-14,Tulare,107,460477,19836,18853,837,19690,305
2020-11-14,Tuolumne,109,53932,734,448,7,455,7
2020-11-14,Ventura,111,848112,17645,16297,494,16791,172
2020-11-14,Yolo,113,214977,4071,3765,10,3775,65
2020-11-14,Yuba,115,75493,1606,1453,5,1458,10
2020-11-13,Alameda,001,1643700,26985,25515,255,25770,434
2020-11-13,Alpine,003,1148,35,12,0,12,0
2020-11-13,Amador,005,37829,431,397,0,397,16
2020-11-13,Butte,007,227075,3658,3402,117,3519,58
2020-11-13,Calaveras,009,45235,393,378,0,378,21
2020-11-13,Colusa,011,21464,625,598,1,599,6
2020-11-13,Contra Costa,013,1133247,21900,20799,114,20913,256
2020-11-13,Del Norte,015,27424,247,208,0,208,2
2020-11-13,El Dorado,017,186661,1910,1611,22,1633,4
2020-11-13,Fresno,019,978130,37733,33693,867,34560,470
2020-11-13,Glenn,021,27897,825,755,17,772,3
2020-11-13,Humboldt,023,135768,724,638,1,639,9
2020-11-13,Imperial,025,180216,14558,13790,28,13818,341
2020-11-13,Inyo,027,18085,271,262,5,267,15
2020-11-13,Kern,029,883053,37232,35431,730,36161,453
2020-11-13,Kings,031,150075,9909,9428,95,9523,85
2020-11-13,Lake,033,64148,839,770,0,770,17
2020-11-13,Lassen,035,31185,1229,832,3,835,0
2020-11-13,Los Angeles,037,10098052,345579,329364,4028,333392,7248
2020-11-13,Madera,039,155013,5663,5340,84,5424,54
2020-11-13,Marin,041,260295,7486,7307,23,7330,133
2020-11-13,Mariposa,043,17540,94,86,0,86,2
2020-11-13,Mendocino,045,87422,1275,1173,5,1178,22
2020-11-13,Merced,047,269075,10648,10185,76,10261,159
2020-11-13,Modoc,049,8938,84,63,14,77,0
2020-11-13,Mono,051,14174,476,448,8,456,2
2020-11-13,Monterey,053,433212,13422,12681,155,12836,104
2020-11-13,Napa,055,140530,2703,2440,14,2454,17
2020-11-13,Nevada,057,99092,964,798,24,822,9
2020-11-13,Orange,059,3164182,68643,63804,2054,65858,1514
2020-11-13,Placer,061,380077,5722,5122,65,5187,63
2020-11-13,Plumas,063,18699,152,125,0,125,0
2020-11-13,Riverside,065,2383286,78534,74138,1030,75168,1372
2020-11-13,Sacramento,067,1510023,31918,29787,62,29849,524
2020-11-13,San Benito,069,59416,1643,1553,1,1554,15
2020-11-13,San Bernardino,071,2135413,78957,71895,801,72696,1184
2020-11-13,San Diego,073,3302833,68805,62978,2235,65213,921
2020-11-13,San Francisco,075,870044,14061,13516,72,13588,146
2020-11-13,San Joaquin,077,732212,24367,23314,360,23674,510
2020-11-13,San Luis Obispo,079,281455,5559,4960,72,5032,34
2020-11-13,San Mateo,081,765935,12973,12182,12,12194,169
2020-11-13,Santa Barbara,083,443738,10772,10405,156,10561,134
2020-11-13,Santa Clara,085,1922200,30362,27609,57,27666,415
2020-11-13,Santa Cruz,087,273765,3722,3343,38,3381,25
2020-11-13,Shasta,089,179085,4070,2983,88,3071,37
2020-11-13,Sierra,091,2930,15,11,0,11,0
2020-11-13,Siskiyou,093,43540,392,280,23,303,0
2020-11-13,Solano,095,438530,9097,8525,44,8569,84
2020-11-13,Sonoma,097,501317,11237,10685,36,10721,151
2020-11-13,Stanislaus,099,539301,19737,18936,1049,19985,422
2020-11-13,Sutter,101,95872,2512,2121,7,2128,12
2020-11-13,Tehama,103,63373,1342,1167,5,1172,7
2020-11-13,Trinity,105,12862,184,64,19,83,0
2020-11-13,Tulare,107,460477,19712,18714,797,19511,305
2020-11-13,Tuolumne,109,53932,701,427,7,434,7
2020-11-13,Ventura,111,848112,17499,16172,480,16652,171
2020-11-13,Yolo,113,214977,4020,3716,10,3726,65
2020-11-13,Yuba,115,75493,1579,1435,5,1440,10
2020-11-12,Alameda,001,1643700,26718,25345,255,25600,432
2020-11-12,Alpine,003,1148,34,12,0,12,0
2020-11-12,Amador,005,37829,430,392,0,392,16
2020-11-12,Butte,007,227075,3609,3347,114,3461,58
2020-11-12,Calaveras,009,45235,388,373,0,373,21
2020-11-12,Colusa,011,21464,620,591,1,592,6
2020-11-12,Contra Costa,013,1133247,21691,20619,113,20732,255
2020-11-12,Del Norte,015,27424,239,203,0,203,2
2020-11-12,El Dorado,017,186661,1864,1573,18,1591,4
2020-11-12,Fresno,019,978130,37383,33459,826,34285,468
2020-11-12,Glenn,021,27897,806,727,17,744,3
2020-11-12,Humboldt,023,135768,711,625,1,626,9
2020-11-12,Imperial,025,180216,14393,13619,28,13647,341
2020-11-12,Inyo,027,18085,270,255,5,260,15
2020-11-12,Kern,029,883053,36968,35207,716,35923,451
2020-11-12,Kings,031,150075,9842,9335,94,9429,85
2020-11-12,Lake,033,64148,830,764,0,764,17
2020-11-12,Lassen,035,31185,1160,832,2,834,0
2020-11-12,Los Angeles,037,10098052,341835,327001,3930,330931,7223
2020-11-12,Madera,039,155013,5628,5273,80,5353,54
2020-11-12,Marin,041,260295,7457,7268,23,7291,133
2020-11-12,Mariposa,043,17540,92,84,0,84,2
2020-11-12,Mendocino,045,87422,1256,1142,5,1147,22
2020-11-12,Merced,047,269075,10534,10107,73,10180,158
2020-11-12,Modoc,049,8938,84,63,14,77,0
2020-11-12,Mono,051,14174,475,442,8,450,2
2020-11-12,Monterey,053,433212,13301,12489,141,12630,100
2020-11-12,Napa,055,140530,2641,2398,14,2412,16
2020-11-12,Nevada,057,99092,942,780,23,803,9
2020-11-12,Orange,059,3164182,67898,63232,2035,65267,1514
2020-11-12,Placer,061,380077,5613,5044,56,5100,62
2020-11-12,Plumas,063,18699,148,121,0,121,0
2020-11-12,Riverside,065,2383286,77603,73381,987,74368,1362
2020-11-12,Sacramento,067,1510023,31427,29459,54,29513,520
2020-11-12,San Benito,069,59416,1623,1525,1,1526,15
2020-11-12,San Bernardino,071,2135413,77591,70758,762,71520,1183
2020-11-12,San Diego,073,3302833,67825,62336,2184,64520,918
2020-11-12,San Francisco,075,870044,13962,13289,71,13360,146
2020-11-12,San Joaquin,077,732212,24173,23002,339,23341,509
2020-11-12,San Luis Obispo,079,281455,5495,4898,71,4969,33
2020-11-12,San Mateo,081,765935,12848,12086,11,12097,169
2020-11-12,Santa Barbara,083,443738,10710,10325,151,10476,134
2020-11-12,Santa Clara,085,1922200,29985,27261,56,27317,414
2020-11-12,Santa Cruz,087,273765,3639,3317,36,3353,25
2020-11-12,Shasta,089,179085,3933,2825,77,2902,37
2020-11-12,Sierra,091,2930,15,11,0,11,0
2020-11-12,Siskiyou,093,43540,375,275,19,294,0
2020-11-12,Solano,095,438530,8997,8417,43,8460,85
2020-11-12,Sonoma,097,501317,11135,10602,35,10637,151
2020-11-12,Stanislaus,099,539301,19567,18787,1020,19807,422
2020-11-12,Sutter,101,95872,2429,2075,6,2081,12
2020-11-12,Tehama,103,63373,1314,1117,5,1122,7
2020-11-12,Trinity,105,12862,176,62,18,80,0
2020-11-12,Tulare,107,460477,19599,18545,759,19304,305
2020-11-12,Tuolumne,109,53932,662,353,7,360,7
2020-11-12,Ventura,111,848112,17249,16013,474,16487,158
2020-11-12,Yolo,113,214977,3977,3646,10,3656,63
2020-11-12,Yuba,115,75493,1544,1410,5,1415,10
2020-11-11,Alameda,001,1643700,26474,25140,253,25393,429
2020-11-11,Alpine,003,1148,29,12,0,12,0
2020-11-11,Amador,005,37829,423,389,0,389,16
2020-11-11,Butte,007,227075,3583,3348,101,3449,58
2020-11-11,Calaveras,009,45235,378,373,0,373,21
2020-11-11,Colusa,011,21464,614,591,1,592,6
2020-11-11,Contra Costa,013,1133247,21474,20452,111,20563,255
2020-11-11,Del Norte,015,27424,231,203,0,203,2
2020-11-11,El Dorado,017,186661,1818,1564,17,1581,4
2020-11-11,Fresno,019,978130,37064,33287,791,34078,468
2020-11-11,Glenn,021,27897,790,722,16,738,3
2020-11-11,Humboldt,023,135768,697,623,1,624,9
2020-11-11,Imperial,025,180216,14223,13623,26,13649,340
2020-11-11,Inyo,027,18085,268,255,5,260,15
2020-11-11,Kern,029,883053,36693,35014,699,35713,449
2020-11-11,Kings,031,150075,9736,9263,91,9354,85
2020-11-11,Lake,033,64148,819,763,0,763,17
2020-11-11,Lassen,035,31185,1135,831,2,833,0
2020-11-11,Los Angeles,037,10098052,338466,324567,3848,328415,7220
2020-11-11,Madera,039,155013,5594,5248,79,5327,54
2020-11-11,Marin,041,260295,7435,7268,23,7291,133
2020-11-11,Mariposa,043,17540,92,84,0,84,2
2020-11-11,Mendocino,045,87422,1244,1142,5,1147,22
2020-11-11,Merced,047,269075,10463,10074,71,10145,157
2020-11-11,Modoc,049,8938,80,62,13,75,0
2020-11-11,Mono,051,14174,473,443,8,451,2
2020-11-11,Monterey,053,433212,13158,12417,137,12554,100
2020-11-11,Napa,055,140530,2592,2365,12,2377,15
2020-11-11,Nevada,057,99092,900,741,23,764,9
2020-11-11,Orange,059,3164182,67258,62929,2011,64940,1506
2020-11-11,Placer,061,380077,5529,4981,48,5029,60
2020-11-11,Plumas,063,18699,146,111,0,111,0
2020-11-11,Riverside,065,2383286,76701,72953,941,73894,1361
2020-11-11,Sacramento,067,1510023,30970,28968,52,29020,520
2020-11-11,San Benito,069,59416,1609,1512,1,1513,15
2020-11-11,San Bernardino,071,2135413,76305,70374,736,71110,1182
2020-11-11,San Diego,073,3302833,66890,61746,2123,63869,918
2020-11-11,San Francisco,075,870044,13855,13287,70,13357,146
2020-11-11,San Joaquin,077,732212,24013,23001,334,23335,509
2020-11-11,San Luis Obispo,079,281455,5420,4832,68,4900,33
2020-11-11,San Mateo,081,765935,12734,12008,11,12019,169
2020-11-11,Santa Barbara,083,443738,10644,10278,151,10429,134
2020-11-11,Santa Clara,085,1922200,29634,27075,55,27130,413
2020-11-11,Santa Cruz,087,273765,3571,3247,36,3283,25
2020-11-11,Shasta,089,179085,3810,2766,67,2833,36
2020-11-11,Sierra,091,2930,13,11,0,11,0
2020-11-11,Siskiyou,093,43540,344,261,16,277,0
2020-11-11,Solano,095,438530,8879,8353,41,8394,85
2020-11-11,Sonoma,097,501317,11061,10498,35,10533,150
2020-11-11,Stanislaus,099,539301,19430,18671,990,19661,422
2020-11-11,Sutter,101,95872,2381,2049,5,2054,12
2020-11-11,Tehama,103,63373,1270,1105,4,1109,7
2020-11-11,Trinity,105,12862,165,62,18,80,0
2020-11-11,Tulare,107,460477,19468,18500,729,19229,305
2020-11-11,Tuolumne,109,53932,607,354,6,360,7
2020-11-11,Ventura,111,848112,17034,15801,461,16262,158
2020-11-11,Yolo,113,214977,3926,3606,10,3616,63
2020-11-11,Yuba,115,75493,1529,1400,5,1405,10
2020-11-10,Alameda,001,1643700,26244,25008,250,25258,424
2020-11-10,Alpine,003,1148,29,9,0,9,0
2020-11-10,Amador,005,37829,417,384,0,384,16
2020-11-10,Butte,007,227075,3547,3327,97,3424,58
2020-11-10,Calaveras,009,45235,374,367,0,367,21
2020-11-10,Colusa,011,21464,606,590,1,591,6
2020-11-10,Contra Costa,013,1133247,21268,20326,109,20435,255
2020-11-10,Del Norte,015,27424,225,196,0,196,2
2020-11-10,El Dorado,017,186661,1758,1551,17,1568,4
2020-11-10,Fresno,019,978130,36794,33024,755,33779,465
2020-11-10,Glenn,021,27897,782,719,12,731,3
2020-11-10,Humboldt,023,135768,680,610,1,611,9
2020-11-10,Imperial,025,180216,14093,13570,26,13596,338
2020-11-10,Inyo,027,18085,267,252,5,257,14
2020-11-10,Kern,029,883053,36417,34858,680,35538,448
2020-11-10,Kings,031,150075,9689,9236,84,9320,85
2020-11-10,Lake,033,64148,809,762,0,762,16
2020-11-10,Lassen,035,31185,1120,830,2,832,0
2020-11-10,Los Angeles,037,10098052,335217,322569,3734,326303,7205
2020-11-10,Madera,039,155013,5552,5229,73,5302,54
2020-11-10,Marin,041,260295,7416,7259,23,7282,133
2020-11-10,Mariposa,043,17540,90,84,0,84,2
2020-11-10,Mendocino,045,87422,1236,1137,5,1142,22
2020-11-10,Merced,047,269075,10401,9992,65,10057,157
2020-11-10,Modoc,049,8938,78,61,13,74,0
2020-11-10,Mono,051,14174,471,443,8,451,2
2020-11-10,Monterey,053,433212,13023,12335,129,12464,100
2020-11-10,Napa,055,140530,2554,2341,10,2351,15
2020-11-10,Nevada,057,99092,884,734,23,757,9
2020-11-10,Orange,059,3164182,66706,62597,2001,64598,1504
2020-11-10,Placer,061,380077,5449,4902,47,4949,60
2020-11-10,Plumas,063,18699,142,108,0,108,0
2020-11-10,Riverside,065,2383286,76059,72316,916,73232,1359
2020-11-10,Sacramento,067,1510023,30563,28677,49,28726,519
2020-11-10,San Benito,069,59416,1594,1508,1,1509,15
2020-11-10,San Bernardino,071,2135413,75136,69666,703,70369,1182
2020-11-10,San Diego,073,3302833,65999,61085,2086,63171,915
2020-11-10,San Francisco,075,870044,13739,13210,70,13280,146
2020-11-10,San Joaquin,077,732212,23848,22865,327,23192,508
2020-11-10,San Luis Obispo,079,281455,5357,4780,65,4845,33
2020-11-10,San Mateo,081,765935,12634,11939,11,11950,169
2020-11-10,Santa Barbara,083,443738,10577,10252,147,10399,134
2020-11-10,Santa Clara,085,1922200,29286,26917,54,26971,409
2020-11-10,Santa Cruz,087,273765,3509,3221,36,3257,25
2020-11-10,Shasta,089,179085,3667,2686,59,2745,36
2020-11-10,Sierra,091,2930,12,10,0,10,0
2020-11-10,Siskiyou,093,43540,327,263,15,278,0
2020-11-10,Solano,095,438530,8782,8299,41,8340,85
2020-11-10,Sonoma,097,501317,10974,10414,35,10449,150
2020-11-10,Stanislaus,099,539301,19297,18592,966,19558,420
2020-11-10,Sutter,101,95872,2286,2035,4,2039,12
2020-11-10,Tehama,103,63373,1245,1099,3,1102,7
2020-11-10,Trinity,105,12862,156,62,16,78,0
2020-11-10,Tulare,107,460477,19353,18430,705,19135,305
2020-11-10,Tuolumne,109,53932,558,353,6,359,7
2020-11-10,Ventura,111,848112,16851,15625,459,16084,158
2020-11-10,Yolo,113,214977,3865,3573,10,3583,63
2020-11-10,Yuba,115,75493,1506,1392,5,1397,10
2020-11-09,Alameda,001,1643700,25998,24899,246,25145,424
2020-11-09,Alpine,003,1148,27,6,0,6,0
2020-11-09,Amador,005,37829,408,380,0,380,16
2020-11-09,Butte,007,227075,3502,3301,88,3389,57
2020-11-09,Calaveras,009,45235,370,360,0,360,21
2020-11-09,Colusa,011,21464,600,583,1,584,6
2020-11-09,Contra Costa,013,1133247,21094,20193,107,20300,255
2020-11-09,Del Norte,015,27424,219,195,0,195,2
2020-11-09,El Dorado,017,186661,1717,1515,17,1532,4
2020-11-09,Fresno,019,978130,36484,32755,715,33470,465
2020-11-09,Glenn,021,27897,776,714,9,723,3
2020-11-09,Humboldt,023,135768,667,607,1,608,9
2020-11-09,Imperial,025,180216,13974,13508,25,13533,338
2020-11-09,Inyo,027,18085,267,252,5,257,14
2020-11-09,Kern,029,883053,36187,34764,644,35408,448
2020-11-09,Kings,031,150075,9619,9141,82,9223,84
2020-11-09,Lake,033,64148,800,755,0,755,16
2020-11-09,Lassen,035,31185,1024,799,2,801,0
2020-11-09,Los Angeles,037,10098052,332118,320370,3659,324029,7180
2020-11-09,Madera,039,155013,5506,5209,70,5279,54
2020-11-09,Marin,041,260295,7390,7237,22,7259,131
2020-11-09,Mariposa,043,17540,90,84,0,84,2
2020-11-09,Mendocino,045,87422,1224,1132,5,1137,22
2020-11-09,Merced,047,269075,10298,9922,62,9984,157
2020-11-09,Modoc,049,8938,74,54,12,66,0
2020-11-09,Mono,051,14174,468,352,8,360,2
2020-11-09,Monterey,053,433212,12876,12148,121,12269,98
2020-11-09,Napa,055,140530,2511,2309,10,2319,15
2020-11-09,Nevada,057,99092,847,729,22,751,9
2020-11-09,Orange,059,3164182,66065,62335,1988,64323,1501
2020-11-09,Placer,061,380077,5364,4843,36,4879,60
2020-11-09,Plumas,063,18699,135,102,0,102,0
2020-11-09,Riverside,065,2383286,75277,72059,882,72941,1346
2020-11-09,Sacramento,067,1510023,30091,28200,48,28248,516
2020-11-09,San Benito,069,59416,1585,1506,1,1507,15
2020-11-09,San Bernardino,071,2135413,74082,69015,660,69675,1182
2020-11-09,San Diego,073,3302833,65144,60572,2046,62618,908
2020-11-09,San Francisco,075,870044,13619,12984,67,13051,146
2020-11-09,San Joaquin,077,732212,23683,22512,322,22834,505
2020-11-09,San Luis Obispo,079,281455,5270,4746,63,4809,32
2020-11-09,San Mateo,081,765935,12527,11857,11,11868,169
2020-11-09,Santa Barbara,083,443738,10520,10214,142,10356,134
2020-11-09,Santa Clara,085,1922200,28890,26693,54,26747,409
2020-11-09,Santa Cruz,087,273765,3451,3194,36,3230,25
2020-11-09,Shasta,089,179085,3513,2581,50,2631,36
2020-11-09,Sierra,091,2930,10,10,0,10,0
2020-11-09,Siskiyou,093,43540,316,257,13,270,0
2020-11-09,Solano,095,438530,8669,8254,40,8294,85
2020-11-09,Sonoma,097,501317,10866,10310,35,10345,150
2020-11-09,Stanislaus,099,539301,19148,18482,951,19433,418
2020-11-09,Sutter,101,95872,2219,2010,3,2013,12
2020-11-09,Tehama,103,63373,1208,1071,2,1073,7
2020-11-09,Trinity,105,12862,149,46,16,62,0
2020-11-09,Tulare,107,460477,19231,18272,674,18946,304
2020-11-09,Tuolumne,109,53932,504,346,5,351,7
2020-11-09,Ventura,111,848112,16649,15568,456,16024,156
2020-11-09,Yolo,113,214977,3804,3522,10,3532,62
2020-11-09,Yuba,115,75493,1473,1380,5,1385,10
2020-11-08,Alameda,001,1643700,25768,24731,246,24977,424
2020-11-08,Alpine,003,1148,24,6,0,6,0
2020-11-08,Amador,005,37829,401,376,0,376,16
2020-11-08,Butte,007,227075,3464,3285,81,3366,57
2020-11-08,Calaveras,009,45235,368,360,0,360,21
2020-11-08,Colusa,011,21464,597,583,1,584,6
2020-11-08,Contra Costa,013,1133247,20923,20031,105,20136,254
2020-11-08,Del Norte,015,27424,212,195,0,195,2
2020-11-08,El Dorado,017,186661,1680,1502,17,1519,4
2020-11-08,Fresno,019,978130,36149,32619,677,33296,465
2020-11-08,Glenn,021,27897,770,707,8,715,3
2020-11-08,Humboldt,023,135768,651,605,1,606,9
2020-11-08,Imperial,025,180216,13858,13428,25,13453,338
2020-11-08,Inyo,027,18085,264,252,5,257,14
2020-11-08,Kern,029,883053,35968,34644,626,35270,448
2020-11-08,Kings,031,150075,9486,9026,79,9105,84
2020-11-08,Lake,033,64148,792,754,0,754,16
2020-11-08,Lassen,035,31185,876,799,2,801,0
2020-11-08,Los Angeles,037,10098052,328991,318960,3593,322553,7176
2020-11-08,Madera,039,155013,5436,5196,67,5263,54
2020-11-08,Marin,041,260295,7370,7227,22,7249,131
2020-11-08,Mariposa,043,17540,90,83,0,83,2
2020-11-08,Mendocino,045,87422,1215,1129,5,1134,22
2020-11-08,Merced,047,269075,10223,9885,60,9945,157
2020-11-08,Modoc,049,8938,70,54,12,66,0
2020-11-08,Mono,051,14174,462,352,8,360,2
2020-11-08,Monterey,053,433212,12731,12122,111,12233,98
2020-11-08,Napa,055,140530,2472,2274,10,2284,15
2020-11-08,Nevada,057,99092,831,715,22,737,9
2020-11-08,Orange,059,3164182,65477,62034,1974,64008,1501
2020-11-08,Placer,061,380077,5261,4800,31,4831,60
2020-11-08,Plumas,063,18699,130,102,0,102,0
2020-11-08,Riverside,065,2383286,74622,71442,841,72283,1345
2020-11-08,Sacramento,067,1510023,29532,28059,45,28104,515
2020-11-08,San Benito,069,59416,1570,1496,1,1497,15
2020-11-08,San Bernardino,071,2135413,72830,68412,621,69033,1182
2020-11-08,San Diego,073,3302833,64299,60199,2002,62201,908
2020-11-08,San Francisco,075,870044,13489,12985,63,13048,146
2020-11-08,San Joaquin,077,732212,23489,22514,318,22832,505
2020-11-08,San Luis Obispo,079,281455,5204,4698,58,4756,32
2020-11-08,San Mateo,081,765935,12409,11783,11,11794,169
2020-11-08,Santa Barbara,083,443738,10450,10180,140,10320,134
2020-11-08,Santa Clara,085,1922200,28516,26442,53,26495,410
2020-11-08,Santa Cruz,087,273765,3394,3134,36,3170,25
2020-11-08,Shasta,089,179085,3377,2582,44,2626,36
2020-11-08,Sierra,091,2930,10,7,0,7,0
2020-11-08,Siskiyou,093,43540,304,246,12,258,0
2020-11-08,Solano,095,438530,8548,8132,39,8171,85
2020-11-08,Sonoma,097,501317,10759,10229,35,10264,149
2020-11-08,Stanislaus,099,539301,18974,18413,930,19343,418
2020-11-08,Sutter,101,95872,2161,1980,3,1983,12
2020-11-08,Tehama,103,63373,1182,1054,2,1056,7
2020-11-08,Trinity,105,12862,146,46,15,61,0
2020-11-08,Tulare,107,460477,19089,18272,645,18917,304
2020-11-08,Tuolumne,109,53932,477,341,5,346,7
2020-11-08,Ventura,111,848112,16454,15504,448,15952,156
2020-11-08,Yolo,113,214977,3742,3492,10,3502,61
2020-11-08,Yuba,115,75493,1452,1369,5,1374,10
2020-11-07,Alameda,001,1643700,25658,24578,244,24822,424
2020-11-07,Alpine,003,1148,24,6,0,6,0
2020-11-07,Amador,005,37829,398,375,0,375,16
2020-11-07,Butte,007,227075,3451,3277,76,3353,57
2020-11-07,Calaveras,009,45235,366,360,0,360,21
2020-11-07,Colusa,011,21464,597,583,1,584,6
2020-11-07,Contra Costa,013,1133247,20822,19943,104,20047,254
2020-11-07,Del Norte,015,27424,207,194,0,194,2
2020-11-07,El Dorado,017,186661,1655,1495,16,1511,4
2020-11-07,Fresno,019,978130,35995,32497,654,33151,465
2020-11-07,Glenn,021,27897,762,707,8,715,3
2020-11-07,Humboldt,023,135768,640,590,1,591,9
2020-11-07,Imperial,025,180216,13800,13388,24,13412,338
2020-11-07,Inyo,027,18085,262,252,5,257,14
2020-11-07,Kern,029,883053,35812,34513,616,35129,448
2020-11-07,Kings,031,150075,9453,9005,73,9078,84
2020-11-07,Lake,033,64148,788,751,0,751,16
2020-11-07,Lassen,035,31185,860,799,2,801,0
2020-11-07,Los Angeles,037,10098052,327478,316756,3526,320282,7174
2020-11-07,Madera,039,155013,5413,5177,65,5242,54
2020-11-07,Marin,041,260295,7359,7215,22,7237,131
2020-11-07,Mariposa,043,17540,90,81,0,81,2
2020-11-07,Mendocino,045,87422,1204,1118,5,1123,22
2020-11-07,Merced,047,269075,10191,9855,56,9911,157
2020-11-07,Modoc,049,8938,70,51,12,63,0
2020-11-07,Mono,051,14174,459,352,8,360,2
2020-11-07,Monterey,053,433212,12661,12030,107,12137,98
2020-11-07,Napa,055,140530,2442,2260,9,2269,15
2020-11-07,Nevada,057,99092,814,710,22,732,9
2020-11-07,Orange,059,3164182,65189,62038,1968,64006,1505
2020-11-07,Placer,061,380077,5198,4745,31,4776,60
2020-11-07,Plumas,063,18699,127,94,0,94,0
2020-11-07,Riverside,065,2383286,74227,71153,814,71967,1345
2020-11-07,Sacramento,067,1510023,29282,27773,45,27818,515
2020-11-07,San Benito,069,59416,1558,1489,1,1490,15
2020-11-07,San Bernardino,071,2135413,72313,67935,610,68545,1182
2020-11-07,San Diego,073,3302833,63787,59682,1970,61652,909
2020-11-07,San Francisco,075,870044,13428,12980,62,13042,146
2020-11-07,San Joaquin,077,732212,23381,22517,312,22829,505
2020-11-07,San Luis Obispo,079,281455,5155,4668,55,4723,32
2020-11-07,San Mateo,081,765935,12346,11711,11,11722,169
2020-11-07,Santa Barbara,083,443738,10408,10157,138,10295,134
2020-11-07,Santa Clara,085,1922200,28312,26244,52,26296,410
2020-11-07,Santa Cruz,087,273765,3356,3130,36,3166,25
2020-11-07,Shasta,089,179085,3310,2547,42,2589,36
2020-11-07,Sierra,091,2930,10,7,0,7,0
2020-11-07,Siskiyou,093,43540,300,241,12,253,0
2020-11-07,Solano,095,438530,8496,8066,39,8105,85
2020-11-07,Sonoma,097,501317,10713,10200,35,10235,149
2020-11-07,Stanislaus,099,539301,18863,18386,914,19300,418
2020-11-07,Sutter,101,95872,2121,1973,3,1976,12
2020-11-07,Tehama,103,63373,1157,1043,2,1045,7
2020-11-07,Trinity,105,12862,146,42,14,56,0
2020-11-07,Tulare,107,460477,19033,18229,628,18857,304
2020-11-07,Tuolumne,109,53932,465,327,5,332,7
2020-11-07,Ventura,111,848112,16394,15364,443,15807,156
2020-11-07,Yolo,113,214977,3711,3486,10,3496,61
2020-11-07,Yuba,115,75493,1437,1349,5,1354,10
2020-11-06,Alameda,001,1643700,25526,24389,242,24631,420
2020-11-06,Alpine,003,1148,24,6,0,6,0
2020-11-06,Amador,005,37829,396,369,0,369,16
2020-11-06,Butte,007,227075,3426,3254,68,3322,57
2020-11-06,Calaveras,009,45235,365,359,0,359,21
2020-11-06,Colusa,011,21464,595,580,1,581,6
2020-11-06,Contra Costa,013,1133247,20675,19744,104,19848,252
2020-11-06,Del Norte,015,27424,204,194,0,194,2
2020-11-06,El Dorado,017,186661,1629,1475,16,1491,4
2020-11-06,Fresno,019,978130,35807,32278,638,32916,460
2020-11-06,Glenn,021,27897,756,707,7,714,3
2020-11-06,Humboldt,023,135768,637,587,1,588,9
2020-11-06,Imperial,025,180216,13747,13230,24,13254,338
2020-11-06,Inyo,027,18085,260,246,5,251,14
2020-11-06,Kern,029,883053,35648,34360,599,34959,443
2020-11-06,Kings,031,150075,9429,8883,71,8954,83
2020-11-06,Lake,033,64148,787,741,0,741,16
2020-11-06,Lassen,035,31185,852,794,2,796,0
2020-11-06,Los Angeles,037,10098052,325508,314356,3474,317830,7160
2020-11-06,Madera,039,155013,5397,5136,64,5200,54
2020-11-06,Marin,041,260295,7338,7184,22,7206,131
2020-11-06,Mariposa,043,17540,89,79,0,79,2
2020-11-06,Mendocino,045,87422,1199,1113,5,1118,22
2020-11-06,Merced,047,269075,10151,9778,53,9831,157
2020-11-06,Modoc,049,8938,70,48,12,60,0
2020-11-06,Mono,051,14174,453,308,8,316,1
2020-11-06,Monterey,053,433212,12544,11914,106,12020,96
2020-11-06,Napa,055,140530,2417,2189,9,2198,15
2020-11-06,Nevada,057,99092,801,692,21,713,9
2020-11-06,Orange,059,3164182,64886,61049,1958,63007,1494
2020-11-06,Placer,061,380077,5125,4680,31,4711,60
2020-11-06,Plumas,063,18699,122,90,0,90,0
2020-11-06,Riverside,065,2383286,73778,70409,773,71182,1341
2020-11-06,Sacramento,067,1510023,28991,27489,43,27532,514
2020-11-06,San Benito,069,59416,1549,1479,1,1480,15
2020-11-06,San Bernardino,071,2135413,71715,66740,590,67330,1179
2020-11-06,San Diego,073,3302833,63263,59143,1938,61081,907
2020-11-06,San Francisco,075,870044,13358,12825,61,12886,146
2020-11-06,San Joaquin,077,732212,23296,22424,302,22726,502
2020-11-06,San Luis Obispo,079,281455,5090,4531,49,4580,32
2020-11-06,San Mateo,081,765935,12271,11587,11,11598,168
2020-11-06,Santa Barbara,083,443738,10372,10118,134,10252,133
2020-11-06,Santa Clara,085,1922200,28070,25831,52,25883,402
2020-11-06,Santa Cruz,087,273765,3318,3063,36,3099,25
2020-11-06,Shasta,089,179085,3237,2475,41,2516,35
2020-11-06,Sierra,091,2930,9,7,0,7,0
2020-11-06,Siskiyou,093,43540,287,237,11,248,0
2020-11-06,Solano,095,438530,8430,7959,39,7998,85
2020-11-06,Sonoma,097,501317,10663,10142,35,10177,149
2020-11-06,Stanislaus,099,539301,18776,18250,906,19156,417
2020-11-06,Sutter,101,95872,2094,1937,2,1939,12
2020-11-06,Tehama,103,63373,1136,1024,2,1026,6
2020-11-06,Trinity,105,12862,143,41,14,55,0
2020-11-06,Tulare,107,460477,18969,18136,603,18739,300
2020-11-06,Tuolumne,109,53932,443,316,5,321,5
2020-11-06,Ventura,111,848112,16308,15222,440,15662,154
2020-11-06,Yolo,113,214977,3682,3420,10,3430,62
2020-11-06,Yuba,115,75493,1424,1335,5,1340,10
2020-11-05,Alameda,001,1643700,25350,24270,242,24512,420
2020-11-05,Alpine,003,1148,24,6,0,6,0
2020-11-05,Amador,005,37829,393,363,0,363,16
2020-11-05,Butte,007,227075,3403,3239,62,3301,57
2020-11-05,Calaveras,009,45235,357,333,0,333,19
2020-11-05,Colusa,011,21464,591,574,1,575,6
2020-11-05,Contra Costa,013,1133247,20492,19656,101,19757,252
2020-11-05,Del Norte,015,27424,202,192,0,192,2
2020-11-05,El Dorado,017,186661,1605,1466,16,1482,4
2020-11-05,Fresno,019,978130,35565,32056,614,32670,460
2020-11-05,Glenn,021,27897,736,702,7,709,3
2020-11-05,Humboldt,023,135768,627,581,1,582,9
2020-11-05,Imperial,025,180216,13655,13178,23,13201,337
2020-11-05,Inyo,027,18085,259,247,5,252,14
2020-11-05,Kern,029,883053,35447,34232,586,34818,443
2020-11-05,Kings,031,150075,9274,8846,68,8914,83
2020-11-05,Lake,033,64148,783,739,0,739,16
2020-11-05,Lassen,035,31185,821,782,2,784,0
2020-11-05,Los Angeles,037,10098052,323152,312381,3421,315802,7146
2020-11-05,Madera,039,155013,5359,5129,61,5190,54
2020-11-05,Marin,041,260295,7315,7171,22,7193,131
2020-11-05,Mariposa,043,17540,88,79,0,79,2
2020-11-05,Mendocino,045,87422,1187,1112,5,1117,22
2020-11-05,Merced,047,269075,10092,9753,48,9801,155
2020-11-05,Modoc,049,8938,69,47,11,58,0
2020-11-05,Mono,051,14174,451,307,8,315,1
2020-11-05,Monterey,053,433212,12434,11784,102,11886,96
2020-11-05,Napa,055,140530,2390,2158,9,2167,15
2020-11-05,Nevada,057,99092,779,687,20,707,9
2020-11-05,Orange,059,3164182,64439,60740,1948,62688,1484
2020-11-05,Placer,061,380077,5056,4627,26,4653,60
2020-11-05,Plumas,063,18699,114,90,0,90,0
2020-11-05,Riverside,065,2383286,73067,70094,717,70811,1338
2020-11-05,Sacramento,067,1510023,28611,27232,42,27274,512
2020-11-05,San Benito,069,59416,1534,1477,1,1478,15
2020-11-05,San Bernardino,071,2135413,70887,66407,578,66985,1174
2020-11-05,San Diego,073,3302833,62637,58659,1912,60571,904
2020-11-05,San Francisco,075,870044,13246,12726,60,12786,146
2020-11-05,San Joaquin,077,732212,23132,22318,298,22616,502
2020-11-05,San Luis Obispo,079,281455,5023,4459,47,4506,32
2020-11-05,San Mateo,081,765935,12177,11535,11,11546,168
2020-11-05,Santa Barbara,083,443738,10328,10080,131,10211,133
2020-11-05,Santa Clara,085,1922200,27805,25651,52,25703,402
2020-11-05,Santa Cruz,087,273765,3280,3023,36,3059,25
2020-11-05,Shasta,089,179085,3147,2401,40,2441,34
2020-11-05,Sierra,091,2930,9,6,0,6,0
2020-11-05,Siskiyou,093,43540,276,228,11,239,0
2020-11-05,Solano,095,438530,8347,7842,39,7881,85
2020-11-05,Sonoma,097,501317,10551,10064,34,10098,145
2020-11-05,Stanislaus,099,539301,18662,18194,893,19087,417
2020-11-05,Sutter,101,95872,2062,1925,2,1927,12
2020-11-05,Tehama,103,63373,1115,1015,2,1017,6
2020-11-05,Trinity,105,12862,127,41,14,55,0
2020-11-05,Tulare,107,460477,18880,18049,577,18626,301
2020-11-05,Tuolumne,109,53932,414,312,5,317,5
2020-11-05,Ventura,111,848112,16142,15113,429,15542,155
2020-11-05,Yolo,113,214977,3632,3391,10,3401,61
2020-11-05,Yuba,115,75493,1406,1322,5,1327,10
2020-11-04,Alameda,001,1643700,25173,24172,240,24412,418
2020-11-04,Alpine,003,1148,20,5,0,5,0
2020-11-04,Amador,005,37829,390,362,0,362,16
2020-11-04,Butte,007,227075,3378,3218,59,3277,57
2020-11-04,Calaveras,009,45235,354,290,0,290,19
2020-11-04,Colusa,011,21464,589,571,1,572,6
2020-11-04,Contra Costa,013,1133247,20327,19472,98,19570,251
2020-11-04,Del Norte,015,27424,198,188,0,188,2
2020-11-04,El Dorado,017,186661,1590,1448,13,1461,4
2020-11-04,Fresno,019,978130,35333,31952,586,32538,457
2020-11-04,Glenn,021,27897,732,701,6,707,3
2020-11-04,Humboldt,023,135768,618,571,1,572,9
2020-11-04,Imperial,025,180216,13557,13087,23,13110,335
2020-11-04,Inyo,027,18085,258,247,5,252,14
2020-11-04,Kern,029,883053,35292,34027,575,34602,439
2020-11-04,Kings,031,150075,9240,8817,66,8883,83
2020-11-04,Lake,033,64148,776,735,0,735,16
2020-11-04,Lassen,035,31185,816,781,2,783,0
2020-11-04,Los Angeles,037,10098052,320841,310456,3342,313798,7124
2020-11-04,Madera,039,155013,5339,5083,57,5140,54
2020-11-04,Marin,041,260295,7303,7157,22,7179,131
2020-11-04,Mariposa,043,17540,88,79,0,79,2
2020-11-04,Mendocino,045,87422,1169,1089,5,1094,22
2020-11-04,Merced,047,269075,10043,9717,46,9763,153
2020-11-04,Modoc,049,8938,59,47,11,58,0
2020-11-04,Mono,051,14174,448,237,7,244,1
2020-11-04,Monterey,053,433212,12230,11743,96,11839,96
2020-11-04,Napa,055,140530,2336,2133,9,2142,15
2020-11-04,Nevada,057,99092,760,675,20,695,9
2020-11-04,Orange,059,3164182,64004,60463,1927,62390,1483
2020-11-04,Placer,061,380077,4980,4526,23,4549,60
2020-11-04,Plumas,063,18699,112,88,0,88,0
2020-11-04,Riverside,065,2383286,72450,69562,658,70220,1335
2020-11-04,Sacramento,067,1510023,28261,27005,41,27046,510
2020-11-04,San Benito,069,59416,1519,1464,1,1465,15
2020-11-04,San Bernardino,071,2135413,70090,65891,555,66446,1169
2020-11-04,San Diego,073,3302833,61991,58126,1886,60012,904
2020-11-04,San Francisco,075,870044,13163,12649,57,12706,146
2020-11-04,San Joaquin,077,732212,22995,22197,285,22482,500
2020-11-04,San Luis Obispo,079,281455,4956,4389,45,4434,32
2020-11-04,San Mateo,081,765935,12083,11456,11,11467,168
2020-11-04,Santa Barbara,083,443738,10290,10026,130,10156,132
2020-11-04,Santa Clara,085,1922200,27544,25487,52,25539,393
2020-11-04,Santa Cruz,087,273765,3243,2997,36,3033,25
2020-11-04,Shasta,089,179085,3016,2321,35,2356,34
2020-11-04,Sierra,091,2930,9,6,0,6,0
2020-11-04,Siskiyou,093,43540,267,222,11,233,0
2020-11-04,Solano,095,438530,8248,7733,39,7772,85
2020-11-04,Sonoma,097,501317,10457,9965,34,9999,142
2020-11-04,Stanislaus,099,539301,18544,18114,878,18992,416
2020-11-04,Sutter,101,95872,2028,1916,2,1918,12
2020-11-04,Tehama,103,63373,1088,997,2,999,6
2020-11-04,Trinity,105,12862,123,37,14,51,0
2020-11-04,Tulare,107,460477,18770,17952,549,18501,298
2020-11-04,Tuolumne,109,53932,390,310,5,315,5
2020-11-04,Ventura,111,848112,16002,14936,426,15362,155
2020-11-04,Yolo,113,214977,3592,3361,10,3371,62
2020-11-04,Yuba,115,75493,1385,1312,5,1317,10
2020-11-03,Alameda,001,1643700,24989,24055,238,24293,418
2020-11-03,Alpine,003,1148,19,4,0,4,0
2020-11-03,Amador,005,37829,385,361,0,361,16
2020-11-03,Butte,007,227075,3355,3211,53,3264,57
2020-11-03,Calaveras,009,45235,350,287,0,287,19
2020-11-03,Colusa,011,21464,584,572,1,573,6
2020-11-03,Contra Costa,013,1133247,20172,19416,98,19514,250
2020-11-03,Del Norte,015,27424,197,187,0,187,2
2020-11-03,El Dorado,017,186661,1568,1445,12,1457,4
2020-11-03,Fresno,019,978130,35068,31856,563,32419,457
2020-11-03,Glenn,021,27897,726,698,6,704,3
2020-11-03,Humboldt,023,135768,612,570,1,571,8
2020-11-03,Imperial,025,180216,13467,13044,22,13066,335
2020-11-03,Inyo,027,18085,257,244,5,249,14
2020-11-03,Kern,029,883053,35101,33957,564,34521,439
2020-11-03,Kings,031,150075,9077,8783,61,8844,83
2020-11-03,Lake,033,64148,766,732,0,732,16
2020-11-03,Lassen,035,31185,807,782,2,784,0
2020-11-03,Los Angeles,037,10098052,318384,308812,3275,312087,7104
2020-11-03,Madera,039,155013,5303,5058,56,5114,54
2020-11-03,Marin,041,260295,7283,7147,21,7168,131
2020-11-03,Mariposa,043,17540,87,79,0,79,2
2020-11-03,Mendocino,045,87422,1154,1084,5,1089,22
2020-11-03,Merced,047,269075,9990,9713,45,9758,153
2020-11-03,Modoc,049,8938,57,47,9,56,0
2020-11-03,Mono,051,14174,444,210,7,217,1
2020-11-03,Monterey,053,433212,12161,11703,91,11794,94
2020-11-03,Napa,055,140530,2300,2130,9,2139,15
2020-11-03,Nevada,057,99092,740,670,19,689,9
2020-11-03,Orange,059,3164182,63574,60283,1915,62198,1477
2020-11-03,Placer,061,380077,4907,4514,23,4537,60
2020-11-03,Plumas,063,18699,109,86,0,86,0
2020-11-03,Riverside,065,2383286,71831,69300,633,69933,1325
2020-11-03,Sacramento,067,1510023,27880,26841,39,26880,510
2020-11-03,San Benito,069,59416,1509,1463,1,1464,15
2020-11-03,San Bernardino,071,2135413,69279,65320,548,65868,1159
2020-11-03,San Diego,073,3302833,61315,57722,1842,59564,901
2020-11-03,San Francisco,075,870044,13041,12585,57,12642,146
2020-11-03,San Joaquin,077,732212,22860,22109,279,22388,500
2020-11-03,San Luis Obispo,079,281455,4872,4371,43,4414,32
2020-11-03,San Mateo,081,765935,11988,11406,11,11417,162
2020-11-03,Santa Barbara,083,443738,10236,10008,126,10134,132
2020-11-03,Santa Clara,085,1922200,27270,25386,51,25437,393
2020-11-03,Santa Cruz,087,273765,3193,2980,35,3015,25
2020-11-03,Shasta,089,179085,2922,2288,28,2316,33
2020-11-03,Sierra,091,2930,7,6,0,6,0
2020-11-03,Siskiyou,093,43540,263,219,11,230,0
2020-11-03,Solano,095,438530,8164,7691,39,7730,85
2020-11-03,Sonoma,097,501317,10355,9906,34,9940,142
2020-11-03,Stanislaus,099,539301,18423,18080,867,18947,416
2020-11-03,Sutter,101,95872,1995,1914,2,1916,12
2020-11-03,Tehama,103,63373,1067,988,2,990,6
2020-11-03,Trinity,105,12862,116,36,13,49,0
2020-11-03,Tulare,107,460477,18664,17890,524,18414,297
2020-11-03,Tuolumne,109,53932,368,302,5,307,5
2020-11-03,Ventura,111,848112,15875,14816,419,15235,155
2020-11-03,Yolo,113,214977,3540,3343,10,3353,61
2020-11-03,Yuba,115,75493,1372,1295,5,1300,10
2020-11-02,Alameda,001,1643700,24793,23991,236,24227,419
2020-11-02,Alpine,003,1148,16,4,0,4,0
2020-11-02,Amador,005,37829,377,357,0,357,16
2020-11-02,Butte,007,227075,3335,3198,50,3248,57
2020-11-02,Calaveras,009,45235,350,282,0,282,18
2020-11-02,Colusa,011,21464,579,571,1,572,6
2020-11-02,Contra Costa,013,1133247,20015,19339,97,19436,250
2020-11-02,Del Norte,015,27424,194,175,0,175,2
2020-11-02,El Dorado,017,186661,1544,1405,12,1417,4
2020-11-02,Fresno,019,978130,34798,31738,546,32284,451
2020-11-02,Glenn,021,27897,720,692,5,697,3
2020-11-02,Humboldt,023,135768,603,569,1,570,8
2020-11-02,Imperial,025,180216,13387,13004,21,13025,334
2020-11-02,Inyo,027,18085,254,243,5,248,14
2020-11-02,Kern,029,883053,34943,33834,554,34388,437
2020-11-02,Kings,031,150075,9047,8654,58,8712,82
2020-11-02,Lake,033,64148,760,728,0,728,17
2020-11-02,Lassen,035,31185,799,782,2,784,0
2020-11-02,Los Angeles,037,10098052,316036,307620,3201,310821,7079
2020-11-02,Madera,039,155013,5272,5033,55,5088,54
2020-11-02,Marin,041,260295,7265,7132,20,7152,125
2020-11-02,Mariposa,043,17540,87,79,0,79,2
2020-11-02,Mendocino,045,87422,1140,1076,5,1081,21
2020-11-02,Merced,047,269075,9928,9664,39,9703,152
2020-11-02,Modoc,049,8938,54,45,5,50,0
2020-11-02,Mono,051,14174,442,211,7,218,1
2020-11-02,Monterey,053,433212,12054,11602,88,11690,93
2020-11-02,Napa,055,140530,2258,2081,9,2090,15
2020-11-02,Nevada,057,99092,724,656,19,675,9
2020-11-02,Orange,059,3164182,63168,59996,1900,61896,1474
2020-11-02,Placer,061,380077,4837,4461,21,4482,60
2020-11-02,Plumas,063,18699,101,86,0,86,0
2020-11-02,Riverside,065,2383286,71200,68833,592,69425,1321
2020-11-02,Sacramento,067,1510023,27538,26676,37,26713,508
2020-11-02,San Benito,069,59416,1497,1459,1,1460,15
2020-11-02,San Bernardino,071,2135413,68424,64629,537,65166,1157
2020-11-02,San Diego,073,3302833,60592,57429,1797,59226,891
2020-11-02,San Francisco,075,870044,12944,12436,56,12492,145
2020-11-02,San Joaquin,077,732212,22720,21919,271,22190,500
2020-11-02,San Luis Obispo,079,281455,4772,4303,40,4343,31
2020-11-02,San Mateo,081,765935,11879,11328,11,11339,161
2020-11-02,Santa Barbara,083,443738,10195,9985,121,10106,130
2020-11-02,Santa Clara,085,1922200,26983,25222,51,25273,387
2020-11-02,Santa Cruz,087,273765,3151,2943,35,2978,25
2020-11-02,Shasta,089,179085,2819,2174,24,2198,33
2020-11-02,Sierra,091,2930,7,6,0,6,0
2020-11-02,Siskiyou,093,43540,253,216,11,227,0
2020-11-02,Solano,095,438530,8046,7665,39,7704,84
2020-11-02,Sonoma,097,501317,10273,9796,33,9829,140
2020-11-02,Stanislaus,099,539301,18327,18005,858,18863,412
2020-11-02,Sutter,101,95872,1971,1895,2,1897,12
2020-11-02,Tehama,103,63373,1044,971,2,973,6
2020-11-02,Trinity,105,12862,110,30,13,43,0
2020-11-02,Tulare,107,460477,18571,17774,504,18278,299
2020-11-02,Tuolumne,109,53932,351,302,5,307,5
2020-11-02,Ventura,111,848112,15734,14767,405,15172,156
2020-11-02,Yolo,113,214977,3492,3318,10,3328,61
2020-11-02,Yuba,115,75493,1359,1280,5,1285,10
2020-11-01,Alameda,001,1643700,24630,23892,234,24126,419
2020-11-01,Alpine,003,1148,10,4,0,4,0
2020-11-01,Amador,005,37829,374,352,0,352,16
2020-11-01,Butte,007,227075,3312,3185,49,3234,57
2020-11-01,Calaveras,009,45235,349,282,0,282,18
2020-11-01,Colusa,011,21464,577,567,1,568,6
2020-11-01,Contra Costa,013,1133247,19842,19246,96,19342,250
2020-11-01,Del Norte,015,27424,190,175,0,175,2
2020-11-01,El Dorado,017,186661,1528,1394,12,1406,4
2020-11-01,Fresno,019,978130,34539,31613,526,32139,451
2020-11-01,Glenn,021,27897,711,688,3,691,3
2020-11-01,Humboldt,023,135768,595,568,1,569,8
2020-11-01,Imperial,025,180216,13296,12969,19,12988,334
2020-11-01,Inyo,027,18085,252,241,5,246,14
2020-11-01,Kern,029,883053,34762,33760,474,34234,437
2020-11-01,Kings,031,150075,9009,8641,57,8698,82
2020-11-01,Lake,033,64148,754,727,0,727,17
2020-11-01,Lassen,035,31185,799,782,2,784,0
2020-11-01,Los Angeles,037,10098052,313466,306217,3110,309327,7077
2020-11-01,Madera,039,155013,5225,5019,53,5072,54
2020-11-01,Marin,041,260295,7248,7124,20,7144,125
2020-11-01,Mariposa,043,17540,83,79,0,79,2
2020-11-01,Mendocino,045,87422,1126,1074,5,1079,21
2020-11-01,Merced,047,269075,9867,9626,39,9665,152
2020-11-01,Modoc,049,8938,53,45,5,50,0
2020-11-01,Mono,051,14174,413,211,6,217,1
2020-11-01,Monterey,053,433212,11947,11587,85,11672,93
2020-11-01,Napa,055,140530,2224,2067,9,2076,15
2020-11-01,Nevada,057,99092,708,646,18,664,9
2020-11-01,Orange,059,3164182,62766,59733,1874,61607,1475
2020-11-01,Placer,061,380077,4769,4422,20,4442,58
2020-11-01,Plumas,063,18699,96,86,0,86,0
2020-11-01,Riverside,065,2383286,70570,68493,557,69050,1319
2020-11-01,Sacramento,067,1510023,27216,26442,37,26479,508
2020-11-01,San Benito,069,59416,1482,1451,1,1452,15
2020-11-01,San Bernardino,071,2135413,67582,64339,516,64855,1157
2020-11-01,San Diego,073,3302833,59904,57122,1757,58879,891
2020-11-01,San Francisco,075,870044,12821,12436,51,12487,145
2020-11-01,San Joaquin,077,732212,22592,21919,265,22184,500
2020-11-01,San Luis Obispo,079,281455,4692,4303,39,4342,31
2020-11-01,San Mateo,081,765935,11798,11280,11,11291,160
2020-11-01,Santa Barbara,083,443738,10144,9969,105,10074,130
2020-11-01,Santa Clara,085,1922200,26700,25090,51,25141,386
2020-11-01,Santa Cruz,087,273765,3098,2921,35,2956,25
2020-11-01,Shasta,089,179085,2684,2172,23,2195,33
2020-11-01,Sierra,091,2930,7,6,0,6,0
2020-11-01,Siskiyou,093,43540,248,205,11,216,0
2020-11-01,Solano,095,438530,7956,7591,39,7630,84
2020-11-01,Sonoma,097,501317,10181,9688,33,9721,140
2020-11-01,Stanislaus,099,539301,18226,17961,839,18800,412
2020-11-01,Sutter,101,95872,1945,1888,1,1889,12
2020-11-01,Tehama,103,63373,1027,965,2,967,5
2020-11-01,Trinity,105,12862,108,30,12,42,0
2020-11-01,Tulare,107,460477,18459,17774,473,18247,299
2020-11-01,Tuolumne,109,53932,329,295,5,300,5
2020-11-01,Ventura,111,848112,15586,14686,377,15063,156
2020-11-01,Yolo,113,214977,3444,3303,10,3313,60
2020-11-01,Yuba,115,75493,1342,1273,5,1278,10
2020-10-31,Alameda,001,1643700,24514,23780,230,24010,416
2020-10-31,Alpine,003,1148,10,4,0,4,0
2020-10-31,Amador,005,37829,370,347,0,347,16
2020-10-31,Butte,007,227075,3299,3172,47,3219,57
2020-10-31,Calaveras,009,45235,349,280,0,280,18
2020-10-31,Colusa,011,21464,575,555,1,556,6
2020-10-31,Contra Costa,013,1133247,19737,19161,96,19257,249
2020-10-31,Del Norte,015,27424,189,175,0,175,2
2020-10-31,El Dorado,017,186661,1519,1390,12,1402,4
2020-10-31,Fresno,019,978130,34402,31558,523,32081,451
2020-10-31,Glenn,021,27897,709,678,3,681,3
2020-10-31,Humboldt,023,135768,592,561,1,562,8
2020-10-31,Imperial,025,180216,13254,12912,19,12931,334
2020-10-31,Inyo,027,18085,251,241,5,246,14
2020-10-31,Kern,029,883053,34659,33666,465,34131,437
2020-10-31,Kings,031,150075,8988,8612,56,8668,82
2020-10-31,Lake,033,64148,750,724,0,724,16
2020-10-31,Lassen,035,31185,794,782,2,784,0
2020-10-31,Los Angeles,037,10098052,312088,304704,3071,307775,7073
2020-10-31,Madera,039,155013,5206,5013,50,5063,54
2020-10-31,Marin,041,260295,7232,7112,20,7132,125
2020-10-31,Mariposa,043,17540,83,79,0,79,2
2020-10-31,Mendocino,045,87422,1118,1066,5,1071,21
2020-10-31,Merced,047,269075,9834,9597,38,9635,151
2020-10-31,Modoc,049,8938,52,34,4,38,0
2020-10-31,Mono,051,14174,264,194,5,199,1
2020-10-31,Monterey,053,433212,11879,11539,81,11620,93
2020-10-31,Napa,055,140530,2205,2040,9,2049,15
2020-10-31,Nevada,057,99092,690,644,18,662,9
2020-10-31,Orange,059,3164182,62507,59488,1856,61344,1473
2020-10-31,Placer,061,380077,4719,4374,19,4393,58
2020-10-31,Plumas,063,18699,95,85,0,85,0
2020-10-31,Riverside,065,2383286,70213,68178,534,68712,1319
2020-10-31,Sacramento,067,1510023,27017,26316,35,26351,507
2020-10-31,San Benito,069,59416,1475,1448,1,1449,15
2020-10-31,San Bernardino,071,2135413,67156,64016,506,64522,1157
2020-10-31,San Diego,073,3302833,59451,56769,1729,58498,891
2020-10-31,San Francisco,075,870044,12747,12438,50,12488,145
2020-10-31,San Joaquin,077,732212,22517,21918,256,22174,500
2020-10-31,San Luis Obispo,079,281455,4623,4285,36,4321,31
2020-10-31,San Mateo,081,765935,11747,11253,11,11264,160
2020-10-31,Santa Barbara,083,443738,10115,9957,97,10054,130
2020-10-31,Santa Clara,085,1922200,26532,24957,51,25008,379
2020-10-31,Santa Cruz,087,273765,3063,2895,34,2929,25
2020-10-31,Shasta,089,179085,2630,2122,22,2144,33
2020-10-31,Sierra,091,2930,7,6,0,6,0
2020-10-31,Siskiyou,093,43540,246,200,11,211,0
2020-10-31,Solano,095,438530,7891,7545,39,7584,84
2020-10-31,Sonoma,097,501317,10128,9648,33,9681,140
2020-10-31,Stanislaus,099,539301,18163,17920,823,18743,412
2020-10-31,Sutter,101,95872,1936,1876,1,1877,12
2020-10-31,Tehama,103,63373,1017,953,2,955,5
2020-10-31,Trinity,105,12862,105,30,12,42,0
2020-10-31,Tulare,107,460477,18410,17758,466,18224,299
2020-10-31,Tuolumne,109,53932,322,290,5,295,5
2020-10-31,Ventura,111,848112,15502,14635,359,14994,155
2020-10-31,Yolo,113,214977,3409,3290,10,3300,60
2020-10-31,Yuba,115,75493,1326,1260,4,1264,10
2020-10-30,Alameda,001,1643700,24435,23676,228,23904,401
2020-10-30,Alpine,003,1148,10,4,0,4,0
2020-10-30,Amador,005,37829,370,344,0,344,16
2020-10-30,Butte,007,227075,3294,3160,47,3207,57
2020-10-30,Calaveras,009,45235,348,279,0,279,18
2020-10-30,Colusa,011,21464,573,554,1,555,6
2020-10-30,Contra Costa,013,1133247,19664,19074,96,19170,249
2020-10-30,Del Norte,015,27424,188,175,0,175,2
2020-10-30,El Dorado,017,186661,1506,1386,12,1398,4
2020-10-30,Fresno,019,978130,34280,31409,515,31924,446
2020-10-30,Glenn,021,27897,703,674,2,676,3
2020-10-30,Humboldt,023,135768,591,561,1,562,7
2020-10-30,Imperial,025,180216,13213,12853,19,12872,334
2020-10-30,Inyo,027,18085,250,241,5,246,14
2020-10-30,Kern,029,883053,34566,33583,464,34047,437
2020-10-30,Kings,031,150075,8978,8564,54,8618,82
2020-10-30,Lake,033,64148,750,720,0,720,16
2020-10-30,Lassen,035,31185,788,777,2,779,0
2020-10-30,Los Angeles,037,10098052,310652,303425,3036,306461,7060
2020-10-30,Madera,039,155013,5193,4991,48,5039,54
2020-10-30,Marin,041,260295,7212,7097,20,7117,125
2020-10-30,Mariposa,043,17540,83,78,0,78,2
2020-10-30,Mendocino,045,87422,1116,1062,5,1067,21
2020-10-30,Merced,047,269075,9802,9539,38,9577,150
2020-10-30,Modoc,049,8938,51,34,3,37,0
2020-10-30,Mono,051,14174,263,193,5,198,1
2020-10-30,Monterey,053,433212,11816,11491,76,11567,92
2020-10-30,Napa,055,140530,2187,2028,9,2037,15
2020-10-30,Nevada,057,99092,684,634,18,652,9
2020-10-30,Orange,059,3164182,62266,59334,1844,61178,1469
2020-10-30,Placer,061,380077,4672,4335,19,4354,58
2020-10-30,Plumas,063,18699,92,80,0,80,0
2020-10-30,Riverside,065,2383286,69875,67752,514,68266,1317
2020-10-30,Sacramento,067,1510023,26869,26147,35,26182,505
2020-10-30,San Benito,069,59416,1469,1440,1,1441,15
2020-10-30,San Bernardino,071,2135413,66740,63512,503,64015,1156
2020-10-30,San Diego,073,3302833,59046,56387,1707,58094,888
2020-10-30,San Francisco,075,870044,12692,12384,50,12434,145
2020-10-30,San Joaquin,077,732212,22450,21849,250,22099,500
2020-10-30,San Luis Obispo,079,281455,4581,4256,36,4292,31
2020-10-30,San Mateo,081,765935,11688,11207,11,11218,159
2020-10-30,Santa Barbara,083,443738,10092,9937,97,10034,128
2020-10-30,Santa Clara,085,1922200,26384,24811,51,24862,378
2020-10-30,Santa Cruz,087,273765,3045,2874,34,2908,25
2020-10-30,Shasta,089,179085,2586,2048,21,2069,32
2020-10-30,Sierra,091,2930,7,6,0,6,0
2020-10-30,Siskiyou,093,43540,246,192,11,203,0
2020-10-30,Solano,095,438530,7830,7497,39,7536,84
2020-10-30,Sonoma,097,501317,10053,9602,33,9635,140
2020-10-30,Stanislaus,099,539301,18115,17861,808,18669,410
2020-10-30,Sutter,101,95872,1923,1860,1,1861,12
2020-10-30,Tehama,103,63373,1013,932,2,934,5
2020-10-30,Trinity,105,12862,105,29,12,41,0
2020-10-30,Tulare,107,460477,18365,17682,452,18134,299
2020-10-30,Tuolumne,109,53932,314,286,5,291,4
2020-10-30,Ventura,111,848112,15429,14578,348,14926,154
2020-10-30,Yolo,113,214977,3392,3263,10,3273,60
2020-10-30,Yuba,115,75493,1318,1256,4,1260,10
2020-10-29,Alameda,001,1643700,24272,23530,227,23757,401
2020-10-29,Alpine,003,1148,7,4,0,4,0
2020-10-29,Amador,005,37829,366,338,0,338,16
2020-10-29,Butte,007,227075,3276,3143,46,3189,57
2020-10-29,Calaveras,009,45235,346,278,0,278,13
2020-10-29,Colusa,011,21464,569,552,1,553,6
2020-10-29,Contra Costa,013,1133247,19567,18933,95,19028,249
2020-10-29,Del Norte,015,27424,186,174,0,174,2
2020-10-29,El Dorado,017,186661,1484,1370,12,1382,4
2020-10-29,Fresno,019,978130,34123,31321,508,31829,445
2020-10-29,Glenn,021,27897,701,673,2,675,3
2020-10-29,Humboldt,023,135768,586,559,1,560,7
2020-10-29,Imperial,025,180216,13170,12769,19,12788,334
2020-10-29,Inyo,027,18085,248,238,5,243,14
2020-10-29,Kern,029,883053,34465,33460,460,33920,437
2020-10-29,Kings,031,150075,8824,8502,53,8555,82
2020-10-29,Lake,033,64148,747,702,0,702,16
2020-10-29,Lassen,035,31185,787,772,2,774,0
2020-10-29,Los Angeles,037,10098052,309024,302246,2990,305236,7046
2020-10-29,Madera,039,155013,5162,4970,46,5016,53
2020-10-29,Marin,041,260295,7198,7083,20,7103,125
2020-10-29,Mariposa,043,17540,81,78,0,78,2
2020-10-29,Mendocino,045,87422,1110,1058,5,1063,21
2020-10-29,Merced,047,269075,9750,9496,38,9534,150
2020-10-29,Modoc,049,8938,49,31,3,34,0
2020-10-29,Mono,051,14174,256,176,5,181,1
2020-10-29,Monterey,053,433212,11735,11425,74,11499,92
2020-10-29,Napa,055,140530,2163,2009,9,2018,15
2020-10-29,Nevada,057,99092,677,632,18,650,9
2020-10-29,Orange,059,3164182,61998,59046,1824,60870,1464
2020-10-29,Placer,061,380077,4627,4270,18,4288,58
2020-10-29,Plumas,063,18699,90,69,0,69,0
2020-10-29,Riverside,065,2383286,69499,67268,484,67752,1304
2020-10-29,Sacramento,067,1510023,26657,25978,34,26012,507
2020-10-29,San Benito,069,59416,1464,1431,1,1432,15
2020-10-29,San Bernardino,071,2135413,66172,62968,493,63461,1150
2020-10-29,San Diego,073,3302833,58580,55916,1678,57594,885
2020-10-29,San Francisco,075,870044,12614,12312,50,12362,145
2020-10-29,San Joaquin,077,732212,22366,21736,238,21974,498
2020-10-29,San Luis Obispo,079,281455,4550,4223,35,4258,31
2020-10-29,San Mateo,081,765935,11643,11145,11,11156,157
2020-10-29,Santa Barbara,083,443738,10059,9902,95,9997,128
2020-10-29,Santa Clara,085,1922200,26233,24614,51,24665,377
2020-10-29,Santa Cruz,087,273765,3020,2850,34,2884,24
2020-10-29,Shasta,089,179085,2523,2008,21,2029,32
2020-10-29,Sierra,091,2930,6,6,0,6,0
2020-10-29,Siskiyou,093,43540,230,185,11,196,0
2020-10-29,Solano,095,438530,7768,7453,39,7492,78
2020-10-29,Sonoma,097,501317,9988,9533,33,9566,140
2020-10-29,Stanislaus,099,539301,18062,17790,787,18577,410
2020-10-29,Sutter,101,95872,1916,1852,1,1853,12
2020-10-29,Tehama,103,63373,995,925,2,927,5
2020-10-29,Trinity,105,12862,100,28,11,39,0
2020-10-29,Tulare,107,460477,18287,17627,434,18061,299
2020-10-29,Tuolumne,109,53932,309,279,5,284,4
2020-10-29,Ventura,111,848112,15338,14486,344,14830,154
2020-10-29,Yolo,113,214977,3363,3246,10,3256,60
2020-10-29,Yuba,115,75493,1307,1248,4,1252,10
2020-10-28,Alameda,001,1643700,24172,23468,226,23694,400
2020-10-28,Alpine,003,1148,6,4,0,4,0
2020-10-28,Amador,005,37829,363,337,0,337,16
2020-10-28,Butte,007,227075,3260,3134,43,3177,56
2020-10-28,Calaveras,009,45235,345,278,0,278,13
2020-10-28,Colusa,011,21464,566,551,1,552,6
2020-10-28,Contra Costa,013,1133247,19480,18828,94,18922,246
2020-10-28,Del Norte,015,27424,183,173,0,173,2
2020-10-28,El Dorado,017,186661,1472,1363,12,1375,4
2020-10-28,Fresno,019,978130,34002,31195,502,31697,444
2020-10-28,Glenn,021,27897,697,673,2,675,3
2020-10-28,Humboldt,023,135768,582,559,1,560,7
2020-10-28,Imperial,025,180216,13121,12730,19,12749,333
2020-10-28,Inyo,027,18085,248,238,5,243,14
2020-10-28,Kern,029,883053,34363,33424,442,33866,436
2020-10-28,Kings,031,150075,8802,8486,53,8539,82
2020-10-28,Lake,033,64148,744,700,0,700,15
2020-10-28,Lassen,035,31185,783,771,2,773,0
2020-10-28,Los Angeles,037,10098052,307568,300726,2948,303674,7031
2020-10-28,Madera,039,155013,5145,4954,45,4999,53
2020-10-28,Marin,041,260295,7187,7079,20,7099,126
2020-10-28,Mariposa,043,17540,81,78,0,78,2
2020-10-28,Mendocino,045,87422,1109,1037,5,1042,20
2020-10-28,Merced,047,269075,9724,9480,37,9517,150
2020-10-28,Modoc,049,8938,48,31,2,33,0
2020-10-28,Mono,051,14174,238,176,5,181,1
2020-10-28,Monterey,053,433212,11677,11330,72,11402,89
2020-10-28,Napa,055,140530,2137,1998,8,2006,15
2020-10-28,Nevada,057,99092,669,629,18,647,9
2020-10-28,Orange,059,3164182,61734,58801,1808,60609,1459
2020-10-28,Placer,061,380077,4571,4236,18,4254,57
2020-10-28,Plumas,063,18699,89,67,0,67,0
2020-10-28,Riverside,065,2383286,69101,67003,460,67463,1302
2020-10-28,Sacramento,067,1510023,26460,25838,33,25871,506
2020-10-28,San Benito,069,59416,1456,1429,1,1430,15
2020-10-28,San Bernardino,071,2135413,65713,62778,484,63262,1154
2020-10-28,San Diego,073,3302833,58197,55556,1649,57205,881
2020-10-28,San Francisco,075,870044,12556,12261,49,12310,145
2020-10-28,San Joaquin,077,732212,22282,21707,227,21934,498
2020-10-28,San Luis Obispo,079,281455,4506,4197,32,4229,31
2020-10-28,San Mateo,081,765935,11576,11101,11,11112,157
2020-10-28,Santa Barbara,083,443738,10036,9872,93,9965,127
2020-10-28,Santa Clara,085,1922200,26089,24503,51,24554,375
2020-10-28,Santa Cruz,087,273765,2989,2836,34,2870,24
2020-10-28,Shasta,089,179085,2443,1996,20,2016,31
2020-10-28,Sierra,091,2930,6,6,0,6,0
2020-10-28,Siskiyou,093,43540,227,182,10,192,0
2020-10-28,Solano,095,438530,7709,7362,39,7401,77
2020-10-28,Sonoma,097,501317,9898,9457,28,9485,140
2020-10-28,Stanislaus,099,539301,17997,17765,778,18543,409
2020-10-28,Sutter,101,95872,1907,1840,1,1841,12
2020-10-28,Tehama,103,63373,984,921,2,923,5
2020-10-28,Trinity,105,12862,93,28,10,38,0
2020-10-28,Tulare,107,460477,18230,17569,419,17988,297
2020-10-28,Tuolumne,109,53932,305,277,5,282,4
2020-10-28,Ventura,111,848112,15265,14409,335,14744,153
2020-10-28,Yolo,113,214977,3338,3230,10,3240,60
2020-10-28,Yuba,115,75493,1295,1245,4,1249,10
2020-10-27,Alameda,001,1643700,24057,23365,224,23589,400
2020-10-27,Alpine,003,1148,6,3,0,3,0
2020-10-27,Amador,005,37829,360,335,0,335,16
2020-10-27,Butte,007,227075,3244,3107,40,3147,56
2020-10-27,Calaveras,009,45235,343,277,0,277,13
2020-10-27,Colusa,011,21464,561,549,1,550,6
2020-10-27,Contra Costa,013,1133247,19374,18766,94,18860,246
2020-10-27,Del Norte,015,27424,180,173,0,173,2
2020-10-27,El Dorado,017,186661,1459,1351,12,1363,4
2020-10-27,Fresno,019,978130,33883,31096,497,31593,442
2020-10-27,Glenn,021,27897,695,667,1,668,3
2020-10-27,Humboldt,023,135768,579,559,1,560,7
2020-10-27,Imperial,025,180216,13072,12680,19,12699,333
2020-10-27,Inyo,027,18085,248,231,5,236,14
2020-10-27,Kern,029,883053,34246,33328,438,33766,436
2020-10-27,Kings,031,150075,8771,8411,53,8464,83
2020-10-27,Lake,033,64148,741,700,0,700,15
2020-10-27,Lassen,035,31185,781,764,2,766,0
2020-10-27,Los Angeles,037,10098052,306180,299438,2919,302357,7008
2020-10-27,Madera,039,155013,5115,4942,44,4986,53
2020-10-27,Marin,041,260295,7171,7070,20,7090,126
2020-10-27,Mariposa,043,17540,80,78,0,78,2
2020-10-27,Mendocino,045,87422,1103,1033,4,1037,20
2020-10-27,Merced,047,269075,9683,9449,37,9486,150
2020-10-27,Modoc,049,8938,46,31,2,33,0
2020-10-27,Mono,051,14174,224,169,5,174,1
2020-10-27,Monterey,053,433212,11621,11261,70,11331,88
2020-10-27,Napa,055,140530,2121,1979,8,1987,15
2020-10-27,Nevada,057,99092,663,622,18,640,8
2020-10-27,Orange,059,3164182,61464,58550,1792,60342,1448
2020-10-27,Placer,061,380077,4522,4197,16,4213,57
2020-10-27,Plumas,063,18699,86,63,0,63,0
2020-10-27,Riverside,065,2383286,68748,66699,415,67114,1299
2020-10-27,Sacramento,067,1510023,26273,25701,32,25733,501
2020-10-27,San Benito,069,59416,1451,1428,1,1429,15
2020-10-27,San Bernardino,071,2135413,65251,62357,471,62828,1154
2020-10-27,San Diego,073,3302833,57724,55226,1626,56852,877
2020-10-27,San Francisco,075,870044,12481,12218,48,12266,140
2020-10-27,San Joaquin,077,732212,22191,21637,218,21855,496
2020-10-27,San Luis Obispo,079,281455,4479,4148,28,4176,31
2020-10-27,San Mateo,081,765935,11529,11074,11,11085,156
2020-10-27,Santa Barbara,083,443738,10006,9874,92,9966,125
2020-10-27,Santa Clara,085,1922200,25947,24368,51,24419,367
2020-10-27,Santa Cruz,087,273765,2959,2815,33,2848,24
2020-10-27,Shasta,089,179085,2357,1962,20,1982,29
2020-10-27,Sierra,091,2930,6,6,0,6,0
2020-10-27,Siskiyou,093,43540,218,181,10,191,0
2020-10-27,Solano,095,438530,7640,7298,39,7337,77
2020-10-27,Sonoma,097,501317,9831,9389,28,9417,140
2020-10-27,Stanislaus,099,539301,17929,17720,771,18491,408
2020-10-27,Sutter,101,95872,1894,1832,1,1833,12
2020-10-27,Tehama,103,63373,970,913,2,915,5
2020-10-27,Trinity,105,12862,90,28,10,38,0
2020-10-27,Tulare,107,460477,18167,17520,396,17916,296
2020-10-27,Tuolumne,109,53932,301,275,5,280,4
2020-10-27,Ventura,111,848112,15182,14347,328,14675,153
2020-10-27,Yolo,113,214977,3325,3216,10,3226,58
2020-10-27,Yuba,115,75493,1282,1235,4,1239,10
2020-10-26,Alameda,001,1643700,23944,23284,223,23507,398
2020-10-26,Alpine,003,1148,4,3,0,3,0
2020-10-26,Amador,005,37829,356,331,0,331,16
2020-10-26,Butte,007,227075,3233,3095,38,3133,56
2020-10-26,Calaveras,009,45235,340,274,0,274,13
2020-10-26,Colusa,011,21464,559,548,1,549,6
2020-10-26,Contra Costa,013,1133247,19278,18718,93,18811,245
2020-10-26,Del Norte,015,27424,180,171,0,171,2
2020-10-26,El Dorado,017,186661,1445,1336,12,1348,4
2020-10-26,Fresno,019,978130,33769,30969,490,31459,441
2020-10-26,Glenn,021,27897,688,660,1,661,3
2020-10-26,Humboldt,023,135768,571,554,1,555,7
2020-10-26,Imperial,025,180216,13018,12654,16,12670,333
2020-10-26,Inyo,027,18085,248,226,5,231,14
2020-10-26,Kern,029,883053,34162,33233,433,33666,432
2020-10-26,Kings,031,150075,8750,8264,51,8315,82
2020-10-26,Lake,033,64148,739,697,0,697,15
2020-10-26,Lassen,035,31185,778,764,2,766,0
2020-10-26,Los Angeles,037,10098052,304753,297961,2878,300839,6979
2020-10-26,Madera,039,155013,5094,4922,43,4965,53
2020-10-26,Marin,041,260295,7165,7064,19,7083,104
2020-10-26,Mariposa,043,17540,80,77,0,77,2
2020-10-26,Mendocino,045,87422,1095,1026,4,1030,20
2020-10-26,Merced,047,269075,9636,9375,36,9411,150
2020-10-26,Modoc,049,8938,44,28,0,28,0
2020-10-26,Mono,051,14174,218,167,5,172,1
2020-10-26,Monterey,053,433212,11570,11207,66,11273,87
2020-10-26,Napa,055,140530,2089,1966,8,1974,14
2020-10-26,Nevada,057,99092,656,618,18,636,8
2020-10-26,Orange,059,3164182,61260,58377,1774,60151,1442
2020-10-26,Placer,061,380077,4480,4161,15,4176,57
2020-10-26,Plumas,063,18699,84,63,0,63,0
2020-10-26,Riverside,065,2383286,68297,66475,389,66864,1294
2020-10-26,Sacramento,067,1510023,26093,25555,30,25585,496
2020-10-26,San Benito,069,59416,1443,1424,1,1425,15
2020-10-26,San Bernardino,071,2135413,64780,61871,468,62339,1153
2020-10-26,San Diego,073,3302833,57331,54957,1588,56545,870
2020-10-26,San Francisco,075,870044,12421,12072,48,12120,138
2020-10-26,San Joaquin,077,732212,22108,21459,212,21671,495
2020-10-26,San Luis Obispo,079,281455,4453,4133,28,4161,31
2020-10-26,San Mateo,081,765935,11485,11037,11,11048,156
2020-10-26,Santa Barbara,083,443738,9983,9827,92,9919,122
2020-10-26,Santa Clara,085,1922200,25757,24258,50,24308,365
2020-10-26,Santa Cruz,087,273765,2933,2808,33,2841,24
2020-10-26,Shasta,089,179085,2303,1889,20,1909,29
2020-10-26,Sierra,091,2930,6,6,0,6,0
2020-10-26,Siskiyou,093,43540,210,179,10,189,0
2020-10-26,Solano,095,438530,7560,7271,39,7310,62
2020-10-26,Sonoma,097,501317,9754,9315,28,9343,140
2020-10-26,Stanislaus,099,539301,17879,17666,761,18427,400
2020-10-26,Sutter,101,95872,1886,1817,1,1818,12
2020-10-26,Tehama,103,63373,950,892,2,894,5
2020-10-26,Trinity,105,12862,89,26,10,36,0
2020-10-26,Tulare,107,460477,18090,17432,373,17805,296
2020-10-26,Tuolumne,109,53932,292,271,5,276,4
2020-10-26,Ventura,111,848112,15113,14330,325,14655,154
2020-10-26,Yolo,113,214977,3306,3206,10,3216,58
2020-10-26,Yuba,115,75493,1266,1226,4,1230,10
2020-10-25,Alameda,001,1643700,23837,23192,223,23415,398
2020-10-25,Alpine,003,1148,3,3,0,3,0
2020-10-25,Amador,005,37829,345,330,0,330,16
2020-10-25,Butte,007,227075,3213,3087,38,3125,56
2020-10-25,Calaveras,009,45235,339,274,0,274,13
2020-10-25,Colusa,011,21464,555,548,1,549,6
2020-10-25,Contra Costa,013,1133247,19175,18640,93,18733,245
2020-10-25,Del Norte,015,27424,176,171,0,171,2
2020-10-25,El Dorado,017,186661,1430,1328,12,1340,4
2020-10-25,Fresno,019,978130,33634,30858,477,31335,441
2020-10-25,Glenn,021,27897,685,652,1,653,3
2020-10-25,Humboldt,023,135768,568,554,1,555,7
2020-10-25,Imperial,025,180216,12969,12572,16,12588,333
2020-10-25,Inyo,027,18085,245,226,5,231,14
2020-10-25,Kern,029,883053,34055,33185,429,33614,432
2020-10-25,Kings,031,150075,8717,8246,49,8295,82
2020-10-25,Lake,033,64148,722,695,0,695,15
2020-10-25,Lassen,035,31185,776,764,2,766,0
2020-10-25,Los Angeles,037,10098052,303188,297110,2842,299952,6973
2020-10-25,Madera,039,155013,5064,4909,38,4947,53
2020-10-25,Marin,041,260295,7155,7052,19,7071,102
2020-10-25,Mariposa,043,17540,80,77,0,77,2
2020-10-25,Mendocino,045,87422,1088,1024,4,1028,20
2020-10-25,Merced,047,269075,9571,9352,34,9386,150
2020-10-25,Modoc,049,8938,39,28,0,28,0
2020-10-25,Mono,051,14174,210,167,5,172,1
2020-10-25,Monterey,053,433212,11487,11182,61,11243,87
2020-10-25,Napa,055,140530,2059,1962,8,1970,14
2020-10-25,Nevada,057,99092,648,616,18,634,8
2020-10-25,Orange,059,3164182,60971,58185,1765,59950,1443
2020-10-25,Placer,061,380077,4428,4140,15,4155,57
2020-10-25,Plumas,063,18699,84,63,0,63,0
2020-10-25,Riverside,065,2383286,67846,66192,373,66565,1289
2020-10-25,Sacramento,067,1510023,25878,25445,28,25473,496
2020-10-25,San Benito,069,59416,1436,1423,1,1424,15
2020-10-25,San Bernardino,071,2135413,64240,61551,456,62007,1153
2020-10-25,San Diego,073,3302833,56868,54599,1556,56155,870
2020-10-25,San Francisco,075,870044,12348,12072,48,12120,137
2020-10-25,San Joaquin,077,732212,22000,21459,204,21663,495
2020-10-25,San Luis Obispo,079,281455,4411,4126,26,4152,31
2020-10-25,San Mateo,081,765935,11440,10987,11,10998,156
2020-10-25,Santa Barbara,083,443738,9964,9814,92,9906,122
2020-10-25,Santa Clara,085,1922200,25569,24087,50,24137,365
2020-10-25,Santa Cruz,087,273765,2906,2789,33,2822,24
2020-10-25,Shasta,089,179085,2239,1889,20,1909,29
2020-10-25,Sierra,091,2930,6,6,0,6,0
2020-10-25,Siskiyou,093,43540,207,176,10,186,0
2020-10-25,Solano,095,438530,7482,7197,39,7236,60
2020-10-25,Sonoma,097,501317,9661,9235,27,9262,140
2020-10-25,Stanislaus,099,539301,17822,17641,752,18393,400
2020-10-25,Sutter,101,95872,1868,1811,1,1812,12
2020-10-25,Tehama,103,63373,933,880,2,882,5
2020-10-25,Trinity,105,12862,85,26,10,36,0
2020-10-25,Tulare,107,460477,18016,17431,363,17794,296
2020-10-25,Tuolumne,109,53932,287,271,5,276,4
2020-10-25,Ventura,111,848112,15020,14300,319,14619,154
2020-10-25,Yolo,113,214977,3285,3190,10,3200,58
2020-10-25,Yuba,115,75493,1258,1219,4,1223,10
2020-10-24,Alameda,001,1643700,23766,23099,220,23319,398
2020-10-24,Alpine,003,1148,3,3,0,3,0
2020-10-24,Amador,005,37829,344,328,0,328,16
2020-10-24,Butte,007,227075,3204,3078,38,3116,56
2020-10-24,Calaveras,009,45235,337,274,0,274,13
2020-10-24,Colusa,011,21464,550,548,1,549,6
2020-10-24,Contra Costa,013,1133247,19109,18567,93,18660,244
2020-10-24,Del Norte,015,27424,175,171,0,171,2
2020-10-24,El Dorado,017,186661,1414,1317,12,1329,4
2020-10-24,Fresno,019,978130,33573,30752,472,31224,441
2020-10-24,Glenn,021,27897,682,650,1,651,3
2020-10-24,Humboldt,023,135768,566,553,1,554,7
2020-10-24,Imperial,025,180216,12942,12469,16,12485,333
2020-10-24,Inyo,027,18085,245,226,5,231,14
2020-10-24,Kern,029,883053,33997,33105,424,33529,432
2020-10-24,Kings,031,150075,8707,8228,48,8276,82
2020-10-24,Lake,033,64148,717,696,0,696,15
2020-10-24,Lassen,035,31185,775,764,2,766,0
2020-10-24,Los Angeles,037,10098052,302370,296323,2820,299143,6969
2020-10-24,Madera,039,155013,5051,4898,37,4935,53
2020-10-24,Marin,041,260295,7146,7042,19,7061,102
2020-10-24,Mariposa,043,17540,80,77,0,77,2
2020-10-24,Mendocino,045,87422,1076,1022,4,1026,20
2020-10-24,Merced,047,269075,9547,9351,34,9385,150
2020-10-24,Modoc,049,8938,38,28,0,28,0
2020-10-24,Mono,051,14174,196,167,5,172,1
2020-10-24,Monterey,053,433212,11418,11153,60,11213,87
2020-10-24,Napa,055,140530,2042,1957,8,1965,14
2020-10-24,Nevada,057,99092,644,608,18,626,8
2020-10-24,Orange,059,3164182,60816,57928,1755,59683,1441
2020-10-24,Placer,061,380077,4397,4093,15,4108,57
2020-10-24,Plumas,063,18699,78,63,0,63,0
2020-10-24,Riverside,065,2383286,67638,65902,359,66261,1288
2020-10-24,Sacramento,067,1510023,25797,25372,28,25400,496
2020-10-24,San Benito,069,59416,1431,1417,1,1418,15
2020-10-24,San Bernardino,071,2135413,64001,61351,448,61799,1153
2020-10-24,San Diego,073,3302833,56591,54330,1543,55873,868
2020-10-24,San Francisco,075,870044,12290,12073,47,12120,137
2020-10-24,San Joaquin,077,732212,21947,21458,199,21657,495
2020-10-24,San Luis Obispo,079,281455,4388,4119,25,4144,31
2020-10-24,San Mateo,081,765935,11401,10942,11,10953,155
2020-10-24,Santa Barbara,083,443738,9947,9781,92,9873,122
2020-10-24,Santa Clara,085,1922200,25482,23978,50,24028,365
2020-10-24,Santa Cruz,087,273765,2887,2775,33,2808,24
2020-10-24,Shasta,089,179085,2194,1878,20,1898,29
2020-10-24,Sierra,091,2930,6,6,0,6,0
2020-10-24,Siskiyou,093,43540,206,174,10,184,0
2020-10-24,Solano,095,438530,7429,7189,39,7228,60
2020-10-24,Sonoma,097,501317,9627,9179,27,9206,140
2020-10-24,Stanislaus,099,539301,17779,17574,737,18311,400
2020-10-24,Sutter,101,95872,1859,1804,1,1805,12
2020-10-24,Tehama,103,63373,925,872,2,874,5
2020-10-24,Trinity,105,12862,85,25,10,35,0
2020-10-24,Tulare,107,460477,17993,17406,352,17758,295
2020-10-24,Tuolumne,109,53932,284,269,5,274,4
2020-10-24,Ventura,111,848112,14967,14240,318,14558,154
2020-10-24,Yolo,113,214977,3273,3164,10,3174,57
2020-10-24,Yuba,115,75493,1255,1210,4,1214,10
2020-10-23,Alameda,001,1643700,23693,23047,218,23265,393
2020-10-23,Alpine,003,1148,3,3,0,3,0
2020-10-23,Amador,005,37829,343,324,0,324,16
2020-10-23,Butte,007,227075,3195,3059,38,3097,55
2020-10-23,Calaveras,009,45235,336,273,0,273,13
2020-10-23,Colusa,011,21464,550,547,1,548,6
2020-10-23,Contra Costa,013,1133247,19039,18483,92,18575,244
2020-10-23,Del Norte,015,27424,175,171,0,171,2
2020-10-23,El Dorado,017,186661,1405,1310,12,1322,4
2020-10-23,Fresno,019,978130,33506,30590,469,31059,441
2020-10-23,Glenn,021,27897,679,644,1,645,3
2020-10-23,Humboldt,023,135768,564,553,1,554,7
2020-10-23,Imperial,025,180216,12911,12398,15,12413,333
2020-10-23,Inyo,027,18085,244,226,5,231,14
2020-10-23,Kern,029,883053,33929,33077,419,33496,431
2020-10-23,Kings,031,150075,8698,8218,48,8266,82
2020-10-23,Lake,033,64148,715,689,0,689,15
2020-10-23,Lassen,035,31185,774,764,2,766,0
2020-10-23,Los Angeles,037,10098052,301286,294287,2792,297079,6956
2020-10-23,Madera,039,155013,5046,4888,37,4925,53
2020-10-23,Marin,041,260295,7133,7029,19,7048,102
2020-10-23,Mariposa,043,17540,80,77,0,77,2
2020-10-23,Mendocino,045,87422,1073,1019,4,1023,20
2020-10-23,Merced,047,269075,9533,9327,34,9361,149
2020-10-23,Modoc,049,8938,38,28,0,28,0
2020-10-23,Mono,051,14174,194,159,5,164,1
2020-10-23,Monterey,053,433212,11371,11099,56,11155,86
2020-10-23,Napa,055,140530,2034,1942,8,1950,14
2020-10-23,Nevada,057,99092,641,604,18,622,8
2020-10-23,Orange,059,3164182,60646,57595,1740,59335,1430
2020-10-23,Placer,061,380077,4350,4073,15,4088,57
2020-10-23,Plumas,063,18699,75,63,0,63,0
2020-10-23,Riverside,065,2383286,67399,65512,351,65863,1279
2020-10-23,Sacramento,067,1510023,25692,25224,28,25252,496
2020-10-23,San Benito,069,59416,1429,1412,1,1413,15
2020-10-23,San Bernardino,071,2135413,63715,60854,434,61288,1150
2020-10-23,San Diego,073,3302833,56285,53944,1516,55460,867
2020-10-23,San Francisco,075,870044,12259,12015,47,12062,137
2020-10-23,San Joaquin,077,732212,21891,21361,193,21554,495
2020-10-23,San Luis Obispo,079,281455,4363,4102,25,4127,31
2020-10-23,San Mateo,081,765935,11352,10872,11,10883,155
2020-10-23,Santa Barbara,083,443738,9931,9751,92,9843,121
2020-10-23,Santa Clara,085,1922200,25380,23822,50,23872,364
2020-10-23,Santa Cruz,087,273765,2873,2757,33,2790,24
2020-10-23,Shasta,089,179085,2157,1846,19,1865,29
2020-10-23,Sierra,091,2930,6,6,0,6,0
2020-10-23,Siskiyou,093,43540,202,172,10,182,0
2020-10-23,Solano,095,438530,7398,7174,39,7213,59
2020-10-23,Sonoma,097,501317,9570,9112,27,9139,139
2020-10-23,Stanislaus,099,539301,17742,17496,730,18226,395
2020-10-23,Sutter,101,95872,1852,1797,1,1798,12
2020-10-23,Tehama,103,63373,916,862,2,864,5
2020-10-23,Trinity,105,12862,85,26,10,36,0
2020-10-23,Tulare,107,460477,17948,17334,341,17675,295
2020-10-23,Tuolumne,109,53932,281,254,5,259,4
2020-10-23,Ventura,111,848112,14938,14192,318,14510,155
2020-10-23,Yolo,113,214977,3261,3140,10,3150,57
2020-10-23,Yuba,115,75493,1251,1206,4,1210,10
2020-10-22,Alameda,001,1643700,23592,22915,218,23133,393
2020-10-22,Alpine,003,1148,3,3,0,3,0
2020-10-22,Amador,005,37829,339,317,0,317,16
2020-10-22,Butte,007,227075,3185,3046,36,3082,55
2020-10-22,Calaveras,009,45235,333,273,0,273,13
2020-10-22,Colusa,011,21464,550,547,1,548,6
2020-10-22,Contra Costa,013,1133247,18968,18393,92,18485,243
2020-10-22,Del Norte,015,27424,174,168,0,168,2
2020-10-22,El Dorado,017,186661,1395,1308,12,1320,4
2020-10-22,Fresno,019,978130,33396,30471,461,30932,438
2020-10-22,Glenn,021,27897,672,643,1,644,3
2020-10-22,Humboldt,023,135768,562,548,1,549,7
2020-10-22,Imperial,025,180216,12858,12311,15,12326,333
2020-10-22,Inyo,027,18085,241,220,5,225,14
2020-10-22,Kern,029,883053,33848,32991,416,33407,431
2020-10-22,Kings,031,150075,8447,8201,48,8249,82
2020-10-22,Lake,033,64148,711,678,0,678,15
2020-10-22,Lassen,035,31185,771,764,2,766,0
2020-10-22,Los Angeles,037,10098052,299907,291599,2737,294336,6935
2020-10-22,Madera,039,155013,5025,4847,37,4884,52
2020-10-22,Marin,041,260295,7126,7014,19,7033,102
2020-10-22,Mariposa,043,17540,80,77,0,77,2
2020-10-22,Mendocino,045,87422,1068,1016,4,1020,20
2020-10-22,Merced,047,269075,9505,9323,34,9357,149
2020-10-22,Modoc,049,8938,34,26,0,26,0
2020-10-22,Mono,051,14174,189,156,5,161,1
2020-10-22,Monterey,053,433212,11312,11059,53,11112,84
2020-10-22,Napa,055,140530,2019,1928,8,1936,14
2020-10-22,Nevada,057,99092,635,600,18,618,8
2020-10-22,Orange,059,3164182,60431,57418,1723,59141,1422
2020-10-22,Placer,061,380077,4301,4036,15,4051,57
2020-10-22,Plumas,063,18699,72,62,0,62,0
2020-10-22,Riverside,065,2383286,67064,65104,333,65437,1279
2020-10-22,Sacramento,067,1510023,25552,25054,28,25082,492
2020-10-22,San Benito,069,59416,1425,1403,1,1404,15
2020-10-22,San Bernardino,071,2135413,63313,60402,419,60821,1149
2020-10-22,San Diego,073,3302833,55898,53514,1497,55011,866
2020-10-22,San Francisco,075,870044,12201,11991,45,12036,137
2020-10-22,San Joaquin,077,732212,21818,21282,187,21469,495
2020-10-22,San Luis Obispo,079,281455,4347,4081,25,4106,31
2020-10-22,San Mateo,081,765935,11296,10796,11,10807,155
2020-10-22,Santa Barbara,083,443738,9898,9710,90,9800,120
2020-10-22,Santa Clara,085,1922200,25226,23621,50,23671,363
2020-10-22,Santa Cruz,087,273765,2855,2738,32,2770,24
2020-10-22,Shasta,089,179085,2111,1799,19,1818,29
2020-10-22,Sierra,091,2930,6,6,0,6,0
2020-10-22,Siskiyou,093,43540,201,169,10,179,0
2020-10-22,Solano,095,438530,7352,7116,39,7155,59
2020-10-22,Sonoma,097,501317,9504,9052,26,9078,139
2020-10-22,Stanislaus,099,539301,17689,17440,718,18158,395
2020-10-22,Sutter,101,95872,1838,1794,1,1795,12
2020-10-22,Tehama,103,63373,905,852,2,854,5
2020-10-22,Trinity,105,12862,84,26,10,36,0
2020-10-22,Tulare,107,460477,17882,17265,328,17593,293
2020-10-22,Tuolumne,109,53932,278,252,5,257,4
2020-10-22,Ventura,111,848112,14891,14124,316,14440,154
2020-10-22,Yolo,113,214977,3249,3116,10,3126,58
2020-10-22,Yuba,115,75493,1244,1199,3,1202,10
2020-10-21,Alameda,001,1643700,23504,22853,216,23069,392
2020-10-21,Alpine,003,1148,3,3,0,3,0
2020-10-21,Amador,005,37829,334,313,0,313,16
2020-10-21,Butte,007,227075,3173,3041,36,3077,55
2020-10-21,Calaveras,009,45235,332,272,0,272,13
2020-10-21,Colusa,011,21464,550,546,1,547,6
2020-10-21,Contra Costa,013,1133247,18894,18299,92,18391,243
2020-10-21,Del Norte,015,27424,174,169,0,169,2
2020-10-21,El Dorado,017,186661,1383,1305,11,1316,4
2020-10-21,Fresno,019,978130,33301,30328,456,30784,433
2020-10-21,Glenn,021,27897,667,640,1,641,3
2020-10-21,Humboldt,023,135768,561,548,1,549,7
2020-10-21,Imperial,025,180216,12801,12210,15,12225,331
2020-10-21,Inyo,027,18085,237,220,5,225,14
2020-10-21,Kern,029,883053,33773,32956,414,33370,430
2020-10-21,Kings,031,150075,8420,8186,48,8234,80
2020-10-21,Lake,033,64148,710,676,0,676,15
2020-10-21,Lassen,035,31185,770,764,2,766,0
2020-10-21,Los Angeles,037,10098052,298566,288096,2695,290791,6923
2020-10-21,Madera,039,155013,5000,4831,37,4868,52
2020-10-21,Marin,041,260295,7117,7002,19,7021,102
2020-10-21,Mariposa,043,17540,80,77,0,77,2
2020-10-21,Mendocino,045,87422,1066,1011,4,1015,21
2020-10-21,Merced,047,269075,9481,9319,32,9351,149
2020-10-21,Modoc,049,8938,33,26,0,26,0
2020-10-21,Mono,051,14174,187,156,5,161,1
2020-10-21,Monterey,053,433212,11274,11005,52,11057,83
2020-10-21,Napa,055,140530,2004,1918,8,1926,13
2020-10-21,Nevada,057,99092,629,597,18,615,8
2020-10-21,Orange,059,3164182,60219,57189,1714,58903,1409
2020-10-21,Placer,061,380077,4264,4007,15,4022,56
2020-10-21,Plumas,063,18699,69,58,0,58,0
2020-10-21,Riverside,065,2383286,66768,64778,309,65087,1278
2020-10-21,Sacramento,067,1510023,25358,24908,28,24936,490
2020-10-21,San Benito,069,59416,1424,1401,1,1402,14
2020-10-21,San Bernardino,071,2135413,62903,59948,412,60360,1141
2020-10-21,San Diego,073,3302833,55546,53279,1469,54748,863
2020-10-21,San Francisco,075,870044,12152,11976,44,12020,137
2020-10-21,San Joaquin,077,732212,21742,21201,181,21382,495
2020-10-21,San Luis Obispo,079,281455,4320,4055,23,4078,31
2020-10-21,San Mateo,081,765935,11247,10730,11,10741,155
2020-10-21,Santa Barbara,083,443738,9881,9681,89,9770,121
2020-10-21,Santa Clara,085,1922200,25099,23537,50,23587,361
2020-10-21,Santa Cruz,087,273765,2832,2729,32,2761,24
2020-10-21,Shasta,089,179085,2075,1777,19,1796,27
2020-10-21,Sierra,091,2930,6,6,0,6,0
2020-10-21,Siskiyou,093,43540,197,169,10,179,0
2020-10-21,Solano,095,438530,7306,7088,39,7127,59
2020-10-21,Sonoma,097,501317,9424,8987,26,9013,138
2020-10-21,Stanislaus,099,539301,17640,17419,710,18129,392
2020-10-21,Sutter,101,95872,1824,1786,1,1787,12
2020-10-21,Tehama,103,63373,889,824,2,826,5
2020-10-21,Trinity,105,12862,78,25,9,34,0
2020-10-21,Tulare,107,460477,17844,17204,314,17518,292
2020-10-21,Tuolumne,109,53932,277,251,5,256,4
2020-10-21,Ventura,111,848112,14828,14050,313,14363,153
2020-10-21,Yolo,113,214977,3230,3095,10,3105,58
2020-10-21,Yuba,115,75493,1236,1194,3,1197,10
2020-10-20,Alameda,001,1643700,23401,22750,212,22962,391
2020-10-20,Alpine,003,1148,3,3,0,3,0
2020-10-20,Amador,005,37829,333,313,0,313,16
2020-10-20,Butte,007,227075,3161,3027,36,3063,56
2020-10-20,Calaveras,009,45235,330,273,0,273,13
2020-10-20,Colusa,011,21464,547,546,1,547,6
2020-10-20,Contra Costa,013,1133247,18801,18246,92,18338,241
2020-10-20,Del Norte,015,27424,173,169,0,169,2
2020-10-20,El Dorado,017,186661,1377,1295,11,1306,4
2020-10-20,Fresno,019,978130,33198,30220,450,30670,431
2020-10-20,Glenn,021,27897,662,638,1,639,3
2020-10-20,Humboldt,023,135768,557,545,1,546,7
2020-10-20,Imperial,025,180216,12733,12114,15,12129,330
2020-10-20,Inyo,027,18085,237,218,5,223,14
2020-10-20,Kern,029,883053,33698,32889,401,33290,429
2020-10-20,Kings,031,150075,8402,8178,47,8225,80
2020-10-20,Lake,033,64148,708,675,0,675,15
2020-10-20,Lassen,035,31185,769,757,2,759,0
2020-10-20,Los Angeles,037,10098052,297072,287727,2646,290373,6891
2020-10-20,Madera,039,155013,4983,4823,37,4860,52
2020-10-20,Marin,041,260295,7102,6994,19,7013,101
2020-10-20,Mariposa,043,17540,79,77,0,77,2
2020-10-20,Mendocino,045,87422,1064,1004,4,1008,21
2020-10-20,Merced,047,269075,9459,9323,32,9355,149
2020-10-20,Modoc,049,8938,32,26,0,26,0
2020-10-20,Mono,051,14174,187,156,5,161,1
2020-10-20,Monterey,053,433212,11231,10942,49,10991,81
2020-10-20,Napa,055,140530,1985,1912,8,1920,13
2020-10-20,Nevada,057,99092,619,596,18,614,8
2020-10-20,Orange,059,3164182,59955,56914,1704,58618,1397
2020-10-20,Placer,061,380077,4226,3997,15,4012,56
2020-10-20,Plumas,063,18699,66,53,0,53,0
2020-10-20,Riverside,065,2383286,66389,64452,297,64749,1275
2020-10-20,Sacramento,067,1510023,25230,24767,27,24794,485
2020-10-20,San Benito,069,59416,1421,1398,1,1399,14
2020-10-20,San Bernardino,071,2135413,62519,59571,410,59981,1109
2020-10-20,San Diego,073,3302833,55210,53004,1449,54453,857
2020-10-20,San Francisco,075,870044,12105,12013,43,12056,126
2020-10-20,San Joaquin,077,732212,21663,21173,172,21345,490
2020-10-20,San Luis Obispo,079,281455,4302,4043,22,4065,31
2020-10-20,San Mateo,081,765935,11200,10659,11,10670,155
2020-10-20,Santa Barbara,083,443738,9852,9664,87,9751,121
2020-10-20,Santa Clara,085,1922200,24961,23406,50,23456,358
2020-10-20,Santa Cruz,087,273765,2809,2710,32,2742,23
2020-10-20,Shasta,089,179085,2052,1747,19,1766,20
2020-10-20,Sierra,091,2930,6,6,0,6,0
2020-10-20,Siskiyou,093,43540,189,168,10,178,0
2020-10-20,Solano,095,438530,7257,7044,39,7083,57
2020-10-20,Sonoma,097,501317,9361,8904,24,8928,135
2020-10-20,Stanislaus,099,539301,17587,17367,706,18073,393
2020-10-20,Sutter,101,95872,1815,1783,1,1784,12
2020-10-20,Tehama,103,63373,874,813,2,815,5
2020-10-20,Trinity,105,12862,77,25,9,34,0
2020-10-20,Tulare,107,460477,17777,17156,309,17465,289
2020-10-20,Tuolumne,109,53932,275,250,5,255,4
2020-10-20,Ventura,111,848112,14764,13980,311,14291,152
2020-10-20,Yolo,113,214977,3207,3083,10,3093,56
2020-10-20,Yuba,115,75493,1226,1191,3,1194,10
2020-10-19,Alameda,001,1643700,23291,22647,211,22858,392
2020-10-19,Alpine,003,1148,3,3,0,3,0
2020-10-19,Amador,005,37829,327,313,0,313,16
2020-10-19,Butte,007,227075,3150,3026,36,3062,55
2020-10-19,Calaveras,009,45235,329,268,0,268,13
2020-10-19,Colusa,011,21464,547,544,1,545,6
2020-10-19,Contra Costa,013,1133247,18702,18173,92,18265,239
2020-10-19,Del Norte,015,27424,170,167,0,167,2
2020-10-19,El Dorado,017,186661,1356,1287,11,1298,4
2020-10-19,Fresno,019,978130,33088,30152,444,30596,431
2020-10-19,Glenn,021,27897,657,635,0,635,3
2020-10-19,Humboldt,023,135768,557,543,1,544,7
2020-10-19,Imperial,025,180216,12679,12036,14,12050,330
2020-10-19,Inyo,027,18085,236,218,5,223,14
2020-10-19,Kern,029,883053,33622,32840,398,33238,428
2020-10-19,Kings,031,150075,8384,8173,47,8220,80
2020-10-19,Lake,033,64148,705,673,0,673,15
2020-10-19,Lassen,035,31185,768,757,2,759,0
2020-10-19,Los Angeles,037,10098052,295588,287119,2608,289727,6858
2020-10-19,Madera,039,155013,4968,4787,37,4824,52
2020-10-19,Marin,041,260295,7084,6981,19,7000,100
2020-10-19,Mariposa,043,17540,79,77,0,77,2
2020-10-19,Mendocino,045,87422,1059,1001,4,1005,21
2020-10-19,Merced,047,269075,9434,9305,29,9334,148
2020-10-19,Modoc,049,8938,31,26,0,26,0
2020-10-19,Mono,051,14174,182,156,5,161,1
2020-10-19,Monterey,053,433212,11170,10907,49,10956,80
2020-10-19,Napa,055,140530,1973,1892,8,1900,12
2020-10-19,Nevada,057,99092,616,590,18,608,8
2020-10-19,Orange,059,3164182,59672,56652,1689,58341,1396
2020-10-19,Placer,061,380077,4178,3962,15,3977,49
2020-10-19,Plumas,063,18699,64,52,0,52,0
2020-10-19,Riverside,065,2383286,65958,64016,281,64297,1272
2020-10-19,Sacramento,067,1510023,25091,24542,27,24569,483
2020-10-19,San Benito,069,59416,1414,1395,1,1396,14
2020-10-19,San Bernardino,071,2135413,62067,59265,398,59663,1100
2020-10-19,San Diego,073,3302833,54824,52739,1424,54163,853
2020-10-19,San Francisco,075,870044,12061,11879,43,11922,126
2020-10-19,San Joaquin,077,732212,21588,20930,164,21094,489
2020-10-19,San Luis Obispo,079,281455,4286,4016,22,4038,31
2020-10-19,San Mateo,081,765935,11154,10568,11,10579,154
2020-10-19,Santa Barbara,083,443738,9816,9632,87,9719,121
2020-10-19,Santa Clara,085,1922200,24811,23301,50,23351,352
2020-10-19,Santa Cruz,087,273765,2792,2705,32,2737,19
2020-10-19,Shasta,089,179085,2008,1709,18,1727,20
2020-10-19,Sierra,091,2930,6,6,0,6,0
2020-10-19,Siskiyou,093,43540,182,167,10,177,0
2020-10-19,Solano,095,438530,7216,7003,39,7042,57
2020-10-19,Sonoma,097,501317,9274,8830,24,8854,135
2020-10-19,Stanislaus,099,539301,17536,17342,696,18038,390
2020-10-19,Sutter,101,95872,1810,1773,1,1774,12
2020-10-19,Tehama,103,63373,871,793,2,795,5
2020-10-19,Trinity,105,12862,75,23,9,32,0
2020-10-19,Tulare,107,460477,17727,17047,302,17349,291
2020-10-19,Tuolumne,109,53932,273,247,5,252,4
2020-10-19,Ventura,111,848112,14699,13930,308,14238,152
2020-10-19,Yolo,113,214977,3194,3069,10,3079,56
2020-10-19,Yuba,115,75493,1219,1183,3,1186,10
2020-10-18,Alameda,001,1643700,23187,22546,210,22756,392
2020-10-18,Alpine,003,1148,3,3,0,3,0
2020-10-18,Amador,005,37829,316,313,0,313,16
2020-10-18,Butte,007,227075,3137,3019,36,3055,55
2020-10-18,Calaveras,009,45235,328,267,0,267,13
2020-10-18,Colusa,011,21464,545,544,1,545,6
2020-10-18,Contra Costa,013,1133247,18604,18120,92,18212,237
2020-10-18,Del Norte,015,27424,170,167,0,167,2
2020-10-18,El Dorado,017,186661,1347,1283,11,1294,4
2020-10-18,Fresno,019,978130,32957,30051,436,30487,430
2020-10-18,Glenn,021,27897,655,634,0,634,3
2020-10-18,Humboldt,023,135768,554,540,1,541,7
2020-10-18,Imperial,025,180216,12616,11987,13,12000,330
2020-10-18,Inyo,027,18085,233,215,5,220,14
2020-10-18,Kern,029,883053,33549,32799,391,33190,428
2020-10-18,Kings,031,150075,8369,8159,47,8206,80
2020-10-18,Lake,033,64148,698,670,0,670,15
2020-10-18,Lassen,035,31185,768,757,2,759,0
2020-10-18,Los Angeles,037,10098052,293879,286187,2566,288753,6857
2020-10-18,Madera,039,155013,4943,4770,37,4807,52
2020-10-18,Marin,041,260295,7063,6969,19,6988,99
2020-10-18,Mariposa,043,17540,79,77,0,77,2
2020-10-18,Mendocino,045,87422,1057,988,4,992,21
2020-10-18,Merced,047,269075,9399,9292,29,9321,148
2020-10-18,Modoc,049,8938,30,26,0,26,0
2020-10-18,Mono,051,14174,177,155,5,160,1
2020-10-18,Monterey,053,433212,11117,10872,49,10921,80
2020-10-18,Napa,055,140530,1960,1882,8,1890,12
2020-10-18,Nevada,057,99092,610,582,18,600,8
2020-10-18,Orange,059,3164182,59375,56394,1672,58066,1396
2020-10-18,Placer,061,380077,4130,3938,15,3953,49
2020-10-18,Plumas,063,18699,62,52,0,52,0
2020-10-18,Riverside,065,2383286,65645,63765,260,64025,1270
2020-10-18,Sacramento,067,1510023,24936,24425,27,24452,482
2020-10-18,San Benito,069,59416,1407,1395,1,1396,14
2020-10-18,San Bernardino,071,2135413,61568,58893,390,59283,1098
2020-10-18,San Diego,073,3302833,54435,52359,1403,53762,853
2020-10-18,San Francisco,075,870044,12022,11878,43,11921,126
2020-10-18,San Joaquin,077,732212,21505,20931,151,21082,489
2020-10-18,San Luis Obispo,079,281455,4255,4009,20,4029,31
2020-10-18,San Mateo,081,765935,11095,10503,11,10514,154
2020-10-18,Santa Barbara,083,443738,9776,9608,86,9694,121
2020-10-18,Santa Clara,085,1922200,24638,23169,50,23219,352
2020-10-18,Santa Cruz,087,273765,2778,2692,32,2724,19
2020-10-18,Shasta,089,179085,1983,1708,18,1726,20
2020-10-18,Sierra,091,2930,6,6,0,6,0
2020-10-18,Siskiyou,093,43540,182,167,10,177,0
2020-10-18,Solano,095,438530,7169,6962,39,7001,57
2020-10-18,Sonoma,097,501317,9197,8781,23,8804,134
2020-10-18,Stanislaus,099,539301,17479,17290,687,17977,390
2020-10-18,Sutter,101,95872,1801,1764,1,1765,12
2020-10-18,Tehama,103,63373,839,774,2,776,5
2020-10-18,Trinity,105,12862,75,20,9,29,0
2020-10-18,Tulare,107,460477,17633,17048,293,17341,290
2020-10-18,Tuolumne,109,53932,267,245,5,250,4
2020-10-18,Ventura,111,848112,14619,13901,307,14208,151
2020-10-18,Yolo,113,214977,3155,3059,10,3069,55
2020-10-18,Yuba,115,75493,1208,1176,3,1179,10
2020-10-17,Alameda,001,1643700,23142,22394,208,22602,398
2020-10-17,Alpine,003,1148,3,3,0,3,0
2020-10-17,Amador,005,37829,314,309,0,309,16
2020-10-17,Butte,007,227075,3130,3012,34,3046,55
2020-10-17,Calaveras,009,45235,328,267,0,267,13
2020-10-17,Colusa,011,21464,544,544,1,545,6
2020-10-17,Contra Costa,013,1133247,18551,18005,92,18097,237
2020-10-17,Del Norte,015,27424,170,167,0,167,2
2020-10-17,El Dorado,017,186661,1343,1277,11,1288,4
2020-10-17,Fresno,019,978130,32903,29911,434,30345,430
2020-10-17,Glenn,021,27897,652,633,0,633,3
2020-10-17,Humboldt,023,135768,551,535,1,536,7
2020-10-17,Imperial,025,180216,12588,11962,13,11975,330
2020-10-17,Inyo,027,18085,228,212,5,217,14
2020-10-17,Kern,029,883053,33498,32710,388,33098,428
2020-10-17,Kings,031,150075,8363,8151,46,8197,80
2020-10-17,Lake,033,64148,695,663,0,663,15
2020-10-17,Lassen,035,31185,768,757,2,759,0
2020-10-17,Los Angeles,037,10098052,293125,285858,2539,288397,6844
2020-10-17,Madera,039,155013,4937,4759,37,4796,53
2020-10-17,Marin,041,260295,7060,6958,19,6977,99
2020-10-17,Mariposa,043,17540,78,77,0,77,2
2020-10-17,Mendocino,045,87422,1050,977,4,981,21
2020-10-17,Merced,047,269075,9386,9275,29,9304,148
2020-10-17,Modoc,049,8938,30,26,0,26,0
2020-10-17,Mono,051,14174,176,155,5,160,1
2020-10-17,Monterey,053,433212,11078,10807,48,10855,80
2020-10-17,Napa,055,140530,1951,1866,8,1874,12
2020-10-17,Nevada,057,99092,609,580,18,598,8
2020-10-17,Orange,059,3164182,59233,56197,1666,57863,1396
2020-10-17,Placer,061,380077,4103,3898,15,3913,49
2020-10-17,Plumas,063,18699,62,52,0,52,0
2020-10-17,Riverside,065,2383286,65448,63171,251,63422,1270
2020-10-17,Sacramento,067,1510023,24853,24304,27,24331,482
2020-10-17,San Benito,069,59416,1403,1389,1,1390,14
2020-10-17,San Bernardino,071,2135413,61295,58415,383,58798,1097
2020-10-17,San Diego,073,3302833,54210,51986,1392,53378,853
2020-10-17,San Francisco,075,870044,11995,11877,42,11919,126
2020-10-17,San Joaquin,077,732212,21451,20932,145,21077,489
2020-10-17,San Luis Obispo,079,281455,4240,3979,20,3999,31
2020-10-17,San Mateo,081,765935,11067,10423,11,10434,153
2020-10-17,Santa Barbara,083,443738,9757,9588,84,9672,121
2020-10-17,Santa Clara,085,1922200,24548,22997,50,23047,349
2020-10-17,Santa Cruz,087,273765,2764,2680,32,2712,19
2020-10-17,Shasta,089,179085,1957,1679,18,1697,20
2020-10-17,Sierra,091,2930,6,6,0,6,0
2020-10-17,Siskiyou,093,43540,181,167,10,177,0
2020-10-17,Solano,095,438530,7142,6929,39,6968,57
2020-10-17,Sonoma,097,501317,9154,8725,23,8748,134
2020-10-17,Stanislaus,099,539301,17438,17232,678,17910,390
2020-10-17,Sutter,101,95872,1799,1762,1,1763,12
2020-10-17,Tehama,103,63373,823,764,2,766,5
2020-10-17,Trinity,105,12862,75,20,9,29,0
2020-10-17,Tulare,107,460477,17603,16995,284,17279,290
2020-10-17,Tuolumne,109,53932,267,241,5,246,4
2020-10-17,Ventura,111,848112,14574,13845,304,14149,151
2020-10-17,Yolo,113,214977,3140,3045,9,3054,55
2020-10-17,Yuba,115,75493,1203,1164,3,1167,10
2020-10-16,Alameda,001,1643700,23088,22315,208,22523,397
2020-10-16,Alpine,003,1148,3,3,0,3,0
2020-10-16,Amador,005,37829,314,309,0,309,16
2020-10-16,Butte,007,227075,3118,3004,34,3038,54
2020-10-16,Calaveras,009,45235,328,267,0,267,13
2020-10-16,Colusa,011,21464,543,544,1,545,6
2020-10-16,Contra Costa,013,1133247,18499,17956,92,18048,237
2020-10-16,Del Norte,015,27424,169,166,0,166,2
2020-10-16,El Dorado,017,186661,1337,1273,11,1284,4
2020-10-16,Fresno,019,978130,32828,29796,433,30229,427
2020-10-16,Glenn,021,27897,647,632,0,632,3
2020-10-16,Humboldt,023,135768,551,533,1,534,7
2020-10-16,Imperial,025,180216,12548,11885,13,11898,330
2020-10-16,Inyo,027,18085,224,212,5,217,14
2020-10-16,Kern,029,883053,33455,32660,386,33046,428
2020-10-16,Kings,031,150075,8354,8146,45,8191,80
2020-10-16,Lake,033,64148,693,644,0,644,14
2020-10-16,Lassen,035,31185,768,757,2,759,0
2020-10-16,Los Angeles,037,10098052,292061,284988,2518,287506,6835
2020-10-16,Madera,039,155013,4925,4736,36,4772,53
2020-10-16,Marin,041,260295,7050,6933,19,6952,99
2020-10-16,Mariposa,043,17540,78,76,0,76,2
2020-10-16,Mendocino,045,87422,1043,974,4,978,21
2020-10-16,Merced,047,269075,9369,9246,29,9275,148
2020-10-16,Modoc,049,8938,30,26,0,26,0
2020-10-16,Mono,051,14174,174,155,5,160,1
2020-10-16,Monterey,053,433212,11043,10727,48,10775,79
2020-10-16,Napa,055,140530,1942,1855,8,1863,12
2020-10-16,Nevada,057,99092,607,579,18,597,8
2020-10-16,Orange,059,3164182,59055,56091,1660,57751,1388
2020-10-16,Placer,061,380077,4082,3864,15,3879,49
2020-10-16,Plumas,063,18699,61,52,0,52,0
2020-10-16,Riverside,065,2383286,65222,62986,250,63236,1267
2020-10-16,Sacramento,067,1510023,24758,24144,27,24171,479
2020-10-16,San Benito,069,59416,1400,1388,1,1389,14
2020-10-16,San Bernardino,071,2135413,61025,58233,383,58616,1069
2020-10-16,San Diego,073,3302833,53968,51785,1378,53163,850
2020-10-16,San Francisco,075,870044,11973,11840,41,11881,126
2020-10-16,San Joaquin,077,732212,21406,20910,144,21054,489
2020-10-16,San Luis Obispo,079,281455,4224,3952,20,3972,32
2020-10-16,San Mateo,081,765935,11041,10405,11,10416,153
2020-10-16,Santa Barbara,083,443738,9738,9549,84,9633,119
2020-10-16,Santa Clara,085,1922200,24460,22920,50,22970,345
2020-10-16,Santa Cruz,087,273765,2751,2666,32,2698,20
2020-10-16,Shasta,089,179085,1935,1660,18,1678,20
2020-10-16,Sierra,091,2930,6,6,0,6,0
2020-10-16,Siskiyou,093,43540,179,167,10,177,0
2020-10-16,Solano,095,438530,7119,6879,39,6918,55
2020-10-16,Sonoma,097,501317,9098,8652,23,8675,133
2020-10-16,Stanislaus,099,539301,17404,17201,670,17871,366
2020-10-16,Sutter,101,95872,1791,1756,1,1757,12
2020-10-16,Tehama,103,63373,822,737,2,739,3
2020-10-16,Trinity,105,12862,75,20,9,29,0
2020-10-16,Tulare,107,460477,17571,16965,276,17241,290
2020-10-16,Tuolumne,109,53932,265,237,5,242,4
2020-10-16,Ventura,111,848112,14531,13805,299,14104,152
2020-10-16,Yolo,113,214977,3131,3030,9,3039,55
2020-10-16,Yuba,115,75493,1203,1155,3,1158,10
2020-10-15,Alameda,001,1643700,23020,22267,207,22474,390
2020-10-15,Alpine,003,1148,3,3,0,3,0
2020-10-15,Amador,005,37829,314,309,0,309,16
2020-10-15,Butte,007,227075,3106,3000,33,3033,54
2020-10-15,Calaveras,009,45235,327,267,0,267,13
2020-10-15,Colusa,011,21464,542,543,1,544,6
2020-10-15,Contra Costa,013,1133247,18431,17893,91,17984,237
2020-10-15,Del Norte,015,27424,169,164,0,164,2
2020-10-15,El Dorado,017,186661,1332,1265,11,1276,4
2020-10-15,Fresno,019,978130,32730,29727,430,30157,425
2020-10-15,Glenn,021,27897,642,632,0,632,3
2020-10-15,Humboldt,023,135768,547,531,1,532,7
2020-10-15,Imperial,025,180216,12507,11820,12,11832,330
2020-10-15,Inyo,027,18085,224,210,5,215,14
2020-10-15,Kern,029,883053,33374,32593,383,32976,427
2020-10-15,Kings,031,150075,8339,8134,45,8179,80
2020-10-15,Lake,033,64148,691,642,0,642,14
2020-10-15,Lassen,035,31185,767,752,2,754,0
2020-10-15,Los Angeles,037,10098052,290776,284019,2485,286504,6807
2020-10-15,Madera,039,155013,4912,4723,35,4758,50
2020-10-15,Marin,041,260295,7042,6912,19,6931,99
2020-10-15,Mariposa,043,17540,78,76,0,76,2
2020-10-15,Mendocino,045,87422,1037,963,4,967,21
2020-10-15,Merced,047,269075,9342,9213,29,9242,147
2020-10-15,Modoc,049,8938,30,26,0,26,0
2020-10-15,Mono,051,14174,174,155,5,160,1
2020-10-15,Monterey,053,433212,10976,10677,47,10724,79
2020-10-15,Napa,055,140530,1929,1842,8,1850,12
2020-10-15,Nevada,057,99092,603,575,18,593,8
2020-10-15,Orange,059,3164182,58839,55952,1648,57600,1379
2020-10-15,Placer,061,380077,4053,3848,15,3863,48
2020-10-15,Plumas,063,18699,58,52,0,52,0
2020-10-15,Riverside,065,2383286,64889,62819,247,63066,1266
2020-10-15,Sacramento,067,1510023,24642,24068,27,24095,474
2020-10-15,San Benito,069,59416,1397,1384,1,1385,14
2020-10-15,San Bernardino,071,2135413,60686,58068,380,58448,1067
2020-10-15,San Diego,073,3302833,53684,51472,1362,52834,847
2020-10-15,San Francisco,075,870044,11945,11808,38,11846,126
2020-10-15,San Joaquin,077,732212,21335,20880,138,21018,487
2020-10-15,San Luis Obispo,079,281455,4208,3934,20,3954,32
2020-10-15,San Mateo,081,765935,11001,10340,11,10351,152
2020-10-15,Santa Barbara,083,443738,9714,9526,83,9609,117
2020-10-15,Santa Clara,085,1922200,24344,22808,50,22858,343
2020-10-15,Santa Cruz,087,273765,2737,2656,32,2688,13
2020-10-15,Shasta,089,179085,1924,1635,18,1653,20
2020-10-15,Sierra,091,2930,6,6,0,6,0
2020-10-15,Siskiyou,093,43540,175,166,10,176,0
2020-10-15,Solano,095,438530,7080,6830,39,6869,55
2020-10-15,Sonoma,097,501317,9006,8571,23,8594,133
2020-10-15,Stanislaus,099,539301,17366,17151,656,17807,366
2020-10-15,Sutter,101,95872,1788,1752,1,1753,12
2020-10-15,Tehama,103,63373,795,726,2,728,3
2020-10-15,Trinity,105,12862,75,20,9,29,0
2020-10-15,Tulare,107,460477,17511,16918,261,17179,289
2020-10-15,Tuolumne,109,53932,263,236,5,241,4
2020-10-15,Ventura,111,848112,14475,13750,294,14044,152
2020-10-15,Yolo,113,214977,3111,3014,9,3023,55
2020-10-15,Yuba,115,75493,1196,1151,3,1154,10
2020-10-14,Alameda,001,1643700,22921,22227,206,22433,398
2020-10-14,Alpine,003,1148,3,3,0,3,0
2020-10-14,Amador,005,37829,312,308,0,308,16
2020-10-14,Butte,007,227075,3098,2995,33,3028,54
2020-10-14,Calaveras,009,45235,327,266,0,266,12
2020-10-14,Colusa,011,21464,542,543,1,544,6
2020-10-14,Contra Costa,013,1133247,18373,17820,89,17909,236
2020-10-14,Del Norte,015,27424,168,163,0,163,2
2020-10-14,El Dorado,017,186661,1326,1264,10,1274,4
2020-10-14,Fresno,019,978130,32615,29650,424,30074,424
2020-10-14,Glenn,021,27897,641,629,0,629,3
2020-10-14,Humboldt,023,135768,544,531,1,532,7
2020-10-14,Imperial,025,180216,12470,11765,10,11775,330
2020-10-14,Inyo,027,18085,223,209,4,213,14
2020-10-14,Kern,029,883053,33299,32528,381,32909,425
2020-10-14,Kings,031,150075,8321,8118,45,8163,80
2020-10-14,Lake,033,64148,690,642,0,642,14
2020-10-14,Lassen,035,31185,765,752,2,754,0
2020-10-14,Los Angeles,037,10098052,289461,282918,2442,285360,6786
2020-10-14,Madera,039,155013,4897,4713,33,4746,50
2020-10-14,Marin,041,260295,7036,6907,19,6926,99
2020-10-14,Mariposa,043,17540,77,76,0,76,2
2020-10-14,Mendocino,045,87422,1031,955,4,959,21
2020-10-14,Merced,047,269075,9317,9201,27,9228,147
2020-10-14,Modoc,049,8938,30,27,0,27,0
2020-10-14,Mono,051,14174,174,155,5,160,1
2020-10-14,Monterey,053,433212,10926,10616,47,10663,78
2020-10-14,Napa,055,140530,1912,1837,8,1845,12
2020-10-14,Nevada,057,99092,601,573,18,591,7
2020-10-14,Orange,059,3164182,58626,55756,1639,57395,1348
2020-10-14,Placer,061,380077,4030,3829,15,3844,48
2020-10-14,Plumas,063,18699,54,52,0,52,0
2020-10-14,Riverside,065,2383286,64606,62607,246,62853,1261
2020-10-14,Sacramento,067,1510023,24498,24013,27,24040,472
2020-10-14,San Benito,069,59416,1395,1381,0,1381,14
2020-10-14,San Bernardino,071,2135413,60360,57774,376,58150,1063
2020-10-14,San Diego,073,3302833,53365,51329,1338,52667,844
2020-10-14,San Francisco,075,870044,11913,11783,37,11820,123
2020-10-14,San Joaquin,077,732212,21256,20845,124,20969,487
2020-10-14,San Luis Obispo,079,281455,4185,3901,19,3920,32
2020-10-14,San Mateo,081,765935,10950,10309,11,10320,132
2020-10-14,Santa Barbara,083,443738,9680,9509,83,9592,117
2020-10-14,Santa Clara,085,1922200,24195,22735,50,22785,343
2020-10-14,Santa Cruz,087,273765,2727,2618,32,2650,13
2020-10-14,Shasta,089,179085,1886,1553,18,1571,20
2020-10-14,Sierra,091,2930,6,6,0,6,0
2020-10-14,Siskiyou,093,43540,175,166,10,176,0
2020-10-14,Solano,095,438530,7024,6786,39,6825,55
2020-10-14,Sonoma,097,501317,8953,8514,23,8537,133
2020-10-14,Stanislaus,099,539301,17321,17105,653,17758,365
2020-10-14,Sutter,101,95872,1779,1747,1,1748,12
2020-10-14,Tehama,103,63373,784,721,2,723,3
2020-10-14,Trinity,105,12862,74,20,9,29,0
2020-10-14,Tulare,107,460477,17449,16863,248,17111,287
2020-10-14,Tuolumne,109,53932,262,236,5,241,4
2020-10-14,Ventura,111,848112,14421,13697,290,13987,152
2020-10-14,Yolo,113,214977,3093,3007,8,3015,55
2020-10-14,Yuba,115,75493,1188,1147,3,1150,10
2020-10-13,Alameda,001,1643700,22816,22185,204,22389,389
2020-10-13,Alpine,003,1148,3,3,0,3,0
2020-10-13,Amador,005,37829,310,306,0,306,16
2020-10-13,Butte,007,227075,3090,2992,33,3025,54
2020-10-13,Calaveras,009,45235,323,262,0,262,12
2020-10-13,Colusa,011,21464,542,541,1,542,6
2020-10-13,Contra Costa,013,1133247,18316,17783,89,17872,234
2020-10-13,Del Norte,015,27424,168,163,0,163,2
2020-10-13,El Dorado,017,186661,1317,1262,10,1272,4
2020-10-13,Fresno,019,978130,32492,29579,420,29999,424
2020-10-13,Glenn,021,27897,640,629,0,629,3
2020-10-13,Humboldt,023,135768,542,523,1,524,7
2020-10-13,Imperial,025,180216,12434,11727,10,11737,327
2020-10-13,Inyo,027,18085,220,207,4,211,14
2020-10-13,Kern,029,883053,33225,32497,379,32876,419
2020-10-13,Kings,031,150075,8312,8111,45,8156,80
2020-10-13,Lake,033,64148,687,639,0,639,12
2020-10-13,Lassen,035,31185,763,752,2,754,0
2020-10-13,Los Angeles,037,10098052,288180,281716,2402,284118,6767
2020-10-13,Madera,039,155013,4878,4700,33,4733,50
2020-10-13,Marin,041,260295,7014,6900,18,6918,97
2020-10-13,Mariposa,043,17540,77,76,0,76,2
2020-10-13,Mendocino,045,87422,1022,950,4,954,21
2020-10-13,Merced,047,269075,9300,9181,27,9208,146
2020-10-13,Modoc,049,8938,29,28,0,28,0
2020-10-13,Mono,051,14174,174,155,4,159,1
2020-10-13,Monterey,053,433212,10865,10574,46,10620,78
2020-10-13,Napa,055,140530,1903,1825,8,1833,12
2020-10-13,Nevada,057,99092,594,572,18,590,7
2020-10-13,Orange,059,3164182,58413,55515,1626,57141,1326
2020-10-13,Placer,061,380077,3992,3825,15,3840,48
2020-10-13,Plumas,063,18699,52,51,0,51,0
2020-10-13,Riverside,065,2383286,64287,62279,244,62523,1254
2020-10-13,Sacramento,067,1510023,24421,23930,27,23957,466
2020-10-13,San Benito,069,59416,1387,1380,0,1380,14
2020-10-13,San Bernardino,071,2135413,60022,57411,374,57785,1061
2020-10-13,San Diego,073,3302833,53072,51026,1321,52347,840
2020-10-13,San Francisco,075,870044,11878,11659,37,11696,122
2020-10-13,San Joaquin,077,732212,21194,20822,120,20942,481
2020-10-13,San Luis Obispo,079,281455,4168,3892,18,3910,32
2020-10-13,San Mateo,081,765935,10907,10286,11,10297,130
2020-10-13,Santa Barbara,083,443738,9648,9489,83,9572,117
2020-10-13,Santa Clara,085,1922200,24067,22678,50,22728,343
2020-10-13,Santa Cruz,087,273765,2709,2603,32,2635,13
2020-10-13,Shasta,089,179085,1862,1606,18,1624,20
2020-10-13,Sierra,091,2930,6,6,0,6,0
2020-10-13,Siskiyou,093,43540,174,163,10,173,0
2020-10-13,Solano,095,438530,6989,6761,39,6800,55
2020-10-13,Sonoma,097,501317,8870,8456,23,8479,133
2020-10-13,Stanislaus,099,539301,17276,17082,648,17730,362
2020-10-13,Sutter,101,95872,1770,1748,1,1749,12
2020-10-13,Tehama,103,63373,777,717,2,719,3
2020-10-13,Trinity,105,12862,70,19,8,27,0
2020-10-13,Tulare,107,460477,17391,16822,240,17062,286
2020-10-13,Tuolumne,109,53932,260,235,5,240,4
2020-10-13,Ventura,111,848112,14367,13645,286,13931,151
2020-10-13,Yolo,113,214977,3085,2983,7,2990,55
2020-10-13,Yuba,115,75493,1183,1143,3,1146,10
2020-10-12,Alameda,001,1643700,22736,22126,203,22329,389
2020-10-12,Alpine,003,1148,3,3,0,3,0
2020-10-12,Amador,005,37829,309,305,0,305,16
2020-10-12,Butte,007,227075,3083,2975,33,3008,54
2020-10-12,Calaveras,009,45235,323,262,0,262,12
2020-10-12,Colusa,011,21464,542,541,1,542,6
2020-10-12,Contra Costa,013,1133247,18242,17728,89,17817,233
2020-10-12,Del Norte,015,27424,168,161,0,161,2
2020-10-12,El Dorado,017,186661,1314,1254,10,1264,4
2020-10-12,Fresno,019,978130,32359,29523,416,29939,421
2020-10-12,Glenn,021,27897,639,626,0,626,3
2020-10-12,Humboldt,023,135768,539,522,1,523,7
2020-10-12,Imperial,025,180216,12396,11689,10,11699,328
2020-10-12,Inyo,027,18085,217,201,4,205,14
2020-10-12,Kern,029,883053,33132,32425,375,32800,419
2020-10-12,Kings,031,150075,8306,8106,45,8151,80
2020-10-12,Lake,033,64148,681,633,0,633,12
2020-10-12,Lassen,035,31185,763,752,2,754,0
2020-10-12,Los Angeles,037,10098052,286960,280961,2375,283336,6747
2020-10-12,Madera,039,155013,4858,4689,33,4722,50
2020-10-12,Marin,041,260295,6997,6886,18,6904,97
2020-10-12,Mariposa,043,17540,77,76,0,76,2
2020-10-12,Mendocino,045,87422,1016,947,4,951,21
2020-10-12,Merced,047,269075,9279,9141,27,9168,146
2020-10-12,Modoc,049,8938,29,27,0,27,0
2020-10-12,Mono,051,14174,174,154,4,158,1
2020-10-12,Monterey,053,433212,10799,10473,46,10519,77
2020-10-12,Napa,055,140530,1895,1819,8,1827,11
2020-10-12,Nevada,057,99092,590,570,18,588,7
2020-10-12,Orange,059,3164182,58184,55373,1616,56989,1326
2020-10-12,Placer,061,380077,3960,3808,14,3822,48
2020-10-12,Plumas,063,18699,52,51,0,51,0
2020-10-12,Riverside,065,2383286,63976,62279,240,62519,1254
2020-10-12,Sacramento,067,1510023,24316,23807,27,23834,466
2020-10-12,San Benito,069,59416,1384,1376,0,1376,13
2020-10-12,San Bernardino,071,2135413,59646,57235,373,57608,1061
2020-10-12,San Diego,073,3302833,52782,50748,1294,52042,826
2020-10-12,San Francisco,075,870044,11846,11659,37,11696,122
2020-10-12,San Joaquin,077,732212,21131,20701,114,20815,480
2020-10-12,San Luis Obispo,079,281455,4140,3874,18,3892,32
2020-10-12,San Mateo,081,765935,10859,10262,11,10273,130
2020-10-12,Santa Barbara,083,443738,9609,9462,83,9545,117
2020-10-12,Santa Clara,085,1922200,23951,22578,50,22628,343
2020-10-12,Santa Cruz,087,273765,2692,2590,32,2622,13
2020-10-12,Shasta,089,179085,1837,1515,18,1533,20
2020-10-12,Sierra,091,2930,6,6,0,6,0
2020-10-12,Siskiyou,093,43540,173,162,10,172,0
2020-10-12,Solano,095,438530,6950,6742,39,6781,55
2020-10-12,Sonoma,097,501317,8798,8377,23,8400,133
2020-10-12,Stanislaus,099,539301,17227,17051,639,17690,361
2020-10-12,Sutter,101,95872,1762,1741,1,1742,12
2020-10-12,Tehama,103,63373,761,708,2,710,3
2020-10-12,Trinity,105,12862,69,19,8,27,0
2020-10-12,Tulare,107,460477,17340,16742,233,16975,286
2020-10-12,Tuolumne,109,53932,255,234,5,239,4
2020-10-12,Ventura,111,848112,14305,13617,282,13899,151
2020-10-12,Yolo,113,214977,3070,2964,7,2971,55
2020-10-12,Yuba,115,75493,1173,1141,3,1144,10
2020-10-11,Alameda,001,1643700,22646,22057,199,22256,392
2020-10-11,Alpine,003,1148,3,3,0,3,0
2020-10-11,Amador,005,37829,307,305,0,305,16
2020-10-11,Butte,007,227075,3075,2967,32,2999,54
2020-10-11,Calaveras,009,45235,321,262,0,262,12
2020-10-11,Colusa,011,21464,540,541,1,542,6
2020-10-11,Contra Costa,013,1133247,18158,17678,89,17767,233
2020-10-11,Del Norte,015,27424,166,161,0,161,2
2020-10-11,El Dorado,017,186661,1305,1242,10,1252,4
2020-10-11,Fresno,019,978130,32222,29419,408,29827,421
2020-10-11,Glenn,021,27897,637,625,0,625,3
2020-10-11,Humboldt,023,135768,538,521,1,522,7
2020-10-11,Imperial,025,180216,12337,11614,10,11624,328
2020-10-11,Inyo,027,18085,213,201,4,205,14
2020-10-11,Kern,029,883053,33045,32399,367,32766,418
2020-10-11,Kings,031,150075,8289,8094,44,8138,80
2020-10-11,Lake,033,64148,668,631,0,631,12
2020-10-11,Lassen,035,31185,762,752,2,754,0
2020-10-11,Los Angeles,037,10098052,285523,280190,2334,282524,6745
2020-10-11,Madera,039,155013,4830,4680,32,4712,50
2020-10-11,Marin,041,260295,6988,6870,18,6888,97
2020-10-11,Mariposa,043,17540,77,76,0,76,2
2020-10-11,Mendocino,045,87422,1009,944,4,948,21
2020-10-11,Merced,047,269075,9261,9124,27,9151,146
2020-10-11,Modoc,049,8938,29,27,0,27,0
2020-10-11,Mono,051,14174,174,154,4,158,1
2020-10-11,Monterey,053,433212,10748,10445,44,10489,77
2020-10-11,Napa,055,140530,1879,1811,8,1819,11
2020-10-11,Nevada,057,99092,588,569,18,587,7
2020-10-11,Orange,059,3164182,57954,55202,1610,56812,1326
2020-10-11,Placer,061,380077,3939,3787,14,3801,48
2020-10-11,Plumas,063,18699,52,51,0,51,0
2020-10-11,Riverside,065,2383286,63688,62112,236,62348,1254
2020-10-11,Sacramento,067,1510023,24173,23778,27,23805,466
2020-10-11,San Benito,069,59416,1383,1374,0,1374,13
2020-10-11,San Bernardino,071,2135413,59194,56997,371,57368,1061
2020-10-11,San Diego,073,3302833,52432,50553,1272,51825,826
2020-10-11,San Francisco,075,870044,11803,11659,37,11696,122
2020-10-11,San Joaquin,077,732212,21056,20700,104,20804,480
2020-10-11,San Luis Obispo,079,281455,4123,3874,17,3891,32
2020-10-11,San Mateo,081,765935,10827,10240,11,10251,130
2020-10-11,Santa Barbara,083,443738,9578,9440,82,9522,117
2020-10-11,Santa Clara,085,1922200,23811,22487,49,22536,336
2020-10-11,Santa Cruz,087,273765,2678,2578,32,2610,13
2020-10-11,Shasta,089,179085,1807,1515,17,1532,20
2020-10-11,Sierra,091,2930,6,6,0,6,0
2020-10-11,Siskiyou,093,43540,172,162,10,172,0
2020-10-11,Solano,095,438530,6896,6685,39,6724,53
2020-10-11,Sonoma,097,501317,8741,8319,23,8342,133
2020-10-11,Stanislaus,099,539301,17163,17007,623,17630,360
2020-10-11,Sutter,101,95872,1759,1742,1,1743,12
2020-10-11,Tehama,103,63373,737,702,2,704,3
2020-10-11,Trinity,105,12862,69,19,8,27,0
2020-10-11,Tulare,107,460477,17276,16741,225,16966,286
2020-10-11,Tuolumne,109,53932,250,234,5,239,4
2020-10-11,Ventura,111,848112,14244,13604,277,13881,151
2020-10-11,Yolo,113,214977,3040,2952,7,2959,55
2020-10-11,Yuba,115,75493,1162,1137,3,1140,10
2020-10-10,Alameda,001,1643700,22596,21979,198,22177,398
2020-10-10,Alpine,003,1148,3,3,0,3,0
2020-10-10,Amador,005,37829,306,304,0,304,16
2020-10-10,Butte,007,227075,3070,2962,31,2993,54
2020-10-10,Calaveras,009,45235,320,262,0,262,12
2020-10-10,Colusa,011,21464,540,541,1,542,6
2020-10-10,Contra Costa,013,1133247,18122,17566,88,17654,233
2020-10-10,Del Norte,015,27424,166,161,0,161,2
2020-10-10,El Dorado,017,186661,1303,1240,10,1250,4
2020-10-10,Fresno,019,978130,32158,29286,406,29692,421
2020-10-10,Glenn,021,27897,637,623,0,623,3
2020-10-10,Humboldt,023,135768,535,518,1,519,7
2020-10-10,Imperial,025,180216,12322,11591,10,11601,327
2020-10-10,Inyo,027,18085,210,201,4,205,14
2020-10-10,Kern,029,883053,33008,32338,367,32705,418
2020-10-10,Kings,031,150075,8285,8078,44,8122,80
2020-10-10,Lake,033,64148,667,630,0,630,11
2020-10-10,Lassen,035,31185,762,752,2,754,0
2020-10-10,Los Angeles,037,10098052,284805,279213,2300,281513,6743
2020-10-10,Madera,039,155013,4818,4662,32,4694,50
2020-10-10,Marin,041,260295,6979,6852,18,6870,97
2020-10-10,Mariposa,043,17540,77,76,0,76,2
2020-10-10,Mendocino,045,87422,1002,935,4,939,21
2020-10-10,Merced,047,269075,9255,9105,26,9131,146
2020-10-10,Modoc,049,8938,29,27,0,27,0
2020-10-10,Mono,051,14174,174,154,4,158,1
2020-10-10,Monterey,053,433212,10715,10410,44,10454,75
2020-10-10,Napa,055,140530,1872,1804,8,1812,11
2020-10-10,Nevada,057,99092,585,564,18,582,6
2020-10-10,Orange,059,3164182,57833,54965,1605,56570,1324
2020-10-10,Placer,061,380077,3922,3757,14,3771,48
2020-10-10,Plumas,063,18699,52,51,0,51,0
2020-10-10,Riverside,065,2383286,63485,61845,234,62079,1254
2020-10-10,Sacramento,067,1510023,24106,23689,27,23716,466
2020-10-10,San Benito,069,59416,1381,1370,0,1370,13
2020-10-10,San Bernardino,071,2135413,59032,56683,369,57052,1061
2020-10-10,San Diego,073,3302833,52202,50145,1254,51399,825
2020-10-10,San Francisco,075,870044,11782,11663,37,11700,122
2020-10-10,San Joaquin,077,732212,21028,20700,100,20800,481
2020-10-10,San Luis Obispo,079,281455,4103,3832,17,3849,32
2020-10-10,San Mateo,081,765935,10790,10218,11,10229,130
2020-10-10,Santa Barbara,083,443738,9567,9417,82,9499,116
2020-10-10,Santa Clara,085,1922200,23720,22354,49,22403,330
2020-10-10,Santa Cruz,087,273765,2664,2572,32,2604,13
2020-10-10,Shasta,089,179085,1790,1473,17,1490,20
2020-10-10,Sierra,091,2930,6,6,0,6,0
2020-10-10,Siskiyou,093,43540,172,161,10,171,0
2020-10-10,Solano,095,438530,6870,6655,39,6694,53
2020-10-10,Sonoma,097,501317,8721,8235,23,8258,133
2020-10-10,Stanislaus,099,539301,17128,16960,615,17575,360
2020-10-10,Sutter,101,95872,1756,1735,1,1736,12
2020-10-10,Tehama,103,63373,730,693,2,695,3
2020-10-10,Trinity,105,12862,69,19,8,27,0
2020-10-10,Tulare,107,460477,17240,16709,220,16929,286
2020-10-10,Tuolumne,109,53932,250,233,5,238,4
2020-10-10,Ventura,111,848112,14219,13520,277,13797,151
2020-10-10,Yolo,113,214977,3031,2939,7,2946,55
2020-10-10,Yuba,115,75493,1160,1134,3,1137,10
2020-10-09,Alameda,001,1643700,22548,21924,198,22122,399
2020-10-09,Alpine,003,1148,3,3,0,3,0
2020-10-09,Amador,005,37829,306,303,0,303,16
2020-10-09,Butte,007,227075,3067,2956,31,2987,51
2020-10-09,Calaveras,009,45235,318,262,0,262,11
2020-10-09,Colusa,011,21464,540,541,1,542,6
2020-10-09,Contra Costa,013,1133247,18071,17487,88,17575,229
2020-10-09,Del Norte,015,27424,165,161,0,161,2
2020-10-09,El Dorado,017,186661,1299,1234,10,1244,4
2020-10-09,Fresno,019,978130,32085,29208,404,29612,417
2020-10-09,Glenn,021,27897,632,617,0,617,3
2020-10-09,Humboldt,023,135768,533,516,1,517,7
2020-10-09,Imperial,025,180216,12296,11516,10,11526,330
2020-10-09,Inyo,027,18085,207,200,4,204,14
2020-10-09,Kern,029,883053,32964,32237,365,32602,417
2020-10-09,Kings,031,150075,8278,7993,42,8035,80
2020-10-09,Lake,033,64148,657,610,0,610,11
2020-10-09,Lassen,035,31185,762,751,2,753,0
2020-10-09,Los Angeles,037,10098052,283670,278039,2276,280315,6715
2020-10-09,Madera,039,155013,4808,4646,32,4678,50
2020-10-09,Marin,041,260295,6965,6838,18,6856,96
2020-10-09,Mariposa,043,17540,77,76,0,76,2
2020-10-09,Mendocino,045,87422,992,933,4,937,20
2020-10-09,Merced,047,269075,9241,9095,26,9121,145
2020-10-09,Modoc,049,8938,29,27,0,27,0
2020-10-09,Mono,051,14174,174,154,4,158,1
2020-10-09,Monterey,053,433212,10681,10369,44,10413,75
2020-10-09,Napa,055,140530,1862,1795,8,1803,11
2020-10-09,Nevada,057,99092,580,561,18,579,6
2020-10-09,Orange,059,3164182,57662,54746,1600,56346,1305
2020-10-09,Placer,061,380077,3908,3737,13,3750,48
2020-10-09,Plumas,063,18699,52,50,0,50,0
2020-10-09,Riverside,065,2383286,63249,61529,233,61762,1252
2020-10-09,Sacramento,067,1510023,24037,23606,27,23633,457
2020-10-09,San Benito,069,59416,1376,1367,0,1367,13
2020-10-09,San Bernardino,071,2135413,58792,56434,367,56801,1057
2020-10-09,San Diego,073,3302833,51926,49825,1243,51068,821
2020-10-09,San Francisco,075,870044,11752,11620,37,11657,120
2020-10-09,San Joaquin,077,732212,20998,20648,92,20740,481
2020-10-09,San Luis Obispo,079,281455,4084,3810,17,3827,32
2020-10-09,San Mateo,081,765935,10762,10140,11,10151,130
2020-10-09,Santa Barbara,083,443738,9539,9396,82,9478,116
2020-10-09,Santa Clara,085,1922200,23618,22251,48,22299,328
2020-10-09,Santa Cruz,087,273765,2655,2555,32,2587,13
2020-10-09,Shasta,089,179085,1764,1353,16,1369,20
2020-10-09,Sierra,091,2930,6,6,0,6,0
2020-10-09,Siskiyou,093,43540,170,156,10,166,0
2020-10-09,Solano,095,438530,6831,6614,39,6653,53
2020-10-09,Sonoma,097,501317,8667,8133,23,8156,133
2020-10-09,Stanislaus,099,539301,17103,16904,608,17512,362
2020-10-09,Sutter,101,95872,1752,1732,1,1733,12
2020-10-09,Tehama,103,63373,724,682,2,684,3
2020-10-09,Trinity,105,12862,69,25,8,33,0
2020-10-09,Tulare,107,460477,17200,16644,211,16855,286
2020-10-09,Tuolumne,109,53932,247,230,5,235,4
2020-10-09,Ventura,111,848112,14183,13469,274,13743,151
2020-10-09,Yolo,113,214977,3024,2928,7,2935,55
2020-10-09,Yuba,115,75493,1159,1129,3,1132,10
2020-10-08,Alameda,001,1643700,22467,21826,197,22023,395
2020-10-08,Alpine,003,1148,3,3,0,3,0
2020-10-08,Amador,005,37829,305,302,0,302,16
2020-10-08,Butte,007,227075,3057,2935,31,2966,51
2020-10-08,Calaveras,009,45235,317,262,0,262,11
2020-10-08,Colusa,011,21464,540,539,1,540,6
2020-10-08,Contra Costa,013,1133247,18011,17418,87,17505,228
2020-10-08,Del Norte,015,27424,165,151,0,151,2
2020-10-08,El Dorado,017,186661,1298,1230,10,1240,4
2020-10-08,Fresno,019,978130,31980,29111,404,29515,416
2020-10-08,Glenn,021,27897,629,616,0,616,3
2020-10-08,Humboldt,023,135768,529,515,1,516,7
2020-10-08,Imperial,025,180216,12256,11405,10,11415,330
2020-10-08,Inyo,027,18085,204,199,4,203,14
2020-10-08,Kern,029,883053,32906,32169,360,32529,411
2020-10-08,Kings,031,150075,8272,7968,42,8010,80
2020-10-08,Lake,033,64148,652,604,0,604,11
2020-10-08,Lassen,035,31185,757,751,2,753,0
2020-10-08,Los Angeles,037,10098052,282468,276763,2236,278999,6699
2020-10-08,Madera,039,155013,4790,4637,32,4669,50
2020-10-08,Marin,041,260295,6951,6810,18,6828,96
2020-10-08,Mariposa,043,17540,77,76,0,76,2
2020-10-08,Mendocino,045,87422,987,930,4,934,20
2020-10-08,Merced,047,269075,9221,9069,26,9095,144
2020-10-08,Modoc,049,8938,29,27,0,27,0
2020-10-08,Mono,051,14174,174,153,4,157,1
2020-10-08,Monterey,053,433212,10614,10343,44,10387,75
2020-10-08,Napa,055,140530,1847,1779,8,1787,11
2020-10-08,Nevada,057,99092,577,556,18,574,6
2020-10-08,Orange,059,3164182,57469,54523,1589,56112,1293
2020-10-08,Placer,061,380077,3890,3715,13,3728,48
2020-10-08,Plumas,063,18699,52,50,0,50,0
2020-10-08,Riverside,065,2383286,62981,61105,232,61337,1244
2020-10-08,Sacramento,067,1510023,23930,23482,27,23509,454
2020-10-08,San Benito,069,59416,1371,1367,0,1367,13
2020-10-08,San Bernardino,071,2135413,58427,56152,366,56518,1048
2020-10-08,San Diego,073,3302833,51646,49468,1211,50679,819
2020-10-08,San Francisco,075,870044,11714,11608,37,11645,115
2020-10-08,San Joaquin,077,732212,20946,20576,87,20663,478
2020-10-08,San Luis Obispo,079,281455,4068,3785,17,3802,32
2020-10-08,San Mateo,081,765935,10730,10044,11,10055,130
2020-10-08,Santa Barbara,083,443738,9511,9374,82,9456,116
2020-10-08,Santa Clara,085,1922200,23516,22095,48,22143,323
2020-10-08,Santa Cruz,087,273765,2643,2535,32,2567,13
2020-10-08,Shasta,089,179085,1730,1305,16,1321,20
2020-10-08,Sierra,091,2930,6,6,0,6,0
2020-10-08,Siskiyou,093,43540,170,156,10,166,0
2020-10-08,Solano,095,438530,6807,6556,39,6595,53
2020-10-08,Sonoma,097,501317,8601,8063,23,8086,132
2020-10-08,Stanislaus,099,539301,17057,16821,600,17421,360
2020-10-08,Sutter,101,95872,1752,1725,1,1726,12
2020-10-08,Tehama,103,63373,715,676,2,678,3
2020-10-08,Trinity,105,12862,68,25,8,33,0
2020-10-08,Tulare,107,460477,17139,16573,203,16776,283
2020-10-08,Tuolumne,109,53932,246,230,5,235,4
2020-10-08,Ventura,111,848112,14135,13399,272,13671,151
2020-10-08,Yolo,113,214977,3007,2914,7,2921,55
2020-10-08,Yuba,115,75493,1154,1126,3,1129,10
2020-10-07,Alameda,001,1643700,22390,21736,197,21933,395
2020-10-07,Alpine,003,1148,3,3,0,3,0
2020-10-07,Amador,005,37829,305,302,0,302,16
2020-10-07,Butte,007,227075,3045,2927,31,2958,47
2020-10-07,Calaveras,009,45235,315,262,0,262,11
2020-10-07,Colusa,011,21464,539,539,0,539,6
2020-10-07,Contra Costa,013,1133247,17941,17346,86,17432,225
2020-10-07,Del Norte,015,27424,164,149,0,149,2
2020-10-07,El Dorado,017,186661,1290,1219,10,1229,4
2020-10-07,Fresno,019,978130,31859,29069,399,29468,413
2020-10-07,Glenn,021,27897,629,615,0,615,3
2020-10-07,Humboldt,023,135768,526,512,1,513,7
2020-10-07,Imperial,025,180216,12219,11289,9,11298,330
2020-10-07,Inyo,027,18085,204,199,4,203,14
2020-10-07,Kern,029,883053,32833,32068,359,32427,410
2020-10-07,Kings,031,150075,8257,7948,42,7990,80
2020-10-07,Lake,033,64148,651,599,0,599,11
2020-10-07,Lassen,035,31185,757,751,2,753,0
2020-10-07,Los Angeles,037,10098052,281287,275559,2203,277762,6681
2020-10-07,Madera,039,155013,4770,4618,32,4650,50
2020-10-07,Marin,041,260295,6924,6790,18,6808,95
2020-10-07,Mariposa,043,17540,77,75,0,75,2
2020-10-07,Mendocino,045,87422,981,927,4,931,19
2020-10-07,Merced,047,269075,9184,9045,25,9070,144
2020-10-07,Modoc,049,8938,29,27,0,27,0
2020-10-07,Mono,051,14174,173,153,3,156,1
2020-10-07,Monterey,053,433212,10555,10272,44,10316,75
2020-10-07,Napa,055,140530,1834,1774,8,1782,11
2020-10-07,Nevada,057,99092,573,552,18,570,6
2020-10-07,Orange,059,3164182,57252,54332,1578,55910,1277
2020-10-07,Placer,061,380077,3874,3693,13,3706,48
2020-10-07,Plumas,063,18699,52,50,0,50,0
2020-10-07,Riverside,065,2383286,62634,60857,228,61085,1241
2020-10-07,Sacramento,067,1510023,23833,23380,27,23407,452
2020-10-07,San Benito,069,59416,1368,1363,0,1363,13
2020-10-07,San Bernardino,071,2135413,58078,55738,365,56103,1043
2020-10-07,San Diego,073,3302833,51330,49177,1187,50364,813
2020-10-07,San Francisco,075,870044,11679,11551,37,11588,115
2020-10-07,San Joaquin,077,732212,20894,20527,80,20607,478
2020-10-07,San Luis Obispo,079,281455,4038,3749,17,3766,32
2020-10-07,San Mateo,081,765935,10687,9980,11,9991,130
2020-10-07,Santa Barbara,083,443738,9485,9350,81,9431,116
2020-10-07,Santa Clara,085,1922200,23388,21993,48,22041,320
2020-10-07,Santa Cruz,087,273765,2631,2518,32,2550,14
2020-10-07,Shasta,089,179085,1687,1268,16,1284,20
2020-10-07,Sierra,091,2930,6,6,0,6,0
2020-10-07,Siskiyou,093,43540,168,154,10,164,0
2020-10-07,Solano,095,438530,6772,6526,39,6565,53
2020-10-07,Sonoma,097,501317,8526,7993,22,8015,130
2020-10-07,Stanislaus,099,539301,17022,16786,594,17380,357
2020-10-07,Sutter,101,95872,1749,1723,1,1724,12
2020-10-07,Tehama,103,63373,706,666,2,668,3
2020-10-07,Trinity,105,12862,64,25,8,33,0
2020-10-07,Tulare,107,460477,17096,16483,195,16678,282
2020-10-07,Tuolumne,109,53932,246,227,5,232,3
2020-10-07,Ventura,111,848112,14085,13333,266,13599,150
2020-10-07,Yolo,113,214977,2981,2904,7,2911,55
2020-10-07,Yuba,115,75493,1148,1120,3,1123,10
2020-10-06,Alameda,001,1643700,22299,21698,195,21893,385
2020-10-06,Alpine,003,1148,3,3,0,3,0
2020-10-06,Amador,005,37829,303,301,0,301,16
2020-10-06,Butte,007,227075,3038,2925,31,2956,47
2020-10-06,Calaveras,009,45235,315,261,0,261,11
2020-10-06,Colusa,011,21464,538,538,0,538,6
2020-10-06,Contra Costa,013,1133247,17862,17295,86,17381,219
2020-10-06,Del Norte,015,27424,164,144,0,144,2
2020-10-06,El Dorado,017,186661,1286,1211,10,1221,4
2020-10-06,Fresno,019,978130,31716,29022,396,29418,412
2020-10-06,Glenn,021,27897,626,604,0,604,3
2020-10-06,Humboldt,023,135768,523,508,1,509,7
2020-10-06,Imperial,025,180216,12181,11196,9,11205,327
2020-10-06,Inyo,027,18085,202,198,4,202,14
2020-10-06,Kern,029,883053,32757,32006,357,32363,407
2020-10-06,Kings,031,150075,8241,7943,42,7985,81
2020-10-06,Lake,033,64148,645,596,0,596,11
2020-10-06,Lassen,035,31185,757,743,2,745,0
2020-10-06,Los Angeles,037,10098052,280049,274115,2154,276269,6657
2020-10-06,Madera,039,155013,4758,4608,32,4640,50
2020-10-06,Marin,041,260295,6909,6766,18,6784,91
2020-10-06,Mariposa,043,17540,77,75,0,75,2
2020-10-06,Mendocino,045,87422,974,920,4,924,19
2020-10-06,Merced,047,269075,9148,9034,24,9058,143
2020-10-06,Modoc,049,8938,29,26,0,26,0
2020-10-06,Mono,051,14174,173,153,3,156,1
2020-10-06,Monterey,053,433212,10500,10235,42,10277,72
2020-10-06,Napa,055,140530,1828,1770,8,1778,11
2020-10-06,Nevada,057,99092,570,551,18,569,6
2020-10-06,Orange,059,3164182,57036,54203,1569,55772,1273
2020-10-06,Placer,061,380077,3852,3680,13,3693,48
2020-10-06,Plumas,063,18699,52,49,0,49,0
2020-10-06,Riverside,065,2383286,62369,60593,226,60819,1238
2020-10-06,Sacramento,067,1510023,23747,23322,27,23349,442
2020-10-06,San Benito,069,59416,1367,1358,0,1358,12
2020-10-06,San Bernardino,071,2135413,57764,55416,360,55776,1040
2020-10-06,San Diego,073,3302833,50993,48823,1170,49993,806
2020-10-06,San Francisco,075,870044,11653,11513,36,11549,115
2020-10-06,San Joaquin,077,732212,20854,20481,77,20558,477
2020-10-06,San Luis Obispo,079,281455,4004,3723,17,3740,32
2020-10-06,San Mateo,081,765935,10655,9934,11,9945,129
2020-10-06,Santa Barbara,083,443738,9456,9331,80,9411,116
2020-10-06,Santa Clara,085,1922200,23293,21914,48,21962,320
2020-10-06,Santa Cruz,087,273765,2609,2510,32,2542,12
2020-10-06,Shasta,089,179085,1647,1242,16,1258,18
2020-10-06,Sierra,091,2930,6,6,0,6,0
2020-10-06,Siskiyou,093,43540,168,154,10,164,0
2020-10-06,Solano,095,438530,6726,6506,39,6545,52
2020-10-06,Sonoma,097,501317,8433,7895,22,7917,130
2020-10-06,Stanislaus,099,539301,16977,16759,588,17347,354
2020-10-06,Sutter,101,95872,1747,1722,1,1723,12
2020-10-06,Tehama,103,63373,696,660,2,662,3
2020-10-06,Trinity,105,12862,64,25,8,33,0
2020-10-06,Tulare,107,460477,17054,16456,187,16643,280
2020-10-06,Tuolumne,109,53932,245,227,5,232,2
2020-10-06,Ventura,111,848112,14018,13242,261,13503,150
2020-10-06,Yolo,113,214977,2967,2899,7,2906,56
2020-10-06,Yuba,115,75493,1147,1114,3,1117,10
2020-10-05,Alameda,001,1643700,22211,21637,192,21829,383
2020-10-05,Alpine,003,1148,3,2,0,2,0
2020-10-05,Amador,005,37829,303,299,0,299,16
2020-10-05,Butte,007,227075,3028,2910,31,2941,46
2020-10-05,Calaveras,009,45235,315,259,0,259,11
2020-10-05,Colusa,011,21464,538,537,0,537,6
2020-10-05,Contra Costa,013,1133247,17785,17250,86,17336,216
2020-10-05,Del Norte,015,27424,161,142,0,142,2
2020-10-05,El Dorado,017,186661,1282,1202,9,1211,4
2020-10-05,Fresno,019,978130,31599,29136,396,29532,408
2020-10-05,Glenn,021,27897,624,603,0,603,3
2020-10-05,Humboldt,023,135768,522,506,1,507,6
2020-10-05,Imperial,025,180216,12140,11169,9,11178,327
2020-10-05,Inyo,027,18085,202,197,4,201,14
2020-10-05,Kern,029,883053,32678,31933,353,32286,404
2020-10-05,Kings,031,150075,8144,7932,42,7974,80
2020-10-05,Lake,033,64148,641,592,0,592,10
2020-10-05,Lassen,035,31185,756,743,2,745,0
2020-10-05,Los Angeles,037,10098052,278955,273200,2115,275315,6632
2020-10-05,Madera,039,155013,4750,4598,30,4628,50
2020-10-05,Marin,041,260295,6892,6751,18,6769,91
2020-10-05,Mariposa,043,17540,77,75,0,75,2
2020-10-05,Mendocino,045,87422,966,913,4,917,19
2020-10-05,Merced,047,269075,9129,9021,23,9044,143
2020-10-05,Modoc,049,8938,29,26,0,26,0
2020-10-05,Mono,051,14174,173,152,3,155,1
2020-10-05,Monterey,053,433212,10453,10187,42,10229,72
2020-10-05,Napa,055,140530,1817,1760,8,1768,11
2020-10-05,Nevada,057,99092,567,550,17,567,6
2020-10-05,Orange,059,3164182,56820,54103,1556,55659,1271
2020-10-05,Placer,061,380077,3826,3670,13,3683,46
2020-10-05,Plumas,063,18699,51,49,0,49,0
2020-10-05,Riverside,065,2383286,62049,60454,222,60676,1232
2020-10-05,Sacramento,067,1510023,23643,23207,27,23234,438
2020-10-05,San Benito,069,59416,1364,1356,0,1356,12
2020-10-05,San Bernardino,071,2135413,57457,55100,359,55459,1031
2020-10-05,San Diego,073,3302833,50657,48662,1146,49808,803
2020-10-05,San Francisco,075,870044,11614,11476,34,11510,110
2020-10-05,San Joaquin,077,732212,20784,20319,74,20393,476
2020-10-05,San Luis Obispo,079,281455,3977,3710,17,3727,32
2020-10-05,San Mateo,081,765935,10628,9896,11,9907,128
2020-10-05,Santa Barbara,083,443738,9434,9309,80,9389,116
2020-10-05,Santa Clara,085,1922200,23176,21861,48,21909,319
2020-10-05,Santa Cruz,087,273765,2597,2492,32,2524,9
2020-10-05,Shasta,089,179085,1615,1158,16,1174,18
2020-10-05,Sierra,091,2930,6,6,0,6,0
2020-10-05,Siskiyou,093,43540,168,153,10,163,0
2020-10-05,Solano,095,438530,6688,6475,39,6514,52
2020-10-05,Sonoma,097,501317,8341,7817,22,7839,130
2020-10-05,Stanislaus,099,539301,16941,16730,581,17311,351
2020-10-05,Sutter,101,95872,1739,1719,1,1720,12
2020-10-05,Tehama,103,63373,688,642,2,644,3
2020-10-05,Trinity,105,12862,62,22,8,30,0
2020-10-05,Tulare,107,460477,16995,16343,182,16525,278
2020-10-05,Tuolumne,109,53932,242,226,5,231,2
2020-10-05,Ventura,111,848112,13949,13224,242,13466,149
2020-10-05,Yolo,113,214977,2948,2889,7,2896,56
2020-10-05,Yuba,115,75493,1134,1108,3,1111,9
2020-10-04,Alameda,001,1643700,22115,21597,192,21789,383
2020-10-04,Alpine,003,1148,3,2,0,2,0
2020-10-04,Amador,005,37829,302,297,0,297,16
2020-10-04,Butte,007,227075,3014,2903,31,2934,46
2020-10-04,Calaveras,009,45235,315,259,0,259,11
2020-10-04,Colusa,011,21464,537,537,0,537,6
2020-10-04,Contra Costa,013,1133247,17721,17192,86,17278,214
2020-10-04,Del Norte,015,27424,157,142,0,142,2
2020-10-04,El Dorado,017,186661,1278,1196,9,1205,4
2020-10-04,Fresno,019,978130,31476,29065,396,29461,408
2020-10-04,Glenn,021,27897,622,601,0,601,3
2020-10-04,Humboldt,023,135768,521,506,1,507,6
2020-10-04,Imperial,025,180216,12101,11127,9,11136,327
2020-10-04,Inyo,027,18085,199,195,4,199,14
2020-10-04,Kern,029,883053,32603,31906,350,32256,404
2020-10-04,Kings,031,150075,8129,7919,42,7961,80
2020-10-04,Lake,033,64148,627,589,0,589,10
2020-10-04,Lassen,035,31185,756,743,2,745,0
2020-10-04,Los Angeles,037,10098052,277568,272822,2067,274889,6625
2020-10-04,Madera,039,155013,4734,4587,30,4617,50
2020-10-04,Marin,041,260295,6872,6741,18,6759,91
2020-10-04,Mariposa,043,17540,77,75,0,75,2
2020-10-04,Mendocino,045,87422,953,905,4,909,18
2020-10-04,Merced,047,269075,9104,9006,23,9029,140
2020-10-04,Modoc,049,8938,29,26,0,26,0
2020-10-04,Mono,051,14174,172,152,2,154,1
2020-10-04,Monterey,053,433212,10412,10141,41,10182,72
2020-10-04,Napa,055,140530,1805,1759,8,1767,11
2020-10-04,Nevada,057,99092,563,547,16,563,6
2020-10-04,Orange,059,3164182,56584,53966,1547,55513,1270
2020-10-04,Placer,061,380077,3805,3664,13,3677,46
2020-10-04,Plumas,063,18699,51,49,0,49,0
2020-10-04,Riverside,065,2383286,61763,60251,218,60469,1226
2020-10-04,Sacramento,067,1510023,23527,23162,27,23189,438
2020-10-04,San Benito,069,59416,1364,1355,0,1355,12
2020-10-04,San Bernardino,071,2135413,57008,55100,357,55457,1031
2020-10-04,San Diego,073,3302833,50290,48438,1121,49559,803
2020-10-04,San Francisco,075,870044,11582,11474,32,11506,110
2020-10-04,San Joaquin,077,732212,20707,20320,68,20388,476
2020-10-04,San Luis Obispo,079,281455,3952,3688,17,3705,31
2020-10-04,San Mateo,081,765935,10568,9858,11,9869,128
2020-10-04,Santa Barbara,083,443738,9408,9276,78,9354,116
2020-10-04,Santa Clara,085,1922200,23039,21780,48,21828,316
2020-10-04,Santa Cruz,087,273765,2581,2483,32,2515,9
2020-10-04,Shasta,089,179085,1517,1158,15,1173,18
2020-10-04,Sierra,091,2930,6,6,0,6,0
2020-10-04,Siskiyou,093,43540,168,153,10,163,0
2020-10-04,Solano,095,438530,6637,6445,39,6484,52
2020-10-04,Sonoma,097,501317,8253,7794,22,7816,129
2020-10-04,Stanislaus,099,539301,16891,16711,572,17283,351
2020-10-04,Sutter,101,95872,1736,1711,1,1712,11
2020-10-04,Tehama,103,63373,673,637,2,639,3
2020-10-04,Trinity,105,12862,61,21,8,29,0
2020-10-04,Tulare,107,460477,16918,16343,171,16514,278
2020-10-04,Tuolumne,109,53932,240,226,5,231,2
2020-10-04,Ventura,111,848112,13867,13197,225,13422,149
2020-10-04,Yolo,113,214977,2937,2875,7,2882,56
2020-10-04,Yuba,115,75493,1130,1103,3,1106,9
2020-10-03,Alameda,001,1643700,22069,21510,191,21701,386
2020-10-03,Alpine,003,1148,3,2,0,2,0
2020-10-03,Amador,005,37829,301,296,0,296,16
2020-10-03,Butte,007,227075,3008,2894,31,2925,46
2020-10-03,Calaveras,009,45235,315,259,0,259,11
2020-10-03,Colusa,011,21464,536,537,0,537,6
2020-10-03,Contra Costa,013,1133247,17671,17087,84,17171,213
2020-10-03,Del Norte,015,27424,153,142,0,142,2
2020-10-03,El Dorado,017,186661,1271,1188,9,1197,4
2020-10-03,Fresno,019,978130,31416,28975,395,29370,408
2020-10-03,Glenn,021,27897,620,601,0,601,3
2020-10-03,Humboldt,023,135768,520,504,1,505,6
2020-10-03,Imperial,025,180216,12078,11090,9,11099,327
2020-10-03,Inyo,027,18085,199,194,4,198,14
2020-10-03,Kern,029,883053,32553,31864,346,32210,403
2020-10-03,Kings,031,150075,8125,7887,42,7929,80
2020-10-03,Lake,033,64148,617,588,0,588,10
2020-10-03,Lassen,035,31185,756,743,2,745,0
2020-10-03,Los Angeles,037,10098052,276861,271869,2038,273907,6620
2020-10-03,Madera,039,155013,4717,4565,30,4595,50
2020-10-03,Marin,041,260295,6866,6728,18,6746,91
2020-10-03,Mariposa,043,17540,77,75,0,75,2
2020-10-03,Mendocino,045,87422,951,898,4,902,18
2020-10-03,Merced,047,269075,9091,8986,23,9009,139
2020-10-03,Modoc,049,8938,29,26,0,26,0
2020-10-03,Mono,051,14174,171,152,2,154,1
2020-10-03,Monterey,053,433212,10378,10092,38,10130,72
2020-10-03,Napa,055,140530,1801,1752,8,1760,11
2020-10-03,Nevada,057,99092,562,544,16,560,6
2020-10-03,Orange,059,3164182,56467,53573,1542,55115,1268
2020-10-03,Placer,061,380077,3794,3648,13,3661,47
2020-10-03,Plumas,063,18699,51,48,0,48,0
2020-10-03,Riverside,065,2383286,61611,59991,216,60207,1226
2020-10-03,Sacramento,067,1510023,23476,23076,27,23103,437
2020-10-03,San Benito,069,59416,1364,1351,0,1351,12
2020-10-03,San Bernardino,071,2135413,56835,55004,354,55358,1031
2020-10-03,San Diego,073,3302833,50059,48202,1104,49306,798
2020-10-03,San Francisco,075,870044,11557,11475,30,11505,110
2020-10-03,San Joaquin,077,732212,20681,20322,68,20390,476
2020-10-03,San Luis Obispo,079,281455,3928,3670,17,3687,31
2020-10-03,San Mateo,081,765935,10541,9822,10,9832,128
2020-10-03,Santa Barbara,083,443738,9395,9256,78,9334,116
2020-10-03,Santa Clara,085,1922200,22959,21672,48,21720,309
2020-10-03,Santa Cruz,087,273765,2573,2476,32,2508,9
2020-10-03,Shasta,089,179085,1489,1117,14,1131,18
2020-10-03,Sierra,091,2930,6,6,0,6,0
2020-10-03,Siskiyou,093,43540,168,152,10,162,0
2020-10-03,Solano,095,438530,6611,6419,39,6458,52
2020-10-03,Sonoma,097,501317,8211,7747,22,7769,129
2020-10-03,Stanislaus,099,539301,16858,16645,568,17213,351
2020-10-03,Sutter,101,95872,1732,1705,1,1706,11
2020-10-03,Tehama,103,63373,667,630,2,632,3
2020-10-03,Trinity,105,12862,61,15,8,23,0
2020-10-03,Tulare,107,460477,16874,16322,167,16489,278
2020-10-03,Tuolumne,109,53932,239,224,5,229,2
2020-10-03,Ventura,111,848112,13829,13150,221,13371,148
2020-10-03,Yolo,113,214977,2930,2863,7,2870,56
2020-10-03,Yuba,115,75493,1122,1097,3,1100,8
2020-10-02,Alameda,001,1643700,22014,21404,190,21594,382
2020-10-02,Alpine,003,1148,3,2,0,2,0
2020-10-02,Amador,005,37829,300,296,0,296,16
2020-10-02,Butte,007,227075,2998,2879,31,2910,46
2020-10-02,Calaveras,009,45235,314,259,0,259,11
2020-10-02,Colusa,011,21464,535,537,0,537,6
2020-10-02,Contra Costa,013,1133247,17628,17002,83,17085,213
2020-10-02,Del Norte,015,27424,152,141,0,141,2
2020-10-02,El Dorado,017,186661,1264,1168,9,1177,4
2020-10-02,Fresno,019,978130,31333,28855,395,29250,403
2020-10-02,Glenn,021,27897,615,594,0,594,3
2020-10-02,Humboldt,023,135768,519,503,1,504,6
2020-10-02,Imperial,025,180216,12056,11024,9,11033,327
2020-10-02,Inyo,027,18085,197,191,4,195,14
2020-10-02,Kern,029,883053,32501,31790,339,32129,399
2020-10-02,Kings,031,150075,8116,7716,42,7758,79
2020-10-02,Lake,033,64148,611,579,0,579,10
2020-10-02,Lassen,035,31185,756,742,2,744,0
2020-10-02,Los Angeles,037,10098052,275960,270935,2012,272947,6602
2020-10-02,Madera,039,155013,4709,4537,30,4567,49
2020-10-02,Marin,041,260295,6849,6717,18,6735,91
2020-10-02,Mariposa,043,17540,77,75,0,75,2
2020-10-02,Mendocino,045,87422,946,883,4,887,18
2020-10-02,Merced,047,269075,9081,8961,23,8984,139
2020-10-02,Modoc,049,8938,29,26,0,26,0
2020-10-02,Mono,051,14174,171,150,2,152,1
2020-10-02,Monterey,053,433212,10344,9997,38,10035,71
2020-10-02,Napa,055,140530,1795,1737,8,1745,11
2020-10-02,Nevada,057,99092,559,543,16,559,6
2020-10-02,Orange,059,3164182,56336,53299,1535,54834,1262
2020-10-02,Placer,061,380077,3774,3612,13,3625,46
2020-10-02,Plumas,063,18699,51,48,0,48,0
2020-10-02,Riverside,065,2383286,61390,59673,213,59886,1223
2020-10-02,Sacramento,067,1510023,23411,22818,27,22845,436
2020-10-02,San Benito,069,59416,1360,1347,0,1347,12
2020-10-02,San Bernardino,071,2135413,56648,54613,354,54967,1028
2020-10-02,San Diego,073,3302833,49807,47793,1088,48881,794
2020-10-02,San Francisco,075,870044,11534,11398,30,11428,110
2020-10-02,San Joaquin,077,732212,20647,20235,67,20302,474
2020-10-02,San Luis Obispo,079,281455,3905,3654,17,3671,31
2020-10-02,San Mateo,081,765935,10500,9745,10,9755,128
2020-10-02,Santa Barbara,083,443738,9372,9234,78,9312,116
2020-10-02,Santa Clara,085,1922200,22873,21545,47,21592,305
2020-10-02,Santa Cruz,087,273765,2556,2463,32,2495,9
2020-10-02,Shasta,089,179085,1454,1046,14,1060,18
2020-10-02,Sierra,091,2930,6,6,0,6,0
2020-10-02,Siskiyou,093,43540,168,151,10,161,0
2020-10-02,Solano,095,438530,6581,6385,39,6424,52
2020-10-02,Sonoma,097,501317,8154,7662,22,7684,125
2020-10-02,Stanislaus,099,539301,16817,16609,559,17168,349
2020-10-02,Sutter,101,95872,1731,1693,1,1694,11
2020-10-02,Tehama,103,63373,662,619,2,621,3
2020-10-02,Trinity,105,12862,61,15,8,23,0
2020-10-02,Tulare,107,460477,16833,16245,160,16405,278
2020-10-02,Tuolumne,109,53932,237,225,5,230,2
2020-10-02,Ventura,111,848112,13790,13120,216,13336,146
2020-10-02,Yolo,113,214977,2925,2845,7,2852,55
2020-10-02,Yuba,115,75493,1120,1090,3,1093,8
2020-10-01,Alameda,001,1643700,21953,21349,186,21535,383
2020-10-01,Alpine,003,1148,3,2,0,2,0
2020-10-01,Amador,005,37829,300,294,0,294,16
2020-10-01,Butte,007,227075,2990,2865,31,2896,45
2020-10-01,Calaveras,009,45235,314,257,0,257,11
2020-10-01,Colusa,011,21464,535,536,0,536,6
2020-10-01,Contra Costa,013,1133247,17565,16898,83,16981,211
2020-10-01,Del Norte,015,27424,147,140,0,140,2
2020-10-01,El Dorado,017,186661,1260,1162,8,1170,4
2020-10-01,Fresno,019,978130,31253,28796,393,29189,397
2020-10-01,Glenn,021,27897,611,593,0,593,3
2020-10-01,Humboldt,023,135768,519,499,1,500,6
2020-10-01,Imperial,025,180216,12014,10928,9,10937,325
2020-10-01,Inyo,027,18085,197,191,4,195,14
2020-10-01,Kern,029,883053,32438,31678,334,32012,399
2020-10-01,Kings,031,150075,8105,7688,39,7727,79
2020-10-01,Lake,033,64148,605,572,0,572,11
2020-10-01,Lassen,035,31185,753,742,2,744,0
2020-10-01,Los Angeles,037,10098052,274914,271513,1979,273492,6621
2020-10-01,Madera,039,155013,4686,4508,30,4538,48
2020-10-01,Marin,041,260295,6835,6710,18,6728,92
2020-10-01,Mariposa,043,17540,77,76,0,76,2
2020-10-01,Mendocino,045,87422,941,874,4,878,19
2020-10-01,Merced,047,269075,9053,8942,23,8965,138
2020-10-01,Modoc,049,8938,29,26,0,26,0
2020-10-01,Mono,051,14174,169,150,2,152,1
2020-10-01,Monterey,053,433212,10268,9958,38,9996,71
2020-10-01,Napa,055,140530,1787,1729,8,1737,11
2020-10-01,Nevada,057,99092,558,543,16,559,6
2020-10-01,Orange,059,3164182,56171,53088,1522,54610,1257
2020-10-01,Placer,061,380077,3747,3599,13,3612,45
2020-10-01,Plumas,063,18699,51,48,0,48,0
2020-10-01,Riverside,065,2383286,61138,59293,207,59500,1223
2020-10-01,Sacramento,067,1510023,23299,22714,26,22740,433
2020-10-01,San Benito,069,59416,1358,1346,0,1346,12
2020-10-01,San Bernardino,071,2135413,56354,54350,351,54701,1021
2020-10-01,San Diego,073,3302833,49525,47487,1068,48555,792
2020-10-01,San Francisco,075,870044,11503,11284,28,11312,110
2020-10-01,San Joaquin,077,732212,20601,20204,64,20268,471
2020-10-01,San Luis Obispo,079,281455,3878,3625,17,3642,31
2020-10-01,San Mateo,081,765935,10455,9681,10,9691,128
2020-10-01,Santa Barbara,083,443738,9332,9215,78,9293,118
2020-10-01,Santa Clara,085,1922200,22772,21398,47,21445,305
2020-10-01,Santa Cruz,087,273765,2541,2418,32,2450,10
2020-10-01,Shasta,089,179085,1403,991,14,1005,18
2020-10-01,Sierra,091,2930,6,6,0,6,0
2020-10-01,Siskiyou,093,43540,165,150,10,160,0
2020-10-01,Solano,095,438530,6543,6352,39,6391,52
2020-10-01,Sonoma,097,501317,8087,7569,22,7591,125
2020-10-01,Stanislaus,099,539301,16784,16555,553,17108,346
2020-10-01,Sutter,101,95872,1726,1684,1,1685,11
2020-10-01,Tehama,103,63373,652,606,2,608,3
2020-10-01,Trinity,105,12862,61,15,8,23,0
2020-10-01,Tulare,107,460477,16758,16182,157,16339,275
2020-10-01,Tuolumne,109,53932,237,223,5,228,2
2020-10-01,Ventura,111,848112,13738,13057,203,13260,146
2020-10-01,Yolo,113,214977,2907,2833,7,2840,55
2020-10-01,Yuba,115,75493,1116,1082,3,1085,8
2020-09-30,Alameda,001,1643700,21875,21271,183,21454,380
2020-09-30,Alpine,003,1148,3,2,0,2,0
2020-09-30,Amador,005,37829,300,294,0,294,16
2020-09-30,Butte,007,227075,2982,2858,31,2889,44
2020-09-30,Calaveras,009,45235,313,258,0,258,11
2020-09-30,Colusa,011,21464,534,534,0,534,6
2020-09-30,Contra Costa,013,1133247,17497,16819,83,16902,211
2020-09-30,Del Norte,015,27424,146,140,0,140,2
2020-09-30,El Dorado,017,186661,1248,1157,8,1165,4
2020-09-30,Fresno,019,978130,31162,28706,390,29096,395
2020-09-30,Glenn,021,27897,606,592,0,592,3
2020-09-30,Humboldt,023,135768,517,497,1,498,6
2020-09-30,Imperial,025,180216,11989,10868,9,10877,287
2020-09-30,Inyo,027,18085,196,189,4,193,14
2020-09-30,Kern,029,883053,32362,31601,333,31934,398
2020-09-30,Kings,031,150075,8077,7685,39,7724,79
2020-09-30,Lake,033,64148,599,567,0,567,10
2020-09-30,Lassen,035,31185,750,742,2,744,0
2020-09-30,Los Angeles,037,10098052,273692,270260,1946,272206,6568
2020-09-30,Madera,039,155013,4677,4477,30,4507,47
2020-09-30,Marin,041,260295,6811,6700,17,6717,91
2020-09-30,Mariposa,043,17540,77,76,0,76,2
2020-09-30,Mendocino,045,87422,935,867,4,871,17
2020-09-30,Merced,047,269075,9033,8926,23,8949,136
2020-09-30,Modoc,049,8938,29,26,0,26,0
2020-09-30,Mono,051,14174,169,150,2,152,1
2020-09-30,Monterey,053,433212,10218,9898,37,9935,70
2020-09-30,Napa,055,140530,1773,1728,8,1736,11
2020-09-30,Nevada,057,99092,556,540,16,556,6
2020-09-30,Orange,059,3164182,55980,52916,1507,54423,1251
2020-09-30,Placer,061,380077,3726,3585,13,3598,43
2020-09-30,Plumas,063,18699,51,48,0,48,0
2020-09-30,Riverside,065,2383286,60783,59074,203,59277,1220
2020-09-30,Sacramento,067,1510023,23195,22613,26,22639,429
2020-09-30,San Benito,069,59416,1355,1342,0,1342,12
2020-09-30,San Bernardino,071,2135413,56077,53988,350,54338,1018
2020-09-30,San Diego,073,3302833,49221,47182,1047,48229,783
2020-09-30,San Francisco,075,870044,11473,11247,28,11275,106
2020-09-30,San Joaquin,077,732212,20519,20150,62,20212,461
2020-09-30,San Luis Obispo,079,281455,3853,3597,17,3614,31
2020-09-30,San Mateo,081,765935,10413,9634,10,9644,128
2020-09-30,Santa Barbara,083,443738,9306,9186,78,9264,115
2020-09-30,Santa Clara,085,1922200,22667,21318,47,21365,302
2020-09-30,Santa Cruz,087,273765,2528,2405,32,2437,10
2020-09-30,Shasta,089,179085,1347,976,13,989,17
2020-09-30,Sierra,091,2930,6,6,0,6,0
2020-09-30,Siskiyou,093,43540,163,150,10,160,0
2020-09-30,Solano,095,438530,6501,6315,39,6354,51
2020-09-30,Sonoma,097,501317,7998,7494,22,7516,125
2020-09-30,Stanislaus,099,539301,16737,16531,547,17078,343
2020-09-30,Sutter,101,95872,1710,1680,1,1681,10
2020-09-30,Tehama,103,63373,646,594,2,596,3
2020-09-30,Trinity,105,12862,58,15,8,23,0
2020-09-30,Tulare,107,460477,16691,16117,150,16267,274
2020-09-30,Tuolumne,109,53932,235,224,5,229,2
2020-09-30,Ventura,111,848112,13703,12968,187,13155,145
2020-09-30,Yolo,113,214977,2894,2822,7,2829,55
2020-09-30,Yuba,115,75493,1113,1075,3,1078,8
2020-09-29,Alameda,001,1643700,21800,21241,180,21421,374
2020-09-29,Alpine,003,1148,3,2,0,2,0
2020-09-29,Amador,005,37829,298,294,0,294,16
2020-09-29,Butte,007,227075,2968,2848,31,2879,44
2020-09-29,Calaveras,009,45235,311,261,0,261,11
2020-09-29,Colusa,011,21464,534,534,0,534,6
2020-09-29,Contra Costa,013,1133247,17441,16716,81,16797,209
2020-09-29,Del Norte,015,27424,142,142,0,142,2
2020-09-29,El Dorado,017,186661,1239,1151,8,1159,4
2020-09-29,Fresno,019,978130,31066,28621,389,29010,394
2020-09-29,Glenn,021,27897,602,589,0,589,3
2020-09-29,Humboldt,023,135768,515,497,1,498,6
2020-09-29,Imperial,025,180216,11954,10811,9,10820,283
2020-09-29,Inyo,027,18085,195,188,4,192,14
2020-09-29,Kern,029,883053,32306,31534,332,31866,397
2020-09-29,Kings,031,150075,8021,7681,39,7720,78
2020-09-29,Lake,033,64148,597,566,0,566,11
2020-09-29,Lassen,035,31185,750,741,2,743,0
2020-09-29,Los Angeles,037,10098052,272477,269246,1918,271164,6545
2020-09-29,Madera,039,155013,4654,4453,30,4483,47
2020-09-29,Marin,041,260295,6790,6692,17,6709,91
2020-09-29,Mariposa,043,17540,77,74,0,74,2
2020-09-29,Mendocino,045,87422,925,854,4,858,17
2020-09-29,Merced,047,269075,9020,8892,21,8913,136
2020-09-29,Modoc,049,8938,29,26,0,26,0
2020-09-29,Mono,051,14174,169,149,2,151,1
2020-09-29,Monterey,053,433212,10163,9826,35,9861,70
2020-09-29,Napa,055,140530,1770,1727,8,1735,11
2020-09-29,Nevada,057,99092,551,539,16,555,6
2020-09-29,Orange,059,3164182,55793,52755,1496,54251,1231
2020-09-29,Placer,061,380077,3704,3570,13,3583,42
2020-09-29,Plumas,063,18699,51,48,0,48,0
2020-09-29,Riverside,065,2383286,60453,58863,196,59059,1208
2020-09-29,Sacramento,067,1510023,23074,22547,26,22573,425
2020-09-29,San Benito,069,59416,1350,1341,0,1341,12
2020-09-29,San Bernardino,071,2135413,55767,53753,349,54102,1012
2020-09-29,San Diego,073,3302833,48944,46987,1024,48011,781
2020-09-29,San Francisco,075,870044,11437,11142,28,11170,104
2020-09-29,San Joaquin,077,732212,20452,20094,60,20154,454
2020-09-29,San Luis Obispo,079,281455,3831,3581,17,3598,31
2020-09-29,San Mateo,081,765935,10366,9619,10,9629,127
2020-09-29,Santa Barbara,083,443738,9286,9149,77,9226,114
2020-09-29,Santa Clara,085,1922200,22531,21233,46,21279,302
2020-09-29,Santa Cruz,087,273765,2513,2383,31,2414,10
2020-09-29,Shasta,089,179085,1286,943,13,956,17
2020-09-29,Sierra,091,2930,6,6,0,6,0
2020-09-29,Siskiyou,093,43540,157,150,10,160,0
2020-09-29,Solano,095,438530,6467,6303,39,6342,51
2020-09-29,Sonoma,097,501317,7926,7426,22,7448,125
2020-09-29,Stanislaus,099,539301,16707,16505,541,17046,341
2020-09-29,Sutter,101,95872,1704,1677,1,1678,10
2020-09-29,Tehama,103,63373,628,585,2,587,2
2020-09-29,Trinity,105,12862,56,16,8,24,0
2020-09-29,Tulare,107,460477,16626,16055,143,16198,270
2020-09-29,Tuolumne,109,53932,235,224,5,229,2
2020-09-29,Ventura,111,848112,13646,12875,184,13059,145
2020-09-29,Yolo,113,214977,2881,2818,7,2825,55
2020-09-29,Yuba,115,75493,1111,1071,3,1074,8
2020-09-28,Alameda,001,1643700,21713,21133,180,21313,370
2020-09-28,Alpine,003,1148,3,2,0,2,0
2020-09-28,Amador,005,37829,296,294,0,294,16
2020-09-28,Butte,007,227075,2953,2837,31,2868,44
2020-09-28,Calaveras,009,45235,311,257,0,257,11
2020-09-28,Colusa,011,21464,533,531,0,531,6
2020-09-28,Contra Costa,013,1133247,17378,16653,81,16734,195
2020-09-28,Del Norte,015,27424,142,138,0,138,2
2020-09-28,El Dorado,017,186661,1232,1144,8,1152,4
2020-09-28,Fresno,019,978130,30985,28517,383,28900,389
2020-09-28,Glenn,021,27897,600,585,0,585,3
2020-09-28,Humboldt,023,135768,509,495,1,496,6
2020-09-28,Imperial,025,180216,11919,10777,9,10786,283
2020-09-28,Inyo,027,18085,194,188,4,192,14
2020-09-28,Kern,029,883053,32241,31481,328,31809,395
2020-09-28,Kings,031,150075,7880,7661,37,7698,78
2020-09-28,Lake,033,64148,593,559,0,559,10
2020-09-28,Lassen,035,31185,749,737,2,739,0
2020-09-28,Los Angeles,037,10098052,271370,268404,1888,270292,6508
2020-09-28,Madera,039,155013,4633,4438,30,4468,47
2020-09-28,Marin,041,260295,6774,6676,17,6693,91
2020-09-28,Mariposa,043,17540,77,74,0,74,2
2020-09-28,Mendocino,045,87422,910,850,4,854,17
2020-09-28,Merced,047,269075,8992,8869,21,8890,136
2020-09-28,Modoc,049,8938,29,26,0,26,0
2020-09-28,Mono,051,14174,169,148,2,150,1
2020-09-28,Monterey,053,433212,10098,9780,33,9813,69
2020-09-28,Napa,055,140530,1758,1705,8,1713,11
2020-09-28,Nevada,057,99092,543,538,16,554,6
2020-09-28,Orange,059,3164182,55587,52633,1487,54120,1196
2020-09-28,Placer,061,380077,3683,3572,13,3585,42
2020-09-28,Plumas,063,18699,50,48,0,48,0
2020-09-28,Riverside,065,2383286,60155,58570,187,58757,1198
2020-09-28,Sacramento,067,1510023,22927,22392,26,22418,423
2020-09-28,San Benito,069,59416,1347,1336,0,1336,11
2020-09-28,San Bernardino,071,2135413,55419,53501,349,53850,988
2020-09-28,San Diego,073,3302833,48626,46736,1004,47740,776
2020-09-28,San Francisco,075,870044,11403,11114,28,11142,100
2020-09-28,San Joaquin,077,732212,20404,19982,59,20041,448
2020-09-28,San Luis Obispo,079,281455,3810,3567,17,3584,31
2020-09-28,San Mateo,081,765935,10316,9582,10,9592,127
2020-09-28,Santa Barbara,083,443738,9268,9121,77,9198,114
2020-09-28,Santa Clara,085,1922200,22414,21180,46,21226,271
2020-09-28,Santa Cruz,087,273765,2503,2359,31,2390,9
2020-09-28,Shasta,089,179085,1232,883,10,893,17
2020-09-28,Sierra,091,2930,6,6,0,6,0
2020-09-28,Siskiyou,093,43540,157,149,10,159,0
2020-09-28,Solano,095,438530,6430,6254,39,6293,51
2020-09-28,Sonoma,097,501317,7850,7369,22,7391,125
2020-09-28,Stanislaus,099,539301,16668,16467,534,17001,336
2020-09-28,Sutter,101,95872,1697,1676,1,1677,10
2020-09-28,Tehama,103,63373,620,579,2,581,2
2020-09-28,Trinity,105,12862,56,16,8,24,0
2020-09-28,Tulare,107,460477,16573,15918,138,16056,270
2020-09-28,Tuolumne,109,53932,235,225,5,230,2
2020-09-28,Ventura,111,848112,13568,12812,178,12990,139
2020-09-28,Yolo,113,214977,2864,2809,7,2816,55
2020-09-28,Yuba,115,75493,1108,1062,3,1065,7
2020-09-27,Alameda,001,1643700,21631,21077,176,21253,370
2020-09-27,Alpine,003,1148,3,2,0,2,0
2020-09-27,Amador,005,37829,296,291,0,291,16
2020-09-27,Butte,007,227075,2942,2833,31,2864,44
2020-09-27,Calaveras,009,45235,310,257,0,257,11
2020-09-27,Colusa,011,21464,532,531,0,531,6
2020-09-27,Contra Costa,013,1133247,17277,16596,80,16676,195
2020-09-27,Del Norte,015,27424,142,138,0,138,2
2020-09-27,El Dorado,017,186661,1217,1130,8,1138,4
2020-09-27,Fresno,019,978130,30880,28441,383,28824,389
2020-09-27,Glenn,021,27897,596,576,0,576,3
2020-09-27,Humboldt,023,135768,507,492,1,493,6
2020-09-27,Imperial,025,180216,11885,10743,9,10752,283
2020-09-27,Inyo,027,18085,192,188,4,192,14
2020-09-27,Kern,029,883053,32122,31462,325,31787,395
2020-09-27,Kings,031,150075,7860,7641,37,7678,78
2020-09-27,Lake,033,64148,589,555,0,555,10
2020-09-27,Lassen,035,31185,749,737,2,739,0
2020-09-27,Los Angeles,037,10098052,270190,267754,1868,269622,6507
2020-09-27,Madera,039,155013,4604,4416,30,4446,47
2020-09-27,Marin,041,260295,6764,6663,17,6680,91
2020-09-27,Mariposa,043,17540,77,74,0,74,2
2020-09-27,Mendocino,045,87422,904,846,4,850,17
2020-09-27,Merced,047,269075,8957,8853,21,8874,136
2020-09-27,Modoc,049,8938,29,26,0,26,0
2020-09-27,Mono,051,14174,169,148,2,150,1
2020-09-27,Monterey,053,433212,10038,9724,32,9756,69
2020-09-27,Napa,055,140530,1753,1690,8,1698,11
2020-09-27,Nevada,057,99092,542,537,16,553,6
2020-09-27,Orange,059,3164182,55312,52458,1478,53936,1195
2020-09-27,Placer,061,380077,3670,3562,13,3575,42
2020-09-27,Plumas,063,18699,50,48,0,48,0
2020-09-27,Riverside,065,2383286,59859,58509,179,58688,1191
2020-09-27,Sacramento,067,1510023,22829,22356,26,22382,422
2020-09-27,San Benito,069,59416,1347,1331,0,1331,11
2020-09-27,San Bernardino,071,2135413,54983,53127,349,53476,988
2020-09-27,San Diego,073,3302833,48282,46612,987,47599,776
2020-09-27,San Francisco,075,870044,11351,11114,28,11142,100
2020-09-27,San Joaquin,077,732212,20345,19981,59,20040,448
2020-09-27,San Luis Obispo,079,281455,3790,3562,17,3579,31
2020-09-27,San Mateo,081,765935,10248,9566,10,9576,127
2020-09-27,Santa Barbara,083,443738,9247,9090,76,9166,114
2020-09-27,Santa Clara,085,1922200,22305,21091,46,21137,271
2020-09-27,Santa Cruz,087,273765,2481,2359,31,2390,9
2020-09-27,Shasta,089,179085,1189,883,9,892,17
2020-09-27,Sierra,091,2930,6,6,0,6,0
2020-09-27,Siskiyou,093,43540,156,149,10,159,0
2020-09-27,Solano,095,438530,6395,6211,39,6250,51
2020-09-27,Sonoma,097,501317,7769,7336,22,7358,124
2020-09-27,Stanislaus,099,539301,16617,16448,528,16976,336
2020-09-27,Sutter,101,95872,1690,1672,1,1673,10
2020-09-27,Tehama,103,63373,603,573,2,575,2
2020-09-27,Trinity,105,12862,56,16,8,24,0
2020-09-27,Tulare,107,460477,16495,15918,129,16047,270
2020-09-27,Tuolumne,109,53932,234,224,5,229,2
2020-09-27,Ventura,111,848112,13479,12775,169,12944,139
2020-09-27,Yolo,113,214977,2850,2796,7,2803,55
2020-09-27,Yuba,115,75493,1098,1059,3,1062,7
2020-09-26,Alameda,001,1643700,21573,21019,175,21194,370
2020-09-26,Alpine,003,1148,3,2,0,2,0
2020-09-26,Amador,005,37829,295,291,0,291,16
2020-09-26,Butte,007,227075,2934,2827,31,2858,44
2020-09-26,Calaveras,009,45235,310,257,0,257,11
2020-09-26,Colusa,011,21464,532,529,0,529,6
2020-09-26,Contra Costa,013,1133247,17233,16508,80,16588,194
2020-09-26,Del Norte,015,27424,142,138,0,138,2
2020-09-26,El Dorado,017,186661,1212,1127,8,1135,4
2020-09-26,Fresno,019,978130,30813,28336,383,28719,389
2020-09-26,Glenn,021,27897,596,576,0,576,3
2020-09-26,Humboldt,023,135768,507,491,1,492,6
2020-09-26,Imperial,025,180216,11868,10721,9,10730,283
2020-09-26,Inyo,027,18085,191,187,4,191,14
2020-09-26,Kern,029,883053,32071,31410,325,31735,394
2020-09-26,Kings,031,150075,7848,7537,37,7574,78
2020-09-26,Lake,033,64148,586,549,0,549,10
2020-09-26,Lassen,035,31185,749,737,2,739,0
2020-09-26,Los Angeles,037,10098052,269558,266931,1854,268785,6497
2020-09-26,Madera,039,155013,4588,4410,30,4440,47
2020-09-26,Marin,041,260295,6751,6641,17,6658,91
2020-09-26,Mariposa,043,17540,76,74,0,74,2
2020-09-26,Mendocino,045,87422,899,836,4,840,17
2020-09-26,Merced,047,269075,8945,8841,20,8861,136
2020-09-26,Modoc,049,8938,29,26,0,26,0
2020-09-26,Mono,051,14174,169,148,2,150,1
2020-09-26,Monterey,053,433212,10011,9651,32,9683,68
2020-09-26,Napa,055,140530,1751,1681,8,1689,11
2020-09-26,Nevada,057,99092,542,534,16,550,6
2020-09-26,Orange,059,3164182,55173,52203,1472,53675,1194
2020-09-26,Placer,061,380077,3657,3551,13,3564,42
2020-09-26,Plumas,063,18699,49,48,0,48,0
2020-09-26,Riverside,065,2383286,59724,58076,177,58253,1190
2020-09-26,Sacramento,067,1510023,22771,22269,26,22295,421
2020-09-26,San Benito,069,59416,1345,1325,0,1325,11
2020-09-26,San Bernardino,071,2135413,54850,53122,349,53471,988
2020-09-26,San Diego,073,3302833,48077,46333,973,47306,775
2020-09-26,San Francisco,075,870044,11322,11113,28,11141,100
2020-09-26,San Joaquin,077,732212,20309,19982,57,20039,449
2020-09-26,San Luis Obispo,079,281455,3774,3546,17,3563,31
2020-09-26,San Mateo,081,765935,10214,9509,10,9519,127
2020-09-26,Santa Barbara,083,443738,9236,9061,76,9137,114
2020-09-26,Santa Clara,085,1922200,22234,20967,45,21012,270
2020-09-26,Santa Cruz,087,273765,2473,2336,31,2367,9
2020-09-26,Shasta,089,179085,1139,856,8,864,17
2020-09-26,Sierra,091,2930,6,6,0,6,0
2020-09-26,Siskiyou,093,43540,155,149,10,159,0
2020-09-26,Solano,095,438530,6376,6209,39,6248,51
2020-09-26,Sonoma,097,501317,7744,7285,21,7306,124
2020-09-26,Stanislaus,099,539301,16592,16421,520,16941,336
2020-09-26,Sutter,101,95872,1685,1662,1,1663,10
2020-09-26,Tehama,103,63373,591,560,2,562,2
2020-09-26,Trinity,105,12862,54,16,8,24,0
2020-09-26,Tulare,107,460477,16470,15881,127,16008,270
2020-09-26,Tuolumne,109,53932,234,223,5,228,2
2020-09-26,Ventura,111,848112,13444,12729,168,12897,137
2020-09-26,Yolo,113,214977,2848,2789,7,2796,55
2020-09-26,Yuba,115,75493,1094,1056,3,1059,7
2020-09-25,Alameda,001,1643700,21519,20911,175,21086,367
2020-09-25,Alpine,003,1148,3,2,0,2,0
2020-09-25,Amador,005,37829,295,289,0,289,16
2020-09-25,Butte,007,227075,2929,2819,31,2850,43
2020-09-25,Calaveras,009,45235,310,257,0,257,11
2020-09-25,Colusa,011,21464,532,528,0,528,6
2020-09-25,Contra Costa,013,1133247,17175,16401,80,16481,194
2020-09-25,Del Norte,015,27424,142,138,0,138,2
2020-09-25,El Dorado,017,186661,1208,1104,8,1112,4
2020-09-25,Fresno,019,978130,30753,28199,382,28581,385
2020-09-25,Glenn,021,27897,594,570,0,570,3
2020-09-25,Humboldt,023,135768,506,489,1,490,5
2020-09-25,Imperial,025,180216,11850,10681,9,10690,283
2020-09-25,Inyo,027,18085,189,187,4,191,14
2020-09-25,Kern,029,883053,32018,31333,323,31656,393
2020-09-25,Kings,031,150075,7843,7450,37,7487,77
2020-09-25,Lake,033,64148,585,539,0,539,9
2020-09-25,Lassen,035,31185,749,737,2,739,0
2020-09-25,Los Angeles,037,10098052,268764,265713,1842,267555,6483
2020-09-25,Madera,039,155013,4569,4369,30,4399,48
2020-09-25,Marin,041,260295,6748,6622,17,6639,90
2020-09-25,Mariposa,043,17540,76,74,0,74,2
2020-09-25,Mendocino,045,87422,884,819,3,822,17
2020-09-25,Merced,047,269075,8929,8830,20,8850,135
2020-09-25,Modoc,049,8938,29,26,0,26,0
2020-09-25,Mono,051,14174,169,149,2,151,1
2020-09-25,Monterey,053,433212,9959,9581,32,9613,68
2020-09-25,Napa,055,140530,1749,1669,8,1677,11
2020-09-25,Nevada,057,99092,540,529,16,545,6
2020-09-25,Orange,059,3164182,55046,52031,1464,53495,1184
2020-09-25,Placer,061,380077,3646,3527,13,3540,41
2020-09-25,Plumas,063,18699,49,48,0,48,0
2020-09-25,Riverside,065,2383286,59548,57783,172,57955,1183
2020-09-25,Sacramento,067,1510023,22694,22132,26,22158,418
2020-09-25,San Benito,069,59416,1344,1318,0,1318,11
2020-09-25,San Bernardino,071,2135413,54696,52814,349,53163,987
2020-09-25,San Diego,073,3302833,47875,46003,957,46960,775
2020-09-25,San Francisco,075,870044,11288,11066,27,11093,100
2020-09-25,San Joaquin,077,732212,20257,19909,57,19966,449
2020-09-25,San Luis Obispo,079,281455,3762,3512,17,3529,31
2020-09-25,San Mateo,081,765935,10178,9447,10,9457,127
2020-09-25,Santa Barbara,083,443738,9212,9026,76,9102,114
2020-09-25,Santa Clara,085,1922200,22169,20812,44,20856,265
2020-09-25,Santa Cruz,087,273765,2461,2309,30,2339,9
2020-09-25,Shasta,089,179085,1105,806,8,814,16
2020-09-25,Sierra,091,2930,6,6,0,6,0
2020-09-25,Siskiyou,093,43540,155,149,10,159,0
2020-09-25,Solano,095,438530,6360,6179,39,6218,50
2020-09-25,Sonoma,097,501317,7704,7202,21,7223,124
2020-09-25,Stanislaus,099,539301,16574,16381,518,16899,326
2020-09-25,Sutter,101,95872,1682,1655,1,1656,10
2020-09-25,Tehama,103,63373,583,546,2,548,2
2020-09-25,Trinity,105,12862,54,15,8,23,0
2020-09-25,Tulare,107,460477,16430,15815,126,15941,267
2020-09-25,Tuolumne,109,53932,234,223,5,228,2
2020-09-25,Ventura,111,848112,13401,12664,165,12829,137
2020-09-25,Yolo,113,214977,2840,2784,7,2791,55
2020-09-25,Yuba,115,75493,1089,1049,3,1052,5
2020-09-24,Alameda,001,1643700,21444,20838,172,21010,364
2020-09-24,Alpine,003,1148,3,2,0,2,0
2020-09-24,Amador,005,37829,295,288,0,288,16
2020-09-24,Butte,007,227075,2918,2803,31,2834,43
2020-09-24,Calaveras,009,45235,310,258,0,258,11
2020-09-24,Colusa,011,21464,532,523,0,523,6
2020-09-24,Contra Costa,013,1133247,17092,16252,80,16332,192
2020-09-24,Del Norte,015,27424,138,137,0,137,2
2020-09-24,El Dorado,017,186661,1199,1093,8,1101,4
2020-09-24,Fresno,019,978130,30647,28106,378,28484,375
2020-09-24,Glenn,021,27897,590,567,0,567,3
2020-09-24,Humboldt,023,135768,503,482,1,483,5
2020-09-24,Imperial,025,180216,11826,10622,9,10631,283
2020-09-24,Inyo,027,18085,189,187,4,191,13
2020-09-24,Kern,029,883053,31955,31273,321,31594,388
2020-09-24,Kings,031,150075,7827,7428,37,7465,76
2020-09-24,Lake,033,64148,576,531,0,531,9
2020-09-24,Lassen,035,31185,748,737,2,739,0
2020-09-24,Los Angeles,037,10098052,267722,264374,1825,266199,6452
2020-09-24,Madera,039,155013,4550,4344,30,4374,48
2020-09-24,Marin,041,260295,6720,6588,17,6605,85
2020-09-24,Mariposa,043,17540,76,74,0,74,2
2020-09-24,Mendocino,045,87422,880,810,3,813,17
2020-09-24,Merced,047,269075,8900,8813,19,8832,135
2020-09-24,Modoc,049,8938,29,24,0,24,0
2020-09-24,Mono,051,14174,169,149,2,151,1
2020-09-24,Monterey,053,433212,9893,9544,30,9574,67
2020-09-24,Napa,055,140530,1737,1661,8,1669,11
2020-09-24,Nevada,057,99092,539,527,16,543,6
2020-09-24,Orange,059,3164182,54840,51749,1446,53195,1164
2020-09-24,Placer,061,380077,3632,3514,13,3527,41
2020-09-24,Plumas,063,18699,49,48,0,48,0
2020-09-24,Riverside,065,2383286,59283,57491,166,57657,1172
2020-09-24,Sacramento,067,1510023,22566,21985,25,22010,417
2020-09-24,San Benito,069,59416,1342,1308,0,1308,11
2020-09-24,San Bernardino,071,2135413,54359,52455,348,52803,988
2020-09-24,San Diego,073,3302833,47606,45598,942,46540,773
2020-09-24,San Francisco,075,870044,11241,10992,27,11019,99
2020-09-24,San Joaquin,077,732212,20219,19851,55,19906,444
2020-09-24,San Luis Obispo,079,281455,3746,3480,17,3497,31
2020-09-24,San Mateo,081,765935,10130,9376,10,9386,127
2020-09-24,Santa Barbara,083,443738,9159,8988,75,9063,114
2020-09-24,Santa Clara,085,1922200,22081,20689,44,20733,262
2020-09-24,Santa Cruz,087,273765,2441,2300,28,2328,9
2020-09-24,Shasta,089,179085,1068,773,5,778,14
2020-09-24,Sierra,091,2930,6,6,0,6,0
2020-09-24,Siskiyou,093,43540,155,149,10,159,0
2020-09-24,Solano,095,438530,6327,6137,39,6176,49
2020-09-24,Sonoma,097,501317,7623,7163,21,7184,122
2020-09-24,Stanislaus,099,539301,16537,16326,513,16839,326
2020-09-24,Sutter,101,95872,1679,1646,1,1647,10
2020-09-24,Tehama,103,63373,580,540,2,542,2
2020-09-24,Trinity,105,12862,54,15,8,23,0
2020-09-24,Tulare,107,460477,16365,15754,125,15879,267
2020-09-24,Tuolumne,109,53932,234,224,5,229,2
2020-09-24,Ventura,111,848112,13319,12617,164,12781,138
2020-09-24,Yolo,113,214977,2833,2776,7,2783,55
2020-09-24,Yuba,115,75493,1084,1042,3,1045,5
2020-09-23,Alameda,001,1643700,21375,20718,170,20888,361
2020-09-23,Alpine,003,1148,3,2,0,2,0
2020-09-23,Amador,005,37829,294,288,0,288,16
2020-09-23,Butte,007,227075,2910,2790,31,2821,43
2020-09-23,Calaveras,009,45235,309,258,0,258,11
2020-09-23,Colusa,011,21464,531,521,0,521,6
2020-09-23,Contra Costa,013,1133247,17032,16167,80,16247,192
2020-09-23,Del Norte,015,27424,136,137,0,137,2
2020-09-23,El Dorado,017,186661,1185,1088,8,1096,4
2020-09-23,Fresno,019,978130,30552,28019,376,28395,371
2020-09-23,Glenn,021,27897,583,561,0,561,3
2020-09-23,Humboldt,023,135768,499,477,1,478,5
2020-09-23,Imperial,025,180216,11801,10587,9,10596,284
2020-09-23,Inyo,027,18085,188,177,4,181,13
2020-09-23,Kern,029,883053,31911,31172,319,31491,387
2020-09-23,Kings,031,150075,7805,7406,37,7443,76
2020-09-23,Lake,033,64148,571,519,0,519,9
2020-09-23,Lassen,035,31185,748,736,2,738,0
2020-09-23,Los Angeles,037,10098052,266705,263318,1797,265115,6421
2020-09-23,Madera,039,155013,4535,4311,30,4341,48
2020-09-23,Marin,041,260295,6701,6567,17,6584,85
2020-09-23,Mariposa,043,17540,76,74,0,74,2
2020-09-23,Mendocino,045,87422,879,801,2,803,17
2020-09-23,Merced,047,269075,8879,8785,17,8802,134
2020-09-23,Modoc,049,8938,29,24,0,24,0
2020-09-23,Mono,051,14174,169,149,2,151,1
2020-09-23,Monterey,053,433212,9824,9452,29,9481,67
2020-09-23,Napa,055,140530,1728,1653,8,1661,11
2020-09-23,Nevada,057,99092,538,523,16,539,6
2020-09-23,Orange,059,3164182,54613,51658,1438,53096,1155
2020-09-23,Placer,061,380077,3620,3506,13,3519,41
2020-09-23,Plumas,063,18699,49,48,0,48,0
2020-09-23,Riverside,065,2383286,58977,57257,163,57420,1165
2020-09-23,Sacramento,067,1510023,22490,21821,25,21846,415
2020-09-23,San Benito,069,59416,1336,1305,0,1305,10
2020-09-23,San Bernardino,071,2135413,54067,52132,346,52478,973
2020-09-23,San Diego,073,3302833,47330,45427,923,46350,767
2020-09-23,San Francisco,075,870044,11192,10926,27,10953,95
2020-09-23,San Joaquin,077,732212,20165,19785,55,19840,439
2020-09-23,San Luis Obispo,079,281455,3728,3447,17,3464,31
2020-09-23,San Mateo,081,765935,10090,9351,10,9361,127
2020-09-23,Santa Barbara,083,443738,9130,8952,75,9027,112
2020-09-23,Santa Clara,085,1922200,21971,20575,41,20616,260
2020-09-23,Santa Cruz,087,273765,2422,2283,28,2311,9
2020-09-23,Shasta,089,179085,1029,756,4,760,14
2020-09-23,Sierra,091,2930,6,6,0,6,0
2020-09-23,Siskiyou,093,43540,155,149,10,159,0
2020-09-23,Solano,095,438530,6301,6123,39,6162,50
2020-09-23,Sonoma,097,501317,7547,7091,21,7112,122
2020-09-23,Stanislaus,099,539301,16507,16271,510,16781,317
2020-09-23,Sutter,101,95872,1675,1646,1,1647,10
2020-09-23,Tehama,103,63373,574,533,2,535,2
2020-09-23,Trinity,105,12862,53,15,8,23,0
2020-09-23,Tulare,107,460477,16300,15664,124,15788,266
2020-09-23,Tuolumne,109,53932,234,223,5,228,2
2020-09-23,Ventura,111,848112,13263,12591,162,12753,137
2020-09-23,Yolo,113,214977,2815,2766,7,2773,55
2020-09-23,Yuba,115,75493,1082,1038,3,1041,5
2020-09-22,Alameda,001,1643700,21296,20607,168,20775,355
2020-09-22,Alpine,003,1148,2,2,0,2,0
2020-09-22,Amador,005,37829,293,287,0,287,16
2020-09-22,Butte,007,227075,2905,2776,31,2807,43
2020-09-22,Calaveras,009,45235,309,258,0,258,11
2020-09-22,Colusa,011,21464,529,518,0,518,6
2020-09-22,Contra Costa,013,1133247,16942,16090,80,16170,190
2020-09-22,Del Norte,015,27424,136,137,0,137,2
2020-09-22,El Dorado,017,186661,1166,1076,8,1084,4
2020-09-22,Fresno,019,978130,30457,27944,373,28317,369
2020-09-22,Glenn,021,27897,580,560,0,560,3
2020-09-22,Humboldt,023,135768,498,476,1,477,5
2020-09-22,Imperial,025,180216,11772,10529,9,10538,284
2020-09-22,Inyo,027,18085,188,177,4,181,13
2020-09-22,Kern,029,883053,31844,31110,312,31422,383
2020-09-22,Kings,031,150075,7748,7395,36,7431,76
2020-09-22,Lake,033,64148,565,516,0,516,9
2020-09-22,Lassen,035,31185,747,736,2,738,0
2020-09-22,Los Angeles,037,10098052,265639,262117,1772,263889,6394
2020-09-22,Madera,039,155013,4519,4303,30,4333,47
2020-09-22,Marin,041,260295,6688,6561,17,6578,84
2020-09-22,Mariposa,043,17540,76,74,0,74,2
2020-09-22,Mendocino,045,87422,859,794,1,795,18
2020-09-22,Merced,047,269075,8849,8769,17,8786,132
2020-09-22,Modoc,049,8938,29,24,0,24,0
2020-09-22,Mono,051,14174,168,149,2,151,1
2020-09-22,Monterey,053,433212,9766,9393,28,9421,67
2020-09-22,Napa,055,140530,1711,1652,8,1660,11
2020-09-22,Nevada,057,99092,538,523,16,539,6
2020-09-22,Orange,059,3164182,54363,51528,1429,52957,1132
2020-09-22,Placer,061,380077,3608,3492,13,3505,40
2020-09-22,Plumas,063,18699,49,48,0,48,0
2020-09-22,Riverside,065,2383286,58493,57066,159,57225,1162
2020-09-22,Sacramento,067,1510023,22371,21745,25,21770,410
2020-09-22,San Benito,069,59416,1331,1305,0,1305,10
2020-09-22,San Bernardino,071,2135413,53793,51899,346,52245,971
2020-09-22,San Diego,073,3302833,47023,45149,904,46053,765
2020-09-22,San Francisco,075,870044,11148,10893,26,10919,95
2020-09-22,San Joaquin,077,732212,20118,19755,54,19809,426
2020-09-22,San Luis Obispo,079,281455,3706,3420,17,3437,31
2020-09-22,San Mateo,081,765935,10052,9291,10,9301,127
2020-09-22,Santa Barbara,083,443738,9100,8927,74,9001,111
2020-09-22,Santa Clara,085,1922200,21852,20514,41,20555,253
2020-09-22,Santa Cruz,087,273765,2398,2264,28,2292,8
2020-09-22,Shasta,089,179085,994,723,4,727,14
2020-09-22,Sierra,091,2930,6,6,0,6,0
2020-09-22,Siskiyou,093,43540,155,149,10,159,0
2020-09-22,Solano,095,438530,6270,6107,39,6146,48
2020-09-22,Sonoma,097,501317,7468,7068,20,7088,117
2020-09-22,Stanislaus,099,539301,16484,16231,503,16734,316
2020-09-22,Sutter,101,95872,1669,1638,1,1639,10
2020-09-22,Tehama,103,63373,566,529,2,531,2
2020-09-22,Trinity,105,12862,53,15,8,23,0
2020-09-22,Tulare,107,460477,16233,15616,121,15737,263
2020-09-22,Tuolumne,109,53932,233,224,5,229,1
2020-09-22,Ventura,111,848112,13211,12507,158,12665,136
2020-09-22,Yolo,113,214977,2808,2763,7,2770,54
2020-09-22,Yuba,115,75493,1073,1035,3,1038,5
2020-09-21,Alameda,001,1643700,21217,20501,167,20668,343
2020-09-21,Alpine,003,1148,2,2,0,2,0
2020-09-21,Amador,005,37829,291,286,0,286,16
2020-09-21,Butte,007,227075,2891,2769,31,2800,41
2020-09-21,Calaveras,009,45235,307,256,0,256,10
2020-09-21,Colusa,011,21464,528,517,0,517,6
2020-09-21,Contra Costa,013,1133247,16861,16008,80,16088,189
2020-09-21,Del Norte,015,27424,136,132,0,132,2
2020-09-21,El Dorado,017,186661,1157,1074,8,1082,4
2020-09-21,Fresno,019,978130,30355,27843,366,28209,362
2020-09-21,Glenn,021,27897,576,556,0,556,3
2020-09-21,Humboldt,023,135768,494,473,1,474,5
2020-09-21,Imperial,025,180216,11741,10521,9,10530,284
2020-09-21,Inyo,027,18085,187,177,4,181,12
2020-09-21,Kern,029,883053,31773,31031,310,31341,379
2020-09-21,Kings,031,150075,7635,7297,35,7332,76
2020-09-21,Lake,033,64148,560,508,0,508,8
2020-09-21,Lassen,035,31185,745,735,2,737,0
2020-09-21,Los Angeles,037,10098052,264553,261418,1727,263145,6360
2020-09-21,Madera,039,155013,4508,4275,29,4304,47
2020-09-21,Marin,041,260295,6677,6538,16,6554,84
2020-09-21,Mariposa,043,17540,75,74,0,74,2
2020-09-21,Mendocino,045,87422,844,778,0,778,18
2020-09-21,Merced,047,269075,8830,8749,15,8764,128
2020-09-21,Modoc,049,8938,29,22,0,22,0
2020-09-21,Mono,051,14174,168,147,2,149,1
2020-09-21,Monterey,053,433212,9702,9331,25,9356,66
2020-09-21,Napa,055,140530,1700,1641,8,1649,11
2020-09-21,Nevada,057,99092,536,515,16,531,6
2020-09-21,Orange,059,3164182,54141,51363,1422,52785,1110
2020-09-21,Placer,061,380077,3598,3473,13,3486,40
2020-09-21,Plumas,063,18699,49,47,0,47,0
2020-09-21,Riverside,065,2383286,58221,57001,152,57153,1153
2020-09-21,Sacramento,067,1510023,22189,21568,25,21593,404
2020-09-21,San Benito,069,59416,1329,1298,0,1298,10
2020-09-21,San Bernardino,071,2135413,53506,51654,346,52000,970
2020-09-21,San Diego,073,3302833,46739,44927,883,45810,760
2020-09-21,San Francisco,075,870044,11100,10743,26,10769,95
2020-09-21,San Joaquin,077,732212,20061,19579,54,19633,423
2020-09-21,San Luis Obispo,079,281455,3680,3406,17,3423,27
2020-09-21,San Mateo,081,765935,10000,9239,10,9249,127
2020-09-21,Santa Barbara,083,443738,9072,8911,74,8985,110
2020-09-21,Santa Clara,085,1922200,21752,20432,41,20473,252
2020-09-21,Santa Cruz,087,273765,2382,2257,26,2283,8
2020-09-21,Shasta,089,179085,944,696,4,700,14
2020-09-21,Sierra,091,2930,6,6,0,6,0
2020-09-21,Siskiyou,093,43540,155,146,10,156,0
2020-09-21,Solano,095,438530,6246,6019,39,6058,46
2020-09-21,Sonoma,097,501317,7392,7017,20,7037,117
2020-09-21,Stanislaus,099,539301,16454,16186,503,16689,310
2020-09-21,Sutter,101,95872,1662,1634,1,1635,10
2020-09-21,Tehama,103,63373,547,513,2,515,2
2020-09-21,Trinity,105,12862,53,15,8,23,0
2020-09-21,Tulare,107,460477,16159,15528,112,15640,260
2020-09-21,Tuolumne,109,53932,233,221,5,226,1
2020-09-21,Ventura,111,848112,13127,12477,152,12629,133
2020-09-21,Yolo,113,214977,2802,2752,7,2759,54
2020-09-21,Yuba,115,75493,1069,1033,3,1036,1
2020-09-20,Alameda,001,1643700,21116,20425,164,20589,343
2020-09-20,Alpine,003,1148,2,2,0,2,0
2020-09-20,Amador,005,37829,290,286,0,286,16
2020-09-20,Butte,007,227075,2879,2764,31,2795,39
2020-09-20,Calaveras,009,45235,303,256,0,256,10
2020-09-20,Colusa,011,21464,526,510,0,510,6
2020-09-20,Contra Costa,013,1133247,16744,15917,79,15996,189
2020-09-20,Del Norte,015,27424,134,132,0,132,2
2020-09-20,El Dorado,017,186661,1142,1073,8,1081,4
2020-09-20,Fresno,019,978130,30241,27769,361,28130,362
2020-09-20,Glenn,021,27897,572,550,0,550,3
2020-09-20,Humboldt,023,135768,494,472,1,473,5
2020-09-20,Imperial,025,180216,11714,10496,8,10504,284
2020-09-20,Inyo,027,18085,187,177,4,181,12
2020-09-20,Kern,029,883053,31689,30992,306,31298,379
2020-09-20,Kings,031,150075,7588,7159,34,7193,76
2020-09-20,Lake,033,64148,548,492,0,492,8
2020-09-20,Lassen,035,31185,745,735,2,737,0
2020-09-20,Los Angeles,037,10098052,263326,260770,1702,262472,6347
2020-09-20,Madera,039,155013,4488,4257,29,4286,47
2020-09-20,Marin,041,260295,6652,6533,16,6549,83
2020-09-20,Mariposa,043,17540,75,74,0,74,2
2020-09-20,Mendocino,045,87422,832,765,0,765,18
2020-09-20,Merced,047,269075,8803,8745,15,8760,128
2020-09-20,Modoc,049,8938,27,22,0,22,0
2020-09-20,Mono,051,14174,167,147,2,149,1
2020-09-20,Monterey,053,433212,9623,9312,25,9337,65
2020-09-20,Napa,055,140530,1691,1626,8,1634,11
2020-09-20,Nevada,057,99092,533,511,16,527,6
2020-09-20,Orange,059,3164182,53899,51233,1412,52645,1110
2020-09-20,Placer,061,380077,3584,3452,13,3465,40
2020-09-20,Plumas,063,18699,49,47,0,47,0
2020-09-20,Riverside,065,2383286,58020,56783,146,56929,1147
2020-09-20,Sacramento,067,1510023,22002,21394,24,21418,401
2020-09-20,San Benito,069,59416,1318,1291,0,1291,9
2020-09-20,San Bernardino,071,2135413,53189,51559,344,51903,970
2020-09-20,San Diego,073,3302833,46366,44579,854,45433,760
2020-09-20,San Francisco,075,870044,11046,10743,26,10769,95
2020-09-20,San Joaquin,077,732212,19996,19578,47,19625,423
2020-09-20,San Luis Obispo,079,281455,3653,3393,17,3410,27
2020-09-20,San Mateo,081,765935,9934,9198,10,9208,127
2020-09-20,Santa Barbara,083,443738,9036,8880,73,8953,110
2020-09-20,Santa Clara,085,1922200,21633,20330,40,20370,252
2020-09-20,Santa Cruz,087,273765,2362,2199,26,2225,8
2020-09-20,Shasta,089,179085,903,696,3,699,14
2020-09-20,Sierra,091,2930,6,6,0,6,0
2020-09-20,Siskiyou,093,43540,155,146,10,156,0
2020-09-20,Solano,095,438530,6202,6020,39,6059,46
2020-09-20,Sonoma,097,501317,7288,6954,20,6974,117
2020-09-20,Stanislaus,099,539301,16423,16159,496,16655,310
2020-09-20,Sutter,101,95872,1656,1624,1,1625,10
2020-09-20,Tehama,103,63373,534,509,2,511,2
2020-09-20,Trinity,105,12862,53,15,8,23,0
2020-09-20,Tulare,107,460477,16073,15528,105,15633,260
2020-09-20,Tuolumne,109,53932,233,221,5,226,1
2020-09-20,Ventura,111,848112,13061,12406,148,12554,133
2020-09-20,Yolo,113,214977,2794,2745,7,2752,54
2020-09-20,Yuba,115,75493,1062,1029,3,1032,1
2020-09-19,Alameda,001,1643700,21066,20349,161,20510,343
2020-09-19,Alpine,003,1148,2,2,0,2,0
2020-09-19,Amador,005,37829,290,285,0,285,16
2020-09-19,Butte,007,227075,2873,2748,31,2779,38
2020-09-19,Calaveras,009,45235,303,256,0,256,10
2020-09-19,Colusa,011,21464,526,507,0,507,6
2020-09-19,Contra Costa,013,1133247,16682,15783,79,15862,186
2020-09-19,Del Norte,015,27424,133,132,0,132,2
2020-09-19,El Dorado,017,186661,1136,1068,7,1075,4
2020-09-19,Fresno,019,978130,30168,27668,361,28029,362
2020-09-19,Glenn,021,27897,569,547,0,547,3
2020-09-19,Humboldt,023,135768,493,471,1,472,5
2020-09-19,Imperial,025,180216,11699,10496,8,10504,284
2020-09-19,Inyo,027,18085,187,177,4,181,12
2020-09-19,Kern,029,883053,31637,30886,303,31189,379
2020-09-19,Kings,031,150075,7582,7130,34,7164,76
2020-09-19,Lake,033,64148,548,465,0,465,8
2020-09-19,Lassen,035,31185,745,731,2,733,0
2020-09-19,Los Angeles,037,10098052,262702,259801,1688,261489,6325
2020-09-19,Madera,039,155013,4465,4237,29,4266,47
2020-09-19,Marin,041,260295,6645,6513,15,6528,81
2020-09-19,Mariposa,043,17540,75,74,0,74,2
2020-09-19,Mendocino,045,87422,829,750,0,750,18
2020-09-19,Merced,047,269075,8792,8717,14,8731,128
2020-09-19,Modoc,049,8938,27,22,0,22,0
2020-09-19,Mono,051,14174,167,147,2,149,1
2020-09-19,Monterey,053,433212,9581,9237,25,9262,65
2020-09-19,Napa,055,140530,1683,1614,8,1622,11
2020-09-19,Nevada,057,99092,531,505,16,521,6
2020-09-19,Orange,059,3164182,53771,50999,1405,52404,1105
2020-09-19,Placer,061,380077,3575,3412,13,3425,40
2020-09-19,Plumas,063,18699,49,47,0,47,0
2020-09-19,Riverside,065,2383286,57893,56562,145,56707,1147
2020-09-19,Sacramento,067,1510023,21948,21297,24,21321,396
2020-09-19,San Benito,069,59416,1314,1276,0,1276,9
2020-09-19,San Bernardino,071,2135413,53031,51353,341,51694,971
2020-09-19,San Diego,073,3302833,46138,44295,831,45126,773
2020-09-19,San Francisco,075,870044,11013,10741,26,10767,95
2020-09-19,San Joaquin,077,732212,19960,19580,47,19627,424
2020-09-19,San Luis Obispo,079,281455,3632,3369,17,3386,27
2020-09-19,San Mateo,081,765935,9903,9158,10,9168,127
2020-09-19,Santa Barbara,083,443738,9016,8862,73,8935,106
2020-09-19,Santa Clara,085,1922200,21544,20170,40,20210,251
2020-09-19,Santa Cruz,087,273765,2348,2198,25,2223,8
2020-09-19,Shasta,089,179085,876,687,3,690,14
2020-09-19,Sierra,091,2930,6,6,0,6,0
2020-09-19,Siskiyou,093,43540,155,146,10,156,0
2020-09-19,Solano,095,438530,6186,5998,39,6037,46
2020-09-19,Sonoma,097,501317,7255,6905,20,6925,117
2020-09-19,Stanislaus,099,539301,16382,16109,489,16598,313
2020-09-19,Sutter,101,95872,1655,1602,1,1603,10
2020-09-19,Tehama,103,63373,529,498,2,500,2
2020-09-19,Trinity,105,12862,53,15,8,23,0
2020-09-19,Tulare,107,460477,16025,15485,102,15587,260
2020-09-19,Tuolumne,109,53932,233,217,5,222,1
2020-09-19,Ventura,111,848112,13029,12328,148,12476,133
2020-09-19,Yolo,113,214977,2786,2739,7,2746,54
2020-09-19,Yuba,115,75493,1055,1023,3,1026,1
2020-09-18,Alameda,001,1643700,21000,20222,155,20377,341
2020-09-18,Alpine,003,1148,2,2,0,2,0
2020-09-18,Amador,005,37829,290,285,0,285,16
2020-09-18,Butte,007,227075,2871,2738,31,2769,37
2020-09-18,Calaveras,009,45235,303,255,0,255,9
2020-09-18,Colusa,011,21464,526,504,0,504,6
2020-09-18,Contra Costa,013,1133247,16593,15667,79,15746,185
2020-09-18,Del Norte,015,27424,133,131,0,131,2
2020-09-18,El Dorado,017,186661,1123,1063,7,1070,4
2020-09-18,Fresno,019,978130,30103,27560,361,27921,359
2020-09-18,Glenn,021,27897,566,541,0,541,3
2020-09-18,Humboldt,023,135768,490,470,1,471,5
2020-09-18,Imperial,025,180216,11684,10460,8,10468,283
2020-09-18,Inyo,027,18085,187,177,4,181,12
2020-09-18,Kern,029,883053,31577,30742,300,31042,373
2020-09-18,Kings,031,150075,7572,7062,34,7096,74
2020-09-18,Lake,033,64148,542,458,0,458,8
2020-09-18,Lassen,035,31185,744,731,2,733,0
2020-09-18,Los Angeles,037,10098052,261940,258488,1670,260158,6324
2020-09-18,Madera,039,155013,4454,4211,29,4240,45
2020-09-18,Marin,041,260295,6629,6475,15,6490,81
2020-09-18,Mariposa,043,17540,75,74,0,74,2
2020-09-18,Mendocino,045,87422,821,739,0,739,18
2020-09-18,Merced,047,269075,8780,8691,13,8704,127
2020-09-18,Modoc,049,8938,27,22,0,22,0
2020-09-18,Mono,051,14174,165,147,2,149,1
2020-09-18,Monterey,053,433212,9540,9183,25,9208,64
2020-09-18,Napa,055,140530,1677,1604,8,1612,11
2020-09-18,Nevada,057,99092,528,504,16,520,6
2020-09-18,Orange,059,3164182,53625,50733,1393,52126,1107
2020-09-18,Placer,061,380077,3564,3389,13,3402,40
2020-09-18,Plumas,063,18699,49,45,0,45,0
2020-09-18,Riverside,065,2383286,57771,56248,140,56388,1143
2020-09-18,Sacramento,067,1510023,21864,21105,24,21129,391
2020-09-18,San Benito,069,59416,1306,1257,0,1257,8
2020-09-18,San Bernardino,071,2135413,52886,51106,338,51444,970
2020-09-18,San Diego,073,3302833,45888,44009,826,44835,757
2020-09-18,San Francisco,075,870044,10975,10644,25,10669,95
2020-09-18,San Joaquin,077,732212,19917,19531,46,19577,423
2020-09-18,San Luis Obispo,079,281455,3608,3328,17,3345,27
2020-09-18,San Mateo,081,765935,9863,9062,10,9072,127
2020-09-18,Santa Barbara,083,443738,8995,8824,73,8897,107
2020-09-18,Santa Clara,085,1922200,21447,20058,40,20098,252
2020-09-18,Santa Cruz,087,273765,2328,2180,24,2204,8
2020-09-18,Shasta,089,179085,841,668,3,671,14
2020-09-18,Sierra,091,2930,6,6,0,6,0
2020-09-18,Siskiyou,093,43540,154,146,10,156,0
2020-09-18,Solano,095,438530,6170,5961,39,6000,46
2020-09-18,Sonoma,097,501317,7207,6856,20,6876,114
2020-09-18,Stanislaus,099,539301,16352,16042,483,16525,277
2020-09-18,Sutter,101,95872,1648,1586,1,1587,10
2020-09-18,Tehama,103,63373,529,490,2,492,2
2020-09-18,Trinity,105,12862,53,15,7,22,0
2020-09-18,Tulare,107,460477,15992,15435,98,15533,259
2020-09-18,Tuolumne,109,53932,232,216,5,221,1
2020-09-18,Ventura,111,848112,12968,12236,144,12380,133
2020-09-18,Yolo,113,214977,2780,2732,7,2739,54
2020-09-18,Yuba,115,75493,1051,1020,3,1023,1
2020-09-17,Alameda,001,1643700,20901,20146,155,20301,339
2020-09-17,Alpine,003,1148,2,2,0,2,0
2020-09-17,Amador,005,37829,288,284,0,284,16
2020-09-17,Butte,007,227075,2854,2720,31,2751,38
2020-09-17,Calaveras,009,45235,303,254,0,254,9
2020-09-17,Colusa,011,21464,524,499,0,499,6
2020-09-17,Contra Costa,013,1133247,16507,15576,79,15655,184
2020-09-17,Del Norte,015,27424,133,131,0,131,2
2020-09-17,El Dorado,017,186661,1114,1057,7,1064,4
2020-09-17,Fresno,019,978130,29993,27487,356,27843,355
2020-09-17,Glenn,021,27897,565,541,0,541,3
2020-09-17,Humboldt,023,135768,484,466,1,467,5
2020-09-17,Imperial,025,180216,11667,10436,8,10444,281
2020-09-17,Inyo,027,18085,187,176,4,180,12
2020-09-17,Kern,029,883053,31517,30627,293,30920,372
2020-09-17,Kings,031,150075,7501,7015,34,7049,72
2020-09-17,Lake,033,64148,532,433,0,433,8
2020-09-17,Lassen,035,31185,742,731,2,733,0
2020-09-17,Los Angeles,037,10098052,260997,257246,1656,258902,6318
2020-09-17,Madera,039,155013,4420,4152,29,4181,45
2020-09-17,Marin,041,260295,6608,6457,15,6472,81
2020-09-17,Mariposa,043,17540,75,74,0,74,2
2020-09-17,Mendocino,045,87422,810,737,0,737,18
2020-09-17,Merced,047,269075,8761,8671,13,8684,119
2020-09-17,Modoc,049,8938,27,22,0,22,0
2020-09-17,Mono,051,14174,165,147,2,149,1
2020-09-17,Monterey,053,433212,9478,9113,25,9138,62
2020-09-17,Napa,055,140530,1666,1592,8,1600,11
2020-09-17,Nevada,057,99092,526,494,16,510,6
2020-09-17,Orange,059,3164182,53445,50537,1381,51918,1098
2020-09-17,Placer,061,380077,3544,3368,13,3381,40
2020-09-17,Plumas,063,18699,49,45,0,45,0
2020-09-17,Riverside,065,2383286,57546,56007,139,56146,1134
2020-09-17,Sacramento,067,1510023,21629,20895,24,20919,385
2020-09-17,San Benito,069,59416,1304,1252,0,1252,8
2020-09-17,San Bernardino,071,2135413,52682,50770,338,51108,904
2020-09-17,San Diego,073,3302833,45608,43621,814,44435,754
2020-09-17,San Francisco,075,870044,10881,10564,25,10589,95
2020-09-17,San Joaquin,077,732212,19858,19439,46,19485,416
2020-09-17,San Luis Obispo,079,281455,3578,3299,17,3316,27
2020-09-17,San Mateo,081,765935,9821,8984,10,8994,127
2020-09-17,Santa Barbara,083,443738,8971,8779,73,8852,107
2020-09-17,Santa Clara,085,1922200,21330,19825,40,19865,254
2020-09-17,Santa Cruz,087,273765,2312,2155,24,2179,7
2020-09-17,Shasta,089,179085,802,660,3,663,12
2020-09-17,Sierra,091,2930,6,6,0,6,0
2020-09-17,Siskiyou,093,43540,154,146,10,156,0
2020-09-17,Solano,095,438530,6147,5915,39,5954,44
2020-09-17,Sonoma,097,501317,7143,6754,20,6774,114
2020-09-17,Stanislaus,099,539301,16319,15984,479,16463,277
2020-09-17,Sutter,101,95872,1643,1572,1,1573,10
2020-09-17,Tehama,103,63373,516,487,2,489,2
2020-09-17,Trinity,105,12862,53,15,7,22,0
2020-09-17,Tulare,107,460477,15940,15344,96,15440,258
2020-09-17,Tuolumne,109,53932,231,214,5,219,1
2020-09-17,Ventura,111,848112,12881,12167,141,12308,130
2020-09-17,Yolo,113,214977,2771,2724,7,2731,53
2020-09-17,Yuba,115,75493,1047,1015,3,1018,1
2020-09-16,Alameda,001,1643700,20803,20009,153,20162,333
2020-09-16,Alpine,003,1148,2,2,0,2,0
2020-09-16,Amador,005,37829,288,284,0,284,16
2020-09-16,Butte,007,227075,2844,2704,30,2734,38
2020-09-16,Calaveras,009,45235,303,254,0,254,9
2020-09-16,Colusa,011,21464,522,497,0,497,6
2020-09-16,Contra Costa,013,1133247,16420,15473,79,15552,183
2020-09-16,Del Norte,015,27424,133,131,0,131,2
2020-09-16,El Dorado,017,186661,1106,1049,7,1056,4
2020-09-16,Fresno,019,978130,29886,27381,354,27735,343
2020-09-16,Glenn,021,27897,563,539,0,539,3
2020-09-16,Humboldt,023,135768,483,455,1,456,4
2020-09-16,Imperial,025,180216,11644,10401,8,10409,277
2020-09-16,Inyo,027,18085,186,176,4,180,12
2020-09-16,Kern,029,883053,31458,30570,292,30862,371
2020-09-16,Kings,031,150075,7476,7002,32,7034,71
2020-09-16,Lake,033,64148,521,417,0,417,6
2020-09-16,Lassen,035,31185,741,730,2,732,0
2020-09-16,Los Angeles,037,10098052,260015,256101,1639,257740,6299
2020-09-16,Madera,039,155013,4397,4138,29,4167,45
2020-09-16,Marin,041,260295,6580,6430,15,6445,77
2020-09-16,Mariposa,043,17540,75,74,0,74,2
2020-09-16,Mendocino,045,87422,801,727,0,727,18
2020-09-16,Merced,047,269075,8740,8646,13,8659,118
2020-09-16,Modoc,049,8938,27,22,0,22,0
2020-09-16,Mono,051,14174,165,147,2,149,1
2020-09-16,Monterey,053,433212,9424,8997,25,9022,62
2020-09-16,Napa,055,140530,1652,1587,8,1595,11
2020-09-16,Nevada,057,99092,521,495,15,510,6
2020-09-16,Orange,059,3164182,53244,50414,1372,51786,1096
2020-09-16,Placer,061,380077,3526,3351,13,3364,39
2020-09-16,Plumas,063,18699,49,45,0,45,0
2020-09-16,Riverside,065,2383286,57352,55811,131,55942,1127
2020-09-16,Sacramento,067,1510023,21536,20610,24,20634,377
2020-09-16,San Benito,069,59416,1296,1244,0,1244,8
2020-09-16,San Bernardino,071,2135413,52457,50509,337,50846,907
2020-09-16,San Diego,073,3302833,45316,43447,793,44240,748
2020-09-16,San Francisco,075,870044,10834,10502,25,10527,90
2020-09-16,San Joaquin,077,732212,19803,19377,45,19422,409
2020-09-16,San Luis Obispo,079,281455,3547,3285,17,3302,28
2020-09-16,San Mateo,081,765935,9756,8944,10,8954,127
2020-09-16,Santa Barbara,083,443738,8938,8764,73,8837,107
2020-09-16,Santa Clara,085,1922200,21211,19684,40,19724,253
2020-09-16,Santa Cruz,087,273765,2271,2089,23,2112,7
2020-09-16,Shasta,089,179085,776,635,3,638,11
2020-09-16,Sierra,091,2930,6,6,0,6,0
2020-09-16,Siskiyou,093,43540,153,145,10,155,0
2020-09-16,Solano,095,438530,6118,5899,39,5938,44
2020-09-16,Sonoma,097,501317,7081,6731,20,6751,104
2020-09-16,Stanislaus,099,539301,16271,15897,471,16368,263
2020-09-16,Sutter,101,95872,1630,1567,1,1568,10
2020-09-16,Tehama,103,63373,508,485,2,487,2
2020-09-16,Trinity,105,12862,53,15,7,22,0
2020-09-16,Tulare,107,460477,15896,15314,89,15403,258
2020-09-16,Tuolumne,109,53932,230,210,5,215,1
2020-09-16,Ventura,111,848112,12810,12073,139,12212,130
2020-09-16,Yolo,113,214977,2764,2709,7,2716,53
2020-09-16,Yuba,115,75493,1045,1000,3,1003,1
2020-09-15,Alameda,001,1643700,20697,19931,150,20081,327
2020-09-15,Alpine,003,1148,2,2,0,2,0
2020-09-15,Amador,005,37829,287,282,0,282,16
2020-09-15,Butte,007,227075,2831,2695,28,2723,38
2020-09-15,Calaveras,009,45235,303,248,0,248,5
2020-09-15,Colusa,011,21464,516,497,0,497,6
2020-09-15,Contra Costa,013,1133247,16314,15423,77,15500,180
2020-09-15,Del Norte,015,27424,133,129,0,129,2
2020-09-15,El Dorado,017,186661,1101,1046,7,1053,4
2020-09-15,Fresno,019,978130,29778,27312,349,27661,343
2020-09-15,Glenn,021,27897,562,531,0,531,3
2020-09-15,Humboldt,023,135768,481,456,1,457,4
2020-09-15,Imperial,025,180216,11619,10376,8,10384,277
2020-09-15,Inyo,027,18085,186,176,4,180,12
2020-09-15,Kern,029,883053,31345,30429,289,30718,368
2020-09-15,Kings,031,150075,7318,6977,32,7009,70
2020-09-15,Lake,033,64148,508,416,0,416,4
2020-09-15,Lassen,035,31185,737,719,2,721,0
2020-09-15,Los Angeles,037,10098052,258905,255048,1617,256665,6269
2020-09-15,Madera,039,155013,4378,4122,29,4151,45
2020-09-15,Marin,041,260295,6549,6423,15,6438,77
2020-09-15,Mariposa,043,17540,75,74,0,74,2
2020-09-15,Mendocino,045,87422,783,724,0,724,18
2020-09-15,Merced,047,269075,8710,8633,13,8646,114
2020-09-15,Modoc,049,8938,26,21,0,21,0
2020-09-15,Mono,051,14174,165,147,2,149,1
2020-09-15,Monterey,053,433212,9375,8943,25,8968,62
2020-09-15,Napa,055,140530,1638,1580,8,1588,11
2020-09-15,Nevada,057,99092,516,494,15,509,6
2020-09-15,Orange,059,3164182,53062,50294,1358,51652,1088
2020-09-15,Placer,061,380077,3501,3331,13,3344,38
2020-09-15,Plumas,063,18699,49,44,0,44,0
2020-09-15,Riverside,065,2383286,57058,55569,121,55690,1118
2020-09-15,Sacramento,067,1510023,21391,20487,24,20511,372
2020-09-15,San Benito,069,59416,1289,1237,0,1237,7
2020-09-15,San Bernardino,071,2135413,52242,50333,336,50669,904
2020-09-15,San Diego,073,3302833,44997,43183,773,43956,742
2020-09-15,San Francisco,075,870044,10776,10414,25,10439,90
2020-09-15,San Joaquin,077,732212,19751,19313,45,19358,401
2020-09-15,San Luis Obispo,079,281455,3527,3262,17,3279,28
2020-09-15,San Mateo,081,765935,9687,8895,10,8905,127
2020-09-15,Santa Barbara,083,443738,8913,8724,72,8796,104
2020-09-15,Santa Clara,085,1922200,21078,19610,40,19650,252
2020-09-15,Santa Cruz,087,273765,2245,2079,22,2101,7
2020-09-15,Shasta,089,179085,764,627,3,630,11
2020-09-15,Sierra,091,2930,6,6,0,6,0
2020-09-15,Siskiyou,093,43540,153,143,10,153,0
2020-09-15,Solano,095,438530,6084,5878,39,5917,45
2020-09-15,Sonoma,097,501317,7042,6701,20,6721,104
2020-09-15,Stanislaus,099,539301,16223,15880,469,16349,260
2020-09-15,Sutter,101,95872,1619,1556,1,1557,10
2020-09-15,Tehama,103,63373,496,484,2,486,2
2020-09-15,Trinity,105,12862,53,15,7,22,0
2020-09-15,Tulare,107,460477,15819,15203,87,15290,254
2020-09-15,Tuolumne,109,53932,230,209,5,214,1
2020-09-15,Ventura,111,848112,12757,11932,138,12070,128
2020-09-15,Yolo,113,214977,2760,2708,7,2715,53
2020-09-15,Yuba,115,75493,1039,991,3,994,1
2020-09-14,Alameda,001,1643700,20570,19851,149,20000,306
2020-09-14,Alpine,003,1148,2,2,0,2,0
2020-09-14,Amador,005,37829,285,281,0,281,16
2020-09-14,Butte,007,227075,2813,2642,28,2670,37
2020-09-14,Calaveras,009,45235,303,244,0,244,3
2020-09-14,Colusa,011,21464,515,486,0,486,6
2020-09-14,Contra Costa,013,1133247,16190,15354,76,15430,174
2020-09-14,Del Norte,015,27424,130,116,0,116,2
2020-09-14,El Dorado,017,186661,1097,1039,7,1046,3
2020-09-14,Fresno,019,978130,29694,27232,346,27578,344
2020-09-14,Glenn,021,27897,554,521,0,521,3
2020-09-14,Humboldt,023,135768,478,437,1,438,4
2020-09-14,Imperial,025,180216,11599,10340,8,10348,273
2020-09-14,Inyo,027,18085,186,176,4,180,12
2020-09-14,Kern,029,883053,31257,30344,288,30632,368
2020-09-14,Kings,031,150075,7237,6950,32,6982,70
2020-09-14,Lake,033,64148,487,407,0,407,4
2020-09-14,Lassen,035,31185,737,719,2,721,0
2020-09-14,Los Angeles,037,10098052,257875,254622,1592,256214,6226
2020-09-14,Madera,039,155013,4363,4104,29,4133,45
2020-09-14,Marin,041,260295,6529,6409,15,6424,70
2020-09-14,Mariposa,043,17540,75,74,0,74,2
2020-09-14,Mendocino,045,87422,766,710,0,710,17
2020-09-14,Merced,047,269075,8691,8593,13,8606,112
2020-09-14,Modoc,049,8938,26,21,0,21,0
2020-09-14,Mono,051,14174,165,147,2,149,1
2020-09-14,Monterey,053,433212,9304,8845,24,8869,61
2020-09-14,Napa,055,140530,1621,1576,8,1584,11
2020-09-14,Nevada,057,99092,511,489,15,504,6
2020-09-14,Orange,059,3164182,52901,50149,1342,51491,1079
2020-09-14,Placer,061,380077,3480,3302,13,3315,38
2020-09-14,Plumas,063,18699,48,42,0,42,0
2020-09-14,Riverside,065,2383286,56839,55488,117,55605,1113
2020-09-14,Sacramento,067,1510023,21196,20377,23,20400,367
2020-09-14,San Benito,069,59416,1274,1233,0,1233,7
2020-09-14,San Bernardino,071,2135413,52018,50163,335,50498,895
2020-09-14,San Diego,073,3302833,44686,42889,753,43642,734
2020-09-14,San Francisco,075,870044,10709,10255,23,10278,90
2020-09-14,San Joaquin,077,732212,19677,19111,44,19155,397
2020-09-14,San Luis Obispo,079,281455,3502,3248,17,3265,25
2020-09-14,San Mateo,081,765935,9626,8847,10,8857,127
2020-09-14,Santa Barbara,083,443738,8887,8692,72,8764,104
2020-09-14,Santa Clara,085,1922200,20890,19545,40,19585,247
2020-09-14,Santa Cruz,087,273765,2223,2016,21,2037,7
2020-09-14,Shasta,089,179085,741,584,3,587,10
2020-09-14,Sierra,091,2930,6,6,0,6,0
2020-09-14,Siskiyou,093,43540,152,143,10,153,0
2020-09-14,Solano,095,438530,6049,5834,39,5873,44
2020-09-14,Sonoma,097,501317,6980,6630,20,6650,102
2020-09-14,Stanislaus,099,539301,16178,15812,466,16278,253
2020-09-14,Sutter,101,95872,1608,1549,1,1550,10
2020-09-14,Tehama,103,63373,494,475,2,477,1
2020-09-14,Trinity,105,12862,52,14,7,21,0
2020-09-14,Tulare,107,460477,15750,15096,82,15178,254
2020-09-14,Tuolumne,109,53932,229,208,5,213,1
2020-09-14,Ventura,111,848112,12655,11903,135,12038,125
2020-09-14,Yolo,113,214977,2749,2687,7,2694,53
2020-09-14,Yuba,115,75493,1031,977,3,980,1
2020-09-13,Alameda,001,1643700,20464,19815,146,19961,306
2020-09-13,Alpine,003,1148,2,2,0,2,0
2020-09-13,Amador,005,37829,282,279,0,279,16
2020-09-13,Butte,007,227075,2791,2640,27,2667,37
2020-09-13,Calaveras,009,45235,302,246,0,246,3
2020-09-13,Colusa,011,21464,511,486,0,486,6
2020-09-13,Contra Costa,013,1133247,16083,15284,76,15360,172
2020-09-13,Del Norte,015,27424,127,116,0,116,1
2020-09-13,El Dorado,017,186661,1092,1035,7,1042,2
2020-09-13,Fresno,019,978130,29585,27196,337,27533,345
2020-09-13,Glenn,021,27897,550,517,0,517,3
2020-09-13,Humboldt,023,135768,478,434,1,435,4
2020-09-13,Imperial,025,180216,11562,10304,7,10311,273
2020-09-13,Inyo,027,18085,186,176,4,180,12
2020-09-13,Kern,029,883053,31161,30277,282,30559,368
2020-09-13,Kings,031,150075,7218,6937,32,6969,70
2020-09-13,Lake,033,64148,469,397,0,397,4
2020-09-13,Lassen,035,31185,734,719,2,721,0
2020-09-13,Los Angeles,037,10098052,256722,253950,1577,255527,6203
2020-09-13,Madera,039,155013,4306,4090,29,4119,45
2020-09-13,Marin,041,260295,6510,6395,15,6410,70
2020-09-13,Mariposa,043,17540,75,74,0,74,2
2020-09-13,Mendocino,045,87422,759,707,0,707,17
2020-09-13,Merced,047,269075,8657,8575,13,8588,112
2020-09-13,Modoc,049,8938,26,21,0,21,0
2020-09-13,Mono,051,14174,165,147,2,149,1
2020-09-13,Monterey,053,433212,9222,8826,23,8849,61
2020-09-13,Napa,055,140530,1614,1563,8,1571,11
2020-09-13,Nevada,057,99092,503,486,15,501,6
2020-09-13,Orange,059,3164182,52685,50061,1335,51396,1075
2020-09-13,Placer,061,380077,3451,3291,13,3304,38
2020-09-13,Plumas,063,18699,48,42,0,42,0
2020-09-13,Riverside,065,2383286,56632,55235,106,55341,1108
2020-09-13,Sacramento,067,1510023,20851,20279,23,20302,367
2020-09-13,San Benito,069,59416,1266,1217,0,1217,7
2020-09-13,San Bernardino,071,2135413,51731,49968,333,50301,895
2020-09-13,San Diego,073,3302833,44360,42681,719,43400,734
2020-09-13,San Francisco,075,870044,10631,10254,23,10277,90
2020-09-13,San Joaquin,077,732212,19606,19110,43,19153,396
2020-09-13,San Luis Obispo,079,281455,3465,3240,17,3257,24
2020-09-13,San Mateo,081,765935,9565,8811,10,8821,127
2020-09-13,Santa Barbara,083,443738,8850,8690,72,8762,104
2020-09-13,Santa Clara,085,1922200,20752,19456,39,19495,245
2020-09-13,Santa Cruz,087,273765,2189,2016,19,2035,7
2020-09-13,Shasta,089,179085,729,583,3,586,10
2020-09-13,Sierra,091,2930,6,6,0,6,0
2020-09-13,Siskiyou,093,43540,152,143,9,152,0
2020-09-13,Solano,095,438530,6003,5810,39,5849,43
2020-09-13,Sonoma,097,501317,6915,6592,20,6612,95
2020-09-13,Stanislaus,099,539301,16115,15759,454,16213,253
2020-09-13,Sutter,101,95872,1596,1539,1,1540,10
2020-09-13,Tehama,103,63373,490,476,2,478,1
2020-09-13,Trinity,105,12862,52,14,7,21,0
2020-09-13,Tulare,107,460477,15679,15098,81,15179,254
2020-09-13,Tuolumne,109,53932,225,208,5,213,1
2020-09-13,Ventura,111,848112,12547,11855,134,11989,123
2020-09-13,Yolo,113,214977,2737,2675,7,2682,53
2020-09-13,Yuba,115,75493,1026,967,3,970,1
2020-09-12,Alameda,001,1643700,20405,19758,146,19904,307
2020-09-12,Alpine,003,1148,2,2,0,2,0
2020-09-12,Amador,005,37829,281,278,0,278,16
2020-09-12,Butte,007,227075,2784,2629,26,2655,37
2020-09-12,Calaveras,009,45235,300,246,0,246,3
2020-09-12,Colusa,011,21464,507,486,0,486,6
2020-09-12,Contra Costa,013,1133247,16006,15135,75,15210,174
2020-09-12,Del Norte,015,27424,126,116,0,116,1
2020-09-12,El Dorado,017,186661,1085,1034,7,1041,2
2020-09-12,Fresno,019,978130,29515,27076,337,27413,345
2020-09-12,Glenn,021,27897,549,517,0,517,3
2020-09-12,Humboldt,023,135768,477,430,1,431,4
2020-09-12,Imperial,025,180216,11550,10305,7,10312,273
2020-09-12,Inyo,027,18085,186,177,4,181,12
2020-09-12,Kern,029,883053,31095,30202,282,30484,368
2020-09-12,Kings,031,150075,7208,6895,32,6927,70
2020-09-12,Lake,033,64148,461,393,0,393,4
2020-09-12,Lassen,035,31185,734,719,2,721,0
2020-09-12,Los Angeles,037,10098052,256165,253156,1556,254712,6193
2020-09-12,Madera,039,155013,4295,4058,29,4087,43
2020-09-12,Marin,041,260295,6501,6393,15,6408,69
2020-09-12,Mariposa,043,17540,75,72,0,72,2
2020-09-12,Mendocino,045,87422,756,700,0,700,17
2020-09-12,Merced,047,269075,8648,8533,13,8546,112
2020-09-12,Modoc,049,8938,25,21,0,21,0
2020-09-12,Mono,051,14174,165,147,2,149,1
2020-09-12,Monterey,053,433212,9186,8743,23,8766,61
2020-09-12,Napa,055,140530,1611,1556,8,1564,11
2020-09-12,Nevada,057,99092,502,482,15,497,6
2020-09-12,Orange,059,3164182,52570,49895,1332,51227,1078
2020-09-12,Placer,061,380077,3434,3280,13,3293,38
2020-09-12,Plumas,063,18699,48,42,0,42,0
2020-09-12,Riverside,065,2383286,56504,55058,102,55160,1108
2020-09-12,Sacramento,067,1510023,20783,20184,23,20207,367
2020-09-12,San Benito,069,59416,1263,1208,0,1208,7
2020-09-12,San Bernardino,071,2135413,51640,49945,331,50276,896
2020-09-12,San Diego,073,3302833,44165,42416,710,43126,747
2020-09-12,San Francisco,075,870044,10587,10257,23,10280,90
2020-09-12,San Joaquin,077,732212,19578,19108,43,19151,396
2020-09-12,San Luis Obispo,079,281455,3438,3220,17,3237,24
2020-09-12,San Mateo,081,765935,9520,8759,10,8769,127
2020-09-12,Santa Barbara,083,443738,8836,8642,72,8714,104
2020-09-12,Santa Clara,085,1922200,20665,19330,39,19369,237
2020-09-12,Santa Cruz,087,273765,2177,2016,19,2035,7
2020-09-12,Shasta,089,179085,717,569,3,572,10
2020-09-12,Sierra,091,2930,6,6,0,6,0
2020-09-12,Siskiyou,093,43540,152,141,9,150,0
2020-09-12,Solano,095,438530,5979,5772,39,5811,43
2020-09-12,Sonoma,097,501317,6890,6531,20,6551,95
2020-09-12,Stanislaus,099,539301,16083,15675,451,16126,253
2020-09-12,Sutter,101,95872,1590,1529,1,1530,10
2020-09-12,Tehama,103,63373,487,471,2,473,1
2020-09-12,Trinity,105,12862,52,15,7,22,0
2020-09-12,Tulare,107,460477,15634,15018,80,15098,254
2020-09-12,Tuolumne,109,53932,225,208,5,213,1
2020-09-12,Ventura,111,848112,12496,11759,132,11891,123
2020-09-12,Yolo,113,214977,2730,2646,7,2653,53
2020-09-12,Yuba,115,75493,1022,963,3,966,1
2020-09-11,Alameda,001,1643700,20350,19625,145,19770,298
2020-09-11,Alpine,003,1148,2,2,0,2,0
2020-09-11,Amador,005,37829,281,277,0,277,16
2020-09-11,Butte,007,227075,2772,2605,26,2631,37
2020-09-11,Calaveras,009,45235,299,242,0,242,1
2020-09-11,Colusa,011,21464,506,484,0,484,6
2020-09-11,Contra Costa,013,1133247,15948,15001,72,15073,173
2020-09-11,Del Norte,015,27424,126,115,0,115,1
2020-09-11,El Dorado,017,186661,1082,1024,7,1031,2
2020-09-11,Fresno,019,978130,29437,26917,336,27253,344
2020-09-11,Glenn,021,27897,544,515,0,515,3
2020-09-11,Humboldt,023,135768,475,426,1,427,4
2020-09-11,Imperial,025,180216,11532,10286,7,10293,273
2020-09-11,Inyo,027,18085,186,176,4,180,12
2020-09-11,Kern,029,883053,31027,30059,281,30340,365
2020-09-11,Kings,031,150075,7191,6770,32,6802,70
2020-09-11,Lake,033,64148,453,382,0,382,4
2020-09-11,Lassen,035,31185,734,719,2,721,0
2020-09-11,Los Angeles,037,10098052,255485,252057,1545,253602,6172
2020-09-11,Madera,039,155013,4276,4018,29,4047,43
2020-09-11,Marin,041,260295,6496,6364,15,6379,69
2020-09-11,Mariposa,043,17540,75,72,0,72,2
2020-09-11,Mendocino,045,87422,745,700,0,700,17
2020-09-11,Merced,047,269075,8627,8489,13,8502,109
2020-09-11,Modoc,049,8938,25,21,0,21,0
2020-09-11,Mono,051,14174,165,145,2,147,1
2020-09-11,Monterey,053,433212,9138,8595,23,8618,61
2020-09-11,Napa,055,140530,1600,1543,8,1551,11
2020-09-11,Nevada,057,99092,495,483,15,498,6
2020-09-11,Orange,059,3164182,52440,49755,1320,51075,1068
2020-09-11,Placer,061,380077,3419,3254,13,3267,37
2020-09-11,Plumas,063,18699,48,42,0,42,0
2020-09-11,Riverside,065,2383286,56369,54717,99,54816,1099
2020-09-11,Sacramento,067,1510023,20699,20012,23,20035,358
2020-09-11,San Benito,069,59416,1253,1202,0,1202,7
2020-09-11,San Bernardino,071,2135413,51541,49682,331,50013,871
2020-09-11,San Diego,073,3302833,43945,41971,704,42675,730
2020-09-11,San Francisco,075,870044,10539,10133,22,10155,89
2020-09-11,San Joaquin,077,732212,19530,19019,43,19062,391
2020-09-11,San Luis Obispo,079,281455,3420,3190,17,3207,24
2020-09-11,San Mateo,081,765935,9478,8611,10,8621,127
2020-09-11,Santa Barbara,083,443738,8803,8592,71,8663,103
2020-09-11,Santa Clara,085,1922200,20577,19065,39,19104,234
2020-09-11,Santa Cruz,087,273765,2160,1997,19,2016,7
2020-09-11,Shasta,089,179085,707,568,3,571,10
2020-09-11,Sierra,091,2930,6,6,0,6,0
2020-09-11,Siskiyou,093,43540,151,139,9,148,0
2020-09-11,Solano,095,438530,5962,5742,39,5781,42
2020-09-11,Sonoma,097,501317,6846,6469,20,6489,91
2020-09-11,Stanislaus,099,539301,16045,15613,448,16061,253
2020-09-11,Sutter,101,95872,1580,1505,1,1506,11
2020-09-11,Tehama,103,63373,484,466,2,468,1
2020-09-11,Trinity,105,12862,52,16,7,23,0
2020-09-11,Tulare,107,460477,15601,14932,77,15009,251
2020-09-11,Tuolumne,109,53932,225,208,5,213,1
2020-09-11,Ventura,111,848112,12442,11700,130,11830,123
2020-09-11,Yolo,113,214977,2719,2632,7,2639,53
2020-09-11,Yuba,115,75493,1014,946,3,949,1
2020-09-10,Alameda,001,1643700,20276,19509,145,19654,292
2020-09-10,Alpine,003,1148,2,2,0,2,0
2020-09-10,Amador,005,37829,280,277,0,277,16
2020-09-10,Butte,007,227075,2755,2590,26,2616,37
2020-09-10,Calaveras,009,45235,299,244,0,244,1
2020-09-10,Colusa,011,21464,504,482,0,482,6
2020-09-10,Contra Costa,013,1133247,15875,14909,72,14981,172
2020-09-10,Del Norte,015,27424,125,112,0,112,1
2020-09-10,El Dorado,017,186661,1079,1020,7,1027,2
2020-09-10,Fresno,019,978130,29316,26783,336,27119,338
2020-09-10,Glenn,021,27897,534,511,0,511,3
2020-09-10,Humboldt,023,135768,464,422,1,423,4
2020-09-10,Imperial,025,180216,11516,10251,7,10258,270
2020-09-10,Inyo,027,18085,185,176,4,180,11
2020-09-10,Kern,029,883053,30945,29988,277,30265,363
2020-09-10,Kings,031,150075,7161,6739,32,6771,70
2020-09-10,Lake,033,64148,447,377,0,377,4
2020-09-10,Lassen,035,31185,733,716,2,718,0
2020-09-10,Los Angeles,037,10098052,254506,251003,1524,252527,6132
2020-09-10,Madera,039,155013,4258,3979,29,4008,43
2020-09-10,Marin,041,260295,6484,6344,15,6359,68
2020-09-10,Mariposa,043,17540,75,72,0,72,2
2020-09-10,Mendocino,045,87422,735,697,0,697,16
2020-09-10,Merced,047,269075,8581,8461,13,8474,109
2020-09-10,Modoc,049,8938,25,21,0,21,0
2020-09-10,Mono,051,14174,165,145,2,147,1
2020-09-10,Monterey,053,433212,9068,8570,23,8593,59
2020-09-10,Napa,055,140530,1594,1536,8,1544,11
2020-09-10,Nevada,057,99092,491,478,15,493,6
2020-09-10,Orange,059,3164182,52277,49617,1313,50930,1057
2020-09-10,Placer,061,380077,3399,3233,13,3246,37
2020-09-10,Plumas,063,18699,48,42,0,42,0
2020-09-10,Riverside,065,2383286,56050,54417,96,54513,1091
2020-09-10,Sacramento,067,1510023,20579,19618,22,19640,354
2020-09-10,San Benito,069,59416,1247,1201,0,1201,5
2020-09-10,San Bernardino,071,2135413,51352,49467,329,49796,867
2020-09-10,San Diego,073,3302833,43679,41610,677,42287,725
2020-09-10,San Francisco,075,870044,10462,10082,22,10104,89
2020-09-10,San Joaquin,077,732212,19477,18854,43,18897,389
2020-09-10,San Luis Obispo,079,281455,3406,3161,16,3177,24
2020-09-10,San Mateo,081,765935,9432,8529,10,8539,125
2020-09-10,Santa Barbara,083,443738,8758,8552,71,8623,100
2020-09-10,Santa Clara,085,1922200,20462,18870,39,18909,231
2020-09-10,Santa Cruz,087,273765,2145,1986,17,2003,7
2020-09-10,Shasta,089,179085,696,566,3,569,10
2020-09-10,Sierra,091,2930,6,6,0,6,0
2020-09-10,Siskiyou,093,43540,151,137,9,146,0
2020-09-10,Solano,095,438530,5922,5696,39,5735,42
2020-09-10,Sonoma,097,501317,6797,6424,20,6444,91
2020-09-10,Stanislaus,099,539301,15992,15509,443,15952,243
2020-09-10,Sutter,101,95872,1570,1494,1,1495,11
2020-09-10,Tehama,103,63373,477,466,2,468,1
2020-09-10,Trinity,105,12862,52,15,7,22,0
2020-09-10,Tulare,107,460477,15548,14860,74,14934,250
2020-09-10,Tuolumne,109,53932,224,205,5,210,1
2020-09-10,Ventura,111,848112,12348,11600,123,11723,122
2020-09-10,Yolo,113,214977,2714,2612,7,2619,53
2020-09-10,Yuba,115,75493,1008,941,3,944,1
2020-09-09,Alameda,001,1643700,20197,19399,144,19543,289
2020-09-09,Alpine,003,1148,2,2,0,2,0
2020-09-09,Amador,005,37829,279,276,0,276,16
2020-09-09,Butte,007,227075,2738,2561,26,2587,37
2020-09-09,Calaveras,009,45235,299,242,0,242,1
2020-09-09,Colusa,011,21464,499,479,0,479,6
2020-09-09,Contra Costa,013,1133247,15788,14816,72,14888,171
2020-09-09,Del Norte,015,27424,121,109,0,109,1
2020-09-09,El Dorado,017,186661,1076,1020,7,1027,2
2020-09-09,Fresno,019,978130,29213,26724,331,27055,329
2020-09-09,Glenn,021,27897,531,508,0,508,3
2020-09-09,Humboldt,023,135768,462,420,1,421,4
2020-09-09,Imperial,025,180216,11496,10233,7,10240,268
2020-09-09,Inyo,027,18085,184,173,4,177,2
2020-09-09,Kern,029,883053,30847,29925,274,30199,355
2020-09-09,Kings,031,150075,7143,6721,32,6753,72
2020-09-09,Lake,033,64148,439,371,0,371,4
2020-09-09,Lassen,035,31185,732,714,2,716,0
2020-09-09,Los Angeles,037,10098052,253633,249876,1506,251382,6091
2020-09-09,Madera,039,155013,4232,3926,29,3955,43
2020-09-09,Marin,041,260295,6465,6321,15,6336,68
2020-09-09,Mariposa,043,17540,74,72,0,72,2
2020-09-09,Mendocino,045,87422,727,695,0,695,16
2020-09-09,Merced,047,269075,8555,8441,13,8454,107
2020-09-09,Modoc,049,8938,24,20,0,20,0
2020-09-09,Mono,051,14174,165,145,2,147,1
2020-09-09,Monterey,053,433212,8996,8527,23,8550,59
2020-09-09,Napa,055,140530,1584,1531,8,1539,11
2020-09-09,Nevada,057,99092,487,476,15,491,6
2020-09-09,Orange,059,3164182,52098,49394,1306,50700,1054
2020-09-09,Placer,061,380077,3379,3222,13,3235,36
2020-09-09,Plumas,063,18699,46,42,0,42,0
2020-09-09,Riverside,065,2383286,55820,54320,93,54413,1081
2020-09-09,Sacramento,067,1510023,20474,19474,21,19495,347
2020-09-09,San Benito,069,59416,1243,1199,0,1199,5
2020-09-09,San Bernardino,071,2135413,51153,49264,328,49592,866
2020-09-09,San Diego,073,3302833,43390,41326,665,41991,721
2020-09-09,San Francisco,075,870044,10412,9996,21,10017,86
2020-09-09,San Joaquin,077,732212,19414,18799,42,18841,388
2020-09-09,San Luis Obispo,079,281455,3388,3131,16,3147,24
2020-09-09,San Mateo,081,765935,9372,8478,10,8488,125
2020-09-09,Santa Barbara,083,443738,8715,8528,71,8599,97
2020-09-09,Santa Clara,085,1922200,20331,18759,39,18798,228
2020-09-09,Santa Cruz,087,273765,2122,1967,17,1984,7
2020-09-09,Shasta,089,179085,684,562,3,565,10
2020-09-09,Sierra,091,2930,6,6,0,6,0
2020-09-09,Siskiyou,093,43540,149,137,9,146,0
2020-09-09,Solano,095,438530,5890,5680,39,5719,36
2020-09-09,Sonoma,097,501317,6731,6397,20,6417,92
2020-09-09,Stanislaus,099,539301,15952,15469,432,15901,243
2020-09-09,Sutter,101,95872,1562,1487,1,1488,11
2020-09-09,Tehama,103,63373,474,462,2,464,1
2020-09-09,Trinity,105,12862,52,14,7,21,0
2020-09-09,Tulare,107,460477,15498,14787,69,14856,249
2020-09-09,Tuolumne,109,53932,223,204,4,208,1
2020-09-09,Ventura,111,848112,12257,11497,120,11617,121
2020-09-09,Yolo,113,214977,2703,2604,7,2611,53
2020-09-09,Yuba,115,75493,1003,936,3,939,1
2020-09-08,Alameda,001,1643700,20088,19293,144,19437,288
2020-09-08,Alpine,003,1148,2,2,0,2,0
2020-09-08,Amador,005,37829,279,276,0,276,16
2020-09-08,Butte,007,227075,2720,2453,26,2479,36
2020-09-08,Calaveras,009,45235,297,233,0,233,1
2020-09-08,Colusa,011,21464,497,475,0,475,6
2020-09-08,Contra Costa,013,1133247,15659,14740,69,14809,171
2020-09-08,Del Norte,015,27424,121,109,0,109,2
2020-09-08,El Dorado,017,186661,1073,1011,7,1018,2
2020-09-08,Fresno,019,978130,29094,26640,327,26967,329
2020-09-08,Glenn,021,27897,527,492,0,492,3
2020-09-08,Humboldt,023,135768,460,420,1,421,4
2020-09-08,Imperial,025,180216,11480,10198,7,10205,267
2020-09-08,Inyo,027,18085,184,169,4,173,2
2020-09-08,Kern,029,883053,30762,29850,271,30121,351
2020-09-08,Kings,031,150075,7105,6658,32,6690,72
2020-09-08,Lake,033,64148,428,370,0,370,4
2020-09-08,Lassen,035,31185,732,710,2,712,0
2020-09-08,Los Angeles,037,10098052,252701,249217,1477,250694,6034
2020-09-08,Madera,039,155013,4208,3904,29,3933,43
2020-09-08,Marin,041,260295,6434,6313,15,6328,68
2020-09-08,Mariposa,043,17540,74,72,0,72,2
2020-09-08,Mendocino,045,87422,720,690,0,690,16
2020-09-08,Merced,047,269075,8532,8381,13,8394,104
2020-09-08,Modoc,049,8938,24,20,0,20,0
2020-09-08,Mono,051,14174,165,145,2,147,1
2020-09-08,Monterey,053,433212,8911,8491,23,8514,59
2020-09-08,Napa,055,140530,1580,1518,8,1526,11
2020-09-08,Nevada,057,99092,487,470,15,485,6
2020-09-08,Orange,059,3164182,51956,49214,1302,50516,1044
2020-09-08,Placer,061,380077,3365,3205,13,3218,36
2020-09-08,Plumas,063,18699,46,42,0,42,0
2020-09-08,Riverside,065,2383286,55606,54168,90,54258,1069
2020-09-08,Sacramento,067,1510023,20239,19411,20,19431,347
2020-09-08,San Benito,069,59416,1236,1188,0,1188,5
2020-09-08,San Bernardino,071,2135413,50965,49034,326,49360,856
2020-09-08,San Diego,073,3302833,43074,41079,653,41732,709
2020-09-08,San Francisco,075,870044,10338,9821,21,9842,86
2020-09-08,San Joaquin,077,732212,19336,18550,42,18592,388
2020-09-08,San Luis Obispo,079,281455,3373,3120,16,3136,23
2020-09-08,San Mateo,081,765935,9296,8460,10,8470,125
2020-09-08,Santa Barbara,083,443738,8681,8488,70,8558,96
2020-09-08,Santa Clara,085,1922200,20154,18645,39,18684,228
2020-09-08,Santa Cruz,087,273765,2094,1903,17,1920,7
2020-09-08,Shasta,089,179085,676,556,3,559,10
2020-09-08,Sierra,091,2930,6,6,0,6,0
2020-09-08,Siskiyou,093,43540,147,136,9,145,0
2020-09-08,Solano,095,438530,5853,5654,39,5693,36
2020-09-08,Sonoma,097,501317,6662,6356,20,6376,92
2020-09-08,Stanislaus,099,539301,15888,15415,420,15835,238
2020-09-08,Sutter,101,95872,1546,1473,1,1474,11
2020-09-08,Tehama,103,63373,470,458,2,460,1
2020-09-08,Trinity,105,12862,51,13,7,20,0
2020-09-08,Tulare,107,460477,15418,14635,68,14703,249
2020-09-08,Tuolumne,109,53932,222,197,4,201,1
2020-09-08,Ventura,111,848112,12188,11475,117,11592,118
2020-09-08,Yolo,113,214977,2693,2580,7,2587,53
2020-09-08,Yuba,115,75493,991,923,3,926,1
2020-09-07,Alameda,001,1643700,19967,19188,138,19326,281
2020-09-07,Alpine,003,1148,2,2,0,2,0
2020-09-07,Amador,005,37829,279,276,0,276,16
2020-09-07,Butte,007,227075,2687,2450,25,2475,30
2020-09-07,Calaveras,009,45235,287,234,0,234,1
2020-09-07,Colusa,011,21464,496,475,0,475,6
2020-09-07,Contra Costa,013,1133247,15544,14637,66,14703,172
2020-09-07,Del Norte,015,27424,121,109,0,109,2
2020-09-07,El Dorado,017,186661,1062,1011,7,1018,2
2020-09-07,Fresno,019,978130,29000,26565,324,26889,329
2020-09-07,Glenn,021,27897,522,488,0,488,3
2020-09-07,Humboldt,023,135768,451,416,1,417,4
2020-09-07,Imperial,025,180216,11449,10199,7,10206,267
2020-09-07,Inyo,027,18085,184,169,4,173,2
2020-09-07,Kern,029,883053,30641,29790,266,30056,348
2020-09-07,Kings,031,150075,6981,6630,32,6662,72
2020-09-07,Lake,033,64148,405,367,0,367,2
2020-09-07,Lassen,035,31185,732,709,2,711,0
2020-09-07,Los Angeles,037,10098052,251654,248804,1456,250260,6030
2020-09-07,Madera,039,155013,4177,3889,28,3917,43
2020-09-07,Marin,041,260295,6404,6296,15,6311,67
2020-09-07,Mariposa,043,17540,74,72,0,72,2
2020-09-07,Mendocino,045,87422,712,687,0,687,16
2020-09-07,Merced,047,269075,8485,8381,13,8394,104
2020-09-07,Modoc,049,8938,23,20,0,20,0
2020-09-07,Mono,051,14174,165,145,2,147,1
2020-09-07,Monterey,053,433212,8832,8463,23,8486,57
2020-09-07,Napa,055,140530,1568,1514,8,1522,11
2020-09-07,Nevada,057,99092,485,469,15,484,6
2020-09-07,Orange,059,3164182,51782,49132,1298,50430,1042
2020-09-07,Placer,061,380077,3335,3188,12,3200,36
2020-09-07,Plumas,063,18699,45,42,0,42,0
2020-09-07,Riverside,065,2383286,55331,54178,84,54262,1069
2020-09-07,Sacramento,067,1510023,19997,19292,19,19311,345
2020-09-07,San Benito,069,59416,1230,1180,0,1180,4
2020-09-07,San Bernardino,071,2135413,50737,49043,324,49367,821
2020-09-07,San Diego,073,3302833,42674,40868,626,41494,708
2020-09-07,San Francisco,075,870044,10287,9813,20,9833,85
2020-09-07,San Joaquin,077,732212,19254,18552,40,18592,386
2020-09-07,San Luis Obispo,079,281455,3336,3116,16,3132,23
2020-09-07,San Mateo,081,765935,9214,8409,10,8419,125
2020-09-07,Santa Barbara,083,443738,8637,8479,70,8549,95
2020-09-07,Santa Clara,085,1922200,19998,18596,38,18634,226
2020-09-07,Santa Cruz,087,273765,2066,1902,17,1919,7
2020-09-07,Shasta,089,179085,666,556,3,559,10
2020-09-07,Sierra,091,2930,6,6,0,6,0
2020-09-07,Siskiyou,093,43540,146,133,9,142,0
2020-09-07,Solano,095,438530,5788,5640,39,5679,36
2020-09-07,Sonoma,097,501317,6596,6268,20,6288,85
2020-09-07,Stanislaus,099,539301,15823,15343,408,15751,236
2020-09-07,Sutter,101,95872,1529,1468,1,1469,11
2020-09-07,Tehama,103,63373,466,453,2,455,1
2020-09-07,Trinity,105,12862,51,13,7,20,0
2020-09-07,Tulare,107,460477,15311,14637,66,14703,249
2020-09-07,Tuolumne,109,53932,221,196,4,200,1
2020-09-07,Ventura,111,848112,12093,11463,114,11577,118
2020-09-07,Yolo,113,214977,2676,2565,6,2571,53
2020-09-07,Yuba,115,75493,975,923,3,926,1
2020-09-06,Alameda,001,1643700,19909,19029,136,19165,281
2020-09-06,Alpine,003,1148,2,2,0,2,0
2020-09-06,Amador,005,37829,277,275,0,275,16
2020-09-06,Butte,007,227075,2678,2446,25,2471,30
2020-09-06,Calaveras,009,45235,287,235,0,235,1
2020-09-06,Colusa,011,21464,492,475,0,475,6
2020-09-06,Contra Costa,013,1133247,15463,14565,65,14630,171
2020-09-06,Del Norte,015,27424,121,109,0,109,2
2020-09-06,El Dorado,017,186661,1060,1008,7,1015,2
2020-09-06,Fresno,019,978130,28936,26471,322,26793,329
2020-09-06,Glenn,021,27897,516,474,0,474,3
2020-09-06,Humboldt,023,135768,448,404,1,405,4
2020-09-06,Imperial,025,180216,11432,10152,7,10159,267
2020-09-06,Inyo,027,18085,184,169,4,173,2
2020-09-06,Kern,029,883053,30586,29699,262,29961,348
2020-09-06,Kings,031,150075,6961,6561,31,6592,72
2020-09-06,Lake,033,64148,402,362,0,362,2
2020-09-06,Lassen,035,31185,732,709,2,711,0
2020-09-06,Los Angeles,037,10098052,251021,248316,1442,249758,6004
2020-09-06,Madera,039,155013,4133,3867,28,3895,42
2020-09-06,Marin,041,260295,6392,6276,15,6291,67
2020-09-06,Mariposa,043,17540,74,72,0,72,2
2020-09-06,Mendocino,045,87422,711,672,0,672,16
2020-09-06,Merced,047,269075,8466,8327,13,8340,104
2020-09-06,Modoc,049,8938,23,20,0,20,0
2020-09-06,Mono,051,14174,164,145,2,147,1
2020-09-06,Monterey,053,433212,8792,8403,22,8425,56
2020-09-06,Napa,055,140530,1564,1501,6,1507,11
2020-09-06,Nevada,057,99092,485,467,14,481,6
2020-09-06,Orange,059,3164182,51669,48931,1294,50225,1042
2020-09-06,Placer,061,380077,3318,3169,12,3181,36
2020-09-06,Plumas,063,18699,44,42,0,42,0
2020-09-06,Riverside,065,2383286,55214,53970,82,54052,1069
2020-09-06,Sacramento,067,1510023,19902,19128,19,19147,340
2020-09-06,San Benito,069,59416,1228,1178,0,1178,4
2020-09-06,San Bernardino,071,2135413,50630,48923,324,49247,823
2020-09-06,San Diego,073,3302833,42426,40652,620,41272,707
2020-09-06,San Francisco,075,870044,10213,9813,20,9833,85
2020-09-06,San Joaquin,077,732212,19205,18558,40,18598,386
2020-09-06,San Luis Obispo,079,281455,3325,3101,16,3117,23
2020-09-06,San Mateo,081,765935,9161,8387,10,8397,125
2020-09-06,Santa Barbara,083,443738,8608,8434,70,8504,95
2020-09-06,Santa Clara,085,1922200,19896,18495,38,18533,207
2020-09-06,Santa Cruz,087,273765,2059,1902,17,1919,7
2020-09-06,Shasta,089,179085,660,550,3,553,10
2020-09-06,Sierra,091,2930,6,6,0,6,0
2020-09-06,Siskiyou,093,43540,146,132,9,141,0
2020-09-06,Solano,095,438530,5762,5619,39,5658,37
2020-09-06,Sonoma,097,501317,6567,6212,20,6232,85
2020-09-06,Stanislaus,099,539301,15779,15288,404,15692,236
2020-09-06,Sutter,101,95872,1516,1451,1,1452,11
2020-09-06,Tehama,103,63373,465,455,2,457,1
2020-09-06,Trinity,105,12862,50,13,7,20,0
2020-09-06,Tulare,107,460477,15268,14636,65,14701,249
2020-09-06,Tuolumne,109,53932,218,194,4,198,1
2020-09-06,Ventura,111,848112,12048,11315,114,11429,118
2020-09-06,Yolo,113,214977,2662,2556,6,2562,53
2020-09-06,Yuba,115,75493,966,913,3,916,1
2020-09-05,Alameda,001,1643700,19863,18973,134,19107,279
2020-09-05,Alpine,003,1148,2,2,0,2,0
2020-09-05,Amador,005,37829,277,274,0,274,16
2020-09-05,Butte,007,227075,2662,2406,24,2430,30
2020-09-05,Calaveras,009,45235,287,237,0,237,1
2020-09-05,Colusa,011,21464,488,472,0,472,6
2020-09-05,Contra Costa,013,1133247,15386,14456,63,14519,173
2020-09-05,Del Norte,015,27424,121,109,0,109,2
2020-09-05,El Dorado,017,186661,1060,1007,7,1014,2
2020-09-05,Fresno,019,978130,28869,26325,322,26647,331
2020-09-05,Glenn,021,27897,515,474,0,474,3
2020-09-05,Humboldt,023,135768,446,402,1,403,4
2020-09-05,Imperial,025,180216,11415,10151,7,10158,268
2020-09-05,Inyo,027,18085,184,169,4,173,2
2020-09-05,Kern,029,883053,30526,29645,258,29903,347
2020-09-05,Kings,031,150075,6952,6518,31,6549,66
2020-09-05,Lake,033,64148,399,359,0,359,2
2020-09-05,Lassen,035,31185,732,709,2,711,0
2020-09-05,Los Angeles,037,10098052,250486,247572,1430,249002,6001
2020-09-05,Madera,039,155013,4093,3851,28,3879,42
2020-09-05,Marin,041,260295,6384,6259,15,6274,66
2020-09-05,Mariposa,043,17540,74,72,0,72,2
2020-09-05,Mendocino,045,87422,710,658,0,658,16
2020-09-05,Merced,047,269075,8434,8297,11,8308,104
2020-09-05,Modoc,049,8938,23,19,0,19,0
2020-09-05,Mono,051,14174,164,145,2,147,1
2020-09-05,Monterey,053,433212,8762,8301,22,8323,56
2020-09-05,Napa,055,140530,1558,1484,6,1490,11
2020-09-05,Nevada,057,99092,482,461,14,475,6
2020-09-05,Orange,059,3164182,51568,48726,1289,50015,1039
2020-09-05,Placer,061,380077,3308,3141,12,3153,35
2020-09-05,Plumas,063,18699,44,42,0,42,0
2020-09-05,Riverside,065,2383286,55108,53780,82,53862,1066
2020-09-05,Sacramento,067,1510023,19812,18955,19,18974,339
2020-09-05,San Benito,069,59416,1226,1153,0,1153,4
2020-09-05,San Bernardino,071,2135413,50554,48800,323,49123,825
2020-09-05,San Diego,073,3302833,42233,40344,608,40952,717
2020-09-05,San Francisco,075,870044,10180,9812,19,9831,85
2020-09-05,San Joaquin,077,732212,19176,18557,40,18597,386
2020-09-05,San Luis Obispo,079,281455,3314,3083,16,3099,23
2020-09-05,San Mateo,081,765935,9116,8352,10,8362,124
2020-09-05,Santa Barbara,083,443738,8592,8404,70,8474,96
2020-09-05,Santa Clara,085,1922200,19815,18311,38,18349,207
2020-09-05,Santa Cruz,087,273765,2051,1904,17,1921,7
2020-09-05,Shasta,089,179085,659,544,3,547,10
2020-09-05,Sierra,091,2930,6,6,0,6,0
2020-09-05,Siskiyou,093,43540,145,131,9,140,0
2020-09-05,Solano,095,438530,5750,5579,39,5618,37
2020-09-05,Sonoma,097,501317,6534,6149,20,6169,85
2020-09-05,Stanislaus,099,539301,15731,15198,400,15598,236
2020-09-05,Sutter,101,95872,1509,1445,1,1446,11
2020-09-05,Tehama,103,63373,464,447,2,449,1
2020-09-05,Trinity,105,12862,50,13,7,20,0
2020-09-05,Tulare,107,460477,15210,14576,63,14639,249
2020-09-05,Tuolumne,109,53932,218,194,4,198,1
2020-09-05,Ventura,111,848112,12005,11254,114,11368,118
2020-09-05,Yolo,113,214977,2652,2534,6,2540,53
2020-09-05,Yuba,115,75493,960,902,3,905,1
2020-09-04,Alameda,001,1643700,19794,18843,133,18976,276
2020-09-04,Alpine,003,1148,2,2,0,2,0
2020-09-04,Amador,005,37829,276,274,0,274,16
2020-09-04,Butte,007,227075,2639,2325,24,2349,28
2020-09-04,Calaveras,009,45235,285,237,0,237,1
2020-09-04,Colusa,011,21464,486,467,0,467,6
2020-09-04,Contra Costa,013,1133247,15302,14355,62,14417,164
2020-09-04,Del Norte,015,27424,121,109,0,109,2
2020-09-04,El Dorado,017,186661,1056,992,7,999,2
2020-09-04,Fresno,019,978130,28765,26147,321,26468,321
2020-09-04,Glenn,021,27897,507,463,0,463,3
2020-09-04,Humboldt,023,135768,441,390,1,391,4
2020-09-04,Imperial,025,180216,11406,10136,7,10143,267
2020-09-04,Inyo,027,18085,184,169,4,173,2
2020-09-04,Kern,029,883053,30458,29526,255,29781,345
2020-09-04,Kings,031,150075,6939,6259,31,6290,66
2020-09-04,Lake,033,64148,399,347,0,347,2
2020-09-04,Lassen,035,31185,732,708,2,710,0
2020-09-04,Los Angeles,037,10098052,249918,246396,1410,247806,5977
2020-09-04,Madera,039,155013,4080,3838,28,3866,42
2020-09-04,Marin,041,260295,6372,6251,15,6266,66
2020-09-04,Mariposa,043,17540,74,72,0,72,2
2020-09-04,Mendocino,045,87422,708,646,0,646,16
2020-09-04,Merced,047,269075,8414,8214,11,8225,104
2020-09-04,Modoc,049,8938,23,15,0,15,0
2020-09-04,Mono,051,14174,164,145,2,147,1
2020-09-04,Monterey,053,433212,8717,8208,22,8230,56
2020-09-04,Napa,055,140530,1549,1475,6,1481,11
2020-09-04,Nevada,057,99092,479,455,14,469,6
2020-09-04,Orange,059,3164182,51444,48488,1282,49770,1031
2020-09-04,Placer,061,380077,3296,3101,12,3113,35
2020-09-04,Plumas,063,18699,44,42,0,42,0
2020-09-04,Riverside,065,2383286,54995,53606,77,53683,1066
2020-09-04,Sacramento,067,1510023,19724,18765,19,18784,337
2020-09-04,San Benito,069,59416,1217,1137,0,1137,4
2020-09-04,San Bernardino,071,2135413,50461,48497,321,48818,800
2020-09-04,San Diego,073,3302833,42003,39901,599,40500,701
2020-09-04,San Francisco,075,870044,10140,9694,18,9712,85
2020-09-04,San Joaquin,077,732212,19122,18438,40,18478,376
2020-09-04,San Luis Obispo,079,281455,3299,3049,15,3064,21
2020-09-04,San Mateo,081,765935,9072,8275,10,8285,122
2020-09-04,Santa Barbara,083,443738,8562,8340,70,8410,96
2020-09-04,Santa Clara,085,1922200,19705,18074,38,18112,209
2020-09-04,Santa Cruz,087,273765,2034,1896,16,1912,7
2020-09-04,Shasta,089,179085,656,536,3,539,10
2020-09-04,Sierra,091,2930,6,6,0,6,0
2020-09-04,Siskiyou,093,43540,145,129,9,138,0
2020-09-04,Solano,095,438530,5737,5552,39,5591,37
2020-09-04,Sonoma,097,501317,6469,6050,20,6070,85
2020-09-04,Stanislaus,099,539301,15698,15074,391,15465,233
2020-09-04,Sutter,101,95872,1493,1425,1,1426,11
2020-09-04,Tehama,103,63373,460,442,2,444,1
2020-09-04,Trinity,105,12862,50,13,7,20,0
2020-09-04,Tulare,107,460477,15182,14501,60,14561,247
2020-09-04,Tuolumne,109,53932,218,193,4,197,1
2020-09-04,Ventura,111,848112,11963,11171,114,11285,114
2020-09-04,Yolo,113,214977,2638,2495,6,2501,53
2020-09-04,Yuba,115,75493,955,884,3,887,1
2020-09-03,Alameda,001,1643700,19691,18687,133,18820,275
2020-09-03,Alpine,003,1148,2,2,0,2,0
2020-09-03,Amador,005,37829,276,274,0,274,16
2020-09-03,Butte,007,227075,2595,2274,24,2298,27
2020-09-03,Calaveras,009,45235,284,238,0,238,1
2020-09-03,Colusa,011,21464,484,464,0,464,6
2020-09-03,Contra Costa,013,1133247,15194,14206,59,14265,159
2020-09-03,Del Norte,015,27424,118,109,0,109,2
2020-09-03,El Dorado,017,186661,1052,983,7,990,2
2020-09-03,Fresno,019,978130,28646,25978,316,26294,313
2020-09-03,Glenn,021,27897,503,460,0,460,3
2020-09-03,Humboldt,023,135768,436,390,1,391,4
2020-09-03,Imperial,025,180216,11385,10083,7,10090,255
2020-09-03,Inyo,027,18085,182,171,4,175,3
2020-09-03,Kern,029,883053,30366,29426,241,29667,340
2020-09-03,Kings,031,150075,6859,6200,31,6231,64
2020-09-03,Lake,033,64148,390,347,0,347,2
2020-09-03,Lassen,035,31185,732,707,2,709,0
2020-09-03,Los Angeles,037,10098052,249055,245026,1390,246416,5931
2020-09-03,Madera,039,155013,4061,3780,28,3808,43
2020-09-03,Marin,041,260295,6353,6175,15,6190,66
2020-09-03,Mariposa,043,17540,74,71,0,71,2
2020-09-03,Mendocino,045,87422,699,638,0,638,16
2020-09-03,Merced,047,269075,8372,8136,11,8147,105
2020-09-03,Modoc,049,8938,23,14,0,14,0
2020-09-03,Mono,051,14174,163,144,2,146,1
2020-09-03,Monterey,053,433212,8663,8128,22,8150,56
2020-09-03,Napa,055,140530,1542,1466,6,1472,10
2020-09-03,Nevada,057,99092,476,453,14,467,6
2020-09-03,Orange,059,3164182,51258,48226,1268,49494,1009
2020-09-03,Placer,061,380077,3278,3069,12,3081,34
2020-09-03,Plumas,063,18699,44,39,0,39,0
2020-09-03,Riverside,065,2383286,54815,53341,73,53414,1052
2020-09-03,Sacramento,067,1510023,19596,18553,18,18571,328
2020-09-03,San Benito,069,59416,1206,1121,0,1121,4
2020-09-03,San Bernardino,071,2135413,50295,48165,320,48485,800
2020-09-03,San Diego,073,3302833,41689,39448,583,40031,700
2020-09-03,San Francisco,075,870044,10075,9636,16,9652,84
2020-09-03,San Joaquin,077,732212,19044,18331,40,18371,371
2020-09-03,San Luis Obispo,079,281455,3282,3023,15,3038,21
2020-09-03,San Mateo,081,765935,8998,8211,10,8221,122
2020-09-03,Santa Barbara,083,443738,8515,8277,70,8347,96
2020-09-03,Santa Clara,085,1922200,19524,17879,38,17917,208
2020-09-03,Santa Cruz,087,273765,2019,1870,16,1886,7
2020-09-03,Shasta,089,179085,651,535,3,538,10
2020-09-03,Sierra,091,2930,6,6,0,6,0
2020-09-03,Siskiyou,093,43540,145,128,9,137,0
2020-09-03,Solano,095,438530,5717,5499,38,5537,36
2020-09-03,Sonoma,097,501317,6407,5997,20,6017,62
2020-09-03,Stanislaus,099,539301,15646,14985,387,15372,217
2020-09-03,Sutter,101,95872,1483,1412,1,1413,11
2020-09-03,Tehama,103,63373,456,436,2,438,1
2020-09-03,Trinity,105,12862,48,13,7,20,0
2020-09-03,Tulare,107,460477,15116,14408,59,14467,244
2020-09-03,Tuolumne,109,53932,218,193,4,197,1
2020-09-03,Ventura,111,848112,11845,11109,111,11220,112
2020-09-03,Yolo,113,214977,2622,2475,6,2481,53
2020-09-03,Yuba,115,75493,948,867,3,870,1
2020-09-02,Alameda,001,1643700,19573,18522,130,18652,260
2020-09-02,Alpine,003,1148,2,2,0,2,0
2020-09-02,Amador,005,37829,276,245,0,245,14
2020-09-02,Butte,007,227075,2549,2241,24,2265,27
2020-09-02,Calaveras,009,45235,283,235,0,235,1
2020-09-02,Colusa,011,21464,480,460,0,460,6
2020-09-02,Contra Costa,013,1133247,15105,14097,57,14154,159
2020-09-02,Del Norte,015,27424,117,109,0,109,2
2020-09-02,El Dorado,017,186661,1048,975,6,981,2
2020-09-02,Fresno,019,978130,28498,25785,313,26098,292
2020-09-02,Glenn,021,27897,498,457,0,457,3
2020-09-02,Humboldt,023,135768,433,381,1,382,4
2020-09-02,Imperial,025,180216,11369,9832,7,9839,255
2020-09-02,Inyo,027,18085,182,171,4,175,3
2020-09-02,Kern,029,883053,30274,29288,235,29523,335
2020-09-02,Kings,031,150075,6774,6142,31,6173,64
2020-09-02,Lake,033,64148,386,342,0,342,2
2020-09-02,Lassen,035,31185,730,706,2,708,0
2020-09-02,Los Angeles,037,10098052,248124,243999,1362,245361,5887
2020-09-02,Madera,039,155013,4041,3735,28,3763,41
2020-09-02,Marin,041,260295,6338,6131,15,6146,66
2020-09-02,Mariposa,043,17540,74,71,0,71,2
2020-09-02,Mendocino,045,87422,689,636,0,636,15
2020-09-02,Merced,047,269075,8341,8097,10,8107,103
2020-09-02,Modoc,049,8938,22,11,0,11,0
2020-09-02,Mono,051,14174,163,145,2,147,1
2020-09-02,Monterey,053,433212,8599,8070,22,8092,56
2020-09-02,Napa,055,140530,1530,1454,6,1460,10
2020-09-02,Nevada,057,99092,470,452,13,465,6
2020-09-02,Orange,059,3164182,51077,47871,1258,49129,994
2020-09-02,Placer,061,380077,3253,3047,11,3058,33
2020-09-02,Plumas,063,18699,44,39,0,39,0
2020-09-02,Riverside,065,2383286,54613,52923,70,52993,1032
2020-09-02,Sacramento,067,1510023,19361,18355,17,18372,316
2020-09-02,San Benito,069,59416,1193,1107,0,1107,4
2020-09-02,San Bernardino,071,2135413,50132,47766,317,48083,794
2020-09-02,San Diego,073,3302833,41369,39123,569,39692,695
2020-09-02,San Francisco,075,870044,10006,9587,16,9603,84
2020-09-02,San Joaquin,077,732212,18963,18194,39,18233,352
2020-09-02,San Luis Obispo,079,281455,3256,3002,14,3016,21
2020-09-02,San Mateo,081,765935,8941,8148,10,8158,122
2020-09-02,Santa Barbara,083,443738,8460,8206,69,8275,94
2020-09-02,Santa Clara,085,1922200,19368,17673,38,17711,206
2020-09-02,Santa Cruz,087,273765,1996,1850,16,1866,7
2020-09-02,Shasta,089,179085,650,531,3,534,10
2020-09-02,Sierra,091,2930,6,6,0,6,0
2020-09-02,Siskiyou,093,43540,144,127,9,136,0
2020-09-02,Solano,095,438530,5689,5463,38,5501,36
2020-09-02,Sonoma,097,501317,6345,5846,20,5866,62
2020-09-02,Stanislaus,099,539301,15576,14854,380,15234,220
2020-09-02,Sutter,101,95872,1468,1401,1,1402,10
2020-09-02,Tehama,103,63373,453,429,2,431,1
2020-09-02,Trinity,105,12862,48,13,7,20,0
2020-09-02,Tulare,107,460477,15050,14298,59,14357,244
2020-09-02,Tuolumne,109,53932,218,190,4,194,1
2020-09-02,Ventura,111,848112,11758,11031,110,11141,111
2020-09-02,Yolo,113,214977,2600,2449,6,2455,54
2020-09-02,Yuba,115,75493,941,856,3,859,1
2020-09-01,Alameda,001,1643700,19434,18382,127,18509,248
2020-09-01,Alpine,003,1148,2,2,0,2,0
2020-09-01,Amador,005,37829,275,244,0,244,13
2020-09-01,Butte,007,227075,2492,2146,24,2170,26
2020-09-01,Calaveras,009,45235,275,228,0,228,1
2020-09-01,Colusa,011,21464,476,454,0,454,6
2020-09-01,Contra Costa,013,1133247,15012,13998,55,14053,158
2020-09-01,Del Norte,015,27424,116,108,0,108,2
2020-09-01,El Dorado,017,186661,1040,972,6,978,2
2020-09-01,Fresno,019,978130,28351,25542,311,25853,290
2020-09-01,Glenn,021,27897,491,449,0,449,3
2020-09-01,Humboldt,023,135768,427,378,1,379,4
2020-09-01,Imperial,025,180216,11343,9782,7,9789,250
2020-09-01,Inyo,027,18085,182,171,4,175,3
2020-09-01,Kern,029,883053,30183,29162,230,29392,332
2020-09-01,Kings,031,150075,6743,6088,31,6119,62
2020-09-01,Lake,033,64148,383,341,0,341,2
2020-09-01,Lassen,035,31185,727,706,2,708,0
2020-09-01,Los Angeles,037,10098052,247033,242633,1339,243972,5832
2020-09-01,Madera,039,155013,4012,3703,27,3730,41
2020-09-01,Marin,041,260295,6323,6102,15,6117,67
2020-09-01,Mariposa,043,17540,73,72,0,72,2
2020-09-01,Mendocino,045,87422,674,626,0,626,15
2020-09-01,Merced,047,269075,8288,8046,9,8055,103
2020-09-01,Modoc,049,8938,20,10,0,10,0
2020-09-01,Mono,051,14174,163,145,2,147,1
2020-09-01,Monterey,053,433212,8493,7926,22,7948,56
2020-09-01,Napa,055,140530,1515,1446,6,1452,10
2020-09-01,Nevada,057,99092,464,450,13,463,6
2020-09-01,Orange,059,3164182,50913,47671,1239,48910,976
2020-09-01,Placer,061,380077,3231,3013,11,3024,33
2020-09-01,Plumas,063,18699,44,39,0,39,0
2020-09-01,Riverside,065,2383286,54396,52785,69,52854,1027
2020-09-01,Sacramento,067,1510023,19178,18217,16,18233,305
2020-09-01,San Benito,069,59416,1181,1089,0,1089,4
2020-09-01,San Bernardino,071,2135413,49925,47371,316,47687,786
2020-09-01,San Diego,073,3302833,41011,38873,531,39404,688
2020-09-01,San Francisco,075,870044,9937,9492,16,9508,83
2020-09-01,San Joaquin,077,732212,18882,17915,38,17953,341
2020-09-01,San Luis Obispo,079,281455,3230,2970,14,2984,21
2020-09-01,San Mateo,081,765935,8861,8132,10,8142,122
2020-09-01,Santa Barbara,083,443738,8410,8142,68,8210,93
2020-09-01,Santa Clara,085,1922200,19189,17319,38,17357,204
2020-09-01,Santa Cruz,087,273765,1972,1752,16,1768,7
2020-09-01,Shasta,089,179085,642,527,3,530,9
2020-09-01,Sierra,091,2930,6,6,0,6,0
2020-09-01,Siskiyou,093,43540,141,128,8,136,0
2020-09-01,Solano,095,438530,5663,5438,38,5476,34
2020-09-01,Sonoma,097,501317,6255,5733,20,5753,60
2020-09-01,Stanislaus,099,539301,15500,14784,370,15154,212
2020-09-01,Sutter,101,95872,1457,1389,1,1390,10
2020-09-01,Tehama,103,63373,449,422,2,424,1
2020-09-01,Trinity,105,12862,47,13,6,19,0
2020-09-01,Tulare,107,460477,14966,14156,59,14215,241
2020-09-01,Tuolumne,109,53932,212,183,4,187,1
2020-09-01,Ventura,111,848112,11680,10899,105,11004,108
2020-09-01,Yolo,113,214977,2583,2440,6,2446,51
2020-09-01,Yuba,115,75493,932,841,3,844,1
2020-08-31,Alameda,001,1643700,19288,18148,127,18275,248
2020-08-31,Alpine,003,1148,2,2,0,2,0
2020-08-31,Amador,005,37829,275,243,0,243,13
2020-08-31,Butte,007,227075,2428,2069,24,2093,26
2020-08-31,Calaveras,009,45235,270,212,0,212,1
2020-08-31,Colusa,011,21464,475,443,0,443,6
2020-08-31,Contra Costa,013,1133247,14886,13902,52,13954,153
2020-08-31,Del Norte,015,27424,116,108,0,108,2
2020-08-31,El Dorado,017,186661,1033,965,6,971,2
2020-08-31,Fresno,019,978130,28129,25185,305,25490,290
2020-08-31,Glenn,021,27897,479,437,0,437,3
2020-08-31,Humboldt,023,135768,425,374,1,375,4
2020-08-31,Imperial,025,180216,11312,9759,7,9766,250
2020-08-31,Inyo,027,18085,181,160,4,164,3
2020-08-31,Kern,029,883053,30085,29067,229,29296,318
2020-08-31,Kings,031,150075,6476,6037,31,6068,62
2020-08-31,Lake,033,64148,367,341,0,341,2
2020-08-31,Lassen,035,31185,724,706,2,708,0
2020-08-31,Los Angeles,037,10098052,245926,241793,1312,243105,5787
2020-08-31,Madera,039,155013,3989,3662,26,3688,35
2020-08-31,Marin,041,260295,6287,6074,15,6089,67
2020-08-31,Mariposa,043,17540,73,69,0,69,2
2020-08-31,Mendocino,045,87422,662,618,0,618,15
2020-08-31,Merced,047,269075,8226,7991,9,8000,79
2020-08-31,Modoc,049,8938,18,10,0,10,0
2020-08-31,Mono,051,14174,163,145,2,147,1
2020-08-31,Monterey,053,433212,8386,7839,22,7861,56
2020-08-31,Napa,055,140530,1507,1434,6,1440,10
2020-08-31,Nevada,057,99092,462,447,13,460,6
2020-08-31,Orange,059,3164182,50714,47392,1211,48603,965
2020-08-31,Placer,061,380077,3182,2989,11,3000,33
2020-08-31,Plumas,063,18699,43,39,0,39,0
2020-08-31,Riverside,065,2383286,54174,52508,67,52575,1020
2020-08-31,Sacramento,067,1510023,18937,17999,16,18015,303
2020-08-31,San Benito,069,59416,1165,1080,0,1080,4
2020-08-31,San Bernardino,071,2135413,49713,47370,315,47685,755
2020-08-31,San Diego,073,3302833,40644,38606,498,39104,682
2020-08-31,San Francisco,075,870044,9858,9293,13,9306,83
2020-08-31,San Joaquin,077,732212,18795,17807,37,17844,338
2020-08-31,San Luis Obispo,079,281455,3207,2951,13,2964,21
2020-08-31,San Mateo,081,765935,8791,8065,10,8075,122
2020-08-31,Santa Barbara,083,443738,8365,8124,68,8192,94
2020-08-31,Santa Clara,085,1922200,19001,17211,38,17249,202
2020-08-31,Santa Cruz,087,273765,1947,1742,16,1758,7
2020-08-31,Shasta,089,179085,637,528,3,531,9
2020-08-31,Sierra,091,2930,6,6,0,6,0
2020-08-31,Siskiyou,093,43540,140,127,8,135,0
2020-08-31,Solano,095,438530,5631,5302,37,5339,34
2020-08-31,Sonoma,097,501317,6180,5650,20,5670,60
2020-08-31,Stanislaus,099,539301,15426,14685,361,15046,213
2020-08-31,Sutter,101,95872,1442,1365,1,1366,10
2020-08-31,Tehama,103,63373,446,421,2,423,1
2020-08-31,Trinity,105,12862,47,13,6,19,0
2020-08-31,Tulare,107,460477,14879,13985,57,14042,237
2020-08-31,Tuolumne,109,53932,212,178,4,182,1
2020-08-31,Ventura,111,848112,11592,10866,104,10970,108
2020-08-31,Yolo,113,214977,2565,2423,5,2428,51
2020-08-31,Yuba,115,75493,918,830,3,833,1
2020-08-30,Alameda,001,1643700,19163,18099,125,18224,248
2020-08-30,Alpine,003,1148,2,2,0,2,0
2020-08-30,Amador,005,37829,274,240,0,240,13
2020-08-30,Butte,007,227075,2348,1988,24,2012,26
2020-08-30,Calaveras,009,45235,261,211,0,211,1
2020-08-30,Colusa,011,21464,474,440,0,440,6
2020-08-30,Contra Costa,013,1133247,14748,13780,52,13832,150
2020-08-30,Del Norte,015,27424,115,108,0,108,2
2020-08-30,El Dorado,017,186661,1023,962,6,968,2
2020-08-30,Fresno,019,978130,28003,24963,304,25267,291
2020-08-30,Glenn,021,27897,472,437,0,437,3
2020-08-30,Humboldt,023,135768,414,362,1,363,4
2020-08-30,Imperial,025,180216,11293,9703,7,9710,250
2020-08-30,Inyo,027,18085,181,160,4,164,3
2020-08-30,Kern,029,883053,29992,28987,229,29216,317
2020-08-30,Kings,031,150075,6430,6000,31,6031,62
2020-08-30,Lake,033,64148,362,334,0,334,2
2020-08-30,Lassen,035,31185,722,706,2,708,0
2020-08-30,Los Angeles,037,10098052,244789,240775,1280,242055,5772
2020-08-30,Madera,039,155013,3961,3626,26,3652,33
2020-08-30,Marin,041,260295,6257,6060,15,6075,66
2020-08-30,Mariposa,043,17540,73,69,0,69,2
2020-08-30,Mendocino,045,87422,656,611,0,611,13
2020-08-30,Merced,047,269075,8151,7960,9,7969,79
2020-08-30,Modoc,049,8938,13,10,0,10,0
2020-08-30,Mono,051,14174,163,145,2,147,1
2020-08-30,Monterey,053,433212,8302,7816,22,7838,54
2020-08-30,Napa,055,140530,1495,1423,6,1429,10
2020-08-30,Nevada,057,99092,459,445,13,458,6
2020-08-30,Orange,059,3164182,50518,47283,1197,48480,965
2020-08-30,Placer,061,380077,3149,2961,11,2972,32
2020-08-30,Plumas,063,18699,42,39,0,39,0
2020-08-30,Riverside,065,2383286,53995,52227,66,52293,1017
2020-08-30,Sacramento,067,1510023,18761,17751,16,17767,300
2020-08-30,San Benito,069,59416,1155,1071,0,1071,4
2020-08-30,San Bernardino,071,2135413,49456,47201,315,47516,755
2020-08-30,San Diego,073,3302833,40246,38302,477,38779,682
2020-08-30,San Francisco,075,870044,9761,9294,10,9304,83
2020-08-30,San Joaquin,077,732212,18678,17637,36,17673,338
2020-08-30,San Luis Obispo,079,281455,3182,2934,13,2947,21
2020-08-30,San Mateo,081,765935,8714,8013,10,8023,122
2020-08-30,Santa Barbara,083,443738,8306,8088,68,8156,93
2020-08-30,Santa Clara,085,1922200,18827,17045,38,17083,202
2020-08-30,Santa Cruz,087,273765,1921,1743,16,1759,7
2020-08-30,Shasta,089,179085,634,525,3,528,9
2020-08-30,Sierra,091,2930,6,6,0,6,0
2020-08-30,Siskiyou,093,43540,138,125,8,133,0
2020-08-30,Solano,095,438530,5588,5303,37,5340,34
2020-08-30,Sonoma,097,501317,6120,5590,20,5610,60
2020-08-30,Stanislaus,099,539301,15354,14580,352,14932,209
2020-08-30,Sutter,101,95872,1421,1351,1,1352,10
2020-08-30,Tehama,103,63373,437,419,2,421,1
2020-08-30,Trinity,105,12862,47,13,6,19,0
2020-08-30,Tulare,107,460477,14784,13985,56,14041,236
2020-08-30,Tuolumne,109,53932,208,178,4,182,1
2020-08-30,Ventura,111,848112,11479,10775,99,10874,108
2020-08-30,Yolo,113,214977,2537,2391,4,2395,51
2020-08-30,Yuba,115,75493,904,832,3,835,1
2020-08-29,Alameda,001,1643700,19096,17888,125,18013,250
2020-08-29,Alpine,003,1148,2,2,0,2,0
2020-08-29,Amador,005,37829,274,239,0,239,13
2020-08-29,Butte,007,227075,2317,1948,24,1972,26
2020-08-29,Calaveras,009,45235,257,211,0,211,1
2020-08-29,Colusa,011,21464,471,440,0,440,6
2020-08-29,Contra Costa,013,1133247,14675,13663,51,13714,159
2020-08-29,Del Norte,015,27424,115,108,0,108,1
2020-08-29,El Dorado,017,186661,1020,958,6,964,2
2020-08-29,Fresno,019,978130,27948,24821,304,25125,291
2020-08-29,Glenn,021,27897,466,437,0,437,3
2020-08-29,Humboldt,023,135768,411,363,1,364,4
2020-08-29,Imperial,025,180216,11278,9698,7,9705,250
2020-08-29,Inyo,027,18085,181,160,4,164,3
2020-08-29,Kern,029,883053,29952,28947,228,29175,317
2020-08-29,Kings,031,150075,6415,5906,31,5937,62
2020-08-29,Lake,033,64148,361,329,0,329,2
2020-08-29,Lassen,035,31185,722,706,2,708,0
2020-08-29,Los Angeles,037,10098052,244161,239815,1267,241082,5762
2020-08-29,Madera,039,155013,3952,3605,25,3630,33
2020-08-29,Marin,041,260295,6245,6007,15,6022,64
2020-08-29,Mariposa,043,17540,73,69,0,69,2
2020-08-29,Mendocino,045,87422,652,596,0,596,13
2020-08-29,Merced,047,269075,8121,7867,9,7876,79
2020-08-29,Modoc,049,8938,13,9,0,9,0
2020-08-29,Mono,051,14174,163,145,2,147,1
2020-08-29,Monterey,053,433212,8257,7680,22,7702,53
2020-08-29,Napa,055,140530,1492,1413,6,1419,10
2020-08-29,Nevada,057,99092,459,442,13,455,5
2020-08-29,Orange,059,3164182,50407,47007,1187,48194,960
2020-08-29,Placer,061,380077,3132,2935,11,2946,32
2020-08-29,Plumas,063,18699,41,39,0,39,0
2020-08-29,Riverside,065,2383286,53883,51918,64,51982,1016
2020-08-29,Sacramento,067,1510023,18690,17588,16,17604,291
2020-08-29,San Benito,069,59416,1146,1045,0,1045,4
2020-08-29,San Bernardino,071,2135413,49341,46849,315,47164,755
2020-08-29,San Diego,073,3302833,39980,38049,459,38508,694
2020-08-29,San Francisco,075,870044,9733,9291,9,9300,83
2020-08-29,San Joaquin,077,732212,18634,17493,36,17529,335
2020-08-29,San Luis Obispo,079,281455,3157,2917,13,2930,21
2020-08-29,San Mateo,081,765935,8672,7928,10,7938,122
2020-08-29,Santa Barbara,083,443738,8279,8052,67,8119,93
2020-08-29,Santa Clara,085,1922200,18727,16898,37,16935,202
2020-08-29,Santa Cruz,087,273765,1909,1746,16,1762,7
2020-08-29,Shasta,089,179085,626,522,3,525,9
2020-08-29,Sierra,091,2930,6,6,0,6,0
2020-08-29,Siskiyou,093,43540,138,121,8,129,0
2020-08-29,Solano,095,438530,5567,5303,37,5340,34
2020-08-29,Sonoma,097,501317,6085,5537,20,5557,60
2020-08-29,Stanislaus,099,539301,15305,14479,342,14821,208
2020-08-29,Sutter,101,95872,1416,1333,1,1334,9
2020-08-29,Tehama,103,63373,436,417,2,419,1
2020-08-29,Trinity,105,12862,46,11,6,17,0
2020-08-29,Tulare,107,460477,14746,13890,55,13945,236
2020-08-29,Tuolumne,109,53932,208,178,4,182,1
2020-08-29,Ventura,111,848112,11437,10705,99,10804,108
2020-08-29,Yolo,113,214977,2519,2357,4,2361,51
2020-08-29,Yuba,115,75493,895,822,3,825,1
2020-08-28,Alameda,001,1643700,19013,17729,124,17853,237
2020-08-28,Alpine,003,1148,2,2,0,2,0
2020-08-28,Amador,005,37829,274,234,0,234,13
2020-08-28,Butte,007,227075,2287,1886,24,1910,25
2020-08-28,Calaveras,009,45235,255,207,0,207,1
2020-08-28,Colusa,011,21464,470,441,0,441,6
2020-08-28,Contra Costa,013,1133247,14604,13522,50,13572,158
2020-08-28,Del Norte,015,27424,115,107,0,107,1
2020-08-28,El Dorado,017,186661,1014,949,6,955,2
2020-08-28,Fresno,019,978130,27814,24612,304,24916,282
2020-08-28,Glenn,021,27897,459,429,0,429,3
2020-08-28,Humboldt,023,135768,407,362,1,363,4
2020-08-28,Imperial,025,180216,11264,9656,7,9663,241
2020-08-28,Inyo,027,18085,180,160,4,164,2
2020-08-28,Kern,029,883053,29904,28744,228,28972,306
2020-08-28,Kings,031,150075,6408,5829,30,5859,62
2020-08-28,Lake,033,64148,356,320,0,320,2
2020-08-28,Lassen,035,31185,722,704,2,706,0
2020-08-28,Los Angeles,037,10098052,243349,238544,1242,239786,5740
2020-08-28,Madera,039,155013,3933,3552,25,3577,33
2020-08-28,Marin,041,260295,6223,5991,15,6006,63
2020-08-28,Mariposa,043,17540,73,67,0,67,2
2020-08-28,Mendocino,045,87422,647,588,0,588,11
2020-08-28,Merced,047,269075,8091,7803,9,7812,77
2020-08-28,Modoc,049,8938,13,6,0,6,0
2020-08-28,Mono,051,14174,163,145,2,147,1
2020-08-28,Monterey,053,433212,8200,7591,22,7613,53
2020-08-28,Napa,055,140530,1484,1403,5,1408,10
2020-08-28,Nevada,057,99092,458,438,13,451,5
2020-08-28,Orange,059,3164182,50307,46696,1172,47868,942
2020-08-28,Placer,061,380077,3122,2891,11,2902,32
2020-08-28,Plumas,063,18699,41,39,0,39,0
2020-08-28,Riverside,065,2383286,53752,51510,60,51570,1008
2020-08-28,Sacramento,067,1510023,18592,17119,16,17135,283
2020-08-28,San Benito,069,59416,1130,1016,0,1016,3
2020-08-28,San Bernardino,071,2135413,49222,46553,311,46864,754
2020-08-28,San Diego,073,3302833,39750,37786,444,38230,676
2020-08-28,San Francisco,075,870044,9681,9135,9,9144,83
2020-08-28,San Joaquin,077,732212,18581,17114,35,17149,314
2020-08-28,San Luis Obispo,079,281455,3140,2849,13,2862,20
2020-08-28,San Mateo,081,765935,8626,7783,9,7792,121
2020-08-28,Santa Barbara,083,443738,8247,8001,67,8068,92
2020-08-28,Santa Clara,085,1922200,18600,16696,37,16733,201
2020-08-28,Santa Cruz,087,273765,1897,1747,16,1763,7
2020-08-28,Shasta,089,179085,622,516,3,519,9
2020-08-28,Sierra,091,2930,6,6,0,6,0
2020-08-28,Siskiyou,093,43540,136,119,8,127,0
2020-08-28,Solano,095,438530,5548,5219,37,5256,34
2020-08-28,Sonoma,097,501317,6050,5425,19,5444,58
2020-08-28,Stanislaus,099,539301,15262,14176,338,14514,190
2020-08-28,Sutter,101,95872,1406,1308,1,1309,9
2020-08-28,Tehama,103,63373,431,410,2,412,1
2020-08-28,Trinity,105,12862,46,11,6,17,0
2020-08-28,Tulare,107,460477,14701,13776,55,13831,236
2020-08-28,Tuolumne,109,53932,208,176,4,180,1
2020-08-28,Ventura,111,848112,11401,10606,97,10703,103
2020-08-28,Yolo,113,214977,2510,2323,4,2327,51
2020-08-28,Yuba,115,75493,886,810,3,813,1
2020-08-27,Alameda,001,1643700,18868,17584,121,17705,234
2020-08-27,Alpine,003,1148,2,2,0,2,0
2020-08-27,Amador,005,37829,273,233,0,233,13
2020-08-27,Butte,007,227075,2221,1803,23,1826,25
2020-08-27,Calaveras,009,45235,249,204,0,204,1
2020-08-27,Colusa,011,21464,468,438,0,438,6
2020-08-27,Contra Costa,013,1133247,14504,13379,49,13428,158
2020-08-27,Del Norte,015,27424,115,107,0,107,1
2020-08-27,El Dorado,017,186661,1010,942,6,948,2
2020-08-27,Fresno,019,978130,27632,24367,299,24666,272
2020-08-27,Glenn,021,27897,451,429,0,429,3
2020-08-27,Humboldt,023,135768,399,358,1,359,4
2020-08-27,Imperial,025,180216,11237,9608,7,9615,235
2020-08-27,Inyo,027,18085,180,157,3,160,2
2020-08-27,Kern,029,883053,29833,28635,219,28854,294
2020-08-27,Kings,031,150075,6386,5759,30,5789,62
2020-08-27,Lake,033,64148,354,314,0,314,2
2020-08-27,Lassen,035,31185,722,703,2,705,0
2020-08-27,Los Angeles,037,10098052,242346,237103,1227,238330,5704
2020-08-27,Madera,039,155013,3907,3465,25,3490,33
2020-08-27,Marin,041,260295,6199,5929,15,5944,62
2020-08-27,Mariposa,043,17540,73,67,0,67,2
2020-08-27,Mendocino,045,87422,638,581,0,581,10
2020-08-27,Merced,047,269075,8047,7765,9,7774,75
2020-08-27,Modoc,049,8938,11,5,0,5,0
2020-08-27,Mono,051,14174,163,145,2,147,1
2020-08-27,Monterey,053,433212,8106,7501,22,7523,52
2020-08-27,Napa,055,140530,1478,1397,5,1402,10
2020-08-27,Nevada,057,99092,455,435,13,448,5
2020-08-27,Orange,059,3164182,50150,46449,1161,47610,935
2020-08-27,Placer,061,380077,3091,2869,11,2880,32
2020-08-27,Plumas,063,18699,40,39,0,39,0
2020-08-27,Riverside,065,2383286,53543,51306,57,51363,999
2020-08-27,Sacramento,067,1510023,18394,16875,16,16891,281
2020-08-27,San Benito,069,59416,1114,987,0,987,3
2020-08-27,San Bernardino,071,2135413,48997,46345,305,46650,751
2020-08-27,San Diego,073,3302833,39479,37501,424,37925,673
2020-08-27,San Francisco,075,870044,9615,9014,9,9023,83
2020-08-27,San Joaquin,077,732212,18501,16989,35,17024,314
2020-08-27,San Luis Obispo,079,281455,3115,2808,13,2821,20
2020-08-27,San Mateo,081,765935,8517,7728,9,7737,121
2020-08-27,Santa Barbara,083,443738,8209,7934,67,8001,92
2020-08-27,Santa Clara,085,1922200,18414,16495,37,16532,199
2020-08-27,Santa Cruz,087,273765,1880,1734,16,1750,7
2020-08-27,Shasta,089,179085,616,512,3,515,9
2020-08-27,Sierra,091,2930,6,6,0,6,0
2020-08-27,Siskiyou,093,43540,136,118,8,126,0
2020-08-27,Solano,095,438530,5510,5167,37,5204,34
2020-08-27,Sonoma,097,501317,5942,5357,19,5376,58
2020-08-27,Stanislaus,099,539301,15181,14080,335,14415,186
2020-08-27,Sutter,101,95872,1386,1296,1,1297,9
2020-08-27,Tehama,103,63373,427,398,2,400,1
2020-08-27,Trinity,105,12862,46,11,6,17,0
2020-08-27,Tulare,107,460477,14610,13666,55,13721,231
2020-08-27,Tuolumne,109,53932,203,174,4,178,1
2020-08-27,Ventura,111,848112,11338,10483,93,10576,102
2020-08-27,Yolo,113,214977,2486,2293,4,2297,51
2020-08-27,Yuba,115,75493,875,807,3,810,1
2020-08-26,Alameda,001,1643700,18705,17373,121,17494,233
2020-08-26,Alpine,003,1148,2,2,0,2,0
2020-08-26,Amador,005,37829,273,229,0,229,13
2020-08-26,Butte,007,227075,2153,1765,21,1786,25
2020-08-26,Calaveras,009,45235,242,201,0,201,1
2020-08-26,Colusa,011,21464,462,433,0,433,5
2020-08-26,Contra Costa,013,1133247,14367,13248,49,13297,157
2020-08-26,Del Norte,015,27424,114,86,0,86,1
2020-08-26,El Dorado,017,186661,1008,938,6,944,2
2020-08-26,Fresno,019,978130,27484,24071,297,24368,255
2020-08-26,Glenn,021,27897,449,429,0,429,3
2020-08-26,Humboldt,023,135768,387,357,1,358,4
2020-08-26,Imperial,025,180216,11215,9453,7,9460,227
2020-08-26,Inyo,027,18085,177,157,3,160,2
2020-08-26,Kern,029,883053,29694,28507,216,28723,286
2020-08-26,Kings,031,150075,6365,5720,30,5750,62
2020-08-26,Lake,033,64148,349,308,0,308,2
2020-08-26,Lassen,035,31185,722,702,2,704,0
2020-08-26,Los Angeles,037,10098052,241334,235499,1197,236696,5665
2020-08-26,Madera,039,155013,3878,3458,25,3483,32
2020-08-26,Marin,041,260295,6182,5887,15,5902,56
2020-08-26,Mariposa,043,17540,73,68,0,68,2
2020-08-26,Mendocino,045,87422,627,581,0,581,10
2020-08-26,Merced,047,269075,8014,7720,9,7729,74
2020-08-26,Modoc,049,8938,8,5,0,5,0
2020-08-26,Mono,051,14174,163,141,2,143,1
2020-08-26,Monterey,053,433212,8013,7439,22,7461,51
2020-08-26,Napa,055,140530,1465,1382,5,1387,10
2020-08-26,Nevada,057,99092,452,432,13,445,2
2020-08-26,Orange,059,3164182,49966,46157,1145,47302,905
2020-08-26,Placer,061,380077,3068,2846,9,2855,32
2020-08-26,Plumas,063,18699,39,39,0,39,0
2020-08-26,Riverside,065,2383286,53302,51138,57,51195,987
2020-08-26,Sacramento,067,1510023,18231,16708,16,16724,271
2020-08-26,San Benito,069,59416,1099,978,0,978,3
2020-08-26,San Bernardino,071,2135413,48790,45840,301,46141,743
2020-08-26,San Diego,073,3302833,39141,37224,397,37621,668
2020-08-26,San Francisco,075,870044,9541,8938,9,8947,81
2020-08-26,San Joaquin,077,732212,18412,16845,34,16879,309
2020-08-26,San Luis Obispo,079,281455,3087,2761,13,2774,20
2020-08-26,San Mateo,081,765935,8450,7655,9,7664,121
2020-08-26,Santa Barbara,083,443738,8175,7904,67,7971,90
2020-08-26,Santa Clara,085,1922200,18237,16283,37,16320,198
2020-08-26,Santa Cruz,087,273765,1869,1726,16,1742,7
2020-08-26,Shasta,089,179085,611,511,3,514,9
2020-08-26,Sierra,091,2930,6,6,0,6,0
2020-08-26,Siskiyou,093,43540,133,109,8,117,0
2020-08-26,Solano,095,438530,5486,5131,36,5167,34
2020-08-26,Sonoma,097,501317,5869,5283,19,5302,58
2020-08-26,Stanislaus,099,539301,15104,13964,329,14293,186
2020-08-26,Sutter,101,95872,1368,1275,1,1276,9
2020-08-26,Tehama,103,63373,424,396,2,398,1
2020-08-26,Trinity,105,12862,45,10,6,16,0
2020-08-26,Tulare,107,460477,14543,13568,55,13623,232
2020-08-26,Tuolumne,109,53932,202,172,4,176,1
2020-08-26,Ventura,111,848112,11266,10412,86,10498,100
2020-08-26,Yolo,113,214977,2465,2279,4,2283,49
2020-08-26,Yuba,115,75493,860,779,3,782,1
2020-08-25,Alameda,001,1643700,18547,17278,121,17399,232
2020-08-25,Alpine,003,1148,2,2,0,2,0
2020-08-25,Amador,005,37829,273,227,0,227,13
2020-08-25,Butte,007,227075,2086,1718,21,1739,24
2020-08-25,Calaveras,009,45235,240,196,0,196,1
2020-08-25,Colusa,011,21464,455,430,0,430,5
2020-08-25,Contra Costa,013,1133247,14229,13181,48,13229,156
2020-08-25,Del Norte,015,27424,113,83,0,83,1
2020-08-25,El Dorado,017,186661,1005,928,6,934,2
2020-08-25,Fresno,019,978130,27297,23932,296,24228,250
2020-08-25,Glenn,021,27897,446,429,0,429,3
2020-08-25,Humboldt,023,135768,382,342,1,343,4
2020-08-25,Imperial,025,180216,11187,9381,7,9388,217
2020-08-25,Inyo,027,18085,175,144,3,147,1
2020-08-25,Kern,029,883053,29557,28416,216,28632,285
2020-08-25,Kings,031,150075,6208,5702,30,5732,59
2020-08-25,Lake,033,64148,344,304,0,304,2
2020-08-25,Lassen,035,31185,721,692,2,694,0
2020-08-25,Los Angeles,037,10098052,240035,233961,1148,235109,5612
2020-08-25,Madera,039,155013,3863,3446,24,3470,32
2020-08-25,Marin,041,260295,6144,5860,15,5875,56
2020-08-25,Mariposa,043,17540,73,67,0,67,2
2020-08-25,Mendocino,045,87422,619,571,0,571,10
2020-08-25,Merced,047,269075,7947,7693,8,7701,69
2020-08-25,Modoc,049,8938,8,5,0,5,0
2020-08-25,Mono,051,14174,163,129,2,131,1
2020-08-25,Monterey,053,433212,7933,7333,22,7355,51
2020-08-25,Napa,055,140530,1458,1374,5,1379,10
2020-08-25,Nevada,057,99092,448,430,13,443,2
2020-08-25,Orange,059,3164182,49772,45737,1129,46866,902
2020-08-25,Placer,061,380077,3049,2829,6,2835,31
2020-08-25,Plumas,063,18699,39,39,0,39,0
2020-08-25,Riverside,065,2383286,53070,50889,57,50946,981
2020-08-25,Sacramento,067,1510023,18077,16601,16,16617,265
2020-08-25,San Benito,069,59416,1083,973,0,973,3
2020-08-25,San Bernardino,071,2135413,48555,45544,298,45842,727
2020-08-25,San Diego,073,3302833,38862,36996,375,37371,665
2020-08-25,San Francisco,075,870044,9464,8848,9,8857,81
2020-08-25,San Joaquin,077,732212,18285,16795,34,16829,306
2020-08-25,San Luis Obispo,079,281455,3028,2731,12,2743,20
2020-08-25,San Mateo,081,765935,8390,7636,8,7644,120
2020-08-25,Santa Barbara,083,443738,8123,7854,67,7921,90
2020-08-25,Santa Clara,085,1922200,18068,16199,37,16236,194
2020-08-25,Santa Cruz,087,273765,1850,1708,16,1724,7
2020-08-25,Shasta,089,179085,607,511,3,514,9
2020-08-25,Sierra,091,2930,6,6,0,6,0
2020-08-25,Siskiyou,093,43540,132,109,8,117,0
2020-08-25,Solano,095,438530,5425,5114,36,5150,34
2020-08-25,Sonoma,097,501317,5783,5148,19,5167,56
2020-08-25,Stanislaus,099,539301,14996,13886,318,14204,182
2020-08-25,Sutter,101,95872,1351,1259,1,1260,9
2020-08-25,Tehama,103,63373,421,394,2,396,1
2020-08-25,Trinity,105,12862,44,10,6,16,0
2020-08-25,Tulare,107,460477,14439,13514,54,13568,224
2020-08-25,Tuolumne,109,53932,200,172,4,176,1
2020-08-25,Ventura,111,848112,11181,10313,81,10394,99
2020-08-25,Yolo,113,214977,2452,2254,4,2258,50
2020-08-25,Yuba,115,75493,850,775,3,778,1
2020-08-24,Alameda,001,1643700,18352,16913,120,17033,231
2020-08-24,Alpine,003,1148,2,2,0,2,0
2020-08-24,Amador,005,37829,271,227,0,227,13
2020-08-24,Butte,007,227075,2003,1649,21,1670,23
2020-08-24,Calaveras,009,45235,231,187,0,187,1
2020-08-24,Colusa,011,21464,451,425,0,425,5
2020-08-24,Contra Costa,013,1133247,14112,12906,46,12952,153
2020-08-24,Del Norte,015,27424,113,80,0,80,1
2020-08-24,El Dorado,017,186661,997,908,6,914,2
2020-08-24,Fresno,019,978130,27109,23618,289,23907,235
2020-08-24,Glenn,021,27897,444,421,0,421,2
2020-08-24,Humboldt,023,135768,378,340,1,341,4
2020-08-24,Imperial,025,180216,11154,9323,7,9330,210
2020-08-24,Inyo,027,18085,171,144,3,147,2
2020-08-24,Kern,029,883053,29459,28157,210,28367,277
2020-08-24,Kings,031,150075,6120,5652,30,5682,60
2020-08-24,Lake,033,64148,329,302,0,302,2
2020-08-24,Lassen,035,31185,721,693,2,695,0
2020-08-24,Los Angeles,037,10098052,238673,233036,1130,234166,5562
2020-08-24,Madera,039,155013,3835,3418,24,3442,32
2020-08-24,Marin,041,260295,6080,5834,15,5849,56
2020-08-24,Mariposa,043,17540,71,66,0,66,2
2020-08-24,Mendocino,045,87422,604,550,0,550,10
2020-08-24,Merced,047,269075,7869,7605,8,7613,69
2020-08-24,Modoc,049,8938,8,5,0,5,0
2020-08-24,Mono,051,14174,163,129,2,131,1
2020-08-24,Monterey,053,433212,7824,7212,21,7233,50
2020-08-24,Napa,055,140530,1445,1358,5,1363,10
2020-08-24,Nevada,057,99092,443,423,13,436,2
2020-08-24,Orange,059,3164182,49579,45536,1120,46656,887
2020-08-24,Placer,061,380077,3002,2793,6,2799,31
2020-08-24,Plumas,063,18699,39,37,0,37,0
2020-08-24,Riverside,065,2383286,52792,50496,57,50553,975
2020-08-24,Sacramento,067,1510023,17881,16318,15,16333,249
2020-08-24,San Benito,069,59416,1062,961,0,961,3
2020-08-24,San Bernardino,071,2135413,48292,45199,296,45495,720
2020-08-24,San Diego,073,3302833,38574,36729,347,37076,660
2020-08-24,San Francisco,075,870044,9381,8621,9,8630,81
2020-08-24,San Joaquin,077,732212,18144,16565,33,16598,305
2020-08-24,San Luis Obispo,079,281455,3000,2705,12,2717,20
2020-08-24,San Mateo,081,765935,8323,7502,8,7510,120
2020-08-24,Santa Barbara,083,443738,8082,7784,67,7851,90
2020-08-24,Santa Clara,085,1922200,17864,16049,37,16086,192
2020-08-24,Santa Cruz,087,273765,1830,1627,15,1642,6
2020-08-24,Shasta,089,179085,605,505,3,508,9
2020-08-24,Sierra,091,2930,6,6,0,6,0
2020-08-24,Siskiyou,093,43540,128,107,8,115,0
2020-08-24,Solano,095,438530,5376,4979,34,5013,32
2020-08-24,Sonoma,097,501317,5680,5071,19,5090,56
2020-08-24,Stanislaus,099,539301,14898,13521,304,13825,171
2020-08-24,Sutter,101,95872,1332,1219,1,1220,9
2020-08-24,Tehama,103,63373,416,388,2,390,1
2020-08-24,Trinity,105,12862,44,10,6,16,0
2020-08-24,Tulare,107,460477,14331,13360,53,13413,223
2020-08-24,Tuolumne,109,53932,199,170,4,174,1
2020-08-24,Ventura,111,848112,11101,10261,77,10338,99
2020-08-24,Yolo,113,214977,2418,2239,4,2243,47
2020-08-24,Yuba,115,75493,833,750,3,753,1
2020-08-23,Alameda,001,1643700,18130,16786,119,16905,231
2020-08-23,Alpine,003,1148,2,2,0,2,0
2020-08-23,Amador,005,37829,268,227,0,227,13
2020-08-23,Butte,007,227075,1888,1637,21,1658,23
2020-08-23,Calaveras,009,45235,222,187,0,187,1
2020-08-23,Colusa,011,21464,444,424,0,424,5
2020-08-23,Contra Costa,013,1133247,13950,12642,46,12688,153
2020-08-23,Del Norte,015,27424,113,80,0,80,1
2020-08-23,El Dorado,017,186661,984,901,6,907,2
2020-08-23,Fresno,019,978130,26904,23414,286,23700,235
2020-08-23,Glenn,021,27897,437,421,0,421,2
2020-08-23,Humboldt,023,135768,376,341,1,342,4
2020-08-23,Imperial,025,180216,11125,9243,7,9250,210
2020-08-23,Inyo,027,18085,168,144,3,147,2
2020-08-23,Kern,029,883053,29310,28028,205,28233,277
2020-08-23,Kings,031,150075,6077,5628,30,5658,60
2020-08-23,Lake,033,64148,325,299,0,299,2
2020-08-23,Lassen,035,31185,720,693,2,695,0
2020-08-23,Los Angeles,037,10098052,237073,231833,1062,232895,5549
2020-08-23,Madera,039,155013,3804,3401,23,3424,32
2020-08-23,Marin,041,260295,6042,5807,14,5821,50
2020-08-23,Mariposa,043,17540,71,66,0,66,2
2020-08-23,Mendocino,045,87422,600,550,0,550,10
2020-08-23,Merced,047,269075,7800,7574,7,7581,69
2020-08-23,Modoc,049,8938,7,5,0,5,0
2020-08-23,Mono,051,14174,163,129,2,131,1
2020-08-23,Monterey,053,433212,7734,7173,21,7194,50
2020-08-23,Napa,055,140530,1433,1348,5,1353,10
2020-08-23,Nevada,057,99092,438,421,13,434,2
2020-08-23,Orange,059,3164182,49341,45267,1108,46375,887
2020-08-23,Placer,061,380077,2963,2772,6,2778,31
2020-08-23,Plumas,063,18699,39,37,0,37,0
2020-08-23,Riverside,065,2383286,52522,50293,55,50348,955
2020-08-23,Sacramento,067,1510023,17658,16084,14,16098,243
2020-08-23,San Benito,069,59416,1049,938,0,938,3
2020-08-23,San Bernardino,071,2135413,48024,45010,286,45296,719
2020-08-23,San Diego,073,3302833,38253,36542,320,36862,660
2020-08-23,San Francisco,075,870044,9286,8564,8,8572,80
2020-08-23,San Joaquin,077,732212,18011,16069,32,16101,305
2020-08-23,San Luis Obispo,079,281455,2958,2679,12,2691,20
2020-08-23,San Mateo,081,765935,8228,7450,8,7458,120
2020-08-23,Santa Barbara,083,443738,8014,7725,67,7792,90
2020-08-23,Santa Clara,085,1922200,17668,15912,35,15947,191
2020-08-23,Santa Cruz,087,273765,1804,1627,15,1642,6
2020-08-23,Shasta,089,179085,600,501,3,504,9
2020-08-23,Sierra,091,2930,6,6,0,6,0
2020-08-23,Siskiyou,093,43540,123,107,8,115,0
2020-08-23,Solano,095,438530,5318,4977,32,5009,32
2020-08-23,Sonoma,097,501317,5592,5018,19,5037,56
2020-08-23,Stanislaus,099,539301,14763,13483,281,13764,171
2020-08-23,Sutter,101,95872,1310,1203,1,1204,9
2020-08-23,Tehama,103,63373,406,381,2,383,1
2020-08-23,Trinity,105,12862,44,10,6,16,0
2020-08-23,Tulare,107,460477,14199,13303,50,13353,223
2020-08-23,Tuolumne,109,53932,196,164,4,168,1
2020-08-23,Ventura,111,848112,11000,10126,73,10199,99
2020-08-23,Yolo,113,214977,2390,2210,4,2214,47
2020-08-23,Yuba,115,75493,812,750,3,753,1
2020-08-22,Alameda,001,1643700,18036,16648,118,16766,231
2020-08-22,Alpine,003,1148,2,2,0,2,0
2020-08-22,Amador,005,37829,267,224,0,224,13
2020-08-22,Butte,007,227075,1837,1618,21,1639,22
2020-08-22,Calaveras,009,45235,218,187,0,187,1
2020-08-22,Colusa,011,21464,440,419,0,419,5
2020-08-22,Contra Costa,013,1133247,13863,12522,46,12568,153
2020-08-22,Del Norte,015,27424,112,80,0,80,1
2020-08-22,El Dorado,017,186661,982,900,6,906,2
2020-08-22,Fresno,019,978130,26807,23197,285,23482,235
2020-08-22,Glenn,021,27897,436,421,0,421,2
2020-08-22,Humboldt,023,135768,366,334,1,335,4
2020-08-22,Imperial,025,180216,11117,9244,7,9251,210
2020-08-22,Inyo,027,18085,168,144,3,147,1
2020-08-22,Kern,029,883053,29256,27807,205,28012,277
2020-08-22,Kings,031,150075,6068,5447,30,5477,60
2020-08-22,Lake,033,64148,323,291,0,291,2
2020-08-22,Lassen,035,31185,720,693,2,695,0
2020-08-22,Los Angeles,037,10098052,236414,230858,1045,231903,5540
2020-08-22,Madera,039,155013,3785,3330,23,3353,32
2020-08-22,Marin,041,260295,6030,5789,14,5803,49
2020-08-22,Mariposa,043,17540,71,66,0,66,2
2020-08-22,Mendocino,045,87422,597,529,0,529,10
2020-08-22,Merced,047,269075,7772,7493,7,7500,69
2020-08-22,Modoc,049,8938,7,5,0,5,0
2020-08-22,Mono,051,14174,163,129,2,131,1
2020-08-22,Monterey,053,433212,7686,7081,21,7102,50
2020-08-22,Napa,055,140530,1428,1328,5,1333,11
2020-08-22,Nevada,057,99092,438,411,13,424,2
2020-08-22,Orange,059,3164182,49200,45131,1102,46233,885
2020-08-22,Placer,061,380077,2949,2734,6,2740,30
2020-08-22,Plumas,063,18699,39,37,0,37,0
2020-08-22,Riverside,065,2383286,52374,49944,54,49998,953
2020-08-22,Sacramento,067,1510023,17546,15516,14,15530,239
2020-08-22,San Benito,069,59416,1033,912,0,912,3
2020-08-22,San Bernardino,071,2135413,47895,44803,282,45085,719
2020-08-22,San Diego,073,3302833,38070,36205,309,36514,673
2020-08-22,San Francisco,075,870044,9226,8568,8,8576,80
2020-08-22,San Joaquin,077,732212,17955,16068,32,16100,305
2020-08-22,San Luis Obispo,079,281455,2932,2660,12,2672,20
2020-08-22,San Mateo,081,765935,8181,7361,8,7369,120
2020-08-22,Santa Barbara,083,443738,7988,7685,67,7752,90
2020-08-22,Santa Clara,085,1922200,17560,15590,35,15625,190
2020-08-22,Santa Cruz,087,273765,1788,1628,14,1642,6
2020-08-22,Shasta,089,179085,598,493,3,496,9
2020-08-22,Sierra,091,2930,6,6,0,6,0
2020-08-22,Siskiyou,093,43540,123,106,8,114,0
2020-08-22,Solano,095,438530,5288,4944,31,4975,32
2020-08-22,Sonoma,097,501317,5546,4891,19,4910,57
2020-08-22,Stanislaus,099,539301,14713,13380,264,13644,170
2020-08-22,Sutter,101,95872,1303,1189,1,1190,8
2020-08-22,Tehama,103,63373,405,368,2,370,1
2020-08-22,Trinity,105,12862,44,8,6,14,0
2020-08-22,Tulare,107,460477,14132,13196,50,13246,222
2020-08-22,Tuolumne,109,53932,194,162,4,166,1
2020-08-22,Ventura,111,848112,10945,9959,71,10030,99
2020-08-22,Yolo,113,214977,2374,2188,4,2192,47
2020-08-22,Yuba,115,75493,800,738,3,741,1
2020-08-21,Alameda,001,1643700,17944,16413,118,16531,232
2020-08-21,Alpine,003,1148,2,2,0,2,0
2020-08-21,Amador,005,37829,266,223,0,223,11
2020-08-21,Butte,007,227075,1798,1582,21,1603,19
2020-08-21,Calaveras,009,45235,218,182,0,182,1
2020-08-21,Colusa,011,21464,438,418,0,418,5
2020-08-21,Contra Costa,013,1133247,13773,12333,45,12378,149
2020-08-21,Del Norte,015,27424,112,78,0,78,1
2020-08-21,El Dorado,017,186661,978,885,6,891,2
2020-08-21,Fresno,019,978130,26637,22840,284,23124,232
2020-08-21,Glenn,021,27897,432,418,0,418,2
2020-08-21,Humboldt,023,135768,363,331,1,332,4
2020-08-21,Imperial,025,180216,11101,9166,7,9173,204
2020-08-21,Inyo,027,18085,168,144,3,147,1
2020-08-21,Kern,029,883053,29197,27567,203,27770,269
2020-08-21,Kings,031,150075,6046,5391,30,5421,60
2020-08-21,Lake,033,64148,321,281,0,281,2
2020-08-21,Lassen,035,31185,720,693,2,695,0
2020-08-21,Los Angeles,037,10098052,235540,229235,1024,230259,5494
2020-08-21,Madera,039,155013,3755,3271,23,3294,31
2020-08-21,Marin,041,260295,6010,5762,14,5776,49
2020-08-21,Mariposa,043,17540,71,66,0,66,2
2020-08-21,Mendocino,045,87422,587,505,0,505,10
2020-08-21,Merced,047,269075,7743,7357,7,7364,69
2020-08-21,Modoc,049,8938,7,5,0,5,0
2020-08-21,Mono,051,14174,163,128,2,130,1
2020-08-21,Monterey,053,433212,7614,6974,21,6995,49
2020-08-21,Napa,055,140530,1419,1317,5,1322,10
2020-08-21,Nevada,057,99092,437,406,13,419,2
2020-08-21,Orange,059,3164182,49059,44625,1093,45718,875
2020-08-21,Placer,061,380077,2933,2698,6,2704,30
2020-08-21,Plumas,063,18699,39,36,0,36,0
2020-08-21,Riverside,065,2383286,52179,49409,54,49463,932
2020-08-21,Sacramento,067,1510023,17423,15247,14,15261,237
2020-08-21,San Benito,069,59416,1023,891,0,891,3
2020-08-21,San Bernardino,071,2135413,47775,44249,278,44527,668
2020-08-21,San Diego,073,3302833,37866,35914,292,36206,652
2020-08-21,San Francisco,075,870044,9176,8375,8,8383,80
2020-08-21,San Joaquin,077,732212,17872,15888,30,15918,301
2020-08-21,San Luis Obispo,079,281455,2909,2640,12,2652,19
2020-08-21,San Mateo,081,765935,8124,7253,8,7261,120
2020-08-21,Santa Barbara,083,443738,7947,7645,67,7712,86
2020-08-21,Santa Clara,085,1922200,17409,15399,35,15434,190
2020-08-21,Santa Cruz,087,273765,1776,1617,14,1631,6
2020-08-21,Shasta,089,179085,598,486,3,489,9
2020-08-21,Sierra,091,2930,6,6,0,6,0
2020-08-21,Siskiyou,093,43540,123,103,6,109,0
2020-08-21,Solano,095,438530,5265,4891,30,4921,32
2020-08-21,Sonoma,097,501317,5476,4816,19,4835,57
2020-08-21,Stanislaus,099,539301,14644,13282,250,13532,161
2020-08-21,Sutter,101,95872,1290,1173,1,1174,8
2020-08-21,Tehama,103,63373,403,357,2,359,1
2020-08-21,Trinity,105,12862,44,8,6,14,0
2020-08-21,Tulare,107,460477,14061,13002,48,13050,217
2020-08-21,Tuolumne,109,53932,186,161,4,165,1
2020-08-21,Ventura,111,848112,10880,9865,69,9934,98
2020-08-21,Yolo,113,214977,2359,2164,4,2168,46
2020-08-21,Yuba,115,75493,796,717,3,720,1
2020-08-20,Alameda,001,1643700,17784,16174,118,16292,229
2020-08-20,Alpine,003,1148,2,2,0,2,0
2020-08-20,Amador,005,37829,264,222,0,222,11
2020-08-20,Butte,007,227075,1748,1549,21,1570,18
2020-08-20,Calaveras,009,45235,215,179,0,179,1
2020-08-20,Colusa,011,21464,436,415,0,415,5
2020-08-20,Contra Costa,013,1133247,13646,12108,44,12152,144
2020-08-20,Del Norte,015,27424,112,78,0,78,1
2020-08-20,El Dorado,017,186661,974,881,6,887,2
2020-08-20,Fresno,019,978130,26456,22535,279,22814,228
2020-08-20,Glenn,021,27897,427,414,0,414,2
2020-08-20,Humboldt,023,135768,358,318,1,319,4
2020-08-20,Imperial,025,180216,11082,9086,7,9093,196
2020-08-20,Inyo,027,18085,167,144,3,147,1
2020-08-20,Kern,029,883053,29029,27337,192,27529,267
2020-08-20,Kings,031,150075,6006,5347,29,5376,59
2020-08-20,Lake,033,64148,316,280,0,280,2
2020-08-20,Lassen,035,31185,719,693,2,695,0
2020-08-20,Los Angeles,037,10098052,234305,227492,1005,228497,5445
2020-08-20,Madera,039,155013,3729,3197,23,3220,31
2020-08-20,Marin,041,260295,5992,5745,14,5759,47
2020-08-20,Mariposa,043,17540,71,67,0,67,2
2020-08-20,Mendocino,045,87422,577,497,0,497,10
2020-08-20,Merced,047,269075,7668,7173,7,7180,68
2020-08-20,Modoc,049,8938,7,5,0,5,0
2020-08-20,Mono,051,14174,163,128,2,130,1
2020-08-20,Monterey,053,433212,7543,6892,21,6913,47
2020-08-20,Napa,055,140530,1413,1306,5,1311,10
2020-08-20,Nevada,057,99092,436,401,13,414,2
2020-08-20,Orange,059,3164182,48832,44299,1083,45382,849
2020-08-20,Placer,061,380077,2917,2681,6,2687,30
2020-08-20,Plumas,063,18699,39,36,0,36,0
2020-08-20,Riverside,065,2383286,51960,48953,53,49006,927
2020-08-20,Sacramento,067,1510023,17180,14992,14,15006,231
2020-08-20,San Benito,069,59416,1010,866,0,866,3
2020-08-20,San Bernardino,071,2135413,47519,43627,274,43901,665
2020-08-20,San Diego,073,3302833,37646,35610,274,35884,644
2020-08-20,San Francisco,075,870044,9090,8262,8,8270,72
2020-08-20,San Joaquin,077,732212,17781,15778,30,15808,297
2020-08-20,San Luis Obispo,079,281455,2889,2590,12,2602,19
2020-08-20,San Mateo,081,765935,8059,7188,8,7196,120
2020-08-20,Santa Barbara,083,443738,7909,7571,67,7638,81
2020-08-20,Santa Clara,085,1922200,17237,15162,35,15197,190
2020-08-20,Santa Cruz,087,273765,1763,1581,14,1595,6
2020-08-20,Shasta,089,179085,597,478,3,481,9
2020-08-20,Sierra,091,2930,6,6,0,6,0
2020-08-20,Siskiyou,093,43540,122,102,1,103,0
2020-08-20,Solano,095,438530,5220,4843,30,4873,31
2020-08-20,Sonoma,097,501317,5404,4737,19,4756,54
2020-08-20,Stanislaus,099,539301,14548,13120,241,13361,161
2020-08-20,Sutter,101,95872,1266,1158,1,1159,8
2020-08-20,Tehama,103,63373,398,350,2,352,1
2020-08-20,Trinity,105,12862,44,8,6,14,0
2020-08-20,Tulare,107,460477,13953,12907,47,12954,217
2020-08-20,Tuolumne,109,53932,182,159,4,163,1
2020-08-20,Ventura,111,848112,10767,9744,68,9812,93
2020-08-20,Yolo,113,214977,2337,2150,4,2154,47
2020-08-20,Yuba,115,75493,779,709,3,712,1
2020-08-19,Alameda,001,1643700,17626,15874,117,15991,226
2020-08-19,Alpine,003,1148,2,2,0,2,0
2020-08-19,Amador,005,37829,263,219,0,219,9
2020-08-19,Butte,007,227075,1705,1517,21,1538,16
2020-08-19,Calaveras,009,45235,213,177,0,177,1
2020-08-19,Colusa,011,21464,435,415,0,415,5
2020-08-19,Contra Costa,013,1133247,13534,11895,43,11938,142
2020-08-19,Del Norte,015,27424,112,78,0,78,1
2020-08-19,El Dorado,017,186661,968,870,6,876,2
2020-08-19,Fresno,019,978130,26267,22167,270,22437,221
2020-08-19,Glenn,021,27897,425,414,0,414,2
2020-08-19,Humboldt,023,135768,355,316,1,317,4
2020-08-19,Imperial,025,180216,11054,9041,7,9048,192
2020-08-19,Inyo,027,18085,165,140,3,143,1
2020-08-19,Kern,029,883053,28912,27142,188,27330,263
2020-08-19,Kings,031,150075,5833,5301,27,5328,59
2020-08-19,Lake,033,64148,313,277,0,277,2
2020-08-19,Lassen,035,31185,711,693,2,695,0
2020-08-19,Los Angeles,037,10098052,233027,226006,965,226971,5399
2020-08-19,Madera,039,155013,3695,3158,21,3179,30
2020-08-19,Marin,041,260295,5968,5723,13,5736,46
2020-08-19,Mariposa,043,17540,71,64,0,64,2
2020-08-19,Mendocino,045,87422,560,495,0,495,8
2020-08-19,Merced,047,269075,7541,7082,4,7086,66
2020-08-19,Modoc,049,8938,7,5,0,5,0
2020-08-19,Mono,051,14174,163,128,2,130,1
2020-08-19,Monterey,053,433212,7443,6693,21,6714,45
2020-08-19,Napa,055,140530,1407,1293,5,1298,10
2020-08-19,Nevada,057,99092,429,398,13,411,2
2020-08-19,Orange,059,3164182,48627,43938,1080,45018,829
2020-08-19,Placer,061,380077,2895,2659,6,2665,28
2020-08-19,Plumas,063,18699,39,36,0,36,0
2020-08-19,Riverside,065,2383286,51711,48741,53,48794,922
2020-08-19,Sacramento,067,1510023,17000,14764,14,14778,229
2020-08-19,San Benito,069,59416,993,853,0,853,3
2020-08-19,San Bernardino,071,2135413,47222,43224,268,43492,661
2020-08-19,San Diego,073,3302833,37396,35378,259,35637,638
2020-08-19,San Francisco,075,870044,9026,8236,8,8244,72
2020-08-19,San Joaquin,077,732212,17659,15677,29,15706,296
2020-08-19,San Luis Obispo,079,281455,2849,2553,12,2565,19
2020-08-19,San Mateo,081,765935,7990,7146,8,7154,119
2020-08-19,Santa Barbara,083,443738,7860,7499,67,7566,80
2020-08-19,Santa Clara,085,1922200,17092,14994,35,15029,189
2020-08-19,Santa Cruz,087,273765,1737,1554,14,1568,6
2020-08-19,Shasta,089,179085,593,475,3,478,9
2020-08-19,Sierra,091,2930,6,6,0,6,0
2020-08-19,Siskiyou,093,43540,121,103,1,104,0
2020-08-19,Solano,095,438530,5179,4807,30,4837,31
2020-08-19,Sonoma,097,501317,5324,4614,19,4633,54
2020-08-19,Stanislaus,099,539301,14445,13084,219,13303,160
2020-08-19,Sutter,101,95872,1232,1146,1,1147,8
2020-08-19,Tehama,103,63373,392,342,2,344,1
2020-08-19,Trinity,105,12862,43,8,6,14,0
2020-08-19,Tulare,107,460477,13855,12756,47,12803,217
2020-08-19,Tuolumne,109,53932,179,159,4,163,1
2020-08-19,Ventura,111,848112,10675,9587,66,9653,91
2020-08-19,Yolo,113,214977,2315,2126,4,2130,47
2020-08-19,Yuba,115,75493,767,701,3,704,1
2020-08-18,Alameda,001,1643700,17448,15627,115,15742,223
2020-08-18,Alpine,003,1148,2,2,0,2,0
2020-08-18,Amador,005,37829,262,215,0,215,9
2020-08-18,Butte,007,227075,1672,1491,21,1512,16
2020-08-18,Calaveras,009,45235,210,174,0,174,1
2020-08-18,Colusa,011,21464,434,415,0,415,5
2020-08-18,Contra Costa,013,1133247,13413,11689,41,11730,141
2020-08-18,Del Norte,015,27424,111,78,0,78,0
2020-08-18,El Dorado,017,186661,963,866,6,872,2
2020-08-18,Fresno,019,978130,26046,21798,264,22062,212
2020-08-18,Glenn,021,27897,425,407,0,407,2
2020-08-18,Humboldt,023,135768,353,315,1,316,4
2020-08-18,Imperial,025,180216,11020,8968,7,8975,189
2020-08-18,Inyo,027,18085,164,140,3,143,1
2020-08-18,Kern,029,883053,28759,26978,184,27162,263
2020-08-18,Kings,031,150075,5798,5269,26,5295,58
2020-08-18,Lake,033,64148,310,274,0,274,2
2020-08-18,Lassen,035,31185,711,693,2,695,0
2020-08-18,Los Angeles,037,10098052,231760,224218,929,225147,5339
2020-08-18,Madera,039,155013,3667,3125,21,3146,28
2020-08-18,Marin,041,260295,5938,5708,13,5721,47
2020-08-18,Mariposa,043,17540,71,61,0,61,2
2020-08-18,Mendocino,045,87422,551,468,0,468,8
2020-08-18,Merced,047,269075,7493,6940,4,6944,66
2020-08-18,Modoc,049,8938,7,5,0,5,0
2020-08-18,Mono,051,14174,162,129,2,131,1
2020-08-18,Monterey,053,433212,7351,6691,20,6711,44
2020-08-18,Napa,055,140530,1403,1274,5,1279,10
2020-08-18,Nevada,057,99092,422,389,13,402,2
2020-08-18,Orange,059,3164182,48402,43659,1066,44725,809
2020-08-18,Placer,061,380077,2869,2644,5,2649,28
2020-08-18,Plumas,063,18699,39,34,0,34,0
2020-08-18,Riverside,065,2383286,51379,48447,53,48500,917
2020-08-18,Sacramento,067,1510023,16770,14610,13,14623,222
2020-08-18,San Benito,069,59416,973,836,0,836,3
2020-08-18,San Bernardino,071,2135413,46941,42827,262,43089,648
2020-08-18,San Diego,073,3302833,37103,35164,227,35391,633
2020-08-18,San Francisco,075,870044,8941,8016,8,8024,72
2020-08-18,San Joaquin,077,732212,17545,15509,28,15537,290
2020-08-18,San Luis Obispo,079,281455,2824,2535,11,2546,18
2020-08-18,San Mateo,081,765935,7929,7074,8,7082,119
2020-08-18,Santa Barbara,083,443738,7818,7472,67,7539,81
2020-08-18,Santa Clara,085,1922200,16923,14786,34,14820,184
2020-08-18,Santa Cruz,087,273765,1724,1509,14,1523,6
2020-08-18,Shasta,089,179085,589,468,3,471,9
2020-08-18,Sierra,091,2930,6,6,0,6,0
2020-08-18,Siskiyou,093,43540,120,103,1,104,0
2020-08-18,Solano,095,438530,5152,4700,30,4730,31
2020-08-18,Sonoma,097,501317,5255,4506,19,4525,48
2020-08-18,Stanislaus,099,539301,14347,12935,203,13138,149
2020-08-18,Sutter,101,95872,1213,1126,1,1127,8
2020-08-18,Tehama,103,63373,382,333,2,335,1
2020-08-18,Trinity,105,12862,41,8,6,14,0
2020-08-18,Tulare,107,460477,13725,12637,44,12681,212
2020-08-18,Tuolumne,109,53932,176,159,4,163,1
2020-08-18,Ventura,111,848112,10585,9536,61,9597,89
2020-08-18,Yolo,113,214977,2293,2102,4,2106,47
2020-08-18,Yuba,115,75493,759,679,3,682,1
2020-08-17,Alameda,001,1643700,17255,15454,114,15568,221
2020-08-17,Alpine,003,1148,2,2,0,2,0
2020-08-17,Amador,005,37829,262,215,0,215,9
2020-08-17,Butte,007,227075,1627,1463,21,1484,15
2020-08-17,Calaveras,009,45235,206,167,0,167,1
2020-08-17,Colusa,011,21464,431,408,0,408,5
2020-08-17,Contra Costa,013,1133247,13276,11442,41,11483,141
2020-08-17,Del Norte,015,27424,107,77,0,77,0
2020-08-17,El Dorado,017,186661,960,846,6,852,2
2020-08-17,Fresno,019,978130,25839,21316,257,21573,211
2020-08-17,Glenn,021,27897,424,402,0,402,2
2020-08-17,Humboldt,023,135768,349,302,1,303,4
2020-08-17,Imperial,025,180216,10979,8897,7,8904,188
2020-08-17,Inyo,027,18085,156,124,3,127,1
2020-08-17,Kern,029,883053,28612,26773,174,26947,249
2020-08-17,Kings,031,150075,5760,5249,26,5275,58
2020-08-17,Lake,033,64148,305,270,0,270,2
2020-08-17,Lassen,035,31185,711,666,2,668,0
2020-08-17,Los Angeles,037,10098052,230241,223418,885,224303,5282
2020-08-17,Madera,039,155013,3624,3050,20,3070,26
2020-08-17,Marin,041,260295,5915,5683,12,5695,46
2020-08-17,Mariposa,043,17540,71,61,0,61,2
2020-08-17,Mendocino,045,87422,533,454,0,454,8
2020-08-17,Merced,047,269075,7398,6814,4,6818,66
2020-08-17,Modoc,049,8938,7,5,0,5,0
2020-08-17,Mono,051,14174,162,126,2,128,1
2020-08-17,Monterey,053,433212,7251,6553,20,6573,44
2020-08-17,Napa,055,140530,1382,1255,5,1260,10
2020-08-17,Nevada,057,99092,417,383,13,396,2
2020-08-17,Orange,059,3164182,48192,43621,1053,44674,804
2020-08-17,Placer,061,380077,2844,2609,5,2614,28
2020-08-17,Plumas,063,18699,39,33,0,33,0
2020-08-17,Riverside,065,2383286,51046,48062,51,48113,916
2020-08-17,Sacramento,067,1510023,16550,14333,13,14346,219
2020-08-17,San Benito,069,59416,958,822,0,822,2
2020-08-17,San Bernardino,071,2135413,46597,42005,254,42259,604
2020-08-17,San Diego,073,3302833,36837,34962,213,35175,626
2020-08-17,San Francisco,075,870044,8870,7600,8,7608,72
2020-08-17,San Joaquin,077,732212,17383,15323,27,15350,280
2020-08-17,San Luis Obispo,079,281455,2791,2527,11,2538,18
2020-08-17,San Mateo,081,765935,7872,6987,7,6994,118
2020-08-17,Santa Barbara,083,443738,7776,7438,67,7505,80
2020-08-17,Santa Clara,085,1922200,16698,14546,34,14580,183
2020-08-17,Santa Cruz,087,273765,1708,1453,13,1466,6
2020-08-17,Shasta,089,179085,583,467,3,470,9
2020-08-17,Sierra,091,2930,6,6,0,6,0
2020-08-17,Siskiyou,093,43540,119,103,0,103,0
2020-08-17,Solano,095,438530,5095,4479,30,4509,31
2020-08-17,Sonoma,097,501317,5167,4402,17,4419,48
2020-08-17,Stanislaus,099,539301,14222,12745,196,12941,148
2020-08-17,Sutter,101,95872,1197,1071,1,1072,8
2020-08-17,Tehama,103,63373,372,324,2,326,1
2020-08-17,Trinity,105,12862,41,8,6,14,0
2020-08-17,Tulare,107,460477,13613,12487,43,12530,210
2020-08-17,Tuolumne,109,53932,173,157,4,161,1
2020-08-17,Ventura,111,848112,10462,9490,56,9546,89
2020-08-17,Yolo,113,214977,2266,2083,4,2087,47
2020-08-17,Yuba,115,75493,744,647,3,650,1
2020-08-16,Alameda,001,1643700,16964,15338,114,15452,221
2020-08-16,Alpine,003,1148,2,2,0,2,0
2020-08-16,Amador,005,37829,259,215,0,215,9
2020-08-16,Butte,007,227075,1589,1432,21,1453,15
2020-08-16,Calaveras,009,45235,199,167,0,167,1
2020-08-16,Colusa,011,21464,429,407,0,407,5
2020-08-16,Contra Costa,013,1133247,13090,11255,41,11296,140
2020-08-16,Del Norte,015,27424,103,77,0,77,0
2020-08-16,El Dorado,017,186661,948,843,6,849,2
2020-08-16,Fresno,019,978130,25617,21010,252,21262,211
2020-08-16,Glenn,021,27897,422,400,0,400,2
2020-08-16,Humboldt,023,135768,347,301,1,302,4
2020-08-16,Imperial,025,180216,10935,8883,7,8890,188
2020-08-16,Inyo,027,18085,149,125,2,127,1
2020-08-16,Kern,029,883053,28413,26520,166,26686,249
2020-08-16,Kings,031,150075,5729,5146,26,5172,58
2020-08-16,Lake,033,64148,301,269,0,269,2
2020-08-16,Lassen,035,31185,711,666,2,668,0
2020-08-16,Los Angeles,037,10098052,228669,222236,855,223091,5263
2020-08-16,Madera,039,155013,3579,3013,20,3033,26
2020-08-16,Marin,041,260295,5889,5664,12,5676,46
2020-08-16,Mariposa,043,17540,71,61,0,61,2
2020-08-16,Mendocino,045,87422,525,451,0,451,8
2020-08-16,Merced,047,269075,7316,6744,4,6748,66
2020-08-16,Modoc,049,8938,7,5,0,5,0
2020-08-16,Mono,051,14174,162,126,2,128,1
2020-08-16,Monterey,053,433212,7153,6516,19,6535,44
2020-08-16,Napa,055,140530,1364,1241,3,1244,10
2020-08-16,Nevada,057,99092,408,379,13,392,2
2020-08-16,Orange,059,3164182,47943,43303,1042,44345,803
2020-08-16,Placer,061,380077,2815,2583,4,2587,28
2020-08-16,Plumas,063,18699,39,33,0,33,0
2020-08-16,Riverside,065,2383286,50715,47669,50,47719,910
2020-08-16,Sacramento,067,1510023,16310,14210,13,14223,219
2020-08-16,San Benito,069,59416,929,815,0,815,2
2020-08-16,San Bernardino,071,2135413,46173,41724,246,41970,603
2020-08-16,San Diego,073,3302833,36573,34680,198,34878,626
2020-08-16,San Francisco,075,870044,8783,7602,8,7610,72
2020-08-16,San Joaquin,077,732212,17182,15288,27,15315,280
2020-08-16,San Luis Obispo,079,281455,2762,2494,11,2505,17
2020-08-16,San Mateo,081,765935,7798,6942,7,6949,118
2020-08-16,Santa Barbara,083,443738,7727,7368,67,7435,79
2020-08-16,Santa Clara,085,1922200,16498,14329,34,14363,183
2020-08-16,Santa Cruz,087,273765,1681,1449,12,1461,6
2020-08-16,Shasta,089,179085,576,465,3,468,9
2020-08-16,Sierra,091,2930,6,6,0,6,0
2020-08-16,Siskiyou,093,43540,118,102,0,102,0
2020-08-16,Solano,095,438530,5035,4479,30,4509,31
2020-08-16,Sonoma,097,501317,5063,4329,17,4346,46
2020-08-16,Stanislaus,099,539301,14064,12668,186,12854,148
2020-08-16,Sutter,101,95872,1179,1071,1,1072,8
2020-08-16,Tehama,103,63373,363,318,2,320,1
2020-08-16,Trinity,105,12862,38,8,6,14,0
2020-08-16,Tulare,107,460477,13481,12334,40,12374,211
2020-08-16,Tuolumne,109,53932,173,156,4,160,1
2020-08-16,Ventura,111,848112,10353,9408,51,9459,89
2020-08-16,Yolo,113,214977,2247,2057,4,2061,47
2020-08-16,Yuba,115,75493,735,647,2,649,1
2020-08-15,Alameda,001,1643700,16887,15165,114,15279,221
2020-08-15,Alpine,003,1148,2,2,0,2,0
2020-08-15,Amador,005,37829,259,210,0,210,9
2020-08-15,Butte,007,227075,1567,1409,21,1430,15
2020-08-15,Calaveras,009,45235,197,167,0,167,1
2020-08-15,Colusa,011,21464,428,401,0,401,5
2020-08-15,Contra Costa,013,1133247,12994,11106,41,11147,138
2020-08-15,Del Norte,015,27424,103,77,0,77,0
2020-08-15,El Dorado,017,186661,943,838,6,844,2
2020-08-15,Fresno,019,978130,25501,20603,250,20853,211
2020-08-15,Glenn,021,27897,422,398,0,398,2
2020-08-15,Humboldt,023,135768,346,301,1,302,4
2020-08-15,Imperial,025,180216,10915,8794,7,8801,188
2020-08-15,Inyo,027,18085,149,123,2,125,1
2020-08-15,Kern,029,883053,28325,26338,166,26504,249
2020-08-15,Kings,031,150075,5711,5039,26,5065,56
2020-08-15,Lake,033,64148,299,268,0,268,2
2020-08-15,Lassen,035,31185,711,666,2,668,0
2020-08-15,Los Angeles,037,10098052,227917,221043,845,221888,5252
2020-08-15,Madera,039,155013,3529,2950,20,2970,26
2020-08-15,Marin,041,260295,5882,5628,12,5640,46
2020-08-15,Mariposa,043,17540,71,61,0,61,2
2020-08-15,Mendocino,045,87422,521,444,0,444,8
2020-08-15,Merced,047,269075,7282,6656,4,6660,66
2020-08-15,Modoc,049,8938,7,5,0,5,0
2020-08-15,Mono,051,14174,162,126,2,128,1
2020-08-15,Monterey,053,433212,7108,6162,19,6181,44
2020-08-15,Napa,055,140530,1354,1232,3,1235,10
2020-08-15,Nevada,057,99092,408,376,13,389,2
2020-08-15,Orange,059,3164182,47830,42811,1031,43842,801
2020-08-15,Placer,061,380077,2794,2551,4,2555,27
2020-08-15,Plumas,063,18699,39,33,0,33,0
2020-08-15,Riverside,065,2383286,50564,46720,50,46770,910
2020-08-15,Sacramento,067,1510023,16200,14018,13,14031,219
2020-08-15,San Benito,069,59416,916,805,0,805,2
2020-08-15,San Bernardino,071,2135413,46021,41231,244,41475,602
2020-08-15,San Diego,073,3302833,36407,34346,184,34530,639
2020-08-15,San Francisco,075,870044,8721,7601,8,7609,69
2020-08-15,San Joaquin,077,732212,17108,15113,27,15140,280
2020-08-15,San Luis Obispo,079,281455,2745,2461,11,2472,17
2020-08-15,San Mateo,081,765935,7761,6860,7,6867,118
2020-08-15,Santa Barbara,083,443738,7699,7338,67,7405,79
2020-08-15,Santa Clara,085,1922200,16402,14105,34,14139,183
2020-08-15,Santa Cruz,087,273765,1660,1449,12,1461,6
2020-08-15,Shasta,089,179085,573,458,3,461,9
2020-08-15,Sierra,091,2930,6,6,0,6,0
2020-08-15,Siskiyou,093,43540,117,100,0,100,0
2020-08-15,Solano,095,438530,5013,4477,30,4507,31
2020-08-15,Sonoma,097,501317,5008,4134,17,4151,45
2020-08-15,Stanislaus,099,539301,14000,12541,185,12726,149
2020-08-15,Sutter,101,95872,1168,1046,1,1047,8
2020-08-15,Tehama,103,63373,362,312,2,314,1
2020-08-15,Trinity,105,12862,36,6,6,12,0
2020-08-15,Tulare,107,460477,13442,12262,40,12302,211
2020-08-15,Tuolumne,109,53932,173,155,4,159,1
2020-08-15,Ventura,111,848112,10294,9379,49,9428,89
2020-08-15,Yolo,113,214977,2235,2031,4,2035,46
2020-08-15,Yuba,115,75493,731,623,2,625,1
2020-08-14,Alameda,001,1643700,16747,14909,114,15023,221
2020-08-14,Alpine,003,1148,2,2,0,2,0
2020-08-14,Amador,005,37829,259,209,0,209,9
2020-08-14,Butte,007,227075,1559,1384,21,1405,15
2020-08-14,Calaveras,009,45235,193,165,0,165,1
2020-08-14,Colusa,011,21464,426,399,0,399,5
2020-08-14,Contra Costa,013,1133247,12882,10893,41,10934,137
2020-08-14,Del Norte,015,27424,103,76,0,76,0
2020-08-14,El Dorado,017,186661,935,827,6,833,2
2020-08-14,Fresno,019,978130,25368,19900,250,20150,208
2020-08-14,Glenn,021,27897,420,395,0,395,2
2020-08-14,Humboldt,023,135768,340,294,1,295,4
2020-08-14,Imperial,025,180216,10891,8756,7,8763,185
2020-08-14,Inyo,027,18085,148,115,2,117,1
2020-08-14,Kern,029,883053,28221,25893,165,26058,249
2020-08-14,Kings,031,150075,5697,4953,26,4979,56
2020-08-14,Lake,033,64148,290,267,0,267,2
2020-08-14,Lassen,035,31185,711,665,2,667,0
2020-08-14,Los Angeles,037,10098052,226744,219083,829,219912,5222
2020-08-14,Madera,039,155013,3499,2876,20,2896,26
2020-08-14,Marin,041,260295,5871,5601,12,5613,46
2020-08-14,Mariposa,043,17540,70,61,0,61,2
2020-08-14,Mendocino,045,87422,512,432,0,432,8
2020-08-14,Merced,047,269075,7252,6466,4,6470,67
2020-08-14,Modoc,049,8938,7,5,0,5,0
2020-08-14,Mono,051,14174,162,126,2,128,1
2020-08-14,Monterey,053,433212,7057,6121,19,6140,41
2020-08-14,Napa,055,140530,1344,1230,3,1233,10
2020-08-14,Nevada,057,99092,404,377,13,390,2
2020-08-14,Orange,059,3164182,47680,42399,1019,43418,798
2020-08-14,Placer,061,380077,2775,2546,4,2550,26
2020-08-14,Plumas,063,18699,38,33,0,33,0
2020-08-14,Riverside,065,2383286,50334,46456,50,46506,891
2020-08-14,Sacramento,067,1510023,16051,13645,13,13658,212
2020-08-14,San Benito,069,59416,899,783,0,783,2
2020-08-14,San Bernardino,071,2135413,45834,40442,241,40683,594
2020-08-14,San Diego,073,3302833,36213,34067,177,34244,622
2020-08-14,San Francisco,075,870044,8663,7467,8,7475,69
2020-08-14,San Joaquin,077,732212,17009,14925,27,14952,276
2020-08-14,San Luis Obispo,079,281455,2730,2422,11,2433,17
2020-08-14,San Mateo,081,765935,7702,6655,7,6662,118
2020-08-14,Santa Barbara,083,443738,7649,7302,67,7369,77
2020-08-14,Santa Clara,085,1922200,16232,13785,33,13818,183
2020-08-14,Santa Cruz,087,273765,1638,1418,11,1429,6
2020-08-14,Shasta,089,179085,568,446,3,449,9
2020-08-14,Sierra,091,2930,6,5,0,5,0
2020-08-14,Siskiyou,093,43540,117,98,0,98,0
2020-08-14,Solano,095,438530,4992,4421,30,4451,31
2020-08-14,Sonoma,097,501317,4949,4087,14,4101,45
2020-08-14,Stanislaus,099,539301,13922,12379,181,12560,140
2020-08-14,Sutter,101,95872,1160,1039,1,1040,8
2020-08-14,Tehama,103,63373,357,305,2,307,1
2020-08-14,Trinity,105,12862,36,6,6,12,0
2020-08-14,Tulare,107,460477,13365,12009,40,12049,211
2020-08-14,Tuolumne,109,53932,172,155,4,159,1
2020-08-14,Ventura,111,848112,10219,9313,49,9362,89
2020-08-14,Yolo,113,214977,2221,1991,4,1995,45
2020-08-14,Yuba,115,75493,715,606,2,608,1
2020-08-13,Alameda,001,1643700,16466,14385,114,14499,218
2020-08-13,Alpine,003,1148,2,2,0,2,0
2020-08-13,Amador,005,37829,259,198,0,198,8
2020-08-13,Butte,007,227075,1534,1345,21,1366,15
2020-08-13,Calaveras,009,45235,191,162,0,162,1
2020-08-13,Colusa,011,21464,426,395,0,395,5
2020-08-13,Contra Costa,013,1133247,12728,10545,40,10585,136
2020-08-13,Del Norte,015,27424,102,74,0,74,0
2020-08-13,El Dorado,017,186661,930,803,6,809,2
2020-08-13,Fresno,019,978130,25141,19157,244,19401,201
2020-08-13,Glenn,021,27897,416,392,0,392,1
2020-08-13,Humboldt,023,135768,332,281,1,282,4
2020-08-13,Imperial,025,180216,10860,8640,7,8647,170
2020-08-13,Inyo,027,18085,144,97,2,99,1
2020-08-13,Kern,029,883053,28054,25472,162,25634,242
2020-08-13,Kings,031,150075,5662,4824,26,4850,52
2020-08-13,Lake,033,64148,285,263,0,263,2
2020-08-13,Lassen,035,31185,711,652,2,654,0
2020-08-13,Los Angeles,037,10098052,225364,216497,807,217304,5179
2020-08-13,Madera,039,155013,3455,2675,19,2694,25
2020-08-13,Marin,041,260295,5855,5503,12,5515,44
2020-08-13,Mariposa,043,17540,69,61,0,61,2
2020-08-13,Mendocino,045,87422,507,401,0,401,8
2020-08-13,Merced,047,269075,7135,5945,4,5949,63
2020-08-13,Modoc,049,8938,7,5,0,5,0
2020-08-13,Mono,051,14174,162,124,2,126,1
2020-08-13,Monterey,053,433212,6974,5925,19,5944,38
2020-08-13,Napa,055,140530,1335,1179,3,1182,10
2020-08-13,Nevada,057,99092,400,362,13,375,1
2020-08-13,Orange,059,3164182,47441,42019,1008,43027,773
2020-08-13,Placer,061,380077,2752,2460,4,2464,26
2020-08-13,Plumas,063,18699,38,32,0,32,0
2020-08-13,Riverside,065,2383286,50038,45327,50,45377,885
2020-08-13,Sacramento,067,1510023,15847,13237,13,13250,197
2020-08-13,San Benito,069,59416,870,757,0,757,2
2020-08-13,San Bernardino,071,2135413,45439,39395,234,39629,591
2020-08-13,San Diego,073,3302833,35977,33661,159,33820,627
2020-08-13,San Francisco,075,870044,8569,7277,8,7285,69
2020-08-13,San Joaquin,077,732212,16853,14537,26,14563,261
2020-08-13,San Luis Obispo,079,281455,2708,2283,11,2294,16
2020-08-13,San Mateo,081,765935,7640,6503,7,6510,117
2020-08-13,Santa Barbara,083,443738,7604,7129,66,7195,74
2020-08-13,Santa Clara,085,1922200,16010,13257,33,13290,182
2020-08-13,Santa Cruz,087,273765,1613,1383,11,1394,6
2020-08-13,Shasta,089,179085,563,428,3,431,9
2020-08-13,Sierra,091,2930,6,5,0,5,0
2020-08-13,Siskiyou,093,43540,117,95,0,95,0
2020-08-13,Solano,095,438530,4955,4305,30,4335,31
2020-08-13,Sonoma,097,501317,4875,3902,14,3916,45
2020-08-13,Stanislaus,099,539301,13793,11953,165,12118,136
2020-08-13,Sutter,101,95872,1138,992,1,993,8
2020-08-13,Tehama,103,63373,348,302,2,304,1
2020-08-13,Trinity,105,12862,35,6,6,12,0
2020-08-13,Tulare,107,460477,13221,11692,37,11729,210
2020-08-13,Tuolumne,109,53932,171,152,4,156,1
2020-08-13,Ventura,111,848112,10130,9114,49,9163,90
2020-08-13,Yolo,113,214977,2194,1938,4,1942,44
2020-08-13,Yuba,115,75493,699,568,2,570,1
2020-08-12,Alameda,001,1643700,16254,14214,114,14328,215
2020-08-12,Alpine,003,1148,2,2,0,2,0
2020-08-12,Amador,005,37829,256,197,0,197,8
2020-08-12,Butte,007,227075,1506,1317,21,1338,15
2020-08-12,Calaveras,009,45235,188,157,0,157,1
2020-08-12,Colusa,011,21464,421,394,0,394,5
2020-08-12,Contra Costa,013,1133247,12583,10304,39,10343,134
2020-08-12,Del Norte,015,27424,101,74,0,74,0
2020-08-12,El Dorado,017,186661,912,794,6,800,2
2020-08-12,Fresno,019,978130,24910,18690,238,18928,194
2020-08-12,Glenn,021,27897,413,388,0,388,1
2020-08-12,Humboldt,023,135768,325,281,1,282,4
2020-08-12,Imperial,025,180216,10837,8566,7,8573,167
2020-08-12,Inyo,027,18085,127,97,2,99,1
2020-08-12,Kern,029,883053,27862,25191,160,25351,232
2020-08-12,Kings,031,150075,5623,4736,26,4762,50
2020-08-12,Lake,033,64148,283,253,0,253,2
2020-08-12,Lassen,035,31185,710,651,2,653,0
2020-08-12,Los Angeles,037,10098052,223966,214542,792,215334,5119
2020-08-12,Madera,039,155013,3421,2681,17,2698,23
2020-08-12,Marin,041,260295,5833,5423,12,5435,44
2020-08-12,Mariposa,043,17540,69,61,0,61,2
2020-08-12,Mendocino,045,87422,488,386,0,386,9
2020-08-12,Merced,047,269075,7073,5777,4,5781,66
2020-08-12,Modoc,049,8938,7,5,0,5,0
2020-08-12,Mono,051,14174,161,124,2,126,1
2020-08-12,Monterey,053,433212,6870,5919,19,5938,38
2020-08-12,Napa,055,140530,1325,1161,3,1164,10
2020-08-12,Nevada,057,99092,395,357,13,370,1
2020-08-12,Orange,059,3164182,47190,41576,984,42560,754
2020-08-12,Placer,061,380077,2720,2417,4,2421,25
2020-08-12,Plumas,063,18699,38,31,0,31,0
2020-08-12,Riverside,065,2383286,49690,44747,50,44797,867
2020-08-12,Sacramento,067,1510023,15635,12528,13,12541,189
2020-08-12,San Benito,069,59416,857,751,0,751,2
2020-08-12,San Bernardino,071,2135413,45095,38811,225,39036,589
2020-08-12,San Diego,073,3302833,35768,33395,139,33534,608
2020-08-12,San Francisco,075,870044,8486,7194,8,7202,66
2020-08-12,San Joaquin,077,732212,16705,14154,26,14180,253
2020-08-12,San Luis Obispo,079,281455,2683,2263,11,2274,15
2020-08-12,San Mateo,081,765935,7561,6427,7,6434,117
2020-08-12,Santa Barbara,083,443738,7544,7049,64,7113,74
2020-08-12,Santa Clara,085,1922200,15835,13002,33,13035,182
2020-08-12,Santa Cruz,087,273765,1584,1382,10,1392,6
2020-08-12,Shasta,089,179085,559,417,3,420,9
2020-08-12,Sierra,091,2930,5,4,0,4,0
2020-08-12,Siskiyou,093,43540,116,90,0,90,0
2020-08-12,Solano,095,438530,4910,4258,30,4288,31
2020-08-12,Sonoma,097,501317,4801,3847,14,3861,47
2020-08-12,Stanislaus,099,539301,13653,11682,158,11840,136
2020-08-12,Sutter,101,95872,1114,987,1,988,7
2020-08-12,Tehama,103,63373,338,289,2,291,1
2020-08-12,Trinity,105,12862,34,6,6,12,0
2020-08-12,Tulare,107,460477,13093,11460,37,11497,211
2020-08-12,Tuolumne,109,53932,170,150,4,154,1
2020-08-12,Ventura,111,848112,10043,9005,49,9054,87
2020-08-12,Yolo,113,214977,2170,1921,4,1925,44
2020-08-12,Yuba,115,75493,677,549,1,550,1
2020-08-11,Alameda,001,1643700,15993,13960,111,14071,204
2020-08-11,Alpine,003,1148,2,2,0,2,0
2020-08-11,Amador,005,37829,250,187,0,187,3
2020-08-11,Butte,007,227075,1478,1296,21,1317,15
2020-08-11,Calaveras,009,45235,186,161,0,161,1
2020-08-11,Colusa,011,21464,416,390,0,390,5
2020-08-11,Contra Costa,013,1133247,12395,10012,37,10049,131
2020-08-11,Del Norte,015,27424,100,73,0,73,0
2020-08-11,El Dorado,017,186661,905,786,5,791,2
2020-08-11,Fresno,019,978130,24587,18344,235,18579,187
2020-08-11,Glenn,021,27897,411,380,0,380,1
2020-08-11,Humboldt,023,135768,320,283,1,284,4
2020-08-11,Imperial,025,180216,10782,8518,7,8525,165
2020-08-11,Inyo,027,18085,122,97,2,99,1
2020-08-11,Kern,029,883053,27527,25042,158,25200,230
2020-08-11,Kings,031,150075,5432,4696,26,4722,50
2020-08-11,Lake,033,64148,280,243,0,243,2
2020-08-11,Lassen,035,31185,704,605,2,607,0
2020-08-11,Los Angeles,037,10098052,222465,212421,768,213189,5065
2020-08-11,Madera,039,155013,3367,2673,17,2690,22
2020-08-11,Marin,041,260295,5806,5287,11,5298,44
2020-08-11,Mariposa,043,17540,68,60,0,60,2
2020-08-11,Mendocino,045,87422,478,385,0,385,9
2020-08-11,Merced,047,269075,6978,5322,3,5325,65
2020-08-11,Modoc,049,8938,7,5,0,5,0
2020-08-11,Mono,051,14174,161,124,2,126,1
2020-08-11,Monterey,053,433212,6761,5624,19,5643,36
2020-08-11,Napa,055,140530,1314,1143,2,1145,11
2020-08-11,Nevada,057,99092,392,358,13,371,1
2020-08-11,Orange,059,3164182,46968,41205,963,42168,742
2020-08-11,Placer,061,380077,2688,2393,4,2397,24
2020-08-11,Plumas,063,18699,38,31,0,31,0
2020-08-11,Riverside,065,2383286,49333,44237,50,44287,836
2020-08-11,Sacramento,067,1510023,15344,12298,13,12311,182
2020-08-11,San Benito,069,59416,845,750,0,750,2
2020-08-11,San Bernardino,071,2135413,44755,38467,218,38685,584
2020-08-11,San Diego,073,3302833,35501,33159,120,33279,602
2020-08-11,San Francisco,075,870044,8390,6988,8,6996,66
2020-08-11,San Joaquin,077,732212,16527,13997,21,14018,251
2020-08-11,San Luis Obispo,079,281455,2626,2234,11,2245,15
2020-08-11,San Mateo,081,765935,7487,6339,7,6346,117
2020-08-11,Santa Barbara,083,443738,7495,6942,64,7006,70
2020-08-11,Santa Clara,085,1922200,15614,12920,33,12953,183
2020-08-11,Santa Cruz,087,273765,1561,1352,10,1362,4
2020-08-11,Shasta,089,179085,555,416,3,419,9
2020-08-11,Sierra,091,2930,5,4,0,4,0
2020-08-11,Siskiyou,093,43540,116,90,0,90,0
2020-08-11,Solano,095,438530,4862,4206,29,4235,31
2020-08-11,Sonoma,097,501317,4706,3752,14,3766,45
2020-08-11,Stanislaus,099,539301,13549,11592,146,11738,128
2020-08-11,Sutter,101,95872,1092,964,1,965,7
2020-08-11,Tehama,103,63373,334,289,2,291,1
2020-08-11,Trinity,105,12862,34,5,6,11,0
2020-08-11,Tulare,107,460477,12968,11392,36,11428,201
2020-08-11,Tuolumne,109,53932,166,146,4,150,1
2020-08-11,Ventura,111,848112,9975,8953,48,9001,88
2020-08-11,Yolo,113,214977,2148,1912,4,1916,44
2020-08-11,Yuba,115,75493,666,540,1,541,1
2020-08-10,Alameda,001,1643700,15753,13420,109,13529,203
2020-08-10,Alpine,003,1148,2,2,0,2,0
2020-08-10,Amador,005,37829,249,172,0,172,2
2020-08-10,Butte,007,227075,1454,1174,19,1193,15
2020-08-10,Calaveras,009,45235,175,121,0,121,1
2020-08-10,Colusa,011,21464,414,387,0,387,4
2020-08-10,Contra Costa,013,1133247,12242,9454,35,9489,130
2020-08-10,Del Norte,015,27424,98,69,0,69,0
2020-08-10,El Dorado,017,186661,893,771,5,776,2
2020-08-10,Fresno,019,978130,24306,17978,235,18213,183
2020-08-10,Glenn,021,27897,408,381,0,381,1
2020-08-10,Humboldt,023,135768,314,277,1,278,4
2020-08-10,Imperial,025,180216,10738,8465,7,8472,165
2020-08-10,Inyo,027,18085,122,97,2,99,1
2020-08-10,Kern,029,883053,27301,24499,157,24656,215
2020-08-10,Kings,031,150075,5326,4588,26,4614,50
2020-08-10,Lake,033,64148,273,239,0,239,2
2020-08-10,Lassen,035,31185,704,588,2,590,0
2020-08-10,Los Angeles,037,10098052,220888,211035,750,211785,5003
2020-08-10,Madera,039,155013,3334,2365,17,2382,22
2020-08-10,Marin,041,260295,5761,5242,10,5252,44
2020-08-10,Mariposa,043,17540,68,57,0,57,2
2020-08-10,Mendocino,045,87422,454,364,0,364,1
2020-08-10,Merced,047,269075,6897,4913,3,4916,51
2020-08-10,Modoc,049,8938,7,5,0,5,0
2020-08-10,Mono,051,14174,161,123,2,125,1
2020-08-10,Monterey,053,433212,6651,5358,19,5377,34
2020-08-10,Napa,055,140530,1296,1084,2,1086,8
2020-08-10,Nevada,057,99092,384,356,13,369,1
2020-08-10,Orange,059,3164182,46698,40445,945,41390,721
2020-08-10,Placer,061,380077,2649,2298,4,2302,21
2020-08-10,Plumas,063,18699,38,27,0,27,0
2020-08-10,Riverside,065,2383286,48948,43296,49,43345,830
2020-08-10,Sacramento,067,1510023,15033,12059,13,12072,168
2020-08-10,San Benito,069,59416,832,743,0,743,2
2020-08-10,San Bernardino,071,2135413,44379,37367,209,37576,579
2020-08-10,San Diego,073,3302833,35235,32977,104,33081,594
2020-08-10,San Francisco,075,870044,8300,6816,7,6823,66
2020-08-10,San Joaquin,077,732212,16343,13308,21,13329,240
2020-08-10,San Luis Obispo,079,281455,2527,2208,11,2219,15
2020-08-10,San Mateo,081,765935,7410,6222,7,6229,117
2020-08-10,Santa Barbara,083,443738,7440,6869,64,6933,66
2020-08-10,Santa Clara,085,1922200,15354,12615,32,12647,182
2020-08-10,Santa Cruz,087,273765,1541,1239,9,1248,4
2020-08-10,Shasta,089,179085,551,384,3,387,9
2020-08-10,Sierra,091,2930,5,3,0,3,0
2020-08-10,Siskiyou,093,43540,113,88,0,88,0
2020-08-10,Solano,095,438530,4802,4101,29,4130,31
2020-08-10,Sonoma,097,501317,4537,3640,10,3650,42
2020-08-10,Stanislaus,099,539301,13366,10855,130,10985,106
2020-08-10,Sutter,101,95872,1067,865,1,866,7
2020-08-10,Tehama,103,63373,327,282,2,284,1
2020-08-10,Trinity,105,12862,31,5,6,11,0
2020-08-10,Tulare,107,460477,12795,10750,34,10784,194
2020-08-10,Tuolumne,109,53932,166,143,3,146,1
2020-08-10,Ventura,111,848112,9891,8851,47,8898,85
2020-08-10,Yolo,113,214977,2125,1840,4,1844,45
2020-08-10,Yuba,115,75493,649,527,1,528,1
2020-08-09,Alameda,001,1643700,15471,13241,107,13348,203
2020-08-09,Alpine,003,1148,2,2,0,2,0
2020-08-09,Amador,005,37829,244,153,0,153,2
2020-08-09,Butte,007,227075,1411,1155,19,1174,15
2020-08-09,Calaveras,009,45235,170,122,0,122,1
2020-08-09,Colusa,011,21464,410,371,0,371,4
2020-08-09,Contra Costa,013,1133247,12015,9214,34,9248,130
2020-08-09,Del Norte,015,27424,98,69,0,69,0
2020-08-09,El Dorado,017,186661,885,748,5,753,2
2020-08-09,Fresno,019,978130,23996,17846,231,18077,183
2020-08-09,Glenn,021,27897,406,354,0,354,1
2020-08-09,Humboldt,023,135768,308,279,1,280,4
2020-08-09,Imperial,025,180216,10695,8310,6,8316,165
2020-08-09,Inyo,027,18085,117,86,1,87,1
2020-08-09,Kern,029,883053,27045,23680,157,23837,215
2020-08-09,Kings,031,150075,5283,4446,25,4471,50
2020-08-09,Lake,033,64148,266,225,0,225,2
2020-08-09,Lassen,035,31185,698,589,2,591,0
2020-08-09,Los Angeles,037,10098052,218825,208810,728,209538,4984
2020-08-09,Madera,039,155013,3276,2322,13,2335,22
2020-08-09,Marin,041,260295,5718,5204,10,5214,44
2020-08-09,Mariposa,043,17540,66,56,0,56,2
2020-08-09,Mendocino,045,87422,444,283,0,283,1
2020-08-09,Merced,047,269075,6800,4735,2,4737,51
2020-08-09,Modoc,049,8938,7,4,0,4,0
2020-08-09,Mono,051,14174,160,113,2,115,1
2020-08-09,Monterey,053,433212,6527,5199,19,5218,34
2020-08-09,Napa,055,140530,1277,1062,2,1064,8
2020-08-09,Nevada,057,99092,376,332,13,345,1
2020-08-09,Orange,059,3164182,46399,39244,930,40174,722
2020-08-09,Placer,061,380077,2620,2211,4,2215,20
2020-08-09,Plumas,063,18699,38,27,0,27,0
2020-08-09,Riverside,065,2383286,48603,41894,49,41943,828
2020-08-09,Sacramento,067,1510023,14754,11301,13,11314,167
2020-08-09,San Benito,069,59416,813,687,0,687,2
2020-08-09,San Bernardino,071,2135413,43899,36092,209,36301,579
2020-08-09,San Diego,073,3302833,34944,32749,93,32842,594
2020-08-09,San Francisco,075,870044,8185,6820,7,6827,66
2020-08-09,San Joaquin,077,732212,16138,12933,20,12953,240
2020-08-09,San Luis Obispo,079,281455,2491,2124,11,2135,15
2020-08-09,San Mateo,081,765935,7315,6094,7,6101,117
2020-08-09,Santa Barbara,083,443738,7352,6669,64,6733,66
2020-08-09,Santa Clara,085,1922200,15084,11878,32,11910,181
2020-08-09,Santa Cruz,087,273765,1517,1246,9,1255,4
2020-08-09,Shasta,089,179085,547,361,3,364,9
2020-08-09,Sierra,091,2930,5,3,0,3,0
2020-08-09,Siskiyou,093,43540,112,74,0,74,0
2020-08-09,Solano,095,438530,4749,3954,28,3982,31
2020-08-09,Sonoma,097,501317,4401,3531,8,3539,41
2020-08-09,Stanislaus,099,539301,13158,10264,117,10381,106
2020-08-09,Sutter,101,95872,1033,857,1,858,7
2020-08-09,Tehama,103,63373,319,265,2,267,1
2020-08-09,Trinity,105,12862,31,5,6,11,0
2020-08-09,Tulare,107,460477,12605,10630,31,10661,194
2020-08-09,Tuolumne,109,53932,162,143,3,146,1
2020-08-09,Ventura,111,848112,9743,8633,46,8679,85
2020-08-09,Yolo,113,214977,2094,1765,4,1769,44
2020-08-09,Yuba,115,75493,629,442,1,443,1
2020-08-08,Alameda,001,1643700,15361,13087,107,13194,204
2020-08-08,Alpine,003,1148,2,2,0,2,0
2020-08-08,Amador,005,37829,244,139,0,139,2
2020-08-08,Butte,007,227075,1393,1140,19,1159,15
2020-08-08,Calaveras,009,45235,169,122,0,122,1
2020-08-08,Colusa,011,21464,409,368,0,368,4
2020-08-08,Contra Costa,013,1133247,11906,9104,34,9138,129
2020-08-08,Del Norte,015,27424,97,69,0,69,0
2020-08-08,El Dorado,017,186661,878,734,5,739,2
2020-08-08,Fresno,019,978130,23859,17538,229,17767,183
2020-08-08,Glenn,021,27897,406,344,0,344,1
2020-08-08,Humboldt,023,135768,305,277,1,278,4
2020-08-08,Imperial,025,180216,10680,8213,6,8219,165
2020-08-08,Inyo,027,18085,113,86,1,87,1
2020-08-08,Kern,029,883053,26931,22803,157,22960,215
2020-08-08,Kings,031,150075,5269,4367,25,4392,49
2020-08-08,Lake,033,64148,264,221,0,221,2
2020-08-08,Lassen,035,31185,698,589,2,591,0
2020-08-08,Los Angeles,037,10098052,217941,206971,717,207688,4974
2020-08-08,Madera,039,155013,3245,2275,13,2288,22
2020-08-08,Marin,041,260295,5698,5118,10,5128,44
2020-08-08,Mariposa,043,17540,65,55,0,55,2
2020-08-08,Mendocino,045,87422,442,264,0,264,1
2020-08-08,Merced,047,269075,6760,4570,2,4572,51
2020-08-08,Modoc,049,8938,7,4,0,4,0
2020-08-08,Mono,051,14174,160,113,2,115,1
2020-08-08,Monterey,053,433212,6469,5101,19,5120,33
2020-08-08,Napa,055,140530,1269,1062,2,1064,8
2020-08-08,Nevada,057,99092,374,325,13,338,1
2020-08-08,Orange,059,3164182,46269,38688,921,39609,718
2020-08-08,Placer,061,380077,2604,2153,4,2157,20
2020-08-08,Plumas,063,18699,38,27,0,27,0
2020-08-08,Riverside,065,2383286,48399,41412,49,41461,823
2020-08-08,Sacramento,067,1510023,14624,11144,13,11157,166
2020-08-08,San Benito,069,59416,805,684,0,684,2
2020-08-08,San Bernardino,071,2135413,43704,35691,208,35899,531
2020-08-08,San Diego,073,3302833,34755,32332,84,32416,593
2020-08-08,San Francisco,075,870044,8119,6820,7,6827,66
2020-08-08,San Joaquin,077,732212,16057,12559,19,12578,240
2020-08-08,San Luis Obispo,079,281455,2468,2081,11,2092,15
2020-08-08,San Mateo,081,765935,7257,6021,7,6028,117
2020-08-08,Santa Barbara,083,443738,7314,6598,64,6662,66
2020-08-08,Santa Clara,085,1922200,14932,11615,32,11647,181
2020-08-08,Santa Cruz,087,273765,1503,1247,9,1256,4
2020-08-08,Shasta,089,179085,545,343,3,346,9
2020-08-08,Sierra,091,2930,5,3,0,3,0
2020-08-08,Siskiyou,093,43540,112,73,0,73,0
2020-08-08,Solano,095,438530,4728,3889,27,3916,31
2020-08-08,Sonoma,097,501317,4370,3399,8,3407,41
2020-08-08,Stanislaus,099,539301,13083,9963,112,10075,105
2020-08-08,Sutter,101,95872,1023,830,1,831,7
2020-08-08,Tehama,103,63373,318,251,2,253,1
2020-08-08,Trinity,105,12862,31,5,6,11,0
2020-08-08,Tulare,107,460477,12530,10505,31,10536,192
2020-08-08,Tuolumne,109,53932,162,143,3,146,1
2020-08-08,Ventura,111,848112,9688,8462,45,8507,85
2020-08-08,Yolo,113,214977,2081,1725,4,1729,44
2020-08-08,Yuba,115,75493,620,430,1,431,1
2020-08-07,Alameda,001,1643700,15251,12805,107,12912,204
2020-08-07,Alpine,003,1148,2,2,0,2,0
2020-08-07,Amador,005,37829,242,125,0,125,2
2020-08-07,Butte,007,227075,1375,1092,19,1111,13
2020-08-07,Calaveras,009,45235,169,119,0,119,1
2020-08-07,Colusa,011,21464,408,358,0,358,4
2020-08-07,Contra Costa,013,1133247,11758,8810,34,8844,126
2020-08-07,Del Norte,015,27424,97,69,0,69,0
2020-08-07,El Dorado,017,186661,873,724,5,729,2
2020-08-07,Fresno,019,978130,23699,17290,229,17519,171
2020-08-07,Glenn,021,27897,405,339,0,339,1
2020-08-07,Humboldt,023,135768,301,274,1,275,4
2020-08-07,Imperial,025,180216,10655,8085,6,8091,164
2020-08-07,Inyo,027,18085,112,81,1,82,1
2020-08-07,Kern,029,883053,26805,22143,155,22298,206
2020-08-07,Kings,031,150075,5252,4315,25,4340,48
2020-08-07,Lake,033,64148,262,215,0,215,1
2020-08-07,Lassen,035,31185,697,588,2,590,0
2020-08-07,Los Angeles,037,10098052,216474,204406,706,205112,4924
2020-08-07,Madera,039,155013,3213,2245,13,2258,20
2020-08-07,Marin,041,260295,5669,5094,10,5104,43
2020-08-07,Mariposa,043,17540,65,53,0,53,2
2020-08-07,Mendocino,045,87422,428,262,0,262,1
2020-08-07,Merced,047,269075,6717,4358,2,4360,30
2020-08-07,Modoc,049,8938,7,4,0,4,0
2020-08-07,Mono,051,14174,160,112,2,114,1
2020-08-07,Monterey,053,433212,6394,5041,19,5060,33
2020-08-07,Napa,055,140530,1264,1055,2,1057,8
2020-08-07,Nevada,057,99092,371,324,13,337,1
2020-08-07,Orange,059,3164182,46058,38459,904,39363,701
2020-08-07,Placer,061,380077,2586,2078,4,2082,20
2020-08-07,Plumas,063,18699,38,25,0,25,0
2020-08-07,Riverside,065,2383286,48135,40902,48,40950,810
2020-08-07,Sacramento,067,1510023,14479,10798,13,10811,160
2020-08-07,San Benito,069,59416,799,647,0,647,2
2020-08-07,San Bernardino,071,2135413,43457,35200,207,35407,524
2020-08-07,San Diego,073,3302833,34570,31781,81,31862,586
2020-08-07,San Francisco,075,870044,8041,6765,7,6772,66
2020-08-07,San Joaquin,077,732212,15970,12392,19,12411,223
2020-08-07,San Luis Obispo,079,281455,2437,2050,11,2061,14
2020-08-07,San Mateo,081,765935,7197,5948,7,5955,117
2020-08-07,Santa Barbara,083,443738,7263,6509,64,6573,66
2020-08-07,Santa Clara,085,1922200,14733,11409,32,11441,180
2020-08-07,Santa Cruz,087,273765,1485,1234,9,1243,5
2020-08-07,Shasta,089,179085,540,342,3,345,9
2020-08-07,Sierra,091,2930,5,3,0,3,0
2020-08-07,Siskiyou,093,43540,109,73,0,73,0
2020-08-07,Solano,095,438530,4696,3844,26,3870,31
2020-08-07,Sonoma,097,501317,4304,3329,8,3337,34
2020-08-07,Stanislaus,099,539301,12961,9665,102,9767,98
2020-08-07,Sutter,101,95872,1019,807,1,808,6
2020-08-07,Tehama,103,63373,314,246,2,248,1
2020-08-07,Trinity,105,12862,30,5,6,11,0
2020-08-07,Tulare,107,460477,12453,10292,31,10323,195
2020-08-07,Tuolumne,109,53932,161,136,3,139,1
2020-08-07,Ventura,111,848112,9628,8356,43,8399,84
2020-08-07,Yolo,113,214977,2054,1689,4,1693,37
2020-08-07,Yuba,115,75493,615,413,1,414,1
2020-08-06,Alameda,001,1643700,15029,12474,106,12580,200
2020-08-06,Alpine,003,1148,2,2,0,2,0
2020-08-06,Amador,005,37829,228,125,0,125,0
2020-08-06,Butte,007,227075,1356,1060,19,1079,13
2020-08-06,Calaveras,009,45235,166,117,0,117,1
2020-08-06,Colusa,011,21464,405,358,0,358,3
2020-08-06,Contra Costa,013,1133247,11564,8583,33,8616,124
2020-08-06,Del Norte,015,27424,97,69,0,69,0
2020-08-06,El Dorado,017,186661,862,703,5,708,1
2020-08-06,Fresno,019,978130,23401,17031,222,17253,161
2020-08-06,Glenn,021,27897,400,332,0,332,1
2020-08-06,Humboldt,023,135768,296,266,1,267,4
2020-08-06,Imperial,025,180216,10612,8064,6,8070,163
2020-08-06,Inyo,027,18085,104,83,1,84,1
2020-08-06,Kern,029,883053,26569,21843,154,21997,197
2020-08-06,Kings,031,150075,5190,4264,24,4288,47
2020-08-06,Lake,033,64148,259,209,0,209,1
2020-08-06,Lassen,035,31185,695,588,2,590,0
2020-08-06,Los Angeles,037,10098052,214401,201372,690,202062,4874
2020-08-06,Madera,039,155013,3165,2240,12,2252,19
2020-08-06,Marin,041,260295,5637,5058,10,5068,43
2020-08-06,Mariposa,043,17540,64,52,0,52,2
2020-08-06,Mendocino,045,87422,414,260,0,260,1
2020-08-06,Merced,047,269075,6615,4235,2,4237,30
2020-08-06,Modoc,049,8938,7,4,0,4,0
2020-08-06,Mono,051,14174,159,111,2,113,1
2020-08-06,Monterey,053,433212,6285,5001,18,5019,33
2020-08-06,Napa,055,140530,1250,1032,2,1034,8
2020-08-06,Nevada,057,99092,366,321,13,334,1
2020-08-06,Orange,059,3164182,45766,38399,899,39298,694
2020-08-06,Placer,061,380077,2560,2045,4,2049,20
2020-08-06,Plumas,063,18699,37,25,0,25,0
2020-08-06,Riverside,065,2383286,47741,40269,48,40317,781
2020-08-06,Sacramento,067,1510023,14251,10548,13,10561,153
2020-08-06,San Benito,069,59416,791,626,0,626,2
2020-08-06,San Bernardino,071,2135413,43051,34819,205,35024,516
2020-08-06,San Diego,073,3302833,34303,31129,74,31203,583
2020-08-06,San Francisco,075,870044,7948,6737,6,6743,60
2020-08-06,San Joaquin,077,732212,15811,12269,19,12288,203
2020-08-06,San Luis Obispo,079,281455,2413,2000,10,2010,13
2020-08-06,San Mateo,081,765935,7097,5885,7,5892,117
2020-08-06,Santa Barbara,083,443738,7203,6620,64,6684,65
2020-08-06,Santa Clara,085,1922200,14504,11280,32,11312,178
2020-08-06,Santa Cruz,087,273765,1464,1215,9,1224,4
2020-08-06,Shasta,089,179085,531,343,3,346,9
2020-08-06,Sierra,091,2930,5,3,0,3,0
2020-08-06,Siskiyou,093,43540,109,73,0,73,0
2020-08-06,Solano,095,438530,4652,3784,26,3810,29
2020-08-06,Sonoma,097,501317,4240,3259,8,3267,33
2020-08-06,Stanislaus,099,539301,12811,9566,86,9652,98
2020-08-06,Sutter,101,95872,988,797,1,798,6
2020-08-06,Tehama,103,63373,311,242,2,244,1
2020-08-06,Trinity,105,12862,27,5,6,11,0
2020-08-06,Tulare,107,460477,12293,10169,31,10200,195
2020-08-06,Tuolumne,109,53932,160,136,3,139,1
2020-08-06,Ventura,111,848112,9513,8245,40,8285,80
2020-08-06,Yolo,113,214977,2030,1662,4,1666,36
2020-08-06,Yuba,115,75493,606,407,0,407,1
2020-08-05,Alameda,001,1643700,14813,12140,106,12246,193
2020-08-05,Alpine,003,1148,2,2,0,2,0
2020-08-05,Amador,005,37829,218,123,0,123,0
2020-08-05,Butte,007,227075,1322,1038,18,1056,13
2020-08-05,Calaveras,009,45235,163,116,0,116,1
2020-08-05,Colusa,011,21464,401,354,0,354,3
2020-08-05,Contra Costa,013,1133247,11395,8362,33,8395,122
2020-08-05,Del Norte,015,27424,96,69,0,69,0
2020-08-05,El Dorado,017,186661,854,692,5,697,1
2020-08-05,Fresno,019,978130,23157,16625,217,16842,159
2020-08-05,Glenn,021,27897,397,330,0,330,1
2020-08-05,Humboldt,023,135768,294,249,1,250,4
2020-08-05,Imperial,025,180216,10577,8036,6,8042,163
2020-08-05,Inyo,027,18085,102,62,1,63,1
2020-08-05,Kern,029,883053,26381,21540,149,21689,194
2020-08-05,Kings,031,150075,5145,4192,23,4215,47
2020-08-05,Lake,033,64148,252,209,0,209,1
2020-08-05,Lassen,035,31185,648,557,2,559,0
2020-08-05,Los Angeles,037,10098052,212480,198355,670,199025,4832
2020-08-05,Madera,039,155013,3123,2172,12,2184,19
2020-08-05,Marin,041,260295,5605,5036,10,5046,43
2020-08-05,Mariposa,043,17540,64,52,0,52,2
2020-08-05,Mendocino,045,87422,402,248,0,248,1
2020-08-05,Merced,047,269075,6480,4119,2,4121,30
2020-08-05,Modoc,049,8938,7,3,0,3,0
2020-08-05,Mono,051,14174,159,104,2,106,1
2020-08-05,Monterey,053,433212,6170,4936,18,4954,32
2020-08-05,Napa,055,140530,1238,1020,2,1022,8
2020-08-05,Nevada,057,99092,357,327,13,340,2
2020-08-05,Orange,059,3164182,45457,37907,891,38798,663
2020-08-05,Placer,061,380077,2519,1989,4,1993,18
2020-08-05,Plumas,063,18699,36,25,0,25,0
2020-08-05,Riverside,065,2383286,47349,39454,46,39500,761
2020-08-05,Sacramento,067,1510023,14033,10261,12,10273,151
2020-08-05,San Benito,069,59416,782,613,0,613,2
2020-08-05,San Bernardino,071,2135413,42589,34442,200,34642,504
2020-08-05,San Diego,073,3302833,34079,30866,58,30924,578
2020-08-05,San Francisco,075,870044,7855,6701,6,6707,60
2020-08-05,San Joaquin,077,732212,15650,12148,19,12167,199
2020-08-05,San Luis Obispo,079,281455,2389,1928,10,1938,13
2020-08-05,San Mateo,081,765935,7002,5695,7,5702,116
2020-08-05,Santa Barbara,083,443738,7143,6597,64,6661,63
2020-08-05,Santa Clara,085,1922200,14270,11074,32,11106,176
2020-08-05,Santa Cruz,087,273765,1444,1192,7,1199,4
2020-08-05,Shasta,089,179085,525,338,3,341,9
2020-08-05,Sierra,091,2930,5,3,0,3,0
2020-08-05,Siskiyou,093,43540,105,72,0,72,0
2020-08-05,Solano,095,438530,4601,3750,25,3775,29
2020-08-05,Sonoma,097,501317,4157,3173,8,3181,33
2020-08-05,Stanislaus,099,539301,12652,9408,81,9489,97
2020-08-05,Sutter,101,95872,977,780,1,781,6
2020-08-05,Tehama,103,63373,308,231,2,233,1
2020-08-05,Trinity,105,12862,27,5,6,11,0
2020-08-05,Tulare,107,460477,12151,9924,31,9955,192
2020-08-05,Tuolumne,109,53932,160,137,3,140,0
2020-08-05,Ventura,111,848112,9397,8162,36,8198,75
2020-08-05,Yolo,113,214977,2002,1634,4,1638,36
2020-08-05,Yuba,115,75493,589,400,0,400,1
2020-08-04,Alameda,001,1643700,14596,11983,105,12088,192
2020-08-04,Alpine,003,1148,2,2,0,2,0
2020-08-04,Amador,005,37829,203,123,0,123,0
2020-08-04,Butte,007,227075,1298,1011,18,1029,10
2020-08-04,Calaveras,009,45235,159,116,0,116,1
2020-08-04,Colusa,011,21464,396,354,0,354,3
2020-08-04,Contra Costa,013,1133247,11228,8210,33,8243,122
2020-08-04,Del Norte,015,27424,94,69,0,69,0
2020-08-04,El Dorado,017,186661,844,668,5,673,1
2020-08-04,Fresno,019,978130,22872,16272,210,16482,154
2020-08-04,Glenn,021,27897,396,325,0,325,1
2020-08-04,Humboldt,023,135768,284,241,1,242,4
2020-08-04,Imperial,025,180216,10540,7974,6,7980,163
2020-08-04,Inyo,027,18085,88,59,1,60,1
2020-08-04,Kern,029,883053,26098,21403,149,21552,190
2020-08-04,Kings,031,150075,5080,4163,23,4186,47
2020-08-04,Lake,033,64148,252,206,0,206,1
2020-08-04,Lassen,035,31185,645,556,2,558,0
2020-08-04,Los Angeles,037,10098052,210539,196014,644,196658,4764
2020-08-04,Madera,039,155013,3080,2161,8,2169,19
2020-08-04,Marin,041,260295,5574,5020,9,5029,43
2020-08-04,Mariposa,043,17540,64,51,0,51,2
2020-08-04,Mendocino,045,87422,377,248,0,248,1
2020-08-04,Merced,047,269075,6366,4085,2,4087,30
2020-08-04,Modoc,049,8938,7,3,0,3,0
2020-08-04,Mono,051,14174,158,104,1,105,1
2020-08-04,Monterey,053,433212,6056,4892,18,4910,32
2020-08-04,Napa,055,140530,1225,994,0,994,8
2020-08-04,Nevada,057,99092,356,322,13,335,2
2020-08-04,Orange,059,3164182,45081,37844,885,38729,659
2020-08-04,Placer,061,380077,2482,1964,4,1968,17
2020-08-04,Plumas,063,18699,36,25,0,25,0
2020-08-04,Riverside,065,2383286,46964,38991,45,39036,743
2020-08-04,Sacramento,067,1510023,13815,10205,12,10217,146
2020-08-04,San Benito,069,59416,766,608,0,608,2
2020-08-04,San Bernardino,071,2135413,42039,34215,195,34410,495
2020-08-04,San Diego,073,3302833,33786,30518,46,30564,568
2020-08-04,San Francisco,075,870044,7767,6568,6,6574,60
2020-08-04,San Joaquin,077,732212,15522,12087,16,12103,189
2020-08-04,San Luis Obispo,079,281455,2359,1886,10,1896,13
2020-08-04,San Mateo,081,765935,6896,5690,7,5697,116
2020-08-04,Santa Barbara,083,443738,7083,6591,64,6655,61
2020-08-04,Santa Clara,085,1922200,13968,10986,31,11017,175
2020-08-04,Santa Cruz,087,273765,1425,1202,7,1209,4
2020-08-04,Shasta,089,179085,519,335,3,338,9
2020-08-04,Sierra,091,2930,5,1,0,1,0
2020-08-04,Siskiyou,093,43540,103,71,0,71,0
2020-08-04,Solano,095,438530,4530,3690,25,3715,29
2020-08-04,Sonoma,097,501317,4090,3108,8,3116,33
2020-08-04,Stanislaus,099,539301,12483,9359,74,9433,97
2020-08-04,Sutter,101,95872,963,761,1,762,6
2020-08-04,Tehama,103,63373,301,226,2,228,1
2020-08-04,Trinity,105,12862,27,5,6,11,0
2020-08-04,Tulare,107,460477,11971,9866,31,9897,192
2020-08-04,Tuolumne,109,53932,159,127,3,130,0
2020-08-04,Ventura,111,848112,9283,8134,34,8168,75
2020-08-04,Yolo,113,214977,1976,1626,4,1630,37
2020-08-04,Yuba,115,75493,574,398,0,398,1
2020-08-03,Alameda,001,1643700,14414,11817,102,11919,189
2020-08-03,Alpine,003,1148,2,2,0,2,0
2020-08-03,Amador,005,37829,199,119,0,119,0
2020-08-03,Butte,007,227075,1252,989,17,1006,9
2020-08-03,Calaveras,009,45235,156,117,0,117,1
2020-08-03,Colusa,011,21464,392,336,0,336,2
2020-08-03,Contra Costa,013,1133247,11031,8069,30,8099,120
2020-08-03,Del Norte,015,27424,90,68,0,68,0
2020-08-03,El Dorado,017,186661,833,645,5,650,1
2020-08-03,Fresno,019,978130,22578,15945,204,16149,151
2020-08-03,Glenn,021,27897,389,316,0,316,1
2020-08-03,Humboldt,023,135768,277,234,1,235,4
2020-08-03,Imperial,025,180216,10485,7953,6,7959,161
2020-08-03,Inyo,027,18085,85,57,1,58,1
2020-08-03,Kern,029,883053,25731,21285,142,21427,176
2020-08-03,Kings,031,150075,4968,4107,22,4129,47
2020-08-03,Lake,033,64148,245,201,0,201,1
2020-08-03,Lassen,035,31185,645,555,2,557,0
2020-08-03,Los Angeles,037,10098052,208501,194103,616,194719,4706
2020-08-03,Madera,039,155013,3031,2143,7,2150,18
2020-08-03,Marin,041,260295,5527,5001,9,5010,43
2020-08-03,Mariposa,043,17540,63,52,0,52,2
2020-08-03,Mendocino,045,87422,354,248,0,248,1
2020-08-03,Merced,047,269075,6244,4028,2,4030,29
2020-08-03,Modoc,049,8938,7,2,0,2,0
2020-08-03,Mono,051,14174,158,104,1,105,1
2020-08-03,Monterey,053,433212,5905,4806,15,4821,28
2020-08-03,Napa,055,140530,1211,973,0,973,8
2020-08-03,Nevada,057,99092,352,315,13,328,2
2020-08-03,Orange,059,3164182,44687,37705,875,38580,651
2020-08-03,Placer,061,380077,2426,1947,3,1950,16
2020-08-03,Plumas,063,18699,36,25,0,25,0
2020-08-03,Riverside,065,2383286,46496,38642,45,38687,740
2020-08-03,Sacramento,067,1510023,13620,10143,12,10155,142
2020-08-03,San Benito,069,59416,754,603,0,603,2
2020-08-03,San Bernardino,071,2135413,41514,33979,189,34168,444
2020-08-03,San Diego,073,3302833,33472,30228,36,30264,565
2020-08-03,San Francisco,075,870044,7673,6319,6,6325,60
2020-08-03,San Joaquin,077,732212,15325,12007,15,12022,189
2020-08-03,San Luis Obispo,079,281455,2317,1863,8,1871,14
2020-08-03,San Mateo,081,765935,6815,5661,7,5668,115
2020-08-03,Santa Barbara,083,443738,7039,6580,64,6644,59
2020-08-03,Santa Clara,085,1922200,13691,10747,31,10778,172
2020-08-03,Santa Cruz,087,273765,1405,1154,7,1161,4
2020-08-03,Shasta,089,179085,512,322,3,325,9
2020-08-03,Sierra,091,2930,5,1,0,1,0
2020-08-03,Siskiyou,093,43540,99,67,0,67,0
2020-08-03,Solano,095,438530,4461,3610,24,3634,29
2020-08-03,Sonoma,097,501317,3989,3079,7,3086,33
2020-08-03,Stanislaus,099,539301,12274,9308,66,9374,96
2020-08-03,Sutter,101,95872,939,713,1,714,6
2020-08-03,Tehama,103,63373,293,225,2,227,1
2020-08-03,Trinity,105,12862,27,5,6,11,0
2020-08-03,Tulare,107,460477,11787,9703,31,9734,188
2020-08-03,Tuolumne,109,53932,159,123,3,126,0
2020-08-03,Ventura,111,848112,9192,8084,31,8115,74
2020-08-03,Yolo,113,214977,1941,1598,3,1601,37
2020-08-03,Yuba,115,75493,550,393,0,393,1
2020-08-02,Alameda,001,1643700,14166,11696,90,11786,188
2020-08-02,Alpine,003,1148,2,2,0,2,0
2020-08-02,Amador,005,37829,194,117,0,117,0
2020-08-02,Butte,007,227075,1217,987,17,1004,9
2020-08-02,Calaveras,009,45235,153,116,0,116,1
2020-08-02,Colusa,011,21464,387,335,0,335,2
2020-08-02,Contra Costa,013,1133247,10792,7995,30,8025,118
2020-08-02,Del Norte,015,27424,89,68,0,68,0
2020-08-02,El Dorado,017,186661,823,643,5,648,1
2020-08-02,Fresno,019,978130,22303,15759,198,15957,151
2020-08-02,Glenn,021,27897,388,315,0,315,1
2020-08-02,Humboldt,023,135768,272,232,1,233,4
2020-08-02,Imperial,025,180216,10422,7919,6,7925,157
2020-08-02,Inyo,027,18085,84,45,1,46,1
2020-08-02,Kern,029,883053,25433,21162,140,21302,176
2020-08-02,Kings,031,150075,4906,3964,21,3985,47
2020-08-02,Lake,033,64148,240,201,0,201,1
2020-08-02,Lassen,035,31185,645,555,2,557,0
2020-08-02,Los Angeles,037,10098052,206407,192480,598,193078,4698
2020-08-02,Madera,039,155013,2965,2123,5,2128,18
2020-08-02,Marin,041,260295,5492,4985,9,4994,43
2020-08-02,Mariposa,043,17540,61,52,0,52,2
2020-08-02,Mendocino,045,87422,344,247,0,247,1
2020-08-02,Merced,047,269075,6103,4011,2,4013,29
2020-08-02,Modoc,049,8938,7,2,0,2,0
2020-08-02,Mono,051,14174,151,104,1,105,1
2020-08-02,Monterey,053,433212,5779,4698,15,4713,28
2020-08-02,Napa,055,140530,1196,956,0,956,8
2020-08-02,Nevada,057,99092,349,314,13,327,2
2020-08-02,Orange,059,3164182,44306,37266,864,38130,651
2020-08-02,Placer,061,380077,2387,1920,3,1923,15
2020-08-02,Plumas,063,18699,36,25,0,25,0
2020-08-02,Riverside,065,2383286,46063,38507,44,38551,735
2020-08-02,Sacramento,067,1510023,13341,10099,12,10111,142
2020-08-02,San Benito,069,59416,740,599,0,599,2
2020-08-02,San Bernardino,071,2135413,40912,33643,185,33828,443
2020-08-02,San Diego,073,3302833,33132,29885,27,29912,565
2020-08-02,San Francisco,075,870044,7555,6297,6,6303,60
2020-08-02,San Joaquin,077,732212,15044,11937,13,11950,189
2020-08-02,San Luis Obispo,079,281455,2254,1821,8,1829,14
2020-08-02,San Mateo,081,765935,6700,5618,7,5625,115
2020-08-02,Santa Barbara,083,443738,6949,6532,64,6596,59
2020-08-02,Santa Clara,085,1922200,13471,10577,31,10608,172
2020-08-02,Santa Cruz,087,273765,1385,1162,7,1169,4
2020-08-02,Shasta,089,179085,508,318,3,321,9
2020-08-02,Sierra,091,2930,4,1,0,1,0
2020-08-02,Siskiyou,093,43540,99,65,0,65,0
2020-08-02,Solano,095,438530,4403,3609,24,3633,29
2020-08-02,Sonoma,097,501317,3904,3005,7,3012,33
2020-08-02,Stanislaus,099,539301,12059,9277,61,9338,96
2020-08-02,Sutter,101,95872,904,714,1,715,6
2020-08-02,Tehama,103,63373,287,222,2,224,1
2020-08-02,Trinity,105,12862,27,5,6,11,0
2020-08-02,Tulare,107,460477,11578,9593,31,9624,188
2020-08-02,Tuolumne,109,53932,156,123,3,126,0
2020-08-02,Ventura,111,848112,9045,8014,31,8045,73
2020-08-02,Yolo,113,214977,1916,1588,3,1591,37
2020-08-02,Yuba,115,75493,530,393,0,393,1
2020-08-01,Alameda,001,1643700,14054,11590,90,11680,188
2020-08-01,Alpine,003,1148,2,2,0,2,0
2020-08-01,Amador,005,37829,190,109,0,109,0
2020-08-01,Butte,007,227075,1203,976,17,993,9
2020-08-01,Calaveras,009,45235,149,116,0,116,1
2020-08-01,Colusa,011,21464,386,327,0,327,2
2020-08-01,Contra Costa,013,1133247,10659,7867,29,7896,116
2020-08-01,Del Norte,015,27424,89,68,0,68,0
2020-08-01,El Dorado,017,186661,820,637,5,642,1
2020-08-01,Fresno,019,978130,22166,15448,198,15646,149
2020-08-01,Glenn,021,27897,387,311,0,311,1
2020-08-01,Humboldt,023,135768,271,232,1,233,4
2020-08-01,Imperial,025,180216,10386,7919,6,7925,156
2020-08-01,Inyo,027,18085,82,45,1,46,1
2020-08-01,Kern,029,883053,25275,20796,136,20932,176
2020-08-01,Kings,031,150075,4880,3948,21,3969,47
2020-08-01,Lake,033,64148,238,194,0,194,1
2020-08-01,Lassen,035,31185,644,555,2,557,0
2020-08-01,Los Angeles,037,10098052,205515,191023,571,191594,4674
2020-08-01,Madera,039,155013,2926,2103,5,2108,18
2020-08-01,Marin,041,260295,5477,4945,9,4954,43
2020-08-01,Mariposa,043,17540,61,50,0,50,2
2020-08-01,Mendocino,045,87422,337,243,0,243,1
2020-08-01,Merced,047,269075,6055,3972,2,3974,29
2020-08-01,Modoc,049,8938,7,2,0,2,0
2020-08-01,Mono,051,14174,150,104,1,105,1
2020-08-01,Monterey,053,433212,5712,4611,14,4625,28
2020-08-01,Napa,055,140530,1187,923,0,923,8
2020-08-01,Nevada,057,99092,345,305,13,318,2
2020-08-01,Orange,059,3164182,44079,36703,858,37561,648
2020-08-01,Placer,061,380077,2353,1891,3,1894,14
2020-08-01,Plumas,063,18699,35,25,0,25,0
2020-08-01,Riverside,065,2383286,45851,38216,42,38258,704
2020-08-01,Sacramento,067,1510023,13190,10044,12,10056,141
2020-08-01,San Benito,069,59416,729,579,0,579,2
2020-08-01,San Bernardino,071,2135413,40676,32947,184,33131,440
2020-08-01,San Diego,073,3302833,32915,29579,19,29598,565
2020-08-01,San Francisco,075,870044,7494,6296,6,6302,60
2020-08-01,San Joaquin,077,732212,14969,11807,12,11819,189
2020-08-01,San Luis Obispo,079,281455,2225,1798,8,1806,13
2020-08-01,San Mateo,081,765935,6646,5520,7,5527,115
2020-08-01,Santa Barbara,083,443738,6909,6465,64,6529,59
2020-08-01,Santa Clara,085,1922200,13320,10281,30,10311,171
2020-08-01,Santa Cruz,087,273765,1369,1164,7,1171,4
2020-08-01,Shasta,089,179085,503,312,3,315,9
2020-08-01,Sierra,091,2930,3,1,0,1,0
2020-08-01,Siskiyou,093,43540,99,64,0,64,0
2020-08-01,Solano,095,438530,4369,3591,23,3614,29
2020-08-01,Sonoma,097,501317,3858,2890,7,2897,29
2020-08-01,Stanislaus,099,539301,11941,9221,54,9275,96
2020-08-01,Sutter,101,95872,900,714,1,715,6
2020-08-01,Tehama,103,63373,284,220,2,222,1
2020-08-01,Trinity,105,12862,27,5,6,11,0
2020-08-01,Tulare,107,460477,11510,9520,31,9551,188
2020-08-01,Tuolumne,109,53932,156,123,3,126,0
2020-08-01,Ventura,111,848112,8999,7819,31,7850,73
2020-08-01,Yolo,113,214977,1906,1557,3,1560,37
2020-08-01,Yuba,115,75493,525,387,0,387,1
2020-07-31,Alameda,001,1643700,13925,11441,90,11531,187
2020-07-31,Alpine,003,1148,2,2,0,2,0
2020-07-31,Amador,005,37829,189,98,0,98,0
2020-07-31,Butte,007,227075,1180,925,17,942,7
2020-07-31,Calaveras,009,45235,149,112,0,112,1
2020-07-31,Colusa,011,21464,376,319,0,319,2
2020-07-31,Contra Costa,013,1133247,10512,7697,28,7725,113
2020-07-31,Del Norte,015,27424,88,68,0,68,0
2020-07-31,El Dorado,017,186661,809,616,5,621,1
2020-07-31,Fresno,019,978130,21946,15083,198,15281,133
2020-07-31,Glenn,021,27897,380,304,0,304,1
2020-07-31,Humboldt,023,135768,264,229,1,230,4
2020-07-31,Imperial,025,180216,10354,7886,5,7891,155
2020-07-31,Inyo,027,18085,72,45,1,46,1
2020-07-31,Kern,029,883053,25034,20061,132,20193,173
2020-07-31,Kings,031,150075,4852,3807,21,3828,45
2020-07-31,Lake,033,64148,237,191,0,191,1
2020-07-31,Lassen,035,31185,639,544,2,546,0
2020-07-31,Los Angeles,037,10098052,203917,188688,558,189246,4628
2020-07-31,Madera,039,155013,2879,2036,5,2041,19
2020-07-31,Marin,041,260295,5433,4885,6,4891,43
2020-07-31,Mariposa,043,17540,61,49,0,49,2
2020-07-31,Mendocino,045,87422,322,232,0,232,1
2020-07-31,Merced,047,269075,5972,3789,2,3791,30
2020-07-31,Modoc,049,8938,6,0,0,0,0
2020-07-31,Mono,051,14174,149,104,1,105,1
2020-07-31,Monterey,053,433212,5620,4493,14,4507,24
2020-07-31,Napa,055,140530,1175,897,0,897,7
2020-07-31,Nevada,057,99092,343,302,13,315,2
2020-07-31,Orange,059,3164182,43780,36196,841,37037,620
2020-07-31,Placer,061,380077,2328,1853,3,1856,14
2020-07-31,Plumas,063,18699,34,25,0,25,0
2020-07-31,Riverside,065,2383286,45461,37612,41,37653,694
2020-07-31,Sacramento,067,1510023,13012,9872,12,9884,132
2020-07-31,San Benito,069,59416,721,567,0,567,2
2020-07-31,San Bernardino,071,2135413,40346,32332,182,32514,434
2020-07-31,San Diego,073,3302833,32681,29050,11,29061,561
2020-07-31,San Francisco,075,870044,7394,6126,6,6132,60
2020-07-31,San Joaquin,077,732212,14829,11561,12,11573,177
2020-07-31,San Luis Obispo,079,281455,2156,1746,8,1754,12
2020-07-31,San Mateo,081,765935,6574,5416,7,5423,115
2020-07-31,Santa Barbara,083,443738,6842,6375,64,6439,58
2020-07-31,Santa Clara,085,1922200,13099,9863,30,9893,171
2020-07-31,Santa Cruz,087,273765,1346,1118,7,1125,4
2020-07-31,Shasta,089,179085,493,305,3,308,9
2020-07-31,Sierra,091,2930,3,1,0,1,0
2020-07-31,Siskiyou,093,43540,97,61,0,61,0
2020-07-31,Solano,095,438530,4322,3510,22,3532,29
2020-07-31,Sonoma,097,501317,3800,2745,7,2752,27
2020-07-31,Stanislaus,099,539301,11835,9061,49,9110,94
2020-07-31,Sutter,101,95872,895,714,1,715,6
2020-07-31,Tehama,103,63373,281,213,2,215,1
2020-07-31,Trinity,105,12862,27,5,6,11,0
2020-07-31,Tulare,107,460477,11389,9365,31,9396,184
2020-07-31,Tuolumne,109,53932,156,120,3,123,0
2020-07-31,Ventura,111,848112,8924,7521,31,7552,71
2020-07-31,Yolo,113,214977,1880,1522,3,1525,38
2020-07-31,Yuba,115,75493,516,369,0,369,1
2020-07-30,Alameda,001,1643700,13719,11303,52,11355,185
2020-07-30,Alpine,003,1148,2,2,0,2,0
2020-07-30,Amador,005,37829,171,97,0,97,0
2020-07-30,Butte,007,227075,1164,915,17,932,7
2020-07-30,Calaveras,009,45235,145,111,0,111,1
2020-07-30,Colusa,011,21464,373,315,0,315,2
2020-07-30,Contra Costa,013,1133247,10328,7615,27,7642,112
2020-07-30,Del Norte,015,27424,88,68,0,68,0
2020-07-30,El Dorado,017,186661,802,608,5,613,1
2020-07-30,Fresno,019,978130,21610,14793,192,14985,133
2020-07-30,Glenn,021,27897,373,297,0,297,1
2020-07-30,Humboldt,023,135768,262,228,1,229,4
2020-07-30,Imperial,025,180216,10295,7849,5,7854,151
2020-07-30,Inyo,027,18085,68,44,1,45,1
2020-07-30,Kern,029,883053,24741,19552,128,19680,171
2020-07-30,Kings,031,150075,4748,3785,21,3806,43
2020-07-30,Lake,033,64148,231,181,0,181,1
2020-07-30,Lassen,035,31185,636,544,2,546,0
2020-07-30,Los Angeles,037,10098052,201888,186177,528,186705,4564
2020-07-30,Madera,039,155013,2809,2007,5,2012,18
2020-07-30,Marin,041,260295,5391,4835,5,4840,39
2020-07-30,Mariposa,043,17540,61,49,0,49,1
2020-07-30,Mendocino,045,87422,315,232,0,232,1
2020-07-30,Merced,047,269075,5808,3695,2,3697,30
2020-07-30,Modoc,049,8938,6,0,0,0,0
2020-07-30,Mono,051,14174,148,104,1,105,1
2020-07-30,Monterey,053,433212,5508,4352,14,4366,24
2020-07-30,Napa,055,140530,1158,874,0,874,7
2020-07-30,Nevada,057,99092,338,292,13,305,2
2020-07-30,Orange,059,3164182,43365,36105,817,36922,607
2020-07-30,Placer,061,380077,2277,1821,3,1824,14
2020-07-30,Plumas,063,18699,33,25,0,25,0
2020-07-30,Riverside,065,2383286,44920,37308,41,37349,685
2020-07-30,Sacramento,067,1510023,12793,9704,12,9716,126
2020-07-30,San Benito,069,59416,708,558,0,558,2
2020-07-30,San Bernardino,071,2135413,39822,32010,182,32192,427
2020-07-30,San Diego,073,3302833,32334,28670,9,28679,558
2020-07-30,San Francisco,075,870044,7293,6107,6,6113,59
2020-07-30,San Joaquin,077,732212,14633,11435,12,11447,161
2020-07-30,San Luis Obispo,079,281455,2120,1703,8,1711,12
2020-07-30,San Mateo,081,765935,6479,5369,7,5376,115
2020-07-30,Santa Barbara,083,443738,6762,6273,64,6337,52
2020-07-30,Santa Clara,085,1922200,12866,9708,29,9737,170
2020-07-30,Santa Cruz,087,273765,1318,1087,7,1094,4
2020-07-30,Shasta,089,179085,489,306,3,309,8
2020-07-30,Sierra,091,2930,3,1,0,1,0
2020-07-30,Siskiyou,093,43540,96,60,0,60,0
2020-07-30,Solano,095,438530,4271,3463,22,3485,29
2020-07-30,Sonoma,097,501317,3729,2684,7,2691,25
2020-07-30,Stanislaus,099,539301,11622,8890,41,8931,94
2020-07-30,Sutter,101,95872,876,698,1,699,6
2020-07-30,Tehama,103,63373,278,208,2,210,1
2020-07-30,Trinity,105,12862,26,4,6,10,0
2020-07-30,Tulare,107,460477,11260,9167,31,9198,177
2020-07-30,Tuolumne,109,53932,155,119,3,122,0
2020-07-30,Ventura,111,848112,8812,7304,29,7333,69
2020-07-30,Yolo,113,214977,1860,1511,3,1514,37
2020-07-30,Yuba,115,75493,503,362,0,362,1
2020-07-29,Alameda,001,1643700,13498,11177,47,11224,180
2020-07-29,Alpine,003,1148,2,2,0,2,0
2020-07-29,Amador,005,37829,163,80,0,80,0
2020-07-29,Butte,007,227075,1138,889,15,904,7
2020-07-29,Calaveras,009,45235,139,107,0,107,1
2020-07-29,Colusa,011,21464,369,302,0,302,2
2020-07-29,Contra Costa,013,1133247,10124,7520,27,7547,108
2020-07-29,Del Norte,015,27424,88,68,0,68,0
2020-07-29,El Dorado,017,186661,792,588,5,593,1
2020-07-29,Fresno,019,978130,21319,14312,192,14504,125
2020-07-29,Glenn,021,27897,366,294,0,294,1
2020-07-29,Humboldt,023,135768,259,221,1,222,4
2020-07-29,Imperial,025,180216,10247,7825,5,7830,147
2020-07-29,Inyo,027,18085,63,44,1,45,1
2020-07-29,Kern,029,883053,24402,19073,125,19198,162
2020-07-29,Kings,031,150075,4700,3755,21,3776,43
2020-07-29,Lake,033,64148,229,179,0,179,1
2020-07-29,Lassen,035,31185,621,513,2,515,0
2020-07-29,Los Angeles,037,10098052,199863,183600,511,184111,4523
2020-07-29,Madera,039,155013,2755,1941,5,1946,18
2020-07-29,Marin,041,260295,5353,4747,5,4752,34
2020-07-29,Mariposa,043,17540,60,47,0,47,1
2020-07-29,Mendocino,045,87422,307,228,0,228,0
2020-07-29,Merced,047,269075,5668,3605,2,3607,25
2020-07-29,Modoc,049,8938,5,0,0,0,0
2020-07-29,Mono,051,14174,145,102,1,103,1
2020-07-29,Monterey,053,433212,5408,4252,14,4266,24
2020-07-29,Napa,055,140530,1130,866,0,866,7
2020-07-29,Nevada,057,99092,334,288,13,301,1
2020-07-29,Orange,059,3164182,42931,35339,806,36145,589
2020-07-29,Placer,061,380077,2245,1798,3,1801,14
2020-07-29,Plumas,063,18699,33,25,0,25,0
2020-07-29,Riverside,065,2383286,44328,36968,41,37009,678
2020-07-29,Sacramento,067,1510023,12547,9538,12,9550,122
2020-07-29,San Benito,069,59416,693,537,0,537,2
2020-07-29,San Bernardino,071,2135413,39333,31168,171,31339,417
2020-07-29,San Diego,073,3302833,32009,28289,8,28297,552
2020-07-29,San Francisco,075,870044,7199,6041,6,6047,56
2020-07-29,San Joaquin,077,732212,14384,11249,9,11258,154
2020-07-29,San Luis Obispo,079,281455,2099,1673,8,1681,11
2020-07-29,San Mateo,081,765935,6391,5305,7,5312,114
2020-07-29,Santa Barbara,083,443738,6695,6215,64,6279,31
2020-07-29,Santa Clara,085,1922200,12660,9567,29,9596,165
2020-07-29,Santa Cruz,087,273765,1294,1051,7,1058,4
2020-07-29,Shasta,089,179085,477,297,3,300,8
2020-07-29,Sierra,091,2930,2,1,0,1,0
2020-07-29,Siskiyou,093,43540,94,58,0,58,0
2020-07-29,Solano,095,438530,4217,3380,22,3402,29
2020-07-29,Sonoma,097,501317,3651,2598,7,2605,26
2020-07-29,Stanislaus,099,539301,11401,8745,35,8780,94
2020-07-29,Sutter,101,95872,848,678,1,679,6
2020-07-29,Tehama,103,63373,274,206,2,208,1
2020-07-29,Trinity,105,12862,26,4,6,10,0
2020-07-29,Tulare,107,460477,11089,9028,31,9059,156
2020-07-29,Tuolumne,109,53932,155,118,3,121,0
2020-07-29,Ventura,111,848112,8707,7161,29,7190,68
2020-07-29,Yolo,113,214977,1834,1488,3,1491,36
2020-07-29,Yuba,115,75493,487,350,0,350,1
2020-07-28,Alameda,001,1643700,13268,10875,46,10921,180
2020-07-28,Alpine,003,1148,2,2,0,2,0
2020-07-28,Amador,005,37829,153,77,0,77,0
2020-07-28,Butte,007,227075,1103,857,15,872,7
2020-07-28,Calaveras,009,45235,138,105,0,105,1
2020-07-28,Colusa,011,21464,363,290,0,290,2
2020-07-28,Contra Costa,013,1133247,9902,7426,27,7453,107
2020-07-28,Del Norte,015,27424,87,68,0,68,0
2020-07-28,El Dorado,017,186661,777,558,5,563,1
2020-07-28,Fresno,019,978130,20983,13933,186,14119,125
2020-07-28,Glenn,021,27897,364,289,0,289,1
2020-07-28,Humboldt,023,135768,258,218,1,219,4
2020-07-28,Imperial,025,180216,10211,7804,5,7809,145
2020-07-28,Inyo,027,18085,61,43,1,44,1
2020-07-28,Kern,029,883053,24039,18834,119,18953,155
2020-07-28,Kings,031,150075,4654,3721,21,3742,41
2020-07-28,Lake,033,64148,225,179,0,179,1
2020-07-28,Lassen,035,31185,615,508,2,510,0
2020-07-28,Los Angeles,037,10098052,197632,179107,489,179596,4435
2020-07-28,Madera,039,155013,2689,1889,5,1894,18
2020-07-28,Marin,041,260295,5284,4698,5,4703,23
2020-07-28,Mariposa,043,17540,58,45,0,45,1
2020-07-28,Mendocino,045,87422,296,222,0,222,0
2020-07-28,Merced,047,269075,5523,3446,2,3448,23
2020-07-28,Modoc,049,8938,4,0,0,0,0
2020-07-28,Mono,051,14174,144,102,1,103,1
2020-07-28,Monterey,053,433212,5288,4047,14,4061,22
2020-07-28,Napa,055,140530,1108,824,0,824,6
2020-07-28,Nevada,057,99092,329,278,13,291,1
2020-07-28,Orange,059,3164182,42473,34832,792,35624,582
2020-07-28,Placer,061,380077,2209,1759,3,1762,14
2020-07-28,Plumas,063,18699,33,22,0,22,0
2020-07-28,Riverside,065,2383286,43727,36458,41,36499,668
2020-07-28,Sacramento,067,1510023,12288,9429,11,9440,117
2020-07-28,San Benito,069,59416,683,503,0,503,2
2020-07-28,San Bernardino,071,2135413,38810,30493,167,30660,412
2020-07-28,San Diego,073,3302833,31659,28007,6,28013,547
2020-07-28,San Francisco,075,870044,7086,5888,6,5894,56
2020-07-28,San Joaquin,077,732212,14102,10958,6,10964,141
2020-07-28,San Luis Obispo,079,281455,2066,1636,8,1644,9
2020-07-28,San Mateo,081,765935,6318,5171,7,5178,114
2020-07-28,Santa Barbara,083,443738,6631,6110,62,6172,31
2020-07-28,Santa Clara,085,1922200,12426,9307,29,9336,165
2020-07-28,Santa Cruz,087,273765,1267,1018,7,1025,4
2020-07-28,Shasta,089,179085,465,275,3,278,8
2020-07-28,Sierra,091,2930,2,1,0,1,0
2020-07-28,Siskiyou,093,43540,90,57,0,57,0
2020-07-28,Solano,095,438530,4170,3292,21,3313,29
2020-07-28,Sonoma,097,501317,3576,2553,7,2560,20
2020-07-28,Stanislaus,099,539301,11179,8492,27,8519,92
2020-07-28,Sutter,101,95872,811,653,0,653,2
2020-07-28,Tehama,103,63373,269,199,2,201,1
2020-07-28,Trinity,105,12862,26,3,6,9,0
2020-07-28,Tulare,107,460477,10902,8787,31,8818,96
2020-07-28,Tuolumne,109,53932,154,116,3,119,0
2020-07-28,Ventura,111,848112,8581,7045,28,7073,68
2020-07-28,Yolo,113,214977,1806,1459,3,1462,36
2020-07-28,Yuba,115,75493,470,333,0,333,1
2020-07-27,Alameda,001,1643700,13040,10645,43,10688,176
2020-07-27,Alpine,003,1148,2,2,0,2,0
2020-07-27,Amador,005,37829,148,72,0,72,0
2020-07-27,Butte,007,227075,1076,843,15,858,7
2020-07-27,Calaveras,009,45235,134,103,0,103,1
2020-07-27,Colusa,011,21464,356,271,0,271,2
2020-07-27,Contra Costa,013,1133247,9679,7256,27,7283,104
2020-07-27,Del Norte,015,27424,86,67,0,67,0
2020-07-27,El Dorado,017,186661,765,548,5,553,1
2020-07-27,Fresno,019,978130,20634,13485,180,13665,117
2020-07-27,Glenn,021,27897,362,277,0,277,1
2020-07-27,Humboldt,023,135768,253,218,1,219,4
2020-07-27,Imperial,025,180216,10161,7789,5,7794,144
2020-07-27,Inyo,027,18085,61,43,1,44,1
2020-07-27,Kern,029,883053,23537,17994,113,18107,148
2020-07-27,Kings,031,150075,4405,3685,21,3706,39
2020-07-27,Lake,033,64148,221,176,0,176,1
2020-07-27,Lassen,035,31185,615,503,2,505,0
2020-07-27,Los Angeles,037,10098052,195206,176351,471,176822,4379
2020-07-27,Madera,039,155013,2624,1793,5,1798,17
2020-07-27,Marin,041,260295,5196,4669,5,4674,22
2020-07-27,Mariposa,043,17540,58,43,0,43,1
2020-07-27,Mendocino,045,87422,282,209,0,209,0
2020-07-27,Merced,047,269075,5383,3292,2,3294,23
2020-07-27,Modoc,049,8938,3,0,0,0,0
2020-07-27,Mono,051,14174,140,99,1,100,1
2020-07-27,Monterey,053,433212,5099,3960,14,3974,21
2020-07-27,Napa,055,140530,1093,769,0,769,6
2020-07-27,Nevada,057,99092,325,268,13,281,1
2020-07-27,Orange,059,3164182,42033,34649,776,35425,566
2020-07-27,Placer,061,380077,2159,1679,3,1682,12
2020-07-27,Plumas,063,18699,33,22,0,22,0
2020-07-27,Riverside,065,2383286,43048,35822,41,35863,667
2020-07-27,Sacramento,067,1510023,11995,9091,11,9102,114
2020-07-27,San Benito,069,59416,668,498,0,498,2
2020-07-27,San Bernardino,071,2135413,38217,29928,157,30085,401
2020-07-27,San Diego,073,3302833,31285,27509,5,27514,533
2020-07-27,San Francisco,075,870044,6999,5825,6,5831,55
2020-07-27,San Joaquin,077,732212,13814,10728,6,10734,129
2020-07-27,San Luis Obispo,079,281455,2020,1612,8,1620,9
2020-07-27,San Mateo,081,765935,6209,5108,7,5115,113
2020-07-27,Santa Barbara,083,443738,6552,6026,60,6086,30
2020-07-27,Santa Clara,085,1922200,12157,9157,28,9185,166
2020-07-27,Santa Cruz,087,273765,1243,984,7,991,4
2020-07-27,Shasta,089,179085,458,275,3,278,8
2020-07-27,Sierra,091,2930,2,1,0,1,0
2020-07-27,Siskiyou,093,43540,88,54,0,54,0
2020-07-27,Solano,095,438530,4103,3198,20,3218,29
2020-07-27,Sonoma,097,501317,3485,2504,7,2511,20
2020-07-27,Stanislaus,099,539301,10954,8288,19,8307,84
2020-07-27,Sutter,101,95872,785,620,0,620,2
2020-07-27,Tehama,103,63373,261,192,2,194,1
2020-07-27,Trinity,105,12862,26,3,6,9,0
2020-07-27,Tulare,107,460477,10684,8462,31,8493,172
2020-07-27,Tuolumne,109,53932,151,115,3,118,0
2020-07-27,Ventura,111,848112,8453,6998,27,7025,68
2020-07-27,Yolo,113,214977,1761,1439,3,1442,33
2020-07-27,Yuba,115,75493,450,328,0,328,1
2020-07-26,Alameda,001,1643700,12801,10489,42,10531,176
2020-07-26,Alpine,003,1148,2,2,0,2,0
2020-07-26,Amador,005,37829,142,67,0,67,0
2020-07-26,Butte,007,227075,1039,822,15,837,5
2020-07-26,Calaveras,009,45235,131,103,0,103,1
2020-07-26,Colusa,011,21464,347,270,0,270,2
2020-07-26,Contra Costa,013,1133247,9441,7095,27,7122,104
2020-07-26,Del Norte,015,27424,84,67,0,67,0
2020-07-26,El Dorado,017,186661,747,539,5,544,1
2020-07-26,Fresno,019,978130,20243,13209,172,13381,117
2020-07-26,Glenn,021,27897,354,265,0,265,1
2020-07-26,Humboldt,023,135768,247,214,1,215,4
2020-07-26,Imperial,025,180216,10089,7781,5,7786,144
2020-07-26,Inyo,027,18085,56,43,1,44,1
2020-07-26,Kern,029,883053,23012,17394,110,17504,148
2020-07-26,Kings,031,150075,4346,3591,21,3612,39
2020-07-26,Lake,033,64148,213,174,0,174,1
2020-07-26,Lassen,035,31185,574,503,2,505,0
2020-07-26,Los Angeles,037,10098052,192637,174322,453,174775,4364
2020-07-26,Madera,039,155013,2537,1744,5,1749,17
2020-07-26,Marin,041,260295,5150,4595,5,4600,22
2020-07-26,Mariposa,043,17540,56,43,0,43,1
2020-07-26,Mendocino,045,87422,273,206,0,206,0
2020-07-26,Merced,047,269075,5203,3251,2,3253,23
2020-07-26,Modoc,049,8938,3,0,0,0,0
2020-07-26,Mono,051,14174,136,82,1,83,1
2020-07-26,Monterey,053,433212,4933,3901,14,3915,21
2020-07-26,Napa,055,140530,1074,769,0,769,6
2020-07-26,Nevada,057,99092,322,261,13,274,1
2020-07-26,Orange,059,3164182,41508,34352,745,35097,564
2020-07-26,Placer,061,380077,2095,1628,3,1631,12
2020-07-26,Plumas,063,18699,33,22,0,22,0
2020-07-26,Riverside,065,2383286,42488,35636,41,35677,665
2020-07-26,Sacramento,067,1510023,11689,8972,11,8983,114
2020-07-26,San Benito,069,59416,656,495,0,495,2
2020-07-26,San Bernardino,071,2135413,37576,29545,149,29694,400
2020-07-26,San Diego,073,3302833,30889,26986,4,26990,533
2020-07-26,San Francisco,075,870044,6893,5823,6,5829,55
2020-07-26,San Joaquin,077,732212,13522,10637,6,10643,129
2020-07-26,San Luis Obispo,079,281455,1978,1565,8,1573,8
2020-07-26,San Mateo,081,765935,6104,5078,7,5085,113
2020-07-26,Santa Barbara,083,443738,6451,5939,60,5999,30
2020-07-26,Santa Clara,085,1922200,11928,8986,28,9014,166
2020-07-26,Santa Cruz,087,273765,1216,970,7,977,4
2020-07-26,Shasta,089,179085,451,265,3,268,8
2020-07-26,Sierra,091,2930,2,1,0,1,0
2020-07-26,Siskiyou,093,43540,86,54,0,54,0
2020-07-26,Solano,095,438530,4024,3197,18,3215,29
2020-07-26,Sonoma,097,501317,3396,2503,6,2509,20
2020-07-26,Stanislaus,099,539301,10691,8228,18,8246,84
2020-07-26,Sutter,101,95872,771,612,0,612,2
2020-07-26,Tehama,103,63373,254,175,2,177,1
2020-07-26,Trinity,105,12862,26,3,6,9,0
2020-07-26,Tulare,107,460477,10478,8392,31,8423,172
2020-07-26,Tuolumne,109,53932,146,113,3,116,0
2020-07-26,Ventura,111,848112,8246,6844,27,6871,67
2020-07-26,Yolo,113,214977,1730,1408,3,1411,33
2020-07-26,Yuba,115,75493,431,313,0,313,1
2020-07-25,Alameda,001,1643700,12704,10361,40,10401,176
2020-07-25,Alpine,003,1148,2,2,0,2,0
2020-07-25,Amador,005,37829,139,67,0,67,0
2020-07-25,Butte,007,227075,1030,810,15,825,5
2020-07-25,Calaveras,009,45235,128,103,0,103,1
2020-07-25,Colusa,011,21464,340,265,0,265,2
2020-07-25,Contra Costa,013,1133247,9298,6920,27,6947,104
2020-07-25,Del Norte,015,27424,84,67,0,67,0
2020-07-25,El Dorado,017,186661,736,528,5,533,1
2020-07-25,Fresno,019,978130,20056,12866,172,13038,117
2020-07-25,Glenn,021,27897,352,260,0,260,1
2020-07-25,Humboldt,023,135768,244,212,1,213,4
2020-07-25,Imperial,025,180216,10063,7727,5,7732,144
2020-07-25,Inyo,027,18085,55,43,1,44,1
2020-07-25,Kern,029,883053,22794,16910,109,17019,148
2020-07-25,Kings,031,150075,4329,3516,21,3537,39
2020-07-25,Lake,033,64148,211,173,0,173,1
2020-07-25,Lassen,035,31185,574,503,2,505,0
2020-07-25,Los Angeles,037,10098052,191502,172611,447,173058,4357
2020-07-25,Madera,039,155013,2505,1724,5,1729,17
2020-07-25,Marin,041,260295,5134,4562,5,4567,22
2020-07-25,Mariposa,043,17540,55,43,0,43,1
2020-07-25,Mendocino,045,87422,267,190,0,190,0
2020-07-25,Merced,047,269075,5124,3176,2,3178,23
2020-07-25,Modoc,049,8938,3,0,0,0,0
2020-07-25,Mono,051,14174,136,82,1,83,1
2020-07-25,Monterey,053,433212,4856,3805,14,3819,21
2020-07-25,Napa,055,140530,1061,746,0,746,6
2020-07-25,Nevada,057,99092,320,257,13,270,1
2020-07-25,Orange,059,3164182,41289,33978,724,34702,561
2020-07-25,Placer,061,380077,2079,1596,3,1599,12
2020-07-25,Plumas,063,18699,33,22,0,22,0
2020-07-25,Riverside,065,2383286,42219,34921,41,34962,655
2020-07-25,Sacramento,067,1510023,11543,8674,11,8685,113
2020-07-25,San Benito,069,59416,640,492,0,492,2
2020-07-25,San Bernardino,071,2135413,37298,29265,146,29411,394
2020-07-25,San Diego,073,3302833,30628,26703,3,26706,533
2020-07-25,San Francisco,075,870044,6835,5644,6,5650,55
2020-07-25,San Joaquin,077,732212,13396,10347,5,10352,129
2020-07-25,San Luis Obispo,079,281455,1958,1530,7,1537,8
2020-07-25,San Mateo,081,765935,6041,5023,7,5030,113
2020-07-25,Santa Barbara,083,443738,6416,5880,60,5940,30
2020-07-25,Santa Clara,085,1922200,11794,8767,28,8795,166
2020-07-25,Santa Cruz,087,273765,1199,939,7,946,4
2020-07-25,Shasta,089,179085,446,263,1,264,8
2020-07-25,Sierra,091,2930,2,1,0,1,0
2020-07-25,Siskiyou,093,43540,84,54,0,54,0
2020-07-25,Solano,095,438530,3984,3107,16,3123,29
2020-07-25,Sonoma,097,501317,3357,2412,6,2418,20
2020-07-25,Stanislaus,099,539301,10588,7994,14,8008,84
2020-07-25,Sutter,101,95872,752,603,0,603,2
2020-07-25,Tehama,103,63373,253,169,2,171,1
2020-07-25,Trinity,105,12862,26,3,6,9,0
2020-07-25,Tulare,107,460477,10378,8310,31,8341,172
2020-07-25,Tuolumne,109,53932,145,99,3,102,0
2020-07-25,Ventura,111,848112,8173,6662,27,6689,62
2020-07-25,Yolo,113,214977,1714,1357,3,1360,35
2020-07-25,Yuba,115,75493,425,312,0,312,1
2020-07-24,Alameda,001,1643700,12563,10216,37,10253,176
2020-07-24,Alpine,003,1148,2,2,0,2,0
2020-07-24,Amador,005,37829,137,66,0,66,0
2020-07-24,Butte,007,227075,1018,751,15,766,5
2020-07-24,Calaveras,009,45235,124,102,0,102,0
2020-07-24,Colusa,011,21464,337,255,0,255,2
2020-07-24,Contra Costa,013,1133247,9153,6814,27,6841,100
2020-07-24,Del Norte,015,27424,84,66,0,66,0
2020-07-24,El Dorado,017,186661,714,516,5,521,1
2020-07-24,Fresno,019,978130,19831,12564,172,12736,115
2020-07-24,Glenn,021,27897,349,251,0,251,1
2020-07-24,Humboldt,023,135768,241,210,1,211,4
2020-07-24,Imperial,025,180216,10041,7686,5,7691,141
2020-07-24,Inyo,027,18085,55,41,1,42,1
2020-07-24,Kern,029,883053,22553,16124,109,16233,143
2020-07-24,Kings,031,150075,4299,3471,21,3492,39
2020-07-24,Lake,033,64148,209,167,0,167,1
2020-07-24,Lassen,035,31185,574,503,2,505,0
2020-07-24,Los Angeles,037,10098052,189476,169078,436,169514,4302
2020-07-24,Madera,039,155013,2472,1679,5,1684,16
2020-07-24,Marin,041,260295,5107,4517,5,4522,22
2020-07-24,Mariposa,043,17540,55,41,0,41,1
2020-07-24,Mendocino,045,87422,260,188,0,188,0
2020-07-24,Merced,047,269075,5039,3100,2,3102,23
2020-07-24,Modoc,049,8938,3,0,0,0,0
2020-07-24,Mono,051,14174,135,82,1,83,1
2020-07-24,Monterey,053,433212,4784,3748,14,3762,21
2020-07-24,Napa,055,140530,1048,741,0,741,6
2020-07-24,Nevada,057,99092,317,255,13,268,1
2020-07-24,Orange,059,3164182,41002,33530,708,34238,557
2020-07-24,Placer,061,380077,2048,1551,3,1554,12
2020-07-24,Plumas,063,18699,33,22,0,22,0
2020-07-24,Riverside,065,2383286,41795,34513,40,34553,631
2020-07-24,Sacramento,067,1510023,11355,8570,11,8581,110
2020-07-24,San Benito,069,59416,633,485,0,485,2
2020-07-24,San Bernardino,071,2135413,36927,28990,141,29131,386
2020-07-24,San Diego,073,3302833,30328,26100,3,26103,524
2020-07-24,San Francisco,075,870044,6741,5611,6,5617,55
2020-07-24,San Joaquin,077,732212,13247,10190,5,10195,118
2020-07-24,San Luis Obispo,079,281455,1934,1476,7,1483,8
2020-07-24,San Mateo,081,765935,5978,4954,7,4961,112
2020-07-24,Santa Barbara,083,443738,6363,5776,58,5834,30
2020-07-24,Santa Clara,085,1922200,11629,8658,28,8686,165
2020-07-24,Santa Cruz,087,273765,1179,930,7,937,4
2020-07-24,Shasta,089,179085,438,262,1,263,8
2020-07-24,Sierra,091,2930,2,1,0,1,0
2020-07-24,Siskiyou,093,43540,84,53,0,53,0
2020-07-24,Solano,095,438530,3948,3062,13,3075,29
2020-07-24,Sonoma,097,501317,3305,2345,6,2351,20
2020-07-24,Stanislaus,099,539301,10416,7861,12,7873,82
2020-07-24,Sutter,101,95872,741,593,0,593,2
2020-07-24,Tehama,103,63373,245,170,2,172,1
2020-07-24,Trinity,105,12862,25,3,6,9,0
2020-07-24,Tulare,107,460477,10284,8167,29,8196,167
2020-07-24,Tuolumne,109,53932,141,99,3,102,0
2020-07-24,Ventura,111,848112,8088,6553,27,6580,60
2020-07-24,Yolo,113,214977,1700,1329,3,1332,35
2020-07-24,Yuba,115,75493,410,307,0,307,1
2020-07-23,Alameda,001,1643700,12320,9924,37,9961,171
2020-07-23,Alpine,003,1148,2,2,0,2,0
2020-07-23,Amador,005,37829,120,61,0,61,0
2020-07-23,Butte,007,227075,1003,726,14,740,5
2020-07-23,Calaveras,009,45235,117,102,0,102,0
2020-07-23,Colusa,011,21464,329,242,0,242,2
2020-07-23,Contra Costa,013,1133247,8954,6619,25,6644,98
2020-07-23,Del Norte,015,27424,84,66,0,66,0
2020-07-23,El Dorado,017,186661,703,491,5,496,1
2020-07-23,Fresno,019,978130,19475,12164,169,12333,112
2020-07-23,Glenn,021,27897,344,246,0,246,1
2020-07-23,Humboldt,023,135768,240,208,1,209,4
2020-07-23,Imperial,025,180216,9991,7604,5,7609,138
2020-07-23,Inyo,027,18085,53,38,1,39,1
2020-07-23,Kern,029,883053,22146,14491,105,14596,128
2020-07-23,Kings,031,150075,4187,3371,21,3392,39
2020-07-23,Lake,033,64148,200,160,0,160,1
2020-07-23,Lassen,035,31185,571,503,2,505,0
2020-07-23,Los Angeles,037,10098052,186926,167198,410,167608,4265
2020-07-23,Madera,039,155013,2406,1659,4,1663,13
2020-07-23,Marin,041,260295,5055,4423,5,4428,22
2020-07-23,Mariposa,043,17540,55,40,0,40,1
2020-07-23,Mendocino,045,87422,250,178,0,178,0
2020-07-23,Merced,047,269075,4882,2972,2,2974,22
2020-07-23,Modoc,049,8938,3,0,0,0,0
2020-07-23,Mono,051,14174,131,82,1,83,1
2020-07-23,Monterey,053,433212,4667,3655,14,3669,21
2020-07-23,Napa,055,140530,1024,713,0,713,5
2020-07-23,Nevada,057,99092,314,247,13,260,1
2020-07-23,Orange,059,3164182,40505,32863,678,33541,544
2020-07-23,Placer,061,380077,2004,1519,3,1522,12
2020-07-23,Plumas,063,18699,32,21,0,21,0
2020-07-23,Riverside,065,2383286,41190,33833,40,33873,630
2020-07-23,Sacramento,067,1510023,11122,8222,11,8233,108
2020-07-23,San Benito,069,59416,618,478,0,478,2
2020-07-23,San Bernardino,071,2135413,36408,28121,135,28256,369
2020-07-23,San Diego,073,3302833,29954,25109,3,25112,505
2020-07-23,San Francisco,075,870044,6640,5543,6,5549,55
2020-07-23,San Joaquin,077,732212,13028,9861,5,9866,111
2020-07-23,San Luis Obispo,079,281455,1905,1438,7,1445,7
2020-07-23,San Mateo,081,765935,5873,4895,7,4902,113
2020-07-23,Santa Barbara,083,443738,6290,5628,58,5686,30
2020-07-23,Santa Clara,085,1922200,11410,8458,28,8486,165
2020-07-23,Santa Cruz,087,273765,1143,887,7,894,3
2020-07-23,Shasta,089,179085,427,254,1,255,9
2020-07-23,Sierra,091,2930,2,1,0,1,0
2020-07-23,Siskiyou,093,43540,82,53,0,53,0
2020-07-23,Solano,095,438530,3884,2962,11,2973,29
2020-07-23,Sonoma,097,501317,3229,2289,6,2295,18
2020-07-23,Stanislaus,099,539301,10174,7603,12,7615,71
2020-07-23,Sutter,101,95872,708,570,0,570,2
2020-07-23,Tehama,103,63373,239,158,2,160,1
2020-07-23,Trinity,105,12862,24,3,6,9,0
2020-07-23,Tulare,107,460477,10095,7898,29,7927,168
2020-07-23,Tuolumne,109,53932,141,93,3,96,0
2020-07-23,Ventura,111,848112,7964,6303,27,6330,56
2020-07-23,Yolo,113,214977,1681,1279,3,1282,35
2020-07-23,Yuba,115,75493,390,297,0,297,1
2020-07-22,Alameda,001,1643700,12102,9678,36,9714,169
2020-07-22,Alpine,003,1148,2,2,0,2,0
2020-07-22,Amador,005,37829,118,58,0,58,0
2020-07-22,Butte,007,227075,967,694,14,708,5
2020-07-22,Calaveras,009,45235,117,98,0,98,0
2020-07-22,Colusa,011,21464,322,236,0,236,0
2020-07-22,Contra Costa,013,1133247,8728,6401,25,6426,98
2020-07-22,Del Norte,015,27424,84,66,0,66,0
2020-07-22,El Dorado,017,186661,690,466,5,471,1
2020-07-22,Fresno,019,978130,19112,11756,163,11919,110
2020-07-22,Glenn,021,27897,338,236,0,236,1
2020-07-22,Humboldt,023,135768,238,201,1,202,4
2020-07-22,Imperial,025,180216,9931,7533,5,7538,134
2020-07-22,Inyo,027,18085,49,38,1,39,1
2020-07-22,Kern,029,883053,21714,13513,97,13610,127
2020-07-22,Kings,031,150075,4131,3271,21,3292,38
2020-07-22,Lake,033,64148,197,160,0,160,1
2020-07-22,Lassen,035,31185,568,500,2,502,0
2020-07-22,Los Angeles,037,10098052,184276,165242,389,165631,4218
2020-07-22,Madera,039,155013,2331,1578,4,1582,10
2020-07-22,Marin,041,260295,4999,4373,5,4378,23
2020-07-22,Mariposa,043,17540,55,38,0,38,1
2020-07-22,Mendocino,045,87422,243,166,0,166,0
2020-07-22,Merced,047,269075,4756,2828,2,2830,15
2020-07-22,Modoc,049,8938,3,0,0,0,0
2020-07-22,Mono,051,14174,128,82,1,83,1
2020-07-22,Monterey,053,433212,4566,3533,14,3547,20
2020-07-22,Napa,055,140530,1002,687,0,687,5
2020-07-22,Nevada,057,99092,308,239,12,251,1
2020-07-22,Orange,059,3164182,40006,32047,669,32716,522
2020-07-22,Placer,061,380077,1948,1469,3,1472,12
2020-07-22,Plumas,063,18699,31,20,0,20,0
2020-07-22,Riverside,065,2383286,40554,33093,40,33133,612
2020-07-22,Sacramento,067,1510023,10860,8028,11,8039,106
2020-07-22,San Benito,069,59416,604,465,0,465,2
2020-07-22,San Bernardino,071,2135413,35886,26820,124,26944,348
2020-07-22,San Diego,073,3302833,29566,25109,2,25111,505
2020-07-22,San Francisco,075,870044,6536,5473,5,5478,53
2020-07-22,San Joaquin,077,732212,12750,9628,5,9633,102
2020-07-22,San Luis Obispo,079,281455,1859,1373,7,1380,7
2020-07-22,San Mateo,081,765935,5784,4796,7,4803,112
2020-07-22,Santa Barbara,083,443738,6206,5508,56,5564,29
2020-07-22,Santa Clara,085,1922200,11166,8266,28,8294,166
2020-07-22,Santa Cruz,087,273765,1119,866,7,873,3
2020-07-22,Shasta,089,179085,417,246,1,247,9
2020-07-22,Sierra,091,2930,1,1,0,1,0
2020-07-22,Siskiyou,093,43540,81,52,0,52,0
2020-07-22,Solano,095,438530,3823,2839,10,2849,29
2020-07-22,Sonoma,097,501317,3152,2255,6,2261,17
2020-07-22,Stanislaus,099,539301,10003,7401,12,7413,71
2020-07-22,Sutter,101,95872,684,551,0,551,2
2020-07-22,Tehama,103,63373,231,155,2,157,1
2020-07-22,Trinity,105,12862,23,3,6,9,0
2020-07-22,Tulare,107,460477,9862,7640,29,7669,167
2020-07-22,Tuolumne,109,53932,137,91,3,94,0
2020-07-22,Ventura,111,848112,7836,6223,25,6248,56
2020-07-22,Yolo,113,214977,1639,1233,3,1236,34
2020-07-22,Yuba,115,75493,375,288,0,288,1
2020-07-21,Alameda,001,1643700,11889,9390,36,9426,166
2020-07-21,Alpine,003,1148,2,2,0,2,0
2020-07-21,Amador,005,37829,113,55,0,55,0
2020-07-21,Butte,007,227075,922,659,13,672,5
2020-07-21,Calaveras,009,45235,111,96,0,96,0
2020-07-21,Colusa,011,21464,298,227,0,227,0
2020-07-21,Contra Costa,013,1133247,8486,6210,25,6235,98
2020-07-21,Del Norte,015,27424,84,66,0,66,0
2020-07-21,El Dorado,017,186661,682,440,5,445,1
2020-07-21,Fresno,019,978130,18712,11412,157,11569,107
2020-07-21,Glenn,021,27897,331,229,0,229,1
2020-07-21,Humboldt,023,135768,236,198,1,199,4
2020-07-21,Imperial,025,180216,9882,7458,5,7463,128
2020-07-21,Inyo,027,18085,48,38,1,39,1
2020-07-21,Kern,029,883053,21292,11998,91,12089,119
2020-07-21,Kings,031,150075,4066,3187,20,3207,38
2020-07-21,Lake,033,64148,197,157,0,157,1
2020-07-21,Lassen,035,31185,566,474,2,476,0
2020-07-21,Los Angeles,037,10098052,181287,162205,367,162572,4159
2020-07-21,Madera,039,155013,2266,1508,3,1511,10
2020-07-21,Marin,041,260295,4927,4318,5,4323,21
2020-07-21,Mariposa,043,17540,54,37,0,37,1
2020-07-21,Mendocino,045,87422,232,160,0,160,0
2020-07-21,Merced,047,269075,4577,2725,2,2727,15
2020-07-21,Modoc,049,8938,3,0,0,0,0
2020-07-21,Mono,051,14174,124,79,1,80,1
2020-07-21,Monterey,053,433212,4434,3404,13,3417,20
2020-07-21,Napa,055,140530,975,660,0,660,5
2020-07-21,Nevada,057,99092,306,228,10,238,1
2020-07-21,Orange,059,3164182,39510,31356,637,31993,515
2020-07-21,Placer,061,380077,1907,1413,3,1416,11
2020-07-21,Plumas,063,18699,31,19,0,19,0
2020-07-21,Riverside,065,2383286,39852,32231,40,32271,583
2020-07-21,Sacramento,067,1510023,10588,7789,10,7799,102
2020-07-21,San Benito,069,59416,593,444,0,444,2
2020-07-21,San Bernardino,071,2135413,35239,25323,117,25440,343
2020-07-21,San Diego,073,3302833,29117,24522,2,24524,487
2020-07-21,San Francisco,075,870044,6427,5377,5,5382,53
2020-07-21,San Joaquin,077,732212,12421,9150,5,9155,99
2020-07-21,San Luis Obispo,079,281455,1810,1338,7,1345,7
2020-07-21,San Mateo,081,765935,5692,4733,7,4740,111
2020-07-21,Santa Barbara,083,443738,6126,5422,55,5477,29
2020-07-21,Santa Clara,085,1922200,10903,7989,28,8017,164
2020-07-21,Santa Cruz,087,273765,1086,835,7,842,3
2020-07-21,Shasta,089,179085,409,241,1,242,9
2020-07-21,Sierra,091,2930,1,1,0,1,0
2020-07-21,Siskiyou,093,43540,81,48,0,48,0
2020-07-21,Solano,095,438530,3750,2727,10,2737,27
2020-07-21,Sonoma,097,501317,3095,2200,6,2206,17
2020-07-21,Stanislaus,099,539301,9741,6984,12,6996,69
2020-07-21,Sutter,101,95872,668,533,0,533,2
2020-07-21,Tehama,103,63373,221,150,2,152,1
2020-07-21,Trinity,105,12862,23,2,6,8,0
2020-07-21,Tulare,107,460477,9660,7447,29,7476,167
2020-07-21,Tuolumne,109,53932,135,75,3,78,0
2020-07-21,Ventura,111,848112,7704,6131,25,6156,55
2020-07-21,Yolo,113,214977,1585,1204,3,1207,34
2020-07-21,Yuba,115,75493,369,269,0,269,1
2020-07-20,Alameda,001,1643700,11634,9244,35,9279,162
2020-07-20,Alpine,003,1148,2,2,0,2,0
2020-07-20,Amador,005,37829,110,53,0,53,0
2020-07-20,Butte,007,227075,885,586,13,599,4
2020-07-20,Calaveras,009,45235,108,90,0,90,0
2020-07-20,Colusa,011,21464,287,217,0,217,0
2020-07-20,Contra Costa,013,1133247,8278,5823,25,5848,97
2020-07-20,Del Norte,015,27424,84,61,0,61,0
2020-07-20,El Dorado,017,186661,659,407,5,412,0
2020-07-20,Fresno,019,978130,18269,10891,156,11047,106
2020-07-20,Glenn,021,27897,323,225,0,225,1
2020-07-20,Humboldt,023,135768,229,194,1,195,4
2020-07-20,Imperial,025,180216,9842,7337,5,7342,124
2020-07-20,Inyo,027,18085,46,38,1,39,1
2020-07-20,Kern,029,883053,20782,10908,87,10995,118
2020-07-20,Kings,031,150075,4016,3093,20,3113,37
2020-07-20,Lake,033,64148,194,147,0,147,1
2020-07-20,Lassen,035,31185,564,474,2,476,0
2020-07-20,Los Angeles,037,10098052,178323,159202,341,159543,4108
2020-07-20,Madera,039,155013,2191,1433,3,1436,10
2020-07-20,Marin,041,260295,4845,4255,5,4260,21
2020-07-20,Mariposa,043,17540,53,36,0,36,1
2020-07-20,Mendocino,045,87422,219,153,0,153,0
2020-07-20,Merced,047,269075,4407,2584,2,2586,15
2020-07-20,Modoc,049,8938,3,0,0,0,0
2020-07-20,Mono,051,14174,118,78,1,79,1
2020-07-20,Monterey,053,433212,4328,3205,13,3218,19
2020-07-20,Napa,055,140530,940,632,0,632,5
2020-07-20,Nevada,057,99092,298,218,10,228,1
2020-07-20,Orange,059,3164182,38900,30337,607,30944,507
2020-07-20,Placer,061,380077,1856,1364,3,1367,11
2020-07-20,Plumas,063,18699,30,17,0,17,0
2020-07-20,Riverside,065,2383286,39021,31163,40,31203,581
2020-07-20,Sacramento,067,1510023,10260,7369,10,7379,99
2020-07-20,San Benito,069,59416,575,433,0,433,2
2020-07-20,San Bernardino,071,2135413,34430,24226,113,24339,338
2020-07-20,San Diego,073,3302833,28675,24137,2,24139,478
2020-07-20,San Francisco,075,870044,6306,5090,5,5095,53
2020-07-20,San Joaquin,077,732212,12065,8583,5,8588,97
2020-07-20,San Luis Obispo,079,281455,1768,1282,7,1289,6
2020-07-20,San Mateo,081,765935,5592,4609,7,4616,111
2020-07-20,Santa Barbara,083,443738,6016,5266,53,5319,29
2020-07-20,Santa Clara,085,1922200,10675,7711,27,7738,164
2020-07-20,Santa Cruz,087,273765,1054,758,7,765,3
2020-07-20,Shasta,089,179085,394,233,1,234,9
2020-07-20,Sierra,091,2930,1,1,0,1,0
2020-07-20,Siskiyou,093,43540,77,42,0,42,0
2020-07-20,Solano,095,438530,3667,2537,10,2547,26
2020-07-20,Sonoma,097,501317,2988,2148,6,2154,17
2020-07-20,Stanislaus,099,539301,9457,6835,12,6847,58
2020-07-20,Sutter,101,95872,635,507,0,507,2
2020-07-20,Tehama,103,63373,211,146,2,148,1
2020-07-20,Trinity,105,12862,23,2,6,8,0
2020-07-20,Tulare,107,460477,9426,6974,29,7003,166
2020-07-20,Tuolumne,109,53932,134,75,3,78,0
2020-07-20,Ventura,111,848112,7570,5912,25,5937,52
2020-07-20,Yolo,113,214977,1544,1155,3,1158,30
2020-07-20,Yuba,115,75493,349,258,0,258,1
2020-07-19,Alameda,001,1643700,11393,9227,29,9256,162
2020-07-19,Alpine,003,1148,2,2,0,2,0
2020-07-19,Amador,005,37829,103,51,0,51,0
2020-07-19,Butte,007,227075,860,555,13,568,4
2020-07-19,Calaveras,009,45235,106,89,0,89,0
2020-07-19,Colusa,011,21464,279,187,0,187,0
2020-07-19,Contra Costa,013,1133247,7987,5691,23,5714,95
2020-07-19,Del Norte,015,27424,83,61,0,61,0
2020-07-19,El Dorado,017,186661,641,385,5,390,0
2020-07-19,Fresno,019,978130,17745,10639,144,10783,106
2020-07-19,Glenn,021,27897,309,215,0,215,0
2020-07-19,Humboldt,023,135768,221,195,1,196,4
2020-07-19,Imperial,025,180216,9751,7280,5,7285,124
2020-07-19,Inyo,027,18085,42,38,1,39,1
2020-07-19,Kern,029,883053,20165,10094,80,10174,115
2020-07-19,Kings,031,150075,3930,3035,20,3055,37
2020-07-19,Lake,033,64148,189,144,0,144,1
2020-07-19,Lassen,035,31185,545,474,2,476,0
2020-07-19,Los Angeles,037,10098052,174877,156039,318,156357,4100
2020-07-19,Madera,039,155013,2114,1301,3,1304,10
2020-07-19,Marin,041,260295,4790,4172,5,4177,21
2020-07-19,Mariposa,043,17540,49,35,0,35,1
2020-07-19,Mendocino,045,87422,214,137,0,137,0
2020-07-19,Merced,047,269075,4200,2460,2,2462,15
2020-07-19,Modoc,049,8938,3,0,0,0,0
2020-07-19,Mono,051,14174,107,63,1,64,1
2020-07-19,Monterey,053,433212,4209,3079,13,3092,18
2020-07-19,Napa,055,140530,911,612,0,612,5
2020-07-19,Nevada,057,99092,292,210,10,220,1
2020-07-19,Orange,059,3164182,38336,29941,594,30535,505
2020-07-19,Placer,061,380077,1809,1246,3,1249,11
2020-07-19,Plumas,063,18699,30,17,0,17,0
2020-07-19,Riverside,065,2383286,38316,30340,40,30380,581
2020-07-19,Sacramento,067,1510023,9867,6985,10,6995,97
2020-07-19,San Benito,069,59416,559,412,0,412,2
2020-07-19,San Bernardino,071,2135413,33657,23928,101,24029,337
2020-07-19,San Diego,073,3302833,28174,23684,2,23686,478
2020-07-19,San Francisco,075,870044,6160,5094,5,5099,52
2020-07-19,San Joaquin,077,732212,11658,8308,5,8313,93
2020-07-19,San Luis Obispo,079,281455,1724,1262,7,1269,6
2020-07-19,San Mateo,081,765935,5488,4522,7,4529,110
2020-07-19,Santa Barbara,083,443738,5914,5145,50,5195,29
2020-07-19,Santa Clara,085,1922200,10431,7403,27,7430,164
2020-07-19,Santa Cruz,087,273765,1010,753,7,760,3
2020-07-19,Shasta,089,179085,381,218,1,219,9
2020-07-19,Sierra,091,2930,1,1,0,1,0
2020-07-19,Siskiyou,093,43540,75,42,0,42,0
2020-07-19,Solano,095,438530,3562,2551,10,2561,26
2020-07-19,Sonoma,097,501317,2888,2074,6,2080,17
2020-07-19,Stanislaus,099,539301,9161,6508,12,6520,58
2020-07-19,Sutter,101,95872,604,480,0,480,2
2020-07-19,Tehama,103,63373,207,138,2,140,1
2020-07-19,Trinity,105,12862,23,2,6,8,0
2020-07-19,Tulare,107,460477,9178,6856,29,6885,166
2020-07-19,Tuolumne,109,53932,129,75,3,78,0
2020-07-19,Ventura,111,848112,7380,5706,25,5731,52
2020-07-19,Yolo,113,214977,1504,1127,3,1130,30
2020-07-19,Yuba,115,75493,329,240,0,240,1
2020-07-18,Alameda,001,1643700,11256,9089,28,9117,162
2020-07-18,Alpine,003,1148,2,2,0,2,0
2020-07-18,Amador,005,37829,99,49,0,49,0
2020-07-18,Butte,007,227075,851,551,13,564,4
2020-07-18,Calaveras,009,45235,102,89,0,89,0
2020-07-18,Colusa,011,21464,274,182,0,182,0
2020-07-18,Contra Costa,013,1133247,7853,5617,23,5640,95
2020-07-18,Del Norte,015,27424,83,61,0,61,0
2020-07-18,El Dorado,017,186661,638,385,5,390,0
2020-07-18,Fresno,019,978130,17496,10381,142,10523,106
2020-07-18,Glenn,021,27897,303,212,0,212,0
2020-07-18,Humboldt,023,135768,218,189,1,190,4
2020-07-18,Imperial,025,180216,9720,7268,5,7273,124
2020-07-18,Inyo,027,18085,42,38,1,39,1
2020-07-18,Kern,029,883053,19862,9250,77,9327,114
2020-07-18,Kings,031,150075,3890,2996,19,3015,37
2020-07-18,Lake,033,64148,186,142,0,142,1
2020-07-18,Lassen,035,31185,544,474,2,476,0
2020-07-18,Los Angeles,037,10098052,173432,153265,308,153573,4088
2020-07-18,Madera,039,155013,2068,1260,3,1263,9
2020-07-18,Marin,041,260295,4761,4089,5,4094,21
2020-07-18,Mariposa,043,17540,49,35,0,35,1
2020-07-18,Mendocino,045,87422,208,137,0,137,0
2020-07-18,Merced,047,269075,4081,2424,2,2426,15
2020-07-18,Modoc,049,8938,3,0,0,0,0
2020-07-18,Mono,051,14174,105,54,1,55,1
2020-07-18,Monterey,053,433212,4141,3020,13,3033,17
2020-07-18,Napa,055,140530,900,609,0,609,5
2020-07-18,Nevada,057,99092,288,204,9,213,1
2020-07-18,Orange,059,3164182,38017,29603,574,30177,493
2020-07-18,Placer,061,380077,1786,1233,3,1236,11
2020-07-18,Plumas,063,18699,30,17,0,17,0
2020-07-18,Riverside,065,2383286,37962,30245,39,30284,581
2020-07-18,Sacramento,067,1510023,9622,6739,10,6749,95
2020-07-18,San Benito,069,59416,544,407,0,407,2
2020-07-18,San Bernardino,071,2135413,33197,23680,94,23774,336
2020-07-18,San Diego,073,3302833,27871,23116,2,23118,478
2020-07-18,San Francisco,075,870044,6058,5051,5,5056,52
2020-07-18,San Joaquin,077,732212,11445,8118,5,8123,93
2020-07-18,San Luis Obispo,079,281455,1689,1234,7,1241,6
2020-07-18,San Mateo,081,765935,5428,4488,7,4495,110
2020-07-18,Santa Barbara,083,443738,5854,5110,48,5158,29
2020-07-18,Santa Clara,085,1922200,10282,7255,26,7281,164
2020-07-18,Santa Cruz,087,273765,993,751,7,758,3
2020-07-18,Shasta,089,179085,372,216,1,217,9
2020-07-18,Sierra,091,2930,1,1,0,1,0
2020-07-18,Siskiyou,093,43540,71,42,0,42,0
2020-07-18,Solano,095,438530,3521,2503,10,2513,26
2020-07-18,Sonoma,097,501317,2837,2019,6,2025,15
2020-07-18,Stanislaus,099,539301,9026,6344,12,6356,58
2020-07-18,Sutter,101,95872,598,473,0,473,2
2020-07-18,Tehama,103,63373,202,136,2,138,1
2020-07-18,Trinity,105,12862,23,2,6,8,0
2020-07-18,Tulare,107,460477,9087,6810,28,6838,167
2020-07-18,Tuolumne,109,53932,126,75,3,78,0
2020-07-18,Ventura,111,848112,7298,5630,25,5655,52
2020-07-18,Yolo,113,214977,1476,1077,3,1080,30
2020-07-18,Yuba,115,75493,318,237,0,237,1
2020-07-17,Alameda,001,1643700,11115,8893,27,8920,160
2020-07-17,Alpine,003,1148,2,1,0,1,0
2020-07-17,Amador,005,37829,97,48,0,48,0
2020-07-17,Butte,007,227075,837,497,13,510,4
2020-07-17,Calaveras,009,45235,99,86,0,86,0
2020-07-17,Colusa,011,21464,272,146,0,146,0
2020-07-17,Contra Costa,013,1133247,7705,5483,23,5506,93
2020-07-17,Del Norte,015,27424,82,60,0,60,0
2020-07-17,El Dorado,017,186661,622,368,5,373,0
2020-07-17,Fresno,019,978130,17198,9954,142,10096,104
2020-07-17,Glenn,021,27897,296,203,0,203,0
2020-07-17,Humboldt,023,135768,217,185,1,186,4
2020-07-17,Imperial,025,180216,9698,7193,5,7198,120
2020-07-17,Inyo,027,18085,42,38,1,39,1
2020-07-17,Kern,029,883053,19542,8291,76,8367,113
2020-07-17,Kings,031,150075,3851,2978,19,2997,37
2020-07-17,Lake,033,64148,184,139,0,139,1
2020-07-17,Lassen,035,31185,525,391,2,393,0
2020-07-17,Los Angeles,037,10098052,171060,150481,296,150777,4052
2020-07-17,Madera,039,155013,2024,1214,3,1217,9
2020-07-17,Marin,041,260295,4724,3839,5,3844,21
2020-07-17,Mariposa,043,17540,47,35,0,35,1
2020-07-17,Mendocino,045,87422,200,126,0,126,0
2020-07-17,Merced,047,269075,4005,2328,2,2330,12
2020-07-17,Modoc,049,8938,2,0,0,0,0
2020-07-17,Mono,051,14174,100,54,1,55,1
2020-07-17,Monterey,053,433212,4012,2922,13,2935,18
2020-07-17,Napa,055,140530,886,598,0,598,5
2020-07-17,Nevada,057,99092,281,200,9,209,1
2020-07-17,Orange,059,3164182,37554,28962,541,29503,485
2020-07-17,Placer,061,380077,1757,1207,3,1210,11
2020-07-17,Plumas,063,18699,27,16,0,16,0
2020-07-17,Riverside,065,2383286,37363,29639,39,29678,580
2020-07-17,Sacramento,067,1510023,9378,6563,10,6573,95
2020-07-17,San Benito,069,59416,529,399,0,399,2
2020-07-17,San Bernardino,071,2135413,32677,23057,91,23148,322
2020-07-17,San Diego,073,3302833,27483,22491,2,22493,472
2020-07-17,San Francisco,075,870044,5964,4967,5,4972,52
2020-07-17,San Joaquin,077,732212,11201,7925,5,7930,86
2020-07-17,San Luis Obispo,079,281455,1652,1190,7,1197,6
2020-07-17,San Mateo,081,765935,5331,4407,7,4414,110
2020-07-17,Santa Barbara,083,443738,5782,5001,47,5048,29
2020-07-17,Santa Clara,085,1922200,10064,7080,26,7106,164
2020-07-17,Santa Cruz,087,273765,971,716,7,723,3
2020-07-17,Shasta,089,179085,360,213,1,214,8
2020-07-17,Sierra,091,2930,1,1,0,1,0
2020-07-17,Siskiyou,093,43540,70,40,0,40,0
2020-07-17,Solano,095,438530,3472,2452,10,2462,26
2020-07-17,Sonoma,097,501317,2788,1982,6,1988,15
2020-07-17,Stanislaus,099,539301,8852,6220,12,6232,56
2020-07-17,Sutter,101,95872,585,458,0,458,2
2020-07-17,Tehama,103,63373,198,128,2,130,1
2020-07-17,Trinity,105,12862,23,2,6,8,0
2020-07-17,Tulare,107,460477,8951,6671,28,6699,166
2020-07-17,Tuolumne,109,53932,125,73,3,76,0
2020-07-17,Ventura,111,848112,7215,5451,25,5476,51
2020-07-17,Yolo,113,214977,1452,1055,3,1058,30
2020-07-17,Yuba,115,75493,308,231,0,231,1
2020-07-16,Alameda,001,1643700,10881,8719,22,8741,153
2020-07-16,Alpine,003,1148,2,1,0,1,0
2020-07-16,Amador,005,37829,94,46,0,46,0
2020-07-16,Butte,007,227075,800,465,12,477,4
2020-07-16,Calaveras,009,45235,97,82,0,82,0
2020-07-16,Colusa,011,21464,263,140,0,140,0
2020-07-16,Contra Costa,013,1133247,7493,5338,17,5355,91
2020-07-16,Del Norte,015,27424,82,60,0,60,0
2020-07-16,El Dorado,017,186661,605,357,5,362,0
2020-07-16,Fresno,019,978130,16687,9481,133,9614,101
2020-07-16,Glenn,021,27897,287,190,0,190,0
2020-07-16,Humboldt,023,135768,215,184,1,185,4
2020-07-16,Imperial,025,180216,9604,7148,5,7153,113
2020-07-16,Inyo,027,18085,42,38,1,39,1
2020-07-16,Kern,029,883053,19020,7435,74,7509,112
2020-07-16,Kings,031,150075,3685,2937,19,2956,37
2020-07-16,Lake,033,64148,179,128,0,128,1
2020-07-16,Lassen,035,31185,524,355,2,357,0
2020-07-16,Los Angeles,037,10098052,167838,147759,271,148030,3994
2020-07-16,Madera,039,155013,1960,1192,3,1195,8
2020-07-16,Marin,041,260295,4651,3546,5,3551,21
2020-07-16,Mariposa,043,17540,45,34,0,34,1
2020-07-16,Mendocino,045,87422,195,121,0,121,0
2020-07-16,Merced,047,269075,3843,2228,2,2230,12
2020-07-16,Modoc,049,8938,1,0,0,0,0
2020-07-16,Mono,051,14174,97,53,1,54,1
2020-07-16,Monterey,053,433212,3907,2857,12,2869,18
2020-07-16,Napa,055,140530,857,581,0,581,5
2020-07-16,Nevada,057,99092,278,191,9,200,1
2020-07-16,Orange,059,3164182,36851,28525,505,29030,471
2020-07-16,Placer,061,380077,1709,1168,3,1171,11
2020-07-16,Plumas,063,18699,25,16,0,16,0
2020-07-16,Riverside,065,2383286,36617,28904,37,28941,577
2020-07-16,Sacramento,067,1510023,9065,6440,9,6449,91
2020-07-16,San Benito,069,59416,512,389,0,389,2
2020-07-16,San Bernardino,071,2135413,31816,22355,73,22428,321
2020-07-16,San Diego,073,3302833,26996,21857,2,21859,465
2020-07-16,San Francisco,075,870044,5823,4838,5,4843,52
2020-07-16,San Joaquin,077,732212,10838,7713,5,7718,82
2020-07-16,San Luis Obispo,079,281455,1608,1146,7,1153,6
2020-07-16,San Mateo,081,765935,5227,4336,7,4343,110
2020-07-16,Santa Barbara,083,443738,5687,4872,46,4918,28
2020-07-16,Santa Clara,085,1922200,9784,6990,24,7014,164
2020-07-16,Santa Cruz,087,273765,930,698,7,705,3
2020-07-16,Shasta,089,179085,345,208,1,209,7
2020-07-16,Sierra,091,2930,1,1,0,1,0
2020-07-16,Siskiyou,093,43540,67,39,0,39,0
2020-07-16,Solano,095,438530,3378,2372,10,2382,25
2020-07-16,Sonoma,097,501317,2698,1954,6,1960,14
2020-07-16,Stanislaus,099,539301,8569,6077,11,6088,56
2020-07-16,Sutter,101,95872,569,444,0,444,2
2020-07-16,Tehama,103,63373,188,126,2,128,1
2020-07-16,Trinity,105,12862,23,2,5,7,0
2020-07-16,Tulare,107,460477,8737,6467,27,6494,163
2020-07-16,Tuolumne,109,53932,118,71,3,74,0
2020-07-16,Ventura,111,848112,7053,5231,25,5256,50
2020-07-16,Yolo,113,214977,1410,1034,3,1037,29
2020-07-16,Yuba,115,75493,290,221,0,221,1
2020-07-15,Alameda,001,1643700,10676,8615,17,8632,153
2020-07-15,Alpine,003,1148,2,1,0,1,0
2020-07-15,Amador,005,37829,73,44,0,44,0
2020-07-15,Butte,007,227075,758,420,12,432,4
2020-07-15,Calaveras,009,45235,97,75,0,75,0
2020-07-15,Colusa,011,21464,258,135,0,135,0
2020-07-15,Contra Costa,013,1133247,7262,5246,17,5263,90
2020-07-15,Del Norte,015,27424,81,60,0,60,0
2020-07-15,El Dorado,017,186661,581,339,5,344,0
2020-07-15,Fresno,019,978130,16213,9124,127,9251,101
2020-07-15,Glenn,021,27897,278,184,0,184,0
2020-07-15,Humboldt,023,135768,213,181,1,182,4
2020-07-15,Imperial,025,180216,9537,7110,5,7115,110
2020-07-15,Inyo,027,18085,42,36,1,37,1
2020-07-15,Kern,029,883053,18400,7155,70,7225,108
2020-07-15,Kings,031,150075,3624,2906,19,2925,37
2020-07-15,Lake,033,64148,177,122,0,122,1
2020-07-15,Lassen,035,31185,520,319,2,321,0
2020-07-15,Los Angeles,037,10098052,164372,143343,256,143599,3946
2020-07-15,Madera,039,155013,1891,1147,3,1150,4
2020-07-15,Marin,041,260295,4596,3458,5,3463,21
2020-07-15,Mariposa,043,17540,45,34,0,34,1
2020-07-15,Mendocino,045,87422,192,119,0,119,0
2020-07-15,Merced,047,269075,3693,2156,2,2158,12
2020-07-15,Modoc,049,8938,1,0,0,0,0
2020-07-15,Mono,051,14174,95,52,1,53,1
2020-07-15,Monterey,053,433212,3795,2780,12,2792,18
2020-07-15,Napa,055,140530,831,573,0,573,5
2020-07-15,Nevada,057,99092,274,185,7,192,1
2020-07-15,Orange,059,3164182,36051,27718,471,28189,454
2020-07-15,Placer,061,380077,1651,1145,3,1148,11
2020-07-15,Plumas,063,18699,25,16,0,16,0
2020-07-15,Riverside,065,2383286,35835,28492,35,28527,568
2020-07-15,Sacramento,067,1510023,8685,6217,9,6226,91
2020-07-15,San Benito,069,59416,503,388,0,388,2
2020-07-15,San Bernardino,071,2135413,31026,21508,57,21565,317
2020-07-15,San Diego,073,3302833,26529,21448,2,21450,448
2020-07-15,San Francisco,075,870044,5709,4757,5,4762,50
2020-07-15,San Joaquin,077,732212,10407,7381,4,7385,75
2020-07-15,San Luis Obispo,079,281455,1565,1097,7,1104,6
2020-07-15,San Mateo,081,765935,5114,4258,7,4265,109
2020-07-15,Santa Barbara,083,443738,5573,4733,46,4779,28
2020-07-15,Santa Clara,085,1922200,9480,6900,24,6924,164
2020-07-15,Santa Cruz,087,273765,894,660,6,666,3
2020-07-15,Shasta,089,179085,336,193,1,194,7
2020-07-15,Sierra,091,2930,1,1,0,1,0
2020-07-15,Siskiyou,093,43540,66,38,0,38,0
2020-07-15,Solano,095,438530,3283,2343,10,2353,25
2020-07-15,Sonoma,097,501317,2600,1920,6,1926,14
2020-07-15,Stanislaus,099,539301,8272,5777,11,5788,56
2020-07-15,Sutter,101,95872,543,433,0,433,2
2020-07-15,Tehama,103,63373,180,126,2,128,1
2020-07-15,Trinity,105,12862,22,2,5,7,0
2020-07-15,Tulare,107,460477,8526,6320,26,6346,156
2020-07-15,Tuolumne,109,53932,111,68,3,71,0
2020-07-15,Ventura,111,848112,6876,5087,25,5112,50
2020-07-15,Yolo,113,214977,1377,1002,3,1005,27
2020-07-15,Yuba,115,75493,278,221,0,221,1
2020-07-14,Alameda,001,1643700,10335,8388,11,8399,151
2020-07-14,Alpine,003,1148,2,1,0,1,0
2020-07-14,Amador,005,37829,69,44,0,44,0
2020-07-14,Butte,007,227075,712,382,12,394,4
2020-07-14,Calaveras,009,45235,95,74,0,74,0
2020-07-14,Colusa,011,21464,248,128,0,128,0
2020-07-14,Contra Costa,013,1133247,7025,5110,15,5125,90
2020-07-14,Del Norte,015,27424,80,60,0,60,0
2020-07-14,El Dorado,017,186661,566,324,5,329,0
2020-07-14,Fresno,019,978130,15791,8941,122,9063,98
2020-07-14,Glenn,021,27897,268,177,0,177,0
2020-07-14,Humboldt,023,135768,210,175,1,176,4
2020-07-14,Imperial,025,180216,9410,7095,5,7100,109
2020-07-14,Inyo,027,18085,42,35,1,36,1
2020-07-14,Kern,029,883053,17641,6979,57,7036,107
2020-07-14,Kings,031,150075,3557,2867,18,2885,37
2020-07-14,Lake,033,64148,171,120,0,120,1
2020-07-14,Lassen,035,31185,503,263,2,265,0
2020-07-14,Los Angeles,037,10098052,161239,140632,227,140859,3900
2020-07-14,Madera,039,155013,1817,1118,3,1121,4
2020-07-14,Marin,041,260295,4482,3451,5,3456,21
2020-07-14,Mariposa,043,17540,41,32,0,32,1
2020-07-14,Mendocino,045,87422,184,110,0,110,0
2020-07-14,Merced,047,269075,3514,2084,2,2086,12
2020-07-14,Modoc,049,8938,1,0,0,0,0
2020-07-14,Mono,051,14174,85,48,1,49,1
2020-07-14,Monterey,053,433212,3682,2724,12,2736,18
2020-07-14,Napa,055,140530,775,557,0,557,4
2020-07-14,Nevada,057,99092,257,180,6,186,1
2020-07-14,Orange,059,3164182,35171,26915,423,27338,432
2020-07-14,Placer,061,380077,1593,1122,3,1125,11
2020-07-14,Plumas,063,18699,24,14,0,14,0
2020-07-14,Riverside,065,2383286,35078,27850,34,27884,547
2020-07-14,Sacramento,067,1510023,8331,5978,9,5987,87
2020-07-14,San Benito,069,59416,484,360,0,360,2
2020-07-14,San Bernardino,071,2135413,30174,20489,47,20536,316
2020-07-14,San Diego,073,3302833,25909,20887,2,20889,436
2020-07-14,San Francisco,075,870044,5558,4659,4,4663,50
2020-07-14,San Joaquin,077,732212,9980,7143,4,7147,75
2020-07-14,San Luis Obispo,079,281455,1527,1060,7,1067,5
2020-07-14,San Mateo,081,765935,5021,4173,7,4180,108
2020-07-14,Santa Barbara,083,443738,5449,4641,44,4685,28
2020-07-14,Santa Clara,085,1922200,9152,6686,21,6707,164
2020-07-14,Santa Cruz,087,273765,855,639,6,645,3
2020-07-14,Shasta,089,179085,327,190,1,191,7
2020-07-14,Sierra,091,2930,1,1,0,1,0
2020-07-14,Siskiyou,093,43540,65,38,0,38,0
2020-07-14,Solano,095,438530,3184,2266,9,2275,25
2020-07-14,Sonoma,097,501317,2507,1866,6,1872,14
2020-07-14,Stanislaus,099,539301,7897,5631,10,5641,53
2020-07-14,Sutter,101,95872,524,405,0,405,2
2020-07-14,Tehama,103,63373,168,123,2,125,1
2020-07-14,Trinity,105,12862,21,2,5,7,0
2020-07-14,Tulare,107,460477,8280,6199,26,6225,156
2020-07-14,Tuolumne,109,53932,106,68,3,71,0
2020-07-14,Ventura,111,848112,6715,4950,25,4975,50
2020-07-14,Yolo,113,214977,1330,966,3,969,27
2020-07-14,Yuba,115,75493,261,210,0,210,1
2020-07-13,Alameda,001,1643700,10026,8115,11,8126,148
2020-07-13,Alpine,003,1148,2,1,0,1,0
2020-07-13,Amador,005,37829,65,42,0,42,0
2020-07-13,Butte,007,227075,676,354,12,366,4
2020-07-13,Calaveras,009,45235,87,63,0,63,0
2020-07-13,Colusa,011,21464,242,116,0,116,0
2020-07-13,Contra Costa,013,1133247,6755,4882,13,4895,88
2020-07-13,Del Norte,015,27424,74,59,0,59,0
2020-07-13,El Dorado,017,186661,535,298,5,303,0
2020-07-13,Fresno,019,978130,15363,8666,117,8783,95
2020-07-13,Glenn,021,27897,261,168,0,168,0
2020-07-13,Humboldt,023,135768,205,174,1,175,4
2020-07-13,Imperial,025,180216,9323,7052,5,7057,109
2020-07-13,Inyo,027,18085,41,35,1,36,1
2020-07-13,Kern,029,883053,16956,6808,51,6859,107
2020-07-13,Kings,031,150075,3506,2824,18,2842,37
2020-07-13,Lake,033,64148,166,118,0,118,1
2020-07-13,Lassen,035,31185,498,237,2,239,0
2020-07-13,Los Angeles,037,10098052,158005,136368,213,136581,3829
2020-07-13,Madera,039,155013,1748,1059,3,1062,4
2020-07-13,Marin,041,260295,4378,3402,5,3407,21
2020-07-13,Mariposa,043,17540,40,31,0,31,1
2020-07-13,Mendocino,045,87422,180,87,0,87,0
2020-07-13,Merced,047,269075,3365,2007,2,2009,12
2020-07-13,Modoc,049,8938,1,0,0,0,0
2020-07-13,Mono,051,14174,81,47,0,47,1
2020-07-13,Monterey,053,433212,3559,2613,9,2622,18
2020-07-13,Napa,055,140530,739,534,0,534,4
2020-07-13,Nevada,057,99092,243,172,6,178,1
2020-07-13,Orange,059,3164182,34307,25978,391,26369,423
2020-07-13,Placer,061,380077,1548,1096,3,1099,11
2020-07-13,Plumas,063,18699,22,14,0,14,0
2020-07-13,Riverside,065,2383286,34153,27136,32,27168,545
2020-07-13,Sacramento,067,1510023,8034,5747,9,5756,85
2020-07-13,San Benito,069,59416,471,343,0,343,2
2020-07-13,San Bernardino,071,2135413,29297,19610,40,19650,313
2020-07-13,San Diego,073,3302833,25342,20348,2,20350,422
2020-07-13,San Francisco,075,870044,5431,4534,3,4537,50
2020-07-13,San Joaquin,077,732212,9565,6927,4,6931,71
2020-07-13,San Luis Obispo,079,281455,1496,989,7,996,5
2020-07-13,San Mateo,081,765935,4890,4057,7,4064,108
2020-07-13,Santa Barbara,083,443738,5335,4441,43,4484,28
2020-07-13,Santa Clara,085,1922200,8829,6488,20,6508,164
2020-07-13,Santa Cruz,087,273765,817,574,6,580,3
2020-07-13,Shasta,089,179085,316,185,1,186,6
2020-07-13,Sierra,091,2930,1,1,0,1,0
2020-07-13,Siskiyou,093,43540,61,37,0,37,0
2020-07-13,Solano,095,438530,3072,2046,9,2055,23
2020-07-13,Sonoma,097,501317,2396,1818,6,1824,14
2020-07-13,Stanislaus,099,539301,7594,5324,9,5333,53
2020-07-13,Sutter,101,95872,486,379,0,379,2
2020-07-13,Tehama,103,63373,155,112,2,114,1
2020-07-13,Trinity,105,12862,21,2,5,7,0
2020-07-13,Tulare,107,460477,8019,5930,24,5954,147
2020-07-13,Tuolumne,109,53932,98,56,3,59,0
2020-07-13,Ventura,111,848112,6525,4800,22,4822,50
2020-07-13,Yolo,113,214977,1284,941,3,944,27
2020-07-13,Yuba,115,75493,246,194,0,194,1
2020-07-12,Alameda,001,1643700,9756,8056,11,8067,148
2020-07-12,Alpine,003,1148,2,1,0,1,0
2020-07-12,Amador,005,37829,55,40,0,40,0
2020-07-12,Butte,007,227075,626,341,11,352,4
2020-07-12,Calaveras,009,45235,87,62,0,62,0
2020-07-12,Colusa,011,21464,208,116,0,116,0
2020-07-12,Contra Costa,013,1133247,6488,4708,11,4719,88
2020-07-12,Del Norte,015,27424,63,59,0,59,0
2020-07-12,El Dorado,017,186661,513,290,5,295,0
2020-07-12,Fresno,019,978130,14939,8407,112,8519,95
2020-07-12,Glenn,021,27897,248,166,0,166,0
2020-07-12,Humboldt,023,135768,201,174,1,175,4
2020-07-12,Imperial,025,180216,9209,6999,5,7004,109
2020-07-12,Inyo,027,18085,39,35,1,36,1
2020-07-12,Kern,029,883053,16213,6662,48,6710,105
2020-07-12,Kings,031,150075,3444,2779,18,2797,34
2020-07-12,Lake,033,64148,157,114,0,114,1
2020-07-12,Lassen,035,31185,491,237,2,239,0
2020-07-12,Los Angeles,037,10098052,154581,133830,184,134014,3816
2020-07-12,Madera,039,155013,1693,1025,3,1028,4
2020-07-12,Marin,041,260295,4302,3358,5,3363,21
2020-07-12,Mariposa,043,17540,39,31,0,31,1
2020-07-12,Mendocino,045,87422,161,88,0,88,0
2020-07-12,Merced,047,269075,3235,1908,2,1910,12
2020-07-12,Modoc,049,8938,1,0,0,0,0
2020-07-12,Mono,051,14174,71,45,0,45,1
2020-07-12,Monterey,053,433212,3444,2521,9,2530,18
2020-07-12,Napa,055,140530,707,519,0,519,4
2020-07-12,Nevada,057,99092,233,166,6,172,1
2020-07-12,Orange,059,3164182,33432,25399,382,25781,422
2020-07-12,Placer,061,380077,1491,1058,3,1061,11
2020-07-12,Plumas,063,18699,21,14,0,14,0
2020-07-12,Riverside,065,2383286,33395,26404,31,26435,542
2020-07-12,Sacramento,067,1510023,7722,5515,7,5522,85
2020-07-12,San Benito,069,59416,456,324,0,324,2
2020-07-12,San Bernardino,071,2135413,28385,19042,36,19078,312
2020-07-12,San Diego,073,3302833,24712,19929,2,19931,422
2020-07-12,San Francisco,075,870044,5281,4535,3,4538,50
2020-07-12,San Joaquin,077,732212,9202,6703,4,6707,71
2020-07-12,San Luis Obispo,079,281455,1449,972,7,979,5
2020-07-12,San Mateo,081,765935,4772,3988,7,3995,108
2020-07-12,Santa Barbara,083,443738,5205,4353,42,4395,28
2020-07-12,Santa Clara,085,1922200,8591,6252,19,6271,164
2020-07-12,Santa Cruz,087,273765,775,573,5,578,3
2020-07-12,Shasta,089,179085,310,173,1,174,6
2020-07-12,Sierra,091,2930,1,1,0,1,0
2020-07-12,Siskiyou,093,43540,59,36,0,36,0
2020-07-12,Solano,095,438530,2947,2037,9,2046,23
2020-07-12,Sonoma,097,501317,2302,1743,6,1749,13
2020-07-12,Stanislaus,099,539301,7290,5177,9,5186,53
2020-07-12,Sutter,101,95872,468,362,0,362,2
2020-07-12,Tehama,103,63373,148,111,2,113,1
2020-07-12,Trinity,105,12862,21,2,5,7,0
2020-07-12,Tulare,107,460477,7764,5864,23,5887,146
2020-07-12,Tuolumne,109,53932,91,52,3,55,0
2020-07-12,Ventura,111,848112,6309,4724,21,4745,50
2020-07-12,Yolo,113,214977,1243,889,3,892,27
2020-07-12,Yuba,115,75493,235,188,0,188,1
2020-07-11,Alameda,001,1643700,9654,7845,11,7856,148
2020-07-11,Alpine,003,1148,2,1,0,1,0
2020-07-11,Amador,005,37829,51,37,0,37,0
2020-07-11,Butte,007,227075,610,325,11,336,4
2020-07-11,Calaveras,009,45235,84,62,0,62,0
2020-07-11,Colusa,011,21464,203,110,0,110,0
2020-07-11,Contra Costa,013,1133247,6373,4650,11,4661,87
2020-07-11,Del Norte,015,27424,63,59,0,59,0
2020-07-11,El Dorado,017,186661,502,283,5,288,0
2020-07-11,Fresno,019,978130,14678,8086,109,8195,95
2020-07-11,Glenn,021,27897,240,161,0,161,0
2020-07-11,Humboldt,023,135768,200,174,1,175,4
2020-07-11,Imperial,025,180216,9170,6884,5,6889,109
2020-07-11,Inyo,027,18085,39,35,1,36,1
2020-07-11,Kern,029,883053,15856,6509,47,6556,103
2020-07-11,Kings,031,150075,3417,2753,18,2771,33
2020-07-11,Lake,033,64148,156,110,0,110,1
2020-07-11,Lassen,035,31185,490,237,2,239,0
2020-07-11,Los Angeles,037,10098052,152862,130479,174,130653,3802
2020-07-11,Madera,039,155013,1652,988,3,991,4
2020-07-11,Marin,041,260295,4274,3191,5,3196,21
2020-07-11,Mariposa,043,17540,39,31,0,31,1
2020-07-11,Mendocino,045,87422,157,88,0,88,0
2020-07-11,Merced,047,269075,3154,1851,2,1853,12
2020-07-11,Modoc,049,8938,1,0,0,0,0
2020-07-11,Mono,051,14174,68,45,0,45,1
2020-07-11,Monterey,053,433212,3355,2376,8,2384,18
2020-07-11,Napa,055,140530,695,509,0,509,4
2020-07-11,Nevada,057,99092,224,163,5,168,1
2020-07-11,Orange,059,3164182,33055,24430,368,24798,422
2020-07-11,Placer,061,380077,1457,1029,3,1032,11
2020-07-11,Plumas,063,18699,21,12,0,12,0
2020-07-11,Riverside,065,2383286,33004,25994,31,26025,538
2020-07-11,Sacramento,067,1510023,7548,5367,7,5374,84
2020-07-11,San Benito,069,59416,441,314,0,314,2
2020-07-11,San Bernardino,071,2135413,27948,18907,34,18941,310
2020-07-11,San Diego,073,3302833,24320,19371,2,19373,422
2020-07-11,San Francisco,075,870044,5185,4430,2,4432,50
2020-07-11,San Joaquin,077,732212,9024,6518,4,6522,72
2020-07-11,San Luis Obispo,079,281455,1401,930,7,937,4
2020-07-11,San Mateo,081,765935,4704,3956,7,3963,108
2020-07-11,Santa Barbara,083,443738,5136,4283,41,4324,28
2020-07-11,Santa Clara,085,1922200,8431,5959,19,5978,164
2020-07-11,Santa Cruz,087,273765,744,571,5,576,3
2020-07-11,Shasta,089,179085,303,168,1,169,6
2020-07-11,Sierra,091,2930,1,1,0,1,0
2020-07-11,Siskiyou,093,43540,59,36,0,36,0
2020-07-11,Solano,095,438530,2906,2034,9,2043,23
2020-07-11,Sonoma,097,501317,2264,1690,6,1696,13
2020-07-11,Stanislaus,099,539301,7150,4911,9,4920,51
2020-07-11,Sutter,101,95872,452,352,0,352,2
2020-07-11,Tehama,103,63373,146,111,2,113,1
2020-07-11,Trinity,105,12862,21,2,5,7,0
2020-07-11,Tulare,107,460477,7658,5780,23,5803,149
2020-07-11,Tuolumne,109,53932,88,50,3,53,0
2020-07-11,Ventura,111,848112,6213,4545,20,4565,49
2020-07-11,Yolo,113,214977,1214,833,3,836,27
2020-07-11,Yuba,115,75493,225,175,0,175,1
2020-07-10,Alameda,001,1643700,9497,7551,11,7562,147
2020-07-10,Alpine,003,1148,2,1,0,1,0
2020-07-10,Amador,005,37829,47,37,0,37,0
2020-07-10,Butte,007,227075,599,318,11,329,4
2020-07-10,Calaveras,009,45235,84,61,0,61,0
2020-07-10,Colusa,011,21464,197,103,0,103,0
2020-07-10,Contra Costa,013,1133247,6234,4482,11,4493,86
2020-07-10,Del Norte,015,27424,63,57,0,57,0
2020-07-10,El Dorado,017,186661,484,266,5,271,0
2020-07-10,Fresno,019,978130,14346,7760,106,7866,93
2020-07-10,Glenn,021,27897,235,157,0,157,0
2020-07-10,Humboldt,023,135768,199,168,1,169,4
2020-07-10,Imperial,025,180216,9125,6878,4,6882,98
2020-07-10,Inyo,027,18085,39,35,1,36,1
2020-07-10,Kern,029,883053,15424,6344,46,6390,102
2020-07-10,Kings,031,150075,3381,2707,18,2725,33
2020-07-10,Lake,033,64148,149,104,0,104,1
2020-07-10,Lassen,035,31185,489,235,2,237,0
2020-07-10,Los Angeles,037,10098052,150441,127503,168,127671,3750
2020-07-10,Madera,039,155013,1606,914,3,917,4
2020-07-10,Marin,041,260295,4211,3101,5,3106,21
2020-07-10,Mariposa,043,17540,38,31,0,31,1
2020-07-10,Mendocino,045,87422,149,88,0,88,0
2020-07-10,Merced,047,269075,3075,1802,2,1804,12
2020-07-10,Modoc,049,8938,1,0,0,0,0
2020-07-10,Mono,051,14174,67,45,0,45,1
2020-07-10,Monterey,053,433212,3277,2285,8,2293,18
2020-07-10,Napa,055,140530,684,496,0,496,4
2020-07-10,Nevada,057,99092,219,161,5,166,1
2020-07-10,Orange,059,3164182,32468,23692,365,24057,416
2020-07-10,Placer,061,380077,1415,1002,3,1005,11
2020-07-10,Plumas,063,18699,19,12,0,12,0
2020-07-10,Riverside,065,2383286,32486,25481,31,25512,533
2020-07-10,Sacramento,067,1510023,7293,5181,7,5188,81
2020-07-10,San Benito,069,59416,432,302,0,302,2
2020-07-10,San Bernardino,071,2135413,27424,18242,31,18273,308
2020-07-10,San Diego,073,3302833,23936,18862,2,18864,420
2020-07-10,San Francisco,075,870044,5094,4305,2,4307,50
2020-07-10,San Joaquin,077,732212,8791,6225,4,6229,67
2020-07-10,San Luis Obispo,079,281455,1363,891,7,898,4
2020-07-10,San Mateo,081,765935,4639,3844,7,3851,107
2020-07-10,Santa Barbara,083,443738,5039,4177,40,4217,28
2020-07-10,Santa Clara,085,1922200,8207,5819,19,5838,164
2020-07-10,Santa Cruz,087,273765,716,540,5,545,3
2020-07-10,Shasta,089,179085,299,158,1,159,6
2020-07-10,Sierra,091,2930,1,1,0,1,0
2020-07-10,Siskiyou,093,43540,59,31,0,31,0
2020-07-10,Solano,095,438530,2859,1950,9,1959,23
2020-07-10,Sonoma,097,501317,2217,1606,5,1611,13
2020-07-10,Stanislaus,099,539301,6980,4781,9,4790,46
2020-07-10,Sutter,101,95872,445,338,0,338,2
2020-07-10,Tehama,103,63373,145,107,2,109,1
2020-07-10,Trinity,105,12862,21,2,5,7,0
2020-07-10,Tulare,107,460477,7521,5677,23,5700,150
2020-07-10,Tuolumne,109,53932,87,49,3,52,0
2020-07-10,Ventura,111,848112,6099,4416,20,4436,48
2020-07-10,Yolo,113,214977,1190,794,3,797,27
2020-07-10,Yuba,115,75493,211,164,0,164,1
2020-07-09,Alameda,001,1643700,9267,7433,11,7444,146
2020-07-09,Alpine,003,1148,2,1,0,1,0
2020-07-09,Amador,005,37829,44,36,0,36,0
2020-07-09,Butte,007,227075,567,295,11,306,4
2020-07-09,Calaveras,009,45235,83,59,0,59,0
2020-07-09,Colusa,011,21464,189,97,0,97,0
2020-07-09,Contra Costa,013,1133247,5993,4388,11,4399,86
2020-07-09,Del Norte,015,27424,63,57,0,57,0
2020-07-09,El Dorado,017,186661,459,255,4,259,0
2020-07-09,Fresno,019,978130,13891,7385,103,7488,90
2020-07-09,Glenn,021,27897,225,150,0,150,0
2020-07-09,Humboldt,023,135768,196,166,1,167,4
2020-07-09,Imperial,025,180216,9027,6778,4,6782,87
2020-07-09,Inyo,027,18085,37,35,1,36,1
2020-07-09,Kern,029,883053,14778,6100,44,6144,95
2020-07-09,Kings,031,150075,3318,2686,18,2704,33
2020-07-09,Lake,033,64148,146,99,0,99,1
2020-07-09,Lassen,035,31185,433,221,2,223,0
2020-07-09,Los Angeles,037,10098052,147183,125062,145,125207,3698
2020-07-09,Madera,039,155013,1529,850,3,853,4
2020-07-09,Marin,041,260295,4061,2975,4,2979,20
2020-07-09,Mariposa,043,17540,38,32,0,32,1
2020-07-09,Mendocino,045,87422,145,88,0,88,0
2020-07-09,Merced,047,269075,2941,1728,2,1730,11
2020-07-09,Modoc,049,8938,1,0,0,0,0
2020-07-09,Mono,051,14174,63,45,0,45,1
2020-07-09,Monterey,053,433212,3152,2223,8,2231,17
2020-07-09,Napa,055,140530,667,468,0,468,4
2020-07-09,Nevada,057,99092,213,156,5,161,1
2020-07-09,Orange,059,3164182,31498,22960,347,23307,407
2020-07-09,Placer,061,380077,1373,982,3,985,11
2020-07-09,Plumas,063,18699,19,12,0,12,0
2020-07-09,Riverside,065,2383286,31593,24980,30,25010,529
2020-07-09,Sacramento,067,1510023,6966,4950,7,4957,81
2020-07-09,San Benito,069,59416,416,295,0,295,2
2020-07-09,San Bernardino,071,2135413,26554,17339,25,17364,307
2020-07-09,San Diego,073,3302833,23344,18404,2,18406,415
2020-07-09,San Francisco,075,870044,4962,4143,2,4145,50
2020-07-09,San Joaquin,077,732212,8432,6004,4,6008,66
2020-07-09,San Luis Obispo,079,281455,1323,869,7,876,3
2020-07-09,San Mateo,081,765935,4513,3792,7,3799,106
2020-07-09,Santa Barbara,083,443738,4907,4068,40,4108,28
2020-07-09,Santa Clara,085,1922200,7946,5638,19,5657,164
2020-07-09,Santa Cruz,087,273765,689,526,5,531,3
2020-07-09,Shasta,089,179085,293,155,1,156,5
2020-07-09,Sierra,091,2930,1,1,0,1,0
2020-07-09,Siskiyou,093,43540,55,31,0,31,0
2020-07-09,Solano,095,438530,2761,1892,9,1901,23
2020-07-09,Sonoma,097,501317,2131,1584,5,1589,13
2020-07-09,Stanislaus,099,539301,6665,4633,8,4641,46
2020-07-09,Sutter,101,95872,428,321,0,321,2
2020-07-09,Tehama,103,63373,140,102,2,104,1
2020-07-09,Trinity,105,12862,21,2,5,7,0
2020-07-09,Tulare,107,460477,7302,5501,22,5523,146
2020-07-09,Tuolumne,109,53932,85,47,3,50,0
2020-07-09,Ventura,111,848112,5931,4278,20,4298,47
2020-07-09,Yolo,113,214977,1142,764,3,767,27
2020-07-09,Yuba,115,75493,194,152,0,152,1
2020-07-08,Alameda,001,1643700,8977,7335,11,7346,142
2020-07-08,Alpine,003,1148,2,1,0,1,0
2020-07-08,Amador,005,37829,41,35,0,35,0
2020-07-08,Butte,007,227075,530,281,11,292,3
2020-07-08,Calaveras,009,45235,78,58,0,58,0
2020-07-08,Colusa,011,21464,176,90,0,90,0
2020-07-08,Contra Costa,013,1133247,5747,4268,9,4277,84
2020-07-08,Del Norte,015,27424,61,57,0,57,0
2020-07-08,El Dorado,017,186661,437,248,4,252,0
2020-07-08,Fresno,019,978130,13476,7102,95,7197,86
2020-07-08,Glenn,021,27897,214,146,0,146,0
2020-07-08,Humboldt,023,135768,193,162,1,163,4
2020-07-08,Imperial,025,180216,8940,6727,4,6731,76
2020-07-08,Inyo,027,18085,37,35,1,36,1
2020-07-08,Kern,029,883053,14200,5873,42,5915,91
2020-07-08,Kings,031,150075,3259,2629,15,2644,33
2020-07-08,Lake,033,64148,139,97,0,97,1
2020-07-08,Lassen,035,31185,337,221,2,223,0
2020-07-08,Los Angeles,037,10098052,143978,123462,118,123580,3650
2020-07-08,Madera,039,155013,1459,828,3,831,4
2020-07-08,Marin,041,260295,3962,2756,4,2760,17
2020-07-08,Mariposa,043,17540,38,31,0,31,1
2020-07-08,Mendocino,045,87422,132,84,0,84,0
2020-07-08,Merced,047,269075,2820,1578,2,1580,11
2020-07-08,Modoc,049,8938,1,0,0,0,0
2020-07-08,Mono,051,14174,60,45,0,45,1
2020-07-08,Monterey,053,433212,3034,2182,7,2189,17
2020-07-08,Napa,055,140530,645,468,0,468,4
2020-07-08,Nevada,057,99092,204,156,5,161,1
2020-07-08,Orange,059,3164182,30546,22088,342,22430,378
2020-07-08,Placer,061,380077,1326,948,3,951,11
2020-07-08,Plumas,063,18699,19,12,0,12,0
2020-07-08,Riverside,065,2383286,30629,24042,29,24071,508
2020-07-08,Sacramento,067,1510023,6677,4799,7,4806,80
2020-07-08,San Benito,069,59416,399,282,0,282,2
2020-07-08,San Bernardino,071,2135413,25700,16510,21,16531,296
2020-07-08,San Diego,073,3302833,22774,17844,2,17846,406
2020-07-08,San Francisco,075,870044,4873,4093,2,4095,50
2020-07-08,San Joaquin,077,732212,8089,5759,4,5763,61
2020-07-08,San Luis Obispo,079,281455,1271,825,7,832,2
2020-07-08,San Mateo,081,765935,4393,3733,7,3740,106
2020-07-08,Santa Barbara,083,443738,4788,3985,40,4025,28
2020-07-08,Santa Clara,085,1922200,7712,5510,19,5529,164
2020-07-08,Santa Cruz,087,273765,656,509,4,513,3
2020-07-08,Shasta,089,179085,284,148,1,149,6
2020-07-08,Sierra,091,2930,1,1,0,1,0
2020-07-08,Siskiyou,093,43540,55,31,0,31,0
2020-07-08,Solano,095,438530,2645,1821,9,1830,23
2020-07-08,Sonoma,097,501317,2055,1495,5,1500,9
2020-07-08,Stanislaus,099,539301,6365,4344,8,4352,46
2020-07-08,Sutter,101,95872,403,298,0,298,2
2020-07-08,Tehama,103,63373,134,100,2,102,1
2020-07-08,Trinity,105,12862,20,2,5,7,0
2020-07-08,Tulare,107,460477,7110,5307,17,5324,138
2020-07-08,Tuolumne,109,53932,81,42,3,45,0
2020-07-08,Ventura,111,848112,5766,4139,20,4159,47
2020-07-08,Yolo,113,214977,1098,727,3,730,26
2020-07-08,Yuba,115,75493,181,145,0,145,1
2020-07-07,Alameda,001,1643700,8657,7097,10,7107,141
2020-07-07,Alpine,003,1148,2,1,0,1,0
2020-07-07,Amador,005,37829,41,33,0,33,0
2020-07-07,Butte,007,227075,487,269,11,280,3
2020-07-07,Calaveras,009,45235,76,58,0,58,0
2020-07-07,Colusa,011,21464,143,84,0,84,0
2020-07-07,Contra Costa,013,1133247,5509,4131,8,4139,84
2020-07-07,Del Norte,015,27424,61,57,0,57,0
2020-07-07,El Dorado,017,186661,417,244,4,248,0
2020-07-07,Fresno,019,978130,13023,6738,95,6833,84
2020-07-07,Glenn,021,27897,205,145,0,145,0
2020-07-07,Humboldt,023,135768,190,150,1,151,4
2020-07-07,Imperial,025,180216,8842,6678,4,6682,51
2020-07-07,Inyo,027,18085,36,32,1,33,1
2020-07-07,Kern,029,883053,13501,5645,38,5683,88
2020-07-07,Kings,031,150075,3196,2623,14,2637,33
2020-07-07,Lake,033,64148,129,94,0,94,1
2020-07-07,Lassen,035,31185,266,219,2,221,0
2020-07-07,Los Angeles,037,10098052,140399,121026,111,121137,3588
2020-07-07,Madera,039,155013,1415,794,3,797,4
2020-07-07,Marin,041,260295,3870,2627,4,2631,17
2020-07-07,Mariposa,043,17540,38,31,0,31,1
2020-07-07,Mendocino,045,87422,124,82,0,82,0
2020-07-07,Merced,047,269075,2646,1531,2,1533,10
2020-07-07,Modoc,049,8938,1,0,0,0,0
2020-07-07,Mono,051,14174,59,42,0,42,1
2020-07-07,Monterey,053,433212,2891,2166,7,2173,17
2020-07-07,Napa,055,140530,626,459,0,459,4
2020-07-07,Nevada,057,99092,198,150,5,155,1
2020-07-07,Orange,059,3164182,29533,21741,329,22070,373
2020-07-07,Placer,061,380077,1285,930,3,933,11
2020-07-07,Plumas,063,18699,17,12,0,12,0
2020-07-07,Riverside,065,2383286,29613,23279,29,23308,499
2020-07-07,Sacramento,067,1510023,6335,4592,7,4599,76
2020-07-07,San Benito,069,59416,381,274,0,274,2
2020-07-07,San Bernardino,071,2135413,24830,16004,19,16023,277
2020-07-07,San Diego,073,3302833,22055,17580,2,17582,399
2020-07-07,San Francisco,075,870044,4781,4045,1,4046,50
2020-07-07,San Joaquin,077,732212,7747,5547,4,5551,59
2020-07-07,San Luis Obispo,079,281455,1210,795,7,802,2
2020-07-07,San Mateo,081,765935,4278,3691,7,3698,106
2020-07-07,Santa Barbara,083,443738,4660,3866,39,3905,27
2020-07-07,Santa Clara,085,1922200,7443,5438,19,5457,164
2020-07-07,Santa Cruz,087,273765,622,502,3,505,2
2020-07-07,Shasta,089,179085,271,144,1,145,6
2020-07-07,Sierra,091,2930,1,1,0,1,0
2020-07-07,Siskiyou,093,43540,54,30,0,30,0
2020-07-07,Solano,095,438530,2534,1776,8,1784,22
2020-07-07,Sonoma,097,501317,1985,1473,5,1478,8
2020-07-07,Stanislaus,099,539301,6027,4101,8,4109,46
2020-07-07,Sutter,101,95872,377,273,0,273,2
2020-07-07,Tehama,103,63373,125,95,2,97,1
2020-07-07,Trinity,105,12862,20,2,5,7,0
2020-07-07,Tulare,107,460477,6930,5189,16,5205,137
2020-07-07,Tuolumne,109,53932,75,40,3,43,0
2020-07-07,Ventura,111,848112,5597,3992,18,4010,46
2020-07-07,Yolo,113,214977,1030,706,3,709,26
2020-07-07,Yuba,115,75493,161,138,0,138,1
2020-07-06,Alameda,001,1643700,8422,6970,10,6980,141
2020-07-06,Alpine,003,1148,1,1,0,1,0
2020-07-06,Amador,005,37829,39,33,0,33,0
2020-07-06,Butte,007,227075,431,257,11,268,2
2020-07-06,Calaveras,009,45235,73,45,0,45,0
2020-07-06,Colusa,011,21464,134,80,0,80,0
2020-07-06,Contra Costa,013,1133247,5281,3901,7,3908,83
2020-07-06,Del Norte,015,27424,60,57,0,57,0
2020-07-06,El Dorado,017,186661,402,232,3,235,0
2020-07-06,Fresno,019,978130,12555,6364,89,6453,82
2020-07-06,Glenn,021,27897,197,129,0,129,0
2020-07-06,Humboldt,023,135768,188,148,1,149,3
2020-07-06,Imperial,025,180216,8724,6443,4,6447,47
2020-07-06,Inyo,027,18085,36,32,1,33,1
2020-07-06,Kern,029,883053,12695,5491,38,5529,82
2020-07-06,Kings,031,150075,3145,2583,10,2593,33
2020-07-06,Lake,033,64148,122,93,0,93,1
2020-07-06,Lassen,035,31185,264,219,2,221,0
2020-07-06,Los Angeles,037,10098052,136800,116707,98,116805,3541
2020-07-06,Madera,039,155013,1345,734,3,737,4
2020-07-06,Marin,041,260295,3630,2136,4,2140,17
2020-07-06,Mariposa,043,17540,36,31,0,31,1
2020-07-06,Mendocino,045,87422,107,72,0,72,0
2020-07-06,Merced,047,269075,2495,1396,2,1398,10
2020-07-06,Modoc,049,8938,1,0,0,0,0
2020-07-06,Mono,051,14174,58,40,0,40,1
2020-07-06,Monterey,053,433212,2802,2078,7,2085,15
2020-07-06,Napa,055,140530,608,454,0,454,4
2020-07-06,Nevada,057,99092,192,146,5,151,1
2020-07-06,Orange,059,3164182,28469,20167,292,20459,372
2020-07-06,Placer,061,380077,1222,904,3,907,11
2020-07-06,Plumas,063,18699,17,11,0,11,0
2020-07-06,Riverside,065,2383286,28558,22485,28,22513,477
2020-07-06,Sacramento,067,1510023,5984,4420,7,4427,71
2020-07-06,San Benito,069,59416,366,264,0,264,2
2020-07-06,San Bernardino,071,2135413,23977,15346,16,15362,272
2020-07-06,San Diego,073,3302833,21323,17002,2,17004,387
2020-07-06,San Francisco,075,870044,4660,3861,1,3862,50
2020-07-06,San Joaquin,077,732212,7376,5104,4,5108,57
2020-07-06,San Luis Obispo,079,281455,1152,751,7,758,2
2020-07-06,San Mateo,081,765935,4186,3650,6,3656,106
2020-07-06,Santa Barbara,083,443738,4523,3763,38,3801,27
2020-07-06,Santa Clara,085,1922200,7171,5369,19,5388,165
2020-07-06,Santa Cruz,087,273765,600,466,2,468,2
2020-07-06,Shasta,089,179085,261,143,1,144,6
2020-07-06,Sierra,091,2930,1,1,0,1,0
2020-07-06,Siskiyou,093,43540,50,30,0,30,0
2020-07-06,Solano,095,438530,2398,1668,8,1676,22
2020-07-06,Sonoma,097,501317,1921,1369,5,1374,8
2020-07-06,Stanislaus,099,539301,5625,3983,8,3991,46
2020-07-06,Sutter,101,95872,350,250,0,250,2
2020-07-06,Tehama,103,63373,122,95,2,97,1
2020-07-06,Trinity,105,12862,19,2,5,7,0
2020-07-06,Tulare,107,460477,6725,5039,14,5053,136
2020-07-06,Tuolumne,109,53932,72,30,3,33,0
2020-07-06,Ventura,111,848112,5404,3912,18,3930,44
2020-07-06,Yolo,113,214977,974,685,3,688,26
2020-07-06,Yuba,115,75493,147,124,0,124,1
2020-07-05,Alameda,001,1643700,8172,6861,10,6871,141
2020-07-05,Alpine,003,1148,1,1,0,1,0
2020-07-05,Amador,005,37829,37,31,0,31,0
2020-07-05,Butte,007,227075,396,248,11,259,2
2020-07-05,Calaveras,009,45235,69,45,0,45,0
2020-07-05,Colusa,011,21464,124,79,0,79,0
2020-07-05,Contra Costa,013,1133247,5034,3665,6,3671,80
2020-07-05,Del Norte,015,27424,60,57,0,57,0
2020-07-05,El Dorado,017,186661,384,227,3,230,0
2020-07-05,Fresno,019,978130,11988,6186,88,6274,82
2020-07-05,Glenn,021,27897,194,129,0,129,0
2020-07-05,Humboldt,023,135768,184,147,1,148,3
2020-07-05,Imperial,025,180216,8588,6441,4,6445,47
2020-07-05,Inyo,027,18085,35,32,1,33,1
2020-07-05,Kern,029,883053,11987,5351,38,5389,82
2020-07-05,Kings,031,150075,3062,2546,9,2555,31
2020-07-05,Lake,033,64148,122,92,0,92,1
2020-07-05,Lassen,035,31185,258,219,2,221,0
2020-07-05,Los Angeles,037,10098052,133569,115133,92,115225,3495
2020-07-05,Madera,039,155013,1268,564,3,567,4
2020-07-05,Marin,041,260295,3448,2080,4,2084,17
2020-07-05,Mariposa,043,17540,36,31,0,31,1
2020-07-05,Mendocino,045,87422,104,72,0,72,0
2020-07-05,Merced,047,269075,2351,1340,2,1342,10
2020-07-05,Modoc,049,8938,1,0,0,0,0
2020-07-05,Mono,051,14174,54,39,0,39,1
2020-07-05,Monterey,053,433212,2699,1994,7,2001,15
2020-07-05,Napa,055,140530,578,450,0,450,4
2020-07-05,Nevada,057,99092,186,141,5,146,1
2020-07-05,Orange,059,3164182,27528,19430,279,19709,372
2020-07-05,Placer,061,380077,1165,855,3,858,11
2020-07-05,Plumas,063,18699,16,11,0,11,0
2020-07-05,Riverside,065,2383286,27701,21511,28,21539,474
2020-07-05,Sacramento,067,1510023,5669,4265,6,4271,71
2020-07-05,San Benito,069,59416,348,258,0,258,2
2020-07-05,San Bernardino,071,2135413,23099,15026,16,15042,270
2020-07-05,San Diego,073,3302833,20632,16728,2,16730,387
2020-07-05,San Francisco,075,870044,4543,3861,1,3862,50
2020-07-05,San Joaquin,077,732212,7057,5015,4,5019,57
2020-07-05,San Luis Obispo,079,281455,1073,730,7,737,2
2020-07-05,San Mateo,081,765935,4076,3575,6,3581,106
2020-07-05,Santa Barbara,083,443738,4376,3671,35,3706,27
2020-07-05,Santa Clara,085,1922200,6875,5237,19,5256,162
2020-07-05,Santa Cruz,087,273765,582,467,0,467,2
2020-07-05,Shasta,089,179085,255,138,1,139,6
2020-07-05,Sierra,091,2930,1,1,0,1,0
2020-07-05,Siskiyou,093,43540,46,30,0,30,0
2020-07-05,Solano,095,438530,2277,1547,8,1555,22
2020-07-05,Sonoma,097,501317,1840,1369,5,1374,8
2020-07-05,Stanislaus,099,539301,5295,3777,7,3784,45
2020-07-05,Sutter,101,95872,322,241,0,241,2
2020-07-05,Tehama,103,63373,120,95,2,97,1
2020-07-05,Trinity,105,12862,19,2,5,7,0
2020-07-05,Tulare,107,460477,6466,4981,12,4993,135
2020-07-05,Tuolumne,109,53932,67,30,3,33,0
2020-07-05,Ventura,111,848112,5201,3866,18,3884,44
2020-07-05,Yolo,113,214977,934,644,3,647,26
2020-07-05,Yuba,115,75493,137,115,0,115,1
2020-07-04,Alameda,001,1643700,8060,6737,10,6747,141
2020-07-04,Alpine,003,1148,1,1,0,1,0
2020-07-04,Amador,005,37829,36,31,0,31,0
2020-07-04,Butte,007,227075,378,224,11,235,2
2020-07-04,Calaveras,009,45235,69,45,0,45,0
2020-07-04,Colusa,011,21464,123,76,0,76,0
2020-07-04,Contra Costa,013,1133247,4888,3583,6,3589,80
2020-07-04,Del Norte,015,27424,60,50,0,50,0
2020-07-04,El Dorado,017,186661,365,211,3,214,0
2020-07-04,Fresno,019,978130,11671,5999,86,6085,82
2020-07-04,Glenn,021,27897,187,128,0,128,0
2020-07-04,Humboldt,023,135768,177,144,1,145,3
2020-07-04,Imperial,025,180216,8539,6441,4,6445,47
2020-07-04,Inyo,027,18085,35,32,1,33,1
2020-07-04,Kern,029,883053,11683,5231,38,5269,81
2020-07-04,Kings,031,150075,3019,2509,9,2518,31
2020-07-04,Lake,033,64148,115,86,0,86,1
2020-07-04,Lassen,035,31185,258,219,2,221,0
2020-07-04,Los Angeles,037,10098052,131753,107256,81,107337,3462
2020-07-04,Madera,039,155013,1222,568,3,571,4
2020-07-04,Marin,041,260295,3419,1962,4,1966,17
2020-07-04,Mariposa,043,17540,36,28,0,28,1
2020-07-04,Mendocino,045,87422,104,72,0,72,0
2020-07-04,Merced,047,269075,2249,1252,2,1254,10
2020-07-04,Modoc,049,8938,1,0,0,0,0
2020-07-04,Mono,051,14174,54,37,0,37,1
2020-07-04,Monterey,053,433212,2619,1878,7,1885,15
2020-07-04,Napa,055,140530,569,426,0,426,4
2020-07-04,Nevada,057,99092,183,125,5,130,1
2020-07-04,Orange,059,3164182,27093,19247,266,19513,372
2020-07-04,Placer,061,380077,1130,796,3,799,11
2020-07-04,Plumas,063,18699,16,11,0,11,0
2020-07-04,Riverside,065,2383286,27335,21508,28,21536,474
2020-07-04,Sacramento,067,1510023,5498,4039,6,4045,71
2020-07-04,San Benito,069,59416,335,255,0,255,2
2020-07-04,San Bernardino,071,2135413,22673,14636,14,14650,270
2020-07-04,San Diego,073,3302833,20172,16166,2,16168,387
2020-07-04,San Francisco,075,870044,4451,3861,1,3862,50
2020-07-04,San Joaquin,077,732212,6845,4807,4,4811,57
2020-07-04,San Luis Obispo,079,281455,1033,699,7,706,2
2020-07-04,San Mateo,081,765935,4013,3532,6,3538,106
2020-07-04,Santa Barbara,083,443738,4301,3520,33,3553,27
2020-07-04,Santa Clara,085,1922200,6684,5045,18,5063,161
2020-07-04,Santa Cruz,087,273765,572,466,0,466,2
2020-07-04,Shasta,089,179085,252,135,1,136,6
2020-07-04,Sierra,091,2930,1,1,0,1,0
2020-07-04,Siskiyou,093,43540,39,30,0,30,0
2020-07-04,Solano,095,438530,2241,1548,8,1556,22
2020-07-04,Sonoma,097,501317,1814,1370,5,1375,8
2020-07-04,Stanislaus,099,539301,5137,3572,7,3579,44
2020-07-04,Sutter,101,95872,303,225,0,225,2
2020-07-04,Tehama,103,63373,117,92,2,94,1
2020-07-04,Trinity,105,12862,19,2,5,7,0
2020-07-04,Tulare,107,460477,6354,4802,12,4814,135
2020-07-04,Tuolumne,109,53932,63,30,3,33,0
2020-07-04,Ventura,111,848112,5077,3687,18,3705,44
2020-07-04,Yolo,113,214977,909,615,3,618,26
2020-07-04,Yuba,115,75493,130,102,0,102,1
2020-07-03,Alameda,001,1643700,7939,6486,10,6496,141
2020-07-03,Alpine,003,1148,1,1,0,1,0
2020-07-03,Amador,005,37829,36,25,0,25,0
2020-07-03,Butte,007,227075,366,212,11,223,2
2020-07-03,Calaveras,009,45235,69,44,0,44,0
2020-07-03,Colusa,011,21464,117,70,0,70,0
2020-07-03,Contra Costa,013,1133247,4752,3447,6,3453,78
2020-07-03,Del Norte,015,27424,60,50,0,50,0
2020-07-03,El Dorado,017,186661,353,201,3,204,0
2020-07-03,Fresno,019,978130,11366,5783,84,5867,81
2020-07-03,Glenn,021,27897,182,122,0,122,0
2020-07-03,Humboldt,023,135768,173,143,1,144,3
2020-07-03,Imperial,025,180216,8491,6345,4,6349,47
2020-07-03,Inyo,027,18085,35,32,1,33,1
2020-07-03,Kern,029,883053,11421,5213,38,5251,81
2020-07-03,Kings,031,150075,2983,2492,9,2501,31
2020-07-03,Lake,033,64148,108,83,0,83,0
2020-07-03,Lassen,035,31185,258,219,2,221,0
2020-07-03,Los Angeles,037,10098052,130240,107236,77,107313,3461
2020-07-03,Madera,039,155013,1178,565,3,568,4
2020-07-03,Marin,041,260295,3390,1776,4,1780,17
2020-07-03,Mariposa,043,17540,36,28,0,28,1
2020-07-03,Mendocino,045,87422,103,72,0,72,0
2020-07-03,Merced,047,269075,2183,1188,2,1190,10
2020-07-03,Modoc,049,8938,1,0,0,0,0
2020-07-03,Mono,051,14174,54,37,0,37,1
2020-07-03,Monterey,053,433212,2549,1804,7,1811,15
2020-07-03,Napa,055,140530,551,388,0,388,4
2020-07-03,Nevada,057,99092,182,125,5,130,1
2020-07-03,Orange,059,3164182,26702,18819,258,19077,366
2020-07-03,Placer,061,380077,1103,745,3,748,11
2020-07-03,Plumas,063,18699,16,11,0,11,0
2020-07-03,Riverside,065,2383286,27029,21171,28,21199,472
2020-07-03,Sacramento,067,1510023,5364,3711,6,3717,71
2020-07-03,San Benito,069,59416,328,243,0,243,2
2020-07-03,San Bernardino,071,2135413,22285,14040,14,14054,269
2020-07-03,San Diego,073,3302833,19717,15698,2,15700,387
2020-07-03,San Francisco,075,870044,4405,3781,1,3782,50
2020-07-03,San Joaquin,077,732212,6707,4416,3,4419,56
2020-07-03,San Luis Obispo,079,281455,998,676,7,683,2
2020-07-03,San Mateo,081,765935,3956,3439,6,3445,106
2020-07-03,Santa Barbara,083,443738,4214,3406,32,3438,27
2020-07-03,Santa Clara,085,1922200,6572,4820,18,4838,161
2020-07-03,Santa Cruz,087,273765,558,436,0,436,2
2020-07-03,Shasta,089,179085,244,113,1,114,6
2020-07-03,Sierra,091,2930,1,1,0,1,0
2020-07-03,Siskiyou,093,43540,36,30,0,30,0
2020-07-03,Solano,095,438530,2197,1496,7,1503,22
2020-07-03,Sonoma,097,501317,1766,1282,5,1287,8
2020-07-03,Stanislaus,099,539301,5013,3021,7,3028,43
2020-07-03,Sutter,101,95872,293,205,0,205,2
2020-07-03,Tehama,103,63373,115,89,2,91,1
2020-07-03,Trinity,105,12862,19,2,5,7,0
2020-07-03,Tulare,107,460477,6239,4656,12,4668,134
2020-07-03,Tuolumne,109,53932,61,27,3,30,0
2020-07-03,Ventura,111,848112,4981,3536,18,3554,44
2020-07-03,Yolo,113,214977,875,586,3,589,25
2020-07-03,Yuba,115,75493,125,96,0,96,1
2020-07-02,Alameda,001,1643700,7813,6386,10,6396,139
2020-07-02,Alpine,003,1148,1,1,0,1,0
2020-07-02,Amador,005,37829,35,23,0,23,0
2020-07-02,Butte,007,227075,349,199,11,210,2
2020-07-02,Calaveras,009,45235,65,42,0,42,0
2020-07-02,Colusa,011,21464,109,60,0,60,0
2020-07-02,Contra Costa,013,1133247,4570,3347,6,3353,77
2020-07-02,Del Norte,015,27424,59,50,0,50,0
2020-07-02,El Dorado,017,186661,342,193,3,196,0
2020-07-02,Fresno,019,978130,10905,5402,83,5485,78
2020-07-02,Glenn,021,27897,176,114,0,114,0
2020-07-02,Humboldt,023,135768,169,138,1,139,3
2020-07-02,Imperial,025,180216,8390,6236,4,6240,47
2020-07-02,Inyo,027,18085,35,29,1,30,1
2020-07-02,Kern,029,883053,10886,5036,36,5072,78
2020-07-02,Kings,031,150075,2932,2419,9,2428,31
2020-07-02,Lake,033,64148,104,81,0,81,0
2020-07-02,Lassen,035,31185,256,218,2,220,0
2020-07-02,Los Angeles,037,10098052,128223,107144,54,107198,3458
2020-07-02,Madera,039,155013,1110,548,3,551,4
2020-07-02,Marin,041,260295,3304,1706,4,1710,17
2020-07-02,Mariposa,043,17540,35,28,0,28,1
2020-07-02,Mendocino,045,87422,99,71,0,71,0
2020-07-02,Merced,047,269075,2086,1122,2,1124,10
2020-07-02,Modoc,049,8938,1,0,0,0,0
2020-07-02,Mono,051,14174,54,37,0,37,1
2020-07-02,Monterey,053,433212,2489,1796,7,1803,15
2020-07-02,Napa,055,140530,534,352,0,352,4
2020-07-02,Nevada,057,99092,176,118,4,122,1
2020-07-02,Orange,059,3164182,25939,17056,245,17301,360
2020-07-02,Placer,061,380077,1079,740,3,743,11
2020-07-02,Plumas,063,18699,15,8,0,8,0
2020-07-02,Riverside,065,2383286,26456,20253,28,20281,458
2020-07-02,Sacramento,067,1510023,5137,3587,6,3593,70
2020-07-02,San Benito,069,59416,320,236,0,236,2
2020-07-02,San Bernardino,071,2135413,21747,13185,14,13199,260
2020-07-02,San Diego,073,3302833,19252,15208,2,15210,377
2020-07-02,San Francisco,075,870044,4310,3676,1,3677,50
2020-07-02,San Joaquin,077,732212,6360,4243,3,4246,56
2020-07-02,San Luis Obispo,079,281455,953,659,7,666,2
2020-07-02,San Mateo,081,765935,3876,3390,6,3396,107
2020-07-02,Santa Barbara,083,443738,4114,3385,30,3415,27
2020-07-02,Santa Clara,085,1922200,6445,4722,18,4740,160
2020-07-02,Santa Cruz,087,273765,535,414,0,414,2
2020-07-02,Shasta,089,179085,241,110,1,111,5
2020-07-02,Sierra,091,2930,1,1,0,1,0
2020-07-02,Siskiyou,093,43540,36,30,0,30,0
2020-07-02,Solano,095,438530,2114,1429,7,1436,21
2020-07-02,Sonoma,097,501317,1708,1244,5,1249,6
2020-07-02,Stanislaus,099,539301,4841,2850,7,2857,41
2020-07-02,Sutter,101,95872,282,195,0,195,2
2020-07-02,Tehama,103,63373,113,86,2,88,1
2020-07-02,Trinity,105,12862,19,2,5,7,0
2020-07-02,Tulare,107,460477,6072,4559,11,4570,132
2020-07-02,Tuolumne,109,53932,58,23,2,25,0
2020-07-02,Ventura,111,848112,4825,3394,18,3412,42
2020-07-02,Yolo,113,214977,843,554,3,557,24
2020-07-02,Yuba,115,75493,115,93,0,93,1
2020-07-01,Alameda,001,1643700,7595,6125,10,6135,137
2020-07-01,Alpine,003,1148,1,1,0,1,0
2020-07-01,Amador,005,37829,34,22,0,22,0
2020-07-01,Butte,007,227075,324,185,11,196,2
2020-07-01,Calaveras,009,45235,63,37,0,37,0
2020-07-01,Colusa,011,21464,103,53,0,53,0
2020-07-01,Contra Costa,013,1133247,4357,3259,6,3265,76
2020-07-01,Del Norte,015,27424,59,50,0,50,0
2020-07-01,El Dorado,017,186661,315,183,3,186,0
2020-07-01,Fresno,019,978130,10471,5111,80,5191,76
2020-07-01,Glenn,021,27897,170,110,0,110,0
2020-07-01,Humboldt,023,135768,164,134,0,134,3
2020-07-01,Imperial,025,180216,8293,6150,4,6154,46
2020-07-01,Inyo,027,18085,34,30,1,31,1
2020-07-01,Kern,029,883053,10252,4853,35,4888,78
2020-07-01,Kings,031,150075,2864,2360,9,2369,30
2020-07-01,Lake,033,64148,103,75,0,75,0
2020-07-01,Lassen,035,31185,255,217,2,219,0
2020-07-01,Los Angeles,037,10098052,125025,105325,45,105370,3408
2020-07-01,Madera,039,155013,1069,519,3,522,4
2020-07-01,Marin,041,260295,3147,1636,4,1640,17
2020-07-01,Mariposa,043,17540,35,29,0,29,1
2020-07-01,Mendocino,045,87422,95,70,0,70,0
2020-07-01,Merced,047,269075,1987,1052,2,1054,10
2020-07-01,Modoc,049,8938,1,0,0,0,0
2020-07-01,Mono,051,14174,51,37,0,37,1
2020-07-01,Monterey,053,433212,2381,1703,6,1709,15
2020-07-01,Napa,055,140530,511,347,0,347,4
2020-07-01,Nevada,057,99092,166,115,4,119,1
2020-07-01,Orange,059,3164182,25054,15662,224,15886,343
2020-07-01,Placer,061,380077,1032,713,3,716,11
2020-07-01,Plumas,063,18699,13,8,0,8,0
2020-07-01,Riverside,065,2383286,25613,19537,27,19564,457
2020-07-01,Sacramento,067,1510023,4882,3425,6,3431,64
2020-07-01,San Benito,069,59416,311,219,0,219,2
2020-07-01,San Bernardino,071,2135413,20853,12712,11,12723,253
2020-07-01,San Diego,073,3302833,18684,14624,2,14626,372
2020-07-01,San Francisco,075,870044,4217,3626,1,3627,50
2020-07-01,San Joaquin,077,732212,6002,3990,3,3993,54
2020-07-01,San Luis Obispo,079,281455,926,613,7,620,1
2020-07-01,San Mateo,081,765935,3814,3326,6,3332,84
2020-07-01,Santa Barbara,083,443738,3994,3268,29,3297,27
2020-07-01,Santa Clara,085,1922200,6259,4547,17,4564,159
2020-07-01,Santa Cruz,087,273765,511,398,0,398,2
2020-07-01,Shasta,089,179085,236,104,1,105,5
2020-07-01,Sierra,091,2930,1,1,0,1,0
2020-07-01,Siskiyou,093,43540,36,28,0,28,0
2020-07-01,Solano,095,438530,2022,1350,7,1357,21
2020-07-01,Sonoma,097,501317,1613,1178,5,1183,6
2020-07-01,Stanislaus,099,539301,4563,2619,7,2626,41
2020-07-01,Sutter,101,95872,269,188,0,188,2
2020-07-01,Tehama,103,63373,106,80,2,82,1
2020-07-01,Trinity,105,12862,19,2,4,6,0
2020-07-01,Tulare,107,460477,5894,4359,11,4370,128
2020-07-01,Tuolumne,109,53932,55,17,2,19,0
2020-07-01,Ventura,111,848112,4683,3224,16,3240,41
2020-07-01,Yolo,113,214977,792,526,3,529,24
2020-07-01,Yuba,115,75493,110,57,0,57,1
2020-06-30,Alameda,001,1643700,7348,5959,8,5967,137
2020-06-30,Alpine,003,1148,1,1,0,1,0
2020-06-30,Amador,005,37829,34,21,0,21,0
2020-06-30,Butte,007,227075,307,163,11,174,2
2020-06-30,Calaveras,009,45235,58,31,0,31,0
2020-06-30,Colusa,011,21464,94,33,0,33,0
2020-06-30,Contra Costa,013,1133247,4146,3140,6,3146,75
2020-06-30,Del Norte,015,27424,59,48,0,48,0
2020-06-30,El Dorado,017,186661,302,175,3,178,0
2020-06-30,Fresno,019,978130,10025,4826,75,4901,75
2020-06-30,Glenn,021,27897,165,96,0,96,0
2020-06-30,Humboldt,023,135768,160,132,0,132,3
2020-06-30,Imperial,025,180216,8194,5968,4,5972,45
2020-06-30,Inyo,027,18085,34,30,1,31,1
2020-06-30,Kern,029,883053,9605,4721,32,4753,75
2020-06-30,Kings,031,150075,2815,2315,6,2321,30
2020-06-30,Lake,033,64148,95,56,0,56,0
2020-06-30,Lassen,035,31185,248,215,2,217,0
2020-06-30,Los Angeles,037,10098052,121443,103640,42,103682,3378
2020-06-30,Madera,039,155013,1012,475,3,478,4
2020-06-30,Marin,041,260295,3076,1614,4,1618,17
2020-06-30,Mariposa,043,17540,34,27,0,27,1
2020-06-30,Mendocino,045,87422,90,65,0,65,0
2020-06-30,Merced,047,269075,1850,970,2,972,10
2020-06-30,Modoc,049,8938,1,0,0,0,0
2020-06-30,Mono,051,14174,49,36,0,36,1
2020-06-30,Monterey,053,433212,2284,1657,6,1663,15
2020-06-30,Napa,055,140530,486,342,0,342,4
2020-06-30,Nevada,057,99092,158,113,4,117,1
2020-06-30,Orange,059,3164182,24120,14354,214,14568,335
2020-06-30,Placer,061,380077,1005,667,3,670,11
2020-06-30,Plumas,063,18699,12,8,0,8,0
2020-06-30,Riverside,065,2383286,24895,18656,26,18682,449
2020-06-30,Sacramento,067,1510023,4593,3246,6,3252,64
2020-06-30,San Benito,069,59416,300,200,0,200,2
2020-06-30,San Bernardino,071,2135413,19872,12375,10,12385,249
2020-06-30,San Diego,073,3302833,17979,14150,2,14152,365
2020-06-30,San Francisco,075,870044,4112,3555,1,3556,50
2020-06-30,San Joaquin,077,732212,5628,3744,3,3747,52
2020-06-30,San Luis Obispo,079,281455,888,583,7,590,1
2020-06-30,San Mateo,081,765935,3736,3268,6,3274,84
2020-06-30,Santa Barbara,083,443738,3878,3102,29,3131,25
2020-06-30,Santa Clara,085,1922200,6056,4346,17,4363,157
2020-06-30,Santa Cruz,087,273765,485,379,0,379,2
2020-06-30,Shasta,089,179085,220,100,1,101,5
2020-06-30,Sierra,091,2930,1,1,0,1,0
2020-06-30,Siskiyou,093,43540,35,26,0,26,0
2020-06-30,Solano,095,438530,1930,1256,7,1263,21
2020-06-30,Sonoma,097,501317,1550,1122,5,1127,6
2020-06-30,Stanislaus,099,539301,4266,2578,7,2585,41
2020-06-30,Sutter,101,95872,246,168,0,168,2
2020-06-30,Tehama,103,63373,104,75,2,77,1
2020-06-30,Trinity,105,12862,19,2,4,6,0
2020-06-30,Tulare,107,460477,5685,4207,11,4218,117
2020-06-30,Tuolumne,109,53932,51,16,2,18,0
2020-06-30,Ventura,111,848112,4549,3030,16,3046,40
2020-06-30,Yolo,113,214977,754,515,3,518,24
2020-06-30,Yuba,115,75493,106,55,0,55,1
2020-06-29,Alameda,001,1643700,7140,5766,8,5774,135
2020-06-29,Alpine,003,1148,1,1,0,1,0
2020-06-29,Amador,005,37829,31,20,0,20,0
2020-06-29,Butte,007,227075,286,157,11,168,2
2020-06-29,Calaveras,009,45235,56,30,0,30,0
2020-06-29,Colusa,011,21464,89,17,0,17,0
2020-06-29,Contra Costa,013,1133247,3982,2976,5,2981,75
2020-06-29,Del Norte,015,27424,59,47,0,47,0
2020-06-29,El Dorado,017,186661,288,163,1,164,0
2020-06-29,Fresno,019,978130,9678,4531,73,4604,74
2020-06-29,Glenn,021,27897,156,77,0,77,0
2020-06-29,Humboldt,023,135768,159,128,0,128,3
2020-06-29,Imperial,025,180216,8063,5512,4,5516,45
2020-06-29,Inyo,027,18085,33,29,0,29,1
2020-06-29,Kern,029,883053,8942,4613,30,4643,73
2020-06-29,Kings,031,150075,2750,2280,6,2286,20
2020-06-29,Lake,033,64148,88,53,0,53,0
2020-06-29,Lassen,035,31185,240,77,2,79,0
2020-06-29,Los Angeles,037,10098052,118406,100846,36,100882,3337
2020-06-29,Madera,039,155013,955,422,3,425,4
2020-06-29,Marin,041,260295,3000,1517,4,1521,17
2020-06-29,Mariposa,043,17540,32,25,0,25,1
2020-06-29,Mendocino,045,87422,87,63,0,63,0
2020-06-29,Merced,047,269075,1744,848,2,850,10
2020-06-29,Modoc,049,8938,1,0,0,0,0
2020-06-29,Mono,051,14174,47,35,0,35,1
2020-06-29,Monterey,053,433212,2212,1614,6,1620,14
2020-06-29,Napa,055,140530,464,317,0,317,4
2020-06-29,Nevada,057,99092,155,107,3,110,1
2020-06-29,Orange,059,3164182,23129,13682,199,13881,324
2020-06-29,Placer,061,380077,969,628,3,631,11
2020-06-29,Plumas,063,18699,12,6,0,6,0
2020-06-29,Riverside,065,2383286,23861,17683,26,17709,432
2020-06-29,Sacramento,067,1510023,4306,2985,6,2991,62
2020-06-29,San Benito,069,59416,285,193,0,193,2
2020-06-29,San Bernardino,071,2135413,18909,11643,10,11653,245
2020-06-29,San Diego,073,3302833,17401,13834,2,13836,361
2020-06-29,San Francisco,075,870044,4035,3389,1,3390,50
2020-06-29,San Joaquin,077,732212,5270,3202,3,3205,52
2020-06-29,San Luis Obispo,079,281455,854,544,7,551,1
2020-06-29,San Mateo,081,765935,3682,3170,6,3176,84
2020-06-29,Santa Barbara,083,443738,3769,2933,28,2961,25
2020-06-29,Santa Clara,085,1922200,5886,4231,17,4248,157
2020-06-29,Santa Cruz,087,273765,467,348,0,348,2
2020-06-29,Shasta,089,179085,212,94,1,95,5
2020-06-29,Sierra,091,2930,1,1,0,1,0
2020-06-29,Siskiyou,093,43540,35,25,0,25,0
2020-06-29,Solano,095,438530,1827,1077,7,1084,21
2020-06-29,Sonoma,097,501317,1478,1103,5,1108,5
2020-06-29,Stanislaus,099,539301,4060,2400,6,2406,36
2020-06-29,Sutter,101,95872,224,152,0,152,2
2020-06-29,Tehama,103,63373,100,63,2,65,1
2020-06-29,Trinity,105,12862,18,2,4,6,0
2020-06-29,Tulare,107,460477,5531,3906,10,3916,117
2020-06-29,Tuolumne,109,53932,47,16,2,18,0
2020-06-29,Ventura,111,848112,4402,2794,16,2810,40
2020-06-29,Yolo,113,214977,721,483,3,486,24
2020-06-29,Yuba,115,75493,93,55,0,55,1
2020-06-28,Alameda,001,1643700,6879,5698,8,5706,135
2020-06-28,Alpine,003,1148,1,1,0,1,0
2020-06-28,Amador,005,37829,29,20,0,20,0
2020-06-28,Butte,007,227075,267,150,11,161,2
2020-06-28,Calaveras,009,45235,51,30,0,30,0
2020-06-28,Colusa,011,21464,74,17,0,17,0
2020-06-28,Contra Costa,013,1133247,3792,2803,4,2807,73
2020-06-28,Del Norte,015,27424,58,47,0,47,0
2020-06-28,El Dorado,017,186661,276,162,1,163,0
2020-06-28,Fresno,019,978130,9315,4365,73,4438,74
2020-06-28,Glenn,021,27897,148,77,0,77,0
2020-06-28,Humboldt,023,135768,156,127,0,127,3
2020-06-28,Imperial,025,180216,7874,5513,4,5517,45
2020-06-28,Inyo,027,18085,33,29,0,29,1
2020-06-28,Kern,029,883053,8391,4541,27,4568,72
2020-06-28,Kings,031,150075,2690,2234,6,2240,18
2020-06-28,Lake,033,64148,84,53,0,53,0
2020-06-28,Lassen,035,31185,240,77,2,79,0
2020-06-28,Los Angeles,037,10098052,115203,98003,32,98035,3316
2020-06-28,Madera,039,155013,907,424,3,427,4
2020-06-28,Marin,041,260295,2654,1473,4,1477,17
2020-06-28,Mariposa,043,17540,32,24,0,24,1
2020-06-28,Mendocino,045,87422,85,63,0,63,0
2020-06-28,Merced,047,269075,1631,814,2,816,10
2020-06-28,Modoc,049,8938,1,0,0,0,0
2020-06-28,Mono,051,14174,47,35,0,35,1
2020-06-28,Monterey,053,433212,2130,1560,6,1566,13
2020-06-28,Napa,055,140530,430,307,0,307,4
2020-06-28,Nevada,057,99092,144,102,3,105,1
2020-06-28,Orange,059,3164182,22155,13213,181,13394,324
2020-06-28,Placer,061,380077,930,618,3,621,11
2020-06-28,Plumas,063,18699,11,6,0,6,0
2020-06-28,Riverside,065,2383286,23033,16848,25,16873,432
2020-06-28,Sacramento,067,1510023,4078,2803,6,2809,63
2020-06-28,San Benito,069,59416,274,190,0,190,2
2020-06-28,San Bernardino,071,2135413,18156,11344,9,11353,245
2020-06-28,San Diego,073,3302833,16856,13333,2,13335,361
2020-06-28,San Francisco,075,870044,3957,3388,1,3389,50
2020-06-28,San Joaquin,077,732212,4933,3201,3,3204,52
2020-06-28,San Luis Obispo,079,281455,815,531,6,537,1
2020-06-28,San Mateo,081,765935,3605,3124,5,3129,84
2020-06-28,Santa Barbara,083,443738,3624,2872,28,2900,25
2020-06-28,Santa Clara,085,1922200,5724,4131,17,4148,156
2020-06-28,Santa Cruz,087,273765,444,349,0,349,2
2020-06-28,Shasta,089,179085,199,89,0,89,5
2020-06-28,Sierra,091,2930,1,1,0,1,0
2020-06-28,Siskiyou,093,43540,35,25,0,25,0
2020-06-28,Solano,095,438530,1752,1077,7,1084,21
2020-06-28,Sonoma,097,501317,1424,1084,5,1089,5
2020-06-28,Stanislaus,099,539301,3854,2376,6,2382,36
2020-06-28,Sutter,101,95872,198,145,0,145,2
2020-06-28,Tehama,103,63373,93,63,2,65,1
2020-06-28,Trinity,105,12862,17,2,4,6,0
2020-06-28,Tulare,107,460477,5363,3812,10,3822,117
2020-06-28,Tuolumne,109,53932,42,14,2,16,0
2020-06-28,Ventura,111,848112,4244,2650,16,2666,40
2020-06-28,Yolo,113,214977,686,468,3,471,24
2020-06-28,Yuba,115,75493,89,39,0,39,1
2020-06-27,Alameda,001,1643700,6783,5581,8,5589,135
2020-06-27,Alpine,003,1148,1,1,0,1,0
2020-06-27,Amador,005,37829,27,20,0,20,0
2020-06-27,Butte,007,227075,259,137,11,148,2
2020-06-27,Calaveras,009,45235,49,30,0,30,0
2020-06-27,Colusa,011,21464,68,17,0,17,0
2020-06-27,Contra Costa,013,1133247,3698,2717,3,2720,72
2020-06-27,Del Norte,015,27424,58,47,0,47,0
2020-06-27,El Dorado,017,186661,270,159,1,160,0
2020-06-27,Fresno,019,978130,9069,4238,73,4311,74
2020-06-27,Glenn,021,27897,144,77,0,77,0
2020-06-27,Humboldt,023,135768,154,127,0,127,3
2020-06-27,Imperial,025,180216,7813,5513,4,5517,45
2020-06-27,Inyo,027,18085,33,29,0,29,1
2020-06-27,Kern,029,883053,8128,4411,26,4437,70
2020-06-27,Kings,031,150075,2664,2187,6,2193,18
2020-06-27,Lake,033,64148,81,42,0,42,0
2020-06-27,Lassen,035,31185,240,33,2,35,0
2020-06-27,Los Angeles,037,10098052,113462,95341,29,95370,3291
2020-06-27,Madera,039,155013,864,427,2,429,4
2020-06-27,Marin,041,260295,2609,1423,4,1427,17
2020-06-27,Mariposa,043,17540,31,22,0,22,1
2020-06-27,Mendocino,045,87422,85,63,0,63,0
2020-06-27,Merced,047,269075,1573,807,1,808,10
2020-06-27,Modoc,049,8938,1,0,0,0,0
2020-06-27,Mono,051,14174,46,35,0,35,1
2020-06-27,Monterey,053,433212,2066,1455,6,1461,12
2020-06-27,Napa,055,140530,420,282,0,282,3
2020-06-27,Nevada,057,99092,140,102,2,104,1
2020-06-27,Orange,059,3164182,21644,12951,176,13127,320
2020-06-27,Placer,061,380077,909,584,3,587,10
2020-06-27,Plumas,063,18699,11,6,0,6,0
2020-06-27,Riverside,065,2383286,22644,16209,25,16234,432
2020-06-27,Sacramento,067,1510023,3961,2685,6,2691,63
2020-06-27,San Benito,069,59416,267,182,0,182,2
2020-06-27,San Bernardino,071,2135413,17780,11238,9,11247,243
2020-06-27,San Diego,073,3302833,16491,12836,2,12838,360
2020-06-27,San Francisco,075,870044,3902,3332,1,3333,49
2020-06-27,San Joaquin,077,732212,4767,2995,3,2998,52
2020-06-27,San Luis Obispo,079,281455,792,505,6,511,1
2020-06-27,San Mateo,081,765935,3548,3083,5,3088,83
2020-06-27,Santa Barbara,083,443738,3552,2799,28,2827,25
2020-06-27,Santa Clara,085,1922200,5618,4006,17,4023,157
2020-06-27,Santa Cruz,087,273765,437,347,0,347,2
2020-06-27,Shasta,089,179085,193,87,0,87,5
2020-06-27,Sierra,091,2930,1,1,0,1,0
2020-06-27,Siskiyou,093,43540,35,25,0,25,0
2020-06-27,Solano,095,438530,1719,1076,7,1083,21
2020-06-27,Sonoma,097,501317,1391,1004,5,1009,5
2020-06-27,Stanislaus,099,539301,3754,2164,6,2170,36
2020-06-27,Sutter,101,95872,191,141,0,141,2
2020-06-27,Tehama,103,63373,90,63,2,65,1
2020-06-27,Trinity,105,12862,17,2,4,6,0
2020-06-27,Tulare,107,460477,5266,3810,10,3820,117
2020-06-27,Tuolumne,109,53932,41,13,2,15,0
2020-06-27,Ventura,111,848112,4144,2471,16,2487,40
2020-06-27,Yolo,113,214977,662,432,3,435,24
2020-06-27,Yuba,115,75493,81,39,0,39,1
2020-06-26,Alameda,001,1643700,6697,5502,7,5509,132
2020-06-26,Alpine,003,1148,1,1,0,1,0
2020-06-26,Amador,005,37829,26,20,0,20,0
2020-06-26,Butte,007,227075,244,135,11,146,2
2020-06-26,Calaveras,009,45235,47,30,0,30,0
2020-06-26,Colusa,011,21464,63,17,0,17,0
2020-06-26,Contra Costa,013,1133247,3585,2676,3,2679,72
2020-06-26,Del Norte,015,27424,57,47,0,47,0
2020-06-26,El Dorado,017,186661,262,159,1,160,0
2020-06-26,Fresno,019,978130,8843,4166,73,4239,74
2020-06-26,Glenn,021,27897,137,71,0,71,0
2020-06-26,Humboldt,023,135768,152,126,0,126,3
2020-06-26,Imperial,025,180216,7750,5400,4,5404,44
2020-06-26,Inyo,027,18085,32,29,0,29,1
2020-06-26,Kern,029,883053,7798,4366,26,4392,70
2020-06-26,Kings,031,150075,2632,2176,5,2181,18
2020-06-26,Lake,033,64148,80,42,0,42,0
2020-06-26,Lassen,035,31185,239,30,2,32,0
2020-06-26,Los Angeles,037,10098052,111297,93328,29,93357,3275
2020-06-26,Madera,039,155013,832,409,2,411,4
2020-06-26,Marin,041,260295,2572,1406,4,1410,17
2020-06-26,Mariposa,043,17540,30,21,0,21,1
2020-06-26,Mendocino,045,87422,82,63,0,63,0
2020-06-26,Merced,047,269075,1527,797,1,798,10
2020-06-26,Modoc,049,8938,1,0,0,0,0
2020-06-26,Mono,051,14174,45,35,0,35,1
2020-06-26,Monterey,053,433212,2014,1449,6,1455,12
2020-06-26,Napa,055,140530,410,277,0,277,3
2020-06-26,Nevada,057,99092,136,101,1,102,1
2020-06-26,Orange,059,3164182,20968,12659,173,12832,320
2020-06-26,Placer,061,380077,880,584,3,587,10
2020-06-26,Plumas,063,18699,11,6,0,6,0
2020-06-26,Riverside,065,2383286,22181,15858,25,15883,430
2020-06-26,Sacramento,067,1510023,3796,2687,6,2693,63
2020-06-26,San Benito,069,59416,263,176,0,176,2
2020-06-26,San Bernardino,071,2135413,17402,11111,9,11120,243
2020-06-26,San Diego,073,3302833,16126,12402,2,12404,358
2020-06-26,San Francisco,075,870044,3847,3330,1,3331,49
2020-06-26,San Joaquin,077,732212,4553,2943,3,2946,52
2020-06-26,San Luis Obispo,079,281455,777,498,6,504,1
2020-06-26,San Mateo,081,765935,3496,3055,5,3060,83
2020-06-26,Santa Barbara,083,443738,3462,2784,26,2810,25
2020-06-26,Santa Clara,085,1922200,5518,3968,17,3985,156
2020-06-26,Santa Cruz,087,273765,430,344,0,344,2
2020-06-26,Shasta,089,179085,186,86,0,86,5
2020-06-26,Sierra,091,2930,1,1,0,1,0
2020-06-26,Siskiyou,093,43540,34,24,0,24,0
2020-06-26,Solano,095,438530,1677,1068,7,1075,21
2020-06-26,Sonoma,097,501317,1360,977,5,982,5
2020-06-26,Stanislaus,099,539301,3641,2157,6,2163,36
2020-06-26,Sutter,101,95872,184,138,0,138,2
2020-06-26,Tehama,103,63373,87,63,2,65,1
2020-06-26,Trinity,105,12862,17,2,4,6,0
2020-06-26,Tulare,107,460477,5177,3720,10,3730,117
2020-06-26,Tuolumne,109,53932,39,10,2,12,0
2020-06-26,Ventura,111,848112,4058,2444,16,2460,40
2020-06-26,Yolo,113,214977,639,418,3,421,24
2020-06-26,Yuba,115,75493,75,38,0,38,1
2020-06-25,Alameda,001,1643700,6508,5398,7,5405,130
2020-06-25,Alpine,003,1148,1,1,0,1,0
2020-06-25,Amador,005,37829,25,18,0,18,0
2020-06-25,Butte,007,227075,239,127,11,138,1
2020-06-25,Calaveras,009,45235,42,26,0,26,0
2020-06-25,Colusa,011,21464,53,14,0,14,0
2020-06-25,Contra Costa,013,1133247,3400,2591,3,2594,71
2020-06-25,Del Norte,015,27424,55,47,0,47,0
2020-06-25,El Dorado,017,186661,254,150,1,151,0
2020-06-25,Fresno,019,978130,8530,3938,72,4010,71
2020-06-25,Glenn,021,27897,132,59,0,59,0
2020-06-25,Humboldt,023,135768,151,121,0,121,3
2020-06-25,Imperial,025,180216,7621,5192,4,5196,44
2020-06-25,Inyo,027,18085,29,27,0,27,1
2020-06-25,Kern,029,883053,7374,4236,23,4259,69
2020-06-25,Kings,031,150075,2580,2110,5,2115,17
2020-06-25,Lake,033,64148,79,42,0,42,0
2020-06-25,Lassen,035,31185,233,13,2,15,0
2020-06-25,Los Angeles,037,10098052,108529,91524,29,91553,3239
2020-06-25,Madera,039,155013,788,380,2,382,4
2020-06-25,Marin,041,260295,2470,1321,4,1325,17
2020-06-25,Mariposa,043,17540,29,20,0,20,1
2020-06-25,Mendocino,045,87422,79,61,0,61,0
2020-06-25,Merced,047,269075,1440,747,1,748,10
2020-06-25,Modoc,049,8938,1,0,0,0,0
2020-06-25,Mono,051,14174,44,35,0,35,1
2020-06-25,Monterey,053,433212,1926,1426,5,1431,12
2020-06-25,Napa,055,140530,392,260,0,260,3
2020-06-25,Nevada,057,99092,128,92,1,93,1
2020-06-25,Orange,059,3164182,20045,12221,171,12392,311
2020-06-25,Placer,061,380077,826,574,3,577,10
2020-06-25,Plumas,063,18699,10,6,0,6,0
2020-06-25,Riverside,065,2383286,21426,15224,25,15249,427
2020-06-25,Sacramento,067,1510023,3573,2519,6,2525,62
2020-06-25,San Benito,069,59416,255,174,0,174,2
2020-06-25,San Bernardino,071,2135413,16651,10590,9,10599,242
2020-06-25,San Diego,073,3302833,15587,11963,2,11965,352
2020-06-25,San Francisco,075,870044,3781,3252,1,3253,48
2020-06-25,San Joaquin,077,732212,4281,2803,3,2806,50
2020-06-25,San Luis Obispo,079,281455,745,473,6,479,1
2020-06-25,San Mateo,081,765935,3428,2996,4,3000,82
2020-06-25,Santa Barbara,083,443738,3357,2622,25,2647,25
2020-06-25,Santa Clara,085,1922200,5368,3871,17,3888,156
2020-06-25,Santa Cruz,087,273765,418,335,0,335,2
2020-06-25,Shasta,089,179085,176,84,0,84,5
2020-06-25,Sierra,091,2930,1,1,0,1,0
2020-06-25,Siskiyou,093,43540,33,24,0,24,0
2020-06-25,Solano,095,438530,1624,1034,7,1041,21
2020-06-25,Sonoma,097,501317,1311,953,4,957,5
2020-06-25,Stanislaus,099,539301,3429,2130,6,2136,36
2020-06-25,Sutter,101,95872,172,126,0,126,2
2020-06-25,Tehama,103,63373,83,59,2,61,1
2020-06-25,Trinity,105,12862,17,2,4,6,0
2020-06-25,Tulare,107,460477,5046,3656,10,3666,117
2020-06-25,Tuolumne,109,53932,38,10,1,11,0
2020-06-25,Ventura,111,848112,3876,2346,15,2361,40
2020-06-25,Yolo,113,214977,610,397,3,400,24
2020-06-25,Yuba,115,75493,64,38,0,38,1
2020-06-24,Alameda,001,1643700,6346,5242,7,5249,123
2020-06-24,Alpine,003,1148,1,1,0,1,0
2020-06-24,Amador,005,37829,23,16,0,16,0
2020-06-24,Butte,007,227075,223,119,10,129,1
2020-06-24,Calaveras,009,45235,40,26,0,26,0
2020-06-24,Colusa,011,21464,44,11,0,11,0
2020-06-24,Contra Costa,013,1133247,3244,2520,3,2523,66
2020-06-24,Del Norte,015,27424,49,47,0,47,0
2020-06-24,El Dorado,017,186661,238,149,1,150,0
2020-06-24,Fresno,019,978130,8199,3765,72,3837,71
2020-06-24,Glenn,021,27897,124,54,0,54,0
2020-06-24,Humboldt,023,135768,151,117,0,117,3
2020-06-24,Imperial,025,180216,7503,5138,4,5142,38
2020-06-24,Inyo,027,18085,29,28,0,28,1
2020-06-24,Kern,029,883053,6981,4155,21,4176,67
2020-06-24,Kings,031,150075,2516,2063,5,2068,16
2020-06-24,Lake,033,64148,66,40,0,40,0
2020-06-24,Lassen,035,31185,232,9,2,11,0
2020-06-24,Los Angeles,037,10098052,105768,89566,29,89595,3186
2020-06-24,Madera,039,155013,766,373,2,375,4
2020-06-24,Marin,041,260295,2242,1261,4,1265,17
2020-06-24,Mariposa,043,17540,28,19,0,19,1
2020-06-24,Mendocino,045,87422,79,60,0,60,0
2020-06-24,Merced,047,269075,1354,696,1,697,8
2020-06-24,Modoc,049,8938,1,0,0,0,0
2020-06-24,Mono,051,14174,42,35,0,35,1
2020-06-24,Monterey,053,433212,1850,1407,5,1412,12
2020-06-24,Napa,055,140530,375,258,0,258,3
2020-06-24,Nevada,057,99092,122,92,1,93,1
2020-06-24,Orange,059,3164182,19048,11804,153,11957,303
2020-06-24,Placer,061,380077,787,548,3,551,10
2020-06-24,Plumas,063,18699,10,6,0,6,0
2020-06-24,Riverside,065,2383286,20578,14946,25,14971,410
2020-06-24,Sacramento,067,1510023,3369,2446,5,2451,62
2020-06-24,San Benito,069,59416,251,171,0,171,2
2020-06-24,San Bernardino,071,2135413,15836,10211,9,10220,239
2020-06-24,San Diego,073,3302833,15084,11628,2,11630,347
2020-06-24,San Francisco,075,870044,3718,3216,1,3217,48
2020-06-24,San Joaquin,077,732212,4060,2680,3,2683,49
2020-06-24,San Luis Obispo,079,281455,714,461,5,466,1
2020-06-24,San Mateo,081,765935,3371,2964,4,2968,82
2020-06-24,Santa Barbara,083,443738,3238,2569,23,2592,22
2020-06-24,Santa Clara,085,1922200,5237,3812,17,3829,155
2020-06-24,Santa Cruz,087,273765,406,329,0,329,2
2020-06-24,Shasta,089,179085,168,83,0,83,5
2020-06-24,Sierra,091,2930,1,1,0,1,0
2020-06-24,Siskiyou,093,43540,32,24,0,24,0
2020-06-24,Solano,095,438530,1535,979,6,985,21
2020-06-24,Sonoma,097,501317,1262,933,4,937,4
2020-06-24,Stanislaus,099,539301,3250,2039,6,2045,36
2020-06-24,Sutter,101,95872,159,118,0,118,2
2020-06-24,Tehama,103,63373,81,55,2,57,1
2020-06-24,Trinity,105,12862,16,2,3,5,0
2020-06-24,Tulare,107,460477,4891,3541,10,3551,116
2020-06-24,Tuolumne,109,53932,33,9,1,10,0
2020-06-24,Ventura,111,848112,3535,2314,15,2329,42
2020-06-24,Yolo,113,214977,575,376,3,379,24
2020-06-24,Yuba,115,75493,58,37,0,37,1
2020-06-23,Alameda,001,1643700,6166,5159,7,5166,121
2020-06-23,Alpine,003,1148,1,1,0,1,0
2020-06-23,Amador,005,37829,22,13,0,13,0
2020-06-23,Butte,007,227075,205,111,10,121,1
2020-06-23,Calaveras,009,45235,40,26,0,26,0
2020-06-23,Colusa,011,21464,40,7,0,7,0
2020-06-23,Contra Costa,013,1133247,3117,2453,3,2456,60
2020-06-23,Del Norte,015,27424,48,46,0,46,0
2020-06-23,El Dorado,017,186661,229,142,1,143,0
2020-06-23,Fresno,019,978130,7547,3569,70,3639,67
2020-06-23,Glenn,021,27897,120,47,0,47,0
2020-06-23,Humboldt,023,135768,151,110,0,110,3
2020-06-23,Imperial,025,180216,7340,5025,4,5029,38
2020-06-23,Inyo,027,18085,29,26,0,26,1
2020-06-23,Kern,029,883053,6614,4087,18,4105,64
2020-06-23,Kings,031,150075,2451,1727,5,1732,16
2020-06-23,Lake,033,64148,60,40,0,40,0
2020-06-23,Lassen,035,31185,228,9,2,11,0
2020-06-23,Los Angeles,037,10098052,102822,88433,28,88461,3152
2020-06-23,Madera,039,155013,727,369,2,371,4
2020-06-23,Marin,041,260295,1974,1139,4,1143,17
2020-06-23,Mariposa,043,17540,26,18,0,18,1
2020-06-23,Mendocino,045,87422,78,61,0,61,0
2020-06-23,Merced,047,269075,1256,656,1,657,8
2020-06-23,Modoc,049,8938,1,0,0,0,0
2020-06-23,Mono,051,14174,42,35,0,35,1
2020-06-23,Monterey,053,433212,1780,1346,5,1351,12
2020-06-23,Napa,055,140530,360,230,0,230,3
2020-06-23,Nevada,057,99092,116,81,1,82,1
2020-06-23,Orange,059,3164182,18076,11071,150,11221,278
2020-06-23,Placer,061,380077,761,525,3,528,10
2020-06-23,Plumas,063,18699,9,6,0,6,0
2020-06-23,Riverside,065,2383286,19559,14469,25,14494,406
2020-06-23,Sacramento,067,1510023,3190,2374,5,2379,62
2020-06-23,San Benito,069,59416,237,167,0,167,2
2020-06-23,San Bernardino,071,2135413,15054,9771,9,9780,229
2020-06-23,San Diego,073,3302833,14564,11296,2,11298,341
2020-06-23,San Francisco,075,870044,3645,3177,1,3178,48
2020-06-23,San Joaquin,077,732212,3801,2502,3,2505,48
2020-06-23,San Luis Obispo,079,281455,683,445,5,450,1
2020-06-23,San Mateo,081,765935,3306,2907,4,2911,81
2020-06-23,Santa Barbara,083,443738,3143,2498,23,2521,22
2020-06-23,Santa Clara,085,1922200,5092,3700,17,3717,155
2020-06-23,Santa Cruz,087,273765,396,313,0,313,2
2020-06-23,Shasta,089,179085,159,81,0,81,5
2020-06-23,Sierra,091,2930,1,1,0,1,0
2020-06-23,Siskiyou,093,43540,30,24,0,24,0
2020-06-23,Solano,095,438530,1478,941,5,946,21
2020-06-23,Sonoma,097,501317,1209,912,4,916,4
2020-06-23,Stanislaus,099,539301,3073,1850,6,1856,35
2020-06-23,Sutter,101,95872,149,112,0,112,2
2020-06-23,Tehama,103,63373,79,50,2,52,1
2020-06-23,Trinity,105,12862,16,2,3,5,0
2020-06-23,Tulare,107,460477,4769,3456,10,3466,111
2020-06-23,Tuolumne,109,53932,28,9,0,9,0
2020-06-23,Ventura,111,848112,3375,2209,14,2223,40
2020-06-23,Yolo,113,214977,549,350,0,350,24
2020-06-23,Yuba,115,75493,55,35,0,35,1
2020-06-22,Alameda,001,1643700,6016,4944,7,4951,121
2020-06-22,Alpine,003,1148,1,1,0,1,0
2020-06-22,Amador,005,37829,19,12,0,12,0
2020-06-22,Butte,007,227075,186,104,10,114,1
2020-06-22,Calaveras,009,45235,38,20,0,20,0
2020-06-22,Colusa,011,21464,37,7,0,7,0
2020-06-22,Contra Costa,013,1133247,2975,2363,3,2366,60
2020-06-22,Del Norte,015,27424,48,46,0,46,0
2020-06-22,El Dorado,017,186661,220,137,1,138,0
2020-06-22,Fresno,019,978130,7015,3425,70,3495,67
2020-06-22,Glenn,021,27897,111,40,0,40,0
2020-06-22,Humboldt,023,135768,148,110,0,110,3
2020-06-22,Imperial,025,180216,7183,4700,4,4704,38
2020-06-22,Inyo,027,18085,29,26,0,26,1
2020-06-22,Kern,029,883053,6262,3982,16,3998,60
2020-06-22,Kings,031,150075,2402,1513,5,1518,13
2020-06-22,Lake,033,64148,54,37,0,37,0
2020-06-22,Lassen,035,31185,118,7,2,9,0
2020-06-22,Los Angeles,037,10098052,99920,85925,27,85952,3117
2020-06-22,Madera,039,155013,702,333,2,335,4
2020-06-22,Marin,041,260295,1717,1029,4,1033,17
2020-06-22,Mariposa,043,17540,25,18,0,18,1
2020-06-22,Mendocino,045,87422,73,48,0,48,0
2020-06-22,Merced,047,269075,1167,619,1,620,8
2020-06-22,Modoc,049,8938,1,0,0,0,0
2020-06-22,Mono,051,14174,42,34,0,34,1
2020-06-22,Monterey,053,433212,1719,1293,5,1298,12
2020-06-22,Napa,055,140530,336,222,0,222,3
2020-06-22,Nevada,057,99092,111,79,1,80,1
2020-06-22,Orange,059,3164182,17143,10711,147,10858,275
2020-06-22,Placer,061,380077,735,512,3,515,9
2020-06-22,Plumas,063,18699,7,6,0,6,0
2020-06-22,Riverside,065,2383286,18587,13948,25,13973,403
2020-06-22,Sacramento,067,1510023,2974,2243,5,2248,62
2020-06-22,San Benito,069,59416,228,164,0,164,2
2020-06-22,San Bernardino,071,2135413,14281,9133,9,9142,229
2020-06-22,San Diego,073,3302833,14072,11098,2,11100,338
2020-06-22,San Francisco,075,870044,3552,3000,1,3001,47
2020-06-22,San Joaquin,077,732212,3553,2332,3,2335,48
2020-06-22,San Luis Obispo,079,281455,650,422,5,427,1
2020-06-22,San Mateo,081,765935,3233,2813,3,2816,81
2020-06-22,Santa Barbara,083,443738,3051,2447,23,2470,21
2020-06-22,Santa Clara,085,1922200,4929,3580,17,3597,155
2020-06-22,Santa Cruz,087,273765,383,290,0,290,3
2020-06-22,Shasta,089,179085,156,77,0,77,5
2020-06-22,Sierra,091,2930,1,1,0,1,0
2020-06-22,Siskiyou,093,43540,30,23,0,23,0
2020-06-22,Solano,095,438530,1400,784,4,788,21
2020-06-22,Sonoma,097,501317,1165,860,2,862,4
2020-06-22,Stanislaus,099,539301,2888,1784,6,1790,35
2020-06-22,Sutter,101,95872,140,100,0,100,2
2020-06-22,Tehama,103,63373,75,38,2,40,1
2020-06-22,Trinity,105,12862,16,2,3,5,0
2020-06-22,Tulare,107,460477,4632,3185,10,3195,111
2020-06-22,Tuolumne,109,53932,19,8,0,8,0
2020-06-22,Ventura,111,848112,3227,2065,14,2079,39
2020-06-22,Yolo,113,214977,523,333,0,333,24
2020-06-22,Yuba,115,75493,50,36,0,36,1
2020-06-21,Alameda,001,1643700,5821,4835,7,4842,121
2020-06-21,Alpine,003,1148,1,1,0,1,0
2020-06-21,Amador,005,37829,14,12,0,12,0
2020-06-21,Butte,007,227075,172,97,10,107,1
2020-06-21,Calaveras,009,45235,38,20,0,20,0
2020-06-21,Colusa,011,21464,29,7,0,7,0
2020-06-21,Contra Costa,013,1133247,2848,2282,3,2285,60
2020-06-21,Del Norte,015,27424,47,46,0,46,0
2020-06-21,El Dorado,017,186661,211,132,1,133,0
2020-06-21,Fresno,019,978130,6445,3296,68,3364,67
2020-06-21,Glenn,021,27897,102,40,0,40,0
2020-06-21,Humboldt,023,135768,143,108,0,108,3
2020-06-21,Imperial,025,180216,7000,4701,4,4705,38
2020-06-21,Inyo,027,18085,27,26,0,26,1
2020-06-21,Kern,029,883053,5970,3918,14,3932,60
2020-06-21,Kings,031,150075,2338,1334,5,1339,11
2020-06-21,Lake,033,64148,49,36,0,36,0
2020-06-21,Lassen,035,31185,25,7,2,9,0
2020-06-21,Los Angeles,037,10098052,97029,83383,26,83409,3101
2020-06-21,Madera,039,155013,668,319,2,321,4
2020-06-21,Marin,041,260295,1560,907,4,911,17
2020-06-21,Mariposa,043,17540,22,18,0,18,1
2020-06-21,Mendocino,045,87422,70,48,0,48,0
2020-06-21,Merced,047,269075,1072,577,1,578,8
2020-06-21,Modoc,049,8938,1,0,0,0,0
2020-06-21,Mono,051,14174,42,34,0,34,1
2020-06-21,Monterey,053,433212,1646,1227,5,1232,12
2020-06-21,Napa,055,140530,321,218,0,218,3
2020-06-21,Nevada,057,99092,108,79,1,80,1
2020-06-21,Orange,059,3164182,16310,10563,144,10707,275
2020-06-21,Placer,061,380077,695,498,3,501,9
2020-06-21,Plumas,063,18699,7,6,0,6,0
2020-06-21,Riverside,065,2383286,17880,13528,24,13552,402
2020-06-21,Sacramento,067,1510023,2773,2156,4,2160,62
2020-06-21,San Benito,069,59416,214,151,0,151,2
2020-06-21,San Bernardino,071,2135413,13506,8925,8,8933,229
2020-06-21,San Diego,073,3302833,13526,10796,2,10798,338
2020-06-21,San Francisco,075,870044,3446,3000,1,3001,47
2020-06-21,San Joaquin,077,732212,3317,2188,3,2191,48
2020-06-21,San Luis Obispo,079,281455,624,418,5,423,1
2020-06-21,San Mateo,081,765935,3175,2781,3,2784,81
2020-06-21,Santa Barbara,083,443738,2944,2430,22,2452,21
2020-06-21,Santa Clara,085,1922200,4792,3514,17,3531,154
2020-06-21,Santa Cruz,087,273765,373,290,0,290,3
2020-06-21,Shasta,089,179085,146,75,0,75,5
2020-06-21,Sierra,091,2930,1,1,0,1,0
2020-06-21,Siskiyou,093,43540,30,23,0,23,0
2020-06-21,Solano,095,438530,1300,783,4,787,21
2020-06-21,Sonoma,097,501317,1115,836,2,838,4
2020-06-21,Stanislaus,099,539301,2702,1688,6,1694,35
2020-06-21,Sutter,101,95872,132,96,0,96,2
2020-06-21,Tehama,103,63373,64,35,2,37,1
2020-06-21,Trinity,105,12862,15,2,3,5,0
2020-06-21,Tulare,107,460477,4463,3173,10,3183,111
2020-06-21,Tuolumne,109,53932,17,8,0,8,0
2020-06-21,Ventura,111,848112,3049,2021,14,2035,39
2020-06-21,Yolo,113,214977,491,323,0,323,24
2020-06-21,Yuba,115,75493,46,35,0,35,1
2020-06-20,Alameda,001,1643700,5759,4758,7,4765,119
2020-06-20,Alpine,003,1148,1,1,0,1,0
2020-06-20,Amador,005,37829,14,12,0,12,0
2020-06-20,Butte,007,227075,165,94,10,104,1
2020-06-20,Calaveras,009,45235,38,20,0,20,0
2020-06-20,Colusa,011,21464,26,7,0,7,0
2020-06-20,Contra Costa,013,1133247,2789,2231,3,2234,54
2020-06-20,Del Norte,015,27424,47,46,0,46,0
2020-06-20,El Dorado,017,186661,206,130,1,131,0
2020-06-20,Fresno,019,978130,6319,3222,65,3287,67
2020-06-20,Glenn,021,27897,97,40,0,40,0
2020-06-20,Humboldt,023,135768,143,108,0,108,3
2020-06-20,Imperial,025,180216,6919,4616,4,4620,37
2020-06-20,Inyo,027,18085,27,26,0,26,1
2020-06-20,Kern,029,883053,5805,3836,14,3850,59
2020-06-20,Kings,031,150075,2314,1331,5,1336,9
2020-06-20,Lake,033,64148,49,37,0,37,0
2020-06-20,Lassen,035,31185,24,7,2,9,0
2020-06-20,Los Angeles,037,10098052,95455,81604,25,81629,3093
2020-06-20,Madera,039,155013,635,321,2,323,4
2020-06-20,Marin,041,260295,1540,879,4,883,17
2020-06-20,Mariposa,043,17540,22,18,0,18,1
2020-06-20,Mendocino,045,87422,69,48,0,48,0
2020-06-20,Merced,047,269075,1032,566,1,567,8
2020-06-20,Modoc,049,8938,1,0,0,0,0
2020-06-20,Mono,051,14174,42,34,0,34,1
2020-06-20,Monterey,053,433212,1610,1181,5,1186,12
2020-06-20,Napa,055,140530,312,212,0,212,3
2020-06-20,Nevada,057,99092,105,73,1,74,1
2020-06-20,Orange,059,3164182,15960,10284,140,10424,273
2020-06-20,Placer,061,380077,670,483,3,486,9
2020-06-20,Plumas,063,18699,6,6,0,6,0
2020-06-20,Riverside,065,2383286,17580,13021,24,13045,402
2020-06-20,Sacramento,067,1510023,2702,2069,4,2073,63
2020-06-20,San Benito,069,59416,210,139,0,139,2
2020-06-20,San Bernardino,071,2135413,13142,8718,8,8726,229
2020-06-20,San Diego,073,3302833,13203,10486,2,10488,338
2020-06-20,San Francisco,075,870044,3402,2999,1,3000,47
2020-06-20,San Joaquin,077,732212,3235,2046,3,2049,48
2020-06-20,San Luis Obispo,079,281455,610,405,5,410,1
2020-06-20,San Mateo,081,765935,3127,2755,3,2758,81
2020-06-20,Santa Barbara,083,443738,2887,2358,21,2379,21
2020-06-20,Santa Clara,085,1922200,4718,3435,17,3452,154
2020-06-20,Santa Cruz,087,273765,371,287,0,287,3
2020-06-20,Shasta,089,179085,140,66,0,66,5
2020-06-20,Sierra,091,2930,1,1,0,1,0
2020-06-20,Siskiyou,093,43540,29,22,0,22,0
2020-06-20,Solano,095,438530,1276,784,4,788,21
2020-06-20,Sonoma,097,501317,1079,806,2,808,4
2020-06-20,Stanislaus,099,539301,2594,1598,6,1604,35
2020-06-20,Sutter,101,95872,130,89,0,89,2
2020-06-20,Tehama,103,63373,62,35,2,37,1
2020-06-20,Trinity,105,12862,15,2,3,5,0
2020-06-20,Tulare,107,460477,4390,3172,10,3182,111
2020-06-20,Tuolumne,109,53932,14,8,0,8,0
2020-06-20,Ventura,111,848112,2983,1946,14,1960,37
2020-06-20,Yolo,113,214977,475,309,0,309,24
2020-06-20,Yuba,115,75493,44,34,0,34,1
2020-06-19,Alameda,001,1643700,5686,4646,7,4653,119
2020-06-19,Alpine,003,1148,1,1,0,1,0
2020-06-19,Amador,005,37829,14,12,0,12,0
2020-06-19,Butte,007,227075,160,91,10,101,1
2020-06-19,Calaveras,009,45235,37,20,0,20,0
2020-06-19,Colusa,011,21464,24,7,0,7,0
2020-06-19,Contra Costa,013,1133247,2709,2106,3,2109,54
2020-06-19,Del Norte,015,27424,47,46,0,46,0
2020-06-19,El Dorado,017,186661,198,124,1,125,0
2020-06-19,Fresno,019,978130,6157,3109,64,3173,61
2020-06-19,Glenn,021,27897,91,40,0,40,0
2020-06-19,Humboldt,023,135768,141,106,0,106,3
2020-06-19,Imperial,025,180216,6827,4504,4,4508,36
2020-06-19,Inyo,027,18085,27,26,0,26,1
2020-06-19,Kern,029,883053,5582,3742,13,3755,57
2020-06-19,Kings,031,150075,2293,1285,5,1290,9
2020-06-19,Lake,033,64148,46,36,0,36,0
2020-06-19,Lassen,035,31185,23,7,2,9,0
2020-06-19,Los Angeles,037,10098052,93465,79572,24,79596,3047
2020-06-19,Madera,039,155013,616,300,2,302,4
2020-06-19,Marin,041,260295,1511,829,4,833,17
2020-06-19,Mariposa,043,17540,21,18,0,18,1
2020-06-19,Mendocino,045,87422,68,48,0,48,0
2020-06-19,Merced,047,269075,987,529,1,530,8
2020-06-19,Modoc,049,8938,1,0,0,0,0
2020-06-19,Mono,051,14174,42,34,0,34,1
2020-06-19,Monterey,053,433212,1581,1159,5,1164,12
2020-06-19,Napa,055,140530,302,209,0,209,3
2020-06-19,Nevada,057,99092,102,71,1,72,1
2020-06-19,Orange,059,3164182,15427,9972,133,10105,260
2020-06-19,Placer,061,380077,652,464,3,467,9
2020-06-19,Plumas,063,18699,6,5,0,5,0
2020-06-19,Riverside,065,2383286,17175,12710,24,12734,398
2020-06-19,Sacramento,067,1510023,2619,1976,4,1980,64
2020-06-19,San Benito,069,59416,209,136,0,136,2
2020-06-19,San Bernardino,071,2135413,12737,8454,7,8461,226
2020-06-19,San Diego,073,3302833,12840,10352,2,10354,332
2020-06-19,San Francisco,075,870044,3347,2968,1,2969,47
2020-06-19,San Joaquin,077,732212,3112,1969,3,1972,48
2020-06-19,San Luis Obispo,079,281455,594,392,5,397,1
2020-06-19,San Mateo,081,765935,3088,2713,3,2716,81
2020-06-19,Santa Barbara,083,443738,2814,2284,19,2303,21
2020-06-19,Santa Clara,085,1922200,4644,3376,17,3393,154
2020-06-19,Santa Cruz,087,273765,361,283,0,283,3
2020-06-19,Shasta,089,179085,137,58,0,58,5
2020-06-19,Sierra,091,2930,1,1,0,1,0
2020-06-19,Siskiyou,093,43540,29,21,0,21,0
2020-06-19,Solano,095,438530,1238,755,4,759,21
2020-06-19,Sonoma,097,501317,1052,803,2,805,4
2020-06-19,Stanislaus,099,539301,2484,1549,6,1555,35
2020-06-19,Sutter,101,95872,129,89,0,89,2
2020-06-19,Tehama,103,63373,61,35,2,37,1
2020-06-19,Trinity,105,12862,15,2,3,5,0
2020-06-19,Tulare,107,460477,4320,3053,10,3063,107
2020-06-19,Tuolumne,109,53932,13,8,0,8,0
2020-06-19,Ventura,111,848112,2899,1865,14,1879,37
2020-06-19,Yolo,113,214977,456,303,0,303,24
2020-06-19,Yuba,115,75493,43,33,0,33,1
2020-06-18,Alameda,001,1643700,5557,4589,7,4596,118
2020-06-18,Alpine,003,1148,1,1,0,1,0
2020-06-18,Amador,005,37829,13,12,0,12,0
2020-06-18,Butte,007,227075,155,88,10,98,1
2020-06-18,Calaveras,009,45235,37,20,0,20,0
2020-06-18,Colusa,011,21464,20,7,0,7,0
2020-06-18,Contra Costa,013,1133247,2602,2072,3,2075,53
2020-06-18,Del Norte,015,27424,47,46,0,46,0
2020-06-18,El Dorado,017,186661,194,121,1,122,0
2020-06-18,Fresno,019,978130,5891,2947,63,3010,57
2020-06-18,Glenn,021,27897,82,35,0,35,0
2020-06-18,Humboldt,023,135768,140,106,0,106,3
2020-06-18,Imperial,025,180216,6677,4366,4,4370,36
2020-06-18,Inyo,027,18085,26,25,0,25,1
2020-06-18,Kern,029,883053,5364,3634,13,3647,57
2020-06-18,Kings,031,150075,2234,1141,5,1146,8
2020-06-18,Lake,033,64148,45,36,0,36,0
2020-06-18,Lassen,035,31185,22,5,2,7,0
2020-06-18,Los Angeles,037,10098052,91198,78244,24,78268,3009
2020-06-18,Madera,039,155013,581,288,2,290,4
2020-06-18,Marin,041,260295,1448,819,4,823,17
2020-06-18,Mariposa,043,17540,19,18,0,18,1
2020-06-18,Mendocino,045,87422,64,45,0,45,0
2020-06-18,Merced,047,269075,935,486,1,487,7
2020-06-18,Modoc,049,8938,1,0,0,0,0
2020-06-18,Mono,051,14174,42,34,0,34,1
2020-06-18,Monterey,053,433212,1513,1127,5,1132,12
2020-06-18,Napa,055,140530,287,205,0,205,3
2020-06-18,Nevada,057,99092,98,68,1,69,1
2020-06-18,Orange,059,3164182,14772,9597,114,9711,255
2020-06-18,Placer,061,380077,629,457,3,460,9
2020-06-18,Plumas,063,18699,6,5,0,5,0
2020-06-18,Riverside,065,2383286,16559,12410,24,12434,392
2020-06-18,Sacramento,067,1510023,2503,1938,4,1942,63
2020-06-18,San Benito,069,59416,203,134,0,134,2
2020-06-18,San Bernardino,071,2135413,12096,8141,7,8148,226
2020-06-18,San Diego,073,3302833,12418,10094,2,10096,331
2020-06-18,San Francisco,075,870044,3298,2951,1,2952,47
2020-06-18,San Joaquin,077,732212,2960,1908,3,1911,47
2020-06-18,San Luis Obispo,079,281455,574,378,5,383,1
2020-06-18,San Mateo,081,765935,3049,2674,3,2677,78
2020-06-18,Santa Barbara,083,443738,2740,2201,19,2220,19
2020-06-18,Santa Clara,085,1922200,4541,3338,17,3355,152
2020-06-18,Santa Cruz,087,273765,344,275,0,275,3
2020-06-18,Shasta,089,179085,126,51,0,51,4
2020-06-18,Sierra,091,2930,1,1,0,1,0
2020-06-18,Siskiyou,093,43540,29,18,0,18,0
2020-06-18,Solano,095,438530,1200,735,4,739,21
2020-06-18,Sonoma,097,501317,1010,789,2,791,4
2020-06-18,Stanislaus,099,539301,2351,1495,6,1501,35
2020-06-18,Sutter,101,95872,125,85,0,85,2
2020-06-18,Tehama,103,63373,56,31,2,33,1
2020-06-18,Trinity,105,12862,15,2,3,5,0
2020-06-18,Tulare,107,460477,4197,3005,10,3015,107
2020-06-18,Tuolumne,109,53932,12,8,0,8,0
2020-06-18,Ventura,111,848112,2773,1781,14,1795,37
2020-06-18,Yolo,113,214977,423,294,0,294,24
2020-06-18,Yuba,115,75493,42,32,0,32,1
2020-06-17,Alameda,001,1643700,5435,4485,7,4492,117
2020-06-17,Alpine,003,1148,1,1,0,1,0
2020-06-17,Amador,005,37829,12,10,0,10,0
2020-06-17,Butte,007,227075,146,81,10,91,1
2020-06-17,Calaveras,009,45235,37,20,0,20,0
2020-06-17,Colusa,011,21464,19,7,0,7,0
2020-06-17,Contra Costa,013,1133247,2505,2020,3,2023,45
2020-06-17,Del Norte,015,27424,47,45,0,45,0
2020-06-17,El Dorado,017,186661,187,116,1,117,0
2020-06-17,Fresno,019,978130,5665,2801,61,2862,56
2020-06-17,Glenn,021,27897,75,31,0,31,0
2020-06-17,Humboldt,023,135768,138,105,0,105,3
2020-06-17,Imperial,025,180216,6504,4108,4,4112,36
2020-06-17,Inyo,027,18085,25,25,0,25,1
2020-06-17,Kern,029,883053,5163,3547,13,3560,56
2020-06-17,Kings,031,150075,2204,1097,5,1102,7
2020-06-17,Lake,033,64148,44,32,0,32,0
2020-06-17,Lassen,035,31185,18,5,2,7,0
2020-06-17,Los Angeles,037,10098052,88890,77166,23,77189,2973
2020-06-17,Madera,039,155013,559,258,2,260,4
2020-06-17,Marin,041,260295,1256,771,3,774,17
2020-06-17,Mariposa,043,17540,18,18,0,18,1
2020-06-17,Mendocino,045,87422,62,42,0,42,0
2020-06-17,Merced,047,269075,863,460,1,461,7
2020-06-17,Modoc,049,8938,1,0,0,0,0
2020-06-17,Mono,051,14174,42,34,0,34,1
2020-06-17,Monterey,053,433212,1461,1077,5,1082,12
2020-06-17,Napa,055,140530,272,202,0,202,3
2020-06-17,Nevada,057,99092,94,57,1,58,1
2020-06-17,Orange,059,3164182,14165,9278,108,9386,230
2020-06-17,Placer,061,380077,609,427,3,430,9
2020-06-17,Plumas,063,18699,6,5,0,5,0
2020-06-17,Riverside,065,2383286,15923,11859,24,11883,370
2020-06-17,Sacramento,067,1510023,2396,1889,4,1893,63
2020-06-17,San Benito,069,59416,198,116,0,116,2
2020-06-17,San Bernardino,071,2135413,11547,7670,7,7677,225
2020-06-17,San Diego,073,3302833,12039,9856,2,9858,327
2020-06-17,San Francisco,075,870044,3259,2906,1,2907,46
2020-06-17,San Joaquin,077,732212,2787,1825,3,1828,46
2020-06-17,San Luis Obispo,079,281455,555,362,5,367,1
2020-06-17,San Mateo,081,765935,3002,2649,3,2652,78
2020-06-17,Santa Barbara,083,443738,2668,2147,17,2164,19
2020-06-17,Santa Clara,085,1922200,4448,3264,16,3280,148
2020-06-17,Santa Cruz,087,273765,338,265,0,265,2
2020-06-17,Shasta,089,179085,124,51,0,51,4
2020-06-17,Sierra,091,2930,1,1,0,1,0
2020-06-17,Siskiyou,093,43540,28,16,0,16,0
2020-06-17,Solano,095,438530,1150,722,4,726,21
2020-06-17,Sonoma,097,501317,985,748,2,750,4
2020-06-17,Stanislaus,099,539301,2227,1387,6,1393,35
2020-06-17,Sutter,101,95872,119,79,0,79,2
2020-06-17,Tehama,103,63373,41,24,2,26,1
2020-06-17,Trinity,105,12862,14,2,3,5,0
2020-06-17,Tulare,107,460477,4087,2882,10,2892,106
2020-06-17,Tuolumne,109,53932,12,7,0,7,0
2020-06-17,Ventura,111,848112,2673,1729,14,1743,37
2020-06-17,Yolo,113,214977,403,277,0,277,24
2020-06-17,Yuba,115,75493,41,30,0,30,1
2020-06-16,Alameda,001,1643700,5317,4428,7,4435,113
2020-06-16,Alpine,003,1148,1,1,0,1,0
2020-06-16,Amador,005,37829,12,10,0,10,0
2020-06-16,Butte,007,227075,142,79,10,89,1
2020-06-16,Calaveras,009,45235,34,19,0,19,0
2020-06-16,Colusa,011,21464,16,7,0,7,0
2020-06-16,Contra Costa,013,1133247,2413,1971,2,1973,45
2020-06-16,Del Norte,015,27424,47,45,0,45,0
2020-06-16,El Dorado,017,186661,181,115,1,116,0
2020-06-16,Fresno,019,978130,5427,2731,59,2790,50
2020-06-16,Glenn,021,27897,71,30,0,30,0
2020-06-16,Humboldt,023,135768,135,105,0,105,3
2020-06-16,Imperial,025,180216,6345,3939,4,3943,36
2020-06-16,Inyo,027,18085,25,24,0,24,1
2020-06-16,Kern,029,883053,4939,3496,13,3509,55
2020-06-16,Kings,031,150075,2158,1044,5,1049,6
2020-06-16,Lake,033,64148,44,31,0,31,0
2020-06-16,Lassen,035,31185,15,5,2,7,0
2020-06-16,Los Angeles,037,10098052,86568,75051,23,75074,2942
2020-06-16,Madera,039,155013,533,239,2,241,3
2020-06-16,Marin,041,260295,1203,725,3,728,17
2020-06-16,Mariposa,043,17540,18,17,0,17,1
2020-06-16,Mendocino,045,87422,61,35,0,35,0
2020-06-16,Merced,047,269075,815,436,1,437,7
2020-06-16,Modoc,049,8938,1,0,0,0,0
2020-06-16,Mono,051,14174,42,34,0,34,1
2020-06-16,Monterey,053,433212,1413,1019,5,1024,12
2020-06-16,Napa,055,140530,257,196,0,196,3
2020-06-16,Nevada,057,99092,91,53,1,54,1
2020-06-16,Orange,059,3164182,13581,9163,102,9265,223
2020-06-16,Placer,061,380077,577,392,3,395,9
2020-06-16,Plumas,063,18699,6,5,0,5,0
2020-06-16,Riverside,065,2383286,15248,11638,24,11662,364
2020-06-16,Sacramento,067,1510023,2286,1825,4,1829,60
2020-06-16,San Benito,069,59416,190,110,0,110,2
2020-06-16,San Bernardino,071,2135413,11003,7463,7,7470,225
2020-06-16,San Diego,073,3302833,11677,9732,1,9733,323
2020-06-16,San Francisco,075,870044,3208,2893,1,2894,46
2020-06-16,San Joaquin,077,732212,2634,1718,3,1721,47
2020-06-16,San Luis Obispo,079,281455,531,343,5,348,1
2020-06-16,San Mateo,081,765935,2948,2618,3,2621,77
2020-06-16,Santa Barbara,083,443738,2601,2090,17,2107,16
2020-06-16,Santa Clara,085,1922200,4337,3228,15,3243,148
2020-06-16,Santa Cruz,087,273765,322,257,0,257,2
2020-06-16,Shasta,089,179085,115,51,0,51,4
2020-06-16,Sierra,091,2930,1,1,0,1,0
2020-06-16,Siskiyou,093,43540,27,15,0,15,0
2020-06-16,Solano,095,438530,1060,694,4,698,19
2020-06-16,Sonoma,097,501317,953,739,2,741,4
2020-06-16,Stanislaus,099,539301,2073,1278,6,1284,36
2020-06-16,Sutter,101,95872,112,73,0,73,2
2020-06-16,Tehama,103,63373,37,24,2,26,1
2020-06-16,Trinity,105,12862,14,2,3,5,0
2020-06-16,Tulare,107,460477,3969,2802,10,2812,96
2020-06-16,Tuolumne,109,53932,12,7,0,7,0
2020-06-16,Ventura,111,848112,2573,1676,14,1690,37
2020-06-16,Yolo,113,214977,380,262,0,262,24
2020-06-16,Yuba,115,75493,39,29,0,29,1
2020-06-15,Alameda,001,1643700,5190,4323,7,4330,112
2020-06-15,Alpine,003,1148,1,1,0,1,0
2020-06-15,Amador,005,37829,12,10,0,10,0
2020-06-15,Butte,007,227075,134,78,10,88,1
2020-06-15,Calaveras,009,45235,34,18,0,18,0
2020-06-15,Colusa,011,21464,14,7,0,7,0
2020-06-15,Contra Costa,013,1133247,2337,1918,2,1920,43
2020-06-15,Del Norte,015,27424,47,45,0,45,0
2020-06-15,El Dorado,017,186661,171,114,1,115,0
2020-06-15,Fresno,019,978130,5215,2616,58,2674,48
2020-06-15,Glenn,021,27897,66,21,0,21,0
2020-06-15,Humboldt,023,135768,133,105,0,105,3
2020-06-15,Imperial,025,180216,6170,3726,4,3730,36
2020-06-15,Inyo,027,18085,25,23,0,23,1
2020-06-15,Kern,029,883053,4716,3417,13,3430,55
2020-06-15,Kings,031,150075,2082,1022,5,1027,6
2020-06-15,Lake,033,64148,44,31,0,31,0
2020-06-15,Lassen,035,31185,15,5,2,7,0
2020-06-15,Los Angeles,037,10098052,84382,73705,23,73728,2908
2020-06-15,Madera,039,155013,511,203,2,205,3
2020-06-15,Marin,041,260295,1036,708,3,711,17
2020-06-15,Mariposa,043,17540,18,17,0,17,1
2020-06-15,Mendocino,045,87422,52,33,0,33,0
2020-06-15,Merced,047,269075,769,414,1,415,7
2020-06-15,Modoc,049,8938,1,0,0,0,0
2020-06-15,Mono,051,14174,42,34,0,34,1
2020-06-15,Monterey,053,433212,1347,998,5,1003,12
2020-06-15,Napa,055,140530,249,187,0,187,3
2020-06-15,Nevada,057,99092,85,52,1,53,1
2020-06-15,Orange,059,3164182,13012,8944,94,9038,212
2020-06-15,Placer,061,380077,555,386,3,389,9
2020-06-15,Plumas,063,18699,6,4,0,4,0
2020-06-15,Riverside,065,2383286,14630,11376,23,11399,364
2020-06-15,Sacramento,067,1510023,2170,1791,4,1795,60
2020-06-15,San Benito,069,59416,184,108,0,108,2
2020-06-15,San Bernardino,071,2135413,10500,7189,7,7196,224
2020-06-15,San Diego,073,3302833,11337,9612,1,9613,320
2020-06-15,San Francisco,075,870044,3164,2833,1,2834,45
2020-06-15,San Joaquin,077,732212,2498,1667,3,1670,43
2020-06-15,San Luis Obispo,079,281455,516,332,5,337,1
2020-06-15,San Mateo,081,765935,2901,2591,3,2594,75
2020-06-15,Santa Barbara,083,443738,2533,2054,17,2071,16
2020-06-15,Santa Clara,085,1922200,4237,3204,15,3219,148
2020-06-15,Santa Cruz,087,273765,311,254,0,254,2
2020-06-15,Shasta,089,179085,109,50,0,50,4
2020-06-15,Sierra,091,2930,1,1,0,1,0
2020-06-15,Siskiyou,093,43540,26,14,0,14,0
2020-06-15,Solano,095,438530,1000,638,4,642,19
2020-06-15,Sonoma,097,501317,924,726,2,728,4
2020-06-15,Stanislaus,099,539301,1956,1253,6,1259,35
2020-06-15,Sutter,101,95872,102,71,0,71,2
2020-06-15,Tehama,103,63373,37,17,2,19,1
2020-06-15,Trinity,105,12862,13,2,3,5,0
2020-06-15,Tulare,107,460477,3855,2662,10,2672,96
2020-06-15,Tuolumne,109,53932,11,7,0,7,0
2020-06-15,Ventura,111,848112,2492,1656,14,1670,37
2020-06-15,Yolo,113,214977,360,255,0,255,24
2020-06-15,Yuba,115,75493,39,28,0,28,1
2020-06-14,Alameda,001,1643700,5043,4271,7,4278,112
2020-06-14,Alpine,003,1148,1,1,0,1,0
2020-06-14,Amador,005,37829,12,10,0,10,0
2020-06-14,Butte,007,227075,126,78,10,88,1
2020-06-14,Calaveras,009,45235,33,18,0,18,0
2020-06-14,Colusa,011,21464,13,7,0,7,0
2020-06-14,Contra Costa,013,1133247,2269,1893,2,1895,43
2020-06-14,Del Norte,015,27424,47,45,0,45,0
2020-06-14,El Dorado,017,186661,167,110,1,111,0
2020-06-14,Fresno,019,978130,5030,2585,57,2642,48
2020-06-14,Glenn,021,27897,51,21,0,21,0
2020-06-14,Humboldt,023,135768,129,105,0,105,3
2020-06-14,Imperial,025,180216,5939,3730,4,3734,36
2020-06-14,Inyo,027,18085,24,23,0,23,1
2020-06-14,Kern,029,883053,4505,3328,13,3341,55
2020-06-14,Kings,031,150075,2031,1022,4,1026,6
2020-06-14,Lake,033,64148,41,31,0,31,0
2020-06-14,Lassen,035,31185,15,5,2,7,0
2020-06-14,Los Angeles,037,10098052,82063,72932,22,72954,2887
2020-06-14,Madera,039,155013,492,203,2,205,3
2020-06-14,Marin,041,260295,871,689,2,691,17
2020-06-14,Mariposa,043,17540,18,16,0,16,1
2020-06-14,Mendocino,045,87422,49,33,0,33,0
2020-06-14,Merced,047,269075,718,403,1,404,7
2020-06-14,Modoc,049,8938,1,0,0,0,0
2020-06-14,Mono,051,14174,42,34,0,34,1
2020-06-14,Monterey,053,433212,1286,949,5,954,12
2020-06-14,Napa,055,140530,227,181,0,181,3
2020-06-14,Nevada,057,99092,81,52,1,53,1
2020-06-14,Orange,059,3164182,12584,8744,90,8834,211
2020-06-14,Placer,061,380077,529,369,3,372,9
2020-06-14,Plumas,063,18699,5,4,0,4,0
2020-06-14,Riverside,065,2383286,14187,11218,23,11241,364
2020-06-14,Sacramento,067,1510023,2083,1750,4,1754,60
2020-06-14,San Benito,069,59416,173,104,0,104,2
2020-06-14,San Bernardino,071,2135413,9961,7015,7,7022,224
2020-06-14,San Diego,073,3302833,10962,9442,1,9443,319
2020-06-14,San Francisco,075,870044,3124,2834,1,2835,45
2020-06-14,San Joaquin,077,732212,2347,1603,3,1606,43
2020-06-14,San Luis Obispo,079,281455,501,330,5,335,1
2020-06-14,San Mateo,081,765935,2843,2571,3,2574,75
2020-06-14,Santa Barbara,083,443738,2456,2049,17,2066,17
2020-06-14,Santa Clara,085,1922200,4142,3178,15,3193,148
2020-06-14,Santa Cruz,087,273765,297,254,0,254,2
2020-06-14,Shasta,089,179085,103,48,0,48,4
2020-06-14,Sierra,091,2930,1,1,0,1,0
2020-06-14,Siskiyou,093,43540,25,13,0,13,0
2020-06-14,Solano,095,438530,951,638,4,642,19
2020-06-14,Sonoma,097,501317,896,724,2,726,4
2020-06-14,Stanislaus,099,539301,1807,1159,6,1165,35
2020-06-14,Sutter,101,95872,97,63,0,63,2
2020-06-14,Tehama,103,63373,34,17,2,19,1
2020-06-14,Trinity,105,12862,13,2,3,5,0
2020-06-14,Tulare,107,460477,3721,2646,10,2656,96
2020-06-14,Tuolumne,109,53932,11,7,0,7,0
2020-06-14,Ventura,111,848112,2393,1610,13,1623,37
2020-06-14,Yolo,113,214977,344,254,0,254,24
2020-06-14,Yuba,115,75493,38,28,0,28,1
2020-06-13,Alameda,001,1643700,4980,4196,7,4203,112
2020-06-13,Alpine,003,1148,1,1,0,1,0
2020-06-13,Amador,005,37829,11,10,0,10,0
2020-06-13,Butte,007,227075,117,72,10,82,1
2020-06-13,Calaveras,009,45235,31,18,0,18,0
2020-06-13,Colusa,011,21464,12,7,0,7,0
2020-06-13,Contra Costa,013,1133247,2233,1868,2,1870,43
2020-06-13,Del Norte,015,27424,47,45,0,45,0
2020-06-13,El Dorado,017,186661,163,110,1,111,0
2020-06-13,Fresno,019,978130,4932,2499,57,2556,48
2020-06-13,Glenn,021,27897,49,21,0,21,0
2020-06-13,Humboldt,023,135768,128,104,0,104,3
2020-06-13,Imperial,025,180216,5866,3646,4,3650,36
2020-06-13,Inyo,027,18085,24,23,0,23,1
2020-06-13,Kern,029,883053,4396,3239,13,3252,55
2020-06-13,Kings,031,150075,2011,1023,4,1027,6
2020-06-13,Lake,033,64148,40,29,0,29,0
2020-06-13,Lassen,035,31185,15,5,2,7,0
2020-06-13,Los Angeles,037,10098052,81022,71938,22,71960,2874
2020-06-13,Madera,039,155013,488,203,2,205,3
2020-06-13,Marin,041,260295,840,677,2,679,17
2020-06-13,Mariposa,043,17540,18,16,0,16,1
2020-06-13,Mendocino,045,87422,49,33,0,33,0
2020-06-13,Merced,047,269075,700,376,1,377,7
2020-06-13,Modoc,049,8938,1,0,0,0,0
2020-06-13,Mono,051,14174,42,35,0,35,1
2020-06-13,Monterey,053,433212,1248,900,5,905,11
2020-06-13,Napa,055,140530,224,171,0,171,3
2020-06-13,Nevada,057,99092,79,52,1,53,1
2020-06-13,Orange,059,3164182,12340,8581,87,8668,211
2020-06-13,Placer,061,380077,512,346,3,349,9
2020-06-13,Plumas,063,18699,5,4,0,4,0
2020-06-13,Riverside,065,2383286,13908,10931,23,10954,364
2020-06-13,Sacramento,067,1510023,2028,1713,4,1717,60
2020-06-13,San Benito,069,59416,166,99,0,99,2
2020-06-13,San Bernardino,071,2135413,9738,6885,7,6892,224
2020-06-13,San Diego,073,3302833,10790,9316,1,9317,319
2020-06-13,San Francisco,075,870044,3104,2834,1,2835,44
2020-06-13,San Joaquin,077,732212,2266,1461,3,1464,43
2020-06-13,San Luis Obispo,079,281455,490,326,5,331,1
2020-06-13,San Mateo,081,765935,2820,2551,3,2554,75
2020-06-13,Santa Barbara,083,443738,2398,1999,17,2016,15
2020-06-13,Santa Clara,085,1922200,4099,3141,15,3156,148
2020-06-13,Santa Cruz,087,273765,291,254,0,254,2
2020-06-13,Shasta,089,179085,101,48,0,48,4
2020-06-13,Sierra,091,2930,1,1,0,1,0
2020-06-13,Siskiyou,093,43540,25,13,0,13,0
2020-06-13,Solano,095,438530,923,637,4,641,19
2020-06-13,Sonoma,097,501317,881,711,2,713,4
2020-06-13,Stanislaus,099,539301,1750,1122,6,1128,33
2020-06-13,Sutter,101,95872,96,62,0,62,2
2020-06-13,Tehama,103,63373,33,17,2,19,1
2020-06-13,Trinity,105,12862,13,2,3,5,0
2020-06-13,Tulare,107,460477,3689,2626,10,2636,96
2020-06-13,Tuolumne,109,53932,10,7,0,7,0
2020-06-13,Ventura,111,848112,2347,1567,13,1580,37
2020-06-13,Yolo,113,214977,324,251,0,251,24
2020-06-13,Yuba,115,75493,38,28,0,28,1
2020-06-12,Alameda,001,1643700,4907,4167,7,4174,109
2020-06-12,Alpine,003,1148,1,1,0,1,0
2020-06-12,Amador,005,37829,11,10,0,10,0
2020-06-12,Butte,007,227075,113,71,9,80,1
2020-06-12,Calaveras,009,45235,28,18,0,18,0
2020-06-12,Colusa,011,21464,12,7,0,7,0
2020-06-12,Contra Costa,013,1133247,2196,1827,2,1829,43
2020-06-12,Del Norte,015,27424,47,45,0,45,0
2020-06-12,El Dorado,017,186661,163,110,1,111,0
2020-06-12,Fresno,019,978130,4794,2428,57,2485,47
2020-06-12,Glenn,021,27897,46,21,0,21,0
2020-06-12,Humboldt,023,135768,126,105,0,105,3
2020-06-12,Imperial,025,180216,5782,3543,4,3547,36
2020-06-12,Inyo,027,18085,24,23,0,23,1
2020-06-12,Kern,029,883053,4279,3152,13,3165,54
2020-06-12,Kings,031,150075,1998,987,4,991,6
2020-06-12,Lake,033,64148,39,29,0,29,0
2020-06-12,Lassen,035,31185,15,5,2,7,0
2020-06-12,Los Angeles,037,10098052,79616,70385,22,70407,2814
2020-06-12,Madera,039,155013,463,187,2,189,3
2020-06-12,Marin,041,260295,837,649,2,651,17
2020-06-12,Mariposa,043,17540,18,16,0,16,1
2020-06-12,Mendocino,045,87422,49,33,0,33,0
2020-06-12,Merced,047,269075,666,372,1,373,7
2020-06-12,Modoc,049,8938,1,0,0,0,0
2020-06-12,Mono,051,14174,39,35,0,35,1
2020-06-12,Monterey,053,433212,1207,864,4,868,11
2020-06-12,Napa,055,140530,221,162,0,162,3
2020-06-12,Nevada,057,99092,73,52,1,53,1
2020-06-12,Orange,059,3164182,12034,8440,86,8526,203
2020-06-12,Placer,061,380077,495,333,3,336,9
2020-06-12,Plumas,063,18699,5,4,0,4,0
2020-06-12,Riverside,065,2383286,13571,10616,23,10639,364
2020-06-12,Sacramento,067,1510023,1973,1702,4,1706,60
2020-06-12,San Benito,069,59416,159,96,0,96,2
2020-06-12,San Bernardino,071,2135413,9469,6707,7,6714,223
2020-06-12,San Diego,073,3302833,10620,9132,1,9133,313
2020-06-12,San Francisco,075,870044,3070,2823,1,2824,44
2020-06-12,San Joaquin,077,732212,2186,1406,3,1409,43
2020-06-12,San Luis Obispo,079,281455,474,321,5,326,1
2020-06-12,San Mateo,081,765935,2785,2533,3,2536,75
2020-06-12,Santa Barbara,083,443738,2344,1969,17,1986,14
2020-06-12,Santa Clara,085,1922200,4055,3099,15,3114,149
2020-06-12,Santa Cruz,087,273765,283,251,0,251,2
2020-06-12,Shasta,089,179085,94,48,0,48,5
2020-06-12,Sierra,091,2930,1,1,0,1,0
2020-06-12,Siskiyou,093,43540,25,13,0,13,0
2020-06-12,Solano,095,438530,909,620,4,624,19
2020-06-12,Sonoma,097,501317,862,696,2,698,4
2020-06-12,Stanislaus,099,539301,1691,1092,6,1098,33
2020-06-12,Sutter,101,95872,95,56,0,56,2
2020-06-12,Tehama,103,63373,32,13,2,15,1
2020-06-12,Trinity,105,12862,13,2,3,5,0
2020-06-12,Tulare,107,460477,3635,2552,10,2562,95
2020-06-12,Tuolumne,109,53932,10,7,0,7,0
2020-06-12,Ventura,111,848112,2295,1534,13,1547,35
2020-06-12,Yolo,113,214977,312,243,0,243,24
2020-06-12,Yuba,115,75493,36,27,0,27,1
2020-06-11,Alameda,001,1643700,4778,4073,6,4079,108
2020-06-11,Alpine,003,1148,1,1,0,1,0
2020-06-11,Amador,005,37829,10,10,0,10,0
2020-06-11,Butte,007,227075,107,72,9,81,1
2020-06-11,Calaveras,009,45235,27,16,0,16,0
2020-06-11,Colusa,011,21464,12,7,0,7,0
2020-06-11,Contra Costa,013,1133247,2143,1797,2,1799,43
2020-06-11,Del Norte,015,27424,47,45,0,45,0
2020-06-11,El Dorado,017,186661,155,109,1,110,0
2020-06-11,Fresno,019,978130,4641,2338,57,2395,45
2020-06-11,Glenn,021,27897,42,21,0,21,0
2020-06-11,Humboldt,023,135768,122,113,0,113,3
2020-06-11,Imperial,025,180216,5625,3463,4,3467,36
2020-06-11,Inyo,027,18085,22,23,0,23,1
2020-06-11,Kern,029,883053,4127,3047,11,3058,54
2020-06-11,Kings,031,150075,1965,963,4,967,6
2020-06-11,Lake,033,64148,39,28,0,28,0
2020-06-11,Lassen,035,31185,15,5,2,7,0
2020-06-11,Los Angeles,037,10098052,77952,68807,21,68828,2800
2020-06-11,Madera,039,155013,445,178,2,180,3
2020-06-11,Marin,041,260295,789,637,2,639,17
2020-06-11,Mariposa,043,17540,18,16,0,16,1
2020-06-11,Mendocino,045,87422,40,35,0,35,0
2020-06-11,Merced,047,269075,626,370,1,371,7
2020-06-11,Modoc,049,8938,1,0,0,0,0
2020-06-11,Mono,051,14174,39,35,0,35,1
2020-06-11,Monterey,053,433212,1160,813,4,817,11
2020-06-11,Napa,055,140530,212,162,0,162,3
2020-06-11,Nevada,057,99092,67,50,1,51,1
2020-06-11,Orange,059,3164182,11726,8304,85,8389,188
2020-06-11,Placer,061,380077,476,321,3,324,9
2020-06-11,Plumas,063,18699,5,4,0,4,0
2020-06-11,Riverside,065,2383286,13218,10014,23,10037,361
2020-06-11,Sacramento,067,1510023,1925,1669,4,1673,60
2020-06-11,San Benito,069,59416,153,94,0,94,2
2020-06-11,San Bernardino,071,2135413,9172,6509,7,6516,221
2020-06-11,San Diego,073,3302833,10390,9000,0,9000,308
2020-06-11,San Francisco,075,870044,3041,2766,1,2767,44
2020-06-11,San Joaquin,077,732212,2074,1351,3,1354,43
2020-06-11,San Luis Obispo,079,281455,460,307,5,312,1
2020-06-11,San Mateo,081,765935,2747,2499,3,2502,74
2020-06-11,Santa Barbara,083,443738,2283,1895,17,1912,14
2020-06-11,Santa Clara,085,1922200,3988,3049,15,3064,149
2020-06-11,Santa Cruz,087,273765,279,247,0,247,2
2020-06-11,Shasta,089,179085,87,47,0,47,5
2020-06-11,Sierra,091,2930,1,1,0,1,0
2020-06-11,Siskiyou,093,43540,25,14,0,14,0
2020-06-11,Solano,095,438530,883,616,4,620,19
2020-06-11,Sonoma,097,501317,840,682,2,684,4
2020-06-11,Stanislaus,099,539301,1600,1062,6,1068,30
2020-06-11,Sutter,101,95872,92,56,0,56,2
2020-06-11,Tehama,103,63373,27,10,2,12,1
2020-06-11,Trinity,105,12862,11,2,3,5,0
2020-06-11,Tulare,107,460477,3536,2473,10,2483,95
2020-06-11,Tuolumne,109,53932,10,7,0,7,0
2020-06-11,Ventura,111,848112,2218,1491,12,1503,34
2020-06-11,Yolo,113,214977,304,230,0,230,24
2020-06-11,Yuba,115,75493,36,27,0,27,1
2020-06-10,Alameda,001,1643700,4678,4027,6,4033,107
2020-06-10,Alpine,003,1148,1,1,0,1,0
2020-06-10,Amador,005,37829,10,10,0,10,0
2020-06-10,Butte,007,227075,103,71,9,80,1
2020-06-10,Calaveras,009,45235,27,16,0,16,0
2020-06-10,Colusa,011,21464,11,7,0,7,0
2020-06-10,Contra Costa,013,1133247,2099,1778,2,1780,43
2020-06-10,Del Norte,015,27424,47,45,0,45,0
2020-06-10,El Dorado,017,186661,152,109,1,110,0
2020-06-10,Fresno,019,978130,4464,2324,57,2381,45
2020-06-10,Glenn,021,27897,39,21,0,21,0
2020-06-10,Humboldt,023,135768,118,112,0,112,3
2020-06-10,Imperial,025,180216,5477,3454,4,3458,36
2020-06-10,Inyo,027,18085,22,23,0,23,1
2020-06-10,Kern,029,883053,4002,3000,10,3010,54
2020-06-10,Kings,031,150075,1919,952,3,955,6
2020-06-10,Lake,033,64148,39,28,0,28,0
2020-06-10,Lassen,035,31185,15,5,2,7,0
2020-06-10,Los Angeles,037,10098052,76437,67018,21,67039,2752
2020-06-10,Madera,039,155013,431,176,1,177,3
2020-06-10,Marin,041,260295,757,633,2,635,17
2020-06-10,Mariposa,043,17540,17,16,0,16,1
2020-06-10,Mendocino,045,87422,39,35,0,35,0
2020-06-10,Merced,047,269075,593,370,1,371,7
2020-06-10,Modoc,049,8938,1,0,0,0,0
2020-06-10,Mono,051,14174,39,35,0,35,1
2020-06-10,Monterey,053,433212,1106,791,4,795,11
2020-06-10,Napa,055,140530,209,159,0,159,3
2020-06-10,Nevada,057,99092,65,50,1,51,1
2020-06-10,Orange,059,3164182,11450,8222,81,8303,184
2020-06-10,Placer,061,380077,451,309,3,312,9
2020-06-10,Plumas,063,18699,5,4,0,4,0
2020-06-10,Riverside,065,2383286,12895,9857,23,9880,361
2020-06-10,Sacramento,067,1510023,1886,1643,2,1645,59
2020-06-10,San Benito,069,59416,144,94,0,94,2
2020-06-10,San Bernardino,071,2135413,8879,6438,7,6445,219
2020-06-10,San Diego,073,3302833,10226,8839,0,8839,305
2020-06-10,San Francisco,075,870044,3016,2774,1,2775,44
2020-06-10,San Joaquin,077,732212,1945,1282,3,1285,41
2020-06-10,San Luis Obispo,079,281455,440,306,5,311,1
2020-06-10,San Mateo,081,765935,2707,2492,3,2495,74
2020-06-10,Santa Barbara,083,443738,2227,1878,17,1895,13
2020-06-10,Santa Clara,085,1922200,3937,3032,15,3047,149
2020-06-10,Santa Cruz,087,273765,275,242,0,242,2
2020-06-10,Shasta,089,179085,82,45,0,45,5
2020-06-10,Sierra,091,2930,1,1,0,1,0
2020-06-10,Siskiyou,093,43540,25,14,0,14,0
2020-06-10,Solano,095,438530,847,608,4,612,19
2020-06-10,Sonoma,097,501317,822,673,2,675,4
2020-06-10,Stanislaus,099,539301,1510,1030,6,1036,29
2020-06-10,Sutter,101,95872,91,56,0,56,2
2020-06-10,Tehama,103,63373,25,10,2,12,1
2020-06-10,Trinity,105,12862,11,2,3,5,0
2020-06-10,Tulare,107,460477,3443,2455,10,2465,95
2020-06-10,Tuolumne,109,53932,10,7,0,7,0
2020-06-10,Ventura,111,848112,2172,1446,11,1457,34
2020-06-10,Yolo,113,214977,296,226,0,226,24
2020-06-10,Yuba,115,75493,35,27,0,27,1
2020-06-09,Alameda,001,1643700,4567,3963,6,3969,103
2020-06-09,Alpine,003,1148,1,1,0,1,0
2020-06-09,Amador,005,37829,10,10,0,10,0
2020-06-09,Butte,007,227075,102,70,8,78,1
2020-06-09,Calaveras,009,45235,27,16,0,16,0
2020-06-09,Colusa,011,21464,10,7,0,7,0
2020-06-09,Contra Costa,013,1133247,2058,1744,2,1746,42
2020-06-09,Del Norte,015,27424,47,45,0,45,0
2020-06-09,El Dorado,017,186661,142,108,1,109,0
2020-06-09,Fresno,019,978130,4313,2278,57,2335,43
2020-06-09,Glenn,021,27897,38,19,0,19,0
2020-06-09,Humboldt,023,135768,116,113,0,113,2
2020-06-09,Imperial,025,180216,5326,3067,4,3071,36
2020-06-09,Inyo,027,18085,22,22,0,22,1
2020-06-09,Kern,029,883053,3874,2920,10,2930,51
2020-06-09,Kings,031,150075,1887,934,3,937,6
2020-06-09,Lake,033,64148,39,28,0,28,0
2020-06-09,Lassen,035,31185,15,5,2,7,0
2020-06-09,Los Angeles,037,10098052,74778,65827,21,65848,2692
2020-06-09,Madera,039,155013,416,172,1,173,3
2020-06-09,Marin,041,260295,721,616,2,618,17
2020-06-09,Mariposa,043,17540,17,16,0,16,1
2020-06-09,Mendocino,045,87422,35,35,0,35,0
2020-06-09,Merced,047,269075,564,349,1,350,7
2020-06-09,Modoc,049,8938,1,0,0,0,0
2020-06-09,Mono,051,14174,39,35,0,35,1
2020-06-09,Monterey,053,433212,1065,772,4,776,11
2020-06-09,Napa,055,140530,199,156,0,156,3
2020-06-09,Nevada,057,99092,57,50,1,51,1
2020-06-09,Orange,059,3164182,11208,7991,79,8070,174
2020-06-09,Placer,061,380077,438,301,3,304,9
2020-06-09,Plumas,063,18699,5,4,0,4,0
2020-06-09,Riverside,065,2383286,12517,9511,23,9534,354
2020-06-09,Sacramento,067,1510023,1831,1625,2,1627,59
2020-06-09,San Benito,069,59416,138,95,0,95,2
2020-06-09,San Bernardino,071,2135413,8556,6268,6,6274,217
2020-06-09,San Diego,073,3302833,10041,8731,0,8731,301
2020-06-09,San Francisco,075,870044,2991,2749,1,2750,44
2020-06-09,San Joaquin,077,732212,1839,1240,3,1243,41
2020-06-09,San Luis Obispo,079,281455,427,301,4,305,1
2020-06-09,San Mateo,081,765935,2676,2463,3,2466,74
2020-06-09,Santa Barbara,083,443738,2171,1854,17,1871,13
2020-06-09,Santa Clara,085,1922200,3869,3006,14,3020,147
2020-06-09,Santa Cruz,087,273765,269,237,0,237,2
2020-06-09,Shasta,089,179085,78,44,0,44,4
2020-06-09,Sierra,091,2930,1,1,0,1,0
2020-06-09,Siskiyou,093,43540,20,10,0,10,0
2020-06-09,Solano,095,438530,812,596,4,600,18
2020-06-09,Sonoma,097,501317,799,661,2,663,4
2020-06-09,Stanislaus,099,539301,1409,993,6,999,25
2020-06-09,Sutter,101,95872,88,56,0,56,2
2020-06-09,Tehama,103,63373,25,9,2,11,1
2020-06-09,Trinity,105,12862,10,2,3,5,0
2020-06-09,Tulare,107,460477,3377,2393,10,2403,91
2020-06-09,Tuolumne,109,53932,10,8,0,8,0
2020-06-09,Ventura,111,848112,2106,1407,11,1418,34
2020-06-09,Yolo,113,214977,285,226,0,226,24
2020-06-09,Yuba,115,75493,34,27,0,27,1
2020-06-08,Alameda,001,1643700,4486,3937,6,3943,103
2020-06-08,Alpine,003,1148,1,1,0,1,0
2020-06-08,Amador,005,37829,10,10,0,10,0
2020-06-08,Butte,007,227075,98,68,8,76,1
2020-06-08,Calaveras,009,45235,27,16,0,16,0
2020-06-08,Colusa,011,21464,9,7,0,7,0
2020-06-08,Contra Costa,013,1133247,2015,1714,2,1716,41
2020-06-08,Del Norte,015,27424,47,45,0,45,0
2020-06-08,El Dorado,017,186661,138,107,1,108,0
2020-06-08,Fresno,019,978130,4191,2194,56,2250,42
2020-06-08,Glenn,021,27897,36,17,0,17,0
2020-06-08,Humboldt,023,135768,116,112,0,112,2
2020-06-08,Imperial,025,180216,5174,3051,4,3055,21
2020-06-08,Inyo,027,18085,22,22,0,22,1
2020-06-08,Kern,029,883053,3743,2853,9,2862,49
2020-06-08,Kings,031,150075,1811,892,3,895,6
2020-06-08,Lake,033,64148,39,28,0,28,0
2020-06-08,Lassen,035,31185,15,4,2,6,0
2020-06-08,Los Angeles,037,10098052,73318,64634,21,64655,2640
2020-06-08,Madera,039,155013,386,154,1,155,3
2020-06-08,Marin,041,260295,680,596,2,598,17
2020-06-08,Mariposa,043,17540,16,16,0,16,1
2020-06-08,Mendocino,045,87422,33,32,0,32,0
2020-06-08,Merced,047,269075,530,331,1,332,7
2020-06-08,Modoc,049,8938,1,0,0,0,0
2020-06-08,Mono,051,14174,39,35,0,35,1
2020-06-08,Monterey,053,433212,1014,751,3,754,10
2020-06-08,Napa,055,140530,183,151,0,151,3
2020-06-08,Nevada,057,99092,56,50,1,51,1
2020-06-08,Orange,059,3164182,10957,7786,77,7863,160
2020-06-08,Placer,061,380077,421,290,3,293,9
2020-06-08,Plumas,063,18699,5,4,0,4,0
2020-06-08,Riverside,065,2383286,12148,9246,23,9269,347
2020-06-08,Sacramento,067,1510023,1781,1591,2,1593,59
2020-06-08,San Benito,069,59416,131,93,0,93,2
2020-06-08,San Bernardino,071,2135413,8237,6122,6,6128,214
2020-06-08,San Diego,073,3302833,9884,8621,0,8621,296
2020-06-08,San Francisco,075,870044,2964,2715,1,2716,43
2020-06-08,San Joaquin,077,732212,1732,1198,3,1201,40
2020-06-08,San Luis Obispo,079,281455,421,300,4,304,1
2020-06-08,San Mateo,081,765935,2645,2431,2,2433,74
2020-06-08,Santa Barbara,083,443738,2116,1824,15,1839,13
2020-06-08,Santa Clara,085,1922200,3823,2971,14,2985,146
2020-06-08,Santa Cruz,087,273765,268,234,0,234,2
2020-06-08,Shasta,089,179085,74,43,0,43,4
2020-06-08,Sierra,091,2930,1,1,0,1,0
2020-06-08,Siskiyou,093,43540,20,8,0,8,0
2020-06-08,Solano,095,438530,785,560,4,564,19
2020-06-08,Sonoma,097,501317,783,654,2,656,4
2020-06-08,Stanislaus,099,539301,1326,956,6,962,28
2020-06-08,Sutter,101,95872,81,55,0,55,2
2020-06-08,Tehama,103,63373,19,8,2,10,1
2020-06-08,Trinity,105,12862,10,2,3,5,0
2020-06-08,Tulare,107,460477,3294,2301,10,2311,91
2020-06-08,Tuolumne,109,53932,9,8,0,8,0
2020-06-08,Ventura,111,848112,2048,1382,11,1393,30
2020-06-08,Yolo,113,214977,274,228,0,228,24
2020-06-08,Yuba,115,75493,32,27,0,27,1
2020-06-07,Alameda,001,1643700,4373,3866,6,3872,102
2020-06-07,Alpine,003,1148,1,1,0,1,0
2020-06-07,Amador,005,37829,10,10,0,10,0
2020-06-07,Butte,007,227075,96,64,6,70,1
2020-06-07,Calaveras,009,45235,25,16,0,16,0
2020-06-07,Colusa,011,21464,9,7,0,7,0
2020-06-07,Contra Costa,013,1133247,1964,1653,1,1654,38
2020-06-07,Del Norte,015,27424,45,45,0,45,0
2020-06-07,El Dorado,017,186661,138,104,1,105,0
2020-06-07,Fresno,019,978130,4061,2144,56,2200,41
2020-06-07,Glenn,021,27897,29,16,0,16,0
2020-06-07,Humboldt,023,135768,116,112,0,112,2
2020-06-07,Imperial,025,180216,5024,3048,4,3052,19
2020-06-07,Inyo,027,18085,22,21,0,21,1
2020-06-07,Kern,029,883053,3612,2771,9,2780,46
2020-06-07,Kings,031,150075,1762,882,3,885,6
2020-06-07,Lake,033,64148,36,28,0,28,0
2020-06-07,Lassen,035,31185,14,4,2,6,0
2020-06-07,Los Angeles,037,10098052,71609,63750,21,63771,2629
2020-06-07,Madera,039,155013,369,149,1,150,3
2020-06-07,Marin,041,260295,666,584,2,586,17
2020-06-07,Mariposa,043,17540,16,16,0,16,1
2020-06-07,Mendocino,045,87422,33,32,0,32,0
2020-06-07,Merced,047,269075,497,318,1,319,7
2020-06-07,Modoc,049,8938,1,0,0,0,0
2020-06-07,Mono,051,14174,39,35,0,35,1
2020-06-07,Monterey,053,433212,968,732,3,735,10
2020-06-07,Napa,055,140530,175,142,0,142,3
2020-06-07,Nevada,057,99092,55,50,1,51,1
2020-06-07,Orange,059,3164182,10699,7643,75,7718,158
2020-06-07,Placer,061,380077,400,273,2,275,9
2020-06-07,Plumas,063,18699,5,4,0,4,0
2020-06-07,Riverside,065,2383286,11852,9105,23,9128,344
2020-06-07,Sacramento,067,1510023,1733,1568,2,1570,59
2020-06-07,San Benito,069,59416,128,92,0,92,2
2020-06-07,San Bernardino,071,2135413,7951,6033,6,6039,214
2020-06-07,San Diego,073,3302833,9705,8478,0,8478,296
2020-06-07,San Francisco,075,870044,2920,2674,0,2674,43
2020-06-07,San Joaquin,077,732212,1631,1126,3,1129,37
2020-06-07,San Luis Obispo,079,281455,411,296,4,300,1
2020-06-07,San Mateo,081,765935,2618,2399,2,2401,73
2020-06-07,Santa Barbara,083,443738,2061,1818,15,1833,13
2020-06-07,Santa Clara,085,1922200,3771,2947,14,2961,146
2020-06-07,Santa Cruz,087,273765,260,230,0,230,2
2020-06-07,Shasta,089,179085,73,41,0,41,4
2020-06-07,Sierra,091,2930,1,1,0,1,0
2020-06-07,Siskiyou,093,43540,20,8,0,8,0
2020-06-07,Solano,095,438530,762,560,4,564,19
2020-06-07,Sonoma,097,501317,752,639,2,641,4
2020-06-07,Stanislaus,099,539301,1246,905,5,910,28
2020-06-07,Sutter,101,95872,73,55,0,55,2
2020-06-07,Tehama,103,63373,16,8,2,10,1
2020-06-07,Trinity,105,12862,8,2,3,5,0
2020-06-07,Tulare,107,460477,3172,2219,10,2229,90
2020-06-07,Tuolumne,109,53932,9,4,0,4,0
2020-06-07,Ventura,111,848112,1982,1337,11,1348,30
2020-06-07,Yolo,113,214977,264,224,0,224,24
2020-06-07,Yuba,115,75493,32,27,0,27,1
2020-06-06,Alameda,001,1643700,4327,3801,6,3807,102
2020-06-06,Alpine,003,1148,1,1,0,1,0
2020-06-06,Amador,005,37829,10,10,0,10,0
2020-06-06,Butte,007,227075,95,63,6,69,1
2020-06-06,Calaveras,009,45235,23,16,0,16,0
2020-06-06,Colusa,011,21464,9,7,0,7,0
2020-06-06,Contra Costa,013,1133247,1944,1619,1,1620,37
2020-06-06,Del Norte,015,27424,45,45,0,45,0
2020-06-06,El Dorado,017,186661,133,104,1,105,0
2020-06-06,Fresno,019,978130,4006,2117,56,2173,41
2020-06-06,Glenn,021,27897,27,16,0,16,0
2020-06-06,Humboldt,023,135768,116,112,0,112,2
2020-06-06,Imperial,025,180216,4948,3047,4,3051,19
2020-06-06,Inyo,027,18085,22,21,0,21,1
2020-06-06,Kern,029,883053,3541,2695,9,2704,46
2020-06-06,Kings,031,150075,1743,882,3,885,6
2020-06-06,Lake,033,64148,36,28,0,28,0
2020-06-06,Lassen,035,31185,14,4,2,6,0
2020-06-06,Los Angeles,037,10098052,70854,62269,21,62290,2607
2020-06-06,Madera,039,155013,360,149,1,150,3
2020-06-06,Marin,041,260295,661,556,2,558,17
2020-06-06,Mariposa,043,17540,16,16,0,16,1
2020-06-06,Mendocino,045,87422,33,32,0,32,0
2020-06-06,Merced,047,269075,496,315,1,316,7
2020-06-06,Modoc,049,8938,1,0,0,0,0
2020-06-06,Mono,051,14174,39,35,0,35,1
2020-06-06,Monterey,053,433212,944,679,3,682,10
2020-06-06,Napa,055,140530,169,136,0,136,3
2020-06-06,Nevada,057,99092,54,50,1,51,1
2020-06-06,Orange,059,3164182,10540,7576,74,7650,157
2020-06-06,Placer,061,380077,388,270,2,272,9
2020-06-06,Plumas,063,18699,5,4,0,4,0
2020-06-06,Riverside,065,2383286,11674,8935,23,8958,345
2020-06-06,Sacramento,067,1510023,1710,1533,2,1535,59
2020-06-06,San Benito,069,59416,118,92,0,92,2
2020-06-06,San Bernardino,071,2135413,7802,5946,6,5952,214
2020-06-06,San Diego,073,3302833,9584,8347,0,8347,296
2020-06-06,San Francisco,075,870044,2905,2674,0,2674,43
2020-06-06,San Joaquin,077,732212,1591,1076,3,1079,37
2020-06-06,San Luis Obispo,079,281455,405,295,4,299,1
2020-06-06,San Mateo,081,765935,2603,2342,2,2344,72
2020-06-06,Santa Barbara,083,443738,2022,1815,15,1830,13
2020-06-06,Santa Clara,085,1922200,3730,2934,14,2948,144
2020-06-06,Santa Cruz,087,273765,258,226,0,226,2
2020-06-06,Shasta,089,179085,73,40,0,40,4
2020-06-06,Sierra,091,2930,1,1,0,1,0
2020-06-06,Siskiyou,093,43540,18,8,0,8,0
2020-06-06,Solano,095,438530,747,560,4,564,19
2020-06-06,Sonoma,097,501317,740,622,2,624,4
2020-06-06,Stanislaus,099,539301,1212,858,5,863,27
2020-06-06,Sutter,101,95872,73,51,0,51,2
2020-06-06,Tehama,103,63373,15,8,2,10,1
2020-06-06,Trinity,105,12862,8,2,2,4,0
2020-06-06,Tulare,107,460477,3139,2213,10,2223,90
2020-06-06,Tuolumne,109,53932,9,4,0,4,0
2020-06-06,Ventura,111,848112,1958,1303,11,1314,30
2020-06-06,Yolo,113,214977,262,223,0,223,24
2020-06-06,Yuba,115,75493,32,27,0,27,1
2020-06-05,Alameda,001,1643700,4276,3734,6,3740,102
2020-06-05,Alpine,003,1148,1,1,0,1,0
2020-06-05,Amador,005,37829,10,10,0,10,0
2020-06-05,Butte,007,227075,92,61,6,67,1
2020-06-05,Calaveras,009,45235,22,16,0,16,0
2020-06-05,Colusa,011,21464,9,7,0,7,0
2020-06-05,Contra Costa,013,1133247,1929,1575,1,1576,37
2020-06-05,Del Norte,015,27424,45,45,0,45,0
2020-06-05,El Dorado,017,186661,131,101,1,102,0
2020-06-05,Fresno,019,978130,3942,2051,55,2106,38
2020-06-05,Glenn,021,27897,25,16,0,16,0
2020-06-05,Humboldt,023,135768,115,111,0,111,2
2020-06-05,Imperial,025,180216,4841,2778,4,2782,19
2020-06-05,Inyo,027,18085,22,21,0,21,1
2020-06-05,Kern,029,883053,3452,2624,9,2633,46
2020-06-05,Kings,031,150075,1728,865,3,868,6
2020-06-05,Lake,033,64148,35,28,0,28,0
2020-06-05,Lassen,035,31185,13,4,2,6,0
2020-06-05,Los Angeles,037,10098052,69703,60955,21,60976,2553
2020-06-05,Madera,039,155013,338,144,1,145,3
2020-06-05,Marin,041,260295,652,546,2,548,17
2020-06-05,Mariposa,043,17540,16,16,0,16,1
2020-06-05,Mendocino,045,87422,33,32,0,32,0
2020-06-05,Merced,047,269075,494,309,1,310,7
2020-06-05,Modoc,049,8938,1,0,0,0,0
2020-06-05,Mono,051,14174,39,35,0,35,1
2020-06-05,Monterey,053,433212,912,649,3,652,10
2020-06-05,Napa,055,140530,166,123,0,123,3
2020-06-05,Nevada,057,99092,54,50,1,51,1
2020-06-05,Orange,059,3164182,10345,7391,73,7464,153
2020-06-05,Placer,061,380077,378,265,2,267,9
2020-06-05,Plumas,063,18699,5,4,0,4,0
2020-06-05,Riverside,065,2383286,11415,8700,23,8723,345
2020-06-05,Sacramento,067,1510023,1688,1514,2,1516,59
2020-06-05,San Benito,069,59416,116,92,0,92,2
2020-06-05,San Bernardino,071,2135413,7620,5869,5,5874,212
2020-06-05,San Diego,073,3302833,9469,8182,0,8182,294
2020-06-05,San Francisco,075,870044,2887,2675,0,2675,43
2020-06-05,San Joaquin,077,732212,1512,1046,3,1049,36
2020-06-05,San Luis Obispo,079,281455,398,293,4,297,1
2020-06-05,San Mateo,081,765935,2578,2331,2,2333,72
2020-06-05,Santa Barbara,083,443738,1991,1795,15,1810,13
2020-06-05,Santa Clara,085,1922200,3695,2902,14,2916,144
2020-06-05,Santa Cruz,087,273765,255,222,0,222,2
2020-06-05,Shasta,089,179085,72,40,0,40,4
2020-06-05,Sierra,091,2930,1,1,0,1,0
2020-06-05,Siskiyou,093,43540,16,8,0,8,0
2020-06-05,Solano,095,438530,740,558,4,562,19
2020-06-05,Sonoma,097,501317,719,618,2,620,4
2020-06-05,Stanislaus,099,539301,1179,842,5,847,27
2020-06-05,Sutter,101,95872,73,49,0,49,2
2020-06-05,Tehama,103,63373,15,7,2,9,1
2020-06-05,Trinity,105,12862,8,1,2,3,0
2020-06-05,Tulare,107,460477,3090,2180,10,2190,90
2020-06-05,Tuolumne,109,53932,9,4,0,4,0
2020-06-05,Ventura,111,848112,1925,1274,11,1285,30
2020-06-05,Yolo,113,214977,261,216,0,216,24
2020-06-05,Yuba,115,75493,32,27,0,27,1
2020-06-04,Alameda,001,1643700,4177,3643,6,3649,99
2020-06-04,Alpine,003,1148,1,1,0,1,0
2020-06-04,Amador,005,37829,10,10,0,10,0
2020-06-04,Butte,007,227075,88,57,5,62,1
2020-06-04,Calaveras,009,45235,22,15,0,15,0
2020-06-04,Colusa,011,21464,9,7,0,7,0
2020-06-04,Contra Costa,013,1133247,1872,1551,1,1552,37
2020-06-04,Del Norte,015,27424,45,45,0,45,0
2020-06-04,El Dorado,017,186661,129,101,1,102,0
2020-06-04,Fresno,019,978130,3837,2007,54,2061,35
2020-06-04,Glenn,021,27897,22,16,0,16,0
2020-06-04,Humboldt,023,135768,115,109,0,109,2
2020-06-04,Imperial,025,180216,4659,2631,4,2635,19
2020-06-04,Inyo,027,18085,22,20,0,20,1
2020-06-04,Kern,029,883053,3336,2530,9,2539,46
2020-06-04,Kings,031,150075,1658,842,3,845,6
2020-06-04,Lake,033,64148,34,27,0,27,0
2020-06-04,Lassen,035,31185,11,4,2,6,0
2020-06-04,Los Angeles,037,10098052,68237,59596,21,59617,2515
2020-06-04,Madera,039,155013,330,127,1,128,3
2020-06-04,Marin,041,260295,630,533,2,535,14
2020-06-04,Mariposa,043,17540,16,16,0,16,1
2020-06-04,Mendocino,045,87422,33,29,0,29,0
2020-06-04,Merced,047,269075,474,304,1,305,7
2020-06-04,Modoc,049,8938,1,0,0,0,0
2020-06-04,Mono,051,14174,39,35,0,35,1
2020-06-04,Monterey,053,433212,877,621,2,623,10
2020-06-04,Napa,055,140530,162,117,0,117,3
2020-06-04,Nevada,057,99092,53,49,1,50,1
2020-06-04,Orange,059,3164182,10093,7192,72,7264,148
2020-06-04,Placer,061,380077,362,256,2,258,9
2020-06-04,Plumas,063,18699,4,4,0,4,0
2020-06-04,Riverside,065,2383286,11137,8473,23,8496,341
2020-06-04,Sacramento,067,1510023,1660,1492,2,1494,58
2020-06-04,San Benito,069,59416,114,88,0,88,2
2020-06-04,San Bernardino,071,2135413,7351,5726,5,5731,207
2020-06-04,San Diego,073,3302833,9306,7942,0,7942,288
2020-06-04,San Francisco,075,870044,2854,2636,0,2636,43
2020-06-04,San Joaquin,077,732212,1450,1016,3,1019,36
2020-06-04,San Luis Obispo,079,281455,387,288,4,292,1
2020-06-04,San Mateo,081,765935,2551,2284,2,2286,72
2020-06-04,Santa Barbara,083,443738,1960,1750,14,1764,13
2020-06-04,Santa Clara,085,1922200,3660,2871,14,2885,144
2020-06-04,Santa Cruz,087,273765,249,218,0,218,2
2020-06-04,Shasta,089,179085,66,40,0,40,4
2020-06-04,Sierra,091,2930,1,1,0,1,0
2020-06-04,Siskiyou,093,43540,15,8,0,8,0
2020-06-04,Solano,095,438530,723,551,4,555,19
2020-06-04,Sonoma,097,501317,700,591,1,592,4
2020-06-04,Stanislaus,099,539301,1103,806,5,811,28
2020-06-04,Sutter,101,95872,68,46,0,46,2
2020-06-04,Tehama,103,63373,14,6,1,7,1
2020-06-04,Trinity,105,12862,8,1,2,3,0
2020-06-04,Tulare,107,460477,2973,2086,10,2096,90
2020-06-04,Tuolumne,109,53932,8,4,0,4,0
2020-06-04,Ventura,111,848112,1881,1236,10,1246,30
2020-06-04,Yolo,113,214977,256,216,0,216,24
2020-06-04,Yuba,115,75493,31,27,0,27,1
2020-06-03,Alameda,001,1643700,4118,3589,5,3594,99
2020-06-03,Alpine,003,1148,1,1,0,1,0
2020-06-03,Amador,005,37829,10,10,0,10,0
2020-06-03,Butte,007,227075,86,53,5,58,1
2020-06-03,Calaveras,009,45235,21,15,0,15,0
2020-06-03,Colusa,011,21464,9,7,0,7,0
2020-06-03,Contra Costa,013,1133247,1824,1511,1,1512,37
2020-06-03,Del Norte,015,27424,45,39,0,39,0
2020-06-03,El Dorado,017,186661,126,90,1,91,0
2020-06-03,Fresno,019,978130,3738,1943,54,1997,35
2020-06-03,Glenn,021,27897,22,16,0,16,0
2020-06-03,Humboldt,023,135768,115,103,0,103,2
2020-06-03,Imperial,025,180216,4486,2540,4,2544,19
2020-06-03,Inyo,027,18085,22,20,0,20,1
2020-06-03,Kern,029,883053,3240,2452,8,2460,44
2020-06-03,Kings,031,150075,1595,744,3,747,6
2020-06-03,Lake,033,64148,32,26,0,26,0
2020-06-03,Lassen,035,31185,11,4,2,6,0
2020-06-03,Los Angeles,037,10098052,66636,58166,21,58187,2472
2020-06-03,Madera,039,155013,322,117,1,118,3
2020-06-03,Marin,041,260295,612,527,2,529,14
2020-06-03,Mariposa,043,17540,16,16,0,16,1
2020-06-03,Mendocino,045,87422,32,29,0,29,0
2020-06-03,Merced,047,269075,460,299,1,300,7
2020-06-03,Modoc,049,8938,1,0,0,0,0
2020-06-03,Mono,051,14174,39,35,0,35,1
2020-06-03,Monterey,053,433212,849,592,2,594,10
2020-06-03,Napa,055,140530,161,116,0,116,3
2020-06-03,Nevada,057,99092,52,43,1,44,1
2020-06-03,Orange,059,3164182,9867,6939,71,7010,145
2020-06-03,Placer,061,380077,342,243,2,245,9
2020-06-03,Plumas,063,18699,4,4,0,4,0
2020-06-03,Riverside,065,2383286,10863,8208,23,8231,335
2020-06-03,Sacramento,067,1510023,1631,1457,2,1459,58
2020-06-03,San Benito,069,59416,108,88,0,88,2
2020-06-03,San Bernardino,071,2135413,7128,5565,5,5570,203
2020-06-03,San Diego,073,3302833,9158,7800,0,7800,283
2020-06-03,San Francisco,075,870044,2823,2608,0,2608,43
2020-06-03,San Joaquin,077,732212,1386,1004,3,1007,35
2020-06-03,San Luis Obispo,079,281455,382,279,4,283,1
2020-06-03,San Mateo,081,765935,2523,2243,2,2245,71
2020-06-03,Santa Barbara,083,443738,1926,1722,13,1735,12
2020-06-03,Santa Clara,085,1922200,3618,2836,14,2850,144
2020-06-03,Santa Cruz,087,273765,243,217,0,217,2
2020-06-03,Shasta,089,179085,63,40,0,40,4
2020-06-03,Sierra,091,2930,1,1,0,1,0
2020-06-03,Siskiyou,093,43540,14,8,0,8,0
2020-06-03,Solano,095,438530,698,543,2,545,18
2020-06-03,Sonoma,097,501317,688,578,1,579,4
2020-06-03,Stanislaus,099,539301,1063,780,5,785,27
2020-06-03,Sutter,101,95872,60,45,0,45,2
2020-06-03,Tehama,103,63373,14,6,1,7,1
2020-06-03,Trinity,105,12862,8,1,2,3,0
2020-06-03,Tulare,107,460477,2904,2041,10,2051,88
2020-06-03,Tuolumne,109,53932,6,4,0,4,0
2020-06-03,Ventura,111,848112,1814,1202,10,1212,30
2020-06-03,Yolo,113,214977,252,213,0,213,24
2020-06-03,Yuba,115,75493,31,27,0,27,1
2020-06-02,Alameda,001,1643700,4042,3517,5,3522,99
2020-06-02,Alpine,003,1148,1,1,0,1,0
2020-06-02,Amador,005,37829,10,10,0,10,0
2020-06-02,Butte,007,227075,82,51,4,55,1
2020-06-02,Calaveras,009,45235,21,15,0,15,0
2020-06-02,Colusa,011,21464,9,7,0,7,0
2020-06-02,Contra Costa,013,1133247,1792,1505,1,1506,37
2020-06-02,Del Norte,015,27424,45,39,0,39,0
2020-06-02,El Dorado,017,186661,125,88,1,89,0
2020-06-02,Fresno,019,978130,3625,1917,54,1971,34
2020-06-02,Glenn,021,27897,21,16,0,16,0
2020-06-02,Humboldt,023,135768,115,101,0,101,2
2020-06-02,Imperial,025,180216,4293,2459,4,2463,19
2020-06-02,Inyo,027,18085,20,20,0,20,1
2020-06-02,Kern,029,883053,3141,2406,6,2412,41
2020-06-02,Kings,031,150075,1567,720,3,723,5
2020-06-02,Lake,033,64148,32,25,0,25,0
2020-06-02,Lassen,035,31185,10,4,2,6,0
2020-06-02,Los Angeles,037,10098052,65233,57144,21,57165,2430
2020-06-02,Madera,039,155013,301,110,1,111,2
2020-06-02,Marin,041,260295,585,509,2,511,14
2020-06-02,Mariposa,043,17540,16,16,0,16,1
2020-06-02,Mendocino,045,87422,32,29,0,29,0
2020-06-02,Merced,047,269075,444,297,1,298,6
2020-06-02,Modoc,049,8938,1,0,0,0,0
2020-06-02,Mono,051,14174,39,35,0,35,1
2020-06-02,Monterey,053,433212,819,582,2,584,10
2020-06-02,Napa,055,140530,152,116,0,116,3
2020-06-02,Nevada,057,99092,51,41,1,42,1
2020-06-02,Orange,059,3164182,9666,6790,70,6860,142
2020-06-02,Placer,061,380077,328,226,2,228,9
2020-06-02,Plumas,063,18699,4,4,0,4,0
2020-06-02,Riverside,065,2383286,10567,8091,22,8113,330
2020-06-02,Sacramento,067,1510023,1602,1428,2,1430,58
2020-06-02,San Benito,069,59416,107,86,0,86,2
2020-06-02,San Bernardino,071,2135413,6921,5438,5,5443,202
2020-06-02,San Diego,073,3302833,9012,7676,0,7676,276
2020-06-02,San Francisco,075,870044,2788,2554,0,2554,43
2020-06-02,San Joaquin,077,732212,1320,985,3,988,35
2020-06-02,San Luis Obispo,079,281455,377,275,4,279,1
2020-06-02,San Mateo,081,765935,2488,2203,2,2205,71
2020-06-02,Santa Barbara,083,443738,1886,1703,13,1716,12
2020-06-02,Santa Clara,085,1922200,3568,2819,14,2833,144
2020-06-02,Santa Cruz,087,273765,238,215,0,215,2
2020-06-02,Shasta,089,179085,62,38,0,38,4
2020-06-02,Sierra,091,2930,1,1,0,1,0
2020-06-02,Siskiyou,093,43540,13,8,0,8,0
2020-06-02,Solano,095,438530,683,537,1,538,18
2020-06-02,Sonoma,097,501317,677,571,1,572,4
2020-06-02,Stanislaus,099,539301,1004,772,5,777,27
2020-06-02,Sutter,101,95872,57,43,0,43,2
2020-06-02,Tehama,103,63373,14,6,1,7,1
2020-06-02,Trinity,105,12862,8,1,2,3,0
2020-06-02,Tulare,107,460477,2824,2012,10,2022,86
2020-06-02,Tuolumne,109,53932,6,4,0,4,0
2020-06-02,Ventura,111,848112,1761,1178,10,1188,30
2020-06-02,Yolo,113,214977,250,213,0,213,24
2020-06-02,Yuba,115,75493,31,27,0,27,1
2020-06-01,Alameda,001,1643700,3976,3460,5,3465,98
2020-06-01,Alpine,003,1148,1,1,0,1,0
2020-06-01,Amador,005,37829,10,10,0,10,0
2020-06-01,Butte,007,227075,81,50,3,53,1
2020-06-01,Calaveras,009,45235,21,15,0,15,0
2020-06-01,Colusa,011,21464,9,7,0,7,0
2020-06-01,Contra Costa,013,1133247,1756,1486,1,1487,37
2020-06-01,Del Norte,015,27424,45,38,0,38,0
2020-06-01,El Dorado,017,186661,123,88,1,89,0
2020-06-01,Fresno,019,978130,3529,1854,52,1906,33
2020-06-01,Glenn,021,27897,21,16,0,16,0
2020-06-01,Humboldt,023,135768,115,98,0,98,2
2020-06-01,Imperial,025,180216,4071,2366,4,2370,14
2020-06-01,Inyo,027,18085,20,20,0,20,1
2020-06-01,Kern,029,883053,3058,2366,6,2372,38
2020-06-01,Kings,031,150075,1299,703,3,706,4
2020-06-01,Lake,033,64148,32,22,0,22,0
2020-06-01,Lassen,035,31185,10,4,2,6,0
2020-06-01,Los Angeles,037,10098052,63760,55899,21,55920,2367
2020-06-01,Madera,039,155013,289,103,1,104,2
2020-06-01,Marin,041,260295,544,495,2,497,14
2020-06-01,Mariposa,043,17540,16,16,0,16,1
2020-06-01,Mendocino,045,87422,32,28,0,28,0
2020-06-01,Merced,047,269075,425,289,1,290,6
2020-06-01,Modoc,049,8938,1,0,0,0,0
2020-06-01,Mono,051,14174,39,35,0,35,1
2020-06-01,Monterey,053,433212,795,554,2,556,10
2020-06-01,Napa,055,140530,149,114,0,114,3
2020-06-01,Nevada,057,99092,51,41,1,42,1
2020-06-01,Orange,059,3164182,9469,6640,69,6709,135
2020-06-01,Placer,061,380077,316,218,2,220,9
2020-06-01,Plumas,063,18699,4,4,0,4,0
2020-06-01,Riverside,065,2383286,10115,7921,21,7942,322
2020-06-01,Sacramento,067,1510023,1563,1415,2,1417,58
2020-06-01,San Benito,069,59416,104,86,0,86,2
2020-06-01,San Bernardino,071,2135413,6715,5310,5,5315,202
2020-06-01,San Diego,073,3302833,8832,7556,0,7556,269
2020-06-01,San Francisco,075,870044,2751,2546,0,2546,43
2020-06-01,San Joaquin,077,732212,1255,957,3,960,35
2020-06-01,San Luis Obispo,079,281455,373,275,4,279,1
2020-06-01,San Mateo,081,765935,2458,2190,2,2192,71
2020-06-01,Santa Barbara,083,443738,1852,1671,12,1683,10
2020-06-01,Santa Clara,085,1922200,3530,2797,13,2810,142
2020-06-01,Santa Cruz,087,273765,234,215,0,215,2
2020-06-01,Shasta,089,179085,62,38,0,38,4
2020-06-01,Sierra,091,2930,1,1,0,1,0
2020-06-01,Siskiyou,093,43540,13,7,0,7,0
2020-06-01,Solano,095,438530,659,529,1,530,17
2020-06-01,Sonoma,097,501317,661,565,1,566,4
2020-06-01,Stanislaus,099,539301,967,758,5,763,27
2020-06-01,Sutter,101,95872,52,43,0,43,2
2020-06-01,Tehama,103,63373,11,5,1,6,1
2020-06-01,Trinity,105,12862,7,1,2,3,0
2020-06-01,Tulare,107,460477,2709,1976,10,1986,84
2020-06-01,Tuolumne,109,53932,5,4,0,4,0
2020-06-01,Ventura,111,848112,1708,1163,10,1173,29
2020-06-01,Yolo,113,214977,247,212,0,212,24
2020-06-01,Yuba,115,75493,30,26,0,26,1
2020-05-31,Alameda,001,1643700,3871,3362,5,3367,98
2020-05-31,Alpine,003,1148,1,1,0,1,0
2020-05-31,Amador,005,37829,10,10,0,10,0
2020-05-31,Butte,007,227075,79,51,3,54,0
2020-05-31,Calaveras,009,45235,18,15,0,15,0
2020-05-31,Colusa,011,21464,9,5,0,5,0
2020-05-31,Contra Costa,013,1133247,1722,1458,1,1459,37
2020-05-31,Del Norte,015,27424,45,37,0,37,0
2020-05-31,El Dorado,017,186661,119,88,1,89,0
2020-05-31,Fresno,019,978130,3364,1780,47,1827,31
2020-05-31,Glenn,021,27897,20,16,0,16,0
2020-05-31,Humboldt,023,135768,113,98,0,98,2
2020-05-31,Imperial,025,180216,3804,2197,4,2201,14
2020-05-31,Inyo,027,18085,20,20,0,20,1
2020-05-31,Kern,029,883053,2923,2300,6,2306,38
2020-05-31,Kings,031,150075,1263,703,3,706,3
2020-05-31,Lake,033,64148,32,19,0,19,0
2020-05-31,Lassen,035,31185,10,4,2,6,0
2020-05-31,Los Angeles,037,10098052,62466,54925,21,54946,2344
2020-05-31,Madera,039,155013,271,101,1,102,2
2020-05-31,Marin,041,260295,534,486,2,488,14
2020-05-31,Mariposa,043,17540,16,16,0,16,1
2020-05-31,Mendocino,045,87422,32,24,0,24,0
2020-05-31,Merced,047,269075,398,288,0,288,6
2020-05-31,Modoc,049,8938,0,0,0,0,0
2020-05-31,Mono,051,14174,39,34,0,34,1
2020-05-31,Monterey,053,433212,721,545,2,547,10
2020-05-31,Napa,055,140530,147,114,0,114,3
2020-05-31,Nevada,057,99092,50,41,1,42,1
2020-05-31,Orange,059,3164182,9258,6532,68,6600,135
2020-05-31,Placer,061,380077,294,215,2,217,9
2020-05-31,Plumas,063,18699,4,4,0,4,0
2020-05-31,Riverside,065,2383286,9859,7704,21,7725,321
2020-05-31,Sacramento,067,1510023,1532,1398,2,1400,57
2020-05-31,San Benito,069,59416,98,85,0,85,2
2020-05-31,San Bernardino,071,2135413,6447,5185,5,5190,198
2020-05-31,San Diego,073,3302833,8638,7483,0,7483,269
2020-05-31,San Francisco,075,870044,2715,2501,0,2501,43
2020-05-31,San Joaquin,077,732212,1190,888,3,891,34
2020-05-31,San Luis Obispo,079,281455,363,271,4,275,1
2020-05-31,San Mateo,081,765935,2412,2169,2,2171,71
2020-05-31,Santa Barbara,083,443738,1801,1662,11,1673,9
2020-05-31,Santa Clara,085,1922200,3486,2785,13,2798,142
2020-05-31,Santa Cruz,087,273765,231,210,0,210,2
2020-05-31,Shasta,089,179085,60,38,0,38,4
2020-05-31,Sierra,091,2930,1,1,0,1,0
2020-05-31,Siskiyou,093,43540,12,7,0,7,0
2020-05-31,Solano,095,438530,633,512,1,513,6
2020-05-31,Sonoma,097,501317,641,555,1,556,4
2020-05-31,Stanislaus,099,539301,913,738,5,743,27
2020-05-31,Sutter,101,95872,50,42,0,42,2
2020-05-31,Tehama,103,63373,10,4,1,5,1
2020-05-31,Trinity,105,12862,7,1,2,3,0
2020-05-31,Tulare,107,460477,2636,1884,10,1894,82
2020-05-31,Tuolumne,109,53932,5,4,0,4,0
2020-05-31,Ventura,111,848112,1647,1151,10,1161,30
2020-05-31,Yolo,113,214977,241,211,0,211,24
2020-05-31,Yuba,115,75493,30,26,0,26,1
2020-05-30,Alameda,001,1643700,3845,3304,5,3309,96
2020-05-30,Alpine,003,1148,1,1,0,1,0
2020-05-30,Amador,005,37829,10,10,0,10,0
2020-05-30,Butte,007,227075,78,44,3,47,0
2020-05-30,Calaveras,009,45235,17,15,0,15,0
2020-05-30,Colusa,011,21464,8,5,0,5,0
2020-05-30,Contra Costa,013,1133247,1706,1429,1,1430,37
2020-05-30,Del Norte,015,27424,45,37,0,37,0
2020-05-30,El Dorado,017,186661,118,86,1,87,0
2020-05-30,Fresno,019,978130,3303,1744,46,1790,31
2020-05-30,Glenn,021,27897,19,16,0,16,0
2020-05-30,Humboldt,023,135768,112,98,0,98,2
2020-05-30,Imperial,025,180216,3714,2091,4,2095,14
2020-05-30,Inyo,027,18085,20,20,0,20,1
2020-05-30,Kern,029,883053,2854,2217,6,2223,38
2020-05-30,Kings,031,150075,1249,703,3,706,3
2020-05-30,Lake,033,64148,31,18,0,18,0
2020-05-30,Lassen,035,31185,10,4,2,6,0
2020-05-30,Los Angeles,037,10098052,61931,53627,21,53648,2319
2020-05-30,Madera,039,155013,266,101,1,102,2
2020-05-30,Marin,041,260295,534,462,2,464,14
2020-05-30,Mariposa,043,17540,16,16,0,16,1
2020-05-30,Mendocino,045,87422,32,24,0,24,0
2020-05-30,Merced,047,269075,397,285,0,285,6
2020-05-30,Modoc,049,8938,0,0,0,0,0
2020-05-30,Mono,051,14174,39,34,0,34,1
2020-05-30,Monterey,053,433212,705,520,2,522,10
2020-05-30,Napa,055,140530,145,113,0,113,3
2020-05-30,Nevada,057,99092,50,41,1,42,1
2020-05-30,Orange,059,3164182,9101,6354,67,6421,134
2020-05-30,Placer,061,380077,286,199,1,200,9
2020-05-30,Plumas,063,18699,4,4,0,4,0
2020-05-30,Riverside,065,2383286,9715,7492,21,7513,316
2020-05-30,Sacramento,067,1510023,1521,1384,2,1386,57
2020-05-30,San Benito,069,59416,97,85,0,85,2
2020-05-30,San Bernardino,071,2135413,6338,5122,5,5127,198
2020-05-30,San Diego,073,3302833,8545,7387,0,7387,269
2020-05-30,San Francisco,075,870044,2690,2496,0,2496,41
2020-05-30,San Joaquin,077,732212,1152,888,3,891,34
2020-05-30,San Luis Obispo,079,281455,358,270,4,274,1
2020-05-30,San Mateo,081,765935,2388,2129,2,2131,71
2020-05-30,Santa Barbara,083,443738,1782,1660,11,1671,9
2020-05-30,Santa Clara,085,1922200,3470,2741,13,2754,141
2020-05-30,Santa Cruz,087,273765,231,206,0,206,2
2020-05-30,Shasta,089,179085,60,36,0,36,4
2020-05-30,Sierra,091,2930,1,1,0,1,0
2020-05-30,Siskiyou,093,43540,11,7,0,7,0
2020-05-30,Solano,095,438530,626,512,1,513,6
2020-05-30,Sonoma,097,501317,631,551,1,552,4
2020-05-30,Stanislaus,099,539301,896,712,5,717,27
2020-05-30,Sutter,101,95872,49,40,0,40,2
2020-05-30,Tehama,103,63373,10,4,1,5,1
2020-05-30,Trinity,105,12862,7,1,2,3,0
2020-05-30,Tulare,107,460477,2599,1879,10,1889,81
2020-05-30,Tuolumne,109,53932,5,4,0,4,0
2020-05-30,Ventura,111,848112,1630,1116,10,1126,30
2020-05-30,Yolo,113,214977,237,210,0,210,24
2020-05-30,Yuba,115,75493,30,25,0,25,1
2020-05-29,Alameda,001,1643700,3810,3209,5,3214,96
2020-05-29,Alpine,003,1148,1,1,0,1,0
2020-05-29,Amador,005,37829,10,10,0,10,0
2020-05-29,Butte,007,227075,73,41,3,44,0
2020-05-29,Calaveras,009,45235,17,15,0,15,0
2020-05-29,Colusa,011,21464,8,5,0,5,0
2020-05-29,Contra Costa,013,1133247,1690,1411,1,1412,37
2020-05-29,Del Norte,015,27424,45,37,0,37,0
2020-05-29,El Dorado,017,186661,117,85,1,86,0
2020-05-29,Fresno,019,978130,3253,1687,46,1733,31
2020-05-29,Glenn,021,27897,19,14,0,14,0
2020-05-29,Humboldt,023,135768,111,98,0,98,2
2020-05-29,Imperial,025,180216,3596,1607,4,1611,14
2020-05-29,Inyo,027,18085,20,20,0,20,1
2020-05-29,Kern,029,883053,2796,2128,6,2134,36
2020-05-29,Kings,031,150075,1238,693,3,696,3
2020-05-29,Lake,033,64148,30,17,0,17,0
2020-05-29,Lassen,035,31185,10,0,2,2,0
2020-05-29,Los Angeles,037,10098052,60975,51578,21,51599,2273
2020-05-29,Madera,039,155013,251,98,1,99,2
2020-05-29,Marin,041,260295,526,448,2,450,14
2020-05-29,Mariposa,043,17540,16,16,0,16,1
2020-05-29,Mendocino,045,87422,30,25,0,25,0
2020-05-29,Merced,047,269075,392,285,0,285,7
2020-05-29,Modoc,049,8938,0,0,0,0,0
2020-05-29,Mono,051,14174,38,34,0,34,1
2020-05-29,Monterey,053,433212,675,479,2,481,10
2020-05-29,Napa,055,140530,142,113,0,113,3
2020-05-29,Nevada,057,99092,50,41,1,42,1
2020-05-29,Orange,059,3164182,8915,6176,64,6240,133
2020-05-29,Placer,061,380077,264,199,1,200,9
2020-05-29,Plumas,063,18699,4,4,0,4,0
2020-05-29,Riverside,065,2383286,9529,7376,21,7397,313
2020-05-29,Sacramento,067,1510023,1498,1360,2,1362,57
2020-05-29,San Benito,069,59416,97,84,0,84,2
2020-05-29,San Bernardino,071,2135413,6230,4983,5,4988,196
2020-05-29,San Diego,073,3302833,8422,7242,0,7242,266
2020-05-29,San Francisco,075,870044,2666,2453,0,2453,41
2020-05-29,San Joaquin,077,732212,1115,855,3,858,34
2020-05-29,San Luis Obispo,079,281455,354,270,4,274,1
2020-05-29,San Mateo,081,765935,2372,2103,2,2105,71
2020-05-29,Santa Barbara,083,443738,1754,1656,11,1667,9
2020-05-29,Santa Clara,085,1922200,3442,2707,13,2720,141
2020-05-29,Santa Cruz,087,273765,228,203,0,203,2
2020-05-29,Shasta,089,179085,60,36,0,36,4
2020-05-29,Sierra,091,2930,1,1,0,1,0
2020-05-29,Siskiyou,093,43540,11,7,0,7,0
2020-05-29,Solano,095,438530,618,498,1,499,6
2020-05-29,Sonoma,097,501317,620,537,1,538,4
2020-05-29,Stanislaus,099,539301,866,698,5,703,27
2020-05-29,Sutter,101,95872,47,40,0,40,2
2020-05-29,Tehama,103,63373,9,4,1,5,1
2020-05-29,Trinity,105,12862,7,1,2,3,0
2020-05-29,Tulare,107,460477,2561,1852,10,1862,80
2020-05-29,Tuolumne,109,53932,5,4,0,4,0
2020-05-29,Ventura,111,848112,1606,1093,10,1103,29
2020-05-29,Yolo,113,214977,233,211,0,211,24
2020-05-29,Yuba,115,75493,29,25,0,25,1
2020-05-28,Alameda,001,1643700,3711,3083,5,3088,94
2020-05-28,Alpine,003,1148,1,1,0,1,0
2020-05-28,Amador,005,37829,10,10,0,10,0
2020-05-28,Butte,007,227075,72,40,3,43,0
2020-05-28,Calaveras,009,45235,16,15,0,15,0
2020-05-28,Colusa,011,21464,8,5,0,5,0
2020-05-28,Contra Costa,013,1133247,1651,1392,1,1393,37
2020-05-28,Del Norte,015,27424,45,37,0,37,0
2020-05-28,El Dorado,017,186661,114,82,1,83,0
2020-05-28,Fresno,019,978130,3172,1653,45,1698,31
2020-05-28,Glenn,021,27897,18,14,0,14,0
2020-05-28,Humboldt,023,135768,110,97,0,97,2
2020-05-28,Imperial,025,180216,3402,1430,4,1434,14
2020-05-28,Inyo,027,18085,20,20,0,20,1
2020-05-28,Kern,029,883053,2718,2069,6,2075,36
2020-05-28,Kings,031,150075,901,626,3,629,3
2020-05-28,Lake,033,64148,29,17,0,17,0
2020-05-28,Lassen,035,31185,10,0,2,2,0
2020-05-28,Los Angeles,037,10098052,59399,49861,21,49882,2222
2020-05-28,Madera,039,155013,233,93,1,94,2
2020-05-28,Marin,041,260295,501,443,2,445,14
2020-05-28,Mariposa,043,17540,16,16,0,16,1
2020-05-28,Mendocino,045,87422,28,24,0,24,0
2020-05-28,Merced,047,269075,383,283,0,283,7
2020-05-28,Modoc,049,8938,0,0,0,0,0
2020-05-28,Mono,051,14174,38,34,0,34,1
2020-05-28,Monterey,053,433212,643,471,2,473,10
2020-05-28,Napa,055,140530,139,113,0,113,3
2020-05-28,Nevada,057,99092,45,41,1,42,1
2020-05-28,Orange,059,3164182,8720,6045,64,6109,130
2020-05-28,Placer,061,380077,257,196,1,197,9
2020-05-28,Plumas,063,18699,4,4,0,4,0
2020-05-28,Riverside,065,2383286,9125,7240,20,7260,304
2020-05-28,Sacramento,067,1510023,1478,1339,2,1341,57
2020-05-28,San Benito,069,59416,96,82,0,82,2
2020-05-28,San Bernardino,071,2135413,6065,4831,5,4836,191
2020-05-28,San Diego,073,3302833,8265,7102,0,7102,260
2020-05-28,San Francisco,075,870044,2632,2417,0,2417,40
2020-05-28,San Joaquin,077,732212,1080,840,3,843,34
2020-05-28,San Luis Obispo,079,281455,351,267,4,271,1
2020-05-28,San Mateo,081,765935,2345,2070,2,2072,71
2020-05-28,Santa Barbara,083,443738,1726,1642,10,1652,9
2020-05-28,Santa Clara,085,1922200,3402,2698,13,2711,140
2020-05-28,Santa Cruz,087,273765,227,201,0,201,2
2020-05-28,Shasta,089,179085,58,36,0,36,4
2020-05-28,Sierra,091,2930,1,1,0,1,0
2020-05-28,Siskiyou,093,43540,9,6,0,6,0
2020-05-28,Solano,095,438530,601,489,1,490,6
2020-05-28,Sonoma,097,501317,598,529,1,530,4
2020-05-28,Stanislaus,099,539301,825,684,5,689,27
2020-05-28,Sutter,101,95872,47,40,0,40,2
2020-05-28,Tehama,103,63373,9,4,1,5,1
2020-05-28,Trinity,105,12862,6,1,2,3,0
2020-05-28,Tulare,107,460477,2525,1832,10,1842,79
2020-05-28,Tuolumne,109,53932,5,4,0,4,0
2020-05-28,Ventura,111,848112,1573,1083,10,1093,29
2020-05-28,Yolo,113,214977,230,206,0,206,22
2020-05-28,Yuba,115,75493,28,24,0,24,1
2020-05-27,Alameda,001,1643700,3628,3037,5,3042,94
2020-05-27,Alpine,003,1148,1,1,0,1,0
2020-05-27,Amador,005,37829,10,10,0,10,0
2020-05-27,Butte,007,227075,69,40,2,42,0
2020-05-27,Calaveras,009,45235,15,15,0,15,0
2020-05-27,Colusa,011,21464,8,5,0,5,0
2020-05-27,Contra Costa,013,1133247,1611,1373,1,1374,37
2020-05-27,Del Norte,015,27424,45,34,0,34,0
2020-05-27,El Dorado,017,186661,113,82,1,83,0
2020-05-27,Fresno,019,978130,3084,1620,45,1665,27
2020-05-27,Glenn,021,27897,18,14,0,14,0
2020-05-27,Humboldt,023,135768,110,86,0,86,2
2020-05-27,Imperial,025,180216,3222,1369,4,1373,14
2020-05-27,Inyo,027,18085,20,20,0,20,1
2020-05-27,Kern,029,883053,2653,1999,6,2005,37
2020-05-27,Kings,031,150075,874,586,3,589,3
2020-05-27,Lake,033,64148,29,13,0,13,0
2020-05-27,Lassen,035,31185,10,0,2,2,0
2020-05-27,Los Angeles,037,10098052,58025,48711,21,48732,2177
2020-05-27,Madera,039,155013,224,91,1,92,2
2020-05-27,Marin,041,260295,472,439,2,441,14
2020-05-27,Mariposa,043,17540,16,16,0,16,1
2020-05-27,Mendocino,045,87422,27,21,0,21,0
2020-05-27,Merced,047,269075,379,278,0,278,7
2020-05-27,Modoc,049,8938,0,0,0,0,0
2020-05-27,Mono,051,14174,38,34,0,34,1
2020-05-27,Monterey,053,433212,603,443,2,445,8
2020-05-27,Napa,055,140530,134,112,0,112,3
2020-05-27,Nevada,057,99092,44,41,1,42,1
2020-05-27,Orange,059,3164182,8565,5849,64,5913,121
2020-05-27,Placer,061,380077,238,196,0,196,9
2020-05-27,Plumas,063,18699,4,4,0,4,0
2020-05-27,Riverside,065,2383286,8746,7156,20,7176,299
2020-05-27,Sacramento,067,1510023,1450,1318,2,1320,50
2020-05-27,San Benito,069,59416,93,74,0,74,2
2020-05-27,San Bernardino,071,2135413,5881,4708,5,4713,183
2020-05-27,San Diego,073,3302833,8114,6985,0,6985,255
2020-05-27,San Francisco,075,870044,2603,2394,0,2394,40
2020-05-27,San Joaquin,077,732212,1039,825,3,828,34
2020-05-27,San Luis Obispo,079,281455,346,266,4,270,1
2020-05-27,San Mateo,081,765935,2305,2045,2,2047,71
2020-05-27,Santa Barbara,083,443738,1711,1629,10,1639,9
2020-05-27,Santa Clara,085,1922200,3369,2680,13,2693,140
2020-05-27,Santa Cruz,087,273765,223,202,0,202,2
2020-05-27,Shasta,089,179085,55,36,0,36,4
2020-05-27,Sierra,091,2930,1,1,0,1,0
2020-05-27,Siskiyou,093,43540,9,6,0,6,0
2020-05-27,Solano,095,438530,581,477,1,478,5
2020-05-27,Sonoma,097,501317,584,521,1,522,4
2020-05-27,Stanislaus,099,539301,800,675,5,680,27
2020-05-27,Sutter,101,95872,46,40,0,40,2
2020-05-27,Tehama,103,63373,9,3,1,4,1
2020-05-27,Trinity,105,12862,6,1,2,3,0
2020-05-27,Tulare,107,460477,2473,1817,10,1827,77
2020-05-27,Tuolumne,109,53932,5,4,0,4,0
2020-05-27,Ventura,111,848112,1548,1065,10,1075,28
2020-05-27,Yolo,113,214977,229,204,0,204,22
2020-05-27,Yuba,115,75493,28,24,0,24,1
2020-05-26,Alameda,001,1643700,3533,2956,5,2961,92
2020-05-26,Alpine,003,1148,1,1,0,1,0
2020-05-26,Amador,005,37829,10,10,0,10,0
2020-05-26,Butte,007,227075,67,37,1,38,0
2020-05-26,Calaveras,009,45235,15,13,0,13,0
2020-05-26,Colusa,011,21464,8,4,0,4,0
2020-05-26,Contra Costa,013,1133247,1575,1352,1,1353,37
2020-05-26,Del Norte,015,27424,44,30,0,30,0
2020-05-26,El Dorado,017,186661,109,79,1,80,0
2020-05-26,Fresno,019,978130,2997,1496,45,1541,22
2020-05-26,Glenn,021,27897,16,12,0,12,0
2020-05-26,Humboldt,023,135768,108,81,0,81,2
2020-05-26,Imperial,025,180216,3007,1369,4,1373,14
2020-05-26,Inyo,027,18085,20,20,0,20,1
2020-05-26,Kern,029,883053,2575,1890,6,1896,31
2020-05-26,Kings,031,150075,806,449,2,451,2
2020-05-26,Lake,033,64148,27,12,0,12,0
2020-05-26,Lassen,035,31185,9,0,2,2,0
2020-05-26,Los Angeles,037,10098052,56559,47760,21,47781,2121
2020-05-26,Madera,039,155013,209,83,1,84,2
2020-05-26,Marin,041,260295,460,424,2,426,14
2020-05-26,Mariposa,043,17540,16,16,0,16,1
2020-05-26,Mendocino,045,87422,25,20,0,20,0
2020-05-26,Merced,047,269075,363,266,0,266,7
2020-05-26,Modoc,049,8938,0,1,0,1,0
2020-05-26,Mono,051,14174,37,34,0,34,1
2020-05-26,Monterey,053,433212,575,424,1,425,8
2020-05-26,Napa,055,140530,129,109,0,109,3
2020-05-26,Nevada,057,99092,43,41,1,42,1
2020-05-26,Orange,059,3164182,8295,5651,63,5714,115
2020-05-26,Placer,061,380077,233,188,0,188,9
2020-05-26,Plumas,063,18699,4,4,0,4,0
2020-05-26,Riverside,065,2383286,8299,6917,20,6937,284
2020-05-26,Sacramento,067,1510023,1424,1298,2,1300,50
2020-05-26,San Benito,069,59416,88,69,0,69,2
2020-05-26,San Bernardino,071,2135413,5713,4430,5,4435,175
2020-05-26,San Diego,073,3302833,7971,6884,0,6884,249
2020-05-26,San Francisco,075,870044,2570,2363,0,2363,40
2020-05-26,San Joaquin,077,732212,992,760,3,763,33
2020-05-26,San Luis Obispo,079,281455,344,260,4,264,1
2020-05-26,San Mateo,081,765935,2267,1967,2,1969,71
2020-05-26,Santa Barbara,083,443738,1694,1590,9,1599,9
2020-05-26,Santa Clara,085,1922200,3337,2659,13,2672,139
2020-05-26,Santa Cruz,087,273765,221,197,0,197,2
2020-05-26,Shasta,089,179085,55,36,0,36,4
2020-05-26,Sierra,091,2930,1,1,0,1,0
2020-05-26,Siskiyou,093,43540,8,6,0,6,0
2020-05-26,Solano,095,438530,563,470,1,471,5
2020-05-26,Sonoma,097,501317,576,509,0,509,4
2020-05-26,Stanislaus,099,539301,780,663,5,668,27
2020-05-26,Sutter,101,95872,45,39,0,39,2
2020-05-26,Tehama,103,63373,8,2,1,3,1
2020-05-26,Trinity,105,12862,6,1,2,3,0
2020-05-26,Tulare,107,460477,2417,1768,10,1778,76
2020-05-26,Tuolumne,109,53932,5,2,0,2,0
2020-05-26,Ventura,111,848112,1511,1033,8,1041,27
2020-05-26,Yolo,113,214977,223,198,0,198,22
2020-05-26,Yuba,115,75493,27,24,0,24,1
2020-05-25,Alameda,001,1643700,3439,2900,5,2905,92
2020-05-25,Alpine,003,1148,1,1,0,1,0
2020-05-25,Amador,005,37829,10,10,0,10,0
2020-05-25,Butte,007,227075,64,37,1,38,0
2020-05-25,Calaveras,009,45235,15,13,0,13,0
2020-05-25,Colusa,011,21464,7,4,0,4,0
2020-05-25,Contra Costa,013,1133247,1543,1348,1,1349,37
2020-05-25,Del Norte,015,27424,44,20,0,20,0
2020-05-25,El Dorado,017,186661,101,78,1,79,0
2020-05-25,Fresno,019,978130,2894,1496,43,1539,22
2020-05-25,Glenn,021,27897,16,12,0,12,0
2020-05-25,Humboldt,023,135768,107,81,0,81,2
2020-05-25,Imperial,025,180216,2800,1369,4,1373,14
2020-05-25,Inyo,027,18085,19,20,0,20,1
2020-05-25,Kern,029,883053,2504,1890,6,1896,31
2020-05-25,Kings,031,150075,776,447,2,449,2
2020-05-25,Lake,033,64148,25,13,0,13,0
2020-05-25,Lassen,035,31185,9,0,2,2,0
2020-05-25,Los Angeles,037,10098052,54747,45952,20,45972,2094
2020-05-25,Madera,039,155013,196,83,1,84,2
2020-05-25,Marin,041,260295,442,415,2,417,14
2020-05-25,Mariposa,043,17540,16,15,0,15,1
2020-05-25,Mendocino,045,87422,22,19,0,19,0
2020-05-25,Merced,047,269075,356,262,0,262,6
2020-05-25,Modoc,049,8938,0,1,0,1,0
2020-05-25,Mono,051,14174,37,34,0,34,1
2020-05-25,Monterey,053,433212,545,418,1,419,8
2020-05-25,Napa,055,140530,129,107,0,107,3
2020-05-25,Nevada,057,99092,43,41,1,42,1
2020-05-25,Orange,059,3164182,8073,5601,62,5663,115
2020-05-25,Placer,061,380077,229,186,0,186,9
2020-05-25,Plumas,063,18699,4,4,0,4,0
2020-05-25,Riverside,065,2383286,8068,6900,20,6920,284
2020-05-25,Sacramento,067,1510023,1404,1290,1,1291,50
2020-05-25,San Benito,069,59416,87,70,0,70,2
2020-05-25,San Bernardino,071,2135413,5523,4393,4,4397,175
2020-05-25,San Diego,073,3302833,7795,6799,0,6799,249
2020-05-25,San Francisco,075,870044,2533,2358,0,2358,40
2020-05-25,San Joaquin,077,732212,966,760,3,763,33
2020-05-25,San Luis Obispo,079,281455,341,260,4,264,1
2020-05-25,San Mateo,081,765935,2230,1938,2,1940,71
2020-05-25,Santa Barbara,083,443738,1684,1590,9,1599,9
2020-05-25,Santa Clara,085,1922200,3304,2647,13,2660,139
2020-05-25,Santa Cruz,087,273765,219,191,0,191,2
2020-05-25,Shasta,089,179085,54,36,0,36,4
2020-05-25,Sierra,091,2930,1,1,0,1,0
2020-05-25,Siskiyou,093,43540,8,6,0,6,0
2020-05-25,Solano,095,438530,549,437,1,438,5
2020-05-25,Sonoma,097,501317,564,496,0,496,4
2020-05-25,Stanislaus,099,539301,750,651,5,656,27
2020-05-25,Sutter,101,95872,45,38,0,38,2
2020-05-25,Tehama,103,63373,7,2,1,3,1
2020-05-25,Trinity,105,12862,6,1,2,3,0
2020-05-25,Tulare,107,460477,2353,1747,10,1757,76
2020-05-25,Tuolumne,109,53932,5,2,0,2,0
2020-05-25,Ventura,111,848112,1470,1020,8,1028,27
2020-05-25,Yolo,113,214977,221,197,0,197,22
2020-05-25,Yuba,115,75493,26,24,0,24,1
2020-05-24,Alameda,001,1643700,3366,2830,5,2835,92
2020-05-24,Alpine,003,1148,1,1,0,1,0
2020-05-24,Amador,005,37829,10,9,0,9,0
2020-05-24,Butte,007,227075,62,35,1,36,0
2020-05-24,Calaveras,009,45235,15,13,0,13,0
2020-05-24,Colusa,011,21464,7,4,0,4,0
2020-05-24,Contra Costa,013,1133247,1515,1325,1,1326,37
2020-05-24,Del Norte,015,27424,43,16,0,16,0
2020-05-24,El Dorado,017,186661,100,76,1,77,0
2020-05-24,Fresno,019,978130,2827,1455,42,1497,22
2020-05-24,Glenn,021,27897,15,12,0,12,0
2020-05-24,Humboldt,023,135768,107,81,0,81,2
2020-05-24,Imperial,025,180216,2674,1369,4,1373,14
2020-05-24,Inyo,027,18085,19,20,0,20,1
2020-05-24,Kern,029,883053,2431,1861,5,1866,31
2020-05-24,Kings,031,150075,765,446,2,448,2
2020-05-24,Lake,033,64148,24,12,0,12,0
2020-05-24,Lassen,035,31185,8,0,2,2,0
2020-05-24,Los Angeles,037,10098052,53730,44954,20,44974,2085
2020-05-24,Madera,039,155013,190,83,1,84,2
2020-05-24,Marin,041,260295,440,401,2,403,14
2020-05-24,Mariposa,043,17540,16,15,0,15,1
2020-05-24,Mendocino,045,87422,21,19,0,19,0
2020-05-24,Merced,047,269075,355,258,0,258,6
2020-05-24,Modoc,049,8938,0,0,0,0,0
2020-05-24,Mono,051,14174,37,34,0,34,1
2020-05-24,Monterey,053,433212,517,405,1,406,8
2020-05-24,Napa,055,140530,127,104,0,104,3
2020-05-24,Nevada,057,99092,43,41,1,42,1
2020-05-24,Orange,059,3164182,7919,5439,61,5500,113
2020-05-24,Placer,061,380077,221,184,0,184,9
2020-05-24,Plumas,063,18699,4,4,0,4,0
2020-05-24,Riverside,065,2383286,7927,6571,20,6591,284
2020-05-24,Sacramento,067,1510023,1388,1283,1,1284,50
2020-05-24,San Benito,069,59416,86,67,0,67,2
2020-05-24,San Bernardino,071,2135413,5415,4262,4,4266,175
2020-05-24,San Diego,073,3302833,7652,6703,0,6703,249
2020-05-24,San Francisco,075,870044,2510,2318,0,2318,40
2020-05-24,San Joaquin,077,732212,947,760,3,763,33
2020-05-24,San Luis Obispo,079,281455,339,257,4,261,1
2020-05-24,San Mateo,081,765935,2195,1925,2,1927,71
2020-05-24,Santa Barbara,083,443738,1672,1573,9,1582,9
2020-05-24,Santa Clara,085,1922200,3284,2623,13,2636,139
2020-05-24,Santa Cruz,087,273765,216,185,0,185,2
2020-05-24,Shasta,089,179085,53,36,0,36,4
2020-05-24,Sierra,091,2930,1,1,0,1,0
2020-05-24,Siskiyou,093,43540,7,6,0,6,0
2020-05-24,Solano,095,438530,541,436,0,436,5
2020-05-24,Sonoma,097,501317,553,485,0,485,4
2020-05-24,Stanislaus,099,539301,730,634,5,639,27
2020-05-24,Sutter,101,95872,45,38,0,38,2
2020-05-24,Tehama,103,63373,5,2,1,3,1
2020-05-24,Trinity,105,12862,6,1,2,3,0
2020-05-24,Tulare,107,460477,2307,1684,10,1694,74
2020-05-24,Tuolumne,109,53932,5,2,0,2,0
2020-05-24,Ventura,111,848112,1458,982,8,990,27
2020-05-24,Yolo,113,214977,219,192,0,192,22
2020-05-24,Yuba,115,75493,26,24,0,24,1
2020-05-23,Alameda,001,1643700,3325,2783,5,2788,91
2020-05-23,Alpine,003,1148,1,1,0,1,0
2020-05-23,Amador,005,37829,10,9,0,9,0
2020-05-23,Butte,007,227075,61,34,1,35,0
2020-05-23,Calaveras,009,45235,15,13,0,13,0
2020-05-23,Colusa,011,21464,7,4,0,4,0
2020-05-23,Contra Costa,013,1133247,1504,1302,1,1303,36
2020-05-23,Del Norte,015,27424,43,10,0,10,0
2020-05-23,El Dorado,017,186661,100,74,1,75,0
2020-05-23,Fresno,019,978130,2807,1447,42,1489,21
2020-05-23,Glenn,021,27897,15,12,0,12,0
2020-05-23,Humboldt,023,135768,105,80,0,80,2
2020-05-23,Imperial,025,180216,2586,1283,4,1287,14
2020-05-23,Inyo,027,18085,19,20,0,20,1
2020-05-23,Kern,029,883053,2388,1806,5,1811,31
2020-05-23,Kings,031,150075,761,444,2,446,2
2020-05-23,Lake,033,64148,23,10,0,10,0
2020-05-23,Lassen,035,31185,8,0,2,2,0
2020-05-23,Los Angeles,037,10098052,53185,44029,20,44049,2069
2020-05-23,Madera,039,155013,186,83,1,84,2
2020-05-23,Marin,041,260295,440,393,1,394,14
2020-05-23,Mariposa,043,17540,16,15,0,15,1
2020-05-23,Mendocino,045,87422,21,13,0,13,0
2020-05-23,Merced,047,269075,352,247,0,247,6
2020-05-23,Modoc,049,8938,0,0,0,0,0
2020-05-23,Mono,051,14174,36,34,0,34,1
2020-05-23,Monterey,053,433212,503,397,1,398,8
2020-05-23,Napa,055,140530,123,101,0,101,3
2020-05-23,Nevada,057,99092,43,41,1,42,1
2020-05-23,Orange,059,3164182,7760,5313,60,5373,113
2020-05-23,Placer,061,380077,215,184,0,184,9
2020-05-23,Plumas,063,18699,4,4,0,4,0
2020-05-23,Riverside,065,2383286,7836,6460,20,6480,284
2020-05-23,Sacramento,067,1510023,1372,1275,1,1276,50
2020-05-23,San Benito,069,59416,81,67,0,67,2
2020-05-23,San Bernardino,071,2135413,5321,4172,4,4176,175
2020-05-23,San Diego,073,3302833,7561,6561,0,6561,249
2020-05-23,San Francisco,075,870044,2491,2312,0,2312,40
2020-05-23,San Joaquin,077,732212,932,759,3,762,33
2020-05-23,San Luis Obispo,079,281455,335,256,4,260,1
2020-05-23,San Mateo,081,765935,2167,1862,2,1864,71
2020-05-23,Santa Barbara,083,443738,1664,1566,9,1575,9
2020-05-23,Santa Clara,085,1922200,3270,2593,12,2605,139
2020-05-23,Santa Cruz,087,273765,214,177,0,177,2
2020-05-23,Shasta,089,179085,53,35,0,35,4
2020-05-23,Sierra,091,2930,1,1,0,1,0
2020-05-23,Siskiyou,093,43540,7,6,0,6,0
2020-05-23,Solano,095,438530,536,435,0,435,5
2020-05-23,Sonoma,097,501317,539,462,0,462,4
2020-05-23,Stanislaus,099,539301,722,625,5,630,27
2020-05-23,Sutter,101,95872,44,38,0,38,2
2020-05-23,Tehama,103,63373,5,2,1,3,1
2020-05-23,Trinity,105,12862,6,1,2,3,0
2020-05-23,Tulare,107,460477,2286,1682,10,1692,73
2020-05-23,Tuolumne,109,53932,5,2,0,2,0
2020-05-23,Ventura,111,848112,1438,961,8,969,27
2020-05-23,Yolo,113,214977,218,188,0,188,22
2020-05-23,Yuba,115,75493,26,24,0,24,1
2020-05-22,Alameda,001,1643700,3271,2722,5,2727,91
2020-05-22,Alpine,003,1148,1,1,0,1,0
2020-05-22,Amador,005,37829,10,9,0,9,0
2020-05-22,Butte,007,227075,59,34,1,35,0
2020-05-22,Calaveras,009,45235,15,13,0,13,0
2020-05-22,Colusa,011,21464,7,4,0,4,0
2020-05-22,Contra Costa,013,1133247,1492,1272,1,1273,36
2020-05-22,Del Norte,015,27424,41,9,0,9,0
2020-05-22,El Dorado,017,186661,97,74,1,75,0
2020-05-22,Fresno,019,978130,2748,1399,41,1440,20
2020-05-22,Glenn,021,27897,15,12,0,12,0
2020-05-22,Humboldt,023,135768,105,80,0,80,2
2020-05-22,Imperial,025,180216,2485,1214,4,1218,14
2020-05-22,Inyo,027,18085,19,20,0,20,1
2020-05-22,Kern,029,883053,2339,1749,5,1754,28
2020-05-22,Kings,031,150075,758,428,2,430,2
2020-05-22,Lake,033,64148,22,10,0,10,0
2020-05-22,Lassen,035,31185,6,0,2,2,0
2020-05-22,Los Angeles,037,10098052,52388,43025,20,43045,2027
2020-05-22,Madera,039,155013,182,82,1,83,2
2020-05-22,Marin,041,260295,436,372,1,373,14
2020-05-22,Mariposa,043,17540,16,15,0,15,1
2020-05-22,Mendocino,045,87422,20,13,0,13,0
2020-05-22,Merced,047,269075,352,233,0,233,6
2020-05-22,Modoc,049,8938,0,0,0,0,0
2020-05-22,Mono,051,14174,36,34,0,34,1
2020-05-22,Monterey,053,433212,492,372,1,373,8
2020-05-22,Napa,055,140530,121,97,0,97,3
2020-05-22,Nevada,057,99092,42,41,1,42,1
2020-05-22,Orange,059,3164182,7563,5144,58,5202,113
2020-05-22,Placer,061,380077,215,181,0,181,9
2020-05-22,Plumas,063,18699,4,4,0,4,0
2020-05-22,Riverside,065,2383286,7721,6351,20,6371,283
2020-05-22,Sacramento,067,1510023,1356,1262,1,1263,50
2020-05-22,San Benito,069,59416,80,64,0,64,2
2020-05-22,San Bernardino,071,2135413,5246,4107,4,4111,173
2020-05-22,San Diego,073,3302833,7475,6436,0,6436,242
2020-05-22,San Francisco,075,870044,2473,2251,0,2251,40
2020-05-22,San Joaquin,077,732212,919,747,3,750,33
2020-05-22,San Luis Obispo,079,281455,334,254,4,258,1
2020-05-22,San Mateo,081,765935,2148,1847,2,1849,71
2020-05-22,Santa Barbara,083,443738,1654,1554,9,1563,9
2020-05-22,Santa Clara,085,1922200,3250,2537,12,2549,139
2020-05-22,Santa Cruz,087,273765,211,171,0,171,2
2020-05-22,Shasta,089,179085,53,34,0,34,4
2020-05-22,Sierra,091,2930,1,0,0,0,0
2020-05-22,Siskiyou,093,43540,7,6,0,6,0
2020-05-22,Solano,095,438530,533,431,0,431,4
2020-05-22,Sonoma,097,501317,535,444,0,444,4
2020-05-22,Stanislaus,099,539301,712,616,5,621,27
2020-05-22,Sutter,101,95872,44,38,0,38,2
2020-05-22,Tehama,103,63373,5,2,0,2,1
2020-05-22,Trinity,105,12862,6,1,2,3,0
2020-05-22,Tulare,107,460477,2256,1662,10,1672,73
2020-05-22,Tuolumne,109,53932,5,2,0,2,0
2020-05-22,Ventura,111,848112,1420,937,8,945,27
2020-05-22,Yolo,113,214977,216,187,0,187,22
2020-05-22,Yuba,115,75493,26,24,0,24,1
2020-05-21,Alameda,001,1643700,3205,2606,5,2611,89
2020-05-21,Alpine,003,1148,1,1,0,1,0
2020-05-21,Amador,005,37829,10,9,0,9,0
2020-05-21,Butte,007,227075,58,31,1,32,0
2020-05-21,Calaveras,009,45235,15,13,0,13,0
2020-05-21,Colusa,011,21464,7,4,0,4,0
2020-05-21,Contra Costa,013,1133247,1456,1243,1,1244,36
2020-05-21,Del Norte,015,27424,38,9,0,9,0
2020-05-21,El Dorado,017,186661,95,67,1,68,0
2020-05-21,Fresno,019,978130,2657,1362,40,1402,20
2020-05-21,Glenn,021,27897,14,12,0,12,0
2020-05-21,Humboldt,023,135768,104,79,0,79,0
2020-05-21,Imperial,025,180216,2323,1096,4,1100,14
2020-05-21,Inyo,027,18085,19,20,0,20,1
2020-05-21,Kern,029,883053,2263,1684,4,1688,27
2020-05-21,Kings,031,150075,737,417,2,419,2
2020-05-21,Lake,033,64148,17,10,0,10,0
2020-05-21,Lassen,035,31185,6,0,2,2,0
2020-05-21,Los Angeles,037,10098052,51349,42063,20,42083,1996
2020-05-21,Madera,039,155013,179,82,1,83,2
2020-05-21,Marin,041,260295,425,359,1,360,14
2020-05-21,Mariposa,043,17540,16,15,0,15,1
2020-05-21,Mendocino,045,87422,20,12,0,12,0
2020-05-21,Merced,047,269075,341,226,0,226,6
2020-05-21,Modoc,049,8938,0,0,0,0,0
2020-05-21,Mono,051,14174,36,33,0,33,1
2020-05-21,Monterey,053,433212,481,363,1,364,8
2020-05-21,Napa,055,140530,119,96,0,96,3
2020-05-21,Nevada,057,99092,42,41,1,42,1
2020-05-21,Orange,059,3164182,7360,4975,58,5033,106
2020-05-21,Placer,061,380077,208,176,0,176,8
2020-05-21,Plumas,063,18699,4,4,0,4,0
2020-05-21,Riverside,065,2383286,7535,6245,20,6265,279
2020-05-21,Sacramento,067,1510023,1343,1258,1,1259,56
2020-05-21,San Benito,069,59416,77,61,0,61,2
2020-05-21,San Bernardino,071,2135413,5099,3950,4,3954,167
2020-05-21,San Diego,073,3302833,7339,6317,0,6317,241
2020-05-21,San Francisco,075,870044,2449,2248,0,2248,37
2020-05-21,San Joaquin,077,732212,883,730,3,733,33
2020-05-21,San Luis Obispo,079,281455,334,251,3,254,1
2020-05-21,San Mateo,081,765935,2112,1791,2,1793,74
2020-05-21,Santa Barbara,083,443738,1639,1541,9,1550,10
2020-05-21,Santa Clara,085,1922200,3228,2520,12,2532,138
2020-05-21,Santa Cruz,087,273765,203,164,0,164,3
2020-05-21,Shasta,089,179085,51,34,0,34,4
2020-05-21,Sierra,091,2930,1,0,0,0,0
2020-05-21,Siskiyou,093,43540,7,6,0,6,0
2020-05-21,Solano,095,438530,524,424,0,424,4
2020-05-21,Sonoma,097,501317,517,427,0,427,4
2020-05-21,Stanislaus,099,539301,700,602,5,607,27
2020-05-21,Sutter,101,95872,43,38,0,38,2
2020-05-21,Tehama,103,63373,4,2,0,2,1
2020-05-21,Trinity,105,12862,5,1,2,3,0
2020-05-21,Tulare,107,460477,2206,1606,8,1614,73
2020-05-21,Tuolumne,109,53932,3,2,0,2,0
2020-05-21,Ventura,111,848112,1371,907,8,915,30
2020-05-21,Yolo,113,214977,213,185,0,185,22
2020-05-21,Yuba,115,75493,26,24,0,24,1
2020-05-20,Alameda,001,1643700,3132,2554,5,2559,89
2020-05-20,Alpine,003,1148,1,1,0,1,0
2020-05-20,Amador,005,37829,10,9,0,9,0
2020-05-20,Butte,007,227075,55,30,1,31,0
2020-05-20,Calaveras,009,45235,15,13,0,13,0
2020-05-20,Colusa,011,21464,7,3,0,3,0
2020-05-20,Contra Costa,013,1133247,1426,1223,1,1224,33
2020-05-20,Del Norte,015,27424,31,9,0,9,0
2020-05-20,El Dorado,017,186661,94,67,1,68,0
2020-05-20,Fresno,019,978130,2584,1329,39,1368,17
2020-05-20,Glenn,021,27897,13,12,0,12,0
2020-05-20,Humboldt,023,135768,101,73,0,73,0
2020-05-20,Imperial,025,180216,2210,1047,4,1051,14
2020-05-20,Inyo,027,18085,19,20,0,20,1
2020-05-20,Kern,029,883053,2200,1639,3,1642,27
2020-05-20,Kings,031,150075,593,403,2,405,2
2020-05-20,Lake,033,64148,17,9,0,9,0
2020-05-20,Lassen,035,31185,5,0,2,2,0
2020-05-20,Los Angeles,037,10098052,50358,40932,20,40952,1955
2020-05-20,Madera,039,155013,177,82,1,83,2
2020-05-20,Marin,041,260295,398,348,1,349,14
2020-05-20,Mariposa,043,17540,16,15,0,15,1
2020-05-20,Mendocino,045,87422,20,12,0,12,0
2020-05-20,Merced,047,269075,334,225,0,225,6
2020-05-20,Modoc,049,8938,0,0,0,0,0
2020-05-20,Mono,051,14174,36,33,0,33,1
2020-05-20,Monterey,053,433212,467,356,1,357,8
2020-05-20,Napa,055,140530,112,93,0,93,3
2020-05-20,Nevada,057,99092,42,41,1,42,1
2020-05-20,Orange,059,3164182,7152,4866,56,4922,96
2020-05-20,Placer,061,380077,206,176,0,176,8
2020-05-20,Plumas,063,18699,4,4,0,4,0
2020-05-20,Riverside,065,2383286,7392,6090,20,6110,265
2020-05-20,Sacramento,067,1510023,1333,1244,1,1245,56
2020-05-20,San Benito,069,59416,76,61,0,61,2
2020-05-20,San Bernardino,071,2135413,4971,3771,4,3775,161
2020-05-20,San Diego,073,3302833,7222,6142,0,6142,230
2020-05-20,San Francisco,075,870044,2426,2199,0,2199,37
2020-05-20,San Joaquin,077,732212,847,713,3,716,33
2020-05-20,San Luis Obispo,079,281455,327,249,3,252,1
2020-05-20,San Mateo,081,765935,2059,1739,2,1741,74
2020-05-20,Santa Barbara,083,443738,1620,1524,9,1533,10
2020-05-20,Santa Clara,085,1922200,3207,2508,11,2519,138
2020-05-20,Santa Cruz,087,273765,200,163,0,163,3
2020-05-20,Shasta,089,179085,51,34,0,34,4
2020-05-20,Sierra,091,2930,1,0,0,0,0
2020-05-20,Siskiyou,093,43540,7,6,0,6,0
2020-05-20,Solano,095,438530,519,418,0,418,4
2020-05-20,Sonoma,097,501317,508,411,0,411,4
2020-05-20,Stanislaus,099,539301,684,584,4,588,25
2020-05-20,Sutter,101,95872,43,38,0,38,2
2020-05-20,Tehama,103,63373,4,2,0,2,1
2020-05-20,Trinity,105,12862,4,1,1,2,0
2020-05-20,Tulare,107,460477,2165,1585,8,1593,71
2020-05-20,Tuolumne,109,53932,3,2,0,2,0
2020-05-20,Ventura,111,848112,1335,879,8,887,29
2020-05-20,Yolo,113,214977,210,184,0,184,22
2020-05-20,Yuba,115,75493,26,23,0,23,1
2020-05-19,Alameda,001,1643700,3055,2493,3,2496,88
2020-05-19,Alpine,003,1148,1,1,0,1,0
2020-05-19,Amador,005,37829,10,9,0,9,0
2020-05-19,Butte,007,227075,53,25,1,26,0
2020-05-19,Calaveras,009,45235,15,13,0,13,0
2020-05-19,Colusa,011,21464,5,3,0,3,0
2020-05-19,Contra Costa,013,1133247,1402,1205,1,1206,33
2020-05-19,Del Norte,015,27424,28,8,0,8,0
2020-05-19,El Dorado,017,186661,91,67,0,67,0
2020-05-19,Fresno,019,978130,2471,1288,38,1326,15
2020-05-19,Glenn,021,27897,13,12,0,12,0
2020-05-19,Humboldt,023,135768,101,72,0,72,0
2020-05-19,Imperial,025,180216,2048,1012,4,1016,14
2020-05-19,Inyo,027,18085,19,20,0,20,1
2020-05-19,Kern,029,883053,2102,1601,3,1604,26
2020-05-19,Kings,031,150075,582,393,2,395,2
2020-05-19,Lake,033,64148,14,11,0,11,0
2020-05-19,Lassen,035,31185,5,0,2,2,0
2020-05-19,Los Angeles,037,10098052,49152,39670,20,39690,1906
2020-05-19,Madera,039,155013,173,80,1,81,2
2020-05-19,Marin,041,260295,374,340,1,341,14
2020-05-19,Mariposa,043,17540,16,15,0,15,1
2020-05-19,Mendocino,045,87422,20,12,0,12,0
2020-05-19,Merced,047,269075,326,222,0,222,5
2020-05-19,Modoc,049,8938,0,0,0,0,0
2020-05-19,Mono,051,14174,36,33,0,33,1
2020-05-19,Monterey,053,433212,455,350,1,351,8
2020-05-19,Napa,055,140530,111,93,0,93,3
2020-05-19,Nevada,057,99092,42,41,1,42,1
2020-05-19,Orange,059,3164182,6958,4746,54,4800,90
2020-05-19,Placer,061,380077,204,177,0,177,8
2020-05-19,Plumas,063,18699,4,5,0,5,0
2020-05-19,Riverside,065,2383286,7232,5963,19,5982,265
2020-05-19,Sacramento,067,1510023,1319,1239,1,1240,57
2020-05-19,San Benito,069,59416,74,59,0,59,2
2020-05-19,San Bernardino,071,2135413,4821,3656,4,3660,158
2020-05-19,San Diego,073,3302833,7078,6028,0,6028,222
2020-05-19,San Francisco,075,870044,2392,2186,0,2186,37
2020-05-19,San Joaquin,077,732212,825,705,3,708,33
2020-05-19,San Luis Obispo,079,281455,327,245,3,248,1
2020-05-19,San Mateo,081,765935,2018,1704,2,1706,71
2020-05-19,Santa Barbara,083,443738,1606,1521,9,1530,10
2020-05-19,Santa Clara,085,1922200,3157,2480,11,2491,138
2020-05-19,Santa Cruz,087,273765,189,161,0,161,3
2020-05-19,Shasta,089,179085,51,34,0,34,4
2020-05-19,Sierra,091,2930,0,0,0,0,0
2020-05-19,Siskiyou,093,43540,7,6,0,6,0
2020-05-19,Solano,095,438530,505,415,0,415,4
2020-05-19,Sonoma,097,501317,497,389,0,389,4
2020-05-19,Stanislaus,099,539301,670,582,4,586,25
2020-05-19,Sutter,101,95872,43,38,0,38,2
2020-05-19,Tehama,103,63373,4,2,0,2,1
2020-05-19,Trinity,105,12862,3,1,0,1,0
2020-05-19,Tulare,107,460477,2117,1551,8,1559,68
2020-05-19,Tuolumne,109,53932,3,2,0,2,0
2020-05-19,Ventura,111,848112,1294,861,7,868,28
2020-05-19,Yolo,113,214977,208,183,0,183,22
2020-05-19,Yuba,115,75493,26,23,0,23,1
2020-05-18,Alameda,001,1643700,2982,2442,3,2445,84
2020-05-18,Alpine,003,1148,1,1,0,1,0
2020-05-18,Amador,005,37829,10,8,0,8,0
2020-05-18,Butte,007,227075,51,24,1,25,0
2020-05-18,Calaveras,009,45235,15,13,0,13,0
2020-05-18,Colusa,011,21464,5,3,0,3,0
2020-05-18,Contra Costa,013,1133247,1371,1173,1,1174,33
2020-05-18,Del Norte,015,27424,23,8,0,8,0
2020-05-18,El Dorado,017,186661,89,67,0,67,0
2020-05-18,Fresno,019,978130,2395,1244,37,1281,14
2020-05-18,Glenn,021,27897,13,11,0,11,0
2020-05-18,Humboldt,023,135768,101,70,0,70,0
2020-05-18,Imperial,025,180216,1894,767,4,771,14
2020-05-18,Inyo,027,18085,19,20,0,20,1
2020-05-18,Kern,029,883053,2053,1566,3,1569,26
2020-05-18,Kings,031,150075,551,381,2,383,2
2020-05-18,Lake,033,64148,13,9,0,9,0
2020-05-18,Lassen,035,31185,5,0,2,2,0
2020-05-18,Los Angeles,037,10098052,48126,38477,20,38497,1825
2020-05-18,Madera,039,155013,167,74,1,75,2
2020-05-18,Marin,041,260295,361,329,1,330,14
2020-05-18,Mariposa,043,17540,16,15,0,15,1
2020-05-18,Mendocino,045,87422,15,12,0,12,0
2020-05-18,Merced,047,269075,317,217,0,217,5
2020-05-18,Modoc,049,8938,0,0,0,0,0
2020-05-18,Mono,051,14174,36,33,0,33,1
2020-05-18,Monterey,053,433212,444,345,1,346,8
2020-05-18,Napa,055,140530,107,92,0,92,3
2020-05-18,Nevada,057,99092,42,41,1,42,1
2020-05-18,Orange,059,3164182,6769,4558,52,4610,88
2020-05-18,Placer,061,380077,202,176,0,176,8
2020-05-18,Plumas,063,18699,4,5,0,5,0
2020-05-18,Riverside,065,2383286,7032,5873,18,5891,253
2020-05-18,Sacramento,067,1510023,1313,1233,0,1233,57
2020-05-18,San Benito,069,59416,72,59,0,59,2
2020-05-18,San Bernardino,071,2135413,4674,3558,4,3562,156
2020-05-18,San Diego,073,3302833,6945,5948,0,5948,211
2020-05-18,San Francisco,075,870044,2369,2183,0,2183,36
2020-05-18,San Joaquin,077,732212,813,697,3,700,33
2020-05-18,San Luis Obispo,079,281455,323,243,3,246,1
2020-05-18,San Mateo,081,765935,1980,1701,2,1703,68
2020-05-18,Santa Barbara,083,443738,1595,1501,9,1510,10
2020-05-18,Santa Clara,085,1922200,3124,2468,11,2479,137
2020-05-18,Santa Cruz,087,273765,187,160,0,160,3
2020-05-18,Shasta,089,179085,50,34,0,34,4
2020-05-18,Sierra,091,2930,0,0,0,0,0
2020-05-18,Siskiyou,093,43540,7,6,0,6,0
2020-05-18,Solano,095,438530,495,398,0,398,4
2020-05-18,Sonoma,097,501317,479,387,0,387,4
2020-05-18,Stanislaus,099,539301,658,572,4,576,25
2020-05-18,Sutter,101,95872,43,38,0,38,2
2020-05-18,Tehama,103,63373,4,2,0,2,1
2020-05-18,Trinity,105,12862,3,1,0,1,0
2020-05-18,Tulare,107,460477,2073,1491,8,1499,63
2020-05-18,Tuolumne,109,53932,3,2,0,2,0
2020-05-18,Ventura,111,848112,1271,850,6,856,27
2020-05-18,Yolo,113,214977,203,183,0,183,22
2020-05-18,Yuba,115,75493,26,23,0,23,1
2020-05-17,Alameda,001,1643700,2887,2389,3,2392,83
2020-05-17,Alpine,003,1148,1,1,0,1,0
2020-05-17,Amador,005,37829,10,8,0,8,0
2020-05-17,Butte,007,227075,50,23,1,24,0
2020-05-17,Calaveras,009,45235,15,13,0,13,0
2020-05-17,Colusa,011,21464,3,3,0,3,0
2020-05-17,Contra Costa,013,1133247,1332,1155,1,1156,33
2020-05-17,Del Norte,015,27424,23,7,0,7,0
2020-05-17,El Dorado,017,186661,89,65,0,65,0
2020-05-17,Fresno,019,978130,2290,1213,34,1247,14
2020-05-17,Glenn,021,27897,13,9,0,9,0
2020-05-17,Humboldt,023,135768,94,70,0,70,0
2020-05-17,Imperial,025,180216,1746,715,4,719,14
2020-05-17,Inyo,027,18085,19,20,0,20,1
2020-05-17,Kern,029,883053,1975,1546,3,1549,26
2020-05-17,Kings,031,150075,504,356,2,358,2
2020-05-17,Lake,033,64148,13,7,0,7,0
2020-05-17,Lassen,035,31185,5,0,2,2,0
2020-05-17,Los Angeles,037,10098052,46886,37996,20,38016,1807
2020-05-17,Madera,039,155013,165,69,1,70,2
2020-05-17,Marin,041,260295,350,315,1,316,14
2020-05-17,Mariposa,043,17540,15,15,0,15,1
2020-05-17,Mendocino,045,87422,14,10,0,10,0
2020-05-17,Merced,047,269075,306,214,0,214,5
2020-05-17,Modoc,049,8938,0,0,0,0,0
2020-05-17,Mono,051,14174,36,32,0,32,1
2020-05-17,Monterey,053,433212,424,342,1,343,8
2020-05-17,Napa,055,140530,104,89,0,89,3
2020-05-17,Nevada,057,99092,42,41,1,42,1
2020-05-17,Orange,059,3164182,6590,4466,51,4517,88
2020-05-17,Placer,061,380077,197,175,0,175,8
2020-05-17,Plumas,063,18699,4,4,0,4,0
2020-05-17,Riverside,065,2383286,6859,5776,18,5794,245
2020-05-17,Sacramento,067,1510023,1302,1224,0,1224,56
2020-05-17,San Benito,069,59416,71,59,0,59,2
2020-05-17,San Bernardino,071,2135413,4524,3467,4,3471,155
2020-05-17,San Diego,073,3302833,6813,5838,0,5838,209
2020-05-17,San Francisco,075,870044,2342,2132,0,2132,36
2020-05-17,San Joaquin,077,732212,783,688,3,691,32
2020-05-17,San Luis Obispo,079,281455,321,242,3,245,1
2020-05-17,San Mateo,081,765935,1943,1680,2,1682,68
2020-05-17,Santa Barbara,083,443738,1576,1457,9,1466,10
2020-05-17,Santa Clara,085,1922200,3086,2453,11,2464,135
2020-05-17,Santa Cruz,087,273765,176,155,0,155,3
2020-05-17,Shasta,089,179085,49,34,0,34,4
2020-05-17,Sierra,091,2930,0,0,0,0,0
2020-05-17,Siskiyou,093,43540,7,6,0,6,0
2020-05-17,Solano,095,438530,483,392,0,392,4
2020-05-17,Sonoma,097,501317,458,376,0,376,4
2020-05-17,Stanislaus,099,539301,647,566,4,570,25
2020-05-17,Sutter,101,95872,42,38,0,38,2
2020-05-17,Tehama,103,63373,3,2,0,2,1
2020-05-17,Trinity,105,12862,2,1,0,1,0
2020-05-17,Tulare,107,460477,1997,1430,7,1437,63
2020-05-17,Tuolumne,109,53932,3,2,0,2,0
2020-05-17,Ventura,111,848112,1226,838,6,844,27
2020-05-17,Yolo,113,214977,201,182,0,182,22
2020-05-17,Yuba,115,75493,26,21,0,21,1
2020-05-16,Alameda,001,1643700,2837,2327,3,2330,83
2020-05-16,Alpine,003,1148,1,1,0,1,0
2020-05-16,Amador,005,37829,10,8,0,8,0
2020-05-16,Butte,007,227075,45,22,1,23,0
2020-05-16,Calaveras,009,45235,15,13,0,13,0
2020-05-16,Colusa,011,21464,3,3,0,3,0
2020-05-16,Contra Costa,013,1133247,1314,1136,1,1137,33
2020-05-16,Del Norte,015,27424,19,4,0,4,0
2020-05-16,El Dorado,017,186661,89,65,0,65,0
2020-05-16,Fresno,019,978130,2234,1177,34,1211,14
2020-05-16,Glenn,021,27897,13,9,0,9,0
2020-05-16,Humboldt,023,135768,92,69,0,69,0
2020-05-16,Imperial,025,180216,1682,712,4,716,14
2020-05-16,Inyo,027,18085,19,20,0,20,1
2020-05-16,Kern,029,883053,1939,1509,3,1512,26
2020-05-16,Kings,031,150075,494,356,2,358,2
2020-05-16,Lake,033,64148,13,7,0,7,0
2020-05-16,Lassen,035,31185,4,0,2,2,0
2020-05-16,Los Angeles,037,10098052,46311,37352,20,37372,1778
2020-05-16,Madera,039,155013,163,70,1,71,2
2020-05-16,Marin,041,260295,346,297,1,298,14
2020-05-16,Mariposa,043,17540,15,15,0,15,1
2020-05-16,Mendocino,045,87422,14,10,0,10,0
2020-05-16,Merced,047,269075,304,201,0,201,5
2020-05-16,Modoc,049,8938,0,0,0,0,0
2020-05-16,Mono,051,14174,36,32,0,32,1
2020-05-16,Monterey,053,433212,409,329,1,330,8
2020-05-16,Napa,055,140530,104,86,0,86,3
2020-05-16,Nevada,057,99092,42,41,1,42,1
2020-05-16,Orange,059,3164182,6514,4396,50,4446,87
2020-05-16,Placer,061,380077,195,174,0,174,8
2020-05-16,Plumas,063,18699,4,4,0,4,0
2020-05-16,Riverside,065,2383286,6774,5633,18,5651,243
2020-05-16,Sacramento,067,1510023,1295,1209,0,1209,55
2020-05-16,San Benito,069,59416,66,58,0,58,2
2020-05-16,San Bernardino,071,2135413,4452,3362,4,3366,155
2020-05-16,San Diego,073,3302833,6727,5664,0,5664,209
2020-05-16,San Francisco,075,870044,2319,2094,0,2094,36
2020-05-16,San Joaquin,077,732212,775,668,3,671,32
2020-05-16,San Luis Obispo,079,281455,320,240,3,243,1
2020-05-16,San Mateo,081,765935,1928,1652,2,1654,68
2020-05-16,Santa Barbara,083,443738,1565,1422,9,1431,10
2020-05-16,Santa Clara,085,1922200,3068,2420,11,2431,135
2020-05-16,Santa Cruz,087,273765,173,154,0,154,3
2020-05-16,Shasta,089,179085,49,33,0,33,4
2020-05-16,Sierra,091,2930,0,0,0,0,0
2020-05-16,Siskiyou,093,43540,7,6,0,6,0
2020-05-16,Solano,095,438530,478,392,0,392,4
2020-05-16,Sonoma,097,501317,445,356,0,356,4
2020-05-16,Stanislaus,099,539301,638,546,4,550,24
2020-05-16,Sutter,101,95872,42,35,0,35,2
2020-05-16,Tehama,103,63373,3,2,0,2,1
2020-05-16,Trinity,105,12862,2,1,0,1,0
2020-05-16,Tulare,107,460477,1979,1426,7,1433,63
2020-05-16,Tuolumne,109,53932,3,2,0,2,0
2020-05-16,Ventura,111,848112,1200,813,6,819,25
2020-05-16,Yolo,113,214977,200,181,0,181,22
2020-05-16,Yuba,115,75493,26,21,0,21,1
2020-05-15,Alameda,001,1643700,2803,2289,3,2292,83
2020-05-15,Alpine,003,1148,1,1,0,1,0
2020-05-15,Amador,005,37829,10,8,0,8,0
2020-05-15,Butte,007,227075,43,22,1,23,0
2020-05-15,Calaveras,009,45235,14,13,0,13,0
2020-05-15,Colusa,011,21464,3,3,0,3,0
2020-05-15,Contra Costa,013,1133247,1296,1106,1,1107,33
2020-05-15,Del Norte,015,27424,14,4,0,4,0
2020-05-15,El Dorado,017,186661,89,64,0,64,0
2020-05-15,Fresno,019,978130,2168,1126,34,1160,14
2020-05-15,Glenn,021,27897,13,9,0,9,0
2020-05-15,Humboldt,023,135768,91,60,0,60,0
2020-05-15,Imperial,025,180216,1598,680,0,680,14
2020-05-15,Inyo,027,18085,19,20,0,20,1
2020-05-15,Kern,029,883053,1883,1472,3,1475,25
2020-05-15,Kings,031,150075,491,347,2,349,2
2020-05-15,Lake,033,64148,13,7,0,7,0
2020-05-15,Lassen,035,31185,4,0,2,2,0
2020-05-15,Los Angeles,037,10098052,45522,36317,20,36337,1734
2020-05-15,Madera,039,155013,162,71,1,72,2
2020-05-15,Marin,041,260295,338,295,1,296,14
2020-05-15,Mariposa,043,17540,15,15,0,15,1
2020-05-15,Mendocino,045,87422,14,10,0,10,0
2020-05-15,Merced,047,269075,301,191,0,191,5
2020-05-15,Modoc,049,8938,0,0,0,0,0
2020-05-15,Mono,051,14174,36,31,0,31,1
2020-05-15,Monterey,053,433212,403,321,1,322,8
2020-05-15,Napa,055,140530,104,83,0,83,3
2020-05-15,Nevada,057,99092,42,41,1,42,1
2020-05-15,Orange,059,3164182,6341,4281,50,4331,87
2020-05-15,Placer,061,380077,193,174,0,174,8
2020-05-15,Plumas,063,18699,4,4,0,4,0
2020-05-15,Riverside,065,2383286,6660,5496,18,5514,233
2020-05-15,Sacramento,067,1510023,1285,1203,0,1203,55
2020-05-15,San Benito,069,59416,63,57,0,57,2
2020-05-15,San Bernardino,071,2135413,4374,3225,4,3229,153
2020-05-15,San Diego,073,3302833,6620,5525,0,5525,208
2020-05-15,San Francisco,075,870044,2303,2062,0,2062,36
2020-05-15,San Joaquin,077,732212,769,656,3,659,32
2020-05-15,San Luis Obispo,079,281455,318,237,3,240,1
2020-05-15,San Mateo,081,765935,1906,1612,2,1614,68
2020-05-15,Santa Barbara,083,443738,1556,1409,8,1417,10
2020-05-15,Santa Clara,085,1922200,3025,2395,10,2405,135
2020-05-15,Santa Cruz,087,273765,172,146,0,146,3
2020-05-15,Shasta,089,179085,48,33,0,33,4
2020-05-15,Sierra,091,2930,0,0,0,0,0
2020-05-15,Siskiyou,093,43540,6,5,0,5,0
2020-05-15,Solano,095,438530,474,388,0,388,4
2020-05-15,Sonoma,097,501317,437,349,0,349,4
2020-05-15,Stanislaus,099,539301,631,540,4,544,23
2020-05-15,Sutter,101,95872,41,35,0,35,2
2020-05-15,Tehama,103,63373,3,1,0,1,1
2020-05-15,Trinity,105,12862,2,1,0,1,0
2020-05-15,Tulare,107,460477,1951,1356,7,1363,61
2020-05-15,Tuolumne,109,53932,3,2,0,2,0
2020-05-15,Ventura,111,848112,1182,789,5,794,25
2020-05-15,Yolo,113,214977,199,182,0,182,22
2020-05-15,Yuba,115,75493,26,21,0,21,1
2020-05-14,Alameda,001,1643700,2711,2255,3,2258,80
2020-05-14,Alpine,003,1148,1,1,0,1,0
2020-05-14,Amador,005,37829,10,8,0,8,0
2020-05-14,Butte,007,227075,41,22,1,23,0
2020-05-14,Calaveras,009,45235,14,13,0,13,0
2020-05-14,Colusa,011,21464,3,3,0,3,0
2020-05-14,Contra Costa,013,1133247,1269,1090,1,1091,32
2020-05-14,Del Norte,015,27424,14,4,0,4,0
2020-05-14,El Dorado,017,186661,80,59,0,59,0
2020-05-14,Fresno,019,978130,2108,1038,30,1068,12
2020-05-14,Glenn,021,27897,12,8,0,8,0
2020-05-14,Humboldt,023,135768,89,59,0,59,0
2020-05-14,Imperial,025,180216,1481,652,0,652,13
2020-05-14,Inyo,027,18085,19,20,0,20,1
2020-05-14,Kern,029,883053,1841,1430,3,1433,21
2020-05-14,Kings,031,150075,475,342,2,344,1
2020-05-14,Lake,033,64148,13,7,0,7,0
2020-05-14,Lassen,035,31185,4,0,2,2,0
2020-05-14,Los Angeles,037,10098052,44349,35427,20,35447,1693
2020-05-14,Madera,039,155013,153,69,1,70,2
2020-05-14,Marin,041,260295,320,283,1,284,14
2020-05-14,Mariposa,043,17540,15,15,0,15,0
2020-05-14,Mendocino,045,87422,13,10,0,10,0
2020-05-14,Merced,047,269075,290,182,0,182,3
2020-05-14,Modoc,049,8938,0,0,0,0,0
2020-05-14,Mono,051,14174,36,31,0,31,1
2020-05-14,Monterey,053,433212,393,317,1,318,7
2020-05-14,Napa,055,140530,102,83,0,83,3
2020-05-14,Nevada,057,99092,41,41,1,42,1
2020-05-14,Orange,059,3164182,6166,4163,48,4211,83
2020-05-14,Placer,061,380077,193,172,0,172,8
2020-05-14,Plumas,063,18699,4,4,0,4,0
2020-05-14,Riverside,065,2383286,6476,5339,18,5357,224
2020-05-14,Sacramento,067,1510023,1273,1181,0,1181,55
2020-05-14,San Benito,069,59416,61,56,0,56,2
2020-05-14,San Bernardino,071,2135413,4195,3149,4,3153,149
2020-05-14,San Diego,073,3302833,6485,5393,0,5393,200
2020-05-14,San Francisco,075,870044,2270,2029,0,2029,36
2020-05-14,San Joaquin,077,732212,754,643,3,646,31
2020-05-14,San Luis Obispo,079,281455,315,236,3,239,1
2020-05-14,San Mateo,081,765935,1874,1588,2,1590,67
2020-05-14,Santa Barbara,083,443738,1544,1395,8,1403,11
2020-05-14,Santa Clara,085,1922200,3002,2380,10,2390,134
2020-05-14,Santa Cruz,087,273765,170,145,0,145,3
2020-05-14,Shasta,089,179085,48,33,0,33,4
2020-05-14,Sierra,091,2930,0,0,0,0,0
2020-05-14,Siskiyou,093,43540,6,5,0,5,0
2020-05-14,Solano,095,438530,465,372,0,372,4
2020-05-14,Sonoma,097,501317,420,333,0,333,4
2020-05-14,Stanislaus,099,539301,612,533,4,537,23
2020-05-14,Sutter,101,95872,41,34,0,34,2
2020-05-14,Tehama,103,63373,3,1,0,1,1
2020-05-14,Trinity,105,12862,2,1,0,1,0
2020-05-14,Tulare,107,460477,1912,1317,7,1324,55
2020-05-14,Tuolumne,109,53932,3,2,0,2,0
2020-05-14,Ventura,111,848112,1151,760,5,765,25
2020-05-14,Yolo,113,214977,199,180,0,180,22
2020-05-14,Yuba,115,75493,26,21,0,21,1
2020-05-13,Alameda,001,1643700,2653,2181,3,2184,78
2020-05-13,Alpine,003,1148,1,1,0,1,0
2020-05-13,Amador,005,37829,10,8,0,8,0
2020-05-13,Butte,007,227075,41,21,1,22,0
2020-05-13,Calaveras,009,45235,14,13,0,13,0
2020-05-13,Colusa,011,21464,3,3,0,3,0
2020-05-13,Contra Costa,013,1133247,1247,1082,1,1083,32
2020-05-13,Del Norte,015,27424,13,4,0,4,0
2020-05-13,El Dorado,017,186661,79,58,0,58,0
2020-05-13,Fresno,019,978130,2010,993,30,1023,10
2020-05-13,Glenn,021,27897,11,6,0,6,0
2020-05-13,Humboldt,023,135768,83,58,0,58,0
2020-05-13,Imperial,025,180216,1411,610,0,610,11
2020-05-13,Inyo,027,18085,19,20,0,20,1
2020-05-13,Kern,029,883053,1795,1390,3,1393,19
2020-05-13,Kings,031,150075,461,314,2,316,1
2020-05-13,Lake,033,64148,13,7,0,7,0
2020-05-13,Lassen,035,31185,4,0,2,2,0
2020-05-13,Los Angeles,037,10098052,43038,34574,20,34594,1643
2020-05-13,Madera,039,155013,144,69,1,70,2
2020-05-13,Marin,041,260295,307,278,1,279,14
2020-05-13,Mariposa,043,17540,15,15,0,15,0
2020-05-13,Mendocino,045,87422,13,10,0,10,0
2020-05-13,Merced,047,269075,287,176,0,176,3
2020-05-13,Modoc,049,8938,0,0,0,0,0
2020-05-13,Mono,051,14174,35,31,0,31,1
2020-05-13,Monterey,053,433212,383,309,1,310,6
2020-05-13,Napa,055,140530,102,81,0,81,3
2020-05-13,Nevada,057,99092,41,41,1,42,1
2020-05-13,Orange,059,3164182,5920,4025,46,4071,79
2020-05-13,Placer,061,380077,192,170,0,170,8
2020-05-13,Plumas,063,18699,4,4,0,4,0
2020-05-13,Riverside,065,2383286,6353,5204,18,5222,216
2020-05-13,Sacramento,067,1510023,1258,1173,0,1173,53
2020-05-13,San Benito,069,59416,61,55,0,55,2
2020-05-13,San Bernardino,071,2135413,3939,3064,3,3067,140
2020-05-13,San Diego,073,3302833,6349,5280,0,5280,194
2020-05-13,San Francisco,075,870044,2242,2004,0,2004,35
2020-05-13,San Joaquin,077,732212,733,639,3,642,31
2020-05-13,San Luis Obispo,079,281455,313,231,3,234,1
2020-05-13,San Mateo,081,765935,1842,1550,2,1552,66
2020-05-13,Santa Barbara,083,443738,1533,1382,8,1390,10
2020-05-13,Santa Clara,085,1922200,2982,2370,10,2380,132
2020-05-13,Santa Cruz,087,273765,166,142,0,142,2
2020-05-13,Shasta,089,179085,48,32,0,32,4
2020-05-13,Sierra,091,2930,0,0,0,0,0
2020-05-13,Siskiyou,093,43540,6,5,0,5,0
2020-05-13,Solano,095,438530,452,368,0,368,4
2020-05-13,Sonoma,097,501317,410,330,0,330,4
2020-05-13,Stanislaus,099,539301,603,521,4,525,15
2020-05-13,Sutter,101,95872,41,33,0,33,2
2020-05-13,Tehama,103,63373,3,1,0,1,1
2020-05-13,Trinity,105,12862,2,2,0,2,0
2020-05-13,Tulare,107,460477,1879,1283,7,1290,54
2020-05-13,Tuolumne,109,53932,3,2,0,2,0
2020-05-13,Ventura,111,848112,1120,742,5,747,25
2020-05-13,Yolo,113,214977,197,178,0,178,22
2020-05-13,Yuba,115,75493,24,19,0,19,1
2020-05-12,Alameda,001,1643700,2589,2146,3,2149,74
2020-05-12,Alpine,003,1148,1,1,0,1,0
2020-05-12,Amador,005,37829,10,8,0,8,0
2020-05-12,Butte,007,227075,39,20,1,21,0
2020-05-12,Calaveras,009,45235,13,13,0,13,0
2020-05-12,Colusa,011,21464,3,3,0,3,0
2020-05-12,Contra Costa,013,1133247,1216,1067,1,1068,32
2020-05-12,Del Norte,015,27424,10,3,0,3,0
2020-05-12,El Dorado,017,186661,76,56,0,56,0
2020-05-12,Fresno,019,978130,1926,978,28,1006,9
2020-05-12,Glenn,021,27897,10,6,0,6,0
2020-05-12,Humboldt,023,135768,80,58,0,58,0
2020-05-12,Imperial,025,180216,1281,602,0,602,9
2020-05-12,Inyo,027,18085,19,20,0,20,1
2020-05-12,Kern,029,883053,1754,1363,3,1366,18
2020-05-12,Kings,031,150075,440,302,2,304,1
2020-05-12,Lake,033,64148,13,7,0,7,0
2020-05-12,Lassen,035,31185,4,0,2,2,0
2020-05-12,Los Angeles,037,10098052,42042,33281,19,33300,1601
2020-05-12,Madera,039,155013,138,69,1,70,2
2020-05-12,Marin,041,260295,302,274,1,275,14
2020-05-12,Mariposa,043,17540,15,15,0,15,0
2020-05-12,Mendocino,045,87422,13,10,0,10,0
2020-05-12,Merced,047,269075,276,175,0,175,3
2020-05-12,Modoc,049,8938,0,0,0,0,0
2020-05-12,Mono,051,14174,35,31,0,31,1
2020-05-12,Monterey,053,433212,376,298,1,299,6
2020-05-12,Napa,055,140530,100,80,0,80,3
2020-05-12,Nevada,057,99092,41,41,1,42,1
2020-05-12,Orange,059,3164182,5737,3843,44,3887,78
2020-05-12,Placer,061,380077,191,170,0,170,8
2020-05-12,Plumas,063,18699,4,4,0,4,0
2020-05-12,Riverside,065,2383286,6230,5134,18,5152,210
2020-05-12,Sacramento,067,1510023,1238,1166,0,1166,52
2020-05-12,San Benito,069,59416,61,55,0,55,2
2020-05-12,San Bernardino,071,2135413,3787,2997,3,3000,131
2020-05-12,San Diego,073,3302833,6205,3,0,3,0
2020-05-12,San Francisco,075,870044,2207,1981,0,1981,35
2020-05-12,San Joaquin,077,732212,718,625,3,628,30
2020-05-12,San Luis Obispo,079,281455,310,226,3,229,1
2020-05-12,San Mateo,081,765935,1816,1533,2,1535,66
2020-05-12,Santa Barbara,083,443738,1502,1377,8,1385,10
2020-05-12,Santa Clara,085,1922200,2952,2362,10,2372,131
2020-05-12,Santa Cruz,087,273765,164,141,0,141,2
2020-05-12,Shasta,089,179085,47,33,0,33,4
2020-05-12,Sierra,091,2930,0,0,0,0,0
2020-05-12,Siskiyou,093,43540,6,5,0,5,0
2020-05-12,Solano,095,438530,444,361,0,361,4
2020-05-12,Sonoma,097,501317,387,308,0,308,4
2020-05-12,Stanislaus,099,539301,596,515,4,519,15
2020-05-12,Sutter,101,95872,41,33,0,33,2
2020-05-12,Tehama,103,63373,3,1,0,1,1
2020-05-12,Trinity,105,12862,2,1,0,1,0
2020-05-12,Tulare,107,460477,1847,1261,7,1268,52
2020-05-12,Tuolumne,109,53932,3,2,0,2,0
2020-05-12,Ventura,111,848112,1064,718,5,723,20
2020-05-12,Yolo,113,214977,196,176,0,176,22
2020-05-12,Yuba,115,75493,24,19,0,19,1
2020-05-11,Alameda,001,1643700,2539,2103,3,2106,71
2020-05-11,Alpine,003,1148,1,1,0,1,0
2020-05-11,Amador,005,37829,10,8,0,8,0
2020-05-11,Butte,007,227075,38,19,1,20,0
2020-05-11,Calaveras,009,45235,13,13,0,13,0
2020-05-11,Colusa,011,21464,3,3,0,3,0
2020-05-11,Contra Costa,013,1133247,1202,1052,1,1053,32
2020-05-11,Del Norte,015,27424,8,3,0,3,0
2020-05-11,El Dorado,017,186661,76,55,0,55,0
2020-05-11,Fresno,019,978130,1835,937,27,964,8
2020-05-11,Glenn,021,27897,10,6,0,6,0
2020-05-11,Humboldt,023,135768,77,56,0,56,0
2020-05-11,Imperial,025,180216,1174,562,0,562,9
2020-05-11,Inyo,027,18085,19,20,0,20,1
2020-05-11,Kern,029,883053,1702,1331,3,1334,17
2020-05-11,Kings,031,150075,417,289,1,290,1
2020-05-11,Lake,033,64148,12,7,0,7,0
2020-05-11,Lassen,035,31185,4,0,2,2,0
2020-05-11,Los Angeles,037,10098052,40862,32279,19,32298,1553
2020-05-11,Madera,039,155013,129,68,1,69,2
2020-05-11,Marin,041,260295,293,271,1,272,14
2020-05-11,Mariposa,043,17540,15,15,0,15,0
2020-05-11,Mendocino,045,87422,13,10,0,10,0
2020-05-11,Merced,047,269075,261,158,0,158,3
2020-05-11,Modoc,049,8938,0,0,0,0,0
2020-05-11,Mono,051,14174,35,30,0,30,1
2020-05-11,Monterey,053,433212,373,286,1,287,6
2020-05-11,Napa,055,140530,94,79,0,79,2
2020-05-11,Nevada,057,99092,41,41,1,42,1
2020-05-11,Orange,059,3164182,5523,3699,38,3737,77
2020-05-11,Placer,061,380077,191,170,0,170,8
2020-05-11,Plumas,063,18699,4,4,0,4,0
2020-05-11,Riverside,065,2383286,6072,5082,17,5099,203
2020-05-11,Sacramento,067,1510023,1223,1160,0,1160,52
2020-05-11,San Benito,069,59416,59,52,0,52,2
2020-05-11,San Bernardino,071,2135413,3676,2945,3,2948,124
2020-05-11,San Diego,073,3302833,6052,5067,0,5067,175
2020-05-11,San Francisco,075,870044,2161,1974,0,1974,35
2020-05-11,San Joaquin,077,732212,708,620,3,623,30
2020-05-11,San Luis Obispo,079,281455,308,224,3,227,1
2020-05-11,San Mateo,081,765935,1790,1499,2,1501,66
2020-05-11,Santa Barbara,083,443738,1491,1372,7,1379,10
2020-05-11,Santa Clara,085,1922200,2935,2340,10,2350,129
2020-05-11,Santa Cruz,087,273765,161,140,0,140,2
2020-05-11,Shasta,089,179085,47,31,0,31,4
2020-05-11,Sierra,091,2930,0,0,0,0,0
2020-05-11,Siskiyou,093,43540,6,5,0,5,0
2020-05-11,Solano,095,438530,439,354,0,354,4
2020-05-11,Sonoma,097,501317,377,303,0,303,3
2020-05-11,Stanislaus,099,539301,586,507,4,511,14
2020-05-11,Sutter,101,95872,40,32,0,32,2
2020-05-11,Tehama,103,63373,3,1,0,1,1
2020-05-11,Trinity,105,12862,2,1,0,1,0
2020-05-11,Tulare,107,460477,1798,1203,7,1210,49
2020-05-11,Tuolumne,109,53932,3,2,0,2,0
2020-05-11,Ventura,111,848112,1003,698,4,702,19
2020-05-11,Yolo,113,214977,196,174,0,174,20
2020-05-11,Yuba,115,75493,24,18,0,18,1
2020-05-10,Alameda,001,1643700,2462,2047,3,2050,71
2020-05-10,Alpine,003,1148,1,1,0,1,0
2020-05-10,Amador,005,37829,10,8,0,8,0
2020-05-10,Butte,007,227075,33,18,1,19,0
2020-05-10,Calaveras,009,45235,13,13,0,13,0
2020-05-10,Colusa,011,21464,3,3,0,3,0
2020-05-10,Contra Costa,013,1133247,1188,1046,0,1046,31
2020-05-10,Del Norte,015,27424,7,3,0,3,0
2020-05-10,El Dorado,017,186661,76,55,0,55,0
2020-05-10,Fresno,019,978130,1750,894,27,921,8
2020-05-10,Glenn,021,27897,10,6,0,6,0
2020-05-10,Humboldt,023,135768,73,56,0,56,0
2020-05-10,Imperial,025,180216,1079,509,0,509,7
2020-05-10,Inyo,027,18085,19,20,0,20,1
2020-05-10,Kern,029,883053,1651,1300,2,1302,16
2020-05-10,Kings,031,150075,404,266,1,267,1
2020-05-10,Lake,033,64148,12,7,0,7,0
2020-05-10,Lassen,035,31185,4,0,2,2,0
2020-05-10,Los Angeles,037,10098052,39601,31711,19,31730,1514
2020-05-10,Madera,039,155013,127,65,1,66,2
2020-05-10,Marin,041,260295,285,267,1,268,14
2020-05-10,Mariposa,043,17540,15,15,0,15,0
2020-05-10,Mendocino,045,87422,12,10,0,10,0
2020-05-10,Merced,047,269075,246,154,0,154,3
2020-05-10,Modoc,049,8938,0,0,0,0,0
2020-05-10,Mono,051,14174,35,27,0,27,1
2020-05-10,Monterey,053,433212,359,282,1,283,6
2020-05-10,Napa,055,140530,88,79,0,79,2
2020-05-10,Nevada,057,99092,41,41,1,42,1
2020-05-10,Orange,059,3164182,5380,3627,38,3665,76
2020-05-10,Placer,061,380077,190,168,0,168,8
2020-05-10,Plumas,063,18699,4,4,0,4,0
2020-05-10,Riverside,065,2383286,5950,4951,17,4968,193
2020-05-10,Sacramento,067,1510023,1207,1152,0,1152,52
2020-05-10,San Benito,069,59416,59,52,0,52,2
2020-05-10,San Bernardino,071,2135413,3578,2910,3,2913,121
2020-05-10,San Diego,073,3302833,5900,4928,0,4928,175
2020-05-10,San Francisco,075,870044,2143,1953,0,1953,35
2020-05-10,San Joaquin,077,732212,693,611,3,614,29
2020-05-10,San Luis Obispo,079,281455,305,218,3,221,1
2020-05-10,San Mateo,081,765935,1768,1463,2,1465,65
2020-05-10,Santa Barbara,083,443738,1480,1323,7,1330,10
2020-05-10,Santa Clara,085,1922200,2908,2331,10,2341,129
2020-05-10,Santa Cruz,087,273765,160,139,0,139,2
2020-05-10,Shasta,089,179085,47,31,0,31,4
2020-05-10,Sierra,091,2930,0,0,0,0,0
2020-05-10,Siskiyou,093,43540,5,5,0,5,0
2020-05-10,Solano,095,438530,429,322,0,322,4
2020-05-10,Sonoma,097,501317,367,290,0,290,3
2020-05-10,Stanislaus,099,539301,579,498,4,502,14
2020-05-10,Sutter,101,95872,37,31,0,31,2
2020-05-10,Tehama,103,63373,3,1,0,1,1
2020-05-10,Trinity,105,12862,2,1,0,1,0
2020-05-10,Tulare,107,460477,1727,1143,7,1150,47
2020-05-10,Tuolumne,109,53932,3,2,0,2,0
2020-05-10,Ventura,111,848112,945,690,2,692,19
2020-05-10,Yolo,113,214977,196,173,0,173,20
2020-05-10,Yuba,115,75493,23,17,0,17,1
2020-05-09,Alameda,001,1643700,2419,2011,3,2014,71
2020-05-09,Alpine,003,1148,1,1,0,1,0
2020-05-09,Amador,005,37829,9,8,0,8,0
2020-05-09,Butte,007,227075,32,18,1,19,0
2020-05-09,Calaveras,009,45235,13,13,0,13,0
2020-05-09,Colusa,011,21464,3,3,0,3,0
2020-05-09,Contra Costa,013,1133247,1174,1039,0,1039,31
2020-05-09,Del Norte,015,27424,7,3,0,3,0
2020-05-09,El Dorado,017,186661,73,54,0,54,0
2020-05-09,Fresno,019,978130,1712,861,26,887,8
2020-05-09,Glenn,021,27897,9,6,0,6,0
2020-05-09,Humboldt,023,135768,71,55,0,55,0
2020-05-09,Imperial,025,180216,1023,474,0,474,7
2020-05-09,Inyo,027,18085,19,20,0,20,1
2020-05-09,Kern,029,883053,1615,1262,1,1263,15
2020-05-09,Kings,031,150075,399,264,1,265,1
2020-05-09,Lake,033,64148,12,7,0,7,0
2020-05-09,Lassen,035,31185,4,0,2,2,0
2020-05-09,Los Angeles,037,10098052,38979,31268,19,31287,1499
2020-05-09,Madera,039,155013,126,61,1,62,2
2020-05-09,Marin,041,260295,284,261,1,262,14
2020-05-09,Mariposa,043,17540,15,15,0,15,0
2020-05-09,Mendocino,045,87422,12,10,0,10,0
2020-05-09,Merced,047,269075,242,153,0,153,3
2020-05-09,Modoc,049,8938,0,0,0,0,0
2020-05-09,Mono,051,14174,35,27,0,27,1
2020-05-09,Monterey,053,433212,352,273,0,273,6
2020-05-09,Napa,055,140530,87,78,0,78,2
2020-05-09,Nevada,057,99092,41,41,1,42,1
2020-05-09,Orange,059,3164182,5297,3506,38,3544,75
2020-05-09,Placer,061,380077,189,168,0,168,8
2020-05-09,Plumas,063,18699,4,4,0,4,0
2020-05-09,Riverside,065,2383286,5855,4871,17,4888,183
2020-05-09,Sacramento,067,1510023,1203,1150,0,1150,52
2020-05-09,San Benito,069,59416,58,52,0,52,2
2020-05-09,San Bernardino,071,2135413,3522,2825,3,2828,121
2020-05-09,San Diego,073,3302833,5788,4778,0,4778,175
2020-05-09,San Francisco,075,870044,2128,1944,0,1944,34
2020-05-09,San Joaquin,077,732212,684,605,3,608,28
2020-05-09,San Luis Obispo,079,281455,301,213,3,216,1
2020-05-09,San Mateo,081,765935,1749,1453,2,1455,65
2020-05-09,Santa Barbara,083,443738,1472,1245,7,1252,10
2020-05-09,Santa Clara,085,1922200,2894,2317,10,2327,128
2020-05-09,Santa Cruz,087,273765,159,138,0,138,2
2020-05-09,Shasta,089,179085,47,31,0,31,4
2020-05-09,Sierra,091,2930,0,0,0,0,0
2020-05-09,Siskiyou,093,43540,5,5,0,5,0
2020-05-09,Solano,095,438530,423,321,0,321,4
2020-05-09,Sonoma,097,501317,363,288,0,288,3
2020-05-09,Stanislaus,099,539301,571,491,4,495,12
2020-05-09,Sutter,101,95872,37,31,0,31,2
2020-05-09,Tehama,103,63373,2,1,0,1,1
2020-05-09,Trinity,105,12862,2,1,0,1,0
2020-05-09,Tulare,107,460477,1699,1083,7,1090,47
2020-05-09,Tuolumne,109,53932,3,2,0,2,0
2020-05-09,Ventura,111,848112,924,679,2,681,19
2020-05-09,Yolo,113,214977,196,172,0,172,18
2020-05-09,Yuba,115,75493,23,17,0,17,1
2020-05-08,Alameda,001,1643700,2376,1955,3,1958,70
2020-05-08,Alpine,003,1148,1,1,0,1,0
2020-05-08,Amador,005,37829,9,8,0,8,0
2020-05-08,Butte,007,227075,32,18,1,19,0
2020-05-08,Calaveras,009,45235,13,13,0,13,0
2020-05-08,Colusa,011,21464,3,3,0,3,0
2020-05-08,Contra Costa,013,1133247,1162,1024,0,1024,29
2020-05-08,Del Norte,015,27424,7,3,0,3,0
2020-05-08,El Dorado,017,186661,72,54,0,54,0
2020-05-08,Fresno,019,978130,1670,838,24,862,8
2020-05-08,Glenn,021,27897,8,6,0,6,0
2020-05-08,Humboldt,023,135768,68,54,0,54,0
2020-05-08,Imperial,025,180216,978,467,0,467,7
2020-05-08,Inyo,027,18085,19,20,0,20,1
2020-05-08,Kern,029,883053,1584,1214,1,1215,13
2020-05-08,Kings,031,150075,390,236,1,237,1
2020-05-08,Lake,033,64148,12,7,0,7,0
2020-05-08,Lassen,035,31185,4,0,2,2,0
2020-05-08,Los Angeles,037,10098052,38245,30357,19,30376,1447
2020-05-08,Madera,039,155013,123,57,1,58,2
2020-05-08,Marin,041,260295,284,257,1,258,14
2020-05-08,Mariposa,043,17540,15,15,0,15,0
2020-05-08,Mendocino,045,87422,12,10,0,10,0
2020-05-08,Merced,047,269075,241,151,0,151,3
2020-05-08,Modoc,049,8938,0,0,0,0,0
2020-05-08,Mono,051,14174,32,27,0,27,1
2020-05-08,Monterey,053,433212,344,265,0,265,6
2020-05-08,Napa,055,140530,86,78,0,78,2
2020-05-08,Nevada,057,99092,41,41,1,42,1
2020-05-08,Orange,059,3164182,5150,3395,38,3433,72
2020-05-08,Placer,061,380077,187,166,0,166,8
2020-05-08,Plumas,063,18699,4,4,0,4,0
2020-05-08,Riverside,065,2383286,5755,4672,16,4688,181
2020-05-08,Sacramento,067,1510023,1198,1145,0,1145,51
2020-05-08,San Benito,069,59416,58,51,0,51,2
2020-05-08,San Bernardino,071,2135413,3474,2631,3,2634,119
2020-05-08,San Diego,073,3302833,5681,4664,0,4664,169
2020-05-08,San Francisco,075,870044,2110,1890,0,1890,33
2020-05-08,San Joaquin,077,732212,677,595,3,598,28
2020-05-08,San Luis Obispo,079,281455,298,210,3,213,1
2020-05-08,San Mateo,081,765935,1664,1423,2,1425,62
2020-05-08,Santa Barbara,083,443738,1463,1054,5,1059,8
2020-05-08,Santa Clara,085,1922200,2871,2285,10,2295,128
2020-05-08,Santa Cruz,087,273765,155,137,0,137,2
2020-05-08,Shasta,089,179085,47,31,0,31,4
2020-05-08,Sierra,091,2930,0,0,0,0,0
2020-05-08,Siskiyou,093,43540,5,5,0,5,0
2020-05-08,Solano,095,438530,418,314,0,314,4
2020-05-08,Sonoma,097,501317,358,285,0,285,3
2020-05-08,Stanislaus,099,539301,557,487,4,491,12
2020-05-08,Sutter,101,95872,37,30,0,30,2
2020-05-08,Tehama,103,63373,2,1,0,1,1
2020-05-08,Trinity,105,12862,2,0,0,0,0
2020-05-08,Tulare,107,460477,1654,1050,6,1056,43
2020-05-08,Tuolumne,109,53932,3,2,0,2,0
2020-05-08,Ventura,111,848112,906,665,2,667,19
2020-05-08,Yolo,113,214977,195,172,0,172,18
2020-05-08,Yuba,115,75493,22,16,0,16,1
2020-05-07,Alameda,001,1643700,2316,1914,3,1917,68
2020-05-07,Alpine,003,1148,1,1,0,1,0
2020-05-07,Amador,005,37829,9,8,0,8,0
2020-05-07,Butte,007,227075,32,19,1,20,0
2020-05-07,Calaveras,009,45235,13,13,0,13,0
2020-05-07,Colusa,011,21464,3,3,0,3,0
2020-05-07,Contra Costa,013,1133247,1148,1005,0,1005,29
2020-05-07,Del Norte,015,27424,6,3,0,3,0
2020-05-07,El Dorado,017,186661,71,54,0,54,0
2020-05-07,Fresno,019,978130,1584,812,23,835,8
2020-05-07,Glenn,021,27897,8,5,0,5,0
2020-05-07,Humboldt,023,135768,67,54,0,54,0
2020-05-07,Imperial,025,180216,915,442,0,442,6
2020-05-07,Inyo,027,18085,19,20,0,20,1
2020-05-07,Kern,029,883053,1540,1176,1,1177,13
2020-05-07,Kings,031,150075,367,219,1,220,1
2020-05-07,Lake,033,64148,11,7,0,7,0
2020-05-07,Lassen,035,31185,4,0,2,2,0
2020-05-07,Los Angeles,037,10098052,37123,29544,19,29563,1399
2020-05-07,Madera,039,155013,119,54,1,55,2
2020-05-07,Marin,041,260295,277,252,1,253,14
2020-05-07,Mariposa,043,17540,15,15,0,15,0
2020-05-07,Mendocino,045,87422,12,10,0,10,0
2020-05-07,Merced,047,269075,233,146,0,146,3
2020-05-07,Modoc,049,8938,0,0,0,0,0
2020-05-07,Mono,051,14174,32,26,0,26,1
2020-05-07,Monterey,053,433212,336,249,0,249,6
2020-05-07,Napa,055,140530,86,78,0,78,2
2020-05-07,Nevada,057,99092,41,41,1,42,1
2020-05-07,Orange,059,3164182,4964,3283,37,3320,69
2020-05-07,Placer,061,380077,187,165,0,165,8
2020-05-07,Plumas,063,18699,4,4,0,4,0
2020-05-07,Riverside,065,2383286,5639,4608,16,4624,170
2020-05-07,Sacramento,067,1510023,1192,1139,0,1139,50
2020-05-07,San Benito,069,59416,58,50,0,50,2
2020-05-07,San Bernardino,071,2135413,3382,2522,3,2525,115
2020-05-07,San Diego,073,3302833,5524,4431,0,4431,165
2020-05-07,San Francisco,075,870044,2079,1852,0,1852,33
2020-05-07,San Joaquin,077,732212,664,583,3,586,28
2020-05-07,San Luis Obispo,079,281455,287,209,3,212,1
2020-05-07,San Mateo,081,765935,1642,1398,2,1400,58
2020-05-07,Santa Barbara,083,443738,1436,720,4,724,8
2020-05-07,Santa Clara,085,1922200,2833,2281,10,2291,127
2020-05-07,Santa Cruz,087,273765,152,136,0,136,2
2020-05-07,Shasta,089,179085,46,31,0,31,4
2020-05-07,Sierra,091,2930,0,0,0,0,0
2020-05-07,Siskiyou,093,43540,5,5,0,5,0
2020-05-07,Solano,095,438530,412,307,0,307,4
2020-05-07,Sonoma,097,501317,346,282,0,282,3
2020-05-07,Stanislaus,099,539301,548,466,4,470,10
2020-05-07,Sutter,101,95872,37,29,0,29,2
2020-05-07,Tehama,103,63373,2,1,0,1,1
2020-05-07,Trinity,105,12862,2,0,0,0,0
2020-05-07,Tulare,107,460477,1586,1001,6,1007,41
2020-05-07,Tuolumne,109,53932,3,2,0,2,0
2020-05-07,Ventura,111,848112,882,647,1,648,19
2020-05-07,Yolo,113,214977,194,172,0,172,18
2020-05-07,Yuba,115,75493,22,16,0,16,1
2020-05-06,Alameda,001,1643700,2278,1864,3,1867,67
2020-05-06,Alpine,003,1148,1,1,0,1,0
2020-05-06,Amador,005,37829,9,8,0,8,0
2020-05-06,Butte,007,227075,31,19,1,20,0
2020-05-06,Calaveras,009,45235,13,13,0,13,0
2020-05-06,Colusa,011,21464,3,3,0,3,0
2020-05-06,Contra Costa,013,1133247,1127,990,0,990,29
2020-05-06,Del Norte,015,27424,6,3,0,3,0
2020-05-06,El Dorado,017,186661,69,53,0,53,0
2020-05-06,Fresno,019,978130,1521,773,21,794,8
2020-05-06,Glenn,021,27897,8,3,0,3,0
2020-05-06,Humboldt,023,135768,66,54,0,54,0
2020-05-06,Imperial,025,180216,847,399,0,399,6
2020-05-06,Inyo,027,18085,19,20,0,20,1
2020-05-06,Kern,029,883053,1484,1112,1,1113,12
2020-05-06,Kings,031,150075,349,208,1,209,1
2020-05-06,Lake,033,64148,11,7,0,7,0
2020-05-06,Lassen,035,31185,4,0,2,2,0
2020-05-06,Los Angeles,037,10098052,36117,28687,19,28706,1347
2020-05-06,Madera,039,155013,117,55,1,56,2
2020-05-06,Marin,041,260295,270,244,1,245,14
2020-05-06,Mariposa,043,17540,15,14,0,14,0
2020-05-06,Mendocino,045,87422,12,10,0,10,0
2020-05-06,Merced,047,269075,226,140,0,140,3
2020-05-06,Modoc,049,8938,0,0,0,0,0
2020-05-06,Mono,051,14174,32,26,0,26,1
2020-05-06,Monterey,053,433212,328,246,0,246,6
2020-05-06,Napa,055,140530,85,78,0,78,2
2020-05-06,Nevada,057,99092,41,41,1,42,1
2020-05-06,Orange,059,3164182,4780,3156,36,3192,66
2020-05-06,Placer,061,380077,184,164,0,164,8
2020-05-06,Plumas,063,18699,4,4,0,4,0
2020-05-06,Riverside,065,2383286,5495,4535,16,4551,163
2020-05-06,Sacramento,067,1510023,1186,1135,0,1135,49
2020-05-06,San Benito,069,59416,57,50,0,50,2
2020-05-06,San Bernardino,071,2135413,3260,2426,2,2428,110
2020-05-06,San Diego,073,3302833,5391,4321,0,4321,158
2020-05-06,San Francisco,075,870044,2054,1804,0,1804,32
2020-05-06,San Joaquin,077,732212,651,581,3,584,28
2020-05-06,San Luis Obispo,079,281455,284,207,3,210,1
2020-05-06,San Mateo,081,765935,1611,1348,2,1350,57
2020-05-06,Santa Barbara,083,443738,1395,565,3,568,8
2020-05-06,Santa Clara,085,1922200,2816,2270,9,2279,127
2020-05-06,Santa Cruz,087,273765,149,135,0,135,2
2020-05-06,Shasta,089,179085,45,31,0,31,4
2020-05-06,Sierra,091,2930,0,0,0,0,0
2020-05-06,Siskiyou,093,43540,5,5,0,5,0
2020-05-06,Solano,095,438530,402,300,0,300,4
2020-05-06,Sonoma,097,501317,330,269,0,269,3
2020-05-06,Stanislaus,099,539301,532,434,4,438,9
2020-05-06,Sutter,101,95872,37,29,0,29,2
2020-05-06,Tehama,103,63373,2,1,0,1,1
2020-05-06,Trinity,105,12862,2,0,0,0,0
2020-05-06,Tulare,107,460477,1538,963,6,969,40
2020-05-06,Tuolumne,109,53932,3,2,0,2,0
2020-05-06,Ventura,111,848112,855,619,1,620,19
2020-05-06,Yolo,113,214977,193,172,0,172,18
2020-05-06,Yuba,115,75493,22,15,0,15,1
2020-05-05,Alameda,001,1643700,2235,1819,3,1822,67
2020-05-05,Alpine,003,1148,1,1,0,1,0
2020-05-05,Amador,005,37829,9,8,0,8,0
2020-05-05,Butte,007,227075,30,19,1,20,0
2020-05-05,Calaveras,009,45235,13,13,0,13,0
2020-05-05,Colusa,011,21464,3,3,0,3,0
2020-05-05,Contra Costa,013,1133247,1109,976,0,976,29
2020-05-05,Del Norte,015,27424,6,3,0,3,0
2020-05-05,El Dorado,017,186661,67,54,0,54,0
2020-05-05,Fresno,019,978130,1448,726,19,745,8
2020-05-05,Glenn,021,27897,8,3,0,3,0
2020-05-05,Humboldt,023,135768,63,54,0,54,0
2020-05-05,Imperial,025,180216,792,389,0,389,6
2020-05-05,Inyo,027,18085,19,20,0,20,1
2020-05-05,Kern,029,883053,1432,1084,1,1085,11
2020-05-05,Kings,031,150075,331,187,1,188,1
2020-05-05,Lake,033,64148,10,7,0,7,0
2020-05-05,Lassen,035,31185,4,0,2,2,0
2020-05-05,Los Angeles,037,10098052,35050,27867,19,27886,1289
2020-05-05,Madera,039,155013,113,53,1,54,2
2020-05-05,Marin,041,260295,264,244,1,245,14
2020-05-05,Mariposa,043,17540,15,14,0,14,0
2020-05-05,Mendocino,045,87422,12,10,0,10,0
2020-05-05,Merced,047,269075,221,141,0,141,3
2020-05-05,Modoc,049,8938,0,0,0,0,0
2020-05-05,Mono,051,14174,32,25,0,25,1
2020-05-05,Monterey,053,433212,314,240,0,240,6
2020-05-05,Napa,055,140530,85,74,0,74,2
2020-05-05,Nevada,057,99092,41,41,1,42,1
2020-05-05,Orange,059,3164182,4656,3041,36,3077,63
2020-05-05,Placer,061,380077,184,162,0,162,8
2020-05-05,Plumas,063,18699,4,4,0,4,0
2020-05-05,Riverside,065,2383286,5385,4309,16,4325,161
2020-05-05,Sacramento,067,1510023,1179,1125,0,1125,48
2020-05-05,San Benito,069,59416,56,50,0,50,2
2020-05-05,San Bernardino,071,2135413,3167,2345,2,2347,104
2020-05-05,San Diego,073,3302833,5248,4162,0,4162,150
2020-05-05,San Francisco,075,870044,2019,1779,0,1779,31
2020-05-05,San Joaquin,077,732212,642,577,3,580,26
2020-05-05,San Luis Obispo,079,281455,282,203,3,206,1
2020-05-05,San Mateo,081,765935,1579,1335,2,1337,56
2020-05-05,Santa Barbara,083,443738,1174,541,3,544,7
2020-05-05,Santa Clara,085,1922200,2770,2249,8,2257,124
2020-05-05,Santa Cruz,087,273765,146,134,0,134,2
2020-05-05,Shasta,089,179085,44,31,0,31,4
2020-05-05,Sierra,091,2930,0,0,0,0,0
2020-05-05,Siskiyou,093,43540,5,5,0,5,0
2020-05-05,Solano,095,438530,386,299,0,299,4
2020-05-05,Sonoma,097,501317,327,263,0,263,3
2020-05-05,Stanislaus,099,539301,520,430,4,434,9
2020-05-05,Sutter,101,95872,36,29,0,29,2
2020-05-05,Tehama,103,63373,2,1,0,1,1
2020-05-05,Trinity,105,12862,2,0,0,0,0
2020-05-05,Tulare,107,460477,1440,869,6,875,40
2020-05-05,Tuolumne,109,53932,3,2,0,2,0
2020-05-05,Ventura,111,848112,831,607,1,608,19
2020-05-05,Yolo,113,214977,191,171,0,171,18
2020-05-05,Yuba,115,75493,22,15,0,15,1
2020-05-04,Alameda,001,1643700,2177,1762,2,1764,65
2020-05-04,Alpine,003,1148,1,1,0,1,0
2020-05-04,Amador,005,37829,8,8,0,8,0
2020-05-04,Butte,007,227075,29,16,1,17,0
2020-05-04,Calaveras,009,45235,13,13,0,13,0
2020-05-04,Colusa,011,21464,3,3,0,3,0
2020-05-04,Contra Costa,013,1133247,1091,949,0,949,28
2020-05-04,Del Norte,015,27424,5,3,0,3,0
2020-05-04,El Dorado,017,186661,66,51,0,51,0
2020-05-04,Fresno,019,978130,1378,680,18,698,8
2020-05-04,Glenn,021,27897,8,4,0,4,0
2020-05-04,Humboldt,023,135768,61,54,0,54,0
2020-05-04,Imperial,025,180216,740,351,0,351,6
2020-05-04,Inyo,027,18085,19,20,0,20,1
2020-05-04,Kern,029,883053,1390,1047,1,1048,8
2020-05-04,Kings,031,150075,314,153,1,154,1
2020-05-04,Lake,033,64148,9,7,0,7,0
2020-05-04,Lassen,035,31185,3,0,2,2,0
2020-05-04,Los Angeles,037,10098052,33764,26243,17,26260,1235
2020-05-04,Madera,039,155013,110,52,1,53,2
2020-05-04,Marin,041,260295,259,244,1,245,13
2020-05-04,Mariposa,043,17540,15,13,0,13,0
2020-05-04,Mendocino,045,87422,12,10,0,10,0
2020-05-04,Merced,047,269075,221,138,0,138,3
2020-05-04,Modoc,049,8938,0,0,0,0,0
2020-05-04,Mono,051,14174,32,25,0,25,1
2020-05-04,Monterey,053,433212,303,237,0,237,6
2020-05-04,Napa,055,140530,85,72,0,72,2
2020-05-04,Nevada,057,99092,41,41,1,42,1
2020-05-04,Orange,059,3164182,4518,2931,33,2964,57
2020-05-04,Placer,061,380077,182,162,0,162,8
2020-05-04,Plumas,063,18699,4,4,0,4,0
2020-05-04,Riverside,065,2383286,5291,4221,16,4237,147
2020-05-04,Sacramento,067,1510023,1169,1119,0,1119,44
2020-05-04,San Benito,069,59416,54,49,0,49,2
2020-05-04,San Bernardino,071,2135413,3027,2184,2,2186,99
2020-05-04,San Diego,073,3302833,5107,4022,0,4022,144
2020-05-04,San Francisco,075,870044,1981,1760,0,1760,31
2020-05-04,San Joaquin,077,732212,628,574,3,577,26
2020-05-04,San Luis Obispo,079,281455,279,202,3,205,1
2020-05-04,San Mateo,081,765935,1554,1313,2,1315,53
2020-05-04,Santa Barbara,083,443738,927,524,3,527,7
2020-05-04,Santa Clara,085,1922200,2755,2238,8,2246,119
2020-05-04,Santa Cruz,087,273765,145,133,0,133,2
2020-05-04,Shasta,089,179085,42,31,0,31,4
2020-05-04,Sierra,091,2930,0,0,0,0,0
2020-05-04,Siskiyou,093,43540,5,5,0,5,0
2020-05-04,Solano,095,438530,372,293,0,293,4
2020-05-04,Sonoma,097,501317,313,256,0,256,4
2020-05-04,Stanislaus,099,539301,514,422,4,426,8
2020-05-04,Sutter,101,95872,33,28,0,28,2
2020-05-04,Tehama,103,63373,2,1,0,1,1
2020-05-04,Trinity,105,12862,1,0,0,0,0
2020-05-04,Tulare,107,460477,1361,760,6,766,40
2020-05-04,Tuolumne,109,53932,3,3,0,3,0
2020-05-04,Ventura,111,848112,810,590,1,591,19
2020-05-04,Yolo,113,214977,190,171,0,171,18
2020-05-04,Yuba,115,75493,19,16,0,16,1
2020-05-03,Alameda,001,1643700,2119,1731,2,1733,64
2020-05-03,Alpine,003,1148,1,1,0,1,0
2020-05-03,Amador,005,37829,8,8,0,8,0
2020-05-03,Butte,007,227075,29,17,1,18,0
2020-05-03,Calaveras,009,45235,13,13,0,13,0
2020-05-03,Colusa,011,21464,3,3,0,3,0
2020-05-03,Contra Costa,013,1133247,1075,945,0,945,28
2020-05-03,Del Norte,015,27424,5,3,0,3,0
2020-05-03,El Dorado,017,186661,64,49,0,49,0
2020-05-03,Fresno,019,978130,1286,646,15,661,8
2020-05-03,Glenn,021,27897,7,5,0,5,0
2020-05-03,Humboldt,023,135768,60,54,0,54,0
2020-05-03,Imperial,025,180216,684,351,0,351,6
2020-05-03,Inyo,027,18085,19,20,0,20,1
2020-05-03,Kern,029,883053,1335,1025,1,1026,8
2020-05-03,Kings,031,150075,294,137,1,138,1
2020-05-03,Lake,033,64148,9,7,0,7,0
2020-05-03,Lassen,035,31185,3,0,2,2,0
2020-05-03,Los Angeles,037,10098052,32804,25708,16,25724,1210
2020-05-03,Madera,039,155013,103,46,1,47,2
2020-05-03,Marin,041,260295,254,243,1,244,13
2020-05-03,Mariposa,043,17540,15,13,0,13,0
2020-05-03,Mendocino,045,87422,12,10,0,10,0
2020-05-03,Merced,047,269075,213,134,0,134,3
2020-05-03,Modoc,049,8938,0,0,0,0,0
2020-05-03,Mono,051,14174,32,25,0,25,1
2020-05-03,Monterey,053,433212,294,235,0,235,6
2020-05-03,Napa,055,140530,85,72,0,72,2
2020-05-03,Nevada,057,99092,41,41,1,42,1
2020-05-03,Orange,059,3164182,4344,2859,32,2891,55
2020-05-03,Placer,061,380077,182,161,0,161,8
2020-05-03,Plumas,063,18699,4,4,0,4,0
2020-05-03,Riverside,065,2383286,5186,4034,16,4050,139
2020-05-03,Sacramento,067,1510023,1160,1109,0,1109,43
2020-05-03,San Benito,069,59416,54,49,0,49,2
2020-05-03,San Bernardino,071,2135413,2967,2123,2,2125,99
2020-05-03,San Diego,073,3302833,4970,3929,0,3929,142
2020-05-03,San Francisco,075,870044,1952,1692,0,1692,30
2020-05-03,San Joaquin,077,732212,621,570,3,573,26
2020-05-03,San Luis Obispo,079,281455,276,200,3,203,1
2020-05-03,San Mateo,081,765935,1526,1277,2,1279,53
2020-05-03,Santa Barbara,083,443738,568,512,3,515,7
2020-05-03,Santa Clara,085,1922200,2718,2235,8,2243,116
2020-05-03,Santa Cruz,087,273765,145,133,0,133,2
2020-05-03,Shasta,089,179085,40,31,0,31,4
2020-05-03,Sierra,091,2930,0,0,0,0,0
2020-05-03,Siskiyou,093,43540,5,5,0,5,0
2020-05-03,Solano,095,438530,362,266,0,266,4
2020-05-03,Sonoma,097,501317,304,254,0,254,4
2020-05-03,Stanislaus,099,539301,486,411,4,415,8
2020-05-03,Sutter,101,95872,31,28,0,28,2
2020-05-03,Tehama,103,63373,2,1,0,1,1
2020-05-03,Trinity,105,12862,1,0,0,0,0
2020-05-03,Tulare,107,460477,1282,736,6,742,40
2020-05-03,Tuolumne,109,53932,3,3,0,3,0
2020-05-03,Ventura,111,848112,776,583,1,584,19
2020-05-03,Yolo,113,214977,189,171,0,171,18
2020-05-03,Yuba,115,75493,19,16,0,16,1
2020-05-02,Alameda,001,1643700,2082,1678,2,1680,63
2020-05-02,Alpine,003,1148,1,1,0,1,0
2020-05-02,Amador,005,37829,8,8,0,8,0
2020-05-02,Butte,007,227075,29,17,1,18,0
2020-05-02,Calaveras,009,45235,13,13,0,13,0
2020-05-02,Colusa,011,21464,3,3,0,3,0
2020-05-02,Contra Costa,013,1133247,1057,929,0,929,28
2020-05-02,Del Norte,015,27424,5,3,0,3,0
2020-05-02,El Dorado,017,186661,64,47,0,47,0
2020-05-02,Fresno,019,978130,1260,629,14,643,8
2020-05-02,Glenn,021,27897,7,5,0,5,0
2020-05-02,Humboldt,023,135768,60,54,0,54,0
2020-05-02,Imperial,025,180216,657,345,0,345,6
2020-05-02,Inyo,027,18085,19,20,0,20,1
2020-05-02,Kern,029,883053,1309,1007,1,1008,8
2020-05-02,Kings,031,150075,291,120,1,121,1
2020-05-02,Lake,033,64148,9,7,0,7,0
2020-05-02,Lassen,035,31185,3,0,2,2,0
2020-05-02,Los Angeles,037,10098052,32274,24955,16,24971,1192
2020-05-02,Madera,039,155013,103,46,1,47,2
2020-05-02,Marin,041,260295,253,243,1,244,13
2020-05-02,Mariposa,043,17540,15,13,0,13,0
2020-05-02,Mendocino,045,87422,12,10,0,10,0
2020-05-02,Merced,047,269075,210,131,0,131,3
2020-05-02,Modoc,049,8938,0,0,0,0,0
2020-05-02,Mono,051,14174,32,25,0,25,1
2020-05-02,Monterey,053,433212,288,225,0,225,5
2020-05-02,Napa,055,140530,85,71,0,71,2
2020-05-02,Nevada,057,99092,41,41,1,42,1
2020-05-02,Orange,059,3164182,4230,2774,32,2806,52
2020-05-02,Placer,061,380077,180,150,0,150,8
2020-05-02,Plumas,063,18699,4,4,0,4,0
2020-05-02,Riverside,065,2383286,5120,3997,16,4013,137
2020-05-02,Sacramento,067,1510023,1157,1097,0,1097,43
2020-05-02,San Benito,069,59416,54,49,0,49,2
2020-05-02,San Bernardino,071,2135413,2928,2124,2,2126,99
2020-05-02,San Diego,073,3302833,4868,3844,0,3844,138
2020-05-02,San Francisco,075,870044,1929,1632,0,1632,29
2020-05-02,San Joaquin,077,732212,613,559,3,562,25
2020-05-02,San Luis Obispo,079,281455,270,193,3,196,1
2020-05-02,San Mateo,081,765935,1510,1272,2,1274,52
2020-05-02,Santa Barbara,083,443738,560,506,3,509,7
2020-05-02,Santa Clara,085,1922200,2708,2203,8,2211,115
2020-05-02,Santa Cruz,087,273765,144,131,0,131,2
2020-05-02,Shasta,089,179085,40,31,0,31,4
2020-05-02,Sierra,091,2930,0,0,0,0,0
2020-05-02,Siskiyou,093,43540,5,5,0,5,0
2020-05-02,Solano,095,438530,355,267,0,267,4
2020-05-02,Sonoma,097,501317,301,250,0,250,3
2020-05-02,Stanislaus,099,539301,478,388,4,392,8
2020-05-02,Sutter,101,95872,31,28,0,28,2
2020-05-02,Tehama,103,63373,2,1,0,1,1
2020-05-02,Trinity,105,12862,1,0,0,0,0
2020-05-02,Tulare,107,460477,1239,711,6,717,35
2020-05-02,Tuolumne,109,53932,3,3,0,3,0
2020-05-02,Ventura,111,848112,762,564,1,565,19
2020-05-02,Yolo,113,214977,189,169,0,169,17
2020-05-02,Yuba,115,75493,19,16,0,16,1
2020-05-01,Alameda,001,1643700,2044,1630,2,1632,63
2020-05-01,Alpine,003,1148,1,1,0,1,0
2020-05-01,Amador,005,37829,8,8,0,8,0
2020-05-01,Butte,007,227075,29,17,1,18,0
2020-05-01,Calaveras,009,45235,13,13,0,13,0
2020-05-01,Colusa,011,21464,3,3,0,3,0
2020-05-01,Contra Costa,013,1133247,1043,915,0,915,28
2020-05-01,Del Norte,015,27424,5,3,0,3,0
2020-05-01,El Dorado,017,186661,64,47,0,47,0
2020-05-01,Fresno,019,978130,1229,617,14,631,7
2020-05-01,Glenn,021,27897,7,4,0,4,0
2020-05-01,Humboldt,023,135768,60,54,0,54,0
2020-05-01,Imperial,025,180216,620,337,0,337,6
2020-05-01,Inyo,027,18085,19,20,0,20,1
2020-05-01,Kern,029,883053,1282,972,1,973,8
2020-05-01,Kings,031,150075,274,112,1,113,1
2020-05-01,Lake,033,64148,9,6,0,6,0
2020-05-01,Lassen,035,31185,3,0,2,2,0
2020-05-01,Los Angeles,037,10098052,31518,24306,16,24322,1155
2020-05-01,Madera,039,155013,99,46,1,47,2
2020-05-01,Marin,041,260295,253,242,1,243,13
2020-05-01,Mariposa,043,17540,15,10,0,10,0
2020-05-01,Mendocino,045,87422,12,11,0,11,0
2020-05-01,Merced,047,269075,207,131,0,131,3
2020-05-01,Modoc,049,8938,0,0,0,0,0
2020-05-01,Mono,051,14174,32,25,0,25,1
2020-05-01,Monterey,053,433212,284,222,0,222,5
2020-05-01,Napa,055,140530,85,69,0,69,2
2020-05-01,Nevada,057,99092,41,41,1,42,1
2020-05-01,Orange,059,3164182,4153,2660,30,2690,51
2020-05-01,Placer,061,380077,179,149,0,149,8
2020-05-01,Plumas,063,18699,4,4,0,4,0
2020-05-01,Riverside,065,2383286,5056,3893,16,3909,132
2020-05-01,Sacramento,067,1510023,1152,1081,0,1081,43
2020-05-01,San Benito,069,59416,54,49,0,49,2
2020-05-01,San Bernardino,071,2135413,2873,2084,2,2086,98
2020-05-01,San Diego,073,3302833,4777,3713,0,3713,134
2020-05-01,San Francisco,075,870044,1885,1552,0,1552,29
2020-05-01,San Joaquin,077,732212,609,554,3,557,25
2020-05-01,San Luis Obispo,079,281455,267,186,3,189,1
2020-05-01,San Mateo,081,765935,1488,1222,2,1224,52
2020-05-01,Santa Barbara,083,443738,554,499,2,501,7
2020-05-01,Santa Clara,085,1922200,2696,2176,8,2184,112
2020-05-01,Santa Cruz,087,273765,144,127,0,127,2
2020-05-01,Shasta,089,179085,40,31,0,31,4
2020-05-01,Sierra,091,2930,0,0,0,0,0
2020-05-01,Siskiyou,093,43540,5,5,0,5,0
2020-05-01,Solano,095,438530,347,266,0,266,4
2020-05-01,Sonoma,097,501317,298,242,0,242,3
2020-05-01,Stanislaus,099,539301,473,384,4,388,8
2020-05-01,Sutter,101,95872,31,28,0,28,2
2020-05-01,Tehama,103,63373,2,1,0,1,1
2020-05-01,Trinity,105,12862,1,0,0,0,0
2020-05-01,Tulare,107,460477,1195,685,6,691,32
2020-05-01,Tuolumne,109,53932,3,3,0,3,0
2020-05-01,Ventura,111,848112,749,556,1,557,18
2020-05-01,Yolo,113,214977,189,165,0,165,18
2020-05-01,Yuba,115,75493,19,16,0,16,1
2020-04-30,Alameda,001,1643700,1984,1599,2,1601,60
2020-04-30,Alpine,003,1148,1,1,0,1,0
2020-04-30,Amador,005,37829,8,8,0,8,0
2020-04-30,Butte,007,227075,29,16,1,17,0
2020-04-30,Calaveras,009,45235,13,13,0,13,0
2020-04-30,Colusa,011,21464,3,3,0,3,0
2020-04-30,Contra Costa,013,1133247,1021,900,0,900,25
2020-04-30,Del Norte,015,27424,4,3,0,3,0
2020-04-30,El Dorado,017,186661,64,44,0,44,0
2020-04-30,Fresno,019,978130,1164,562,11,573,7
2020-04-30,Glenn,021,27897,7,4,0,4,0
2020-04-30,Humboldt,023,135768,60,54,0,54,0
2020-04-30,Imperial,025,180216,574,322,0,322,6
2020-04-30,Inyo,027,18085,19,20,0,20,1
2020-04-30,Kern,029,883053,1250,941,1,942,8
2020-04-30,Kings,031,150075,262,87,1,88,1
2020-04-30,Lake,033,64148,9,6,0,6,0
2020-04-30,Lassen,035,31185,3,0,2,2,0
2020-04-30,Los Angeles,037,10098052,30509,23284,16,23300,1099
2020-04-30,Madera,039,155013,88,46,1,47,2
2020-04-30,Marin,041,260295,253,240,1,241,13
2020-04-30,Mariposa,043,17540,15,3,0,3,0
2020-04-30,Mendocino,045,87422,12,11,0,11,0
2020-04-30,Merced,047,269075,200,122,0,122,3
2020-04-30,Modoc,049,8938,0,0,0,0,0
2020-04-30,Mono,051,14174,31,25,0,25,1
2020-04-30,Monterey,053,433212,274,213,0,213,5
2020-04-30,Napa,055,140530,83,69,0,69,2
2020-04-30,Nevada,057,99092,41,41,1,42,1
2020-04-30,Orange,059,3164182,3930,2591,27,2618,46
2020-04-30,Placer,061,380077,178,148,0,148,8
2020-04-30,Plumas,063,18699,4,4,0,4,0
2020-04-30,Riverside,065,2383286,4956,3820,15,3835,124
2020-04-30,Sacramento,067,1510023,1146,1071,0,1071,43
2020-04-30,San Benito,069,59416,54,48,0,48,2
2020-04-30,San Bernardino,071,2135413,2671,2020,2,2022,96
2020-04-30,San Diego,073,3302833,4606,3566,0,3566,124
2020-04-30,San Francisco,075,870044,1851,1518,0,1518,26
2020-04-30,San Joaquin,077,732212,601,548,3,551,25
2020-04-30,San Luis Obispo,079,281455,264,182,3,185,1
2020-04-30,San Mateo,081,765935,1458,1194,2,1196,52
2020-04-30,Santa Barbara,083,443738,542,490,2,492,7
2020-04-30,Santa Clara,085,1922200,2656,2172,8,2180,111
2020-04-30,Santa Cruz,087,273765,143,126,0,126,2
2020-04-30,Shasta,089,179085,39,31,0,31,4
2020-04-30,Sierra,091,2930,0,0,0,0,0
2020-04-30,Siskiyou,093,43540,5,5,0,5,0
2020-04-30,Solano,095,438530,337,262,0,262,4
2020-04-30,Sonoma,097,501317,289,233,0,233,3
2020-04-30,Stanislaus,099,539301,466,378,4,382,7
2020-04-30,Sutter,101,95872,31,28,0,28,2
2020-04-30,Tehama,103,63373,1,1,0,1,1
2020-04-30,Trinity,105,12862,1,0,0,0,0
2020-04-30,Tulare,107,460477,1129,637,6,643,31
2020-04-30,Tuolumne,109,53932,3,3,0,3,0
2020-04-30,Ventura,111,848112,721,547,1,548,18
2020-04-30,Yolo,113,214977,188,164,0,164,16
2020-04-30,Yuba,115,75493,19,15,0,15,1
2020-04-29,Alameda,001,1643700,1926,1564,2,1566,60
2020-04-29,Alpine,003,1148,1,1,0,1,0
2020-04-29,Amador,005,37829,8,8,0,8,0
2020-04-29,Butte,007,227075,29,16,1,17,0
2020-04-29,Calaveras,009,45235,13,13,0,13,0
2020-04-29,Colusa,011,21464,3,3,0,3,0
2020-04-29,Contra Costa,013,1133247,1002,885,0,885,25
2020-04-29,Del Norte,015,27424,4,3,0,3,0
2020-04-29,El Dorado,017,186661,62,44,0,44,0
2020-04-29,Fresno,019,978130,1112,544,11,555,7
2020-04-29,Glenn,021,27897,7,4,0,4,0
2020-04-29,Humboldt,023,135768,60,53,0,53,0
2020-04-29,Imperial,025,180216,544,300,0,300,6
2020-04-29,Inyo,027,18085,19,20,0,20,1
2020-04-29,Kern,029,883053,1207,910,1,911,6
2020-04-29,Kings,031,150075,243,80,1,81,1
2020-04-29,Lake,033,64148,9,6,0,6,0
2020-04-29,Lassen,035,31185,3,0,2,2,0
2020-04-29,Los Angeles,037,10098052,29531,22560,15,22575,1043
2020-04-29,Madera,039,155013,86,45,1,46,2
2020-04-29,Marin,041,260295,250,234,1,235,13
2020-04-29,Mariposa,043,17540,15,1,0,1,0
2020-04-29,Mendocino,045,87422,12,11,0,11,0
2020-04-29,Merced,047,269075,193,116,0,116,3
2020-04-29,Modoc,049,8938,0,0,0,0,0
2020-04-29,Mono,051,14174,31,25,0,25,1
2020-04-29,Monterey,053,433212,266,204,0,204,5
2020-04-29,Napa,055,140530,81,68,0,68,2
2020-04-29,Nevada,057,99092,41,41,1,42,1
2020-04-29,Orange,059,3164182,3795,2421,26,2447,43
2020-04-29,Placer,061,380077,176,145,0,145,8
2020-04-29,Plumas,063,18699,4,4,0,4,0
2020-04-29,Riverside,065,2383286,4879,3700,15,3715,116
2020-04-29,Sacramento,067,1510023,1124,1055,0,1055,41
2020-04-29,San Benito,069,59416,54,48,0,48,2
2020-04-29,San Bernardino,071,2135413,2584,1975,1,1976,91
2020-04-29,San Diego,073,3302833,4464,3434,0,3434,120
2020-04-29,San Francisco,075,870044,1823,1489,0,1489,23
2020-04-29,San Joaquin,077,732212,593,540,3,543,25
2020-04-29,San Luis Obispo,079,281455,262,181,3,184,1
2020-04-29,San Mateo,081,765935,1432,1170,2,1172,50
2020-04-29,Santa Barbara,083,443738,529,477,2,479,7
2020-04-29,Santa Clara,085,1922200,2629,2147,8,2155,108
2020-04-29,Santa Cruz,087,273765,142,124,0,124,2
2020-04-29,Shasta,089,179085,38,31,0,31,4
2020-04-29,Sierra,091,2930,0,0,0,0,0
2020-04-29,Siskiyou,093,43540,5,5,0,5,0
2020-04-29,Solano,095,438530,313,252,0,252,3
2020-04-29,Sonoma,097,501317,281,230,0,230,2
2020-04-29,Stanislaus,099,539301,453,374,4,378,5
2020-04-29,Sutter,101,95872,31,28,0,28,2
2020-04-29,Tehama,103,63373,1,1,0,1,1
2020-04-29,Trinity,105,12862,1,0,0,0,0
2020-04-29,Tulare,107,460477,1056,615,5,620,30
2020-04-29,Tuolumne,109,53932,3,4,0,4,0
2020-04-29,Ventura,111,848112,697,530,1,531,18
2020-04-29,Yolo,113,214977,185,161,0,161,11
2020-04-29,Yuba,115,75493,19,15,0,15,1
2020-04-28,Alameda,001,1643700,1869,1525,2,1527,55
2020-04-28,Alpine,003,1148,1,1,0,1,0
2020-04-28,Amador,005,37829,8,8,0,8,0
2020-04-28,Butte,007,227075,29,16,1,17,0
2020-04-28,Calaveras,009,45235,13,13,0,13,0
2020-04-28,Colusa,011,21464,3,3,0,3,0
2020-04-28,Contra Costa,013,1133247,995,866,0,866,25
2020-04-28,Del Norte,015,27424,4,3,0,3,0
2020-04-28,El Dorado,017,186661,61,43,0,43,0
2020-04-28,Fresno,019,978130,1061,525,9,534,7
2020-04-28,Glenn,021,27897,5,4,0,4,0
2020-04-28,Humboldt,023,135768,59,53,0,53,0
2020-04-28,Imperial,025,180216,510,295,0,295,6
2020-04-28,Inyo,027,18085,19,20,0,20,1
2020-04-28,Kern,029,883053,1164,882,1,883,5
2020-04-28,Kings,031,150075,230,57,1,58,1
2020-04-28,Lake,033,64148,9,6,0,6,0
2020-04-28,Lassen,035,31185,3,0,2,2,0
2020-04-28,Los Angeles,037,10098052,28467,21029,15,21044,984
2020-04-28,Madera,039,155013,86,44,1,45,2
2020-04-28,Marin,041,260295,249,228,1,229,12
2020-04-28,Mariposa,043,17540,15,0,0,0,0
2020-04-28,Mendocino,045,87422,12,10,0,10,0
2020-04-28,Merced,047,269075,186,108,0,108,3
2020-04-28,Modoc,049,8938,0,0,0,0,0
2020-04-28,Mono,051,14174,31,25,0,25,1
2020-04-28,Monterey,053,433212,260,191,0,191,5
2020-04-28,Napa,055,140530,80,67,0,67,2
2020-04-28,Nevada,057,99092,41,41,1,42,1
2020-04-28,Orange,059,3164182,3632,2324,25,2349,42
2020-04-28,Placer,061,380077,166,143,0,143,8
2020-04-28,Plumas,063,18699,4,4,0,4,0
2020-04-28,Riverside,065,2383286,4784,3504,15,3519,113
2020-04-28,Sacramento,067,1510023,1109,1044,0,1044,41
2020-04-28,San Benito,069,59416,52,46,0,46,2
2020-04-28,San Bernardino,071,2135413,2507,1891,1,1892,89
2020-04-28,San Diego,073,3302833,4334,3316,0,3316,118
2020-04-28,San Francisco,075,870044,1788,1471,0,1471,23
2020-04-28,San Joaquin,077,732212,587,532,3,535,25
2020-04-28,San Luis Obispo,079,281455,255,172,3,175,1
2020-04-28,San Mateo,081,765935,1419,1129,2,1131,48
2020-04-28,Santa Barbara,083,443738,524,469,2,471,7
2020-04-28,Santa Clara,085,1922200,2595,2130,8,2138,106
2020-04-28,Santa Cruz,087,273765,142,123,0,123,2
2020-04-28,Shasta,089,179085,38,29,0,29,4
2020-04-28,Sierra,091,2930,0,0,0,0,0
2020-04-28,Siskiyou,093,43540,5,5,0,5,0
2020-04-28,Solano,095,438530,294,246,0,246,3
2020-04-28,Sonoma,097,501317,278,226,0,226,1
2020-04-28,Stanislaus,099,539301,437,330,4,334,5
2020-04-28,Sutter,101,95872,31,25,0,25,2
2020-04-28,Tehama,103,63373,1,1,0,1,1
2020-04-28,Trinity,105,12862,1,0,0,0,0
2020-04-28,Tulare,107,460477,960,579,5,584,30
2020-04-28,Tuolumne,109,53932,3,4,0,4,0
2020-04-28,Ventura,111,848112,677,517,1,518,17
2020-04-28,Yolo,113,214977,185,160,0,160,10
2020-04-28,Yuba,115,75493,19,15,0,15,1
2020-04-27,Alameda,001,1643700,1809,1494,2,1496,53
2020-04-27,Alpine,003,1148,1,1,0,1,0
2020-04-27,Amador,005,37829,8,8,0,8,0
2020-04-27,Butte,007,227075,28,16,1,17,0
2020-04-27,Calaveras,009,45235,13,13,0,13,0
2020-04-27,Colusa,011,21464,3,3,0,3,0
2020-04-27,Contra Costa,013,1133247,983,843,0,843,25
2020-04-27,Del Norte,015,27424,4,3,0,3,0
2020-04-27,El Dorado,017,186661,60,43,0,43,0
2020-04-27,Fresno,019,978130,958,504,8,512,7
2020-04-27,Glenn,021,27897,5,4,0,4,0
2020-04-27,Humboldt,023,135768,59,52,0,52,0
2020-04-27,Imperial,025,180216,480,290,0,290,6
2020-04-27,Inyo,027,18085,19,20,0,20,1
2020-04-27,Kern,029,883053,1125,865,1,866,4
2020-04-27,Kings,031,150075,207,48,1,49,1
2020-04-27,Lake,033,64148,8,6,0,6,0
2020-04-27,Lassen,035,31185,3,0,2,2,0
2020-04-27,Los Angeles,037,10098052,27448,20456,15,20471,931
2020-04-27,Madera,039,155013,84,42,1,43,2
2020-04-27,Marin,041,260295,244,227,1,228,12
2020-04-27,Mariposa,043,17540,14,0,0,0,0
2020-04-27,Mendocino,045,87422,12,10,0,10,0
2020-04-27,Merced,047,269075,183,108,0,108,3
2020-04-27,Modoc,049,8938,0,0,0,0,0
2020-04-27,Mono,051,14174,31,23,0,23,1
2020-04-27,Monterey,053,433212,253,185,0,185,4
2020-04-27,Napa,055,140530,77,64,0,64,2
2020-04-27,Nevada,057,99092,41,39,1,40,1
2020-04-27,Orange,059,3164182,3464,2198,25,2223,42
2020-04-27,Placer,061,380077,166,142,0,142,8
2020-04-27,Plumas,063,18699,4,4,0,4,0
2020-04-27,Riverside,065,2383286,4661,3381,15,3396,100
2020-04-27,Sacramento,067,1510023,1094,1035,0,1035,41
2020-04-27,San Benito,069,59416,50,45,0,45,2
2020-04-27,San Bernardino,071,2135413,2393,1742,1,1743,82
2020-04-27,San Diego,073,3302833,4208,3143,0,3143,113
2020-04-27,San Francisco,075,870044,1734,1453,0,1453,23
2020-04-27,San Joaquin,077,732212,581,522,3,525,25
2020-04-27,San Luis Obispo,079,281455,247,166,3,169,1
2020-04-27,San Mateo,081,765935,1397,1092,2,1094,46
2020-04-27,Santa Barbara,083,443738,516,466,2,468,7
2020-04-27,Santa Clara,085,1922200,2570,2104,7,2111,105
2020-04-27,Santa Cruz,087,273765,142,123,0,123,2
2020-04-27,Shasta,089,179085,38,29,0,29,4
2020-04-27,Sierra,091,2930,0,0,0,0,0
2020-04-27,Siskiyou,093,43540,5,5,0,5,0
2020-04-27,Solano,095,438530,294,222,0,222,3
2020-04-27,Sonoma,097,501317,269,220,0,220,1
2020-04-27,Stanislaus,099,539301,421,316,4,320,5
2020-04-27,Sutter,101,95872,29,26,0,26,2
2020-04-27,Tehama,103,63373,1,1,0,1,1
2020-04-27,Trinity,105,12862,1,0,0,0,0
2020-04-27,Tulare,107,460477,889,535,5,540,28
2020-04-27,Tuolumne,109,53932,3,3,0,3,0
2020-04-27,Ventura,111,848112,658,513,1,514,17
2020-04-27,Yolo,113,214977,182,160,0,160,9
2020-04-27,Yuba,115,75493,19,15,0,15,1
2020-04-26,Alameda,001,1643700,1748,1449,2,1451,52
2020-04-26,Alpine,003,1148,1,1,0,1,0
2020-04-26,Amador,005,37829,8,8,0,8,0
2020-04-26,Butte,007,227075,28,16,1,17,0
2020-04-26,Calaveras,009,45235,13,13,0,13,0
2020-04-26,Colusa,011,21464,3,3,0,3,0
2020-04-26,Contra Costa,013,1133247,967,830,0,830,25
2020-04-26,Del Norte,015,27424,3,3,0,3,0
2020-04-26,El Dorado,017,186661,58,41,0,41,0
2020-04-26,Fresno,019,978130,864,476,7,483,7
2020-04-26,Glenn,021,27897,5,4,0,4,0
2020-04-26,Humboldt,023,135768,59,53,0,53,0
2020-04-26,Imperial,025,180216,446,272,0,272,6
2020-04-26,Inyo,027,18085,19,20,0,20,1
2020-04-26,Kern,029,883053,1075,831,1,832,4
2020-04-26,Kings,031,150075,182,33,1,34,1
2020-04-26,Lake,033,64148,8,6,0,6,0
2020-04-26,Lassen,035,31185,3,0,2,2,0
2020-04-26,Los Angeles,037,10098052,26291,19570,15,19585,901
2020-04-26,Madera,039,155013,82,39,1,40,2
2020-04-26,Marin,041,260295,238,225,1,226,12
2020-04-26,Mariposa,043,17540,14,0,0,0,0
2020-04-26,Mendocino,045,87422,12,5,0,5,0
2020-04-26,Merced,047,269075,166,104,0,104,3
2020-04-26,Modoc,049,8938,0,0,0,0,0
2020-04-26,Mono,051,14174,31,23,0,23,1
2020-04-26,Monterey,053,433212,246,182,0,182,4
2020-04-26,Napa,055,140530,76,62,0,62,2
2020-04-26,Nevada,057,99092,41,37,1,38,1
2020-04-26,Orange,059,3164182,3300,2124,25,2149,40
2020-04-26,Placer,061,380077,165,141,0,141,8
2020-04-26,Plumas,063,18699,4,4,0,4,0
2020-04-26,Riverside,065,2383286,4518,3301,15,3316,95
2020-04-26,Sacramento,067,1510023,1085,1027,0,1027,41
2020-04-26,San Benito,069,59416,50,45,0,45,2
2020-04-26,San Bernardino,071,2135413,2297,1681,1,1682,82
2020-04-26,San Diego,073,3302833,4066,3045,0,3045,111
2020-04-26,San Francisco,075,870044,1695,1403,0,1403,23
2020-04-26,San Joaquin,077,732212,573,514,3,517,25
2020-04-26,San Luis Obispo,079,281455,244,165,3,168,1
2020-04-26,San Mateo,081,765935,1371,1070,2,1072,46
2020-04-26,Santa Barbara,083,443738,509,464,2,466,7
2020-04-26,Santa Clara,085,1922200,2547,2097,6,2103,102
2020-04-26,Santa Cruz,087,273765,142,116,0,116,2
2020-04-26,Shasta,089,179085,35,29,0,29,4
2020-04-26,Sierra,091,2930,0,0,0,0,0
2020-04-26,Siskiyou,093,43540,5,5,0,5,0
2020-04-26,Solano,095,438530,285,205,0,205,3
2020-04-26,Sonoma,097,501317,258,216,0,216,1
2020-04-26,Stanislaus,099,539301,406,294,4,298,4
2020-04-26,Sutter,101,95872,29,26,0,26,2
2020-04-26,Tehama,103,63373,1,1,0,1,1
2020-04-26,Trinity,105,12862,1,0,0,0,0
2020-04-26,Tulare,107,460477,830,497,5,502,28
2020-04-26,Tuolumne,109,53932,3,3,0,3,0
2020-04-26,Ventura,111,848112,640,509,1,510,17
2020-04-26,Yolo,113,214977,181,158,0,158,8
2020-04-26,Yuba,115,75493,18,15,0,15,1
2020-04-25,Alameda,001,1643700,1723,1396,2,1398,52
2020-04-25,Alpine,003,1148,1,1,0,1,0
2020-04-25,Amador,005,37829,8,8,0,8,0
2020-04-25,Butte,007,227075,27,16,1,17,0
2020-04-25,Calaveras,009,45235,13,12,0,12,0
2020-04-25,Colusa,011,21464,3,3,0,3,0
2020-04-25,Contra Costa,013,1133247,953,821,0,821,24
2020-04-25,Del Norte,015,27424,2,2,0,2,0
2020-04-25,El Dorado,017,186661,57,41,0,41,0
2020-04-25,Fresno,019,978130,832,459,6,465,7
2020-04-25,Glenn,021,27897,5,4,0,4,0
2020-04-25,Humboldt,023,135768,59,53,0,53,0
2020-04-25,Imperial,025,180216,429,232,0,232,6
2020-04-25,Inyo,027,18085,19,20,0,20,1
2020-04-25,Kern,029,883053,1044,802,1,803,4
2020-04-25,Kings,031,150075,170,33,1,34,1
2020-04-25,Lake,033,64148,6,6,0,6,0
2020-04-25,Lassen,035,31185,3,0,2,2,0
2020-04-25,Los Angeles,037,10098052,25658,19144,15,19159,881
2020-04-25,Madera,039,155013,79,39,1,40,2
2020-04-25,Marin,041,260295,238,215,1,216,12
2020-04-25,Mariposa,043,17540,14,0,0,0,0
2020-04-25,Mendocino,045,87422,11,5,0,5,0
2020-04-25,Merced,047,269075,166,103,0,103,3
2020-04-25,Modoc,049,8938,0,0,0,0,0
2020-04-25,Mono,051,14174,31,23,0,23,1
2020-04-25,Monterey,053,433212,244,173,0,173,4
2020-04-25,Napa,055,140530,76,60,0,60,2
2020-04-25,Nevada,057,99092,41,37,1,38,1
2020-04-25,Orange,059,3164182,3192,2047,25,2072,40
2020-04-25,Placer,061,380077,165,137,0,137,8
2020-04-25,Plumas,063,18699,4,4,0,4,0
2020-04-25,Riverside,065,2383286,4428,3037,15,3052,93
2020-04-25,Sacramento,067,1510023,1083,1015,0,1015,41
2020-04-25,San Benito,069,59416,50,45,0,45,2
2020-04-25,San Bernardino,071,2135413,2251,1675,1,1676,82
2020-04-25,San Diego,073,3302833,3965,2945,0,2945,111
2020-04-25,San Francisco,075,870044,1670,1341,0,1341,22
2020-04-25,San Joaquin,077,732212,566,497,3,500,24
2020-04-25,San Luis Obispo,079,281455,243,159,3,162,1
2020-04-25,San Mateo,081,765935,1353,1054,2,1056,46
2020-04-25,Santa Barbara,083,443738,502,457,2,459,7
2020-04-25,Santa Clara,085,1922200,2525,2045,5,2050,99
2020-04-25,Santa Cruz,087,273765,142,112,0,112,2
2020-04-25,Shasta,089,179085,35,29,0,29,4
2020-04-25,Sierra,091,2930,0,0,0,0,0
2020-04-25,Siskiyou,093,43540,5,5,0,5,0
2020-04-25,Solano,095,438530,281,203,0,203,3
2020-04-25,Sonoma,097,501317,254,199,0,199,1
2020-04-25,Stanislaus,099,539301,398,276,4,280,4
2020-04-25,Sutter,101,95872,29,24,0,24,2
2020-04-25,Tehama,103,63373,1,1,0,1,1
2020-04-25,Trinity,105,12862,0,0,0,0,0
2020-04-25,Tulare,107,460477,797,478,5,483,28
2020-04-25,Tuolumne,109,53932,3,2,0,2,0
2020-04-25,Ventura,111,848112,626,494,1,495,16
2020-04-25,Yolo,113,214977,181,157,0,157,8
2020-04-25,Yuba,115,75493,17,15,0,15,1
2020-04-24,Alameda,001,1643700,1692,1385,2,1387,50
2020-04-24,Alpine,003,1148,1,1,0,1,0
2020-04-24,Amador,005,37829,8,8,0,8,0
2020-04-24,Butte,007,227075,26,15,1,16,0
2020-04-24,Calaveras,009,45235,13,12,0,12,0
2020-04-24,Colusa,011,21464,3,3,0,3,0
2020-04-24,Contra Costa,013,1133247,944,806,0,806,23
2020-04-24,Del Norte,015,27424,2,2,0,2,0
2020-04-24,El Dorado,017,186661,56,41,0,41,0
2020-04-24,Fresno,019,978130,809,449,6,455,7
2020-04-24,Glenn,021,27897,5,4,0,4,0
2020-04-24,Humboldt,023,135768,59,53,0,53,0
2020-04-24,Imperial,025,180216,413,232,0,232,6
2020-04-24,Inyo,027,18085,19,20,0,20,0
2020-04-24,Kern,029,883053,1020,770,1,771,4
2020-04-24,Kings,031,150075,141,30,1,31,1
2020-04-24,Lake,033,64148,6,6,0,6,0
2020-04-24,Lassen,035,31185,3,0,2,2,0
2020-04-24,Los Angeles,037,10098052,24728,18553,15,18568,836
2020-04-24,Madera,039,155013,79,39,1,40,2
2020-04-24,Marin,041,260295,238,211,1,212,11
2020-04-24,Mariposa,043,17540,8,0,0,0,0
2020-04-24,Mendocino,045,87422,11,5,0,5,0
2020-04-24,Merced,047,269075,163,102,0,102,3
2020-04-24,Modoc,049,8938,0,0,0,0,0
2020-04-24,Mono,051,14174,30,23,0,23,1
2020-04-24,Monterey,053,433212,237,167,0,167,4
2020-04-24,Napa,055,140530,75,59,0,59,2
2020-04-24,Nevada,057,99092,41,36,1,37,1
2020-04-24,Orange,059,3164182,3085,1945,25,1970,39
2020-04-24,Placer,061,380077,163,137,0,137,8
2020-04-24,Plumas,063,18699,4,4,0,4,0
2020-04-24,Riverside,065,2383286,4347,3044,15,3059,87
2020-04-24,Sacramento,067,1510023,1077,1009,0,1009,41
2020-04-24,San Benito,069,59416,50,45,0,45,2
2020-04-24,San Bernardino,071,2135413,2216,1667,1,1668,80
2020-04-24,San Diego,073,3302833,3854,2828,0,2828,102
2020-04-24,San Francisco,075,870044,1612,1345,0,1345,22
2020-04-24,San Joaquin,077,732212,559,484,3,487,24
2020-04-24,San Luis Obispo,079,281455,240,151,3,154,1
2020-04-24,San Mateo,081,765935,1330,1004,2,1006,43
2020-04-24,Santa Barbara,083,443738,496,450,2,452,6
2020-04-24,Santa Clara,085,1922200,2483,2026,5,2031,98
2020-04-24,Santa Cruz,087,273765,138,111,0,111,2
2020-04-24,Shasta,089,179085,35,28,0,28,4
2020-04-24,Sierra,091,2930,0,0,0,0,0
2020-04-24,Siskiyou,093,43540,5,5,0,5,0
2020-04-24,Solano,095,438530,279,203,0,203,3
2020-04-24,Sonoma,097,501317,250,199,0,199,1
2020-04-24,Stanislaus,099,539301,395,273,4,277,4
2020-04-24,Sutter,101,95872,28,24,0,24,2
2020-04-24,Tehama,103,63373,1,1,0,1,1
2020-04-24,Trinity,105,12862,0,0,0,0,0
2020-04-24,Tulare,107,460477,769,459,5,464,27
2020-04-24,Tuolumne,109,53932,3,2,0,2,0
2020-04-24,Ventura,111,848112,616,489,1,490,16
2020-04-24,Yolo,113,214977,180,155,0,155,8
2020-04-24,Yuba,115,75493,16,15,0,15,1
2020-04-23,Alameda,001,1643700,1654,1336,2,1338,46
2020-04-23,Alpine,003,1148,1,1,0,1,0
2020-04-23,Amador,005,37829,8,8,0,8,0
2020-04-23,Butte,007,227075,26,15,1,16,0
2020-04-23,Calaveras,009,45235,13,12,0,12,0
2020-04-23,Colusa,011,21464,3,3,0,3,0
2020-04-23,Contra Costa,013,1133247,923,786,0,786,23
2020-04-23,Del Norte,015,27424,2,2,0,2,0
2020-04-23,El Dorado,017,186661,55,39,0,39,0
2020-04-23,Fresno,019,978130,771,426,6,432,7
2020-04-23,Glenn,021,27897,5,3,0,3,0
2020-04-23,Humboldt,023,135768,59,53,0,53,0
2020-04-23,Imperial,025,180216,392,181,0,181,4
2020-04-23,Inyo,027,18085,19,19,0,19,0
2020-04-23,Kern,029,883053,972,732,1,733,4
2020-04-23,Kings,031,150075,126,28,1,29,1
2020-04-23,Lake,033,64148,6,6,0,6,0
2020-04-23,Lassen,035,31185,3,0,2,2,0
2020-04-23,Los Angeles,037,10098052,23666,17548,14,17562,784
2020-04-23,Madera,039,155013,77,37,1,38,2
2020-04-23,Marin,041,260295,225,209,1,210,11
2020-04-23,Mariposa,043,17540,7,0,0,0,0
2020-04-23,Mendocino,045,87422,9,5,0,5,0
2020-04-23,Merced,047,269075,159,98,0,98,3
2020-04-23,Modoc,049,8938,0,0,0,0,0
2020-04-23,Mono,051,14174,30,23,0,23,1
2020-04-23,Monterey,053,433212,233,161,0,161,4
2020-04-23,Napa,055,140530,68,59,0,59,2
2020-04-23,Nevada,057,99092,41,36,1,37,1
2020-04-23,Orange,059,3164182,2906,1841,24,1865,37
2020-04-23,Placer,061,380077,160,136,0,136,8
2020-04-23,Plumas,063,18699,4,4,0,4,0
2020-04-23,Riverside,065,2383286,4233,2935,14,2949,78
2020-04-23,Sacramento,067,1510023,1065,978,0,978,41
2020-04-23,San Benito,069,59416,47,43,0,43,2
2020-04-23,San Bernardino,071,2135413,2151,1604,1,1605,79
2020-04-23,San Diego,073,3302833,3693,2645,0,2645,100
2020-04-23,San Francisco,075,870044,1587,1312,0,1312,21
2020-04-23,San Joaquin,077,732212,549,479,3,482,20
2020-04-23,San Luis Obispo,079,281455,236,146,3,149,1
2020-04-23,San Mateo,081,765935,1291,970,2,972,42
2020-04-23,Santa Barbara,083,443738,490,445,2,447,6
2020-04-23,Santa Clara,085,1922200,2448,1996,5,2001,95
2020-04-23,Santa Cruz,087,273765,137,110,0,110,2
2020-04-23,Shasta,089,179085,35,27,0,27,3
2020-04-23,Sierra,091,2930,0,0,0,0,0
2020-04-23,Siskiyou,093,43540,5,5,0,5,0
2020-04-23,Solano,095,438530,265,196,0,196,3
2020-04-23,Sonoma,097,501317,238,187,0,187,1
2020-04-23,Stanislaus,099,539301,391,254,4,258,4
2020-04-23,Sutter,101,95872,28,24,0,24,2
2020-04-23,Tehama,103,63373,1,1,0,1,1
2020-04-23,Trinity,105,12862,0,0,0,0,0
2020-04-23,Tulare,107,460477,740,440,5,445,25
2020-04-23,Tuolumne,109,53932,3,2,0,2,0
2020-04-23,Ventura,111,848112,602,479,1,480,16
2020-04-23,Yolo,113,214977,177,151,0,151,8
2020-04-23,Yuba,115,75493,16,15,0,15,1
2020-04-22,Alameda,001,1643700,1605,1275,2,1277,46
2020-04-22,Alpine,003,1148,1,1,0,1,0
2020-04-22,Amador,005,37829,8,7,0,7,0
2020-04-22,Butte,007,227075,25,15,1,16,0
2020-04-22,Calaveras,009,45235,13,12,0,12,0
2020-04-22,Colusa,011,21464,3,3,0,3,0
2020-04-22,Contra Costa,013,1133247,908,772,0,772,22
2020-04-22,Del Norte,015,27424,2,2,0,2,0
2020-04-22,El Dorado,017,186661,55,39,0,39,0
2020-04-22,Fresno,019,978130,731,388,6,394,7
2020-04-22,Glenn,021,27897,5,3,0,3,0
2020-04-22,Humboldt,023,135768,59,53,0,53,0
2020-04-22,Imperial,025,180216,381,170,0,170,3
2020-04-22,Inyo,027,18085,19,18,0,18,0
2020-04-22,Kern,029,883053,950,713,1,714,4
2020-04-22,Kings,031,150075,105,28,1,29,1
2020-04-22,Lake,033,64148,6,6,0,6,0
2020-04-22,Lassen,035,31185,3,0,2,2,0
2020-04-22,Los Angeles,037,10098052,22643,16400,14,16414,715
2020-04-22,Madera,039,155013,75,37,1,38,2
2020-04-22,Marin,041,260295,223,202,1,203,11
2020-04-22,Mariposa,043,17540,6,0,0,0,0
2020-04-22,Mendocino,045,87422,6,5,0,5,0
2020-04-22,Merced,047,269075,147,92,0,92,3
2020-04-22,Modoc,049,8938,0,0,0,0,0
2020-04-22,Mono,051,14174,29,23,0,23,1
2020-04-22,Monterey,053,433212,226,154,0,154,4
2020-04-22,Napa,055,140530,67,58,0,58,2
2020-04-22,Nevada,057,99092,41,36,1,37,1
2020-04-22,Orange,059,3164182,2812,1785,23,1808,36
2020-04-22,Placer,061,380077,158,133,0,133,8
2020-04-22,Plumas,063,18699,4,4,0,4,0
2020-04-22,Riverside,065,2383286,4129,2822,14,2836,76
2020-04-22,Sacramento,067,1510023,1060,959,0,959,36
2020-04-22,San Benito,069,59416,46,43,0,43,2
2020-04-22,San Bernardino,071,2135413,2088,1564,1,1565,74
2020-04-22,San Diego,073,3302833,3565,2493,0,2493,96
2020-04-22,San Francisco,075,870044,1550,1255,0,1255,21
2020-04-22,San Joaquin,077,732212,538,462,3,465,20
2020-04-22,San Luis Obispo,079,281455,227,142,3,145,1
2020-04-22,San Mateo,081,765935,1268,945,2,947,40
2020-04-22,Santa Barbara,083,443738,485,437,2,439,6
2020-04-22,Santa Clara,085,1922200,2432,1969,5,1974,95
2020-04-22,Santa Cruz,087,273765,133,106,0,106,2
2020-04-22,Shasta,089,179085,34,26,0,26,3
2020-04-22,Sierra,091,2930,0,0,0,0,0
2020-04-22,Siskiyou,093,43540,5,5,0,5,0
2020-04-22,Solano,095,438530,247,195,0,195,3
2020-04-22,Sonoma,097,501317,235,185,0,185,1
2020-04-22,Stanislaus,099,539301,334,247,4,251,4
2020-04-22,Sutter,101,95872,28,22,0,22,2
2020-04-22,Tehama,103,63373,1,1,0,1,1
2020-04-22,Trinity,105,12862,0,0,0,0,0
2020-04-22,Tulare,107,460477,706,425,5,430,23
2020-04-22,Tuolumne,109,53932,3,2,0,2,0
2020-04-22,Ventura,111,848112,591,465,1,466,15
2020-04-22,Yolo,113,214977,176,147,0,147,8
2020-04-22,Yuba,115,75493,16,15,0,15,1
2020-04-21,Alameda,001,1643700,1575,1234,2,1236,46
2020-04-21,Alpine,003,1148,1,1,0,1,0
2020-04-21,Amador,005,37829,8,7,0,7,0
2020-04-21,Butte,007,227075,24,15,1,16,0
2020-04-21,Calaveras,009,45235,12,12,0,12,0
2020-04-21,Colusa,011,21464,3,3,0,3,0
2020-04-21,Contra Costa,013,1133247,894,766,0,766,22
2020-04-21,Del Norte,015,27424,2,2,0,2,0
2020-04-21,El Dorado,017,186661,54,36,0,36,0
2020-04-21,Fresno,019,978130,697,372,6,378,7
2020-04-21,Glenn,021,27897,5,3,0,3,0
2020-04-21,Humboldt,023,135768,58,53,0,53,0
2020-04-21,Imperial,025,180216,361,165,0,165,2
2020-04-21,Inyo,027,18085,19,18,0,18,0
2020-04-21,Kern,029,883053,908,676,1,677,4
2020-04-21,Kings,031,150075,91,28,1,29,1
2020-04-21,Lake,033,64148,6,6,0,6,0
2020-04-21,Lassen,035,31185,3,0,2,2,0
2020-04-21,Los Angeles,037,10098052,21781,15096,14,15110,650
2020-04-21,Madera,039,155013,75,37,1,38,2
2020-04-21,Marin,041,260295,217,202,1,203,10
2020-04-21,Mariposa,043,17540,5,0,0,0,0
2020-04-21,Mendocino,045,87422,6,5,0,5,0
2020-04-21,Merced,047,269075,143,89,0,89,3
2020-04-21,Modoc,049,8938,0,0,0,0,0
2020-04-21,Mono,051,14174,29,23,0,23,1
2020-04-21,Monterey,053,433212,223,151,0,151,4
2020-04-21,Napa,055,140530,66,58,0,58,2
2020-04-21,Nevada,057,99092,41,36,1,37,1
2020-04-21,Orange,059,3164182,2689,1717,22,1739,36
2020-04-21,Placer,061,380077,156,133,0,133,8
2020-04-21,Plumas,063,18699,4,4,0,4,0
2020-04-21,Riverside,065,2383286,3997,2631,14,2645,68
2020-04-21,Sacramento,067,1510023,1050,941,0,941,33
2020-04-21,San Benito,069,59416,44,43,0,43,2
2020-04-21,San Bernardino,071,2135413,2028,1499,1,1500,71
2020-04-21,San Diego,073,3302833,3409,2436,0,2436,87
2020-04-21,San Francisco,075,870044,1520,1232,0,1232,20
2020-04-21,San Joaquin,077,732212,528,447,3,450,20
2020-04-21,San Luis Obispo,079,281455,219,134,3,137,1
2020-04-21,San Mateo,081,765935,1222,933,2,935,34
2020-04-21,Santa Barbara,083,443738,476,414,2,416,5
2020-04-21,Santa Clara,085,1922200,2382,1943,5,1948,91
2020-04-21,Santa Cruz,087,273765,131,104,0,104,2
2020-04-21,Shasta,089,179085,33,26,0,26,3
2020-04-21,Sierra,091,2930,0,0,0,0,0
2020-04-21,Siskiyou,093,43540,5,5,0,5,0
2020-04-21,Solano,095,438530,239,193,0,193,3
2020-04-21,Sonoma,097,501317,225,182,0,182,1
2020-04-21,Stanislaus,099,539301,315,235,4,239,4
2020-04-21,Sutter,101,95872,28,22,0,22,2
2020-04-21,Tehama,103,63373,1,1,0,1,1
2020-04-21,Trinity,105,12862,0,0,0,0,0
2020-04-21,Tulare,107,460477,669,410,5,415,23
2020-04-21,Tuolumne,109,53932,3,2,0,2,0
2020-04-21,Ventura,111,848112,579,455,1,456,14
2020-04-21,Yolo,113,214977,174,143,0,143,8
2020-04-21,Yuba,115,75493,16,15,0,15,1
2020-04-20,Alameda,001,1643700,1542,1181,2,1183,42
2020-04-20,Alpine,003,1148,1,1,0,1,0
2020-04-20,Amador,005,37829,8,7,0,7,0
2020-04-20,Butte,007,227075,24,15,1,16,0
2020-04-20,Calaveras,009,45235,12,12,0,12,0
2020-04-20,Colusa,011,21464,3,3,0,3,0
2020-04-20,Contra Costa,013,1133247,884,753,0,753,22
2020-04-20,Del Norte,015,27424,2,2,0,2,0
2020-04-20,El Dorado,017,186661,54,36,0,36,0
2020-04-20,Fresno,019,978130,679,356,6,362,7
2020-04-20,Glenn,021,27897,4,3,0,3,0
2020-04-20,Humboldt,023,135768,58,53,0,53,0
2020-04-20,Imperial,025,180216,342,149,0,149,2
2020-04-20,Inyo,027,18085,19,17,0,17,0
2020-04-20,Kern,029,883053,876,651,1,652,3
2020-04-20,Kings,031,150075,80,19,1,20,1
2020-04-20,Lake,033,64148,6,6,0,6,0
2020-04-20,Lassen,035,31185,3,0,2,2,0
2020-04-20,Los Angeles,037,10098052,20868,13787,14,13801,608
2020-04-20,Madera,039,155013,74,35,1,36,2
2020-04-20,Marin,041,260295,213,200,1,201,10
2020-04-20,Mariposa,043,17540,5,0,0,0,0
2020-04-20,Mendocino,045,87422,6,5,0,5,0
2020-04-20,Merced,047,269075,136,88,0,88,3
2020-04-20,Modoc,049,8938,0,0,0,0,0
2020-04-20,Mono,051,14174,29,23,0,23,1
2020-04-20,Monterey,053,433212,214,147,0,147,4
2020-04-20,Napa,055,140530,66,55,0,55,2
2020-04-20,Nevada,057,99092,41,34,1,35,1
2020-04-20,Orange,059,3164182,2605,1679,22,1701,33
2020-04-20,Placer,061,380077,155,132,0,132,8
2020-04-20,Plumas,063,18699,4,4,0,4,0
2020-04-20,Riverside,065,2383286,3872,2477,14,2491,61
2020-04-20,Sacramento,067,1510023,1040,924,0,924,32
2020-04-20,San Benito,069,59416,44,43,0,43,2
2020-04-20,San Bernardino,071,2135413,1941,1344,1,1345,63
2020-04-20,San Diego,073,3302833,3267,2327,0,2327,72
2020-04-20,San Francisco,075,870044,1488,1223,0,1223,19
2020-04-20,San Joaquin,077,732212,524,422,3,425,17
2020-04-20,San Luis Obispo,079,281455,205,132,3,135,1
2020-04-20,San Mateo,081,765935,1199,890,2,892,31
2020-04-20,Santa Barbara,083,443738,469,388,2,390,4
2020-04-20,Santa Clara,085,1922200,2351,1920,5,1925,84
2020-04-20,Santa Cruz,087,273765,129,102,0,102,2
2020-04-20,Shasta,089,179085,33,26,0,26,3
2020-04-20,Sierra,091,2930,0,0,0,0,0
2020-04-20,Siskiyou,093,43540,5,5,0,5,0
2020-04-20,Solano,095,438530,236,185,0,185,2
2020-04-20,Sonoma,097,501317,217,178,0,178,1
2020-04-20,Stanislaus,099,539301,301,228,4,232,3
2020-04-20,Sutter,101,95872,27,22,0,22,2
2020-04-20,Tehama,103,63373,1,1,0,1,1
2020-04-20,Trinity,105,12862,0,0,0,0,0
2020-04-20,Tulare,107,460477,659,401,5,406,20
2020-04-20,Tuolumne,109,53932,3,2,0,2,0
2020-04-20,Ventura,111,848112,565,426,1,427,13
2020-04-20,Yolo,113,214977,173,125,0,125,5
2020-04-20,Yuba,115,75493,16,15,0,15,1
2020-04-19,Alameda,001,1643700,1492,1134,2,1136,41
2020-04-19,Alpine,003,1148,1,1,0,1,0
2020-04-19,Amador,005,37829,7,7,0,7,0
2020-04-19,Butte,007,227075,23,15,1,16,0
2020-04-19,Calaveras,009,45235,12,12,0,12,0
2020-04-19,Colusa,011,21464,3,3,0,3,0
2020-04-19,Contra Costa,013,1133247,868,731,0,731,20
2020-04-19,Del Norte,015,27424,2,2,0,2,0
2020-04-19,El Dorado,017,186661,54,36,0,36,0
2020-04-19,Fresno,019,978130,643,326,6,332,7
2020-04-19,Glenn,021,27897,4,3,0,3,0
2020-04-19,Humboldt,023,135768,58,53,0,53,0
2020-04-19,Imperial,025,180216,316,144,0,144,2
2020-04-19,Inyo,027,18085,19,17,0,17,0
2020-04-19,Kern,029,883053,851,629,1,630,3
2020-04-19,Kings,031,150075,70,17,1,18,1
2020-04-19,Lake,033,64148,6,6,0,6,0
2020-04-19,Lassen,035,31185,3,0,2,2,0
2020-04-19,Los Angeles,037,10098052,19863,12299,14,12313,589
2020-04-19,Madera,039,155013,72,34,1,35,2
2020-04-19,Marin,041,260295,212,194,1,195,10
2020-04-19,Mariposa,043,17540,2,0,0,0,0
2020-04-19,Mendocino,045,87422,6,4,0,4,0
2020-04-19,Merced,047,269075,131,85,0,85,3
2020-04-19,Modoc,049,8938,0,0,0,0,0
2020-04-19,Mono,051,14174,29,23,0,23,1
2020-04-19,Monterey,053,433212,205,140,0,140,4
2020-04-19,Napa,055,140530,64,49,0,49,2
2020-04-19,Nevada,057,99092,40,34,1,35,1
2020-04-19,Orange,059,3164182,2508,1591,21,1612,32
2020-04-19,Placer,061,380077,154,131,0,131,8
2020-04-19,Plumas,063,18699,4,4,0,4,0
2020-04-19,Riverside,065,2383286,3729,2316,14,2330,56
2020-04-19,Sacramento,067,1510023,1013,912,0,912,32
2020-04-19,San Benito,069,59416,42,40,0,40,2
2020-04-19,San Bernardino,071,2135413,1878,1262,1,1263,58
2020-04-19,San Diego,073,3302833,3100,2270,0,2270,71
2020-04-19,San Francisco,075,870044,1455,1153,0,1153,19
2020-04-19,San Joaquin,077,732212,506,404,3,407,17
2020-04-19,San Luis Obispo,079,281455,200,132,3,135,1
2020-04-19,San Mateo,081,765935,1163,845,2,847,31
2020-04-19,Santa Barbara,083,443738,462,377,2,379,3
2020-04-19,Santa Clara,085,1922200,2306,1878,5,1883,81
2020-04-19,Santa Cruz,087,273765,126,98,0,98,2
2020-04-19,Shasta,089,179085,31,26,0,26,3
2020-04-19,Sierra,091,2930,0,0,0,0,0
2020-04-19,Siskiyou,093,43540,5,5,0,5,0
2020-04-19,Solano,095,438530,228,174,0,174,2
2020-04-19,Sonoma,097,501317,211,172,0,172,1
2020-04-19,Stanislaus,099,539301,293,221,4,225,3
2020-04-19,Sutter,101,95872,26,21,0,21,2
2020-04-19,Tehama,103,63373,1,1,0,1,1
2020-04-19,Trinity,105,12862,0,0,0,0,0
2020-04-19,Tulare,107,460477,613,391,5,396,17
2020-04-19,Tuolumne,109,53932,3,2,0,2,0
2020-04-19,Ventura,111,848112,557,418,1,419,13
2020-04-19,Yolo,113,214977,173,120,0,120,5
2020-04-19,Yuba,115,75493,16,15,0,15,1
2020-04-18,Alameda,001,1643700,1467,1085,2,1087,40
2020-04-18,Alpine,003,1148,1,1,0,1,0
2020-04-18,Amador,005,37829,7,7,0,7,0
2020-04-18,Butte,007,227075,22,15,1,16,0
2020-04-18,Calaveras,009,45235,12,12,0,12,0
2020-04-18,Colusa,011,21464,3,3,0,3,0
2020-04-18,Contra Costa,013,1133247,856,721,0,721,17
2020-04-18,Del Norte,015,27424,2,2,0,2,0
2020-04-18,El Dorado,017,186661,54,36,0,36,0
2020-04-18,Fresno,019,978130,622,319,6,325,7
2020-04-18,Glenn,021,27897,4,3,0,3,0
2020-04-18,Humboldt,023,135768,58,52,0,52,0
2020-04-18,Imperial,025,180216,307,137,0,137,2
2020-04-18,Inyo,027,18085,19,17,0,17,0
2020-04-18,Kern,029,883053,829,626,1,627,3
2020-04-18,Kings,031,150075,69,17,1,18,1
2020-04-18,Lake,033,64148,6,6,0,6,0
2020-04-18,Lassen,035,31185,3,0,2,2,0
2020-04-18,Los Angeles,037,10098052,19334,11984,14,11998,566
2020-04-18,Madera,039,155013,71,34,1,35,2
2020-04-18,Marin,041,260295,210,193,1,194,10
2020-04-18,Mariposa,043,17540,2,0,0,0,0
2020-04-18,Mendocino,045,87422,6,4,0,4,0
2020-04-18,Merced,047,269075,129,82,0,82,3
2020-04-18,Modoc,049,8938,0,0,0,0,0
2020-04-18,Mono,051,14174,29,22,0,22,1
2020-04-18,Monterey,053,433212,201,135,0,135,3
2020-04-18,Napa,055,140530,64,49,0,49,2
2020-04-18,Nevada,057,99092,39,34,1,35,1
2020-04-18,Orange,059,3164182,2444,1569,20,1589,32
2020-04-18,Placer,061,380077,152,130,0,130,8
2020-04-18,Plumas,063,18699,4,4,0,4,0
2020-04-18,Riverside,065,2383286,3654,2257,14,2271,56
2020-04-18,Sacramento,067,1510023,1001,901,0,901,32
2020-04-18,San Benito,069,59416,42,40,0,40,2
2020-04-18,San Bernardino,071,2135413,1833,1255,1,1256,58
2020-04-18,San Diego,073,3302833,2998,2215,0,2215,71
2020-04-18,San Francisco,075,870044,1416,1144,0,1144,19
2020-04-18,San Joaquin,077,732212,497,392,3,395,17
2020-04-18,San Luis Obispo,079,281455,196,129,3,132,1
2020-04-18,San Mateo,081,765935,1141,821,2,823,31
2020-04-18,Santa Barbara,083,443738,456,372,2,374,3
2020-04-18,Santa Clara,085,1922200,2273,1862,5,1867,79
2020-04-18,Santa Cruz,087,273765,124,96,0,96,2
2020-04-18,Shasta,089,179085,31,26,0,26,3
2020-04-18,Sierra,091,2930,0,0,0,0,0
2020-04-18,Siskiyou,093,43540,5,5,0,5,0
2020-04-18,Solano,095,438530,225,175,0,175,2
2020-04-18,Sonoma,097,501317,207,168,0,168,1
2020-04-18,Stanislaus,099,539301,285,216,4,220,3
2020-04-18,Sutter,101,95872,26,21,0,21,2
2020-04-18,Tehama,103,63373,1,1,0,1,1
2020-04-18,Trinity,105,12862,0,0,0,0,0
2020-04-18,Tulare,107,460477,602,385,5,390,17
2020-04-18,Tuolumne,109,53932,3,2,0,2,0
2020-04-18,Ventura,111,848112,549,416,1,417,13
2020-04-18,Yolo,113,214977,171,118,0,118,5
2020-04-18,Yuba,115,75493,16,14,0,14,1
2020-04-17,Alameda,001,1643700,1412,1043,1,1044,40
2020-04-17,Alpine,003,1148,1,1,0,1,0
2020-04-17,Amador,005,37829,7,7,0,7,0
2020-04-17,Butte,007,227075,22,15,1,16,0
2020-04-17,Calaveras,009,45235,12,11,0,11,0
2020-04-17,Colusa,011,21464,3,3,0,3,0
2020-04-17,Contra Costa,013,1133247,845,687,0,687,15
2020-04-17,Del Norte,015,27424,2,2,0,2,0
2020-04-17,El Dorado,017,186661,54,35,0,35,0
2020-04-17,Fresno,019,978130,600,315,6,321,7
2020-04-17,Glenn,021,27897,4,3,0,3,0
2020-04-17,Humboldt,023,135768,57,52,0,52,0
2020-04-17,Imperial,025,180216,298,135,0,135,2
2020-04-17,Inyo,027,18085,19,17,0,17,0
2020-04-17,Kern,029,883053,809,612,1,613,3
2020-04-17,Kings,031,150075,67,15,1,16,1
2020-04-17,Lake,033,64148,6,6,0,6,0
2020-04-17,Lassen,035,31185,3,0,2,2,0
2020-04-17,Los Angeles,037,10098052,18695,11354,14,11368,489
2020-04-17,Madera,039,155013,71,34,1,35,2
2020-04-17,Marin,041,260295,207,189,1,190,10
2020-04-17,Mariposa,043,17540,1,0,0,0,0
2020-04-17,Mendocino,045,87422,6,4,0,4,0
2020-04-17,Merced,047,269075,128,80,0,80,3
2020-04-17,Modoc,049,8938,0,0,0,0,0
2020-04-17,Mono,051,14174,29,22,0,22,1
2020-04-17,Monterey,053,433212,196,119,0,119,3
2020-04-17,Napa,055,140530,62,46,0,46,2
2020-04-17,Nevada,057,99092,38,34,1,35,1
2020-04-17,Orange,059,3164182,2393,1496,20,1516,31
2020-04-17,Placer,061,380077,152,130,0,130,8
2020-04-17,Plumas,063,18699,4,4,0,4,0
2020-04-17,Riverside,065,2383286,3527,2080,14,2094,50
2020-04-17,Sacramento,067,1510023,994,882,0,882,32
2020-04-17,San Benito,069,59416,42,38,0,38,2
2020-04-17,San Bernardino,071,2135413,1794,1229,1,1230,57
2020-04-17,San Diego,073,3302833,2908,2160,0,2160,70
2020-04-17,San Francisco,075,870044,1391,1090,0,1090,19
2020-04-17,San Joaquin,077,732212,486,356,3,359,17
2020-04-17,San Luis Obispo,079,281455,189,116,3,119,1
2020-04-17,San Mateo,081,765935,1125,768,2,770,31
2020-04-17,Santa Barbara,083,443738,451,349,2,351,3
2020-04-17,Santa Clara,085,1922200,2237,1834,5,1839,74
2020-04-17,Santa Cruz,087,273765,123,94,0,94,2
2020-04-17,Shasta,089,179085,31,26,0,26,3
2020-04-17,Sierra,091,2930,0,0,0,0,0
2020-04-17,Siskiyou,093,43540,5,5,0,5,0
2020-04-17,Solano,095,438530,224,173,0,173,2
2020-04-17,Sonoma,097,501317,204,167,0,167,1
2020-04-17,Stanislaus,099,539301,283,201,4,205,3
2020-04-17,Sutter,101,95872,26,20,0,20,2
2020-04-17,Tehama,103,63373,1,1,0,1,1
2020-04-17,Trinity,105,12862,0,0,0,0,0
2020-04-17,Tulare,107,460477,595,370,5,375,17
2020-04-17,Tuolumne,109,53932,3,2,0,2,0
2020-04-17,Ventura,111,848112,544,398,1,399,13
2020-04-17,Yolo,113,214977,170,117,0,117,5
2020-04-17,Yuba,115,75493,16,14,0,14,1
2020-04-16,Alameda,001,1643700,1378,981,1,982,39
2020-04-16,Alpine,003,1148,1,1,0,1,0
2020-04-16,Amador,005,37829,7,7,0,7,0
2020-04-16,Butte,007,227075,21,15,1,16,0
2020-04-16,Calaveras,009,45235,12,10,0,10,0
2020-04-16,Colusa,011,21464,3,3,0,3,0
2020-04-16,Contra Costa,013,1133247,831,675,0,675,14
2020-04-16,Del Norte,015,27424,2,2,0,2,0
2020-04-16,El Dorado,017,186661,53,34,0,34,0
2020-04-16,Fresno,019,978130,570,289,6,295,7
2020-04-16,Glenn,021,27897,4,3,0,3,0
2020-04-16,Humboldt,023,135768,57,47,0,47,0
2020-04-16,Imperial,025,180216,283,132,0,132,2
2020-04-16,Inyo,027,18085,17,17,0,17,0
2020-04-16,Kern,029,883053,782,587,1,588,3
2020-04-16,Kings,031,150075,63,12,1,13,1
2020-04-16,Lake,033,64148,6,6,0,6,0
2020-04-16,Lassen,035,31185,3,0,2,2,0
2020-04-16,Los Angeles,037,10098052,17803,10786,14,10800,447
2020-04-16,Madera,039,155013,69,34,1,35,2
2020-04-16,Marin,041,260295,203,170,1,171,10
2020-04-16,Mariposa,043,17540,1,1,0,1,0
2020-04-16,Mendocino,045,87422,6,4,0,4,0
2020-04-16,Merced,047,269075,122,76,0,76,3
2020-04-16,Modoc,049,8938,0,0,0,0,0
2020-04-16,Mono,051,14174,29,22,0,22,1
2020-04-16,Monterey,053,433212,193,116,0,116,3
2020-04-16,Napa,055,140530,59,44,0,44,2
2020-04-16,Nevada,057,99092,38,34,1,35,1
2020-04-16,Orange,059,3164182,2328,1439,19,1458,28
2020-04-16,Placer,061,380077,150,129,0,129,7
2020-04-16,Plumas,063,18699,4,4,0,4,0
2020-04-16,Riverside,065,2383286,3407,1913,14,1927,45
2020-04-16,Sacramento,067,1510023,986,865,0,865,32
2020-04-16,San Benito,069,59416,42,36,0,36,2
2020-04-16,San Bernardino,071,2135413,1713,1143,0,1143,54
2020-04-16,San Diego,073,3302833,2800,2089,0,2089,63
2020-04-16,San Francisco,075,870044,1347,1039,0,1039,16
2020-04-16,San Joaquin,077,732212,471,345,3,348,17
2020-04-16,San Luis Obispo,079,281455,185,113,3,116,1
2020-04-16,San Mateo,081,765935,1096,745,2,747,29
2020-04-16,Santa Barbara,083,443738,440,331,2,333,3
2020-04-16,Santa Clara,085,1922200,2200,1789,5,1794,70
2020-04-16,Santa Cruz,087,273765,121,90,0,90,2
2020-04-16,Shasta,089,179085,31,25,0,25,3
2020-04-16,Sierra,091,2930,0,0,0,0,0
2020-04-16,Siskiyou,093,43540,5,5,0,5,0
2020-04-16,Solano,095,438530,221,162,0,162,2
2020-04-16,Sonoma,097,501317,199,145,0,145,1
2020-04-16,Stanislaus,099,539301,280,185,4,189,3
2020-04-16,Sutter,101,95872,25,21,0,21,2
2020-04-16,Tehama,103,63373,1,1,0,1,1
2020-04-16,Trinity,105,12862,0,0,0,0,0
2020-04-16,Tulare,107,460477,578,305,5,310,16
2020-04-16,Tuolumne,109,53932,3,1,0,1,0
2020-04-16,Ventura,111,848112,532,384,1,385,13
2020-04-16,Yolo,113,214977,168,98,0,98,4
2020-04-16,Yuba,115,75493,15,14,0,14,1
2020-04-15,Alameda,001,1643700,1328,915,1,916,38
2020-04-15,Alpine,003,1148,1,1,0,1,0
2020-04-15,Amador,005,37829,7,7,0,7,0
2020-04-15,Butte,007,227075,21,14,1,15,0
2020-04-15,Calaveras,009,45235,11,9,0,9,0
2020-04-15,Colusa,011,21464,3,3,0,3,0
2020-04-15,Contra Costa,013,1133247,809,645,0,645,14
2020-04-15,Del Norte,015,27424,2,2,0,2,0
2020-04-15,El Dorado,017,186661,51,33,0,33,0
2020-04-15,Fresno,019,978130,544,264,6,270,7
2020-04-15,Glenn,021,27897,4,3,0,3,0
2020-04-15,Humboldt,023,135768,57,47,0,47,0
2020-04-15,Imperial,025,180216,257,115,0,115,2
2020-04-15,Inyo,027,18085,17,12,0,12,0
2020-04-15,Kern,029,883053,760,500,1,501,3
2020-04-15,Kings,031,150075,59,12,1,13,1
2020-04-15,Lake,033,64148,6,4,0,4,0
2020-04-15,Lassen,035,31185,3,0,2,2,0
2020-04-15,Los Angeles,037,10098052,16980,10416,14,10430,394
2020-04-15,Madera,039,155013,69,30,1,31,2
2020-04-15,Marin,041,260295,200,162,1,163,10
2020-04-15,Mariposa,043,17540,0,0,0,0,0
2020-04-15,Mendocino,045,87422,5,4,0,4,0
2020-04-15,Merced,047,269075,120,74,0,74,3
2020-04-15,Modoc,049,8938,0,0,0,0,0
2020-04-15,Mono,051,14174,29,22,0,22,1
2020-04-15,Monterey,053,433212,185,106,0,106,3
2020-04-15,Napa,055,140530,56,34,0,34,2
2020-04-15,Nevada,057,99092,37,34,1,35,1
2020-04-15,Orange,059,3164182,2225,1377,19,1396,24
2020-04-15,Placer,061,380077,149,123,0,123,6
2020-04-15,Plumas,063,18699,4,4,0,4,0
2020-04-15,Riverside,065,2383286,3212,1723,14,1737,42
2020-04-15,Sacramento,067,1510023,977,839,0,839,32
2020-04-15,San Benito,069,59416,42,34,0,34,2
2020-04-15,San Bernardino,071,2135413,1643,1063,0,1063,45
2020-04-15,San Diego,073,3302833,2712,2014,0,2014,60
2020-04-15,San Francisco,075,870044,1311,1006,0,1006,16
2020-04-15,San Joaquin,077,732212,463,329,3,332,17
2020-04-15,San Luis Obispo,079,281455,177,112,3,115,1
2020-04-15,San Mateo,081,765935,1047,707,2,709,28
2020-04-15,Santa Barbara,083,443738,424,317,2,319,2
2020-04-15,Santa Clara,085,1922200,2161,1692,5,1697,69
2020-04-15,Santa Cruz,087,273765,117,92,0,92,2
2020-04-15,Shasta,089,179085,31,25,0,25,3
2020-04-15,Sierra,091,2930,0,0,0,0,0
2020-04-15,Siskiyou,093,43540,5,5,0,5,0
2020-04-15,Solano,095,438530,216,153,0,153,2
2020-04-15,Sonoma,097,501317,197,140,0,140,1
2020-04-15,Stanislaus,099,539301,273,174,4,178,3
2020-04-15,Sutter,101,95872,25,19,0,19,2
2020-04-15,Tehama,103,63373,1,1,0,1,1
2020-04-15,Trinity,105,12862,0,0,0,0,0
2020-04-15,Tulare,107,460477,560,289,5,294,14
2020-04-15,Tuolumne,109,53932,3,1,0,1,0
2020-04-15,Ventura,111,848112,517,365,1,366,13
2020-04-15,Yolo,113,214977,161,93,0,93,3
2020-04-15,Yuba,115,75493,15,15,0,15,1
2020-04-14,Alameda,001,1643700,1283,843,1,844,30
2020-04-14,Alpine,003,1148,1,1,0,1,0
2020-04-14,Amador,005,37829,7,6,0,6,0
2020-04-14,Butte,007,227075,21,13,1,14,0
2020-04-14,Calaveras,009,45235,11,5,0,5,0
2020-04-14,Colusa,011,21464,3,3,0,3,0
2020-04-14,Contra Costa,013,1133247,797,617,0,617,12
2020-04-14,Del Norte,015,27424,2,2,0,2,0
2020-04-14,El Dorado,017,186661,51,30,0,30,0
2020-04-14,Fresno,019,978130,521,244,6,250,6
2020-04-14,Glenn,021,27897,4,3,0,3,0
2020-04-14,Humboldt,023,135768,57,44,0,44,0
2020-04-14,Imperial,025,180216,237,86,0,86,2
2020-04-14,Inyo,027,18085,17,12,0,12,0
2020-04-14,Kern,029,883053,736,453,1,454,3
2020-04-14,Kings,031,150075,58,12,1,13,1
2020-04-14,Lake,033,64148,6,3,0,3,0
2020-04-14,Lassen,035,31185,3,0,2,2,0
2020-04-14,Los Angeles,037,10098052,16086,9948,13,9961,357
2020-04-14,Madera,039,155013,68,29,1,30,2
2020-04-14,Marin,041,260295,196,147,1,148,9
2020-04-14,Mariposa,043,17540,0,0,0,0,0
2020-04-14,Mendocino,045,87422,5,4,0,4,0
2020-04-14,Merced,047,269075,113,61,0,61,3
2020-04-14,Modoc,049,8938,0,0,0,0,0
2020-04-14,Mono,051,14174,29,22,0,22,1
2020-04-14,Monterey,053,433212,180,98,0,98,3
2020-04-14,Napa,055,140530,56,33,0,33,2
2020-04-14,Nevada,057,99092,37,34,1,35,1
2020-04-14,Orange,059,3164182,2125,1362,19,1381,24
2020-04-14,Placer,061,380077,148,117,0,117,5
2020-04-14,Plumas,063,18699,4,3,0,3,0
2020-04-14,Riverside,065,2383286,3077,1467,14,1481,40
2020-04-14,Sacramento,067,1510023,968,737,0,737,29
2020-04-14,San Benito,069,59416,39,34,0,34,2
2020-04-14,San Bernardino,071,2135413,1588,933,0,933,37
2020-04-14,San Diego,073,3302833,2617,1932,0,1932,53
2020-04-14,San Francisco,075,870044,1257,968,0,968,14
2020-04-14,San Joaquin,077,732212,453,280,3,283,17
2020-04-14,San Luis Obispo,079,281455,174,109,3,112,1
2020-04-14,San Mateo,081,765935,1013,681,2,683,28
2020-04-14,Santa Barbara,083,443738,400,292,2,294,2
2020-04-14,Santa Clara,085,1922200,2128,1561,5,1566,63
2020-04-14,Santa Cruz,087,273765,109,84,0,84,2
2020-04-14,Shasta,089,179085,31,24,0,24,3
2020-04-14,Sierra,091,2930,0,0,0,0,0
2020-04-14,Siskiyou,093,43540,5,5,0,5,0
2020-04-14,Solano,095,438530,213,140,0,140,2
2020-04-14,Sonoma,097,501317,193,133,0,133,1
2020-04-14,Stanislaus,099,539301,260,136,4,140,3
2020-04-14,Sutter,101,95872,24,19,0,19,2
2020-04-14,Tehama,103,63373,1,1,0,1,1
2020-04-14,Trinity,105,12862,0,0,0,0,0
2020-04-14,Tulare,107,460477,536,228,5,233,12
2020-04-14,Tuolumne,109,53932,3,0,0,0,0
2020-04-14,Ventura,111,848112,504,328,1,329,11
2020-04-14,Yolo,113,214977,158,81,0,81,3
2020-04-14,Yuba,115,75493,14,14,0,14,1
2020-04-13,Alameda,001,1643700,1245,821,1,822,23
2020-04-13,Alpine,003,1148,1,1,0,1,0
2020-04-13,Amador,005,37829,7,6,0,6,0
2020-04-13,Butte,007,227075,20,13,1,14,0
2020-04-13,Calaveras,009,45235,10,5,0,5,0
2020-04-13,Colusa,011,21464,3,3,0,3,0
2020-04-13,Contra Costa,013,1133247,781,569,0,569,12
2020-04-13,Del Norte,015,27424,2,2,0,2,0
2020-04-13,El Dorado,017,186661,49,29,0,29,0
2020-04-13,Fresno,019,978130,499,205,5,210,4
2020-04-13,Glenn,021,27897,4,3,0,3,0
2020-04-13,Humboldt,023,135768,57,44,0,44,0
2020-04-13,Imperial,025,180216,219,82,0,82,2
2020-04-13,Inyo,027,18085,17,12,0,12,0
2020-04-13,Kern,029,883053,711,346,1,347,3
2020-04-13,Kings,031,150075,54,9,1,10,0
2020-04-13,Lake,033,64148,6,3,0,3,0
2020-04-13,Lassen,035,31185,3,0,2,2,0
2020-04-13,Los Angeles,037,10098052,15367,9367,13,9380,317
2020-04-13,Madera,039,155013,66,29,1,30,2
2020-04-13,Marin,041,260295,192,144,1,145,6
2020-04-13,Mariposa,043,17540,0,0,0,0,0
2020-04-13,Mendocino,045,87422,5,4,0,4,0
2020-04-13,Merced,047,269075,112,60,0,60,3
2020-04-13,Modoc,049,8938,0,0,0,0,0
2020-04-13,Mono,051,14174,29,21,0,21,1
2020-04-13,Monterey,053,433212,173,86,0,86,3
2020-04-13,Napa,055,140530,55,30,0,30,2
2020-04-13,Nevada,057,99092,37,24,1,25,1
2020-04-13,Orange,059,3164182,2052,1313,19,1332,21
2020-04-13,Placer,061,380077,147,116,0,116,5
2020-04-13,Plumas,063,18699,4,3,0,3,0
2020-04-13,Riverside,065,2383286,2936,1460,13,1473,35
2020-04-13,Sacramento,067,1510023,956,723,0,723,25
2020-04-13,San Benito,069,59416,38,33,0,33,2
2020-04-13,San Bernardino,071,2135413,1513,920,0,920,30
2020-04-13,San Diego,073,3302833,2534,1849,0,1849,47
2020-04-13,San Francisco,075,870044,1219,948,0,948,12
2020-04-13,San Joaquin,077,732212,438,255,3,258,16
2020-04-13,San Luis Obispo,079,281455,169,106,3,109,1
2020-04-13,San Mateo,081,765935,973,679,2,681,25
2020-04-13,Santa Barbara,083,443738,381,271,1,272,2
2020-04-13,Santa Clara,085,1922200,2082,1540,5,1545,58
2020-04-13,Santa Cruz,087,273765,103,82,0,82,1
2020-04-13,Shasta,089,179085,30,24,0,24,3
2020-04-13,Sierra,091,2930,0,0,0,0,0
2020-04-13,Siskiyou,093,43540,5,5,0,5,0
2020-04-13,Solano,095,438530,210,136,0,136,2
2020-04-13,Sonoma,097,501317,186,133,0,133,1
2020-04-13,Stanislaus,099,539301,254,130,4,134,1
2020-04-13,Sutter,101,95872,24,18,0,18,2
2020-04-13,Tehama,103,63373,1,1,0,1,0
2020-04-13,Trinity,105,12862,0,0,0,0,0
2020-04-13,Tulare,107,460477,500,185,5,190,11
2020-04-13,Tuolumne,109,53932,3,0,0,0,0
2020-04-13,Ventura,111,848112,483,309,0,309,9
2020-04-13,Yolo,113,214977,152,81,0,81,3
2020-04-13,Yuba,115,75493,14,13,0,13,1
2020-04-12,Alameda,001,1643700,1202,774,1,775,23
2020-04-12,Alpine,003,1148,1,1,0,1,0
2020-04-12,Amador,005,37829,7,6,0,6,0
2020-04-12,Butte,007,227075,20,13,1,14,0
2020-04-12,Calaveras,009,45235,10,5,0,5,0
2020-04-12,Colusa,011,21464,3,3,0,3,0
2020-04-12,Contra Costa,013,1133247,768,553,0,553,12
2020-04-12,Del Norte,015,27424,2,2,0,2,0
2020-04-12,El Dorado,017,186661,49,28,0,28,0
2020-04-12,Fresno,019,978130,470,205,5,210,4
2020-04-12,Glenn,021,27897,4,3,0,3,0
2020-04-12,Humboldt,023,135768,57,43,0,43,0
2020-04-12,Imperial,025,180216,196,78,0,78,2
2020-04-12,Inyo,027,18085,15,12,0,12,0
2020-04-12,Kern,029,883053,679,319,0,319,3
2020-04-12,Kings,031,150075,52,9,1,10,0
2020-04-12,Lake,033,64148,6,3,0,3,0
2020-04-12,Lassen,035,31185,3,0,2,2,0
2020-04-12,Los Angeles,037,10098052,14648,9133,13,9146,294
2020-04-12,Madera,039,155013,65,29,1,30,2
2020-04-12,Marin,041,260295,181,138,1,139,6
2020-04-12,Mariposa,043,17540,0,0,0,0,0
2020-04-12,Mendocino,045,87422,5,4,0,4,0
2020-04-12,Merced,047,269075,106,58,0,58,3
2020-04-12,Modoc,049,8938,0,0,0,0,0
2020-04-12,Mono,051,14174,29,20,0,20,1
2020-04-12,Monterey,053,433212,159,85,0,85,3
2020-04-12,Napa,055,140530,53,29,0,29,2
2020-04-12,Nevada,057,99092,37,24,1,25,1
2020-04-12,Orange,059,3164182,1992,1283,18,1301,21
2020-04-12,Placer,061,380077,146,114,0,114,4
2020-04-12,Plumas,063,18699,4,3,0,3,0
2020-04-12,Riverside,065,2383286,2754,1330,13,1343,34
2020-04-12,Sacramento,067,1510023,919,689,0,689,25
2020-04-12,San Benito,069,59416,36,33,0,33,2
2020-04-12,San Bernardino,071,2135413,1437,827,0,827,30
2020-04-12,San Diego,073,3302833,2444,1806,0,1806,45
2020-04-12,San Francisco,075,870044,1192,886,0,886,11
2020-04-12,San Joaquin,077,732212,420,246,3,249,15
2020-04-12,San Luis Obispo,079,281455,166,102,2,104,1
2020-04-12,San Mateo,081,765935,947,664,2,666,25
2020-04-12,Santa Barbara,083,443738,362,261,1,262,2
2020-04-12,Santa Clara,085,1922200,2054,1461,5,1466,53
2020-04-12,Santa Cruz,087,273765,102,80,0,80,1
2020-04-12,Shasta,089,179085,30,24,0,24,3
2020-04-12,Sierra,091,2930,0,0,0,0,0
2020-04-12,Siskiyou,093,43540,5,5,0,5,0
2020-04-12,Solano,095,438530,204,136,0,136,2
2020-04-12,Sonoma,097,501317,183,131,0,131,1
2020-04-12,Stanislaus,099,539301,246,117,4,121,1
2020-04-12,Sutter,101,95872,23,18,0,18,2
2020-04-12,Tehama,103,63373,1,1,0,1,0
2020-04-12,Trinity,105,12862,0,0,0,0,0
2020-04-12,Tulare,107,460477,488,166,5,171,11
2020-04-12,Tuolumne,109,53932,3,0,0,0,0
2020-04-12,Ventura,111,848112,473,306,0,306,9
2020-04-12,Yolo,113,214977,138,67,0,67,3
2020-04-12,Yuba,115,75493,14,13,0,13,1
2020-04-11,Alameda,001,1643700,1160,751,1,752,23
2020-04-11,Alpine,003,1148,1,1,0,1,0
2020-04-11,Amador,005,37829,7,6,0,6,0
2020-04-11,Butte,007,227075,20,13,1,14,0
2020-04-11,Calaveras,009,45235,10,5,0,5,0
2020-04-11,Colusa,011,21464,3,3,0,3,0
2020-04-11,Contra Costa,013,1133247,759,550,0,550,12
2020-04-11,Del Norte,015,27424,2,2,0,2,0
2020-04-11,El Dorado,017,186661,48,29,0,29,0
2020-04-11,Fresno,019,978130,460,201,5,206,4
2020-04-11,Glenn,021,27897,4,3,0,3,0
2020-04-11,Humboldt,023,135768,57,38,0,38,0
2020-04-11,Imperial,025,180216,186,78,0,78,2
2020-04-11,Inyo,027,18085,15,12,0,12,0
2020-04-11,Kern,029,883053,651,304,0,304,3
2020-04-11,Kings,031,150075,49,9,1,10,0
2020-04-11,Lake,033,64148,6,3,0,3,0
2020-04-11,Lassen,035,31185,3,0,2,2,0
2020-04-11,Los Angeles,037,10098052,14173,8823,13,8836,262
2020-04-11,Madera,039,155013,64,29,1,30,2
2020-04-11,Marin,041,260295,178,136,1,137,6
2020-04-11,Mariposa,043,17540,0,0,0,0,0
2020-04-11,Mendocino,045,87422,5,4,0,4,0
2020-04-11,Merced,047,269075,103,59,0,59,3
2020-04-11,Modoc,049,8938,0,0,0,0,0
2020-04-11,Mono,051,14174,29,20,0,20,1
2020-04-11,Monterey,053,433212,153,78,0,78,3
2020-04-11,Napa,055,140530,53,29,0,29,2
2020-04-11,Nevada,057,99092,37,24,1,25,1
2020-04-11,Orange,059,3164182,1930,1267,18,1285,21
2020-04-11,Placer,061,380077,146,113,0,113,4
2020-04-11,Plumas,063,18699,4,3,0,3,0
2020-04-11,Riverside,065,2383286,2675,1260,13,1273,33
2020-04-11,Sacramento,067,1510023,908,685,0,685,25
2020-04-11,San Benito,069,59416,36,33,0,33,2
2020-04-11,San Bernardino,071,2135413,1401,826,0,826,28
2020-04-11,San Diego,073,3302833,2378,1763,0,1763,45
2020-04-11,San Francisco,075,870044,1170,860,0,860,11
2020-04-11,San Joaquin,077,732212,415,244,3,247,15
2020-04-11,San Luis Obispo,079,281455,166,100,1,101,1
2020-04-11,San Mateo,081,765935,935,662,2,664,25
2020-04-11,Santa Barbara,083,443738,354,258,1,259,2
2020-04-11,Santa Clara,085,1922200,1995,1441,5,1446,51
2020-04-11,Santa Cruz,087,273765,102,79,0,79,1
2020-04-11,Shasta,089,179085,30,24,0,24,3
2020-04-11,Sierra,091,2930,0,0,0,0,0
2020-04-11,Siskiyou,093,43540,5,5,0,5,0
2020-04-11,Solano,095,438530,200,138,0,138,2
2020-04-11,Sonoma,097,501317,181,131,0,131,1
2020-04-11,Stanislaus,099,539301,238,119,3,122,1
2020-04-11,Sutter,101,95872,23,18,0,18,2
2020-04-11,Tehama,103,63373,1,1,0,1,0
2020-04-11,Trinity,105,12862,0,0,0,0,0
2020-04-11,Tulare,107,460477,466,168,5,173,10
2020-04-11,Tuolumne,109,53932,3,0,0,0,0
2020-04-11,Ventura,111,848112,463,304,0,304,9
2020-04-11,Yolo,113,214977,135,67,0,67,3
2020-04-11,Yuba,115,75493,14,13,0,13,1
2020-04-10,Alameda,001,1643700,1119,706,1,707,21
2020-04-10,Alpine,003,1148,1,1,0,1,0
2020-04-10,Amador,005,37829,7,5,0,5,0
2020-04-10,Butte,007,227075,20,13,1,14,0
2020-04-10,Calaveras,009,45235,10,5,0,5,0
2020-04-10,Colusa,011,21464,3,3,0,3,0
2020-04-10,Contra Costa,013,1133247,746,537,0,537,10
2020-04-10,Del Norte,015,27424,2,2,0,2,0
2020-04-10,El Dorado,017,186661,48,26,0,26,0
2020-04-10,Fresno,019,978130,453,186,4,190,3
2020-04-10,Glenn,021,27897,4,3,0,3,0
2020-04-10,Humboldt,023,135768,57,36,0,36,0
2020-04-10,Imperial,025,180216,179,70,0,70,2
2020-04-10,Inyo,027,18085,13,11,0,11,0
2020-04-10,Kern,029,883053,627,272,0,272,3
2020-04-10,Kings,031,150075,46,7,1,8,0
2020-04-10,Lake,033,64148,6,3,0,3,0
2020-04-10,Lassen,035,31185,3,0,2,2,0
2020-04-10,Los Angeles,037,10098052,13657,8384,12,8396,239
2020-04-10,Madera,039,155013,63,29,1,30,2
2020-04-10,Marin,041,260295,173,128,1,129,6
2020-04-10,Mariposa,043,17540,0,0,0,0,0
2020-04-10,Mendocino,045,87422,5,4,0,4,0
2020-04-10,Merced,047,269075,100,56,0,56,3
2020-04-10,Modoc,049,8938,0,0,0,0,0
2020-04-10,Mono,051,14174,29,20,0,20,1
2020-04-10,Monterey,053,433212,142,78,0,78,3
2020-04-10,Napa,055,140530,50,28,0,28,2
2020-04-10,Nevada,057,99092,37,23,1,24,1
2020-04-10,Orange,059,3164182,1883,1167,18,1185,21
2020-04-10,Placer,061,380077,145,112,0,112,4
2020-04-10,Plumas,063,18699,4,3,0,3,0
2020-04-10,Riverside,065,2383286,2609,1162,13,1175,30
2020-04-10,Sacramento,067,1510023,899,642,0,642,24
2020-04-10,San Benito,069,59416,36,32,0,32,2
2020-04-10,San Bernardino,071,2135413,1353,779,0,779,27
2020-04-10,San Diego,073,3302833,2318,1695,0,1695,44
2020-04-10,San Francisco,075,870044,1139,797,0,797,10
2020-04-10,San Joaquin,077,732212,403,234,3,237,14
2020-04-10,San Luis Obispo,079,281455,166,97,1,98,1
2020-04-10,San Mateo,081,765935,919,642,2,644,24
2020-04-10,Santa Barbara,083,443738,346,254,1,255,2
2020-04-10,Santa Clara,085,1922200,1943,1351,5,1356,50
2020-04-10,Santa Cruz,087,273765,101,75,0,75,1
2020-04-10,Shasta,089,179085,30,24,0,24,3
2020-04-10,Sierra,091,2930,0,0,0,0,0
2020-04-10,Siskiyou,093,43540,5,5,0,5,0
2020-04-10,Solano,095,438530,197,129,0,129,2
2020-04-10,Sonoma,097,501317,180,129,0,129,1
2020-04-10,Stanislaus,099,539301,231,101,3,104,0
2020-04-10,Sutter,101,95872,23,18,0,18,2
2020-04-10,Tehama,103,63373,1,1,0,1,0
2020-04-10,Trinity,105,12862,0,0,0,0,0
2020-04-10,Tulare,107,460477,424,163,5,168,10
2020-04-10,Tuolumne,109,53932,3,0,0,0,0
2020-04-10,Ventura,111,848112,454,290,0,290,9
2020-04-10,Yolo,113,214977,133,62,0,62,3
2020-04-10,Yuba,115,75493,14,13,0,13,1
2020-04-09,Alameda,001,1643700,1069,641,1,642,17
2020-04-09,Alpine,003,1148,1,1,0,1,0
2020-04-09,Amador,005,37829,7,2,0,2,0
2020-04-09,Butte,007,227075,20,12,1,13,0
2020-04-09,Calaveras,009,45235,10,5,0,5,0
2020-04-09,Colusa,011,21464,3,3,0,3,0
2020-04-09,Contra Costa,013,1133247,703,505,0,505,7
2020-04-09,Del Norte,015,27424,2,2,0,2,0
2020-04-09,El Dorado,017,186661,47,25,0,25,0
2020-04-09,Fresno,019,978130,428,165,4,169,3
2020-04-09,Glenn,021,27897,4,2,0,2,0
2020-04-09,Humboldt,023,135768,57,36,0,36,0
2020-04-09,Imperial,025,180216,158,67,0,67,2
2020-04-09,Inyo,027,18085,12,11,0,11,0
2020-04-09,Kern,029,883053,591,241,0,241,2
2020-04-09,Kings,031,150075,43,5,1,6,0
2020-04-09,Lake,033,64148,5,1,0,1,0
2020-04-09,Lassen,035,31185,3,0,2,2,0
2020-04-09,Los Angeles,037,10098052,13026,7919,12,7931,220
2020-04-09,Madera,039,155013,63,28,1,29,2
2020-04-09,Marin,041,260295,171,126,1,127,7
2020-04-09,Mariposa,043,17540,0,0,0,0,0
2020-04-09,Mendocino,045,87422,5,4,0,4,0
2020-04-09,Merced,047,269075,97,41,0,41,3
2020-04-09,Modoc,049,8938,0,0,0,0,0
2020-04-09,Mono,051,14174,29,19,0,19,1
2020-04-09,Monterey,053,433212,124,70,0,70,3
2020-04-09,Napa,055,140530,46,27,0,27,2
2020-04-09,Nevada,057,99092,36,23,1,24,1
2020-04-09,Orange,059,3164182,1809,1105,18,1123,19
2020-04-09,Placer,061,380077,144,107,0,107,4
2020-04-09,Plumas,063,18699,4,3,0,3,0
2020-04-09,Riverside,065,2383286,2465,1083,13,1096,29
2020-04-09,Sacramento,067,1510023,876,601,0,601,21
2020-04-09,San Benito,069,59416,36,32,0,32,2
2020-04-09,San Bernardino,071,2135413,1284,717,0,717,27
2020-04-09,San Diego,073,3302833,2222,1630,0,1630,40
2020-04-09,San Francisco,075,870044,1119,748,0,748,8
2020-04-09,San Joaquin,077,732212,382,223,3,226,14
2020-04-09,San Luis Obispo,079,281455,158,93,1,94,1
2020-04-09,San Mateo,081,765935,903,630,2,632,23
2020-04-09,Santa Barbara,083,443738,336,232,1,233,2
2020-04-09,Santa Clara,085,1922200,1873,1301,5,1306,49
2020-04-09,Santa Cruz,087,273765,101,73,0,73,1
2020-04-09,Shasta,089,179085,30,22,0,22,3
2020-04-09,Sierra,091,2930,0,0,0,0,0
2020-04-09,Siskiyou,093,43540,5,4,0,4,0
2020-04-09,Solano,095,438530,188,118,0,118,2
2020-04-09,Sonoma,097,501317,176,113,0,113,1
2020-04-09,Stanislaus,099,539301,219,93,3,96,0
2020-04-09,Sutter,101,95872,23,17,0,17,2
2020-04-09,Tehama,103,63373,1,1,0,1,0
2020-04-09,Trinity,105,12862,0,0,0,0,0
2020-04-09,Tulare,107,460477,395,147,5,152,9
2020-04-09,Tuolumne,109,53932,3,0,0,0,0
2020-04-09,Ventura,111,848112,435,273,0,273,9
2020-04-09,Yolo,113,214977,124,59,0,59,3
2020-04-09,Yuba,115,75493,14,13,0,13,0
2020-04-08,Alameda,001,1643700,1027,594,1,595,15
2020-04-08,Alpine,003,1148,1,1,0,1,0
2020-04-08,Amador,005,37829,7,2,0,2,0
2020-04-08,Butte,007,227075,19,11,1,12,0
2020-04-08,Calaveras,009,45235,10,5,0,5,0
2020-04-08,Colusa,011,21464,3,3,0,3,0
2020-04-08,Contra Costa,013,1133247,690,481,0,481,7
2020-04-08,Del Norte,015,27424,2,2,0,2,0
2020-04-08,El Dorado,017,186661,47,25,0,25,0
2020-04-08,Fresno,019,978130,408,151,4,155,3
2020-04-08,Glenn,021,27897,4,2,0,2,0
2020-04-08,Humboldt,023,135768,57,40,0,40,0
2020-04-08,Imperial,025,180216,147,59,0,59,2
2020-04-08,Inyo,027,18085,12,11,0,11,0
2020-04-08,Kern,029,883053,550,198,0,198,2
2020-04-08,Kings,031,150075,43,5,1,6,0
2020-04-08,Lake,033,64148,5,1,0,1,0
2020-04-08,Lassen,035,31185,3,0,2,2,0
2020-04-08,Los Angeles,037,10098052,12425,7505,12,7517,196
2020-04-08,Madera,039,155013,62,28,1,29,2
2020-04-08,Marin,041,260295,165,125,1,126,7
2020-04-08,Mariposa,043,17540,0,0,0,0,0
2020-04-08,Mendocino,045,87422,5,4,0,4,0
2020-04-08,Merced,047,269075,82,35,0,35,1
2020-04-08,Modoc,049,8938,0,0,0,0,0
2020-04-08,Mono,051,14174,29,19,0,19,1
2020-04-08,Monterey,053,433212,115,68,0,68,3
2020-04-08,Napa,055,140530,44,21,0,21,2
2020-04-08,Nevada,057,99092,36,21,1,22,1
2020-04-08,Orange,059,3164182,1746,1034,18,1052,19
2020-04-08,Placer,061,380077,144,102,0,102,4
2020-04-08,Plumas,063,18699,4,3,0,3,0
2020-04-08,Riverside,065,2383286,2308,974,13,987,28
2020-04-08,Sacramento,067,1510023,842,565,0,565,21
2020-04-08,San Benito,069,59416,36,31,0,31,2
2020-04-08,San Bernardino,071,2135413,1227,635,0,635,22
2020-04-08,San Diego,073,3302833,2148,1532,0,1532,36
2020-04-08,San Francisco,075,870044,1052,687,0,687,7
2020-04-08,San Joaquin,077,732212,365,211,3,214,12
2020-04-08,San Luis Obispo,079,281455,156,90,1,91,1
2020-04-08,San Mateo,081,765935,888,608,2,610,22
2020-04-08,Santa Barbara,083,443738,319,221,1,222,2
2020-04-08,Santa Clara,085,1922200,1828,1257,5,1262,47
2020-04-08,Santa Cruz,087,273765,100,69,0,69,1
2020-04-08,Shasta,089,179085,30,18,0,18,3
2020-04-08,Sierra,091,2930,0,0,0,0,0
2020-04-08,Siskiyou,093,43540,5,4,0,4,0
2020-04-08,Solano,095,438530,175,111,0,111,2
2020-04-08,Sonoma,097,501317,170,107,0,107,1
2020-04-08,Stanislaus,099,539301,203,86,3,89,0
2020-04-08,Sutter,101,95872,22,17,0,17,2
2020-04-08,Tehama,103,63373,1,1,0,1,0
2020-04-08,Trinity,105,12862,0,0,0,0,0
2020-04-08,Tulare,107,460477,364,145,5,150,6
2020-04-08,Tuolumne,109,53932,3,0,0,0,0
2020-04-08,Ventura,111,848112,426,263,0,263,7
2020-04-08,Yolo,113,214977,107,56,0,56,3
2020-04-08,Yuba,115,75493,14,10,0,10,0
2020-04-07,Alameda,001,1643700,992,560,1,561,14
2020-04-07,Alpine,003,1148,1,1,0,1,0
2020-04-07,Amador,005,37829,7,2,0,2,0
2020-04-07,Butte,007,227075,18,11,1,12,0
2020-04-07,Calaveras,009,45235,9,5,0,5,0
2020-04-07,Colusa,011,21464,3,2,0,2,0
2020-04-07,Contra Costa,013,1133247,670,471,0,471,7
2020-04-07,Del Norte,015,27424,2,2,0,2,0
2020-04-07,El Dorado,017,186661,46,22,0,22,0
2020-04-07,Fresno,019,978130,393,138,4,142,3
2020-04-07,Glenn,021,27897,4,2,0,2,0
2020-04-07,Humboldt,023,135768,56,40,0,40,0
2020-04-07,Imperial,025,180216,128,53,0,53,2
2020-04-07,Inyo,027,18085,12,11,0,11,0
2020-04-07,Kern,029,883053,507,134,0,134,2
2020-04-07,Kings,031,150075,40,5,1,6,0
2020-04-07,Lake,033,64148,4,1,0,1,0
2020-04-07,Lassen,035,31185,3,0,2,2,0
2020-04-07,Los Angeles,037,10098052,11775,6885,12,6897,170
2020-04-07,Madera,039,155013,60,28,0,28,2
2020-04-07,Marin,041,260295,163,122,1,123,7
2020-04-07,Mariposa,043,17540,0,0,0,0,0
2020-04-07,Mendocino,045,87422,5,4,0,4,0
2020-04-07,Merced,047,269075,67,27,0,27,1
2020-04-07,Modoc,049,8938,0,0,0,0,0
2020-04-07,Mono,051,14174,28,18,0,18,1
2020-04-07,Monterey,053,433212,106,63,0,63,2
2020-04-07,Napa,055,140530,42,18,0,18,2
2020-04-07,Nevada,057,99092,36,20,1,21,1
2020-04-07,Orange,059,3164182,1699,971,16,987,19
2020-04-07,Placer,061,380077,139,94,0,94,3
2020-04-07,Plumas,063,18699,4,3,0,3,0
2020-04-07,Riverside,065,2383286,2151,905,13,918,25
2020-04-07,Sacramento,067,1510023,812,513,0,513,18
2020-04-07,San Benito,069,59416,36,26,0,26,2
2020-04-07,San Bernardino,071,2135413,1160,554,0,554,19
2020-04-07,San Diego,073,3302833,2071,1456,0,1456,31
2020-04-07,San Francisco,075,870044,992,636,0,636,6
2020-04-07,San Joaquin,077,732212,347,198,3,201,12
2020-04-07,San Luis Obispo,079,281455,149,87,1,88,1
2020-04-07,San Mateo,081,765935,867,573,2,575,22
2020-04-07,Santa Barbara,083,443738,305,209,1,210,2
2020-04-07,Santa Clara,085,1922200,1759,1193,4,1197,46
2020-04-07,Santa Cruz,087,273765,100,67,0,67,1
2020-04-07,Shasta,089,179085,29,16,0,16,3
2020-04-07,Sierra,091,2930,0,0,0,0,0
2020-04-07,Siskiyou,093,43540,5,4,0,4,0
2020-04-07,Solano,095,438530,170,99,0,99,1
2020-04-07,Sonoma,097,501317,167,102,0,102,1
2020-04-07,Stanislaus,099,539301,186,83,3,86,0
2020-04-07,Sutter,101,95872,22,16,0,16,2
2020-04-07,Tehama,103,63373,1,1,0,1,0
2020-04-07,Trinity,105,12862,0,0,0,0,0
2020-04-07,Tulare,107,460477,335,144,5,149,5
2020-04-07,Tuolumne,109,53932,3,1,0,1,0
2020-04-07,Ventura,111,848112,409,247,0,247,6
2020-04-07,Yolo,113,214977,100,51,0,51,2
2020-04-07,Yuba,115,75493,14,10,0,10,0
2020-04-06,Alameda,001,1643700,961,527,1,528,13
2020-04-06,Alpine,003,1148,1,1,0,1,0
2020-04-06,Amador,005,37829,6,2,0,2,0
2020-04-06,Butte,007,227075,17,11,1,12,0
2020-04-06,Calaveras,009,45235,9,4,0,4,0
2020-04-06,Colusa,011,21464,3,1,0,1,0
2020-04-06,Contra Costa,013,1133247,645,447,0,447,7
2020-04-06,Del Norte,015,27424,2,2,0,2,0
2020-04-06,El Dorado,017,186661,44,23,0,23,0
2020-04-06,Fresno,019,978130,371,122,4,126,1
2020-04-06,Glenn,021,27897,4,2,0,2,0
2020-04-06,Humboldt,023,135768,55,37,0,37,0
2020-04-06,Imperial,025,180216,121,47,0,47,1
2020-04-06,Inyo,027,18085,11,11,0,11,0
2020-04-06,Kern,029,883053,470,117,0,117,2
2020-04-06,Kings,031,150075,40,3,1,4,0
2020-04-06,Lake,033,64148,4,1,0,1,0
2020-04-06,Lassen,035,31185,3,0,2,2,0
2020-04-06,Los Angeles,037,10098052,11044,6346,12,6358,145
2020-04-06,Madera,039,155013,58,29,0,29,2
2020-04-06,Marin,041,260295,160,119,1,120,7
2020-04-06,Mariposa,043,17540,0,0,0,0,0
2020-04-06,Mendocino,045,87422,5,4,0,4,0
2020-04-06,Merced,047,269075,60,25,0,25,1
2020-04-06,Modoc,049,8938,0,0,0,0,0
2020-04-06,Mono,051,14174,28,18,0,18,1
2020-04-06,Monterey,053,433212,101,62,0,62,2
2020-04-06,Napa,055,140530,42,18,0,18,2
2020-04-06,Nevada,057,99092,36,19,1,20,1
2020-04-06,Orange,059,3164182,1655,910,15,925,17
2020-04-06,Placer,061,380077,139,90,0,90,3
2020-04-06,Plumas,063,18699,4,2,0,2,0
2020-04-06,Riverside,065,2383286,2025,854,13,867,17
2020-04-06,Sacramento,067,1510023,782,448,0,448,15
2020-04-06,San Benito,069,59416,34,25,0,25,1
2020-04-06,San Bernardino,071,2135413,1101,550,0,550,13
2020-04-06,San Diego,073,3302833,1989,1406,0,1406,19
2020-04-06,San Francisco,075,870044,952,586,0,586,6
2020-04-06,San Joaquin,077,732212,332,191,3,194,10
2020-04-06,San Luis Obispo,079,281455,147,85,1,86,1
2020-04-06,San Mateo,081,765935,849,569,2,571,20
2020-04-06,Santa Barbara,083,443738,296,189,1,190,2
2020-04-06,Santa Clara,085,1922200,1706,1128,4,1132,43
2020-04-06,Santa Cruz,087,273765,98,65,0,65,1
2020-04-06,Shasta,089,179085,29,16,0,16,3
2020-04-06,Sierra,091,2930,0,0,0,0,0
2020-04-06,Siskiyou,093,43540,4,4,0,4,0
2020-04-06,Solano,095,438530,163,95,0,95,1
2020-04-06,Sonoma,097,501317,166,102,0,102,1
2020-04-06,Stanislaus,099,539301,170,72,3,75,0
2020-04-06,Sutter,101,95872,22,14,0,14,2
2020-04-06,Tehama,103,63373,1,1,0,1,0
2020-04-06,Trinity,105,12862,0,0,0,0,0
2020-04-06,Tulare,107,460477,319,126,5,131,5
2020-04-06,Tuolumne,109,53932,3,1,0,1,0
2020-04-06,Ventura,111,848112,391,234,0,234,6
2020-04-06,Yolo,113,214977,96,43,0,43,1
2020-04-06,Yuba,115,75493,14,8,0,8,0
2020-04-05,Alameda,001,1643700,919,475,1,476,12
2020-04-05,Alpine,003,1148,1,1,0,1,0
2020-04-05,Amador,005,37829,6,2,0,2,0
2020-04-05,Butte,007,227075,17,10,1,11,0
2020-04-05,Calaveras,009,45235,9,3,0,3,0
2020-04-05,Colusa,011,21464,3,1,0,1,0
2020-04-05,Contra Costa,013,1133247,628,415,0,415,6
2020-04-05,Del Norte,015,27424,2,1,0,1,0
2020-04-05,El Dorado,017,186661,42,19,0,19,0
2020-04-05,Fresno,019,978130,337,102,4,106,1
2020-04-05,Glenn,021,27897,4,2,0,2,0
2020-04-05,Humboldt,023,135768,55,29,0,29,0
2020-04-05,Imperial,025,180216,113,42,0,42,1
2020-04-05,Inyo,027,18085,11,10,0,10,0
2020-04-05,Kern,029,883053,415,109,0,109,2
2020-04-05,Kings,031,150075,39,4,1,5,0
2020-04-05,Lake,033,64148,4,0,0,0,0
2020-04-05,Lassen,035,31185,3,0,2,2,0
2020-04-05,Los Angeles,037,10098052,10474,5892,12,5904,130
2020-04-05,Madera,039,155013,57,27,0,27,2
2020-04-05,Marin,041,260295,160,113,1,114,6
2020-04-05,Mariposa,043,17540,0,0,0,0,0
2020-04-05,Mendocino,045,87422,5,4,0,4,0
2020-04-05,Merced,047,269075,53,16,0,16,0
2020-04-05,Modoc,049,8938,0,0,0,0,0
2020-04-05,Mono,051,14174,28,18,0,18,1
2020-04-05,Monterey,053,433212,94,61,0,61,2
2020-04-05,Napa,055,140530,40,15,0,15,2
2020-04-05,Nevada,057,99092,36,19,1,20,1
2020-04-05,Orange,059,3164182,1599,820,15,835,15
2020-04-05,Placer,061,380077,136,86,0,86,3
2020-04-05,Plumas,063,18699,3,2,0,2,0
2020-04-05,Riverside,065,2383286,1896,669,13,682,17
2020-04-05,Sacramento,067,1510023,751,393,0,393,11
2020-04-05,San Benito,069,59416,34,22,0,22,1
2020-04-05,San Bernardino,071,2135413,1028,375,0,375,13
2020-04-05,San Diego,073,3302833,1907,1328,0,1328,19
2020-04-05,San Francisco,075,870044,905,559,0,559,6
2020-04-05,San Joaquin,077,732212,317,179,3,182,10
2020-04-05,San Luis Obispo,079,281455,145,83,1,84,1
2020-04-05,San Mateo,081,765935,829,528,2,530,19
2020-04-05,Santa Barbara,083,443738,280,171,1,172,1
2020-04-05,Santa Clara,085,1922200,1659,1052,4,1056,42
2020-04-05,Santa Cruz,087,273765,98,59,0,59,1
2020-04-05,Shasta,089,179085,28,11,0,11,2
2020-04-05,Sierra,091,2930,0,0,0,0,0
2020-04-05,Siskiyou,093,43540,4,3,0,3,0
2020-04-05,Solano,095,438530,159,78,0,78,1
2020-04-05,Sonoma,097,501317,164,88,0,88,1
2020-04-05,Stanislaus,099,539301,156,51,3,54,0
2020-04-05,Sutter,101,95872,22,14,0,14,1
2020-04-05,Tehama,103,63373,1,1,0,1,0
2020-04-05,Trinity,105,12862,0,0,0,0,0
2020-04-05,Tulare,107,460477,282,81,5,86,4
2020-04-05,Tuolumne,109,53932,3,1,0,1,0
2020-04-05,Ventura,111,848112,377,196,0,196,6
2020-04-05,Yolo,113,214977,77,37,0,37,2
2020-04-05,Yuba,115,75493,14,7,0,7,0
2020-04-04,Alameda,001,1643700,896,468,1,469,12
2020-04-04,Alpine,003,1148,1,1,0,1,0
2020-04-04,Amador,005,37829,5,2,0,2,0
2020-04-04,Butte,007,227075,17,10,1,11,0
2020-04-04,Calaveras,009,45235,9,3,0,3,0
2020-04-04,Colusa,011,21464,3,1,0,1,0
2020-04-04,Contra Costa,013,1133247,620,382,0,382,5
2020-04-04,Del Norte,015,27424,2,1,0,1,0
2020-04-04,El Dorado,017,186661,42,19,0,19,0
2020-04-04,Fresno,019,978130,327,102,4,106,1
2020-04-04,Glenn,021,27897,4,2,0,2,0
2020-04-04,Humboldt,023,135768,55,29,0,29,0
2020-04-04,Imperial,025,180216,112,42,0,42,1
2020-04-04,Inyo,027,18085,11,10,0,10,0
2020-04-04,Kern,029,883053,385,103,0,103,2
2020-04-04,Kings,031,150075,39,3,1,4,0
2020-04-04,Lake,033,64148,4,0,0,0,0
2020-04-04,Lassen,035,31185,3,0,2,2,0
2020-04-04,Los Angeles,037,10098052,9860,5275,12,5287,117
2020-04-04,Madera,039,155013,55,27,0,27,2
2020-04-04,Marin,041,260295,158,111,0,111,6
2020-04-04,Mariposa,043,17540,0,0,0,0,0
2020-04-04,Mendocino,045,87422,5,4,0,4,0
2020-04-04,Merced,047,269075,49,11,0,11,0
2020-04-04,Modoc,049,8938,0,0,0,0,0
2020-04-04,Mono,051,14174,28,18,0,18,1
2020-04-04,Monterey,053,433212,91,61,0,61,2
2020-04-04,Napa,055,140530,40,15,0,15,2
2020-04-04,Nevada,057,99092,36,19,1,20,1
2020-04-04,Orange,059,3164182,1557,781,14,795,15
2020-04-04,Placer,061,380077,135,87,0,87,2
2020-04-04,Plumas,063,18699,3,2,0,2,0
2020-04-04,Riverside,065,2383286,1795,652,13,665,15
2020-04-04,Sacramento,067,1510023,733,393,0,393,11
2020-04-04,San Benito,069,59416,34,22,0,22,1
2020-04-04,San Bernardino,071,2135413,980,373,0,373,13
2020-04-04,San Diego,073,3302833,1859,1211,0,1211,18
2020-04-04,San Francisco,075,870044,867,537,0,537,6
2020-04-04,San Joaquin,077,732212,294,171,3,174,10
2020-04-04,San Luis Obispo,079,281455,145,82,1,83,0
2020-04-04,San Mateo,081,765935,817,520,2,522,17
2020-04-04,Santa Barbara,083,443738,271,167,1,168,1
2020-04-04,Santa Clara,085,1922200,1607,1045,4,1049,39
2020-04-04,Santa Cruz,087,273765,98,56,0,56,1
2020-04-04,Shasta,089,179085,27,11,0,11,2
2020-04-04,Sierra,091,2930,0,0,0,0,0
2020-04-04,Siskiyou,093,43540,4,3,0,3,0
2020-04-04,Solano,095,438530,154,79,0,79,1
2020-04-04,Sonoma,097,501317,161,88,0,88,1
2020-04-04,Stanislaus,099,539301,145,51,3,54,0
2020-04-04,Sutter,101,95872,22,14,0,14,1
2020-04-04,Tehama,103,63373,1,1,0,1,0
2020-04-04,Trinity,105,12862,0,0,0,0,0
2020-04-04,Tulare,107,460477,268,79,5,84,4
2020-04-04,Tuolumne,109,53932,3,1,0,1,0
2020-04-04,Ventura,111,848112,364,194,0,194,6
2020-04-04,Yolo,113,214977,75,40,0,40,2
2020-04-04,Yuba,115,75493,13,7,0,7,0
2020-04-03,Alameda,001,1643700,860,395,1,396,11
2020-04-03,Alpine,003,1148,1,1,0,1,0
2020-04-03,Amador,005,37829,5,2,0,2,0
2020-04-03,Butte,007,227075,17,8,1,9,0
2020-04-03,Calaveras,009,45235,9,3,0,3,0
2020-04-03,Colusa,011,21464,3,1,0,1,0
2020-04-03,Contra Costa,013,1133247,597,327,0,327,5
2020-04-03,Del Norte,015,27424,2,1,0,1,0
2020-04-03,El Dorado,017,186661,40,16,0,16,0
2020-04-03,Fresno,019,978130,315,98,4,102,1
2020-04-03,Glenn,021,27897,4,2,0,2,0
2020-04-03,Humboldt,023,135768,55,34,0,34,0
2020-04-03,Imperial,025,180216,103,35,0,35,0
2020-04-03,Inyo,027,18085,11,10,0,10,0
2020-04-03,Kern,029,883053,359,87,0,87,1
2020-04-03,Kings,031,150075,37,3,1,4,0
2020-04-03,Lake,033,64148,3,0,0,0,0
2020-04-03,Lassen,035,31185,3,0,2,2,0
2020-04-03,Los Angeles,037,10098052,9246,4566,12,4578,91
2020-04-03,Madera,039,155013,54,28,0,28,2
2020-04-03,Marin,041,260295,156,106,0,106,6
2020-04-03,Mariposa,043,17540,0,0,0,0,0
2020-04-03,Mendocino,045,87422,5,4,0,4,0
2020-04-03,Merced,047,269075,46,9,0,9,0
2020-04-03,Modoc,049,8938,0,0,0,0,0
2020-04-03,Mono,051,14174,28,18,0,18,1
2020-04-03,Monterey,053,433212,88,58,0,58,2
2020-04-03,Napa,055,140530,39,13,0,13,1
2020-04-03,Nevada,057,99092,36,19,1,20,1
2020-04-03,Orange,059,3164182,1518,713,14,727,13
2020-04-03,Placer,061,380077,131,76,0,76,2
2020-04-03,Plumas,063,18699,3,2,0,2,0
2020-04-03,Riverside,065,2383286,1715,540,13,553,14
2020-04-03,Sacramento,067,1510023,712,363,0,363,11
2020-04-03,San Benito,069,59416,34,22,0,22,1
2020-04-03,San Bernardino,071,2135413,935,356,0,356,11
2020-04-03,San Diego,073,3302833,1798,1114,0,1114,17
2020-04-03,San Francisco,075,870044,843,506,0,506,6
2020-04-03,San Joaquin,077,732212,282,162,3,165,10
2020-04-03,San Luis Obispo,079,281455,144,82,1,83,0
2020-04-03,San Mateo,081,765935,800,474,2,476,13
2020-04-03,Santa Barbara,083,443738,260,154,1,155,1
2020-04-03,Santa Clara,085,1922200,1571,983,4,987,39
2020-04-03,Santa Cruz,087,273765,98,52,0,52,1
2020-04-03,Shasta,089,179085,27,10,0,10,1
2020-04-03,Sierra,091,2930,0,0,0,0,0
2020-04-03,Siskiyou,093,43540,4,3,0,3,0
2020-04-03,Solano,095,438530,146,72,0,72,1
2020-04-03,Sonoma,097,501317,161,84,0,84,1
2020-04-03,Stanislaus,099,539301,139,48,3,51,0
2020-04-03,Sutter,101,95872,22,12,0,12,1
2020-04-03,Tehama,103,63373,1,1,0,1,0
2020-04-03,Trinity,105,12862,0,0,0,0,0
2020-04-03,Tulare,107,460477,254,73,5,78,3
2020-04-03,Tuolumne,109,53932,3,1,0,1,0
2020-04-03,Ventura,111,848112,354,186,0,186,6
2020-04-03,Yolo,113,214977,74,33,0,33,1
2020-04-03,Yuba,115,75493,13,6,0,6,0
2020-04-02,Alameda,001,1643700,809,345,1,346,10
2020-04-02,Alpine,003,1148,1,1,0,1,0
2020-04-02,Amador,005,37829,5,2,0,2,0
2020-04-02,Butte,007,227075,17,7,0,7,0
2020-04-02,Calaveras,009,45235,7,3,0,3,0
2020-04-02,Colusa,011,21464,3,1,0,1,0
2020-04-02,Contra Costa,013,1133247,567,297,0,297,3
2020-04-02,Del Norte,015,27424,2,0,0,0,0
2020-04-02,El Dorado,017,186661,38,16,0,16,0
2020-04-02,Fresno,019,978130,299,92,4,96,0
2020-04-02,Glenn,021,27897,3,2,0,2,0
2020-04-02,Humboldt,023,135768,51,23,0,23,0
2020-04-02,Imperial,025,180216,99,24,0,24,0
2020-04-02,Inyo,027,18085,10,8,0,8,0
2020-04-02,Kern,029,883053,332,74,0,74,0
2020-04-02,Kings,031,150075,37,3,1,4,0
2020-04-02,Lake,033,64148,3,0,0,0,0
2020-04-02,Lassen,035,31185,3,0,2,2,0
2020-04-02,Los Angeles,037,10098052,8415,4040,12,4052,79
2020-04-02,Madera,039,155013,52,25,0,25,1
2020-04-02,Marin,041,260295,150,102,0,102,1
2020-04-02,Mariposa,043,17540,0,0,0,0,0
2020-04-02,Mendocino,045,87422,5,4,0,4,0
2020-04-02,Merced,047,269075,41,9,0,9,0
2020-04-02,Modoc,049,8938,0,0,0,0,0
2020-04-02,Mono,051,14174,28,16,0,16,1
2020-04-02,Monterey,053,433212,86,50,0,50,2
2020-04-02,Napa,055,140530,39,13,0,13,0
2020-04-02,Nevada,057,99092,35,17,1,18,0
2020-04-02,Orange,059,3164182,1466,640,13,653,12
2020-04-02,Placer,061,380077,130,72,0,72,2
2020-04-02,Plumas,063,18699,3,1,0,1,0
2020-04-02,Riverside,065,2383286,1598,438,13,451,13
2020-04-02,Sacramento,067,1510023,694,322,0,322,9
2020-04-02,San Benito,069,59416,32,18,0,18,1
2020-04-02,San Bernardino,071,2135413,880,335,0,335,8
2020-04-02,San Diego,073,3302833,1731,968,0,968,16
2020-04-02,San Francisco,075,870044,817,473,0,473,6
2020-04-02,San Joaquin,077,732212,263,148,3,151,9
2020-04-02,San Luis Obispo,079,281455,139,79,1,80,0
2020-04-02,San Mateo,081,765935,779,423,2,425,13
2020-04-02,Santa Barbara,083,443738,249,125,1,126,1
2020-04-02,Santa Clara,085,1922200,1520,908,4,912,38
2020-04-02,Santa Cruz,087,273765,96,49,0,49,1
2020-04-02,Shasta,089,179085,26,7,0,7,1
2020-04-02,Sierra,091,2930,0,0,0,0,0
2020-04-02,Siskiyou,093,43540,4,3,0,3,0
2020-04-02,Solano,095,438530,136,65,0,65,0
2020-04-02,Sonoma,097,501317,157,76,0,76,1
2020-04-02,Stanislaus,099,539301,128,40,3,43,0
2020-04-02,Sutter,101,95872,21,10,0,10,1
2020-04-02,Tehama,103,63373,1,1,0,1,0
2020-04-02,Trinity,105,12862,0,0,0,0,0
2020-04-02,Tulare,107,460477,220,64,5,69,1
2020-04-02,Tuolumne,109,53932,3,1,0,1,0
2020-04-02,Ventura,111,848112,336,178,0,178,5
2020-04-02,Yolo,113,214977,72,29,0,29,1
2020-04-02,Yuba,115,75493,10,5,0,5,0
2020-04-01,Alameda,001,1643700,782,287,1,288,8
2020-04-01,Alpine,003,1148,1,1,0,1,0
2020-04-01,Amador,005,37829,5,1,0,1,0
2020-04-01,Butte,007,227075,17,6,0,6,0
2020-04-01,Calaveras,009,45235,6,3,0,3,0
2020-04-01,Colusa,011,21464,3,1,0,1,0
2020-04-01,Contra Costa,013,1133247,524,267,0,267,3
2020-04-01,Del Norte,015,27424,2,0,0,0,0
2020-04-01,El Dorado,017,186661,37,14,0,14,0
2020-04-01,Fresno,019,978130,277,75,3,78,0
2020-04-01,Glenn,021,27897,3,2,0,2,0
2020-04-01,Humboldt,023,135768,51,19,0,19,0
2020-04-01,Imperial,025,180216,93,25,0,25,0
2020-04-01,Inyo,027,18085,10,8,0,8,0
2020-04-01,Kern,029,883053,305,53,0,53,0
2020-04-01,Kings,031,150075,35,3,1,4,0
2020-04-01,Lake,033,64148,3,0,0,0,0
2020-04-01,Lassen,035,31185,3,0,2,2,0
2020-04-01,Los Angeles,037,10098052,7765,3502,12,3514,66
2020-04-01,Madera,039,155013,50,17,0,17,1
2020-04-01,Marin,041,260295,146,87,0,87,1
2020-04-01,Mariposa,043,17540,0,0,0,0,0
2020-04-01,Mendocino,045,87422,5,4,0,4,0
2020-04-01,Merced,047,269075,38,7,0,7,0
2020-04-01,Modoc,049,8938,0,0,0,0,0
2020-04-01,Mono,051,14174,28,12,0,12,1
2020-04-01,Monterey,053,433212,85,47,0,47,2
2020-04-01,Napa,055,140530,36,11,0,11,0
2020-04-01,Nevada,057,99092,35,15,1,16,0
2020-04-01,Orange,059,3164182,1414,579,13,592,11
2020-04-01,Placer,061,380077,128,52,0,52,2
2020-04-01,Plumas,063,18699,3,1,0,1,0
2020-04-01,Riverside,065,2383286,1430,306,12,318,11
2020-04-01,Sacramento,067,1510023,661,299,0,299,8
2020-04-01,San Benito,069,59416,29,14,0,14,1
2020-04-01,San Bernardino,071,2135413,831,245,0,245,5
2020-04-01,San Diego,073,3302833,1661,851,0,851,11
2020-04-01,San Francisco,075,870044,789,432,0,432,6
2020-04-01,San Joaquin,077,732212,251,132,3,135,8
2020-04-01,San Luis Obispo,079,281455,133,69,1,70,0
2020-04-01,San Mateo,081,765935,761,354,2,356,13
2020-04-01,Santa Barbara,083,443738,236,103,1,104,0
2020-04-01,Santa Clara,085,1922200,1478,805,4,809,33
2020-04-01,Santa Cruz,087,273765,91,44,0,44,1
2020-04-01,Shasta,089,179085,25,5,0,5,1
2020-04-01,Sierra,091,2930,0,0,0,0,0
2020-04-01,Siskiyou,093,43540,4,3,0,3,0
2020-04-01,Solano,095,438530,131,57,0,57,0
2020-04-01,Sonoma,097,501317,153,60,0,60,1
2020-04-01,Stanislaus,099,539301,117,29,3,32,0
2020-04-01,Sutter,101,95872,21,9,0,9,1
2020-04-01,Tehama,103,63373,1,0,0,0,0
2020-04-01,Trinity,105,12862,0,0,0,0,0
2020-04-01,Tulare,107,460477,182,43,5,48,1
2020-04-01,Tuolumne,109,53932,3,1,0,1,0
2020-04-01,Ventura,111,848112,323,154,0,154,5
2020-04-01,Yolo,113,214977,67,22,0,22,1
2020-04-01,Yuba,115,75493,9,5,0,5,0
2020-03-31,Alameda,001,1643700,716,269,1,270,7
2020-03-31,Alpine,003,1148,1,1,0,1,0
2020-03-31,Amador,005,37829,5,1,0,1,0
2020-03-31,Butte,007,227075,17,6,0,6,0
2020-03-31,Calaveras,009,45235,6,3,0,3,0
2020-03-31,Colusa,011,21464,3,1,0,1,0
2020-03-31,Contra Costa,013,1133247,499,246,0,246,3
2020-03-31,Del Norte,015,27424,1,0,0,0,0
2020-03-31,El Dorado,017,186661,33,14,0,14,0
2020-03-31,Fresno,019,978130,252,59,3,62,0
2020-03-31,Glenn,021,27897,3,2,0,2,0
2020-03-31,Humboldt,023,135768,51,18,0,18,0
2020-03-31,Imperial,025,180216,88,17,0,17,0
2020-03-31,Inyo,027,18085,10,8,0,8,0
2020-03-31,Kern,029,883053,281,47,0,47,0
2020-03-31,Kings,031,150075,33,2,1,3,0
2020-03-31,Lake,033,64148,1,0,0,0,0
2020-03-31,Lassen,035,31185,3,0,2,2,0
2020-03-31,Los Angeles,037,10098052,7102,3001,12,3013,53
2020-03-31,Madera,039,155013,49,17,0,17,1
2020-03-31,Marin,041,260295,137,85,0,85,1
2020-03-31,Mariposa,043,17540,0,0,0,0,0
2020-03-31,Mendocino,045,87422,5,4,0,4,0
2020-03-31,Merced,047,269075,33,6,0,6,0
2020-03-31,Modoc,049,8938,0,0,0,0,0
2020-03-31,Mono,051,14174,26,12,0,12,0
2020-03-31,Monterey,053,433212,83,43,0,43,2
2020-03-31,Napa,055,140530,35,9,0,9,0
2020-03-31,Nevada,057,99092,35,15,1,16,0
2020-03-31,Orange,059,3164182,1344,506,13,519,7
2020-03-31,Placer,061,380077,121,49,0,49,2
2020-03-31,Plumas,063,18699,1,0,0,0,0
2020-03-31,Riverside,065,2383286,1284,284,12,296,8
2020-03-31,Sacramento,067,1510023,609,271,0,271,8
2020-03-31,San Benito,069,59416,29,14,0,14,1
2020-03-31,San Bernardino,071,2135413,746,193,0,193,5
2020-03-31,San Diego,073,3302833,1579,736,0,736,9
2020-03-31,San Francisco,075,870044,754,404,0,404,5
2020-03-31,San Joaquin,077,732212,235,122,3,125,7
2020-03-31,San Luis Obispo,079,281455,129,67,1,68,0
2020-03-31,San Mateo,081,765935,742,297,2,299,12
2020-03-31,Santa Barbara,083,443738,221,89,1,90,0
2020-03-31,Santa Clara,085,1922200,1428,777,4,781,30
2020-03-31,Santa Cruz,087,273765,84,40,0,40,1
2020-03-31,Shasta,089,179085,22,5,0,5,1
2020-03-31,Sierra,091,2930,0,0,0,0,0
2020-03-31,Siskiyou,093,43540,4,3,0,3,0
2020-03-31,Solano,095,438530,117,56,0,56,0
2020-03-31,Sonoma,097,501317,148,58,0,58,1
2020-03-31,Stanislaus,099,539301,102,28,3,31,0
2020-03-31,Sutter,101,95872,21,8,0,8,0
2020-03-31,Tehama,103,63373,1,0,0,0,0
2020-03-31,Trinity,105,12862,0,0,0,0,0
2020-03-31,Tulare,107,460477,159,42,4,46,1
2020-03-31,Tuolumne,109,53932,3,1,0,1,0
2020-03-31,Ventura,111,848112,312,143,0,143,4
2020-03-31,Yolo,113,214977,60,21,0,21,1
2020-03-31,Yuba,115,75493,9,5,0,5,0
2020-03-30,Alameda,001,1643700,677,250,1,251,7
2020-03-30,Alpine,003,1148,1,1,0,1,0
2020-03-30,Amador,005,37829,5,1,0,1,0
2020-03-30,Butte,007,227075,15,5,0,5,0
2020-03-30,Calaveras,009,45235,6,3,0,3,0
2020-03-30,Colusa,011,21464,3,1,0,1,0
2020-03-30,Contra Costa,013,1133247,473,212,0,212,3
2020-03-30,Del Norte,015,27424,0,0,0,0,0
2020-03-30,El Dorado,017,186661,33,11,0,11,0
2020-03-30,Fresno,019,978130,227,46,3,49,0
2020-03-30,Glenn,021,27897,3,2,0,2,0
2020-03-30,Humboldt,023,135768,49,11,0,11,0
2020-03-30,Imperial,025,180216,85,9,0,9,0
2020-03-30,Inyo,027,18085,10,5,0,5,0
2020-03-30,Kern,029,883053,248,30,0,30,0
2020-03-30,Kings,031,150075,33,1,1,2,0
2020-03-30,Lake,033,64148,1,0,0,0,0
2020-03-30,Lassen,035,31185,3,0,1,1,0
2020-03-30,Los Angeles,037,10098052,6442,2467,12,2479,44
2020-03-30,Madera,039,155013,48,14,0,14,1
2020-03-30,Marin,041,260295,130,78,0,78,0
2020-03-30,Mariposa,043,17540,0,0,0,0,0
2020-03-30,Mendocino,045,87422,5,2,0,2,0
2020-03-30,Merced,047,269075,29,6,0,6,0
2020-03-30,Modoc,049,8938,0,0,0,0,0
2020-03-30,Mono,051,14174,26,11,0,11,0
2020-03-30,Monterey,053,433212,78,41,0,41,1
2020-03-30,Napa,055,140530,34,9,0,9,0
2020-03-30,Nevada,057,99092,34,14,1,15,0
2020-03-30,Orange,059,3164182,1279,418,13,431,5
2020-03-30,Placer,061,380077,118,44,0,44,2
2020-03-30,Plumas,063,18699,1,0,0,0,0
2020-03-30,Riverside,065,2383286,1203,204,12,216,7
2020-03-30,Sacramento,067,1510023,585,238,0,238,8
2020-03-30,San Benito,069,59416,29,11,0,11,1
2020-03-30,San Bernardino,071,2135413,702,145,0,145,4
2020-03-30,San Diego,073,3302833,1509,605,0,605,7
2020-03-30,San Francisco,075,870044,714,368,0,368,5
2020-03-30,San Joaquin,077,732212,228,112,3,115,5
2020-03-30,San Luis Obispo,079,281455,126,62,1,63,0
2020-03-30,San Mateo,081,765935,717,257,2,259,11
2020-03-30,Santa Barbara,083,443738,212,79,1,80,0
2020-03-30,Santa Clara,085,1922200,1397,745,3,748,31
2020-03-30,Santa Cruz,087,273765,81,36,0,36,1
2020-03-30,Shasta,089,179085,21,4,0,4,1
2020-03-30,Sierra,091,2930,0,0,0,0,0
2020-03-30,Siskiyou,093,43540,4,2,0,2,0
2020-03-30,Solano,095,438530,111,50,0,50,0
2020-03-30,Sonoma,097,501317,145,57,0,57,1
2020-03-30,Stanislaus,099,539301,95,28,3,31,0
2020-03-30,Sutter,101,95872,20,6,0,6,0
2020-03-30,Tehama,103,63373,1,0,0,0,0
2020-03-30,Trinity,105,12862,0,0,0,0,0
2020-03-30,Tulare,107,460477,147,40,3,43,1
2020-03-30,Tuolumne,109,53932,3,1,0,1,0
2020-03-30,Ventura,111,848112,301,118,0,118,2
2020-03-30,Yolo,113,214977,57,17,0,17,1
2020-03-30,Yuba,115,75493,8,5,0,5,0
2020-03-29,Alameda,001,1643700,643,207,1,208,6
2020-03-29,Alpine,003,1148,1,0,0,0,0
2020-03-29,Amador,005,37829,5,1,0,1,0
2020-03-29,Butte,007,227075,15,4,0,4,0
2020-03-29,Calaveras,009,45235,6,2,0,2,0
2020-03-29,Colusa,011,21464,3,1,0,1,0
2020-03-29,Contra Costa,013,1133247,443,187,0,187,3
2020-03-29,Del Norte,015,27424,0,0,0,0,0
2020-03-29,El Dorado,017,186661,32,9,0,9,0
2020-03-29,Fresno,019,978130,203,31,3,34,0
2020-03-29,Glenn,021,27897,2,1,0,1,0
2020-03-29,Humboldt,023,135768,46,9,0,9,0
2020-03-29,Imperial,025,180216,79,9,0,9,0
2020-03-29,Inyo,027,18085,9,0,0,0,0
2020-03-29,Kern,029,883053,230,20,0,20,0
2020-03-29,Kings,031,150075,30,1,1,2,0
2020-03-29,Lake,033,64148,0,0,0,0,0
2020-03-29,Lassen,035,31185,3,0,1,1,0
2020-03-29,Los Angeles,037,10098052,5795,2119,11,2130,37
2020-03-29,Madera,039,155013,43,11,0,11,1
2020-03-29,Marin,041,260295,125,60,0,60,0
2020-03-29,Mariposa,043,17540,0,0,0,0,0
2020-03-29,Mendocino,045,87422,5,2,0,2,0
2020-03-29,Merced,047,269075,28,4,0,4,0
2020-03-29,Modoc,049,8938,0,0,0,0,0
2020-03-29,Mono,051,14174,26,8,0,8,0
2020-03-29,Monterey,053,433212,73,36,0,36,1
2020-03-29,Napa,055,140530,32,5,0,5,0
2020-03-29,Nevada,057,99092,32,13,1,14,0
2020-03-29,Orange,059,3164182,1206,343,13,356,2
2020-03-29,Placer,061,380077,117,35,0,35,2
2020-03-29,Plumas,063,18699,1,0,0,0,0
2020-03-29,Riverside,065,2383286,1079,122,12,134,7
2020-03-29,Sacramento,067,1510023,545,217,0,217,7
2020-03-29,San Benito,069,59416,28,10,0,10,1
2020-03-29,San Bernardino,071,2135413,650,94,0,94,2
2020-03-29,San Diego,073,3302833,1437,521,0,521,7
2020-03-29,San Francisco,075,870044,670,333,0,333,5
2020-03-29,San Joaquin,077,732212,219,86,3,89,4
2020-03-29,San Luis Obispo,079,281455,119,55,0,55,0
2020-03-29,San Mateo,081,765935,692,234,2,236,12
2020-03-29,Santa Barbara,083,443738,204,52,1,53,0
2020-03-29,Santa Clara,085,1922200,1340,591,3,594,30
2020-03-29,Santa Cruz,087,273765,81,33,0,33,1
2020-03-29,Shasta,089,179085,20,4,0,4,1
2020-03-29,Sierra,091,2930,0,0,0,0,0
2020-03-29,Siskiyou,093,43540,4,2,0,2,0
2020-03-29,Solano,095,438530,103,48,0,48,0
2020-03-29,Sonoma,097,501317,143,35,0,35,1
2020-03-29,Stanislaus,099,539301,90,19,3,22,0
2020-03-29,Sutter,101,95872,17,6,0,6,0
2020-03-29,Tehama,103,63373,1,0,0,0,0
2020-03-29,Trinity,105,12862,0,0,0,0,0
2020-03-29,Tulare,107,460477,122,24,3,27,1
2020-03-29,Tuolumne,109,53932,2,1,0,1,0
2020-03-29,Ventura,111,848112,274,92,0,92,2
2020-03-29,Yolo,113,214977,52,13,0,13,1
2020-03-29,Yuba,115,75493,8,3,0,3,0
2020-03-28,Alameda,001,1643700,616,410,1,411,12
2020-03-28,Alpine,003,1148,1,0,0,0,0
2020-03-28,Amador,005,37829,5,2,0,2,0
2020-03-28,Butte,007,227075,15,8,0,8,0
2020-03-28,Calaveras,009,45235,6,4,0,4,0
2020-03-28,Colusa,011,21464,3,2,0,2,0
2020-03-28,Contra Costa,013,1133247,420,350,0,350,4
2020-03-28,Del Norte,015,27424,0,0,0,0,0
2020-03-28,El Dorado,017,186661,31,18,0,18,0
2020-03-28,Fresno,019,978130,193,62,3,65,0
2020-03-28,Glenn,021,27897,2,2,0,2,0
2020-03-28,Humboldt,023,135768,46,18,0,18,0
2020-03-28,Imperial,025,180216,74,18,0,18,0
2020-03-28,Inyo,027,18085,9,0,0,0,0
2020-03-28,Kern,029,883053,213,40,0,40,0
2020-03-28,Kings,031,150075,29,2,1,3,0
2020-03-28,Lake,033,64148,0,0,0,0,0
2020-03-28,Lassen,035,31185,3,0,1,1,0
2020-03-28,Los Angeles,037,10098052,5410,3600,10,3610,64
2020-03-28,Madera,039,155013,43,22,0,22,2
2020-03-28,Marin,041,260295,120,116,0,116,0
2020-03-28,Mariposa,043,17540,0,0,0,0,0
2020-03-28,Mendocino,045,87422,5,4,0,4,0
2020-03-28,Merced,047,269075,27,8,0,8,0
2020-03-28,Modoc,049,8938,0,0,0,0,0
2020-03-28,Mono,051,14174,24,12,0,12,0
2020-03-28,Monterey,053,433212,72,64,0,64,2
2020-03-28,Napa,055,140530,27,10,0,10,0
2020-03-28,Nevada,057,99092,32,22,1,23,0
2020-03-28,Orange,059,3164182,1170,656,13,669,4
2020-03-28,Placer,061,380077,112,70,0,70,2
2020-03-28,Plumas,063,18699,1,0,0,0,0
2020-03-28,Riverside,065,2383286,1011,242,12,254,14
2020-03-28,Sacramento,067,1510023,527,406,0,406,14
2020-03-28,San Benito,069,59416,28,20,0,20,2
2020-03-28,San Bernardino,071,2135413,603,162,0,162,4
2020-03-28,San Diego,073,3302833,1378,980,0,980,14
2020-03-28,San Francisco,075,870044,646,600,0,600,6
2020-03-28,San Joaquin,077,732212,212,166,3,169,8
2020-03-28,San Luis Obispo,079,281455,117,104,0,104,0
2020-03-28,San Mateo,081,765935,672,462,2,464,17
2020-03-28,Santa Barbara,083,443738,194,98,1,99,0
2020-03-28,Santa Clara,085,1922200,1321,1174,3,1177,54
2020-03-28,Santa Cruz,087,273765,80,62,0,62,0
2020-03-28,Shasta,089,179085,20,8,0,8,2
2020-03-28,Sierra,091,2930,0,0,0,0,0
2020-03-28,Siskiyou,093,43540,4,4,0,4,0
2020-03-28,Solano,095,438530,99,96,0,96,0
2020-03-28,Sonoma,097,501317,141,70,0,70,2
2020-03-28,Stanislaus,099,539301,85,34,3,37,0
2020-03-28,Sutter,101,95872,17,6,0,6,0
2020-03-28,Tehama,103,63373,1,0,0,0,0
2020-03-28,Trinity,105,12862,0,0,0,0,0
2020-03-28,Tulare,107,460477,114,46,3,49,0
2020-03-28,Tuolumne,109,53932,2,2,0,2,0
2020-03-28,Ventura,111,848112,270,178,0,178,4
2020-03-28,Yolo,113,214977,51,26,0,26,2
2020-03-28,Yuba,115,75493,8,6,0,6,0
2020-03-27,Alameda,001,1643700,597,185,1,186,4
2020-03-27,Alpine,003,1148,1,0,0,0,0
2020-03-27,Amador,005,37829,4,1,0,1,0
2020-03-27,Butte,007,227075,13,4,0,4,0
2020-03-27,Calaveras,009,45235,6,2,0,2,0
2020-03-27,Colusa,011,21464,3,0,0,0,0
2020-03-27,Contra Costa,013,1133247,399,161,0,161,2
2020-03-27,Del Norte,015,27424,0,0,0,0,0
2020-03-27,El Dorado,017,186661,29,9,0,9,0
2020-03-27,Fresno,019,978130,181,29,2,31,0
2020-03-27,Glenn,021,27897,2,0,0,0,0
2020-03-27,Humboldt,023,135768,42,9,0,9,0
2020-03-27,Imperial,025,180216,69,9,0,9,0
2020-03-27,Inyo,027,18085,9,0,0,0,0
2020-03-27,Kern,029,883053,200,20,0,20,0
2020-03-27,Kings,031,150075,28,0,1,1,0
2020-03-27,Lake,033,64148,0,0,0,0,0
2020-03-27,Lassen,035,31185,3,0,1,1,0
2020-03-27,Los Angeles,037,10098052,5003,1474,10,1484,26
2020-03-27,Madera,039,155013,41,10,0,10,1
2020-03-27,Marin,041,260295,115,58,0,58,0
2020-03-27,Mariposa,043,17540,0,0,0,0,0
2020-03-27,Mendocino,045,87422,5,2,0,2,0
2020-03-27,Merced,047,269075,26,3,0,3,0
2020-03-27,Modoc,049,8938,0,0,0,0,0
2020-03-27,Mono,051,14174,24,6,0,6,0
2020-03-27,Monterey,053,433212,69,26,0,26,1
2020-03-27,Napa,055,140530,27,5,0,5,0
2020-03-27,Nevada,057,99092,32,6,1,7,0
2020-03-27,Orange,059,3164182,1120,299,13,312,2
2020-03-27,Placer,061,380077,109,33,0,33,1
2020-03-27,Plumas,063,18699,0,0,0,0,0
2020-03-27,Riverside,065,2383286,955,121,12,133,7
2020-03-27,Sacramento,067,1510023,504,163,0,163,6
2020-03-27,San Benito,069,59416,27,9,0,9,1
2020-03-27,San Bernardino,071,2135413,513,77,0,77,2
2020-03-27,San Diego,073,3302833,1321,419,0,419,5
2020-03-27,San Francisco,075,870044,621,285,0,285,2
2020-03-27,San Joaquin,077,732212,201,73,3,76,3
2020-03-27,San Luis Obispo,079,281455,115,46,0,46,0
2020-03-27,San Mateo,081,765935,646,213,2,215,7
2020-03-27,Santa Barbara,083,443738,180,37,1,38,0
2020-03-27,Santa Clara,085,1922200,1283,557,3,560,25
2020-03-27,Santa Cruz,087,273765,79,31,0,31,0
2020-03-27,Shasta,089,179085,17,3,0,3,1
2020-03-27,Sierra,091,2930,0,0,0,0,0
2020-03-27,Siskiyou,093,43540,4,2,0,2,0
2020-03-27,Solano,095,438530,93,48,0,48,0
2020-03-27,Sonoma,097,501317,133,35,0,35,1
2020-03-27,Stanislaus,099,539301,83,16,3,19,0
2020-03-27,Sutter,101,95872,16,2,0,2,0
2020-03-27,Tehama,103,63373,1,0,0,0,0
2020-03-27,Trinity,105,12862,0,0,0,0,0
2020-03-27,Tulare,107,460477,106,15,3,18,0
2020-03-27,Tuolumne,109,53932,2,1,0,1,0
2020-03-27,Ventura,111,848112,261,80,0,80,2
2020-03-27,Yolo,113,214977,50,13,0,13,1
2020-03-27,Yuba,115,75493,7,3,0,3,0
2020-03-26,Alameda,001,1643700,557,172,1,173,4
2020-03-26,Alpine,003,1148,1,0,0,0,0
2020-03-26,Amador,005,37829,4,1,0,1,0
2020-03-26,Butte,007,227075,13,4,0,4,0
2020-03-26,Calaveras,009,45235,6,2,0,2,0
2020-03-26,Colusa,011,21464,3,0,0,0,0
2020-03-26,Contra Costa,013,1133247,388,147,0,147,2
2020-03-26,Del Norte,015,27424,0,0,0,0,0
2020-03-26,El Dorado,017,186661,27,7,0,7,0
2020-03-26,Fresno,019,978130,172,25,2,27,0
2020-03-26,Glenn,021,27897,2,0,0,0,0
2020-03-26,Humboldt,023,135768,38,8,0,8,0
2020-03-26,Imperial,025,180216,65,8,0,8,0
2020-03-26,Inyo,027,18085,8,0,0,0,0
2020-03-26,Kern,029,883053,184,20,0,20,0
2020-03-26,Kings,031,150075,28,0,1,1,0
2020-03-26,Lake,033,64148,0,0,0,0,0
2020-03-26,Lassen,035,31185,3,0,1,1,0
2020-03-26,Los Angeles,037,10098052,4596,1075,10,1085,19
2020-03-26,Madera,039,155013,39,8,0,8,0
2020-03-26,Marin,041,260295,106,56,0,56,0
2020-03-26,Mariposa,043,17540,0,0,0,0,0
2020-03-26,Mendocino,045,87422,4,1,0,1,0
2020-03-26,Merced,047,269075,23,1,0,1,0
2020-03-26,Modoc,049,8938,0,0,0,0,0
2020-03-26,Mono,051,14174,23,5,0,5,0
2020-03-26,Monterey,053,433212,66,25,0,25,1
2020-03-26,Napa,055,140530,26,5,0,5,0
2020-03-26,Nevada,057,99092,32,7,1,8,0
2020-03-26,Orange,059,3164182,1058,279,11,290,1
2020-03-26,Placer,061,380077,106,34,0,34,1
2020-03-26,Plumas,063,18699,0,0,0,0,0
2020-03-26,Riverside,065,2383286,884,118,12,130,7
2020-03-26,Sacramento,067,1510023,471,147,0,147,5
2020-03-26,San Benito,069,59416,27,8,0,8,1
2020-03-26,San Bernardino,071,2135413,447,57,0,57,1
2020-03-26,San Diego,073,3302833,1254,299,0,299,2
2020-03-26,San Francisco,075,870044,594,261,0,261,1
2020-03-26,San Joaquin,077,732212,190,69,3,72,3
2020-03-26,San Luis Obispo,079,281455,110,38,0,38,0
2020-03-26,San Mateo,081,765935,612,122,2,124,5
2020-03-26,Santa Barbara,083,443738,167,33,1,34,0
2020-03-26,Santa Clara,085,1922200,1238,487,2,489,20
2020-03-26,Santa Cruz,087,273765,75,30,0,30,0
2020-03-26,Shasta,089,179085,17,3,0,3,1
2020-03-26,Sierra,091,2930,0,0,0,0,0
2020-03-26,Siskiyou,093,43540,4,2,0,2,0
2020-03-26,Solano,095,438530,85,41,0,41,0
2020-03-26,Sonoma,097,501317,128,33,0,33,1
2020-03-26,Stanislaus,099,539301,81,15,3,18,0
2020-03-26,Sutter,101,95872,12,2,0,2,0
2020-03-26,Tehama,103,63373,1,0,0,0,0
2020-03-26,Trinity,105,12862,0,0,0,0,0
2020-03-26,Tulare,107,460477,97,15,3,18,0
2020-03-26,Tuolumne,109,53932,2,0,0,0,0
2020-03-26,Ventura,111,848112,245,70,0,70,1
2020-03-26,Yolo,113,214977,46,13,0,13,1
2020-03-26,Yuba,115,75493,7,3,0,3,0
2020-03-25,Alameda,001,1643700,536,134,1,135,3
2020-03-25,Alpine,003,1148,1,0,0,0,0
2020-03-25,Amador,005,37829,4,1,0,1,0
2020-03-25,Butte,007,227075,13,4,0,4,0
2020-03-25,Calaveras,009,45235,6,2,0,2,0
2020-03-25,Colusa,011,21464,2,0,0,0,0
2020-03-25,Contra Costa,013,1133247,374,131,0,131,1
2020-03-25,Del Norte,015,27424,0,0,0,0,0
2020-03-25,El Dorado,017,186661,27,5,0,5,0
2020-03-25,Fresno,019,978130,152,21,2,23,0
2020-03-25,Glenn,021,27897,2,0,0,0,0
2020-03-25,Humboldt,023,135768,35,3,0,3,0
2020-03-25,Imperial,025,180216,57,8,0,8,0
2020-03-25,Inyo,027,18085,5,0,0,0,0
2020-03-25,Kern,029,883053,164,13,0,13,0
2020-03-25,Kings,031,150075,26,0,1,1,0
2020-03-25,Lake,033,64148,0,0,0,0,0
2020-03-25,Lassen,035,31185,3,0,1,1,0
2020-03-25,Los Angeles,037,10098052,4197,725,10,735,10
2020-03-25,Madera,039,155013,37,6,0,6,0
2020-03-25,Marin,041,260295,100,47,0,47,0
2020-03-25,Mariposa,043,17540,0,0,0,0,0
2020-03-25,Mendocino,045,87422,3,1,0,1,0
2020-03-25,Merced,047,269075,19,0,0,0,0
2020-03-25,Modoc,049,8938,0,0,0,0,0
2020-03-25,Mono,051,14174,22,4,0,4,0
2020-03-25,Monterey,053,433212,63,23,0,23,1
2020-03-25,Napa,055,140530,26,5,0,5,0
2020-03-25,Nevada,057,99092,31,5,1,6,0
2020-03-25,Orange,059,3164182,1000,214,9,223,1
2020-03-25,Placer,061,380077,100,30,0,30,1
2020-03-25,Plumas,063,18699,0,1,0,1,0
2020-03-25,Riverside,065,2383286,813,87,12,99,5
2020-03-25,Sacramento,067,1510023,445,114,0,114,5
2020-03-25,San Benito,069,59416,26,4,0,4,1
2020-03-25,San Bernardino,071,2135413,408,46,0,46,1
2020-03-25,San Diego,073,3302833,1192,238,0,238,2
2020-03-25,San Francisco,075,870044,553,212,0,212,1
2020-03-25,San Joaquin,077,732212,177,64,3,67,2
2020-03-25,San Luis Obispo,079,281455,105,35,0,35,0
2020-03-25,San Mateo,081,765935,577,111,2,113,5
2020-03-25,Santa Barbara,083,443738,157,25,1,26,0
2020-03-25,Santa Clara,085,1922200,1194,452,2,454,20
2020-03-25,Santa Cruz,087,273765,72,26,0,26,0
2020-03-25,Shasta,089,179085,16,3,0,3,1
2020-03-25,Sierra,091,2930,0,0,0,0,0
2020-03-25,Siskiyou,093,43540,4,2,0,2,0
2020-03-25,Solano,095,438530,80,39,0,39,0
2020-03-25,Sonoma,097,501317,123,31,0,31,1
2020-03-25,Stanislaus,099,539301,74,14,3,17,0
2020-03-25,Sutter,101,95872,9,1,0,1,0
2020-03-25,Tehama,103,63373,1,0,0,0,0
2020-03-25,Trinity,105,12862,0,0,0,0,0
2020-03-25,Tulare,107,460477,87,11,3,14,0
2020-03-25,Tuolumne,109,53932,2,0,0,0,0
2020-03-25,Ventura,111,848112,229,53,0,53,1
2020-03-25,Yolo,113,214977,44,9,0,9,1
2020-03-25,Yuba,115,75493,7,2,0,2,0
2020-03-24,Alameda,001,1643700,504,96,1,97,2
2020-03-24,Alpine,003,1148,1,0,0,0,0
2020-03-24,Amador,005,37829,2,1,0,1,0
2020-03-24,Butte,007,227075,12,3,0,3,0
2020-03-24,Calaveras,009,45235,5,2,0,2,0
2020-03-24,Colusa,011,21464,2,0,0,0,0
2020-03-24,Contra Costa,013,1133247,361,108,0,108,1
2020-03-24,Del Norte,015,27424,0,0,0,0,0
2020-03-24,El Dorado,017,186661,27,3,0,3,0
2020-03-24,Fresno,019,978130,133,18,2,20,0
2020-03-24,Glenn,021,27897,2,0,0,0,0
2020-03-24,Humboldt,023,135768,33,2,0,2,0
2020-03-24,Imperial,025,180216,54,3,0,3,0
2020-03-24,Inyo,027,18085,5,0,0,0,0
2020-03-24,Kern,029,883053,144,5,0,5,0
2020-03-24,Kings,031,150075,25,0,1,1,0
2020-03-24,Lake,033,64148,0,0,0,0,0
2020-03-24,Lassen,035,31185,3,0,1,1,0
2020-03-24,Los Angeles,037,10098052,3754,633,10,643,7
2020-03-24,Madera,039,155013,36,6,0,6,0
2020-03-24,Marin,041,260295,89,44,0,44,0
2020-03-24,Mariposa,043,17540,0,0,0,0,0
2020-03-24,Mendocino,045,87422,3,1,0,1,0
2020-03-24,Merced,047,269075,17,0,0,0,0
2020-03-24,Modoc,049,8938,0,0,0,0,0
2020-03-24,Mono,051,14174,21,1,0,1,0
2020-03-24,Monterey,053,433212,59,23,0,23,1
2020-03-24,Napa,055,140530,23,2,0,2,0
2020-03-24,Nevada,057,99092,30,4,1,5,0
2020-03-24,Orange,059,3164182,938,166,9,175,0
2020-03-24,Placer,061,380077,93,22,0,22,1
2020-03-24,Plumas,063,18699,0,1,0,1,0
2020-03-24,Riverside,065,2383286,746,56,12,68,5
2020-03-24,Sacramento,067,1510023,426,93,0,93,4
2020-03-24,San Benito,069,59416,25,4,0,4,1
2020-03-24,San Bernardino,071,2135413,364,27,0,27,0
2020-03-24,San Diego,073,3302833,1125,231,0,231,2
2020-03-24,San Francisco,075,870044,521,181,0,181,1
2020-03-24,San Joaquin,077,732212,166,52,3,55,2
2020-03-24,San Luis Obispo,079,281455,102,32,0,32,0
2020-03-24,San Mateo,081,765935,536,100,2,102,2
2020-03-24,Santa Barbara,083,443738,151,20,1,21,0
2020-03-24,Santa Clara,085,1922200,1125,389,2,391,17
2020-03-24,Santa Cruz,087,273765,67,22,0,22,0
2020-03-24,Shasta,089,179085,15,3,0,3,0
2020-03-24,Sierra,091,2930,0,0,0,0,0
2020-03-24,Siskiyou,093,43540,4,2,0,2,0
2020-03-24,Solano,095,438530,78,34,0,34,0
2020-03-24,Sonoma,097,501317,116,27,0,27,1
2020-03-24,Stanislaus,099,539301,65,13,3,16,0
2020-03-24,Sutter,101,95872,9,0,0,0,0
2020-03-24,Tehama,103,63373,1,0,0,0,0
2020-03-24,Trinity,105,12862,0,0,0,0,0
2020-03-24,Tulare,107,460477,77,10,3,13,0
2020-03-24,Tuolumne,109,53932,2,0,0,0,0
2020-03-24,Ventura,111,848112,213,44,0,44,1
2020-03-24,Yolo,113,214977,40,8,0,8,0
2020-03-24,Yuba,115,75493,7,2,0,2,0
2020-03-23,Alameda,001,1643700,472,88,1,89,1
2020-03-23,Alpine,003,1148,1,0,0,0,0
2020-03-23,Amador,005,37829,2,1,0,1,0
2020-03-23,Butte,007,227075,12,2,0,2,0
2020-03-23,Calaveras,009,45235,5,2,0,2,0
2020-03-23,Colusa,011,21464,1,0,0,0,0
2020-03-23,Contra Costa,013,1133247,341,91,0,91,2
2020-03-23,Del Norte,015,27424,0,0,0,0,0
2020-03-23,El Dorado,017,186661,26,3,0,3,0
2020-03-23,Fresno,019,978130,123,10,2,12,0
2020-03-23,Glenn,021,27897,2,0,0,0,0
2020-03-23,Humboldt,023,135768,31,2,0,2,0
2020-03-23,Imperial,025,180216,50,2,0,2,0
2020-03-23,Inyo,027,18085,3,0,0,0,0
2020-03-23,Kern,029,883053,130,5,0,5,0
2020-03-23,Kings,031,150075,25,0,1,1,0
2020-03-23,Lake,033,64148,0,0,0,0,0
2020-03-23,Lassen,035,31185,3,0,1,1,0
2020-03-23,Los Angeles,037,10098052,3446,389,10,399,4
2020-03-23,Madera,039,155013,36,4,0,4,0
2020-03-23,Marin,041,260295,84,30,0,30,0
2020-03-23,Mariposa,043,17540,0,0,0,0,0
2020-03-23,Mendocino,045,87422,3,1,0,1,0
2020-03-23,Merced,047,269075,11,0,0,0,0
2020-03-23,Modoc,049,8938,0,0,0,0,0
2020-03-23,Mono,051,14174,19,1,0,1,0
2020-03-23,Monterey,053,433212,54,14,0,14,1
2020-03-23,Napa,055,140530,21,1,0,1,0
2020-03-23,Nevada,057,99092,27,2,1,3,0
2020-03-23,Orange,059,3164182,883,138,7,145,0
2020-03-23,Placer,061,380077,90,19,0,19,1
2020-03-23,Plumas,063,18699,0,0,0,0,0
2020-03-23,Riverside,065,2383286,703,39,12,51,5
2020-03-23,Sacramento,067,1510023,393,87,0,87,4
2020-03-23,San Benito,069,59416,24,4,0,4,1
2020-03-23,San Bernardino,071,2135413,334,17,0,17,0
2020-03-23,San Diego,073,3302833,1066,178,0,178,1
2020-03-23,San Francisco,075,870044,492,152,0,152,0
2020-03-23,San Joaquin,077,732212,154,37,3,40,2
2020-03-23,San Luis Obispo,079,281455,96,23,0,23,0
2020-03-23,San Mateo,081,765935,497,88,2,90,1
2020-03-23,Santa Barbara,083,443738,133,18,1,19,0
2020-03-23,Santa Clara,085,1922200,1076,336,2,338,13
2020-03-23,Santa Cruz,087,273765,65,21,0,21,0
2020-03-23,Shasta,089,179085,13,2,0,2,0
2020-03-23,Sierra,091,2930,0,0,0,0,0
2020-03-23,Siskiyou,093,43540,4,2,0,2,0
2020-03-23,Solano,095,438530,74,33,0,33,0
2020-03-23,Sonoma,097,501317,104,19,0,19,1
2020-03-23,Stanislaus,099,539301,57,10,3,13,0
2020-03-23,Sutter,101,95872,9,0,0,0,0
2020-03-23,Tehama,103,63373,1,0,0,0,0
2020-03-23,Trinity,105,12862,0,0,0,0,0
2020-03-23,Tulare,107,460477,68,9,3,12,0
2020-03-23,Tuolumne,109,53932,2,0,0,0,0
2020-03-23,Ventura,111,848112,196,30,0,30,0
2020-03-23,Yolo,113,214977,39,8,0,8,0
2020-03-23,Yuba,115,75493,7,2,0,2,0
2020-03-22,Alameda,001,1643700,433,72,1,73,1
2020-03-22,Alpine,003,1148,1,0,0,0,0
2020-03-22,Amador,005,37829,2,1,0,1,0
2020-03-22,Butte,007,227075,8,1,0,1,0
2020-03-22,Calaveras,009,45235,4,2,0,2,0
2020-03-22,Colusa,011,21464,1,0,0,0,0
2020-03-22,Contra Costa,013,1133247,314,79,0,79,1
2020-03-22,Del Norte,015,27424,0,0,0,0,0
2020-03-22,El Dorado,017,186661,24,1,0,1,0
2020-03-22,Fresno,019,978130,103,8,2,10,0
2020-03-22,Glenn,021,27897,2,0,0,0,0
2020-03-22,Humboldt,023,135768,28,1,0,1,0
2020-03-22,Imperial,025,180216,48,2,0,2,0
2020-03-22,Inyo,027,18085,1,0,0,0,0
2020-03-22,Kern,029,883053,114,3,0,3,0
2020-03-22,Kings,031,150075,22,0,1,1,0
2020-03-22,Lake,033,64148,0,0,0,0,0
2020-03-22,Lassen,035,31185,3,0,1,1,0
2020-03-22,Los Angeles,037,10098052,3116,384,10,394,3
2020-03-22,Madera,039,155013,33,4,0,4,0
2020-03-22,Marin,041,260295,74,30,0,30,0
2020-03-22,Mariposa,043,17540,0,0,0,0,0
2020-03-22,Mendocino,045,87422,3,1,0,1,0
2020-03-22,Merced,047,269075,7,0,0,0,0
2020-03-22,Modoc,049,8938,0,0,0,0,0
2020-03-22,Mono,051,14174,14,1,0,1,0
2020-03-22,Monterey,053,433212,51,14,0,14,1
2020-03-22,Napa,055,140530,17,1,0,1,0
2020-03-22,Nevada,057,99092,23,2,1,3,0
2020-03-22,Orange,059,3164182,810,102,4,106,0
2020-03-22,Placer,061,380077,88,18,0,18,1
2020-03-22,Plumas,063,18699,0,0,0,0,0
2020-03-22,Riverside,065,2383286,613,26,8,34,5
2020-03-22,Sacramento,067,1510023,361,82,0,82,4
2020-03-22,San Benito,069,59416,19,4,0,4,1
2020-03-22,San Bernardino,071,2135413,290,16,0,16,0
2020-03-22,San Diego,073,3302833,978,161,0,161,0
2020-03-22,San Francisco,075,870044,455,134,0,134,0
2020-03-22,San Joaquin,077,732212,140,30,3,33,2
2020-03-22,San Luis Obispo,079,281455,89,19,0,19,0
2020-03-22,San Mateo,081,765935,464,82,2,84,1
2020-03-22,Santa Barbara,083,443738,119,16,1,17,0
2020-03-22,Santa Clara,085,1922200,1012,284,2,286,13
2020-03-22,Santa Cruz,087,273765,64,19,0,19,0
2020-03-22,Shasta,089,179085,13,1,0,1,0
2020-03-22,Sierra,091,2930,0,0,0,0,0
2020-03-22,Siskiyou,093,43540,4,2,0,2,0
2020-03-22,Solano,095,438530,65,30,0,30,0
2020-03-22,Sonoma,097,501317,99,18,0,18,1
2020-03-22,Stanislaus,099,539301,51,8,3,11,0
2020-03-22,Sutter,101,95872,8,0,0,0,0
2020-03-22,Tehama,103,63373,0,0,0,0,0
2020-03-22,Trinity,105,12862,0,0,0,0,0
2020-03-22,Tulare,107,460477,62,5,3,8,0
2020-03-22,Tuolumne,109,53932,2,0,0,0,0
2020-03-22,Ventura,111,848112,174,26,0,26,0
2020-03-22,Yolo,113,214977,33,6,0,6,0
2020-03-22,Yuba,115,75493,7,2,0,2,0
2020-03-21,Alameda,001,1643700,409,62,1,63,0
2020-03-21,Alpine,003,1148,1,0,0,0,0
2020-03-21,Amador,005,37829,2,1,0,1,0
2020-03-21,Butte,007,227075,7,1,0,1,0
2020-03-21,Calaveras,009,45235,4,2,0,2,0
2020-03-21,Colusa,011,21464,1,0,0,0,0
2020-03-21,Contra Costa,013,1133247,303,62,0,62,1
2020-03-21,Del Norte,015,27424,0,0,0,0,0
2020-03-21,El Dorado,017,186661,21,1,0,1,0
2020-03-21,Fresno,019,978130,99,8,2,10,0
2020-03-21,Glenn,021,27897,2,0,0,0,0
2020-03-21,Humboldt,023,135768,25,1,0,1,0
2020-03-21,Imperial,025,180216,44,2,0,2,0
2020-03-21,Inyo,027,18085,1,0,0,0,0
2020-03-21,Kern,029,883053,108,3,0,3,0
2020-03-21,Kings,031,150075,22,0,1,1,0
2020-03-21,Lake,033,64148,0,0,0,0,0
2020-03-21,Lassen,035,31185,3,0,1,1,0
2020-03-21,Los Angeles,037,10098052,2839,322,10,332,2
2020-03-21,Madera,039,155013,33,4,0,4,0
2020-03-21,Marin,041,260295,69,30,0,30,0
2020-03-21,Mariposa,043,17540,0,0,0,0,0
2020-03-21,Mendocino,045,87422,3,1,0,1,0
2020-03-21,Merced,047,269075,6,0,0,0,0
2020-03-21,Modoc,049,8938,0,0,0,0,0
2020-03-21,Mono,051,14174,14,1,0,1,0
2020-03-21,Monterey,053,433212,48,8,0,8,1
2020-03-21,Napa,055,140530,17,0,0,0,0
2020-03-21,Nevada,057,99092,23,2,1,3,0
2020-03-21,Orange,059,3164182,761,85,4,89,0
2020-03-21,Placer,061,380077,78,11,0,11,1
2020-03-21,Plumas,063,18699,0,0,0,0,0
2020-03-21,Riverside,065,2383286,566,20,8,28,3
2020-03-21,Sacramento,067,1510023,334,66,0,66,3
2020-03-21,San Benito,069,59416,17,4,0,4,1
2020-03-21,San Bernardino,071,2135413,270,13,0,13,0
2020-03-21,San Diego,073,3302833,901,121,0,121,0
2020-03-21,San Francisco,075,870044,419,106,0,106,0
2020-03-21,San Joaquin,077,732212,131,26,3,29,2
2020-03-21,San Luis Obispo,079,281455,84,16,0,16,0
2020-03-21,San Mateo,081,765935,426,78,2,80,1
2020-03-21,Santa Barbara,083,443738,109,8,1,9,0
2020-03-21,Santa Clara,085,1922200,950,269,2,271,10
2020-03-21,Santa Cruz,087,273765,62,17,0,17,0
2020-03-21,Shasta,089,179085,12,1,0,1,0
2020-03-21,Sierra,091,2930,0,0,0,0,0
2020-03-21,Siskiyou,093,43540,4,0,0,0,0
2020-03-21,Solano,095,438530,63,30,0,30,0
2020-03-21,Sonoma,097,501317,98,15,0,15,1
2020-03-21,Stanislaus,099,539301,45,7,3,10,0
2020-03-21,Sutter,101,95872,7,0,0,0,0
2020-03-21,Tehama,103,63373,0,0,0,0,0
2020-03-21,Trinity,105,12862,0,0,0,0,0
2020-03-21,Tulare,107,460477,54,5,3,8,0
2020-03-21,Tuolumne,109,53932,2,0,0,0,0
2020-03-21,Ventura,111,848112,166,22,0,22,0
2020-03-21,Yolo,113,214977,33,6,0,6,0
2020-03-21,Yuba,115,75493,7,1,0,1,0
2020-03-20,Alameda,001,1643700,388,42,1,43,0
2020-03-20,Alpine,003,1148,1,0,0,0,0
2020-03-20,Amador,005,37829,1,0,0,0,0
2020-03-20,Butte,007,227075,7,0,0,0,0
2020-03-20,Calaveras,009,45235,4,2,0,2,0
2020-03-20,Colusa,011,21464,1,0,0,0,0
2020-03-20,Contra Costa,013,1133247,273,52,0,52,1
2020-03-20,Del Norte,015,27424,0,0,0,0,0
2020-03-20,El Dorado,017,186661,20,1,0,1,0
2020-03-20,Fresno,019,978130,96,7,2,9,0
2020-03-20,Glenn,021,27897,1,0,0,0,0
2020-03-20,Humboldt,023,135768,25,1,0,1,0
2020-03-20,Imperial,025,180216,43,2,0,2,0
2020-03-20,Inyo,027,18085,0,0,0,0,0
2020-03-20,Kern,029,883053,93,3,0,3,0
2020-03-20,Kings,031,150075,21,0,1,1,0
2020-03-20,Lake,033,64148,0,0,0,0,0
2020-03-20,Lassen,035,31185,3,0,1,1,0
2020-03-20,Los Angeles,037,10098052,2610,267,9,276,1
2020-03-20,Madera,039,155013,32,4,0,4,0
2020-03-20,Marin,041,260295,66,30,0,30,0
2020-03-20,Mariposa,043,17540,0,0,0,0,0
2020-03-20,Mendocino,045,87422,3,1,0,1,0
2020-03-20,Merced,047,269075,6,0,0,0,0
2020-03-20,Modoc,049,8938,0,0,0,0,0
2020-03-20,Mono,051,14174,14,0,0,0,0
2020-03-20,Monterey,053,433212,47,4,0,4,0
2020-03-20,Napa,055,140530,16,0,0,0,0
2020-03-20,Nevada,057,99092,20,2,1,3,0
2020-03-20,Orange,059,3164182,714,71,4,75,2
2020-03-20,Placer,061,380077,72,9,0,9,1
2020-03-20,Plumas,063,18699,0,0,0,0,0
2020-03-20,Riverside,065,2383286,507,19,8,27,3
2020-03-20,Sacramento,067,1510023,313,56,0,56,4
2020-03-20,San Benito,069,59416,17,4,0,4,1
2020-03-20,San Bernardino,071,2135413,243,9,0,9,0
2020-03-20,San Diego,073,3302833,849,98,0,98,0
2020-03-20,San Francisco,075,870044,387,87,0,87,0
2020-03-20,San Joaquin,077,732212,116,18,3,21,2
2020-03-20,San Luis Obispo,079,281455,80,11,0,11,0
2020-03-20,San Mateo,081,765935,396,71,2,73,1
2020-03-20,Santa Barbara,083,443738,97,7,1,8,0
2020-03-20,Santa Clara,085,1922200,914,246,2,248,8
2020-03-20,Santa Cruz,087,273765,60,13,0,13,0
2020-03-20,Shasta,089,179085,11,1,0,1,0
2020-03-20,Sierra,091,2930,0,0,0,0,0
2020-03-20,Siskiyou,093,43540,4,0,0,0,0
2020-03-20,Solano,095,438530,59,29,0,29,0
2020-03-20,Sonoma,097,501317,90,7,0,7,0
2020-03-20,Stanislaus,099,539301,39,7,3,10,0
2020-03-20,Sutter,101,95872,7,0,0,0,0
2020-03-20,Tehama,103,63373,0,0,0,0,0
2020-03-20,Trinity,105,12862,0,0,0,0,0
2020-03-20,Tulare,107,460477,50,4,3,7,0
2020-03-20,Tuolumne,109,53932,2,0,0,0,0
2020-03-20,Ventura,111,848112,156,18,0,18,0
2020-03-20,Yolo,113,214977,31,5,0,5,0
2020-03-20,Yuba,115,75493,6,0,0,0,0
2020-03-19,Alameda,001,1643700,352,36,1,37,0
2020-03-19,Alpine,003,1148,1,0,0,0,0
2020-03-19,Amador,005,37829,1,0,0,0,0
2020-03-19,Butte,007,227075,5,0,0,0,0
2020-03-19,Calaveras,009,45235,4,2,0,2,0
2020-03-19,Colusa,011,21464,0,0,0,0,0
2020-03-19,Contra Costa,013,1133247,257,46,0,46,0
2020-03-19,Del Norte,015,27424,0,0,0,0,0
2020-03-19,El Dorado,017,186661,18,0,0,0,0
2020-03-19,Fresno,019,978130,87,6,2,8,0
2020-03-19,Glenn,021,27897,1,0,0,0,0
2020-03-19,Humboldt,023,135768,23,1,0,1,0
2020-03-19,Imperial,025,180216,36,2,0,2,0
2020-03-19,Inyo,027,18085,0,0,0,0,0
2020-03-19,Kern,029,883053,81,3,0,3,0
2020-03-19,Kings,031,150075,17,0,1,1,0
2020-03-19,Lake,033,64148,0,0,0,0,0
2020-03-19,Lassen,035,31185,2,0,1,1,0
2020-03-19,Los Angeles,037,10098052,2319,233,9,242,0
2020-03-19,Madera,039,155013,31,3,0,3,0
2020-03-19,Marin,041,260295,63,19,0,19,0
2020-03-19,Mariposa,043,17540,0,0,0,0,0
2020-03-19,Mendocino,045,87422,2,1,0,1,0
2020-03-19,Merced,047,269075,5,0,0,0,0
2020-03-19,Modoc,049,8938,0,0,0,0,0
2020-03-19,Mono,051,14174,12,0,0,0,0
2020-03-19,Monterey,053,433212,39,3,0,3,0
2020-03-19,Napa,055,140530,14,0,0,0,0
2020-03-19,Nevada,057,99092,18,2,1,3,0
2020-03-19,Orange,059,3164182,633,59,4,63,0
2020-03-19,Placer,061,380077,64,8,0,8,1
2020-03-19,Plumas,063,18699,0,0,0,0,0
2020-03-19,Riverside,065,2383286,396,14,6,20,3
2020-03-19,Sacramento,067,1510023,280,52,0,52,3
2020-03-19,San Benito,069,59416,14,3,0,3,0
2020-03-19,San Bernardino,071,2135413,213,7,0,7,0
2020-03-19,San Diego,073,3302833,766,68,0,68,0
2020-03-19,San Francisco,075,870044,351,80,0,80,0
2020-03-19,San Joaquin,077,732212,102,15,3,18,2
2020-03-19,San Luis Obispo,079,281455,77,6,0,6,0
2020-03-19,San Mateo,081,765935,361,58,2,60,1
2020-03-19,Santa Barbara,083,443738,85,5,0,5,0
2020-03-19,Santa Clara,085,1922200,847,183,2,185,8
2020-03-19,Santa Cruz,087,273765,57,13,0,13,0
2020-03-19,Shasta,089,179085,10,1,0,1,0
2020-03-19,Sierra,091,2930,0,0,0,0,0
2020-03-19,Siskiyou,093,43540,3,0,0,0,0
2020-03-19,Solano,095,438530,55,26,0,26,0
2020-03-19,Sonoma,097,501317,87,8,0,8,0
2020-03-19,Stanislaus,099,539301,38,7,3,10,0
2020-03-19,Sutter,101,95872,7,0,0,0,0
2020-03-19,Tehama,103,63373,0,0,0,0,0
2020-03-19,Trinity,105,12862,0,0,0,0,0
2020-03-19,Tulare,107,460477,44,3,3,6,0
2020-03-19,Tuolumne,109,53932,2,0,0,0,0
2020-03-19,Ventura,111,848112,134,15,0,15,0
2020-03-19,Yolo,113,214977,27,5,0,5,0
2020-03-19,Yuba,115,75493,5,0,0,0,0
2020-03-18,Alameda,001,1643700,323,29,1,30,0
2020-03-18,Alpine,003,1148,1,0,0,0,0
2020-03-18,Amador,005,37829,1,0,0,0,0
2020-03-18,Butte,007,227075,4,0,0,0,0
2020-03-18,Calaveras,009,45235,4,2,0,2,0
2020-03-18,Colusa,011,21464,0,0,0,0,0
2020-03-18,Contra Costa,013,1133247,235,44,0,44,0
2020-03-18,Del Norte,015,27424,0,0,0,0,0
2020-03-18,El Dorado,017,186661,17,0,0,0,0
2020-03-18,Fresno,019,978130,78,3,1,4,0
2020-03-18,Glenn,021,27897,1,0,0,0,0
2020-03-18,Humboldt,023,135768,19,1,0,1,0
2020-03-18,Imperial,025,180216,30,2,0,2,0
2020-03-18,Inyo,027,18085,0,0,0,0,0
2020-03-18,Kern,029,883053,66,1,0,1,0
2020-03-18,Kings,031,150075,15,0,1,1,0
2020-03-18,Lake,033,64148,0,0,0,0,0
2020-03-18,Lassen,035,31185,1,0,1,1,0
2020-03-18,Los Angeles,037,10098052,2074,47,9,56,0
2020-03-18,Madera,039,155013,30,2,0,2,0
2020-03-18,Marin,041,260295,58,10,0,10,0
2020-03-18,Mariposa,043,17540,0,0,0,0,0
2020-03-18,Mendocino,045,87422,2,0,0,0,0
2020-03-18,Merced,047,269075,5,0,0,0,0
2020-03-18,Modoc,049,8938,0,0,0,0,0
2020-03-18,Mono,051,14174,11,0,0,0,0
2020-03-18,Monterey,053,433212,31,1,0,1,0
2020-03-18,Napa,055,140530,11,0,0,0,0
2020-03-18,Nevada,057,99092,16,2,1,3,0
2020-03-18,Orange,059,3164182,575,38,4,42,0
2020-03-18,Placer,061,380077,57,8,0,8,1
2020-03-18,Plumas,063,18699,0,0,0,0,0
2020-03-18,Riverside,065,2383286,333,11,5,16,2
2020-03-18,Sacramento,067,1510023,257,46,0,46,3
2020-03-18,San Benito,069,59416,13,3,0,3,0
2020-03-18,San Bernardino,071,2135413,191,3,0,3,0
2020-03-18,San Diego,073,3302833,681,40,0,40,0
2020-03-18,San Francisco,075,870044,332,65,0,65,0
2020-03-18,San Joaquin,077,732212,90,14,3,17,2
2020-03-18,San Luis Obispo,079,281455,70,5,0,5,0
2020-03-18,San Mateo,081,765935,340,57,2,59,1
2020-03-18,Santa Barbara,083,443738,77,2,0,2,0
2020-03-18,Santa Clara,085,1922200,796,151,2,153,6
2020-03-18,Santa Cruz,087,273765,55,11,0,11,0
2020-03-18,Shasta,089,179085,9,1,0,1,0
2020-03-18,Sierra,091,2930,0,0,0,0,0
2020-03-18,Siskiyou,093,43540,3,0,0,0,0
2020-03-18,Solano,095,438530,51,26,0,26,0
2020-03-18,Sonoma,097,501317,78,6,0,6,0
2020-03-18,Stanislaus,099,539301,34,5,2,7,0
2020-03-18,Sutter,101,95872,5,0,0,0,0
2020-03-18,Tehama,103,63373,0,0,0,0,0
2020-03-18,Trinity,105,12862,0,0,0,0,0
2020-03-18,Tulare,107,460477,34,3,3,6,0
2020-03-18,Tuolumne,109,53932,2,0,0,0,0
2020-03-18,Ventura,111,848112,115,11,0,11,0
2020-03-18,Yolo,113,214977,24,4,0,4,0
2020-03-18,Yuba,115,75493,4,0,0,0,0
2020-03-17,Alameda,001,1643700,291,19,0,19,0
2020-03-17,Alpine,003,1148,0,0,0,0,0
2020-03-17,Amador,005,37829,1,0,0,0,0
2020-03-17,Butte,007,227075,4,0,0,0,0
2020-03-17,Calaveras,009,45235,4,2,0,2,0
2020-03-17,Colusa,011,21464,0,0,0,0,0
2020-03-17,Contra Costa,013,1133247,213,37,0,37,0
2020-03-17,Del Norte,015,27424,0,0,0,0,0
2020-03-17,El Dorado,017,186661,16,0,0,0,0
2020-03-17,Fresno,019,978130,68,2,1,3,0
2020-03-17,Glenn,021,27897,1,0,0,0,0
2020-03-17,Humboldt,023,135768,17,1,0,1,0
2020-03-17,Imperial,025,180216,24,2,0,2,0
2020-03-17,Inyo,027,18085,0,0,0,0,0
2020-03-17,Kern,029,883053,52,0,0,0,0
2020-03-17,Kings,031,150075,12,0,1,1,0
2020-03-17,Lake,033,64148,0,0,0,0,0
2020-03-17,Lassen,035,31185,1,0,1,1,0
2020-03-17,Los Angeles,037,10098052,1865,41,9,50,0
2020-03-17,Madera,039,155013,22,2,0,2,0
2020-03-17,Marin,041,260295,51,4,0,4,0
2020-03-17,Mariposa,043,17540,0,0,0,0,0
2020-03-17,Mendocino,045,87422,2,0,0,0,0
2020-03-17,Merced,047,269075,5,0,0,0,0
2020-03-17,Modoc,049,8938,0,0,0,0,0
2020-03-17,Mono,051,14174,9,0,0,0,0
2020-03-17,Monterey,053,433212,29,0,0,0,0
2020-03-17,Napa,055,140530,8,0,0,0,0
2020-03-17,Nevada,057,99092,15,1,1,2,0
2020-03-17,Orange,059,3164182,497,24,3,27,0
2020-03-17,Placer,061,380077,47,7,0,7,1
2020-03-17,Plumas,063,18699,0,0,0,0,0
2020-03-17,Riverside,065,2383286,271,11,5,16,0
2020-03-17,Sacramento,067,1510023,237,36,0,36,1
2020-03-17,San Benito,069,59416,12,2,0,2,0
2020-03-17,San Bernardino,071,2135413,163,2,0,2,0
2020-03-17,San Diego,073,3302833,614,17,0,17,0
2020-03-17,San Francisco,075,870044,305,46,0,46,0
2020-03-17,San Joaquin,077,732212,84,11,3,14,0
2020-03-17,San Luis Obispo,079,281455,62,1,0,1,0
2020-03-17,San Mateo,081,765935,308,46,2,48,1
2020-03-17,Santa Barbara,083,443738,65,0,0,0,0
2020-03-17,Santa Clara,085,1922200,738,121,2,123,4
2020-03-17,Santa Cruz,087,273765,52,10,0,10,0
2020-03-17,Shasta,089,179085,5,1,0,1,0
2020-03-17,Sierra,091,2930,0,0,0,0,0
2020-03-17,Siskiyou,093,43540,3,0,0,0,0
2020-03-17,Solano,095,438530,48,27,0,27,0
2020-03-17,Sonoma,097,501317,70,4,0,4,0
2020-03-17,Stanislaus,099,539301,31,4,2,6,0
2020-03-17,Sutter,101,95872,5,0,0,0,0
2020-03-17,Tehama,103,63373,0,0,0,0,0
2020-03-17,Trinity,105,12862,0,0,0,0,0
2020-03-17,Tulare,107,460477,29,2,3,5,0
2020-03-17,Tuolumne,109,53932,2,0,0,0,0
2020-03-17,Ventura,111,848112,98,7,0,7,0
2020-03-17,Yolo,113,214977,20,2,0,2,0
2020-03-17,Yuba,115,75493,4,0,0,0,0
2020-03-16,Alameda,001,1643700,262,17,0,17,0
2020-03-16,Alpine,003,1148,0,0,0,0,0
2020-03-16,Amador,005,37829,1,0,0,0,0
2020-03-16,Butte,007,227075,3,0,0,0,0
2020-03-16,Calaveras,009,45235,4,2,0,2,0
2020-03-16,Colusa,011,21464,0,0,0,0,0
2020-03-16,Contra Costa,013,1133247,189,36,0,36,0
2020-03-16,Del Norte,015,27424,0,0,0,0,0
2020-03-16,El Dorado,017,186661,15,0,0,0,0
2020-03-16,Fresno,019,978130,53,2,1,3,0
2020-03-16,Glenn,021,27897,0,0,0,0,0
2020-03-16,Humboldt,023,135768,13,1,0,1,0
2020-03-16,Imperial,025,180216,19,2,0,2,0
2020-03-16,Inyo,027,18085,0,0,0,0,0
2020-03-16,Kern,029,883053,43,0,0,0,0
2020-03-16,Kings,031,150075,11,0,1,1,0
2020-03-16,Lake,033,64148,0,0,0,0,0
2020-03-16,Lassen,035,31185,1,0,0,0,0
2020-03-16,Los Angeles,037,10098052,1627,43,9,52,0
2020-03-16,Madera,039,155013,21,2,0,2,0
2020-03-16,Marin,041,260295,48,4,0,4,0
2020-03-16,Mariposa,043,17540,0,0,0,0,0
2020-03-16,Mendocino,045,87422,2,0,0,0,0
2020-03-16,Merced,047,269075,5,0,0,0,0
2020-03-16,Modoc,049,8938,0,0,0,0,0
2020-03-16,Mono,051,14174,7,0,0,0,0
2020-03-16,Monterey,053,433212,28,0,0,0,0
2020-03-16,Napa,055,140530,7,0,0,0,0
2020-03-16,Nevada,057,99092,11,1,1,2,0
2020-03-16,Orange,059,3164182,414,18,3,21,0
2020-03-16,Placer,061,380077,39,7,0,7,1
2020-03-16,Plumas,063,18699,0,0,0,0,0
2020-03-16,Riverside,065,2383286,235,10,5,15,0
2020-03-16,Sacramento,067,1510023,210,34,0,34,1
2020-03-16,San Benito,069,59416,8,2,0,2,0
2020-03-16,San Bernardino,071,2135413,143,1,0,1,0
2020-03-16,San Diego,073,3302833,523,17,0,17,0
2020-03-16,San Francisco,075,870044,267,40,0,40,0
2020-03-16,San Joaquin,077,732212,74,9,3,12,0
2020-03-16,San Luis Obispo,079,281455,55,1,0,1,0
2020-03-16,San Mateo,081,765935,269,42,2,44,1
2020-03-16,Santa Barbara,083,443738,55,0,0,0,0
2020-03-16,Santa Clara,085,1922200,658,115,1,116,2
2020-03-16,Santa Cruz,087,273765,45,9,0,9,0
2020-03-16,Shasta,089,179085,5,1,0,1,0
2020-03-16,Sierra,091,2930,0,0,0,0,0
2020-03-16,Siskiyou,093,43540,2,0,0,0,0
2020-03-16,Solano,095,438530,43,27,0,27,0
2020-03-16,Sonoma,097,501317,62,4,0,4,0
2020-03-16,Stanislaus,099,539301,27,2,2,4,0
2020-03-16,Sutter,101,95872,3,0,0,0,0
2020-03-16,Tehama,103,63373,0,0,0,0,0
2020-03-16,Trinity,105,12862,0,0,0,0,0
2020-03-16,Tulare,107,460477,25,2,3,5,0
2020-03-16,Tuolumne,109,53932,2,0,0,0,0
2020-03-16,Ventura,111,848112,88,7,0,7,0
2020-03-16,Yolo,113,214977,18,2,0,2,0
2020-03-16,Yuba,115,75493,3,0,0,0,0
2020-03-15,Alameda,001,1643700,215,17,0,17,0
2020-03-15,Alpine,003,1148,0,0,0,0,0
2020-03-15,Amador,005,37829,1,0,0,0,0
2020-03-15,Butte,007,227075,3,0,0,0,0
2020-03-15,Calaveras,009,45235,2,2,0,2,0
2020-03-15,Colusa,011,21464,0,0,0,0,0
2020-03-15,Contra Costa,013,1133247,164,34,0,34,0
2020-03-15,Del Norte,015,27424,0,0,0,0,0
2020-03-15,El Dorado,017,186661,14,0,0,0,0
2020-03-15,Fresno,019,978130,33,1,1,2,0
2020-03-15,Glenn,021,27897,0,0,0,0,0
2020-03-15,Humboldt,023,135768,11,1,0,1,0
2020-03-15,Imperial,025,180216,14,2,0,2,0
2020-03-15,Inyo,027,18085,0,0,0,0,0
2020-03-15,Kern,029,883053,37,0,0,0,0
2020-03-15,Kings,031,150075,11,0,1,1,0
2020-03-15,Lake,033,64148,0,0,0,0,0
2020-03-15,Lassen,035,31185,1,0,0,0,0
2020-03-15,Los Angeles,037,10098052,1379,41,9,50,0
2020-03-15,Madera,039,155013,20,2,0,2,0
2020-03-15,Marin,041,260295,41,3,0,3,0
2020-03-15,Mariposa,043,17540,0,0,0,0,0
2020-03-15,Mendocino,045,87422,2,0,0,0,0
2020-03-15,Merced,047,269075,3,0,0,0,0
2020-03-15,Modoc,049,8938,0,0,0,0,0
2020-03-15,Mono,051,14174,6,0,0,0,0
2020-03-15,Monterey,053,433212,21,0,0,0,0
2020-03-15,Napa,055,140530,7,0,0,0,0
2020-03-15,Nevada,057,99092,11,0,1,1,0
2020-03-15,Orange,059,3164182,346,16,1,17,0
2020-03-15,Placer,061,380077,33,7,0,7,1
2020-03-15,Plumas,063,18699,0,0,0,0,0
2020-03-15,Riverside,065,2383286,183,10,5,15,0
2020-03-15,Sacramento,067,1510023,174,30,0,30,1
2020-03-15,San Benito,069,59416,8,2,0,2,0
2020-03-15,San Bernardino,071,2135413,121,0,0,0,0
2020-03-15,San Diego,073,3302833,436,16,0,16,0
2020-03-15,San Francisco,075,870044,209,31,0,31,0
2020-03-15,San Joaquin,077,732212,63,6,3,9,0
2020-03-15,San Luis Obispo,079,281455,45,1,0,1,0
2020-03-15,San Mateo,081,765935,235,29,1,30,1
2020-03-15,Santa Barbara,083,443738,46,0,0,0,0
2020-03-15,Santa Clara,085,1922200,586,79,1,80,2
2020-03-15,Santa Cruz,087,273765,38,8,0,8,0
2020-03-15,Shasta,089,179085,5,1,0,1,0
2020-03-15,Sierra,091,2930,0,0,0,0,0
2020-03-15,Siskiyou,093,43540,2,0,0,0,0
2020-03-15,Solano,095,438530,42,26,0,26,0
2020-03-15,Sonoma,097,501317,53,4,0,4,0
2020-03-15,Stanislaus,099,539301,26,2,2,4,0
2020-03-15,Sutter,101,95872,2,0,0,0,0
2020-03-15,Tehama,103,63373,0,0,0,0,0
2020-03-15,Trinity,105,12862,0,0,0,0,0
2020-03-15,Tulare,107,460477,19,2,3,5,0
2020-03-15,Tuolumne,109,53932,1,0,0,0,0
2020-03-15,Ventura,111,848112,77,5,0,5,0
2020-03-15,Yolo,113,214977,15,2,0,2,0
2020-03-15,Yuba,115,75493,2,0,0,0,0
2020-03-14,Alameda,001,1643700,196,11,0,11,0
2020-03-14,Alpine,003,1148,0,0,0,0,0
2020-03-14,Amador,005,37829,1,0,0,0,0
2020-03-14,Butte,007,227075,2,0,0,0,0
2020-03-14,Calaveras,009,45235,2,2,0,2,0
2020-03-14,Colusa,011,21464,0,0,0,0,0
2020-03-14,Contra Costa,013,1133247,142,30,0,30,0
2020-03-14,Del Norte,015,27424,0,0,0,0,0
2020-03-14,El Dorado,017,186661,12,0,0,0,0
2020-03-14,Fresno,019,978130,25,1,1,2,0
2020-03-14,Glenn,021,27897,0,0,0,0,0
2020-03-14,Humboldt,023,135768,7,1,0,1,0
2020-03-14,Imperial,025,180216,10,2,0,2,0
2020-03-14,Inyo,027,18085,0,0,0,0,0
2020-03-14,Kern,029,883053,32,0,0,0,0
2020-03-14,Kings,031,150075,11,0,1,1,0
2020-03-14,Lake,033,64148,0,0,0,0,0
2020-03-14,Lassen,035,31185,1,0,0,0,0
2020-03-14,Los Angeles,037,10098052,1197,35,9,44,0
2020-03-14,Madera,039,155013,19,2,0,2,0
2020-03-14,Marin,041,260295,37,3,0,3,0
2020-03-14,Mariposa,043,17540,0,0,0,0,0
2020-03-14,Mendocino,045,87422,2,0,0,0,0
2020-03-14,Merced,047,269075,3,0,0,0,0
2020-03-14,Modoc,049,8938,0,0,0,0,0
2020-03-14,Mono,051,14174,5,0,0,0,0
2020-03-14,Monterey,053,433212,15,0,0,0,0
2020-03-14,Napa,055,140530,5,0,0,0,0
2020-03-14,Nevada,057,99092,8,0,1,1,0
2020-03-14,Orange,059,3164182,307,14,0,14,0
2020-03-14,Placer,061,380077,29,6,0,6,1
2020-03-14,Plumas,063,18699,0,0,0,0,0
2020-03-14,Riverside,065,2383286,163,10,5,15,0
2020-03-14,Sacramento,067,1510023,152,31,0,31,1
2020-03-14,San Benito,069,59416,8,2,0,2,0
2020-03-14,San Bernardino,071,2135413,102,0,0,0,0
2020-03-14,San Diego,073,3302833,361,10,0,10,0
2020-03-14,San Francisco,075,870044,188,29,0,29,0
2020-03-14,San Joaquin,077,732212,54,6,3,9,0
2020-03-14,San Luis Obispo,079,281455,40,0,0,0,0
2020-03-14,San Mateo,081,765935,212,27,1,28,0
2020-03-14,Santa Barbara,083,443738,37,0,0,0,0
2020-03-14,Santa Clara,085,1922200,531,62,1,63,2
2020-03-14,Santa Cruz,087,273765,33,8,0,8,0
2020-03-14,Shasta,089,179085,5,1,0,1,0
2020-03-14,Sierra,091,2930,0,0,0,0,0
2020-03-14,Siskiyou,093,43540,1,0,0,0,0
2020-03-14,Solano,095,438530,40,26,0,26,0
2020-03-14,Sonoma,097,501317,40,2,0,2,0
2020-03-14,Stanislaus,099,539301,22,2,2,4,0
2020-03-14,Sutter,101,95872,2,0,0,0,0
2020-03-14,Tehama,103,63373,0,0,0,0,0
2020-03-14,Trinity,105,12862,0,0,0,0,0
2020-03-14,Tulare,107,460477,17,2,2,4,0
2020-03-14,Tuolumne,109,53932,1,0,0,0,0
2020-03-14,Ventura,111,848112,68,5,0,5,0
2020-03-14,Yolo,113,214977,15,2,0,2,0
2020-03-14,Yuba,115,75493,1,0,0,0,0
2020-03-13,Alameda,001,1643700,177,12,0,12,0
2020-03-13,Alpine,003,1148,0,0,0,0,0
2020-03-13,Amador,005,37829,1,0,0,0,0
2020-03-13,Butte,007,227075,0,0,0,0,0
2020-03-13,Calaveras,009,45235,2,2,0,2,0
2020-03-13,Colusa,011,21464,0,0,0,0,0
2020-03-13,Contra Costa,013,1133247,128,22,0,22,0
2020-03-13,Del Norte,015,27424,0,0,0,0,0
2020-03-13,El Dorado,017,186661,11,0,0,0,0
2020-03-13,Fresno,019,978130,20,1,1,2,0
2020-03-13,Glenn,021,27897,0,0,0,0,0
2020-03-13,Humboldt,023,135768,7,1,0,1,0
2020-03-13,Imperial,025,180216,9,2,0,2,0
2020-03-13,Inyo,027,18085,0,0,0,0,0
2020-03-13,Kern,029,883053,27,0,0,0,0
2020-03-13,Kings,031,150075,10,0,1,1,0
2020-03-13,Lake,033,64148,0,0,0,0,0
2020-03-13,Lassen,035,31185,1,0,0,0,0
2020-03-13,Los Angeles,037,10098052,1040,30,7,37,0
2020-03-13,Madera,039,155013,18,1,0,1,0
2020-03-13,Marin,041,260295,34,3,0,3,0
2020-03-13,Mariposa,043,17540,0,0,0,0,0
2020-03-13,Mendocino,045,87422,2,0,0,0,0
2020-03-13,Merced,047,269075,2,0,0,0,0
2020-03-13,Modoc,049,8938,0,0,0,0,0
2020-03-13,Mono,051,14174,3,0,0,0,0
2020-03-13,Monterey,053,433212,10,0,0,0,0
2020-03-13,Napa,055,140530,3,0,0,0,0
2020-03-13,Nevada,057,99092,7,0,1,1,0
2020-03-13,Orange,059,3164182,267,10,0,10,0
2020-03-13,Placer,061,380077,27,6,0,6,1
2020-03-13,Plumas,063,18699,0,0,0,0,0
2020-03-13,Riverside,065,2383286,133,5,4,9,0
2020-03-13,Sacramento,067,1510023,130,18,0,18,1
2020-03-13,San Benito,069,59416,6,2,0,2,0
2020-03-13,San Bernardino,071,2135413,96,0,0,0,0
2020-03-13,San Diego,073,3302833,311,8,0,8,0
2020-03-13,San Francisco,075,870044,174,28,0,28,0
2020-03-13,San Joaquin,077,732212,50,6,3,9,0
2020-03-13,San Luis Obispo,079,281455,33,0,0,0,0
2020-03-13,San Mateo,081,765935,191,24,1,25,0
2020-03-13,Santa Barbara,083,443738,33,0,0,0,0
2020-03-13,Santa Clara,085,1922200,469,59,1,60,1
2020-03-13,Santa Cruz,087,273765,32,7,0,7,0
2020-03-13,Shasta,089,179085,3,1,0,1,0
2020-03-13,Sierra,091,2930,0,0,0,0,0
2020-03-13,Siskiyou,093,43540,0,0,0,0,0
2020-03-13,Solano,095,438530,39,26,0,26,0
2020-03-13,Sonoma,097,501317,39,2,0,2,0
2020-03-13,Stanislaus,099,539301,17,2,2,4,0
2020-03-13,Sutter,101,95872,2,0,0,0,0
2020-03-13,Tehama,103,63373,0,0,0,0,0
2020-03-13,Trinity,105,12862,0,0,0,0,0
2020-03-13,Tulare,107,460477,14,2,2,4,0
2020-03-13,Tuolumne,109,53932,1,0,0,0,0
2020-03-13,Ventura,111,848112,54,5,0,5,0
2020-03-13,Yolo,113,214977,14,1,0,1,0
2020-03-13,Yuba,115,75493,1,0,0,0,0
2020-03-12,Alameda,001,1643700,152,9,0,9,0
2020-03-12,Alpine,003,1148,0,0,0,0,0
2020-03-12,Amador,005,37829,1,0,0,0,0
2020-03-12,Butte,007,227075,0,0,0,0,0
2020-03-12,Calaveras,009,45235,2,2,0,2,0
2020-03-12,Colusa,011,21464,0,0,0,0,0
2020-03-12,Contra Costa,013,1133247,110,18,0,18,0
2020-03-12,Del Norte,015,27424,0,0,0,0,0
2020-03-12,El Dorado,017,186661,9,0,0,0,0
2020-03-12,Fresno,019,978130,12,1,1,2,0
2020-03-12,Glenn,021,27897,0,0,0,0,0
2020-03-12,Humboldt,023,135768,6,1,0,1,0
2020-03-12,Imperial,025,180216,8,2,0,2,0
2020-03-12,Inyo,027,18085,0,0,0,0,0
2020-03-12,Kern,029,883053,18,0,0,0,0
2020-03-12,Kings,031,150075,7,0,1,1,0
2020-03-12,Lake,033,64148,0,0,0,0,0
2020-03-12,Lassen,035,31185,1,0,0,0,0
2020-03-12,Los Angeles,037,10098052,876,30,7,37,0
2020-03-12,Madera,039,155013,15,1,0,1,0
2020-03-12,Marin,041,260295,24,1,0,1,0
2020-03-12,Mariposa,043,17540,0,0,0,0,0
2020-03-12,Mendocino,045,87422,2,0,0,0,0
2020-03-12,Merced,047,269075,2,0,0,0,0
2020-03-12,Modoc,049,8938,0,0,0,0,0
2020-03-12,Mono,051,14174,3,0,0,0,0
2020-03-12,Monterey,053,433212,8,0,0,0,0
2020-03-12,Napa,055,140530,3,0,0,0,0
2020-03-12,Nevada,057,99092,4,0,1,1,0
2020-03-12,Orange,059,3164182,230,7,0,7,0
2020-03-12,Placer,061,380077,23,6,0,6,1
2020-03-12,Plumas,063,18699,0,0,0,0,0
2020-03-12,Riverside,065,2383286,107,5,2,7,0
2020-03-12,Sacramento,067,1510023,106,17,0,17,1
2020-03-12,San Benito,069,59416,5,2,0,2,0
2020-03-12,San Bernardino,071,2135413,80,0,0,0,0
2020-03-12,San Diego,073,3302833,256,9,0,9,0
2020-03-12,San Francisco,075,870044,149,20,0,20,0
2020-03-12,San Joaquin,077,732212,44,3,3,6,1
2020-03-12,San Luis Obispo,079,281455,26,0,0,0,0
2020-03-12,San Mateo,081,765935,157,21,1,22,0
2020-03-12,Santa Barbara,083,443738,22,0,0,0,0
2020-03-12,Santa Clara,085,1922200,411,51,1,52,1
2020-03-12,Santa Cruz,087,273765,29,5,0,5,0
2020-03-12,Shasta,089,179085,2,1,0,1,0
2020-03-12,Sierra,091,2930,0,0,0,0,0
2020-03-12,Siskiyou,093,43540,0,0,0,0,0
2020-03-12,Solano,095,438530,34,26,0,26,0
2020-03-12,Sonoma,097,501317,34,2,0,2,0
2020-03-12,Stanislaus,099,539301,15,2,2,4,0
2020-03-12,Sutter,101,95872,0,0,0,0,0
2020-03-12,Tehama,103,63373,0,0,0,0,0
2020-03-12,Trinity,105,12862,0,0,0,0,0
2020-03-12,Tulare,107,460477,12,1,1,2,0
2020-03-12,Tuolumne,109,53932,1,0,0,0,0
2020-03-12,Ventura,111,848112,45,3,0,3,0
2020-03-12,Yolo,113,214977,13,1,0,1,0
2020-03-12,Yuba,115,75493,1,0,0,0,0
2020-03-11,Alameda,001,1643700,122,5,0,5,0
2020-03-11,Alpine,003,1148,0,0,0,0,0
2020-03-11,Amador,005,37829,1,0,0,0,0
2020-03-11,Butte,007,227075,0,0,0,0,0
2020-03-11,Calaveras,009,45235,2,2,0,2,0
2020-03-11,Colusa,011,21464,0,0,0,0,0
2020-03-11,Contra Costa,013,1133247,94,16,0,16,0
2020-03-11,Del Norte,015,27424,0,0,0,0,0
2020-03-11,El Dorado,017,186661,8,0,0,0,0
2020-03-11,Fresno,019,978130,9,1,1,2,0
2020-03-11,Glenn,021,27897,0,0,0,0,0
2020-03-11,Humboldt,023,135768,6,1,0,1,0
2020-03-11,Imperial,025,180216,6,0,0,0,0
2020-03-11,Inyo,027,18085,0,0,0,0,0
2020-03-11,Kern,029,883053,16,0,0,0,0
2020-03-11,Kings,031,150075,5,0,1,1,0
2020-03-11,Lake,033,64148,0,0,0,0,0
2020-03-11,Lassen,035,31185,1,0,0,0,0
2020-03-11,Los Angeles,037,10098052,704,21,7,28,0
2020-03-11,Madera,039,155013,12,1,0,1,0
2020-03-11,Marin,041,260295,17,1,0,1,0
2020-03-11,Mariposa,043,17540,0,0,0,0,0
2020-03-11,Mendocino,045,87422,1,0,0,0,0
2020-03-11,Merced,047,269075,2,0,0,0,0
2020-03-11,Modoc,049,8938,0,0,0,0,0
2020-03-11,Mono,051,14174,3,0,0,0,0
2020-03-11,Monterey,053,433212,7,0,0,0,0
2020-03-11,Napa,055,140530,2,0,0,0,0
2020-03-11,Nevada,057,99092,4,0,1,1,0
2020-03-11,Orange,059,3164182,201,6,0,6,0
2020-03-11,Placer,061,380077,18,6,0,6,1
2020-03-11,Plumas,063,18699,0,0,0,0,0
2020-03-11,Riverside,065,2383286,81,4,1,5,0
2020-03-11,Sacramento,067,1510023,88,9,0,9,1
2020-03-11,San Benito,069,59416,5,2,0,2,0
2020-03-11,San Bernardino,071,2135413,73,0,0,0,0
2020-03-11,San Diego,073,3302833,206,4,0,4,0
2020-03-11,San Francisco,075,870044,124,17,0,17,0
2020-03-11,San Joaquin,077,732212,33,1,3,4,0
2020-03-11,San Luis Obispo,079,281455,23,0,0,0,0
2020-03-11,San Mateo,081,765935,139,16,0,16,0
2020-03-11,Santa Barbara,083,443738,13,0,0,0,0
2020-03-11,Santa Clara,085,1922200,370,48,1,49,1
2020-03-11,Santa Cruz,087,273765,26,2,0,2,0
2020-03-11,Shasta,089,179085,2,1,0,1,0
2020-03-11,Sierra,091,2930,0,0,0,0,0
2020-03-11,Siskiyou,093,43540,0,0,0,0,0
2020-03-11,Solano,095,438530,29,26,0,26,0
2020-03-11,Sonoma,097,501317,30,2,0,2,0
2020-03-11,Stanislaus,099,539301,15,2,2,4,0
2020-03-11,Sutter,101,95872,0,0,0,0,0
2020-03-11,Tehama,103,63373,0,0,0,0,0
2020-03-11,Trinity,105,12862,0,0,0,0,0
2020-03-11,Tulare,107,460477,10,0,1,1,0
2020-03-11,Tuolumne,109,53932,1,0,0,0,0
2020-03-11,Ventura,111,848112,37,3,0,3,0
2020-03-11,Yolo,113,214977,9,1,0,1,0
2020-03-11,Yuba,115,75493,1,0,0,0,0
2020-03-10,Alameda,001,1643700,101,4,0,4,0
2020-03-10,Alpine,003,1148,0,0,0,0,0
2020-03-10,Amador,005,37829,1,0,0,0,0
2020-03-10,Butte,007,227075,0,0,0,0,0
2020-03-10,Calaveras,009,45235,2,2,0,2,0
2020-03-10,Colusa,011,21464,0,0,0,0,0
2020-03-10,Contra Costa,013,1133247,84,11,0,11,0
2020-03-10,Del Norte,015,27424,0,0,0,0,0
2020-03-10,El Dorado,017,186661,7,0,0,0,0
2020-03-10,Fresno,019,978130,7,1,1,2,0
2020-03-10,Glenn,021,27897,0,0,0,0,0
2020-03-10,Humboldt,023,135768,6,1,0,1,0
2020-03-10,Imperial,025,180216,5,0,0,0,0
2020-03-10,Inyo,027,18085,0,0,0,0,0
2020-03-10,Kern,029,883053,11,0,0,0,0
2020-03-10,Kings,031,150075,5,0,1,1,0
2020-03-10,Lake,033,64148,0,0,0,0,0
2020-03-10,Lassen,035,31185,1,0,0,0,0
2020-03-10,Los Angeles,037,10098052,568,20,7,27,0
2020-03-10,Madera,039,155013,7,1,0,1,0
2020-03-10,Marin,041,260295,16,1,0,1,0
2020-03-10,Mariposa,043,17540,0,0,0,0,0
2020-03-10,Mendocino,045,87422,0,0,0,0,0
2020-03-10,Merced,047,269075,2,0,0,0,0
2020-03-10,Modoc,049,8938,0,0,0,0,0
2020-03-10,Mono,051,14174,3,0,0,0,0
2020-03-10,Monterey,053,433212,5,0,0,0,0
2020-03-10,Napa,055,140530,2,0,0,0,0
2020-03-10,Nevada,057,99092,3,0,1,1,0
2020-03-10,Orange,059,3164182,181,5,0,5,1
2020-03-10,Placer,061,380077,14,7,0,7,1
2020-03-10,Plumas,063,18699,0,0,0,0,0
2020-03-10,Riverside,065,2383286,59,4,1,5,0
2020-03-10,Sacramento,067,1510023,79,8,0,8,0
2020-03-10,San Benito,069,59416,5,2,0,2,0
2020-03-10,San Bernardino,071,2135413,65,0,0,0,0
2020-03-10,San Diego,073,3302833,163,3,0,3,0
2020-03-10,San Francisco,075,870044,92,16,0,16,0
2020-03-10,San Joaquin,077,732212,30,1,3,4,0
2020-03-10,San Luis Obispo,079,281455,15,0,0,0,0
2020-03-10,San Mateo,081,765935,123,11,0,11,0
2020-03-10,Santa Barbara,083,443738,10,0,0,0,0
2020-03-10,Santa Clara,085,1922200,322,45,1,46,1
2020-03-10,Santa Cruz,087,273765,22,2,0,2,0
2020-03-10,Shasta,089,179085,2,1,0,1,0
2020-03-10,Sierra,091,2930,0,0,0,0,0
2020-03-10,Siskiyou,093,43540,0,0,0,0,0
2020-03-10,Solano,095,438530,27,26,0,26,0
2020-03-10,Sonoma,097,501317,27,2,0,2,0
2020-03-10,Stanislaus,099,539301,11,0,2,2,0
2020-03-10,Sutter,101,95872,0,0,0,0,0
2020-03-10,Tehama,103,63373,0,0,0,0,0
2020-03-10,Trinity,105,12862,0,0,0,0,0
2020-03-10,Tulare,107,460477,9,0,1,1,0
2020-03-10,Tuolumne,109,53932,1,0,0,0,0
2020-03-10,Ventura,111,848112,29,1,0,1,0
2020-03-10,Yolo,113,214977,6,2,0,2,0
2020-03-10,Yuba,115,75493,1,0,0,0,0
2020-03-09,Alameda,001,1643700,73,4,0,4,0
2020-03-09,Alpine,003,1148,0,0,0,0,0
2020-03-09,Amador,005,37829,0,0,0,0,0
2020-03-09,Butte,007,227075,0,0,0,0,0
2020-03-09,Calaveras,009,45235,2,0,0,0,0
2020-03-09,Colusa,011,21464,0,0,0,0,0
2020-03-09,Contra Costa,013,1133247,72,9,0,9,0
2020-03-09,Del Norte,015,27424,0,0,0,0,0
2020-03-09,El Dorado,017,186661,5,0,0,0,0
2020-03-09,Fresno,019,978130,7,1,1,2,0
2020-03-09,Glenn,021,27897,0,0,0,0,0
2020-03-09,Humboldt,023,135768,5,1,0,1,0
2020-03-09,Imperial,025,180216,5,0,0,0,0
2020-03-09,Inyo,027,18085,0,0,0,0,0
2020-03-09,Kern,029,883053,8,0,0,0,0
2020-03-09,Kings,031,150075,4,0,1,1,0
2020-03-09,Lake,033,64148,0,0,0,0,0
2020-03-09,Lassen,035,31185,1,0,0,0,0
2020-03-09,Los Angeles,037,10098052,463,17,6,23,0
2020-03-09,Madera,039,155013,7,1,0,1,0
2020-03-09,Marin,041,260295,15,1,0,1,0
2020-03-09,Mariposa,043,17540,0,0,0,0,0
2020-03-09,Mendocino,045,87422,0,0,0,0,0
2020-03-09,Merced,047,269075,2,0,0,0,0
2020-03-09,Modoc,049,8938,0,0,0,0,0
2020-03-09,Mono,051,14174,3,0,0,0,0
2020-03-09,Monterey,053,433212,3,0,0,0,0
2020-03-09,Napa,055,140530,2,0,0,0,0
2020-03-09,Nevada,057,99092,2,0,1,1,0
2020-03-09,Orange,059,3164182,153,4,0,4,0
2020-03-09,Placer,061,380077,12,7,0,7,1
2020-03-09,Plumas,063,18699,0,0,0,0,0
2020-03-09,Riverside,065,2383286,49,4,1,5,0
2020-03-09,Sacramento,067,1510023,75,8,0,8,0
2020-03-09,San Benito,069,59416,3,2,0,2,0
2020-03-09,San Bernardino,071,2135413,54,0,0,0,0
2020-03-09,San Diego,073,3302833,124,2,0,2,0
2020-03-09,San Francisco,075,870044,72,14,0,14,0
2020-03-09,San Joaquin,077,732212,21,0,3,3,0
2020-03-09,San Luis Obispo,079,281455,15,0,0,0,0
2020-03-09,San Mateo,081,765935,109,6,0,6,0
2020-03-09,Santa Barbara,083,443738,8,0,0,0,0
2020-03-09,Santa Clara,085,1922200,278,42,1,43,1
2020-03-09,Santa Cruz,087,273765,19,2,0,2,0
2020-03-09,Shasta,089,179085,2,1,0,1,0
2020-03-09,Sierra,091,2930,0,0,0,0,0
2020-03-09,Siskiyou,093,43540,0,0,0,0,0
2020-03-09,Solano,095,438530,25,26,0,26,0
2020-03-09,Sonoma,097,501317,22,2,0,2,0
2020-03-09,Stanislaus,099,539301,11,0,2,2,0
2020-03-09,Sutter,101,95872,0,0,0,0,0
2020-03-09,Tehama,103,63373,0,0,0,0,0
2020-03-09,Trinity,105,12862,0,0,0,0,0
2020-03-09,Tulare,107,460477,9,0,1,1,0
2020-03-09,Tuolumne,109,53932,1,0,0,0,0
2020-03-09,Ventura,111,848112,25,1,0,1,0
2020-03-09,Yolo,113,214977,5,2,0,2,0
2020-03-09,Yuba,115,75493,0,0,0,0,0
2020-03-08,Alameda,001,1643700,48,4,0,4,0
2020-03-08,Alpine,003,1148,0,0,0,0,0
2020-03-08,Amador,005,37829,0,0,0,0,0
2020-03-08,Butte,007,227075,0,0,0,0,0
2020-03-08,Calaveras,009,45235,2,0,0,0,0
2020-03-08,Colusa,011,21464,0,0,0,0,0
2020-03-08,Contra Costa,013,1133247,58,9,0,9,0
2020-03-08,Del Norte,015,27424,0,0,0,0,0
2020-03-08,El Dorado,017,186661,5,0,0,0,0
2020-03-08,Fresno,019,978130,5,1,1,2,0
2020-03-08,Glenn,021,27897,0,0,0,0,0
2020-03-08,Humboldt,023,135768,5,1,0,1,0
2020-03-08,Imperial,025,180216,5,0,0,0,0
2020-03-08,Inyo,027,18085,0,0,0,0,0
2020-03-08,Kern,029,883053,8,0,0,0,0
2020-03-08,Kings,031,150075,3,0,1,1,0
2020-03-08,Lake,033,64148,0,0,0,0,0
2020-03-08,Lassen,035,31185,0,0,0,0,0
2020-03-08,Los Angeles,037,10098052,368,14,6,20,0
2020-03-08,Madera,039,155013,7,1,0,1,0
2020-03-08,Marin,041,260295,13,1,0,1,0
2020-03-08,Mariposa,043,17540,0,0,0,0,0
2020-03-08,Mendocino,045,87422,0,0,0,0,0
2020-03-08,Merced,047,269075,2,0,0,0,0
2020-03-08,Modoc,049,8938,0,0,0,0,0
2020-03-08,Mono,051,14174,3,0,0,0,0
2020-03-08,Monterey,053,433212,3,0,0,0,0
2020-03-08,Napa,055,140530,2,0,0,0,0
2020-03-08,Nevada,057,99092,1,0,1,1,0
2020-03-08,Orange,059,3164182,128,4,0,4,0
2020-03-08,Placer,061,380077,11,7,0,7,1
2020-03-08,Plumas,063,18699,0,0,0,0,0
2020-03-08,Riverside,065,2383286,41,1,1,2,0
2020-03-08,Sacramento,067,1510023,65,5,0,5,0
2020-03-08,San Benito,069,59416,3,2,0,2,0
2020-03-08,San Bernardino,071,2135413,43,0,0,0,0
2020-03-08,San Diego,073,3302833,90,2,0,2,0
2020-03-08,San Francisco,075,870044,53,9,0,9,0
2020-03-08,San Joaquin,077,732212,18,0,3,3,0
2020-03-08,San Luis Obispo,079,281455,9,0,0,0,0
2020-03-08,San Mateo,081,765935,96,4,0,4,0
2020-03-08,Santa Barbara,083,443738,5,0,0,0,0
2020-03-08,Santa Clara,085,1922200,236,36,1,37,0
2020-03-08,Santa Cruz,087,273765,17,1,0,1,0
2020-03-08,Shasta,089,179085,2,0,0,0,0
2020-03-08,Sierra,091,2930,0,0,0,0,0
2020-03-08,Siskiyou,093,43540,0,0,0,0,0
2020-03-08,Solano,095,438530,24,26,0,26,0
2020-03-08,Sonoma,097,501317,17,2,0,2,0
2020-03-08,Stanislaus,099,539301,10,0,2,2,0
2020-03-08,Sutter,101,95872,0,0,0,0,0
2020-03-08,Tehama,103,63373,0,0,0,0,0
2020-03-08,Trinity,105,12862,0,0,0,0,0
2020-03-08,Tulare,107,460477,9,0,0,0,0
2020-03-08,Tuolumne,109,53932,1,0,0,0,0
2020-03-08,Ventura,111,848112,21,1,0,1,0
2020-03-08,Yolo,113,214977,2,2,0,2,0
2020-03-08,Yuba,115,75493,0,0,0,0,0
2020-03-07,Alameda,001,1643700,43,3,0,3,0
2020-03-07,Alpine,003,1148,0,0,0,0,0
2020-03-07,Amador,005,37829,0,0,0,0,0
2020-03-07,Butte,007,227075,0,0,0,0,0
2020-03-07,Calaveras,009,45235,2,0,0,0,0
2020-03-07,Colusa,011,21464,0,0,0,0,0
2020-03-07,Contra Costa,013,1133247,55,4,0,4,0
2020-03-07,Del Norte,015,27424,0,0,0,0,0
2020-03-07,El Dorado,017,186661,4,0,0,0,0
2020-03-07,Fresno,019,978130,4,1,1,2,0
2020-03-07,Glenn,021,27897,0,0,0,0,0
2020-03-07,Humboldt,023,135768,5,1,0,1,0
2020-03-07,Imperial,025,180216,4,0,0,0,0
2020-03-07,Inyo,027,18085,0,0,0,0,0
2020-03-07,Kern,029,883053,7,0,0,0,0
2020-03-07,Kings,031,150075,3,0,1,1,0
2020-03-07,Lake,033,64148,0,0,0,0,0
2020-03-07,Lassen,035,31185,0,0,0,0,0
2020-03-07,Los Angeles,037,10098052,317,14,6,20,0
2020-03-07,Madera,039,155013,6,1,0,1,0
2020-03-07,Marin,041,260295,11,0,0,0,0
2020-03-07,Mariposa,043,17540,0,0,0,0,0
2020-03-07,Mendocino,045,87422,0,0,0,0,0
2020-03-07,Merced,047,269075,2,0,0,0,0
2020-03-07,Modoc,049,8938,0,0,0,0,0
2020-03-07,Mono,051,14174,3,0,0,0,0
2020-03-07,Monterey,053,433212,3,0,0,0,0
2020-03-07,Napa,055,140530,1,0,0,0,0
2020-03-07,Nevada,057,99092,1,0,1,1,0
2020-03-07,Orange,059,3164182,120,4,0,4,0
2020-03-07,Placer,061,380077,11,6,0,6,1
2020-03-07,Plumas,063,18699,0,0,0,0,0
2020-03-07,Riverside,065,2383286,31,0,1,1,0
2020-03-07,Sacramento,067,1510023,52,4,0,4,0
2020-03-07,San Benito,069,59416,3,2,0,2,0
2020-03-07,San Bernardino,071,2135413,41,0,0,0,0
2020-03-07,San Diego,073,3302833,72,2,0,2,0
2020-03-07,San Francisco,075,870044,47,9,0,9,0
2020-03-07,San Joaquin,077,732212,16,0,3,3,0
2020-03-07,San Luis Obispo,079,281455,6,0,0,0,0
2020-03-07,San Mateo,081,765935,86,1,0,1,0
2020-03-07,Santa Barbara,083,443738,5,0,0,0,0
2020-03-07,Santa Clara,085,1922200,206,31,1,32,0
2020-03-07,Santa Cruz,087,273765,17,1,0,1,0
2020-03-07,Shasta,089,179085,2,0,0,0,0
2020-03-07,Sierra,091,2930,0,0,0,0,0
2020-03-07,Siskiyou,093,43540,0,0,0,0,0
2020-03-07,Solano,095,438530,23,25,0,25,0
2020-03-07,Sonoma,097,501317,13,2,0,2,0
2020-03-07,Stanislaus,099,539301,9,0,2,2,0
2020-03-07,Sutter,101,95872,0,0,0,0,0
2020-03-07,Tehama,103,63373,0,0,0,0,0
2020-03-07,Trinity,105,12862,0,0,0,0,0
2020-03-07,Tulare,107,460477,6,0,0,0,0
2020-03-07,Tuolumne,109,53932,1,0,0,0,0
2020-03-07,Ventura,111,848112,18,1,0,1,0
2020-03-07,Yolo,113,214977,2,2,0,2,0
2020-03-07,Yuba,115,75493,0,0,0,0,0
2020-03-06,Alameda,001,1643700,41,3,0,3,0
2020-03-06,Alpine,003,1148,0,0,0,0,0
2020-03-06,Amador,005,37829,0,0,0,0,0
2020-03-06,Butte,007,227075,0,0,0,0,0
2020-03-06,Calaveras,009,45235,2,0,0,0,0
2020-03-06,Colusa,011,21464,0,0,0,0,0
2020-03-06,Contra Costa,013,1133247,46,4,0,4,0
2020-03-06,Del Norte,015,27424,0,0,0,0,0
2020-03-06,El Dorado,017,186661,3,0,0,0,0
2020-03-06,Fresno,019,978130,3,0,1,1,0
2020-03-06,Glenn,021,27897,0,0,0,0,0
2020-03-06,Humboldt,023,135768,4,1,0,1,0
2020-03-06,Imperial,025,180216,3,0,0,0,0
2020-03-06,Inyo,027,18085,0,0,0,0,0
2020-03-06,Kern,029,883053,6,0,0,0,0
2020-03-06,Kings,031,150075,3,0,1,1,0
2020-03-06,Lake,033,64148,0,0,0,0,0
2020-03-06,Lassen,035,31185,0,0,0,0,0
2020-03-06,Los Angeles,037,10098052,274,13,6,19,0
2020-03-06,Madera,039,155013,5,0,0,0,0
2020-03-06,Marin,041,260295,10,0,0,0,0
2020-03-06,Mariposa,043,17540,0,0,0,0,0
2020-03-06,Mendocino,045,87422,0,0,0,0,0
2020-03-06,Merced,047,269075,2,0,0,0,0
2020-03-06,Modoc,049,8938,0,0,0,0,0
2020-03-06,Mono,051,14174,1,0,0,0,0
2020-03-06,Monterey,053,433212,3,0,0,0,0
2020-03-06,Napa,055,140530,1,0,0,0,0
2020-03-06,Nevada,057,99092,1,0,1,1,0
2020-03-06,Orange,059,3164182,94,4,0,4,0
2020-03-06,Placer,061,380077,10,5,0,5,1
2020-03-06,Plumas,063,18699,0,0,0,0,0
2020-03-06,Riverside,065,2383286,30,0,1,1,0
2020-03-06,Sacramento,067,1510023,43,2,0,2,0
2020-03-06,San Benito,069,59416,3,2,0,2,0
2020-03-06,San Bernardino,071,2135413,39,0,0,0,0
2020-03-06,San Diego,073,3302833,59,2,0,2,0
2020-03-06,San Francisco,075,870044,41,2,0,2,0
2020-03-06,San Joaquin,077,732212,13,0,3,3,0
2020-03-06,San Luis Obispo,079,281455,4,0,0,0,0
2020-03-06,San Mateo,081,765935,78,1,0,1,0
2020-03-06,Santa Barbara,083,443738,3,0,0,0,0
2020-03-06,Santa Clara,085,1922200,188,20,1,21,0
2020-03-06,Santa Cruz,087,273765,15,0,0,0,0
2020-03-06,Shasta,089,179085,2,0,0,0,0
2020-03-06,Sierra,091,2930,0,0,0,0,0
2020-03-06,Siskiyou,093,43540,0,0,0,0,0
2020-03-06,Solano,095,438530,22,25,0,25,0
2020-03-06,Sonoma,097,501317,13,2,0,2,0
2020-03-06,Stanislaus,099,539301,5,0,2,2,0
2020-03-06,Sutter,101,95872,0,0,0,0,0
2020-03-06,Tehama,103,63373,0,0,0,0,0
2020-03-06,Trinity,105,12862,0,0,0,0,0
2020-03-06,Tulare,107,460477,6,0,0,0,0
2020-03-06,Tuolumne,109,53932,1,0,0,0,0
2020-03-06,Ventura,111,848112,15,1,0,1,0
2020-03-06,Yolo,113,214977,2,1,0,1,0
2020-03-06,Yuba,115,75493,0,0,0,0,0
2020-03-05,Alameda,001,1643700,35,2,0,2,0
2020-03-05,Alpine,003,1148,0,0,0,0,0
2020-03-05,Amador,005,37829,0,0,0,0,0
2020-03-05,Butte,007,227075,0,0,0,0,0
2020-03-05,Calaveras,009,45235,2,0,0,0,0
2020-03-05,Colusa,011,21464,0,0,0,0,0
2020-03-05,Contra Costa,013,1133247,39,1,0,1,0
2020-03-05,Del Norte,015,27424,0,0,0,0,0
2020-03-05,El Dorado,017,186661,1,0,0,0,0
2020-03-05,Fresno,019,978130,3,0,1,1,0
2020-03-05,Glenn,021,27897,0,0,0,0,0
2020-03-05,Humboldt,023,135768,4,1,0,1,0
2020-03-05,Imperial,025,180216,2,0,0,0,0
2020-03-05,Inyo,027,18085,0,0,0,0,0
2020-03-05,Kern,029,883053,6,0,0,0,0
2020-03-05,Kings,031,150075,3,0,1,1,0
2020-03-05,Lake,033,64148,0,0,0,0,0
2020-03-05,Lassen,035,31185,0,0,0,0,0
2020-03-05,Los Angeles,037,10098052,227,11,6,17,0
2020-03-05,Madera,039,155013,5,0,0,0,0
2020-03-05,Marin,041,260295,10,0,0,0,0
2020-03-05,Mariposa,043,17540,0,0,0,0,0
2020-03-05,Mendocino,045,87422,0,0,0,0,0
2020-03-05,Merced,047,269075,2,0,0,0,0
2020-03-05,Modoc,049,8938,0,0,0,0,0
2020-03-05,Mono,051,14174,1,0,0,0,0
2020-03-05,Monterey,053,433212,3,0,0,0,0
2020-03-05,Napa,055,140530,1,0,0,0,0
2020-03-05,Nevada,057,99092,0,0,1,1,0
2020-03-05,Orange,059,3164182,79,3,0,3,0
2020-03-05,Placer,061,380077,10,2,0,2,1
2020-03-05,Plumas,063,18699,0,0,0,0,0
2020-03-05,Riverside,065,2383286,27,0,1,1,0
2020-03-05,Sacramento,067,1510023,37,2,0,2,0
2020-03-05,San Benito,069,59416,1,2,0,2,0
2020-03-05,San Bernardino,071,2135413,34,0,0,0,0
2020-03-05,San Diego,073,3302833,52,2,0,2,0
2020-03-05,San Francisco,075,870044,31,2,0,2,0
2020-03-05,San Joaquin,077,732212,10,0,3,3,0
2020-03-05,San Luis Obispo,079,281455,4,0,0,0,0
2020-03-05,San Mateo,081,765935,65,1,0,1,0
2020-03-05,Santa Barbara,083,443738,2,0,0,0,0
2020-03-05,Santa Clara,085,1922200,164,14,1,15,0
2020-03-05,Santa Cruz,087,273765,13,0,0,0,0
2020-03-05,Shasta,089,179085,2,0,0,0,0
2020-03-05,Sierra,091,2930,0,0,0,0,0
2020-03-05,Siskiyou,093,43540,0,0,0,0,0
2020-03-05,Solano,095,438530,22,24,0,24,0
2020-03-05,Sonoma,097,501317,12,2,0,2,0
2020-03-05,Stanislaus,099,539301,4,0,2,2,0
2020-03-05,Sutter,101,95872,0,0,0,0,0
2020-03-05,Tehama,103,63373,0,0,0,0,0
2020-03-05,Trinity,105,12862,0,0,0,0,0
2020-03-05,Tulare,107,460477,6,0,0,0,0
2020-03-05,Tuolumne,109,53932,1,0,0,0,0
2020-03-05,Ventura,111,848112,13,0,0,0,0
2020-03-05,Yolo,113,214977,2,0,0,0,0
2020-03-05,Yuba,115,75493,0,0,0,0,0
2020-03-04,Alameda,001,1643700,31,2,0,2,0
2020-03-04,Alpine,003,1148,0,0,0,0,0
2020-03-04,Amador,005,37829,0,0,0,0,0
2020-03-04,Butte,007,227075,0,0,0,0,0
2020-03-04,Calaveras,009,45235,0,0,0,0,0
2020-03-04,Colusa,011,21464,0,0,0,0,0
2020-03-04,Contra Costa,013,1133247,34,1,0,1,0
2020-03-04,Del Norte,015,27424,0,0,0,0,0
2020-03-04,El Dorado,017,186661,1,0,0,0,0
2020-03-04,Fresno,019,978130,3,0,1,1,0
2020-03-04,Glenn,021,27897,0,0,0,0,0
2020-03-04,Humboldt,023,135768,1,1,0,1,0
2020-03-04,Imperial,025,180216,2,0,0,0,0
2020-03-04,Inyo,027,18085,0,0,0,0,0
2020-03-04,Kern,029,883053,6,0,0,0,0
2020-03-04,Kings,031,150075,3,0,1,1,0
2020-03-04,Lake,033,64148,0,0,0,0,0
2020-03-04,Lassen,035,31185,0,0,0,0,0
2020-03-04,Los Angeles,037,10098052,191,7,6,13,0
2020-03-04,Madera,039,155013,5,0,0,0,0
2020-03-04,Marin,041,260295,10,0,0,0,0
2020-03-04,Mariposa,043,17540,0,0,0,0,0
2020-03-04,Mendocino,045,87422,0,0,0,0,0
2020-03-04,Merced,047,269075,2,0,0,0,0
2020-03-04,Modoc,049,8938,0,0,0,0,0
2020-03-04,Mono,051,14174,1,0,0,0,0
2020-03-04,Monterey,053,433212,3,0,0,0,0
2020-03-04,Napa,055,140530,1,0,0,0,0
2020-03-04,Nevada,057,99092,0,0,1,1,0
2020-03-04,Orange,059,3164182,76,3,0,3,0
2020-03-04,Placer,061,380077,9,2,0,2,1
2020-03-04,Plumas,063,18699,0,0,0,0,0
2020-03-04,Riverside,065,2383286,23,0,1,1,0
2020-03-04,Sacramento,067,1510023,32,1,0,1,0
2020-03-04,San Benito,069,59416,1,2,0,2,0
2020-03-04,San Bernardino,071,2135413,31,0,0,0,0
2020-03-04,San Diego,073,3302833,39,2,0,2,0
2020-03-04,San Francisco,075,870044,26,0,0,0,0
2020-03-04,San Joaquin,077,732212,9,0,3,3,0
2020-03-04,San Luis Obispo,079,281455,4,0,0,0,0
2020-03-04,San Mateo,081,765935,60,1,0,1,0
2020-03-04,Santa Barbara,083,443738,2,0,0,0,0
2020-03-04,Santa Clara,085,1922200,147,12,1,13,0
2020-03-04,Santa Cruz,087,273765,13,0,0,0,0
2020-03-04,Shasta,089,179085,2,0,0,0,0
2020-03-04,Sierra,091,2930,0,0,0,0,0
2020-03-04,Siskiyou,093,43540,0,0,0,0,0
2020-03-04,Solano,095,438530,21,24,0,24,0
2020-03-04,Sonoma,097,501317,11,2,0,2,0
2020-03-04,Stanislaus,099,539301,4,0,2,2,0
2020-03-04,Sutter,101,95872,0,0,0,0,0
2020-03-04,Tehama,103,63373,0,0,0,0,0
2020-03-04,Trinity,105,12862,0,0,0,0,0
2020-03-04,Tulare,107,460477,6,0,0,0,0
2020-03-04,Tuolumne,109,53932,0,0,0,0,0
2020-03-04,Ventura,111,848112,12,0,0,0,0
2020-03-04,Yolo,113,214977,2,0,0,0,0
2020-03-04,Yuba,115,75493,0,0,0,0,0
2020-03-03,Alameda,001,1643700,25,2,0,2,0
2020-03-03,Alpine,003,1148,0,0,0,0,0
2020-03-03,Amador,005,37829,0,0,0,0,0
2020-03-03,Butte,007,227075,0,0,0,0,0
2020-03-03,Calaveras,009,45235,0,0,0,0,0
2020-03-03,Colusa,011,21464,0,0,0,0,0
2020-03-03,Contra Costa,013,1133247,30,0,0,0,0
2020-03-03,Del Norte,015,27424,0,0,0,0,0
2020-03-03,El Dorado,017,186661,1,0,0,0,0
2020-03-03,Fresno,019,978130,2,0,1,1,0
2020-03-03,Glenn,021,27897,0,0,0,0,0
2020-03-03,Humboldt,023,135768,1,1,0,1,0
2020-03-03,Imperial,025,180216,2,0,0,0,0
2020-03-03,Inyo,027,18085,0,0,0,0,0
2020-03-03,Kern,029,883053,4,0,0,0,0
2020-03-03,Kings,031,150075,3,0,1,1,0
2020-03-03,Lake,033,64148,0,0,0,0,0
2020-03-03,Lassen,035,31185,0,0,0,0,0
2020-03-03,Los Angeles,037,10098052,172,5,6,11,0
2020-03-03,Madera,039,155013,4,0,0,0,0
2020-03-03,Marin,041,260295,6,0,0,0,0
2020-03-03,Mariposa,043,17540,0,0,0,0,0
2020-03-03,Mendocino,045,87422,0,0,0,0,0
2020-03-03,Merced,047,269075,2,0,0,0,0
2020-03-03,Modoc,049,8938,0,0,0,0,0
2020-03-03,Mono,051,14174,1,0,0,0,0
2020-03-03,Monterey,053,433212,2,0,0,0,0
2020-03-03,Napa,055,140530,1,0,0,0,0
2020-03-03,Nevada,057,99092,0,0,1,1,0
2020-03-03,Orange,059,3164182,68,1,0,1,0
2020-03-03,Placer,061,380077,8,2,0,2,0
2020-03-03,Plumas,063,18699,0,0,0,0,0
2020-03-03,Riverside,065,2383286,20,0,1,1,0
2020-03-03,Sacramento,067,1510023,31,1,0,1,0
2020-03-03,San Benito,069,59416,1,2,0,2,0
2020-03-03,San Bernardino,071,2135413,28,0,0,0,0
2020-03-03,San Diego,073,3302833,32,2,0,2,0
2020-03-03,San Francisco,075,870044,24,0,0,0,0
2020-03-03,San Joaquin,077,732212,8,0,3,3,0
2020-03-03,San Luis Obispo,079,281455,2,0,0,0,0
2020-03-03,San Mateo,081,765935,53,1,0,1,0
2020-03-03,Santa Barbara,083,443738,1,0,0,0,0
2020-03-03,Santa Clara,085,1922200,132,11,1,12,0
2020-03-03,Santa Cruz,087,273765,10,0,0,0,0
2020-03-03,Shasta,089,179085,2,0,0,0,0
2020-03-03,Sierra,091,2930,0,0,0,0,0
2020-03-03,Siskiyou,093,43540,0,0,0,0,0
2020-03-03,Solano,095,438530,20,24,0,24,0
2020-03-03,Sonoma,097,501317,11,1,0,1,0
2020-03-03,Stanislaus,099,539301,4,0,2,2,0
2020-03-03,Sutter,101,95872,0,0,0,0,0
2020-03-03,Tehama,103,63373,0,0,0,0,0
2020-03-03,Trinity,105,12862,0,0,0,0,0
2020-03-03,Tulare,107,460477,6,0,0,0,0
2020-03-03,Tuolumne,109,53932,0,0,0,0,0
2020-03-03,Ventura,111,848112,11,0,0,0,0
2020-03-03,Yolo,113,214977,1,0,0,0,0
2020-03-03,Yuba,115,75493,0,0,0,0,0
2020-03-02,Alameda,001,1643700,22,1,0,1,0
2020-03-02,Alpine,003,1148,0,0,0,0,0
2020-03-02,Amador,005,37829,0,0,0,0,0
2020-03-02,Butte,007,227075,0,0,0,0,0
2020-03-02,Calaveras,009,45235,0,0,0,0,0
2020-03-02,Colusa,011,21464,0,0,0,0,0
2020-03-02,Contra Costa,013,1133247,27,0,0,0,0
2020-03-02,Del Norte,015,27424,0,0,0,0,0
2020-03-02,El Dorado,017,186661,1,0,0,0,0
2020-03-02,Fresno,019,978130,2,0,1,1,0
2020-03-02,Glenn,021,27897,0,0,0,0,0
2020-03-02,Humboldt,023,135768,1,1,0,1,0
2020-03-02,Imperial,025,180216,2,0,0,0,0
2020-03-02,Inyo,027,18085,0,0,0,0,0
2020-03-02,Kern,029,883053,4,0,0,0,0
2020-03-02,Kings,031,150075,3,0,1,1,0
2020-03-02,Lake,033,64148,0,0,0,0,0
2020-03-02,Lassen,035,31185,0,0,0,0,0
2020-03-02,Los Angeles,037,10098052,157,1,6,7,0
2020-03-02,Madera,039,155013,4,0,0,0,0
2020-03-02,Marin,041,260295,6,0,0,0,0
2020-03-02,Mariposa,043,17540,0,0,0,0,0
2020-03-02,Mendocino,045,87422,0,0,0,0,0
2020-03-02,Merced,047,269075,1,0,0,0,0
2020-03-02,Modoc,049,8938,0,0,0,0,0
2020-03-02,Mono,051,14174,1,0,0,0,0
2020-03-02,Monterey,053,433212,2,0,0,0,0
2020-03-02,Napa,055,140530,1,0,0,0,0
2020-03-02,Nevada,057,99092,0,0,1,1,0
2020-03-02,Orange,059,3164182,63,1,0,1,0
2020-03-02,Placer,061,380077,8,1,0,1,0
2020-03-02,Plumas,063,18699,0,0,0,0,0
2020-03-02,Riverside,065,2383286,19,0,1,1,0
2020-03-02,Sacramento,067,1510023,25,1,0,1,0
2020-03-02,San Benito,069,59416,1,2,0,2,0
2020-03-02,San Bernardino,071,2135413,28,0,0,0,0
2020-03-02,San Diego,073,3302833,26,2,0,2,0
2020-03-02,San Francisco,075,870044,17,0,0,0,0
2020-03-02,San Joaquin,077,732212,7,0,3,3,0
2020-03-02,San Luis Obispo,079,281455,2,0,0,0,0
2020-03-02,San Mateo,081,765935,44,1,0,1,0
2020-03-02,Santa Barbara,083,443738,1,0,0,0,0
2020-03-02,Santa Clara,085,1922200,110,7,1,8,0
2020-03-02,Santa Cruz,087,273765,9,0,0,0,0
2020-03-02,Shasta,089,179085,2,0,0,0,0
2020-03-02,Sierra,091,2930,0,0,0,0,0
2020-03-02,Siskiyou,093,43540,0,0,0,0,0
2020-03-02,Solano,095,438530,19,24,0,24,0
2020-03-02,Sonoma,097,501317,10,1,0,1,0
2020-03-02,Stanislaus,099,539301,2,0,2,2,0
2020-03-02,Sutter,101,95872,0,0,0,0,0
2020-03-02,Tehama,103,63373,0,0,0,0,0
2020-03-02,Trinity,105,12862,0,0,0,0,0
2020-03-02,Tulare,107,460477,6,0,0,0,0
2020-03-02,Tuolumne,109,53932,0,0,0,0,0
2020-03-02,Ventura,111,848112,10,0,0,0,0
2020-03-02,Yolo,113,214977,1,0,0,0,0
2020-03-02,Yuba,115,75493,0,0,0,0,0
2020-03-01,Alameda,001,1643700,21,1,0,1,0
2020-03-01,Alpine,003,1148,0,0,0,0,0
2020-03-01,Amador,005,37829,0,0,0,0,0
2020-03-01,Butte,007,227075,0,0,0,0,0
2020-03-01,Calaveras,009,45235,0,0,0,0,0
2020-03-01,Colusa,011,21464,0,0,0,0,0
2020-03-01,Contra Costa,013,1133247,24,0,0,0,0
2020-03-01,Del Norte,015,27424,0,0,0,0,0
2020-03-01,El Dorado,017,186661,1,0,0,0,0
2020-03-01,Fresno,019,978130,1,0,1,1,0
2020-03-01,Glenn,021,27897,0,0,0,0,0
2020-03-01,Humboldt,023,135768,1,1,0,1,0
2020-03-01,Imperial,025,180216,2,0,0,0,0
2020-03-01,Inyo,027,18085,0,0,0,0,0
2020-03-01,Kern,029,883053,2,0,0,0,0
2020-03-01,Kings,031,150075,3,0,1,1,0
2020-03-01,Lake,033,64148,0,0,0,0,0
2020-03-01,Lassen,035,31185,0,0,0,0,0
2020-03-01,Los Angeles,037,10098052,138,1,6,7,0
2020-03-01,Madera,039,155013,2,0,0,0,0
2020-03-01,Marin,041,260295,5,0,0,0,0
2020-03-01,Mariposa,043,17540,0,0,0,0,0
2020-03-01,Mendocino,045,87422,0,0,0,0,0
2020-03-01,Merced,047,269075,1,0,0,0,0
2020-03-01,Modoc,049,8938,0,0,0,0,0
2020-03-01,Mono,051,14174,1,0,0,0,0
2020-03-01,Monterey,053,433212,1,0,0,0,0
2020-03-01,Napa,055,140530,1,0,0,0,0
2020-03-01,Nevada,057,99092,0,0,1,1,0
2020-03-01,Orange,059,3164182,60,1,0,1,0
2020-03-01,Placer,061,380077,8,0,0,0,0
2020-03-01,Plumas,063,18699,0,0,0,0,0
2020-03-01,Riverside,065,2383286,18,0,1,1,0
2020-03-01,Sacramento,067,1510023,21,1,0,1,0
2020-03-01,San Benito,069,59416,0,2,0,2,0
2020-03-01,San Bernardino,071,2135413,27,0,0,0,0
2020-03-01,San Diego,073,3302833,19,2,0,2,0
2020-03-01,San Francisco,075,870044,13,0,0,0,0
2020-03-01,San Joaquin,077,732212,7,0,3,3,0
2020-03-01,San Luis Obispo,079,281455,2,0,0,0,0
2020-03-01,San Mateo,081,765935,36,0,0,0,0
2020-03-01,Santa Barbara,083,443738,1,0,0,0,0
2020-03-01,Santa Clara,085,1922200,97,6,1,7,0
2020-03-01,Santa Cruz,087,273765,8,0,0,0,0
2020-03-01,Shasta,089,179085,2,0,0,0,0
2020-03-01,Sierra,091,2930,0,0,0,0,0
2020-03-01,Siskiyou,093,43540,0,0,0,0,0
2020-03-01,Solano,095,438530,19,24,0,24,0
2020-03-01,Sonoma,097,501317,9,0,0,0,0
2020-03-01,Stanislaus,099,539301,2,0,2,2,0
2020-03-01,Sutter,101,95872,0,0,0,0,0
2020-03-01,Tehama,103,63373,0,0,0,0,0
2020-03-01,Trinity,105,12862,0,0,0,0,0
2020-03-01,Tulare,107,460477,6,0,0,0,0
2020-03-01,Tuolumne,109,53932,0,0,0,0,0
2020-03-01,Ventura,111,848112,8,0,0,0,0
2020-03-01,Yolo,113,214977,1,0,0,0,0
2020-03-01,Yuba,115,75493,0,0,0,0,0
2020-02-29,Alameda,001,1643700,17,0,0,0,0
2020-02-29,Alpine,003,1148,0,0,0,0,0
2020-02-29,Amador,005,37829,0,0,0,0,0
2020-02-29,Butte,007,227075,0,0,0,0,0
2020-02-29,Calaveras,009,45235,0,0,0,0,0
2020-02-29,Colusa,011,21464,0,0,0,0,0
2020-02-29,Contra Costa,013,1133247,20,0,0,0,0
2020-02-29,Del Norte,015,27424,0,0,0,0,0
2020-02-29,El Dorado,017,186661,1,0,0,0,0
2020-02-29,Fresno,019,978130,1,0,0,0,0
2020-02-29,Glenn,021,27897,0,0,0,0,0
2020-02-29,Humboldt,023,135768,1,1,0,1,0
2020-02-29,Imperial,025,180216,1,0,0,0,0
2020-02-29,Inyo,027,18085,0,0,0,0,0
2020-02-29,Kern,029,883053,2,0,0,0,0
2020-02-29,Kings,031,150075,3,0,1,1,0
2020-02-29,Lake,033,64148,0,0,0,0,0
2020-02-29,Lassen,035,31185,0,0,0,0,0
2020-02-29,Los Angeles,037,10098052,110,1,6,7,0
2020-02-29,Madera,039,155013,2,0,0,0,0
2020-02-29,Marin,041,260295,4,0,0,0,0
2020-02-29,Mariposa,043,17540,0,0,0,0,0
2020-02-29,Mendocino,045,87422,0,0,0,0,0
2020-02-29,Merced,047,269075,1,0,0,0,0
2020-02-29,Modoc,049,8938,0,0,0,0,0
2020-02-29,Mono,051,14174,1,0,0,0,0
2020-02-29,Monterey,053,433212,1,0,0,0,0
2020-02-29,Napa,055,140530,1,0,0,0,0
2020-02-29,Nevada,057,99092,0,0,1,1,0
2020-02-29,Orange,059,3164182,55,1,0,1,0
2020-02-29,Placer,061,380077,7,0,0,0,0
2020-02-29,Plumas,063,18699,0,0,0,0,0
2020-02-29,Riverside,065,2383286,15,0,1,1,0
2020-02-29,Sacramento,067,1510023,16,1,0,1,0
2020-02-29,San Benito,069,59416,0,2,0,2,0
2020-02-29,San Bernardino,071,2135413,25,0,0,0,0
2020-02-29,San Diego,073,3302833,14,2,0,2,0
2020-02-29,San Francisco,075,870044,12,0,0,0,0
2020-02-29,San Joaquin,077,732212,6,0,3,3,0
2020-02-29,San Luis Obispo,079,281455,2,0,0,0,0
2020-02-29,San Mateo,081,765935,29,0,0,0,0
2020-02-29,Santa Barbara,083,443738,0,0,0,0,0
2020-02-29,Santa Clara,085,1922200,75,3,1,4,0
2020-02-29,Santa Cruz,087,273765,8,0,0,0,0
2020-02-29,Shasta,089,179085,2,0,0,0,0
2020-02-29,Sierra,091,2930,0,0,0,0,0
2020-02-29,Siskiyou,093,43540,0,0,0,0,0
2020-02-29,Solano,095,438530,18,23,0,23,0
2020-02-29,Sonoma,097,501317,6,0,0,0,0
2020-02-29,Stanislaus,099,539301,2,0,2,2,0
2020-02-29,Sutter,101,95872,0,0,0,0,0
2020-02-29,Tehama,103,63373,0,0,0,0,0
2020-02-29,Trinity,105,12862,0,0,0,0,0
2020-02-29,Tulare,107,460477,4,0,0,0,0
2020-02-29,Tuolumne,109,53932,0,0,0,0,0
2020-02-29,Ventura,111,848112,6,0,0,0,0
2020-02-29,Yolo,113,214977,1,0,0,0,0
2020-02-29,Yuba,115,75493,0,0,0,0,0
2020-02-28,Alameda,001,1643700,15,0,0,0,0
2020-02-28,Alpine,003,1148,0,0,0,0,0
2020-02-28,Amador,005,37829,0,0,0,0,0
2020-02-28,Butte,007,227075,0,0,0,0,0
2020-02-28,Calaveras,009,45235,0,0,0,0,0
2020-02-28,Colusa,011,21464,0,0,0,0,0
2020-02-28,Contra Costa,013,1133247,20,0,0,0,0
2020-02-28,Del Norte,015,27424,0,0,0,0,0
2020-02-28,El Dorado,017,186661,0,0,0,0,0
2020-02-28,Fresno,019,978130,1,0,0,0,0
2020-02-28,Glenn,021,27897,0,0,0,0,0
2020-02-28,Humboldt,023,135768,1,1,0,1,0
2020-02-28,Imperial,025,180216,1,0,0,0,0
2020-02-28,Inyo,027,18085,0,0,0,0,0
2020-02-28,Kern,029,883053,2,0,0,0,0
2020-02-28,Kings,031,150075,3,0,1,1,0
2020-02-28,Lake,033,64148,0,0,0,0,0
2020-02-28,Lassen,035,31185,0,0,0,0,0
2020-02-28,Los Angeles,037,10098052,102,1,6,7,0
2020-02-28,Madera,039,155013,2,0,0,0,0
2020-02-28,Marin,041,260295,2,0,0,0,0
2020-02-28,Mariposa,043,17540,0,0,0,0,0
2020-02-28,Mendocino,045,87422,0,0,0,0,0
2020-02-28,Merced,047,269075,1,0,0,0,0
2020-02-28,Modoc,049,8938,0,0,0,0,0
2020-02-28,Mono,051,14174,0,0,0,0,0
2020-02-28,Monterey,053,433212,1,0,0,0,0
2020-02-28,Napa,055,140530,1,0,0,0,0
2020-02-28,Nevada,057,99092,0,0,1,1,0
2020-02-28,Orange,059,3164182,53,1,0,1,0
2020-02-28,Placer,061,380077,7,0,0,0,0
2020-02-28,Plumas,063,18699,0,0,0,0,0
2020-02-28,Riverside,065,2383286,13,0,1,1,0
2020-02-28,Sacramento,067,1510023,10,1,0,1,0
2020-02-28,San Benito,069,59416,0,2,0,2,0
2020-02-28,San Bernardino,071,2135413,25,0,0,0,0
2020-02-28,San Diego,073,3302833,11,2,0,2,0
2020-02-28,San Francisco,075,870044,10,0,0,0,0
2020-02-28,San Joaquin,077,732212,6,0,3,3,0
2020-02-28,San Luis Obispo,079,281455,2,0,0,0,0
2020-02-28,San Mateo,081,765935,24,0,0,0,0
2020-02-28,Santa Barbara,083,443738,0,0,0,0,0
2020-02-28,Santa Clara,085,1922200,70,3,1,4,0
2020-02-28,Santa Cruz,087,273765,8,0,0,0,0
2020-02-28,Shasta,089,179085,2,0,0,0,0
2020-02-28,Sierra,091,2930,0,0,0,0,0
2020-02-28,Siskiyou,093,43540,0,0,0,0,0
2020-02-28,Solano,095,438530,17,23,0,23,0
2020-02-28,Sonoma,097,501317,6,0,0,0,0
2020-02-28,Stanislaus,099,539301,2,0,2,2,0
2020-02-28,Sutter,101,95872,0,0,0,0,0
2020-02-28,Tehama,103,63373,0,0,0,0,0
2020-02-28,Trinity,105,12862,0,0,0,0,0
2020-02-28,Tulare,107,460477,3,0,0,0,0
2020-02-28,Tuolumne,109,53932,0,0,0,0,0
2020-02-28,Ventura,111,848112,6,0,0,0,0
2020-02-28,Yolo,113,214977,1,0,0,0,0
2020-02-28,Yuba,115,75493,0,0,0,0,0
2020-02-27,Alameda,001,1643700,14,0,0,0,0
2020-02-27,Alpine,003,1148,0,0,0,0,0
2020-02-27,Amador,005,37829,0,0,0,0,0
2020-02-27,Butte,007,227075,0,0,0,0,0
2020-02-27,Calaveras,009,45235,0,0,0,0,0
2020-02-27,Colusa,011,21464,0,0,0,0,0
2020-02-27,Contra Costa,013,1133247,14,0,0,0,0
2020-02-27,Del Norte,015,27424,0,0,0,0,0
2020-02-27,El Dorado,017,186661,0,0,0,0,0
2020-02-27,Fresno,019,978130,1,0,0,0,0
2020-02-27,Glenn,021,27897,0,0,0,0,0
2020-02-27,Humboldt,023,135768,1,1,0,1,0
2020-02-27,Imperial,025,180216,1,0,0,0,0
2020-02-27,Inyo,027,18085,0,0,0,0,0
2020-02-27,Kern,029,883053,2,0,0,0,0
2020-02-27,Kings,031,150075,3,0,1,1,0
2020-02-27,Lake,033,64148,0,0,0,0,0
2020-02-27,Lassen,035,31185,0,0,0,0,0
2020-02-27,Los Angeles,037,10098052,94,1,6,7,0
2020-02-27,Madera,039,155013,2,0,0,0,0
2020-02-27,Marin,041,260295,1,0,0,0,0
2020-02-27,Mariposa,043,17540,0,0,0,0,0
2020-02-27,Mendocino,045,87422,0,0,0,0,0
2020-02-27,Merced,047,269075,1,0,0,0,0
2020-02-27,Modoc,049,8938,0,0,0,0,0
2020-02-27,Mono,051,14174,0,0,0,0,0
2020-02-27,Monterey,053,433212,1,0,0,0,0
2020-02-27,Napa,055,140530,1,0,0,0,0
2020-02-27,Nevada,057,99092,0,0,1,1,0
2020-02-27,Orange,059,3164182,47,1,0,1,0
2020-02-27,Placer,061,380077,6,0,0,0,0
2020-02-27,Plumas,063,18699,0,0,0,0,0
2020-02-27,Riverside,065,2383286,12,0,1,1,0
2020-02-27,Sacramento,067,1510023,10,1,0,1,0
2020-02-27,San Benito,069,59416,0,2,0,2,0
2020-02-27,San Bernardino,071,2135413,25,0,0,0,0
2020-02-27,San Diego,073,3302833,10,2,0,2,0
2020-02-27,San Francisco,075,870044,9,0,0,0,0
2020-02-27,San Joaquin,077,732212,5,0,3,3,0
2020-02-27,San Luis Obispo,079,281455,2,0,0,0,0
2020-02-27,San Mateo,081,765935,20,0,0,0,0
2020-02-27,Santa Barbara,083,443738,0,0,0,0,0
2020-02-27,Santa Clara,085,1922200,59,2,1,3,0
2020-02-27,Santa Cruz,087,273765,6,0,0,0,0
2020-02-27,Shasta,089,179085,0,0,0,0,0
2020-02-27,Sierra,091,2930,0,0,0,0,0
2020-02-27,Siskiyou,093,43540,0,0,0,0,0
2020-02-27,Solano,095,438530,17,23,0,23,0
2020-02-27,Sonoma,097,501317,5,0,0,0,0
2020-02-27,Stanislaus,099,539301,2,0,2,2,0
2020-02-27,Sutter,101,95872,0,0,0,0,0
2020-02-27,Tehama,103,63373,0,0,0,0,0
2020-02-27,Trinity,105,12862,0,0,0,0,0
2020-02-27,Tulare,107,460477,3,0,0,0,0
2020-02-27,Tuolumne,109,53932,0,0,0,0,0
2020-02-27,Ventura,111,848112,4,0,0,0,0
2020-02-27,Yolo,113,214977,1,0,0,0,0
2020-02-27,Yuba,115,75493,0,0,0,0,0
2020-02-26,Alameda,001,1643700,14,0,0,0,0
2020-02-26,Alpine,003,1148,0,0,0,0,0
2020-02-26,Amador,005,37829,0,0,0,0,0
2020-02-26,Butte,007,227075,0,0,0,0,0
2020-02-26,Calaveras,009,45235,0,0,0,0,0
2020-02-26,Colusa,011,21464,0,0,0,0,0
2020-02-26,Contra Costa,013,1133247,13,0,0,0,0
2020-02-26,Del Norte,015,27424,0,0,0,0,0
2020-02-26,El Dorado,017,186661,0,0,0,0,0
2020-02-26,Fresno,019,978130,1,0,0,0,0
2020-02-26,Glenn,021,27897,0,0,0,0,0
2020-02-26,Humboldt,023,135768,1,1,0,1,0
2020-02-26,Imperial,025,180216,1,0,0,0,0
2020-02-26,Inyo,027,18085,0,0,0,0,0
2020-02-26,Kern,029,883053,2,0,0,0,0
2020-02-26,Kings,031,150075,3,0,1,1,0
2020-02-26,Lake,033,64148,0,0,0,0,0
2020-02-26,Lassen,035,31185,0,0,0,0,0
2020-02-26,Los Angeles,037,10098052,88,1,6,7,0
2020-02-26,Madera,039,155013,2,0,0,0,0
2020-02-26,Marin,041,260295,1,0,0,0,0
2020-02-26,Mariposa,043,17540,0,0,0,0,0
2020-02-26,Mendocino,045,87422,0,0,0,0,0
2020-02-26,Merced,047,269075,1,0,0,0,0
2020-02-26,Modoc,049,8938,0,0,0,0,0
2020-02-26,Mono,051,14174,0,0,0,0,0
2020-02-26,Monterey,053,433212,1,0,0,0,0
2020-02-26,Napa,055,140530,0,0,0,0,0
2020-02-26,Nevada,057,99092,0,0,1,1,0
2020-02-26,Orange,059,3164182,46,1,0,1,0
2020-02-26,Placer,061,380077,5,0,0,0,0
2020-02-26,Plumas,063,18699,0,0,0,0,0
2020-02-26,Riverside,065,2383286,10,0,1,1,0
2020-02-26,Sacramento,067,1510023,10,1,0,1,0
2020-02-26,San Benito,069,59416,0,2,0,2,0
2020-02-26,San Bernardino,071,2135413,23,0,0,0,0
2020-02-26,San Diego,073,3302833,9,2,0,2,0
2020-02-26,San Francisco,075,870044,9,0,0,0,0
2020-02-26,San Joaquin,077,732212,5,0,3,3,0
2020-02-26,San Luis Obispo,079,281455,2,0,0,0,0
2020-02-26,San Mateo,081,765935,18,0,0,0,0
2020-02-26,Santa Barbara,083,443738,0,0,0,0,0
2020-02-26,Santa Clara,085,1922200,50,2,1,3,0
2020-02-26,Santa Cruz,087,273765,6,0,0,0,0
2020-02-26,Shasta,089,179085,0,0,0,0,0
2020-02-26,Sierra,091,2930,0,0,0,0,0
2020-02-26,Siskiyou,093,43540,0,0,0,0,0
2020-02-26,Solano,095,438530,17,23,0,23,0
2020-02-26,Sonoma,097,501317,5,0,0,0,0
2020-02-26,Stanislaus,099,539301,2,0,2,2,0
2020-02-26,Sutter,101,95872,0,0,0,0,0
2020-02-26,Tehama,103,63373,0,0,0,0,0
2020-02-26,Trinity,105,12862,0,0,0,0,0
2020-02-26,Tulare,107,460477,3,0,0,0,0
2020-02-26,Tuolumne,109,53932,0,0,0,0,0
2020-02-26,Ventura,111,848112,4,0,0,0,0
2020-02-26,Yolo,113,214977,1,0,0,0,0
2020-02-26,Yuba,115,75493,0,0,0,0,0
2020-02-25,Alameda,001,1643700,14,0,0,0,0
2020-02-25,Alpine,003,1148,0,0,0,0,0
2020-02-25,Amador,005,37829,0,0,0,0,0
2020-02-25,Butte,007,227075,0,0,0,0,0
2020-02-25,Calaveras,009,45235,0,0,0,0,0
2020-02-25,Colusa,011,21464,0,0,0,0,0
2020-02-25,Contra Costa,013,1133247,11,0,0,0,0
2020-02-25,Del Norte,015,27424,0,0,0,0,0
2020-02-25,El Dorado,017,186661,0,0,0,0,0
2020-02-25,Fresno,019,978130,1,0,0,0,0
2020-02-25,Glenn,021,27897,0,0,0,0,0
2020-02-25,Humboldt,023,135768,1,1,0,1,0
2020-02-25,Imperial,025,180216,1,0,0,0,0
2020-02-25,Inyo,027,18085,0,0,0,0,0
2020-02-25,Kern,029,883053,2,0,0,0,0
2020-02-25,Kings,031,150075,3,0,1,1,0
2020-02-25,Lake,033,64148,0,0,0,0,0
2020-02-25,Lassen,035,31185,0,0,0,0,0
2020-02-25,Los Angeles,037,10098052,76,1,6,7,0
2020-02-25,Madera,039,155013,2,0,0,0,0
2020-02-25,Marin,041,260295,1,0,0,0,0
2020-02-25,Mariposa,043,17540,0,0,0,0,0
2020-02-25,Mendocino,045,87422,0,0,0,0,0
2020-02-25,Merced,047,269075,0,0,0,0,0
2020-02-25,Modoc,049,8938,0,0,0,0,0
2020-02-25,Mono,051,14174,0,0,0,0,0
2020-02-25,Monterey,053,433212,1,0,0,0,0
2020-02-25,Napa,055,140530,0,0,0,0,0
2020-02-25,Nevada,057,99092,0,0,1,1,0
2020-02-25,Orange,059,3164182,45,1,0,1,0
2020-02-25,Placer,061,380077,5,0,0,0,0
2020-02-25,Plumas,063,18699,0,0,0,0,0
2020-02-25,Riverside,065,2383286,10,0,1,1,0
2020-02-25,Sacramento,067,1510023,8,1,0,1,0
2020-02-25,San Benito,069,59416,0,2,0,2,0
2020-02-25,San Bernardino,071,2135413,21,0,0,0,0
2020-02-25,San Diego,073,3302833,5,2,0,2,0
2020-02-25,San Francisco,075,870044,7,0,0,0,0
2020-02-25,San Joaquin,077,732212,5,0,2,2,0
2020-02-25,San Luis Obispo,079,281455,2,0,0,0,0
2020-02-25,San Mateo,081,765935,17,0,0,0,0
2020-02-25,Santa Barbara,083,443738,0,0,0,0,0
2020-02-25,Santa Clara,085,1922200,40,2,1,3,0
2020-02-25,Santa Cruz,087,273765,5,0,0,0,0
2020-02-25,Shasta,089,179085,0,0,0,0,0
2020-02-25,Sierra,091,2930,0,0,0,0,0
2020-02-25,Siskiyou,093,43540,0,0,0,0,0
2020-02-25,Solano,095,438530,16,21,0,21,0
2020-02-25,Sonoma,097,501317,5,0,0,0,0
2020-02-25,Stanislaus,099,539301,2,0,2,2,0
2020-02-25,Sutter,101,95872,0,0,0,0,0
2020-02-25,Tehama,103,63373,0,0,0,0,0
2020-02-25,Trinity,105,12862,0,0,0,0,0
2020-02-25,Tulare,107,460477,3,0,0,0,0
2020-02-25,Tuolumne,109,53932,0,0,0,0,0
2020-02-25,Ventura,111,848112,4,0,0,0,0
2020-02-25,Yolo,113,214977,1,0,0,0,0
2020-02-25,Yuba,115,75493,0,0,0,0,0
2020-02-24,Alameda,001,1643700,14,0,0,0,0
2020-02-24,Alpine,003,1148,0,0,0,0,0
2020-02-24,Amador,005,37829,0,0,0,0,0
2020-02-24,Butte,007,227075,0,0,0,0,0
2020-02-24,Calaveras,009,45235,0,0,0,0,0
2020-02-24,Colusa,011,21464,0,0,0,0,0
2020-02-24,Contra Costa,013,1133247,9,0,0,0,0
2020-02-24,Del Norte,015,27424,0,0,0,0,0
2020-02-24,El Dorado,017,186661,0,0,0,0,0
2020-02-24,Fresno,019,978130,1,0,0,0,0
2020-02-24,Glenn,021,27897,0,0,0,0,0
2020-02-24,Humboldt,023,135768,1,1,0,1,0
2020-02-24,Imperial,025,180216,1,0,0,0,0
2020-02-24,Inyo,027,18085,0,0,0,0,0
2020-02-24,Kern,029,883053,2,0,0,0,0
2020-02-24,Kings,031,150075,3,0,1,1,0
2020-02-24,Lake,033,64148,0,0,0,0,0
2020-02-24,Lassen,035,31185,0,0,0,0,0
2020-02-24,Los Angeles,037,10098052,70,1,6,7,0
2020-02-24,Madera,039,155013,1,0,0,0,0
2020-02-24,Marin,041,260295,1,0,0,0,0
2020-02-24,Mariposa,043,17540,0,0,0,0,0
2020-02-24,Mendocino,045,87422,0,0,0,0,0
2020-02-24,Merced,047,269075,0,0,0,0,0
2020-02-24,Modoc,049,8938,0,0,0,0,0
2020-02-24,Mono,051,14174,0,0,0,0,0
2020-02-24,Monterey,053,433212,1,0,0,0,0
2020-02-24,Napa,055,140530,0,0,0,0,0
2020-02-24,Nevada,057,99092,0,0,1,1,0
2020-02-24,Orange,059,3164182,43,1,0,1,0
2020-02-24,Placer,061,380077,3,0,0,0,0
2020-02-24,Plumas,063,18699,0,0,0,0,0
2020-02-24,Riverside,065,2383286,9,0,1,1,0
2020-02-24,Sacramento,067,1510023,7,1,0,1,0
2020-02-24,San Benito,069,59416,0,2,0,2,0
2020-02-24,San Bernardino,071,2135413,21,0,0,0,0
2020-02-24,San Diego,073,3302833,5,2,0,2,0
2020-02-24,San Francisco,075,870044,6,0,0,0,0
2020-02-24,San Joaquin,077,732212,5,0,1,1,0
2020-02-24,San Luis Obispo,079,281455,2,0,0,0,0
2020-02-24,San Mateo,081,765935,13,0,0,0,0
2020-02-24,Santa Barbara,083,443738,0,0,0,0,0
2020-02-24,Santa Clara,085,1922200,38,2,1,3,0
2020-02-24,Santa Cruz,087,273765,5,0,0,0,0
2020-02-24,Shasta,089,179085,0,0,0,0,0
2020-02-24,Sierra,091,2930,0,0,0,0,0
2020-02-24,Siskiyou,093,43540,0,0,0,0,0
2020-02-24,Solano,095,438530,13,15,0,15,0
2020-02-24,Sonoma,097,501317,5,0,0,0,0
2020-02-24,Stanislaus,099,539301,2,0,2,2,0
2020-02-24,Sutter,101,95872,0,0,0,0,0
2020-02-24,Tehama,103,63373,0,0,0,0,0
2020-02-24,Trinity,105,12862,0,0,0,0,0
2020-02-24,Tulare,107,460477,3,0,0,0,0
2020-02-24,Tuolumne,109,53932,0,0,0,0,0
2020-02-24,Ventura,111,848112,4,0,0,0,0
2020-02-24,Yolo,113,214977,1,0,0,0,0
2020-02-24,Yuba,115,75493,0,0,0,0,0
2020-02-23,Alameda,001,1643700,12,0,0,0,0
2020-02-23,Alpine,003,1148,0,0,0,0,0
2020-02-23,Amador,005,37829,0,0,0,0,0
2020-02-23,Butte,007,227075,0,0,0,0,0
2020-02-23,Calaveras,009,45235,0,0,0,0,0
2020-02-23,Colusa,011,21464,0,0,0,0,0
2020-02-23,Contra Costa,013,1133247,6,0,0,0,0
2020-02-23,Del Norte,015,27424,0,0,0,0,0
2020-02-23,El Dorado,017,186661,0,0,0,0,0
2020-02-23,Fresno,019,978130,1,0,0,0,0
2020-02-23,Glenn,021,27897,0,0,0,0,0
2020-02-23,Humboldt,023,135768,1,1,0,1,0
2020-02-23,Imperial,025,180216,1,0,0,0,0
2020-02-23,Inyo,027,18085,0,0,0,0,0
2020-02-23,Kern,029,883053,2,0,0,0,0
2020-02-23,Kings,031,150075,3,0,1,1,0
2020-02-23,Lake,033,64148,0,0,0,0,0
2020-02-23,Lassen,035,31185,0,0,0,0,0
2020-02-23,Los Angeles,037,10098052,62,1,6,7,0
2020-02-23,Madera,039,155013,1,0,0,0,0
2020-02-23,Marin,041,260295,1,0,0,0,0
2020-02-23,Mariposa,043,17540,0,0,0,0,0
2020-02-23,Mendocino,045,87422,0,0,0,0,0
2020-02-23,Merced,047,269075,0,0,0,0,0
2020-02-23,Modoc,049,8938,0,0,0,0,0
2020-02-23,Mono,051,14174,0,0,0,0,0
2020-02-23,Monterey,053,433212,1,0,0,0,0
2020-02-23,Napa,055,140530,0,0,0,0,0
2020-02-23,Nevada,057,99092,0,0,1,1,0
2020-02-23,Orange,059,3164182,43,1,0,1,0
2020-02-23,Placer,061,380077,3,0,0,0,0
2020-02-23,Plumas,063,18699,0,0,0,0,0
2020-02-23,Riverside,065,2383286,9,0,0,0,0
2020-02-23,Sacramento,067,1510023,6,1,0,1,0
2020-02-23,San Benito,069,59416,0,2,0,2,0
2020-02-23,San Bernardino,071,2135413,20,0,0,0,0
2020-02-23,San Diego,073,3302833,4,2,0,2,0
2020-02-23,San Francisco,075,870044,5,0,0,0,0
2020-02-23,San Joaquin,077,732212,4,0,1,1,0
2020-02-23,San Luis Obispo,079,281455,2,0,0,0,0
2020-02-23,San Mateo,081,765935,10,0,0,0,0
2020-02-23,Santa Barbara,083,443738,0,0,0,0,0
2020-02-23,Santa Clara,085,1922200,26,2,1,3,0
2020-02-23,Santa Cruz,087,273765,2,0,0,0,0
2020-02-23,Shasta,089,179085,0,0,0,0,0
2020-02-23,Sierra,091,2930,0,0,0,0,0
2020-02-23,Siskiyou,093,43540,0,0,0,0,0
2020-02-23,Solano,095,438530,11,15,0,15,0
2020-02-23,Sonoma,097,501317,5,0,0,0,0
2020-02-23,Stanislaus,099,539301,2,0,2,2,0
2020-02-23,Sutter,101,95872,0,0,0,0,0
2020-02-23,Tehama,103,63373,0,0,0,0,0
2020-02-23,Trinity,105,12862,0,0,0,0,0
2020-02-23,Tulare,107,460477,2,0,0,0,0
2020-02-23,Tuolumne,109,53932,0,0,0,0,0
2020-02-23,Ventura,111,848112,4,0,0,0,0
2020-02-23,Yolo,113,214977,1,0,0,0,0
2020-02-23,Yuba,115,75493,0,0,0,0,0
2020-02-22,Alameda,001,1643700,11,0,0,0,0
2020-02-22,Alpine,003,1148,0,0,0,0,0
2020-02-22,Amador,005,37829,0,0,0,0,0
2020-02-22,Butte,007,227075,0,0,0,0,0
2020-02-22,Calaveras,009,45235,0,0,0,0,0
2020-02-22,Colusa,011,21464,0,0,0,0,0
2020-02-22,Contra Costa,013,1133247,5,0,0,0,0
2020-02-22,Del Norte,015,27424,0,0,0,0,0
2020-02-22,El Dorado,017,186661,0,0,0,0,0
2020-02-22,Fresno,019,978130,1,0,0,0,0
2020-02-22,Glenn,021,27897,0,0,0,0,0
2020-02-22,Humboldt,023,135768,1,1,0,1,0
2020-02-22,Imperial,025,180216,0,0,0,0,0
2020-02-22,Inyo,027,18085,0,0,0,0,0
2020-02-22,Kern,029,883053,2,0,0,0,0
2020-02-22,Kings,031,150075,3,0,1,1,0
2020-02-22,Lake,033,64148,0,0,0,0,0
2020-02-22,Lassen,035,31185,0,0,0,0,0
2020-02-22,Los Angeles,037,10098052,60,1,6,7,0
2020-02-22,Madera,039,155013,0,0,0,0,0
2020-02-22,Marin,041,260295,1,0,0,0,0
2020-02-22,Mariposa,043,17540,0,0,0,0,0
2020-02-22,Mendocino,045,87422,0,0,0,0,0
2020-02-22,Merced,047,269075,0,0,0,0,0
2020-02-22,Modoc,049,8938,0,0,0,0,0
2020-02-22,Mono,051,14174,0,0,0,0,0
2020-02-22,Monterey,053,433212,1,0,0,0,0
2020-02-22,Napa,055,140530,0,0,0,0,0
2020-02-22,Nevada,057,99092,0,0,1,1,0
2020-02-22,Orange,059,3164182,42,1,0,1,0
2020-02-22,Placer,061,380077,3,0,0,0,0
2020-02-22,Plumas,063,18699,0,0,0,0,0
2020-02-22,Riverside,065,2383286,9,0,0,0,0
2020-02-22,Sacramento,067,1510023,6,1,0,1,0
2020-02-22,San Benito,069,59416,0,2,0,2,0
2020-02-22,San Bernardino,071,2135413,18,0,0,0,0
2020-02-22,San Diego,073,3302833,3,2,0,2,0
2020-02-22,San Francisco,075,870044,3,0,0,0,0
2020-02-22,San Joaquin,077,732212,4,0,1,1,0
2020-02-22,San Luis Obispo,079,281455,2,0,0,0,0
2020-02-22,San Mateo,081,765935,8,0,0,0,0
2020-02-22,Santa Barbara,083,443738,0,0,0,0,0
2020-02-22,Santa Clara,085,1922200,23,2,1,3,0
2020-02-22,Santa Cruz,087,273765,2,0,0,0,0
2020-02-22,Shasta,089,179085,0,0,0,0,0
2020-02-22,Sierra,091,2930,0,0,0,0,0
2020-02-22,Siskiyou,093,43540,0,0,0,0,0
2020-02-22,Solano,095,438530,11,11,0,11,0
2020-02-22,Sonoma,097,501317,4,0,0,0,0
2020-02-22,Stanislaus,099,539301,2,0,2,2,0
2020-02-22,Sutter,101,95872,0,0,0,0,0
2020-02-22,Tehama,103,63373,0,0,0,0,0
2020-02-22,Trinity,105,12862,0,0,0,0,0
2020-02-22,Tulare,107,460477,2,0,0,0,0
2020-02-22,Tuolumne,109,53932,0,0,0,0,0
2020-02-22,Ventura,111,848112,4,0,0,0,0
2020-02-22,Yolo,113,214977,0,0,0,0,0
2020-02-22,Yuba,115,75493,0,0,0,0,0
2020-02-21,Alameda,001,1643700,10,0,0,0,0
2020-02-21,Alpine,003,1148,0,0,0,0,0
2020-02-21,Amador,005,37829,0,0,0,0,0
2020-02-21,Butte,007,227075,0,0,0,0,0
2020-02-21,Calaveras,009,45235,0,0,0,0,0
2020-02-21,Colusa,011,21464,0,0,0,0,0
2020-02-21,Contra Costa,013,1133247,4,0,0,0,0
2020-02-21,Del Norte,015,27424,0,0,0,0,0
2020-02-21,El Dorado,017,186661,0,0,0,0,0
2020-02-21,Fresno,019,978130,1,0,0,0,0
2020-02-21,Glenn,021,27897,0,0,0,0,0
2020-02-21,Humboldt,023,135768,1,1,0,1,0
2020-02-21,Imperial,025,180216,0,0,0,0,0
2020-02-21,Inyo,027,18085,0,0,0,0,0
2020-02-21,Kern,029,883053,2,0,0,0,0
2020-02-21,Kings,031,150075,3,0,1,1,0
2020-02-21,Lake,033,64148,0,0,0,0,0
2020-02-21,Lassen,035,31185,0,0,0,0,0
2020-02-21,Los Angeles,037,10098052,56,1,6,7,0
2020-02-21,Madera,039,155013,0,0,0,0,0
2020-02-21,Marin,041,260295,1,0,0,0,0
2020-02-21,Mariposa,043,17540,0,0,0,0,0
2020-02-21,Mendocino,045,87422,0,0,0,0,0
2020-02-21,Merced,047,269075,0,0,0,0,0
2020-02-21,Modoc,049,8938,0,0,0,0,0
2020-02-21,Mono,051,14174,0,0,0,0,0
2020-02-21,Monterey,053,433212,1,0,0,0,0
2020-02-21,Napa,055,140530,0,0,0,0,0
2020-02-21,Nevada,057,99092,0,0,1,1,0
2020-02-21,Orange,059,3164182,40,1,0,1,0
2020-02-21,Placer,061,380077,2,0,0,0,0
2020-02-21,Plumas,063,18699,0,0,0,0,0
2020-02-21,Riverside,065,2383286,9,0,0,0,0
2020-02-21,Sacramento,067,1510023,5,1,0,1,0
2020-02-21,San Benito,069,59416,0,2,0,2,0
2020-02-21,San Bernardino,071,2135413,17,0,0,0,0
2020-02-21,San Diego,073,3302833,3,2,0,2,0
2020-02-21,San Francisco,075,870044,3,0,0,0,0
2020-02-21,San Joaquin,077,732212,2,0,1,1,0
2020-02-21,San Luis Obispo,079,281455,2,0,0,0,0
2020-02-21,San Mateo,081,765935,8,0,0,0,0
2020-02-21,Santa Barbara,083,443738,0,0,0,0,0
2020-02-21,Santa Clara,085,1922200,21,2,1,3,0
2020-02-21,Santa Cruz,087,273765,2,0,0,0,0
2020-02-21,Shasta,089,179085,0,0,0,0,0
2020-02-21,Sierra,091,2930,0,0,0,0,0
2020-02-21,Siskiyou,093,43540,0,0,0,0,0
2020-02-21,Solano,095,438530,10,11,0,11,0
2020-02-21,Sonoma,097,501317,3,0,0,0,0
2020-02-21,Stanislaus,099,539301,2,0,2,2,0
2020-02-21,Sutter,101,95872,0,0,0,0,0
2020-02-21,Tehama,103,63373,0,0,0,0,0
2020-02-21,Trinity,105,12862,0,0,0,0,0
2020-02-21,Tulare,107,460477,2,0,0,0,0
2020-02-21,Tuolumne,109,53932,0,0,0,0,0
2020-02-21,Ventura,111,848112,4,0,0,0,0
2020-02-21,Yolo,113,214977,0,0,0,0,0
2020-02-21,Yuba,115,75493,0,0,0,0,0
2020-02-20,Alameda,001,1643700,8,0,0,0,0
2020-02-20,Alpine,003,1148,0,0,0,0,0
2020-02-20,Amador,005,37829,0,0,0,0,0
2020-02-20,Butte,007,227075,0,0,0,0,0
2020-02-20,Calaveras,009,45235,0,0,0,0,0
2020-02-20,Colusa,011,21464,0,0,0,0,0
2020-02-20,Contra Costa,013,1133247,3,0,0,0,0
2020-02-20,Del Norte,015,27424,0,0,0,0,0
2020-02-20,El Dorado,017,186661,0,0,0,0,0
2020-02-20,Fresno,019,978130,1,0,0,0,0
2020-02-20,Glenn,021,27897,0,0,0,0,0
2020-02-20,Humboldt,023,135768,1,1,0,1,0
2020-02-20,Imperial,025,180216,0,0,0,0,0
2020-02-20,Inyo,027,18085,0,0,0,0,0
2020-02-20,Kern,029,883053,2,0,0,0,0
2020-02-20,Kings,031,150075,3,0,1,1,0
2020-02-20,Lake,033,64148,0,0,0,0,0
2020-02-20,Lassen,035,31185,0,0,0,0,0
2020-02-20,Los Angeles,037,10098052,55,1,5,6,0
2020-02-20,Madera,039,155013,0,0,0,0,0
2020-02-20,Marin,041,260295,0,0,0,0,0
2020-02-20,Mariposa,043,17540,0,0,0,0,0
2020-02-20,Mendocino,045,87422,0,0,0,0,0
2020-02-20,Merced,047,269075,0,0,0,0,0
2020-02-20,Modoc,049,8938,0,0,0,0,0
2020-02-20,Mono,051,14174,0,0,0,0,0
2020-02-20,Monterey,053,433212,1,0,0,0,0
2020-02-20,Napa,055,140530,0,0,0,0,0
2020-02-20,Nevada,057,99092,0,0,1,1,0
2020-02-20,Orange,059,3164182,40,1,0,1,0
2020-02-20,Placer,061,380077,2,0,0,0,0
2020-02-20,Plumas,063,18699,0,0,0,0,0
2020-02-20,Riverside,065,2383286,7,0,0,0,0
2020-02-20,Sacramento,067,1510023,2,1,0,1,0
2020-02-20,San Benito,069,59416,0,2,0,2,0
2020-02-20,San Bernardino,071,2135413,15,0,0,0,0
2020-02-20,San Diego,073,3302833,3,2,0,2,0
2020-02-20,San Francisco,075,870044,3,0,0,0,0
2020-02-20,San Joaquin,077,732212,2,0,1,1,0
2020-02-20,San Luis Obispo,079,281455,2,0,0,0,0
2020-02-20,San Mateo,081,765935,7,0,0,0,0
2020-02-20,Santa Barbara,083,443738,0,0,0,0,0
2020-02-20,Santa Clara,085,1922200,17,2,1,3,0
2020-02-20,Santa Cruz,087,273765,2,0,0,0,0
2020-02-20,Shasta,089,179085,0,0,0,0,0
2020-02-20,Sierra,091,2930,0,0,0,0,0
2020-02-20,Siskiyou,093,43540,0,0,0,0,0
2020-02-20,Solano,095,438530,8,7,0,7,0
2020-02-20,Sonoma,097,501317,2,0,0,0,0
2020-02-20,Stanislaus,099,539301,2,0,2,2,0
2020-02-20,Sutter,101,95872,0,0,0,0,0
2020-02-20,Tehama,103,63373,0,0,0,0,0
2020-02-20,Trinity,105,12862,0,0,0,0,0
2020-02-20,Tulare,107,460477,2,0,0,0,0
2020-02-20,Tuolumne,109,53932,0,0,0,0,0
2020-02-20,Ventura,111,848112,4,0,0,0,0
2020-02-20,Yolo,113,214977,0,0,0,0,0
2020-02-20,Yuba,115,75493,0,0,0,0,0
2020-02-19,Alameda,001,1643700,7,0,0,0,0
2020-02-19,Alpine,003,1148,0,0,0,0,0
2020-02-19,Amador,005,37829,0,0,0,0,0
2020-02-19,Butte,007,227075,0,0,0,0,0
2020-02-19,Calaveras,009,45235,0,0,0,0,0
2020-02-19,Colusa,011,21464,0,0,0,0,0
2020-02-19,Contra Costa,013,1133247,3,0,0,0,0
2020-02-19,Del Norte,015,27424,0,0,0,0,0
2020-02-19,El Dorado,017,186661,0,0,0,0,0
2020-02-19,Fresno,019,978130,1,0,0,0,0
2020-02-19,Glenn,021,27897,0,0,0,0,0
2020-02-19,Humboldt,023,135768,1,0,0,0,0
2020-02-19,Imperial,025,180216,0,0,0,0,0
2020-02-19,Inyo,027,18085,0,0,0,0,0
2020-02-19,Kern,029,883053,2,0,0,0,0
2020-02-19,Kings,031,150075,3,0,1,1,0
2020-02-19,Lake,033,64148,0,0,0,0,0
2020-02-19,Lassen,035,31185,0,0,0,0,0
2020-02-19,Los Angeles,037,10098052,53,1,5,6,0
2020-02-19,Madera,039,155013,0,0,0,0,0
2020-02-19,Marin,041,260295,0,0,0,0,0
2020-02-19,Mariposa,043,17540,0,0,0,0,0
2020-02-19,Mendocino,045,87422,0,0,0,0,0
2020-02-19,Merced,047,269075,0,0,0,0,0
2020-02-19,Modoc,049,8938,0,0,0,0,0
2020-02-19,Mono,051,14174,0,0,0,0,0
2020-02-19,Monterey,053,433212,1,0,0,0,0
2020-02-19,Napa,055,140530,0,0,0,0,0
2020-02-19,Nevada,057,99092,0,0,1,1,0
2020-02-19,Orange,059,3164182,39,1,0,1,0
2020-02-19,Placer,061,380077,2,0,0,0,0
2020-02-19,Plumas,063,18699,0,0,0,0,0
2020-02-19,Riverside,065,2383286,5,0,0,0,0
2020-02-19,Sacramento,067,1510023,2,0,0,0,0
2020-02-19,San Benito,069,59416,0,2,0,2,0
2020-02-19,San Bernardino,071,2135413,14,0,0,0,0
2020-02-19,San Diego,073,3302833,2,2,0,2,0
2020-02-19,San Francisco,075,870044,2,0,0,0,0
2020-02-19,San Joaquin,077,732212,2,0,1,1,0
2020-02-19,San Luis Obispo,079,281455,2,0,0,0,0
2020-02-19,San Mateo,081,765935,6,0,0,0,0
2020-02-19,Santa Barbara,083,443738,0,0,0,0,0
2020-02-19,Santa Clara,085,1922200,15,2,1,3,0
2020-02-19,Santa Cruz,087,273765,0,0,0,0,0
2020-02-19,Shasta,089,179085,0,0,0,0,0
2020-02-19,Sierra,091,2930,0,0,0,0,0
2020-02-19,Siskiyou,093,43540,0,0,0,0,0
2020-02-19,Solano,095,438530,5,7,0,7,0
2020-02-19,Sonoma,097,501317,2,0,0,0,0
2020-02-19,Stanislaus,099,539301,1,0,2,2,0
2020-02-19,Sutter,101,95872,0,0,0,0,0
2020-02-19,Tehama,103,63373,0,0,0,0,0
2020-02-19,Trinity,105,12862,0,0,0,0,0
2020-02-19,Tulare,107,460477,2,0,0,0,0
2020-02-19,Tuolumne,109,53932,0,0,0,0,0
2020-02-19,Ventura,111,848112,2,0,0,0,0
2020-02-19,Yolo,113,214977,0,0,0,0,0
2020-02-19,Yuba,115,75493,0,0,0,0,0
2020-02-18,Alameda,001,1643700,7,0,0,0,0
2020-02-18,Alpine,003,1148,0,0,0,0,0
2020-02-18,Amador,005,37829,0,0,0,0,0
2020-02-18,Butte,007,227075,0,0,0,0,0
2020-02-18,Calaveras,009,45235,0,0,0,0,0
2020-02-18,Colusa,011,21464,0,0,0,0,0
2020-02-18,Contra Costa,013,1133247,3,0,0,0,0
2020-02-18,Del Norte,015,27424,0,0,0,0,0
2020-02-18,El Dorado,017,186661,0,0,0,0,0
2020-02-18,Fresno,019,978130,0,0,0,0,0
2020-02-18,Glenn,021,27897,0,0,0,0,0
2020-02-18,Humboldt,023,135768,1,0,0,0,0
2020-02-18,Imperial,025,180216,0,0,0,0,0
2020-02-18,Inyo,027,18085,0,0,0,0,0
2020-02-18,Kern,029,883053,2,0,0,0,0
2020-02-18,Kings,031,150075,3,0,1,1,0
2020-02-18,Lake,033,64148,0,0,0,0,0
2020-02-18,Lassen,035,31185,0,0,0,0,0
2020-02-18,Los Angeles,037,10098052,50,1,4,5,0
2020-02-18,Madera,039,155013,0,0,0,0,0
2020-02-18,Marin,041,260295,0,0,0,0,0
2020-02-18,Mariposa,043,17540,0,0,0,0,0
2020-02-18,Mendocino,045,87422,0,0,0,0,0
2020-02-18,Merced,047,269075,0,0,0,0,0
2020-02-18,Modoc,049,8938,0,0,0,0,0
2020-02-18,Mono,051,14174,0,0,0,0,0
2020-02-18,Monterey,053,433212,1,0,0,0,0
2020-02-18,Napa,055,140530,0,0,0,0,0
2020-02-18,Nevada,057,99092,0,0,1,1,0
2020-02-18,Orange,059,3164182,38,1,0,1,0
2020-02-18,Placer,061,380077,0,0,0,0,0
2020-02-18,Plumas,063,18699,0,0,0,0,0
2020-02-18,Riverside,065,2383286,5,0,0,0,0
2020-02-18,Sacramento,067,1510023,2,0,0,0,0
2020-02-18,San Benito,069,59416,0,2,0,2,0
2020-02-18,San Bernardino,071,2135413,13,0,0,0,0
2020-02-18,San Diego,073,3302833,2,2,0,2,0
2020-02-18,San Francisco,075,870044,2,0,0,0,0
2020-02-18,San Joaquin,077,732212,1,0,1,1,0
2020-02-18,San Luis Obispo,079,281455,2,0,0,0,0
2020-02-18,San Mateo,081,765935,5,0,0,0,0
2020-02-18,Santa Barbara,083,443738,0,0,0,0,0
2020-02-18,Santa Clara,085,1922200,14,2,1,3,0
2020-02-18,Santa Cruz,087,273765,0,0,0,0,0
2020-02-18,Shasta,089,179085,0,0,0,0,0
2020-02-18,Sierra,091,2930,0,0,0,0,0
2020-02-18,Siskiyou,093,43540,0,0,0,0,0
2020-02-18,Solano,095,438530,5,7,0,7,0
2020-02-18,Sonoma,097,501317,1,0,0,0,0
2020-02-18,Stanislaus,099,539301,1,0,2,2,0
2020-02-18,Sutter,101,95872,0,0,0,0,0
2020-02-18,Tehama,103,63373,0,0,0,0,0
2020-02-18,Trinity,105,12862,0,0,0,0,0
2020-02-18,Tulare,107,460477,2,0,0,0,0
2020-02-18,Tuolumne,109,53932,0,0,0,0,0
2020-02-18,Ventura,111,848112,2,0,0,0,0
2020-02-18,Yolo,113,214977,0,0,0,0,0
2020-02-18,Yuba,115,75493,0,0,0,0,0
2020-02-17,Alameda,001,1643700,7,0,0,0,0
2020-02-17,Alpine,003,1148,0,0,0,0,0
2020-02-17,Amador,005,37829,0,0,0,0,0
2020-02-17,Butte,007,227075,0,0,0,0,0
2020-02-17,Calaveras,009,45235,0,0,0,0,0
2020-02-17,Colusa,011,21464,0,0,0,0,0
2020-02-17,Contra Costa,013,1133247,3,0,0,0,0
2020-02-17,Del Norte,015,27424,0,0,0,0,0
2020-02-17,El Dorado,017,186661,0,0,0,0,0
2020-02-17,Fresno,019,978130,0,0,0,0,0
2020-02-17,Glenn,021,27897,0,0,0,0,0
2020-02-17,Humboldt,023,135768,1,0,0,0,0
2020-02-17,Imperial,025,180216,0,0,0,0,0
2020-02-17,Inyo,027,18085,0,0,0,0,0
2020-02-17,Kern,029,883053,2,0,0,0,0
2020-02-17,Kings,031,150075,3,0,0,0,0
2020-02-17,Lake,033,64148,0,0,0,0,0
2020-02-17,Lassen,035,31185,0,0,0,0,0
2020-02-17,Los Angeles,037,10098052,47,1,4,5,0
2020-02-17,Madera,039,155013,0,0,0,0,0
2020-02-17,Marin,041,260295,0,0,0,0,0
2020-02-17,Mariposa,043,17540,0,0,0,0,0
2020-02-17,Mendocino,045,87422,0,0,0,0,0
2020-02-17,Merced,047,269075,0,0,0,0,0
2020-02-17,Modoc,049,8938,0,0,0,0,0
2020-02-17,Mono,051,14174,0,0,0,0,0
2020-02-17,Monterey,053,433212,1,0,0,0,0
2020-02-17,Napa,055,140530,0,0,0,0,0
2020-02-17,Nevada,057,99092,0,0,1,1,0
2020-02-17,Orange,059,3164182,38,1,0,1,0
2020-02-17,Placer,061,380077,0,0,0,0,0
2020-02-17,Plumas,063,18699,0,0,0,0,0
2020-02-17,Riverside,065,2383286,5,0,0,0,0
2020-02-17,Sacramento,067,1510023,2,0,0,0,0
2020-02-17,San Benito,069,59416,0,2,0,2,0
2020-02-17,San Bernardino,071,2135413,11,0,0,0,0
2020-02-17,San Diego,073,3302833,2,2,0,2,0
2020-02-17,San Francisco,075,870044,2,0,0,0,0
2020-02-17,San Joaquin,077,732212,1,0,1,1,0
2020-02-17,San Luis Obispo,079,281455,1,0,0,0,0
2020-02-17,San Mateo,081,765935,5,0,0,0,0
2020-02-17,Santa Barbara,083,443738,0,0,0,0,0
2020-02-17,Santa Clara,085,1922200,12,2,1,3,0
2020-02-17,Santa Cruz,087,273765,0,0,0,0,0
2020-02-17,Shasta,089,179085,0,0,0,0,0
2020-02-17,Sierra,091,2930,0,0,0,0,0
2020-02-17,Siskiyou,093,43540,0,0,0,0,0
2020-02-17,Solano,095,438530,3,5,0,5,0
2020-02-17,Sonoma,097,501317,1,0,0,0,0
2020-02-17,Stanislaus,099,539301,1,0,2,2,0
2020-02-17,Sutter,101,95872,0,0,0,0,0
2020-02-17,Tehama,103,63373,0,0,0,0,0
2020-02-17,Trinity,105,12862,0,0,0,0,0
2020-02-17,Tulare,107,460477,2,0,0,0,0
2020-02-17,Tuolumne,109,53932,0,0,0,0,0
2020-02-17,Ventura,111,848112,2,0,0,0,0
2020-02-17,Yolo,113,214977,0,0,0,0,0
2020-02-17,Yuba,115,75493,0,0,0,0,0
2020-02-16,Alameda,001,1643700,6,0,0,0,0
2020-02-16,Alpine,003,1148,0,0,0,0,0
2020-02-16,Amador,005,37829,0,0,0,0,0
2020-02-16,Butte,007,227075,0,0,0,0,0
2020-02-16,Calaveras,009,45235,0,0,0,0,0
2020-02-16,Colusa,011,21464,0,0,0,0,0
2020-02-16,Contra Costa,013,1133247,3,0,0,0,0
2020-02-16,Del Norte,015,27424,0,0,0,0,0
2020-02-16,El Dorado,017,186661,0,0,0,0,0
2020-02-16,Fresno,019,978130,0,0,0,0,0
2020-02-16,Glenn,021,27897,0,0,0,0,0
2020-02-16,Humboldt,023,135768,1,0,0,0,0
2020-02-16,Imperial,025,180216,0,0,0,0,0
2020-02-16,Inyo,027,18085,0,0,0,0,0
2020-02-16,Kern,029,883053,2,0,0,0,0
2020-02-16,Kings,031,150075,3,0,0,0,0
2020-02-16,Lake,033,64148,0,0,0,0,0
2020-02-16,Lassen,035,31185,0,0,0,0,0
2020-02-16,Los Angeles,037,10098052,42,1,4,5,0
2020-02-16,Madera,039,155013,0,0,0,0,0
2020-02-16,Marin,041,260295,0,0,0,0,0
2020-02-16,Mariposa,043,17540,0,0,0,0,0
2020-02-16,Mendocino,045,87422,0,0,0,0,0
2020-02-16,Merced,047,269075,0,0,0,0,0
2020-02-16,Modoc,049,8938,0,0,0,0,0
2020-02-16,Mono,051,14174,0,0,0,0,0
2020-02-16,Monterey,053,433212,1,0,0,0,0
2020-02-16,Napa,055,140530,0,0,0,0,0
2020-02-16,Nevada,057,99092,0,0,0,0,0
2020-02-16,Orange,059,3164182,37,1,0,1,0
2020-02-16,Placer,061,380077,0,0,0,0,0
2020-02-16,Plumas,063,18699,0,0,0,0,0
2020-02-16,Riverside,065,2383286,5,0,0,0,0
2020-02-16,Sacramento,067,1510023,2,0,0,0,0
2020-02-16,San Benito,069,59416,0,2,0,2,0
2020-02-16,San Bernardino,071,2135413,10,0,0,0,0
2020-02-16,San Diego,073,3302833,2,2,0,2,0
2020-02-16,San Francisco,075,870044,2,0,0,0,0
2020-02-16,San Joaquin,077,732212,1,0,1,1,0
2020-02-16,San Luis Obispo,079,281455,1,0,0,0,0
2020-02-16,San Mateo,081,765935,4,0,0,0,0
2020-02-16,Santa Barbara,083,443738,0,0,0,0,0
2020-02-16,Santa Clara,085,1922200,10,2,1,3,0
2020-02-16,Santa Cruz,087,273765,0,0,0,0,0
2020-02-16,Shasta,089,179085,0,0,0,0,0
2020-02-16,Sierra,091,2930,0,0,0,0,0
2020-02-16,Siskiyou,093,43540,0,0,0,0,0
2020-02-16,Solano,095,438530,1,0,0,0,0
2020-02-16,Sonoma,097,501317,1,0,0,0,0
2020-02-16,Stanislaus,099,539301,1,0,2,2,0
2020-02-16,Sutter,101,95872,0,0,0,0,0
2020-02-16,Tehama,103,63373,0,0,0,0,0
2020-02-16,Trinity,105,12862,0,0,0,0,0
2020-02-16,Tulare,107,460477,2,0,0,0,0
2020-02-16,Tuolumne,109,53932,0,0,0,0,0
2020-02-16,Ventura,111,848112,2,0,0,0,0
2020-02-16,Yolo,113,214977,0,0,0,0,0
2020-02-16,Yuba,115,75493,0,0,0,0,0
2020-02-15,Alameda,001,1643700,6,0,0,0,0
2020-02-15,Alpine,003,1148,0,0,0,0,0
2020-02-15,Amador,005,37829,0,0,0,0,0
2020-02-15,Butte,007,227075,0,0,0,0,0
2020-02-15,Calaveras,009,45235,0,0,0,0,0
2020-02-15,Colusa,011,21464,0,0,0,0,0
2020-02-15,Contra Costa,013,1133247,3,0,0,0,0
2020-02-15,Del Norte,015,27424,0,0,0,0,0
2020-02-15,El Dorado,017,186661,0,0,0,0,0
2020-02-15,Fresno,019,978130,0,0,0,0,0
2020-02-15,Glenn,021,27897,0,0,0,0,0
2020-02-15,Humboldt,023,135768,1,0,0,0,0
2020-02-15,Imperial,025,180216,0,0,0,0,0
2020-02-15,Inyo,027,18085,0,0,0,0,0
2020-02-15,Kern,029,883053,2,0,0,0,0
2020-02-15,Kings,031,150075,3,0,0,0,0
2020-02-15,Lake,033,64148,0,0,0,0,0
2020-02-15,Lassen,035,31185,0,0,0,0,0
2020-02-15,Los Angeles,037,10098052,39,1,4,5,0
2020-02-15,Madera,039,155013,0,0,0,0,0
2020-02-15,Marin,041,260295,0,0,0,0,0
2020-02-15,Mariposa,043,17540,0,0,0,0,0
2020-02-15,Mendocino,045,87422,0,0,0,0,0
2020-02-15,Merced,047,269075,0,0,0,0,0
2020-02-15,Modoc,049,8938,0,0,0,0,0
2020-02-15,Mono,051,14174,0,0,0,0,0
2020-02-15,Monterey,053,433212,1,0,0,0,0
2020-02-15,Napa,055,140530,0,0,0,0,0
2020-02-15,Nevada,057,99092,0,0,0,0,0
2020-02-15,Orange,059,3164182,36,1,0,1,0
2020-02-15,Placer,061,380077,0,0,0,0,0
2020-02-15,Plumas,063,18699,0,0,0,0,0
2020-02-15,Riverside,065,2383286,4,0,0,0,0
2020-02-15,Sacramento,067,1510023,2,0,0,0,0
2020-02-15,San Benito,069,59416,0,2,0,2,0
2020-02-15,San Bernardino,071,2135413,9,0,0,0,0
2020-02-15,San Diego,073,3302833,2,2,0,2,0
2020-02-15,San Francisco,075,870044,2,0,0,0,0
2020-02-15,San Joaquin,077,732212,1,0,1,1,0
2020-02-15,San Luis Obispo,079,281455,1,0,0,0,0
2020-02-15,San Mateo,081,765935,4,0,0,0,0
2020-02-15,Santa Barbara,083,443738,0,0,0,0,0
2020-02-15,Santa Clara,085,1922200,10,2,1,3,0
2020-02-15,Santa Cruz,087,273765,0,0,0,0,0
2020-02-15,Shasta,089,179085,0,0,0,0,0
2020-02-15,Sierra,091,2930,0,0,0,0,0
2020-02-15,Siskiyou,093,43540,0,0,0,0,0
2020-02-15,Solano,095,438530,1,0,0,0,0
2020-02-15,Sonoma,097,501317,0,0,0,0,0
2020-02-15,Stanislaus,099,539301,1,0,2,2,0
2020-02-15,Sutter,101,95872,0,0,0,0,0
2020-02-15,Tehama,103,63373,0,0,0,0,0
2020-02-15,Trinity,105,12862,0,0,0,0,0
2020-02-15,Tulare,107,460477,2,0,0,0,0
2020-02-15,Tuolumne,109,53932,0,0,0,0,0
2020-02-15,Ventura,111,848112,2,0,0,0,0
2020-02-15,Yolo,113,214977,0,0,0,0,0
2020-02-15,Yuba,115,75493,0,0,0,0,0
2020-02-14,Alameda,001,1643700,5,0,0,0,0
2020-02-14,Alpine,003,1148,0,0,0,0,0
2020-02-14,Amador,005,37829,0,0,0,0,0
2020-02-14,Butte,007,227075,0,0,0,0,0
2020-02-14,Calaveras,009,45235,0,0,0,0,0
2020-02-14,Colusa,011,21464,0,0,0,0,0
2020-02-14,Contra Costa,013,1133247,3,0,0,0,0
2020-02-14,Del Norte,015,27424,0,0,0,0,0
2020-02-14,El Dorado,017,186661,0,0,0,0,0
2020-02-14,Fresno,019,978130,0,0,0,0,0
2020-02-14,Glenn,021,27897,0,0,0,0,0
2020-02-14,Humboldt,023,135768,1,0,0,0,0
2020-02-14,Imperial,025,180216,0,0,0,0,0
2020-02-14,Inyo,027,18085,0,0,0,0,0
2020-02-14,Kern,029,883053,2,0,0,0,0
2020-02-14,Kings,031,150075,1,0,0,0,0
2020-02-14,Lake,033,64148,0,0,0,0,0
2020-02-14,Lassen,035,31185,0,0,0,0,0
2020-02-14,Los Angeles,037,10098052,34,1,4,5,0
2020-02-14,Madera,039,155013,0,0,0,0,0
2020-02-14,Marin,041,260295,0,0,0,0,0
2020-02-14,Mariposa,043,17540,0,0,0,0,0
2020-02-14,Mendocino,045,87422,0,0,0,0,0
2020-02-14,Merced,047,269075,0,0,0,0,0
2020-02-14,Modoc,049,8938,0,0,0,0,0
2020-02-14,Mono,051,14174,0,0,0,0,0
2020-02-14,Monterey,053,433212,1,0,0,0,0
2020-02-14,Napa,055,140530,0,0,0,0,0
2020-02-14,Nevada,057,99092,0,0,0,0,0
2020-02-14,Orange,059,3164182,36,1,0,1,0
2020-02-14,Placer,061,380077,0,0,0,0,0
2020-02-14,Plumas,063,18699,0,0,0,0,0
2020-02-14,Riverside,065,2383286,4,0,0,0,0
2020-02-14,Sacramento,067,1510023,1,0,0,0,0
2020-02-14,San Benito,069,59416,0,2,0,2,0
2020-02-14,San Bernardino,071,2135413,9,0,0,0,0
2020-02-14,San Diego,073,3302833,1,2,0,2,0
2020-02-14,San Francisco,075,870044,2,0,0,0,0
2020-02-14,San Joaquin,077,732212,1,0,1,1,0
2020-02-14,San Luis Obispo,079,281455,0,0,0,0,0
2020-02-14,San Mateo,081,765935,3,0,0,0,0
2020-02-14,Santa Barbara,083,443738,0,0,0,0,0
2020-02-14,Santa Clara,085,1922200,8,2,1,3,0
2020-02-14,Santa Cruz,087,273765,0,0,0,0,0
2020-02-14,Shasta,089,179085,0,0,0,0,0
2020-02-14,Sierra,091,2930,0,0,0,0,0
2020-02-14,Siskiyou,093,43540,0,0,0,0,0
2020-02-14,Solano,095,438530,1,0,0,0,0
2020-02-14,Sonoma,097,501317,0,0,0,0,0
2020-02-14,Stanislaus,099,539301,1,0,2,2,0
2020-02-14,Sutter,101,95872,0,0,0,0,0
2020-02-14,Tehama,103,63373,0,0,0,0,0
2020-02-14,Trinity,105,12862,0,0,0,0,0
2020-02-14,Tulare,107,460477,2,0,0,0,0
2020-02-14,Tuolumne,109,53932,0,0,0,0,0
2020-02-14,Ventura,111,848112,2,0,0,0,0
2020-02-14,Yolo,113,214977,0,0,0,0,0
2020-02-14,Yuba,115,75493,0,0,0,0,0
2020-02-13,Alameda,001,1643700,5,0,0,0,0
2020-02-13,Alpine,003,1148,0,0,0,0,0
2020-02-13,Amador,005,37829,0,0,0,0,0
2020-02-13,Butte,007,227075,0,0,0,0,0
2020-02-13,Calaveras,009,45235,0,0,0,0,0
2020-02-13,Colusa,011,21464,0,0,0,0,0
2020-02-13,Contra Costa,013,1133247,3,0,0,0,0
2020-02-13,Del Norte,015,27424,0,0,0,0,0
2020-02-13,El Dorado,017,186661,0,0,0,0,0
2020-02-13,Fresno,019,978130,0,0,0,0,0
2020-02-13,Glenn,021,27897,0,0,0,0,0
2020-02-13,Humboldt,023,135768,1,0,0,0,0
2020-02-13,Imperial,025,180216,0,0,0,0,0
2020-02-13,Inyo,027,18085,0,0,0,0,0
2020-02-13,Kern,029,883053,2,0,0,0,0
2020-02-13,Kings,031,150075,1,0,0,0,0
2020-02-13,Lake,033,64148,0,0,0,0,0
2020-02-13,Lassen,035,31185,0,0,0,0,0
2020-02-13,Los Angeles,037,10098052,31,1,3,4,0
2020-02-13,Madera,039,155013,0,0,0,0,0
2020-02-13,Marin,041,260295,0,0,0,0,0
2020-02-13,Mariposa,043,17540,0,0,0,0,0
2020-02-13,Mendocino,045,87422,0,0,0,0,0
2020-02-13,Merced,047,269075,0,0,0,0,0
2020-02-13,Modoc,049,8938,0,0,0,0,0
2020-02-13,Mono,051,14174,0,0,0,0,0
2020-02-13,Monterey,053,433212,1,0,0,0,0
2020-02-13,Napa,055,140530,0,0,0,0,0
2020-02-13,Nevada,057,99092,0,0,0,0,0
2020-02-13,Orange,059,3164182,35,1,0,1,0
2020-02-13,Placer,061,380077,0,0,0,0,0
2020-02-13,Plumas,063,18699,0,0,0,0,0
2020-02-13,Riverside,065,2383286,4,0,0,0,0
2020-02-13,Sacramento,067,1510023,1,0,0,0,0
2020-02-13,San Benito,069,59416,0,2,0,2,0
2020-02-13,San Bernardino,071,2135413,8,0,0,0,0
2020-02-13,San Diego,073,3302833,0,2,0,2,0
2020-02-13,San Francisco,075,870044,2,0,0,0,0
2020-02-13,San Joaquin,077,732212,1,0,1,1,0
2020-02-13,San Luis Obispo,079,281455,0,0,0,0,0
2020-02-13,San Mateo,081,765935,2,0,0,0,0
2020-02-13,Santa Barbara,083,443738,0,0,0,0,0
2020-02-13,Santa Clara,085,1922200,7,2,0,2,0
2020-02-13,Santa Cruz,087,273765,0,0,0,0,0
2020-02-13,Shasta,089,179085,0,0,0,0,0
2020-02-13,Sierra,091,2930,0,0,0,0,0
2020-02-13,Siskiyou,093,43540,0,0,0,0,0
2020-02-13,Solano,095,438530,0,0,0,0,0
2020-02-13,Sonoma,097,501317,0,0,0,0,0
2020-02-13,Stanislaus,099,539301,1,0,1,1,0
2020-02-13,Sutter,101,95872,0,0,0,0,0
2020-02-13,Tehama,103,63373,0,0,0,0,0
2020-02-13,Trinity,105,12862,0,0,0,0,0
2020-02-13,Tulare,107,460477,2,0,0,0,0
2020-02-13,Tuolumne,109,53932,0,0,0,0,0
2020-02-13,Ventura,111,848112,2,0,0,0,0
2020-02-13,Yolo,113,214977,0,0,0,0,0
2020-02-13,Yuba,115,75493,0,0,0,0,0
2020-02-12,Alameda,001,1643700,5,0,0,0,0
2020-02-12,Alpine,003,1148,0,0,0,0,0
2020-02-12,Amador,005,37829,0,0,0,0,0
2020-02-12,Butte,007,227075,0,0,0,0,0
2020-02-12,Calaveras,009,45235,0,0,0,0,0
2020-02-12,Colusa,011,21464,0,0,0,0,0
2020-02-12,Contra Costa,013,1133247,3,0,0,0,0
2020-02-12,Del Norte,015,27424,0,0,0,0,0
2020-02-12,El Dorado,017,186661,0,0,0,0,0
2020-02-12,Fresno,019,978130,0,0,0,0,0
2020-02-12,Glenn,021,27897,0,0,0,0,0
2020-02-12,Humboldt,023,135768,1,0,0,0,0
2020-02-12,Imperial,025,180216,0,0,0,0,0
2020-02-12,Inyo,027,18085,0,0,0,0,0
2020-02-12,Kern,029,883053,2,0,0,0,0
2020-02-12,Kings,031,150075,1,0,0,0,0
2020-02-12,Lake,033,64148,0,0,0,0,0
2020-02-12,Lassen,035,31185,0,0,0,0,0
2020-02-12,Los Angeles,037,10098052,30,1,3,4,0
2020-02-12,Madera,039,155013,0,0,0,0,0
2020-02-12,Marin,041,260295,0,0,0,0,0
2020-02-12,Mariposa,043,17540,0,0,0,0,0
2020-02-12,Mendocino,045,87422,0,0,0,0,0
2020-02-12,Merced,047,269075,0,0,0,0,0
2020-02-12,Modoc,049,8938,0,0,0,0,0
2020-02-12,Mono,051,14174,0,0,0,0,0
2020-02-12,Monterey,053,433212,1,0,0,0,0
2020-02-12,Napa,055,140530,0,0,0,0,0
2020-02-12,Nevada,057,99092,0,0,0,0,0
2020-02-12,Orange,059,3164182,35,1,0,1,0
2020-02-12,Placer,061,380077,0,0,0,0,0
2020-02-12,Plumas,063,18699,0,0,0,0,0
2020-02-12,Riverside,065,2383286,4,0,0,0,0
2020-02-12,Sacramento,067,1510023,1,0,0,0,0
2020-02-12,San Benito,069,59416,0,2,0,2,0
2020-02-12,San Bernardino,071,2135413,8,0,0,0,0
2020-02-12,San Diego,073,3302833,0,2,0,2,0
2020-02-12,San Francisco,075,870044,2,0,0,0,0
2020-02-12,San Joaquin,077,732212,1,0,1,1,0
2020-02-12,San Luis Obispo,079,281455,0,0,0,0,0
2020-02-12,San Mateo,081,765935,2,0,0,0,0
2020-02-12,Santa Barbara,083,443738,0,0,0,0,0
2020-02-12,Santa Clara,085,1922200,6,2,0,2,0
2020-02-12,Santa Cruz,087,273765,0,0,0,0,0
2020-02-12,Shasta,089,179085,0,0,0,0,0
2020-02-12,Sierra,091,2930,0,0,0,0,0
2020-02-12,Siskiyou,093,43540,0,0,0,0,0
2020-02-12,Solano,095,438530,0,0,0,0,0
2020-02-12,Sonoma,097,501317,0,0,0,0,0
2020-02-12,Stanislaus,099,539301,1,0,1,1,0
2020-02-12,Sutter,101,95872,0,0,0,0,0
2020-02-12,Tehama,103,63373,0,0,0,0,0
2020-02-12,Trinity,105,12862,0,0,0,0,0
2020-02-12,Tulare,107,460477,2,0,0,0,0
2020-02-12,Tuolumne,109,53932,0,0,0,0,0
2020-02-12,Ventura,111,848112,2,0,0,0,0
2020-02-12,Yolo,113,214977,0,0,0,0,0
2020-02-12,Yuba,115,75493,0,0,0,0,0
2020-02-11,Alameda,001,1643700,5,0,0,0,0
2020-02-11,Alpine,003,1148,0,0,0,0,0
2020-02-11,Amador,005,37829,0,0,0,0,0
2020-02-11,Butte,007,227075,0,0,0,0,0
2020-02-11,Calaveras,009,45235,0,0,0,0,0
2020-02-11,Colusa,011,21464,0,0,0,0,0
2020-02-11,Contra Costa,013,1133247,3,0,0,0,0
2020-02-11,Del Norte,015,27424,0,0,0,0,0
2020-02-11,El Dorado,017,186661,0,0,0,0,0
2020-02-11,Fresno,019,978130,0,0,0,0,0
2020-02-11,Glenn,021,27897,0,0,0,0,0
2020-02-11,Humboldt,023,135768,1,0,0,0,0
2020-02-11,Imperial,025,180216,0,0,0,0,0
2020-02-11,Inyo,027,18085,0,0,0,0,0
2020-02-11,Kern,029,883053,2,0,0,0,0
2020-02-11,Kings,031,150075,1,0,0,0,0
2020-02-11,Lake,033,64148,0,0,0,0,0
2020-02-11,Lassen,035,31185,0,0,0,0,0
2020-02-11,Los Angeles,037,10098052,30,1,3,4,0
2020-02-11,Madera,039,155013,0,0,0,0,0
2020-02-11,Marin,041,260295,0,0,0,0,0
2020-02-11,Mariposa,043,17540,0,0,0,0,0
2020-02-11,Mendocino,045,87422,0,0,0,0,0
2020-02-11,Merced,047,269075,0,0,0,0,0
2020-02-11,Modoc,049,8938,0,0,0,0,0
2020-02-11,Mono,051,14174,0,0,0,0,0
2020-02-11,Monterey,053,433212,1,0,0,0,0
2020-02-11,Napa,055,140530,0,0,0,0,0
2020-02-11,Nevada,057,99092,0,0,0,0,0
2020-02-11,Orange,059,3164182,34,1,0,1,0
2020-02-11,Placer,061,380077,0,0,0,0,0
2020-02-11,Plumas,063,18699,0,0,0,0,0
2020-02-11,Riverside,065,2383286,4,0,0,0,0
2020-02-11,Sacramento,067,1510023,1,0,0,0,0
2020-02-11,San Benito,069,59416,0,2,0,2,0
2020-02-11,San Bernardino,071,2135413,8,0,0,0,0
2020-02-11,San Diego,073,3302833,0,1,0,1,0
2020-02-11,San Francisco,075,870044,2,0,0,0,0
2020-02-11,San Joaquin,077,732212,0,0,1,1,0
2020-02-11,San Luis Obispo,079,281455,0,0,0,0,0
2020-02-11,San Mateo,081,765935,2,0,0,0,0
2020-02-11,Santa Barbara,083,443738,0,0,0,0,0
2020-02-11,Santa Clara,085,1922200,5,2,0,2,0
2020-02-11,Santa Cruz,087,273765,0,0,0,0,0
2020-02-11,Shasta,089,179085,0,0,0,0,0
2020-02-11,Sierra,091,2930,0,0,0,0,0
2020-02-11,Siskiyou,093,43540,0,0,0,0,0
2020-02-11,Solano,095,438530,0,0,0,0,0
2020-02-11,Sonoma,097,501317,0,0,0,0,0
2020-02-11,Stanislaus,099,539301,1,0,1,1,0
2020-02-11,Sutter,101,95872,0,0,0,0,0
2020-02-11,Tehama,103,63373,0,0,0,0,0
2020-02-11,Trinity,105,12862,0,0,0,0,0
2020-02-11,Tulare,107,460477,2,0,0,0,0
2020-02-11,Tuolumne,109,53932,0,0,0,0,0
2020-02-11,Ventura,111,848112,2,0,0,0,0
2020-02-11,Yolo,113,214977,0,0,0,0,0
2020-02-11,Yuba,115,75493,0,0,0,0,0
2020-02-10,Alameda,001,1643700,5,0,0,0,0
2020-02-10,Alpine,003,1148,0,0,0,0,0
2020-02-10,Amador,005,37829,0,0,0,0,0
2020-02-10,Butte,007,227075,0,0,0,0,0
2020-02-10,Calaveras,009,45235,0,0,0,0,0
2020-02-10,Colusa,011,21464,0,0,0,0,0
2020-02-10,Contra Costa,013,1133247,3,0,0,0,0
2020-02-10,Del Norte,015,27424,0,0,0,0,0
2020-02-10,El Dorado,017,186661,0,0,0,0,0
2020-02-10,Fresno,019,978130,0,0,0,0,0
2020-02-10,Glenn,021,27897,0,0,0,0,0
2020-02-10,Humboldt,023,135768,0,0,0,0,0
2020-02-10,Imperial,025,180216,0,0,0,0,0
2020-02-10,Inyo,027,18085,0,0,0,0,0
2020-02-10,Kern,029,883053,2,0,0,0,0
2020-02-10,Kings,031,150075,1,0,0,0,0
2020-02-10,Lake,033,64148,0,0,0,0,0
2020-02-10,Lassen,035,31185,0,0,0,0,0
2020-02-10,Los Angeles,037,10098052,28,1,3,4,0
2020-02-10,Madera,039,155013,0,0,0,0,0
2020-02-10,Marin,041,260295,0,0,0,0,0
2020-02-10,Mariposa,043,17540,0,0,0,0,0
2020-02-10,Mendocino,045,87422,0,0,0,0,0
2020-02-10,Merced,047,269075,0,0,0,0,0
2020-02-10,Modoc,049,8938,0,0,0,0,0
2020-02-10,Mono,051,14174,0,0,0,0,0
2020-02-10,Monterey,053,433212,1,0,0,0,0
2020-02-10,Napa,055,140530,0,0,0,0,0
2020-02-10,Nevada,057,99092,0,0,0,0,0
2020-02-10,Orange,059,3164182,34,1,0,1,0
2020-02-10,Placer,061,380077,0,0,0,0,0
2020-02-10,Plumas,063,18699,0,0,0,0,0
2020-02-10,Riverside,065,2383286,4,0,0,0,0
2020-02-10,Sacramento,067,1510023,1,0,0,0,0
2020-02-10,San Benito,069,59416,0,2,0,2,0
2020-02-10,San Bernardino,071,2135413,7,0,0,0,0
2020-02-10,San Diego,073,3302833,0,0,0,0,0
2020-02-10,San Francisco,075,870044,2,0,0,0,0
2020-02-10,San Joaquin,077,732212,0,0,1,1,0
2020-02-10,San Luis Obispo,079,281455,0,0,0,0,0
2020-02-10,San Mateo,081,765935,2,0,0,0,0
2020-02-10,Santa Barbara,083,443738,0,0,0,0,0
2020-02-10,Santa Clara,085,1922200,5,2,0,2,0
2020-02-10,Santa Cruz,087,273765,0,0,0,0,0
2020-02-10,Shasta,089,179085,0,0,0,0,0
2020-02-10,Sierra,091,2930,0,0,0,0,0
2020-02-10,Siskiyou,093,43540,0,0,0,0,0
2020-02-10,Solano,095,438530,0,0,0,0,0
2020-02-10,Sonoma,097,501317,0,0,0,0,0
2020-02-10,Stanislaus,099,539301,1,0,0,0,0
2020-02-10,Sutter,101,95872,0,0,0,0,0
2020-02-10,Tehama,103,63373,0,0,0,0,0
2020-02-10,Trinity,105,12862,0,0,0,0,0
2020-02-10,Tulare,107,460477,2,0,0,0,0
2020-02-10,Tuolumne,109,53932,0,0,0,0,0
2020-02-10,Ventura,111,848112,2,0,0,0,0
2020-02-10,Yolo,113,214977,0,0,0,0,0
2020-02-10,Yuba,115,75493,0,0,0,0,0
2020-02-09,Alameda,001,1643700,5,0,0,0,0
2020-02-09,Alpine,003,1148,0,0,0,0,0
2020-02-09,Amador,005,37829,0,0,0,0,0
2020-02-09,Butte,007,227075,0,0,0,0,0
2020-02-09,Calaveras,009,45235,0,0,0,0,0
2020-02-09,Colusa,011,21464,0,0,0,0,0
2020-02-09,Contra Costa,013,1133247,3,0,0,0,0
2020-02-09,Del Norte,015,27424,0,0,0,0,0
2020-02-09,El Dorado,017,186661,0,0,0,0,0
2020-02-09,Fresno,019,978130,0,0,0,0,0
2020-02-09,Glenn,021,27897,0,0,0,0,0
2020-02-09,Humboldt,023,135768,0,0,0,0,0
2020-02-09,Imperial,025,180216,0,0,0,0,0
2020-02-09,Inyo,027,18085,0,0,0,0,0
2020-02-09,Kern,029,883053,2,0,0,0,0
2020-02-09,Kings,031,150075,1,0,0,0,0
2020-02-09,Lake,033,64148,0,0,0,0,0
2020-02-09,Lassen,035,31185,0,0,0,0,0
2020-02-09,Los Angeles,037,10098052,27,1,3,4,0
2020-02-09,Madera,039,155013,0,0,0,0,0
2020-02-09,Marin,041,260295,0,0,0,0,0
2020-02-09,Mariposa,043,17540,0,0,0,0,0
2020-02-09,Mendocino,045,87422,0,0,0,0,0
2020-02-09,Merced,047,269075,0,0,0,0,0
2020-02-09,Modoc,049,8938,0,0,0,0,0
2020-02-09,Mono,051,14174,0,0,0,0,0
2020-02-09,Monterey,053,433212,1,0,0,0,0
2020-02-09,Napa,055,140530,0,0,0,0,0
2020-02-09,Nevada,057,99092,0,0,0,0,0
2020-02-09,Orange,059,3164182,34,1,0,1,0
2020-02-09,Placer,061,380077,0,0,0,0,0
2020-02-09,Plumas,063,18699,0,0,0,0,0
2020-02-09,Riverside,065,2383286,4,0,0,0,0
2020-02-09,Sacramento,067,1510023,0,0,0,0,0
2020-02-09,San Benito,069,59416,0,2,0,2,0
2020-02-09,San Bernardino,071,2135413,7,0,0,0,0
2020-02-09,San Diego,073,3302833,0,0,0,0,0
2020-02-09,San Francisco,075,870044,1,0,0,0,0
2020-02-09,San Joaquin,077,732212,0,0,1,1,0
2020-02-09,San Luis Obispo,079,281455,0,0,0,0,0
2020-02-09,San Mateo,081,765935,2,0,0,0,0
2020-02-09,Santa Barbara,083,443738,0,0,0,0,0
2020-02-09,Santa Clara,085,1922200,4,2,0,2,0
2020-02-09,Santa Cruz,087,273765,0,0,0,0,0
2020-02-09,Shasta,089,179085,0,0,0,0,0
2020-02-09,Sierra,091,2930,0,0,0,0,0
2020-02-09,Siskiyou,093,43540,0,0,0,0,0
2020-02-09,Solano,095,438530,0,0,0,0,0
2020-02-09,Sonoma,097,501317,0,0,0,0,0
2020-02-09,Stanislaus,099,539301,0,0,0,0,0
2020-02-09,Sutter,101,95872,0,0,0,0,0
2020-02-09,Tehama,103,63373,0,0,0,0,0
2020-02-09,Trinity,105,12862,0,0,0,0,0
2020-02-09,Tulare,107,460477,2,0,0,0,0
2020-02-09,Tuolumne,109,53932,0,0,0,0,0
2020-02-09,Ventura,111,848112,1,0,0,0,0
2020-02-09,Yolo,113,214977,0,0,0,0,0
2020-02-09,Yuba,115,75493,0,0,0,0,0
2020-02-08,Alameda,001,1643700,4,0,0,0,0
2020-02-08,Alpine,003,1148,0,0,0,0,0
2020-02-08,Amador,005,37829,0,0,0,0,0
2020-02-08,Butte,007,227075,0,0,0,0,0
2020-02-08,Calaveras,009,45235,0,0,0,0,0
2020-02-08,Colusa,011,21464,0,0,0,0,0
2020-02-08,Contra Costa,013,1133247,2,0,0,0,0
2020-02-08,Del Norte,015,27424,0,0,0,0,0
2020-02-08,El Dorado,017,186661,0,0,0,0,0
2020-02-08,Fresno,019,978130,0,0,0,0,0
2020-02-08,Glenn,021,27897,0,0,0,0,0
2020-02-08,Humboldt,023,135768,0,0,0,0,0
2020-02-08,Imperial,025,180216,0,0,0,0,0
2020-02-08,Inyo,027,18085,0,0,0,0,0
2020-02-08,Kern,029,883053,2,0,0,0,0
2020-02-08,Kings,031,150075,1,0,0,0,0
2020-02-08,Lake,033,64148,0,0,0,0,0
2020-02-08,Lassen,035,31185,0,0,0,0,0
2020-02-08,Los Angeles,037,10098052,24,1,1,2,0
2020-02-08,Madera,039,155013,0,0,0,0,0
2020-02-08,Marin,041,260295,0,0,0,0,0
2020-02-08,Mariposa,043,17540,0,0,0,0,0
2020-02-08,Mendocino,045,87422,0,0,0,0,0
2020-02-08,Merced,047,269075,0,0,0,0,0
2020-02-08,Modoc,049,8938,0,0,0,0,0
2020-02-08,Mono,051,14174,0,0,0,0,0
2020-02-08,Monterey,053,433212,1,0,0,0,0
2020-02-08,Napa,055,140530,0,0,0,0,0
2020-02-08,Nevada,057,99092,0,0,0,0,0
2020-02-08,Orange,059,3164182,34,1,0,1,0
2020-02-08,Placer,061,380077,0,0,0,0,0
2020-02-08,Plumas,063,18699,0,0,0,0,0
2020-02-08,Riverside,065,2383286,4,0,0,0,0
2020-02-08,Sacramento,067,1510023,0,0,0,0,0
2020-02-08,San Benito,069,59416,0,2,0,2,0
2020-02-08,San Bernardino,071,2135413,7,0,0,0,0
2020-02-08,San Diego,073,3302833,0,0,0,0,0
2020-02-08,San Francisco,075,870044,1,0,0,0,0
2020-02-08,San Joaquin,077,732212,0,0,1,1,0
2020-02-08,San Luis Obispo,079,281455,0,0,0,0,0
2020-02-08,San Mateo,081,765935,2,0,0,0,0
2020-02-08,Santa Barbara,083,443738,0,0,0,0,0
2020-02-08,Santa Clara,085,1922200,4,2,0,2,0
2020-02-08,Santa Cruz,087,273765,0,0,0,0,0
2020-02-08,Shasta,089,179085,0,0,0,0,0
2020-02-08,Sierra,091,2930,0,0,0,0,0
2020-02-08,Siskiyou,093,43540,0,0,0,0,0
2020-02-08,Solano,095,438530,0,0,0,0,0
2020-02-08,Sonoma,097,501317,0,0,0,0,0
2020-02-08,Stanislaus,099,539301,0,0,0,0,0
2020-02-08,Sutter,101,95872,0,0,0,0,0
2020-02-08,Tehama,103,63373,0,0,0,0,0
2020-02-08,Trinity,105,12862,0,0,0,0,0
2020-02-08,Tulare,107,460477,2,0,0,0,0
2020-02-08,Tuolumne,109,53932,0,0,0,0,0
2020-02-08,Ventura,111,848112,1,0,0,0,0
2020-02-08,Yolo,113,214977,0,0,0,0,0
2020-02-08,Yuba,115,75493,0,0,0,0,0
2020-02-07,Alameda,001,1643700,4,0,0,0,0
2020-02-07,Alpine,003,1148,0,0,0,0,0
2020-02-07,Amador,005,37829,0,0,0,0,0
2020-02-07,Butte,007,227075,0,0,0,0,0
2020-02-07,Calaveras,009,45235,0,0,0,0,0
2020-02-07,Colusa,011,21464,0,0,0,0,0
2020-02-07,Contra Costa,013,1133247,2,0,0,0,0
2020-02-07,Del Norte,015,27424,0,0,0,0,0
2020-02-07,El Dorado,017,186661,0,0,0,0,0
2020-02-07,Fresno,019,978130,0,0,0,0,0
2020-02-07,Glenn,021,27897,0,0,0,0,0
2020-02-07,Humboldt,023,135768,0,0,0,0,0
2020-02-07,Imperial,025,180216,0,0,0,0,0
2020-02-07,Inyo,027,18085,0,0,0,0,0
2020-02-07,Kern,029,883053,2,0,0,0,0
2020-02-07,Kings,031,150075,1,0,0,0,0
2020-02-07,Lake,033,64148,0,0,0,0,0
2020-02-07,Lassen,035,31185,0,0,0,0,0
2020-02-07,Los Angeles,037,10098052,23,1,0,1,0
2020-02-07,Madera,039,155013,0,0,0,0,0
2020-02-07,Marin,041,260295,0,0,0,0,0
2020-02-07,Mariposa,043,17540,0,0,0,0,0
2020-02-07,Mendocino,045,87422,0,0,0,0,0
2020-02-07,Merced,047,269075,0,0,0,0,0
2020-02-07,Modoc,049,8938,0,0,0,0,0
2020-02-07,Mono,051,14174,0,0,0,0,0
2020-02-07,Monterey,053,433212,1,0,0,0,0
2020-02-07,Napa,055,140530,0,0,0,0,0
2020-02-07,Nevada,057,99092,0,0,0,0,0
2020-02-07,Orange,059,3164182,32,1,0,1,0
2020-02-07,Placer,061,380077,0,0,0,0,0
2020-02-07,Plumas,063,18699,0,0,0,0,0
2020-02-07,Riverside,065,2383286,4,0,0,0,0
2020-02-07,Sacramento,067,1510023,0,0,0,0,0
2020-02-07,San Benito,069,59416,0,2,0,2,0
2020-02-07,San Bernardino,071,2135413,4,0,0,0,0
2020-02-07,San Diego,073,3302833,0,0,0,0,0
2020-02-07,San Francisco,075,870044,1,0,0,0,0
2020-02-07,San Joaquin,077,732212,0,0,1,1,0
2020-02-07,San Luis Obispo,079,281455,0,0,0,0,0
2020-02-07,San Mateo,081,765935,1,0,0,0,0
2020-02-07,Santa Barbara,083,443738,0,0,0,0,0
2020-02-07,Santa Clara,085,1922200,4,2,0,2,0
2020-02-07,Santa Cruz,087,273765,0,0,0,0,0
2020-02-07,Shasta,089,179085,0,0,0,0,0
2020-02-07,Sierra,091,2930,0,0,0,0,0
2020-02-07,Siskiyou,093,43540,0,0,0,0,0
2020-02-07,Solano,095,438530,0,0,0,0,0
2020-02-07,Sonoma,097,501317,0,0,0,0,0
2020-02-07,Stanislaus,099,539301,0,0,0,0,0
2020-02-07,Sutter,101,95872,0,0,0,0,0
2020-02-07,Tehama,103,63373,0,0,0,0,0
2020-02-07,Trinity,105,12862,0,0,0,0,0
2020-02-07,Tulare,107,460477,2,0,0,0,0
2020-02-07,Tuolumne,109,53932,0,0,0,0,0
2020-02-07,Ventura,111,848112,1,0,0,0,0
2020-02-07,Yolo,113,214977,0,0,0,0,0
2020-02-07,Yuba,115,75493,0,0,0,0,0
2020-02-06,Alameda,001,1643700,4,0,0,0,0
2020-02-06,Alpine,003,1148,0,0,0,0,0
2020-02-06,Amador,005,37829,0,0,0,0,0
2020-02-06,Butte,007,227075,0,0,0,0,0
2020-02-06,Calaveras,009,45235,0,0,0,0,0
2020-02-06,Colusa,011,21464,0,0,0,0,0
2020-02-06,Contra Costa,013,1133247,2,0,0,0,0
2020-02-06,Del Norte,015,27424,0,0,0,0,0
2020-02-06,El Dorado,017,186661,0,0,0,0,0
2020-02-06,Fresno,019,978130,0,0,0,0,0
2020-02-06,Glenn,021,27897,0,0,0,0,0
2020-02-06,Humboldt,023,135768,0,0,0,0,0
2020-02-06,Imperial,025,180216,0,0,0,0,0
2020-02-06,Inyo,027,18085,0,0,0,0,0
2020-02-06,Kern,029,883053,2,0,0,0,0
2020-02-06,Kings,031,150075,0,0,0,0,0
2020-02-06,Lake,033,64148,0,0,0,0,0
2020-02-06,Lassen,035,31185,0,0,0,0,0
2020-02-06,Los Angeles,037,10098052,22,1,0,1,0
2020-02-06,Madera,039,155013,0,0,0,0,0
2020-02-06,Marin,041,260295,0,0,0,0,0
2020-02-06,Mariposa,043,17540,0,0,0,0,0
2020-02-06,Mendocino,045,87422,0,0,0,0,0
2020-02-06,Merced,047,269075,0,0,0,0,0
2020-02-06,Modoc,049,8938,0,0,0,0,0
2020-02-06,Mono,051,14174,0,0,0,0,0
2020-02-06,Monterey,053,433212,1,0,0,0,0
2020-02-06,Napa,055,140530,0,0,0,0,0
2020-02-06,Nevada,057,99092,0,0,0,0,0
2020-02-06,Orange,059,3164182,2,1,0,1,0
2020-02-06,Placer,061,380077,0,0,0,0,0
2020-02-06,Plumas,063,18699,0,0,0,0,0
2020-02-06,Riverside,065,2383286,4,0,0,0,0
2020-02-06,Sacramento,067,1510023,0,0,0,0,0
2020-02-06,San Benito,069,59416,0,2,0,2,0
2020-02-06,San Bernardino,071,2135413,4,0,0,0,0
2020-02-06,San Diego,073,3302833,0,0,0,0,0
2020-02-06,San Francisco,075,870044,1,0,0,0,0
2020-02-06,San Joaquin,077,732212,0,0,1,1,0
2020-02-06,San Luis Obispo,079,281455,0,0,0,0,0
2020-02-06,San Mateo,081,765935,1,0,0,0,0
2020-02-06,Santa Barbara,083,443738,0,0,0,0,0
2020-02-06,Santa Clara,085,1922200,4,2,0,2,0
2020-02-06,Santa Cruz,087,273765,0,0,0,0,0
2020-02-06,Shasta,089,179085,0,0,0,0,0
2020-02-06,Sierra,091,2930,0,0,0,0,0
2020-02-06,Siskiyou,093,43540,0,0,0,0,0
2020-02-06,Solano,095,438530,0,0,0,0,0
2020-02-06,Sonoma,097,501317,0,0,0,0,0
2020-02-06,Stanislaus,099,539301,0,0,0,0,0
2020-02-06,Sutter,101,95872,0,0,0,0,0
2020-02-06,Tehama,103,63373,0,0,0,0,0
2020-02-06,Trinity,105,12862,0,0,0,0,0
2020-02-06,Tulare,107,460477,2,0,0,0,0
2020-02-06,Tuolumne,109,53932,0,0,0,0,0
2020-02-06,Ventura,111,848112,1,0,0,0,0
2020-02-06,Yolo,113,214977,0,0,0,0,0
2020-02-06,Yuba,115,75493,0,0,0,0,0
2020-02-05,Alameda,001,1643700,3,0,0,0,0
2020-02-05,Alpine,003,1148,0,0,0,0,0
2020-02-05,Amador,005,37829,0,0,0,0,0
2020-02-05,Butte,007,227075,0,0,0,0,0
2020-02-05,Calaveras,009,45235,0,0,0,0,0
2020-02-05,Colusa,011,21464,0,0,0,0,0
2020-02-05,Contra Costa,013,1133247,2,0,0,0,0
2020-02-05,Del Norte,015,27424,0,0,0,0,0
2020-02-05,El Dorado,017,186661,0,0,0,0,0
2020-02-05,Fresno,019,978130,0,0,0,0,0
2020-02-05,Glenn,021,27897,0,0,0,0,0
2020-02-05,Humboldt,023,135768,0,0,0,0,0
2020-02-05,Imperial,025,180216,0,0,0,0,0
2020-02-05,Inyo,027,18085,0,0,0,0,0
2020-02-05,Kern,029,883053,1,0,0,0,0
2020-02-05,Kings,031,150075,0,0,0,0,0
2020-02-05,Lake,033,64148,0,0,0,0,0
2020-02-05,Lassen,035,31185,0,0,0,0,0
2020-02-05,Los Angeles,037,10098052,22,1,0,1,0
2020-02-05,Madera,039,155013,0,0,0,0,0
2020-02-05,Marin,041,260295,0,0,0,0,0
2020-02-05,Mariposa,043,17540,0,0,0,0,0
2020-02-05,Mendocino,045,87422,0,0,0,0,0
2020-02-05,Merced,047,269075,0,0,0,0,0
2020-02-05,Modoc,049,8938,0,0,0,0,0
2020-02-05,Mono,051,14174,0,0,0,0,0
2020-02-05,Monterey,053,433212,1,0,0,0,0
2020-02-05,Napa,055,140530,0,0,0,0,0
2020-02-05,Nevada,057,99092,0,0,0,0,0
2020-02-05,Orange,059,3164182,1,1,0,1,0
2020-02-05,Placer,061,380077,0,0,0,0,0
2020-02-05,Plumas,063,18699,0,0,0,0,0
2020-02-05,Riverside,065,2383286,4,0,0,0,0
2020-02-05,Sacramento,067,1510023,0,0,0,0,0
2020-02-05,San Benito,069,59416,0,2,0,2,0
2020-02-05,San Bernardino,071,2135413,4,0,0,0,0
2020-02-05,San Diego,073,3302833,0,0,0,0,0
2020-02-05,San Francisco,075,870044,1,0,0,0,0
2020-02-05,San Joaquin,077,732212,0,0,1,1,0
2020-02-05,San Luis Obispo,079,281455,0,0,0,0,0
2020-02-05,San Mateo,081,765935,1,0,0,0,0
2020-02-05,Santa Barbara,083,443738,0,0,0,0,0
2020-02-05,Santa Clara,085,1922200,2,2,0,2,0
2020-02-05,Santa Cruz,087,273765,0,0,0,0,0
2020-02-05,Shasta,089,179085,0,0,0,0,0
2020-02-05,Sierra,091,2930,0,0,0,0,0
2020-02-05,Siskiyou,093,43540,0,0,0,0,0
2020-02-05,Solano,095,438530,0,0,0,0,0
2020-02-05,Sonoma,097,501317,0,0,0,0,0
2020-02-05,Stanislaus,099,539301,0,0,0,0,0
2020-02-05,Sutter,101,95872,0,0,0,0,0
2020-02-05,Tehama,103,63373,0,0,0,0,0
2020-02-05,Trinity,105,12862,0,0,0,0,0
2020-02-05,Tulare,107,460477,2,0,0,0,0
2020-02-05,Tuolumne,109,53932,0,0,0,0,0
2020-02-05,Ventura,111,848112,0,0,0,0,0
2020-02-05,Yolo,113,214977,0,0,0,0,0
2020-02-05,Yuba,115,75493,0,0,0,0,0
2020-02-04,Alameda,001,1643700,3,0,0,0,0
2020-02-04,Alpine,003,1148,0,0,0,0,0
2020-02-04,Amador,005,37829,0,0,0,0,0
2020-02-04,Butte,007,227075,0,0,0,0,0
2020-02-04,Calaveras,009,45235,0,0,0,0,0
2020-02-04,Colusa,011,21464,0,0,0,0,0
2020-02-04,Contra Costa,013,1133247,2,0,0,0,0
2020-02-04,Del Norte,015,27424,0,0,0,0,0
2020-02-04,El Dorado,017,186661,0,0,0,0,0
2020-02-04,Fresno,019,978130,0,0,0,0,0
2020-02-04,Glenn,021,27897,0,0,0,0,0
2020-02-04,Humboldt,023,135768,0,0,0,0,0
2020-02-04,Imperial,025,180216,0,0,0,0,0
2020-02-04,Inyo,027,18085,0,0,0,0,0
2020-02-04,Kern,029,883053,0,0,0,0,0
2020-02-04,Kings,031,150075,0,0,0,0,0
2020-02-04,Lake,033,64148,0,0,0,0,0
2020-02-04,Lassen,035,31185,0,0,0,0,0
2020-02-04,Los Angeles,037,10098052,22,1,0,1,0
2020-02-04,Madera,039,155013,0,0,0,0,0
2020-02-04,Marin,041,260295,0,0,0,0,0
2020-02-04,Mariposa,043,17540,0,0,0,0,0
2020-02-04,Mendocino,045,87422,0,0,0,0,0
2020-02-04,Merced,047,269075,0,0,0,0,0
2020-02-04,Modoc,049,8938,0,0,0,0,0
2020-02-04,Mono,051,14174,0,0,0,0,0
2020-02-04,Monterey,053,433212,1,0,0,0,0
2020-02-04,Napa,055,140530,0,0,0,0,0
2020-02-04,Nevada,057,99092,0,0,0,0,0
2020-02-04,Orange,059,3164182,1,1,0,1,0
2020-02-04,Placer,061,380077,0,0,0,0,0
2020-02-04,Plumas,063,18699,0,0,0,0,0
2020-02-04,Riverside,065,2383286,4,0,0,0,0
2020-02-04,Sacramento,067,1510023,0,0,0,0,0
2020-02-04,San Benito,069,59416,0,2,0,2,0
2020-02-04,San Bernardino,071,2135413,3,0,0,0,0
2020-02-04,San Diego,073,3302833,0,0,0,0,0
2020-02-04,San Francisco,075,870044,1,0,0,0,0
2020-02-04,San Joaquin,077,732212,0,0,1,1,0
2020-02-04,San Luis Obispo,079,281455,0,0,0,0,0
2020-02-04,San Mateo,081,765935,0,0,0,0,0
2020-02-04,Santa Barbara,083,443738,0,0,0,0,0
2020-02-04,Santa Clara,085,1922200,2,2,0,2,0
2020-02-04,Santa Cruz,087,273765,0,0,0,0,0
2020-02-04,Shasta,089,179085,0,0,0,0,0
2020-02-04,Sierra,091,2930,0,0,0,0,0
2020-02-04,Siskiyou,093,43540,0,0,0,0,0
2020-02-04,Solano,095,438530,0,0,0,0,0
2020-02-04,Sonoma,097,501317,0,0,0,0,0
2020-02-04,Stanislaus,099,539301,0,0,0,0,0
2020-02-04,Sutter,101,95872,0,0,0,0,0
2020-02-04,Tehama,103,63373,0,0,0,0,0
2020-02-04,Trinity,105,12862,0,0,0,0,0
2020-02-04,Tulare,107,460477,2,0,0,0,0
2020-02-04,Tuolumne,109,53932,0,0,0,0,0
2020-02-04,Ventura,111,848112,0,0,0,0,0
2020-02-04,Yolo,113,214977,0,0,0,0,0
2020-02-04,Yuba,115,75493,0,0,0,0,0
2020-02-03,Alameda,001,1643700,3,0,0,0,0
2020-02-03,Alpine,003,1148,0,0,0,0,0
2020-02-03,Amador,005,37829,0,0,0,0,0
2020-02-03,Butte,007,227075,0,0,0,0,0
2020-02-03,Calaveras,009,45235,0,0,0,0,0
2020-02-03,Colusa,011,21464,0,0,0,0,0
2020-02-03,Contra Costa,013,1133247,2,0,0,0,0
2020-02-03,Del Norte,015,27424,0,0,0,0,0
2020-02-03,El Dorado,017,186661,0,0,0,0,0
2020-02-03,Fresno,019,978130,0,0,0,0,0
2020-02-03,Glenn,021,27897,0,0,0,0,0
2020-02-03,Humboldt,023,135768,0,0,0,0,0
2020-02-03,Imperial,025,180216,0,0,0,0,0
2020-02-03,Inyo,027,18085,0,0,0,0,0
2020-02-03,Kern,029,883053,0,0,0,0,0
2020-02-03,Kings,031,150075,0,0,0,0,0
2020-02-03,Lake,033,64148,0,0,0,0,0
2020-02-03,Lassen,035,31185,0,0,0,0,0
2020-02-03,Los Angeles,037,10098052,21,1,0,1,0
2020-02-03,Madera,039,155013,0,0,0,0,0
2020-02-03,Marin,041,260295,0,0,0,0,0
2020-02-03,Mariposa,043,17540,0,0,0,0,0
2020-02-03,Mendocino,045,87422,0,0,0,0,0
2020-02-03,Merced,047,269075,0,0,0,0,0
2020-02-03,Modoc,049,8938,0,0,0,0,0
2020-02-03,Mono,051,14174,0,0,0,0,0
2020-02-03,Monterey,053,433212,1,0,0,0,0
2020-02-03,Napa,055,140530,0,0,0,0,0
2020-02-03,Nevada,057,99092,0,0,0,0,0
2020-02-03,Orange,059,3164182,1,1,0,1,0
2020-02-03,Placer,061,380077,0,0,0,0,0
2020-02-03,Plumas,063,18699,0,0,0,0,0
2020-02-03,Riverside,065,2383286,4,0,0,0,0
2020-02-03,Sacramento,067,1510023,0,0,0,0,0
2020-02-03,San Benito,069,59416,0,2,0,2,0
2020-02-03,San Bernardino,071,2135413,3,0,0,0,0
2020-02-03,San Diego,073,3302833,0,0,0,0,0
2020-02-03,San Francisco,075,870044,1,0,0,0,0
2020-02-03,San Joaquin,077,732212,0,0,1,1,0
2020-02-03,San Luis Obispo,079,281455,0,0,0,0,0
2020-02-03,San Mateo,081,765935,0,0,0,0,0
2020-02-03,Santa Barbara,083,443738,0,0,0,0,0
2020-02-03,Santa Clara,085,1922200,2,2,0,2,0
2020-02-03,Santa Cruz,087,273765,0,0,0,0,0
2020-02-03,Shasta,089,179085,0,0,0,0,0
2020-02-03,Sierra,091,2930,0,0,0,0,0
2020-02-03,Siskiyou,093,43540,0,0,0,0,0
2020-02-03,Solano,095,438530,0,0,0,0,0
2020-02-03,Sonoma,097,501317,0,0,0,0,0
2020-02-03,Stanislaus,099,539301,0,0,0,0,0
2020-02-03,Sutter,101,95872,0,0,0,0,0
2020-02-03,Tehama,103,63373,0,0,0,0,0
2020-02-03,Trinity,105,12862,0,0,0,0,0
2020-02-03,Tulare,107,460477,2,0,0,0,0
2020-02-03,Tuolumne,109,53932,0,0,0,0,0
2020-02-03,Ventura,111,848112,0,0,0,0,0
2020-02-03,Yolo,113,214977,0,0,0,0,0
2020-02-03,Yuba,115,75493,0,0,0,0,0
2020-02-02,Alameda,001,1643700,3,0,0,0,0
2020-02-02,Alpine,003,1148,0,0,0,0,0
2020-02-02,Amador,005,37829,0,0,0,0,0
2020-02-02,Butte,007,227075,0,0,0,0,0
2020-02-02,Calaveras,009,45235,0,0,0,0,0
2020-02-02,Colusa,011,21464,0,0,0,0,0
2020-02-02,Contra Costa,013,1133247,1,0,0,0,0
2020-02-02,Del Norte,015,27424,0,0,0,0,0
2020-02-02,El Dorado,017,186661,0,0,0,0,0
2020-02-02,Fresno,019,978130,0,0,0,0,0
2020-02-02,Glenn,021,27897,0,0,0,0,0
2020-02-02,Humboldt,023,135768,0,0,0,0,0
2020-02-02,Imperial,025,180216,0,0,0,0,0
2020-02-02,Inyo,027,18085,0,0,0,0,0
2020-02-02,Kern,029,883053,0,0,0,0,0
2020-02-02,Kings,031,150075,0,0,0,0,0
2020-02-02,Lake,033,64148,0,0,0,0,0
2020-02-02,Lassen,035,31185,0,0,0,0,0
2020-02-02,Los Angeles,037,10098052,17,1,0,1,0
2020-02-02,Madera,039,155013,0,0,0,0,0
2020-02-02,Marin,041,260295,0,0,0,0,0
2020-02-02,Mariposa,043,17540,0,0,0,0,0
2020-02-02,Mendocino,045,87422,0,0,0,0,0
2020-02-02,Merced,047,269075,0,0,0,0,0
2020-02-02,Modoc,049,8938,0,0,0,0,0
2020-02-02,Mono,051,14174,0,0,0,0,0
2020-02-02,Monterey,053,433212,1,0,0,0,0
2020-02-02,Napa,055,140530,0,0,0,0,0
2020-02-02,Nevada,057,99092,0,0,0,0,0
2020-02-02,Orange,059,3164182,1,1,0,1,0
2020-02-02,Placer,061,380077,0,0,0,0,0
2020-02-02,Plumas,063,18699,0,0,0,0,0
2020-02-02,Riverside,065,2383286,3,0,0,0,0
2020-02-02,Sacramento,067,1510023,0,0,0,0,0
2020-02-02,San Benito,069,59416,0,2,0,2,0
2020-02-02,San Bernardino,071,2135413,2,0,0,0,0
2020-02-02,San Diego,073,3302833,0,0,0,0,0
2020-02-02,San Francisco,075,870044,1,0,0,0,0
2020-02-02,San Joaquin,077,732212,0,0,1,1,0
2020-02-02,San Luis Obispo,079,281455,0,0,0,0,0
2020-02-02,San Mateo,081,765935,0,0,0,0,0
2020-02-02,Santa Barbara,083,443738,0,0,0,0,0
2020-02-02,Santa Clara,085,1922200,2,2,0,2,0
2020-02-02,Santa Cruz,087,273765,0,0,0,0,0
2020-02-02,Shasta,089,179085,0,0,0,0,0
2020-02-02,Sierra,091,2930,0,0,0,0,0
2020-02-02,Siskiyou,093,43540,0,0,0,0,0
2020-02-02,Solano,095,438530,0,0,0,0,0
2020-02-02,Sonoma,097,501317,0,0,0,0,0
2020-02-02,Stanislaus,099,539301,0,0,0,0,0
2020-02-02,Sutter,101,95872,0,0,0,0,0
2020-02-02,Tehama,103,63373,0,0,0,0,0
2020-02-02,Trinity,105,12862,0,0,0,0,0
2020-02-02,Tulare,107,460477,2,0,0,0,0
2020-02-02,Tuolumne,109,53932,0,0,0,0,0
2020-02-02,Ventura,111,848112,0,0,0,0,0
2020-02-02,Yolo,113,214977,0,0,0,0,0
2020-02-02,Yuba,115,75493,0,0,0,0,0
2020-02-01,Alameda,001,1643700,3,0,0,0,0
2020-02-01,Alpine,003,1148,0,0,0,0,0
2020-02-01,Amador,005,37829,0,0,0,0,0
2020-02-01,Butte,007,227075,0,0,0,0,0
2020-02-01,Calaveras,009,45235,0,0,0,0,0
2020-02-01,Colusa,011,21464,0,0,0,0,0
2020-02-01,Contra Costa,013,1133247,0,0,0,0,0
2020-02-01,Del Norte,015,27424,0,0,0,0,0
2020-02-01,El Dorado,017,186661,0,0,0,0,0
2020-02-01,Fresno,019,978130,0,0,0,0,0
2020-02-01,Glenn,021,27897,0,0,0,0,0
2020-02-01,Humboldt,023,135768,0,0,0,0,0
2020-02-01,Imperial,025,180216,0,0,0,0,0
2020-02-01,Inyo,027,18085,0,0,0,0,0
2020-02-01,Kern,029,883053,0,0,0,0,0
2020-02-01,Kings,031,150075,0,0,0,0,0
2020-02-01,Lake,033,64148,0,0,0,0,0
2020-02-01,Lassen,035,31185,0,0,0,0,0
2020-02-01,Los Angeles,037,10098052,13,1,0,1,0
2020-02-01,Madera,039,155013,0,0,0,0,0
2020-02-01,Marin,041,260295,0,0,0,0,0
2020-02-01,Mariposa,043,17540,0,0,0,0,0
2020-02-01,Mendocino,045,87422,0,0,0,0,0
2020-02-01,Merced,047,269075,0,0,0,0,0
2020-02-01,Modoc,049,8938,0,0,0,0,0
2020-02-01,Mono,051,14174,0,0,0,0,0
2020-02-01,Monterey,053,433212,0,0,0,0,0
2020-02-01,Napa,055,140530,0,0,0,0,0
2020-02-01,Nevada,057,99092,0,0,0,0,0
2020-02-01,Orange,059,3164182,1,1,0,1,0
2020-02-01,Placer,061,380077,0,0,0,0,0
2020-02-01,Plumas,063,18699,0,0,0,0,0
2020-02-01,Riverside,065,2383286,2,0,0,0,0
2020-02-01,Sacramento,067,1510023,0,0,0,0,0
2020-02-01,San Benito,069,59416,0,0,0,0,0
2020-02-01,San Bernardino,071,2135413,1,0,0,0,0
2020-02-01,San Diego,073,3302833,0,0,0,0,0
2020-02-01,San Francisco,075,870044,1,0,0,0,0
2020-02-01,San Joaquin,077,732212,0,0,1,1,0
2020-02-01,San Luis Obispo,079,281455,0,0,0,0,0
2020-02-01,San Mateo,081,765935,0,0,0,0,0
2020-02-01,Santa Barbara,083,443738,0,0,0,0,0
2020-02-01,Santa Clara,085,1922200,2,1,0,1,0
2020-02-01,Santa Cruz,087,273765,0,0,0,0,0
2020-02-01,Shasta,089,179085,0,0,0,0,0
2020-02-01,Sierra,091,2930,0,0,0,0,0
2020-02-01,Siskiyou,093,43540,0,0,0,0,0
2020-02-01,Solano,095,438530,0,0,0,0,0
2020-02-01,Sonoma,097,501317,0,0,0,0,0
2020-02-01,Stanislaus,099,539301,0,0,0,0,0
2020-02-01,Sutter,101,95872,0,0,0,0,0
2020-02-01,Tehama,103,63373,0,0,0,0,0
2020-02-01,Trinity,105,12862,0,0,0,0,0
2020-02-01,Tulare,107,460477,1,0,0,0,0
2020-02-01,Tuolumne,109,53932,0,0,0,0,0
2020-02-01,Ventura,111,848112,0,0,0,0,0
2020-02-01,Yolo,113,214977,0,0,0,0,0
2020-02-01,Yuba,115,75493,0,0,0,0,0
