date,county,fips,population,confirmed_cases,reported_cases,probable_cases,reported_and_probable_cases,reported_deaths
2023-01-03,Alameda,001,1643700,369865,369872,21599,391471,2098
2023-01-03,Alpine,003,1148,138,138,3,141,0
2023-01-03,Amador,005,37829,10339,10340,960,11300,96
2023-01-03,Butte,007,227075,41102,41102,9796,50898,478
2023-01-03,Calaveras,009,45235,8852,8852,628,9480,137
2023-01-03,Colusa,011,21464,3909,3911,1317,5228,22
2023-01-03,Contra Costa,013,1133247,265843,265846,21945,287791,1501
2023-01-03,Del Norte,015,27424,7679,7680,435,8115,57
2023-01-03,El Dorado,017,186661,34009,34009,4471,38480,236
2023-01-03,Fresno,019,978130,286552,286556,33451,320007,2924
2023-01-03,Glenn,021,27897,5732,5732,1969,7701,58
2023-01-03,Humboldt,023,135768,22875,22878,5570,28448,164
2023-01-03,Imperial,025,180216,68809,68809,18297,87106,964
2023-01-03,Inyo,027,18085,4687,4687,1206,5893,62
2023-01-03,Kern,029,883053,226449,226454,68783,295237,2450
2023-01-03,Kings,031,150075,61886,61886,4366,66252,466
2023-01-03,Lake,033,64148,13363,13363,1287,14650,149
2023-01-03,Lassen,035,31185,10189,10189,1032,11221,66
2023-01-03,Los Angeles,037,10098052,3433929,3434193,203950,3638143,34492
2023-01-03,Madera,039,155013,45606,45608,8666,54274,377
2023-01-03,Marin,041,260295,47889,47893,5607,53500,317
2023-01-03,Mariposa,043,17540,3223,3223,400,3623,32
2023-01-03,Mendocino,045,87422,16582,16582,4737,21319,137
2023-01-03,Merced,047,269075,74965,74969,12395,87364,883
2023-01-03,Modoc,049,8938,940,940,363,1303,11
2023-01-03,Mono,051,14174,3284,3284,292,3576,8
2023-01-03,Monterey,053,433212,96606,96607,22388,118995,778
2023-01-03,Napa,055,140530,33665,33666,1506,35172,164
2023-01-03,Nevada,057,99092,19840,19845,2207,22052,132
2023-01-03,Orange,059,3164182,697388,697391,71202,768593,7683
2023-01-03,Placer,061,380077,79461,79461,10042,89503,672
2023-01-03,Plumas,063,18699,3798,3798,453,4251,13
2023-01-03,Riverside,065,2383286,723518,723578,39137,762715,6748
2023-01-03,Sacramento,067,1510023,364210,364212,36161,400373,3422
2023-01-03,San Benito,069,59416,17291,17293,1086,18379,115
2023-01-03,San Bernardino,071,2135413,699474,699531,33533,733064,8143
2023-01-03,San Diego,073,3302833,967383,967383,77349,1044732,5662
2023-01-03,San Francisco,075,870044,190932,190940,12931,203871,1114
2023-01-03,San Joaquin,077,732212,206272,206280,16226,222506,2369
2023-01-03,San Luis Obispo,079,281455,65165,65166,7775,72941,539
2023-01-03,San Mateo,081,765935,178469,178472,11225,189697,749
2023-01-03,Santa Barbara,083,443738,110007,110007,7391,117398,748
2023-01-03,Santa Clara,085,1922200,463940,463958,20879,484837,2601
2023-01-03,Santa Cruz,087,273765,66937,66937,3711,70648,276
2023-01-03,Shasta,089,179085,36083,36083,8167,44250,602
2023-01-03,Sierra,091,2930,310,310,62,372,5
2023-01-03,Siskiyou,093,43540,5373,5373,3409,8782,95
2023-01-03,Solano,095,438530,111231,111243,8284,119527,478
2023-01-03,Sonoma,097,501317,111523,111530,5639,117169,537
2023-01-03,Stanislaus,099,539301,142898,142918,22362,165280,1801
2023-01-03,Sutter,101,95872,25303,25308,2510,27818,235
2023-01-03,Tehama,103,63373,14258,14258,3358,17616,221
2023-01-03,Trinity,105,12862,1448,1448,476,1924,24
2023-01-03,Tulare,107,460477,125773,125773,38856,164629,1546
2023-01-03,Tuolumne,109,53932,16424,16425,1013,17438,211
2023-01-03,Ventura,111,848112,217283,217286,17290,234576,1610
2023-01-03,Yolo,113,214977,49138,49138,4792,53930,428
2023-01-03,Yuba,115,75493,19739,19743,1803,21546,132
2023-01-02,Alameda,001,1643700,369865,367954,21599,389553,2094
2023-01-02,Alpine,003,1148,138,138,3,141,0
2023-01-02,Amador,005,37829,10339,10313,960,11273,96
2023-01-02,Butte,007,227075,41102,41018,9796,50814,474
2023-01-02,Calaveras,009,45235,8852,8818,628,9446,135
2023-01-02,Colusa,011,21464,3909,3906,1317,5223,22
2023-01-02,Contra Costa,013,1133247,265843,264448,21945,286393,1502
2023-01-02,Del Norte,015,27424,7679,7645,435,8080,56
2023-01-02,El Dorado,017,186661,34009,33865,4471,38336,236
2023-01-02,Fresno,019,978130,286552,285444,33451,318895,2918
2023-01-02,Glenn,021,27897,5732,5719,1969,7688,58
2023-01-02,Humboldt,023,135768,22875,22835,5570,28405,163
2023-01-02,Imperial,025,180216,68809,68622,18297,86919,963
2023-01-02,Inyo,027,18085,4687,4670,1206,5876,62
2023-01-02,Kern,029,883053,226449,225659,68783,294442,2450
2023-01-02,Kings,031,150075,61886,61692,4366,66058,466
2023-01-02,Lake,033,64148,13363,13312,1287,14599,149
2023-01-02,Lassen,035,31185,10189,10172,1032,11204,66
2023-01-02,Los Angeles,037,10098052,3433929,3420383,203950,3624333,34360
2023-01-02,Madera,039,155013,45606,45448,8666,54114,377
2023-01-02,Marin,041,260295,47889,47686,5607,53293,317
2023-01-02,Mariposa,043,17540,3223,3211,400,3611,32
2023-01-02,Mendocino,045,87422,16582,16508,4737,21245,137
2023-01-02,Merced,047,269075,74965,74732,12395,87127,883
2023-01-02,Modoc,049,8938,940,931,363,1294,11
2023-01-02,Mono,051,14174,3284,3274,292,3566,8
2023-01-02,Monterey,053,433212,96606,96380,22388,118768,776
2023-01-02,Napa,055,140530,33665,33534,1506,35040,163
2023-01-02,Nevada,057,99092,19840,19774,2207,21981,132
2023-01-02,Orange,059,3164182,697388,694080,71202,765282,7656
2023-01-02,Placer,061,380077,79461,79154,10042,89196,672
2023-01-02,Plumas,063,18699,3798,3787,453,4240,13
2023-01-02,Riverside,065,2383286,723518,720437,39137,759574,6738
2023-01-02,Sacramento,067,1510023,364210,362664,36161,398825,3414
2023-01-02,San Benito,069,59416,17291,17211,1086,18297,108
2023-01-02,San Bernardino,071,2135413,699474,696472,33533,730005,8142
2023-01-02,San Diego,073,3302833,967383,962601,77349,1039950,5641
2023-01-02,San Francisco,075,870044,190932,190012,12931,202943,1104
2023-01-02,San Joaquin,077,732212,206272,205467,16226,221693,2363
2023-01-02,San Luis Obispo,079,281455,65165,64966,7775,72741,536
2023-01-02,San Mateo,081,765935,178469,177703,11225,188928,749
2023-01-02,Santa Barbara,083,443738,110007,109576,7391,116967,747
2023-01-02,Santa Clara,085,1922200,463940,461535,20879,482414,2587
2023-01-02,Santa Cruz,087,273765,66937,66735,3711,70446,276
2023-01-02,Shasta,089,179085,36083,35950,8167,44117,602
2023-01-02,Sierra,091,2930,310,309,62,371,5
2023-01-02,Siskiyou,093,43540,5373,5355,3409,8764,95
2023-01-02,Solano,095,438530,111231,110589,8284,118873,475
2023-01-02,Sonoma,097,501317,111523,111095,5639,116734,536
2023-01-02,Stanislaus,099,539301,142898,142392,22362,164754,1795
2023-01-02,Sutter,101,95872,25303,25207,2510,27717,235
2023-01-02,Tehama,103,63373,14258,14187,3358,17545,219
2023-01-02,Trinity,105,12862,1448,1442,476,1918,23
2023-01-02,Tulare,107,460477,125773,125303,38856,164159,1546
2023-01-02,Tuolumne,109,53932,16424,16340,1013,17353,211
2023-01-02,Ventura,111,848112,217283,216327,17290,233617,1605
2023-01-02,Yolo,113,214977,49138,48970,4792,53762,426
2023-01-02,Yuba,115,75493,19739,19654,1803,21457,132
2023-01-01,Alameda,001,1643700,369765,367954,21599,389553,2094
2023-01-01,Alpine,003,1148,138,138,3,141,0
2023-01-01,Amador,005,37829,10338,10313,960,11273,96
2023-01-01,Butte,007,227075,41096,41018,9796,50814,474
2023-01-01,Calaveras,009,45235,8851,8818,628,9446,135
2023-01-01,Colusa,011,21464,3908,3906,1317,5223,22
2023-01-01,Contra Costa,013,1133247,265753,264448,21945,286393,1502
2023-01-01,Del Norte,015,27424,7678,7645,435,8080,56
2023-01-01,El Dorado,017,186661,34002,33865,4471,38336,236
2023-01-01,Fresno,019,978130,286519,285444,33451,318895,2918
2023-01-01,Glenn,021,27897,5731,5719,1969,7688,58
2023-01-01,Humboldt,023,135768,22871,22835,5570,28405,163
2023-01-01,Imperial,025,180216,68802,68622,18297,86919,963
2023-01-01,Inyo,027,18085,4685,4670,1206,5876,62
2023-01-01,Kern,029,883053,226437,225659,68783,294442,2450
2023-01-01,Kings,031,150075,61867,61692,4366,66058,466
2023-01-01,Lake,033,64148,13353,13312,1287,14599,149
2023-01-01,Lassen,035,31185,10189,10172,1032,11204,66
2023-01-01,Los Angeles,037,10098052,3433880,3420383,203950,3624333,34360
2023-01-01,Madera,039,155013,45605,45448,8666,54114,377
2023-01-01,Marin,041,260295,47875,47686,5607,53293,317
2023-01-01,Mariposa,043,17540,3222,3211,400,3611,32
2023-01-01,Mendocino,045,87422,16573,16508,4737,21245,137
2023-01-01,Merced,047,269075,74963,74732,12395,87127,883
2023-01-01,Modoc,049,8938,940,931,363,1294,11
2023-01-01,Mono,051,14174,3283,3274,292,3566,8
2023-01-01,Monterey,053,433212,96591,96380,22388,118768,776
2023-01-01,Napa,055,140530,33653,33534,1506,35040,163
2023-01-01,Nevada,057,99092,19840,19774,2207,21981,132
2023-01-01,Orange,059,3164182,697250,694080,71202,765282,7656
2023-01-01,Placer,061,380077,79445,79154,10042,89196,672
2023-01-01,Plumas,063,18699,3797,3787,453,4240,13
2023-01-01,Riverside,065,2383286,723451,720437,39137,759574,6738
2023-01-01,Sacramento,067,1510023,364146,362664,36161,398825,3414
2023-01-01,San Benito,069,59416,17289,17211,1086,18297,108
2023-01-01,San Bernardino,071,2135413,699430,696472,33533,730005,8142
2023-01-01,San Diego,073,3302833,967256,962601,77349,1039950,5641
2023-01-01,San Francisco,075,870044,190880,190012,12931,202943,1104
2023-01-01,San Joaquin,077,732212,206246,205467,16226,221693,2363
2023-01-01,San Luis Obispo,079,281455,65157,64966,7775,72741,536
2023-01-01,San Mateo,081,765935,178438,177703,11225,188928,749
2023-01-01,Santa Barbara,083,443738,109974,109576,7391,116967,747
2023-01-01,Santa Clara,085,1922200,463786,461535,20879,482414,2587
2023-01-01,Santa Cruz,087,273765,66937,66735,3711,70446,276
2023-01-01,Shasta,089,179085,36081,35950,8167,44117,602
2023-01-01,Sierra,091,2930,310,309,62,371,5
2023-01-01,Siskiyou,093,43540,5371,5355,3409,8764,95
2023-01-01,Solano,095,438530,111186,110589,8284,118873,475
2023-01-01,Sonoma,097,501317,111495,111095,5639,116734,536
2023-01-01,Stanislaus,099,539301,142872,142392,22362,164754,1795
2023-01-01,Sutter,101,95872,25300,25207,2510,27717,235
2023-01-01,Tehama,103,63373,14258,14187,3358,17545,219
2023-01-01,Trinity,105,12862,1448,1442,476,1918,23
2023-01-01,Tulare,107,460477,125755,125303,38856,164159,1546
2023-01-01,Tuolumne,109,53932,16423,16340,1013,17353,211
2023-01-01,Ventura,111,848112,217239,216327,17290,233617,1605
2023-01-01,Yolo,113,214977,49132,48970,4792,53762,426
2023-01-01,Yuba,115,75493,19732,19654,1803,21457,132
2022-12-31,Alameda,001,1643700,369688,367954,21599,389553,2094
2022-12-31,Alpine,003,1148,138,138,3,141,0
2022-12-31,Amador,005,37829,10337,10313,960,11273,96
2022-12-31,Butte,007,227075,41093,41018,9796,50814,474
2022-12-31,Calaveras,009,45235,8850,8818,628,9446,135
2022-12-31,Colusa,011,21464,3908,3906,1317,5223,22
2022-12-31,Contra Costa,013,1133247,265693,264448,21945,286393,1502
2022-12-31,Del Norte,015,27424,7676,7645,435,8080,56
2022-12-31,El Dorado,017,186661,33998,33865,4471,38336,236
2022-12-31,Fresno,019,978130,286484,285444,33451,318895,2918
2022-12-31,Glenn,021,27897,5731,5719,1969,7688,58
2022-12-31,Humboldt,023,135768,22869,22835,5570,28405,163
2022-12-31,Imperial,025,180216,68796,68622,18297,86919,963
2022-12-31,Inyo,027,18085,4682,4670,1206,5876,62
2022-12-31,Kern,029,883053,226415,225659,68783,294442,2450
2022-12-31,Kings,031,150075,61861,61692,4366,66058,466
2022-12-31,Lake,033,64148,13350,13312,1287,14599,149
2022-12-31,Lassen,035,31185,10189,10172,1032,11204,66
2022-12-31,Los Angeles,037,10098052,3433572,3420383,203950,3624333,34360
2022-12-31,Madera,039,155013,45600,45448,8666,54114,377
2022-12-31,Marin,041,260295,47865,47686,5607,53293,317
2022-12-31,Mariposa,043,17540,3221,3211,400,3611,32
2022-12-31,Mendocino,045,87422,16570,16508,4737,21245,137
2022-12-31,Merced,047,269075,74960,74732,12395,87127,883
2022-12-31,Modoc,049,8938,940,931,363,1294,11
2022-12-31,Mono,051,14174,3283,3274,292,3566,8
2022-12-31,Monterey,053,433212,96579,96380,22388,118768,776
2022-12-31,Napa,055,140530,33650,33534,1506,35040,163
2022-12-31,Nevada,057,99092,19839,19774,2207,21981,132
2022-12-31,Orange,059,3164182,697093,694080,71202,765282,7656
2022-12-31,Placer,061,380077,79420,79154,10042,89196,672
2022-12-31,Plumas,063,18699,3797,3787,453,4240,13
2022-12-31,Riverside,065,2383286,723378,720437,39137,759574,6738
2022-12-31,Sacramento,067,1510023,364114,362664,36161,398825,3414
2022-12-31,San Benito,069,59416,17286,17211,1086,18297,108
2022-12-31,San Bernardino,071,2135413,699360,696472,33533,730005,8142
2022-12-31,San Diego,073,3302833,967112,962601,77349,1039950,5641
2022-12-31,San Francisco,075,870044,190846,190012,12931,202943,1104
2022-12-31,San Joaquin,077,732212,206209,205467,16226,221693,2363
2022-12-31,San Luis Obispo,079,281455,65147,64966,7775,72741,536
2022-12-31,San Mateo,081,765935,178412,177703,11225,188928,749
2022-12-31,Santa Barbara,083,443738,109951,109576,7391,116967,747
2022-12-31,Santa Clara,085,1922200,463738,461535,20879,482414,2587
2022-12-31,Santa Cruz,087,273765,66933,66735,3711,70446,276
2022-12-31,Shasta,089,179085,36081,35950,8167,44117,602
2022-12-31,Sierra,091,2930,310,309,62,371,5
2022-12-31,Siskiyou,093,43540,5370,5355,3409,8764,95
2022-12-31,Solano,095,438530,111162,110589,8284,118873,475
2022-12-31,Sonoma,097,501317,111474,111095,5639,116734,536
2022-12-31,Stanislaus,099,539301,142848,142392,22362,164754,1795
2022-12-31,Sutter,101,95872,25293,25207,2510,27717,235
2022-12-31,Tehama,103,63373,14258,14187,3358,17545,219
2022-12-31,Trinity,105,12862,1448,1442,476,1918,23
2022-12-31,Tulare,107,460477,125737,125303,38856,164159,1546
2022-12-31,Tuolumne,109,53932,16422,16340,1013,17353,211
2022-12-31,Ventura,111,848112,217189,216327,17290,233617,1605
2022-12-31,Yolo,113,214977,49129,48970,4792,53762,426
2022-12-31,Yuba,115,75493,19730,19654,1803,21457,132
2022-12-30,Alameda,001,1643700,369547,367954,21599,389553,2094
2022-12-30,Alpine,003,1148,138,138,3,141,0
2022-12-30,Amador,005,37829,10337,10313,960,11273,96
2022-12-30,Butte,007,227075,41087,41018,9796,50814,474
2022-12-30,Calaveras,009,45235,8847,8818,628,9446,135
2022-12-30,Colusa,011,21464,3908,3906,1317,5223,22
2022-12-30,Contra Costa,013,1133247,265615,264448,21945,286393,1502
2022-12-30,Del Norte,015,27424,7670,7645,435,8080,56
2022-12-30,El Dorado,017,186661,33991,33865,4471,38336,236
2022-12-30,Fresno,019,978130,286402,285444,33451,318895,2918
2022-12-30,Glenn,021,27897,5731,5719,1969,7688,58
2022-12-30,Humboldt,023,135768,22864,22835,5570,28405,163
2022-12-30,Imperial,025,180216,68786,68622,18297,86919,963
2022-12-30,Inyo,027,18085,4679,4670,1206,5876,62
2022-12-30,Kern,029,883053,226360,225659,68783,294442,2450
2022-12-30,Kings,031,150075,61853,61692,4366,66058,466
2022-12-30,Lake,033,64148,13346,13312,1287,14599,149
2022-12-30,Lassen,035,31185,10189,10172,1032,11204,66
2022-12-30,Los Angeles,037,10098052,3432998,3420383,203950,3624333,34360
2022-12-30,Madera,039,155013,45595,45448,8666,54114,377
2022-12-30,Marin,041,260295,47848,47686,5607,53293,317
2022-12-30,Mariposa,043,17540,3219,3211,400,3611,32
2022-12-30,Mendocino,045,87422,16566,16508,4737,21245,137
2022-12-30,Merced,047,269075,74946,74732,12395,87127,883
2022-12-30,Modoc,049,8938,940,931,363,1294,11
2022-12-30,Mono,051,14174,3283,3274,292,3566,8
2022-12-30,Monterey,053,433212,96561,96380,22388,118768,776
2022-12-30,Napa,055,140530,33642,33534,1506,35040,163
2022-12-30,Nevada,057,99092,19830,19774,2207,21981,132
2022-12-30,Orange,059,3164182,696811,694080,71202,765282,7656
2022-12-30,Placer,061,380077,79398,79154,10042,89196,672
2022-12-30,Plumas,063,18699,3797,3787,453,4240,13
2022-12-30,Riverside,065,2383286,723167,720437,39137,759574,6738
2022-12-30,Sacramento,067,1510023,364010,362664,36161,398825,3414
2022-12-30,San Benito,069,59416,17282,17211,1086,18297,108
2022-12-30,San Bernardino,071,2135413,699173,696472,33533,730005,8142
2022-12-30,San Diego,073,3302833,966762,962601,77349,1039950,5641
2022-12-30,San Francisco,075,870044,190797,190012,12931,202943,1104
2022-12-30,San Joaquin,077,732212,206158,205467,16226,221693,2363
2022-12-30,San Luis Obispo,079,281455,65138,64966,7775,72741,536
2022-12-30,San Mateo,081,765935,178376,177703,11225,188928,749
2022-12-30,Santa Barbara,083,443738,109925,109576,7391,116967,747
2022-12-30,Santa Clara,085,1922200,463618,461535,20879,482414,2587
2022-12-30,Santa Cruz,087,273765,66919,66735,3711,70446,276
2022-12-30,Shasta,089,179085,36075,35950,8167,44117,602
2022-12-30,Sierra,091,2930,310,309,62,371,5
2022-12-30,Siskiyou,093,43540,5368,5355,3409,8764,95
2022-12-30,Solano,095,438530,111123,110589,8284,118873,475
2022-12-30,Sonoma,097,501317,111429,111095,5639,116734,536
2022-12-30,Stanislaus,099,539301,142820,142392,22362,164754,1795
2022-12-30,Sutter,101,95872,25283,25207,2510,27717,235
2022-12-30,Tehama,103,63373,14252,14187,3358,17545,219
2022-12-30,Trinity,105,12862,1448,1442,476,1918,23
2022-12-30,Tulare,107,460477,125716,125303,38856,164159,1546
2022-12-30,Tuolumne,109,53932,16412,16340,1013,17353,211
2022-12-30,Ventura,111,848112,217137,216327,17290,233617,1605
2022-12-30,Yolo,113,214977,49112,48970,4792,53762,426
2022-12-30,Yuba,115,75493,19718,19654,1803,21457,132
2022-12-29,Alameda,001,1643700,369302,367954,21599,389553,2094
2022-12-29,Alpine,003,1148,138,138,3,141,0
2022-12-29,Amador,005,37829,10337,10313,960,11273,96
2022-12-29,Butte,007,227075,41079,41018,9796,50814,474
2022-12-29,Calaveras,009,45235,8842,8818,628,9446,135
2022-12-29,Colusa,011,21464,3908,3906,1317,5223,22
2022-12-29,Contra Costa,013,1133247,265487,264448,21945,286393,1502
2022-12-29,Del Norte,015,27424,7665,7645,435,8080,56
2022-12-29,El Dorado,017,186661,33975,33865,4471,38336,236
2022-12-29,Fresno,019,978130,286279,285444,33451,318895,2918
2022-12-29,Glenn,021,27897,5728,5719,1969,7688,58
2022-12-29,Humboldt,023,135768,22861,22835,5570,28405,163
2022-12-29,Imperial,025,180216,68764,68622,18297,86919,963
2022-12-29,Inyo,027,18085,4676,4670,1206,5876,62
2022-12-29,Kern,029,883053,226218,225659,68783,294442,2450
2022-12-29,Kings,031,150075,61827,61692,4366,66058,466
2022-12-29,Lake,033,64148,13341,13312,1287,14599,149
2022-12-29,Lassen,035,31185,10187,10172,1032,11204,66
2022-12-29,Los Angeles,037,10098052,3431671,3420383,203950,3624333,34360
2022-12-29,Madera,039,155013,45577,45448,8666,54114,377
2022-12-29,Marin,041,260295,47821,47686,5607,53293,317
2022-12-29,Mariposa,043,17540,3218,3211,400,3611,32
2022-12-29,Mendocino,045,87422,16555,16508,4737,21245,137
2022-12-29,Merced,047,269075,74926,74732,12395,87127,883
2022-12-29,Modoc,049,8938,940,931,363,1294,11
2022-12-29,Mono,051,14174,3282,3274,292,3566,8
2022-12-29,Monterey,053,433212,96532,96380,22388,118768,776
2022-12-29,Napa,055,140530,33626,33534,1506,35040,163
2022-12-29,Nevada,057,99092,19825,19774,2207,21981,132
2022-12-29,Orange,059,3164182,696358,694080,71202,765282,7656
2022-12-29,Placer,061,380077,79358,79154,10042,89196,672
2022-12-29,Plumas,063,18699,3797,3787,453,4240,13
2022-12-29,Riverside,065,2383286,722844,720437,39137,759574,6738
2022-12-29,Sacramento,067,1510023,363771,362664,36161,398825,3414
2022-12-29,San Benito,069,59416,17278,17211,1086,18297,108
2022-12-29,San Bernardino,071,2135413,698852,696472,33533,730005,8142
2022-12-29,San Diego,073,3302833,966135,962601,77349,1039950,5641
2022-12-29,San Francisco,075,870044,190666,190012,12931,202943,1104
2022-12-29,San Joaquin,077,732212,206062,205467,16226,221693,2363
2022-12-29,San Luis Obispo,079,281455,65117,64966,7775,72741,536
2022-12-29,San Mateo,081,765935,178305,177703,11225,188928,749
2022-12-29,Santa Barbara,083,443738,109872,109576,7391,116967,747
2022-12-29,Santa Clara,085,1922200,463291,461535,20879,482414,2587
2022-12-29,Santa Cruz,087,273765,66911,66735,3711,70446,276
2022-12-29,Shasta,089,179085,36065,35950,8167,44117,602
2022-12-29,Sierra,091,2930,310,309,62,371,5
2022-12-29,Siskiyou,093,43540,5366,5355,3409,8764,95
2022-12-29,Solano,095,438530,111034,110589,8284,118873,475
2022-12-29,Sonoma,097,501317,111380,111095,5639,116734,536
2022-12-29,Stanislaus,099,539301,142754,142392,22362,164754,1795
2022-12-29,Sutter,101,95872,25271,25207,2510,27717,235
2022-12-29,Tehama,103,63373,14248,14187,3358,17545,219
2022-12-29,Trinity,105,12862,1447,1442,476,1918,23
2022-12-29,Tulare,107,460477,125657,125303,38856,164159,1546
2022-12-29,Tuolumne,109,53932,16395,16340,1013,17353,211
2022-12-29,Ventura,111,848112,217049,216327,17290,233617,1605
2022-12-29,Yolo,113,214977,49091,48970,4792,53762,426
2022-12-29,Yuba,115,75493,19708,19654,1803,21457,132
2022-12-28,Alameda,001,1643700,368990,367954,21599,389553,2094
2022-12-28,Alpine,003,1148,138,138,3,141,0
2022-12-28,Amador,005,37829,10334,10313,960,11273,96
2022-12-28,Butte,007,227075,41071,41018,9796,50814,474
2022-12-28,Calaveras,009,45235,8833,8818,628,9446,135
2022-12-28,Colusa,011,21464,3906,3906,1317,5223,22
2022-12-28,Contra Costa,013,1133247,265286,264448,21945,286393,1502
2022-12-28,Del Norte,015,27424,7662,7645,435,8080,56
2022-12-28,El Dorado,017,186661,33954,33865,4471,38336,236
2022-12-28,Fresno,019,978130,286139,285444,33451,318895,2918
2022-12-28,Glenn,021,27897,5726,5719,1969,7688,58
2022-12-28,Humboldt,023,135768,22860,22835,5570,28405,163
2022-12-28,Imperial,025,180216,68733,68622,18297,86919,963
2022-12-28,Inyo,027,18085,4675,4670,1206,5876,62
2022-12-28,Kern,029,883053,226081,225659,68783,294442,2450
2022-12-28,Kings,031,150075,61783,61692,4366,66058,466
2022-12-28,Lake,033,64148,13336,13312,1287,14599,149
2022-12-28,Lassen,035,31185,10187,10172,1032,11204,66
2022-12-28,Los Angeles,037,10098052,3430119,3420383,203950,3624333,34360
2022-12-28,Madera,039,155013,45540,45448,8666,54114,377
2022-12-28,Marin,041,260295,47795,47686,5607,53293,317
2022-12-28,Mariposa,043,17540,3217,3211,400,3611,32
2022-12-28,Mendocino,045,87422,16548,16508,4737,21245,137
2022-12-28,Merced,047,269075,74899,74732,12395,87127,883
2022-12-28,Modoc,049,8938,938,931,363,1294,11
2022-12-28,Mono,051,14174,3280,3274,292,3566,8
2022-12-28,Monterey,053,433212,96516,96380,22388,118768,776
2022-12-28,Napa,055,140530,33602,33534,1506,35040,163
2022-12-28,Nevada,057,99092,19820,19774,2207,21981,132
2022-12-28,Orange,059,3164182,695847,694080,71202,765282,7656
2022-12-28,Placer,061,380077,79309,79154,10042,89196,672
2022-12-28,Plumas,063,18699,3792,3787,453,4240,13
2022-12-28,Riverside,065,2383286,722425,720437,39137,759574,6738
2022-12-28,Sacramento,067,1510023,363550,362664,36161,398825,3414
2022-12-28,San Benito,069,59416,17264,17211,1086,18297,108
2022-12-28,San Bernardino,071,2135413,698419,696472,33533,730005,8142
2022-12-28,San Diego,073,3302833,965367,962601,77349,1039950,5641
2022-12-28,San Francisco,075,870044,190545,190012,12931,202943,1104
2022-12-28,San Joaquin,077,732212,205928,205467,16226,221693,2363
2022-12-28,San Luis Obispo,079,281455,65083,64966,7775,72741,536
2022-12-28,San Mateo,081,765935,178192,177703,11225,188928,749
2022-12-28,Santa Barbara,083,443738,109813,109576,7391,116967,747
2022-12-28,Santa Clara,085,1922200,462950,461535,20879,482414,2587
2022-12-28,Santa Cruz,087,273765,66884,66735,3711,70446,276
2022-12-28,Shasta,089,179085,36048,35950,8167,44117,602
2022-12-28,Sierra,091,2930,310,309,62,371,5
2022-12-28,Siskiyou,093,43540,5364,5355,3409,8764,95
2022-12-28,Solano,095,438530,110908,110589,8284,118873,475
2022-12-28,Sonoma,097,501317,111315,111095,5639,116734,536
2022-12-28,Stanislaus,099,539301,142684,142392,22362,164754,1795
2022-12-28,Sutter,101,95872,25252,25207,2510,27717,235
2022-12-28,Tehama,103,63373,14239,14187,3358,17545,219
2022-12-28,Trinity,105,12862,1447,1442,476,1918,23
2022-12-28,Tulare,107,460477,125584,125303,38856,164159,1546
2022-12-28,Tuolumne,109,53932,16389,16340,1013,17353,211
2022-12-28,Ventura,111,848112,216912,216327,17290,233617,1605
2022-12-28,Yolo,113,214977,49078,48970,4792,53762,426
2022-12-28,Yuba,115,75493,19697,19654,1803,21457,132
2022-12-27,Alameda,001,1643700,368671,367954,21599,389553,2094
2022-12-27,Alpine,003,1148,138,138,3,141,0
2022-12-27,Amador,005,37829,10327,10313,960,11273,96
2022-12-27,Butte,007,227075,41051,41018,9796,50814,474
2022-12-27,Calaveras,009,45235,8828,8818,628,9446,135
2022-12-27,Colusa,011,21464,3906,3906,1317,5223,22
2022-12-27,Contra Costa,013,1133247,265031,264448,21945,286393,1502
2022-12-27,Del Norte,015,27424,7654,7645,435,8080,56
2022-12-27,El Dorado,017,186661,33922,33865,4471,38336,236
2022-12-27,Fresno,019,978130,285920,285444,33451,318895,2918
2022-12-27,Glenn,021,27897,5723,5719,1969,7688,58
2022-12-27,Humboldt,023,135768,22852,22835,5570,28405,163
2022-12-27,Imperial,025,180216,68690,68622,18297,86919,963
2022-12-27,Inyo,027,18085,4673,4670,1206,5876,62
2022-12-27,Kern,029,883053,225927,225659,68783,294442,2450
2022-12-27,Kings,031,150075,61745,61692,4366,66058,466
2022-12-27,Lake,033,64148,13323,13312,1287,14599,149
2022-12-27,Lassen,035,31185,10183,10172,1032,11204,66
2022-12-27,Los Angeles,037,10098052,3427932,3420383,203950,3624333,34360
2022-12-27,Madera,039,155013,45523,45448,8666,54114,377
2022-12-27,Marin,041,260295,47751,47686,5607,53293,317
2022-12-27,Mariposa,043,17540,3215,3211,400,3611,32
2022-12-27,Mendocino,045,87422,16537,16508,4737,21245,137
2022-12-27,Merced,047,269075,74862,74732,12395,87127,883
2022-12-27,Modoc,049,8938,934,931,363,1294,11
2022-12-27,Mono,051,14174,3278,3274,292,3566,8
2022-12-27,Monterey,053,433212,96477,96380,22388,118768,776
2022-12-27,Napa,055,140530,33578,33534,1506,35040,163
2022-12-27,Nevada,057,99092,19813,19774,2207,21981,132
2022-12-27,Orange,059,3164182,695259,694080,71202,765282,7656
2022-12-27,Placer,061,380077,79248,79154,10042,89196,672
2022-12-27,Plumas,063,18699,3790,3787,453,4240,13
2022-12-27,Riverside,065,2383286,721957,720437,39137,759574,6738
2022-12-27,Sacramento,067,1510023,363264,362664,36161,398825,3414
2022-12-27,San Benito,069,59416,17257,17211,1086,18297,108
2022-12-27,San Bernardino,071,2135413,697933,696472,33533,730005,8142
2022-12-27,San Diego,073,3302833,964519,962601,77349,1039950,5641
2022-12-27,San Francisco,075,870044,190415,190012,12931,202943,1104
2022-12-27,San Joaquin,077,732212,205818,205467,16226,221693,2363
2022-12-27,San Luis Obispo,079,281455,65049,64966,7775,72741,536
2022-12-27,San Mateo,081,765935,178061,177703,11225,188928,749
2022-12-27,Santa Barbara,083,443738,109749,109576,7391,116967,747
2022-12-27,Santa Clara,085,1922200,462530,461535,20879,482414,2587
2022-12-27,Santa Cruz,087,273765,66851,66735,3711,70446,276
2022-12-27,Shasta,089,179085,36031,35950,8167,44117,602
2022-12-27,Sierra,091,2930,309,309,62,371,5
2022-12-27,Siskiyou,093,43540,5363,5355,3409,8764,95
2022-12-27,Solano,095,438530,110776,110589,8284,118873,475
2022-12-27,Sonoma,097,501317,111251,111095,5639,116734,536
2022-12-27,Stanislaus,099,539301,142587,142392,22362,164754,1795
2022-12-27,Sutter,101,95872,25238,25207,2510,27717,235
2022-12-27,Tehama,103,63373,14227,14187,3358,17545,219
2022-12-27,Trinity,105,12862,1447,1442,476,1918,23
2022-12-27,Tulare,107,460477,125510,125303,38856,164159,1546
2022-12-27,Tuolumne,109,53932,16383,16340,1013,17353,211
2022-12-27,Ventura,111,848112,216774,216327,17290,233617,1605
2022-12-27,Yolo,113,214977,49055,48970,4792,53762,426
2022-12-27,Yuba,115,75493,19687,19654,1803,21457,132
2022-12-26,Alameda,001,1643700,368330,366018,21599,387617,2088
2022-12-26,Alpine,003,1148,138,138,3,141,0
2022-12-26,Amador,005,37829,10323,10269,960,11229,96
2022-12-26,Butte,007,227075,41028,40923,9796,50719,473
2022-12-26,Calaveras,009,45235,8821,8794,628,9422,135
2022-12-26,Colusa,011,21464,3906,3891,1317,5208,22
2022-12-26,Contra Costa,013,1133247,264749,262951,21945,284896,1492
2022-12-26,Del Norte,015,27424,7648,7612,435,8047,56
2022-12-26,El Dorado,017,186661,33894,33729,4471,38200,236
2022-12-26,Fresno,019,978130,285697,284361,33451,317812,2907
2022-12-26,Glenn,021,27897,5722,5702,1969,7671,58
2022-12-26,Humboldt,023,135768,22840,22760,5570,28330,161
2022-12-26,Imperial,025,180216,68649,68403,18297,86700,963
2022-12-26,Inyo,027,18085,4671,4655,1206,5861,60
2022-12-26,Kern,029,883053,225785,224945,68783,293728,2446
2022-12-26,Kings,031,150075,61709,61461,4366,65827,467
2022-12-26,Lake,033,64148,13318,13254,1287,14541,149
2022-12-26,Lassen,035,31185,10180,10151,1032,11183,66
2022-12-26,Los Angeles,037,10098052,3425230,3399852,203950,3603802,34170
2022-12-26,Madera,039,155013,45485,45290,8666,53956,377
2022-12-26,Marin,041,260295,47713,47457,5607,53064,315
2022-12-26,Mariposa,043,17540,3215,3201,400,3601,32
2022-12-26,Mendocino,045,87422,16524,16435,4737,21172,137
2022-12-26,Merced,047,269075,74838,74498,12395,86893,880
2022-12-26,Modoc,049,8938,931,927,363,1290,11
2022-12-26,Mono,051,14174,3274,3264,292,3556,8
2022-12-26,Monterey,053,433212,96448,96192,22388,118580,776
2022-12-26,Napa,055,140530,33553,33370,1506,34876,163
2022-12-26,Nevada,057,99092,19802,19696,2207,21903,132
2022-12-26,Orange,059,3164182,694606,690845,71202,762047,7628
2022-12-26,Placer,061,380077,79199,78813,10042,88855,669
2022-12-26,Plumas,063,18699,3788,3778,453,4231,13
2022-12-26,Riverside,065,2383286,721355,717576,39137,756713,6738
2022-12-26,Sacramento,067,1510023,362940,361095,36161,397256,3407
2022-12-26,San Benito,069,59416,17242,17109,1086,18195,108
2022-12-26,San Bernardino,071,2135413,697337,693567,33533,727100,8136
2022-12-26,San Diego,073,3302833,963487,957866,77349,1035215,5626
2022-12-26,San Francisco,075,870044,190214,188947,12931,201878,1095
2022-12-26,San Joaquin,077,732212,205667,204712,16226,220938,2353
2022-12-26,San Luis Obispo,079,281455,65005,64748,7775,72523,536
2022-12-26,San Mateo,081,765935,177892,176920,11225,188145,748
2022-12-26,Santa Barbara,083,443738,109674,109074,7391,116465,744
2022-12-26,Santa Clara,085,1922200,462015,459089,20879,479968,2579
2022-12-26,Santa Cruz,087,273765,66816,66560,3711,70271,277
2022-12-26,Shasta,089,179085,36014,35856,8167,44023,601
2022-12-26,Sierra,091,2930,309,308,62,370,5
2022-12-26,Siskiyou,093,43540,5358,5334,3409,8743,95
2022-12-26,Solano,095,438530,110644,109900,8284,118184,474
2022-12-26,Sonoma,097,501317,111161,110643,5639,116282,536
2022-12-26,Stanislaus,099,539301,142492,141956,22362,164318,1795
2022-12-26,Sutter,101,95872,25220,25088,2510,27598,235
2022-12-26,Tehama,103,63373,14223,14127,3358,17485,218
2022-12-26,Trinity,105,12862,1446,1438,476,1914,23
2022-12-26,Tulare,107,460477,125421,124848,38856,163704,1546
2022-12-26,Tuolumne,109,53932,16374,16261,1013,17274,209
2022-12-26,Ventura,111,848112,216557,215497,17290,232787,1604
2022-12-26,Yolo,113,214977,49034,48842,4792,53634,422
2022-12-26,Yuba,115,75493,19671,19553,1803,21356,132
2022-12-25,Alameda,001,1643700,368055,366018,21599,387617,2088
2022-12-25,Alpine,003,1148,138,138,3,141,0
2022-12-25,Amador,005,37829,10317,10269,960,11229,96
2022-12-25,Butte,007,227075,41015,40923,9796,50719,473
2022-12-25,Calaveras,009,45235,8817,8794,628,9422,135
2022-12-25,Colusa,011,21464,3905,3891,1317,5208,22
2022-12-25,Contra Costa,013,1133247,264523,262951,21945,284896,1492
2022-12-25,Del Norte,015,27424,7643,7612,435,8047,56
2022-12-25,El Dorado,017,186661,33882,33729,4471,38200,236
2022-12-25,Fresno,019,978130,285568,284361,33451,317812,2907
2022-12-25,Glenn,021,27897,5722,5702,1969,7671,58
2022-12-25,Humboldt,023,135768,22834,22760,5570,28330,161
2022-12-25,Imperial,025,180216,68618,68403,18297,86700,963
2022-12-25,Inyo,027,18085,4669,4655,1206,5861,60
2022-12-25,Kern,029,883053,225710,224945,68783,293728,2446
2022-12-25,Kings,031,150075,61668,61461,4366,65827,467
2022-12-25,Lake,033,64148,13314,13254,1287,14541,149
2022-12-25,Lassen,035,31185,10178,10151,1032,11183,66
2022-12-25,Los Angeles,037,10098052,3423082,3399852,203934,3603786,34170
2022-12-25,Madera,039,155013,45468,45290,8666,53956,377
2022-12-25,Marin,041,260295,47684,47457,5607,53064,315
2022-12-25,Mariposa,043,17540,3215,3201,400,3601,32
2022-12-25,Mendocino,045,87422,16512,16435,4737,21172,137
2022-12-25,Merced,047,269075,74798,74498,12395,86893,880
2022-12-25,Modoc,049,8938,930,927,363,1290,11
2022-12-25,Mono,051,14174,3269,3264,292,3556,8
2022-12-25,Monterey,053,433212,96428,96192,22388,118580,776
2022-12-25,Napa,055,140530,33535,33370,1506,34876,163
2022-12-25,Nevada,057,99092,19793,19696,2207,21903,132
2022-12-25,Orange,059,3164182,694072,690845,71202,762047,7628
2022-12-25,Placer,061,380077,79166,78813,10042,88855,669
2022-12-25,Plumas,063,18699,3788,3778,453,4231,13
2022-12-25,Riverside,065,2383286,720900,717576,39137,756713,6738
2022-12-25,Sacramento,067,1510023,362760,361095,36161,397256,3407
2022-12-25,San Benito,069,59416,17232,17109,1086,18195,108
2022-12-25,San Bernardino,071,2135413,696883,693567,33533,727100,8136
2022-12-25,San Diego,073,3302833,962874,957866,77322,1035188,5626
2022-12-25,San Francisco,075,870044,190049,188947,12931,201878,1095
2022-12-25,San Joaquin,077,732212,205562,204712,16226,220938,2353
2022-12-25,San Luis Obispo,079,281455,64982,64748,7775,72523,536
2022-12-25,San Mateo,081,765935,177775,176920,11225,188145,748
2022-12-25,Santa Barbara,083,443738,109612,109074,7391,116465,744
2022-12-25,Santa Clara,085,1922200,461685,459089,20879,479968,2579
2022-12-25,Santa Cruz,087,273765,66755,66560,3711,70271,277
2022-12-25,Shasta,089,179085,36001,35856,8167,44023,601
2022-12-25,Sierra,091,2930,309,308,62,370,5
2022-12-25,Siskiyou,093,43540,5357,5334,3409,8743,95
2022-12-25,Solano,095,438530,110551,109900,8284,118184,474
2022-12-25,Sonoma,097,501317,111103,110643,5639,116282,536
2022-12-25,Stanislaus,099,539301,142426,141956,22362,164318,1795
2022-12-25,Sutter,101,95872,25207,25088,2510,27598,235
2022-12-25,Tehama,103,63373,14218,14127,3358,17485,218
2022-12-25,Trinity,105,12862,1446,1438,476,1914,23
2022-12-25,Tulare,107,460477,125345,124848,38856,163704,1546
2022-12-25,Tuolumne,109,53932,16355,16261,1013,17274,209
2022-12-25,Ventura,111,848112,216429,215497,17290,232787,1604
2022-12-25,Yolo,113,214977,49014,48842,4792,53634,422
2022-12-25,Yuba,115,75493,19655,19553,1803,21356,132
2022-12-24,Alameda,001,1643700,367928,366018,21599,387617,2088
2022-12-24,Alpine,003,1148,138,138,3,141,0
2022-12-24,Amador,005,37829,10316,10269,960,11229,96
2022-12-24,Butte,007,227075,41007,40923,9796,50719,473
2022-12-24,Calaveras,009,45235,8817,8794,628,9422,135
2022-12-24,Colusa,011,21464,3905,3891,1317,5208,22
2022-12-24,Contra Costa,013,1133247,264444,262951,21945,284896,1492
2022-12-24,Del Norte,015,27424,7640,7612,435,8047,56
2022-12-24,El Dorado,017,186661,33870,33729,4471,38200,236
2022-12-24,Fresno,019,978130,285494,284361,33451,317812,2907
2022-12-24,Glenn,021,27897,5722,5702,1969,7671,58
2022-12-24,Humboldt,023,135768,22829,22760,5570,28330,161
2022-12-24,Imperial,025,180216,68604,68403,18297,86700,963
2022-12-24,Inyo,027,18085,4668,4655,1206,5861,60
2022-12-24,Kern,029,883053,225674,224945,68783,293728,2446
2022-12-24,Kings,031,150075,61662,61461,4366,65827,467
2022-12-24,Lake,033,64148,13305,13254,1287,14541,149
2022-12-24,Lassen,035,31185,10176,10151,1032,11183,66
2022-12-24,Los Angeles,037,10098052,3422561,3399852,203902,3603754,34170
2022-12-24,Madera,039,155013,45450,45290,8666,53956,377
2022-12-24,Marin,041,260295,47673,47457,5607,53064,315
2022-12-24,Mariposa,043,17540,3214,3201,400,3601,32
2022-12-24,Mendocino,045,87422,16508,16435,4737,21172,137
2022-12-24,Merced,047,269075,74789,74498,12395,86893,880
2022-12-24,Modoc,049,8938,930,927,363,1290,11
2022-12-24,Mono,051,14174,3267,3264,292,3556,8
2022-12-24,Monterey,053,433212,96410,96192,22388,118580,776
2022-12-24,Napa,055,140530,33521,33370,1506,34876,163
2022-12-24,Nevada,057,99092,19786,19696,2207,21903,132
2022-12-24,Orange,059,3164182,693907,690845,71202,762047,7628
2022-12-24,Placer,061,380077,79142,78813,10042,88855,669
2022-12-24,Plumas,063,18699,3787,3778,453,4231,13
2022-12-24,Riverside,065,2383286,720737,717576,39137,756713,6738
2022-12-24,Sacramento,067,1510023,362688,361095,36161,397256,3407
2022-12-24,San Benito,069,59416,17228,17109,1086,18195,108
2022-12-24,San Bernardino,071,2135413,696722,693567,33533,727100,8136
2022-12-24,San Diego,073,3302833,962682,957866,77298,1035164,5626
2022-12-24,San Francisco,075,870044,189990,188947,12931,201878,1095
2022-12-24,San Joaquin,077,732212,205510,204712,16226,220938,2353
2022-12-24,San Luis Obispo,079,281455,64971,64748,7775,72523,536
2022-12-24,San Mateo,081,765935,177712,176920,11225,188145,748
2022-12-24,Santa Barbara,083,443738,109574,109074,7391,116465,744
2022-12-24,Santa Clara,085,1922200,461534,459089,20879,479968,2579
2022-12-24,Santa Cruz,087,273765,66738,66560,3711,70271,277
2022-12-24,Shasta,089,179085,35995,35856,8167,44023,601
2022-12-24,Sierra,091,2930,309,308,62,370,5
2022-12-24,Siskiyou,093,43540,5355,5334,3409,8743,95
2022-12-24,Solano,095,438530,110525,109900,8284,118184,474
2022-12-24,Sonoma,097,501317,111071,110643,5639,116282,536
2022-12-24,Stanislaus,099,539301,142381,141956,22362,164318,1795
2022-12-24,Sutter,101,95872,25198,25088,2510,27598,235
2022-12-24,Tehama,103,63373,14212,14127,3358,17485,218
2022-12-24,Trinity,105,12862,1446,1438,476,1914,23
2022-12-24,Tulare,107,460477,125308,124848,38856,163704,1546
2022-12-24,Tuolumne,109,53932,16348,16261,1013,17274,209
2022-12-24,Ventura,111,848112,216364,215497,17290,232787,1604
2022-12-24,Yolo,113,214977,49003,48842,4792,53634,422
2022-12-24,Yuba,115,75493,19647,19553,1803,21356,132
2022-12-23,Alameda,001,1643700,367775,366018,21599,387617,2088
2022-12-23,Alpine,003,1148,138,138,3,141,0
2022-12-23,Amador,005,37829,10311,10269,960,11229,96
2022-12-23,Butte,007,227075,41001,40923,9796,50719,473
2022-12-23,Calaveras,009,45235,8816,8794,628,9422,135
2022-12-23,Colusa,011,21464,3903,3891,1317,5208,22
2022-12-23,Contra Costa,013,1133247,264331,262951,21945,284896,1492
2022-12-23,Del Norte,015,27424,7635,7612,435,8047,56
2022-12-23,El Dorado,017,186661,33853,33729,4471,38200,236
2022-12-23,Fresno,019,978130,285400,284361,33451,317812,2907
2022-12-23,Glenn,021,27897,5720,5702,1969,7671,58
2022-12-23,Humboldt,023,135768,22824,22760,5570,28330,161
2022-12-23,Imperial,025,180216,68579,68403,18297,86700,963
2022-12-23,Inyo,027,18085,4665,4655,1206,5861,60
2022-12-23,Kern,029,883053,225634,224945,68783,293728,2446
2022-12-23,Kings,031,150075,61645,61461,4366,65827,467
2022-12-23,Lake,033,64148,13298,13254,1287,14541,149
2022-12-23,Lassen,035,31185,10174,10151,1032,11183,66
2022-12-23,Los Angeles,037,10098052,3421568,3399852,203771,3603623,34170
2022-12-23,Madera,039,155013,45433,45290,8666,53956,377
2022-12-23,Marin,041,260295,47651,47457,5607,53064,315
2022-12-23,Mariposa,043,17540,3214,3201,400,3601,32
2022-12-23,Mendocino,045,87422,16503,16435,4737,21172,137
2022-12-23,Merced,047,269075,74777,74498,12395,86893,880
2022-12-23,Modoc,049,8938,930,927,363,1290,11
2022-12-23,Mono,051,14174,3267,3264,292,3556,8
2022-12-23,Monterey,053,433212,96389,96192,22388,118580,776
2022-12-23,Napa,055,140530,33503,33370,1506,34876,163
2022-12-23,Nevada,057,99092,19782,19696,2207,21903,132
2022-12-23,Orange,059,3164182,693660,690845,71202,762047,7628
2022-12-23,Placer,061,380077,79118,78813,10042,88855,669
2022-12-23,Plumas,063,18699,3786,3778,453,4231,13
2022-12-23,Riverside,065,2383286,720484,717576,39137,756713,6738
2022-12-23,Sacramento,067,1510023,362584,361095,36161,397256,3407
2022-12-23,San Benito,069,59416,17216,17109,1086,18195,108
2022-12-23,San Bernardino,071,2135413,696475,693567,33533,727100,8136
2022-12-23,San Diego,073,3302833,962289,957866,77258,1035124,5626
2022-12-23,San Francisco,075,870044,189896,188947,12931,201878,1095
2022-12-23,San Joaquin,077,732212,205453,204712,16226,220938,2353
2022-12-23,San Luis Obispo,079,281455,64952,64748,7775,72523,536
2022-12-23,San Mateo,081,765935,177655,176920,11225,188145,748
2022-12-23,Santa Barbara,083,443738,109536,109074,7391,116465,744
2022-12-23,Santa Clara,085,1922200,461367,459089,20879,479968,2579
2022-12-23,Santa Cruz,087,273765,66723,66560,3711,70271,277
2022-12-23,Shasta,089,179085,35990,35856,8167,44023,601
2022-12-23,Sierra,091,2930,309,308,62,370,5
2022-12-23,Siskiyou,093,43540,5354,5334,3409,8743,95
2022-12-23,Solano,095,438530,110468,109900,8284,118184,474
2022-12-23,Sonoma,097,501317,111027,110643,5639,116282,536
2022-12-23,Stanislaus,099,539301,142343,141956,22362,164318,1795
2022-12-23,Sutter,101,95872,25185,25088,2510,27598,235
2022-12-23,Tehama,103,63373,14210,14127,3358,17485,218
2022-12-23,Trinity,105,12862,1445,1438,476,1914,23
2022-12-23,Tulare,107,460477,125279,124848,38856,163704,1546
2022-12-23,Tuolumne,109,53932,16341,16261,1013,17274,209
2022-12-23,Ventura,111,848112,216274,215497,17290,232787,1604
2022-12-23,Yolo,113,214977,48992,48842,4792,53634,422
2022-12-23,Yuba,115,75493,19639,19553,1803,21356,132
2022-12-22,Alameda,001,1643700,367455,366018,21599,387617,2088
2022-12-22,Alpine,003,1148,138,138,3,141,0
2022-12-22,Amador,005,37829,10306,10269,960,11229,96
2022-12-22,Butte,007,227075,40991,40923,9795,50718,473
2022-12-22,Calaveras,009,45235,8816,8794,628,9422,135
2022-12-22,Colusa,011,21464,3898,3891,1317,5208,22
2022-12-22,Contra Costa,013,1133247,264090,262951,21945,284896,1492
2022-12-22,Del Norte,015,27424,7631,7612,435,8047,56
2022-12-22,El Dorado,017,186661,33833,33729,4471,38200,236
2022-12-22,Fresno,019,978130,285246,284361,33451,317812,2907
2022-12-22,Glenn,021,27897,5718,5702,1969,7671,58
2022-12-22,Humboldt,023,135768,22815,22760,5570,28330,161
2022-12-22,Imperial,025,180216,68545,68403,18297,86700,963
2022-12-22,Inyo,027,18085,4665,4655,1206,5861,60
2022-12-22,Kern,029,883053,225556,224945,68783,293728,2446
2022-12-22,Kings,031,150075,61632,61461,4366,65827,467
2022-12-22,Lake,033,64148,13293,13254,1287,14541,149
2022-12-22,Lassen,035,31185,10171,10151,1032,11183,66
2022-12-22,Los Angeles,037,10098052,3419668,3399852,203580,3603432,34170
2022-12-22,Madera,039,155013,45402,45290,8666,53956,377
2022-12-22,Marin,041,260295,47624,47457,5607,53064,315
2022-12-22,Mariposa,043,17540,3212,3201,400,3601,32
2022-12-22,Mendocino,045,87422,16495,16435,4737,21172,137
2022-12-22,Merced,047,269075,74746,74498,12395,86893,880
2022-12-22,Modoc,049,8938,928,927,363,1290,11
2022-12-22,Mono,051,14174,3267,3264,292,3556,8
2022-12-22,Monterey,053,433212,96368,96192,22388,118580,776
2022-12-22,Napa,055,140530,33486,33370,1506,34876,163
2022-12-22,Nevada,057,99092,19775,19696,2207,21903,132
2022-12-22,Orange,059,3164182,693203,690845,71202,762047,7628
2022-12-22,Placer,061,380077,79074,78813,10042,88855,669
2022-12-22,Plumas,063,18699,3784,3778,453,4231,13
2022-12-22,Riverside,065,2383286,720086,717576,39137,756713,6738
2022-12-22,Sacramento,067,1510023,362348,361095,36161,397256,3407
2022-12-22,San Benito,069,59416,17200,17109,1086,18195,108
2022-12-22,San Bernardino,071,2135413,696071,693567,33533,727100,8136
2022-12-22,San Diego,073,3302833,961595,957866,77174,1035040,5626
2022-12-22,San Francisco,075,870044,189762,188947,12930,201877,1095
2022-12-22,San Joaquin,077,732212,205345,204712,16226,220938,2353
2022-12-22,San Luis Obispo,079,281455,64915,64748,7775,72523,536
2022-12-22,San Mateo,081,765935,177543,176920,11225,188145,748
2022-12-22,Santa Barbara,083,443738,109462,109074,7389,116463,744
2022-12-22,Santa Clara,085,1922200,461004,459089,20879,479968,2579
2022-12-22,Santa Cruz,087,273765,66699,66560,3711,70271,277
2022-12-22,Shasta,089,179085,35976,35856,8167,44023,601
2022-12-22,Sierra,091,2930,309,308,62,370,5
2022-12-22,Siskiyou,093,43540,5349,5334,3409,8743,95
2022-12-22,Solano,095,438530,110382,109900,8284,118184,474
2022-12-22,Sonoma,097,501317,110959,110643,5639,116282,536
2022-12-22,Stanislaus,099,539301,142280,141956,22361,164317,1795
2022-12-22,Sutter,101,95872,25165,25088,2510,27598,235
2022-12-22,Tehama,103,63373,14205,14127,3358,17485,218
2022-12-22,Trinity,105,12862,1444,1438,476,1914,23
2022-12-22,Tulare,107,460477,125221,124848,38853,163701,1546
2022-12-22,Tuolumne,109,53932,16331,16261,1013,17274,209
2022-12-22,Ventura,111,848112,216171,215497,17290,232787,1604
2022-12-22,Yolo,113,214977,48980,48842,4792,53634,422
2022-12-22,Yuba,115,75493,19625,19553,1803,21356,132
2022-12-21,Alameda,001,1643700,367129,366018,21599,387617,2088
2022-12-21,Alpine,003,1148,138,138,3,141,0
2022-12-21,Amador,005,37829,10303,10269,960,11229,96
2022-12-21,Butte,007,227075,40976,40923,9792,50715,473
2022-12-21,Calaveras,009,45235,8812,8794,628,9422,135
2022-12-21,Colusa,011,21464,3895,3891,1317,5208,22
2022-12-21,Contra Costa,013,1133247,263876,262951,21945,284896,1492
2022-12-21,Del Norte,015,27424,7626,7612,424,8036,56
2022-12-21,El Dorado,017,186661,33811,33729,4469,38198,236
2022-12-21,Fresno,019,978130,285052,284361,33451,317812,2907
2022-12-21,Glenn,021,27897,5717,5702,1968,7670,58
2022-12-21,Humboldt,023,135768,22806,22760,5568,28328,161
2022-12-21,Imperial,025,180216,68508,68403,18297,86700,963
2022-12-21,Inyo,027,18085,4664,4655,1206,5861,60
2022-12-21,Kern,029,883053,225445,224945,68783,293728,2446
2022-12-21,Kings,031,150075,61589,61461,4366,65827,467
2022-12-21,Lake,033,64148,13290,13254,1287,14541,149
2022-12-21,Lassen,035,31185,10165,10151,1032,11183,66
2022-12-21,Los Angeles,037,10098052,3417595,3399852,203330,3603182,34170
2022-12-21,Madera,039,155013,45392,45290,8666,53956,377
2022-12-21,Marin,041,260295,47583,47457,5601,53058,315
2022-12-21,Mariposa,043,17540,3210,3201,400,3601,32
2022-12-21,Mendocino,045,87422,16484,16435,4737,21172,137
2022-12-21,Merced,047,269075,74713,74498,12395,86893,880
2022-12-21,Modoc,049,8938,928,927,363,1290,11
2022-12-21,Mono,051,14174,3267,3264,292,3556,8
2022-12-21,Monterey,053,433212,96341,96192,22388,118580,776
2022-12-21,Napa,055,140530,33468,33370,1506,34876,163
2022-12-21,Nevada,057,99092,19768,19696,2207,21903,132
2022-12-21,Orange,059,3164182,692683,690845,71199,762044,7628
2022-12-21,Placer,061,380077,79019,78813,10042,88855,669
2022-12-21,Plumas,063,18699,3782,3778,453,4231,13
2022-12-21,Riverside,065,2383286,719592,717576,39134,756710,6738
2022-12-21,Sacramento,067,1510023,362124,361095,36160,397255,3407
2022-12-21,San Benito,069,59416,17183,17109,1086,18195,108
2022-12-21,San Bernardino,071,2135413,695609,693567,33533,727100,8136
2022-12-21,San Diego,073,3302833,960810,957866,77084,1034950,5626
2022-12-21,San Francisco,075,870044,189620,188947,12930,201877,1095
2022-12-21,San Joaquin,077,732212,205204,204712,16220,220932,2353
2022-12-21,San Luis Obispo,079,281455,64884,64748,7773,72521,536
2022-12-21,San Mateo,081,765935,177400,176920,11224,188144,748
2022-12-21,Santa Barbara,083,443738,109385,109074,7388,116462,744
2022-12-21,Santa Clara,085,1922200,460623,459089,20879,479968,2579
2022-12-21,Santa Cruz,087,273765,66660,66560,3711,70271,277
2022-12-21,Shasta,089,179085,35951,35856,8167,44023,601
2022-12-21,Sierra,091,2930,309,308,62,370,5
2022-12-21,Siskiyou,093,43540,5347,5334,3409,8743,95
2022-12-21,Solano,095,438530,110257,109900,8284,118184,474
2022-12-21,Sonoma,097,501317,110893,110643,5639,116282,536
2022-12-21,Stanislaus,099,539301,142209,141956,22360,164316,1795
2022-12-21,Sutter,101,95872,25150,25088,2510,27598,235
2022-12-21,Tehama,103,63373,14203,14127,3358,17485,218
2022-12-21,Trinity,105,12862,1444,1438,476,1914,23
2022-12-21,Tulare,107,460477,125158,124848,38848,163696,1546
2022-12-21,Tuolumne,109,53932,16309,16261,1013,17274,209
2022-12-21,Ventura,111,848112,216041,215497,17290,232787,1604
2022-12-21,Yolo,113,214977,48957,48842,4792,53634,422
2022-12-21,Yuba,115,75493,19604,19553,1803,21356,132
2022-12-20,Alameda,001,1643700,366799,366018,21599,387617,2088
2022-12-20,Alpine,003,1148,138,138,3,141,0
2022-12-20,Amador,005,37829,10297,10269,960,11229,96
2022-12-20,Butte,007,227075,40960,40923,9791,50714,473
2022-12-20,Calaveras,009,45235,8804,8794,628,9422,135
2022-12-20,Colusa,011,21464,3894,3891,1317,5208,22
2022-12-20,Contra Costa,013,1133247,263656,262951,21945,284896,1492
2022-12-20,Del Norte,015,27424,7624,7612,424,8036,56
2022-12-20,El Dorado,017,186661,33788,33729,4469,38198,236
2022-12-20,Fresno,019,978130,284841,284361,33451,317812,2907
2022-12-20,Glenn,021,27897,5715,5702,1967,7669,58
2022-12-20,Humboldt,023,135768,22791,22760,5567,28327,161
2022-12-20,Imperial,025,180216,68482,68403,18297,86700,963
2022-12-20,Inyo,027,18085,4660,4655,1206,5861,60
2022-12-20,Kern,029,883053,225308,224945,68767,293712,2446
2022-12-20,Kings,031,150075,61545,61461,4366,65827,467
2022-12-20,Lake,033,64148,13280,13254,1287,14541,149
2022-12-20,Lassen,035,31185,10159,10151,1032,11183,66
2022-12-20,Los Angeles,037,10098052,3415356,3399852,202895,3602747,34170
2022-12-20,Madera,039,155013,45361,45290,8666,53956,377
2022-12-20,Marin,041,260295,47546,47457,5600,53057,315
2022-12-20,Mariposa,043,17540,3208,3201,400,3601,32
2022-12-20,Mendocino,045,87422,16471,16435,4737,21172,137
2022-12-20,Merced,047,269075,74677,74498,12375,86873,880
2022-12-20,Modoc,049,8938,927,927,363,1290,11
2022-12-20,Mono,051,14174,3266,3264,289,3553,8
2022-12-20,Monterey,053,433212,96316,96192,22388,118580,776
2022-12-20,Napa,055,140530,33443,33370,1506,34876,163
2022-12-20,Nevada,057,99092,19753,19696,2203,21899,132
2022-12-20,Orange,059,3164182,692111,690845,71194,762039,7628
2022-12-20,Placer,061,380077,78965,78813,10041,88854,669
2022-12-20,Plumas,063,18699,3781,3778,453,4231,13
2022-12-20,Riverside,065,2383286,719103,717576,39131,756707,6738
2022-12-20,Sacramento,067,1510023,361882,361095,36160,397255,3407
2022-12-20,San Benito,069,59416,17161,17109,1086,18195,108
2022-12-20,San Bernardino,071,2135413,695109,693567,33533,727100,8136
2022-12-20,San Diego,073,3302833,960050,957866,76963,1034829,5626
2022-12-20,San Francisco,075,870044,189404,188947,12930,201877,1095
2022-12-20,San Joaquin,077,732212,205066,204712,16215,220927,2353
2022-12-20,San Luis Obispo,079,281455,64852,64748,7772,72520,536
2022-12-20,San Mateo,081,765935,177275,176920,11224,188144,748
2022-12-20,Santa Barbara,083,443738,109292,109074,7388,116462,744
2022-12-20,Santa Clara,085,1922200,460227,459089,20879,479968,2579
2022-12-20,Santa Cruz,087,273765,66641,66560,3711,70271,277
2022-12-20,Shasta,089,179085,35938,35856,8167,44023,601
2022-12-20,Sierra,091,2930,309,308,62,370,5
2022-12-20,Siskiyou,093,43540,5343,5334,3409,8743,95
2022-12-20,Solano,095,438530,110141,109900,8284,118184,474
2022-12-20,Sonoma,097,501317,110816,110643,5639,116282,536
2022-12-20,Stanislaus,099,539301,142138,141956,22360,164316,1795
2022-12-20,Sutter,101,95872,25125,25088,2510,27598,235
2022-12-20,Tehama,103,63373,14195,14127,3358,17485,218
2022-12-20,Trinity,105,12862,1444,1438,476,1914,23
2022-12-20,Tulare,107,460477,125095,124848,38844,163692,1546
2022-12-20,Tuolumne,109,53932,16296,16261,1013,17274,209
2022-12-20,Ventura,111,848112,215895,215497,17290,232787,1604
2022-12-20,Yolo,113,214977,48932,48842,4792,53634,422
2022-12-20,Yuba,115,75493,19586,19553,1803,21356,132
2022-12-19,Alameda,001,1643700,366463,363758,21599,385357,2082
2022-12-19,Alpine,003,1148,138,139,3,142,0
2022-12-19,Amador,005,37829,10282,10236,960,11196,96
2022-12-19,Butte,007,227075,40941,40800,9788,50588,471
2022-12-19,Calaveras,009,45235,8803,8758,628,9386,135
2022-12-19,Colusa,011,21464,3892,3882,1317,5199,22
2022-12-19,Contra Costa,013,1133247,263395,261280,21945,283225,1491
2022-12-19,Del Norte,015,27424,7620,7586,424,8010,56
2022-12-19,El Dorado,017,186661,33760,33598,4469,38067,235
2022-12-19,Fresno,019,978130,284667,283068,33450,316518,2905
2022-12-19,Glenn,021,27897,5711,5690,1967,7657,58
2022-12-19,Humboldt,023,135768,22780,22679,5566,28245,161
2022-12-19,Imperial,025,180216,68434,68094,18297,86391,963
2022-12-19,Inyo,027,18085,4658,4649,1206,5855,60
2022-12-19,Kern,029,883053,225195,223971,68732,292703,2444
2022-12-19,Kings,031,150075,61512,61254,4366,65620,466
2022-12-19,Lake,033,64148,13270,13201,1287,14488,149
2022-12-19,Lassen,035,31185,10153,10142,1032,11174,66
2022-12-19,Los Angeles,037,10098052,3412892,3390335,202473,3592808,34114
2022-12-19,Madera,039,155013,45327,45131,8666,53797,377
2022-12-19,Marin,041,260295,47516,47184,5600,52784,315
2022-12-19,Mariposa,043,17540,3206,3202,400,3602,32
2022-12-19,Mendocino,045,87422,16455,16396,4737,21133,136
2022-12-19,Merced,047,269075,74649,74307,12375,86682,880
2022-12-19,Modoc,049,8938,927,918,363,1281,11
2022-12-19,Mono,051,14174,3265,3251,286,3537,8
2022-12-19,Monterey,053,433212,96295,95970,22370,118340,776
2022-12-19,Napa,055,140530,33415,33212,1506,34718,162
2022-12-19,Nevada,057,99092,19747,19663,2203,21866,132
2022-12-19,Orange,059,3164182,691502,687587,71194,758781,7596
2022-12-19,Placer,061,380077,78919,78475,10041,88516,666
2022-12-19,Plumas,063,18699,3779,3769,453,4222,13
2022-12-19,Riverside,065,2383286,718596,714426,39127,753553,6694
2022-12-19,Sacramento,067,1510023,361596,359420,36158,395578,3395
2022-12-19,San Benito,069,59416,17141,17018,1086,18104,108
2022-12-19,San Bernardino,071,2135413,694559,690423,33528,723951,8136
2022-12-19,San Diego,073,3302833,959129,953029,76842,1029871,5608
2022-12-19,San Francisco,075,870044,189224,187665,12930,200595,1087
2022-12-19,San Joaquin,077,732212,204943,203845,16210,220055,2353
2022-12-19,San Luis Obispo,079,281455,64820,64540,7771,72311,533
2022-12-19,San Mateo,081,765935,177097,175963,11224,187187,748
2022-12-19,Santa Barbara,083,443738,109198,108635,7388,116023,743
2022-12-19,Santa Clara,085,1922200,459800,456121,20879,477000,2566
2022-12-19,Santa Cruz,087,273765,66613,66157,3711,69868,275
2022-12-19,Shasta,089,179085,35925,35797,8167,43964,599
2022-12-19,Sierra,091,2930,309,309,62,371,5
2022-12-19,Siskiyou,093,43540,5342,5325,3409,8734,94
2022-12-19,Solano,095,438530,110000,109297,8284,117581,472
2022-12-19,Sonoma,097,501317,110729,110159,5639,115798,533
2022-12-19,Stanislaus,099,539301,142056,141472,22360,163832,1796
2022-12-19,Sutter,101,95872,25099,25020,2510,27530,235
2022-12-19,Tehama,103,63373,14184,14104,3358,17462,218
2022-12-19,Trinity,105,12862,1443,1434,476,1910,23
2022-12-19,Tulare,107,460477,125011,124442,38835,163277,1546
2022-12-19,Tuolumne,109,53932,16288,16161,1013,17174,209
2022-12-19,Ventura,111,848112,215726,214659,17289,231948,1597
2022-12-19,Yolo,113,214977,48903,48765,4791,53556,416
2022-12-19,Yuba,115,75493,19574,19482,1803,21285,132
2022-12-18,Alameda,001,1643700,366068,363758,21568,385326,2082
2022-12-18,Alpine,003,1148,138,139,3,142,0
2022-12-18,Amador,005,37829,10275,10236,960,11196,96
2022-12-18,Butte,007,227075,40924,40800,9773,50573,471
2022-12-18,Calaveras,009,45235,8798,8758,623,9381,135
2022-12-18,Colusa,011,21464,3891,3882,1317,5199,22
2022-12-18,Contra Costa,013,1133247,263075,261280,21936,283216,1491
2022-12-18,Del Norte,015,27424,7612,7586,423,8009,56
2022-12-18,El Dorado,017,186661,33732,33598,4466,38064,235
2022-12-18,Fresno,019,978130,284463,283068,33427,316495,2905
2022-12-18,Glenn,021,27897,5709,5690,1965,7655,58
2022-12-18,Humboldt,023,135768,22770,22679,5555,28234,161
2022-12-18,Imperial,025,180216,68385,68094,18261,86355,963
2022-12-18,Inyo,027,18085,4654,4649,1204,5853,60
2022-12-18,Kern,029,883053,225043,223971,68677,292648,2444
2022-12-18,Kings,031,150075,61462,61254,4364,65618,466
2022-12-18,Lake,033,64148,13255,13201,1286,14487,149
2022-12-18,Lassen,035,31185,10151,10142,1032,11174,66
2022-12-18,Los Angeles,037,10098052,3410229,3390335,202089,3592424,34114
2022-12-18,Madera,039,155013,45298,45131,8655,53786,377
2022-12-18,Marin,041,260295,47472,47184,5598,52782,315
2022-12-18,Mariposa,043,17540,3205,3202,400,3602,32
2022-12-18,Mendocino,045,87422,16443,16396,4731,21127,136
2022-12-18,Merced,047,269075,74613,74307,12366,86673,880
2022-12-18,Modoc,049,8938,927,918,361,1279,11
2022-12-18,Mono,051,14174,3260,3251,286,3537,8
2022-12-18,Monterey,053,433212,96249,95970,22362,118332,776
2022-12-18,Napa,055,140530,33364,33212,1506,34718,162
2022-12-18,Nevada,057,99092,19732,19663,2202,21865,132
2022-12-18,Orange,059,3164182,690909,687587,71089,758676,7596
2022-12-18,Placer,061,380077,78855,78475,10034,88509,666
2022-12-18,Plumas,063,18699,3777,3769,453,4222,13
2022-12-18,Riverside,065,2383286,718028,714426,39090,753516,6694
2022-12-18,Sacramento,067,1510023,361280,359420,36112,395532,3395
2022-12-18,San Benito,069,59416,17127,17018,1086,18104,108
2022-12-18,San Bernardino,071,2135413,693976,690423,33498,723921,8136
2022-12-18,San Diego,073,3302833,958261,953029,76735,1029764,5608
2022-12-18,San Francisco,075,870044,188967,187665,12923,200588,1087
2022-12-18,San Joaquin,077,732212,204785,203845,16197,220042,2353
2022-12-18,San Luis Obispo,079,281455,64780,64540,7745,72285,533
2022-12-18,San Mateo,081,765935,176915,175963,11215,187178,748
2022-12-18,Santa Barbara,083,443738,109103,108635,7383,116018,743
2022-12-18,Santa Clara,085,1922200,459281,456121,20861,476982,2566
2022-12-18,Santa Cruz,087,273765,66578,66157,3711,69868,275
2022-12-18,Shasta,089,179085,35916,35797,8159,43956,599
2022-12-18,Sierra,091,2930,309,309,62,371,5
2022-12-18,Siskiyou,093,43540,5337,5325,3406,8731,94
2022-12-18,Solano,095,438530,109861,109297,8281,117578,472
2022-12-18,Sonoma,097,501317,110652,110159,5638,115797,533
2022-12-18,Stanislaus,099,539301,141966,141472,22354,163826,1796
2022-12-18,Sutter,101,95872,25088,25020,2510,27530,235
2022-12-18,Tehama,103,63373,14174,14104,3356,17460,218
2022-12-18,Trinity,105,12862,1443,1434,475,1909,23
2022-12-18,Tulare,107,460477,124899,124442,38794,163236,1546
2022-12-18,Tuolumne,109,53932,16276,16161,1013,17174,209
2022-12-18,Ventura,111,848112,215552,214659,17279,231938,1597
2022-12-18,Yolo,113,214977,48876,48765,4787,53552,416
2022-12-18,Yuba,115,75493,19552,19482,1801,21283,132
2022-12-17,Alameda,001,1643700,365857,363758,21559,385317,2082
2022-12-17,Alpine,003,1148,138,139,3,142,0
2022-12-17,Amador,005,37829,10270,10236,960,11196,96
2022-12-17,Butte,007,227075,40908,40800,9765,50565,471
2022-12-17,Calaveras,009,45235,8794,8758,620,9378,135
2022-12-17,Colusa,011,21464,3891,3882,1317,5199,22
2022-12-17,Contra Costa,013,1133247,262909,261280,21925,283205,1491
2022-12-17,Del Norte,015,27424,7609,7586,423,8009,56
2022-12-17,El Dorado,017,186661,33718,33598,4466,38064,235
2022-12-17,Fresno,019,978130,284364,283068,33418,316486,2905
2022-12-17,Glenn,021,27897,5707,5690,1965,7655,58
2022-12-17,Humboldt,023,135768,22752,22679,5554,28233,161
2022-12-17,Imperial,025,180216,68369,68094,18252,86346,963
2022-12-17,Inyo,027,18085,4654,4649,1204,5853,60
2022-12-17,Kern,029,883053,224991,223971,68634,292605,2444
2022-12-17,Kings,031,150075,61449,61254,4363,65617,466
2022-12-17,Lake,033,64148,13251,13201,1286,14487,149
2022-12-17,Lassen,035,31185,10151,10142,1032,11174,66
2022-12-17,Los Angeles,037,10098052,3409017,3390335,201918,3592253,34114
2022-12-17,Madera,039,155013,45278,45131,8653,53784,377
2022-12-17,Marin,041,260295,47456,47184,5592,52776,315
2022-12-17,Mariposa,043,17540,3205,3202,400,3602,32
2022-12-17,Mendocino,045,87422,16440,16396,4730,21126,136
2022-12-17,Merced,047,269075,74597,74307,12362,86669,880
2022-12-17,Modoc,049,8938,927,918,361,1279,11
2022-12-17,Mono,051,14174,3259,3251,286,3537,8
2022-12-17,Monterey,053,433212,96225,95970,22355,118325,776
2022-12-17,Napa,055,140530,33354,33212,1505,34717,162
2022-12-17,Nevada,057,99092,19722,19663,2202,21865,132
2022-12-17,Orange,059,3164182,690625,687587,70976,758563,7596
2022-12-17,Placer,061,380077,78812,78475,10034,88509,666
2022-12-17,Plumas,063,18699,3777,3769,453,4222,13
2022-12-17,Riverside,065,2383286,717679,714426,39054,753480,6694
2022-12-17,Sacramento,067,1510023,361158,359420,36104,395524,3395
2022-12-17,San Benito,069,59416,17119,17018,1086,18104,108
2022-12-17,San Bernardino,071,2135413,693686,690423,33474,723897,8136
2022-12-17,San Diego,073,3302833,957872,953029,76681,1029710,5608
2022-12-17,San Francisco,075,870044,188863,187665,12921,200586,1087
2022-12-17,San Joaquin,077,732212,204719,203845,16191,220036,2353
2022-12-17,San Luis Obispo,079,281455,64763,64540,7738,72278,533
2022-12-17,San Mateo,081,765935,176831,175963,11207,187170,748
2022-12-17,Santa Barbara,083,443738,109061,108635,7375,116010,743
2022-12-17,Santa Clara,085,1922200,459050,456121,20847,476968,2566
2022-12-17,Santa Cruz,087,273765,66561,66157,3711,69868,275
2022-12-17,Shasta,089,179085,35906,35797,8159,43956,599
2022-12-17,Sierra,091,2930,309,309,62,371,5
2022-12-17,Siskiyou,093,43540,5337,5325,3406,8731,94
2022-12-17,Solano,095,438530,109824,109297,8280,117577,472
2022-12-17,Sonoma,097,501317,110605,110159,5637,115796,533
2022-12-17,Stanislaus,099,539301,141917,141472,22349,163821,1796
2022-12-17,Sutter,101,95872,25082,25020,2510,27530,235
2022-12-17,Tehama,103,63373,14170,14104,3355,17459,218
2022-12-17,Trinity,105,12862,1443,1434,474,1908,23
2022-12-17,Tulare,107,460477,124847,124442,38780,163222,1546
2022-12-17,Tuolumne,109,53932,16270,16161,1013,17174,209
2022-12-17,Ventura,111,848112,215460,214659,17266,231925,1597
2022-12-17,Yolo,113,214977,48855,48765,4786,53551,416
2022-12-17,Yuba,115,75493,19545,19482,1801,21283,132
2022-12-16,Alameda,001,1643700,365629,363758,21537,385295,2082
2022-12-16,Alpine,003,1148,138,139,3,142,0
2022-12-16,Amador,005,37829,10265,10236,960,11196,96
2022-12-16,Butte,007,227075,40901,40800,9757,50557,471
2022-12-16,Calaveras,009,45235,8790,8758,619,9377,135
2022-12-16,Colusa,011,21464,3890,3882,1317,5199,22
2022-12-16,Contra Costa,013,1133247,262730,261280,21918,283198,1491
2022-12-16,Del Norte,015,27424,7606,7586,423,8009,56
2022-12-16,El Dorado,017,186661,33696,33598,4466,38064,235
2022-12-16,Fresno,019,978130,284232,283068,33410,316478,2905
2022-12-16,Glenn,021,27897,5706,5690,1962,7652,58
2022-12-16,Humboldt,023,135768,22742,22679,5554,28233,161
2022-12-16,Imperial,025,180216,68362,68094,18231,86325,963
2022-12-16,Inyo,027,18085,4652,4649,1200,5849,60
2022-12-16,Kern,029,883053,224900,223971,68582,292553,2444
2022-12-16,Kings,031,150075,61425,61254,4362,65616,466
2022-12-16,Lake,033,64148,13243,13201,1286,14487,149
2022-12-16,Lassen,035,31185,10148,10142,1032,11174,66
2022-12-16,Los Angeles,037,10098052,3407617,3390335,201694,3592029,34114
2022-12-16,Madera,039,155013,45258,45131,8648,53779,377
2022-12-16,Marin,041,260295,47418,47184,5592,52776,315
2022-12-16,Mariposa,043,17540,3204,3202,399,3601,32
2022-12-16,Mendocino,045,87422,16424,16396,4730,21126,136
2022-12-16,Merced,047,269075,74577,74307,12358,86665,880
2022-12-16,Modoc,049,8938,927,918,361,1279,11
2022-12-16,Mono,051,14174,3256,3251,286,3537,8
2022-12-16,Monterey,053,433212,96206,95970,22345,118315,776
2022-12-16,Napa,055,140530,33331,33212,1504,34716,162
2022-12-16,Nevada,057,99092,19719,19663,2200,21863,132
2022-12-16,Orange,059,3164182,690319,687587,70856,758443,7596
2022-12-16,Placer,061,380077,78778,78475,10029,88504,666
2022-12-16,Plumas,063,18699,3775,3769,453,4222,13
2022-12-16,Riverside,065,2383286,717358,714426,39020,753446,6694
2022-12-16,Sacramento,067,1510023,360998,359420,36095,395515,3395
2022-12-16,San Benito,069,59416,17108,17018,1084,18102,108
2022-12-16,San Bernardino,071,2135413,693378,690423,33449,723872,8136
2022-12-16,San Diego,073,3302833,957434,953029,76623,1029652,5608
2022-12-16,San Francisco,075,870044,188748,187665,12905,200570,1087
2022-12-16,San Joaquin,077,732212,204639,203845,16185,220030,2353
2022-12-16,San Luis Obispo,079,281455,64752,64540,7734,72274,533
2022-12-16,San Mateo,081,765935,176749,175963,11197,187160,748
2022-12-16,Santa Barbara,083,443738,109016,108635,7374,116009,743
2022-12-16,Santa Clara,085,1922200,458783,456121,20824,476945,2566
2022-12-16,Santa Cruz,087,273765,66539,66157,3709,69866,275
2022-12-16,Shasta,089,179085,35900,35797,8156,43953,599
2022-12-16,Sierra,091,2930,309,309,62,371,5
2022-12-16,Siskiyou,093,43540,5335,5325,3406,8731,94
2022-12-16,Solano,095,438530,109758,109297,8275,117572,472
2022-12-16,Sonoma,097,501317,110548,110159,5636,115795,533
2022-12-16,Stanislaus,099,539301,141876,141472,22348,163820,1796
2022-12-16,Sutter,101,95872,25069,25020,2510,27530,235
2022-12-16,Tehama,103,63373,14162,14104,3354,17458,218
2022-12-16,Trinity,105,12862,1443,1434,474,1908,23
2022-12-16,Tulare,107,460477,124797,124442,38754,163196,1546
2022-12-16,Tuolumne,109,53932,16258,16161,1013,17174,209
2022-12-16,Ventura,111,848112,215379,214659,17254,231913,1597
2022-12-16,Yolo,113,214977,48836,48765,4785,53550,416
2022-12-16,Yuba,115,75493,19538,19482,1801,21283,132
2022-12-15,Alameda,001,1643700,365312,363758,21502,385260,2082
2022-12-15,Alpine,003,1148,138,139,3,142,0
2022-12-15,Amador,005,37829,10256,10236,960,11196,96
2022-12-15,Butte,007,227075,40881,40800,9739,50539,471
2022-12-15,Calaveras,009,45235,8787,8758,617,9375,135
2022-12-15,Colusa,011,21464,3888,3882,1317,5199,22
2022-12-15,Contra Costa,013,1133247,262493,261280,21903,283183,1491
2022-12-15,Del Norte,015,27424,7600,7586,423,8009,56
2022-12-15,El Dorado,017,186661,33675,33598,4462,38060,235
2022-12-15,Fresno,019,978130,284083,283068,33380,316448,2905
2022-12-15,Glenn,021,27897,5703,5690,1960,7650,58
2022-12-15,Humboldt,023,135768,22735,22679,5551,28230,161
2022-12-15,Imperial,025,180216,68331,68094,18193,86287,963
2022-12-15,Inyo,027,18085,4651,4649,1198,5847,60
2022-12-15,Kern,029,883053,224759,223971,68493,292464,2444
2022-12-15,Kings,031,150075,61405,61254,4357,65611,466
2022-12-15,Lake,033,64148,13236,13201,1286,14487,149
2022-12-15,Lassen,035,31185,10146,10142,1030,11172,66
2022-12-15,Los Angeles,037,10098052,3405682,3390335,201403,3591738,34114
2022-12-15,Madera,039,155013,45238,45131,8634,53765,377
2022-12-15,Marin,041,260295,47373,47184,5592,52776,315
2022-12-15,Mariposa,043,17540,3203,3202,399,3601,32
2022-12-15,Mendocino,045,87422,16415,16396,4729,21125,136
2022-12-15,Merced,047,269075,74546,74307,12357,86664,880
2022-12-15,Modoc,049,8938,927,918,361,1279,11
2022-12-15,Mono,051,14174,3255,3251,284,3535,8
2022-12-15,Monterey,053,433212,96175,95970,22329,118299,776
2022-12-15,Napa,055,140530,33302,33212,1503,34715,162
2022-12-15,Nevada,057,99092,19714,19663,2193,21856,132
2022-12-15,Orange,059,3164182,689887,687587,70710,758297,7596
2022-12-15,Placer,061,380077,78728,78475,10019,88494,666
2022-12-15,Plumas,063,18699,3774,3769,453,4222,13
2022-12-15,Riverside,065,2383286,716936,714426,38962,753388,6694
2022-12-15,Sacramento,067,1510023,360724,359420,36066,395486,3395
2022-12-15,San Benito,069,59416,17098,17018,1083,18101,108
2022-12-15,San Bernardino,071,2135413,692975,690423,33405,723828,8136
2022-12-15,San Diego,073,3302833,956780,953029,76506,1029535,5608
2022-12-15,San Francisco,075,870044,188564,187665,12890,200555,1087
2022-12-15,San Joaquin,077,732212,204516,203845,16168,220013,2353
2022-12-15,San Luis Obispo,079,281455,64711,64540,7716,72256,533
2022-12-15,San Mateo,081,765935,176626,175963,11180,187143,748
2022-12-15,Santa Barbara,083,443738,108957,108635,7367,116002,743
2022-12-15,Santa Clara,085,1922200,458382,456121,20808,476929,2566
2022-12-15,Santa Cruz,087,273765,66515,66157,3705,69862,275
2022-12-15,Shasta,089,179085,35882,35797,8149,43946,599
2022-12-15,Sierra,091,2930,309,309,62,371,5
2022-12-15,Siskiyou,093,43540,5333,5325,3404,8729,94
2022-12-15,Solano,095,438530,109674,109297,8271,117568,472
2022-12-15,Sonoma,097,501317,110499,110159,5633,115792,533
2022-12-15,Stanislaus,099,539301,141814,141472,22341,163813,1796
2022-12-15,Sutter,101,95872,25061,25020,2510,27530,235
2022-12-15,Tehama,103,63373,14154,14104,3351,17455,218
2022-12-15,Trinity,105,12862,1443,1434,473,1907,23
2022-12-15,Tulare,107,460477,124750,124442,38712,163154,1546
2022-12-15,Tuolumne,109,53932,16248,16161,1011,17172,209
2022-12-15,Ventura,111,848112,215239,214659,17245,231904,1597
2022-12-15,Yolo,113,214977,48810,48765,4782,53547,416
2022-12-15,Yuba,115,75493,19527,19482,1800,21282,132
2022-12-14,Alameda,001,1643700,364993,363758,21467,385225,2082
2022-12-14,Alpine,003,1148,138,139,3,142,0
2022-12-14,Amador,005,37829,10254,10236,959,11195,96
2022-12-14,Butte,007,227075,40867,40800,9722,50522,471
2022-12-14,Calaveras,009,45235,8784,8758,617,9375,135
2022-12-14,Colusa,011,21464,3884,3882,1317,5199,22
2022-12-14,Contra Costa,013,1133247,262291,261280,21888,283168,1491
2022-12-14,Del Norte,015,27424,7598,7586,421,8007,56
2022-12-14,El Dorado,017,186661,33657,33598,4461,38059,235
2022-12-14,Fresno,019,978130,283904,283068,33349,316417,2905
2022-12-14,Glenn,021,27897,5700,5690,1960,7650,58
2022-12-14,Humboldt,023,135768,22720,22679,5543,28222,161
2022-12-14,Imperial,025,180216,68282,68094,18153,86247,963
2022-12-14,Inyo,027,18085,4650,4649,1192,5841,60
2022-12-14,Kern,029,883053,224605,223971,68417,292388,2444
2022-12-14,Kings,031,150075,61370,61254,4353,65607,466
2022-12-14,Lake,033,64148,13226,13201,1284,14485,149
2022-12-14,Lassen,035,31185,10146,10142,1030,11172,66
2022-12-14,Los Angeles,037,10098052,3403410,3390335,201010,3591345,34114
2022-12-14,Madera,039,155013,45210,45131,8629,53760,377
2022-12-14,Marin,041,260295,47336,47184,5588,52772,315
2022-12-14,Mariposa,043,17540,3202,3202,399,3601,32
2022-12-14,Mendocino,045,87422,16410,16396,4728,21124,136
2022-12-14,Merced,047,269075,74513,74307,12348,86655,880
2022-12-14,Modoc,049,8938,926,918,361,1279,11
2022-12-14,Mono,051,14174,3255,3251,283,3534,8
2022-12-14,Monterey,053,433212,96150,95970,22308,118278,776
2022-12-14,Napa,055,140530,33284,33212,1502,34714,162
2022-12-14,Nevada,057,99092,19704,19663,2191,21854,132
2022-12-14,Orange,059,3164182,689412,687587,70560,758147,7596
2022-12-14,Placer,061,380077,78668,78475,10014,88489,666
2022-12-14,Plumas,063,18699,3774,3769,452,4221,13
2022-12-14,Riverside,065,2383286,716521,714426,38904,753330,6694
2022-12-14,Sacramento,067,1510023,360474,359420,36032,395452,3395
2022-12-14,San Benito,069,59416,17088,17018,1082,18100,108
2022-12-14,San Bernardino,071,2135413,692514,690423,33355,723778,8136
2022-12-14,San Diego,073,3302833,956046,953029,76383,1029412,5608
2022-12-14,San Francisco,075,870044,188412,187665,12887,200552,1087
2022-12-14,San Joaquin,077,732212,204380,203845,16156,220001,2353
2022-12-14,San Luis Obispo,079,281455,64680,64540,7703,72243,533
2022-12-14,San Mateo,081,765935,176481,175963,11167,187130,748
2022-12-14,Santa Barbara,083,443738,108881,108635,7361,115996,743
2022-12-14,Santa Clara,085,1922200,458004,456121,20787,476908,2566
2022-12-14,Santa Cruz,087,273765,66484,66157,3703,69860,275
2022-12-14,Shasta,089,179085,35855,35797,8140,43937,599
2022-12-14,Sierra,091,2930,309,309,62,371,5
2022-12-14,Siskiyou,093,43540,5332,5325,3403,8728,94
2022-12-14,Solano,095,438530,109587,109297,8260,117557,472
2022-12-14,Sonoma,097,501317,110442,110159,5623,115782,533
2022-12-14,Stanislaus,099,539301,141737,141472,22326,163798,1796
2022-12-14,Sutter,101,95872,25053,25020,2510,27530,235
2022-12-14,Tehama,103,63373,14143,14104,3349,17453,218
2022-12-14,Trinity,105,12862,1443,1434,469,1903,23
2022-12-14,Tulare,107,460477,124689,124442,38660,163102,1546
2022-12-14,Tuolumne,109,53932,16231,16161,1010,17171,209
2022-12-14,Ventura,111,848112,215089,214659,17237,231896,1597
2022-12-14,Yolo,113,214977,48784,48765,4772,53537,416
2022-12-14,Yuba,115,75493,19514,19482,1800,21282,132
2022-12-13,Alameda,001,1643700,364619,363758,21430,385188,2082
2022-12-13,Alpine,003,1148,138,139,3,142,0
2022-12-13,Amador,005,37829,10250,10236,959,11195,96
2022-12-13,Butte,007,227075,40838,40800,9711,50511,471
2022-12-13,Calaveras,009,45235,8781,8758,617,9375,135
2022-12-13,Colusa,011,21464,3881,3882,1317,5199,22
2022-12-13,Contra Costa,013,1133247,262041,261280,21868,283148,1491
2022-12-13,Del Norte,015,27424,7594,7586,421,8007,56
2022-12-13,El Dorado,017,186661,33628,33598,4457,38055,235
2022-12-13,Fresno,019,978130,283735,283068,33318,316386,2905
2022-12-13,Glenn,021,27897,5698,5690,1959,7649,58
2022-12-13,Humboldt,023,135768,22697,22679,5539,28218,161
2022-12-13,Imperial,025,180216,68239,68094,18104,86198,963
2022-12-13,Inyo,027,18085,4648,4649,1188,5837,60
2022-12-13,Kern,029,883053,224484,223971,68324,292295,2444
2022-12-13,Kings,031,150075,61329,61254,4346,65600,466
2022-12-13,Lake,033,64148,13215,13201,1284,14485,149
2022-12-13,Lassen,035,31185,10146,10142,1030,11172,66
2022-12-13,Los Angeles,037,10098052,3400891,3390335,200613,3590948,34114
2022-12-13,Madera,039,155013,45181,45131,8618,53749,377
2022-12-13,Marin,041,260295,47297,47184,5585,52769,315
2022-12-13,Mariposa,043,17540,3202,3202,399,3601,32
2022-12-13,Mendocino,045,87422,16405,16396,4722,21118,136
2022-12-13,Merced,047,269075,74473,74307,12346,86653,880
2022-12-13,Modoc,049,8938,924,918,359,1277,11
2022-12-13,Mono,051,14174,3254,3251,283,3534,8
2022-12-13,Monterey,053,433212,96107,95970,22289,118259,776
2022-12-13,Napa,055,140530,33267,33212,1501,34713,162
2022-12-13,Nevada,057,99092,19697,19663,2182,21845,132
2022-12-13,Orange,059,3164182,688878,687587,70441,758028,7596
2022-12-13,Placer,061,380077,78596,78475,10006,88481,666
2022-12-13,Plumas,063,18699,3771,3769,452,4221,13
2022-12-13,Riverside,065,2383286,716011,714426,38841,753267,6694
2022-12-13,Sacramento,067,1510023,360171,359420,35988,395408,3395
2022-12-13,San Benito,069,59416,17071,17018,1081,18099,108
2022-12-13,San Bernardino,071,2135413,692003,690423,33315,723738,8136
2022-12-13,San Diego,073,3302833,955303,953029,76277,1029306,5608
2022-12-13,San Francisco,075,870044,188219,187665,12879,200544,1087
2022-12-13,San Joaquin,077,732212,204237,203845,16125,219970,2353
2022-12-13,San Luis Obispo,079,281455,64632,64540,7689,72229,533
2022-12-13,San Mateo,081,765935,176352,175963,11157,187120,748
2022-12-13,Santa Barbara,083,443738,108804,108635,7354,115989,743
2022-12-13,Santa Clara,085,1922200,457573,456121,20761,476882,2566
2022-12-13,Santa Cruz,087,273765,66448,66157,3701,69858,275
2022-12-13,Shasta,089,179085,35842,35797,8128,43925,599
2022-12-13,Sierra,091,2930,309,309,62,371,5
2022-12-13,Siskiyou,093,43540,5332,5325,3400,8725,94
2022-12-13,Solano,095,438530,109487,109297,8254,117551,472
2022-12-13,Sonoma,097,501317,110382,110159,5620,115779,533
2022-12-13,Stanislaus,099,539301,141673,141472,22309,163781,1796
2022-12-13,Sutter,101,95872,25038,25020,2509,27529,235
2022-12-13,Tehama,103,63373,14133,14104,3345,17449,218
2022-12-13,Trinity,105,12862,1443,1434,466,1900,23
2022-12-13,Tulare,107,460477,124631,124442,38610,163052,1546
2022-12-13,Tuolumne,109,53932,16221,16161,1010,17171,209
2022-12-13,Ventura,111,848112,214956,214659,17209,231868,1597
2022-12-13,Yolo,113,214977,48761,48765,4765,53530,416
2022-12-13,Yuba,115,75493,19505,19482,1798,21280,132
2022-12-12,Alameda,001,1643700,364223,360943,21389,382332,2081
2022-12-12,Alpine,003,1148,138,139,3,142,0
2022-12-12,Amador,005,37829,10242,10196,957,11153,96
2022-12-12,Butte,007,227075,40815,40598,9699,50297,470
2022-12-12,Calaveras,009,45235,8778,8727,614,9341,135
2022-12-12,Colusa,011,21464,3880,3869,1317,5186,22
2022-12-12,Contra Costa,013,1133247,261777,259434,21846,281280,1487
2022-12-12,Del Norte,015,27424,7591,7563,420,7983,56
2022-12-12,El Dorado,017,186661,33602,33447,4454,37901,235
2022-12-12,Fresno,019,978130,283527,281598,33271,314869,2899
2022-12-12,Glenn,021,27897,5691,5668,1959,7627,58
2022-12-12,Humboldt,023,135768,22688,22566,5531,28097,161
2022-12-12,Imperial,025,180216,68185,67632,18061,85693,962
2022-12-12,Inyo,027,18085,4647,4627,1181,5808,60
2022-12-12,Kern,029,883053,224320,222985,68233,291218,2437
2022-12-12,Kings,031,150075,61282,60965,4343,65308,464
2022-12-12,Lake,033,64148,13207,13140,1283,14423,149
2022-12-12,Lassen,035,31185,10146,10128,1029,11157,66
2022-12-12,Los Angeles,037,10098052,3398189,3370904,200237,3571141,34009
2022-12-12,Madera,039,155013,45153,44902,8612,53514,379
2022-12-12,Marin,041,260295,47255,46842,5581,52423,315
2022-12-12,Mariposa,043,17540,3202,3190,399,3589,32
2022-12-12,Mendocino,045,87422,16394,16350,4719,21069,136
2022-12-12,Merced,047,269075,74426,73999,12336,86335,877
2022-12-12,Modoc,049,8938,918,908,355,1263,11
2022-12-12,Mono,051,14174,3254,3238,283,3521,8
2022-12-12,Monterey,053,433212,96076,95709,22263,117972,776
2022-12-12,Napa,055,140530,33239,33043,1497,34540,164
2022-12-12,Nevada,057,99092,19681,19565,2178,21743,132
2022-12-12,Orange,059,3164182,688313,684112,70304,754416,7576
2022-12-12,Placer,061,380077,78565,78117,9996,88113,665
2022-12-12,Plumas,063,18699,3771,3762,452,4214,13
2022-12-12,Riverside,065,2383286,715510,710833,38754,749587,6697
2022-12-12,Sacramento,067,1510023,359884,357413,35940,393353,3382
2022-12-12,San Benito,069,59416,17043,16829,1078,17907,108
2022-12-12,San Bernardino,071,2135413,691442,686731,33262,719993,8135
2022-12-12,San Diego,073,3302833,954437,948180,76155,1024335,5584
2022-12-12,San Francisco,075,870044,188028,186203,12869,199072,1081
2022-12-12,San Joaquin,077,732212,204131,202515,16104,218619,2354
2022-12-12,San Luis Obispo,079,281455,64605,64350,7678,72028,533
2022-12-12,San Mateo,081,765935,176198,174791,11147,185938,749
2022-12-12,Santa Barbara,083,443738,108750,108151,7346,115497,739
2022-12-12,Santa Clara,085,1922200,457050,448654,20725,469379,2565
2022-12-12,Santa Cruz,087,273765,66363,65656,3700,69356,275
2022-12-12,Shasta,089,179085,35824,35666,8117,43783,598
2022-12-12,Sierra,091,2930,309,308,62,370,5
2022-12-12,Siskiyou,093,43540,5327,5442,3397,8839,95
2022-12-12,Solano,095,438530,109372,108649,8243,116892,473
2022-12-12,Sonoma,097,501317,110275,109622,5611,115233,531
2022-12-12,Stanislaus,099,539301,141597,140827,22299,163126,1785
2022-12-12,Sutter,101,95872,25023,24906,2509,27415,234
2022-12-12,Tehama,103,63373,14124,14004,3339,17343,218
2022-12-12,Trinity,105,12862,1441,1431,465,1896,23
2022-12-12,Tulare,107,460477,124562,123976,38556,162532,1546
2022-12-12,Tuolumne,109,53932,16208,16054,1010,17064,208
2022-12-12,Ventura,111,848112,214829,213720,17190,230910,1598
2022-12-12,Yolo,113,214977,48739,48547,4757,53304,416
2022-12-12,Yuba,115,75493,19493,19399,1795,21194,132
2022-12-11,Alameda,001,1643700,363806,360943,21350,382293,2081
2022-12-11,Alpine,003,1148,138,139,3,142,0
2022-12-11,Amador,005,37829,10240,10196,957,11153,96
2022-12-11,Butte,007,227075,40787,40598,9694,50292,470
2022-12-11,Calaveras,009,45235,8768,8727,611,9338,135
2022-12-11,Colusa,011,21464,3878,3869,1317,5186,22
2022-12-11,Contra Costa,013,1133247,261446,259434,21819,281253,1487
2022-12-11,Del Norte,015,27424,7585,7563,419,7982,56
2022-12-11,El Dorado,017,186661,33580,33447,4452,37899,235
2022-12-11,Fresno,019,978130,283281,281598,33221,314819,2899
2022-12-11,Glenn,021,27897,5689,5668,1954,7622,58
2022-12-11,Humboldt,023,135768,22678,22566,5522,28088,161
2022-12-11,Imperial,025,180216,68114,67632,17968,85600,962
2022-12-11,Inyo,027,18085,4646,4627,1175,5802,60
2022-12-11,Kern,029,883053,224107,222985,68132,291117,2437
2022-12-11,Kings,031,150075,61250,60965,4337,65302,464
2022-12-11,Lake,033,64148,13200,13140,1283,14423,149
2022-12-11,Lassen,035,31185,10143,10128,1027,11155,66
2022-12-11,Los Angeles,037,10098052,3395061,3370904,199738,3570642,34009
2022-12-11,Madera,039,155013,45112,44902,8605,53507,379
2022-12-11,Marin,041,260295,47197,46842,5576,52418,315
2022-12-11,Mariposa,043,17540,3201,3190,398,3588,32
2022-12-11,Mendocino,045,87422,16384,16350,4715,21065,136
2022-12-11,Merced,047,269075,74369,73999,12316,86315,877
2022-12-11,Modoc,049,8938,918,908,355,1263,11
2022-12-11,Mono,051,14174,3253,3238,282,3520,8
2022-12-11,Monterey,053,433212,96014,95709,22250,117959,776
2022-12-11,Napa,055,140530,33199,33043,1491,34534,164
2022-12-11,Nevada,057,99092,19665,19565,2171,21736,132
2022-12-11,Orange,059,3164182,687672,684112,70128,754240,7576
2022-12-11,Placer,061,380077,78510,78117,9985,88102,665
2022-12-11,Plumas,063,18699,3769,3762,452,4214,13
2022-12-11,Riverside,065,2383286,714960,710833,38628,749461,6697
2022-12-11,Sacramento,067,1510023,359546,357413,35879,393292,3382
2022-12-11,San Benito,069,59416,17033,16829,1078,17907,108
2022-12-11,San Bernardino,071,2135413,690806,686731,33204,719935,8135
2022-12-11,San Diego,073,3302833,953577,948180,75986,1024166,5584
2022-12-11,San Francisco,075,870044,187756,186203,12848,199051,1081
2022-12-11,San Joaquin,077,732212,203941,202515,16080,218595,2354
2022-12-11,San Luis Obispo,079,281455,64558,64350,7661,72011,533
2022-12-11,San Mateo,081,765935,176001,174791,11134,185925,749
2022-12-11,Santa Barbara,083,443738,108645,108151,7326,115477,739
2022-12-11,Santa Clara,085,1922200,456432,448654,20674,469328,2565
2022-12-11,Santa Cruz,087,273765,66246,65656,3695,69351,275
2022-12-11,Shasta,089,179085,35807,35666,8096,43762,598
2022-12-11,Sierra,091,2930,309,308,62,370,5
2022-12-11,Siskiyou,093,43540,5323,5442,3394,8836,95
2022-12-11,Solano,095,438530,109244,108649,8239,116888,473
2022-12-11,Sonoma,097,501317,110146,109622,5607,115229,531
2022-12-11,Stanislaus,099,539301,141492,140827,22276,163103,1785
2022-12-11,Sutter,101,95872,25007,24906,2508,27414,234
2022-12-11,Tehama,103,63373,14110,14004,3332,17336,218
2022-12-11,Trinity,105,12862,1440,1431,464,1895,23
2022-12-11,Tulare,107,460477,124462,123976,38512,162488,1546
2022-12-11,Tuolumne,109,53932,16195,16054,1009,17063,208
2022-12-11,Ventura,111,848112,214671,213720,17154,230874,1598
2022-12-11,Yolo,113,214977,48713,48547,4751,53298,416
2022-12-11,Yuba,115,75493,19475,19399,1791,21190,132
2022-12-10,Alameda,001,1643700,363571,360943,21322,382265,2081
2022-12-10,Alpine,003,1148,138,139,3,142,0
2022-12-10,Amador,005,37829,10236,10196,957,11153,96
2022-12-10,Butte,007,227075,40774,40598,9687,50285,470
2022-12-10,Calaveras,009,45235,8764,8727,608,9335,135
2022-12-10,Colusa,011,21464,3877,3869,1317,5186,22
2022-12-10,Contra Costa,013,1133247,261281,259434,21811,281245,1487
2022-12-10,Del Norte,015,27424,7580,7563,419,7982,56
2022-12-10,El Dorado,017,186661,33565,33447,4452,37899,235
2022-12-10,Fresno,019,978130,283171,281598,33211,314809,2899
2022-12-10,Glenn,021,27897,5688,5668,1953,7621,58
2022-12-10,Humboldt,023,135768,22662,22566,5520,28086,161
2022-12-10,Imperial,025,180216,68094,67632,17964,85596,962
2022-12-10,Inyo,027,18085,4642,4627,1171,5798,60
2022-12-10,Kern,029,883053,224017,222985,68068,291053,2437
2022-12-10,Kings,031,150075,61239,60965,4337,65302,464
2022-12-10,Lake,033,64148,13195,13140,1283,14423,149
2022-12-10,Lassen,035,31185,10142,10128,1027,11155,66
2022-12-10,Los Angeles,037,10098052,3393640,3370904,199515,3570419,34009
2022-12-10,Madera,039,155013,45098,44902,8602,53504,379
2022-12-10,Marin,041,260295,47166,46842,5572,52414,315
2022-12-10,Mariposa,043,17540,3201,3190,398,3588,32
2022-12-10,Mendocino,045,87422,16379,16350,4715,21065,136
2022-12-10,Merced,047,269075,74346,73999,12313,86312,877
2022-12-10,Modoc,049,8938,918,908,355,1263,11
2022-12-10,Mono,051,14174,3252,3238,282,3520,8
2022-12-10,Monterey,053,433212,95984,95709,22236,117945,776
2022-12-10,Napa,055,140530,33186,33043,1491,34534,164
2022-12-10,Nevada,057,99092,19659,19565,2170,21735,132
2022-12-10,Orange,059,3164182,687399,684112,70014,754126,7576
2022-12-10,Placer,061,380077,78469,78117,9979,88096,665
2022-12-10,Plumas,063,18699,3767,3762,452,4214,13
2022-12-10,Riverside,065,2383286,714644,710833,38573,749406,6697
2022-12-10,Sacramento,067,1510023,359403,357413,35869,393282,3382
2022-12-10,San Benito,069,59416,17016,16829,1075,17904,108
2022-12-10,San Bernardino,071,2135413,690498,686731,33166,719897,8135
2022-12-10,San Diego,073,3302833,953228,948180,75924,1024104,5584
2022-12-10,San Francisco,075,870044,187610,186203,12846,199049,1081
2022-12-10,San Joaquin,077,732212,203856,202515,16061,218576,2354
2022-12-10,San Luis Obispo,079,281455,64538,64350,7656,72006,533
2022-12-10,San Mateo,081,765935,175891,174791,11127,185918,749
2022-12-10,Santa Barbara,083,443738,108598,108151,7324,115475,739
2022-12-10,Santa Clara,085,1922200,456139,448654,20654,469308,2565
2022-12-10,Santa Cruz,087,273765,66212,65656,3692,69348,275
2022-12-10,Shasta,089,179085,35797,35666,8093,43759,598
2022-12-10,Sierra,091,2930,309,308,62,370,5
2022-12-10,Siskiyou,093,43540,5322,5442,3394,8836,95
2022-12-10,Solano,095,438530,109219,108649,8235,116884,473
2022-12-10,Sonoma,097,501317,110104,109622,5607,115229,531
2022-12-10,Stanislaus,099,539301,141440,140827,22262,163089,1785
2022-12-10,Sutter,101,95872,24998,24906,2507,27413,234
2022-12-10,Tehama,103,63373,14105,14004,3331,17335,218
2022-12-10,Trinity,105,12862,1439,1431,464,1895,23
2022-12-10,Tulare,107,460477,124418,123976,38487,162463,1546
2022-12-10,Tuolumne,109,53932,16158,16054,1009,17063,208
2022-12-10,Ventura,111,848112,214590,213720,17138,230858,1598
2022-12-10,Yolo,113,214977,48692,48547,4746,53293,416
2022-12-10,Yuba,115,75493,19468,19399,1786,21185,132
2022-12-09,Alameda,001,1643700,363293,360943,21296,382239,2081
2022-12-09,Alpine,003,1148,138,139,3,142,0
2022-12-09,Amador,005,37829,10232,10196,957,11153,96
2022-12-09,Butte,007,227075,40759,40598,9678,50276,470
2022-12-09,Calaveras,009,45235,8759,8727,606,9333,135
2022-12-09,Colusa,011,21464,3873,3869,1317,5186,22
2022-12-09,Contra Costa,013,1133247,261132,259434,21801,281235,1487
2022-12-09,Del Norte,015,27424,7577,7563,419,7982,56
2022-12-09,El Dorado,017,186661,33551,33447,4450,37897,235
2022-12-09,Fresno,019,978130,283030,281598,33170,314768,2899
2022-12-09,Glenn,021,27897,5687,5668,1952,7620,58
2022-12-09,Humboldt,023,135768,22652,22566,5516,28082,161
2022-12-09,Imperial,025,180216,68057,67632,17960,85592,962
2022-12-09,Inyo,027,18085,4641,4627,1169,5796,60
2022-12-09,Kern,029,883053,223920,222985,68021,291006,2437
2022-12-09,Kings,031,150075,61216,60965,4337,65302,464
2022-12-09,Lake,033,64148,13190,13140,1283,14423,149
2022-12-09,Lassen,035,31185,10141,10128,1027,11155,66
2022-12-09,Los Angeles,037,10098052,3391944,3370904,199229,3570133,34009
2022-12-09,Madera,039,155013,45077,44902,8601,53503,379
2022-12-09,Marin,041,260295,47145,46842,5565,52407,315
2022-12-09,Mariposa,043,17540,3201,3190,398,3588,32
2022-12-09,Mendocino,045,87422,16372,16350,4715,21065,136
2022-12-09,Merced,047,269075,74312,73999,12309,86308,877
2022-12-09,Modoc,049,8938,918,908,355,1263,11
2022-12-09,Mono,051,14174,3251,3238,282,3520,8
2022-12-09,Monterey,053,433212,95959,95709,22231,117940,776
2022-12-09,Napa,055,140530,33173,33043,1490,34533,164
2022-12-09,Nevada,057,99092,19652,19565,2168,21733,132
2022-12-09,Orange,059,3164182,687058,684112,69897,754009,7576
2022-12-09,Placer,061,380077,78444,78117,9975,88092,665
2022-12-09,Plumas,063,18699,3766,3762,452,4214,13
2022-12-09,Riverside,065,2383286,714334,710833,38513,749346,6697
2022-12-09,Sacramento,067,1510023,359199,357413,35855,393268,3382
2022-12-09,San Benito,069,59416,17007,16829,1074,17903,108
2022-12-09,San Bernardino,071,2135413,690183,686731,33129,719860,8135
2022-12-09,San Diego,073,3302833,952812,948180,75862,1024042,5584
2022-12-09,San Francisco,075,870044,187496,186203,12832,199035,1081
2022-12-09,San Joaquin,077,732212,203768,202515,16050,218565,2354
2022-12-09,San Luis Obispo,079,281455,64523,64350,7653,72003,533
2022-12-09,San Mateo,081,765935,175779,174791,11119,185910,749
2022-12-09,Santa Barbara,083,443738,108554,108151,7322,115473,739
2022-12-09,Santa Clara,085,1922200,455818,448654,20621,469275,2565
2022-12-09,Santa Cruz,087,273765,66142,65656,3692,69348,275
2022-12-09,Shasta,089,179085,35789,35666,8087,43753,598
2022-12-09,Sierra,091,2930,309,308,62,370,5
2022-12-09,Siskiyou,093,43540,5321,5442,3393,8835,95
2022-12-09,Solano,095,438530,109156,108649,8229,116878,473
2022-12-09,Sonoma,097,501317,110051,109622,5604,115226,531
2022-12-09,Stanislaus,099,539301,141367,140827,22252,163079,1785
2022-12-09,Sutter,101,95872,24988,24906,2507,27413,234
2022-12-09,Tehama,103,63373,14098,14004,3330,17334,218
2022-12-09,Trinity,105,12862,1439,1431,464,1895,23
2022-12-09,Tulare,107,460477,124373,123976,38454,162430,1546
2022-12-09,Tuolumne,109,53932,16143,16054,1009,17063,208
2022-12-09,Ventura,111,848112,214503,213720,17121,230841,1598
2022-12-09,Yolo,113,214977,48678,48547,4742,53289,416
2022-12-09,Yuba,115,75493,19461,19399,1785,21184,132
2022-12-08,Alameda,001,1643700,362886,360943,21254,382197,2081
2022-12-08,Alpine,003,1148,138,139,3,142,0
2022-12-08,Amador,005,37829,10226,10196,957,11153,96
2022-12-08,Butte,007,227075,40733,40598,9662,50260,470
2022-12-08,Calaveras,009,45235,8755,8727,605,9332,135
2022-12-08,Colusa,011,21464,3869,3869,1317,5186,22
2022-12-08,Contra Costa,013,1133247,260907,259434,21785,281219,1487
2022-12-08,Del Norte,015,27424,7576,7563,419,7982,56
2022-12-08,El Dorado,017,186661,33527,33447,4450,37897,235
2022-12-08,Fresno,019,978130,282834,281598,33130,314728,2899
2022-12-08,Glenn,021,27897,5681,5668,1949,7617,58
2022-12-08,Humboldt,023,135768,22639,22566,5508,28074,161
2022-12-08,Imperial,025,180216,67987,67632,17919,85551,962
2022-12-08,Inyo,027,18085,4635,4627,1168,5795,60
2022-12-08,Kern,029,883053,223807,222985,67958,290943,2437
2022-12-08,Kings,031,150075,61177,60965,4336,65301,464
2022-12-08,Lake,033,64148,13178,13140,1283,14423,149
2022-12-08,Lassen,035,31185,10139,10128,1027,11155,66
2022-12-08,Los Angeles,037,10098052,3389466,3370904,198846,3569750,34009
2022-12-08,Madera,039,155013,45057,44902,8598,53500,379
2022-12-08,Marin,041,260295,47092,46842,5556,52398,315
2022-12-08,Mariposa,043,17540,3197,3190,396,3586,32
2022-12-08,Mendocino,045,87422,16366,16350,4714,21064,136
2022-12-08,Merced,047,269075,74288,73999,12302,86301,877
2022-12-08,Modoc,049,8938,918,908,355,1263,11
2022-12-08,Mono,051,14174,3250,3238,282,3520,8
2022-12-08,Monterey,053,433212,95932,95709,22207,117916,776
2022-12-08,Napa,055,140530,33140,33043,1489,34532,164
2022-12-08,Nevada,057,99092,19633,19565,2167,21732,132
2022-12-08,Orange,059,3164182,686608,684112,69753,753865,7576
2022-12-08,Placer,061,380077,78392,78117,9969,88086,665
2022-12-08,Plumas,063,18699,3766,3762,452,4214,13
2022-12-08,Riverside,065,2383286,713865,710833,38433,749266,6697
2022-12-08,Sacramento,067,1510023,358899,357413,35803,393216,3382
2022-12-08,San Benito,069,59416,16998,16829,1074,17903,108
2022-12-08,San Bernardino,071,2135413,689652,686731,33075,719806,8135
2022-12-08,San Diego,073,3302833,952201,948180,75754,1023934,5584
2022-12-08,San Francisco,075,870044,187289,186203,12809,199012,1081
2022-12-08,San Joaquin,077,732212,203636,202515,16030,218545,2354
2022-12-08,San Luis Obispo,079,281455,64493,64350,7639,71989,533
2022-12-08,San Mateo,081,765935,175620,174791,11113,185904,749
2022-12-08,Santa Barbara,083,443738,108482,108151,7320,115471,739
2022-12-08,Santa Clara,085,1922200,455330,448654,20582,469236,2565
2022-12-08,Santa Cruz,087,273765,66115,65656,3690,69346,275
2022-12-08,Shasta,089,179085,35776,35666,8083,43749,598
2022-12-08,Sierra,091,2930,309,308,62,370,5
2022-12-08,Siskiyou,093,43540,5318,5442,3392,8834,95
2022-12-08,Solano,095,438530,109050,108649,8225,116874,473
2022-12-08,Sonoma,097,501317,109972,109622,5598,115220,531
2022-12-08,Stanislaus,099,539301,141285,140827,22231,163058,1785
2022-12-08,Sutter,101,95872,24967,24906,2504,27410,234
2022-12-08,Tehama,103,63373,14089,14004,3326,17330,218
2022-12-08,Trinity,105,12862,1438,1431,462,1893,23
2022-12-08,Tulare,107,460477,124330,123976,38402,162378,1546
2022-12-08,Tuolumne,109,53932,16121,16054,1008,17062,208
2022-12-08,Ventura,111,848112,214383,213720,17092,230812,1598
2022-12-08,Yolo,113,214977,48640,48547,4739,53286,416
2022-12-08,Yuba,115,75493,19450,19399,1782,21181,132
2022-12-07,Alameda,001,1643700,362513,360943,21208,382151,2081
2022-12-07,Alpine,003,1148,138,139,3,142,0
2022-12-07,Amador,005,37829,10223,10196,957,11153,96
2022-12-07,Butte,007,227075,40701,40598,9647,50245,470
2022-12-07,Calaveras,009,45235,8751,8727,604,9331,135
2022-12-07,Colusa,011,21464,3869,3869,1317,5186,22
2022-12-07,Contra Costa,013,1133247,260679,259434,21766,281200,1487
2022-12-07,Del Norte,015,27424,7574,7563,419,7982,56
2022-12-07,El Dorado,017,186661,33503,33447,4449,37896,235
2022-12-07,Fresno,019,978130,282573,281598,33086,314684,2899
2022-12-07,Glenn,021,27897,5680,5668,1949,7617,58
2022-12-07,Humboldt,023,135768,22626,22566,5499,28065,161
2022-12-07,Imperial,025,180216,67919,67632,17848,85480,962
2022-12-07,Inyo,027,18085,4631,4627,1143,5770,60
2022-12-07,Kern,029,883053,223685,222985,67865,290850,2437
2022-12-07,Kings,031,150075,61134,60965,4332,65297,464
2022-12-07,Lake,033,64148,13170,13140,1283,14423,149
2022-12-07,Lassen,035,31185,10138,10128,1027,11155,66
2022-12-07,Los Angeles,037,10098052,3386822,3370904,198391,3569295,34009
2022-12-07,Madera,039,155013,45012,44902,8594,53496,379
2022-12-07,Marin,041,260295,47054,46842,5544,52386,315
2022-12-07,Mariposa,043,17540,3195,3190,396,3586,32
2022-12-07,Mendocino,045,87422,16361,16350,4713,21063,136
2022-12-07,Merced,047,269075,74245,73999,12288,86287,877
2022-12-07,Modoc,049,8938,917,908,355,1263,11
2022-12-07,Mono,051,14174,3248,3238,282,3520,8
2022-12-07,Monterey,053,433212,95893,95709,22185,117894,776
2022-12-07,Napa,055,140530,33122,33043,1485,34528,164
2022-12-07,Nevada,057,99092,19615,19565,2158,21723,132
2022-12-07,Orange,059,3164182,686097,684112,69603,753715,7576
2022-12-07,Placer,061,380077,78347,78117,9965,88082,665
2022-12-07,Plumas,063,18699,3765,3762,452,4214,13
2022-12-07,Riverside,065,2383286,713315,710833,38355,749188,6697
2022-12-07,Sacramento,067,1510023,358656,357413,35762,393175,3382
2022-12-07,San Benito,069,59416,16976,16829,1072,17901,108
2022-12-07,San Bernardino,071,2135413,689128,686731,32999,719730,8135
2022-12-07,San Diego,073,3302833,951419,948180,75638,1023818,5584
2022-12-07,San Francisco,075,870044,187087,186203,12796,198999,1081
2022-12-07,San Joaquin,077,732212,203475,202515,16007,218522,2354
2022-12-07,San Luis Obispo,079,281455,64467,64350,7626,71976,533
2022-12-07,San Mateo,081,765935,175460,174791,11104,185895,749
2022-12-07,Santa Barbara,083,443738,108401,108151,7314,115465,739
2022-12-07,Santa Clara,085,1922200,454892,448654,20543,469197,2565
2022-12-07,Santa Cruz,087,273765,66022,65656,3685,69341,275
2022-12-07,Shasta,089,179085,35756,35666,8072,43738,598
2022-12-07,Sierra,091,2930,309,308,62,370,5
2022-12-07,Siskiyou,093,43540,5316,5442,3392,8834,95
2022-12-07,Solano,095,438530,108956,108649,8219,116868,473
2022-12-07,Sonoma,097,501317,109899,109622,5595,115217,531
2022-12-07,Stanislaus,099,539301,141225,140827,22211,163038,1785
2022-12-07,Sutter,101,95872,24952,24906,2504,27410,234
2022-12-07,Tehama,103,63373,14080,14004,3323,17327,218
2022-12-07,Trinity,105,12862,1438,1431,461,1892,23
2022-12-07,Tulare,107,460477,124279,123976,38367,162343,1546
2022-12-07,Tuolumne,109,53932,16110,16054,1008,17062,208
2022-12-07,Ventura,111,848112,214262,213720,17072,230792,1598
2022-12-07,Yolo,113,214977,48609,48547,4734,53281,416
2022-12-07,Yuba,115,75493,19444,19399,1780,21179,132
2022-12-06,Alameda,001,1643700,362083,360943,21174,382117,2081
2022-12-06,Alpine,003,1148,138,139,3,142,0
2022-12-06,Amador,005,37829,10215,10196,956,11152,96
2022-12-06,Butte,007,227075,40672,40598,9637,50235,470
2022-12-06,Calaveras,009,45235,8745,8727,602,9329,135
2022-12-06,Colusa,011,21464,3868,3869,1317,5186,22
2022-12-06,Contra Costa,013,1133247,260376,259434,21740,281174,1487
2022-12-06,Del Norte,015,27424,7571,7563,419,7982,56
2022-12-06,El Dorado,017,186661,33476,33447,4449,37896,235
2022-12-06,Fresno,019,978130,282351,281598,33044,314642,2899
2022-12-06,Glenn,021,27897,5678,5668,1943,7611,58
2022-12-06,Humboldt,023,135768,22606,22566,5492,28058,161
2022-12-06,Imperial,025,180216,67842,67632,17784,85416,962
2022-12-06,Inyo,027,18085,4628,4627,1139,5766,60
2022-12-06,Kern,029,883053,223581,222985,67776,290761,2437
2022-12-06,Kings,031,150075,61090,60965,4327,65292,464
2022-12-06,Lake,033,64148,13163,13140,1283,14423,149
2022-12-06,Lassen,035,31185,10136,10128,1026,11154,66
2022-12-06,Los Angeles,037,10098052,3383968,3370904,197847,3568751,34009
2022-12-06,Madera,039,155013,44988,44902,8578,53480,379
2022-12-06,Marin,041,260295,47008,46842,5538,52380,315
2022-12-06,Mariposa,043,17540,3195,3190,396,3586,32
2022-12-06,Mendocino,045,87422,16354,16350,4712,21062,136
2022-12-06,Merced,047,269075,74200,73999,12281,86280,877
2022-12-06,Modoc,049,8938,914,908,354,1262,11
2022-12-06,Mono,051,14174,3247,3238,282,3520,8
2022-12-06,Monterey,053,433212,95860,95709,22165,117874,776
2022-12-06,Napa,055,140530,33100,33043,1483,34526,164
2022-12-06,Nevada,057,99092,19600,19565,2149,21714,132
2022-12-06,Orange,059,3164182,685562,684112,69433,753545,7576
2022-12-06,Placer,061,380077,78286,78117,9955,88072,665
2022-12-06,Plumas,063,18699,3765,3762,452,4214,13
2022-12-06,Riverside,065,2383286,712811,710833,38245,749078,6697
2022-12-06,Sacramento,067,1510023,358393,357413,35730,393143,3382
2022-12-06,San Benito,069,59416,16957,16829,1068,17897,108
2022-12-06,San Bernardino,071,2135413,688570,686731,32938,719669,8135
2022-12-06,San Diego,073,3302833,950607,948180,75514,1023694,5584
2022-12-06,San Francisco,075,870044,186862,186203,12787,198990,1081
2022-12-06,San Joaquin,077,732212,203313,202515,15987,218502,2354
2022-12-06,San Luis Obispo,079,281455,64431,64350,7609,71959,533
2022-12-06,San Mateo,081,765935,175272,174791,11083,185874,749
2022-12-06,Santa Barbara,083,443738,108332,108151,7298,115449,739
2022-12-06,Santa Clara,085,1922200,454388,448654,20494,469148,2565
2022-12-06,Santa Cruz,087,273765,65915,65656,3683,69339,275
2022-12-06,Shasta,089,179085,35742,35666,8061,43727,598
2022-12-06,Sierra,091,2930,307,308,62,370,5
2022-12-06,Siskiyou,093,43540,5313,5442,3389,8831,95
2022-12-06,Solano,095,438530,108846,108649,8208,116857,473
2022-12-06,Sonoma,097,501317,109809,109622,5594,115216,531
2022-12-06,Stanislaus,099,539301,141129,140827,22198,163025,1785
2022-12-06,Sutter,101,95872,24937,24906,2504,27410,234
2022-12-06,Tehama,103,63373,14064,14004,3312,17316,218
2022-12-06,Trinity,105,12862,1438,1431,460,1891,23
2022-12-06,Tulare,107,460477,124220,123976,38321,162297,1546
2022-12-06,Tuolumne,109,53932,16101,16054,1008,17062,208
2022-12-06,Ventura,111,848112,214098,213720,17036,230756,1598
2022-12-06,Yolo,113,214977,48567,48547,4730,53277,416
2022-12-06,Yuba,115,75493,19430,19399,1779,21178,132
2022-12-05,Alameda,001,1643700,361637,357689,21143,378832,2063
2022-12-05,Alpine,003,1148,138,139,3,142,0
2022-12-05,Amador,005,37829,10210,10150,956,11106,96
2022-12-05,Butte,007,227075,40635,40335,9623,49958,465
2022-12-05,Calaveras,009,45235,8739,8676,601,9277,135
2022-12-05,Colusa,011,21464,3867,3849,1317,5166,22
2022-12-05,Contra Costa,013,1133247,260109,257263,21720,278983,1485
2022-12-05,Del Norte,015,27424,7564,7519,418,7937,56
2022-12-05,El Dorado,017,186661,33459,33200,4446,37646,235
2022-12-05,Fresno,019,978130,282076,279787,32978,312765,2898
2022-12-05,Glenn,021,27897,5675,5647,1943,7590,58
2022-12-05,Humboldt,023,135768,22592,22436,5486,27922,160
2022-12-05,Imperial,025,180216,67741,67001,17718,84719,960
2022-12-05,Inyo,027,18085,4625,4590,1138,5728,60
2022-12-05,Kern,029,883053,223383,222087,67691,289778,2431
2022-12-05,Kings,031,150075,61026,60636,4319,64955,464
2022-12-05,Lake,033,64148,13154,13078,1283,14361,149
2022-12-05,Lassen,035,31185,10131,10110,1026,11136,65
2022-12-05,Los Angeles,037,10098052,3380910,3346956,197321,3544277,33937
2022-12-05,Madera,039,155013,44944,44650,8575,53225,377
2022-12-05,Marin,041,260295,46950,46509,5527,52036,314
2022-12-05,Mariposa,043,17540,3190,3175,395,3570,32
2022-12-05,Mendocino,045,87422,16343,16294,4707,21001,136
2022-12-05,Merced,047,269075,74151,73547,12269,85816,876
2022-12-05,Modoc,049,8938,913,895,354,1249,11
2022-12-05,Mono,051,14174,3245,3237,282,3519,8
2022-12-05,Monterey,053,433212,95816,95364,22148,117512,775
2022-12-05,Napa,055,140530,33078,32859,1479,34338,161
2022-12-05,Nevada,057,99092,19590,19398,2146,21544,132
2022-12-05,Orange,059,3164182,684937,679165,69241,748406,7567
2022-12-05,Placer,061,380077,78238,77618,9949,87567,665
2022-12-05,Plumas,063,18699,3764,3738,451,4189,13
2022-12-05,Riverside,065,2383286,712214,706396,38140,744536,6693
2022-12-05,Sacramento,067,1510023,358084,354844,35675,390519,3377
2022-12-05,San Benito,069,59416,16920,16555,1067,17622,108
2022-12-05,San Bernardino,071,2135413,687934,681872,32878,714750,8133
2022-12-05,San Diego,073,3302833,949749,942451,75376,1017827,5569
2022-12-05,San Francisco,075,870044,186616,184552,12772,197324,1078
2022-12-05,San Joaquin,077,732212,203141,201175,15964,217139,2347
2022-12-05,San Luis Obispo,079,281455,64388,64105,7601,71706,531
2022-12-05,San Mateo,081,765935,175055,173283,11072,184355,748
2022-12-05,Santa Barbara,083,443738,108248,107527,7286,114813,738
2022-12-05,Santa Clara,085,1922200,453837,444150,20442,464592,2560
2022-12-05,Santa Cruz,087,273765,65792,65044,3677,68721,275
2022-12-05,Shasta,089,179085,35730,35519,8051,43570,598
2022-12-05,Sierra,091,2930,307,308,62,370,5
2022-12-05,Siskiyou,093,43540,5312,5406,3387,8793,95
2022-12-05,Solano,095,438530,108747,107925,8196,116121,470
2022-12-05,Sonoma,097,501317,109715,109040,5590,114630,530
2022-12-05,Stanislaus,099,539301,141019,140127,22183,162310,1785
2022-12-05,Sutter,101,95872,24913,24800,2503,27303,234
2022-12-05,Tehama,103,63373,14049,13904,3308,17212,216
2022-12-05,Trinity,105,12862,1438,1428,459,1887,22
2022-12-05,Tulare,107,460477,124128,123368,38263,161631,1546
2022-12-05,Tuolumne,109,53932,16083,15945,1007,16952,207
2022-12-05,Ventura,111,848112,213931,212363,17007,229370,1591
2022-12-05,Yolo,113,214977,48532,48329,4729,53058,409
2022-12-05,Yuba,115,75493,19418,19307,1778,21085,132
2022-12-04,Alameda,001,1643700,361095,357689,21084,378773,2063
2022-12-04,Alpine,003,1148,138,139,3,142,0
2022-12-04,Amador,005,37829,10206,10150,956,11106,96
2022-12-04,Butte,007,227075,40574,40335,9606,49941,465
2022-12-04,Calaveras,009,45235,8728,8676,599,9275,135
2022-12-04,Colusa,011,21464,3865,3849,1317,5166,22
2022-12-04,Contra Costa,013,1133247,259749,257263,21684,278947,1485
2022-12-04,Del Norte,015,27424,7559,7519,418,7937,56
2022-12-04,El Dorado,017,186661,33438,33200,4440,37640,235
2022-12-04,Fresno,019,978130,281774,279787,32915,312702,2898
2022-12-04,Glenn,021,27897,5670,5647,1940,7587,58
2022-12-04,Humboldt,023,135768,22564,22436,5478,27914,160
2022-12-04,Imperial,025,180216,67659,67001,17614,84615,960
2022-12-04,Inyo,027,18085,4624,4590,1135,5725,60
2022-12-04,Kern,029,883053,223244,222087,67574,289661,2431
2022-12-04,Kings,031,150075,60969,60636,4303,64939,464
2022-12-04,Lake,033,64148,13140,13078,1282,14360,149
2022-12-04,Lassen,035,31185,10128,10110,1024,11134,65
2022-12-04,Los Angeles,037,10098052,3377120,3346956,196680,3543636,33937
2022-12-04,Madera,039,155013,44916,44650,8569,53219,377
2022-12-04,Marin,041,260295,46883,46509,5518,52027,314
2022-12-04,Mariposa,043,17540,3187,3175,395,3570,32
2022-12-04,Mendocino,045,87422,16336,16294,4704,20998,136
2022-12-04,Merced,047,269075,74102,73547,12253,85800,876
2022-12-04,Modoc,049,8938,911,895,354,1249,11
2022-12-04,Mono,051,14174,3244,3237,282,3519,8
2022-12-04,Monterey,053,433212,95775,95364,22126,117490,775
2022-12-04,Napa,055,140530,33055,32859,1470,34329,161
2022-12-04,Nevada,057,99092,19565,19398,2135,21533,132
2022-12-04,Orange,059,3164182,684251,679165,68997,748162,7567
2022-12-04,Placer,061,380077,78165,77618,9937,87555,665
2022-12-04,Plumas,063,18699,3761,3738,449,4187,13
2022-12-04,Riverside,065,2383286,711525,706396,38018,744414,6693
2022-12-04,Sacramento,067,1510023,357733,354844,35617,390461,3377
2022-12-04,San Benito,069,59416,16904,16555,1067,17622,108
2022-12-04,San Bernardino,071,2135413,687153,681872,32801,714673,8133
2022-12-04,San Diego,073,3302833,948684,942451,75229,1017680,5569
2022-12-04,San Francisco,075,870044,186317,184552,12737,197289,1078
2022-12-04,San Joaquin,077,732212,202957,201175,15930,217105,2347
2022-12-04,San Luis Obispo,079,281455,64347,64105,7589,71694,531
2022-12-04,San Mateo,081,765935,174849,173283,11057,184340,748
2022-12-04,Santa Barbara,083,443738,108150,107527,7279,114806,738
2022-12-04,Santa Clara,085,1922200,453193,444150,20384,464534,2560
2022-12-04,Santa Cruz,087,273765,65728,65044,3670,68714,275
2022-12-04,Shasta,089,179085,35710,35519,8027,43546,598
2022-12-04,Sierra,091,2930,307,308,62,370,5
2022-12-04,Siskiyou,093,43540,5307,5406,3386,8792,95
2022-12-04,Solano,095,438530,108607,107925,8189,116114,470
2022-12-04,Sonoma,097,501317,109612,109040,5582,114622,530
2022-12-04,Stanislaus,099,539301,140901,140127,22166,162293,1785
2022-12-04,Sutter,101,95872,24894,24800,2501,27301,234
2022-12-04,Tehama,103,63373,14034,13904,3306,17210,216
2022-12-04,Trinity,105,12862,1438,1428,459,1887,22
2022-12-04,Tulare,107,460477,124020,123368,38200,161568,1546
2022-12-04,Tuolumne,109,53932,16061,15945,1005,16950,207
2022-12-04,Ventura,111,848112,213764,212363,16967,229330,1591
2022-12-04,Yolo,113,214977,48486,48329,4723,53052,409
2022-12-04,Yuba,115,75493,19408,19307,1776,21083,132
2022-12-03,Alameda,001,1643700,360861,357689,21051,378740,2063
2022-12-03,Alpine,003,1148,138,139,3,142,0
2022-12-03,Amador,005,37829,10199,10150,956,11106,96
2022-12-03,Butte,007,227075,40558,40335,9597,49932,465
2022-12-03,Calaveras,009,45235,8725,8676,599,9275,135
2022-12-03,Colusa,011,21464,3864,3849,1317,5166,22
2022-12-03,Contra Costa,013,1133247,259575,257263,21670,278933,1485
2022-12-03,Del Norte,015,27424,7555,7519,417,7936,56
2022-12-03,El Dorado,017,186661,33423,33200,4437,37637,235
2022-12-03,Fresno,019,978130,281647,279787,32895,312682,2898
2022-12-03,Glenn,021,27897,5668,5647,1940,7587,58
2022-12-03,Humboldt,023,135768,22543,22436,5477,27913,160
2022-12-03,Imperial,025,180216,67622,67001,17595,84596,960
2022-12-03,Inyo,027,18085,4623,4590,1134,5724,60
2022-12-03,Kern,029,883053,223192,222087,67508,289595,2431
2022-12-03,Kings,031,150075,60949,60636,4302,64938,464
2022-12-03,Lake,033,64148,13135,13078,1281,14359,149
2022-12-03,Lassen,035,31185,10126,10110,1024,11134,65
2022-12-03,Los Angeles,037,10098052,3375246,3346956,196359,3543315,33937
2022-12-03,Madera,039,155013,44896,44650,8567,53217,377
2022-12-03,Marin,041,260295,46842,46509,5512,52021,314
2022-12-03,Mariposa,043,17540,3185,3175,395,3570,32
2022-12-03,Mendocino,045,87422,16331,16294,4703,20997,136
2022-12-03,Merced,047,269075,74063,73547,12244,85791,876
2022-12-03,Modoc,049,8938,909,895,353,1248,11
2022-12-03,Mono,051,14174,3242,3237,282,3519,8
2022-12-03,Monterey,053,433212,95757,95364,22109,117473,775
2022-12-03,Napa,055,140530,33047,32859,1470,34329,161
2022-12-03,Nevada,057,99092,19558,19398,2133,21531,132
2022-12-03,Orange,059,3164182,683912,679165,68842,748007,7567
2022-12-03,Placer,061,380077,78117,77618,9935,87553,665
2022-12-03,Plumas,063,18699,3759,3738,448,4186,13
2022-12-03,Riverside,065,2383286,711137,706396,37957,744353,6693
2022-12-03,Sacramento,067,1510023,357553,354844,35599,390443,3377
2022-12-03,San Benito,069,59416,16884,16555,1063,17618,108
2022-12-03,San Bernardino,071,2135413,686796,681872,32758,714630,8133
2022-12-03,San Diego,073,3302833,948188,942451,75173,1017624,5569
2022-12-03,San Francisco,075,870044,186177,184552,12730,197282,1078
2022-12-03,San Joaquin,077,732212,202848,201175,15907,217082,2347
2022-12-03,San Luis Obispo,079,281455,64335,64105,7584,71689,531
2022-12-03,San Mateo,081,765935,174725,173283,11048,184331,748
2022-12-03,Santa Barbara,083,443738,108110,107527,7274,114801,738
2022-12-03,Santa Clara,085,1922200,452841,444150,20347,464497,2560
2022-12-03,Santa Cruz,087,273765,65686,65044,3662,68706,275
2022-12-03,Shasta,089,179085,35700,35519,8024,43543,598
2022-12-03,Sierra,091,2930,307,308,62,370,5
2022-12-03,Siskiyou,093,43540,5306,5406,3386,8792,95
2022-12-03,Solano,095,438530,108578,107925,8182,116107,470
2022-12-03,Sonoma,097,501317,109566,109040,5580,114620,530
2022-12-03,Stanislaus,099,539301,140834,140127,22161,162288,1785
2022-12-03,Sutter,101,95872,24878,24800,2501,27301,234
2022-12-03,Tehama,103,63373,14030,13904,3303,17207,216
2022-12-03,Trinity,105,12862,1438,1428,459,1887,22
2022-12-03,Tulare,107,460477,123959,123368,38166,161534,1546
2022-12-03,Tuolumne,109,53932,16045,15945,1002,16947,207
2022-12-03,Ventura,111,848112,213670,212363,16950,229313,1591
2022-12-03,Yolo,113,214977,48460,48329,4721,53050,409
2022-12-03,Yuba,115,75493,19403,19307,1775,21082,132
2022-12-02,Alameda,001,1643700,360596,357689,21030,378719,2063
2022-12-02,Alpine,003,1148,138,139,3,142,0
2022-12-02,Amador,005,37829,10194,10150,955,11105,96
2022-12-02,Butte,007,227075,40543,40335,9585,49920,465
2022-12-02,Calaveras,009,45235,8721,8676,599,9275,135
2022-12-02,Colusa,011,21464,3864,3849,1317,5166,22
2022-12-02,Contra Costa,013,1133247,259423,257263,21662,278925,1485
2022-12-02,Del Norte,015,27424,7551,7519,417,7936,56
2022-12-02,El Dorado,017,186661,33407,33200,4437,37637,235
2022-12-02,Fresno,019,978130,281490,279787,32871,312658,2898
2022-12-02,Glenn,021,27897,5667,5647,1939,7586,58
2022-12-02,Humboldt,023,135768,22531,22436,5473,27909,160
2022-12-02,Imperial,025,180216,67579,67001,17577,84578,960
2022-12-02,Inyo,027,18085,4621,4590,1131,5721,60
2022-12-02,Kern,029,883053,223102,222087,67462,289549,2431
2022-12-02,Kings,031,150075,60931,60636,4300,64936,464
2022-12-02,Lake,033,64148,13129,13078,1280,14358,149
2022-12-02,Lassen,035,31185,10125,10110,1023,11133,65
2022-12-02,Los Angeles,037,10098052,3373218,3346956,195967,3542923,33937
2022-12-02,Madera,039,155013,44872,44650,8566,53216,377
2022-12-02,Marin,041,260295,46805,46509,5510,52019,314
2022-12-02,Mariposa,043,17540,3184,3175,393,3568,32
2022-12-02,Mendocino,045,87422,16326,16294,4703,20997,136
2022-12-02,Merced,047,269075,74033,73547,12239,85786,876
2022-12-02,Modoc,049,8938,908,895,352,1247,11
2022-12-02,Mono,051,14174,3242,3237,281,3518,8
2022-12-02,Monterey,053,433212,95726,95364,22092,117456,775
2022-12-02,Napa,055,140530,33033,32859,1466,34325,161
2022-12-02,Nevada,057,99092,19552,19398,2128,21526,132
2022-12-02,Orange,059,3164182,683540,679165,68675,747840,7567
2022-12-02,Placer,061,380077,78090,77618,9927,87545,665
2022-12-02,Plumas,063,18699,3759,3738,448,4186,13
2022-12-02,Riverside,065,2383286,710698,706396,37890,744286,6693
2022-12-02,Sacramento,067,1510023,357329,354844,35581,390425,3377
2022-12-02,San Benito,069,59416,16861,16555,1060,17615,108
2022-12-02,San Bernardino,071,2135413,686432,681872,32724,714596,8133
2022-12-02,San Diego,073,3302833,947675,942451,75115,1017566,5569
2022-12-02,San Francisco,075,870044,186054,184552,12716,197268,1078
2022-12-02,San Joaquin,077,732212,202751,201175,15896,217071,2347
2022-12-02,San Luis Obispo,079,281455,64314,64105,7574,71679,531
2022-12-02,San Mateo,081,765935,174601,173283,11040,184323,748
2022-12-02,Santa Barbara,083,443738,108055,107527,7272,114799,738
2022-12-02,Santa Clara,085,1922200,452523,444150,20323,464473,2560
2022-12-02,Santa Cruz,087,273765,65631,65044,3659,68703,275
2022-12-02,Shasta,089,179085,35683,35519,8022,43541,598
2022-12-02,Sierra,091,2930,307,308,62,370,5
2022-12-02,Siskiyou,093,43540,5304,5406,3386,8792,95
2022-12-02,Solano,095,438530,108509,107925,8176,116101,470
2022-12-02,Sonoma,097,501317,109516,109040,5574,114614,530
2022-12-02,Stanislaus,099,539301,140771,140127,22156,162283,1785
2022-12-02,Sutter,101,95872,24869,24800,2501,27301,234
2022-12-02,Tehama,103,63373,14025,13904,3299,17203,216
2022-12-02,Trinity,105,12862,1438,1428,458,1886,22
2022-12-02,Tulare,107,460477,123912,123368,38126,161494,1546
2022-12-02,Tuolumne,109,53932,16034,15945,1000,16945,207
2022-12-02,Ventura,111,848112,213568,212363,16922,229285,1591
2022-12-02,Yolo,113,214977,48448,48329,4719,53048,409
2022-12-02,Yuba,115,75493,19392,19307,1775,21082,132
2022-12-01,Alameda,001,1643700,360193,357689,20979,378668,2063
2022-12-01,Alpine,003,1148,138,139,3,142,0
2022-12-01,Amador,005,37829,10188,10150,955,11105,96
2022-12-01,Butte,007,227075,40516,40335,9569,49904,465
2022-12-01,Calaveras,009,45235,8714,8676,596,9272,135
2022-12-01,Colusa,011,21464,3864,3849,1314,5163,22
2022-12-01,Contra Costa,013,1133247,259190,257263,21640,278903,1485
2022-12-01,Del Norte,015,27424,7550,7519,417,7936,56
2022-12-01,El Dorado,017,186661,33380,33200,4432,37632,235
2022-12-01,Fresno,019,978130,281310,279787,32827,312614,2898
2022-12-01,Glenn,021,27897,5659,5647,1936,7583,58
2022-12-01,Humboldt,023,135768,22520,22436,5467,27903,160
2022-12-01,Imperial,025,180216,67506,67001,17477,84478,960
2022-12-01,Inyo,027,18085,4617,4590,1125,5715,60
2022-12-01,Kern,029,883053,222957,222087,67380,289467,2431
2022-12-01,Kings,031,150075,60891,60636,4297,64933,464
2022-12-01,Lake,033,64148,13123,13078,1280,14358,149
2022-12-01,Lassen,035,31185,10123,10110,1023,11133,65
2022-12-01,Los Angeles,037,10098052,3370357,3346956,195485,3542441,33937
2022-12-01,Madera,039,155013,44839,44650,8554,53204,377
2022-12-01,Marin,041,260295,46765,46509,5498,52007,314
2022-12-01,Mariposa,043,17540,3181,3175,392,3567,32
2022-12-01,Mendocino,045,87422,16322,16294,4703,20997,136
2022-12-01,Merced,047,269075,73987,73547,12229,85776,876
2022-12-01,Modoc,049,8938,905,895,351,1246,11
2022-12-01,Mono,051,14174,3239,3237,280,3517,8
2022-12-01,Monterey,053,433212,95691,95364,22078,117442,775
2022-12-01,Napa,055,140530,33004,32859,1465,34324,161
2022-12-01,Nevada,057,99092,19536,19398,2124,21522,132
2022-12-01,Orange,059,3164182,682966,679165,68480,747645,7567
2022-12-01,Placer,061,380077,78034,77618,9918,87536,665
2022-12-01,Plumas,063,18699,3752,3738,448,4186,13
2022-12-01,Riverside,065,2383286,710173,706396,37787,744183,6693
2022-12-01,Sacramento,067,1510023,357022,354844,35530,390374,3377
2022-12-01,San Benito,069,59416,16830,16555,1057,17612,108
2022-12-01,San Bernardino,071,2135413,685870,681872,32648,714520,8133
2022-12-01,San Diego,073,3302833,946858,942451,75004,1017455,5569
2022-12-01,San Francisco,075,870044,185845,184552,12688,197240,1078
2022-12-01,San Joaquin,077,732212,202600,201175,15873,217048,2347
2022-12-01,San Luis Obispo,079,281455,64292,64105,7561,71666,531
2022-12-01,San Mateo,081,765935,174436,173283,11032,184315,748
2022-12-01,Santa Barbara,083,443738,107989,107527,7265,114792,738
2022-12-01,Santa Clara,085,1922200,452026,444150,20279,464429,2560
2022-12-01,Santa Cruz,087,273765,65563,65044,3654,68698,275
2022-12-01,Shasta,089,179085,35664,35519,8013,43532,598
2022-12-01,Sierra,091,2930,307,308,62,370,5
2022-12-01,Siskiyou,093,43540,5302,5406,3385,8791,95
2022-12-01,Solano,095,438530,108433,107925,8172,116097,470
2022-12-01,Sonoma,097,501317,109448,109040,5563,114603,530
2022-12-01,Stanislaus,099,539301,140690,140127,22146,162273,1785
2022-12-01,Sutter,101,95872,24859,24800,2500,27300,234
2022-12-01,Tehama,103,63373,14009,13904,3294,17198,216
2022-12-01,Trinity,105,12862,1438,1428,457,1885,22
2022-12-01,Tulare,107,460477,123850,123368,38072,161440,1546
2022-12-01,Tuolumne,109,53932,16019,15945,1000,16945,207
2022-12-01,Ventura,111,848112,213426,212363,16890,229253,1591
2022-12-01,Yolo,113,214977,48413,48329,4716,53045,409
2022-12-01,Yuba,115,75493,19373,19307,1775,21082,132
2022-11-30,Alameda,001,1643700,359768,357689,20937,378626,2063
2022-11-30,Alpine,003,1148,138,139,3,142,0
2022-11-30,Amador,005,37829,10182,10150,955,11105,96
2022-11-30,Butte,007,227075,40480,40335,9543,49878,465
2022-11-30,Calaveras,009,45235,8709,8676,594,9270,135
2022-11-30,Colusa,011,21464,3861,3849,1314,5163,22
2022-11-30,Contra Costa,013,1133247,258946,257263,21620,278883,1485
2022-11-30,Del Norte,015,27424,7545,7519,416,7935,56
2022-11-30,El Dorado,017,186661,33354,33200,4429,37629,235
2022-11-30,Fresno,019,978130,281054,279787,32788,312575,2898
2022-11-30,Glenn,021,27897,5657,5647,1930,7577,58
2022-11-30,Humboldt,023,135768,22507,22436,5454,27890,160
2022-11-30,Imperial,025,180216,67394,67001,17386,84387,960
2022-11-30,Inyo,027,18085,4616,4590,1122,5712,60
2022-11-30,Kern,029,883053,222860,222087,67308,289395,2431
2022-11-30,Kings,031,150075,60834,60636,4285,64921,464
2022-11-30,Lake,033,64148,13114,13078,1279,14357,149
2022-11-30,Lassen,035,31185,10121,10110,1023,11133,65
2022-11-30,Los Angeles,037,10098052,3366918,3346956,194944,3541900,33937
2022-11-30,Madera,039,155013,44812,44650,8548,53198,377
2022-11-30,Marin,041,260295,46727,46509,5492,52001,314
2022-11-30,Mariposa,043,17540,3178,3175,390,3565,32
2022-11-30,Mendocino,045,87422,16315,16294,4698,20992,136
2022-11-30,Merced,047,269075,73926,73547,12211,85758,876
2022-11-30,Modoc,049,8938,905,895,350,1245,11
2022-11-30,Mono,051,14174,3237,3237,280,3517,8
2022-11-30,Monterey,053,433212,95644,95364,22056,117420,775
2022-11-30,Napa,055,140530,32972,32859,1465,34324,161
2022-11-30,Nevada,057,99092,19526,19398,2118,21516,132
2022-11-30,Orange,059,3164182,682342,679165,68267,747432,7567
2022-11-30,Placer,061,380077,77967,77618,9910,87528,665
2022-11-30,Plumas,063,18699,3750,3738,448,4186,13
2022-11-30,Riverside,065,2383286,709518,706396,37682,744078,6693
2022-11-30,Sacramento,067,1510023,356734,354844,35498,390342,3377
2022-11-30,San Benito,069,59416,16790,16555,1055,17610,108
2022-11-30,San Bernardino,071,2135413,685269,681872,32566,714438,8133
2022-11-30,San Diego,073,3302833,945992,942451,74899,1017350,5569
2022-11-30,San Francisco,075,870044,185620,184552,12670,197222,1078
2022-11-30,San Joaquin,077,732212,202428,201175,15824,216999,2347
2022-11-30,San Luis Obispo,079,281455,64260,64105,7545,71650,531
2022-11-30,San Mateo,081,765935,174252,173283,11014,184297,748
2022-11-30,Santa Barbara,083,443738,107912,107527,7252,114779,738
2022-11-30,Santa Clara,085,1922200,451518,444150,20238,464388,2560
2022-11-30,Santa Cruz,087,273765,65502,65044,3648,68692,275
2022-11-30,Shasta,089,179085,35646,35519,8004,43523,598
2022-11-30,Sierra,091,2930,307,308,62,370,5
2022-11-30,Siskiyou,093,43540,5299,5406,3384,8790,95
2022-11-30,Solano,095,438530,108344,107925,8166,116091,470
2022-11-30,Sonoma,097,501317,109376,109040,5557,114597,530
2022-11-30,Stanislaus,099,539301,140584,140127,22136,162263,1785
2022-11-30,Sutter,101,95872,24841,24800,2497,27297,234
2022-11-30,Tehama,103,63373,13990,13904,3289,17193,216
2022-11-30,Trinity,105,12862,1437,1428,456,1884,22
2022-11-30,Tulare,107,460477,123768,123368,38020,161388,1546
2022-11-30,Tuolumne,109,53932,16005,15945,996,16941,207
2022-11-30,Ventura,111,848112,213239,212363,16847,229210,1591
2022-11-30,Yolo,113,214977,48386,48329,4710,53039,409
2022-11-30,Yuba,115,75493,19361,19307,1775,21082,132
2022-11-29,Alameda,001,1643700,359343,357689,20896,378585,2063
2022-11-29,Alpine,003,1148,138,139,2,141,0
2022-11-29,Amador,005,37829,10178,10150,955,11105,96
2022-11-29,Butte,007,227075,40437,40335,9525,49860,465
2022-11-29,Calaveras,009,45235,8702,8676,594,9270,135
2022-11-29,Colusa,011,21464,3860,3849,1310,5159,22
2022-11-29,Contra Costa,013,1133247,258689,257263,21598,278861,1485
2022-11-29,Del Norte,015,27424,7538,7519,416,7935,56
2022-11-29,El Dorado,017,186661,33314,33200,4425,37625,235
2022-11-29,Fresno,019,978130,280831,279787,32737,312524,2898
2022-11-29,Glenn,021,27897,5655,5647,1929,7576,58
2022-11-29,Humboldt,023,135768,22491,22436,5439,27875,160
2022-11-29,Imperial,025,180216,67301,67001,17305,84306,960
2022-11-29,Inyo,027,18085,4610,4590,1118,5708,60
2022-11-29,Kern,029,883053,222742,222087,67210,289297,2431
2022-11-29,Kings,031,150075,60795,60636,4282,64918,464
2022-11-29,Lake,033,64148,13106,13078,1279,14357,149
2022-11-29,Lassen,035,31185,10118,10110,1022,11132,65
2022-11-29,Los Angeles,037,10098052,3362983,3346956,194380,3541336,33937
2022-11-29,Madera,039,155013,44770,44650,8523,53173,377
2022-11-29,Marin,041,260295,46681,46509,5488,51997,314
2022-11-29,Mariposa,043,17540,3177,3175,388,3563,32
2022-11-29,Mendocino,045,87422,16306,16294,4694,20988,136
2022-11-29,Merced,047,269075,73873,73547,12191,85738,876
2022-11-29,Modoc,049,8938,903,895,350,1245,11
2022-11-29,Mono,051,14174,3236,3237,280,3517,8
2022-11-29,Monterey,053,433212,95604,95364,22030,117394,775
2022-11-29,Napa,055,140530,32947,32859,1465,34324,161
2022-11-29,Nevada,057,99092,19505,19398,2112,21510,132
2022-11-29,Orange,059,3164182,681606,679165,68035,747200,7567
2022-11-29,Placer,061,380077,77896,77618,9900,87518,665
2022-11-29,Plumas,063,18699,3744,3738,447,4185,13
2022-11-29,Riverside,065,2383286,708927,706396,37571,743967,6693
2022-11-29,Sacramento,067,1510023,356349,354844,35454,390298,3377
2022-11-29,San Benito,069,59416,16748,16555,1051,17606,108
2022-11-29,San Bernardino,071,2135413,684643,681872,32491,714363,8133
2022-11-29,San Diego,073,3302833,945086,942451,74731,1017182,5569
2022-11-29,San Francisco,075,870044,185390,184552,12654,197206,1078
2022-11-29,San Joaquin,077,732212,202228,201175,15789,216964,2347
2022-11-29,San Luis Obispo,079,281455,64222,64105,7533,71638,531
2022-11-29,San Mateo,081,765935,174068,173283,11003,184286,748
2022-11-29,Santa Barbara,083,443738,107828,107527,7241,114768,738
2022-11-29,Santa Clara,085,1922200,450980,444150,20182,464332,2560
2022-11-29,Santa Cruz,087,273765,65419,65044,3645,68689,275
2022-11-29,Shasta,089,179085,35626,35519,7990,43509,598
2022-11-29,Sierra,091,2930,307,308,62,370,5
2022-11-29,Siskiyou,093,43540,5295,5406,3383,8789,95
2022-11-29,Solano,095,438530,108237,107925,8160,116085,470
2022-11-29,Sonoma,097,501317,109297,109040,5547,114587,530
2022-11-29,Stanislaus,099,539301,140501,140127,22118,162245,1785
2022-11-29,Sutter,101,95872,24833,24800,2496,27296,234
2022-11-29,Tehama,103,63373,13975,13904,3279,17183,216
2022-11-29,Trinity,105,12862,1435,1428,456,1884,22
2022-11-29,Tulare,107,460477,123682,123368,37978,161346,1546
2022-11-29,Tuolumne,109,53932,15990,15945,994,16939,207
2022-11-29,Ventura,111,848112,213061,212363,16801,229164,1591
2022-11-29,Yolo,113,214977,48352,48329,4701,53030,409
2022-11-29,Yuba,115,75493,19350,19307,1774,21081,132
2022-11-28,Alameda,001,1643700,358895,356253,20867,377120,2059
2022-11-28,Alpine,003,1148,138,138,2,140,0
2022-11-28,Amador,005,37829,10170,10132,955,11087,95
2022-11-28,Butte,007,227075,40398,40206,9502,49708,465
2022-11-28,Calaveras,009,45235,8693,8651,594,9245,135
2022-11-28,Colusa,011,21464,3855,3840,1309,5149,22
2022-11-28,Contra Costa,013,1133247,258395,256191,21563,277754,1483
2022-11-28,Del Norte,015,27424,7533,7502,415,7917,56
2022-11-28,El Dorado,017,186661,33282,33057,4422,37479,233
2022-11-28,Fresno,019,978130,280560,278793,32676,311469,2893
2022-11-28,Glenn,021,27897,5651,5625,1927,7552,58
2022-11-28,Humboldt,023,135768,22476,22351,5418,27769,160
2022-11-28,Imperial,025,180216,67158,66747,17211,83958,960
2022-11-28,Inyo,027,18085,4603,4557,1113,5670,60
2022-11-28,Kern,029,883053,222586,221639,67114,288753,2430
2022-11-28,Kings,031,150075,60732,60457,4270,64727,463
2022-11-28,Lake,033,64148,13093,13042,1276,14318,149
2022-11-28,Lassen,035,31185,10117,10091,1020,11111,65
2022-11-28,Los Angeles,037,10098052,3358708,3332327,193844,3526171,33882
2022-11-28,Madera,039,155013,44739,44503,8513,53016,377
2022-11-28,Marin,041,260295,46639,46293,5480,51773,314
2022-11-28,Mariposa,043,17540,3175,3156,387,3543,32
2022-11-28,Mendocino,045,87422,16299,16255,4681,20936,136
2022-11-28,Merced,047,269075,73813,73259,12167,85426,876
2022-11-28,Modoc,049,8938,901,895,347,1242,11
2022-11-28,Mono,051,14174,3236,3233,279,3512,8
2022-11-28,Monterey,053,433212,95554,95169,21995,117164,775
2022-11-28,Napa,055,140530,32920,32736,1462,34198,161
2022-11-28,Nevada,057,99092,19478,19310,2108,21418,132
2022-11-28,Orange,059,3164182,680781,676959,67773,744732,7565
2022-11-28,Placer,061,380077,77848,77331,9892,87223,665
2022-11-28,Plumas,063,18699,3742,3737,447,4184,13
2022-11-28,Riverside,065,2383286,708277,704180,37462,741642,6692
2022-11-28,Sacramento,067,1510023,355965,353538,35395,388933,3374
2022-11-28,San Benito,069,59416,16703,16474,1038,17512,108
2022-11-28,San Bernardino,071,2135413,683955,679620,32398,712018,8133
2022-11-28,San Diego,073,3302833,944037,938583,74606,1013189,5562
2022-11-28,San Francisco,075,870044,185136,183671,12637,196308,1076
2022-11-28,San Joaquin,077,732212,202041,200474,15746,216220,2344
2022-11-28,San Luis Obispo,079,281455,64189,63962,7524,71486,530
2022-11-28,San Mateo,081,765935,173831,172573,10990,183563,748
2022-11-28,Santa Barbara,083,443738,107730,107184,7227,114411,735
2022-11-28,Santa Clara,085,1922200,450392,442182,20125,462307,2558
2022-11-28,Santa Cruz,087,273765,65326,64814,3641,68455,275
2022-11-28,Shasta,089,179085,35598,35452,7977,43429,596
2022-11-28,Sierra,091,2930,307,308,62,370,5
2022-11-28,Siskiyou,093,43540,5290,5385,3382,8767,95
2022-11-28,Solano,095,438530,108125,107446,8152,115598,469
2022-11-28,Sonoma,097,501317,109210,108690,5539,114229,530
2022-11-28,Stanislaus,099,539301,140386,139741,22088,161829,1785
2022-11-28,Sutter,101,95872,24818,24730,2496,27226,234
2022-11-28,Tehama,103,63373,13957,13857,3277,17134,216
2022-11-28,Trinity,105,12862,1435,1425,456,1881,21
2022-11-28,Tulare,107,460477,123606,123029,37924,160953,1545
2022-11-28,Tuolumne,109,53932,15980,15885,990,16875,206
2022-11-28,Ventura,111,848112,212852,211680,16750,228430,1591
2022-11-28,Yolo,113,214977,48319,48228,4688,52916,408
2022-11-28,Yuba,115,75493,19336,19233,1774,21007,132
2022-11-27,Alameda,001,1643700,358315,356253,20788,377041,2059
2022-11-27,Alpine,003,1148,138,138,2,140,0
2022-11-27,Amador,005,37829,10165,10132,954,11086,95
2022-11-27,Butte,007,227075,40351,40206,9482,49688,465
2022-11-27,Calaveras,009,45235,8687,8651,593,9244,135
2022-11-27,Colusa,011,21464,3851,3840,1307,5147,22
2022-11-27,Contra Costa,013,1133247,258046,256191,21515,277706,1483
2022-11-27,Del Norte,015,27424,7525,7502,412,7914,56
2022-11-27,El Dorado,017,186661,33238,33057,4416,37473,233
2022-11-27,Fresno,019,978130,280223,278793,32624,311417,2893
2022-11-27,Glenn,021,27897,5650,5625,1925,7550,58
2022-11-27,Humboldt,023,135768,22459,22351,5397,27748,160
2022-11-27,Imperial,025,180216,67068,66747,17140,83887,960
2022-11-27,Inyo,027,18085,4595,4557,1110,5667,60
2022-11-27,Kern,029,883053,222428,221639,66981,288620,2430
2022-11-27,Kings,031,150075,60658,60457,4258,64715,463
2022-11-27,Lake,033,64148,13079,13042,1274,14316,149
2022-11-27,Lassen,035,31185,10110,10091,1020,11111,65
2022-11-27,Los Angeles,037,10098052,3353637,3332327,193193,3525520,33882
2022-11-27,Madera,039,155013,44690,44503,8495,52998,377
2022-11-27,Marin,041,260295,46580,46293,5466,51759,314
2022-11-27,Mariposa,043,17540,3171,3156,387,3543,32
2022-11-27,Mendocino,045,87422,16286,16255,4668,20923,136
2022-11-27,Merced,047,269075,73700,73259,12143,85402,876
2022-11-27,Modoc,049,8938,899,895,347,1242,11
2022-11-27,Mono,051,14174,3236,3233,278,3511,8
2022-11-27,Monterey,053,433212,95490,95169,21973,117142,775
2022-11-27,Napa,055,140530,32886,32736,1458,34194,161
2022-11-27,Nevada,057,99092,19448,19310,2097,21407,132
2022-11-27,Orange,059,3164182,679972,676959,67505,744464,7565
2022-11-27,Placer,061,380077,77755,77331,9874,87205,665
2022-11-27,Plumas,063,18699,3740,3737,446,4183,13
2022-11-27,Riverside,065,2383286,707437,704180,37320,741500,6692
2022-11-27,Sacramento,067,1510023,355515,353538,35316,388854,3374
2022-11-27,San Benito,069,59416,16662,16474,1034,17508,108
2022-11-27,San Bernardino,071,2135413,683061,679620,32290,711910,8133
2022-11-27,San Diego,073,3302833,942801,938583,74439,1013022,5562
2022-11-27,San Francisco,075,870044,184831,183671,12606,196277,1076
2022-11-27,San Joaquin,077,732212,201774,200474,15690,216164,2344
2022-11-27,San Luis Obispo,079,281455,64117,63962,7502,71464,530
2022-11-27,San Mateo,081,765935,173519,172573,10968,183541,748
2022-11-27,Santa Barbara,083,443738,107622,107184,7200,114384,735
2022-11-27,Santa Clara,085,1922200,449711,442182,20074,462256,2558
2022-11-27,Santa Cruz,087,273765,65179,64814,3635,68449,275
2022-11-27,Shasta,089,179085,35581,35452,7962,43414,596
2022-11-27,Sierra,091,2930,307,308,62,370,5
2022-11-27,Siskiyou,093,43540,5285,5385,3380,8765,95
2022-11-27,Solano,095,438530,107988,107446,8137,115583,469
2022-11-27,Sonoma,097,501317,109104,108690,5536,114226,530
2022-11-27,Stanislaus,099,539301,140276,139741,22065,161806,1785
2022-11-27,Sutter,101,95872,24799,24730,2495,27225,234
2022-11-27,Tehama,103,63373,13936,13857,3258,17115,216
2022-11-27,Trinity,105,12862,1434,1425,456,1881,21
2022-11-27,Tulare,107,460477,123454,123029,37848,160877,1545
2022-11-27,Tuolumne,109,53932,15973,15885,988,16873,206
2022-11-27,Ventura,111,848112,212615,211680,16700,228380,1591
2022-11-27,Yolo,113,214977,48279,48228,4686,52914,408
2022-11-27,Yuba,115,75493,19316,19233,1771,21004,132
2022-11-26,Alameda,001,1643700,358045,356253,20763,377016,2059
2022-11-26,Alpine,003,1148,138,138,2,140,0
2022-11-26,Amador,005,37829,10161,10132,952,11084,95
2022-11-26,Butte,007,227075,40327,40206,9470,49676,465
2022-11-26,Calaveras,009,45235,8684,8651,593,9244,135
2022-11-26,Colusa,011,21464,3848,3840,1306,5146,22
2022-11-26,Contra Costa,013,1133247,257829,256191,21501,277692,1483
2022-11-26,Del Norte,015,27424,7515,7502,411,7913,56
2022-11-26,El Dorado,017,186661,33220,33057,4415,37472,233
2022-11-26,Fresno,019,978130,280058,278793,32598,311391,2893
2022-11-26,Glenn,021,27897,5646,5625,1919,7544,58
2022-11-26,Humboldt,023,135768,22446,22351,5389,27740,160
2022-11-26,Imperial,025,180216,67025,66747,17124,83871,960
2022-11-26,Inyo,027,18085,4589,4557,1107,5664,60
2022-11-26,Kern,029,883053,222337,221639,66920,288559,2430
2022-11-26,Kings,031,150075,60632,60457,4257,64714,463
2022-11-26,Lake,033,64148,13072,13042,1273,14315,149
2022-11-26,Lassen,035,31185,10109,10091,1020,11111,65
2022-11-26,Los Angeles,037,10098052,3351215,3332327,192853,3525180,33882
2022-11-26,Madera,039,155013,44668,44503,8487,52990,377
2022-11-26,Marin,041,260295,46540,46293,5460,51753,314
2022-11-26,Mariposa,043,17540,3171,3156,387,3543,32
2022-11-26,Mendocino,045,87422,16280,16255,4668,20923,136
2022-11-26,Merced,047,269075,73660,73259,12135,85394,876
2022-11-26,Modoc,049,8938,899,895,347,1242,11
2022-11-26,Mono,051,14174,3235,3233,277,3510,8
2022-11-26,Monterey,053,433212,95449,95169,21955,117124,775
2022-11-26,Napa,055,140530,32874,32736,1458,34194,161
2022-11-26,Nevada,057,99092,19441,19310,2090,21400,132
2022-11-26,Orange,059,3164182,679561,676959,67375,744334,7565
2022-11-26,Placer,061,380077,77695,77331,9867,87198,665
2022-11-26,Plumas,063,18699,3740,3737,446,4183,13
2022-11-26,Riverside,065,2383286,706997,704180,37249,741429,6692
2022-11-26,Sacramento,067,1510023,355313,353538,35303,388841,3374
2022-11-26,San Benito,069,59416,16640,16474,1034,17508,108
2022-11-26,San Bernardino,071,2135413,682665,679620,32240,711860,8133
2022-11-26,San Diego,073,3302833,942353,938583,74358,1012941,5562
2022-11-26,San Francisco,075,870044,184676,183671,12597,196268,1076
2022-11-26,San Joaquin,077,732212,201645,200474,15660,216134,2344
2022-11-26,San Luis Obispo,079,281455,64100,63962,7499,71461,530
2022-11-26,San Mateo,081,765935,173375,172573,10958,183531,748
2022-11-26,Santa Barbara,083,443738,107533,107184,7191,114375,735
2022-11-26,Santa Clara,085,1922200,449216,442182,20041,462223,2558
2022-11-26,Santa Cruz,087,273765,65133,64814,3630,68444,275
2022-11-26,Shasta,089,179085,35567,35452,7957,43409,596
2022-11-26,Sierra,091,2930,307,308,62,370,5
2022-11-26,Siskiyou,093,43540,5278,5385,3380,8765,95
2022-11-26,Solano,095,438530,107940,107446,8132,115578,469
2022-11-26,Sonoma,097,501317,109048,108690,5532,114222,530
2022-11-26,Stanislaus,099,539301,140212,139741,22052,161793,1785
2022-11-26,Sutter,101,95872,24793,24730,2494,27224,234
2022-11-26,Tehama,103,63373,13930,13857,3251,17108,216
2022-11-26,Trinity,105,12862,1434,1425,456,1881,21
2022-11-26,Tulare,107,460477,123405,123029,37790,160819,1545
2022-11-26,Tuolumne,109,53932,15961,15885,987,16872,206
2022-11-26,Ventura,111,848112,212478,211680,16677,228357,1591
2022-11-26,Yolo,113,214977,48259,48228,4681,52909,408
2022-11-26,Yuba,115,75493,19309,19233,1771,21004,132
2022-11-25,Alameda,001,1643700,357780,356253,20738,376991,2059
2022-11-25,Alpine,003,1148,138,138,2,140,0
2022-11-25,Amador,005,37829,10154,10132,951,11083,95
2022-11-25,Butte,007,227075,40310,40206,9456,49662,465
2022-11-25,Calaveras,009,45235,8681,8651,593,9244,135
2022-11-25,Colusa,011,21464,3846,3840,1306,5146,22
2022-11-25,Contra Costa,013,1133247,257665,256191,21485,277676,1483
2022-11-25,Del Norte,015,27424,7514,7502,411,7913,56
2022-11-25,El Dorado,017,186661,33194,33057,4413,37470,233
2022-11-25,Fresno,019,978130,279889,278793,32565,311358,2893
2022-11-25,Glenn,021,27897,5645,5625,1917,7542,58
2022-11-25,Humboldt,023,135768,22433,22351,5386,27737,160
2022-11-25,Imperial,025,180216,66988,66747,17093,83840,960
2022-11-25,Inyo,027,18085,4585,4557,1101,5658,60
2022-11-25,Kern,029,883053,222270,221639,66873,288512,2430
2022-11-25,Kings,031,150075,60609,60457,4256,64713,463
2022-11-25,Lake,033,64148,13070,13042,1273,14315,149
2022-11-25,Lassen,035,31185,10109,10091,1019,11110,65
2022-11-25,Los Angeles,037,10098052,3348926,3332327,192477,3524804,33882
2022-11-25,Madera,039,155013,44644,44503,8477,52980,377
2022-11-25,Marin,041,260295,46499,46293,5458,51751,314
2022-11-25,Mariposa,043,17540,3170,3156,384,3540,32
2022-11-25,Mendocino,045,87422,16272,16255,4665,20920,136
2022-11-25,Merced,047,269075,73624,73259,12130,85389,876
2022-11-25,Modoc,049,8938,898,895,347,1242,11
2022-11-25,Mono,051,14174,3235,3233,277,3510,8
2022-11-25,Monterey,053,433212,95402,95169,21930,117099,775
2022-11-25,Napa,055,140530,32861,32736,1458,34194,161
2022-11-25,Nevada,057,99092,19426,19310,2086,21396,132
2022-11-25,Orange,059,3164182,679163,676959,67261,744220,7565
2022-11-25,Placer,061,380077,77654,77331,9861,87192,665
2022-11-25,Plumas,063,18699,3740,3737,446,4183,13
2022-11-25,Riverside,065,2383286,706621,704180,37165,741345,6692
2022-11-25,Sacramento,067,1510023,355098,353538,35276,388814,3374
2022-11-25,San Benito,069,59416,16616,16474,1033,17507,108
2022-11-25,San Bernardino,071,2135413,682264,679620,32202,711822,8133
2022-11-25,San Diego,073,3302833,941862,938583,74307,1012890,5562
2022-11-25,San Francisco,075,870044,184529,183671,12569,196240,1076
2022-11-25,San Joaquin,077,732212,201533,200474,15650,216124,2344
2022-11-25,San Luis Obispo,079,281455,64085,63962,7491,71453,530
2022-11-25,San Mateo,081,765935,173198,172573,10947,183520,748
2022-11-25,Santa Barbara,083,443738,107470,107184,7189,114373,735
2022-11-25,Santa Clara,085,1922200,448796,442182,20006,462188,2558
2022-11-25,Santa Cruz,087,273765,65097,64814,3629,68443,275
2022-11-25,Shasta,089,179085,35560,35452,7952,43404,596
2022-11-25,Sierra,091,2930,307,308,62,370,5
2022-11-25,Siskiyou,093,43540,5275,5385,3380,8765,95
2022-11-25,Solano,095,438530,107860,107446,8126,115572,469
2022-11-25,Sonoma,097,501317,108996,108690,5531,114221,530
2022-11-25,Stanislaus,099,539301,140141,139741,22041,161782,1785
2022-11-25,Sutter,101,95872,24782,24730,2494,27224,234
2022-11-25,Tehama,103,63373,13921,13857,3245,17102,216
2022-11-25,Trinity,105,12862,1434,1425,455,1880,21
2022-11-25,Tulare,107,460477,123345,123029,37753,160782,1545
2022-11-25,Tuolumne,109,53932,15951,15885,986,16871,206
2022-11-25,Ventura,111,848112,212348,211680,16651,228331,1591
2022-11-25,Yolo,113,214977,48240,48228,4674,52902,408
2022-11-25,Yuba,115,75493,19298,19233,1770,21003,132
2022-11-24,Alameda,001,1643700,357471,356253,20717,376970,2059
2022-11-24,Alpine,003,1148,138,138,2,140,0
2022-11-24,Amador,005,37829,10151,10132,951,11083,95
2022-11-24,Butte,007,227075,40271,40206,9441,49647,465
2022-11-24,Calaveras,009,45235,8674,8651,593,9244,135
2022-11-24,Colusa,011,21464,3843,3840,1306,5146,22
2022-11-24,Contra Costa,013,1133247,257489,256191,21476,277667,1483
2022-11-24,Del Norte,015,27424,7513,7502,411,7913,56
2022-11-24,El Dorado,017,186661,33162,33057,4412,37469,233
2022-11-24,Fresno,019,978130,279702,278793,32514,311307,2893
2022-11-24,Glenn,021,27897,5641,5625,1915,7540,58
2022-11-24,Humboldt,023,135768,22419,22351,5381,27732,160
2022-11-24,Imperial,025,180216,66927,66747,17082,83829,960
2022-11-24,Inyo,027,18085,4581,4557,1100,5657,60
2022-11-24,Kern,029,883053,222195,221639,66801,288440,2430
2022-11-24,Kings,031,150075,60575,60457,4252,64709,463
2022-11-24,Lake,033,64148,13063,13042,1273,14315,149
2022-11-24,Lassen,035,31185,10105,10091,1019,11110,65
2022-11-24,Los Angeles,037,10098052,3346336,3332327,192052,3524379,33882
2022-11-24,Madera,039,155013,44622,44503,8469,52972,377
2022-11-24,Marin,041,260295,46454,46293,5457,51750,314
2022-11-24,Mariposa,043,17540,3167,3156,383,3539,32
2022-11-24,Mendocino,045,87422,16266,16255,4662,20917,136
2022-11-24,Merced,047,269075,73565,73259,12126,85385,876
2022-11-24,Modoc,049,8938,898,895,347,1242,11
2022-11-24,Mono,051,14174,3233,3233,277,3510,8
2022-11-24,Monterey,053,433212,95362,95169,21915,117084,775
2022-11-24,Napa,055,140530,32841,32736,1458,34194,161
2022-11-24,Nevada,057,99092,19411,19310,2082,21392,132
2022-11-24,Orange,059,3164182,678740,676959,67099,744058,7565
2022-11-24,Placer,061,380077,77613,77331,9850,87181,665
2022-11-24,Plumas,063,18699,3739,3737,446,4183,13
2022-11-24,Riverside,065,2383286,706152,704180,37080,741260,6692
2022-11-24,Sacramento,067,1510023,354842,353538,35260,388798,3374
2022-11-24,San Benito,069,59416,16606,16474,1032,17506,108
2022-11-24,San Bernardino,071,2135413,681780,679620,32149,711769,8133
2022-11-24,San Diego,073,3302833,941258,938583,74243,1012826,5562
2022-11-24,San Francisco,075,870044,184369,183671,12551,196222,1076
2022-11-24,San Joaquin,077,732212,201378,200474,15618,216092,2344
2022-11-24,San Luis Obispo,079,281455,64065,63962,7486,71448,530
2022-11-24,San Mateo,081,765935,173064,172573,10940,183513,748
2022-11-24,Santa Barbara,083,443738,107425,107184,7187,114371,735
2022-11-24,Santa Clara,085,1922200,448463,442182,19989,462171,2558
2022-11-24,Santa Cruz,087,273765,65067,64814,3628,68442,275
2022-11-24,Shasta,089,179085,35547,35452,7945,43397,596
2022-11-24,Sierra,091,2930,307,308,62,370,5
2022-11-24,Siskiyou,093,43540,5275,5385,3380,8765,95
2022-11-24,Solano,095,438530,107742,107446,8125,115571,469
2022-11-24,Sonoma,097,501317,108934,108690,5528,114218,530
2022-11-24,Stanislaus,099,539301,140061,139741,22033,161774,1785
2022-11-24,Sutter,101,95872,24770,24730,2494,27224,234
2022-11-24,Tehama,103,63373,13910,13857,3242,17099,216
2022-11-24,Trinity,105,12862,1434,1425,454,1879,21
2022-11-24,Tulare,107,460477,123293,123029,37720,160749,1545
2022-11-24,Tuolumne,109,53932,15937,15885,984,16869,206
2022-11-24,Ventura,111,848112,212210,211680,16608,228288,1591
2022-11-24,Yolo,113,214977,48222,48228,4670,52898,408
2022-11-24,Yuba,115,75493,19281,19233,1770,21003,132
2022-11-23,Alameda,001,1643700,357321,356253,20708,376961,2059
2022-11-23,Alpine,003,1148,138,138,2,140,0
2022-11-23,Amador,005,37829,10148,10132,951,11083,95
2022-11-23,Butte,007,227075,40255,40206,9430,49636,465
2022-11-23,Calaveras,009,45235,8669,8651,593,9244,135
2022-11-23,Colusa,011,21464,3843,3840,1306,5146,22
2022-11-23,Contra Costa,013,1133247,257379,256191,21472,277663,1483
2022-11-23,Del Norte,015,27424,7512,7502,411,7913,56
2022-11-23,El Dorado,017,186661,33152,33057,4411,37468,233
2022-11-23,Fresno,019,978130,279616,278793,32492,311285,2893
2022-11-23,Glenn,021,27897,5640,5625,1914,7539,58
2022-11-23,Humboldt,023,135768,22413,22351,5379,27730,160
2022-11-23,Imperial,025,180216,66885,66747,17076,83823,960
2022-11-23,Inyo,027,18085,4580,4557,1099,5656,60
2022-11-23,Kern,029,883053,222144,221639,66789,288428,2430
2022-11-23,Kings,031,150075,60563,60457,4251,64708,463
2022-11-23,Lake,033,64148,13057,13042,1273,14315,149
2022-11-23,Lassen,035,31185,10101,10091,1019,11110,65
2022-11-23,Los Angeles,037,10098052,3345292,3332327,191864,3524191,33882
2022-11-23,Madera,039,155013,44621,44503,8466,52969,377
2022-11-23,Marin,041,260295,46429,46293,5455,51748,314
2022-11-23,Mariposa,043,17540,3167,3156,383,3539,32
2022-11-23,Mendocino,045,87422,16265,16255,4659,20914,136
2022-11-23,Merced,047,269075,73544,73259,12122,85381,876
2022-11-23,Modoc,049,8938,898,895,347,1242,11
2022-11-23,Mono,051,14174,3233,3233,277,3510,8
2022-11-23,Monterey,053,433212,95342,95169,21908,117077,775
2022-11-23,Napa,055,140530,32830,32736,1458,34194,161
2022-11-23,Nevada,057,99092,19404,19310,2081,21391,132
2022-11-23,Orange,059,3164182,678606,676959,67044,744003,7565
2022-11-23,Placer,061,380077,77575,77331,9846,87177,665
2022-11-23,Plumas,063,18699,3738,3737,446,4183,13
2022-11-23,Riverside,065,2383286,705968,704180,37050,741230,6692
2022-11-23,Sacramento,067,1510023,354723,353538,35251,388789,3374
2022-11-23,San Benito,069,59416,16603,16474,1032,17506,108
2022-11-23,San Bernardino,071,2135413,681585,679620,32129,711749,8133
2022-11-23,San Diego,073,3302833,941040,938583,74220,1012803,5562
2022-11-23,San Francisco,075,870044,184293,183671,12548,196219,1076
2022-11-23,San Joaquin,077,732212,201312,200474,15599,216073,2344
2022-11-23,San Luis Obispo,079,281455,64059,63962,7485,71447,530
2022-11-23,San Mateo,081,765935,173011,172573,10935,183508,748
2022-11-23,Santa Barbara,083,443738,107391,107184,7185,114369,735
2022-11-23,Santa Clara,085,1922200,448291,442182,19971,462153,2558
2022-11-23,Santa Cruz,087,273765,65049,64814,3628,68442,275
2022-11-23,Shasta,089,179085,35541,35452,7943,43395,596
2022-11-23,Sierra,091,2930,307,308,62,370,5
2022-11-23,Siskiyou,093,43540,5272,5385,3380,8765,95
2022-11-23,Solano,095,438530,107727,107446,8123,115569,469
2022-11-23,Sonoma,097,501317,108904,108690,5528,114218,530
2022-11-23,Stanislaus,099,539301,140023,139741,22030,161771,1785
2022-11-23,Sutter,101,95872,24766,24730,2494,27224,234
2022-11-23,Tehama,103,63373,13905,13857,3241,17098,216
2022-11-23,Trinity,105,12862,1434,1425,454,1879,21
2022-11-23,Tulare,107,460477,123244,123029,37700,160729,1545
2022-11-23,Tuolumne,109,53932,15924,15885,984,16869,206
2022-11-23,Ventura,111,848112,212143,211680,16600,228280,1591
2022-11-23,Yolo,113,214977,48204,48228,4669,52897,408
2022-11-23,Yuba,115,75493,19274,19233,1769,21002,132
2022-11-22,Alameda,001,1643700,356952,356253,20666,376919,2059
2022-11-22,Alpine,003,1148,138,138,2,140,0
2022-11-22,Amador,005,37829,10145,10132,950,11082,95
2022-11-22,Butte,007,227075,40228,40206,9420,49626,465
2022-11-22,Calaveras,009,45235,8667,8651,592,9243,135
2022-11-22,Colusa,011,21464,3842,3840,1306,5146,22
2022-11-22,Contra Costa,013,1133247,257153,256191,21447,277638,1483
2022-11-22,Del Norte,015,27424,7507,7502,411,7913,56
2022-11-22,El Dorado,017,186661,33125,33057,4406,37463,233
2022-11-22,Fresno,019,978130,279427,278793,32452,311245,2893
2022-11-22,Glenn,021,27897,5637,5625,1909,7534,58
2022-11-22,Humboldt,023,135768,22389,22351,5368,27719,160
2022-11-22,Imperial,025,180216,66835,66747,16980,83727,960
2022-11-22,Inyo,027,18085,4576,4557,1097,5654,60
2022-11-22,Kern,029,883053,222072,221639,66737,288376,2430
2022-11-22,Kings,031,150075,60521,60457,4249,64706,463
2022-11-22,Lake,033,64148,13054,13042,1271,14313,149
2022-11-22,Lassen,035,31185,10094,10091,1018,11109,65
2022-11-22,Los Angeles,037,10098052,3342615,3332327,191421,3523748,33882
2022-11-22,Madera,039,155013,44596,44503,8455,52958,377
2022-11-22,Marin,041,260295,46388,46293,5451,51744,314
2022-11-22,Mariposa,043,17540,3162,3156,383,3539,32
2022-11-22,Mendocino,045,87422,16259,16255,4655,20910,136
2022-11-22,Merced,047,269075,73503,73259,12115,85374,876
2022-11-22,Modoc,049,8938,898,895,344,1239,11
2022-11-22,Mono,051,14174,3232,3233,277,3510,8
2022-11-22,Monterey,053,433212,95310,95169,21890,117059,775
2022-11-22,Napa,055,140530,32802,32736,1455,34191,161
2022-11-22,Nevada,057,99092,19384,19310,2068,21378,132
2022-11-22,Orange,059,3164182,678199,676959,66885,743844,7565
2022-11-22,Placer,061,380077,77516,77331,9838,87169,665
2022-11-22,Plumas,063,18699,3736,3737,446,4183,13
2022-11-22,Riverside,065,2383286,705547,704180,36970,741150,6692
2022-11-22,Sacramento,067,1510023,354475,353538,35226,388764,3374
2022-11-22,San Benito,069,59416,16587,16474,1030,17504,108
2022-11-22,San Bernardino,071,2135413,681186,679620,32092,711712,8133
2022-11-22,San Diego,073,3302833,940540,938583,74125,1012708,5562
2022-11-22,San Francisco,075,870044,184149,183671,12535,196206,1076
2022-11-22,San Joaquin,077,732212,201185,200474,15568,216042,2344
2022-11-22,San Luis Obispo,079,281455,64041,63962,7471,71433,530
2022-11-22,San Mateo,081,765935,172875,172573,10923,183496,748
2022-11-22,Santa Barbara,083,443738,107340,107184,7170,114354,735
2022-11-22,Santa Clara,085,1922200,447903,442182,19943,462125,2558
2022-11-22,Santa Cruz,087,273765,65004,64814,3626,68440,275
2022-11-22,Shasta,089,179085,35523,35452,7937,43389,596
2022-11-22,Sierra,091,2930,307,308,62,370,5
2022-11-22,Siskiyou,093,43540,5268,5385,3380,8765,95
2022-11-22,Solano,095,438530,107643,107446,8122,115568,469
2022-11-22,Sonoma,097,501317,108840,108690,5520,114210,530
2022-11-22,Stanislaus,099,539301,139954,139741,22019,161760,1785
2022-11-22,Sutter,101,95872,24752,24730,2493,27223,234
2022-11-22,Tehama,103,63373,13895,13857,3240,17097,216
2022-11-22,Trinity,105,12862,1433,1425,453,1878,21
2022-11-22,Tulare,107,460477,123169,123029,37656,160685,1545
2022-11-22,Tuolumne,109,53932,15913,15885,983,16868,206
2022-11-22,Ventura,111,848112,212039,211680,16577,228257,1591
2022-11-22,Yolo,113,214977,48179,48228,4663,52891,408
2022-11-22,Yuba,115,75493,19264,19233,1769,21002,132
2022-11-21,Alameda,001,1643700,356681,354457,20640,375097,2054
2022-11-21,Alpine,003,1148,138,136,2,138,0
2022-11-21,Amador,005,37829,10140,10108,949,11057,95
2022-11-21,Butte,007,227075,40194,40058,9412,49470,461
2022-11-21,Calaveras,009,45235,8662,8612,591,9203,135
2022-11-21,Colusa,011,21464,3840,3828,1306,5134,22
2022-11-21,Contra Costa,013,1133247,256984,254944,21432,276376,1479
2022-11-21,Del Norte,015,27424,7505,7492,411,7903,56
2022-11-21,El Dorado,017,186661,33098,32903,4400,37303,233
2022-11-21,Fresno,019,978130,279255,277735,32409,310144,2888
2022-11-21,Glenn,021,27897,5634,5591,1906,7497,50
2022-11-21,Humboldt,023,135768,22371,22254,5357,27611,160
2022-11-21,Imperial,025,180216,66782,66473,16921,83394,960
2022-11-21,Inyo,027,18085,4570,4530,1093,5623,60
2022-11-21,Kern,029,883053,221964,221145,66687,287832,2430
2022-11-21,Kings,031,150075,60489,60156,4246,64402,462
2022-11-21,Lake,033,64148,13046,12978,1269,14247,149
2022-11-21,Lassen,035,31185,10090,10043,1017,11060,65
2022-11-21,Los Angeles,037,10098052,3340028,3320411,190976,3511387,33830
2022-11-21,Madera,039,155013,44577,44373,8453,52826,375
2022-11-21,Marin,041,260295,46342,46115,5451,51566,314
2022-11-21,Mariposa,043,17540,3158,3138,380,3518,32
2022-11-21,Mendocino,045,87422,16252,16205,4653,20858,136
2022-11-21,Merced,047,269075,73464,73022,12111,85133,875
2022-11-21,Modoc,049,8938,896,889,343,1232,11
2022-11-21,Mono,051,14174,3232,3226,276,3502,8
2022-11-21,Monterey,053,433212,95273,94949,21862,116811,773
2022-11-21,Napa,055,140530,32782,32610,1453,34063,161
2022-11-21,Nevada,057,99092,19362,19238,2061,21299,132
2022-11-21,Orange,059,3164182,677730,674980,66705,741685,7553
2022-11-21,Placer,061,380077,77460,76976,9831,86807,662
2022-11-21,Plumas,063,18699,3736,3729,446,4175,13
2022-11-21,Riverside,065,2383286,705101,702343,36889,739232,6686
2022-11-21,Sacramento,067,1510023,354177,352117,35184,387301,3362
2022-11-21,San Benito,069,59416,16575,16410,1029,17439,108
2022-11-21,San Bernardino,071,2135413,680681,677641,32034,709675,8131
2022-11-21,San Diego,073,3302833,939941,935811,74008,1009819,5557
2022-11-21,San Francisco,075,870044,183977,182855,12526,195381,1074
2022-11-21,San Joaquin,077,732212,201057,199682,15537,215219,2341
2022-11-21,San Luis Obispo,079,281455,64016,63812,7462,71274,530
2022-11-21,San Mateo,081,765935,172751,171862,10918,182780,748
2022-11-21,Santa Barbara,083,443738,107266,106885,7166,114051,733
2022-11-21,Santa Clara,085,1922200,447494,440104,19924,460028,2541
2022-11-21,Santa Cruz,087,273765,64959,64515,3619,68134,276
2022-11-21,Shasta,089,179085,35506,35346,7929,43275,595
2022-11-21,Sierra,091,2930,307,308,61,369,5
2022-11-21,Siskiyou,093,43540,5263,5364,3380,8744,95
2022-11-21,Solano,095,438530,107543,106903,8117,115020,469
2022-11-21,Sonoma,097,501317,108759,108386,5515,113901,527
2022-11-21,Stanislaus,099,539301,139880,139293,22003,161296,1785
2022-11-21,Sutter,101,95872,24736,24642,2493,27135,234
2022-11-21,Tehama,103,63373,13887,13784,3237,17021,216
2022-11-21,Trinity,105,12862,1432,1422,450,1872,20
2022-11-21,Tulare,107,460477,123096,122707,37619,160326,1545
2022-11-21,Tuolumne,109,53932,15908,15805,983,16788,209
2022-11-21,Ventura,111,848112,211899,210938,16548,227486,1586
2022-11-21,Yolo,113,214977,48150,48092,4659,52751,355
2022-11-21,Yuba,115,75493,19244,19157,1768,20925,132
2022-11-20,Alameda,001,1643700,356336,354457,20605,375062,2054
2022-11-20,Alpine,003,1148,138,136,2,138,0
2022-11-20,Amador,005,37829,10138,10108,947,11055,95
2022-11-20,Butte,007,227075,40163,40058,9394,49452,461
2022-11-20,Calaveras,009,45235,8654,8612,591,9203,135
2022-11-20,Colusa,011,21464,3838,3828,1306,5134,22
2022-11-20,Contra Costa,013,1133247,256783,254944,21416,276360,1479
2022-11-20,Del Norte,015,27424,7499,7492,411,7903,56
2022-11-20,El Dorado,017,186661,33045,32903,4397,37300,233
2022-11-20,Fresno,019,978130,279045,277735,32359,310094,2888
2022-11-20,Glenn,021,27897,5629,5591,1905,7496,50
2022-11-20,Humboldt,023,135768,22352,22254,5351,27605,160
2022-11-20,Imperial,025,180216,66716,66473,16872,83345,960
2022-11-20,Inyo,027,18085,4563,4530,1092,5622,60
2022-11-20,Kern,029,883053,221854,221145,66632,287777,2430
2022-11-20,Kings,031,150075,60440,60156,4245,64401,462
2022-11-20,Lake,033,64148,13037,12978,1261,14239,149
2022-11-20,Lassen,035,31185,10089,10043,1015,11058,65
2022-11-20,Los Angeles,037,10098052,3337185,3320411,190519,3510930,33830
2022-11-20,Madera,039,155013,44562,44373,8446,52819,375
2022-11-20,Marin,041,260295,46313,46115,5447,51562,314
2022-11-20,Mariposa,043,17540,3155,3138,379,3517,32
2022-11-20,Mendocino,045,87422,16247,16205,4650,20855,136
2022-11-20,Merced,047,269075,73387,73022,12104,85126,875
2022-11-20,Modoc,049,8938,892,889,343,1232,11
2022-11-20,Mono,051,14174,3230,3226,276,3502,8
2022-11-20,Monterey,053,433212,95233,94949,21840,116789,773
2022-11-20,Napa,055,140530,32759,32610,1450,34060,161
2022-11-20,Nevada,057,99092,19333,19238,2051,21289,132
2022-11-20,Orange,059,3164182,677271,674980,66550,741530,7553
2022-11-20,Placer,061,380077,77399,76976,9827,86803,662
2022-11-20,Plumas,063,18699,3735,3729,446,4175,13
2022-11-20,Riverside,065,2383286,704684,702343,36807,739150,6686
2022-11-20,Sacramento,067,1510023,353884,352117,35158,387275,3362
2022-11-20,San Benito,069,59416,16556,16410,1028,17438,108
2022-11-20,San Bernardino,071,2135413,680167,677641,31977,709618,8131
2022-11-20,San Diego,073,3302833,939251,935811,73909,1009720,5557
2022-11-20,San Francisco,075,870044,183770,182855,12504,195359,1074
2022-11-20,San Joaquin,077,732212,200933,199682,15515,215197,2341
2022-11-20,San Luis Obispo,079,281455,63989,63812,7452,71264,530
2022-11-20,San Mateo,081,765935,172606,171862,10901,182763,748
2022-11-20,Santa Barbara,083,443738,107202,106885,7155,114040,733
2022-11-20,Santa Clara,085,1922200,447103,440104,19894,459998,2541
2022-11-20,Santa Cruz,087,273765,64889,64515,3615,68130,276
2022-11-20,Shasta,089,179085,35487,35346,7917,43263,595
2022-11-20,Sierra,091,2930,307,308,61,369,5
2022-11-20,Siskiyou,093,43540,5261,5364,3379,8743,95
2022-11-20,Solano,095,438530,107432,106903,8108,115011,469
2022-11-20,Sonoma,097,501317,108701,108386,5512,113898,527
2022-11-20,Stanislaus,099,539301,139789,139293,21986,161279,1785
2022-11-20,Sutter,101,95872,24718,24642,2492,27134,234
2022-11-20,Tehama,103,63373,13877,13784,3236,17020,216
2022-11-20,Trinity,105,12862,1432,1422,447,1869,20
2022-11-20,Tulare,107,460477,123027,122707,37574,160281,1545
2022-11-20,Tuolumne,109,53932,15899,15805,979,16784,209
2022-11-20,Ventura,111,848112,211770,210938,16523,227461,1586
2022-11-20,Yolo,113,214977,48122,48092,4649,52741,355
2022-11-20,Yuba,115,75493,19239,19157,1768,20925,132
2022-11-19,Alameda,001,1643700,356159,354457,20584,375041,2054
2022-11-19,Alpine,003,1148,138,136,2,138,0
2022-11-19,Amador,005,37829,10135,10108,947,11055,95
2022-11-19,Butte,007,227075,40152,40058,9385,49443,461
2022-11-19,Calaveras,009,45235,8651,8612,589,9201,135
2022-11-19,Colusa,011,21464,3836,3828,1306,5134,22
2022-11-19,Contra Costa,013,1133247,256687,254944,21414,276358,1479
2022-11-19,Del Norte,015,27424,7498,7492,411,7903,56
2022-11-19,El Dorado,017,186661,33022,32903,4396,37299,233
2022-11-19,Fresno,019,978130,278940,277735,32341,310076,2888
2022-11-19,Glenn,021,27897,5629,5591,1905,7496,50
2022-11-19,Humboldt,023,135768,22337,22254,5345,27599,160
2022-11-19,Imperial,025,180216,66696,66473,16863,83336,960
2022-11-19,Inyo,027,18085,4561,4530,1088,5618,60
2022-11-19,Kern,029,883053,221811,221145,66611,287756,2430
2022-11-19,Kings,031,150075,60419,60156,4243,64399,462
2022-11-19,Lake,033,64148,13032,12978,1261,14239,149
2022-11-19,Lassen,035,31185,10088,10043,1015,11058,65
2022-11-19,Los Angeles,037,10098052,3335714,3320411,190281,3510692,33830
2022-11-19,Madera,039,155013,44547,44373,8445,52818,375
2022-11-19,Marin,041,260295,46291,46115,5447,51562,314
2022-11-19,Mariposa,043,17540,3155,3138,379,3517,32
2022-11-19,Mendocino,045,87422,16244,16205,4645,20850,136
2022-11-19,Merced,047,269075,73362,73022,12101,85123,875
2022-11-19,Modoc,049,8938,892,889,343,1232,11
2022-11-19,Mono,051,14174,3230,3226,276,3502,8
2022-11-19,Monterey,053,433212,95207,94949,21830,116779,773
2022-11-19,Napa,055,140530,32748,32610,1447,34057,161
2022-11-19,Nevada,057,99092,19323,19238,2048,21286,132
2022-11-19,Orange,059,3164182,677057,674980,66472,741452,7553
2022-11-19,Placer,061,380077,77348,76976,9822,86798,662
2022-11-19,Plumas,063,18699,3735,3729,446,4175,13
2022-11-19,Riverside,065,2383286,704455,702343,36752,739095,6686
2022-11-19,Sacramento,067,1510023,353766,352117,35152,387269,3362
2022-11-19,San Benito,069,59416,16543,16410,1028,17438,108
2022-11-19,San Bernardino,071,2135413,679916,677641,31947,709588,8131
2022-11-19,San Diego,073,3302833,939008,935811,73873,1009684,5557
2022-11-19,San Francisco,075,870044,183675,182855,12500,195355,1074
2022-11-19,San Joaquin,077,732212,200843,199682,15487,215169,2341
2022-11-19,San Luis Obispo,079,281455,63974,63812,7448,71260,530
2022-11-19,San Mateo,081,765935,172530,171862,10894,182756,748
2022-11-19,Santa Barbara,083,443738,107169,106885,7148,114033,733
2022-11-19,Santa Clara,085,1922200,446890,440104,19878,459982,2541
2022-11-19,Santa Cruz,087,273765,64872,64515,3613,68128,276
2022-11-19,Shasta,089,179085,35478,35346,7910,43256,595
2022-11-19,Sierra,091,2930,307,308,61,369,5
2022-11-19,Siskiyou,093,43540,5254,5364,3379,8743,95
2022-11-19,Solano,095,438530,107403,106903,8105,115008,469
2022-11-19,Sonoma,097,501317,108676,108386,5510,113896,527
2022-11-19,Stanislaus,099,539301,139729,139293,21982,161275,1785
2022-11-19,Sutter,101,95872,24709,24642,2492,27134,234
2022-11-19,Tehama,103,63373,13870,13784,3235,17019,216
2022-11-19,Trinity,105,12862,1432,1422,447,1869,20
2022-11-19,Tulare,107,460477,122990,122707,37553,160260,1545
2022-11-19,Tuolumne,109,53932,15884,15805,976,16781,209
2022-11-19,Ventura,111,848112,211695,210938,16506,227444,1586
2022-11-19,Yolo,113,214977,48106,48092,4648,52740,355
2022-11-19,Yuba,115,75493,19233,19157,1768,20925,132
2022-11-18,Alameda,001,1643700,355976,354457,20567,375024,2054
2022-11-18,Alpine,003,1148,138,136,2,138,0
2022-11-18,Amador,005,37829,10129,10108,947,11055,95
2022-11-18,Butte,007,227075,40139,40058,9378,49436,461
2022-11-18,Calaveras,009,45235,8646,8612,589,9201,135
2022-11-18,Colusa,011,21464,3834,3828,1306,5134,22
2022-11-18,Contra Costa,013,1133247,256569,254944,21407,276351,1479
2022-11-18,Del Norte,015,27424,7496,7492,411,7903,56
2022-11-18,El Dorado,017,186661,33011,32903,4395,37298,233
2022-11-18,Fresno,019,978130,278833,277735,32317,310052,2888
2022-11-18,Glenn,021,27897,5628,5591,1905,7496,50
2022-11-18,Humboldt,023,135768,22324,22254,5341,27595,160
2022-11-18,Imperial,025,180216,66679,66473,16852,83325,960
2022-11-18,Inyo,027,18085,4559,4530,1083,5613,60
2022-11-18,Kern,029,883053,221774,221145,66562,287707,2430
2022-11-18,Kings,031,150075,60400,60156,4241,64397,462
2022-11-18,Lake,033,64148,13028,12978,1261,14239,149
2022-11-18,Lassen,035,31185,10088,10043,1015,11058,65
2022-11-18,Los Angeles,037,10098052,3334331,3320411,190038,3510449,33830
2022-11-18,Madera,039,155013,44525,44373,8439,52812,375
2022-11-18,Marin,041,260295,46271,46115,5441,51556,314
2022-11-18,Mariposa,043,17540,3149,3138,378,3516,32
2022-11-18,Mendocino,045,87422,16241,16205,4644,20849,136
2022-11-18,Merced,047,269075,73343,73022,12097,85119,875
2022-11-18,Modoc,049,8938,892,889,342,1231,11
2022-11-18,Mono,051,14174,3230,3226,275,3501,8
2022-11-18,Monterey,053,433212,95180,94949,21820,116769,773
2022-11-18,Napa,055,140530,32737,32610,1447,34057,161
2022-11-18,Nevada,057,99092,19316,19238,2038,21276,132
2022-11-18,Orange,059,3164182,676855,674980,66378,741358,7553
2022-11-18,Placer,061,380077,77313,76976,9815,86791,662
2022-11-18,Plumas,063,18699,3734,3729,445,4174,13
2022-11-18,Riverside,065,2383286,704241,702343,36706,739049,6686
2022-11-18,Sacramento,067,1510023,353610,352117,35134,387251,3362
2022-11-18,San Benito,069,59416,16541,16410,1027,17437,108
2022-11-18,San Bernardino,071,2135413,679696,677641,31923,709564,8131
2022-11-18,San Diego,073,3302833,938668,935811,73836,1009647,5557
2022-11-18,San Francisco,075,870044,183572,182855,12478,195333,1074
2022-11-18,San Joaquin,077,732212,200768,199682,15475,215157,2341
2022-11-18,San Luis Obispo,079,281455,63958,63812,7445,71257,530
2022-11-18,San Mateo,081,765935,172472,171862,10884,182746,748
2022-11-18,Santa Barbara,083,443738,107143,106885,7144,114029,733
2022-11-18,Santa Clara,085,1922200,446657,440104,19861,459965,2541
2022-11-18,Santa Cruz,087,273765,64849,64515,3610,68125,276
2022-11-18,Shasta,089,179085,35469,35346,7906,43252,595
2022-11-18,Sierra,091,2930,307,308,61,369,5
2022-11-18,Siskiyou,093,43540,5252,5364,3379,8743,95
2022-11-18,Solano,095,438530,107348,106903,8103,115006,469
2022-11-18,Sonoma,097,501317,108642,108386,5508,113894,527
2022-11-18,Stanislaus,099,539301,139680,139293,21976,161269,1785
2022-11-18,Sutter,101,95872,24702,24642,2492,27134,234
2022-11-18,Tehama,103,63373,13866,13784,3234,17018,216
2022-11-18,Trinity,105,12862,1432,1422,446,1868,20
2022-11-18,Tulare,107,460477,122945,122707,37519,160226,1545
2022-11-18,Tuolumne,109,53932,15872,15805,975,16780,209
2022-11-18,Ventura,111,848112,211617,210938,16484,227422,1586
2022-11-18,Yolo,113,214977,48091,48092,4644,52736,355
2022-11-18,Yuba,115,75493,19222,19157,1768,20925,132
2022-11-17,Alameda,001,1643700,355721,354457,20537,374994,2054
2022-11-17,Alpine,003,1148,137,136,2,138,0
2022-11-17,Amador,005,37829,10127,10108,946,11054,95
2022-11-17,Butte,007,227075,40118,40058,9366,49424,461
2022-11-17,Calaveras,009,45235,8641,8612,587,9199,135
2022-11-17,Colusa,011,21464,3834,3828,1306,5134,22
2022-11-17,Contra Costa,013,1133247,256421,254944,21397,276341,1479
2022-11-17,Del Norte,015,27424,7492,7492,411,7903,56
2022-11-17,El Dorado,017,186661,32981,32903,4394,37297,233
2022-11-17,Fresno,019,978130,278672,277735,32289,310024,2888
2022-11-17,Glenn,021,27897,5622,5591,1901,7492,50
2022-11-17,Humboldt,023,135768,22317,22254,5337,27591,160
2022-11-17,Imperial,025,180216,66629,66473,16812,83285,960
2022-11-17,Inyo,027,18085,4552,4530,1081,5611,60
2022-11-17,Kern,029,883053,221695,221145,66524,287669,2430
2022-11-17,Kings,031,150075,60365,60156,4235,64391,462
2022-11-17,Lake,033,64148,13023,12978,1260,14238,149
2022-11-17,Lassen,035,31185,10081,10043,1012,11055,65
2022-11-17,Los Angeles,037,10098052,3332398,3320411,189754,3510165,33830
2022-11-17,Madera,039,155013,44469,44373,8435,52808,375
2022-11-17,Marin,041,260295,46244,46115,5437,51552,314
2022-11-17,Mariposa,043,17540,3144,3138,378,3516,32
2022-11-17,Mendocino,045,87422,16235,16205,4644,20849,136
2022-11-17,Merced,047,269075,73305,73022,12093,85115,875
2022-11-17,Modoc,049,8938,890,889,342,1231,11
2022-11-17,Mono,051,14174,3229,3226,275,3501,8
2022-11-17,Monterey,053,433212,95150,94949,21801,116750,773
2022-11-17,Napa,055,140530,32713,32610,1446,34056,161
2022-11-17,Nevada,057,99092,19304,19238,2034,21272,132
2022-11-17,Orange,059,3164182,676539,674980,66257,741237,7553
2022-11-17,Placer,061,380077,77269,76976,9809,86785,662
2022-11-17,Plumas,063,18699,3730,3729,445,4174,13
2022-11-17,Riverside,065,2383286,703944,702343,36656,738999,6686
2022-11-17,Sacramento,067,1510023,353391,352117,35102,387219,3362
2022-11-17,San Benito,069,59416,16533,16410,1025,17435,108
2022-11-17,San Bernardino,071,2135413,679381,677641,31889,709530,8131
2022-11-17,San Diego,073,3302833,938259,935811,73785,1009596,5557
2022-11-17,San Francisco,075,870044,183445,182855,12459,195314,1074
2022-11-17,San Joaquin,077,732212,200649,199682,15435,215117,2341
2022-11-17,San Luis Obispo,079,281455,63937,63812,7442,71254,530
2022-11-17,San Mateo,081,765935,172373,171862,10881,182743,748
2022-11-17,Santa Barbara,083,443738,107103,106885,7141,114026,733
2022-11-17,Santa Clara,085,1922200,446318,440104,19835,459939,2541
2022-11-17,Santa Cruz,087,273765,64814,64515,3607,68122,276
2022-11-17,Shasta,089,179085,35458,35346,7896,43242,595
2022-11-17,Sierra,091,2930,307,308,61,369,5
2022-11-17,Siskiyou,093,43540,5249,5364,3379,8743,95
2022-11-17,Solano,095,438530,107282,106903,8100,115003,469
2022-11-17,Sonoma,097,501317,108595,108386,5504,113890,527
2022-11-17,Stanislaus,099,539301,139620,139293,21962,161255,1785
2022-11-17,Sutter,101,95872,24692,24642,2491,27133,234
2022-11-17,Tehama,103,63373,13852,13784,3232,17016,216
2022-11-17,Trinity,105,12862,1430,1422,443,1865,20
2022-11-17,Tulare,107,460477,122877,122707,37490,160197,1545
2022-11-17,Tuolumne,109,53932,15859,15805,972,16777,209
2022-11-17,Ventura,111,848112,211517,210938,16461,227399,1586
2022-11-17,Yolo,113,214977,48080,48092,4639,52731,355
2022-11-17,Yuba,115,75493,19207,19157,1766,20923,132
2022-11-16,Alameda,001,1643700,355491,354457,20514,374971,2054
2022-11-16,Alpine,003,1148,137,136,2,138,0
2022-11-16,Amador,005,37829,10120,10108,946,11054,95
2022-11-16,Butte,007,227075,40095,40058,9350,49408,461
2022-11-16,Calaveras,009,45235,8634,8612,586,9198,135
2022-11-16,Colusa,011,21464,3832,3828,1305,5133,22
2022-11-16,Contra Costa,013,1133247,256293,254944,21376,276320,1479
2022-11-16,Del Norte,015,27424,7492,7492,411,7903,56
2022-11-16,El Dorado,017,186661,32960,32903,4392,37295,233
2022-11-16,Fresno,019,978130,278516,277735,32263,309998,2888
2022-11-16,Glenn,021,27897,5619,5591,1900,7491,50
2022-11-16,Humboldt,023,135768,22300,22254,5330,27584,160
2022-11-16,Imperial,025,180216,66591,66473,16748,83221,960
2022-11-16,Inyo,027,18085,4547,4530,1074,5604,60
2022-11-16,Kern,029,883053,221612,221145,66476,287621,2430
2022-11-16,Kings,031,150075,60306,60156,4231,64387,462
2022-11-16,Lake,033,64148,13008,12978,1260,14238,149
2022-11-16,Lassen,035,31185,10077,10043,1010,11053,65
2022-11-16,Los Angeles,037,10098052,3330589,3320411,189448,3509859,33830
2022-11-16,Madera,039,155013,44449,44373,8429,52802,375
2022-11-16,Marin,041,260295,46217,46115,5432,51547,314
2022-11-16,Mariposa,043,17540,3144,3138,378,3516,32
2022-11-16,Mendocino,045,87422,16231,16205,4641,20846,136
2022-11-16,Merced,047,269075,73258,73022,12084,85106,875
2022-11-16,Modoc,049,8938,889,889,342,1231,11
2022-11-16,Mono,051,14174,3229,3226,275,3501,8
2022-11-16,Monterey,053,433212,95112,94949,21780,116729,773
2022-11-16,Napa,055,140530,32683,32610,1443,34053,161
2022-11-16,Nevada,057,99092,19293,19238,2031,21269,132
2022-11-16,Orange,059,3164182,676229,674980,66131,741111,7553
2022-11-16,Placer,061,380077,77210,76976,9807,86783,662
2022-11-16,Plumas,063,18699,3730,3729,445,4174,13
2022-11-16,Riverside,065,2383286,703625,702343,36592,738935,6686
2022-11-16,Sacramento,067,1510023,353146,352117,35075,387192,3362
2022-11-16,San Benito,069,59416,16524,16410,1023,17433,108
2022-11-16,San Bernardino,071,2135413,679018,677641,31866,709507,8131
2022-11-16,San Diego,073,3302833,937786,935811,73733,1009544,5557
2022-11-16,San Francisco,075,870044,183314,182855,12448,195303,1074
2022-11-16,San Joaquin,077,732212,200527,199682,15424,215106,2341
2022-11-16,San Luis Obispo,079,281455,63917,63812,7434,71246,530
2022-11-16,San Mateo,081,765935,172269,171862,10875,182737,748
2022-11-16,Santa Barbara,083,443738,107053,106885,7130,114015,733
2022-11-16,Santa Clara,085,1922200,445982,440104,19816,459920,2541
2022-11-16,Santa Cruz,087,273765,64772,64515,3606,68121,276
2022-11-16,Shasta,089,179085,35450,35346,7888,43234,595
2022-11-16,Sierra,091,2930,307,308,61,369,5
2022-11-16,Siskiyou,093,43540,5246,5364,3378,8742,95
2022-11-16,Solano,095,438530,107214,106903,8093,114996,469
2022-11-16,Sonoma,097,501317,108544,108386,5502,113888,527
2022-11-16,Stanislaus,099,539301,139561,139293,21948,161241,1785
2022-11-16,Sutter,101,95872,24677,24642,2491,27133,234
2022-11-16,Tehama,103,63373,13842,13784,3217,17001,216
2022-11-16,Trinity,105,12862,1429,1422,442,1864,20
2022-11-16,Tulare,107,460477,122818,122707,37453,160160,1545
2022-11-16,Tuolumne,109,53932,15848,15805,968,16773,209
2022-11-16,Ventura,111,848112,211402,210938,16438,227376,1586
2022-11-16,Yolo,113,214977,48057,48092,4633,52725,355
2022-11-16,Yuba,115,75493,19194,19157,1765,20922,132
2022-11-15,Alameda,001,1643700,355262,354457,20499,374956,2054
2022-11-15,Alpine,003,1148,137,136,2,138,0
2022-11-15,Amador,005,37829,10115,10108,944,11052,95
2022-11-15,Butte,007,227075,40078,40058,9343,49401,461
2022-11-15,Calaveras,009,45235,8629,8612,585,9197,135
2022-11-15,Colusa,011,21464,3831,3828,1305,5133,22
2022-11-15,Contra Costa,013,1133247,256146,254944,21356,276300,1479
2022-11-15,Del Norte,015,27424,7490,7492,411,7903,56
2022-11-15,El Dorado,017,186661,32934,32903,4387,37290,233
2022-11-15,Fresno,019,978130,278348,277735,32225,309960,2888
2022-11-15,Glenn,021,27897,5615,5591,1899,7490,50
2022-11-15,Humboldt,023,135768,22287,22254,5322,27576,160
2022-11-15,Imperial,025,180216,66555,66473,16711,83184,960
2022-11-15,Inyo,027,18085,4543,4530,1070,5600,60
2022-11-15,Kern,029,883053,221526,221145,66092,287237,2430
2022-11-15,Kings,031,150075,60269,60156,4228,64384,462
2022-11-15,Lake,033,64148,13001,12978,1260,14238,149
2022-11-15,Lassen,035,31185,10070,10043,1009,11052,65
2022-11-15,Los Angeles,037,10098052,3328727,3320411,189183,3509594,33830
2022-11-15,Madera,039,155013,44430,44373,8425,52798,375
2022-11-15,Marin,041,260295,46194,46115,5429,51544,314
2022-11-15,Mariposa,043,17540,3143,3138,376,3514,32
2022-11-15,Mendocino,045,87422,16226,16205,4637,20842,136
2022-11-15,Merced,047,269075,73230,73022,12075,85097,875
2022-11-15,Modoc,049,8938,888,889,342,1231,11
2022-11-15,Mono,051,14174,3229,3226,275,3501,8
2022-11-15,Monterey,053,433212,95081,94949,21750,116699,773
2022-11-15,Napa,055,140530,32660,32610,1442,34052,161
2022-11-15,Nevada,057,99092,19280,19238,2025,21263,132
2022-11-15,Orange,059,3164182,675884,674980,66008,740988,7553
2022-11-15,Placer,061,380077,77164,76976,9801,86777,662
2022-11-15,Plumas,063,18699,3729,3729,445,4174,13
2022-11-15,Riverside,065,2383286,703305,702343,36540,738883,6686
2022-11-15,Sacramento,067,1510023,352902,352117,35040,387157,3362
2022-11-15,San Benito,069,59416,16521,16410,1023,17433,108
2022-11-15,San Bernardino,071,2135413,678747,677641,31834,709475,8131
2022-11-15,San Diego,073,3302833,937314,935811,73679,1009490,5557
2022-11-15,San Francisco,075,870044,183189,182855,12434,195289,1074
2022-11-15,San Joaquin,077,732212,200412,199682,15410,215092,2341
2022-11-15,San Luis Obispo,079,281455,63885,63812,7428,71240,530
2022-11-15,San Mateo,081,765935,172158,171862,10870,182732,748
2022-11-15,Santa Barbara,083,443738,107010,106885,7125,114010,733
2022-11-15,Santa Clara,085,1922200,445665,440104,19800,459904,2541
2022-11-15,Santa Cruz,087,273765,64734,64515,3602,68117,276
2022-11-15,Shasta,089,179085,35438,35346,7874,43220,595
2022-11-15,Sierra,091,2930,307,308,61,369,5
2022-11-15,Siskiyou,093,43540,5242,5364,3378,8742,95
2022-11-15,Solano,095,438530,107131,106903,8087,114990,469
2022-11-15,Sonoma,097,501317,108501,108386,5494,113880,527
2022-11-15,Stanislaus,099,539301,139493,139293,21920,161213,1785
2022-11-15,Sutter,101,95872,24668,24642,2489,27131,234
2022-11-15,Tehama,103,63373,13829,13784,3212,16996,216
2022-11-15,Trinity,105,12862,1428,1422,442,1864,20
2022-11-15,Tulare,107,460477,122747,122707,37408,160115,1545
2022-11-15,Tuolumne,109,53932,15843,15805,967,16772,209
2022-11-15,Ventura,111,848112,211292,210938,16424,227362,1586
2022-11-15,Yolo,113,214977,48034,48092,4626,52718,355
2022-11-15,Yuba,115,75493,19184,19157,1763,20920,132
2022-11-14,Alameda,001,1643700,354987,352725,20469,373194,2050
2022-11-14,Alpine,003,1148,137,136,2,138,0
2022-11-14,Amador,005,37829,10115,10080,944,11024,95
2022-11-14,Butte,007,227075,40053,39935,9336,49271,461
2022-11-14,Calaveras,009,45235,8623,8590,585,9175,135
2022-11-14,Colusa,011,21464,3831,3822,1304,5126,22
2022-11-14,Contra Costa,013,1133247,256000,253870,21347,275217,1469
2022-11-14,Del Norte,015,27424,7489,7472,411,7883,56
2022-11-14,El Dorado,017,186661,32914,32713,4386,37099,232
2022-11-14,Fresno,019,978130,278203,276921,32194,309115,2887
2022-11-14,Glenn,021,27897,5613,5570,1898,7468,48
2022-11-14,Humboldt,023,135768,22271,22176,5311,27487,160
2022-11-14,Imperial,025,180216,66510,66182,16669,82851,960
2022-11-14,Inyo,027,18085,4541,4520,1065,5585,60
2022-11-14,Kern,029,883053,221453,220676,66038,286714,2430
2022-11-14,Kings,031,150075,60197,59955,4222,64177,461
2022-11-14,Lake,033,64148,12994,12931,1256,14187,149
2022-11-14,Lassen,035,31185,10056,10019,1008,11027,65
2022-11-14,Los Angeles,037,10098052,3326963,3311644,188877,3500521,33784
2022-11-14,Madera,039,155013,44413,44281,8422,52703,375
2022-11-14,Marin,041,260295,46165,45924,5427,51351,314
2022-11-14,Mariposa,043,17540,3143,3124,376,3500,32
2022-11-14,Mendocino,045,87422,16216,16164,4633,20797,136
2022-11-14,Merced,047,269075,73203,72817,12066,84883,870
2022-11-14,Modoc,049,8938,888,887,335,1222,11
2022-11-14,Mono,051,14174,3229,3218,275,3493,8
2022-11-14,Monterey,053,433212,95044,94708,21721,116429,772
2022-11-14,Napa,055,140530,32639,32510,1440,33950,162
2022-11-14,Nevada,057,99092,19272,19171,2019,21190,132
2022-11-14,Orange,059,3164182,675595,673328,65894,739222,7546
2022-11-14,Placer,061,380077,77104,76490,9792,86282,662
2022-11-14,Plumas,063,18699,3729,3723,445,4168,13
2022-11-14,Riverside,065,2383286,702967,700602,36479,737081,6660
2022-11-14,Sacramento,067,1510023,352660,350522,35010,385532,3358
2022-11-14,San Benito,069,59416,16512,16350,1022,17372,108
2022-11-14,San Bernardino,071,2135413,678365,676086,31785,707871,8126
2022-11-14,San Diego,073,3302833,936729,933599,73621,1007220,5538
2022-11-14,San Francisco,075,870044,183043,181964,12424,194388,1072
2022-11-14,San Joaquin,077,732212,200298,199089,15395,214484,2340
2022-11-14,San Luis Obispo,079,281455,63856,63683,7425,71108,525
2022-11-14,San Mateo,081,765935,172019,171191,10860,182051,748
2022-11-14,Santa Barbara,083,443738,106951,106642,7124,113766,733
2022-11-14,Santa Clara,085,1922200,445337,438278,19773,458051,2535
2022-11-14,Santa Cruz,087,273765,64678,64221,3598,67819,274
2022-11-14,Shasta,089,179085,35417,35246,7861,43107,594
2022-11-14,Sierra,091,2930,307,309,61,370,5
2022-11-14,Siskiyou,093,43540,5239,5337,3377,8714,94
2022-11-14,Solano,095,438530,107061,106391,8081,114472,468
2022-11-14,Sonoma,097,501317,108448,108080,5486,113566,525
2022-11-14,Stanislaus,099,539301,139439,138963,21911,160874,1785
2022-11-14,Sutter,101,95872,24646,24537,2489,27026,235
2022-11-14,Tehama,103,63373,13817,13745,3209,16954,216
2022-11-14,Trinity,105,12862,1427,1414,440,1854,20
2022-11-14,Tulare,107,460477,122669,122447,37375,159822,1544
2022-11-14,Tuolumne,109,53932,15827,15727,965,16692,201
2022-11-14,Ventura,111,848112,211184,210439,16404,226843,1585
2022-11-14,Yolo,113,214977,48019,47953,4623,52576,354
2022-11-14,Yuba,115,75493,19175,19098,1763,20861,132
2022-11-13,Alameda,001,1643700,354675,352725,20444,373169,2050
2022-11-13,Alpine,003,1148,136,136,2,138,0
2022-11-13,Amador,005,37829,10112,10080,943,11023,95
2022-11-13,Butte,007,227075,40026,39935,9327,49262,461
2022-11-13,Calaveras,009,45235,8620,8590,582,9172,135
2022-11-13,Colusa,011,21464,3829,3822,1302,5124,22
2022-11-13,Contra Costa,013,1133247,255817,253870,21327,275197,1469
2022-11-13,Del Norte,015,27424,7486,7472,411,7883,56
2022-11-13,El Dorado,017,186661,32891,32713,4384,37097,232
2022-11-13,Fresno,019,978130,278022,276921,32161,309082,2887
2022-11-13,Glenn,021,27897,5605,5570,1898,7468,48
2022-11-13,Humboldt,023,135768,22255,22176,5303,27479,160
2022-11-13,Imperial,025,180216,66449,66182,16620,82802,960
2022-11-13,Inyo,027,18085,4536,4520,1064,5584,60
2022-11-13,Kern,029,883053,221341,220676,65958,286634,2430
2022-11-13,Kings,031,150075,60157,59955,4205,64160,461
2022-11-13,Lake,033,64148,12973,12931,1255,14186,149
2022-11-13,Lassen,035,31185,10040,10019,1008,11027,65
2022-11-13,Los Angeles,037,10098052,3325025,3311644,188603,3500247,33784
2022-11-13,Madera,039,155013,44396,44281,8409,52690,375
2022-11-13,Marin,041,260295,46132,45924,5426,51350,314
2022-11-13,Mariposa,043,17540,3140,3124,376,3500,32
2022-11-13,Mendocino,045,87422,16207,16164,4621,20785,136
2022-11-13,Merced,047,269075,73165,72817,12054,84871,870
2022-11-13,Modoc,049,8938,888,887,332,1219,11
2022-11-13,Mono,051,14174,3229,3218,275,3493,8
2022-11-13,Monterey,053,433212,95000,94708,21686,116394,772
2022-11-13,Napa,055,140530,32621,32510,1439,33949,162
2022-11-13,Nevada,057,99092,19251,19171,2005,21176,132
2022-11-13,Orange,059,3164182,675257,673328,65753,739081,7546
2022-11-13,Placer,061,380077,77038,76490,9790,86280,662
2022-11-13,Plumas,063,18699,3728,3723,445,4168,13
2022-11-13,Riverside,065,2383286,702582,700602,36415,737017,6660
2022-11-13,Sacramento,067,1510023,352412,350522,34964,385486,3358
2022-11-13,San Benito,069,59416,16503,16350,1021,17371,108
2022-11-13,San Bernardino,071,2135413,677972,676086,31746,707832,8126
2022-11-13,San Diego,073,3302833,936149,933599,73561,1007160,5538
2022-11-13,San Francisco,075,870044,182906,181964,12412,194376,1072
2022-11-13,San Joaquin,077,732212,200154,199089,15379,214468,2340
2022-11-13,San Luis Obispo,079,281455,63837,63683,7422,71105,525
2022-11-13,San Mateo,081,765935,171889,171191,10855,182046,748
2022-11-13,Santa Barbara,083,443738,106890,106642,7113,113755,733
2022-11-13,Santa Clara,085,1922200,444968,438278,19752,458030,2535
2022-11-13,Santa Cruz,087,273765,64614,64221,3595,67816,274
2022-11-13,Shasta,089,179085,35395,35246,7850,43096,594
2022-11-13,Sierra,091,2930,307,309,61,370,5
2022-11-13,Siskiyou,093,43540,5232,5337,3375,8712,94
2022-11-13,Solano,095,438530,106969,106391,8077,114468,468
2022-11-13,Sonoma,097,501317,108395,108080,5481,113561,525
2022-11-13,Stanislaus,099,539301,139377,138963,21903,160866,1785
2022-11-13,Sutter,101,95872,24633,24537,2487,27024,235
2022-11-13,Tehama,103,63373,13800,13745,3205,16950,216
2022-11-13,Trinity,105,12862,1426,1414,438,1852,20
2022-11-13,Tulare,107,460477,122603,122447,37335,159782,1544
2022-11-13,Tuolumne,109,53932,15816,15727,965,16692,201
2022-11-13,Ventura,111,848112,211072,210439,16387,226826,1585
2022-11-13,Yolo,113,214977,47991,47953,4621,52574,354
2022-11-13,Yuba,115,75493,19161,19098,1761,20859,132
2022-11-12,Alameda,001,1643700,354530,352725,20429,373154,2050
2022-11-12,Alpine,003,1148,136,136,2,138,0
2022-11-12,Amador,005,37829,10111,10080,943,11023,95
2022-11-12,Butte,007,227075,40014,39935,9317,49252,461
2022-11-12,Calaveras,009,45235,8615,8590,580,9170,135
2022-11-12,Colusa,011,21464,3828,3822,1301,5123,22
2022-11-12,Contra Costa,013,1133247,255698,253870,21324,275194,1469
2022-11-12,Del Norte,015,27424,7485,7472,411,7883,56
2022-11-12,El Dorado,017,186661,32874,32713,4382,37095,232
2022-11-12,Fresno,019,978130,277957,276921,32151,309072,2887
2022-11-12,Glenn,021,27897,5601,5570,1898,7468,48
2022-11-12,Humboldt,023,135768,22244,22176,5297,27473,160
2022-11-12,Imperial,025,180216,66436,66182,16608,82790,960
2022-11-12,Inyo,027,18085,4535,4520,1063,5583,60
2022-11-12,Kern,029,883053,221300,220676,65933,286609,2430
2022-11-12,Kings,031,150075,60125,59955,4200,64155,461
2022-11-12,Lake,033,64148,12968,12931,1255,14186,149
2022-11-12,Lassen,035,31185,10035,10019,1008,11027,65
2022-11-12,Los Angeles,037,10098052,3324060,3311644,188437,3500081,33784
2022-11-12,Madera,039,155013,44386,44281,8409,52690,375
2022-11-12,Marin,041,260295,46116,45924,5425,51349,314
2022-11-12,Mariposa,043,17540,3139,3124,376,3500,32
2022-11-12,Mendocino,045,87422,16203,16164,4621,20785,136
2022-11-12,Merced,047,269075,73148,72817,12051,84868,870
2022-11-12,Modoc,049,8938,888,887,332,1219,11
2022-11-12,Mono,051,14174,3228,3218,275,3493,8
2022-11-12,Monterey,053,433212,94972,94708,21661,116369,772
2022-11-12,Napa,055,140530,32609,32510,1439,33949,162
2022-11-12,Nevada,057,99092,19242,19171,2004,21175,132
2022-11-12,Orange,059,3164182,675100,673328,65678,739006,7546
2022-11-12,Placer,061,380077,76992,76490,9785,86275,662
2022-11-12,Plumas,063,18699,3728,3723,445,4168,13
2022-11-12,Riverside,065,2383286,702403,700602,36377,736979,6660
2022-11-12,Sacramento,067,1510023,352305,350522,34953,385475,3358
2022-11-12,San Benito,069,59416,16500,16350,1020,17370,108
2022-11-12,San Bernardino,071,2135413,677758,676086,31724,707810,8126
2022-11-12,San Diego,073,3302833,935907,933599,73529,1007128,5538
2022-11-12,San Francisco,075,870044,182842,181964,12403,194367,1072
2022-11-12,San Joaquin,077,732212,200096,199089,15370,214459,2340
2022-11-12,San Luis Obispo,079,281455,63823,63683,7419,71102,525
2022-11-12,San Mateo,081,765935,171824,171191,10846,182037,748
2022-11-12,Santa Barbara,083,443738,106871,106642,7108,113750,733
2022-11-12,Santa Clara,085,1922200,444770,438278,19736,458014,2535
2022-11-12,Santa Cruz,087,273765,64603,64221,3590,67811,274
2022-11-12,Shasta,089,179085,35382,35246,7846,43092,594
2022-11-12,Sierra,091,2930,307,309,61,370,5
2022-11-12,Siskiyou,093,43540,5227,5337,3374,8711,94
2022-11-12,Solano,095,438530,106936,106391,8072,114463,468
2022-11-12,Sonoma,097,501317,108374,108080,5476,113556,525
2022-11-12,Stanislaus,099,539301,139338,138963,21900,160863,1785
2022-11-12,Sutter,101,95872,24623,24537,2487,27024,235
2022-11-12,Tehama,103,63373,13795,13745,3197,16942,216
2022-11-12,Trinity,105,12862,1425,1414,437,1851,20
2022-11-12,Tulare,107,460477,122570,122447,37317,159764,1544
2022-11-12,Tuolumne,109,53932,15809,15727,961,16688,201
2022-11-12,Ventura,111,848112,210998,210439,16375,226814,1585
2022-11-12,Yolo,113,214977,47966,47953,4618,52571,354
2022-11-12,Yuba,115,75493,19154,19098,1759,20857,132
2022-11-11,Alameda,001,1643700,354387,352725,20417,373142,2050
2022-11-11,Alpine,003,1148,136,136,2,138,0
2022-11-11,Amador,005,37829,10103,10080,943,11023,95
2022-11-11,Butte,007,227075,40006,39935,9311,49246,461
2022-11-11,Calaveras,009,45235,8612,8590,580,9170,135
2022-11-11,Colusa,011,21464,3823,3822,1300,5122,22
2022-11-11,Contra Costa,013,1133247,255598,253870,21315,275185,1469
2022-11-11,Del Norte,015,27424,7480,7472,411,7883,56
2022-11-11,El Dorado,017,186661,32860,32713,4379,37092,232
2022-11-11,Fresno,019,978130,277882,276921,32135,309056,2887
2022-11-11,Glenn,021,27897,5599,5570,1898,7468,48
2022-11-11,Humboldt,023,135768,22232,22176,5293,27469,160
2022-11-11,Imperial,025,180216,66419,66182,16594,82776,960
2022-11-11,Inyo,027,18085,4534,4520,1060,5580,60
2022-11-11,Kern,029,883053,221260,220676,65892,286568,2430
2022-11-11,Kings,031,150075,60110,59955,4194,64149,461
2022-11-11,Lake,033,64148,12966,12931,1254,14185,149
2022-11-11,Lassen,035,31185,10033,10019,1008,11027,65
2022-11-11,Los Angeles,037,10098052,3323118,3311644,188270,3499914,33784
2022-11-11,Madera,039,155013,44371,44281,8401,52682,375
2022-11-11,Marin,041,260295,46091,45924,5423,51347,314
2022-11-11,Mariposa,043,17540,3137,3124,376,3500,32
2022-11-11,Mendocino,045,87422,16199,16164,4621,20785,136
2022-11-11,Merced,047,269075,73128,72817,12048,84865,870
2022-11-11,Modoc,049,8938,887,887,332,1219,11
2022-11-11,Mono,051,14174,3227,3218,275,3493,8
2022-11-11,Monterey,053,433212,94957,94708,21645,116353,772
2022-11-11,Napa,055,140530,32599,32510,1438,33948,162
2022-11-11,Nevada,057,99092,19234,19171,2004,21175,132
2022-11-11,Orange,059,3164182,674940,673328,65615,738943,7546
2022-11-11,Placer,061,380077,76967,76490,9782,86272,662
2022-11-11,Plumas,063,18699,3728,3723,445,4168,13
2022-11-11,Riverside,065,2383286,702243,700602,36350,736952,6660
2022-11-11,Sacramento,067,1510023,352186,350522,34944,385466,3358
2022-11-11,San Benito,069,59416,16497,16350,1020,17370,108
2022-11-11,San Bernardino,071,2135413,677572,676086,31707,707793,8126
2022-11-11,San Diego,073,3302833,935626,933599,73508,1007107,5538
2022-11-11,San Francisco,075,870044,182771,181964,12389,194353,1072
2022-11-11,San Joaquin,077,732212,200029,199089,15363,214452,2340
2022-11-11,San Luis Obispo,079,281455,63814,63683,7418,71101,525
2022-11-11,San Mateo,081,765935,171758,171191,10842,182033,748
2022-11-11,Santa Barbara,083,443738,106860,106642,7106,113748,733
2022-11-11,Santa Clara,085,1922200,444596,438278,19730,458008,2535
2022-11-11,Santa Cruz,087,273765,64574,64221,3589,67810,274
2022-11-11,Shasta,089,179085,35372,35246,7842,43088,594
2022-11-11,Sierra,091,2930,307,309,61,370,5
2022-11-11,Siskiyou,093,43540,5226,5337,3374,8711,94
2022-11-11,Solano,095,438530,106908,106391,8070,114461,468
2022-11-11,Sonoma,097,501317,108346,108080,5472,113552,525
2022-11-11,Stanislaus,099,539301,139298,138963,21893,160856,1785
2022-11-11,Sutter,101,95872,24615,24537,2487,27024,235
2022-11-11,Tehama,103,63373,13787,13745,3195,16940,216
2022-11-11,Trinity,105,12862,1422,1414,437,1851,20
2022-11-11,Tulare,107,460477,122540,122447,37296,159743,1544
2022-11-11,Tuolumne,109,53932,15799,15727,961,16688,201
2022-11-11,Ventura,111,848112,210937,210439,16356,226795,1585
2022-11-11,Yolo,113,214977,47954,47953,4618,52571,354
2022-11-11,Yuba,115,75493,19147,19098,1759,20857,132
2022-11-10,Alameda,001,1643700,354203,352725,20405,373130,2050
2022-11-10,Alpine,003,1148,136,136,2,138,0
2022-11-10,Amador,005,37829,10103,10080,943,11023,95
2022-11-10,Butte,007,227075,39993,39935,9307,49242,461
2022-11-10,Calaveras,009,45235,8609,8590,578,9168,135
2022-11-10,Colusa,011,21464,3823,3822,1298,5120,22
2022-11-10,Contra Costa,013,1133247,255481,253870,21308,275178,1469
2022-11-10,Del Norte,015,27424,7480,7472,411,7883,56
2022-11-10,El Dorado,017,186661,32838,32713,4377,37090,232
2022-11-10,Fresno,019,978130,277770,276921,32123,309044,2887
2022-11-10,Glenn,021,27897,5597,5570,1898,7468,48
2022-11-10,Humboldt,023,135768,22226,22176,5289,27465,160
2022-11-10,Imperial,025,180216,66391,66182,16561,82743,960
2022-11-10,Inyo,027,18085,4533,4520,1058,5578,60
2022-11-10,Kern,029,883053,221208,220676,65841,286517,2430
2022-11-10,Kings,031,150075,60092,59955,4192,64147,461
2022-11-10,Lake,033,64148,12964,12931,1253,14184,149
2022-11-10,Lassen,035,31185,10030,10019,1008,11027,65
2022-11-10,Los Angeles,037,10098052,3321853,3311644,188112,3499756,33784
2022-11-10,Madera,039,155013,44357,44281,8395,52676,375
2022-11-10,Marin,041,260295,46069,45924,5423,51347,314
2022-11-10,Mariposa,043,17540,3137,3124,376,3500,32
2022-11-10,Mendocino,045,87422,16192,16164,4620,20784,136
2022-11-10,Merced,047,269075,73113,72817,12046,84863,870
2022-11-10,Modoc,049,8938,886,887,332,1219,11
2022-11-10,Mono,051,14174,3226,3218,275,3493,8
2022-11-10,Monterey,053,433212,94934,94708,21618,116326,772
2022-11-10,Napa,055,140530,32586,32510,1437,33947,162
2022-11-10,Nevada,057,99092,19224,19171,2002,21173,132
2022-11-10,Orange,059,3164182,674743,673328,65543,738871,7546
2022-11-10,Placer,061,380077,76927,76490,9776,86266,662
2022-11-10,Plumas,063,18699,3728,3723,445,4168,13
2022-11-10,Riverside,065,2383286,702071,700602,36309,736911,6660
2022-11-10,Sacramento,067,1510023,352023,350522,34928,385450,3358
2022-11-10,San Benito,069,59416,16496,16350,1020,17370,108
2022-11-10,San Bernardino,071,2135413,677353,676086,31684,707770,8126
2022-11-10,San Diego,073,3302833,935364,933599,73474,1007073,5538
2022-11-10,San Francisco,075,870044,182667,181964,12379,194343,1072
2022-11-10,San Joaquin,077,732212,199952,199089,15354,214443,2340
2022-11-10,San Luis Obispo,079,281455,63799,63683,7416,71099,525
2022-11-10,San Mateo,081,765935,171674,171191,10836,182027,748
2022-11-10,Santa Barbara,083,443738,106842,106642,7100,113742,733
2022-11-10,Santa Clara,085,1922200,444354,438278,19708,457986,2535
2022-11-10,Santa Cruz,087,273765,64544,64221,3584,67805,274
2022-11-10,Shasta,089,179085,35360,35246,7838,43084,594
2022-11-10,Sierra,091,2930,307,309,61,370,5
2022-11-10,Siskiyou,093,43540,5223,5337,3373,8710,94
2022-11-10,Solano,095,438530,106849,106391,8067,114458,468
2022-11-10,Sonoma,097,501317,108313,108080,5470,113550,525
2022-11-10,Stanislaus,099,539301,139253,138963,21890,160853,1785
2022-11-10,Sutter,101,95872,24601,24537,2487,27024,235
2022-11-10,Tehama,103,63373,13786,13745,3192,16937,216
2022-11-10,Trinity,105,12862,1422,1414,437,1851,20
2022-11-10,Tulare,107,460477,122486,122447,37254,159701,1544
2022-11-10,Tuolumne,109,53932,15790,15727,960,16687,201
2022-11-10,Ventura,111,848112,210842,210439,16342,226781,1585
2022-11-10,Yolo,113,214977,47939,47953,4617,52570,354
2022-11-10,Yuba,115,75493,19142,19098,1758,20856,132
2022-11-09,Alameda,001,1643700,353982,352725,20376,373101,2050
2022-11-09,Alpine,003,1148,136,136,2,138,0
2022-11-09,Amador,005,37829,10101,10080,943,11023,95
2022-11-09,Butte,007,227075,39970,39935,9297,49232,461
2022-11-09,Calaveras,009,45235,8603,8590,576,9166,135
2022-11-09,Colusa,011,21464,3822,3822,1295,5117,22
2022-11-09,Contra Costa,013,1133247,255348,253870,21297,275167,1469
2022-11-09,Del Norte,015,27424,7479,7472,411,7883,56
2022-11-09,El Dorado,017,186661,32813,32713,4375,37088,232
2022-11-09,Fresno,019,978130,277664,276921,32110,309031,2887
2022-11-09,Glenn,021,27897,5596,5570,1898,7468,48
2022-11-09,Humboldt,023,135768,22215,22176,5284,27460,160
2022-11-09,Imperial,025,180216,66354,66182,16514,82696,960
2022-11-09,Inyo,027,18085,4532,4520,1054,5574,60
2022-11-09,Kern,029,883053,221141,220676,65781,286457,2430
2022-11-09,Kings,031,150075,60047,59955,4187,64142,461
2022-11-09,Lake,033,64148,12959,12931,1249,14180,149
2022-11-09,Lassen,035,31185,10027,10019,1008,11027,65
2022-11-09,Los Angeles,037,10098052,3320390,3311644,187932,3499576,33784
2022-11-09,Madera,039,155013,44344,44281,8393,52674,375
2022-11-09,Marin,041,260295,46050,45924,5417,51341,314
2022-11-09,Mariposa,043,17540,3136,3124,375,3499,32
2022-11-09,Mendocino,045,87422,16189,16164,4617,20781,136
2022-11-09,Merced,047,269075,73087,72817,12040,84857,870
2022-11-09,Modoc,049,8938,886,887,332,1219,11
2022-11-09,Mono,051,14174,3225,3218,274,3492,8
2022-11-09,Monterey,053,433212,94902,94708,21600,116308,772
2022-11-09,Napa,055,140530,32567,32510,1436,33946,162
2022-11-09,Nevada,057,99092,19220,19171,1996,21167,132
2022-11-09,Orange,059,3164182,674511,673328,65438,738766,7546
2022-11-09,Placer,061,380077,76883,76490,9770,86260,662
2022-11-09,Plumas,063,18699,3725,3723,445,4168,13
2022-11-09,Riverside,065,2383286,701834,700602,36285,736887,6660
2022-11-09,Sacramento,067,1510023,351856,350522,34890,385412,3358
2022-11-09,San Benito,069,59416,16489,16350,1018,17368,108
2022-11-09,San Bernardino,071,2135413,677101,676086,31666,707752,8126
2022-11-09,San Diego,073,3302833,935042,933599,73418,1007017,5538
2022-11-09,San Francisco,075,870044,182571,181964,12373,194337,1072
2022-11-09,San Joaquin,077,732212,199866,199089,15341,214430,2340
2022-11-09,San Luis Obispo,079,281455,63782,63683,7408,71091,525
2022-11-09,San Mateo,081,765935,171571,171191,10833,182024,748
2022-11-09,Santa Barbara,083,443738,106820,106642,7096,113738,733
2022-11-09,Santa Clara,085,1922200,444116,438278,19694,457972,2535
2022-11-09,Santa Cruz,087,273765,64513,64221,3582,67803,274
2022-11-09,Shasta,089,179085,35350,35246,7829,43075,594
2022-11-09,Sierra,091,2930,307,309,61,370,5
2022-11-09,Siskiyou,093,43540,5222,5337,3372,8709,94
2022-11-09,Solano,095,438530,106792,106391,8061,114452,468
2022-11-09,Sonoma,097,501317,108266,108080,5465,113545,525
2022-11-09,Stanislaus,099,539301,139212,138963,21876,160839,1785
2022-11-09,Sutter,101,95872,24587,24537,2485,27022,235
2022-11-09,Tehama,103,63373,13779,13745,3189,16934,216
2022-11-09,Trinity,105,12862,1419,1414,434,1848,20
2022-11-09,Tulare,107,460477,122449,122447,37229,159676,1544
2022-11-09,Tuolumne,109,53932,15777,15727,959,16686,201
2022-11-09,Ventura,111,848112,210769,210439,16318,226757,1585
2022-11-09,Yolo,113,214977,47917,47953,4615,52568,354
2022-11-09,Yuba,115,75493,19133,19098,1752,20850,132
2022-11-08,Alameda,001,1643700,353778,352725,20349,373074,2050
2022-11-08,Alpine,003,1148,136,136,2,138,0
2022-11-08,Amador,005,37829,10099,10080,943,11023,95
2022-11-08,Butte,007,227075,39952,39935,9289,49224,461
2022-11-08,Calaveras,009,45235,8600,8590,576,9166,135
2022-11-08,Colusa,011,21464,3821,3822,1295,5117,22
2022-11-08,Contra Costa,013,1133247,255221,253870,21278,275148,1469
2022-11-08,Del Norte,015,27424,7475,7472,408,7880,56
2022-11-08,El Dorado,017,186661,32790,32713,4373,37086,232
2022-11-08,Fresno,019,978130,277563,276921,32094,309015,2887
2022-11-08,Glenn,021,27897,5595,5570,1898,7468,48
2022-11-08,Humboldt,023,135768,22208,22176,5276,27452,160
2022-11-08,Imperial,025,180216,66302,66182,16455,82637,960
2022-11-08,Inyo,027,18085,4532,4520,1051,5571,60
2022-11-08,Kern,029,883053,221064,220676,65724,286400,2430
2022-11-08,Kings,031,150075,60022,59955,4185,64140,461
2022-11-08,Lake,033,64148,12949,12931,1248,14179,149
2022-11-08,Lassen,035,31185,10025,10019,1007,11026,65
2022-11-08,Los Angeles,037,10098052,3318970,3311644,187732,3499376,33784
2022-11-08,Madera,039,155013,44329,44281,8387,52668,375
2022-11-08,Marin,041,260295,46022,45924,5409,51333,314
2022-11-08,Mariposa,043,17540,3132,3124,374,3498,32
2022-11-08,Mendocino,045,87422,16182,16164,4616,20780,136
2022-11-08,Merced,047,269075,73057,72817,12035,84852,870
2022-11-08,Modoc,049,8938,885,887,332,1219,11
2022-11-08,Mono,051,14174,3221,3218,272,3490,8
2022-11-08,Monterey,053,433212,94872,94708,21591,116299,772
2022-11-08,Napa,055,140530,32555,32510,1435,33945,162
2022-11-08,Nevada,057,99092,19214,19171,1993,21164,132
2022-11-08,Orange,059,3164182,674270,673328,65347,738675,7546
2022-11-08,Placer,061,380077,76840,76490,9764,86254,662
2022-11-08,Plumas,063,18699,3725,3723,445,4168,13
2022-11-08,Riverside,065,2383286,701594,700602,36246,736848,6660
2022-11-08,Sacramento,067,1510023,351667,350522,34851,385373,3358
2022-11-08,San Benito,069,59416,16481,16350,1016,17366,108
2022-11-08,San Bernardino,071,2135413,676867,676086,31626,707712,8126
2022-11-08,San Diego,073,3302833,934632,933599,73378,1006977,5538
2022-11-08,San Francisco,075,870044,182448,181964,12359,194323,1072
2022-11-08,San Joaquin,077,732212,199783,199089,15331,214420,2340
2022-11-08,San Luis Obispo,079,281455,63765,63683,7404,71087,525
2022-11-08,San Mateo,081,765935,171476,171191,10829,182020,748
2022-11-08,Santa Barbara,083,443738,106786,106642,7091,113733,733
2022-11-08,Santa Clara,085,1922200,443857,438278,19675,457953,2535
2022-11-08,Santa Cruz,087,273765,64481,64221,3579,67800,274
2022-11-08,Shasta,089,179085,35329,35246,7813,43059,594
2022-11-08,Sierra,091,2930,307,309,61,370,5
2022-11-08,Siskiyou,093,43540,5221,5337,3368,8705,94
2022-11-08,Solano,095,438530,106722,106391,8054,114445,468
2022-11-08,Sonoma,097,501317,108227,108080,5464,113544,525
2022-11-08,Stanislaus,099,539301,139151,138963,21872,160835,1785
2022-11-08,Sutter,101,95872,24570,24537,2485,27022,235
2022-11-08,Tehama,103,63373,13774,13745,3188,16933,216
2022-11-08,Trinity,105,12862,1417,1414,433,1847,20
2022-11-08,Tulare,107,460477,122400,122447,37198,159645,1544
2022-11-08,Tuolumne,109,53932,15768,15727,959,16686,201
2022-11-08,Ventura,111,848112,210707,210439,16305,226744,1585
2022-11-08,Yolo,113,214977,47897,47953,4609,52562,354
2022-11-08,Yuba,115,75493,19123,19098,1751,20849,132
2022-11-07,Alameda,001,1643700,353542,351524,20327,371851,2044
2022-11-07,Alpine,003,1148,136,136,1,137,0
2022-11-07,Amador,005,37829,10095,10055,942,10997,95
2022-11-07,Butte,007,227075,39935,39852,9281,49133,462
2022-11-07,Calaveras,009,45235,8595,8576,575,9151,135
2022-11-07,Colusa,011,21464,3820,3820,1295,5115,22
2022-11-07,Contra Costa,013,1133247,255079,253122,21261,274383,1463
2022-11-07,Del Norte,015,27424,7472,7469,408,7877,56
2022-11-07,El Dorado,017,186661,32774,32622,4372,36994,231
2022-11-07,Fresno,019,978130,277446,276454,32067,308521,2885
2022-11-07,Glenn,021,27897,5593,5557,1896,7453,48
2022-11-07,Humboldt,023,135768,22192,22115,5262,27377,160
2022-11-07,Imperial,025,180216,66264,66024,16418,82442,960
2022-11-07,Inyo,027,18085,4531,4506,1049,5555,60
2022-11-07,Kern,029,883053,221009,220216,65657,285873,2426
2022-11-07,Kings,031,150075,60001,59856,4178,64034,459
2022-11-07,Lake,033,64148,12941,12898,1248,14146,148
2022-11-07,Lassen,035,31185,10021,10007,1007,11014,65
2022-11-07,Los Angeles,037,10098052,3317606,3304428,187489,3491917,33733
2022-11-07,Madera,039,155013,44321,44229,8382,52611,375
2022-11-07,Marin,041,260295,45995,45806,5409,51215,314
2022-11-07,Mariposa,043,17540,3127,3116,374,3490,32
2022-11-07,Mendocino,045,87422,16181,16130,4612,20742,137
2022-11-07,Merced,047,269075,73025,72727,12025,84752,870
2022-11-07,Modoc,049,8938,885,885,332,1217,11
2022-11-07,Mono,051,14174,3219,3216,272,3488,7
2022-11-07,Monterey,053,433212,94845,94541,21571,116112,770
2022-11-07,Napa,055,140530,32535,32484,1435,33919,161
2022-11-07,Nevada,057,99092,19208,19129,1992,21121,132
2022-11-07,Orange,059,3164182,674046,672253,65264,737517,7520
2022-11-07,Placer,061,380077,76797,76321,9758,86079,662
2022-11-07,Plumas,063,18699,3725,3720,445,4165,13
2022-11-07,Riverside,065,2383286,701332,699360,36211,735571,6660
2022-11-07,Sacramento,067,1510023,351490,349696,34815,384511,3350
2022-11-07,San Benito,069,59416,16473,16324,1015,17339,108
2022-11-07,San Bernardino,071,2135413,676598,674939,31600,706539,8123
2022-11-07,San Diego,073,3302833,934265,931531,73335,1004866,5532
2022-11-07,San Francisco,075,870044,182341,180989,12346,193335,1067
2022-11-07,San Joaquin,077,732212,199701,198717,15317,214034,2336
2022-11-07,San Luis Obispo,079,281455,63746,63599,7400,70999,525
2022-11-07,San Mateo,081,765935,171385,170464,10825,181289,741
2022-11-07,Santa Barbara,083,443738,106766,106478,7086,113564,732
2022-11-07,Santa Clara,085,1922200,443607,436967,19656,456623,2533
2022-11-07,Santa Cruz,087,273765,64432,64070,3578,67648,274
2022-11-07,Shasta,089,179085,35315,35178,7798,42976,594
2022-11-07,Sierra,091,2930,307,308,61,369,5
2022-11-07,Siskiyou,093,43540,5213,5326,3366,8692,94
2022-11-07,Solano,095,438530,106640,106106,8050,114156,468
2022-11-07,Sonoma,097,501317,108190,107907,5462,113369,524
2022-11-07,Stanislaus,099,539301,139113,138715,21856,160571,1785
2022-11-07,Sutter,101,95872,24552,24470,2485,26955,233
2022-11-07,Tehama,103,63373,13769,13707,3183,16890,216
2022-11-07,Trinity,105,12862,1417,1413,433,1846,20
2022-11-07,Tulare,107,460477,122373,122246,37168,159414,1544
2022-11-07,Tuolumne,109,53932,15759,15672,957,16629,196
2022-11-07,Ventura,111,848112,210626,210085,16290,226375,1584
2022-11-07,Yolo,113,214977,47865,47786,4606,52392,353
2022-11-07,Yuba,115,75493,19115,19059,1749,20808,132
2022-11-06,Alameda,001,1643700,353316,351524,20308,371832,2044
2022-11-06,Alpine,003,1148,136,136,1,137,0
2022-11-06,Amador,005,37829,10090,10055,941,10996,95
2022-11-06,Butte,007,227075,39904,39852,9275,49127,462
2022-11-06,Calaveras,009,45235,8591,8576,575,9151,135
2022-11-06,Colusa,011,21464,3820,3820,1295,5115,22
2022-11-06,Contra Costa,013,1133247,254928,253122,21252,274374,1463
2022-11-06,Del Norte,015,27424,7469,7469,408,7877,56
2022-11-06,El Dorado,017,186661,32759,32622,4368,36990,231
2022-11-06,Fresno,019,978130,277315,276454,32041,308495,2885
2022-11-06,Glenn,021,27897,5576,5557,1889,7446,48
2022-11-06,Humboldt,023,135768,22182,22115,5253,27368,160
2022-11-06,Imperial,025,180216,66214,66024,16378,82402,960
2022-11-06,Inyo,027,18085,4529,4506,1047,5553,60
2022-11-06,Kern,029,883053,220907,220216,65600,285816,2426
2022-11-06,Kings,031,150075,59957,59856,4166,64022,459
2022-11-06,Lake,033,64148,12929,12898,1242,14140,148
2022-11-06,Lassen,035,31185,10020,10007,1006,11013,65
2022-11-06,Los Angeles,037,10098052,3315963,3304428,187245,3491673,33733
2022-11-06,Madera,039,155013,44310,44229,8376,52605,375
2022-11-06,Marin,041,260295,45966,45806,5407,51213,314
2022-11-06,Mariposa,043,17540,3126,3116,374,3490,32
2022-11-06,Mendocino,045,87422,16175,16130,4608,20738,137
2022-11-06,Merced,047,269075,72999,72727,12013,84740,870
2022-11-06,Modoc,049,8938,885,885,332,1217,11
2022-11-06,Mono,051,14174,3219,3216,270,3486,7
2022-11-06,Monterey,053,433212,94795,94541,21549,116090,770
2022-11-06,Napa,055,140530,32513,32484,1435,33919,161
2022-11-06,Nevada,057,99092,19193,19129,1978,21107,132
2022-11-06,Orange,059,3164182,673782,672253,65200,737453,7520
2022-11-06,Placer,061,380077,76747,76321,9752,86073,662
2022-11-06,Plumas,063,18699,3725,3720,445,4165,13
2022-11-06,Riverside,065,2383286,701024,699360,36174,735534,6660
2022-11-06,Sacramento,067,1510023,351275,349696,34764,384460,3350
2022-11-06,San Benito,069,59416,16465,16324,1015,17339,108
2022-11-06,San Bernardino,071,2135413,676304,674939,31567,706506,8123
2022-11-06,San Diego,073,3302833,933758,931531,73278,1004809,5532
2022-11-06,San Francisco,075,870044,182207,180989,12333,193322,1067
2022-11-06,San Joaquin,077,732212,199614,198717,15306,214023,2336
2022-11-06,San Luis Obispo,079,281455,63729,63599,7395,70994,525
2022-11-06,San Mateo,081,765935,171285,170464,10817,181281,741
2022-11-06,Santa Barbara,083,443738,106711,106478,7076,113554,732
2022-11-06,Santa Clara,085,1922200,443320,436967,19630,456597,2533
2022-11-06,Santa Cruz,087,273765,64362,64070,3574,67644,274
2022-11-06,Shasta,089,179085,35292,35178,7778,42956,594
2022-11-06,Sierra,091,2930,307,308,61,369,5
2022-11-06,Siskiyou,093,43540,5213,5326,3364,8690,94
2022-11-06,Solano,095,438530,106548,106106,8040,114146,468
2022-11-06,Sonoma,097,501317,108129,107907,5458,113365,524
2022-11-06,Stanislaus,099,539301,139059,138715,21844,160559,1785
2022-11-06,Sutter,101,95872,24534,24470,2482,26952,233
2022-11-06,Tehama,103,63373,13763,13707,3168,16875,216
2022-11-06,Trinity,105,12862,1417,1413,433,1846,20
2022-11-06,Tulare,107,460477,122337,122246,37134,159380,1544
2022-11-06,Tuolumne,109,53932,15749,15672,956,16628,196
2022-11-06,Ventura,111,848112,210545,210085,16262,226347,1584
2022-11-06,Yolo,113,214977,47850,47786,4595,52381,353
2022-11-06,Yuba,115,75493,19107,19059,1748,20807,132
2022-11-05,Alameda,001,1643700,353172,351524,20299,371823,2044
2022-11-05,Alpine,003,1148,136,136,1,137,0
2022-11-05,Amador,005,37829,10088,10055,941,10996,95
2022-11-05,Butte,007,227075,39895,39852,9272,49124,462
2022-11-05,Calaveras,009,45235,8590,8576,575,9151,135
2022-11-05,Colusa,011,21464,3818,3820,1295,5115,22
2022-11-05,Contra Costa,013,1133247,254827,253122,21248,274370,1463
2022-11-05,Del Norte,015,27424,7469,7469,408,7877,56
2022-11-05,El Dorado,017,186661,32743,32622,4364,36986,231
2022-11-05,Fresno,019,978130,277261,276454,32029,308483,2885
2022-11-05,Glenn,021,27897,5574,5557,1888,7445,48
2022-11-05,Humboldt,023,135768,22172,22115,5251,27366,160
2022-11-05,Imperial,025,180216,66190,66024,16366,82390,960
2022-11-05,Inyo,027,18085,4528,4506,1047,5553,60
2022-11-05,Kern,029,883053,220861,220216,65574,285790,2426
2022-11-05,Kings,031,150075,59941,59856,4163,64019,459
2022-11-05,Lake,033,64148,12924,12898,1242,14140,148
2022-11-05,Lassen,035,31185,10020,10007,1006,11013,65
2022-11-05,Los Angeles,037,10098052,3315117,3304428,187107,3491535,33733
2022-11-05,Madera,039,155013,44304,44229,8374,52603,375
2022-11-05,Marin,041,260295,45949,45806,5407,51213,314
2022-11-05,Mariposa,043,17540,3125,3116,374,3490,32
2022-11-05,Mendocino,045,87422,16173,16130,4607,20737,137
2022-11-05,Merced,047,269075,72985,72727,12011,84738,870
2022-11-05,Modoc,049,8938,885,885,332,1217,11
2022-11-05,Mono,051,14174,3219,3216,269,3485,7
2022-11-05,Monterey,053,433212,94770,94541,21539,116080,770
2022-11-05,Napa,055,140530,32509,32484,1434,33918,161
2022-11-05,Nevada,057,99092,19188,19129,1974,21103,132
2022-11-05,Orange,059,3164182,673642,672253,65161,737414,7520
2022-11-05,Placer,061,380077,76706,76321,9748,86069,662
2022-11-05,Plumas,063,18699,3725,3720,444,4164,13
2022-11-05,Riverside,065,2383286,700842,699360,36150,735510,6660
2022-11-05,Sacramento,067,1510023,351158,349696,34747,384443,3350
2022-11-05,San Benito,069,59416,16457,16324,1015,17339,108
2022-11-05,San Bernardino,071,2135413,676159,674939,31557,706496,8123
2022-11-05,San Diego,073,3302833,933567,931531,73261,1004792,5532
2022-11-05,San Francisco,075,870044,182126,180989,12328,193317,1067
2022-11-05,San Joaquin,077,732212,199562,198717,15298,214015,2336
2022-11-05,San Luis Obispo,079,281455,63720,63599,7395,70994,525
2022-11-05,San Mateo,081,765935,171227,170464,10813,181277,741
2022-11-05,Santa Barbara,083,443738,106691,106478,7073,113551,732
2022-11-05,Santa Clara,085,1922200,443125,436967,19614,456581,2533
2022-11-05,Santa Cruz,087,273765,64333,64070,3573,67643,274
2022-11-05,Shasta,089,179085,35283,35178,7769,42947,594
2022-11-05,Sierra,091,2930,307,308,61,369,5
2022-11-05,Siskiyou,093,43540,5212,5326,3362,8688,94
2022-11-05,Solano,095,438530,106520,106106,8039,114145,468
2022-11-05,Sonoma,097,501317,108110,107907,5452,113359,524
2022-11-05,Stanislaus,099,539301,139018,138715,21840,160555,1785
2022-11-05,Sutter,101,95872,24524,24470,2482,26952,233
2022-11-05,Tehama,103,63373,13759,13707,3166,16873,216
2022-11-05,Trinity,105,12862,1417,1413,433,1846,20
2022-11-05,Tulare,107,460477,122321,122246,37113,159359,1544
2022-11-05,Tuolumne,109,53932,15742,15672,955,16627,196
2022-11-05,Ventura,111,848112,210495,210085,16252,226337,1584
2022-11-05,Yolo,113,214977,47837,47786,4590,52376,353
2022-11-05,Yuba,115,75493,19102,19059,1747,20806,132
2022-11-04,Alameda,001,1643700,353030,351524,20282,371806,2044
2022-11-04,Alpine,003,1148,136,136,1,137,0
2022-11-04,Amador,005,37829,10085,10055,941,10996,95
2022-11-04,Butte,007,227075,39886,39852,9267,49119,462
2022-11-04,Calaveras,009,45235,8589,8576,575,9151,135
2022-11-04,Colusa,011,21464,3818,3820,1295,5115,22
2022-11-04,Contra Costa,013,1133247,254733,253122,21244,274366,1463
2022-11-04,Del Norte,015,27424,7469,7469,408,7877,56
2022-11-04,El Dorado,017,186661,32734,32622,4364,36986,231
2022-11-04,Fresno,019,978130,277209,276454,32018,308472,2885
2022-11-04,Glenn,021,27897,5573,5557,1887,7444,48
2022-11-04,Humboldt,023,135768,22165,22115,5249,27364,160
2022-11-04,Imperial,025,180216,66178,66024,16358,82382,960
2022-11-04,Inyo,027,18085,4525,4506,1046,5552,60
2022-11-04,Kern,029,883053,220822,220216,65542,285758,2426
2022-11-04,Kings,031,150075,59926,59856,4157,64013,459
2022-11-04,Lake,033,64148,12917,12898,1242,14140,148
2022-11-04,Lassen,035,31185,10019,10007,1006,11013,65
2022-11-04,Los Angeles,037,10098052,3314299,3304428,186960,3491388,33733
2022-11-04,Madera,039,155013,44297,44229,8373,52602,375
2022-11-04,Marin,041,260295,45933,45806,5406,51212,314
2022-11-04,Mariposa,043,17540,3125,3116,372,3488,32
2022-11-04,Mendocino,045,87422,16169,16130,4604,20734,137
2022-11-04,Merced,047,269075,72976,72727,12011,84738,870
2022-11-04,Modoc,049,8938,885,885,331,1216,11
2022-11-04,Mono,051,14174,3217,3216,269,3485,7
2022-11-04,Monterey,053,433212,94744,94541,21527,116068,770
2022-11-04,Napa,055,140530,32504,32484,1433,33917,161
2022-11-04,Nevada,057,99092,19182,19129,1965,21094,132
2022-11-04,Orange,059,3164182,673535,672253,65118,737371,7520
2022-11-04,Placer,061,380077,76688,76321,9746,86067,662
2022-11-04,Plumas,063,18699,3724,3720,443,4163,13
2022-11-04,Riverside,065,2383286,700669,699360,36117,735477,6660
2022-11-04,Sacramento,067,1510023,351047,349696,34735,384431,3350
2022-11-04,San Benito,069,59416,16453,16324,1014,17338,108
2022-11-04,San Bernardino,071,2135413,676009,674939,31549,706488,8123
2022-11-04,San Diego,073,3302833,933362,931531,73249,1004780,5532
2022-11-04,San Francisco,075,870044,182058,180989,12322,193311,1067
2022-11-04,San Joaquin,077,732212,199512,198717,15292,214009,2336
2022-11-04,San Luis Obispo,079,281455,63708,63599,7393,70992,525
2022-11-04,San Mateo,081,765935,171155,170464,10810,181274,741
2022-11-04,Santa Barbara,083,443738,106670,106478,7071,113549,732
2022-11-04,Santa Clara,085,1922200,442932,436967,19602,456569,2533
2022-11-04,Santa Cruz,087,273765,64306,64070,3573,67643,274
2022-11-04,Shasta,089,179085,35277,35178,7760,42938,594
2022-11-04,Sierra,091,2930,307,308,61,369,5
2022-11-04,Siskiyou,093,43540,5208,5326,3362,8688,94
2022-11-04,Solano,095,438530,106464,106106,8036,114142,468
2022-11-04,Sonoma,097,501317,108087,107907,5451,113358,524
2022-11-04,Stanislaus,099,539301,138991,138715,21837,160552,1785
2022-11-04,Sutter,101,95872,24516,24470,2482,26952,233
2022-11-04,Tehama,103,63373,13754,13707,3155,16862,216
2022-11-04,Trinity,105,12862,1416,1413,433,1846,20
2022-11-04,Tulare,107,460477,122303,122246,37092,159338,1544
2022-11-04,Tuolumne,109,53932,15730,15672,955,16627,196
2022-11-04,Ventura,111,848112,210444,210085,16241,226326,1584
2022-11-04,Yolo,113,214977,47818,47786,4589,52375,353
2022-11-04,Yuba,115,75493,19099,19059,1747,20806,132
2022-11-03,Alameda,001,1643700,352845,351524,20265,371789,2044
2022-11-03,Alpine,003,1148,136,136,1,137,0
2022-11-03,Amador,005,37829,10080,10055,939,10994,95
2022-11-03,Butte,007,227075,39869,39852,9258,49110,462
2022-11-03,Calaveras,009,45235,8588,8576,575,9151,135
2022-11-03,Colusa,011,21464,3818,3820,1295,5115,22
2022-11-03,Contra Costa,013,1133247,254601,253122,21234,274356,1463
2022-11-03,Del Norte,015,27424,7469,7469,407,7876,56
2022-11-03,El Dorado,017,186661,32718,32622,4364,36986,231
2022-11-03,Fresno,019,978130,277134,276454,31998,308452,2885
2022-11-03,Glenn,021,27897,5570,5557,1886,7443,48
2022-11-03,Humboldt,023,135768,22150,22115,5241,27356,160
2022-11-03,Imperial,025,180216,66152,66024,16320,82344,960
2022-11-03,Inyo,027,18085,4523,4506,1045,5551,60
2022-11-03,Kern,029,883053,220775,220216,65496,285712,2426
2022-11-03,Kings,031,150075,59909,59856,4152,64008,459
2022-11-03,Lake,033,64148,12915,12898,1240,14138,148
2022-11-03,Lassen,035,31185,10016,10007,1005,11012,65
2022-11-03,Los Angeles,037,10098052,3313212,3304428,186761,3491189,33733
2022-11-03,Madera,039,155013,44286,44229,8370,52599,375
2022-11-03,Marin,041,260295,45907,45806,5406,51212,314
2022-11-03,Mariposa,043,17540,3122,3116,372,3488,32
2022-11-03,Mendocino,045,87422,16158,16130,4603,20733,137
2022-11-03,Merced,047,269075,72947,72727,12007,84734,870
2022-11-03,Modoc,049,8938,885,885,331,1216,11
2022-11-03,Mono,051,14174,3216,3216,269,3485,7
2022-11-03,Monterey,053,433212,94720,94541,21510,116051,770
2022-11-03,Napa,055,140530,32494,32484,1431,33915,161
2022-11-03,Nevada,057,99092,19172,19129,1963,21092,132
2022-11-03,Orange,059,3164182,673369,672253,65074,737327,7520
2022-11-03,Placer,061,380077,76653,76321,9742,86063,662
2022-11-03,Plumas,063,18699,3724,3720,443,4163,13
2022-11-03,Riverside,065,2383286,700464,699360,36079,735439,6660
2022-11-03,Sacramento,067,1510023,350886,349696,34704,384400,3350
2022-11-03,San Benito,069,59416,16449,16324,1014,17338,108
2022-11-03,San Bernardino,071,2135413,675814,674939,31529,706468,8123
2022-11-03,San Diego,073,3302833,933105,931531,73221,1004752,5532
2022-11-03,San Francisco,075,870044,181953,180989,12317,193306,1067
2022-11-03,San Joaquin,077,732212,199451,198717,15278,213995,2336
2022-11-03,San Luis Obispo,079,281455,63690,63599,7392,70991,525
2022-11-03,San Mateo,081,765935,171058,170464,10809,181273,741
2022-11-03,Santa Barbara,083,443738,106646,106478,7067,113545,732
2022-11-03,Santa Clara,085,1922200,442692,436967,19585,456552,2533
2022-11-03,Santa Cruz,087,273765,64259,64070,3569,67639,274
2022-11-03,Shasta,089,179085,35262,35178,7746,42924,594
2022-11-03,Sierra,091,2930,307,308,61,369,5
2022-11-03,Siskiyou,093,43540,5205,5326,3360,8686,94
2022-11-03,Solano,095,438530,106419,106106,8029,114135,468
2022-11-03,Sonoma,097,501317,108057,107907,5451,113358,524
2022-11-03,Stanislaus,099,539301,138946,138715,21826,160541,1785
2022-11-03,Sutter,101,95872,24507,24470,2481,26951,233
2022-11-03,Tehama,103,63373,13746,13707,3151,16858,216
2022-11-03,Trinity,105,12862,1416,1413,432,1845,20
2022-11-03,Tulare,107,460477,122282,122246,37070,159316,1544
2022-11-03,Tuolumne,109,53932,15724,15672,954,16626,196
2022-11-03,Ventura,111,848112,210389,210085,16227,226312,1584
2022-11-03,Yolo,113,214977,47800,47786,4587,52373,353
2022-11-03,Yuba,115,75493,19092,19059,1747,20806,132
2022-11-02,Alameda,001,1643700,352664,351524,20248,371772,2044
2022-11-02,Alpine,003,1148,136,136,1,137,0
2022-11-02,Amador,005,37829,10070,10055,937,10992,95
2022-11-02,Butte,007,227075,39851,39852,9251,49103,462
2022-11-02,Calaveras,009,45235,8583,8576,575,9151,135
2022-11-02,Colusa,011,21464,3818,3820,1294,5114,22
2022-11-02,Contra Costa,013,1133247,254477,253122,21215,274337,1463
2022-11-02,Del Norte,015,27424,7469,7469,407,7876,56
2022-11-02,El Dorado,017,186661,32704,32622,4361,36983,231
2022-11-02,Fresno,019,978130,277049,276454,31979,308433,2885
2022-11-02,Glenn,021,27897,5566,5557,1884,7441,48
2022-11-02,Humboldt,023,135768,22140,22115,5237,27352,160
2022-11-02,Imperial,025,180216,66120,66024,16300,82324,960
2022-11-02,Inyo,027,18085,4520,4506,1045,5551,60
2022-11-02,Kern,029,883053,220729,220216,65452,285668,2426
2022-11-02,Kings,031,150075,59895,59856,4144,64000,459
2022-11-02,Lake,033,64148,12911,12898,1233,14131,148
2022-11-02,Lassen,035,31185,10014,10007,1004,11011,65
2022-11-02,Los Angeles,037,10098052,3312019,3304428,186568,3490996,33733
2022-11-02,Madera,039,155013,44270,44229,8367,52596,375
2022-11-02,Marin,041,260295,45892,45806,5404,51210,314
2022-11-02,Mariposa,043,17540,3121,3116,372,3488,32
2022-11-02,Mendocino,045,87422,16156,16130,4602,20732,137
2022-11-02,Merced,047,269075,72925,72727,12001,84728,870
2022-11-02,Modoc,049,8938,885,885,329,1214,11
2022-11-02,Mono,051,14174,3216,3216,269,3485,7
2022-11-02,Monterey,053,433212,94695,94541,21499,116040,770
2022-11-02,Napa,055,140530,32484,32484,1431,33915,161
2022-11-02,Nevada,057,99092,19167,19129,1956,21085,132
2022-11-02,Orange,059,3164182,673185,672253,64994,737247,7520
2022-11-02,Placer,061,380077,76616,76321,9736,86057,662
2022-11-02,Plumas,063,18699,3724,3720,443,4163,13
2022-11-02,Riverside,065,2383286,700292,699360,36057,735417,6660
2022-11-02,Sacramento,067,1510023,350711,349696,34671,384367,3350
2022-11-02,San Benito,069,59416,16443,16324,1014,17338,108
2022-11-02,San Bernardino,071,2135413,675624,674939,31501,706440,8123
2022-11-02,San Diego,073,3302833,932774,931531,73187,1004718,5532
2022-11-02,San Francisco,075,870044,181847,180989,12313,193302,1067
2022-11-02,San Joaquin,077,732212,199378,198717,15265,213982,2336
2022-11-02,San Luis Obispo,079,281455,63668,63599,7383,70982,525
2022-11-02,San Mateo,081,765935,170998,170464,10800,181264,741
2022-11-02,Santa Barbara,083,443738,106616,106478,7060,113538,732
2022-11-02,Santa Clara,085,1922200,442478,436967,19573,456540,2533
2022-11-02,Santa Cruz,087,273765,64226,64070,3567,67637,274
2022-11-02,Shasta,089,179085,35251,35178,7733,42911,594
2022-11-02,Sierra,091,2930,307,308,61,369,5
2022-11-02,Siskiyou,093,43540,5204,5326,3353,8679,94
2022-11-02,Solano,095,438530,106371,106106,8023,114129,468
2022-11-02,Sonoma,097,501317,108023,107907,5448,113355,524
2022-11-02,Stanislaus,099,539301,138911,138715,21821,160536,1785
2022-11-02,Sutter,101,95872,24489,24470,2481,26951,233
2022-11-02,Tehama,103,63373,13740,13707,3145,16852,216
2022-11-02,Trinity,105,12862,1416,1413,429,1842,20
2022-11-02,Tulare,107,460477,122259,122246,37054,159300,1544
2022-11-02,Tuolumne,109,53932,15720,15672,954,16626,196
2022-11-02,Ventura,111,848112,210337,210085,16216,226301,1584
2022-11-02,Yolo,113,214977,47780,47786,4585,52371,353
2022-11-02,Yuba,115,75493,19084,19059,1746,20805,132
2022-11-01,Alameda,001,1643700,352469,351524,20229,371753,2044
2022-11-01,Alpine,003,1148,136,136,1,137,0
2022-11-01,Amador,005,37829,10064,10055,936,10991,95
2022-11-01,Butte,007,227075,39836,39852,9242,49094,462
2022-11-01,Calaveras,009,45235,8581,8576,575,9151,135
2022-11-01,Colusa,011,21464,3818,3820,1293,5113,22
2022-11-01,Contra Costa,013,1133247,254366,253122,21204,274326,1463
2022-11-01,Del Norte,015,27424,7469,7469,407,7876,56
2022-11-01,El Dorado,017,186661,32684,32622,4359,36981,231
2022-11-01,Fresno,019,978130,276971,276454,31964,308418,2885
2022-11-01,Glenn,021,27897,5565,5557,1882,7439,48
2022-11-01,Humboldt,023,135768,22127,22115,5231,27346,160
2022-11-01,Imperial,025,180216,66091,66024,16292,82316,960
2022-11-01,Inyo,027,18085,4517,4506,1044,5550,60
2022-11-01,Kern,029,883053,220653,220216,65399,285615,2426
2022-11-01,Kings,031,150075,59875,59856,4141,63997,459
2022-11-01,Lake,033,64148,12907,12898,1230,14128,148
2022-11-01,Lassen,035,31185,10012,10007,1004,11011,65
2022-11-01,Los Angeles,037,10098052,3310789,3304428,186350,3490778,33733
2022-11-01,Madera,039,155013,44257,44229,8357,52586,375
2022-11-01,Marin,041,260295,45872,45806,5402,51208,314
2022-11-01,Mariposa,043,17540,3118,3116,372,3488,32
2022-11-01,Mendocino,045,87422,16153,16130,4595,20725,137
2022-11-01,Merced,047,269075,72904,72727,11992,84719,870
2022-11-01,Modoc,049,8938,884,885,328,1213,11
2022-11-01,Mono,051,14174,3216,3216,268,3484,7
2022-11-01,Monterey,053,433212,94665,94541,21487,116028,770
2022-11-01,Napa,055,140530,32472,32484,1431,33915,161
2022-11-01,Nevada,057,99092,19153,19129,1953,21082,132
2022-11-01,Orange,059,3164182,672996,672253,64904,737157,7520
2022-11-01,Placer,061,380077,76589,76321,9725,86046,662
2022-11-01,Plumas,063,18699,3721,3720,443,4163,13
2022-11-01,Riverside,065,2383286,700071,699360,36025,735385,6660
2022-11-01,Sacramento,067,1510023,350557,349696,34643,384339,3350
2022-11-01,San Benito,069,59416,16436,16324,1013,17337,108
2022-11-01,San Bernardino,071,2135413,675431,674939,31488,706427,8123
2022-11-01,San Diego,073,3302833,932446,931531,73156,1004687,5532
2022-11-01,San Francisco,075,870044,181740,180989,12302,193291,1067
2022-11-01,San Joaquin,077,732212,199304,198717,15260,213977,2336
2022-11-01,San Luis Obispo,079,281455,63648,63599,7378,70977,525
2022-11-01,San Mateo,081,765935,170923,170464,10797,181261,741
2022-11-01,Santa Barbara,083,443738,106582,106478,7054,113532,732
2022-11-01,Santa Clara,085,1922200,442236,436967,19562,456529,2533
2022-11-01,Santa Cruz,087,273765,64195,64070,3566,67636,274
2022-11-01,Shasta,089,179085,35241,35178,7716,42894,594
2022-11-01,Sierra,091,2930,307,308,61,369,5
2022-11-01,Siskiyou,093,43540,5202,5326,3351,8677,94
2022-11-01,Solano,095,438530,106325,106106,8019,114125,468
2022-11-01,Sonoma,097,501317,107987,107907,5443,113350,524
2022-11-01,Stanislaus,099,539301,138863,138715,21810,160525,1785
2022-11-01,Sutter,101,95872,24482,24470,2481,26951,233
2022-11-01,Tehama,103,63373,13733,13707,3139,16846,216
2022-11-01,Trinity,105,12862,1416,1413,429,1842,20
2022-11-01,Tulare,107,460477,122232,122246,37033,159279,1544
2022-11-01,Tuolumne,109,53932,15714,15672,954,16626,196
2022-11-01,Ventura,111,848112,210270,210085,16198,226283,1584
2022-11-01,Yolo,113,214977,47761,47786,4584,52370,353
2022-11-01,Yuba,115,75493,19077,19059,1746,20805,132
2022-10-31,Alameda,001,1643700,352250,350419,20206,370625,2040
2022-10-31,Alpine,003,1148,136,136,1,137,0
2022-10-31,Amador,005,37829,10063,10038,936,10974,94
2022-10-31,Butte,007,227075,39818,39707,9233,48940,457
2022-10-31,Calaveras,009,45235,8579,8561,575,9136,134
2022-10-31,Colusa,011,21464,3818,3813,1291,5104,22
2022-10-31,Contra Costa,013,1133247,254222,252398,21189,273587,1458
2022-10-31,Del Norte,015,27424,7468,7455,407,7862,56
2022-10-31,El Dorado,017,186661,32668,32513,4356,36869,231
2022-10-31,Fresno,019,978130,276864,275924,31942,307866,2885
2022-10-31,Glenn,021,27897,5564,5553,1881,7434,48
2022-10-31,Humboldt,023,135768,22115,22065,5227,27292,160
2022-10-31,Imperial,025,180216,66056,65903,16277,82180,959
2022-10-31,Inyo,027,18085,4512,4500,1044,5544,60
2022-10-31,Kern,029,883053,220556,219943,65348,285291,2425
2022-10-31,Kings,031,150075,59852,59742,4136,63878,459
2022-10-31,Lake,033,64148,12895,12868,1227,14095,148
2022-10-31,Lassen,035,31185,10011,9989,1004,10993,65
2022-10-31,Los Angeles,037,10098052,3309560,3298549,186119,3484668,33679
2022-10-31,Madera,039,155013,44245,44172,8356,52528,375
2022-10-31,Marin,041,260295,45848,45649,5399,51048,314
2022-10-31,Mariposa,043,17540,3115,3107,372,3479,31
2022-10-31,Mendocino,045,87422,16147,16104,4592,20696,153
2022-10-31,Merced,047,269075,72889,72606,11982,84588,870
2022-10-31,Modoc,049,8938,883,884,328,1212,11
2022-10-31,Mono,051,14174,3216,3215,267,3482,7
2022-10-31,Monterey,053,433212,94632,94425,21463,115888,769
2022-10-31,Napa,055,140530,32458,32448,1430,33878,160
2022-10-31,Nevada,057,99092,19150,19094,1953,21047,132
2022-10-31,Orange,059,3164182,672809,671141,64830,735971,7502
2022-10-31,Placer,061,380077,76571,76178,9719,85897,662
2022-10-31,Plumas,063,18699,3720,3705,443,4148,13
2022-10-31,Riverside,065,2383286,699843,698387,35997,734384,6659
2022-10-31,Sacramento,067,1510023,350408,348942,34618,383560,3346
2022-10-31,San Benito,069,59416,16430,16284,1012,17296,108
2022-10-31,San Bernardino,071,2135413,675190,673959,31461,705420,8120
2022-10-31,San Diego,073,3302833,932113,929768,73124,1002892,5524
2022-10-31,San Francisco,075,870044,181629,180409,12298,192707,1066
2022-10-31,San Joaquin,077,732212,199228,198376,15247,213623,2335
2022-10-31,San Luis Obispo,079,281455,63625,63519,7368,70887,525
2022-10-31,San Mateo,081,765935,170824,169941,10793,180734,741
2022-10-31,Santa Barbara,083,443738,106543,106291,7051,113342,729
2022-10-31,Santa Clara,085,1922200,441975,435788,19548,455336,2528
2022-10-31,Santa Cruz,087,273765,64154,63885,3563,67448,274
2022-10-31,Shasta,089,179085,35219,35117,7709,42826,595
2022-10-31,Sierra,091,2930,307,308,61,369,5
2022-10-31,Siskiyou,093,43540,5198,5307,3349,8656,94
2022-10-31,Solano,095,438530,106269,105796,8015,113811,467
2022-10-31,Sonoma,097,501317,107949,107692,5436,113128,524
2022-10-31,Stanislaus,099,539301,138813,138423,21796,160219,1785
2022-10-31,Sutter,101,95872,24467,24425,2481,26906,233
2022-10-31,Tehama,103,63373,13724,13681,3137,16818,210
2022-10-31,Trinity,105,12862,1414,1398,429,1827,20
2022-10-31,Tulare,107,460477,122215,122140,37010,159150,1541
2022-10-31,Tuolumne,109,53932,15680,15658,952,16610,196
2022-10-31,Ventura,111,848112,210196,209746,16184,225930,1582
2022-10-31,Yolo,113,214977,47693,47703,4581,52284,349
2022-10-31,Yuba,115,75493,19069,19009,1746,20755,133
2022-10-30,Alameda,001,1643700,352040,350419,20183,370602,2040
2022-10-30,Alpine,003,1148,136,136,1,137,0
2022-10-30,Amador,005,37829,10058,10038,935,10973,94
2022-10-30,Butte,007,227075,39797,39707,9222,48929,457
2022-10-30,Calaveras,009,45235,8577,8561,575,9136,134
2022-10-30,Colusa,011,21464,3817,3813,1291,5104,22
2022-10-30,Contra Costa,013,1133247,254066,252398,21181,273579,1458
2022-10-30,Del Norte,015,27424,7465,7455,407,7862,56
2022-10-30,El Dorado,017,186661,32658,32513,4353,36866,231
2022-10-30,Fresno,019,978130,276778,275924,31926,307850,2885
2022-10-30,Glenn,021,27897,5556,5553,1881,7434,48
2022-10-30,Humboldt,023,135768,22109,22065,5220,27285,160
2022-10-30,Imperial,025,180216,66032,65903,16252,82155,959
2022-10-30,Inyo,027,18085,4512,4500,1043,5543,60
2022-10-30,Kern,029,883053,220484,219943,65298,285241,2425
2022-10-30,Kings,031,150075,59841,59742,4135,63877,459
2022-10-30,Lake,033,64148,12887,12868,1227,14095,148
2022-10-30,Lassen,035,31185,10006,9989,1004,10993,65
2022-10-30,Los Angeles,037,10098052,3308296,3298549,185880,3484429,33679
2022-10-30,Madera,039,155013,44236,44172,8350,52522,375
2022-10-30,Marin,041,260295,45829,45649,5398,51047,314
2022-10-30,Mariposa,043,17540,3115,3107,372,3479,31
2022-10-30,Mendocino,045,87422,16145,16104,4590,20694,153
2022-10-30,Merced,047,269075,72859,72606,11974,84580,870
2022-10-30,Modoc,049,8938,883,884,328,1212,11
2022-10-30,Mono,051,14174,3215,3215,267,3482,7
2022-10-30,Monterey,053,433212,94603,94425,21451,115876,769
2022-10-30,Napa,055,140530,32443,32448,1428,33876,160
2022-10-30,Nevada,057,99092,19144,19094,1948,21042,132
2022-10-30,Orange,059,3164182,672582,671141,64752,735893,7502
2022-10-30,Placer,061,380077,76552,76178,9716,85894,662
2022-10-30,Plumas,063,18699,3719,3705,443,4148,13
2022-10-30,Riverside,065,2383286,699625,698387,35963,734350,6659
2022-10-30,Sacramento,067,1510023,350277,348942,34584,383526,3346
2022-10-30,San Benito,069,59416,16424,16284,1012,17296,108
2022-10-30,San Bernardino,071,2135413,674998,673959,31437,705396,8120
2022-10-30,San Diego,073,3302833,931757,929768,73066,1002834,5524
2022-10-30,San Francisco,075,870044,181506,180409,12287,192696,1066
2022-10-30,San Joaquin,077,732212,199161,198376,15221,213597,2335
2022-10-30,San Luis Obispo,079,281455,63612,63519,7364,70883,525
2022-10-30,San Mateo,081,765935,170735,169941,10788,180729,741
2022-10-30,Santa Barbara,083,443738,106518,106291,7045,113336,729
2022-10-30,Santa Clara,085,1922200,441741,435788,19540,455328,2528
2022-10-30,Santa Cruz,087,273765,64100,63885,3560,67445,274
2022-10-30,Shasta,089,179085,35206,35117,7704,42821,595
2022-10-30,Sierra,091,2930,307,308,61,369,5
2022-10-30,Siskiyou,093,43540,5196,5307,3348,8655,94
2022-10-30,Solano,095,438530,106209,105796,8013,113809,467
2022-10-30,Sonoma,097,501317,107913,107692,5431,113123,524
2022-10-30,Stanislaus,099,539301,138772,138423,21788,160211,1785
2022-10-30,Sutter,101,95872,24457,24425,2481,26906,233
2022-10-30,Tehama,103,63373,13716,13681,3132,16813,210
2022-10-30,Trinity,105,12862,1414,1398,428,1826,20
2022-10-30,Tulare,107,460477,122182,122140,36989,159129,1541
2022-10-30,Tuolumne,109,53932,15674,15658,951,16609,196
2022-10-30,Ventura,111,848112,210129,209746,16167,225913,1582
2022-10-30,Yolo,113,214977,47669,47703,4573,52276,349
2022-10-30,Yuba,115,75493,19061,19009,1745,20754,133
2022-10-29,Alameda,001,1643700,351931,350419,20173,370592,2040
2022-10-29,Alpine,003,1148,136,136,1,137,0
2022-10-29,Amador,005,37829,10056,10038,935,10973,94
2022-10-29,Butte,007,227075,39790,39707,9217,48924,457
2022-10-29,Calaveras,009,45235,8571,8561,575,9136,134
2022-10-29,Colusa,011,21464,3816,3813,1291,5104,22
2022-10-29,Contra Costa,013,1133247,253981,252398,21172,273570,1458
2022-10-29,Del Norte,015,27424,7465,7455,407,7862,56
2022-10-29,El Dorado,017,186661,32652,32513,4351,36864,231
2022-10-29,Fresno,019,978130,276729,275924,31916,307840,2885
2022-10-29,Glenn,021,27897,5555,5553,1881,7434,48
2022-10-29,Humboldt,023,135768,22103,22065,5219,27284,160
2022-10-29,Imperial,025,180216,66021,65903,16236,82139,959
2022-10-29,Inyo,027,18085,4512,4500,1042,5542,60
2022-10-29,Kern,029,883053,220453,219943,65273,285216,2425
2022-10-29,Kings,031,150075,59833,59742,4135,63877,459
2022-10-29,Lake,033,64148,12883,12868,1227,14095,148
2022-10-29,Lassen,035,31185,10006,9989,1004,10993,65
2022-10-29,Los Angeles,037,10098052,3307670,3298549,185767,3484316,33679
2022-10-29,Madera,039,155013,44231,44172,8350,52522,375
2022-10-29,Marin,041,260295,45811,45649,5397,51046,314
2022-10-29,Mariposa,043,17540,3115,3107,372,3479,31
2022-10-29,Mendocino,045,87422,16144,16104,4590,20694,153
2022-10-29,Merced,047,269075,72845,72606,11973,84579,870
2022-10-29,Modoc,049,8938,883,884,328,1212,11
2022-10-29,Mono,051,14174,3215,3215,267,3482,7
2022-10-29,Monterey,053,433212,94592,94425,21442,115867,769
2022-10-29,Napa,055,140530,32433,32448,1428,33876,160
2022-10-29,Nevada,057,99092,19138,19094,1947,21041,132
2022-10-29,Orange,059,3164182,672489,671141,64714,735855,7502
2022-10-29,Placer,061,380077,76537,76178,9713,85891,662
2022-10-29,Plumas,063,18699,3719,3705,443,4148,13
2022-10-29,Riverside,065,2383286,699512,698387,35943,734330,6659
2022-10-29,Sacramento,067,1510023,350209,348942,34572,383514,3346
2022-10-29,San Benito,069,59416,16420,16284,1012,17296,108
2022-10-29,San Bernardino,071,2135413,674891,673959,31427,705386,8120
2022-10-29,San Diego,073,3302833,931601,929768,73054,1002822,5524
2022-10-29,San Francisco,075,870044,181439,180409,12285,192694,1066
2022-10-29,San Joaquin,077,732212,199129,198376,15210,213586,2335
2022-10-29,San Luis Obispo,079,281455,63610,63519,7361,70880,525
2022-10-29,San Mateo,081,765935,170680,169941,10787,180728,741
2022-10-29,Santa Barbara,083,443738,106501,106291,7040,113331,729
2022-10-29,Santa Clara,085,1922200,441606,435788,19530,455318,2528
2022-10-29,Santa Cruz,087,273765,64087,63885,3557,67442,274
2022-10-29,Shasta,089,179085,35199,35117,7701,42818,595
2022-10-29,Sierra,091,2930,307,308,61,369,5
2022-10-29,Siskiyou,093,43540,5195,5307,3346,8653,94
2022-10-29,Solano,095,438530,106176,105796,8010,113806,467
2022-10-29,Sonoma,097,501317,107895,107692,5429,113121,524
2022-10-29,Stanislaus,099,539301,138737,138423,21782,160205,1785
2022-10-29,Sutter,101,95872,24451,24425,2481,26906,233
2022-10-29,Tehama,103,63373,13713,13681,3128,16809,210
2022-10-29,Trinity,105,12862,1410,1398,426,1824,20
2022-10-29,Tulare,107,460477,122162,122140,36974,159114,1541
2022-10-29,Tuolumne,109,53932,15669,15658,950,16608,196
2022-10-29,Ventura,111,848112,210088,209746,16152,225898,1582
2022-10-29,Yolo,113,214977,47656,47703,4572,52275,349
2022-10-29,Yuba,115,75493,19058,19009,1745,20754,133
2022-10-28,Alameda,001,1643700,351842,350419,20167,370586,2040
2022-10-28,Alpine,003,1148,136,136,1,137,0
2022-10-28,Amador,005,37829,10051,10038,934,10972,94
2022-10-28,Butte,007,227075,39784,39707,9214,48921,457
2022-10-28,Calaveras,009,45235,8571,8561,575,9136,134
2022-10-28,Colusa,011,21464,3816,3813,1291,5104,22
2022-10-28,Contra Costa,013,1133247,253897,252398,21167,273565,1458
2022-10-28,Del Norte,015,27424,7464,7455,407,7862,56
2022-10-28,El Dorado,017,186661,32642,32513,4350,36863,231
2022-10-28,Fresno,019,978130,276682,275924,31908,307832,2885
2022-10-28,Glenn,021,27897,5554,5553,1879,7432,48
2022-10-28,Humboldt,023,135768,22098,22065,5218,27283,160
2022-10-28,Imperial,025,180216,66006,65903,16228,82131,959
2022-10-28,Inyo,027,18085,4509,4500,1042,5542,60
2022-10-28,Kern,029,883053,220426,219943,65264,285207,2425
2022-10-28,Kings,031,150075,59831,59742,4135,63877,459
2022-10-28,Lake,033,64148,12881,12868,1227,14095,148
2022-10-28,Lassen,035,31185,10006,9989,1004,10993,65
2022-10-28,Los Angeles,037,10098052,3307042,3298549,185643,3484192,33679
2022-10-28,Madera,039,155013,44223,44172,8347,52519,375
2022-10-28,Marin,041,260295,45799,45649,5397,51046,314
2022-10-28,Mariposa,043,17540,3112,3107,372,3479,31
2022-10-28,Mendocino,045,87422,16141,16104,4587,20691,153
2022-10-28,Merced,047,269075,72833,72606,11971,84577,870
2022-10-28,Modoc,049,8938,883,884,328,1212,11
2022-10-28,Mono,051,14174,3215,3215,267,3482,7
2022-10-28,Monterey,053,433212,94579,94425,21433,115858,769
2022-10-28,Napa,055,140530,32425,32448,1428,33876,160
2022-10-28,Nevada,057,99092,19135,19094,1946,21040,132
2022-10-28,Orange,059,3164182,672380,671141,64657,735798,7502
2022-10-28,Placer,061,380077,76525,76178,9711,85889,662
2022-10-28,Plumas,063,18699,3719,3705,443,4148,13
2022-10-28,Riverside,065,2383286,699396,698387,35930,734317,6659
2022-10-28,Sacramento,067,1510023,350109,348942,34565,383507,3346
2022-10-28,San Benito,069,59416,16416,16284,1012,17296,108
2022-10-28,San Bernardino,071,2135413,674777,673959,31420,705379,8120
2022-10-28,San Diego,073,3302833,931418,929768,73040,1002808,5524
2022-10-28,San Francisco,075,870044,181384,180409,12279,192688,1066
2022-10-28,San Joaquin,077,732212,199101,198376,15206,213582,2335
2022-10-28,San Luis Obispo,079,281455,63605,63519,7360,70879,525
2022-10-28,San Mateo,081,765935,170623,169941,10784,180725,741
2022-10-28,Santa Barbara,083,443738,106488,106291,7039,113330,729
2022-10-28,Santa Clara,085,1922200,441460,435788,19519,455307,2528
2022-10-28,Santa Cruz,087,273765,64072,63885,3555,67440,274
2022-10-28,Shasta,089,179085,35193,35117,7696,42813,595
2022-10-28,Sierra,091,2930,307,308,61,369,5
2022-10-28,Siskiyou,093,43540,5191,5307,3344,8651,94
2022-10-28,Solano,095,438530,106149,105796,8009,113805,467
2022-10-28,Sonoma,097,501317,107874,107692,5428,113120,524
2022-10-28,Stanislaus,099,539301,138706,138423,21780,160203,1785
2022-10-28,Sutter,101,95872,24442,24425,2480,26905,233
2022-10-28,Tehama,103,63373,13710,13681,3127,16808,210
2022-10-28,Trinity,105,12862,1407,1398,425,1823,20
2022-10-28,Tulare,107,460477,122139,122140,36964,159104,1541
2022-10-28,Tuolumne,109,53932,15667,15658,950,16608,196
2022-10-28,Ventura,111,848112,210048,209746,16145,225891,1582
2022-10-28,Yolo,113,214977,47645,47703,4572,52275,349
2022-10-28,Yuba,115,75493,19053,19009,1743,20752,133
2022-10-27,Alameda,001,1643700,351709,350419,20152,370571,2040
2022-10-27,Alpine,003,1148,136,136,1,137,0
2022-10-27,Amador,005,37829,10050,10038,934,10972,94
2022-10-27,Butte,007,227075,39777,39707,9210,48917,457
2022-10-27,Calaveras,009,45235,8569,8561,574,9135,134
2022-10-27,Colusa,011,21464,3813,3813,1291,5104,22
2022-10-27,Contra Costa,013,1133247,253798,252398,21160,273558,1458
2022-10-27,Del Norte,015,27424,7459,7455,407,7862,56
2022-10-27,El Dorado,017,186661,32624,32513,4350,36863,231
2022-10-27,Fresno,019,978130,276618,275924,31901,307825,2885
2022-10-27,Glenn,021,27897,5551,5553,1879,7432,48
2022-10-27,Humboldt,023,135768,22090,22065,5217,27282,160
2022-10-27,Imperial,025,180216,65993,65903,16216,82119,959
2022-10-27,Inyo,027,18085,4507,4500,1042,5542,60
2022-10-27,Kern,029,883053,220363,219943,65232,285175,2425
2022-10-27,Kings,031,150075,59773,59742,4135,63877,459
2022-10-27,Lake,033,64148,12875,12868,1226,14094,148
2022-10-27,Lassen,035,31185,10004,9989,1003,10992,65
2022-10-27,Los Angeles,037,10098052,3306175,3298549,185495,3484044,33679
2022-10-27,Madera,039,155013,44213,44172,8344,52516,375
2022-10-27,Marin,041,260295,45783,45649,5396,51045,314
2022-10-27,Mariposa,043,17540,3111,3107,372,3479,31
2022-10-27,Mendocino,045,87422,16138,16104,4586,20690,153
2022-10-27,Merced,047,269075,72824,72606,11966,84572,870
2022-10-27,Modoc,049,8938,883,884,328,1212,11
2022-10-27,Mono,051,14174,3215,3215,267,3482,7
2022-10-27,Monterey,053,433212,94559,94425,21416,115841,769
2022-10-27,Napa,055,140530,32419,32448,1426,33874,160
2022-10-27,Nevada,057,99092,19131,19094,1941,21035,132
2022-10-27,Orange,059,3164182,672204,671141,64613,735754,7502
2022-10-27,Placer,061,380077,76512,76178,9706,85884,662
2022-10-27,Plumas,063,18699,3719,3705,443,4148,13
2022-10-27,Riverside,065,2383286,699264,698387,35906,734293,6659
2022-10-27,Sacramento,067,1510023,349976,348942,34549,383491,3346
2022-10-27,San Benito,069,59416,16415,16284,1012,17296,108
2022-10-27,San Bernardino,071,2135413,674645,673959,31409,705368,8120
2022-10-27,San Diego,073,3302833,931173,929768,73010,1002778,5524
2022-10-27,San Francisco,075,870044,181296,180409,12269,192678,1066
2022-10-27,San Joaquin,077,732212,199069,198376,15196,213572,2335
2022-10-27,San Luis Obispo,079,281455,63595,63519,7355,70874,525
2022-10-27,San Mateo,081,765935,170536,169941,10780,180721,741
2022-10-27,Santa Barbara,083,443738,106458,106291,7038,113329,729
2022-10-27,Santa Clara,085,1922200,441288,435788,19508,455296,2528
2022-10-27,Santa Cruz,087,273765,64052,63885,3552,67437,274
2022-10-27,Shasta,089,179085,35186,35117,7687,42804,595
2022-10-27,Sierra,091,2930,307,308,61,369,5
2022-10-27,Siskiyou,093,43540,5187,5307,3343,8650,94
2022-10-27,Solano,095,438530,106110,105796,8008,113804,467
2022-10-27,Sonoma,097,501317,107845,107692,5428,113120,524
2022-10-27,Stanislaus,099,539301,138669,138423,21774,160197,1785
2022-10-27,Sutter,101,95872,24434,24425,2479,26904,233
2022-10-27,Tehama,103,63373,13709,13681,3127,16808,210
2022-10-27,Trinity,105,12862,1404,1398,422,1820,20
2022-10-27,Tulare,107,460477,122123,122140,36942,159082,1541
2022-10-27,Tuolumne,109,53932,15665,15658,949,16607,196
2022-10-27,Ventura,111,848112,209988,209746,16138,225884,1582
2022-10-27,Yolo,113,214977,47643,47703,4570,52273,349
2022-10-27,Yuba,115,75493,19048,19009,1742,20751,133
2022-10-26,Alameda,001,1643700,351539,350419,20136,370555,2040
2022-10-26,Alpine,003,1148,136,136,1,137,0
2022-10-26,Amador,005,37829,10049,10038,934,10972,94
2022-10-26,Butte,007,227075,39766,39707,9202,48909,457
2022-10-26,Calaveras,009,45235,8568,8561,573,9134,134
2022-10-26,Colusa,011,21464,3810,3813,1291,5104,22
2022-10-26,Contra Costa,013,1133247,253706,252398,21154,273552,1458
2022-10-26,Del Norte,015,27424,7458,7455,407,7862,56
2022-10-26,El Dorado,017,186661,32603,32513,4348,36861,231
2022-10-26,Fresno,019,978130,276566,275924,31881,307805,2885
2022-10-26,Glenn,021,27897,5551,5553,1878,7431,48
2022-10-26,Humboldt,023,135768,22085,22065,5210,27275,160
2022-10-26,Imperial,025,180216,65973,65903,16204,82107,959
2022-10-26,Inyo,027,18085,4506,4500,1040,5540,60
2022-10-26,Kern,029,883053,220325,219943,65204,285147,2425
2022-10-26,Kings,031,150075,59768,59742,4135,63877,459
2022-10-26,Lake,033,64148,12873,12868,1226,14094,148
2022-10-26,Lassen,035,31185,9999,9989,1002,10991,65
2022-10-26,Los Angeles,037,10098052,3305251,3298549,185349,3483898,33679
2022-10-26,Madera,039,155013,44205,44172,8342,52514,375
2022-10-26,Marin,041,260295,45770,45649,5394,51043,314
2022-10-26,Mariposa,043,17540,3110,3107,372,3479,31
2022-10-26,Mendocino,045,87422,16136,16104,4584,20688,153
2022-10-26,Merced,047,269075,72808,72606,11962,84568,870
2022-10-26,Modoc,049,8938,883,884,328,1212,11
2022-10-26,Mono,051,14174,3215,3215,267,3482,7
2022-10-26,Monterey,053,433212,94536,94425,21403,115828,769
2022-10-26,Napa,055,140530,32412,32448,1426,33874,160
2022-10-26,Nevada,057,99092,19128,19094,1933,21027,132
2022-10-26,Orange,059,3164182,672019,671141,64552,735693,7502
2022-10-26,Placer,061,380077,76490,76178,9701,85879,662
2022-10-26,Plumas,063,18699,3717,3705,443,4148,13
2022-10-26,Riverside,065,2383286,699121,698387,35880,734267,6659
2022-10-26,Sacramento,067,1510023,349904,348942,34530,383472,3346
2022-10-26,San Benito,069,59416,16411,16284,1011,17295,108
2022-10-26,San Bernardino,071,2135413,674479,673959,31400,705359,8120
2022-10-26,San Diego,073,3302833,930887,929768,72967,1002735,5524
2022-10-26,San Francisco,075,870044,181219,180409,12265,192674,1066
2022-10-26,San Joaquin,077,732212,199017,198376,15184,213560,2335
2022-10-26,San Luis Obispo,079,281455,63582,63519,7351,70870,525
2022-10-26,San Mateo,081,765935,170450,169941,10774,180715,741
2022-10-26,Santa Barbara,083,443738,106426,106291,7031,113322,729
2022-10-26,Santa Clara,085,1922200,441112,435788,19489,455277,2528
2022-10-26,Santa Cruz,087,273765,64026,63885,3551,67436,274
2022-10-26,Shasta,089,179085,35179,35117,7681,42798,595
2022-10-26,Sierra,091,2930,307,308,61,369,5
2022-10-26,Siskiyou,093,43540,5185,5307,3342,8649,94
2022-10-26,Solano,095,438530,106053,105796,8007,113803,467
2022-10-26,Sonoma,097,501317,107819,107692,5423,113115,524
2022-10-26,Stanislaus,099,539301,138637,138423,21769,160192,1785
2022-10-26,Sutter,101,95872,24424,24425,2479,26904,233
2022-10-26,Tehama,103,63373,13704,13681,3127,16808,210
2022-10-26,Trinity,105,12862,1398,1398,420,1818,20
2022-10-26,Tulare,107,460477,122107,122140,36925,159065,1541
2022-10-26,Tuolumne,109,53932,15659,15658,949,16607,196
2022-10-26,Ventura,111,848112,209926,209746,16130,225876,1582
2022-10-26,Yolo,113,214977,47634,47703,4567,52270,349
2022-10-26,Yuba,115,75493,19041,19009,1742,20751,133
2022-10-25,Alameda,001,1643700,351389,350419,20117,370536,2040
2022-10-25,Alpine,003,1148,136,136,1,137,0
2022-10-25,Amador,005,37829,10047,10038,934,10972,94
2022-10-25,Butte,007,227075,39750,39707,9202,48909,457
2022-10-25,Calaveras,009,45235,8566,8561,573,9134,134
2022-10-25,Colusa,011,21464,3810,3813,1290,5103,22
2022-10-25,Contra Costa,013,1133247,253599,252398,21145,273543,1458
2022-10-25,Del Norte,015,27424,7457,7455,407,7862,56
2022-10-25,El Dorado,017,186661,32582,32513,4346,36859,231
2022-10-25,Fresno,019,978130,276510,275924,31866,307790,2885
2022-10-25,Glenn,021,27897,5549,5553,1878,7431,48
2022-10-25,Humboldt,023,135768,22078,22065,5207,27272,160
2022-10-25,Imperial,025,180216,65952,65903,16197,82100,959
2022-10-25,Inyo,027,18085,4506,4500,1039,5539,60
2022-10-25,Kern,029,883053,220275,219943,65162,285105,2425
2022-10-25,Kings,031,150075,59753,59742,4134,63876,459
2022-10-25,Lake,033,64148,12870,12868,1226,14094,148
2022-10-25,Lassen,035,31185,9992,9989,1002,10991,65
2022-10-25,Los Angeles,037,10098052,3304368,3298549,185205,3483754,33679
2022-10-25,Madera,039,155013,44196,44172,8338,52510,375
2022-10-25,Marin,041,260295,45743,45649,5392,51041,314
2022-10-25,Mariposa,043,17540,3109,3107,372,3479,31
2022-10-25,Mendocino,045,87422,16129,16104,4583,20687,153
2022-10-25,Merced,047,269075,72792,72606,11959,84565,870
2022-10-25,Modoc,049,8938,883,884,327,1211,11
2022-10-25,Mono,051,14174,3215,3215,266,3481,7
2022-10-25,Monterey,053,433212,94511,94425,21391,115816,769
2022-10-25,Napa,055,140530,32409,32448,1425,33873,160
2022-10-25,Nevada,057,99092,19124,19094,1930,21024,132
2022-10-25,Orange,059,3164182,671844,671141,64490,735631,7502
2022-10-25,Placer,061,380077,76456,76178,9697,85875,662
2022-10-25,Plumas,063,18699,3716,3705,443,4148,13
2022-10-25,Riverside,065,2383286,698953,698387,35864,734251,6659
2022-10-25,Sacramento,067,1510023,349796,348942,34492,383434,3346
2022-10-25,San Benito,069,59416,16404,16284,1009,17293,108
2022-10-25,San Bernardino,071,2135413,674338,673959,31390,705349,8120
2022-10-25,San Diego,073,3302833,930615,929768,72911,1002679,5524
2022-10-25,San Francisco,075,870044,181132,180409,12252,192661,1066
2022-10-25,San Joaquin,077,732212,198960,198376,15176,213552,2335
2022-10-25,San Luis Obispo,079,281455,63562,63519,7348,70867,525
2022-10-25,San Mateo,081,765935,170379,169941,10771,180712,741
2022-10-25,Santa Barbara,083,443738,106393,106291,7023,113314,729
2022-10-25,Santa Clara,085,1922200,440919,435788,19478,455266,2528
2022-10-25,Santa Cruz,087,273765,63991,63885,3547,67432,274
2022-10-25,Shasta,089,179085,35173,35117,7675,42792,595
2022-10-25,Sierra,091,2930,307,308,61,369,5
2022-10-25,Siskiyou,093,43540,5183,5307,3338,8645,94
2022-10-25,Solano,095,438530,106008,105796,8002,113798,467
2022-10-25,Sonoma,097,501317,107777,107692,5421,113113,524
2022-10-25,Stanislaus,099,539301,138608,138423,21759,160182,1785
2022-10-25,Sutter,101,95872,24417,24425,2479,26904,233
2022-10-25,Tehama,103,63373,13701,13681,3126,16807,210
2022-10-25,Trinity,105,12862,1398,1398,416,1814,20
2022-10-25,Tulare,107,460477,122082,122140,36908,159048,1541
2022-10-25,Tuolumne,109,53932,15659,15658,948,16606,196
2022-10-25,Ventura,111,848112,209880,209746,16115,225861,1582
2022-10-25,Yolo,113,214977,47623,47703,4558,52261,349
2022-10-25,Yuba,115,75493,19034,19009,1742,20751,133
2022-10-24,Alameda,001,1643700,351232,349337,20107,369444,2031
2022-10-24,Alpine,003,1148,136,136,1,137,0
2022-10-24,Amador,005,37829,10045,10025,933,10958,94
2022-10-24,Butte,007,227075,39736,39607,9199,48806,456
2022-10-24,Calaveras,009,45235,8566,8541,572,9113,135
2022-10-24,Colusa,011,21464,3808,3807,1290,5097,22
2022-10-24,Contra Costa,013,1133247,253483,251722,21137,272859,1444
2022-10-24,Del Norte,015,27424,7452,7450,407,7857,56
2022-10-24,El Dorado,017,186661,32569,32443,4345,36788,232
2022-10-24,Fresno,019,978130,276447,275502,31843,307345,2893
2022-10-24,Glenn,021,27897,5548,5543,1878,7421,48
2022-10-24,Humboldt,023,135768,22072,21979,5200,27179,160
2022-10-24,Imperial,025,180216,65932,65801,16188,81989,961
2022-10-24,Inyo,027,18085,4505,4497,1036,5533,60
2022-10-24,Kern,029,883053,220225,219679,65128,284807,2424
2022-10-24,Kings,031,150075,59735,59632,4134,63766,460
2022-10-24,Lake,033,64148,12867,12847,1224,14071,148
2022-10-24,Lassen,035,31185,9992,9977,1002,10979,65
2022-10-24,Los Angeles,037,10098052,3303369,3289814,185034,3474848,33533
2022-10-24,Madera,039,155013,44191,44121,8337,52458,375
2022-10-24,Marin,041,260295,45714,45521,5392,50913,314
2022-10-24,Mariposa,043,17540,3107,3096,370,3466,31
2022-10-24,Mendocino,045,87422,16126,16059,4579,20638,136
2022-10-24,Merced,047,269075,72781,72442,11954,84396,869
2022-10-24,Modoc,049,8938,882,883,327,1210,11
2022-10-24,Mono,051,14174,3215,3212,265,3477,7
2022-10-24,Monterey,053,433212,94489,94275,21376,115651,768
2022-10-24,Napa,055,140530,32405,32395,1425,33820,160
2022-10-24,Nevada,057,99092,19116,19056,1920,20976,132
2022-10-24,Orange,059,3164182,671660,669923,64446,734369,7536
2022-10-24,Placer,061,380077,76426,76022,9693,85715,662
2022-10-24,Plumas,063,18699,3715,3691,442,4133,13
2022-10-24,Riverside,065,2383286,698820,697500,35839,733339,6569
2022-10-24,Sacramento,067,1510023,349678,348260,34465,382725,3337
2022-10-24,San Benito,069,59416,16398,16251,1008,17259,107
2022-10-24,San Bernardino,071,2135413,674171,673189,31377,704566,8152
2022-10-24,San Diego,073,3302833,930339,928182,72858,1001040,5517
2022-10-24,San Francisco,075,870044,181026,179967,12249,192216,1056
2022-10-24,San Joaquin,077,732212,198904,198041,15154,213195,2336
2022-10-24,San Luis Obispo,079,281455,63551,63410,7345,70755,525
2022-10-24,San Mateo,081,765935,170319,169484,10766,180250,732
2022-10-24,Santa Barbara,083,443738,106370,106125,7022,113147,726
2022-10-24,Santa Clara,085,1922200,440716,434684,19466,454150,2523
2022-10-24,Santa Cruz,087,273765,63969,63592,3544,67136,275
2022-10-24,Shasta,089,179085,35158,35031,7664,42695,595
2022-10-24,Sierra,091,2930,307,305,61,366,5
2022-10-24,Siskiyou,093,43540,5181,5298,3338,8636,94
2022-10-24,Solano,095,438530,105960,105561,8001,113562,466
2022-10-24,Sonoma,097,501317,107747,107436,5420,112856,527
2022-10-24,Stanislaus,099,539301,138581,138223,21756,159979,1785
2022-10-24,Sutter,101,95872,24412,24393,2479,26872,233
2022-10-24,Tehama,103,63373,13699,13647,3125,16772,209
2022-10-24,Trinity,105,12862,1397,1396,415,1811,20
2022-10-24,Tulare,107,460477,122062,122035,36890,158925,1540
2022-10-24,Tuolumne,109,53932,15657,15626,947,16573,196
2022-10-24,Ventura,111,848112,209831,209427,16109,225536,1571
2022-10-24,Yolo,113,214977,47612,47611,4556,52167,346
2022-10-24,Yuba,115,75493,19025,18969,1742,20711,130
2022-10-23,Alameda,001,1643700,351039,349337,20088,369425,2031
2022-10-23,Alpine,003,1148,136,136,1,137,0
2022-10-23,Amador,005,37829,10044,10025,933,10958,94
2022-10-23,Butte,007,227075,39725,39607,9196,48803,456
2022-10-23,Calaveras,009,45235,8561,8541,572,9113,135
2022-10-23,Colusa,011,21464,3808,3807,1288,5095,22
2022-10-23,Contra Costa,013,1133247,253376,251722,21124,272846,1444
2022-10-23,Del Norte,015,27424,7451,7450,407,7857,56
2022-10-23,El Dorado,017,186661,32557,32443,4342,36785,232
2022-10-23,Fresno,019,978130,276385,275502,31827,307329,2893
2022-10-23,Glenn,021,27897,5546,5543,1876,7419,48
2022-10-23,Humboldt,023,135768,22064,21979,5193,27172,160
2022-10-23,Imperial,025,180216,65920,65801,16170,81971,961
2022-10-23,Inyo,027,18085,4505,4497,1034,5531,60
2022-10-23,Kern,029,883053,220173,219679,65056,284735,2424
2022-10-23,Kings,031,150075,59717,59632,4131,63763,460
2022-10-23,Lake,033,64148,12866,12847,1224,14071,148
2022-10-23,Lassen,035,31185,9989,9977,1001,10978,65
2022-10-23,Los Angeles,037,10098052,3302416,3289814,184837,3474651,33533
2022-10-23,Madera,039,155013,44179,44121,8335,52456,375
2022-10-23,Marin,041,260295,45699,45521,5390,50911,314
2022-10-23,Mariposa,043,17540,3105,3096,368,3464,31
2022-10-23,Mendocino,045,87422,16120,16059,4577,20636,136
2022-10-23,Merced,047,269075,72774,72442,11949,84391,869
2022-10-23,Modoc,049,8938,882,883,327,1210,11
2022-10-23,Mono,051,14174,3215,3212,264,3476,7
2022-10-23,Monterey,053,433212,94469,94275,21361,115636,768
2022-10-23,Napa,055,140530,32387,32395,1425,33820,160
2022-10-23,Nevada,057,99092,19105,19056,1917,20973,132
2022-10-23,Orange,059,3164182,671439,669923,64375,734298,7536
2022-10-23,Placer,061,380077,76396,76022,9689,85711,662
2022-10-23,Plumas,063,18699,3714,3691,441,4132,13
2022-10-23,Riverside,065,2383286,698641,697500,35819,733319,6569
2022-10-23,Sacramento,067,1510023,349534,348260,34444,382704,3337
2022-10-23,San Benito,069,59416,16391,16251,1007,17258,107
2022-10-23,San Bernardino,071,2135413,674036,673189,31360,704549,8152
2022-10-23,San Diego,073,3302833,929989,928182,72816,1000998,5517
2022-10-23,San Francisco,075,870044,180918,179967,12241,192208,1056
2022-10-23,San Joaquin,077,732212,198844,198041,15142,213183,2336
2022-10-23,San Luis Obispo,079,281455,63538,63410,7336,70746,525
2022-10-23,San Mateo,081,765935,170230,169484,10763,180247,732
2022-10-23,Santa Barbara,083,443738,106331,106125,7018,113143,726
2022-10-23,Santa Clara,085,1922200,440496,434684,19442,454126,2523
2022-10-23,Santa Cruz,087,273765,63916,63592,3540,67132,275
2022-10-23,Shasta,089,179085,35145,35031,7653,42684,595
2022-10-23,Sierra,091,2930,307,305,61,366,5
2022-10-23,Siskiyou,093,43540,5179,5298,3335,8633,94
2022-10-23,Solano,095,438530,105909,105561,7997,113558,466
2022-10-23,Sonoma,097,501317,107688,107436,5416,112852,527
2022-10-23,Stanislaus,099,539301,138539,138223,21752,159975,1785
2022-10-23,Sutter,101,95872,24406,24393,2479,26872,233
2022-10-23,Tehama,103,63373,13693,13647,3125,16772,209
2022-10-23,Trinity,105,12862,1397,1396,412,1808,20
2022-10-23,Tulare,107,460477,122033,122035,36866,158901,1540
2022-10-23,Tuolumne,109,53932,15655,15626,945,16571,196
2022-10-23,Ventura,111,848112,209784,209427,16092,225519,1571
2022-10-23,Yolo,113,214977,47594,47611,4545,52156,346
2022-10-23,Yuba,115,75493,19019,18969,1741,20710,130
2022-10-22,Alameda,001,1643700,350939,349337,20082,369419,2031
2022-10-22,Alpine,003,1148,136,136,1,137,0
2022-10-22,Amador,005,37829,10042,10025,933,10958,94
2022-10-22,Butte,007,227075,39719,39607,9191,48798,456
2022-10-22,Calaveras,009,45235,8558,8541,572,9113,135
2022-10-22,Colusa,011,21464,3808,3807,1288,5095,22
2022-10-22,Contra Costa,013,1133247,253313,251722,21114,272836,1444
2022-10-22,Del Norte,015,27424,7450,7450,407,7857,56
2022-10-22,El Dorado,017,186661,32550,32443,4341,36784,232
2022-10-22,Fresno,019,978130,276347,275502,31823,307325,2893
2022-10-22,Glenn,021,27897,5545,5543,1876,7419,48
2022-10-22,Humboldt,023,135768,22060,21979,5190,27169,160
2022-10-22,Imperial,025,180216,65908,65801,16161,81962,961
2022-10-22,Inyo,027,18085,4504,4497,1032,5529,60
2022-10-22,Kern,029,883053,220154,219679,65026,284705,2424
2022-10-22,Kings,031,150075,59708,59632,4130,63762,460
2022-10-22,Lake,033,64148,12864,12847,1223,14070,148
2022-10-22,Lassen,035,31185,9989,9977,1000,10977,65
2022-10-22,Los Angeles,037,10098052,3301898,3289814,184748,3474562,33533
2022-10-22,Madera,039,155013,44172,44121,8333,52454,375
2022-10-22,Marin,041,260295,45679,45521,5386,50907,314
2022-10-22,Mariposa,043,17540,3105,3096,368,3464,31
2022-10-22,Mendocino,045,87422,16119,16059,4577,20636,136
2022-10-22,Merced,047,269075,72764,72442,11949,84391,869
2022-10-22,Modoc,049,8938,882,883,327,1210,11
2022-10-22,Mono,051,14174,3214,3212,264,3476,7
2022-10-22,Monterey,053,433212,94457,94275,21352,115627,768
2022-10-22,Napa,055,140530,32383,32395,1425,33820,160
2022-10-22,Nevada,057,99092,19101,19056,1917,20973,132
2022-10-22,Orange,059,3164182,671348,669923,64332,734255,7536
2022-10-22,Placer,061,380077,76376,76022,9684,85706,662
2022-10-22,Plumas,063,18699,3714,3691,441,4132,13
2022-10-22,Riverside,065,2383286,698546,697500,35801,733301,6569
2022-10-22,Sacramento,067,1510023,349459,348260,34434,382694,3337
2022-10-22,San Benito,069,59416,16383,16251,1007,17258,107
2022-10-22,San Bernardino,071,2135413,673957,673189,31353,704542,8152
2022-10-22,San Diego,073,3302833,929858,928182,72793,1000975,5517
2022-10-22,San Francisco,075,870044,180868,179967,12237,192204,1056
2022-10-22,San Joaquin,077,732212,198820,198041,15135,213176,2336
2022-10-22,San Luis Obispo,079,281455,63534,63410,7335,70745,525
2022-10-22,San Mateo,081,765935,170175,169484,10759,180243,732
2022-10-22,Santa Barbara,083,443738,106318,106125,7015,113140,726
2022-10-22,Santa Clara,085,1922200,440364,434684,19432,454116,2523
2022-10-22,Santa Cruz,087,273765,63905,63592,3538,67130,275
2022-10-22,Shasta,089,179085,35141,35031,7648,42679,595
2022-10-22,Sierra,091,2930,307,305,61,366,5
2022-10-22,Siskiyou,093,43540,5175,5298,3335,8633,94
2022-10-22,Solano,095,438530,105888,105561,7997,113558,466
2022-10-22,Sonoma,097,501317,107676,107436,5414,112850,527
2022-10-22,Stanislaus,099,539301,138521,138223,21749,159972,1785
2022-10-22,Sutter,101,95872,24404,24393,2479,26872,233
2022-10-22,Tehama,103,63373,13689,13647,3123,16770,209
2022-10-22,Trinity,105,12862,1397,1396,412,1808,20
2022-10-22,Tulare,107,460477,122022,122035,36855,158890,1540
2022-10-22,Tuolumne,109,53932,15653,15626,945,16571,196
2022-10-22,Ventura,111,848112,209760,209427,16085,225512,1571
2022-10-22,Yolo,113,214977,47584,47611,4544,52155,346
2022-10-22,Yuba,115,75493,19013,18969,1740,20709,130
2022-10-21,Alameda,001,1643700,350859,349337,20075,369412,2031
2022-10-21,Alpine,003,1148,136,136,1,137,0
2022-10-21,Amador,005,37829,10041,10025,933,10958,94
2022-10-21,Butte,007,227075,39707,39607,9186,48793,456
2022-10-21,Calaveras,009,45235,8558,8541,572,9113,135
2022-10-21,Colusa,011,21464,3807,3807,1288,5095,22
2022-10-21,Contra Costa,013,1133247,253248,251722,21106,272828,1444
2022-10-21,Del Norte,015,27424,7450,7450,407,7857,56
2022-10-21,El Dorado,017,186661,32540,32443,4339,36782,232
2022-10-21,Fresno,019,978130,276312,275502,31817,307319,2893
2022-10-21,Glenn,021,27897,5545,5543,1875,7418,48
2022-10-21,Humboldt,023,135768,22052,21979,5187,27166,160
2022-10-21,Imperial,025,180216,65904,65801,16154,81955,961
2022-10-21,Inyo,027,18085,4504,4497,1032,5529,60
2022-10-21,Kern,029,883053,220133,219679,65006,284685,2424
2022-10-21,Kings,031,150075,59703,59632,4130,63762,460
2022-10-21,Lake,033,64148,12863,12847,1223,14070,148
2022-10-21,Lassen,035,31185,9987,9977,1000,10977,65
2022-10-21,Los Angeles,037,10098052,3301338,3289814,184624,3474438,33533
2022-10-21,Madera,039,155013,44165,44121,8330,52451,375
2022-10-21,Marin,041,260295,45659,45521,5384,50905,314
2022-10-21,Mariposa,043,17540,3104,3096,368,3464,31
2022-10-21,Mendocino,045,87422,16112,16059,4577,20636,136
2022-10-21,Merced,047,269075,72759,72442,11947,84389,869
2022-10-21,Modoc,049,8938,882,883,327,1210,11
2022-10-21,Mono,051,14174,3214,3212,264,3476,7
2022-10-21,Monterey,053,433212,94441,94275,21350,115625,768
2022-10-21,Napa,055,140530,32381,32395,1425,33820,160
2022-10-21,Nevada,057,99092,19097,19056,1916,20972,132
2022-10-21,Orange,059,3164182,671229,669923,64294,734217,7536
2022-10-21,Placer,061,380077,76355,76022,9679,85701,662
2022-10-21,Plumas,063,18699,3713,3691,441,4132,13
2022-10-21,Riverside,065,2383286,698456,697500,35788,733288,6569
2022-10-21,Sacramento,067,1510023,349387,348260,34428,382688,3337
2022-10-21,San Benito,069,59416,16381,16251,1006,17257,107
2022-10-21,San Bernardino,071,2135413,673881,673189,31345,704534,8152
2022-10-21,San Diego,073,3302833,929705,928182,72771,1000953,5517
2022-10-21,San Francisco,075,870044,180829,179967,12233,192200,1056
2022-10-21,San Joaquin,077,732212,198793,198041,15131,213172,2336
2022-10-21,San Luis Obispo,079,281455,63526,63410,7335,70745,525
2022-10-21,San Mateo,081,765935,170133,169484,10755,180239,732
2022-10-21,Santa Barbara,083,443738,106304,106125,7015,113140,726
2022-10-21,Santa Clara,085,1922200,440232,434684,19422,454106,2523
2022-10-21,Santa Cruz,087,273765,63890,63592,3538,67130,275
2022-10-21,Shasta,089,179085,35134,35031,7641,42672,595
2022-10-21,Sierra,091,2930,307,305,61,366,5
2022-10-21,Siskiyou,093,43540,5175,5298,3335,8633,94
2022-10-21,Solano,095,438530,105865,105561,7996,113557,466
2022-10-21,Sonoma,097,501317,107653,107436,5412,112848,527
2022-10-21,Stanislaus,099,539301,138506,138223,21747,159970,1785
2022-10-21,Sutter,101,95872,24397,24393,2479,26872,233
2022-10-21,Tehama,103,63373,13685,13647,3123,16770,209
2022-10-21,Trinity,105,12862,1397,1396,411,1807,20
2022-10-21,Tulare,107,460477,122016,122035,36849,158884,1540
2022-10-21,Tuolumne,109,53932,15648,15626,944,16570,196
2022-10-21,Ventura,111,848112,209731,209427,16080,225507,1571
2022-10-21,Yolo,113,214977,47574,47611,4543,52154,346
2022-10-21,Yuba,115,75493,19004,18969,1739,20708,130
2022-10-20,Alameda,001,1643700,350723,349337,20070,369407,2031
2022-10-20,Alpine,003,1148,136,136,1,137,0
2022-10-20,Amador,005,37829,10036,10025,933,10958,94
2022-10-20,Butte,007,227075,39700,39607,9184,48791,456
2022-10-20,Calaveras,009,45235,8557,8541,571,9112,135
2022-10-20,Colusa,011,21464,3807,3807,1287,5094,22
2022-10-20,Contra Costa,013,1133247,253147,251722,21102,272824,1444
2022-10-20,Del Norte,015,27424,7450,7450,406,7856,56
2022-10-20,El Dorado,017,186661,32525,32443,4337,36780,232
2022-10-20,Fresno,019,978130,276262,275502,31808,307310,2893
2022-10-20,Glenn,021,27897,5545,5543,1875,7418,48
2022-10-20,Humboldt,023,135768,22046,21979,5181,27160,160
2022-10-20,Imperial,025,180216,65896,65801,16142,81943,961
2022-10-20,Inyo,027,18085,4501,4497,1027,5524,60
2022-10-20,Kern,029,883053,220096,219679,64958,284637,2424
2022-10-20,Kings,031,150075,59688,59632,4128,63760,460
2022-10-20,Lake,033,64148,12859,12847,1223,14070,148
2022-10-20,Lassen,035,31185,9984,9977,1000,10977,65
2022-10-20,Los Angeles,037,10098052,3300591,3289814,184500,3474314,33533
2022-10-20,Madera,039,155013,44153,44121,8329,52450,375
2022-10-20,Marin,041,260295,45642,45521,5383,50904,314
2022-10-20,Mariposa,043,17540,3103,3096,367,3463,31
2022-10-20,Mendocino,045,87422,16107,16059,4576,20635,136
2022-10-20,Merced,047,269075,72750,72442,11947,84389,869
2022-10-20,Modoc,049,8938,881,883,326,1209,11
2022-10-20,Mono,051,14174,3214,3212,264,3476,7
2022-10-20,Monterey,053,433212,94426,94275,21336,115611,768
2022-10-20,Napa,055,140530,32375,32395,1425,33820,160
2022-10-20,Nevada,057,99092,19095,19056,1910,20966,132
2022-10-20,Orange,059,3164182,671095,669923,64240,734163,7536
2022-10-20,Placer,061,380077,76323,76022,9675,85697,662
2022-10-20,Plumas,063,18699,3712,3691,441,4132,13
2022-10-20,Riverside,065,2383286,698329,697500,35769,733269,6569
2022-10-20,Sacramento,067,1510023,349249,348260,34408,382668,3337
2022-10-20,San Benito,069,59416,16379,16251,1004,17255,107
2022-10-20,San Bernardino,071,2135413,673773,673189,31328,704517,8152
2022-10-20,San Diego,073,3302833,929510,928182,72731,1000913,5517
2022-10-20,San Francisco,075,870044,180768,179967,12226,192193,1056
2022-10-20,San Joaquin,077,732212,198760,198041,15123,213164,2336
2022-10-20,San Luis Obispo,079,281455,63516,63410,7330,70740,525
2022-10-20,San Mateo,081,765935,170062,169484,10753,180237,732
2022-10-20,Santa Barbara,083,443738,106283,106125,7012,113137,726
2022-10-20,Santa Clara,085,1922200,440082,434684,19407,454091,2523
2022-10-20,Santa Cruz,087,273765,63853,63592,3537,67129,275
2022-10-20,Shasta,089,179085,35124,35031,7626,42657,595
2022-10-20,Sierra,091,2930,307,305,61,366,5
2022-10-20,Siskiyou,093,43540,5173,5298,3335,8633,94
2022-10-20,Solano,095,438530,105829,105561,7994,113555,466
2022-10-20,Sonoma,097,501317,107619,107436,5412,112848,527
2022-10-20,Stanislaus,099,539301,138469,138223,21744,159967,1785
2022-10-20,Sutter,101,95872,24393,24393,2479,26872,233
2022-10-20,Tehama,103,63373,13680,13647,3118,16765,209
2022-10-20,Trinity,105,12862,1397,1396,411,1807,20
2022-10-20,Tulare,107,460477,122001,122035,36843,158878,1540
2022-10-20,Tuolumne,109,53932,15642,15626,944,16570,196
2022-10-20,Ventura,111,848112,209694,209427,16069,225496,1571
2022-10-20,Yolo,113,214977,47564,47611,4539,52150,346
2022-10-20,Yuba,115,75493,18998,18969,1739,20708,130
2022-10-19,Alameda,001,1643700,350587,349337,20059,369396,2031
2022-10-19,Alpine,003,1148,136,136,1,137,0
2022-10-19,Amador,005,37829,10034,10025,932,10957,94
2022-10-19,Butte,007,227075,39694,39607,9180,48787,456
2022-10-19,Calaveras,009,45235,8555,8541,571,9112,135
2022-10-19,Colusa,011,21464,3806,3807,1287,5094,22
2022-10-19,Contra Costa,013,1133247,253065,251722,21085,272807,1444
2022-10-19,Del Norte,015,27424,7450,7450,406,7856,56
2022-10-19,El Dorado,017,186661,32510,32443,4335,36778,232
2022-10-19,Fresno,019,978130,276201,275502,31793,307295,2893
2022-10-19,Glenn,021,27897,5542,5543,1875,7418,48
2022-10-19,Humboldt,023,135768,22030,21979,5171,27150,160
2022-10-19,Imperial,025,180216,65880,65801,16131,81932,961
2022-10-19,Inyo,027,18085,4501,4497,1025,5522,60
2022-10-19,Kern,029,883053,220048,219679,64917,284596,2424
2022-10-19,Kings,031,150075,59674,59632,4128,63760,460
2022-10-19,Lake,033,64148,12855,12847,1222,14069,148
2022-10-19,Lassen,035,31185,9981,9977,999,10976,65
2022-10-19,Los Angeles,037,10098052,3299765,3289814,184362,3474176,33533
2022-10-19,Madera,039,155013,44145,44121,8328,52449,375
2022-10-19,Marin,041,260295,45620,45521,5382,50903,314
2022-10-19,Mariposa,043,17540,3100,3096,367,3463,31
2022-10-19,Mendocino,045,87422,16102,16059,4574,20633,136
2022-10-19,Merced,047,269075,72733,72442,11943,84385,869
2022-10-19,Modoc,049,8938,881,883,326,1209,11
2022-10-19,Mono,051,14174,3213,3212,263,3475,7
2022-10-19,Monterey,053,433212,94412,94275,21329,115604,768
2022-10-19,Napa,055,140530,32368,32395,1424,33819,160
2022-10-19,Nevada,057,99092,19090,19056,1908,20964,132
2022-10-19,Orange,059,3164182,670887,669923,64181,734104,7536
2022-10-19,Placer,061,380077,76296,76022,9670,85692,662
2022-10-19,Plumas,063,18699,3709,3691,441,4132,13
2022-10-19,Riverside,065,2383286,698209,697500,35746,733246,6569
2022-10-19,Sacramento,067,1510023,349143,348260,34393,382653,3337
2022-10-19,San Benito,069,59416,16377,16251,1002,17253,107
2022-10-19,San Bernardino,071,2135413,673641,673189,31322,704511,8152
2022-10-19,San Diego,073,3302833,929252,928182,72685,1000867,5517
2022-10-19,San Francisco,075,870044,180691,179967,12220,192187,1056
2022-10-19,San Joaquin,077,732212,198717,198041,15114,213155,2336
2022-10-19,San Luis Obispo,079,281455,63503,63410,7328,70738,525
2022-10-19,San Mateo,081,765935,169998,169484,10745,180229,732
2022-10-19,Santa Barbara,083,443738,106255,106125,7009,113134,726
2022-10-19,Santa Clara,085,1922200,439922,434684,19396,454080,2523
2022-10-19,Santa Cruz,087,273765,63804,63592,3536,67128,275
2022-10-19,Shasta,089,179085,35115,35031,7612,42643,595
2022-10-19,Sierra,091,2930,307,305,61,366,5
2022-10-19,Siskiyou,093,43540,5172,5298,3332,8630,94
2022-10-19,Solano,095,438530,105797,105561,7992,113553,466
2022-10-19,Sonoma,097,501317,107589,107436,5407,112843,527
2022-10-19,Stanislaus,099,539301,138437,138223,21740,159963,1785
2022-10-19,Sutter,101,95872,24390,24393,2479,26872,233
2022-10-19,Tehama,103,63373,13675,13647,3116,16763,209
2022-10-19,Trinity,105,12862,1396,1396,411,1807,20
2022-10-19,Tulare,107,460477,121993,122035,36821,158856,1540
2022-10-19,Tuolumne,109,53932,15638,15626,944,16570,196
2022-10-19,Ventura,111,848112,209651,209427,16056,225483,1571
2022-10-19,Yolo,113,214977,47554,47611,4531,52142,346
2022-10-19,Yuba,115,75493,18989,18969,1738,20707,130
2022-10-18,Alameda,001,1643700,350463,349337,20045,369382,2031
2022-10-18,Alpine,003,1148,136,136,1,137,0
2022-10-18,Amador,005,37829,10031,10025,930,10955,94
2022-10-18,Butte,007,227075,39685,39607,9180,48787,456
2022-10-18,Calaveras,009,45235,8550,8541,570,9111,135
2022-10-18,Colusa,011,21464,3805,3807,1285,5092,22
2022-10-18,Contra Costa,013,1133247,252977,251722,21079,272801,1444
2022-10-18,Del Norte,015,27424,7446,7450,406,7856,56
2022-10-18,El Dorado,017,186661,32492,32443,4331,36774,232
2022-10-18,Fresno,019,978130,276145,275502,31780,307282,2893
2022-10-18,Glenn,021,27897,5542,5543,1875,7418,48
2022-10-18,Humboldt,023,135768,22017,21979,5168,27147,160
2022-10-18,Imperial,025,180216,65860,65801,16114,81915,961
2022-10-18,Inyo,027,18085,4501,4497,1022,5519,60
2022-10-18,Kern,029,883053,220002,219679,64880,284559,2424
2022-10-18,Kings,031,150075,59659,59632,4126,63758,460
2022-10-18,Lake,033,64148,12849,12847,1222,14069,148
2022-10-18,Lassen,035,31185,9978,9977,999,10976,65
2022-10-18,Los Angeles,037,10098052,3298954,3289814,184226,3474040,33533
2022-10-18,Madera,039,155013,44136,44121,8326,52447,375
2022-10-18,Marin,041,260295,45594,45521,5380,50901,314
2022-10-18,Mariposa,043,17540,3098,3096,367,3463,31
2022-10-18,Mendocino,045,87422,16092,16059,4573,20632,136
2022-10-18,Merced,047,269075,72714,72442,11936,84378,869
2022-10-18,Modoc,049,8938,881,883,326,1209,11
2022-10-18,Mono,051,14174,3212,3212,263,3475,7
2022-10-18,Monterey,053,433212,94385,94275,21321,115596,768
2022-10-18,Napa,055,140530,32363,32395,1424,33819,160
2022-10-18,Nevada,057,99092,19084,19056,1908,20964,132
2022-10-18,Orange,059,3164182,670712,669923,64096,734019,7536
2022-10-18,Placer,061,380077,76265,76022,9667,85689,662
2022-10-18,Plumas,063,18699,3708,3691,441,4132,13
2022-10-18,Riverside,065,2383286,698061,697500,35729,733229,6569
2022-10-18,Sacramento,067,1510023,349021,348260,34374,382634,3337
2022-10-18,San Benito,069,59416,16372,16251,999,17250,107
2022-10-18,San Bernardino,071,2135413,673533,673189,31301,704490,8152
2022-10-18,San Diego,073,3302833,928952,928182,72637,1000819,5517
2022-10-18,San Francisco,075,870044,180609,179967,12218,192185,1056
2022-10-18,San Joaquin,077,732212,198681,198041,15101,213142,2336
2022-10-18,San Luis Obispo,079,281455,63480,63410,7325,70735,525
2022-10-18,San Mateo,081,765935,169922,169484,10741,180225,732
2022-10-18,Santa Barbara,083,443738,106229,106125,7006,113131,726
2022-10-18,Santa Clara,085,1922200,439747,434684,19376,454060,2523
2022-10-18,Santa Cruz,087,273765,63783,63592,3533,67125,275
2022-10-18,Shasta,089,179085,35108,35031,7608,42639,595
2022-10-18,Sierra,091,2930,307,305,61,366,5
2022-10-18,Siskiyou,093,43540,5172,5298,3330,8628,94
2022-10-18,Solano,095,438530,105763,105561,7986,113547,466
2022-10-18,Sonoma,097,501317,107544,107436,5400,112836,527
2022-10-18,Stanislaus,099,539301,138413,138223,21734,159957,1785
2022-10-18,Sutter,101,95872,24386,24393,2479,26872,233
2022-10-18,Tehama,103,63373,13668,13647,3112,16759,209
2022-10-18,Trinity,105,12862,1396,1396,408,1804,20
2022-10-18,Tulare,107,460477,121974,122035,36802,158837,1540
2022-10-18,Tuolumne,109,53932,15634,15626,943,16569,196
2022-10-18,Ventura,111,848112,209590,209427,16044,225471,1571
2022-10-18,Yolo,113,214977,47545,47611,4528,52139,346
2022-10-18,Yuba,115,75493,18983,18969,1737,20706,130
2022-10-17,Alameda,001,1643700,350312,348487,20038,368525,2027
2022-10-17,Alpine,003,1148,136,135,1,136,0
2022-10-17,Amador,005,37829,10027,10013,930,10943,93
2022-10-17,Butte,007,227075,39670,39567,9178,48745,456
2022-10-17,Calaveras,009,45235,8546,8523,570,9093,133
2022-10-17,Colusa,011,21464,3805,3805,1285,5090,22
2022-10-17,Contra Costa,013,1133247,252869,250897,21072,271969,1440
2022-10-17,Del Norte,015,27424,7446,7440,406,7846,56
2022-10-17,El Dorado,017,186661,32479,32373,4328,36701,231
2022-10-17,Fresno,019,978130,276078,275035,31757,306792,2873
2022-10-17,Glenn,021,27897,5539,5532,1875,7407,48
2022-10-17,Humboldt,023,135768,22005,21914,5155,27069,159
2022-10-17,Imperial,025,180216,65842,65691,16088,81779,958
2022-10-17,Inyo,027,18085,4501,4492,1021,5513,60
2022-10-17,Kern,029,883053,219957,219487,64842,284329,2420
2022-10-17,Kings,031,150075,59648,59560,4125,63685,459
2022-10-17,Lake,033,64148,12846,12815,1221,14036,146
2022-10-17,Lassen,035,31185,9976,9970,999,10969,65
2022-10-17,Los Angeles,037,10098052,3298055,3285385,184075,3469460,33525
2022-10-17,Madera,039,155013,44131,44078,8325,52403,375
2022-10-17,Marin,041,260295,45576,45378,5377,50755,315
2022-10-17,Mariposa,043,17540,3096,3091,367,3458,31
2022-10-17,Mendocino,045,87422,16087,16023,4571,20594,136
2022-10-17,Merced,047,269075,72696,72326,11935,84261,868
2022-10-17,Modoc,049,8938,881,882,326,1208,11
2022-10-17,Mono,051,14174,3212,3206,263,3469,7
2022-10-17,Monterey,053,433212,94361,94183,21315,115498,768
2022-10-17,Napa,055,140530,32354,32326,1423,33749,161
2022-10-17,Nevada,057,99092,19079,19023,1905,20928,132
2022-10-17,Orange,059,3164182,670539,668814,64034,732848,7473
2022-10-17,Placer,061,380077,76236,75902,9653,85555,660
2022-10-17,Plumas,063,18699,3703,3682,439,4121,13
2022-10-17,Riverside,065,2383286,697904,696402,35705,732107,6561
2022-10-17,Sacramento,067,1510023,348884,347495,34361,381856,3324
2022-10-17,San Benito,069,59416,16360,16223,998,17221,107
2022-10-17,San Bernardino,071,2135413,673400,672221,31281,703502,8148
2022-10-17,San Diego,073,3302833,928651,926574,72588,999162,5507
2022-10-17,San Francisco,075,870044,180527,179482,12215,191697,1048
2022-10-17,San Joaquin,077,732212,198635,197672,15093,212765,2322
2022-10-17,San Luis Obispo,079,281455,63465,63321,7324,70645,524
2022-10-17,San Mateo,081,765935,169858,168944,10741,179685,732
2022-10-17,Santa Barbara,083,443738,106210,105931,7002,112933,726
2022-10-17,Santa Clara,085,1922200,439533,433458,19365,452823,2513
2022-10-17,Santa Cruz,087,273765,63735,63316,3531,66847,273
2022-10-17,Shasta,089,179085,35086,34971,7601,42572,595
2022-10-17,Sierra,091,2930,305,305,61,366,5
2022-10-17,Siskiyou,093,43540,5169,5287,3327,8614,92
2022-10-17,Solano,095,438530,105725,105287,7983,113270,465
2022-10-17,Sonoma,097,501317,107505,107199,5396,112595,520
2022-10-17,Stanislaus,099,539301,138383,137994,21726,159720,1782
2022-10-17,Sutter,101,95872,24385,24357,2479,26836,233
2022-10-17,Tehama,103,63373,13664,13624,3111,16735,209
2022-10-17,Trinity,105,12862,1396,1396,408,1804,20
2022-10-17,Tulare,107,460477,121957,121902,36789,158691,1538
2022-10-17,Tuolumne,109,53932,15628,15586,941,16527,196
2022-10-17,Ventura,111,848112,209548,209051,16036,225087,1571
2022-10-17,Yolo,113,214977,47522,47498,4522,52020,343
2022-10-17,Yuba,115,75493,18977,18934,1737,20671,129
2022-10-16,Alameda,001,1643700,350149,348487,20019,368506,2027
2022-10-16,Alpine,003,1148,136,135,1,136,0
2022-10-16,Amador,005,37829,10026,10013,930,10943,93
2022-10-16,Butte,007,227075,39651,39567,9171,48738,456
2022-10-16,Calaveras,009,45235,8545,8523,569,9092,133
2022-10-16,Colusa,011,21464,3804,3805,1285,5090,22
2022-10-16,Contra Costa,013,1133247,252745,250897,21070,271967,1440
2022-10-16,Del Norte,015,27424,7445,7440,406,7846,56
2022-10-16,El Dorado,017,186661,32465,32373,4324,36697,231
2022-10-16,Fresno,019,978130,275992,275035,31737,306772,2873
2022-10-16,Glenn,021,27897,5538,5532,1875,7407,48
2022-10-16,Humboldt,023,135768,21986,21914,5141,27055,159
2022-10-16,Imperial,025,180216,65809,65691,16071,81762,958
2022-10-16,Inyo,027,18085,4501,4492,1017,5509,60
2022-10-16,Kern,029,883053,219910,219487,64794,284281,2420
2022-10-16,Kings,031,150075,59637,59560,4124,63684,459
2022-10-16,Lake,033,64148,12842,12815,1221,14036,146
2022-10-16,Lassen,035,31185,9975,9970,999,10969,65
2022-10-16,Los Angeles,037,10098052,3297127,3285385,183919,3469304,33525
2022-10-16,Madera,039,155013,44117,44078,8323,52401,375
2022-10-16,Marin,041,260295,45554,45378,5374,50752,315
2022-10-16,Mariposa,043,17540,3095,3091,367,3458,31
2022-10-16,Mendocino,045,87422,16078,16023,4569,20592,136
2022-10-16,Merced,047,269075,72676,72326,11934,84260,868
2022-10-16,Modoc,049,8938,881,882,326,1208,11
2022-10-16,Mono,051,14174,3211,3206,263,3469,7
2022-10-16,Monterey,053,433212,94333,94183,21304,115487,768
2022-10-16,Napa,055,140530,32346,32326,1422,33748,161
2022-10-16,Nevada,057,99092,19076,19023,1902,20925,132
2022-10-16,Orange,059,3164182,670342,668814,63985,732799,7473
2022-10-16,Placer,061,380077,76211,75902,9648,85550,660
2022-10-16,Plumas,063,18699,3699,3682,439,4121,13
2022-10-16,Riverside,065,2383286,697735,696402,35676,732078,6561
2022-10-16,Sacramento,067,1510023,348705,347495,34338,381833,3324
2022-10-16,San Benito,069,59416,16356,16223,997,17220,107
2022-10-16,San Bernardino,071,2135413,673239,672221,31272,703493,8148
2022-10-16,San Diego,073,3302833,928329,926574,72539,999113,5507
2022-10-16,San Francisco,075,870044,180419,179482,12205,191687,1048
2022-10-16,San Joaquin,077,732212,198560,197672,15085,212757,2322
2022-10-16,San Luis Obispo,079,281455,63442,63321,7320,70641,524
2022-10-16,San Mateo,081,765935,169758,168944,10736,179680,732
2022-10-16,Santa Barbara,083,443738,106183,105931,6998,112929,726
2022-10-16,Santa Clara,085,1922200,439340,433458,19351,452809,2513
2022-10-16,Santa Cruz,087,273765,63649,63316,3527,66843,273
2022-10-16,Shasta,089,179085,35071,34971,7591,42562,595
2022-10-16,Sierra,091,2930,305,305,61,366,5
2022-10-16,Siskiyou,093,43540,5166,5287,3327,8614,92
2022-10-16,Solano,095,438530,105679,105287,7982,113269,465
2022-10-16,Sonoma,097,501317,107455,107199,5388,112587,520
2022-10-16,Stanislaus,099,539301,138356,137994,21721,159715,1782
2022-10-16,Sutter,101,95872,24379,24357,2475,26832,233
2022-10-16,Tehama,103,63373,13659,13624,3110,16734,209
2022-10-16,Trinity,105,12862,1396,1396,408,1804,20
2022-10-16,Tulare,107,460477,121931,121902,36776,158678,1538
2022-10-16,Tuolumne,109,53932,15626,15586,941,16527,196
2022-10-16,Ventura,111,848112,209478,209051,16029,225080,1571
2022-10-16,Yolo,113,214977,47506,47498,4512,52010,343
2022-10-16,Yuba,115,75493,18972,18934,1737,20671,129
2022-10-15,Alameda,001,1643700,350052,348487,20006,368493,2027
2022-10-15,Alpine,003,1148,136,135,1,136,0
2022-10-15,Amador,005,37829,10024,10013,930,10943,93
2022-10-15,Butte,007,227075,39648,39567,9167,48734,456
2022-10-15,Calaveras,009,45235,8542,8523,569,9092,133
2022-10-15,Colusa,011,21464,3804,3805,1285,5090,22
2022-10-15,Contra Costa,013,1133247,252674,250897,21067,271964,1440
2022-10-15,Del Norte,015,27424,7445,7440,406,7846,56
2022-10-15,El Dorado,017,186661,32455,32373,4324,36697,231
2022-10-15,Fresno,019,978130,275965,275035,31735,306770,2873
2022-10-15,Glenn,021,27897,5537,5532,1875,7407,48
2022-10-15,Humboldt,023,135768,21978,21914,5133,27047,159
2022-10-15,Imperial,025,180216,65802,65691,16065,81756,958
2022-10-15,Inyo,027,18085,4501,4492,1017,5509,60
2022-10-15,Kern,029,883053,219884,219487,64759,284246,2420
2022-10-15,Kings,031,150075,59623,59560,4124,63684,459
2022-10-15,Lake,033,64148,12842,12815,1221,14036,146
2022-10-15,Lassen,035,31185,9974,9970,999,10969,65
2022-10-15,Los Angeles,037,10098052,3296655,3285385,183828,3469213,33525
2022-10-15,Madera,039,155013,44114,44078,8323,52401,375
2022-10-15,Marin,041,260295,45537,45378,5372,50750,315
2022-10-15,Mariposa,043,17540,3095,3091,367,3458,31
2022-10-15,Mendocino,045,87422,16071,16023,4569,20592,136
2022-10-15,Merced,047,269075,72664,72326,11933,84259,868
2022-10-15,Modoc,049,8938,881,882,325,1207,11
2022-10-15,Mono,051,14174,3210,3206,263,3469,7
2022-10-15,Monterey,053,433212,94317,94183,21292,115475,768
2022-10-15,Napa,055,140530,32343,32326,1422,33748,161
2022-10-15,Nevada,057,99092,19072,19023,1900,20923,132
2022-10-15,Orange,059,3164182,670237,668814,63951,732765,7473
2022-10-15,Placer,061,380077,76197,75902,9647,85549,660
2022-10-15,Plumas,063,18699,3698,3682,439,4121,13
2022-10-15,Riverside,065,2383286,697646,696402,35660,732062,6561
2022-10-15,Sacramento,067,1510023,348619,347495,34334,381829,3324
2022-10-15,San Benito,069,59416,16354,16223,994,17217,107
2022-10-15,San Bernardino,071,2135413,673172,672221,31265,703486,8148
2022-10-15,San Diego,073,3302833,928212,926574,72526,999100,5507
2022-10-15,San Francisco,075,870044,180367,179482,12204,191686,1048
2022-10-15,San Joaquin,077,732212,198524,197672,15082,212754,2322
2022-10-15,San Luis Obispo,079,281455,63434,63321,7317,70638,524
2022-10-15,San Mateo,081,765935,169706,168944,10730,179674,732
2022-10-15,Santa Barbara,083,443738,106159,105931,6994,112925,726
2022-10-15,Santa Clara,085,1922200,439233,433458,19345,452803,2513
2022-10-15,Santa Cruz,087,273765,63623,63316,3522,66838,273
2022-10-15,Shasta,089,179085,35064,34971,7589,42560,595
2022-10-15,Sierra,091,2930,305,305,61,366,5
2022-10-15,Siskiyou,093,43540,5165,5287,3325,8612,92
2022-10-15,Solano,095,438530,105662,105287,7977,113264,465
2022-10-15,Sonoma,097,501317,107431,107199,5387,112586,520
2022-10-15,Stanislaus,099,539301,138339,137994,21719,159713,1782
2022-10-15,Sutter,101,95872,24377,24357,2474,26831,233
2022-10-15,Tehama,103,63373,13657,13624,3110,16734,209
2022-10-15,Trinity,105,12862,1396,1396,408,1804,20
2022-10-15,Tulare,107,460477,121919,121902,36764,158666,1538
2022-10-15,Tuolumne,109,53932,15620,15586,941,16527,196
2022-10-15,Ventura,111,848112,209447,209051,16023,225074,1571
2022-10-15,Yolo,113,214977,47497,47498,4510,52008,343
2022-10-15,Yuba,115,75493,18970,18934,1736,20670,129
2022-10-14,Alameda,001,1643700,349978,348487,19994,368481,2027
2022-10-14,Alpine,003,1148,136,135,1,136,0
2022-10-14,Amador,005,37829,10024,10013,930,10943,93
2022-10-14,Butte,007,227075,39640,39567,9163,48730,456
2022-10-14,Calaveras,009,45235,8538,8523,569,9092,133
2022-10-14,Colusa,011,21464,3803,3805,1285,5090,22
2022-10-14,Contra Costa,013,1133247,252615,250897,21062,271959,1440
2022-10-14,Del Norte,015,27424,7445,7440,406,7846,56
2022-10-14,El Dorado,017,186661,32449,32373,4321,36694,231
2022-10-14,Fresno,019,978130,275935,275035,31729,306764,2873
2022-10-14,Glenn,021,27897,5536,5532,1873,7405,48
2022-10-14,Humboldt,023,135768,21976,21914,5128,27042,159
2022-10-14,Imperial,025,180216,65792,65691,16057,81748,958
2022-10-14,Inyo,027,18085,4501,4492,1015,5507,60
2022-10-14,Kern,029,883053,219865,219487,64734,284221,2420
2022-10-14,Kings,031,150075,59616,59560,4124,63684,459
2022-10-14,Lake,033,64148,12840,12815,1221,14036,146
2022-10-14,Lassen,035,31185,9974,9970,999,10969,65
2022-10-14,Los Angeles,037,10098052,3296151,3285385,183732,3469117,33525
2022-10-14,Madera,039,155013,44109,44078,8317,52395,375
2022-10-14,Marin,041,260295,45526,45378,5371,50749,315
2022-10-14,Mariposa,043,17540,3095,3091,367,3458,31
2022-10-14,Mendocino,045,87422,16066,16023,4568,20591,136
2022-10-14,Merced,047,269075,72652,72326,11931,84257,868
2022-10-14,Modoc,049,8938,881,882,325,1207,11
2022-10-14,Mono,051,14174,3210,3206,263,3469,7
2022-10-14,Monterey,053,433212,94298,94183,21287,115470,768
2022-10-14,Napa,055,140530,32335,32326,1422,33748,161
2022-10-14,Nevada,057,99092,19065,19023,1899,20922,132
2022-10-14,Orange,059,3164182,670134,668814,63917,732731,7473
2022-10-14,Placer,061,380077,76181,75902,9643,85545,660
2022-10-14,Plumas,063,18699,3697,3682,439,4121,13
2022-10-14,Riverside,065,2383286,697553,696402,35650,732052,6561
2022-10-14,Sacramento,067,1510023,348547,347495,34329,381824,3324
2022-10-14,San Benito,069,59416,16350,16223,994,17217,107
2022-10-14,San Bernardino,071,2135413,673098,672221,31252,703473,8148
2022-10-14,San Diego,073,3302833,927996,926574,72504,999078,5507
2022-10-14,San Francisco,075,870044,180318,179482,12200,191682,1048
2022-10-14,San Joaquin,077,732212,198491,197672,15078,212750,2322
2022-10-14,San Luis Obispo,079,281455,63424,63321,7315,70636,524
2022-10-14,San Mateo,081,765935,169656,168944,10730,179674,732
2022-10-14,Santa Barbara,083,443738,106144,105931,6994,112925,726
2022-10-14,Santa Clara,085,1922200,439096,433458,19337,452795,2513
2022-10-14,Santa Cruz,087,273765,63592,63316,3521,66837,273
2022-10-14,Shasta,089,179085,35059,34971,7589,42560,595
2022-10-14,Sierra,091,2930,305,305,61,366,5
2022-10-14,Siskiyou,093,43540,5164,5287,3325,8612,92
2022-10-14,Solano,095,438530,105631,105287,7975,113262,465
2022-10-14,Sonoma,097,501317,107411,107199,5386,112585,520
2022-10-14,Stanislaus,099,539301,138316,137994,21713,159707,1782
2022-10-14,Sutter,101,95872,24370,24357,2474,26831,233
2022-10-14,Tehama,103,63373,13653,13624,3109,16733,209
2022-10-14,Trinity,105,12862,1396,1396,408,1804,20
2022-10-14,Tulare,107,460477,121902,121902,36759,158661,1538
2022-10-14,Tuolumne,109,53932,15616,15586,941,16527,196
2022-10-14,Ventura,111,848112,209399,209051,16020,225071,1571
2022-10-14,Yolo,113,214977,47487,47498,4505,52003,343
2022-10-14,Yuba,115,75493,18964,18934,1736,20670,129
2022-10-13,Alameda,001,1643700,349840,348487,19977,368464,2027
2022-10-13,Alpine,003,1148,136,135,1,136,0
2022-10-13,Amador,005,37829,10022,10013,930,10943,93
2022-10-13,Butte,007,227075,39630,39567,9158,48725,456
2022-10-13,Calaveras,009,45235,8536,8523,569,9092,133
2022-10-13,Colusa,011,21464,3803,3805,1285,5090,22
2022-10-13,Contra Costa,013,1133247,252531,250897,21053,271950,1440
2022-10-13,Del Norte,015,27424,7444,7440,406,7846,56
2022-10-13,El Dorado,017,186661,32438,32373,4317,36690,231
2022-10-13,Fresno,019,978130,275894,275035,31719,306754,2873
2022-10-13,Glenn,021,27897,5536,5532,1873,7405,48
2022-10-13,Humboldt,023,135768,21965,21914,5121,27035,159
2022-10-13,Imperial,025,180216,65778,65691,16045,81736,958
2022-10-13,Inyo,027,18085,4500,4492,1015,5507,60
2022-10-13,Kern,029,883053,219833,219487,64694,284181,2420
2022-10-13,Kings,031,150075,59606,59560,4124,63684,459
2022-10-13,Lake,033,64148,12837,12815,1221,14036,146
2022-10-13,Lassen,035,31185,9973,9970,999,10969,65
2022-10-13,Los Angeles,037,10098052,3295410,3285385,183600,3468985,33525
2022-10-13,Madera,039,155013,44103,44078,8312,52390,375
2022-10-13,Marin,041,260295,45497,45378,5367,50745,315
2022-10-13,Mariposa,043,17540,3094,3091,367,3458,31
2022-10-13,Mendocino,045,87422,16060,16023,4568,20591,136
2022-10-13,Merced,047,269075,72638,72326,11926,84252,868
2022-10-13,Modoc,049,8938,881,882,325,1207,11
2022-10-13,Mono,051,14174,3209,3206,262,3468,7
2022-10-13,Monterey,053,433212,94285,94183,21275,115458,768
2022-10-13,Napa,055,140530,32321,32326,1421,33747,161
2022-10-13,Nevada,057,99092,19055,19023,1896,20919,132
2022-10-13,Orange,059,3164182,669983,668814,63868,732682,7473
2022-10-13,Placer,061,380077,76165,75902,9638,85540,660
2022-10-13,Plumas,063,18699,3695,3682,439,4121,13
2022-10-13,Riverside,065,2383286,697430,696402,35634,732036,6561
2022-10-13,Sacramento,067,1510023,348418,347495,34316,381811,3324
2022-10-13,San Benito,069,59416,16349,16223,994,17217,107
2022-10-13,San Bernardino,071,2135413,673005,672221,31243,703464,8148
2022-10-13,San Diego,073,3302833,927792,926574,72480,999054,5507
2022-10-13,San Francisco,075,870044,180228,179482,12197,191679,1048
2022-10-13,San Joaquin,077,732212,198448,197672,15071,212743,2322
2022-10-13,San Luis Obispo,079,281455,63418,63321,7303,70624,524
2022-10-13,San Mateo,081,765935,169564,168944,10728,179672,732
2022-10-13,Santa Barbara,083,443738,106123,105931,6989,112920,726
2022-10-13,Santa Clara,085,1922200,438950,433458,19333,452791,2513
2022-10-13,Santa Cruz,087,273765,63567,63316,3519,66835,273
2022-10-13,Shasta,089,179085,35049,34971,7583,42554,595
2022-10-13,Sierra,091,2930,305,305,61,366,5
2022-10-13,Siskiyou,093,43540,5161,5287,3322,8609,92
2022-10-13,Solano,095,438530,105593,105287,7971,113258,465
2022-10-13,Sonoma,097,501317,107376,107199,5384,112583,520
2022-10-13,Stanislaus,099,539301,138285,137994,21713,159707,1782
2022-10-13,Sutter,101,95872,24366,24357,2474,26831,233
2022-10-13,Tehama,103,63373,13650,13624,3108,16732,209
2022-10-13,Trinity,105,12862,1396,1396,407,1803,20
2022-10-13,Tulare,107,460477,121888,121902,36746,158648,1538
2022-10-13,Tuolumne,109,53932,15609,15586,941,16527,196
2022-10-13,Ventura,111,848112,209352,209051,16011,225062,1571
2022-10-13,Yolo,113,214977,47469,47498,4499,51997,343
2022-10-13,Yuba,115,75493,18958,18934,1736,20670,129
2022-10-12,Alameda,001,1643700,349718,348487,19961,368448,2027
2022-10-12,Alpine,003,1148,135,135,1,136,0
2022-10-12,Amador,005,37829,10020,10013,930,10943,93
2022-10-12,Butte,007,227075,39621,39567,9157,48724,456
2022-10-12,Calaveras,009,45235,8531,8523,569,9092,133
2022-10-12,Colusa,011,21464,3803,3805,1285,5090,22
2022-10-12,Contra Costa,013,1133247,252440,250897,21042,271939,1440
2022-10-12,Del Norte,015,27424,7444,7440,406,7846,56
2022-10-12,El Dorado,017,186661,32428,32373,4316,36689,231
2022-10-12,Fresno,019,978130,275850,275035,31710,306745,2873
2022-10-12,Glenn,021,27897,5535,5532,1873,7405,48
2022-10-12,Humboldt,023,135768,21960,21914,5117,27031,159
2022-10-12,Imperial,025,180216,65758,65691,16035,81726,958
2022-10-12,Inyo,027,18085,4499,4492,1014,5506,60
2022-10-12,Kern,029,883053,219794,219487,64659,284146,2420
2022-10-12,Kings,031,150075,59601,59560,4121,63681,459
2022-10-12,Lake,033,64148,12829,12815,1221,14036,146
2022-10-12,Lassen,035,31185,9970,9970,999,10969,65
2022-10-12,Los Angeles,037,10098052,3294648,3285385,183457,3468842,33525
2022-10-12,Madera,039,155013,44094,44078,8310,52388,375
2022-10-12,Marin,041,260295,45479,45378,5364,50742,315
2022-10-12,Mariposa,043,17540,3093,3091,367,3458,31
2022-10-12,Mendocino,045,87422,16058,16023,4566,20589,136
2022-10-12,Merced,047,269075,72616,72326,11921,84247,868
2022-10-12,Modoc,049,8938,881,882,325,1207,11
2022-10-12,Mono,051,14174,3208,3206,261,3467,7
2022-10-12,Monterey,053,433212,94268,94183,21264,115447,768
2022-10-12,Napa,055,140530,32311,32326,1420,33746,161
2022-10-12,Nevada,057,99092,19048,19023,1894,20917,132
2022-10-12,Orange,059,3164182,669816,668814,63821,732635,7473
2022-10-12,Placer,061,380077,76146,75902,9633,85535,660
2022-10-12,Plumas,063,18699,3693,3682,438,4120,13
2022-10-12,Riverside,065,2383286,697306,696402,35612,732014,6561
2022-10-12,Sacramento,067,1510023,348311,347495,34296,381791,3324
2022-10-12,San Benito,069,59416,16344,16223,992,17215,107
2022-10-12,San Bernardino,071,2135413,672877,672221,31231,703452,8148
2022-10-12,San Diego,073,3302833,927532,926574,72445,999019,5507
2022-10-12,San Francisco,075,870044,180149,179482,12196,191678,1048
2022-10-12,San Joaquin,077,732212,198392,197672,15064,212736,2322
2022-10-12,San Luis Obispo,079,281455,63406,63321,7298,70619,524
2022-10-12,San Mateo,081,765935,169484,168944,10726,179670,732
2022-10-12,Santa Barbara,083,443738,106108,105931,6987,112918,726
2022-10-12,Santa Clara,085,1922200,438765,433458,19324,452782,2513
2022-10-12,Santa Cruz,087,273765,63530,63316,3519,66835,273
2022-10-12,Shasta,089,179085,35035,34971,7576,42547,595
2022-10-12,Sierra,091,2930,305,305,61,366,5
2022-10-12,Siskiyou,093,43540,5161,5287,3319,8606,92
2022-10-12,Solano,095,438530,105550,105287,7969,113256,465
2022-10-12,Sonoma,097,501317,107345,107199,5383,112582,520
2022-10-12,Stanislaus,099,539301,138239,137994,21708,159702,1782
2022-10-12,Sutter,101,95872,24360,24357,2474,26831,233
2022-10-12,Tehama,103,63373,13648,13624,3107,16731,209
2022-10-12,Trinity,105,12862,1396,1396,405,1801,20
2022-10-12,Tulare,107,460477,121864,121902,36725,158627,1538
2022-10-12,Tuolumne,109,53932,15605,15586,941,16527,196
2022-10-12,Ventura,111,848112,209303,209051,16006,225057,1571
2022-10-12,Yolo,113,214977,47449,47498,4495,51993,343
2022-10-12,Yuba,115,75493,18951,18934,1734,20668,129
2022-10-11,Alameda,001,1643700,349555,348487,19952,368439,2027
2022-10-11,Alpine,003,1148,135,135,1,136,0
2022-10-11,Amador,005,37829,10016,10013,930,10943,93
2022-10-11,Butte,007,227075,39606,39567,9157,48724,456
2022-10-11,Calaveras,009,45235,8527,8523,568,9091,133
2022-10-11,Colusa,011,21464,3802,3805,1285,5090,22
2022-10-11,Contra Costa,013,1133247,252327,250897,21036,271933,1440
2022-10-11,Del Norte,015,27424,7439,7440,406,7846,56
2022-10-11,El Dorado,017,186661,32410,32373,4315,36688,231
2022-10-11,Fresno,019,978130,275796,275035,31697,306732,2873
2022-10-11,Glenn,021,27897,5534,5532,1872,7404,48
2022-10-11,Humboldt,023,135768,21954,21914,5107,27021,159
2022-10-11,Imperial,025,180216,65745,65691,16016,81707,958
2022-10-11,Inyo,027,18085,4497,4492,1013,5505,60
2022-10-11,Kern,029,883053,219769,219487,64634,284121,2420
2022-10-11,Kings,031,150075,59587,59560,4116,63676,459
2022-10-11,Lake,033,64148,12825,12815,1219,14034,146
2022-10-11,Lassen,035,31185,9969,9970,999,10969,65
2022-10-11,Los Angeles,037,10098052,3293820,3285385,183326,3468711,33525
2022-10-11,Madera,039,155013,44087,44078,8309,52387,375
2022-10-11,Marin,041,260295,45462,45378,5359,50737,315
2022-10-11,Mariposa,043,17540,3092,3091,367,3458,31
2022-10-11,Mendocino,045,87422,16053,16023,4564,20587,136
2022-10-11,Merced,047,269075,72591,72326,11919,84245,868
2022-10-11,Modoc,049,8938,880,882,325,1207,11
2022-10-11,Mono,051,14174,3208,3206,260,3466,7
2022-10-11,Monterey,053,433212,94258,94183,21256,115439,768
2022-10-11,Napa,055,140530,32307,32326,1419,33745,161
2022-10-11,Nevada,057,99092,19039,19023,1890,20913,132
2022-10-11,Orange,059,3164182,669645,668814,63778,732592,7473
2022-10-11,Placer,061,380077,76116,75902,9630,85532,660
2022-10-11,Plumas,063,18699,3693,3682,437,4119,13
2022-10-11,Riverside,065,2383286,697176,696402,35601,732003,6561
2022-10-11,Sacramento,067,1510023,348153,347495,34278,381773,3324
2022-10-11,San Benito,069,59416,16338,16223,991,17214,107
2022-10-11,San Bernardino,071,2135413,672743,672221,31222,703443,8148
2022-10-11,San Diego,073,3302833,927252,926574,72410,998984,5507
2022-10-11,San Francisco,075,870044,180055,179482,12195,191677,1048
2022-10-11,San Joaquin,077,732212,198350,197672,15056,212728,2322
2022-10-11,San Luis Obispo,079,281455,63385,63321,7285,70606,524
2022-10-11,San Mateo,081,765935,169408,168944,10722,179666,732
2022-10-11,Santa Barbara,083,443738,106079,105931,6985,112916,726
2022-10-11,Santa Clara,085,1922200,438591,433458,19315,452773,2513
2022-10-11,Santa Cruz,087,273765,63488,63316,3517,66833,273
2022-10-11,Shasta,089,179085,35023,34971,7566,42537,595
2022-10-11,Sierra,091,2930,305,305,61,366,5
2022-10-11,Siskiyou,093,43540,5160,5287,3317,8604,92
2022-10-11,Solano,095,438530,105513,105287,7965,113252,465
2022-10-11,Sonoma,097,501317,107303,107199,5379,112578,520
2022-10-11,Stanislaus,099,539301,138207,137994,21704,159698,1782
2022-10-11,Sutter,101,95872,24356,24357,2474,26831,233
2022-10-11,Tehama,103,63373,13647,13624,3104,16728,209
2022-10-11,Trinity,105,12862,1396,1396,404,1800,20
2022-10-11,Tulare,107,460477,121840,121902,36712,158614,1538
2022-10-11,Tuolumne,109,53932,15599,15586,941,16527,196
2022-10-11,Ventura,111,848112,209253,209051,15997,225048,1571
2022-10-11,Yolo,113,214977,47442,47498,4489,51987,343
2022-10-11,Yuba,115,75493,18939,18934,1734,20668,129
2022-10-10,Alameda,001,1643700,349407,347497,19941,367438,2023
2022-10-10,Alpine,003,1148,135,135,1,136,0
2022-10-10,Amador,005,37829,10013,9999,930,10929,93
2022-10-10,Butte,007,227075,39595,39453,9155,48608,454
2022-10-10,Calaveras,009,45235,8527,8511,567,9078,133
2022-10-10,Colusa,011,21464,3801,3794,1285,5079,22
2022-10-10,Contra Costa,013,1133247,252211,250136,21021,271157,1430
2022-10-10,Del Norte,015,27424,7436,7433,405,7838,56
2022-10-10,El Dorado,017,186661,32396,32320,4312,36632,231
2022-10-10,Fresno,019,978130,275738,274628,31686,306314,2865
2022-10-10,Glenn,021,27897,5533,5510,1872,7382,48
2022-10-10,Humboldt,023,135768,21935,21831,5103,26934,159
2022-10-10,Imperial,025,180216,65727,65532,15999,81531,958
2022-10-10,Inyo,027,18085,4496,4489,1011,5500,59
2022-10-10,Kern,029,883053,219727,219191,64594,283785,2418
2022-10-10,Kings,031,150075,59578,59489,4114,63603,458
2022-10-10,Lake,033,64148,12821,12795,1219,14014,147
2022-10-10,Lassen,035,31185,9969,9967,998,10965,65
2022-10-10,Los Angeles,037,10098052,3292935,3278961,183175,3462136,33467
2022-10-10,Madera,039,155013,44077,44029,8303,52332,374
2022-10-10,Marin,041,260295,45444,45190,5355,50545,313
2022-10-10,Mariposa,043,17540,3091,3088,366,3454,31
2022-10-10,Mendocino,045,87422,16042,15992,4559,20551,136
2022-10-10,Merced,047,269075,72573,72236,11913,84149,865
2022-10-10,Modoc,049,8938,880,876,325,1201,11
2022-10-10,Mono,051,14174,3206,3205,260,3465,7
2022-10-10,Monterey,053,433212,94242,94111,21252,115363,766
2022-10-10,Napa,055,140530,32296,32258,1419,33677,160
2022-10-10,Nevada,057,99092,19035,18989,1889,20878,132
2022-10-10,Orange,059,3164182,669459,667297,63725,731022,7452
2022-10-10,Placer,061,380077,76093,75768,9623,85391,660
2022-10-10,Plumas,063,18699,3692,3669,436,4105,13
2022-10-10,Riverside,065,2383286,697023,695315,35588,730903,6567
2022-10-10,Sacramento,067,1510023,348034,346748,34237,380985,3310
2022-10-10,San Benito,069,59416,16334,16188,991,17179,106
2022-10-10,San Bernardino,071,2135413,672590,670906,31211,702117,8116
2022-10-10,San Diego,073,3302833,926989,924672,72371,997043,5498
2022-10-10,San Francisco,075,870044,179968,178943,12191,191134,1045
2022-10-10,San Joaquin,077,732212,198293,197390,15049,212439,2319
2022-10-10,San Luis Obispo,079,281455,63363,63219,7279,70498,524
2022-10-10,San Mateo,081,765935,169321,168413,10719,179132,737
2022-10-10,Santa Barbara,083,443738,106036,105695,6982,112677,725
2022-10-10,Santa Clara,085,1922200,438388,432327,19296,451623,2506
2022-10-10,Santa Cruz,087,273765,63454,63099,3516,66615,273
2022-10-10,Shasta,089,179085,35008,34904,7559,42463,593
2022-10-10,Sierra,091,2930,305,305,61,366,5
2022-10-10,Siskiyou,093,43540,5157,5272,3316,8588,92
2022-10-10,Solano,095,438530,105467,105042,7959,113001,465
2022-10-10,Sonoma,097,501317,107268,106940,5374,112314,520
2022-10-10,Stanislaus,099,539301,138166,137838,21699,159537,1781
2022-10-10,Sutter,101,95872,24347,24326,2474,26800,232
2022-10-10,Tehama,103,63373,13643,13603,3104,16707,210
2022-10-10,Trinity,105,12862,1396,1394,400,1794,20
2022-10-10,Tulare,107,460477,121822,121787,36694,158481,1531
2022-10-10,Tuolumne,109,53932,15593,15558,941,16499,196
2022-10-10,Ventura,111,848112,209184,208632,15988,224620,1567
2022-10-10,Yolo,113,214977,47419,47422,4488,51910,341
2022-10-10,Yuba,115,75493,18933,18914,1734,20648,129
2022-10-09,Alameda,001,1643700,349255,347497,19919,367416,2023
2022-10-09,Alpine,003,1148,135,135,1,136,0
2022-10-09,Amador,005,37829,10011,9999,930,10929,93
2022-10-09,Butte,007,227075,39587,39453,9154,48607,454
2022-10-09,Calaveras,009,45235,8524,8511,567,9078,133
2022-10-09,Colusa,011,21464,3801,3794,1285,5079,22
2022-10-09,Contra Costa,013,1133247,252100,250136,21008,271144,1430
2022-10-09,Del Norte,015,27424,7435,7433,405,7838,56
2022-10-09,El Dorado,017,186661,32385,32320,4312,36632,231
2022-10-09,Fresno,019,978130,275647,274628,31675,306303,2865
2022-10-09,Glenn,021,27897,5530,5510,1871,7381,48
2022-10-09,Humboldt,023,135768,21922,21831,5097,26928,159
2022-10-09,Imperial,025,180216,65697,65532,15978,81510,958
2022-10-09,Inyo,027,18085,4496,4489,1009,5498,59
2022-10-09,Kern,029,883053,219692,219191,64528,283719,2418
2022-10-09,Kings,031,150075,59561,59489,4113,63602,458
2022-10-09,Lake,033,64148,12814,12795,1219,14014,147
2022-10-09,Lassen,035,31185,9969,9967,998,10965,65
2022-10-09,Los Angeles,037,10098052,3291930,3278961,183007,3461968,33467
2022-10-09,Madera,039,155013,44067,44029,8301,52330,374
2022-10-09,Marin,041,260295,45411,45190,5348,50538,313
2022-10-09,Mariposa,043,17540,3089,3088,366,3454,31
2022-10-09,Mendocino,045,87422,16036,15992,4559,20551,136
2022-10-09,Merced,047,269075,72557,72236,11906,84142,865
2022-10-09,Modoc,049,8938,880,876,325,1201,11
2022-10-09,Mono,051,14174,3206,3205,260,3465,7
2022-10-09,Monterey,053,433212,94226,94111,21242,115353,766
2022-10-09,Napa,055,140530,32282,32258,1418,33676,160
2022-10-09,Nevada,057,99092,19029,18989,1886,20875,132
2022-10-09,Orange,059,3164182,669238,667297,63652,730949,7452
2022-10-09,Placer,061,380077,76075,75768,9620,85388,660
2022-10-09,Plumas,063,18699,3690,3669,436,4105,13
2022-10-09,Riverside,065,2383286,696828,695315,35575,730890,6567
2022-10-09,Sacramento,067,1510023,347875,346748,34218,380966,3310
2022-10-09,San Benito,069,59416,16332,16188,991,17179,106
2022-10-09,San Bernardino,071,2135413,672435,670906,31202,702108,8116
2022-10-09,San Diego,073,3302833,926708,924672,72337,997009,5498
2022-10-09,San Francisco,075,870044,179871,178943,12188,191131,1045
2022-10-09,San Joaquin,077,732212,198215,197390,15044,212434,2319
2022-10-09,San Luis Obispo,079,281455,63356,63219,7271,70490,524
2022-10-09,San Mateo,081,765935,169215,168413,10714,179127,737
2022-10-09,Santa Barbara,083,443738,106002,105695,6978,112673,725
2022-10-09,Santa Clara,085,1922200,438177,432327,19281,451608,2506
2022-10-09,Santa Cruz,087,273765,63389,63099,3514,66613,273
2022-10-09,Shasta,089,179085,34984,34904,7552,42456,593
2022-10-09,Sierra,091,2930,305,305,61,366,5
2022-10-09,Siskiyou,093,43540,5157,5272,3315,8587,92
2022-10-09,Solano,095,438530,105412,105042,7958,113000,465
2022-10-09,Sonoma,097,501317,107221,106940,5372,112312,520
2022-10-09,Stanislaus,099,539301,138141,137838,21690,159528,1781
2022-10-09,Sutter,101,95872,24336,24326,2473,26799,232
2022-10-09,Tehama,103,63373,13641,13603,3104,16707,210
2022-10-09,Trinity,105,12862,1396,1394,400,1794,20
2022-10-09,Tulare,107,460477,121798,121787,36674,158461,1531
2022-10-09,Tuolumne,109,53932,15586,15558,941,16499,196
2022-10-09,Ventura,111,848112,209137,208632,15983,224615,1567
2022-10-09,Yolo,113,214977,47396,47422,4485,51907,341
2022-10-09,Yuba,115,75493,18930,18914,1734,20648,129
2022-10-08,Alameda,001,1643700,349168,347497,19912,367409,2023
2022-10-08,Alpine,003,1148,135,135,1,136,0
2022-10-08,Amador,005,37829,10010,9999,929,10928,93
2022-10-08,Butte,007,227075,39582,39453,9148,48601,454
2022-10-08,Calaveras,009,45235,8522,8511,567,9078,133
2022-10-08,Colusa,011,21464,3801,3794,1285,5079,22
2022-10-08,Contra Costa,013,1133247,252023,250136,21002,271138,1430
2022-10-08,Del Norte,015,27424,7435,7433,405,7838,56
2022-10-08,El Dorado,017,186661,32376,32320,4311,36631,231
2022-10-08,Fresno,019,978130,275617,274628,31672,306300,2865
2022-10-08,Glenn,021,27897,5529,5510,1871,7381,48
2022-10-08,Humboldt,023,135768,21912,21831,5090,26921,159
2022-10-08,Imperial,025,180216,65672,65532,15972,81504,958
2022-10-08,Inyo,027,18085,4496,4489,1007,5496,59
2022-10-08,Kern,029,883053,219657,219191,64507,283698,2418
2022-10-08,Kings,031,150075,59557,59489,4113,63602,458
2022-10-08,Lake,033,64148,12811,12795,1219,14014,147
2022-10-08,Lassen,035,31185,9969,9967,998,10965,65
2022-10-08,Los Angeles,037,10098052,3291364,3278961,182916,3461877,33467
2022-10-08,Madera,039,155013,44062,44029,8301,52330,374
2022-10-08,Marin,041,260295,45391,45190,5342,50532,313
2022-10-08,Mariposa,043,17540,3089,3088,366,3454,31
2022-10-08,Mendocino,045,87422,16036,15992,4555,20547,136
2022-10-08,Merced,047,269075,72548,72236,11904,84140,865
2022-10-08,Modoc,049,8938,878,876,325,1201,11
2022-10-08,Mono,051,14174,3206,3205,260,3465,7
2022-10-08,Monterey,053,433212,94216,94111,21240,115351,766
2022-10-08,Napa,055,140530,32275,32258,1418,33676,160
2022-10-08,Nevada,057,99092,19027,18989,1885,20874,132
2022-10-08,Orange,059,3164182,669123,667297,63608,730905,7452
2022-10-08,Placer,061,380077,76047,75768,9617,85385,660
2022-10-08,Plumas,063,18699,3689,3669,436,4105,13
2022-10-08,Riverside,065,2383286,696732,695315,35561,730876,6567
2022-10-08,Sacramento,067,1510023,347815,346748,34216,380964,3310
2022-10-08,San Benito,069,59416,16329,16188,991,17179,106
2022-10-08,San Bernardino,071,2135413,672359,670906,31193,702099,8116
2022-10-08,San Diego,073,3302833,926575,924672,72322,996994,5498
2022-10-08,San Francisco,075,870044,179823,178943,12184,191127,1045
2022-10-08,San Joaquin,077,732212,198181,197390,15039,212429,2319
2022-10-08,San Luis Obispo,079,281455,63350,63219,7270,70489,524
2022-10-08,San Mateo,081,765935,169165,168413,10711,179124,737
2022-10-08,Santa Barbara,083,443738,105978,105695,6976,112671,725
2022-10-08,Santa Clara,085,1922200,438061,432327,19270,451597,2506
2022-10-08,Santa Cruz,087,273765,63367,63099,3514,66613,273
2022-10-08,Shasta,089,179085,34978,34904,7547,42451,593
2022-10-08,Sierra,091,2930,305,305,61,366,5
2022-10-08,Siskiyou,093,43540,5157,5272,3314,8586,92
2022-10-08,Solano,095,438530,105392,105042,7953,112995,465
2022-10-08,Sonoma,097,501317,107192,106940,5372,112312,520
2022-10-08,Stanislaus,099,539301,138125,137838,21686,159524,1781
2022-10-08,Sutter,101,95872,24333,24326,2473,26799,232
2022-10-08,Tehama,103,63373,13640,13603,3103,16706,210
2022-10-08,Trinity,105,12862,1396,1394,400,1794,20
2022-10-08,Tulare,107,460477,121774,121787,36668,158455,1531
2022-10-08,Tuolumne,109,53932,15581,15558,941,16499,196
2022-10-08,Ventura,111,848112,209104,208632,15978,224610,1567
2022-10-08,Yolo,113,214977,47385,47422,4484,51906,341
2022-10-08,Yuba,115,75493,18927,18914,1734,20648,129
2022-10-07,Alameda,001,1643700,349051,347497,19909,367406,2023
2022-10-07,Alpine,003,1148,135,135,1,136,0
2022-10-07,Amador,005,37829,10008,9999,929,10928,93
2022-10-07,Butte,007,227075,39581,39453,9146,48599,454
2022-10-07,Calaveras,009,45235,8521,8511,567,9078,133
2022-10-07,Colusa,011,21464,3801,3794,1284,5078,22
2022-10-07,Contra Costa,013,1133247,251944,250136,21001,271137,1430
2022-10-07,Del Norte,015,27424,7435,7433,404,7837,56
2022-10-07,El Dorado,017,186661,32367,32320,4309,36629,231
2022-10-07,Fresno,019,978130,275587,274628,31669,306297,2865
2022-10-07,Glenn,021,27897,5528,5510,1870,7380,48
2022-10-07,Humboldt,023,135768,21907,21831,5081,26912,159
2022-10-07,Imperial,025,180216,65660,65532,15966,81498,958
2022-10-07,Inyo,027,18085,4494,4489,1005,5494,59
2022-10-07,Kern,029,883053,219627,219191,64480,283671,2418
2022-10-07,Kings,031,150075,59549,59489,4113,63602,458
2022-10-07,Lake,033,64148,12807,12795,1219,14014,147
2022-10-07,Lassen,035,31185,9969,9967,998,10965,65
2022-10-07,Los Angeles,037,10098052,3290748,3278961,182811,3461772,33467
2022-10-07,Madera,039,155013,44059,44029,8298,52327,374
2022-10-07,Marin,041,260295,45372,45190,5340,50530,313
2022-10-07,Mariposa,043,17540,3086,3088,366,3454,31
2022-10-07,Mendocino,045,87422,16032,15992,4554,20546,136
2022-10-07,Merced,047,269075,72542,72236,11901,84137,865
2022-10-07,Modoc,049,8938,878,876,325,1201,11
2022-10-07,Mono,051,14174,3205,3205,260,3465,7
2022-10-07,Monterey,053,433212,94201,94111,21236,115347,766
2022-10-07,Napa,055,140530,32267,32258,1418,33676,160
2022-10-07,Nevada,057,99092,19026,18989,1880,20869,132
2022-10-07,Orange,059,3164182,669004,667297,63573,730870,7452
2022-10-07,Placer,061,380077,76028,75768,9613,85381,660
2022-10-07,Plumas,063,18699,3686,3669,436,4105,13
2022-10-07,Riverside,065,2383286,696645,695315,35548,730863,6567
2022-10-07,Sacramento,067,1510023,347731,346748,34208,380956,3310
2022-10-07,San Benito,069,59416,16327,16188,991,17179,106
2022-10-07,San Bernardino,071,2135413,672277,670906,31188,702094,8116
2022-10-07,San Diego,073,3302833,926402,924672,72304,996976,5498
2022-10-07,San Francisco,075,870044,179762,178943,12177,191120,1045
2022-10-07,San Joaquin,077,732212,198147,197390,15038,212428,2319
2022-10-07,San Luis Obispo,079,281455,63338,63219,7269,70488,524
2022-10-07,San Mateo,081,765935,169096,168413,10709,179122,737
2022-10-07,Santa Barbara,083,443738,105953,105695,6975,112670,725
2022-10-07,Santa Clara,085,1922200,437932,432327,19262,451589,2506
2022-10-07,Santa Cruz,087,273765,63335,63099,3513,66612,273
2022-10-07,Shasta,089,179085,34972,34904,7544,42448,593
2022-10-07,Sierra,091,2930,305,305,61,366,5
2022-10-07,Siskiyou,093,43540,5156,5272,3313,8585,92
2022-10-07,Solano,095,438530,105363,105042,7950,112992,465
2022-10-07,Sonoma,097,501317,107165,106940,5371,112311,520
2022-10-07,Stanislaus,099,539301,138107,137838,21685,159523,1781
2022-10-07,Sutter,101,95872,24326,24326,2473,26799,232
2022-10-07,Tehama,103,63373,13640,13603,3101,16704,210
2022-10-07,Trinity,105,12862,1395,1394,400,1794,20
2022-10-07,Tulare,107,460477,121759,121787,36653,158440,1531
2022-10-07,Tuolumne,109,53932,15577,15558,941,16499,196
2022-10-07,Ventura,111,848112,209063,208632,15972,224604,1567
2022-10-07,Yolo,113,214977,47378,47422,4480,51902,341
2022-10-07,Yuba,115,75493,18927,18914,1734,20648,129
2022-10-06,Alameda,001,1643700,348913,347497,19897,367394,2023
2022-10-06,Alpine,003,1148,135,135,1,136,0
2022-10-06,Amador,005,37829,10006,9999,929,10928,93
2022-10-06,Butte,007,227075,39572,39453,9141,48594,454
2022-10-06,Calaveras,009,45235,8519,8511,566,9077,133
2022-10-06,Colusa,011,21464,3801,3794,1284,5078,22
2022-10-06,Contra Costa,013,1133247,251854,250136,20997,271133,1430
2022-10-06,Del Norte,015,27424,7433,7433,404,7837,56
2022-10-06,El Dorado,017,186661,32357,32320,4307,36627,231
2022-10-06,Fresno,019,978130,275539,274628,31663,306291,2865
2022-10-06,Glenn,021,27897,5527,5510,1869,7379,48
2022-10-06,Humboldt,023,135768,21896,21831,5072,26903,159
2022-10-06,Imperial,025,180216,65637,65532,15957,81489,958
2022-10-06,Inyo,027,18085,4494,4489,1004,5493,59
2022-10-06,Kern,029,883053,219596,219191,64453,283644,2418
2022-10-06,Kings,031,150075,59535,59489,4111,63600,458
2022-10-06,Lake,033,64148,12806,12795,1219,14014,147
2022-10-06,Lassen,035,31185,9969,9967,998,10965,65
2022-10-06,Los Angeles,037,10098052,3289903,3278961,182663,3461624,33467
2022-10-06,Madera,039,155013,44050,44029,8298,52327,374
2022-10-06,Marin,041,260295,45354,45190,5338,50528,313
2022-10-06,Mariposa,043,17540,3086,3088,366,3454,31
2022-10-06,Mendocino,045,87422,16031,15992,4553,20545,136
2022-10-06,Merced,047,269075,72530,72236,11900,84136,865
2022-10-06,Modoc,049,8938,877,876,325,1201,11
2022-10-06,Mono,051,14174,3205,3205,260,3465,7
2022-10-06,Monterey,053,433212,94192,94111,21227,115338,766
2022-10-06,Napa,055,140530,32260,32258,1418,33676,160
2022-10-06,Nevada,057,99092,19020,18989,1879,20868,132
2022-10-06,Orange,059,3164182,668810,667297,63520,730817,7452
2022-10-06,Placer,061,380077,76003,75768,9611,85379,660
2022-10-06,Plumas,063,18699,3684,3669,436,4105,13
2022-10-06,Riverside,065,2383286,696514,695315,35538,730853,6567
2022-10-06,Sacramento,067,1510023,347613,346748,34193,380941,3310
2022-10-06,San Benito,069,59416,16324,16188,990,17178,106
2022-10-06,San Bernardino,071,2135413,672144,670906,31175,702081,8116
2022-10-06,San Diego,073,3302833,926153,924672,72254,996926,5498
2022-10-06,San Francisco,075,870044,179683,178943,12175,191118,1045
2022-10-06,San Joaquin,077,732212,198096,197390,15031,212421,2319
2022-10-06,San Luis Obispo,079,281455,63320,63219,7265,70484,524
2022-10-06,San Mateo,081,765935,169031,168413,10707,179120,737
2022-10-06,Santa Barbara,083,443738,105928,105695,6973,112668,725
2022-10-06,Santa Clara,085,1922200,437768,432327,19254,451581,2506
2022-10-06,Santa Cruz,087,273765,63296,63099,3510,66609,273
2022-10-06,Shasta,089,179085,34961,34904,7538,42442,593
2022-10-06,Sierra,091,2930,305,305,61,366,5
2022-10-06,Siskiyou,093,43540,5154,5272,3313,8585,92
2022-10-06,Solano,095,438530,105333,105042,7945,112987,465
2022-10-06,Sonoma,097,501317,107140,106940,5370,112310,520
2022-10-06,Stanislaus,099,539301,138078,137838,21676,159514,1781
2022-10-06,Sutter,101,95872,24317,24326,2472,26798,232
2022-10-06,Tehama,103,63373,13634,13603,3100,16703,210
2022-10-06,Trinity,105,12862,1395,1394,398,1792,20
2022-10-06,Tulare,107,460477,121742,121787,36648,158435,1531
2022-10-06,Tuolumne,109,53932,15574,15558,940,16498,196
2022-10-06,Ventura,111,848112,209003,208632,15959,224591,1567
2022-10-06,Yolo,113,214977,47367,47422,4477,51899,341
2022-10-06,Yuba,115,75493,18926,18914,1734,20648,129
2022-10-05,Alameda,001,1643700,348756,347497,19887,367384,2023
2022-10-05,Alpine,003,1148,135,135,1,136,0
2022-10-05,Amador,005,37829,10004,9999,929,10928,93
2022-10-05,Butte,007,227075,39565,39453,9138,48591,454
2022-10-05,Calaveras,009,45235,8517,8511,566,9077,133
2022-10-05,Colusa,011,21464,3800,3794,1284,5078,22
2022-10-05,Contra Costa,013,1133247,251765,250136,20982,271118,1430
2022-10-05,Del Norte,015,27424,7430,7433,404,7837,56
2022-10-05,El Dorado,017,186661,32342,32320,4306,36626,231
2022-10-05,Fresno,019,978130,275470,274628,31656,306284,2865
2022-10-05,Glenn,021,27897,5527,5510,1868,7378,48
2022-10-05,Humboldt,023,135768,21882,21831,5067,26898,159
2022-10-05,Imperial,025,180216,65613,65532,15943,81475,958
2022-10-05,Inyo,027,18085,4494,4489,1001,5490,59
2022-10-05,Kern,029,883053,219549,219191,64410,283601,2418
2022-10-05,Kings,031,150075,59526,59489,4110,63599,458
2022-10-05,Lake,033,64148,12804,12795,1218,14013,147
2022-10-05,Lassen,035,31185,9969,9967,997,10964,65
2022-10-05,Los Angeles,037,10098052,3289070,3278961,182515,3461476,33467
2022-10-05,Madera,039,155013,44042,44029,8295,52324,374
2022-10-05,Marin,041,260295,45330,45190,5334,50524,313
2022-10-05,Mariposa,043,17540,3085,3088,366,3454,31
2022-10-05,Mendocino,045,87422,16029,15992,4548,20540,136
2022-10-05,Merced,047,269075,72518,72236,11897,84133,865
2022-10-05,Modoc,049,8938,877,876,325,1201,11
2022-10-05,Mono,051,14174,3205,3205,260,3465,7
2022-10-05,Monterey,053,433212,94178,94111,21222,115333,766
2022-10-05,Napa,055,140530,32251,32258,1418,33676,160
2022-10-05,Nevada,057,99092,19012,18989,1879,20868,132
2022-10-05,Orange,059,3164182,668631,667297,63465,730762,7452
2022-10-05,Placer,061,380077,75979,75768,9608,85376,660
2022-10-05,Plumas,063,18699,3681,3669,435,4104,13
2022-10-05,Riverside,065,2383286,696371,695315,35518,730833,6567
2022-10-05,Sacramento,067,1510023,347517,346748,34183,380931,3310
2022-10-05,San Benito,069,59416,16321,16188,990,17178,106
2022-10-05,San Bernardino,071,2135413,671988,670906,31162,702068,8116
2022-10-05,San Diego,073,3302833,925928,924672,72229,996901,5498
2022-10-05,San Francisco,075,870044,179585,178943,12169,191112,1045
2022-10-05,San Joaquin,077,732212,198053,197390,15019,212409,2319
2022-10-05,San Luis Obispo,079,281455,63316,63219,7259,70478,524
2022-10-05,San Mateo,081,765935,168953,168413,10706,179119,737
2022-10-05,Santa Barbara,083,443738,105900,105695,6970,112665,725
2022-10-05,Santa Clara,085,1922200,437592,432327,19247,451574,2506
2022-10-05,Santa Cruz,087,273765,63264,63099,3510,66609,273
2022-10-05,Shasta,089,179085,34954,34904,7531,42435,593
2022-10-05,Sierra,091,2930,305,305,61,366,5
2022-10-05,Siskiyou,093,43540,5149,5272,3311,8583,92
2022-10-05,Solano,095,438530,105298,105042,7941,112983,465
2022-10-05,Sonoma,097,501317,107107,106940,5368,112308,520
2022-10-05,Stanislaus,099,539301,138049,137838,21668,159506,1781
2022-10-05,Sutter,101,95872,24314,24326,2471,26797,232
2022-10-05,Tehama,103,63373,13630,13603,3099,16702,210
2022-10-05,Trinity,105,12862,1395,1394,398,1792,20
2022-10-05,Tulare,107,460477,121725,121787,36625,158412,1531
2022-10-05,Tuolumne,109,53932,15568,15558,940,16498,196
2022-10-05,Ventura,111,848112,208945,208632,15955,224587,1567
2022-10-05,Yolo,113,214977,47350,47422,4475,51897,341
2022-10-05,Yuba,115,75493,18921,18914,1731,20645,129
2022-10-04,Alameda,001,1643700,348617,347497,19871,367368,2023
2022-10-04,Alpine,003,1148,135,135,1,136,0
2022-10-04,Amador,005,37829,10002,9999,929,10928,93
2022-10-04,Butte,007,227075,39553,39453,9136,48589,454
2022-10-04,Calaveras,009,45235,8516,8511,564,9075,133
2022-10-04,Colusa,011,21464,3800,3794,1284,5078,22
2022-10-04,Contra Costa,013,1133247,251685,250136,20975,271111,1430
2022-10-04,Del Norte,015,27424,7428,7433,404,7837,56
2022-10-04,El Dorado,017,186661,32336,32320,4305,36625,231
2022-10-04,Fresno,019,978130,275411,274628,31646,306274,2865
2022-10-04,Glenn,021,27897,5526,5510,1868,7378,48
2022-10-04,Humboldt,023,135768,21870,21831,5065,26896,159
2022-10-04,Imperial,025,180216,65580,65532,15926,81458,958
2022-10-04,Inyo,027,18085,4493,4489,999,5488,59
2022-10-04,Kern,029,883053,219491,219191,64369,283560,2418
2022-10-04,Kings,031,150075,59511,59489,4109,63598,458
2022-10-04,Lake,033,64148,12799,12795,1218,14013,147
2022-10-04,Lassen,035,31185,9968,9967,996,10963,65
2022-10-04,Los Angeles,037,10098052,3288180,3278961,182350,3461311,33467
2022-10-04,Madera,039,155013,44030,44029,8291,52320,374
2022-10-04,Marin,041,260295,45300,45190,5333,50523,313
2022-10-04,Mariposa,043,17540,3085,3088,366,3454,31
2022-10-04,Mendocino,045,87422,16027,15992,4540,20532,136
2022-10-04,Merced,047,269075,72499,72236,11894,84130,865
2022-10-04,Modoc,049,8938,877,876,325,1201,11
2022-10-04,Mono,051,14174,3205,3205,259,3464,7
2022-10-04,Monterey,053,433212,94165,94111,21217,115328,766
2022-10-04,Napa,055,140530,32247,32258,1418,33676,160
2022-10-04,Nevada,057,99092,19010,18989,1878,20867,132
2022-10-04,Orange,059,3164182,668423,667297,63383,730680,7452
2022-10-04,Placer,061,380077,75946,75768,9603,85371,660
2022-10-04,Plumas,063,18699,3675,3669,434,4103,13
2022-10-04,Riverside,065,2383286,696215,695315,35500,730815,6567
2022-10-04,Sacramento,067,1510023,347399,346748,34154,380902,3310
2022-10-04,San Benito,069,59416,16309,16188,989,17177,106
2022-10-04,San Bernardino,071,2135413,671839,670906,31153,702059,8116
2022-10-04,San Diego,073,3302833,925595,924672,72179,996851,5498
2022-10-04,San Francisco,075,870044,179495,178943,12164,191107,1045
2022-10-04,San Joaquin,077,732212,198011,197390,15010,212400,2319
2022-10-04,San Luis Obispo,079,281455,63300,63219,7249,70468,524
2022-10-04,San Mateo,081,765935,168868,168413,10702,179115,737
2022-10-04,Santa Barbara,083,443738,105871,105695,6966,112661,725
2022-10-04,Santa Clara,085,1922200,437403,432327,19238,451565,2506
2022-10-04,Santa Cruz,087,273765,63228,63099,3508,66607,273
2022-10-04,Shasta,089,179085,34941,34904,7525,42429,593
2022-10-04,Sierra,091,2930,305,305,61,366,5
2022-10-04,Siskiyou,093,43540,5148,5272,3311,8583,92
2022-10-04,Solano,095,438530,105252,105042,7940,112982,465
2022-10-04,Sonoma,097,501317,107072,106940,5365,112305,520
2022-10-04,Stanislaus,099,539301,138022,137838,21666,159504,1781
2022-10-04,Sutter,101,95872,24304,24326,2470,26796,232
2022-10-04,Tehama,103,63373,13628,13603,3096,16699,210
2022-10-04,Trinity,105,12862,1395,1394,398,1792,20
2022-10-04,Tulare,107,460477,121701,121787,36614,158401,1531
2022-10-04,Tuolumne,109,53932,15567,15558,940,16498,196
2022-10-04,Ventura,111,848112,208881,208632,15947,224579,1567
2022-10-04,Yolo,113,214977,47334,47422,4472,51894,341
2022-10-04,Yuba,115,75493,18916,18914,1729,20643,129
2022-10-03,Alameda,001,1643700,348435,346369,19862,366231,2020
2022-10-03,Alpine,003,1148,135,134,1,135,0
2022-10-03,Amador,005,37829,10000,9987,929,10916,90
2022-10-03,Butte,007,227075,39538,39378,9132,48510,454
2022-10-03,Calaveras,009,45235,8515,8497,564,9061,133
2022-10-03,Colusa,011,21464,3800,3782,1283,5065,22
2022-10-03,Contra Costa,013,1133247,251578,249273,20967,270240,1426
2022-10-03,Del Norte,015,27424,7427,7421,404,7825,56
2022-10-03,El Dorado,017,186661,32328,32238,4302,36540,231
2022-10-03,Fresno,019,978130,275355,274028,31632,305660,2859
2022-10-03,Glenn,021,27897,5526,5509,1868,7377,48
2022-10-03,Humboldt,023,135768,21856,21744,5063,26807,157
2022-10-03,Imperial,025,180216,65563,65425,15907,81332,958
2022-10-03,Inyo,027,18085,4492,4483,996,5479,59
2022-10-03,Kern,029,883053,219438,218846,64317,283163,2417
2022-10-03,Kings,031,150075,59493,59394,4106,63500,459
2022-10-03,Lake,033,64148,12795,12761,1218,13979,147
2022-10-03,Lassen,035,31185,9966,9962,995,10957,65
2022-10-03,Los Angeles,037,10098052,3287146,3271661,182191,3453852,33336
2022-10-03,Madera,039,155013,44022,43953,8288,52241,374
2022-10-03,Marin,041,260295,45272,45002,5331,50333,310
2022-10-03,Mariposa,043,17540,3085,3079,365,3444,31
2022-10-03,Mendocino,045,87422,16021,15950,4533,20483,136
2022-10-03,Merced,047,269075,72487,72117,11889,84006,863
2022-10-03,Modoc,049,8938,875,873,325,1198,11
2022-10-03,Mono,051,14174,3205,3201,259,3460,7
2022-10-03,Monterey,053,433212,94152,93991,21202,115193,766
2022-10-03,Napa,055,140530,32232,32171,1417,33588,160
2022-10-03,Nevada,057,99092,19004,18923,1875,20798,132
2022-10-03,Orange,059,3164182,668202,665825,63314,729139,7435
2022-10-03,Placer,061,380077,75925,75573,9598,85171,661
2022-10-03,Plumas,063,18699,3674,3645,434,4079,13
2022-10-03,Riverside,065,2383286,696048,694250,35479,729729,6543
2022-10-03,Sacramento,067,1510023,347257,345905,34140,380045,3294
2022-10-03,San Benito,069,59416,16302,16152,989,17141,106
2022-10-03,San Bernardino,071,2135413,671664,668798,31132,699930,8106
2022-10-03,San Diego,073,3302833,925275,922323,72135,994458,5491
2022-10-03,San Francisco,075,870044,179386,178486,12157,190643,1043
2022-10-03,San Joaquin,077,732212,197947,197009,15003,212012,2319
2022-10-03,San Luis Obispo,079,281455,63285,63060,7242,70302,524
2022-10-03,San Mateo,081,765935,168787,167790,10700,178490,736
2022-10-03,Santa Barbara,083,443738,105831,105437,6962,112399,722
2022-10-03,Santa Clara,085,1922200,437184,430899,19225,450124,2494
2022-10-03,Santa Cruz,087,273765,63182,62866,3506,66372,273
2022-10-03,Shasta,089,179085,34934,34849,7520,42369,592
2022-10-03,Sierra,091,2930,305,304,61,365,5
2022-10-03,Siskiyou,093,43540,5148,5261,3308,8569,91
2022-10-03,Solano,095,438530,105196,104704,7938,112642,464
2022-10-03,Sonoma,097,501317,107031,106624,5358,111982,519
2022-10-03,Stanislaus,099,539301,137987,137589,21662,159251,1780
2022-10-03,Sutter,101,95872,24302,24265,2470,26735,232
2022-10-03,Tehama,103,63373,13625,13564,3096,16660,210
2022-10-03,Trinity,105,12862,1395,1392,397,1789,20
2022-10-03,Tulare,107,460477,121682,121589,36593,158182,1531
2022-10-03,Tuolumne,109,53932,15564,15516,940,16456,196
2022-10-03,Ventura,111,848112,208811,208124,15931,224055,1565
2022-10-03,Yolo,113,214977,47317,47279,4467,51746,341
2022-10-03,Yuba,115,75493,18912,18881,1724,20605,132
2022-10-02,Alameda,001,1643700,348232,346369,19848,366217,2020
2022-10-02,Alpine,003,1148,135,134,1,135,0
2022-10-02,Amador,005,37829,10000,9987,929,10916,90
2022-10-02,Butte,007,227075,39526,39378,9130,48508,454
2022-10-02,Calaveras,009,45235,8511,8497,563,9060,133
2022-10-02,Colusa,011,21464,3798,3782,1283,5065,22
2022-10-02,Contra Costa,013,1133247,251476,249273,20951,270224,1426
2022-10-02,Del Norte,015,27424,7424,7421,404,7825,56
2022-10-02,El Dorado,017,186661,32317,32238,4300,36538,231
2022-10-02,Fresno,019,978130,275280,274028,31617,305645,2859
2022-10-02,Glenn,021,27897,5523,5509,1868,7377,48
2022-10-02,Humboldt,023,135768,21839,21744,5053,26797,157
2022-10-02,Imperial,025,180216,65529,65425,15884,81309,958
2022-10-02,Inyo,027,18085,4492,4483,994,5477,59
2022-10-02,Kern,029,883053,219389,218846,64261,283107,2417
2022-10-02,Kings,031,150075,59478,59394,4105,63499,459
2022-10-02,Lake,033,64148,12791,12761,1216,13977,147
2022-10-02,Lassen,035,31185,9965,9962,993,10955,65
2022-10-02,Los Angeles,037,10098052,3285999,3271661,182031,3453692,33336
2022-10-02,Madera,039,155013,44014,43953,8285,52238,374
2022-10-02,Marin,041,260295,45241,45002,5325,50327,310
2022-10-02,Mariposa,043,17540,3085,3079,365,3444,31
2022-10-02,Mendocino,045,87422,16014,15950,4528,20478,136
2022-10-02,Merced,047,269075,72461,72117,11883,84000,863
2022-10-02,Modoc,049,8938,875,873,325,1198,11
2022-10-02,Mono,051,14174,3205,3201,259,3460,7
2022-10-02,Monterey,053,433212,94136,93991,21189,115180,766
2022-10-02,Napa,055,140530,32221,32171,1415,33586,160
2022-10-02,Nevada,057,99092,19000,18923,1873,20796,132
2022-10-02,Orange,059,3164182,667936,665825,63231,729056,7435
2022-10-02,Placer,061,380077,75899,75573,9594,85167,661
2022-10-02,Plumas,063,18699,3670,3645,433,4078,13
2022-10-02,Riverside,065,2383286,695857,694250,35459,729709,6543
2022-10-02,Sacramento,067,1510023,347085,345905,34108,380013,3294
2022-10-02,San Benito,069,59416,16298,16152,988,17140,106
2022-10-02,San Bernardino,071,2135413,671435,668798,31102,699900,8106
2022-10-02,San Diego,073,3302833,924904,922323,72086,994409,5491
2022-10-02,San Francisco,075,870044,179258,178486,12150,190636,1043
2022-10-02,San Joaquin,077,732212,197874,197009,14998,212007,2319
2022-10-02,San Luis Obispo,079,281455,63250,63060,7231,70291,524
2022-10-02,San Mateo,081,765935,168667,167790,10695,178485,736
2022-10-02,Santa Barbara,083,443738,105784,105437,6954,112391,722
2022-10-02,Santa Clara,085,1922200,436968,430899,19205,450104,2494
2022-10-02,Santa Cruz,087,273765,63145,62866,3496,66362,273
2022-10-02,Shasta,089,179085,34920,34849,7516,42365,592
2022-10-02,Sierra,091,2930,305,304,61,365,5
2022-10-02,Siskiyou,093,43540,5148,5261,3307,8568,91
2022-10-02,Solano,095,438530,105135,104704,7930,112634,464
2022-10-02,Sonoma,097,501317,106981,106624,5355,111979,519
2022-10-02,Stanislaus,099,539301,137954,137589,21657,159246,1780
2022-10-02,Sutter,101,95872,24292,24265,2470,26735,232
2022-10-02,Tehama,103,63373,13620,13564,3090,16654,210
2022-10-02,Trinity,105,12862,1395,1392,397,1789,20
2022-10-02,Tulare,107,460477,121658,121589,36572,158161,1531
2022-10-02,Tuolumne,109,53932,15561,15516,938,16454,196
2022-10-02,Ventura,111,848112,208733,208124,15910,224034,1565
2022-10-02,Yolo,113,214977,47305,47279,4463,51742,341
2022-10-02,Yuba,115,75493,18906,18881,1722,20603,132
2022-10-01,Alameda,001,1643700,348117,346369,19845,366214,2020
2022-10-01,Alpine,003,1148,135,134,1,135,0
2022-10-01,Amador,005,37829,9998,9987,929,10916,90
2022-10-01,Butte,007,227075,39517,39378,9121,48499,454
2022-10-01,Calaveras,009,45235,8511,8497,562,9059,133
2022-10-01,Colusa,011,21464,3798,3782,1281,5063,22
2022-10-01,Contra Costa,013,1133247,251402,249273,20947,270220,1426
2022-10-01,Del Norte,015,27424,7422,7421,404,7825,56
2022-10-01,El Dorado,017,186661,32311,32238,4300,36538,231
2022-10-01,Fresno,019,978130,275249,274028,31615,305643,2859
2022-10-01,Glenn,021,27897,5522,5509,1868,7377,48
2022-10-01,Humboldt,023,135768,21836,21744,5051,26795,157
2022-10-01,Imperial,025,180216,65512,65425,15874,81299,958
2022-10-01,Inyo,027,18085,4492,4483,994,5477,59
2022-10-01,Kern,029,883053,219372,218846,64230,283076,2417
2022-10-01,Kings,031,150075,59469,59394,4105,63499,459
2022-10-01,Lake,033,64148,12788,12761,1216,13977,147
2022-10-01,Lassen,035,31185,9963,9962,993,10955,65
2022-10-01,Los Angeles,037,10098052,3285373,3271661,181917,3453578,33336
2022-10-01,Madera,039,155013,44010,43953,8285,52238,374
2022-10-01,Marin,041,260295,45218,45002,5325,50327,310
2022-10-01,Mariposa,043,17540,3085,3079,365,3444,31
2022-10-01,Mendocino,045,87422,16007,15950,4524,20474,136
2022-10-01,Merced,047,269075,72453,72117,11879,83996,863
2022-10-01,Modoc,049,8938,875,873,325,1198,11
2022-10-01,Mono,051,14174,3205,3201,259,3460,7
2022-10-01,Monterey,053,433212,94123,93991,21182,115173,766
2022-10-01,Napa,055,140530,32216,32171,1415,33586,160
2022-10-01,Nevada,057,99092,18997,18923,1872,20795,132
2022-10-01,Orange,059,3164182,667794,665825,63184,729009,7435
2022-10-01,Placer,061,380077,75872,75573,9593,85166,661
2022-10-01,Plumas,063,18699,3669,3645,433,4078,13
2022-10-01,Riverside,065,2383286,695737,694250,35445,729695,6543
2022-10-01,Sacramento,067,1510023,347016,345905,34100,380005,3294
2022-10-01,San Benito,069,59416,16291,16152,984,17136,106
2022-10-01,San Bernardino,071,2135413,671336,668798,31089,699887,8106
2022-10-01,San Diego,073,3302833,924786,922323,72056,994379,5491
2022-10-01,San Francisco,075,870044,179203,178486,12144,190630,1043
2022-10-01,San Joaquin,077,732212,197843,197009,14992,212001,2319
2022-10-01,San Luis Obispo,079,281455,63240,63060,7228,70288,524
2022-10-01,San Mateo,081,765935,168623,167790,10692,178482,736
2022-10-01,Santa Barbara,083,443738,105754,105437,6952,112389,722
2022-10-01,Santa Clara,085,1922200,436797,430899,19202,450101,2494
2022-10-01,Santa Cruz,087,273765,63131,62866,3490,66356,273
2022-10-01,Shasta,089,179085,34914,34849,7512,42361,592
2022-10-01,Sierra,091,2930,305,304,61,365,5
2022-10-01,Siskiyou,093,43540,5146,5261,3305,8566,91
2022-10-01,Solano,095,438530,105127,104704,7928,112632,464
2022-10-01,Sonoma,097,501317,106955,106624,5353,111977,519
2022-10-01,Stanislaus,099,539301,137932,137589,21655,159244,1780
2022-10-01,Sutter,101,95872,24287,24265,2470,26735,232
2022-10-01,Tehama,103,63373,13618,13564,3089,16653,210
2022-10-01,Trinity,105,12862,1395,1392,397,1789,20
2022-10-01,Tulare,107,460477,121651,121589,36556,158145,1531
2022-10-01,Tuolumne,109,53932,15559,15516,938,16454,196
2022-10-01,Ventura,111,848112,208688,208124,15900,224024,1565
2022-10-01,Yolo,113,214977,47295,47279,4461,51740,341
2022-10-01,Yuba,115,75493,18899,18881,1721,20602,132
2022-09-30,Alameda,001,1643700,348002,346369,19838,366207,2020
2022-09-30,Alpine,003,1148,135,134,1,135,0
2022-09-30,Amador,005,37829,9996,9987,929,10916,90
2022-09-30,Butte,007,227075,39507,39378,9118,48496,454
2022-09-30,Calaveras,009,45235,8508,8497,562,9059,133
2022-09-30,Colusa,011,21464,3797,3782,1280,5062,22
2022-09-30,Contra Costa,013,1133247,251317,249273,20940,270213,1426
2022-09-30,Del Norte,015,27424,7421,7421,404,7825,56
2022-09-30,El Dorado,017,186661,32302,32238,4296,36534,231
2022-09-30,Fresno,019,978130,275206,274028,31608,305636,2859
2022-09-30,Glenn,021,27897,5521,5509,1868,7377,48
2022-09-30,Humboldt,023,135768,21822,21744,5047,26791,157
2022-09-30,Imperial,025,180216,65502,65425,15866,81291,958
2022-09-30,Inyo,027,18085,4491,4483,992,5475,59
2022-09-30,Kern,029,883053,219354,218846,64196,283042,2417
2022-09-30,Kings,031,150075,59463,59394,4105,63499,459
2022-09-30,Lake,033,64148,12785,12761,1216,13977,147
2022-09-30,Lassen,035,31185,9963,9962,993,10955,65
2022-09-30,Los Angeles,037,10098052,3284634,3271661,181797,3453458,33336
2022-09-30,Madera,039,155013,44004,43953,8284,52237,374
2022-09-30,Marin,041,260295,45195,45002,5323,50325,310
2022-09-30,Mariposa,043,17540,3084,3079,365,3444,31
2022-09-30,Mendocino,045,87422,15999,15950,4520,20470,136
2022-09-30,Merced,047,269075,72441,72117,11879,83996,863
2022-09-30,Modoc,049,8938,875,873,325,1198,11
2022-09-30,Mono,051,14174,3205,3201,259,3460,7
2022-09-30,Monterey,053,433212,94104,93991,21176,115167,766
2022-09-30,Napa,055,140530,32205,32171,1415,33586,160
2022-09-30,Nevada,057,99092,18992,18923,1871,20794,132
2022-09-30,Orange,059,3164182,667657,665825,63145,728970,7435
2022-09-30,Placer,061,380077,75855,75573,9586,85159,661
2022-09-30,Plumas,063,18699,3668,3645,433,4078,13
2022-09-30,Riverside,065,2383286,695625,694250,35432,729682,6543
2022-09-30,Sacramento,067,1510023,346933,345905,34097,380002,3294
2022-09-30,San Benito,069,59416,16288,16152,984,17136,106
2022-09-30,San Bernardino,071,2135413,671217,668798,31076,699874,8106
2022-09-30,San Diego,073,3302833,924569,922323,72029,994352,5491
2022-09-30,San Francisco,075,870044,179140,178486,12137,190623,1043
2022-09-30,San Joaquin,077,732212,197809,197009,14990,211999,2319
2022-09-30,San Luis Obispo,079,281455,63235,63060,7225,70285,524
2022-09-30,San Mateo,081,765935,168560,167790,10688,178478,736
2022-09-30,Santa Barbara,083,443738,105729,105437,6952,112389,722
2022-09-30,Santa Clara,085,1922200,436619,430899,19188,450087,2494
2022-09-30,Santa Cruz,087,273765,63109,62866,3487,66353,273
2022-09-30,Shasta,089,179085,34911,34849,7508,42357,592
2022-09-30,Sierra,091,2930,305,304,61,365,5
2022-09-30,Siskiyou,093,43540,5145,5261,3305,8566,91
2022-09-30,Solano,095,438530,105097,104704,7925,112629,464
2022-09-30,Sonoma,097,501317,106921,106624,5351,111975,519
2022-09-30,Stanislaus,099,539301,137912,137589,21653,159242,1780
2022-09-30,Sutter,101,95872,24285,24265,2470,26735,232
2022-09-30,Tehama,103,63373,13616,13564,3089,16653,210
2022-09-30,Trinity,105,12862,1394,1392,397,1789,20
2022-09-30,Tulare,107,460477,121631,121589,36542,158131,1531
2022-09-30,Tuolumne,109,53932,15556,15516,938,16454,196
2022-09-30,Ventura,111,848112,208636,208124,15895,224019,1565
2022-09-30,Yolo,113,214977,47284,47279,4461,51740,341
2022-09-30,Yuba,115,75493,18894,18881,1721,20602,132
2022-09-29,Alameda,001,1643700,347839,346369,19822,366191,2020
2022-09-29,Alpine,003,1148,135,134,1,135,0
2022-09-29,Amador,005,37829,9993,9987,928,10915,90
2022-09-29,Butte,007,227075,39502,39378,9112,48490,454
2022-09-29,Calaveras,009,45235,8503,8497,561,9058,133
2022-09-29,Colusa,011,21464,3796,3782,1280,5062,22
2022-09-29,Contra Costa,013,1133247,251220,249273,20929,270202,1426
2022-09-29,Del Norte,015,27424,7418,7421,404,7825,56
2022-09-29,El Dorado,017,186661,32291,32238,4291,36529,231
2022-09-29,Fresno,019,978130,275114,274028,31598,305626,2859
2022-09-29,Glenn,021,27897,5521,5509,1868,7377,48
2022-09-29,Humboldt,023,135768,21810,21744,5045,26789,157
2022-09-29,Imperial,025,180216,65482,65425,15854,81279,958
2022-09-29,Inyo,027,18085,4491,4483,990,5473,59
2022-09-29,Kern,029,883053,219323,218846,64155,283001,2417
2022-09-29,Kings,031,150075,59456,59394,4104,63498,459
2022-09-29,Lake,033,64148,12781,12761,1216,13977,147
2022-09-29,Lassen,035,31185,9962,9962,993,10955,65
2022-09-29,Los Angeles,037,10098052,3283648,3271661,181684,3453345,33336
2022-09-29,Madera,039,155013,43994,43953,8281,52234,374
2022-09-29,Marin,041,260295,45170,45002,5319,50321,310
2022-09-29,Mariposa,043,17540,3082,3079,365,3444,31
2022-09-29,Mendocino,045,87422,15995,15950,4520,20470,136
2022-09-29,Merced,047,269075,72426,72117,11878,83995,863
2022-09-29,Modoc,049,8938,875,873,325,1198,11
2022-09-29,Mono,051,14174,3204,3201,259,3460,7
2022-09-29,Monterey,053,433212,94093,93991,21169,115160,766
2022-09-29,Napa,055,140530,32194,32171,1415,33586,160
2022-09-29,Nevada,057,99092,18982,18923,1868,20791,132
2022-09-29,Orange,059,3164182,667432,665825,63093,728918,7435
2022-09-29,Placer,061,380077,75832,75573,9576,85149,661
2022-09-29,Plumas,063,18699,3667,3645,432,4077,13
2022-09-29,Riverside,065,2383286,695475,694250,35419,729669,6543
2022-09-29,Sacramento,067,1510023,346795,345905,34078,379983,3294
2022-09-29,San Benito,069,59416,16284,16152,982,17134,106
2022-09-29,San Bernardino,071,2135413,671073,668798,31062,699860,8106
2022-09-29,San Diego,073,3302833,924322,922323,71998,994321,5491
2022-09-29,San Francisco,075,870044,179054,178486,12125,190611,1043
2022-09-29,San Joaquin,077,732212,197766,197009,14978,211987,2319
2022-09-29,San Luis Obispo,079,281455,63217,63060,7217,70277,524
2022-09-29,San Mateo,081,765935,168478,167790,10685,178475,736
2022-09-29,Santa Barbara,083,443738,105695,105437,6949,112386,722
2022-09-29,Santa Clara,085,1922200,436424,430899,19176,450075,2494
2022-09-29,Santa Cruz,087,273765,63065,62866,3481,66347,273
2022-09-29,Shasta,089,179085,34904,34849,7502,42351,592
2022-09-29,Sierra,091,2930,305,304,61,365,5
2022-09-29,Siskiyou,093,43540,5142,5261,3304,8565,91
2022-09-29,Solano,095,438530,105063,104704,7920,112624,464
2022-09-29,Sonoma,097,501317,106864,106624,5347,111971,519
2022-09-29,Stanislaus,099,539301,137881,137589,21651,159240,1780
2022-09-29,Sutter,101,95872,24282,24265,2470,26735,232
2022-09-29,Tehama,103,63373,13615,13564,3087,16651,210
2022-09-29,Trinity,105,12862,1394,1392,394,1786,20
2022-09-29,Tulare,107,460477,121615,121589,36522,158111,1531
2022-09-29,Tuolumne,109,53932,15552,15516,938,16454,196
2022-09-29,Ventura,111,848112,208577,208124,15884,224008,1565
2022-09-29,Yolo,113,214977,47272,47279,4458,51737,341
2022-09-29,Yuba,115,75493,18892,18881,1721,20602,132
2022-09-28,Alameda,001,1643700,347678,346369,19806,366175,2020
2022-09-28,Alpine,003,1148,134,134,1,135,0
2022-09-28,Amador,005,37829,9991,9987,928,10915,90
2022-09-28,Butte,007,227075,39495,39378,9104,48482,454
2022-09-28,Calaveras,009,45235,8501,8497,561,9058,133
2022-09-28,Colusa,011,21464,3796,3782,1280,5062,22
2022-09-28,Contra Costa,013,1133247,251113,249273,20916,270189,1426
2022-09-28,Del Norte,015,27424,7416,7421,404,7825,56
2022-09-28,El Dorado,017,186661,32283,32238,4289,36527,231
2022-09-28,Fresno,019,978130,275033,274028,31579,305607,2859
2022-09-28,Glenn,021,27897,5521,5509,1867,7376,48
2022-09-28,Humboldt,023,135768,21801,21744,5041,26785,157
2022-09-28,Imperial,025,180216,65467,65425,15846,81271,958
2022-09-28,Inyo,027,18085,4489,4483,990,5473,59
2022-09-28,Kern,029,883053,219270,218846,64104,282950,2417
2022-09-28,Kings,031,150075,59434,59394,4099,63493,459
2022-09-28,Lake,033,64148,12772,12761,1216,13977,147
2022-09-28,Lassen,035,31185,9961,9962,993,10955,65
2022-09-28,Los Angeles,037,10098052,3282523,3271661,181575,3453236,33336
2022-09-28,Madera,039,155013,43987,43953,8280,52233,374
2022-09-28,Marin,041,260295,45143,45002,5318,50320,310
2022-09-28,Mariposa,043,17540,3082,3079,365,3444,31
2022-09-28,Mendocino,045,87422,15993,15950,4515,20465,136
2022-09-28,Merced,047,269075,72414,72117,11875,83992,863
2022-09-28,Modoc,049,8938,875,873,324,1197,11
2022-09-28,Mono,051,14174,3204,3201,259,3460,7
2022-09-28,Monterey,053,433212,94079,93991,21161,115152,766
2022-09-28,Napa,055,140530,32179,32171,1413,33584,160
2022-09-28,Nevada,057,99092,18974,18923,1855,20778,132
2022-09-28,Orange,059,3164182,667207,665825,63030,728855,7435
2022-09-28,Placer,061,380077,75798,75573,9573,85146,661
2022-09-28,Plumas,063,18699,3665,3645,432,4077,13
2022-09-28,Riverside,065,2383286,695313,694250,35399,729649,6543
2022-09-28,Sacramento,067,1510023,346669,345905,34055,379960,3294
2022-09-28,San Benito,069,59416,16280,16152,978,17130,106
2022-09-28,San Bernardino,071,2135413,670914,668798,31039,699837,8106
2022-09-28,San Diego,073,3302833,924003,922323,71967,994290,5491
2022-09-28,San Francisco,075,870044,178956,178486,12121,190607,1043
2022-09-28,San Joaquin,077,732212,197728,197009,14975,211984,2319
2022-09-28,San Luis Obispo,079,281455,63202,63060,7207,70267,524
2022-09-28,San Mateo,081,765935,168403,167790,10677,178467,736
2022-09-28,Santa Barbara,083,443738,105661,105437,6944,112381,722
2022-09-28,Santa Clara,085,1922200,436257,430899,19165,450064,2494
2022-09-28,Santa Cruz,087,273765,63028,62866,3480,66346,273
2022-09-28,Shasta,089,179085,34899,34849,7497,42346,592
2022-09-28,Sierra,091,2930,305,304,61,365,5
2022-09-28,Siskiyou,093,43540,5140,5261,3303,8564,91
2022-09-28,Solano,095,438530,105035,104704,7918,112622,464
2022-09-28,Sonoma,097,501317,106829,106624,5341,111965,519
2022-09-28,Stanislaus,099,539301,137847,137589,21646,159235,1780
2022-09-28,Sutter,101,95872,24268,24265,2469,26734,232
2022-09-28,Tehama,103,63373,13611,13564,3087,16651,210
2022-09-28,Trinity,105,12862,1394,1392,392,1784,20
2022-09-28,Tulare,107,460477,121592,121589,36510,158099,1531
2022-09-28,Tuolumne,109,53932,15549,15516,937,16453,196
2022-09-28,Ventura,111,848112,208513,208124,15880,224004,1565
2022-09-28,Yolo,113,214977,47249,47279,4455,51734,341
2022-09-28,Yuba,115,75493,18887,18881,1718,20599,132
2022-09-27,Alameda,001,1643700,347511,346369,19792,366161,2020
2022-09-27,Alpine,003,1148,134,134,1,135,0
2022-09-27,Amador,005,37829,9988,9987,926,10913,90
2022-09-27,Butte,007,227075,39487,39378,9098,48476,454
2022-09-27,Calaveras,009,45235,8500,8497,560,9057,133
2022-09-27,Colusa,011,21464,3796,3782,1280,5062,22
2022-09-27,Contra Costa,013,1133247,251010,249273,20903,270176,1426
2022-09-27,Del Norte,015,27424,7416,7421,404,7825,56
2022-09-27,El Dorado,017,186661,32266,32238,4287,36525,231
2022-09-27,Fresno,019,978130,274971,274028,31569,305597,2859
2022-09-27,Glenn,021,27897,5520,5509,1867,7376,48
2022-09-27,Humboldt,023,135768,21791,21744,5035,26779,157
2022-09-27,Imperial,025,180216,65445,65425,15840,81265,958
2022-09-27,Inyo,027,18085,4487,4483,988,5471,59
2022-09-27,Kern,029,883053,219212,218846,64075,282921,2417
2022-09-27,Kings,031,150075,59418,59394,4099,63493,459
2022-09-27,Lake,033,64148,12769,12761,1214,13975,147
2022-09-27,Lassen,035,31185,9959,9962,993,10955,65
2022-09-27,Los Angeles,037,10098052,3281327,3271661,181414,3453075,33336
2022-09-27,Madera,039,155013,43975,43953,8279,52232,374
2022-09-27,Marin,041,260295,45115,45002,5314,50316,310
2022-09-27,Mariposa,043,17540,3081,3079,365,3444,31
2022-09-27,Mendocino,045,87422,15984,15950,4509,20459,136
2022-09-27,Merced,047,269075,72396,72117,11871,83988,863
2022-09-27,Modoc,049,8938,875,873,324,1197,11
2022-09-27,Mono,051,14174,3203,3201,259,3460,7
2022-09-27,Monterey,053,433212,94058,93991,21145,115136,766
2022-09-27,Napa,055,140530,32162,32171,1413,33584,160
2022-09-27,Nevada,057,99092,18965,18923,1854,20777,132
2022-09-27,Orange,059,3164182,666938,665825,62965,728790,7435
2022-09-27,Placer,061,380077,75757,75573,9568,85141,661
2022-09-27,Plumas,063,18699,3662,3645,432,4077,13
2022-09-27,Riverside,065,2383286,695118,694250,35374,729624,6543
2022-09-27,Sacramento,067,1510023,346523,345905,34032,379937,3294
2022-09-27,San Benito,069,59416,16279,16152,978,17130,106
2022-09-27,San Bernardino,071,2135413,670665,668798,31022,699820,8106
2022-09-27,San Diego,073,3302833,923609,922323,71931,994254,5491
2022-09-27,San Francisco,075,870044,178846,178486,12119,190605,1043
2022-09-27,San Joaquin,077,732212,197676,197009,14968,211977,2319
2022-09-27,San Luis Obispo,079,281455,63174,63060,7205,70265,524
2022-09-27,San Mateo,081,765935,168334,167790,10674,178464,736
2022-09-27,Santa Barbara,083,443738,105620,105437,6936,112373,722
2022-09-27,Santa Clara,085,1922200,436036,430899,19143,450042,2494
2022-09-27,Santa Cruz,087,273765,62997,62866,3475,66341,273
2022-09-27,Shasta,089,179085,34888,34849,7489,42338,592
2022-09-27,Sierra,091,2930,304,304,60,364,5
2022-09-27,Siskiyou,093,43540,5138,5261,3303,8564,91
2022-09-27,Solano,095,438530,104992,104704,7916,112620,464
2022-09-27,Sonoma,097,501317,106778,106624,5338,111962,519
2022-09-27,Stanislaus,099,539301,137819,137589,21645,159234,1780
2022-09-27,Sutter,101,95872,24254,24265,2469,26734,232
2022-09-27,Tehama,103,63373,13609,13564,3086,16650,210
2022-09-27,Trinity,105,12862,1394,1392,389,1781,20
2022-09-27,Tulare,107,460477,121569,121589,36491,158080,1531
2022-09-27,Tuolumne,109,53932,15544,15516,936,16452,196
2022-09-27,Ventura,111,848112,208436,208124,15867,223991,1565
2022-09-27,Yolo,113,214977,47221,47279,4454,51733,341
2022-09-27,Yuba,115,75493,18883,18881,1717,20598,132
2022-09-26,Alameda,001,1643700,347321,345351,19787,365138,2012
2022-09-26,Alpine,003,1148,134,134,1,135,0
2022-09-26,Amador,005,37829,9987,9954,925,10879,90
2022-09-26,Butte,007,227075,39475,39282,9094,48376,453
2022-09-26,Calaveras,009,45235,8497,8475,557,9032,133
2022-09-26,Colusa,011,21464,3793,3775,1278,5053,22
2022-09-26,Contra Costa,013,1133247,250880,248053,20884,268937,1424
2022-09-26,Del Norte,015,27424,7415,7403,404,7807,57
2022-09-26,El Dorado,017,186661,32248,32159,4284,36443,231
2022-09-26,Fresno,019,978130,274900,273381,31552,304933,2850
2022-09-26,Glenn,021,27897,5520,5494,1867,7361,48
2022-09-26,Humboldt,023,135768,21779,21641,5030,26671,156
2022-09-26,Imperial,025,180216,65424,65297,15825,81122,957
2022-09-26,Inyo,027,18085,4487,4481,987,5468,59
2022-09-26,Kern,029,883053,219156,218413,64046,282459,2408
2022-09-26,Kings,031,150075,59406,59288,4097,63385,456
2022-09-26,Lake,033,64148,12763,12731,1214,13945,146
2022-09-26,Lassen,035,31185,9959,9947,992,10939,65
2022-09-26,Los Angeles,037,10098052,3280139,3263510,181239,3444749,33258
2022-09-26,Madera,039,155013,43957,43910,8275,52185,374
2022-09-26,Marin,041,260295,45085,44823,5309,50132,310
2022-09-26,Mariposa,043,17540,3080,3074,365,3439,31
2022-09-26,Mendocino,045,87422,15976,15911,4507,20418,136
2022-09-26,Merced,047,269075,72383,71875,11867,83742,862
2022-09-26,Modoc,049,8938,873,872,324,1196,11
2022-09-26,Mono,051,14174,3201,3198,259,3457,7
2022-09-26,Monterey,053,433212,94042,93829,21123,114952,766
2022-09-26,Napa,055,140530,32144,32094,1412,33506,160
2022-09-26,Nevada,057,99092,18957,18861,1851,20712,132
2022-09-26,Orange,059,3164182,666681,664263,62901,727164,7425
2022-09-26,Placer,061,380077,75721,75381,9560,84941,660
2022-09-26,Plumas,063,18699,3662,3632,432,4064,13
2022-09-26,Riverside,065,2383286,694917,693038,35358,728396,6610
2022-09-26,Sacramento,067,1510023,346363,344748,34005,378753,3282
2022-09-26,San Benito,069,59416,16273,16114,977,17091,106
2022-09-26,San Bernardino,071,2135413,670466,667124,31010,698134,8097
2022-09-26,San Diego,073,3302833,923188,920118,71902,992020,5487
2022-09-26,San Francisco,075,870044,178750,176887,12116,189003,1031
2022-09-26,San Joaquin,077,732212,197611,196573,14958,211531,2306
2022-09-26,San Luis Obispo,079,281455,63144,62950,7198,70148,522
2022-09-26,San Mateo,081,765935,168245,167123,10669,177792,736
2022-09-26,Santa Barbara,083,443738,105581,105185,6931,112116,720
2022-09-26,Santa Clara,085,1922200,435785,429334,19125,448459,2486
2022-09-26,Santa Cruz,087,273765,62959,62704,3472,66176,274
2022-09-26,Shasta,089,179085,34881,34762,7480,42242,592
2022-09-26,Sierra,091,2930,304,303,60,363,5
2022-09-26,Siskiyou,093,43540,5138,5243,3301,8544,90
2022-09-26,Solano,095,438530,104950,104383,7911,112294,463
2022-09-26,Sonoma,097,501317,106710,106322,5333,111655,519
2022-09-26,Stanislaus,099,539301,137791,137340,21637,158977,1752
2022-09-26,Sutter,101,95872,24245,24198,2469,26667,232
2022-09-26,Tehama,103,63373,13606,13528,3086,16614,210
2022-09-26,Trinity,105,12862,1394,1390,388,1778,20
2022-09-26,Tulare,107,460477,121530,121446,36475,157921,1530
2022-09-26,Tuolumne,109,53932,15543,15469,934,16403,196
2022-09-26,Ventura,111,848112,208349,207684,15854,223538,1566
2022-09-26,Yolo,113,214977,47196,47147,4447,51594,335
2022-09-26,Yuba,115,75493,18877,18834,1715,20549,129
2022-09-25,Alameda,001,1643700,347106,345351,19766,365117,2012
2022-09-25,Alpine,003,1148,134,134,1,135,0
2022-09-25,Amador,005,37829,9983,9954,923,10877,90
2022-09-25,Butte,007,227075,39453,39282,9087,48369,453
2022-09-25,Calaveras,009,45235,8493,8475,552,9027,133
2022-09-25,Colusa,011,21464,3791,3775,1272,5047,22
2022-09-25,Contra Costa,013,1133247,250736,248053,20863,268916,1424
2022-09-25,Del Norte,015,27424,7410,7403,404,7807,57
2022-09-25,El Dorado,017,186661,32234,32159,4282,36441,231
2022-09-25,Fresno,019,978130,274796,273381,31524,304905,2850
2022-09-25,Glenn,021,27897,5520,5494,1867,7361,48
2022-09-25,Humboldt,023,135768,21770,21641,5025,26666,156
2022-09-25,Imperial,025,180216,65404,65297,15812,81109,957
2022-09-25,Inyo,027,18085,4484,4481,986,5467,59
2022-09-25,Kern,029,883053,219095,218413,63967,282380,2408
2022-09-25,Kings,031,150075,59387,59288,4096,63384,456
2022-09-25,Lake,033,64148,12758,12731,1212,13943,146
2022-09-25,Lassen,035,31185,9958,9947,992,10939,65
2022-09-25,Los Angeles,037,10098052,3278671,3263510,181042,3444552,33258
2022-09-25,Madera,039,155013,43944,43910,8269,52179,374
2022-09-25,Marin,041,260295,45044,44823,5309,50132,310
2022-09-25,Mariposa,043,17540,3080,3074,365,3439,31
2022-09-25,Mendocino,045,87422,15966,15911,4500,20411,136
2022-09-25,Merced,047,269075,72360,71875,11859,83734,862
2022-09-25,Modoc,049,8938,873,872,324,1196,11
2022-09-25,Mono,051,14174,3201,3198,257,3455,7
2022-09-25,Monterey,053,433212,94019,93829,21110,114939,766
2022-09-25,Napa,055,140530,32126,32094,1411,33505,160
2022-09-25,Nevada,057,99092,18946,18861,1849,20710,132
2022-09-25,Orange,059,3164182,666379,664263,62833,727096,7425
2022-09-25,Placer,061,380077,75676,75381,9546,84927,660
2022-09-25,Plumas,063,18699,3656,3632,432,4064,13
2022-09-25,Riverside,065,2383286,694700,693038,35339,728377,6610
2022-09-25,Sacramento,067,1510023,346205,344748,33969,378717,3282
2022-09-25,San Benito,069,59416,16261,16114,977,17091,106
2022-09-25,San Bernardino,071,2135413,670235,667124,30986,698110,8097
2022-09-25,San Diego,073,3302833,922739,920118,71863,991981,5487
2022-09-25,San Francisco,075,870044,178626,176887,12111,188998,1031
2022-09-25,San Joaquin,077,732212,197528,196573,14939,211512,2306
2022-09-25,San Luis Obispo,079,281455,63111,62950,7189,70139,522
2022-09-25,San Mateo,081,765935,168119,167123,10660,177783,736
2022-09-25,Santa Barbara,083,443738,105528,105185,6928,112113,720
2022-09-25,Santa Clara,085,1922200,435541,429334,19104,448438,2486
2022-09-25,Santa Cruz,087,273765,62912,62704,3463,66167,274
2022-09-25,Shasta,089,179085,34871,34762,7468,42230,592
2022-09-25,Sierra,091,2930,304,303,60,363,5
2022-09-25,Siskiyou,093,43540,5136,5243,3300,8543,90
2022-09-25,Solano,095,438530,104884,104383,7907,112290,463
2022-09-25,Sonoma,097,501317,106655,106322,5329,111651,519
2022-09-25,Stanislaus,099,539301,137739,137340,21634,158974,1752
2022-09-25,Sutter,101,95872,24230,24198,2468,26666,232
2022-09-25,Tehama,103,63373,13598,13528,3086,16614,210
2022-09-25,Trinity,105,12862,1394,1390,388,1778,20
2022-09-25,Tulare,107,460477,121499,121446,36453,157899,1530
2022-09-25,Tuolumne,109,53932,15537,15469,933,16402,196
2022-09-25,Ventura,111,848112,208252,207684,15835,223519,1566
2022-09-25,Yolo,113,214977,47171,47147,4442,51589,335
2022-09-25,Yuba,115,75493,18873,18834,1714,20548,129
2022-09-24,Alameda,001,1643700,346994,345351,19759,365110,2012
2022-09-24,Alpine,003,1148,134,134,1,135,0
2022-09-24,Amador,005,37829,9981,9954,922,10876,90
2022-09-24,Butte,007,227075,39446,39282,9085,48367,453
2022-09-24,Calaveras,009,45235,8490,8475,552,9027,133
2022-09-24,Colusa,011,21464,3790,3775,1271,5046,22
2022-09-24,Contra Costa,013,1133247,250652,248053,20857,268910,1424
2022-09-24,Del Norte,015,27424,7407,7403,404,7807,57
2022-09-24,El Dorado,017,186661,32223,32159,4277,36436,231
2022-09-24,Fresno,019,978130,274758,273381,31517,304898,2850
2022-09-24,Glenn,021,27897,5519,5494,1867,7361,48
2022-09-24,Humboldt,023,135768,21758,21641,5022,26663,156
2022-09-24,Imperial,025,180216,65389,65297,15806,81103,957
2022-09-24,Inyo,027,18085,4484,4481,986,5467,59
2022-09-24,Kern,029,883053,219066,218413,63927,282340,2408
2022-09-24,Kings,031,150075,59375,59288,4096,63384,456
2022-09-24,Lake,033,64148,12756,12731,1211,13942,146
2022-09-24,Lassen,035,31185,9957,9947,992,10939,65
2022-09-24,Los Angeles,037,10098052,3277949,3263510,180898,3444408,33258
2022-09-24,Madera,039,155013,43941,43910,8266,52176,374
2022-09-24,Marin,041,260295,45029,44823,5309,50132,310
2022-09-24,Mariposa,043,17540,3078,3074,365,3439,31
2022-09-24,Mendocino,045,87422,15964,15911,4497,20408,136
2022-09-24,Merced,047,269075,72347,71875,11859,83734,862
2022-09-24,Modoc,049,8938,873,872,323,1195,11
2022-09-24,Mono,051,14174,3201,3198,257,3455,7
2022-09-24,Monterey,053,433212,94009,93829,21105,114934,766
2022-09-24,Napa,055,140530,32117,32094,1410,33504,160
2022-09-24,Nevada,057,99092,18941,18861,1846,20707,132
2022-09-24,Orange,059,3164182,666221,664263,62773,727036,7425
2022-09-24,Placer,061,380077,75652,75381,9540,84921,660
2022-09-24,Plumas,063,18699,3653,3632,432,4064,13
2022-09-24,Riverside,065,2383286,694575,693038,35329,728367,6610
2022-09-24,Sacramento,067,1510023,346133,344748,33959,378707,3282
2022-09-24,San Benito,069,59416,16254,16114,976,17090,106
2022-09-24,San Bernardino,071,2135413,670122,667124,30976,698100,8097
2022-09-24,San Diego,073,3302833,922535,920118,71849,991967,5487
2022-09-24,San Francisco,075,870044,178547,176887,12105,188992,1031
2022-09-24,San Joaquin,077,732212,197502,196573,14932,211505,2306
2022-09-24,San Luis Obispo,079,281455,63099,62950,7188,70138,522
2022-09-24,San Mateo,081,765935,168050,167123,10650,177773,736
2022-09-24,Santa Barbara,083,443738,105505,105185,6926,112111,720
2022-09-24,Santa Clara,085,1922200,435384,429334,19091,448425,2486
2022-09-24,Santa Cruz,087,273765,62895,62704,3460,66164,274
2022-09-24,Shasta,089,179085,34866,34762,7466,42228,592
2022-09-24,Sierra,091,2930,304,303,60,363,5
2022-09-24,Siskiyou,093,43540,5133,5243,3300,8543,90
2022-09-24,Solano,095,438530,104865,104383,7906,112289,463
2022-09-24,Sonoma,097,501317,106627,106322,5326,111648,519
2022-09-24,Stanislaus,099,539301,137714,137340,21626,158966,1752
2022-09-24,Sutter,101,95872,24223,24198,2468,26666,232
2022-09-24,Tehama,103,63373,13593,13528,3085,16613,210
2022-09-24,Trinity,105,12862,1394,1390,388,1778,20
2022-09-24,Tulare,107,460477,121480,121446,36435,157881,1530
2022-09-24,Tuolumne,109,53932,15529,15469,933,16402,196
2022-09-24,Ventura,111,848112,208207,207684,15826,223510,1566
2022-09-24,Yolo,113,214977,47156,47147,4440,51587,335
2022-09-24,Yuba,115,75493,18868,18834,1713,20547,129
2022-09-23,Alameda,001,1643700,346854,345351,19747,365098,2012
2022-09-23,Alpine,003,1148,134,134,1,135,0
2022-09-23,Amador,005,37829,9977,9954,922,10876,90
2022-09-23,Butte,007,227075,39438,39282,9082,48364,453
2022-09-23,Calaveras,009,45235,8489,8475,552,9027,133
2022-09-23,Colusa,011,21464,3790,3775,1271,5046,22
2022-09-23,Contra Costa,013,1133247,250574,248053,20851,268904,1424
2022-09-23,Del Norte,015,27424,7404,7403,404,7807,57
2022-09-23,El Dorado,017,186661,32209,32159,4275,36434,231
2022-09-23,Fresno,019,978130,274711,273381,31509,304890,2850
2022-09-23,Glenn,021,27897,5517,5494,1866,7360,48
2022-09-23,Humboldt,023,135768,21741,21641,5015,26656,156
2022-09-23,Imperial,025,180216,65379,65297,15799,81096,957
2022-09-23,Inyo,027,18085,4484,4481,982,5463,59
2022-09-23,Kern,029,883053,219029,218413,63901,282314,2408
2022-09-23,Kings,031,150075,59368,59288,4095,63383,456
2022-09-23,Lake,033,64148,12756,12731,1211,13942,146
2022-09-23,Lassen,035,31185,9955,9947,992,10939,65
2022-09-23,Los Angeles,037,10098052,3277184,3263510,180818,3444328,33258
2022-09-23,Madera,039,155013,43932,43910,8265,52175,374
2022-09-23,Marin,041,260295,45006,44823,5307,50130,310
2022-09-23,Mariposa,043,17540,3078,3074,364,3438,31
2022-09-23,Mendocino,045,87422,15962,15911,4497,20408,136
2022-09-23,Merced,047,269075,72337,71875,11857,83732,862
2022-09-23,Modoc,049,8938,873,872,323,1195,11
2022-09-23,Mono,051,14174,3201,3198,257,3455,7
2022-09-23,Monterey,053,433212,94001,93829,21095,114924,766
2022-09-23,Napa,055,140530,32108,32094,1410,33504,160
2022-09-23,Nevada,057,99092,18937,18861,1845,20706,132
2022-09-23,Orange,059,3164182,666053,664263,62741,727004,7425
2022-09-23,Placer,061,380077,75630,75381,9534,84915,660
2022-09-23,Plumas,063,18699,3650,3632,432,4064,13
2022-09-23,Riverside,065,2383286,694442,693038,35319,728357,6610
2022-09-23,Sacramento,067,1510023,346060,344748,33955,378703,3282
2022-09-23,San Benito,069,59416,16254,16114,976,17090,106
2022-09-23,San Bernardino,071,2135413,669992,667124,30969,698093,8097
2022-09-23,San Diego,073,3302833,922286,920118,71816,991934,5487
2022-09-23,San Francisco,075,870044,178471,176887,12100,188987,1031
2022-09-23,San Joaquin,077,732212,197466,196573,14919,211492,2306
2022-09-23,San Luis Obispo,079,281455,63089,62950,7187,70137,522
2022-09-23,San Mateo,081,765935,167980,167123,10644,177767,736
2022-09-23,Santa Barbara,083,443738,105478,105185,6925,112110,720
2022-09-23,Santa Clara,085,1922200,435220,429334,19077,448411,2486
2022-09-23,Santa Cruz,087,273765,62879,62704,3458,66162,274
2022-09-23,Shasta,089,179085,34862,34762,7460,42222,592
2022-09-23,Sierra,091,2930,304,303,60,363,5
2022-09-23,Siskiyou,093,43540,5131,5243,3300,8543,90
2022-09-23,Solano,095,438530,104836,104383,7904,112287,463
2022-09-23,Sonoma,097,501317,106600,106322,5324,111646,519
2022-09-23,Stanislaus,099,539301,137689,137340,21622,158962,1752
2022-09-23,Sutter,101,95872,24215,24198,2468,26666,232
2022-09-23,Tehama,103,63373,13589,13528,3083,16611,210
2022-09-23,Trinity,105,12862,1393,1390,388,1778,20
2022-09-23,Tulare,107,460477,121460,121446,36416,157862,1530
2022-09-23,Tuolumne,109,53932,15523,15469,933,16402,196
2022-09-23,Ventura,111,848112,208146,207684,15820,223504,1566
2022-09-23,Yolo,113,214977,47140,47147,4438,51585,335
2022-09-23,Yuba,115,75493,18866,18834,1713,20547,129
2022-09-22,Alameda,001,1643700,346686,345351,19741,365092,2012
2022-09-22,Alpine,003,1148,134,134,1,135,0
2022-09-22,Amador,005,37829,9973,9954,922,10876,90
2022-09-22,Butte,007,227075,39426,39282,9078,48360,453
2022-09-22,Calaveras,009,45235,8487,8475,546,9021,133
2022-09-22,Colusa,011,21464,3788,3775,1271,5046,22
2022-09-22,Contra Costa,013,1133247,250458,248053,20836,268889,1424
2022-09-22,Del Norte,015,27424,7403,7403,404,7807,57
2022-09-22,El Dorado,017,186661,32199,32159,4271,36430,231
2022-09-22,Fresno,019,978130,274630,273381,31491,304872,2850
2022-09-22,Glenn,021,27897,5516,5494,1866,7360,48
2022-09-22,Humboldt,023,135768,21728,21641,5012,26653,156
2022-09-22,Imperial,025,180216,65367,65297,15785,81082,957
2022-09-22,Inyo,027,18085,4484,4481,980,5461,59
2022-09-22,Kern,029,883053,218986,218413,63852,282265,2408
2022-09-22,Kings,031,150075,59353,59288,4095,63383,456
2022-09-22,Lake,033,64148,12754,12731,1210,13941,146
2022-09-22,Lassen,035,31185,9954,9947,992,10939,65
2022-09-22,Los Angeles,037,10098052,3276143,3263510,180668,3444178,33258
2022-09-22,Madera,039,155013,43927,43910,8263,52173,374
2022-09-22,Marin,041,260295,44991,44823,5305,50128,310
2022-09-22,Mariposa,043,17540,3077,3074,364,3438,31
2022-09-22,Mendocino,045,87422,15957,15911,4497,20408,136
2022-09-22,Merced,047,269075,72318,71875,11853,83728,862
2022-09-22,Modoc,049,8938,873,872,323,1195,11
2022-09-22,Mono,051,14174,3200,3198,256,3454,7
2022-09-22,Monterey,053,433212,93982,93829,21086,114915,766
2022-09-22,Napa,055,140530,32090,32094,1409,33503,160
2022-09-22,Nevada,057,99092,18931,18861,1844,20705,132
2022-09-22,Orange,059,3164182,665832,664263,62691,726954,7425
2022-09-22,Placer,061,380077,75598,75381,9528,84909,660
2022-09-22,Plumas,063,18699,3647,3632,432,4064,13
2022-09-22,Riverside,065,2383286,694264,693038,35311,728349,6610
2022-09-22,Sacramento,067,1510023,345902,344748,33935,378683,3282
2022-09-22,San Benito,069,59416,16254,16114,975,17089,106
2022-09-22,San Bernardino,071,2135413,669845,667124,30954,698078,8097
2022-09-22,San Diego,073,3302833,921924,920118,71776,991894,5487
2022-09-22,San Francisco,075,870044,178365,176887,12094,188981,1031
2022-09-22,San Joaquin,077,732212,197419,196573,14910,211483,2306
2022-09-22,San Luis Obispo,079,281455,63071,62950,7185,70135,522
2022-09-22,San Mateo,081,765935,167915,167123,10641,177764,736
2022-09-22,Santa Barbara,083,443738,105449,105185,6921,112106,720
2022-09-22,Santa Clara,085,1922200,435045,429334,19062,448396,2486
2022-09-22,Santa Cruz,087,273765,62837,62704,3445,66149,274
2022-09-22,Shasta,089,179085,34850,34762,7452,42214,592
2022-09-22,Sierra,091,2930,304,303,60,363,5
2022-09-22,Siskiyou,093,43540,5130,5243,3299,8542,90
2022-09-22,Solano,095,438530,104777,104383,7899,112282,463
2022-09-22,Sonoma,097,501317,106565,106322,5322,111644,519
2022-09-22,Stanislaus,099,539301,137655,137340,21618,158958,1752
2022-09-22,Sutter,101,95872,24204,24198,2468,26666,232
2022-09-22,Tehama,103,63373,13585,13528,3079,16607,210
2022-09-22,Trinity,105,12862,1391,1390,388,1778,20
2022-09-22,Tulare,107,460477,121442,121446,36400,157846,1530
2022-09-22,Tuolumne,109,53932,15516,15469,932,16401,196
2022-09-22,Ventura,111,848112,208061,207684,15812,223496,1566
2022-09-22,Yolo,113,214977,47126,47147,4432,51579,335
2022-09-22,Yuba,115,75493,18858,18834,1710,20544,129
2022-09-21,Alameda,001,1643700,346520,345351,19726,365077,2012
2022-09-21,Alpine,003,1148,134,134,1,135,0
2022-09-21,Amador,005,37829,9972,9954,922,10876,90
2022-09-21,Butte,007,227075,39413,39282,9069,48351,453
2022-09-21,Calaveras,009,45235,8484,8475,545,9020,133
2022-09-21,Colusa,011,21464,3788,3775,1271,5046,22
2022-09-21,Contra Costa,013,1133247,250347,248053,20825,268878,1424
2022-09-21,Del Norte,015,27424,7402,7403,404,7807,57
2022-09-21,El Dorado,017,186661,32187,32159,4268,36427,231
2022-09-21,Fresno,019,978130,274553,273381,31479,304860,2850
2022-09-21,Glenn,021,27897,5515,5494,1865,7359,48
2022-09-21,Humboldt,023,135768,21712,21641,5009,26650,156
2022-09-21,Imperial,025,180216,65351,65297,15775,81072,957
2022-09-21,Inyo,027,18085,4484,4481,977,5458,59
2022-09-21,Kern,029,883053,218932,218413,63805,282218,2408
2022-09-21,Kings,031,150075,59337,59288,4095,63383,456
2022-09-21,Lake,033,64148,12748,12731,1208,13939,146
2022-09-21,Lassen,035,31185,9954,9947,992,10939,65
2022-09-21,Los Angeles,037,10098052,3274979,3263510,180499,3444009,33258
2022-09-21,Madera,039,155013,43912,43910,8263,52173,374
2022-09-21,Marin,041,260295,44967,44823,5305,50128,310
2022-09-21,Mariposa,043,17540,3077,3074,364,3438,31
2022-09-21,Mendocino,045,87422,15950,15911,4495,20406,136
2022-09-21,Merced,047,269075,72302,71875,11852,83727,862
2022-09-21,Modoc,049,8938,873,872,323,1195,11
2022-09-21,Mono,051,14174,3200,3198,256,3454,7
2022-09-21,Monterey,053,433212,93961,93829,21077,114906,766
2022-09-21,Napa,055,140530,32083,32094,1409,33503,160
2022-09-21,Nevada,057,99092,18921,18861,1844,20705,132
2022-09-21,Orange,059,3164182,665582,664263,62636,726899,7425
2022-09-21,Placer,061,380077,75564,75381,9524,84905,660
2022-09-21,Plumas,063,18699,3645,3632,432,4064,13
2022-09-21,Riverside,065,2383286,694084,693038,35291,728329,6610
2022-09-21,Sacramento,067,1510023,345748,344748,33919,378667,3282
2022-09-21,San Benito,069,59416,16242,16114,972,17086,106
2022-09-21,San Bernardino,071,2135413,669696,667124,30947,698071,8097
2022-09-21,San Diego,073,3302833,921543,920118,71730,991848,5487
2022-09-21,San Francisco,075,870044,178271,176887,12083,188970,1031
2022-09-21,San Joaquin,077,732212,197365,196573,14904,211477,2306
2022-09-21,San Luis Obispo,079,281455,63053,62950,7178,70128,522
2022-09-21,San Mateo,081,765935,167838,167123,10640,177763,736
2022-09-21,Santa Barbara,083,443738,105405,105185,6917,112102,720
2022-09-21,Santa Clara,085,1922200,434857,429334,19052,448386,2486
2022-09-21,Santa Cruz,087,273765,62791,62704,3441,66145,274
2022-09-21,Shasta,089,179085,34844,34762,7447,42209,592
2022-09-21,Sierra,091,2930,303,303,60,363,5
2022-09-21,Siskiyou,093,43540,5127,5243,3298,8541,90
2022-09-21,Solano,095,438530,104733,104383,7896,112279,463
2022-09-21,Sonoma,097,501317,106531,106322,5316,111638,519
2022-09-21,Stanislaus,099,539301,137620,137340,21608,158948,1752
2022-09-21,Sutter,101,95872,24195,24198,2468,26666,232
2022-09-21,Tehama,103,63373,13580,13528,3078,16606,210
2022-09-21,Trinity,105,12862,1391,1390,388,1778,20
2022-09-21,Tulare,107,460477,121413,121446,36383,157829,1530
2022-09-21,Tuolumne,109,53932,15512,15469,929,16398,196
2022-09-21,Ventura,111,848112,207990,207684,15801,223485,1566
2022-09-21,Yolo,113,214977,47107,47147,4425,51572,335
2022-09-21,Yuba,115,75493,18850,18834,1710,20544,129
2022-09-20,Alameda,001,1643700,346367,345351,19710,365061,2012
2022-09-20,Alpine,003,1148,134,134,1,135,0
2022-09-20,Amador,005,37829,9965,9954,922,10876,90
2022-09-20,Butte,007,227075,39398,39282,9059,48341,453
2022-09-20,Calaveras,009,45235,8482,8475,545,9020,133
2022-09-20,Colusa,011,21464,3788,3775,1271,5046,22
2022-09-20,Contra Costa,013,1133247,250227,248053,20809,268862,1424
2022-09-20,Del Norte,015,27424,7397,7403,404,7807,57
2022-09-20,El Dorado,017,186661,32173,32159,4265,36424,231
2022-09-20,Fresno,019,978130,274479,273381,31463,304844,2850
2022-09-20,Glenn,021,27897,5514,5494,1864,7358,48
2022-09-20,Humboldt,023,135768,21699,21641,5006,26647,156
2022-09-20,Imperial,025,180216,65329,65297,15764,81061,957
2022-09-20,Inyo,027,18085,4483,4481,974,5455,59
2022-09-20,Kern,029,883053,218878,218413,63761,282174,2408
2022-09-20,Kings,031,150075,59314,59288,4094,63382,456
2022-09-20,Lake,033,64148,12745,12731,1208,13939,146
2022-09-20,Lassen,035,31185,9951,9947,992,10939,65
2022-09-20,Los Angeles,037,10098052,3273815,3263510,180352,3443862,33258
2022-09-20,Madera,039,155013,43903,43910,8258,52168,374
2022-09-20,Marin,041,260295,44943,44823,5298,50121,310
2022-09-20,Mariposa,043,17540,3077,3074,364,3438,31
2022-09-20,Mendocino,045,87422,15946,15911,4492,20403,136
2022-09-20,Merced,047,269075,72279,71875,11847,83722,862
2022-09-20,Modoc,049,8938,873,872,323,1195,11
2022-09-20,Mono,051,14174,3200,3198,256,3454,7
2022-09-20,Monterey,053,433212,93942,93829,21068,114897,766
2022-09-20,Napa,055,140530,32074,32094,1408,33502,160
2022-09-20,Nevada,057,99092,18916,18861,1844,20705,132
2022-09-20,Orange,059,3164182,665301,664263,62591,726854,7425
2022-09-20,Placer,061,380077,75535,75381,9519,84900,660
2022-09-20,Plumas,063,18699,3643,3632,432,4064,13
2022-09-20,Riverside,065,2383286,693882,693038,35263,728301,6610
2022-09-20,Sacramento,067,1510023,345597,344748,33895,378643,3282
2022-09-20,San Benito,069,59416,16236,16114,972,17086,106
2022-09-20,San Bernardino,071,2135413,669486,667124,30931,698055,8097
2022-09-20,San Diego,073,3302833,921131,920118,71674,991792,5487
2022-09-20,San Francisco,075,870044,178174,176887,12077,188964,1031
2022-09-20,San Joaquin,077,732212,197304,196573,14899,211472,2306
2022-09-20,San Luis Obispo,079,281455,63038,62950,7168,70118,522
2022-09-20,San Mateo,081,765935,167755,167123,10636,177759,736
2022-09-20,Santa Barbara,083,443738,105369,105185,6912,112097,720
2022-09-20,Santa Clara,085,1922200,434653,429334,19039,448373,2486
2022-09-20,Santa Cruz,087,273765,62769,62704,3436,66140,274
2022-09-20,Shasta,089,179085,34833,34762,7443,42205,592
2022-09-20,Sierra,091,2930,303,303,60,363,5
2022-09-20,Siskiyou,093,43540,5123,5243,3298,8541,90
2022-09-20,Solano,095,438530,104688,104383,7890,112273,463
2022-09-20,Sonoma,097,501317,106479,106322,5314,111636,519
2022-09-20,Stanislaus,099,539301,137577,137340,21600,158940,1752
2022-09-20,Sutter,101,95872,24191,24198,2468,26666,232
2022-09-20,Tehama,103,63373,13578,13528,3078,16606,210
2022-09-20,Trinity,105,12862,1391,1390,388,1778,20
2022-09-20,Tulare,107,460477,121393,121446,36359,157805,1530
2022-09-20,Tuolumne,109,53932,15506,15469,928,16397,196
2022-09-20,Ventura,111,848112,207908,207684,15796,223480,1566
2022-09-20,Yolo,113,214977,47087,47147,4420,51567,335
2022-09-20,Yuba,115,75493,18846,18834,1710,20544,129
2022-09-19,Alameda,001,1643700,346199,344045,19693,363738,2007
2022-09-19,Alpine,003,1148,134,134,1,135,0
2022-09-19,Amador,005,37829,9961,9908,922,10830,90
2022-09-19,Butte,007,227075,39385,39155,9051,48206,453
2022-09-19,Calaveras,009,45235,8477,8455,544,8999,133
2022-09-19,Colusa,011,21464,3786,3765,1271,5036,22
2022-09-19,Contra Costa,013,1133247,250132,247095,20785,267880,1423
2022-09-19,Del Norte,015,27424,7394,7381,404,7785,56
2022-09-19,El Dorado,017,186661,32164,32088,4261,36349,231
2022-09-19,Fresno,019,978130,274393,272774,31454,304228,2839
2022-09-19,Glenn,021,27897,5513,5481,1863,7344,48
2022-09-19,Humboldt,023,135768,21686,21561,5001,26562,155
2022-09-19,Imperial,025,180216,65311,65099,15749,80848,956
2022-09-19,Inyo,027,18085,4482,4472,972,5444,59
2022-09-19,Kern,029,883053,218815,217694,63699,281393,2405
2022-09-19,Kings,031,150075,59300,59122,4094,63216,456
2022-09-19,Lake,033,64148,12740,12696,1207,13903,144
2022-09-19,Lassen,035,31185,9946,9938,992,10930,65
2022-09-19,Los Angeles,037,10098052,3272436,3253906,180168,3434074,33160
2022-09-19,Madera,039,155013,43878,43782,8252,52034,373
2022-09-19,Marin,041,260295,44914,44702,5293,49995,309
2022-09-19,Mariposa,043,17540,3077,3064,364,3428,31
2022-09-19,Mendocino,045,87422,15940,15872,4489,20361,136
2022-09-19,Merced,047,269075,72264,71732,11843,83575,862
2022-09-19,Modoc,049,8938,873,872,323,1195,11
2022-09-19,Mono,051,14174,3200,3191,256,3447,7
2022-09-19,Monterey,053,433212,93908,93692,21055,114747,762
2022-09-19,Napa,055,140530,32059,31979,1407,33386,160
2022-09-19,Nevada,057,99092,18910,18824,1842,20666,132
2022-09-19,Orange,059,3164182,665018,662784,62536,725320,7398
2022-09-19,Placer,061,380077,75514,75159,9516,84675,660
2022-09-19,Plumas,063,18699,3641,3609,432,4041,13
2022-09-19,Riverside,065,2383286,693647,691630,35249,726879,6608
2022-09-19,Sacramento,067,1510023,345448,343926,33875,377801,3267
2022-09-19,San Benito,069,59416,16226,16057,972,17029,106
2022-09-19,San Bernardino,071,2135413,669267,664360,30912,695272,8074
2022-09-19,San Diego,073,3302833,920705,917229,71586,988815,5479
2022-09-19,San Francisco,075,870044,178083,176724,12068,188792,1025
2022-09-19,San Joaquin,077,732212,197211,196128,14892,211020,2304
2022-09-19,San Luis Obispo,079,281455,63019,62716,7159,69875,520
2022-09-19,San Mateo,081,765935,167656,166572,10630,177202,735
2022-09-19,Santa Barbara,083,443738,105329,104912,6905,111817,718
2022-09-19,Santa Clara,085,1922200,434421,428065,19022,447087,2473
2022-09-19,Santa Cruz,087,273765,62739,62480,3430,65910,274
2022-09-19,Shasta,089,179085,34814,34648,7436,42084,591
2022-09-19,Sierra,091,2930,303,303,60,363,5
2022-09-19,Siskiyou,093,43540,5120,5226,3296,8522,90
2022-09-19,Solano,095,438530,104644,104085,7888,111973,462
2022-09-19,Sonoma,097,501317,106422,106028,5314,111342,518
2022-09-19,Stanislaus,099,539301,137531,136981,21589,158570,1727
2022-09-19,Sutter,101,95872,24177,24119,2468,26587,232
2022-09-19,Tehama,103,63373,13573,13503,3077,16580,210
2022-09-19,Trinity,105,12862,1391,1385,388,1773,20
2022-09-19,Tulare,107,460477,121367,121230,36336,157566,1531
2022-09-19,Tuolumne,109,53932,15500,15411,928,16339,196
2022-09-19,Ventura,111,848112,207819,207049,15785,222834,1563
2022-09-19,Yolo,113,214977,47072,47085,4418,51503,334
2022-09-19,Yuba,115,75493,18837,18764,1703,20467,129
2022-09-18,Alameda,001,1643700,345996,344045,19678,363723,2007
2022-09-18,Alpine,003,1148,134,134,1,135,0
2022-09-18,Amador,005,37829,9955,9908,922,10830,90
2022-09-18,Butte,007,227075,39368,39155,9040,48195,453
2022-09-18,Calaveras,009,45235,8471,8455,541,8996,133
2022-09-18,Colusa,011,21464,3785,3765,1271,5036,22
2022-09-18,Contra Costa,013,1133247,249982,247095,20771,267866,1423
2022-09-18,Del Norte,015,27424,7388,7381,404,7785,56
2022-09-18,El Dorado,017,186661,32150,32088,4258,36346,231
2022-09-18,Fresno,019,978130,274296,272774,31430,304204,2839
2022-09-18,Glenn,021,27897,5508,5481,1863,7344,48
2022-09-18,Humboldt,023,135768,21673,21561,4992,26553,155
2022-09-18,Imperial,025,180216,65292,65099,15727,80826,956
2022-09-18,Inyo,027,18085,4480,4472,971,5443,59
2022-09-18,Kern,029,883053,218742,217694,63624,281318,2405
2022-09-18,Kings,031,150075,59282,59122,4090,63212,456
2022-09-18,Lake,033,64148,12734,12696,1204,13900,144
2022-09-18,Lassen,035,31185,9942,9938,992,10930,65
2022-09-18,Los Angeles,037,10098052,3270881,3253906,180002,3433908,33160
2022-09-18,Madera,039,155013,43855,43782,8247,52029,373
2022-09-18,Marin,041,260295,44891,44702,5289,49991,309
2022-09-18,Mariposa,043,17540,3076,3064,364,3428,31
2022-09-18,Mendocino,045,87422,15936,15872,4484,20356,136
2022-09-18,Merced,047,269075,72238,71732,11834,83566,862
2022-09-18,Modoc,049,8938,872,872,323,1195,11
2022-09-18,Mono,051,14174,3200,3191,255,3446,7
2022-09-18,Monterey,053,433212,93880,93692,21038,114730,762
2022-09-18,Napa,055,140530,32045,31979,1405,33384,160
2022-09-18,Nevada,057,99092,18898,18824,1840,20664,132
2022-09-18,Orange,059,3164182,664734,662784,62455,725239,7398
2022-09-18,Placer,061,380077,75478,75159,9507,84666,660
2022-09-18,Plumas,063,18699,3635,3609,432,4041,13
2022-09-18,Riverside,065,2383286,693415,691630,35218,726848,6608
2022-09-18,Sacramento,067,1510023,345263,343926,33843,377769,3267
2022-09-18,San Benito,069,59416,16220,16057,969,17026,106
2022-09-18,San Bernardino,071,2135413,669034,664360,30889,695249,8074
2022-09-18,San Diego,073,3302833,920223,917229,71535,988764,5479
2022-09-18,San Francisco,075,870044,177945,176724,12062,188786,1025
2022-09-18,San Joaquin,077,732212,197133,196128,14883,211011,2304
2022-09-18,San Luis Obispo,079,281455,62999,62716,7150,69866,520
2022-09-18,San Mateo,081,765935,167551,166572,10621,177193,735
2022-09-18,Santa Barbara,083,443738,105283,104912,6901,111813,718
2022-09-18,Santa Clara,085,1922200,434173,428065,18999,447064,2473
2022-09-18,Santa Cruz,087,273765,62709,62480,3425,65905,274
2022-09-18,Shasta,089,179085,34796,34648,7422,42070,591
2022-09-18,Sierra,091,2930,303,303,60,363,5
2022-09-18,Siskiyou,093,43540,5117,5226,3294,8520,90
2022-09-18,Solano,095,438530,104590,104085,7878,111963,462
2022-09-18,Sonoma,097,501317,106368,106028,5310,111338,518
2022-09-18,Stanislaus,099,539301,137478,136981,21577,158558,1727
2022-09-18,Sutter,101,95872,24164,24119,2468,26587,232
2022-09-18,Tehama,103,63373,13563,13503,3075,16578,210
2022-09-18,Trinity,105,12862,1391,1385,384,1769,20
2022-09-18,Tulare,107,460477,121321,121230,36304,157534,1531
2022-09-18,Tuolumne,109,53932,15491,15411,926,16337,196
2022-09-18,Ventura,111,848112,207709,207049,15771,222820,1563
2022-09-18,Yolo,113,214977,47059,47085,4415,51500,334
2022-09-18,Yuba,115,75493,18827,18764,1703,20467,129
2022-09-17,Alameda,001,1643700,345877,344045,19674,363719,2007
2022-09-17,Alpine,003,1148,134,134,1,135,0
2022-09-17,Amador,005,37829,9953,9908,922,10830,90
2022-09-17,Butte,007,227075,39357,39155,9035,48190,453
2022-09-17,Calaveras,009,45235,8467,8455,539,8994,133
2022-09-17,Colusa,011,21464,3781,3765,1271,5036,22
2022-09-17,Contra Costa,013,1133247,249897,247095,20767,267862,1423
2022-09-17,Del Norte,015,27424,7387,7381,404,7785,56
2022-09-17,El Dorado,017,186661,32145,32088,4257,36345,231
2022-09-17,Fresno,019,978130,274250,272774,31420,304194,2839
2022-09-17,Glenn,021,27897,5504,5481,1861,7342,48
2022-09-17,Humboldt,023,135768,21665,21561,4986,26547,155
2022-09-17,Imperial,025,180216,65271,65099,15719,80818,956
2022-09-17,Inyo,027,18085,4480,4472,969,5441,59
2022-09-17,Kern,029,883053,218705,217694,63581,281275,2405
2022-09-17,Kings,031,150075,59271,59122,4088,63210,456
2022-09-17,Lake,033,64148,12733,12696,1204,13900,144
2022-09-17,Lassen,035,31185,9942,9938,992,10930,65
2022-09-17,Los Angeles,037,10098052,3270054,3253906,179855,3433761,33160
2022-09-17,Madera,039,155013,43848,43782,8247,52029,373
2022-09-17,Marin,041,260295,44875,44702,5285,49987,309
2022-09-17,Mariposa,043,17540,3075,3064,364,3428,31
2022-09-17,Mendocino,045,87422,15934,15872,4484,20356,136
2022-09-17,Merced,047,269075,72224,71732,11830,83562,862
2022-09-17,Modoc,049,8938,872,872,323,1195,11
2022-09-17,Mono,051,14174,3200,3191,255,3446,7
2022-09-17,Monterey,053,433212,93867,93692,21029,114721,762
2022-09-17,Napa,055,140530,32039,31979,1404,33383,160
2022-09-17,Nevada,057,99092,18890,18824,1837,20661,132
2022-09-17,Orange,059,3164182,664562,662784,62415,725199,7398
2022-09-17,Placer,061,380077,75444,75159,9500,84659,660
2022-09-17,Plumas,063,18699,3633,3609,432,4041,13
2022-09-17,Riverside,065,2383286,693273,691630,35199,726829,6608
2022-09-17,Sacramento,067,1510023,345186,343926,33825,377751,3267
2022-09-17,San Benito,069,59416,16215,16057,967,17024,106
2022-09-17,San Bernardino,071,2135413,668904,664360,30877,695237,8074
2022-09-17,San Diego,073,3302833,920043,917229,71514,988743,5479
2022-09-17,San Francisco,075,870044,177884,176724,12058,188782,1025
2022-09-17,San Joaquin,077,732212,197108,196128,14880,211008,2304
2022-09-17,San Luis Obispo,079,281455,62988,62716,7150,69866,520
2022-09-17,San Mateo,081,765935,167487,166572,10612,177184,735
2022-09-17,Santa Barbara,083,443738,105254,104912,6899,111811,718
2022-09-17,Santa Clara,085,1922200,434033,428065,18992,447057,2473
2022-09-17,Santa Cruz,087,273765,62701,62480,3425,65905,274
2022-09-17,Shasta,089,179085,34786,34648,7416,42064,591
2022-09-17,Sierra,091,2930,303,303,60,363,5
2022-09-17,Siskiyou,093,43540,5116,5226,3293,8519,90
2022-09-17,Solano,095,438530,104579,104085,7876,111961,462
2022-09-17,Sonoma,097,501317,106333,106028,5309,111337,518
2022-09-17,Stanislaus,099,539301,137455,136981,21569,158550,1727
2022-09-17,Sutter,101,95872,24158,24119,2468,26587,232
2022-09-17,Tehama,103,63373,13561,13503,3074,16577,210
2022-09-17,Trinity,105,12862,1391,1385,384,1769,20
2022-09-17,Tulare,107,460477,121304,121230,36291,157521,1531
2022-09-17,Tuolumne,109,53932,15486,15411,925,16336,196
2022-09-17,Ventura,111,848112,207665,207049,15760,222809,1563
2022-09-17,Yolo,113,214977,47050,47085,4409,51494,334
2022-09-17,Yuba,115,75493,18824,18764,1703,20467,129
2022-09-16,Alameda,001,1643700,345743,344045,19660,363705,2007
2022-09-16,Alpine,003,1148,134,134,1,135,0
2022-09-16,Amador,005,37829,9951,9908,922,10830,90
2022-09-16,Butte,007,227075,39341,39155,9032,48187,453
2022-09-16,Calaveras,009,45235,8464,8455,539,8994,133
2022-09-16,Colusa,011,21464,3780,3765,1271,5036,22
2022-09-16,Contra Costa,013,1133247,249813,247095,20759,267854,1423
2022-09-16,Del Norte,015,27424,7386,7381,404,7785,56
2022-09-16,El Dorado,017,186661,32139,32088,4255,36343,231
2022-09-16,Fresno,019,978130,274211,272774,31411,304185,2839
2022-09-16,Glenn,021,27897,5504,5481,1861,7342,48
2022-09-16,Humboldt,023,135768,21655,21561,4986,26547,155
2022-09-16,Imperial,025,180216,65258,65099,15714,80813,956
2022-09-16,Inyo,027,18085,4480,4472,967,5439,59
2022-09-16,Kern,029,883053,218664,217694,63558,281252,2405
2022-09-16,Kings,031,150075,59256,59122,4088,63210,456
2022-09-16,Lake,033,64148,12729,12696,1204,13900,144
2022-09-16,Lassen,035,31185,9941,9938,991,10929,65
2022-09-16,Los Angeles,037,10098052,3269163,3253906,179751,3433657,33160
2022-09-16,Madera,039,155013,43834,43782,8247,52029,373
2022-09-16,Marin,041,260295,44853,44702,5281,49983,309
2022-09-16,Mariposa,043,17540,3074,3064,364,3428,31
2022-09-16,Mendocino,045,87422,15929,15872,4483,20355,136
2022-09-16,Merced,047,269075,72209,71732,11828,83560,862
2022-09-16,Modoc,049,8938,872,872,323,1195,11
2022-09-16,Mono,051,14174,3200,3191,255,3446,7
2022-09-16,Monterey,053,433212,93850,93692,21026,114718,762
2022-09-16,Napa,055,140530,32029,31979,1403,33382,160
2022-09-16,Nevada,057,99092,18885,18824,1837,20661,132
2022-09-16,Orange,059,3164182,664402,662784,62358,725142,7398
2022-09-16,Placer,061,380077,75426,75159,9495,84654,660
2022-09-16,Plumas,063,18699,3631,3609,432,4041,13
2022-09-16,Riverside,065,2383286,693157,691630,35180,726810,6608
2022-09-16,Sacramento,067,1510023,345092,343926,33816,377742,3267
2022-09-16,San Benito,069,59416,16208,16057,967,17024,106
2022-09-16,San Bernardino,071,2135413,668761,664360,30865,695225,8074
2022-09-16,San Diego,073,3302833,919762,917229,71487,988716,5479
2022-09-16,San Francisco,075,870044,177826,176724,12052,188776,1025
2022-09-16,San Joaquin,077,732212,197072,196128,14877,211005,2304
2022-09-16,San Luis Obispo,079,281455,62972,62716,7149,69865,520
2022-09-16,San Mateo,081,765935,167419,166572,10607,177179,735
2022-09-16,Santa Barbara,083,443738,105229,104912,6897,111809,718
2022-09-16,Santa Clara,085,1922200,433893,428065,18981,447046,2473
2022-09-16,Santa Cruz,087,273765,62680,62480,3425,65905,274
2022-09-16,Shasta,089,179085,34780,34648,7412,42060,591
2022-09-16,Sierra,091,2930,303,303,60,363,5
2022-09-16,Siskiyou,093,43540,5114,5226,3293,8519,90
2022-09-16,Solano,095,438530,104555,104085,7873,111958,462
2022-09-16,Sonoma,097,501317,106302,106028,5309,111337,518
2022-09-16,Stanislaus,099,539301,137417,136981,21566,158547,1727
2022-09-16,Sutter,101,95872,24145,24119,2468,26587,232
2022-09-16,Tehama,103,63373,13559,13503,3073,16576,210
2022-09-16,Trinity,105,12862,1391,1385,384,1769,20
2022-09-16,Tulare,107,460477,121279,121230,36272,157502,1531
2022-09-16,Tuolumne,109,53932,15475,15411,925,16336,196
2022-09-16,Ventura,111,848112,207600,207049,15745,222794,1563
2022-09-16,Yolo,113,214977,47040,47085,4403,51488,334
2022-09-16,Yuba,115,75493,18815,18764,1703,20467,129
2022-09-15,Alameda,001,1643700,345569,344045,19647,363692,2007
2022-09-15,Alpine,003,1148,134,134,1,135,0
2022-09-15,Amador,005,37829,9947,9908,922,10830,90
2022-09-15,Butte,007,227075,39331,39155,9027,48182,453
2022-09-15,Calaveras,009,45235,8462,8455,536,8991,133
2022-09-15,Colusa,011,21464,3779,3765,1271,5036,22
2022-09-15,Contra Costa,013,1133247,249683,247095,20739,267834,1423
2022-09-15,Del Norte,015,27424,7383,7381,404,7785,56
2022-09-15,El Dorado,017,186661,32130,32088,4253,36341,231
2022-09-15,Fresno,019,978130,274112,272774,31399,304173,2839
2022-09-15,Glenn,021,27897,5504,5481,1860,7341,48
2022-09-15,Humboldt,023,135768,21638,21561,4978,26539,155
2022-09-15,Imperial,025,180216,65235,65099,15698,80797,956
2022-09-15,Inyo,027,18085,4480,4472,964,5436,59
2022-09-15,Kern,029,883053,218606,217694,63502,281196,2405
2022-09-15,Kings,031,150075,59239,59122,4088,63210,456
2022-09-15,Lake,033,64148,12726,12696,1203,13899,144
2022-09-15,Lassen,035,31185,9940,9938,991,10929,65
2022-09-15,Los Angeles,037,10098052,3268000,3253906,179588,3433494,33160
2022-09-15,Madera,039,155013,43823,43782,8244,52026,373
2022-09-15,Marin,041,260295,44835,44702,5278,49980,309
2022-09-15,Mariposa,043,17540,3073,3064,363,3427,31
2022-09-15,Mendocino,045,87422,15919,15872,4480,20352,136
2022-09-15,Merced,047,269075,72187,71732,11824,83556,862
2022-09-15,Modoc,049,8938,872,872,322,1194,11
2022-09-15,Mono,051,14174,3200,3191,253,3444,7
2022-09-15,Monterey,053,433212,93829,93692,21016,114708,762
2022-09-15,Napa,055,140530,32016,31979,1403,33382,160
2022-09-15,Nevada,057,99092,18877,18824,1834,20658,132
2022-09-15,Orange,059,3164182,664175,662784,62283,725067,7398
2022-09-15,Placer,061,380077,75389,75159,9490,84649,660
2022-09-15,Plumas,063,18699,3631,3609,432,4041,13
2022-09-15,Riverside,065,2383286,692986,691630,35162,726792,6608
2022-09-15,Sacramento,067,1510023,344940,343926,33787,377713,3267
2022-09-15,San Benito,069,59416,16202,16057,967,17024,106
2022-09-15,San Bernardino,071,2135413,668571,664360,30845,695205,8074
2022-09-15,San Diego,073,3302833,919403,917229,71449,988678,5479
2022-09-15,San Francisco,075,870044,177719,176724,12045,188769,1025
2022-09-15,San Joaquin,077,732212,197005,196128,14863,210991,2304
2022-09-15,San Luis Obispo,079,281455,62948,62716,7146,69862,520
2022-09-15,San Mateo,081,765935,167329,166572,10597,177169,735
2022-09-15,Santa Barbara,083,443738,105192,104912,6888,111800,718
2022-09-15,Santa Clara,085,1922200,433683,428065,18966,447031,2473
2022-09-15,Santa Cruz,087,273765,62659,62480,3420,65900,274
2022-09-15,Shasta,089,179085,34774,34648,7404,42052,591
2022-09-15,Sierra,091,2930,303,303,60,363,5
2022-09-15,Siskiyou,093,43540,5110,5226,3290,8516,90
2022-09-15,Solano,095,438530,104513,104085,7867,111952,462
2022-09-15,Sonoma,097,501317,106266,106028,5306,111334,518
2022-09-15,Stanislaus,099,539301,137376,136981,21560,158541,1727
2022-09-15,Sutter,101,95872,24137,24119,2468,26587,232
2022-09-15,Tehama,103,63373,13554,13503,3071,16574,210
2022-09-15,Trinity,105,12862,1390,1385,383,1768,20
2022-09-15,Tulare,107,460477,121252,121230,36252,157482,1531
2022-09-15,Tuolumne,109,53932,15466,15411,925,16336,196
2022-09-15,Ventura,111,848112,207507,207049,15729,222778,1563
2022-09-15,Yolo,113,214977,47027,47085,4401,51486,334
2022-09-15,Yuba,115,75493,18807,18764,1701,20465,129
2022-09-14,Alameda,001,1643700,345388,344045,19635,363680,2007
2022-09-14,Alpine,003,1148,134,134,1,135,0
2022-09-14,Amador,005,37829,9941,9908,922,10830,90
2022-09-14,Butte,007,227075,39313,39155,9019,48174,453
2022-09-14,Calaveras,009,45235,8456,8455,534,8989,133
2022-09-14,Colusa,011,21464,3776,3765,1271,5036,22
2022-09-14,Contra Costa,013,1133247,249577,247095,20719,267814,1423
2022-09-14,Del Norte,015,27424,7380,7381,404,7785,56
2022-09-14,El Dorado,017,186661,32120,32088,4246,36334,231
2022-09-14,Fresno,019,978130,274019,272774,31382,304156,2839
2022-09-14,Glenn,021,27897,5504,5481,1857,7338,48
2022-09-14,Humboldt,023,135768,21617,21561,4974,26535,155
2022-09-14,Imperial,025,180216,65209,65099,15680,80779,956
2022-09-14,Inyo,027,18085,4478,4472,962,5434,59
2022-09-14,Kern,029,883053,218545,217694,63445,281139,2405
2022-09-14,Kings,031,150075,59217,59122,4084,63206,456
2022-09-14,Lake,033,64148,12718,12696,1202,13898,144
2022-09-14,Lassen,035,31185,9940,9938,989,10927,65
2022-09-14,Los Angeles,037,10098052,3266748,3253906,179442,3433348,33160
2022-09-14,Madera,039,155013,43793,43782,8239,52021,373
2022-09-14,Marin,041,260295,44813,44702,5270,49972,309
2022-09-14,Mariposa,043,17540,3072,3064,363,3427,31
2022-09-14,Mendocino,045,87422,15916,15872,4477,20349,136
2022-09-14,Merced,047,269075,72162,71732,11811,83543,862
2022-09-14,Modoc,049,8938,871,872,321,1193,11
2022-09-14,Mono,051,14174,3200,3191,252,3443,7
2022-09-14,Monterey,053,433212,93811,93692,21007,114699,762
2022-09-14,Napa,055,140530,32003,31979,1399,33378,160
2022-09-14,Nevada,057,99092,18867,18824,1831,20655,132
2022-09-14,Orange,059,3164182,663893,662784,62231,725015,7398
2022-09-14,Placer,061,380077,75358,75159,9487,84646,660
2022-09-14,Plumas,063,18699,3625,3609,432,4041,13
2022-09-14,Riverside,065,2383286,692753,691630,35131,726761,6608
2022-09-14,Sacramento,067,1510023,344785,343926,33746,377672,3267
2022-09-14,San Benito,069,59416,16195,16057,966,17023,106
2022-09-14,San Bernardino,071,2135413,668380,664360,30827,695187,8074
2022-09-14,San Diego,073,3302833,919020,917229,71401,988630,5479
2022-09-14,San Francisco,075,870044,177622,176724,12038,188762,1025
2022-09-14,San Joaquin,077,732212,196937,196128,14850,210978,2304
2022-09-14,San Luis Obispo,079,281455,62925,62716,7140,69856,520
2022-09-14,San Mateo,081,765935,167252,166572,10592,177164,735
2022-09-14,Santa Barbara,083,443738,105157,104912,6886,111798,718
2022-09-14,Santa Clara,085,1922200,433489,428065,18955,447020,2473
2022-09-14,Santa Cruz,087,273765,62645,62480,3418,65898,274
2022-09-14,Shasta,089,179085,34762,34648,7394,42042,591
2022-09-14,Sierra,091,2930,303,303,60,363,5
2022-09-14,Siskiyou,093,43540,5106,5226,3289,8515,90
2022-09-14,Solano,095,438530,104480,104085,7864,111949,462
2022-09-14,Sonoma,097,501317,106214,106028,5302,111330,518
2022-09-14,Stanislaus,099,539301,137311,136981,21547,158528,1727
2022-09-14,Sutter,101,95872,24124,24119,2468,26587,232
2022-09-14,Tehama,103,63373,13553,13503,3068,16571,210
2022-09-14,Trinity,105,12862,1390,1385,379,1764,20
2022-09-14,Tulare,107,460477,121228,121230,36229,157459,1531
2022-09-14,Tuolumne,109,53932,15458,15411,925,16336,196
2022-09-14,Ventura,111,848112,207421,207049,15716,222765,1563
2022-09-14,Yolo,113,214977,47019,47085,4394,51479,334
2022-09-14,Yuba,115,75493,18800,18764,1700,20464,129
2022-09-13,Alameda,001,1643700,345196,344045,19623,363668,2007
2022-09-13,Alpine,003,1148,134,134,1,135,0
2022-09-13,Amador,005,37829,9936,9908,922,10830,90
2022-09-13,Butte,007,227075,39286,39155,9012,48167,453
2022-09-13,Calaveras,009,45235,8453,8455,532,8987,133
2022-09-13,Colusa,011,21464,3775,3765,1271,5036,22
2022-09-13,Contra Costa,013,1133247,249448,247095,20706,267801,1423
2022-09-13,Del Norte,015,27424,7376,7381,404,7785,56
2022-09-13,El Dorado,017,186661,32106,32088,4242,36330,231
2022-09-13,Fresno,019,978130,273925,272774,31364,304138,2839
2022-09-13,Glenn,021,27897,5503,5481,1855,7336,48
2022-09-13,Humboldt,023,135768,21600,21561,4965,26526,155
2022-09-13,Imperial,025,180216,65187,65099,15669,80768,956
2022-09-13,Inyo,027,18085,4476,4472,959,5431,59
2022-09-13,Kern,029,883053,218453,217694,63360,281054,2405
2022-09-13,Kings,031,150075,59181,59122,4082,63204,456
2022-09-13,Lake,033,64148,12713,12696,1201,13897,144
2022-09-13,Lassen,035,31185,9940,9938,986,10924,65
2022-09-13,Los Angeles,037,10098052,3265423,3253906,179290,3433196,33160
2022-09-13,Madera,039,155013,43782,43782,8231,52013,373
2022-09-13,Marin,041,260295,44797,44702,5266,49968,309
2022-09-13,Mariposa,043,17540,3070,3064,363,3427,31
2022-09-13,Mendocino,045,87422,15911,15872,4473,20345,136
2022-09-13,Merced,047,269075,72139,71732,11807,83539,862
2022-09-13,Modoc,049,8938,871,872,321,1193,11
2022-09-13,Mono,051,14174,3200,3191,252,3443,7
2022-09-13,Monterey,053,433212,93782,93692,20994,114686,762
2022-09-13,Napa,055,140530,31984,31979,1399,33378,160
2022-09-13,Nevada,057,99092,18856,18824,1829,20653,132
2022-09-13,Orange,059,3164182,663610,662784,62160,724944,7398
2022-09-13,Placer,061,380077,75324,75159,9483,84642,660
2022-09-13,Plumas,063,18699,3622,3609,432,4041,13
2022-09-13,Riverside,065,2383286,692530,691630,35106,726736,6608
2022-09-13,Sacramento,067,1510023,344606,343926,33709,377635,3267
2022-09-13,San Benito,069,59416,16186,16057,966,17023,106
2022-09-13,San Bernardino,071,2135413,668136,664360,30807,695167,8074
2022-09-13,San Diego,073,3302833,918615,917229,71362,988591,5479
2022-09-13,San Francisco,075,870044,177518,176724,12031,188755,1025
2022-09-13,San Joaquin,077,732212,196857,196128,14841,210969,2304
2022-09-13,San Luis Obispo,079,281455,62895,62716,7132,69848,520
2022-09-13,San Mateo,081,765935,167168,166572,10588,177160,735
2022-09-13,Santa Barbara,083,443738,105103,104912,6878,111790,718
2022-09-13,Santa Clara,085,1922200,433257,428065,18943,447008,2473
2022-09-13,Santa Cruz,087,273765,62620,62480,3416,65896,274
2022-09-13,Shasta,089,179085,34739,34648,7389,42037,591
2022-09-13,Sierra,091,2930,303,303,60,363,5
2022-09-13,Siskiyou,093,43540,5102,5226,3288,8514,90
2022-09-13,Solano,095,438530,104425,104085,7856,111941,462
2022-09-13,Sonoma,097,501317,106158,106028,5300,111328,518
2022-09-13,Stanislaus,099,539301,137262,136981,21540,158521,1727
2022-09-13,Sutter,101,95872,24113,24119,2467,26586,232
2022-09-13,Tehama,103,63373,13544,13503,3067,16570,210
2022-09-13,Trinity,105,12862,1389,1385,379,1764,20
2022-09-13,Tulare,107,460477,121199,121230,36197,157427,1531
2022-09-13,Tuolumne,109,53932,15452,15411,925,16336,196
2022-09-13,Ventura,111,848112,207330,207049,15696,222745,1563
2022-09-13,Yolo,113,214977,47007,47085,4389,51474,334
2022-09-13,Yuba,115,75493,18791,18764,1699,20463,129
2022-09-12,Alameda,001,1643700,344976,343017,19605,362622,2006
2022-09-12,Alpine,003,1148,134,134,1,135,0
2022-09-12,Amador,005,37829,9928,9890,921,10811,89
2022-09-12,Butte,007,227075,39268,39049,9002,48051,453
2022-09-12,Calaveras,009,45235,8449,8444,532,8976,133
2022-09-12,Colusa,011,21464,3774,3755,1270,5025,22
2022-09-12,Contra Costa,013,1133247,249320,246174,20687,266861,1415
2022-09-12,Del Norte,015,27424,7373,7354,404,7758,56
2022-09-12,El Dorado,017,186661,32089,32027,4236,36263,229
2022-09-12,Fresno,019,978130,273801,272161,31344,303505,2835
2022-09-12,Glenn,021,27897,5499,5473,1855,7328,48
2022-09-12,Humboldt,023,135768,21585,21494,4953,26447,155
2022-09-12,Imperial,025,180216,65164,64926,15650,80576,956
2022-09-12,Inyo,027,18085,4474,4465,957,5422,59
2022-09-12,Kern,029,883053,218378,217203,63289,280492,2404
2022-09-12,Kings,031,150075,59164,58980,4078,63058,455
2022-09-12,Lake,033,64148,12705,12663,1197,13860,144
2022-09-12,Lassen,035,31185,9939,9931,986,10917,64
2022-09-12,Los Angeles,037,10098052,3263896,3246402,179101,3425503,33094
2022-09-12,Madera,039,155013,43770,43599,8221,51820,373
2022-09-12,Marin,041,260295,44777,44584,5262,49846,305
2022-09-12,Mariposa,043,17540,3067,3058,361,3419,31
2022-09-12,Mendocino,045,87422,15901,15853,4464,20317,135
2022-09-12,Merced,047,269075,72102,71563,11791,83354,856
2022-09-12,Modoc,049,8938,871,872,319,1191,11
2022-09-12,Mono,051,14174,3196,3188,252,3440,7
2022-09-12,Monterey,053,433212,93749,93513,20970,114483,762
2022-09-12,Napa,055,140530,31962,31910,1399,33309,158
2022-09-12,Nevada,057,99092,18847,18784,1828,20612,132
2022-09-12,Orange,059,3164182,663315,661329,62084,723413,7371
2022-09-12,Placer,061,380077,75293,74994,9478,84472,657
2022-09-12,Plumas,063,18699,3619,3594,431,4025,13
2022-09-12,Riverside,065,2383286,692245,690018,35083,725101,6596
2022-09-12,Sacramento,067,1510023,344439,343048,33678,376726,3254
2022-09-12,San Benito,069,59416,16173,16000,966,16966,103
2022-09-12,San Bernardino,071,2135413,667823,662248,30790,693038,8057
2022-09-12,San Diego,073,3302833,918129,915648,71314,986962,5474
2022-09-12,San Francisco,075,870044,177402,176512,12024,188536,1022
2022-09-12,San Joaquin,077,732212,196762,195697,14828,210525,2303
2022-09-12,San Luis Obispo,079,281455,62868,62569,7125,69694,519
2022-09-12,San Mateo,081,765935,167076,166165,10577,176742,735
2022-09-12,Santa Barbara,083,443738,105066,104627,6874,111501,717
2022-09-12,Santa Clara,085,1922200,432999,426854,18929,445783,2478
2022-09-12,Santa Cruz,087,273765,62592,62255,3415,65670,274
2022-09-12,Shasta,089,179085,34718,34531,7382,41913,591
2022-09-12,Sierra,091,2930,303,303,60,363,5
2022-09-12,Siskiyou,093,43540,5099,5197,3285,8482,90
2022-09-12,Solano,095,438530,104373,103841,7848,111689,461
2022-09-12,Sonoma,097,501317,106111,105778,5291,111069,521
2022-09-12,Stanislaus,099,539301,137204,136674,21534,158208,1726
2022-09-12,Sutter,101,95872,24102,24037,2465,26502,228
2022-09-12,Tehama,103,63373,13538,13471,3066,16537,210
2022-09-12,Trinity,105,12862,1388,1383,378,1761,20
2022-09-12,Tulare,107,460477,121148,120972,36160,157132,1529
2022-09-12,Tuolumne,109,53932,15443,15362,925,16287,196
2022-09-12,Ventura,111,848112,207223,206442,15678,222120,1558
2022-09-12,Yolo,113,214977,46992,46989,4387,51376,334
2022-09-12,Yuba,115,75493,18777,18709,1694,20403,129
2022-09-11,Alameda,001,1643700,344711,343017,19580,362597,2006
2022-09-11,Alpine,003,1148,134,134,1,135,0
2022-09-11,Amador,005,37829,9921,9890,918,10808,89
2022-09-11,Butte,007,227075,39234,39049,8994,48043,453
2022-09-11,Calaveras,009,45235,8446,8444,531,8975,133
2022-09-11,Colusa,011,21464,3772,3755,1268,5023,22
2022-09-11,Contra Costa,013,1133247,249158,246174,20656,266830,1415
2022-09-11,Del Norte,015,27424,7368,7354,403,7757,56
2022-09-11,El Dorado,017,186661,32073,32027,4228,36255,229
2022-09-11,Fresno,019,978130,273693,272161,31321,303482,2835
2022-09-11,Glenn,021,27897,5496,5473,1855,7328,48
2022-09-11,Humboldt,023,135768,21568,21494,4939,26433,155
2022-09-11,Imperial,025,180216,65121,64926,15622,80548,956
2022-09-11,Inyo,027,18085,4473,4465,948,5413,59
2022-09-11,Kern,029,883053,218273,217203,63184,280387,2404
2022-09-11,Kings,031,150075,59127,58980,4075,63055,455
2022-09-11,Lake,033,64148,12691,12663,1194,13857,144
2022-09-11,Lassen,035,31185,9934,9931,986,10917,64
2022-09-11,Los Angeles,037,10098052,3262155,3246402,178858,3425260,33094
2022-09-11,Madera,039,155013,43740,43599,8212,51811,373
2022-09-11,Marin,041,260295,44750,44584,5260,49844,305
2022-09-11,Mariposa,043,17540,3064,3058,361,3419,31
2022-09-11,Mendocino,045,87422,15892,15853,4457,20310,135
2022-09-11,Merced,047,269075,72066,71563,11779,83342,856
2022-09-11,Modoc,049,8938,871,872,318,1190,11
2022-09-11,Mono,051,14174,3193,3188,252,3440,7
2022-09-11,Monterey,053,433212,93721,93513,20951,114464,762
2022-09-11,Napa,055,140530,31942,31910,1397,33307,158
2022-09-11,Nevada,057,99092,18837,18784,1824,20608,132
2022-09-11,Orange,059,3164182,663015,661329,62013,723342,7371
2022-09-11,Placer,061,380077,75260,74994,9471,84465,657
2022-09-11,Plumas,063,18699,3613,3594,431,4025,13
2022-09-11,Riverside,065,2383286,691966,690018,35051,725069,6596
2022-09-11,Sacramento,067,1510023,344238,343048,33615,376663,3254
2022-09-11,San Benito,069,59416,16165,16000,961,16961,103
2022-09-11,San Bernardino,071,2135413,667501,662248,30771,693019,8057
2022-09-11,San Diego,073,3302833,917582,915648,71251,986899,5474
2022-09-11,San Francisco,075,870044,177249,176512,12009,188521,1022
2022-09-11,San Joaquin,077,732212,196660,195697,14806,210503,2303
2022-09-11,San Luis Obispo,079,281455,62841,62569,7106,69675,519
2022-09-11,San Mateo,081,765935,166964,166165,10572,176737,735
2022-09-11,Santa Barbara,083,443738,105025,104627,6870,111497,717
2022-09-11,Santa Clara,085,1922200,432711,426854,18913,445767,2478
2022-09-11,Santa Cruz,087,273765,62556,62255,3411,65666,274
2022-09-11,Shasta,089,179085,34689,34531,7373,41904,591
2022-09-11,Sierra,091,2930,303,303,60,363,5
2022-09-11,Siskiyou,093,43540,5097,5197,3279,8476,90
2022-09-11,Solano,095,438530,104293,103841,7842,111683,461
2022-09-11,Sonoma,097,501317,106045,105778,5284,111062,521
2022-09-11,Stanislaus,099,539301,137136,136674,21518,158192,1726
2022-09-11,Sutter,101,95872,24081,24037,2463,26500,228
2022-09-11,Tehama,103,63373,13524,13471,3063,16534,210
2022-09-11,Trinity,105,12862,1388,1383,378,1761,20
2022-09-11,Tulare,107,460477,121101,120972,36122,157094,1529
2022-09-11,Tuolumne,109,53932,15435,15362,924,16286,196
2022-09-11,Ventura,111,848112,207085,206442,15651,222093,1558
2022-09-11,Yolo,113,214977,46964,46989,4384,51373,334
2022-09-11,Yuba,115,75493,18768,18709,1691,20400,129
2022-09-10,Alameda,001,1643700,344573,343017,19574,362591,2006
2022-09-10,Alpine,003,1148,134,134,1,135,0
2022-09-10,Amador,005,37829,9918,9890,917,10807,89
2022-09-10,Butte,007,227075,39217,39049,8993,48042,453
2022-09-10,Calaveras,009,45235,8444,8444,531,8975,133
2022-09-10,Colusa,011,21464,3771,3755,1268,5023,22
2022-09-10,Contra Costa,013,1133247,249050,246174,20644,266818,1415
2022-09-10,Del Norte,015,27424,7366,7354,402,7756,56
2022-09-10,El Dorado,017,186661,32064,32027,4227,36254,229
2022-09-10,Fresno,019,978130,273609,272161,31310,303471,2835
2022-09-10,Glenn,021,27897,5493,5473,1854,7327,48
2022-09-10,Humboldt,023,135768,21559,21494,4935,26429,155
2022-09-10,Imperial,025,180216,65099,64926,15611,80537,956
2022-09-10,Inyo,027,18085,4473,4465,948,5413,59
2022-09-10,Kern,029,883053,218219,217203,63144,280347,2404
2022-09-10,Kings,031,150075,59117,58980,4075,63055,455
2022-09-10,Lake,033,64148,12688,12663,1194,13857,144
2022-09-10,Lassen,035,31185,9933,9931,986,10917,64
2022-09-10,Los Angeles,037,10098052,3261219,3246402,178713,3425115,33094
2022-09-10,Madera,039,155013,43724,43599,8209,51808,373
2022-09-10,Marin,041,260295,44725,44584,5255,49839,305
2022-09-10,Mariposa,043,17540,3064,3058,360,3418,31
2022-09-10,Mendocino,045,87422,15890,15853,4454,20307,135
2022-09-10,Merced,047,269075,72052,71563,11776,83339,856
2022-09-10,Modoc,049,8938,871,872,317,1189,11
2022-09-10,Mono,051,14174,3192,3188,252,3440,7
2022-09-10,Monterey,053,433212,93701,93513,20945,114458,762
2022-09-10,Napa,055,140530,31934,31910,1397,33307,158
2022-09-10,Nevada,057,99092,18833,18784,1824,20608,132
2022-09-10,Orange,059,3164182,662842,661329,61975,723304,7371
2022-09-10,Placer,061,380077,75231,74994,9469,84463,657
2022-09-10,Plumas,063,18699,3609,3594,431,4025,13
2022-09-10,Riverside,065,2383286,691787,690018,35037,725055,6596
2022-09-10,Sacramento,067,1510023,344144,343048,33606,376654,3254
2022-09-10,San Benito,069,59416,16159,16000,960,16960,103
2022-09-10,San Bernardino,071,2135413,667341,662248,30756,693004,8057
2022-09-10,San Diego,073,3302833,917354,915648,71227,986875,5474
2022-09-10,San Francisco,075,870044,177190,176512,12006,188518,1022
2022-09-10,San Joaquin,077,732212,196609,195697,14798,210495,2303
2022-09-10,San Luis Obispo,079,281455,62829,62569,7103,69672,519
2022-09-10,San Mateo,081,765935,166890,166165,10563,176728,735
2022-09-10,Santa Barbara,083,443738,105006,104627,6866,111493,717
2022-09-10,Santa Clara,085,1922200,432487,426854,18901,445755,2478
2022-09-10,Santa Cruz,087,273765,62546,62255,3407,65662,274
2022-09-10,Shasta,089,179085,34680,34531,7368,41899,591
2022-09-10,Sierra,091,2930,303,303,60,363,5
2022-09-10,Siskiyou,093,43540,5097,5197,3279,8476,90
2022-09-10,Solano,095,438530,104268,103841,7840,111681,461
2022-09-10,Sonoma,097,501317,106024,105778,5283,111061,521
2022-09-10,Stanislaus,099,539301,137096,136674,21512,158186,1726
2022-09-10,Sutter,101,95872,24066,24037,2463,26500,228
2022-09-10,Tehama,103,63373,13523,13471,3063,16534,210
2022-09-10,Trinity,105,12862,1388,1383,378,1761,20
2022-09-10,Tulare,107,460477,121075,120972,36110,157082,1529
2022-09-10,Tuolumne,109,53932,15429,15362,924,16286,196
2022-09-10,Ventura,111,848112,207017,206442,15636,222078,1558
2022-09-10,Yolo,113,214977,46954,46989,4381,51370,334
2022-09-10,Yuba,115,75493,18760,18709,1690,20399,129
2022-09-09,Alameda,001,1643700,344396,343017,19564,362581,2006
2022-09-09,Alpine,003,1148,134,134,1,135,0
2022-09-09,Amador,005,37829,9913,9890,917,10807,89
2022-09-09,Butte,007,227075,39204,39049,8988,48037,453
2022-09-09,Calaveras,009,45235,8442,8444,531,8975,133
2022-09-09,Colusa,011,21464,3769,3755,1267,5022,22
2022-09-09,Contra Costa,013,1133247,248973,246174,20633,266807,1415
2022-09-09,Del Norte,015,27424,7365,7354,402,7756,56
2022-09-09,El Dorado,017,186661,32056,32027,4225,36252,229
2022-09-09,Fresno,019,978130,273542,272161,31297,303458,2835
2022-09-09,Glenn,021,27897,5491,5473,1854,7327,48
2022-09-09,Humboldt,023,135768,21553,21494,4929,26423,155
2022-09-09,Imperial,025,180216,65075,64926,15602,80528,956
2022-09-09,Inyo,027,18085,4471,4465,940,5405,59
2022-09-09,Kern,029,883053,218158,217203,63098,280301,2404
2022-09-09,Kings,031,150075,59098,58980,4075,63055,455
2022-09-09,Lake,033,64148,12685,12663,1193,13856,144
2022-09-09,Lassen,035,31185,9933,9931,986,10917,64
2022-09-09,Los Angeles,037,10098052,3260182,3246402,178568,3424970,33094
2022-09-09,Madera,039,155013,43706,43599,8207,51806,373
2022-09-09,Marin,041,260295,44712,44584,5254,49838,305
2022-09-09,Mariposa,043,17540,3063,3058,360,3418,31
2022-09-09,Mendocino,045,87422,15885,15853,4449,20302,135
2022-09-09,Merced,047,269075,72031,71563,11774,83337,856
2022-09-09,Modoc,049,8938,871,872,317,1189,11
2022-09-09,Mono,051,14174,3192,3188,252,3440,7
2022-09-09,Monterey,053,433212,93687,93513,20935,114448,762
2022-09-09,Napa,055,140530,31922,31910,1397,33307,158
2022-09-09,Nevada,057,99092,18826,18784,1824,20608,132
2022-09-09,Orange,059,3164182,662655,661329,61932,723261,7371
2022-09-09,Placer,061,380077,75209,74994,9466,84460,657
2022-09-09,Plumas,063,18699,3607,3594,431,4025,13
2022-09-09,Riverside,065,2383286,691602,690018,35022,725040,6596
2022-09-09,Sacramento,067,1510023,344009,343048,33594,376642,3254
2022-09-09,San Benito,069,59416,16149,16000,960,16960,103
2022-09-09,San Bernardino,071,2135413,667166,662248,30747,692995,8057
2022-09-09,San Diego,073,3302833,917092,915648,71202,986850,5474
2022-09-09,San Francisco,075,870044,177119,176512,11998,188510,1022
2022-09-09,San Joaquin,077,732212,196555,195697,14781,210478,2303
2022-09-09,San Luis Obispo,079,281455,62823,62569,7100,69669,519
2022-09-09,San Mateo,081,765935,166835,166165,10561,176726,735
2022-09-09,Santa Barbara,083,443738,104969,104627,6863,111490,717
2022-09-09,Santa Clara,085,1922200,432297,426854,18888,445742,2478
2022-09-09,Santa Cruz,087,273765,62525,62255,3405,65660,274
2022-09-09,Shasta,089,179085,34666,34531,7360,41891,591
2022-09-09,Sierra,091,2930,303,303,60,363,5
2022-09-09,Siskiyou,093,43540,5090,5197,3279,8476,90
2022-09-09,Solano,095,438530,104234,103841,7835,111676,461
2022-09-09,Sonoma,097,501317,105996,105778,5283,111061,521
2022-09-09,Stanislaus,099,539301,137070,136674,21503,158177,1726
2022-09-09,Sutter,101,95872,24059,24037,2462,26499,228
2022-09-09,Tehama,103,63373,13518,13471,3063,16534,210
2022-09-09,Trinity,105,12862,1387,1383,378,1761,20
2022-09-09,Tulare,107,460477,121039,120972,36088,157060,1529
2022-09-09,Tuolumne,109,53932,15428,15362,924,16286,196
2022-09-09,Ventura,111,848112,206948,206442,15621,222063,1558
2022-09-09,Yolo,113,214977,46939,46989,4381,51370,334
2022-09-09,Yuba,115,75493,18751,18709,1690,20399,129
2022-09-08,Alameda,001,1643700,344173,343017,19548,362565,2006
2022-09-08,Alpine,003,1148,134,134,1,135,0
2022-09-08,Amador,005,37829,9906,9890,917,10807,89
2022-09-08,Butte,007,227075,39183,39049,8977,48026,453
2022-09-08,Calaveras,009,45235,8442,8444,530,8974,133
2022-09-08,Colusa,011,21464,3769,3755,1267,5022,22
2022-09-08,Contra Costa,013,1133247,248849,246174,20611,266785,1415
2022-09-08,Del Norte,015,27424,7355,7354,402,7756,56
2022-09-08,El Dorado,017,186661,32042,32027,4220,36247,229
2022-09-08,Fresno,019,978130,273426,272161,31275,303436,2835
2022-09-08,Glenn,021,27897,5491,5473,1854,7327,48
2022-09-08,Humboldt,023,135768,21529,21494,4923,26417,155
2022-09-08,Imperial,025,180216,65045,64926,15579,80505,956
2022-09-08,Inyo,027,18085,4469,4465,938,5403,59
2022-09-08,Kern,029,883053,218069,217203,63004,280207,2404
2022-09-08,Kings,031,150075,59069,58980,4073,63053,455
2022-09-08,Lake,033,64148,12676,12663,1193,13856,144
2022-09-08,Lassen,035,31185,9932,9931,986,10917,64
2022-09-08,Los Angeles,037,10098052,3258725,3246402,178369,3424771,33094
2022-09-08,Madera,039,155013,43677,43599,8200,51799,373
2022-09-08,Marin,041,260295,44687,44584,5250,49834,305
2022-09-08,Mariposa,043,17540,3061,3058,359,3417,31
2022-09-08,Mendocino,045,87422,15878,15853,4449,20302,135
2022-09-08,Merced,047,269075,72004,71563,11760,83323,856
2022-09-08,Modoc,049,8938,871,872,317,1189,11
2022-09-08,Mono,051,14174,3192,3188,251,3439,7
2022-09-08,Monterey,053,433212,93658,93513,20911,114424,762
2022-09-08,Napa,055,140530,31909,31910,1397,33307,158
2022-09-08,Nevada,057,99092,18817,18784,1822,20606,132
2022-09-08,Orange,059,3164182,662380,661329,61865,723194,7371
2022-09-08,Placer,061,380077,75178,74994,9461,84455,657
2022-09-08,Plumas,063,18699,3604,3594,431,4025,13
2022-09-08,Riverside,065,2383286,691330,690018,34993,725011,6596
2022-09-08,Sacramento,067,1510023,343835,343048,33571,376619,3254
2022-09-08,San Benito,069,59416,16138,16000,960,16960,103
2022-09-08,San Bernardino,071,2135413,666873,662248,30734,692982,8057
2022-09-08,San Diego,073,3302833,916715,915648,71149,986797,5474
2022-09-08,San Francisco,075,870044,176992,176512,11990,188502,1022
2022-09-08,San Joaquin,077,732212,196470,195697,14763,210460,2303
2022-09-08,San Luis Obispo,079,281455,62806,62569,7092,69661,519
2022-09-08,San Mateo,081,765935,166752,166165,10555,176720,735
2022-09-08,Santa Barbara,083,443738,104929,104627,6856,111483,717
2022-09-08,Santa Clara,085,1922200,432027,426854,18876,445730,2478
2022-09-08,Santa Cruz,087,273765,62494,62255,3401,65656,274
2022-09-08,Shasta,089,179085,34645,34531,7350,41881,591
2022-09-08,Sierra,091,2930,303,303,60,363,5
2022-09-08,Siskiyou,093,43540,5085,5197,3278,8475,90
2022-09-08,Solano,095,438530,104179,103841,7825,111666,461
2022-09-08,Sonoma,097,501317,105918,105778,5274,111052,521
2022-09-08,Stanislaus,099,539301,137005,136674,21487,158161,1726
2022-09-08,Sutter,101,95872,24047,24037,2462,26499,228
2022-09-08,Tehama,103,63373,13510,13471,3060,16531,210
2022-09-08,Trinity,105,12862,1387,1383,378,1761,20
2022-09-08,Tulare,107,460477,120992,120972,36058,157030,1529
2022-09-08,Tuolumne,109,53932,15421,15362,923,16285,196
2022-09-08,Ventura,111,848112,206834,206442,15593,222035,1558
2022-09-08,Yolo,113,214977,46918,46989,4373,51362,334
2022-09-08,Yuba,115,75493,18741,18709,1686,20395,129
2022-09-07,Alameda,001,1643700,343929,342480,19540,362020,1999
2022-09-07,Alpine,003,1148,134,133,1,134,0
2022-09-07,Amador,005,37829,9903,9877,917,10794,89
2022-09-07,Butte,007,227075,39154,38969,8965,47934,453
2022-09-07,Calaveras,009,45235,8440,8437,528,8965,133
2022-09-07,Colusa,011,21464,3766,3748,1267,5015,22
2022-09-07,Contra Costa,013,1133247,248710,245708,20594,266302,1415
2022-09-07,Del Norte,015,27424,7353,7346,402,7748,56
2022-09-07,El Dorado,017,186661,32029,31979,4219,36198,229
2022-09-07,Fresno,019,978130,273268,271753,31245,302998,2835
2022-09-07,Glenn,021,27897,5489,5468,1853,7321,48
2022-09-07,Humboldt,023,135768,21511,21459,4920,26379,155
2022-09-07,Imperial,025,180216,65011,64755,15556,80311,956
2022-09-07,Inyo,027,18085,4464,4456,931,5387,59
2022-09-07,Kern,029,883053,217969,216932,62909,279841,2404
2022-09-07,Kings,031,150075,59034,58922,4069,62991,455
2022-09-07,Lake,033,64148,12668,12647,1191,13838,143
2022-09-07,Lassen,035,31185,9932,9918,985,10903,64
2022-09-07,Los Angeles,037,10098052,3257130,3242352,178169,3420521,32971
2022-09-07,Madera,039,155013,43630,43533,8200,51733,373
2022-09-07,Marin,041,260295,44664,44489,5248,49737,305
2022-09-07,Mariposa,043,17540,3059,3046,359,3405,31
2022-09-07,Mendocino,045,87422,15874,15813,4442,20255,135
2022-09-07,Merced,047,269075,71971,71448,11746,83194,856
2022-09-07,Modoc,049,8938,871,868,317,1185,11
2022-09-07,Mono,051,14174,3191,3184,251,3435,7
2022-09-07,Monterey,053,433212,93628,93430,20892,114322,762
2022-09-07,Napa,055,140530,31889,31854,1397,33251,156
2022-09-07,Nevada,057,99092,18805,18761,1819,20580,132
2022-09-07,Orange,059,3164182,662072,660580,61791,722371,7362
2022-09-07,Placer,061,380077,75152,74884,9451,84335,658
2022-09-07,Plumas,063,18699,3602,3588,430,4018,13
2022-09-07,Riverside,065,2383286,690999,688794,34966,723760,6591
2022-09-07,Sacramento,067,1510023,343673,342602,33538,376140,3248
2022-09-07,San Benito,069,59416,16125,15933,959,16892,103
2022-09-07,San Bernardino,071,2135413,666617,660303,30717,691020,8023
2022-09-07,San Diego,073,3302833,916221,914552,71104,985656,5468
2022-09-07,San Francisco,075,870044,176890,176386,11979,188365,1018
2022-09-07,San Joaquin,077,732212,196358,195359,14750,210109,2303
2022-09-07,San Luis Obispo,079,281455,62787,62548,7087,69635,517
2022-09-07,San Mateo,081,765935,166651,165893,10548,176441,736
2022-09-07,Santa Barbara,083,443738,104887,104452,6849,111301,717
2022-09-07,Santa Clara,085,1922200,431744,426178,18863,445041,2472
2022-09-07,Santa Cruz,087,273765,62461,62187,3398,65585,274
2022-09-07,Shasta,089,179085,34624,34484,7332,41816,591
2022-09-07,Sierra,091,2930,303,303,60,363,5
2022-09-07,Siskiyou,093,43540,5080,5190,3277,8467,89
2022-09-07,Solano,095,438530,104121,103665,7818,111483,463
2022-09-07,Sonoma,097,501317,105856,105389,5270,110659,517
2022-09-07,Stanislaus,099,539301,136929,136477,21475,157952,1726
2022-09-07,Sutter,101,95872,24033,23984,2462,26446,228
2022-09-07,Tehama,103,63373,13507,13453,3056,16509,210
2022-09-07,Trinity,105,12862,1387,1382,378,1760,20
2022-09-07,Tulare,107,460477,120940,120846,36028,156874,1529
2022-09-07,Tuolumne,109,53932,15414,15327,923,16250,196
2022-09-07,Ventura,111,848112,206719,206121,15570,221691,1557
2022-09-07,Yolo,113,214977,46889,46966,4367,51333,334
2022-09-07,Yuba,115,75493,18728,18665,1685,20350,129
2022-09-06,Alameda,001,1643700,343665,342480,19525,362005,1999
2022-09-06,Alpine,003,1148,133,133,1,134,0
2022-09-06,Amador,005,37829,9900,9877,917,10794,89
2022-09-06,Butte,007,227075,39123,38969,8954,47923,453
2022-09-06,Calaveras,009,45235,8438,8437,526,8963,133
2022-09-06,Colusa,011,21464,3764,3748,1267,5015,22
2022-09-06,Contra Costa,013,1133247,248544,245708,20565,266273,1415
2022-09-06,Del Norte,015,27424,7345,7346,402,7748,56
2022-09-06,El Dorado,017,186661,32011,31979,4213,36192,229
2022-09-06,Fresno,019,978130,273140,271753,31216,302969,2835
2022-09-06,Glenn,021,27897,5487,5468,1851,7319,48
2022-09-06,Humboldt,023,135768,21494,21459,4914,26373,155
2022-09-06,Imperial,025,180216,64961,64755,15528,80283,956
2022-09-06,Inyo,027,18085,4462,4456,924,5380,59
2022-09-06,Kern,029,883053,217875,216932,62808,279740,2404
2022-09-06,Kings,031,150075,58994,58922,4064,62986,455
2022-09-06,Lake,033,64148,12665,12647,1175,13822,143
2022-09-06,Lassen,035,31185,9929,9918,983,10901,64
2022-09-06,Los Angeles,037,10098052,3255346,3242352,177955,3420307,32971
2022-09-06,Madera,039,155013,43588,43533,8195,51728,373
2022-09-06,Marin,041,260295,44633,44489,5244,49733,305
2022-09-06,Mariposa,043,17540,3058,3046,358,3404,31
2022-09-06,Mendocino,045,87422,15869,15813,4434,20247,135
2022-09-06,Merced,047,269075,71934,71448,11728,83176,856
2022-09-06,Modoc,049,8938,870,868,317,1185,11
2022-09-06,Mono,051,14174,3191,3184,250,3434,7
2022-09-06,Monterey,053,433212,93593,93430,20873,114303,762
2022-09-06,Napa,055,140530,31873,31854,1397,33251,156
2022-09-06,Nevada,057,99092,18796,18761,1814,20575,132
2022-09-06,Orange,059,3164182,661710,660580,61716,722296,7362
2022-09-06,Placer,061,380077,75108,74884,9449,84333,658
2022-09-06,Plumas,063,18699,3598,3588,430,4018,13
2022-09-06,Riverside,065,2383286,690529,688794,34931,723725,6591
2022-09-06,Sacramento,067,1510023,343458,342602,33497,376099,3248
2022-09-06,San Benito,069,59416,16109,15933,959,16892,103
2022-09-06,San Bernardino,071,2135413,666347,660303,30698,691001,8023
2022-09-06,San Diego,073,3302833,915710,914552,71051,985603,5468
2022-09-06,San Francisco,075,870044,176757,176386,11967,188353,1018
2022-09-06,San Joaquin,077,732212,196267,195359,14734,210093,2303
2022-09-06,San Luis Obispo,079,281455,62746,62548,7085,69633,517
2022-09-06,San Mateo,081,765935,166546,165893,10536,176429,736
2022-09-06,Santa Barbara,083,443738,104831,104452,6843,111295,717
2022-09-06,Santa Clara,085,1922200,431484,426178,18848,445026,2472
2022-09-06,Santa Cruz,087,273765,62381,62187,3398,65585,274
2022-09-06,Shasta,089,179085,34576,34484,7309,41793,591
2022-09-06,Sierra,091,2930,303,303,60,363,5
2022-09-06,Siskiyou,093,43540,5078,5190,3273,8463,89
2022-09-06,Solano,095,438530,104057,103665,7805,111470,463
2022-09-06,Sonoma,097,501317,105795,105389,5266,110655,517
2022-09-06,Stanislaus,099,539301,136860,136477,21459,157936,1726
2022-09-06,Sutter,101,95872,24008,23984,2462,26446,228
2022-09-06,Tehama,103,63373,13498,13453,3053,16506,210
2022-09-06,Trinity,105,12862,1386,1382,378,1760,20
2022-09-06,Tulare,107,460477,120891,120846,35989,156835,1529
2022-09-06,Tuolumne,109,53932,15403,15327,923,16250,196
2022-09-06,Ventura,111,848112,206576,206121,15550,221671,1557
2022-09-06,Yolo,113,214977,46873,46966,4356,51322,334
2022-09-06,Yuba,115,75493,18707,18665,1684,20349,129
2022-09-05,Alameda,001,1643700,343375,342480,19515,361995,1999
2022-09-05,Alpine,003,1148,133,133,1,134,0
2022-09-05,Amador,005,37829,9896,9877,917,10794,89
2022-09-05,Butte,007,227075,39078,38969,8940,47909,453
2022-09-05,Calaveras,009,45235,8435,8437,525,8962,133
2022-09-05,Colusa,011,21464,3757,3748,1264,5012,22
2022-09-05,Contra Costa,013,1133247,248357,245708,20545,266253,1415
2022-09-05,Del Norte,015,27424,7340,7346,400,7746,56
2022-09-05,El Dorado,017,186661,31989,31979,4205,36184,229
2022-09-05,Fresno,019,978130,272910,271753,31150,302903,2835
2022-09-05,Glenn,021,27897,5484,5468,1847,7315,48
2022-09-05,Humboldt,023,135768,21479,21459,4907,26366,155
2022-09-05,Imperial,025,180216,64908,64755,15484,80239,956
2022-09-05,Inyo,027,18085,4460,4456,922,5378,59
2022-09-05,Kern,029,883053,217744,216932,62675,279607,2404
2022-09-05,Kings,031,150075,58936,58922,4061,62983,455
2022-09-05,Lake,033,64148,12659,12647,1172,13819,143
2022-09-05,Lassen,035,31185,9920,9918,982,10900,64
2022-09-05,Los Angeles,037,10098052,3252920,3242352,177687,3420039,32971
2022-09-05,Madera,039,155013,43533,43533,8173,51706,373
2022-09-05,Marin,041,260295,44606,44489,5242,49731,305
2022-09-05,Mariposa,043,17540,3053,3046,358,3404,31
2022-09-05,Mendocino,045,87422,15850,15813,4421,20234,135
2022-09-05,Merced,047,269075,71872,71448,11696,83144,856
2022-09-05,Modoc,049,8938,869,868,316,1184,11
2022-09-05,Mono,051,14174,3189,3184,247,3431,7
2022-09-05,Monterey,053,433212,93529,93430,20850,114280,762
2022-09-05,Napa,055,140530,31846,31854,1393,33247,156
2022-09-05,Nevada,057,99092,18789,18761,1809,20570,132
2022-09-05,Orange,059,3164182,661238,660580,61617,722197,7362
2022-09-05,Placer,061,380077,75058,74884,9444,84328,658
2022-09-05,Plumas,063,18699,3597,3588,430,4018,13
2022-09-05,Riverside,065,2383286,690020,688794,34879,723673,6591
2022-09-05,Sacramento,067,1510023,343169,342602,33434,376036,3248
2022-09-05,San Benito,069,59416,16084,15933,955,16888,103
2022-09-05,San Bernardino,071,2135413,665919,660303,30663,690966,8023
2022-09-05,San Diego,073,3302833,915083,914552,70958,985510,5468
2022-09-05,San Francisco,075,870044,176595,176386,11960,188346,1018
2022-09-05,San Joaquin,077,732212,196127,195359,14719,210078,2303
2022-09-05,San Luis Obispo,079,281455,62693,62548,7067,69615,517
2022-09-05,San Mateo,081,765935,166428,165893,10527,176420,736
2022-09-05,Santa Barbara,083,443738,104746,104452,6836,111288,717
2022-09-05,Santa Clara,085,1922200,431119,426178,18830,445008,2472
2022-09-05,Santa Cruz,087,273765,62323,62187,3393,65580,274
2022-09-05,Shasta,089,179085,34545,34484,7296,41780,591
2022-09-05,Sierra,091,2930,303,303,60,363,5
2022-09-05,Siskiyou,093,43540,5072,5190,3273,8463,89
2022-09-05,Solano,095,438530,103960,103665,7787,111452,463
2022-09-05,Sonoma,097,501317,105723,105389,5259,110648,517
2022-09-05,Stanislaus,099,539301,136762,136477,21441,157918,1726
2022-09-05,Sutter,101,95872,23984,23984,2460,26444,228
2022-09-05,Tehama,103,63373,13490,13453,3052,16505,210
2022-09-05,Trinity,105,12862,1386,1382,377,1759,20
2022-09-05,Tulare,107,460477,120797,120846,35928,156774,1529
2022-09-05,Tuolumne,109,53932,15384,15327,922,16249,196
2022-09-05,Ventura,111,848112,206404,206121,15509,221630,1557
2022-09-05,Yolo,113,214977,46849,46966,4348,51314,334
2022-09-05,Yuba,115,75493,18685,18665,1682,20347,129
2022-09-04,Alameda,001,1643700,343235,341621,19502,361123,1998
2022-09-04,Alpine,003,1148,133,133,1,134,0
2022-09-04,Amador,005,37829,9892,9855,916,10771,89
2022-09-04,Butte,007,227075,39057,38851,8932,47783,453
2022-09-04,Calaveras,009,45235,8433,8422,524,8946,133
2022-09-04,Colusa,011,21464,3756,3742,1261,5003,22
2022-09-04,Contra Costa,013,1133247,248253,245022,20538,265560,1410
2022-09-04,Del Norte,015,27424,7339,7340,399,7739,56
2022-09-04,El Dorado,017,186661,31973,31929,4201,36130,229
2022-09-04,Fresno,019,978130,272805,271062,31139,302201,2835
2022-09-04,Glenn,021,27897,5483,5462,1847,7309,48
2022-09-04,Humboldt,023,135768,21469,21390,4903,26293,154
2022-09-04,Imperial,025,180216,64881,64678,15472,80150,956
2022-09-04,Inyo,027,18085,4458,4449,919,5368,59
2022-09-04,Kern,029,883053,217661,216471,62580,279051,2404
2022-09-04,Kings,031,150075,58922,58753,4061,62814,455
2022-09-04,Lake,033,64148,12652,12608,1171,13779,143
2022-09-04,Lassen,035,31185,9917,9908,982,10890,64
2022-09-04,Los Angeles,037,10098052,3251977,3235242,177569,3412811,32927
2022-09-04,Madera,039,155013,43520,43403,8165,51568,373
2022-09-04,Marin,041,260295,44580,44394,5237,49631,305
2022-09-04,Mariposa,043,17540,3052,3036,358,3394,31
2022-09-04,Mendocino,045,87422,15846,15781,4420,20201,134
2022-09-04,Merced,047,269075,71848,71280,11691,82971,856
2022-09-04,Modoc,049,8938,869,868,316,1184,11
2022-09-04,Mono,051,14174,3189,3183,247,3430,7
2022-09-04,Monterey,053,433212,93497,93246,20827,114073,761
2022-09-04,Napa,055,140530,31837,31799,1393,33192,156
2022-09-04,Nevada,057,99092,18781,18705,1806,20511,132
2022-09-04,Orange,059,3164182,661067,659290,61566,720856,7347
2022-09-04,Placer,061,380077,75023,74754,9442,84196,657
2022-09-04,Plumas,063,18699,3595,3587,430,4017,13
2022-09-04,Riverside,065,2383286,689830,687184,34861,722045,6581
2022-09-04,Sacramento,067,1510023,343070,341766,33416,375182,3243
2022-09-04,San Benito,069,59416,16079,15900,955,16855,103
2022-09-04,San Bernardino,071,2135413,665773,658354,30647,689001,8006
2022-09-04,San Diego,073,3302833,914844,912824,70939,983763,5464
2022-09-04,San Francisco,075,870044,176517,176131,11955,188086,1015
2022-09-04,San Joaquin,077,732212,196004,194904,14700,209604,2301
2022-09-04,San Luis Obispo,079,281455,62683,62455,7063,69518,517
2022-09-04,San Mateo,081,765935,166372,165520,10523,176043,738
2022-09-04,Santa Barbara,083,443738,104695,104161,6831,110992,716
2022-09-04,Santa Clara,085,1922200,430920,425040,18816,443856,2473
2022-09-04,Santa Cruz,087,273765,62304,61989,3392,65381,273
2022-09-04,Shasta,089,179085,34538,34422,7289,41711,591
2022-09-04,Sierra,091,2930,303,303,60,363,5
2022-09-04,Siskiyou,093,43540,5069,5168,3270,8438,89
2022-09-04,Solano,095,438530,103942,103457,7783,111240,461
2022-09-04,Sonoma,097,501317,105697,105162,5254,110416,517
2022-09-04,Stanislaus,099,539301,136702,136168,21432,157600,1726
2022-09-04,Sutter,101,95872,23969,23927,2460,26387,228
2022-09-04,Tehama,103,63373,13482,13406,3049,16455,210
2022-09-04,Trinity,105,12862,1386,1377,376,1753,20
2022-09-04,Tulare,107,460477,120755,120592,35892,156484,1527
2022-09-04,Tuolumne,109,53932,15370,15294,921,16215,196
2022-09-04,Ventura,111,848112,206315,205627,15498,221125,1558
2022-09-04,Yolo,113,214977,46839,46882,4342,51224,334
2022-09-04,Yuba,115,75493,18681,18615,1682,20297,129
2022-09-03,Alameda,001,1643700,343112,341621,19497,361118,1998
2022-09-03,Alpine,003,1148,133,133,1,134,0
2022-09-03,Amador,005,37829,9887,9855,915,10770,89
2022-09-03,Butte,007,227075,39040,38851,8924,47775,453
2022-09-03,Calaveras,009,45235,8432,8422,524,8946,133
2022-09-03,Colusa,011,21464,3756,3742,1260,5002,22
2022-09-03,Contra Costa,013,1133247,248148,245022,20527,265549,1410
2022-09-03,Del Norte,015,27424,7339,7340,399,7739,56
2022-09-03,El Dorado,017,186661,31965,31929,4199,36128,229
2022-09-03,Fresno,019,978130,272725,271062,31123,302185,2835
2022-09-03,Glenn,021,27897,5482,5462,1847,7309,48
2022-09-03,Humboldt,023,135768,21461,21390,4903,26293,154
2022-09-03,Imperial,025,180216,64862,64678,15462,80140,956
2022-09-03,Inyo,027,18085,4457,4449,917,5366,59
2022-09-03,Kern,029,883053,217593,216471,62515,278986,2404
2022-09-03,Kings,031,150075,58909,58753,4061,62814,455
2022-09-03,Lake,033,64148,12646,12608,1171,13779,143
2022-09-03,Lassen,035,31185,9917,9908,982,10890,64
2022-09-03,Los Angeles,037,10098052,3251030,3235242,177433,3412675,32927
2022-09-03,Madera,039,155013,43501,43403,8164,51567,373
2022-09-03,Marin,041,260295,44565,44394,5235,49629,305
2022-09-03,Mariposa,043,17540,3051,3036,357,3393,31
2022-09-03,Mendocino,045,87422,15834,15781,4417,20198,134
2022-09-03,Merced,047,269075,71822,71280,11688,82968,856
2022-09-03,Modoc,049,8938,869,868,316,1184,11
2022-09-03,Mono,051,14174,3189,3183,246,3429,7
2022-09-03,Monterey,053,433212,93482,93246,20815,114061,761
2022-09-03,Napa,055,140530,31831,31799,1393,33192,156
2022-09-03,Nevada,057,99092,18775,18705,1806,20511,132
2022-09-03,Orange,059,3164182,660872,659290,61509,720799,7347
2022-09-03,Placer,061,380077,74991,74754,9440,84194,657
2022-09-03,Plumas,063,18699,3593,3587,430,4017,13
2022-09-03,Riverside,065,2383286,689628,687184,34835,722019,6581
2022-09-03,Sacramento,067,1510023,342951,341766,33406,375172,3243
2022-09-03,San Benito,069,59416,16073,15900,954,16854,103
2022-09-03,San Bernardino,071,2135413,665586,658354,30621,688975,8006
2022-09-03,San Diego,073,3302833,914596,912824,70921,983745,5464
2022-09-03,San Francisco,075,870044,176463,176131,11950,188081,1015
2022-09-03,San Joaquin,077,732212,195949,194904,14690,209594,2301
2022-09-03,San Luis Obispo,079,281455,62673,62455,7060,69515,517
2022-09-03,San Mateo,081,765935,166311,165520,10513,176033,738
2022-09-03,Santa Barbara,083,443738,104650,104161,6826,110987,716
2022-09-03,Santa Clara,085,1922200,430741,425040,18809,443849,2473
2022-09-03,Santa Cruz,087,273765,62285,61989,3391,65380,273
2022-09-03,Shasta,089,179085,34526,34422,7285,41707,591
2022-09-03,Sierra,091,2930,303,303,60,363,5
2022-09-03,Siskiyou,093,43540,5066,5168,3270,8438,89
2022-09-03,Solano,095,438530,103928,103457,7778,111235,461
2022-09-03,Sonoma,097,501317,105674,105162,5254,110416,517
2022-09-03,Stanislaus,099,539301,136660,136168,21427,157595,1726
2022-09-03,Sutter,101,95872,23959,23927,2459,26386,228
2022-09-03,Tehama,103,63373,13477,13406,3048,16454,210
2022-09-03,Trinity,105,12862,1386,1377,376,1753,20
2022-09-03,Tulare,107,460477,120723,120592,35854,156446,1527
2022-09-03,Tuolumne,109,53932,15366,15294,920,16214,196
2022-09-03,Ventura,111,848112,206236,205627,15485,221112,1558
2022-09-03,Yolo,113,214977,46829,46882,4340,51222,334
2022-09-03,Yuba,115,75493,18672,18615,1681,20296,129
2022-09-02,Alameda,001,1643700,342981,341621,19491,361112,1998
2022-09-02,Alpine,003,1148,133,133,1,134,0
2022-09-02,Amador,005,37829,9885,9855,915,10770,89
2022-09-02,Butte,007,227075,39028,38851,8912,47763,453
2022-09-02,Calaveras,009,45235,8428,8422,523,8945,133
2022-09-02,Colusa,011,21464,3755,3742,1260,5002,22
2022-09-02,Contra Costa,013,1133247,248054,245022,20514,265536,1410
2022-09-02,Del Norte,015,27424,7339,7340,397,7737,56
2022-09-02,El Dorado,017,186661,31954,31929,4197,36126,229
2022-09-02,Fresno,019,978130,272611,271062,31103,302165,2835
2022-09-02,Glenn,021,27897,5478,5462,1847,7309,48
2022-09-02,Humboldt,023,135768,21453,21390,4899,26289,154
2022-09-02,Imperial,025,180216,64841,64678,15449,80127,956
2022-09-02,Inyo,027,18085,4454,4449,916,5365,59
2022-09-02,Kern,029,883053,217511,216471,62446,278917,2404
2022-09-02,Kings,031,150075,58897,58753,4058,62811,455
2022-09-02,Lake,033,64148,12642,12608,1170,13778,143
2022-09-02,Lassen,035,31185,9916,9908,982,10890,64
2022-09-02,Los Angeles,037,10098052,3249974,3235242,177270,3412512,32927
2022-09-02,Madera,039,155013,43488,43403,8159,51562,373
2022-09-02,Marin,041,260295,44547,44394,5225,49619,305
2022-09-02,Mariposa,043,17540,3048,3036,355,3391,31
2022-09-02,Mendocino,045,87422,15832,15781,4416,20197,134
2022-09-02,Merced,047,269075,71796,71280,11685,82965,856
2022-09-02,Modoc,049,8938,869,868,316,1184,11
2022-09-02,Mono,051,14174,3189,3183,246,3429,7
2022-09-02,Monterey,053,433212,93455,93246,20798,114044,761
2022-09-02,Napa,055,140530,31818,31799,1393,33192,156
2022-09-02,Nevada,057,99092,18770,18705,1804,20509,132
2022-09-02,Orange,059,3164182,660684,659290,61445,720735,7347
2022-09-02,Placer,061,380077,74974,74754,9434,84188,657
2022-09-02,Plumas,063,18699,3592,3587,430,4017,13
2022-09-02,Riverside,065,2383286,689381,687184,34820,722004,6581
2022-09-02,Sacramento,067,1510023,342805,341766,33398,375164,3243
2022-09-02,San Benito,069,59416,16066,15900,954,16854,103
2022-09-02,San Bernardino,071,2135413,665410,658354,30605,688959,8006
2022-09-02,San Diego,073,3302833,914324,912824,70894,983718,5464
2022-09-02,San Francisco,075,870044,176397,176131,11933,188064,1015
2022-09-02,San Joaquin,077,732212,195846,194904,14670,209574,2301
2022-09-02,San Luis Obispo,079,281455,62657,62455,7059,69514,517
2022-09-02,San Mateo,081,765935,166228,165520,10510,176030,738
2022-09-02,Santa Barbara,083,443738,104604,104161,6822,110983,716
2022-09-02,Santa Clara,085,1922200,430544,425040,18795,443835,2473
2022-09-02,Santa Cruz,087,273765,62262,61989,3389,65378,273
2022-09-02,Shasta,089,179085,34520,34422,7282,41704,591
2022-09-02,Sierra,091,2930,303,303,60,363,5
2022-09-02,Siskiyou,093,43540,5063,5168,3270,8438,89
2022-09-02,Solano,095,438530,103894,103457,7774,111231,461
2022-09-02,Sonoma,097,501317,105640,105162,5250,110412,517
2022-09-02,Stanislaus,099,539301,136614,136168,21421,157589,1726
2022-09-02,Sutter,101,95872,23948,23927,2459,26386,228
2022-09-02,Tehama,103,63373,13475,13406,3046,16452,210
2022-09-02,Trinity,105,12862,1385,1377,376,1753,20
2022-09-02,Tulare,107,460477,120681,120592,35830,156422,1527
2022-09-02,Tuolumne,109,53932,15364,15294,919,16213,196
2022-09-02,Ventura,111,848112,206145,205627,15472,221099,1558
2022-09-02,Yolo,113,214977,46818,46882,4336,51218,334
2022-09-02,Yuba,115,75493,18664,18615,1678,20293,129
2022-09-01,Alameda,001,1643700,342753,341621,19474,361095,1998
2022-09-01,Alpine,003,1148,133,133,1,134,0
2022-09-01,Amador,005,37829,9881,9855,915,10770,89
2022-09-01,Butte,007,227075,39000,38851,8897,47748,453
2022-09-01,Calaveras,009,45235,8422,8422,522,8944,133
2022-09-01,Colusa,011,21464,3751,3742,1260,5002,22
2022-09-01,Contra Costa,013,1133247,247904,245022,20491,265513,1410
2022-09-01,Del Norte,015,27424,7338,7340,395,7735,56
2022-09-01,El Dorado,017,186661,31944,31929,4196,36125,229
2022-09-01,Fresno,019,978130,272440,271062,31039,302101,2835
2022-09-01,Glenn,021,27897,5476,5462,1847,7309,48
2022-09-01,Humboldt,023,135768,21440,21390,4892,26282,154
2022-09-01,Imperial,025,180216,64795,64678,15427,80105,956
2022-09-01,Inyo,027,18085,4452,4449,915,5364,59
2022-09-01,Kern,029,883053,217436,216471,62327,278798,2404
2022-09-01,Kings,031,150075,58869,58753,4056,62809,455
2022-09-01,Lake,033,64148,12632,12608,1168,13776,143
2022-09-01,Lassen,035,31185,9916,9908,980,10888,64
2022-09-01,Los Angeles,037,10098052,3248391,3235242,177045,3412287,32927
2022-09-01,Madera,039,155013,43451,43403,8156,51559,373
2022-09-01,Marin,041,260295,44514,44394,5217,49611,305
2022-09-01,Mariposa,043,17540,3047,3036,355,3391,31
2022-09-01,Mendocino,045,87422,15827,15781,4414,20195,134
2022-09-01,Merced,047,269075,71764,71280,11669,82949,856
2022-09-01,Modoc,049,8938,869,868,315,1183,11
2022-09-01,Mono,051,14174,3189,3183,245,3428,7
2022-09-01,Monterey,053,433212,93416,93246,20777,114023,761
2022-09-01,Napa,055,140530,31799,31799,1393,33192,156
2022-09-01,Nevada,057,99092,18761,18705,1804,20509,132
2022-09-01,Orange,059,3164182,660372,659290,61364,720654,7347
2022-09-01,Placer,061,380077,74937,74754,9427,84181,657
2022-09-01,Plumas,063,18699,3591,3587,430,4017,13
2022-09-01,Riverside,065,2383286,689043,687184,34779,721963,6581
2022-09-01,Sacramento,067,1510023,342609,341766,33359,375125,3243
2022-09-01,San Benito,069,59416,16058,15900,953,16853,103
2022-09-01,San Bernardino,071,2135413,665082,658354,30570,688924,8006
2022-09-01,San Diego,073,3302833,913905,912824,70845,983669,5464
2022-09-01,San Francisco,075,870044,176260,176131,11921,188052,1015
2022-09-01,San Joaquin,077,732212,195756,194904,14649,209553,2301
2022-09-01,San Luis Obispo,079,281455,62621,62455,7050,69505,517
2022-09-01,San Mateo,081,765935,166134,165520,10501,176021,738
2022-09-01,Santa Barbara,083,443738,104543,104161,6813,110974,716
2022-09-01,Santa Clara,085,1922200,430255,425040,18786,443826,2473
2022-09-01,Santa Cruz,087,273765,62209,61989,3384,65373,273
2022-09-01,Shasta,089,179085,34500,34422,7277,41699,591
2022-09-01,Sierra,091,2930,303,303,60,363,5
2022-09-01,Siskiyou,093,43540,5062,5168,3269,8437,89
2022-09-01,Solano,095,438530,103826,103457,7769,111226,461
2022-09-01,Sonoma,097,501317,105573,105162,5241,110403,517
2022-09-01,Stanislaus,099,539301,136533,136168,21405,157573,1726
2022-09-01,Sutter,101,95872,23930,23927,2456,26383,228
2022-09-01,Tehama,103,63373,13469,13406,3043,16449,210
2022-09-01,Trinity,105,12862,1384,1377,373,1750,20
2022-09-01,Tulare,107,460477,120627,120592,35786,156378,1527
2022-09-01,Tuolumne,109,53932,15356,15294,919,16213,196
2022-09-01,Ventura,111,848112,206000,205627,15454,221081,1558
2022-09-01,Yolo,113,214977,46791,46882,4327,51209,334
2022-09-01,Yuba,115,75493,18650,18615,1678,20293,129
2022-08-31,Alameda,001,1643700,342521,340789,19460,360249,1986
2022-08-31,Alpine,003,1148,133,133,1,134,0
2022-08-31,Amador,005,37829,9877,9829,913,10742,89
2022-08-31,Butte,007,227075,38964,38720,8881,47601,452
2022-08-31,Calaveras,009,45235,8418,8404,521,8925,133
2022-08-31,Colusa,011,21464,3750,3744,1260,5004,22
2022-08-31,Contra Costa,013,1133247,247747,244168,20463,264631,1409
2022-08-31,Del Norte,015,27424,7335,7333,395,7728,56
2022-08-31,El Dorado,017,186661,31937,31864,4190,36054,226
2022-08-31,Fresno,019,978130,272259,270456,30905,301361,2829
2022-08-31,Glenn,021,27897,5475,5448,1846,7294,48
2022-08-31,Humboldt,023,135768,21415,21325,4886,26211,154
2022-08-31,Imperial,025,180216,64765,64562,15405,79967,953
2022-08-31,Inyo,027,18085,4450,4444,914,5358,59
2022-08-31,Kern,029,883053,217323,216037,62187,278224,2404
2022-08-31,Kings,031,150075,58833,58629,4051,62680,455
2022-08-31,Lake,033,64148,12620,12563,1168,13731,142
2022-08-31,Lassen,035,31185,9911,9889,979,10868,64
2022-08-31,Los Angeles,037,10098052,3246573,3228552,176809,3405361,32877
2022-08-31,Madera,039,155013,43419,43269,8142,51411,372
2022-08-31,Marin,041,260295,44484,44330,5211,49541,305
2022-08-31,Mariposa,043,17540,3047,3025,354,3379,31
2022-08-31,Mendocino,045,87422,15820,15733,4409,20142,134
2022-08-31,Merced,047,269075,71736,71089,11643,82732,852
2022-08-31,Modoc,049,8938,867,865,315,1180,11
2022-08-31,Mono,051,14174,3188,3181,244,3425,7
2022-08-31,Monterey,053,433212,93372,93046,20755,113801,762
2022-08-31,Napa,055,140530,31784,31725,1391,33116,156
2022-08-31,Nevada,057,99092,18744,18649,1803,20452,132
2022-08-31,Orange,059,3164182,659963,658076,61275,719351,7340
2022-08-31,Placer,061,380077,74896,74612,9420,84032,657
2022-08-31,Plumas,063,18699,3590,3581,430,4011,13
2022-08-31,Riverside,065,2383286,688637,685704,34738,720442,6581
2022-08-31,Sacramento,067,1510023,342400,340949,33313,374262,3230
2022-08-31,San Benito,069,59416,16046,15860,951,16811,103
2022-08-31,San Bernardino,071,2135413,664654,656343,30529,686872,8014
2022-08-31,San Diego,073,3302833,913434,910878,70787,981665,5459
2022-08-31,San Francisco,075,870044,176145,175752,11912,187664,1001
2022-08-31,San Joaquin,077,732212,195598,194437,14630,209067,2298
2022-08-31,San Luis Obispo,079,281455,62592,62312,7037,69349,515
2022-08-31,San Mateo,081,765935,166031,165161,10494,175655,738
2022-08-31,Santa Barbara,083,443738,104456,103894,6804,110698,717
2022-08-31,Santa Clara,085,1922200,429951,424011,18768,442779,2467
2022-08-31,Santa Cruz,087,273765,62160,61812,3381,65193,272
2022-08-31,Shasta,089,179085,34485,34355,7270,41625,590
2022-08-31,Sierra,091,2930,303,302,60,362,5
2022-08-31,Siskiyou,093,43540,5054,5152,3268,8420,89
2022-08-31,Solano,095,438530,103763,103173,7764,110937,461
2022-08-31,Sonoma,097,501317,105502,104964,5230,110194,527
2022-08-31,Stanislaus,099,539301,136444,135801,21381,157182,1722
2022-08-31,Sutter,101,95872,23915,23856,2455,26311,228
2022-08-31,Tehama,103,63373,13456,13370,3038,16408,210
2022-08-31,Trinity,105,12862,1384,1373,373,1746,20
2022-08-31,Tulare,107,460477,120550,120346,35739,156085,1527
2022-08-31,Tuolumne,109,53932,15347,15250,917,16167,196
2022-08-31,Ventura,111,848112,205856,205157,15436,220593,1557
2022-08-31,Yolo,113,214977,46758,46807,4315,51122,334
2022-08-31,Yuba,115,75493,18628,18558,1674,20232,129
2022-08-30,Alameda,001,1643700,342275,340789,19439,360228,1986
2022-08-30,Alpine,003,1148,133,133,1,134,0
2022-08-30,Amador,005,37829,9866,9829,913,10742,89
2022-08-30,Butte,007,227075,38929,38720,8866,47586,452
2022-08-30,Calaveras,009,45235,8415,8404,519,8923,133
2022-08-30,Colusa,011,21464,3750,3744,1258,5002,22
2022-08-30,Contra Costa,013,1133247,247592,244168,20444,264612,1409
2022-08-30,Del Norte,015,27424,7334,7333,395,7728,56
2022-08-30,El Dorado,017,186661,31920,31864,4186,36050,226
2022-08-30,Fresno,019,978130,272061,270456,30805,301261,2829
2022-08-30,Glenn,021,27897,5475,5448,1845,7293,48
2022-08-30,Humboldt,023,135768,21394,21325,4882,26207,154
2022-08-30,Imperial,025,180216,64718,64562,15370,79932,953
2022-08-30,Inyo,027,18085,4449,4444,911,5355,59
2022-08-30,Kern,029,883053,217193,216037,62036,278073,2404
2022-08-30,Kings,031,150075,58777,58629,4047,62676,455
2022-08-30,Lake,033,64148,12610,12563,1166,13729,142
2022-08-30,Lassen,035,31185,9907,9889,979,10868,64
2022-08-30,Los Angeles,037,10098052,3244476,3228552,176544,3405096,32877
2022-08-30,Madera,039,155013,43370,43269,8125,51394,372
2022-08-30,Marin,041,260295,44452,44330,5206,49536,305
2022-08-30,Mariposa,043,17540,3045,3025,352,3377,31
2022-08-30,Mendocino,045,87422,15809,15733,4399,20132,134
2022-08-30,Merced,047,269075,71687,71089,11621,82710,852
2022-08-30,Modoc,049,8938,867,865,315,1180,11
2022-08-30,Mono,051,14174,3186,3181,244,3425,7
2022-08-30,Monterey,053,433212,93326,93046,20740,113786,762
2022-08-30,Napa,055,140530,31766,31725,1390,33115,156
2022-08-30,Nevada,057,99092,18726,18649,1783,20432,132
2022-08-30,Orange,059,3164182,659519,658076,61163,719239,7340
2022-08-30,Placer,061,380077,74860,74612,9412,84024,657
2022-08-30,Plumas,063,18699,3589,3581,430,4011,13
2022-08-30,Riverside,065,2383286,688195,685704,34699,720403,6581
2022-08-30,Sacramento,067,1510023,342205,340949,33273,374222,3230
2022-08-30,San Benito,069,59416,16033,15860,947,16807,103
2022-08-30,San Bernardino,071,2135413,664181,656343,30496,686839,8014
2022-08-30,San Diego,073,3302833,912903,910878,70693,981571,5459
2022-08-30,San Francisco,075,870044,176026,175752,11902,187654,1001
2022-08-30,San Joaquin,077,732212,195447,194437,14595,209032,2298
2022-08-30,San Luis Obispo,079,281455,62555,62312,7021,69333,515
2022-08-30,San Mateo,081,765935,165926,165161,10484,175645,738
2022-08-30,Santa Barbara,083,443738,104363,103894,6792,110686,717
2022-08-30,Santa Clara,085,1922200,429624,424011,18753,442764,2467
2022-08-30,Santa Cruz,087,273765,62111,61812,3372,65184,272
2022-08-30,Shasta,089,179085,34462,34355,7265,41620,590
2022-08-30,Sierra,091,2930,303,302,60,362,5
2022-08-30,Siskiyou,093,43540,5046,5152,3266,8418,89
2022-08-30,Solano,095,438530,103676,103173,7757,110930,461
2022-08-30,Sonoma,097,501317,105440,104964,5223,110187,527
2022-08-30,Stanislaus,099,539301,136338,135801,21366,157167,1722
2022-08-30,Sutter,101,95872,23897,23856,2455,26311,228
2022-08-30,Tehama,103,63373,13450,13370,3030,16400,210
2022-08-30,Trinity,105,12862,1383,1373,372,1745,20
2022-08-30,Tulare,107,460477,120467,120346,35684,156030,1527
2022-08-30,Tuolumne,109,53932,15332,15250,917,16167,196
2022-08-30,Ventura,111,848112,205699,205157,15393,220550,1557
2022-08-30,Yolo,113,214977,46738,46807,4307,51114,334
2022-08-30,Yuba,115,75493,18616,18558,1672,20230,129
2022-08-29,Alameda,001,1643700,341951,340789,19409,360198,1986
2022-08-29,Alpine,003,1148,133,133,1,134,0
2022-08-29,Amador,005,37829,9852,9829,912,10741,89
2022-08-29,Butte,007,227075,38888,38720,8849,47569,452
2022-08-29,Calaveras,009,45235,8414,8404,517,8921,133
2022-08-29,Colusa,011,21464,3750,3744,1258,5002,22
2022-08-29,Contra Costa,013,1133247,247417,244168,20419,264587,1409
2022-08-29,Del Norte,015,27424,7333,7333,395,7728,56
2022-08-29,El Dorado,017,186661,31904,31864,4180,36044,226
2022-08-29,Fresno,019,978130,271835,270456,30763,301219,2829
2022-08-29,Glenn,021,27897,5473,5448,1842,7290,48
2022-08-29,Humboldt,023,135768,21371,21325,4875,26200,154
2022-08-29,Imperial,025,180216,64676,64562,15329,79891,953
2022-08-29,Inyo,027,18085,4448,4444,907,5351,59
2022-08-29,Kern,029,883053,217026,216037,61897,277934,2404
2022-08-29,Kings,031,150075,58707,58629,4043,62672,455
2022-08-29,Lake,033,64148,12596,12563,1165,13728,142
2022-08-29,Lassen,035,31185,9901,9889,979,10868,64
2022-08-29,Los Angeles,037,10098052,3242244,3228552,176266,3404818,32877
2022-08-29,Madera,039,155013,43332,43269,8104,51373,372
2022-08-29,Marin,041,260295,44418,44330,5200,49530,305
2022-08-29,Mariposa,043,17540,3042,3025,350,3375,31
2022-08-29,Mendocino,045,87422,15796,15733,4386,20119,134
2022-08-29,Merced,047,269075,71629,71089,11590,82679,852
2022-08-29,Modoc,049,8938,866,865,314,1179,11
2022-08-29,Mono,051,14174,3185,3181,244,3425,7
2022-08-29,Monterey,053,433212,93290,93046,20709,113755,762
2022-08-29,Napa,055,140530,31746,31725,1390,33115,156
2022-08-29,Nevada,057,99092,18710,18649,1781,20430,132
2022-08-29,Orange,059,3164182,659080,658076,61076,719152,7340
2022-08-29,Placer,061,380077,74821,74612,9399,84011,657
2022-08-29,Plumas,063,18699,3588,3581,430,4011,13
2022-08-29,Riverside,065,2383286,687629,685704,34641,720345,6581
2022-08-29,Sacramento,067,1510023,341930,340949,33217,374166,3230
2022-08-29,San Benito,069,59416,16020,15860,945,16805,103
2022-08-29,San Bernardino,071,2135413,663606,656343,30455,686798,8014
2022-08-29,San Diego,073,3302833,912275,910878,70625,981503,5459
2022-08-29,San Francisco,075,870044,175921,175752,11891,187643,1001
2022-08-29,San Joaquin,077,732212,195303,194437,14565,209002,2298
2022-08-29,San Luis Obispo,079,281455,62522,62312,7008,69320,515
2022-08-29,San Mateo,081,765935,165820,165161,10475,175636,738
2022-08-29,Santa Barbara,083,443738,104268,103894,6781,110675,717
2022-08-29,Santa Clara,085,1922200,429229,424011,18725,442736,2467
2022-08-29,Santa Cruz,087,273765,62044,61812,3364,65176,272
2022-08-29,Shasta,089,179085,34444,34355,7251,41606,590
2022-08-29,Sierra,091,2930,303,302,60,362,5
2022-08-29,Siskiyou,093,43540,5042,5152,3265,8417,89
2022-08-29,Solano,095,438530,103595,103173,7747,110920,461
2022-08-29,Sonoma,097,501317,105360,104964,5216,110180,527
2022-08-29,Stanislaus,099,539301,136219,135801,21332,157133,1722
2022-08-29,Sutter,101,95872,23870,23856,2451,26307,228
2022-08-29,Tehama,103,63373,13441,13370,3029,16399,210
2022-08-29,Trinity,105,12862,1382,1373,372,1745,20
2022-08-29,Tulare,107,460477,120379,120346,35612,155958,1527
2022-08-29,Tuolumne,109,53932,15317,15250,917,16167,196
2022-08-29,Ventura,111,848112,205554,205157,15367,220524,1557
2022-08-29,Yolo,113,214977,46713,46807,4297,51104,334
2022-08-29,Yuba,115,75493,18598,18558,1667,20225,129
2022-08-28,Alameda,001,1643700,341629,339618,19385,359003,1978
2022-08-28,Alpine,003,1148,133,133,1,134,0
2022-08-28,Amador,005,37829,9845,9802,910,10712,89
2022-08-28,Butte,007,227075,38838,38606,8837,47443,452
2022-08-28,Calaveras,009,45235,8406,8368,516,8884,133
2022-08-28,Colusa,011,21464,3748,3736,1254,4990,22
2022-08-28,Contra Costa,013,1133247,247201,243331,20395,263726,1404
2022-08-28,Del Norte,015,27424,7327,7316,394,7710,55
2022-08-28,El Dorado,017,186661,31874,31760,4171,35931,226
2022-08-28,Fresno,019,978130,271588,269680,30706,300386,2829
2022-08-28,Glenn,021,27897,5470,5434,1840,7274,49
2022-08-28,Humboldt,023,135768,21347,21264,4860,26124,154
2022-08-28,Imperial,025,180216,64624,64391,15279,79670,953
2022-08-28,Inyo,027,18085,4447,4443,904,5347,59
2022-08-28,Kern,029,883053,216888,215612,61715,277327,2399
2022-08-28,Kings,031,150075,58650,58443,4032,62475,455
2022-08-28,Lake,033,64148,12584,12524,1161,13685,142
2022-08-28,Lassen,035,31185,9890,9871,979,10850,64
2022-08-28,Los Angeles,037,10098052,3239544,3219328,175911,3395239,32833
2022-08-28,Madera,039,155013,43284,43105,8071,51176,372
2022-08-28,Marin,041,260295,44386,44192,5191,49383,305
2022-08-28,Mariposa,043,17540,3036,3018,349,3367,31
2022-08-28,Mendocino,045,87422,15782,15698,4382,20080,134
2022-08-28,Merced,047,269075,71557,70906,11537,82443,851
2022-08-28,Modoc,049,8938,866,865,314,1179,11
2022-08-28,Mono,051,14174,3184,3181,244,3425,7
2022-08-28,Monterey,053,433212,93223,92844,20680,113524,760
2022-08-28,Napa,055,140530,31718,31668,1389,33057,156
2022-08-28,Nevada,057,99092,18687,18592,1780,20372,132
2022-08-28,Orange,059,3164182,658621,656440,60966,717406,7326
2022-08-28,Placer,061,380077,74776,74391,9386,83777,657
2022-08-28,Plumas,063,18699,3585,3571,430,4001,13
2022-08-28,Riverside,065,2383286,686997,683511,34571,718082,6580
2022-08-28,Sacramento,067,1510023,341610,339846,33145,372991,3222
2022-08-28,San Benito,069,59416,16007,15805,942,16747,103
2022-08-28,San Bernardino,071,2135413,663008,653843,30395,684238,8017
2022-08-28,San Diego,073,3302833,911517,908809,70518,979327,5456
2022-08-28,San Francisco,075,870044,175766,175204,11879,187083,1000
2022-08-28,San Joaquin,077,732212,195073,193880,14530,208410,2296
2022-08-28,San Luis Obispo,079,281455,62476,62105,6986,69091,515
2022-08-28,San Mateo,081,765935,165669,164675,10462,175137,738
2022-08-28,Santa Barbara,083,443738,104136,103496,6760,110256,717
2022-08-28,Santa Clara,085,1922200,428820,422650,18704,441354,2459
2022-08-28,Santa Cruz,087,273765,61945,61594,3348,64942,273
2022-08-28,Shasta,089,179085,34414,34283,7233,41516,590
2022-08-28,Sierra,091,2930,302,300,60,360,5
2022-08-28,Siskiyou,093,43540,5036,5140,3263,8403,89
2022-08-28,Solano,095,438530,103502,102855,7737,110592,460
2022-08-28,Sonoma,097,501317,105278,104646,5205,109851,557
2022-08-28,Stanislaus,099,539301,136068,135310,21303,156613,1722
2022-08-28,Sutter,101,95872,23843,23759,2448,26207,228
2022-08-28,Tehama,103,63373,13421,13340,3027,16367,210
2022-08-28,Trinity,105,12862,1382,1370,370,1740,20
2022-08-28,Tulare,107,460477,120268,119942,35501,155443,1527
2022-08-28,Tuolumne,109,53932,15311,15193,912,16105,196
2022-08-28,Ventura,111,848112,205362,204567,15292,219859,1553
2022-08-28,Yolo,113,214977,46664,46744,4285,51029,334
2022-08-28,Yuba,115,75493,18579,18482,1661,20143,129
2022-08-27,Alameda,001,1643700,341441,339618,19375,358993,1978
2022-08-27,Alpine,003,1148,133,133,1,134,0
2022-08-27,Amador,005,37829,9839,9802,909,10711,89
2022-08-27,Butte,007,227075,38810,38606,8824,47430,452
2022-08-27,Calaveras,009,45235,8401,8368,516,8884,133
2022-08-27,Colusa,011,21464,3746,3736,1249,4985,22
2022-08-27,Contra Costa,013,1133247,247061,243331,20384,263715,1404
2022-08-27,Del Norte,015,27424,7326,7316,393,7709,55
2022-08-27,El Dorado,017,186661,31862,31760,4167,35927,226
2022-08-27,Fresno,019,978130,271467,269680,30690,300370,2829
2022-08-27,Glenn,021,27897,5468,5434,1840,7274,49
2022-08-27,Humboldt,023,135768,21331,21264,4852,26116,154
2022-08-27,Imperial,025,180216,64602,64391,15269,79660,953
2022-08-27,Inyo,027,18085,4446,4443,904,5347,59
2022-08-27,Kern,029,883053,216806,215612,61605,277217,2399
2022-08-27,Kings,031,150075,58620,58443,4029,62472,455
2022-08-27,Lake,033,64148,12580,12524,1157,13681,142
2022-08-27,Lassen,035,31185,9886,9871,979,10850,64
2022-08-27,Los Angeles,037,10098052,3238223,3219328,175698,3395026,32833
2022-08-27,Madera,039,155013,43249,43105,8067,51172,372
2022-08-27,Marin,041,260295,44365,44192,5182,49374,305
2022-08-27,Mariposa,043,17540,3035,3018,348,3366,31
2022-08-27,Mendocino,045,87422,15776,15698,4380,20078,134
2022-08-27,Merced,047,269075,71514,70906,11529,82435,851
2022-08-27,Modoc,049,8938,866,865,314,1179,11
2022-08-27,Mono,051,14174,3183,3181,244,3425,7
2022-08-27,Monterey,053,433212,93192,92844,20664,113508,760
2022-08-27,Napa,055,140530,31703,31668,1387,33055,156
2022-08-27,Nevada,057,99092,18676,18592,1778,20370,132
2022-08-27,Orange,059,3164182,658360,656440,60863,717303,7326
2022-08-27,Placer,061,380077,74739,74391,9382,83773,657
2022-08-27,Plumas,063,18699,3584,3571,430,4001,13
2022-08-27,Riverside,065,2383286,686664,683511,34545,718056,6580
2022-08-27,Sacramento,067,1510023,341479,339846,33130,372976,3222
2022-08-27,San Benito,069,59416,15991,15805,938,16743,103
2022-08-27,San Bernardino,071,2135413,662697,653843,30361,684204,8017
2022-08-27,San Diego,073,3302833,911177,908809,70477,979286,5456
2022-08-27,San Francisco,075,870044,175694,175204,11872,187076,1000
2022-08-27,San Joaquin,077,732212,195015,193880,14508,208388,2296
2022-08-27,San Luis Obispo,079,281455,62461,62105,6979,69084,515
2022-08-27,San Mateo,081,765935,165575,164675,10459,175134,738
2022-08-27,Santa Barbara,083,443738,104074,103496,6748,110244,717
2022-08-27,Santa Clara,085,1922200,428609,422650,18691,441341,2459
2022-08-27,Santa Cruz,087,273765,61932,61594,3347,64941,273
2022-08-27,Shasta,089,179085,34403,34283,7228,41511,590
2022-08-27,Sierra,091,2930,302,300,60,360,5
2022-08-27,Siskiyou,093,43540,5034,5140,3263,8403,89
2022-08-27,Solano,095,438530,103465,102855,7729,110584,460
2022-08-27,Sonoma,097,501317,105236,104646,5202,109848,557
2022-08-27,Stanislaus,099,539301,135994,135310,21277,156587,1722
2022-08-27,Sutter,101,95872,23828,23759,2448,26207,228
2022-08-27,Tehama,103,63373,13415,13340,3026,16366,210
2022-08-27,Trinity,105,12862,1381,1370,368,1738,20
2022-08-27,Tulare,107,460477,120209,119942,35451,155393,1527
2022-08-27,Tuolumne,109,53932,15305,15193,910,16103,196
2022-08-27,Ventura,111,848112,205277,204567,15279,219846,1553
2022-08-27,Yolo,113,214977,46643,46744,4281,51025,334
2022-08-27,Yuba,115,75493,18567,18482,1660,20142,129
2022-08-26,Alameda,001,1643700,341275,339618,19365,358983,1978
2022-08-26,Alpine,003,1148,133,133,1,134,0
2022-08-26,Amador,005,37829,9836,9802,907,10709,89
2022-08-26,Butte,007,227075,38796,38606,8812,47418,452
2022-08-26,Calaveras,009,45235,8396,8368,516,8884,133
2022-08-26,Colusa,011,21464,3745,3736,1249,4985,22
2022-08-26,Contra Costa,013,1133247,246907,243331,20375,263706,1404
2022-08-26,Del Norte,015,27424,7324,7316,393,7709,55
2022-08-26,El Dorado,017,186661,31842,31760,4166,35926,226
2022-08-26,Fresno,019,978130,271311,269680,30653,300333,2829
2022-08-26,Glenn,021,27897,5465,5434,1838,7272,49
2022-08-26,Humboldt,023,135768,21325,21264,4849,26113,154
2022-08-26,Imperial,025,180216,64579,64391,15255,79646,953
2022-08-26,Inyo,027,18085,4445,4443,897,5340,59
2022-08-26,Kern,029,883053,216719,215612,61506,277118,2399
2022-08-26,Kings,031,150075,58606,58443,4027,62470,455
2022-08-26,Lake,033,64148,12572,12524,1156,13680,142
2022-08-26,Lassen,035,31185,9884,9871,979,10850,64
2022-08-26,Los Angeles,037,10098052,3236801,3219328,175482,3394810,32833
2022-08-26,Madera,039,155013,43220,43105,8060,51165,372
2022-08-26,Marin,041,260295,44333,44192,5179,49371,305
2022-08-26,Mariposa,043,17540,3031,3018,343,3361,31
2022-08-26,Mendocino,045,87422,15770,15698,4378,20076,134
2022-08-26,Merced,047,269075,71475,70906,11520,82426,851
2022-08-26,Modoc,049,8938,865,865,314,1179,11
2022-08-26,Mono,051,14174,3183,3181,244,3425,7
2022-08-26,Monterey,053,433212,93154,92844,20647,113491,760
2022-08-26,Napa,055,140530,31690,31668,1386,33054,156
2022-08-26,Nevada,057,99092,18664,18592,1776,20368,132
2022-08-26,Orange,059,3164182,658102,656440,60801,717241,7326
2022-08-26,Placer,061,380077,74704,74391,9370,83761,657
2022-08-26,Plumas,063,18699,3583,3571,430,4001,13
2022-08-26,Riverside,065,2383286,686315,683511,34508,718019,6580
2022-08-26,Sacramento,067,1510023,341294,339846,33119,372965,3222
2022-08-26,San Benito,069,59416,15980,15805,938,16743,103
2022-08-26,San Bernardino,071,2135413,662384,653843,30332,684175,8017
2022-08-26,San Diego,073,3302833,910754,908809,70454,979263,5456
2022-08-26,San Francisco,075,870044,175611,175204,11866,187070,1000
2022-08-26,San Joaquin,077,732212,194942,193880,14490,208370,2296
2022-08-26,San Luis Obispo,079,281455,62439,62105,6975,69080,515
2022-08-26,San Mateo,081,765935,165485,164675,10452,175127,738
2022-08-26,Santa Barbara,083,443738,104022,103496,6742,110238,717
2022-08-26,Santa Clara,085,1922200,428392,422650,18678,441328,2459
2022-08-26,Santa Cruz,087,273765,61885,61594,3343,64937,273
2022-08-26,Shasta,089,179085,34391,34283,7224,41507,590
2022-08-26,Sierra,091,2930,302,300,60,360,5
2022-08-26,Siskiyou,093,43540,5031,5140,3263,8403,89
2022-08-26,Solano,095,438530,103407,102855,7718,110573,460
2022-08-26,Sonoma,097,501317,105193,104646,5200,109846,557
2022-08-26,Stanislaus,099,539301,135917,135310,21268,156578,1722
2022-08-26,Sutter,101,95872,23809,23759,2447,26206,228
2022-08-26,Tehama,103,63373,13404,13340,3024,16364,210
2022-08-26,Trinity,105,12862,1381,1370,368,1738,20
2022-08-26,Tulare,107,460477,120150,119942,35401,155343,1527
2022-08-26,Tuolumne,109,53932,15293,15193,910,16103,196
2022-08-26,Ventura,111,848112,205198,204567,15263,219830,1553
2022-08-26,Yolo,113,214977,46631,46744,4277,51021,334
2022-08-26,Yuba,115,75493,18554,18482,1660,20142,129
2022-08-25,Alameda,001,1643700,340984,339618,19337,358955,1978
2022-08-25,Alpine,003,1148,133,133,1,134,0
2022-08-25,Amador,005,37829,9829,9802,907,10709,89
2022-08-25,Butte,007,227075,38772,38606,8804,47410,452
2022-08-25,Calaveras,009,45235,8390,8368,516,8884,133
2022-08-25,Colusa,011,21464,3745,3736,1247,4983,22
2022-08-25,Contra Costa,013,1133247,246710,243331,20347,263678,1404
2022-08-25,Del Norte,015,27424,7315,7316,393,7709,55
2022-08-25,El Dorado,017,186661,31822,31760,4160,35920,226
2022-08-25,Fresno,019,978130,271115,269680,30600,300280,2829
2022-08-25,Glenn,021,27897,5460,5434,1837,7271,49
2022-08-25,Humboldt,023,135768,21304,21264,4839,26103,154
2022-08-25,Imperial,025,180216,64538,64391,15226,79617,953
2022-08-25,Inyo,027,18085,4445,4443,890,5333,59
2022-08-25,Kern,029,883053,216582,215612,61401,277013,2399
2022-08-25,Kings,031,150075,58550,58443,4019,62462,455
2022-08-25,Lake,033,64148,12559,12524,1153,13677,142
2022-08-25,Lassen,035,31185,9883,9871,978,10849,64
2022-08-25,Los Angeles,037,10098052,3234627,3219328,175187,3394515,32833
2022-08-25,Madera,039,155013,43175,43105,8045,51150,372
2022-08-25,Marin,041,260295,44305,44192,5171,49363,305
2022-08-25,Mariposa,043,17540,3029,3018,343,3361,31
2022-08-25,Mendocino,045,87422,15761,15698,4377,20075,134
2022-08-25,Merced,047,269075,71431,70906,11486,82392,851
2022-08-25,Modoc,049,8938,865,865,314,1179,11
2022-08-25,Mono,051,14174,3183,3181,244,3425,7
2022-08-25,Monterey,053,433212,93103,92844,20625,113469,760
2022-08-25,Napa,055,140530,31673,31668,1385,33053,156
2022-08-25,Nevada,057,99092,18642,18592,1771,20363,132
2022-08-25,Orange,059,3164182,657697,656440,60709,717149,7326
2022-08-25,Placer,061,380077,74655,74391,9362,83753,657
2022-08-25,Plumas,063,18699,3581,3571,430,4001,13
2022-08-25,Riverside,065,2383286,685797,683511,34458,717969,6580
2022-08-25,Sacramento,067,1510023,341020,339846,33079,372925,3222
2022-08-25,San Benito,069,59416,15968,15805,936,16741,103
2022-08-25,San Bernardino,071,2135413,661855,653843,30296,684139,8017
2022-08-25,San Diego,073,3302833,910207,908809,70377,979186,5456
2022-08-25,San Francisco,075,870044,175498,175204,11861,187065,1000
2022-08-25,San Joaquin,077,732212,194795,193880,14465,208345,2296
2022-08-25,San Luis Obispo,079,281455,62340,62105,6964,69069,515
2022-08-25,San Mateo,081,765935,165358,164675,10444,175119,738
2022-08-25,Santa Barbara,083,443738,103928,103496,6726,110222,717
2022-08-25,Santa Clara,085,1922200,428078,422650,18655,441305,2459
2022-08-25,Santa Cruz,087,273765,61826,61594,3338,64932,273
2022-08-25,Shasta,089,179085,34372,34283,7212,41495,590
2022-08-25,Sierra,091,2930,302,300,60,360,5
2022-08-25,Siskiyou,093,43540,5026,5140,3258,8398,89
2022-08-25,Solano,095,438530,103322,102855,7708,110563,460
2022-08-25,Sonoma,097,501317,105117,104646,5193,109839,557
2022-08-25,Stanislaus,099,539301,135792,135310,21244,156554,1722
2022-08-25,Sutter,101,95872,23786,23759,2445,26204,228
2022-08-25,Tehama,103,63373,13397,13340,3016,16356,210
2022-08-25,Trinity,105,12862,1381,1370,367,1737,20
2022-08-25,Tulare,107,460477,120056,119942,35329,155271,1527
2022-08-25,Tuolumne,109,53932,15275,15193,909,16102,196
2022-08-25,Ventura,111,848112,205045,204567,15213,219780,1553
2022-08-25,Yolo,113,214977,46603,46744,4268,51012,334
2022-08-25,Yuba,115,75493,18535,18482,1657,20139,129
2022-08-24,Alameda,001,1643700,340678,338591,19311,357902,1976
2022-08-24,Alpine,003,1148,133,131,1,132,0
2022-08-24,Amador,005,37829,9822,9786,904,10690,89
2022-08-24,Butte,007,227075,38734,38458,8788,47246,449
2022-08-24,Calaveras,009,45235,8375,8334,515,8849,132
2022-08-24,Colusa,011,21464,3745,3722,1244,4966,22
2022-08-24,Contra Costa,013,1133247,246525,242633,20319,262952,1399
2022-08-24,Del Norte,015,27424,7311,7308,391,7699,55
2022-08-24,El Dorado,017,186661,31808,31682,4154,35836,225
2022-08-24,Fresno,019,978130,270924,269025,30540,299565,2822
2022-08-24,Glenn,021,27897,5458,5423,1837,7260,48
2022-08-24,Humboldt,023,135768,21283,21195,4828,26023,153
2022-08-24,Imperial,025,180216,64502,64271,15208,79479,951
2022-08-24,Inyo,027,18085,4444,4440,889,5329,59
2022-08-24,Kern,029,883053,216434,215225,61278,276503,2399
2022-08-24,Kings,031,150075,58497,58324,4015,62339,454
2022-08-24,Lake,033,64148,12552,12476,1149,13625,142
2022-08-24,Lassen,035,31185,9880,9867,975,10842,64
2022-08-24,Los Angeles,037,10098052,3232258,3211321,174874,3386195,32783
2022-08-24,Madera,039,155013,43136,42984,8019,51003,372
2022-08-24,Marin,041,260295,44271,44082,5160,49242,305
2022-08-24,Mariposa,043,17540,3029,3010,343,3353,31
2022-08-24,Mendocino,045,87422,15749,15623,4367,19990,134
2022-08-24,Merced,047,269075,71382,70665,11454,82119,849
2022-08-24,Modoc,049,8938,865,864,313,1177,11
2022-08-24,Mono,051,14174,3183,3181,244,3425,7
2022-08-24,Monterey,053,433212,93042,92590,20585,113175,760
2022-08-24,Napa,055,140530,31663,31602,1383,32985,156
2022-08-24,Nevada,057,99092,18626,18565,1768,20333,132
2022-08-24,Orange,059,3164182,657248,654893,60615,715508,7312
2022-08-24,Placer,061,380077,74594,74226,9357,83583,657
2022-08-24,Plumas,063,18699,3577,3555,430,3985,13
2022-08-24,Riverside,065,2383286,685264,681805,34399,716204,6573
2022-08-24,Sacramento,067,1510023,340742,339009,33034,372043,3208
2022-08-24,San Benito,069,59416,15946,15745,933,16678,103
2022-08-24,San Bernardino,071,2135413,661349,651496,30252,681748,8018
2022-08-24,San Diego,073,3302833,909642,906885,70307,977192,5453
2022-08-24,San Francisco,075,870044,175357,174731,11856,186587,974
2022-08-24,San Joaquin,077,732212,194643,193370,14438,207808,2288
2022-08-24,San Luis Obispo,079,281455,62301,61962,6951,68913,515
2022-08-24,San Mateo,081,765935,165242,164307,10438,174745,738
2022-08-24,Santa Barbara,083,443738,103853,103237,6708,109945,716
2022-08-24,Santa Clara,085,1922200,427730,421483,18643,440126,2454
2022-08-24,Santa Cruz,087,273765,61799,61387,3333,64720,270
2022-08-24,Shasta,089,179085,34358,34180,7198,41378,589
2022-08-24,Sierra,091,2930,302,301,60,361,5
2022-08-24,Siskiyou,093,43540,5022,5133,3257,8390,88
2022-08-24,Solano,095,438530,103235,102631,7698,110329,459
2022-08-24,Sonoma,097,501317,105040,104444,5192,109636,520
2022-08-24,Stanislaus,099,539301,135663,134894,21219,156113,1720
2022-08-24,Sutter,101,95872,23754,23673,2444,26117,228
2022-08-24,Tehama,103,63373,13392,13312,3012,16324,209
2022-08-24,Trinity,105,12862,1380,1369,367,1736,20
2022-08-24,Tulare,107,460477,119951,119644,35226,154870,1525
2022-08-24,Tuolumne,109,53932,15265,15140,909,16049,196
2022-08-24,Ventura,111,848112,204880,204064,15171,219235,1551
2022-08-24,Yolo,113,214977,46574,46665,4260,50925,333
2022-08-24,Yuba,115,75493,18511,18425,1651,20076,129
2022-08-23,Alameda,001,1643700,340359,338591,19288,357879,1976
2022-08-23,Alpine,003,1148,133,131,1,132,0
2022-08-23,Amador,005,37829,9811,9786,903,10689,89
2022-08-23,Butte,007,227075,38703,38458,8767,47225,449
2022-08-23,Calaveras,009,45235,8366,8334,511,8845,132
2022-08-23,Colusa,011,21464,3742,3722,1240,4962,22
2022-08-23,Contra Costa,013,1133247,246329,242633,20288,262921,1399
2022-08-23,Del Norte,015,27424,7307,7308,391,7699,55
2022-08-23,El Dorado,017,186661,31788,31682,4151,35833,225
2022-08-23,Fresno,019,978130,270674,269025,30478,299503,2822
2022-08-23,Glenn,021,27897,5452,5423,1836,7259,48
2022-08-23,Humboldt,023,135768,21270,21195,4816,26011,153
2022-08-23,Imperial,025,180216,64459,64271,15189,79460,951
2022-08-23,Inyo,027,18085,4443,4440,881,5321,59
2022-08-23,Kern,029,883053,216303,215225,61113,276338,2399
2022-08-23,Kings,031,150075,58446,58324,4010,62334,454
2022-08-23,Lake,033,64148,12532,12476,1148,13624,142
2022-08-23,Lassen,035,31185,9876,9867,975,10842,64
2022-08-23,Los Angeles,037,10098052,3229601,3211321,174546,3385867,32783
2022-08-23,Madera,039,155013,43092,42984,7996,50980,372
2022-08-23,Marin,041,260295,44239,44082,5157,49239,305
2022-08-23,Mariposa,043,17540,3026,3010,338,3348,31
2022-08-23,Mendocino,045,87422,15731,15623,4359,19982,134
2022-08-23,Merced,047,269075,71323,70665,11409,82074,849
2022-08-23,Modoc,049,8938,865,864,313,1177,11
2022-08-23,Mono,051,14174,3183,3181,244,3425,7
2022-08-23,Monterey,053,433212,92974,92590,20540,113130,760
2022-08-23,Napa,055,140530,31645,31602,1383,32985,156
2022-08-23,Nevada,057,99092,18612,18565,1760,20325,132
2022-08-23,Orange,059,3164182,656740,654893,60499,715392,7312
2022-08-23,Placer,061,380077,74529,74226,9343,83569,657
2022-08-23,Plumas,063,18699,3571,3555,430,3985,13
2022-08-23,Riverside,065,2383286,684650,681805,34334,716139,6573
2022-08-23,Sacramento,067,1510023,340423,339009,32978,371987,3208
2022-08-23,San Benito,069,59416,15923,15745,929,16674,103
2022-08-23,San Bernardino,071,2135413,660744,651496,30190,681686,8018
2022-08-23,San Diego,073,3302833,909024,906885,70232,977117,5453
2022-08-23,San Francisco,075,870044,175204,174731,11846,186577,974
2022-08-23,San Joaquin,077,732212,194487,193370,14395,207765,2288
2022-08-23,San Luis Obispo,079,281455,62257,61962,6936,68898,515
2022-08-23,San Mateo,081,765935,165120,164307,10434,174741,738
2022-08-23,Santa Barbara,083,443738,103760,103237,6691,109928,716
2022-08-23,Santa Clara,085,1922200,427353,421483,18628,440111,2454
2022-08-23,Santa Cruz,087,273765,61746,61387,3330,64717,270
2022-08-23,Shasta,089,179085,34337,34180,7190,41370,589
2022-08-23,Sierra,091,2930,302,301,60,361,5
2022-08-23,Siskiyou,093,43540,5022,5133,3255,8388,88
2022-08-23,Solano,095,438530,103142,102631,7692,110323,459
2022-08-23,Sonoma,097,501317,104959,104444,5181,109625,520
2022-08-23,Stanislaus,099,539301,135543,134894,21176,156070,1720
2022-08-23,Sutter,101,95872,23735,23673,2439,26112,228
2022-08-23,Tehama,103,63373,13382,13312,3010,16322,209
2022-08-23,Trinity,105,12862,1378,1369,367,1736,20
2022-08-23,Tulare,107,460477,119840,119644,35123,154767,1525
2022-08-23,Tuolumne,109,53932,15250,15140,908,16048,196
2022-08-23,Ventura,111,848112,204707,204064,15133,219197,1551
2022-08-23,Yolo,113,214977,46550,46665,4258,50923,333
2022-08-23,Yuba,115,75493,18490,18425,1647,20072,129
2022-08-22,Alameda,001,1643700,339996,338591,19258,357849,1976
2022-08-22,Alpine,003,1148,133,131,1,132,0
2022-08-22,Amador,005,37829,9806,9786,902,10688,89
2022-08-22,Butte,007,227075,38653,38458,8749,47207,449
2022-08-22,Calaveras,009,45235,8355,8334,509,8843,132
2022-08-22,Colusa,011,21464,3740,3722,1236,4958,22
2022-08-22,Contra Costa,013,1133247,246087,242633,20245,262878,1399
2022-08-22,Del Norte,015,27424,7306,7308,391,7699,55
2022-08-22,El Dorado,017,186661,31762,31682,4147,35829,225
2022-08-22,Fresno,019,978130,270434,269025,30391,299416,2822
2022-08-22,Glenn,021,27897,5451,5423,1834,7257,48
2022-08-22,Humboldt,023,135768,21249,21195,4801,25996,153
2022-08-22,Imperial,025,180216,64386,64271,15147,79418,951
2022-08-22,Inyo,027,18085,4441,4440,881,5321,59
2022-08-22,Kern,029,883053,216149,215225,60923,276148,2399
2022-08-22,Kings,031,150075,58394,58324,4002,62326,454
2022-08-22,Lake,033,64148,12511,12476,1142,13618,142
2022-08-22,Lassen,035,31185,9874,9867,975,10842,64
2022-08-22,Los Angeles,037,10098052,3226677,3211321,174198,3385519,32783
2022-08-22,Madera,039,155013,43039,42984,7970,50954,372
2022-08-22,Marin,041,260295,44206,44082,5148,49230,305
2022-08-22,Mariposa,043,17540,3020,3010,336,3346,31
2022-08-22,Mendocino,045,87422,15710,15623,4341,19964,134
2022-08-22,Merced,047,269075,71248,70665,11366,82031,849
2022-08-22,Modoc,049,8938,865,864,313,1177,11
2022-08-22,Mono,051,14174,3183,3181,244,3425,7
2022-08-22,Monterey,053,433212,92899,92590,20490,113080,760
2022-08-22,Napa,055,140530,31619,31602,1380,32982,156
2022-08-22,Nevada,057,99092,18594,18565,1754,20319,132
2022-08-22,Orange,059,3164182,656150,654893,60374,715267,7312
2022-08-22,Placer,061,380077,74455,74226,9333,83559,657
2022-08-22,Plumas,063,18699,3570,3555,430,3985,13
2022-08-22,Riverside,065,2383286,683990,681805,34263,716068,6573
2022-08-22,Sacramento,067,1510023,340083,339009,32901,371910,3208
2022-08-22,San Benito,069,59416,15902,15745,927,16672,103
2022-08-22,San Bernardino,071,2135413,660017,651496,30120,681616,8018
2022-08-22,San Diego,073,3302833,908337,906885,70111,976996,5453
2022-08-22,San Francisco,075,870044,175054,174731,11832,186563,974
2022-08-22,San Joaquin,077,732212,194310,193370,14354,207724,2288
2022-08-22,San Luis Obispo,079,281455,62207,61962,6921,68883,515
2022-08-22,San Mateo,081,765935,164978,164307,10422,174729,738
2022-08-22,Santa Barbara,083,443738,103638,103237,6673,109910,716
2022-08-22,Santa Clara,085,1922200,426928,421483,18601,440084,2454
2022-08-22,Santa Cruz,087,273765,61663,61387,3326,64713,270
2022-08-22,Shasta,089,179085,34321,34180,7180,41360,589
2022-08-22,Sierra,091,2930,302,301,60,361,5
2022-08-22,Siskiyou,093,43540,5018,5133,3253,8386,88
2022-08-22,Solano,095,438530,103053,102631,7679,110310,459
2022-08-22,Sonoma,097,501317,104880,104444,5165,109609,520
2022-08-22,Stanislaus,099,539301,135381,134894,21138,156032,1720
2022-08-22,Sutter,101,95872,23701,23673,2438,26111,228
2022-08-22,Tehama,103,63373,13376,13312,3007,16319,209
2022-08-22,Trinity,105,12862,1376,1369,365,1734,20
2022-08-22,Tulare,107,460477,119714,119644,35018,154662,1525
2022-08-22,Tuolumne,109,53932,15227,15140,908,16048,196
2022-08-22,Ventura,111,848112,204548,204064,15056,219120,1551
2022-08-22,Yolo,113,214977,46512,46665,4248,50913,333
2022-08-22,Yuba,115,75493,18463,18425,1643,20068,129
2022-08-21,Alameda,001,1643700,339567,337238,19232,356470,1970
2022-08-21,Alpine,003,1148,132,131,1,132,0
2022-08-21,Amador,005,37829,9799,9761,897,10658,89
2022-08-21,Butte,007,227075,38608,38316,8731,47047,449
2022-08-21,Calaveras,009,45235,8342,8313,507,8820,132
2022-08-21,Colusa,011,21464,3734,3718,1230,4948,22
2022-08-21,Contra Costa,013,1133247,245806,241665,20208,261873,1399
2022-08-21,Del Norte,015,27424,7299,7290,390,7680,55
2022-08-21,El Dorado,017,186661,31730,31600,4141,35741,225
2022-08-21,Fresno,019,978130,270159,268147,30301,298448,2822
2022-08-21,Glenn,021,27897,5447,5413,1833,7246,48
2022-08-21,Humboldt,023,135768,21225,21104,4783,25887,153
2022-08-21,Imperial,025,180216,64326,64092,15107,79199,951
2022-08-21,Inyo,027,18085,4441,4435,877,5312,59
2022-08-21,Kern,029,883053,215961,214656,60735,275391,2389
2022-08-21,Kings,031,150075,58323,58109,3991,62100,454
2022-08-21,Lake,033,64148,12490,12426,1137,13563,142
2022-08-21,Lassen,035,31185,9868,9843,974,10817,64
2022-08-21,Los Angeles,037,10098052,3223412,3200023,173796,3373819,32746
2022-08-21,Madera,039,155013,42989,42822,7932,50754,372
2022-08-21,Marin,041,260295,44158,43966,5128,49094,305
2022-08-21,Mariposa,043,17540,3019,3003,335,3338,31
2022-08-21,Mendocino,045,87422,15680,15578,4318,19896,134
2022-08-21,Merced,047,269075,71156,70449,11292,81741,846
2022-08-21,Modoc,049,8938,864,862,313,1175,11
2022-08-21,Mono,051,14174,3183,3177,242,3419,7
2022-08-21,Monterey,053,433212,92797,92287,20434,112721,760
2022-08-21,Napa,055,140530,31597,31534,1379,32913,156
2022-08-21,Nevada,057,99092,18583,18497,1749,20246,132
2022-08-21,Orange,059,3164182,655497,652703,60238,712941,7280
2022-08-21,Placer,061,380077,74394,74027,9328,83355,657
2022-08-21,Plumas,063,18699,3563,3550,430,3980,13
2022-08-21,Riverside,065,2383286,683158,679298,34178,713476,6574
2022-08-21,Sacramento,067,1510023,339714,337745,32831,370576,3208
2022-08-21,San Benito,069,59416,15879,15698,924,16622,103
2022-08-21,San Bernardino,071,2135413,659171,648583,30054,678637,8014
2022-08-21,San Diego,073,3302833,907479,904015,70030,974045,5448
2022-08-21,San Francisco,075,870044,174853,174151,11813,185964,973
2022-08-21,San Joaquin,077,732212,194065,192738,14314,207052,2288
2022-08-21,San Luis Obispo,079,281455,62158,61764,6893,68657,516
2022-08-21,San Mateo,081,765935,164822,163705,10414,174119,738
2022-08-21,Santa Barbara,083,443738,103511,102795,6645,109440,713
2022-08-21,Santa Clara,085,1922200,426399,419723,18568,438291,2437
2022-08-21,Santa Cruz,087,273765,61548,61098,3321,64419,269
2022-08-21,Shasta,089,179085,34282,34105,7165,41270,588
2022-08-21,Sierra,091,2930,302,298,60,358,4
2022-08-21,Siskiyou,093,43540,5017,5119,3246,8365,88
2022-08-21,Solano,095,438530,102969,102355,7667,110022,457
2022-08-21,Sonoma,097,501317,104774,104090,5151,109241,511
2022-08-21,Stanislaus,099,539301,135216,134407,21066,155473,1719
2022-08-21,Sutter,101,95872,23668,23587,2431,26018,228
2022-08-21,Tehama,103,63373,13365,13289,3003,16292,209
2022-08-21,Trinity,105,12862,1374,1366,364,1730,20
2022-08-21,Tulare,107,460477,119590,119251,34864,154115,1521
2022-08-21,Tuolumne,109,53932,15211,15085,906,15991,196
2022-08-21,Ventura,111,848112,204322,203318,14979,218297,1547
2022-08-21,Yolo,113,214977,46472,46567,4243,50810,333
2022-08-21,Yuba,115,75493,18441,18363,1636,19999,129
2022-08-20,Alameda,001,1643700,339356,337238,19216,356454,1970
2022-08-20,Alpine,003,1148,132,131,1,132,0
2022-08-20,Amador,005,37829,9796,9761,897,10658,89
2022-08-20,Butte,007,227075,38580,38316,8726,47042,449
2022-08-20,Calaveras,009,45235,8339,8313,506,8819,132
2022-08-20,Colusa,011,21464,3730,3718,1224,4942,22
2022-08-20,Contra Costa,013,1133247,245671,241665,20193,261858,1399
2022-08-20,Del Norte,015,27424,7298,7290,390,7680,55
2022-08-20,El Dorado,017,186661,31711,31600,4139,35739,225
2022-08-20,Fresno,019,978130,270017,268147,30276,298423,2822
2022-08-20,Glenn,021,27897,5444,5413,1833,7246,48
2022-08-20,Humboldt,023,135768,21209,21104,4768,25872,153
2022-08-20,Imperial,025,180216,64291,64092,15087,79179,951
2022-08-20,Inyo,027,18085,4441,4435,877,5312,59
2022-08-20,Kern,029,883053,215873,214656,60611,275267,2389
2022-08-20,Kings,031,150075,58296,58109,3986,62095,454
2022-08-20,Lake,033,64148,12480,12426,1133,13559,142
2022-08-20,Lassen,035,31185,9865,9843,974,10817,64
2022-08-20,Los Angeles,037,10098052,3221819,3200023,173571,3373594,32746
2022-08-20,Madera,039,155013,42966,42822,7925,50747,372
2022-08-20,Marin,041,260295,44140,43966,5126,49092,305
2022-08-20,Mariposa,043,17540,3019,3003,335,3338,31
2022-08-20,Mendocino,045,87422,15666,15578,4315,19893,134
2022-08-20,Merced,047,269075,71133,70449,11283,81732,846
2022-08-20,Modoc,049,8938,864,862,313,1175,11
2022-08-20,Mono,051,14174,3183,3177,240,3417,7
2022-08-20,Monterey,053,433212,92752,92287,20405,112692,760
2022-08-20,Napa,055,140530,31589,31534,1379,32913,156
2022-08-20,Nevada,057,99092,18580,18497,1747,20244,132
2022-08-20,Orange,059,3164182,655179,652703,60151,712854,7280
2022-08-20,Placer,061,380077,74347,74027,9322,83349,657
2022-08-20,Plumas,063,18699,3563,3550,430,3980,13
2022-08-20,Riverside,065,2383286,682736,679298,34147,713445,6574
2022-08-20,Sacramento,067,1510023,339552,337745,32810,370555,3208
2022-08-20,San Benito,069,59416,15860,15698,921,16619,103
2022-08-20,San Bernardino,071,2135413,658753,648583,30013,678596,8014
2022-08-20,San Diego,073,3302833,907094,904015,70004,974019,5448
2022-08-20,San Francisco,075,870044,174731,174151,11812,185963,973
2022-08-20,San Joaquin,077,732212,193965,192738,14287,207025,2288
2022-08-20,San Luis Obispo,079,281455,62140,61764,6885,68649,516
2022-08-20,San Mateo,081,765935,164723,163705,10409,174114,738
2022-08-20,Santa Barbara,083,443738,103441,102795,6637,109432,713
2022-08-20,Santa Clara,085,1922200,426132,419723,18552,438275,2437
2022-08-20,Santa Cruz,087,273765,61520,61098,3315,64413,269
2022-08-20,Shasta,089,179085,34257,34105,7163,41268,588
2022-08-20,Sierra,091,2930,302,298,60,358,4
2022-08-20,Siskiyou,093,43540,5012,5119,3245,8364,88
2022-08-20,Solano,095,438530,102923,102355,7659,110014,457
2022-08-20,Sonoma,097,501317,104724,104090,5145,109235,511
2022-08-20,Stanislaus,099,539301,135127,134407,21049,155456,1719
2022-08-20,Sutter,101,95872,23640,23587,2431,26018,228
2022-08-20,Tehama,103,63373,13359,13289,3001,16290,209
2022-08-20,Trinity,105,12862,1374,1366,364,1730,20
2022-08-20,Tulare,107,460477,119510,119251,34811,154062,1521
2022-08-20,Tuolumne,109,53932,15202,15085,904,15989,196
2022-08-20,Ventura,111,848112,204214,203318,14962,218280,1547
2022-08-20,Yolo,113,214977,46444,46567,4235,50802,333
2022-08-20,Yuba,115,75493,18434,18363,1635,19998,129
2022-08-19,Alameda,001,1643700,339145,337238,19193,356431,1970
2022-08-19,Alpine,003,1148,132,131,1,132,0
2022-08-19,Amador,005,37829,9795,9761,897,10658,89
2022-08-19,Butte,007,227075,38559,38316,8715,47031,449
2022-08-19,Calaveras,009,45235,8334,8313,506,8819,132
2022-08-19,Colusa,011,21464,3729,3718,1223,4941,22
2022-08-19,Contra Costa,013,1133247,245532,241665,20179,261844,1399
2022-08-19,Del Norte,015,27424,7293,7290,390,7680,55
2022-08-19,El Dorado,017,186661,31699,31600,4135,35735,225
2022-08-19,Fresno,019,978130,269854,268147,30250,298397,2822
2022-08-19,Glenn,021,27897,5443,5413,1833,7246,48
2022-08-19,Humboldt,023,135768,21199,21104,4758,25862,153
2022-08-19,Imperial,025,180216,64263,64092,15072,79164,951
2022-08-19,Inyo,027,18085,4441,4435,873,5308,59
2022-08-19,Kern,029,883053,215784,214656,60519,275175,2389
2022-08-19,Kings,031,150075,58253,58109,3979,62088,454
2022-08-19,Lake,033,64148,12468,12426,1130,13556,142
2022-08-19,Lassen,035,31185,9862,9843,974,10817,64
2022-08-19,Los Angeles,037,10098052,3219991,3200023,173349,3373372,32746
2022-08-19,Madera,039,155013,42944,42822,7921,50743,372
2022-08-19,Marin,041,260295,44105,43966,5120,49086,305
2022-08-19,Mariposa,043,17540,3017,3003,335,3338,31
2022-08-19,Mendocino,045,87422,15654,15578,4306,19884,134
2022-08-19,Merced,047,269075,71093,70449,11278,81727,846
2022-08-19,Modoc,049,8938,864,862,313,1175,11
2022-08-19,Mono,051,14174,3183,3177,240,3417,7
2022-08-19,Monterey,053,433212,92698,92287,20373,112660,760
2022-08-19,Napa,055,140530,31571,31534,1377,32911,156
2022-08-19,Nevada,057,99092,18576,18497,1745,20242,132
2022-08-19,Orange,059,3164182,654815,652703,60066,712769,7280
2022-08-19,Placer,061,380077,74311,74027,9315,83342,657
2022-08-19,Plumas,063,18699,3562,3550,430,3980,13
2022-08-19,Riverside,065,2383286,682320,679298,34115,713413,6574
2022-08-19,Sacramento,067,1510023,339363,337745,32788,370533,3208
2022-08-19,San Benito,069,59416,15857,15698,920,16618,103
2022-08-19,San Bernardino,071,2135413,658302,648583,29996,678579,8014
2022-08-19,San Diego,073,3302833,906599,904015,69951,973966,5448
2022-08-19,San Francisco,075,870044,174592,174151,11795,185946,973
2022-08-19,San Joaquin,077,732212,193862,192738,14263,207001,2288
2022-08-19,San Luis Obispo,079,281455,62125,61764,6883,68647,516
2022-08-19,San Mateo,081,765935,164609,163705,10404,174109,738
2022-08-19,Santa Barbara,083,443738,103362,102795,6632,109427,713
2022-08-19,Santa Clara,085,1922200,425821,419723,18536,438259,2437
2022-08-19,Santa Cruz,087,273765,61457,61098,3310,64408,269
2022-08-19,Shasta,089,179085,34240,34105,7163,41268,588
2022-08-19,Sierra,091,2930,302,298,60,358,4
2022-08-19,Siskiyou,093,43540,5005,5119,3245,8364,88
2022-08-19,Solano,095,438530,102864,102355,7652,110007,457
2022-08-19,Sonoma,097,501317,104665,104090,5141,109231,511
2022-08-19,Stanislaus,099,539301,135045,134407,21031,155438,1719
2022-08-19,Sutter,101,95872,23623,23587,2430,26017,228
2022-08-19,Tehama,103,63373,13349,13289,2995,16284,209
2022-08-19,Trinity,105,12862,1373,1366,364,1730,20
2022-08-19,Tulare,107,460477,119425,119251,34759,154010,1521
2022-08-19,Tuolumne,109,53932,15195,15085,903,15988,196
2022-08-19,Ventura,111,848112,204089,203318,14940,218258,1547
2022-08-19,Yolo,113,214977,46422,46567,4232,50799,333
2022-08-19,Yuba,115,75493,18419,18363,1635,19998,129
2022-08-18,Alameda,001,1643700,338851,337238,19156,356394,1970
2022-08-18,Alpine,003,1148,131,131,1,132,0
2022-08-18,Amador,005,37829,9790,9761,896,10657,89
2022-08-18,Butte,007,227075,38530,38316,8700,47016,449
2022-08-18,Calaveras,009,45235,8329,8313,506,8819,132
2022-08-18,Colusa,011,21464,3729,3718,1219,4937,22
2022-08-18,Contra Costa,013,1133247,245325,241665,20146,261811,1399
2022-08-18,Del Norte,015,27424,7288,7290,389,7679,55
2022-08-18,El Dorado,017,186661,31684,31600,4132,35732,225
2022-08-18,Fresno,019,978130,269634,268147,30189,298336,2822
2022-08-18,Glenn,021,27897,5438,5413,1832,7245,48
2022-08-18,Humboldt,023,135768,21175,21104,4730,25834,153
2022-08-18,Imperial,025,180216,64239,64092,15030,79122,951
2022-08-18,Inyo,027,18085,4440,4435,868,5303,59
2022-08-18,Kern,029,883053,215635,214656,60388,275044,2389
2022-08-18,Kings,031,150075,58208,58109,3968,62077,454
2022-08-18,Lake,033,64148,12456,12426,1127,13553,142
2022-08-18,Lassen,035,31185,9861,9843,973,10816,64
2022-08-18,Los Angeles,037,10098052,3217501,3200023,173065,3373088,32746
2022-08-18,Madera,039,155013,42904,42822,7902,50724,372
2022-08-18,Marin,041,260295,44073,43966,5109,49075,305
2022-08-18,Mariposa,043,17540,3015,3003,335,3338,31
2022-08-18,Mendocino,045,87422,15640,15578,4305,19883,134
2022-08-18,Merced,047,269075,71016,70449,11242,81691,846
2022-08-18,Modoc,049,8938,864,862,313,1175,11
2022-08-18,Mono,051,14174,3181,3177,239,3416,7
2022-08-18,Monterey,053,433212,92612,92287,20335,112622,760
2022-08-18,Napa,055,140530,31551,31534,1377,32911,156
2022-08-18,Nevada,057,99092,18560,18497,1740,20237,132
2022-08-18,Orange,059,3164182,654353,652703,59953,712656,7280
2022-08-18,Placer,061,380077,74256,74027,9312,83339,657
2022-08-18,Plumas,063,18699,3558,3550,430,3980,13
2022-08-18,Riverside,065,2383286,681743,679298,34066,713364,6574
2022-08-18,Sacramento,067,1510023,339065,337745,32730,370475,3208
2022-08-18,San Benito,069,59416,15845,15698,917,16615,103
2022-08-18,San Bernardino,071,2135413,657632,648583,29940,678523,8014
2022-08-18,San Diego,073,3302833,905953,904015,69876,973891,5448
2022-08-18,San Francisco,075,870044,174441,174151,11771,185922,973
2022-08-18,San Joaquin,077,732212,193692,192738,14234,206972,2288
2022-08-18,San Luis Obispo,079,281455,62083,61764,6868,68632,516
2022-08-18,San Mateo,081,765935,164430,163705,10395,174100,738
2022-08-18,Santa Barbara,083,443738,103256,102795,6620,109415,713
2022-08-18,Santa Clara,085,1922200,425384,419723,18502,438225,2437
2022-08-18,Santa Cruz,087,273765,61386,61098,3304,64402,269
2022-08-18,Shasta,089,179085,34220,34105,7158,41263,588
2022-08-18,Sierra,091,2930,301,298,60,358,4
2022-08-18,Siskiyou,093,43540,5003,5119,3243,8362,88
2022-08-18,Solano,095,438530,102793,102355,7641,109996,457
2022-08-18,Sonoma,097,501317,104578,104090,5131,109221,511
2022-08-18,Stanislaus,099,539301,134917,134407,20996,155403,1719
2022-08-18,Sutter,101,95872,23602,23587,2428,26015,228
2022-08-18,Tehama,103,63373,13342,13289,2991,16280,209
2022-08-18,Trinity,105,12862,1372,1366,361,1727,20
2022-08-18,Tulare,107,460477,119330,119251,34661,153912,1521
2022-08-18,Tuolumne,109,53932,15154,15085,898,15983,196
2022-08-18,Ventura,111,848112,203916,203318,14898,218216,1547
2022-08-18,Yolo,113,214977,46398,46567,4223,50790,333
2022-08-18,Yuba,115,75493,18399,18363,1632,19995,129
2022-08-17,Alameda,001,1643700,338518,336198,19121,355319,1948
2022-08-17,Alpine,003,1148,131,131,1,132,0
2022-08-17,Amador,005,37829,9782,9728,896,10624,89
2022-08-17,Butte,007,227075,38491,38203,8688,46891,447
2022-08-17,Calaveras,009,45235,8322,8295,503,8798,131
2022-08-17,Colusa,011,21464,3728,3716,1217,4933,22
2022-08-17,Contra Costa,013,1133247,245099,240894,20110,261004,1394
2022-08-17,Del Norte,015,27424,7284,7274,389,7663,55
2022-08-17,El Dorado,017,186661,31666,31523,4128,35651,225
2022-08-17,Fresno,019,978130,269406,267367,30123,297490,2818
2022-08-17,Glenn,021,27897,5437,5403,1830,7233,48
2022-08-17,Humboldt,023,135768,21152,21029,4715,25744,153
2022-08-17,Imperial,025,180216,64197,63972,14999,78971,950
2022-08-17,Inyo,027,18085,4438,4421,865,5286,58
2022-08-17,Kern,029,883053,215502,214040,60255,274295,2389
2022-08-17,Kings,031,150075,58144,57948,3965,61913,454
2022-08-17,Lake,033,64148,12446,12383,1126,13509,142
2022-08-17,Lassen,035,31185,9852,9813,973,10786,64
2022-08-17,Los Angeles,037,10098052,3214698,3190808,172740,3363548,32701
2022-08-17,Madera,039,155013,42855,42677,7865,50542,372
2022-08-17,Marin,041,260295,44040,43852,5105,48957,305
2022-08-17,Mariposa,043,17540,3011,2998,334,3332,31
2022-08-17,Mendocino,045,87422,15630,15504,4299,19803,132
2022-08-17,Merced,047,269075,70960,70232,11196,81428,843
2022-08-17,Modoc,049,8938,863,857,313,1170,11
2022-08-17,Mono,051,14174,3181,3175,239,3414,7
2022-08-17,Monterey,053,433212,92548,91984,20281,112265,759
2022-08-17,Napa,055,140530,31536,31454,1375,32829,155
2022-08-17,Nevada,057,99092,18543,18443,1738,20181,132
2022-08-17,Orange,059,3164182,653746,650827,59834,710661,7266
2022-08-17,Placer,061,380077,74208,73852,9304,83156,655
2022-08-17,Plumas,063,18699,3556,3544,429,3973,13
2022-08-17,Riverside,065,2383286,681107,677437,34004,711441,6562
2022-08-17,Sacramento,067,1510023,338739,336667,32684,369351,3194
2022-08-17,San Benito,069,59416,15829,15655,916,16571,103
2022-08-17,San Bernardino,071,2135413,656997,646584,29880,676464,7999
2022-08-17,San Diego,073,3302833,905208,901794,69807,971601,5442
2022-08-17,San Francisco,075,870044,174306,173590,11759,185349,971
2022-08-17,San Joaquin,077,732212,193542,192078,14197,206275,2283
2022-08-17,San Luis Obispo,079,281455,62030,61604,6855,68459,514
2022-08-17,San Mateo,081,765935,164333,163218,10388,173606,738
2022-08-17,Santa Barbara,083,443738,103143,102430,6601,109031,712
2022-08-17,Santa Clara,085,1922200,424917,418231,18492,436723,2424
2022-08-17,Santa Cruz,087,273765,61297,60880,3298,64178,269
2022-08-17,Shasta,089,179085,34202,33984,7149,41133,587
2022-08-17,Sierra,091,2930,301,297,60,357,4
2022-08-17,Siskiyou,093,43540,5000,5102,3240,8342,88
2022-08-17,Solano,095,438530,102711,102115,7634,109749,459
2022-08-17,Sonoma,097,501317,104476,103844,5124,108968,504
2022-08-17,Stanislaus,099,539301,134772,133989,20958,154947,1715
2022-08-17,Sutter,101,95872,23568,23489,2422,25911,228
2022-08-17,Tehama,103,63373,13339,13259,2986,16245,209
2022-08-17,Trinity,105,12862,1372,1362,359,1721,20
2022-08-17,Tulare,107,460477,119222,118997,34554,153551,1521
2022-08-17,Tuolumne,109,53932,15146,15044,896,15940,196
2022-08-17,Ventura,111,848112,203736,202609,14842,217451,1546
2022-08-17,Yolo,113,214977,46366,46414,4218,50632,331
2022-08-17,Yuba,115,75493,18379,18305,1629,19934,129
2022-08-16,Alameda,001,1643700,338150,336198,19101,355299,1948
2022-08-16,Alpine,003,1148,131,131,1,132,0
2022-08-16,Amador,005,37829,9769,9728,891,10619,89
2022-08-16,Butte,007,227075,38459,38203,8673,46876,447
2022-08-16,Calaveras,009,45235,8314,8295,503,8798,131
2022-08-16,Colusa,011,21464,3727,3716,1215,4931,22
2022-08-16,Contra Costa,013,1133247,244863,240894,20068,260962,1394
2022-08-16,Del Norte,015,27424,7279,7274,389,7663,55
2022-08-16,El Dorado,017,186661,31646,31523,4121,35644,225
2022-08-16,Fresno,019,978130,269158,267367,30074,297441,2818
2022-08-16,Glenn,021,27897,5436,5403,1827,7230,48
2022-08-16,Humboldt,023,135768,21125,21029,4688,25717,153
2022-08-16,Imperial,025,180216,64146,63972,14961,78933,950
2022-08-16,Inyo,027,18085,4434,4421,861,5282,58
2022-08-16,Kern,029,883053,215361,214040,60102,274142,2389
2022-08-16,Kings,031,150075,58098,57948,3962,61910,454
2022-08-16,Lake,033,64148,12430,12383,1122,13505,142
2022-08-16,Lassen,035,31185,9839,9813,972,10785,64
2022-08-16,Los Angeles,037,10098052,3211618,3190808,172390,3363198,32701
2022-08-16,Madera,039,155013,42797,42677,7844,50521,372
2022-08-16,Marin,041,260295,44002,43852,5100,48952,305
2022-08-16,Mariposa,043,17540,3010,2998,333,3331,31
2022-08-16,Mendocino,045,87422,15612,15504,4285,19789,132
2022-08-16,Merced,047,269075,70882,70232,11152,81384,843
2022-08-16,Modoc,049,8938,863,857,313,1170,11
2022-08-16,Mono,051,14174,3181,3175,238,3413,7
2022-08-16,Monterey,053,433212,92469,91984,20209,112193,759
2022-08-16,Napa,055,140530,31517,31454,1374,32828,155
2022-08-16,Nevada,057,99092,18528,18443,1734,20177,132
2022-08-16,Orange,059,3164182,653082,650827,59701,710528,7266
2022-08-16,Placer,061,380077,74141,73852,9293,83145,655
2022-08-16,Plumas,063,18699,3554,3544,429,3973,13
2022-08-16,Riverside,065,2383286,680418,677437,33955,711392,6562
2022-08-16,Sacramento,067,1510023,338408,336667,32648,369315,3194
2022-08-16,San Benito,069,59416,15816,15655,912,16567,103
2022-08-16,San Bernardino,071,2135413,656272,646584,29808,676392,7999
2022-08-16,San Diego,073,3302833,904388,901794,69713,971507,5442
2022-08-16,San Francisco,075,870044,174144,173590,11753,185343,971
2022-08-16,San Joaquin,077,732212,193326,192078,14167,206245,2283
2022-08-16,San Luis Obispo,079,281455,61993,61604,6848,68452,514
2022-08-16,San Mateo,081,765935,164173,163218,10374,173592,738
2022-08-16,Santa Barbara,083,443738,103015,102430,6578,109008,712
2022-08-16,Santa Clara,085,1922200,424436,418231,18466,436697,2424
2022-08-16,Santa Cruz,087,273765,61244,60880,3294,64174,269
2022-08-16,Shasta,089,179085,34175,33984,7140,41124,587
2022-08-16,Sierra,091,2930,300,297,60,357,4
2022-08-16,Siskiyou,093,43540,4996,5102,3235,8337,88
2022-08-16,Solano,095,438530,102639,102115,7615,109730,459
2022-08-16,Sonoma,097,501317,104373,103844,5116,108960,504
2022-08-16,Stanislaus,099,539301,134637,133989,20896,154885,1715
2022-08-16,Sutter,101,95872,23544,23489,2416,25905,228
2022-08-16,Tehama,103,63373,13333,13259,2981,16240,209
2022-08-16,Trinity,105,12862,1369,1362,359,1721,20
2022-08-16,Tulare,107,460477,119135,118997,34434,153431,1521
2022-08-16,Tuolumne,109,53932,15132,15044,896,15940,196
2022-08-16,Ventura,111,848112,203507,202609,14786,217395,1546
2022-08-16,Yolo,113,214977,46347,46414,4213,50627,331
2022-08-16,Yuba,115,75493,18360,18305,1623,19928,129
2022-08-15,Alameda,001,1643700,337768,336198,19070,355268,1948
2022-08-15,Alpine,003,1148,131,131,1,132,0
2022-08-15,Amador,005,37829,9757,9728,891,10619,89
2022-08-15,Butte,007,227075,38438,38203,8653,46856,447
2022-08-15,Calaveras,009,45235,8312,8295,502,8797,131
2022-08-15,Colusa,011,21464,3724,3716,1214,4930,22
2022-08-15,Contra Costa,013,1133247,244583,240894,20033,260927,1394
2022-08-15,Del Norte,015,27424,7275,7274,388,7662,55
2022-08-15,El Dorado,017,186661,31616,31523,4114,35637,225
2022-08-15,Fresno,019,978130,268852,267367,30009,297376,2818
2022-08-15,Glenn,021,27897,5428,5403,1826,7229,48
2022-08-15,Humboldt,023,135768,21103,21029,4667,25696,153
2022-08-15,Imperial,025,180216,64100,63972,14924,78896,950
2022-08-15,Inyo,027,18085,4433,4421,859,5280,58
2022-08-15,Kern,029,883053,215173,214040,59957,273997,2389
2022-08-15,Kings,031,150075,58024,57948,3953,61901,454
2022-08-15,Lake,033,64148,12414,12383,1120,13503,142
2022-08-15,Lassen,035,31185,9838,9813,972,10785,64
2022-08-15,Los Angeles,037,10098052,3208196,3190808,172044,3362852,32701
2022-08-15,Madera,039,155013,42746,42677,7802,50479,372
2022-08-15,Marin,041,260295,43958,43852,5094,48946,305
2022-08-15,Mariposa,043,17540,3008,2998,332,3330,31
2022-08-15,Mendocino,045,87422,15595,15504,4278,19782,132
2022-08-15,Merced,047,269075,70813,70232,11102,81334,843
2022-08-15,Modoc,049,8938,859,857,313,1170,11
2022-08-15,Mono,051,14174,3179,3175,238,3413,7
2022-08-15,Monterey,053,433212,92360,91984,20139,112123,759
2022-08-15,Napa,055,140530,31492,31454,1374,32828,155
2022-08-15,Nevada,057,99092,18514,18443,1733,20176,132
2022-08-15,Orange,059,3164182,652368,650827,59572,710399,7266
2022-08-15,Placer,061,380077,74083,73852,9283,83135,655
2022-08-15,Plumas,063,18699,3550,3544,429,3973,13
2022-08-15,Riverside,065,2383286,679625,677437,33895,711332,6562
2022-08-15,Sacramento,067,1510023,338011,336667,32609,369276,3194
2022-08-15,San Benito,069,59416,15800,15655,910,16565,103
2022-08-15,San Bernardino,071,2135413,655442,646584,29732,676316,7999
2022-08-15,San Diego,073,3302833,903545,901794,69602,971396,5442
2022-08-15,San Francisco,075,870044,173964,173590,11748,185338,971
2022-08-15,San Joaquin,077,732212,193123,192078,14124,206202,2283
2022-08-15,San Luis Obispo,079,281455,61956,61604,6830,68434,514
2022-08-15,San Mateo,081,765935,163971,163218,10368,173586,738
2022-08-15,Santa Barbara,083,443738,102918,102430,6555,108985,712
2022-08-15,Santa Clara,085,1922200,423914,418231,18435,436666,2424
2022-08-15,Santa Cruz,087,273765,61164,60880,3289,64169,269
2022-08-15,Shasta,089,179085,34150,33984,7130,41114,587
2022-08-15,Sierra,091,2930,300,297,60,357,4
2022-08-15,Siskiyou,093,43540,4993,5102,3231,8333,88
2022-08-15,Solano,095,438530,102532,102115,7598,109713,459
2022-08-15,Sonoma,097,501317,104284,103844,5108,108952,504
2022-08-15,Stanislaus,099,539301,134497,133989,20861,154850,1715
2022-08-15,Sutter,101,95872,23512,23489,2414,25903,228
2022-08-15,Tehama,103,63373,13325,13259,2974,16233,209
2022-08-15,Trinity,105,12862,1366,1362,357,1719,20
2022-08-15,Tulare,107,460477,119004,118997,34317,153314,1521
2022-08-15,Tuolumne,109,53932,15124,15044,896,15940,196
2022-08-15,Ventura,111,848112,203257,202609,14721,217330,1546
2022-08-15,Yolo,113,214977,46313,46414,4210,50624,331
2022-08-15,Yuba,115,75493,18337,18305,1618,19923,129
2022-08-14,Alameda,001,1643700,337310,334944,19044,353988,1948
2022-08-14,Alpine,003,1148,131,131,1,132,0
2022-08-14,Amador,005,37829,9748,9705,889,10594,89
2022-08-14,Butte,007,227075,38388,38062,8637,46699,447
2022-08-14,Calaveras,009,45235,8303,8271,501,8772,131
2022-08-14,Colusa,011,21464,3724,3704,1211,4915,22
2022-08-14,Contra Costa,013,1133247,244315,239735,19980,259715,1393
2022-08-14,Del Norte,015,27424,7267,7245,386,7631,54
2022-08-14,El Dorado,017,186661,31585,31430,4109,35539,225
2022-08-14,Fresno,019,978130,268554,266211,29955,296166,2816
2022-08-14,Glenn,021,27897,5425,5393,1825,7218,48
2022-08-14,Humboldt,023,135768,21075,20954,4652,25606,153
2022-08-14,Imperial,025,180216,64035,63766,14882,78648,950
2022-08-14,Inyo,027,18085,4426,4418,855,5273,58
2022-08-14,Kern,029,883053,214987,213071,59777,272848,2380
2022-08-14,Kings,031,150075,57968,57748,3946,61694,454
2022-08-14,Lake,033,64148,12396,12324,1117,13441,142
2022-08-14,Lassen,035,31185,9818,9795,971,10766,64
2022-08-14,Los Angeles,037,10098052,3204627,3177769,171642,3349411,32657
2022-08-14,Madera,039,155013,42685,42517,7759,50276,372
2022-08-14,Marin,041,260295,43913,43662,5088,48750,305
2022-08-14,Mariposa,043,17540,3006,2986,331,3317,31
2022-08-14,Mendocino,045,87422,15576,15456,4271,19727,132
2022-08-14,Merced,047,269075,70705,69974,11038,81012,842
2022-08-14,Modoc,049,8938,858,856,313,1169,11
2022-08-14,Mono,051,14174,3178,3170,237,3407,7
2022-08-14,Monterey,053,433212,92235,91612,20065,111677,759
2022-08-14,Napa,055,140530,31455,31312,1373,32685,156
2022-08-14,Nevada,057,99092,18494,18398,1730,20128,132
2022-08-14,Orange,059,3164182,651639,648171,59422,707593,7248
2022-08-14,Placer,061,380077,74023,73588,9266,82854,656
2022-08-14,Plumas,063,18699,3548,3539,429,3968,13
2022-08-14,Riverside,065,2383286,678811,674362,33810,708172,6561
2022-08-14,Sacramento,067,1510023,337529,335292,32554,367846,3190
2022-08-14,San Benito,069,59416,15778,15578,901,16479,103
2022-08-14,San Bernardino,071,2135413,654576,643895,29659,673554,7983
2022-08-14,San Diego,073,3302833,902648,898646,69490,968136,5437
2022-08-14,San Francisco,075,870044,173750,172876,11734,184610,955
2022-08-14,San Joaquin,077,732212,192828,191272,14061,205333,2283
2022-08-14,San Luis Obispo,079,281455,61895,61403,6802,68205,512
2022-08-14,San Mateo,081,765935,163766,162531,10354,172885,738
2022-08-14,Santa Barbara,083,443738,102781,101942,6528,108470,712
2022-08-14,Santa Clara,085,1922200,423337,416369,18397,434766,2422
2022-08-14,Santa Cruz,087,273765,61059,60594,3282,63876,273
2022-08-14,Shasta,089,179085,34106,33895,7116,41011,584
2022-08-14,Sierra,091,2930,300,296,60,356,4
2022-08-14,Siskiyou,093,43540,4987,5086,3229,8315,88
2022-08-14,Solano,095,438530,102393,101761,7589,109350,458
2022-08-14,Sonoma,097,501317,104177,103496,5092,108588,504
2022-08-14,Stanislaus,099,539301,134316,133490,20804,154294,1702
2022-08-14,Sutter,101,95872,23470,23386,2410,25796,228
2022-08-14,Tehama,103,63373,13318,13213,2973,16186,209
2022-08-14,Trinity,105,12862,1365,1356,357,1713,20
2022-08-14,Tulare,107,460477,118855,118563,34195,152758,1520
2022-08-14,Tuolumne,109,53932,15104,14964,895,15859,196
2022-08-14,Ventura,111,848112,202994,201765,14677,216442,1541
2022-08-14,Yolo,113,214977,46266,46225,4204,50429,331
2022-08-14,Yuba,115,75493,18315,18232,1615,19847,129
2022-08-13,Alameda,001,1643700,337060,334944,19029,353973,1948
2022-08-13,Alpine,003,1148,131,131,1,132,0
2022-08-13,Amador,005,37829,9744,9705,889,10594,89
2022-08-13,Butte,007,227075,38364,38062,8626,46688,447
2022-08-13,Calaveras,009,45235,8299,8271,500,8771,131
2022-08-13,Colusa,011,21464,3721,3704,1211,4915,22
2022-08-13,Contra Costa,013,1133247,244151,239735,19953,259688,1393
2022-08-13,Del Norte,015,27424,7265,7245,386,7631,54
2022-08-13,El Dorado,017,186661,31572,31430,4108,35538,225
2022-08-13,Fresno,019,978130,268415,266211,29925,296136,2816
2022-08-13,Glenn,021,27897,5425,5393,1823,7216,48
2022-08-13,Humboldt,023,135768,21059,20954,4642,25596,153
2022-08-13,Imperial,025,180216,63994,63766,14864,78630,950
2022-08-13,Inyo,027,18085,4424,4418,854,5272,58
2022-08-13,Kern,029,883053,214895,213071,59695,272766,2380
2022-08-13,Kings,031,150075,57943,57748,3946,61694,454
2022-08-13,Lake,033,64148,12385,12324,1117,13441,142
2022-08-13,Lassen,035,31185,9812,9795,970,10765,64
2022-08-13,Los Angeles,037,10098052,3202765,3177769,171376,3349145,32657
2022-08-13,Madera,039,155013,42669,42517,7752,50269,372
2022-08-13,Marin,041,260295,43893,43662,5085,48747,305
2022-08-13,Mariposa,043,17540,3006,2986,330,3316,31
2022-08-13,Mendocino,045,87422,15564,15456,4268,19724,132
2022-08-13,Merced,047,269075,70668,69974,11032,81006,842
2022-08-13,Modoc,049,8938,858,856,313,1169,11
2022-08-13,Mono,051,14174,3178,3170,236,3406,7
2022-08-13,Monterey,053,433212,92170,91612,20030,111642,759
2022-08-13,Napa,055,140530,31442,31312,1371,32683,156
2022-08-13,Nevada,057,99092,18483,18398,1728,20126,132
2022-08-13,Orange,059,3164182,651248,648171,59346,707517,7248
2022-08-13,Placer,061,380077,73977,73588,9260,82848,656
2022-08-13,Plumas,063,18699,3546,3539,429,3968,13
2022-08-13,Riverside,065,2383286,678377,674362,33777,708139,6561
2022-08-13,Sacramento,067,1510023,337338,335292,32543,367835,3190
2022-08-13,San Benito,069,59416,15772,15578,895,16473,103
2022-08-13,San Bernardino,071,2135413,654107,643895,29629,673524,7983
2022-08-13,San Diego,073,3302833,902195,898646,69447,968093,5437
2022-08-13,San Francisco,075,870044,173633,172876,11728,184604,955
2022-08-13,San Joaquin,077,732212,192705,191272,14038,205310,2283
2022-08-13,San Luis Obispo,079,281455,61876,61403,6797,68200,512
2022-08-13,San Mateo,081,765935,163654,162531,10342,172873,738
2022-08-13,Santa Barbara,083,443738,102703,101942,6513,108455,712
2022-08-13,Santa Clara,085,1922200,423022,416369,18376,434745,2422
2022-08-13,Santa Cruz,087,273765,61022,60594,3276,63870,273
2022-08-13,Shasta,089,179085,34068,33895,7112,41007,584
2022-08-13,Sierra,091,2930,300,296,60,356,4
2022-08-13,Siskiyou,093,43540,4986,5086,3226,8312,88
2022-08-13,Solano,095,438530,102353,101761,7580,109341,458
2022-08-13,Sonoma,097,501317,104124,103496,5091,108587,504
2022-08-13,Stanislaus,099,539301,134215,133490,20780,154270,1702
2022-08-13,Sutter,101,95872,23456,23386,2410,25796,228
2022-08-13,Tehama,103,63373,13313,13213,2972,16185,209
2022-08-13,Trinity,105,12862,1364,1356,357,1713,20
2022-08-13,Tulare,107,460477,118784,118563,34137,152700,1520
2022-08-13,Tuolumne,109,53932,15090,14964,890,15854,196
2022-08-13,Ventura,111,848112,202831,201765,14662,216427,1541
2022-08-13,Yolo,113,214977,46238,46225,4201,50426,331
2022-08-13,Yuba,115,75493,18306,18232,1613,19845,129
2022-08-12,Alameda,001,1643700,336812,334944,19015,353959,1948
2022-08-12,Alpine,003,1148,131,131,1,132,0
2022-08-12,Amador,005,37829,9734,9705,886,10591,89
2022-08-12,Butte,007,227075,38344,38062,8617,46679,447
2022-08-12,Calaveras,009,45235,8291,8271,497,8768,131
2022-08-12,Colusa,011,21464,3718,3704,1211,4915,22
2022-08-12,Contra Costa,013,1133247,243983,239735,19935,259670,1393
2022-08-12,Del Norte,015,27424,7261,7245,386,7631,54
2022-08-12,El Dorado,017,186661,31554,31430,4104,35534,225
2022-08-12,Fresno,019,978130,268208,266211,29898,296109,2816
2022-08-12,Glenn,021,27897,5425,5393,1823,7216,48
2022-08-12,Humboldt,023,135768,21037,20954,4634,25588,153
2022-08-12,Imperial,025,180216,63967,63766,14849,78615,950
2022-08-12,Inyo,027,18085,4423,4418,852,5270,58
2022-08-12,Kern,029,883053,214794,213071,59606,272677,2380
2022-08-12,Kings,031,150075,57923,57748,3945,61693,454
2022-08-12,Lake,033,64148,12381,12324,1114,13438,142
2022-08-12,Lassen,035,31185,9810,9795,970,10765,64
2022-08-12,Los Angeles,037,10098052,3200672,3177769,171124,3348893,32657
2022-08-12,Madera,039,155013,42640,42517,7746,50263,372
2022-08-12,Marin,041,260295,43863,43662,5077,48739,305
2022-08-12,Mariposa,043,17540,3006,2986,330,3316,31
2022-08-12,Mendocino,045,87422,15553,15456,4260,19716,132
2022-08-12,Merced,047,269075,70635,69974,11025,80999,842
2022-08-12,Modoc,049,8938,858,856,313,1169,11
2022-08-12,Mono,051,14174,3178,3170,236,3406,7
2022-08-12,Monterey,053,433212,92113,91612,19997,111609,759
2022-08-12,Napa,055,140530,31421,31312,1370,32682,156
2022-08-12,Nevada,057,99092,18479,18398,1726,20124,132
2022-08-12,Orange,059,3164182,650833,648171,59252,707423,7248
2022-08-12,Placer,061,380077,73926,73588,9250,82838,656
2022-08-12,Plumas,063,18699,3544,3539,429,3968,13
2022-08-12,Riverside,065,2383286,677957,674362,33744,708106,6561
2022-08-12,Sacramento,067,1510023,337123,335292,32526,367818,3190
2022-08-12,San Benito,069,59416,15755,15578,894,16472,103
2022-08-12,San Bernardino,071,2135413,653699,643895,29612,673507,7983
2022-08-12,San Diego,073,3302833,901666,898646,69372,968018,5437
2022-08-12,San Francisco,075,870044,173506,172876,11720,184596,955
2022-08-12,San Joaquin,077,732212,192580,191272,14019,205291,2283
2022-08-12,San Luis Obispo,079,281455,61853,61403,6791,68194,512
2022-08-12,San Mateo,081,765935,163525,162531,10337,172868,738
2022-08-12,Santa Barbara,083,443738,102621,101942,6508,108450,712
2022-08-12,Santa Clara,085,1922200,422678,416369,18354,434723,2422
2022-08-12,Santa Cruz,087,273765,60969,60594,3274,63868,273
2022-08-12,Shasta,089,179085,34054,33895,7104,40999,584
2022-08-12,Sierra,091,2930,298,296,59,355,4
2022-08-12,Siskiyou,093,43540,4985,5086,3226,8312,88
2022-08-12,Solano,095,438530,102280,101761,7568,109329,458
2022-08-12,Sonoma,097,501317,104066,103496,5090,108586,504
2022-08-12,Stanislaus,099,539301,134129,133490,20768,154258,1702
2022-08-12,Sutter,101,95872,23441,23386,2410,25796,228
2022-08-12,Tehama,103,63373,13305,13213,2971,16184,209
2022-08-12,Trinity,105,12862,1361,1356,356,1712,20
2022-08-12,Tulare,107,460477,118725,118563,34079,152642,1520
2022-08-12,Tuolumne,109,53932,15083,14964,889,15853,196
2022-08-12,Ventura,111,848112,202686,201765,14644,216409,1541
2022-08-12,Yolo,113,214977,46216,46225,4196,50421,331
2022-08-12,Yuba,115,75493,18295,18232,1612,19844,129
2022-08-11,Alameda,001,1643700,336490,334944,18982,353926,1948
2022-08-11,Alpine,003,1148,131,131,1,132,0
2022-08-11,Amador,005,37829,9731,9705,883,10588,89
2022-08-11,Butte,007,227075,38308,38062,8603,46665,447
2022-08-11,Calaveras,009,45235,8285,8271,495,8766,131
2022-08-11,Colusa,011,21464,3715,3704,1210,4914,22
2022-08-11,Contra Costa,013,1133247,243726,239735,19901,259636,1393
2022-08-11,Del Norte,015,27424,7255,7245,384,7629,54
2022-08-11,El Dorado,017,186661,31523,31430,4097,35527,225
2022-08-11,Fresno,019,978130,267960,266211,29851,296062,2816
2022-08-11,Glenn,021,27897,5423,5393,1822,7215,48
2022-08-11,Humboldt,023,135768,21007,20954,4625,25579,153
2022-08-11,Imperial,025,180216,63920,63766,14804,78570,950
2022-08-11,Inyo,027,18085,4421,4418,847,5265,58
2022-08-11,Kern,029,883053,214606,213071,59456,272527,2380
2022-08-11,Kings,031,150075,57865,57748,3938,61686,454
2022-08-11,Lake,033,64148,12371,12324,1113,13437,142
2022-08-11,Lassen,035,31185,9805,9795,970,10765,64
2022-08-11,Los Angeles,037,10098052,3197654,3177769,170746,3348515,32657
2022-08-11,Madera,039,155013,42596,42517,7719,50236,372
2022-08-11,Marin,041,260295,43824,43662,5070,48732,305
2022-08-11,Mariposa,043,17540,3006,2986,327,3313,31
2022-08-11,Mendocino,045,87422,15542,15456,4257,19713,132
2022-08-11,Merced,047,269075,70582,69974,10989,80963,842
2022-08-11,Modoc,049,8938,857,856,313,1169,11
2022-08-11,Mono,051,14174,3178,3170,236,3406,7
2022-08-11,Monterey,053,433212,92013,91612,19942,111554,759
2022-08-11,Napa,055,140530,31383,31312,1368,32680,156
2022-08-11,Nevada,057,99092,18461,18398,1722,20120,132
2022-08-11,Orange,059,3164182,650180,648171,59115,707286,7248
2022-08-11,Placer,061,380077,73860,73588,9238,82826,656
2022-08-11,Plumas,063,18699,3543,3539,428,3967,13
2022-08-11,Riverside,065,2383286,677351,674362,33698,708060,6561
2022-08-11,Sacramento,067,1510023,336812,335292,32492,367784,3190
2022-08-11,San Benito,069,59416,15739,15578,893,16471,103
2022-08-11,San Bernardino,071,2135413,652952,643895,29561,673456,7983
2022-08-11,San Diego,073,3302833,900888,898646,69246,967892,5437
2022-08-11,San Francisco,075,870044,173349,172876,11703,184579,955
2022-08-11,San Joaquin,077,732212,192390,191272,13986,205258,2283
2022-08-11,San Luis Obispo,079,281455,61804,61403,6764,68167,512
2022-08-11,San Mateo,081,765935,163363,162531,10325,172856,738
2022-08-11,Santa Barbara,083,443738,102513,101942,6486,108428,712
2022-08-11,Santa Clara,085,1922200,422246,416369,18330,434699,2422
2022-08-11,Santa Cruz,087,273765,60904,60594,3270,63864,273
2022-08-11,Shasta,089,179085,34035,33895,7090,40985,584
2022-08-11,Sierra,091,2930,297,296,59,355,4
2022-08-11,Siskiyou,093,43540,4983,5086,3222,8308,88
2022-08-11,Solano,095,438530,102213,101761,7554,109315,458
2022-08-11,Sonoma,097,501317,103972,103496,5083,108579,504
2022-08-11,Stanislaus,099,539301,133972,133490,20727,154217,1702
2022-08-11,Sutter,101,95872,23411,23386,2410,25796,228
2022-08-11,Tehama,103,63373,13297,13213,2971,16184,209
2022-08-11,Trinity,105,12862,1361,1356,355,1711,20
2022-08-11,Tulare,107,460477,118628,118563,33990,152553,1520
2022-08-11,Tuolumne,109,53932,15075,14964,887,15851,196
2022-08-11,Ventura,111,848112,202484,201765,14607,216372,1541
2022-08-11,Yolo,113,214977,46182,46225,4192,50417,331
2022-08-11,Yuba,115,75493,18272,18232,1609,19841,129
2022-08-10,Alameda,001,1643700,336093,333587,18953,352540,1944
2022-08-10,Alpine,003,1148,131,131,1,132,0
2022-08-10,Amador,005,37829,9726,9677,880,10557,88
2022-08-10,Butte,007,227075,38273,37892,8593,46485,446
2022-08-10,Calaveras,009,45235,8279,8251,492,8743,130
2022-08-10,Colusa,011,21464,3711,3700,1210,4910,22
2022-08-10,Contra Costa,013,1133247,243477,238658,19860,258518,1382
2022-08-10,Del Norte,015,27424,7250,7220,384,7604,54
2022-08-10,El Dorado,017,186661,31497,31354,4082,35436,225
2022-08-10,Fresno,019,978130,267690,265300,29788,295088,2815
2022-08-10,Glenn,021,27897,5421,5387,1819,7206,48
2022-08-10,Humboldt,023,135768,20993,20843,4607,25450,153
2022-08-10,Imperial,025,180216,63861,63532,14762,78294,949
2022-08-10,Inyo,027,18085,4421,4416,846,5262,57
2022-08-10,Kern,029,883053,214418,212602,59305,271907,2380
2022-08-10,Kings,031,150075,57818,57569,3935,61504,453
2022-08-10,Lake,033,64148,12357,12281,1113,13394,142
2022-08-10,Lassen,035,31185,9798,9682,970,10652,64
2022-08-10,Los Angeles,037,10098052,3194436,3168105,170377,3338482,32609
2022-08-10,Madera,039,155013,42559,42350,7703,50053,372
2022-08-10,Marin,041,260295,43778,43532,5067,48599,302
2022-08-10,Mariposa,043,17540,3005,2980,327,3307,31
2022-08-10,Mendocino,045,87422,15528,15394,4255,19649,132
2022-08-10,Merced,047,269075,70510,69740,10964,80704,839
2022-08-10,Modoc,049,8938,856,855,312,1167,11
2022-08-10,Mono,051,14174,3176,3165,236,3401,7
2022-08-10,Monterey,053,433212,91912,91307,19876,111183,758
2022-08-10,Napa,055,140530,31345,31223,1367,32590,153
2022-08-10,Nevada,057,99092,18447,18354,1720,20074,132
2022-08-10,Orange,059,3164182,649464,646005,58992,704997,7235
2022-08-10,Placer,061,380077,73804,73348,9229,82577,650
2022-08-10,Plumas,063,18699,3541,3525,428,3953,13
2022-08-10,Riverside,065,2383286,676633,672334,33636,705970,6555
2022-08-10,Sacramento,067,1510023,336486,334382,32460,366842,3177
2022-08-10,San Benito,069,59416,15710,15507,886,16393,101
2022-08-10,San Bernardino,071,2135413,652308,641936,29507,671443,7977
2022-08-10,San Diego,073,3302833,900035,895482,69129,964611,5429
2022-08-10,San Francisco,075,870044,173184,172265,11685,183950,945
2022-08-10,San Joaquin,077,732212,192165,190596,13940,204536,2281
2022-08-10,San Luis Obispo,079,281455,61759,61207,6749,67956,510
2022-08-10,San Mateo,081,765935,163167,161882,10316,172198,738
2022-08-10,Santa Barbara,083,443738,102386,101558,6466,108024,711
2022-08-10,Santa Clara,085,1922200,421719,414659,18303,432962,2398
2022-08-10,Santa Cruz,087,273765,60823,60360,3268,63628,269
2022-08-10,Shasta,089,179085,34014,33816,7081,40897,584
2022-08-10,Sierra,091,2930,297,295,59,354,4
2022-08-10,Siskiyou,093,43540,4980,5074,3216,8290,87
2022-08-10,Solano,095,438530,102122,101393,7549,108942,457
2022-08-10,Sonoma,097,501317,103880,103168,5075,108243,501
2022-08-10,Stanislaus,099,539301,133833,133071,20694,153765,1702
2022-08-10,Sutter,101,95872,23383,23279,2408,25687,228
2022-08-10,Tehama,103,63373,13290,13187,2970,16157,209
2022-08-10,Trinity,105,12862,1360,1350,355,1705,20
2022-08-10,Tulare,107,460477,118543,118239,33910,152149,1520
2022-08-10,Tuolumne,109,53932,15040,14922,884,15806,196
2022-08-10,Ventura,111,848112,202260,201179,14569,215748,1539
2022-08-10,Yolo,113,214977,46148,46069,4185,50254,330
2022-08-10,Yuba,115,75493,18252,18179,1605,19784,129
2022-08-09,Alameda,001,1643700,335669,333587,18913,352500,1944
2022-08-09,Alpine,003,1148,131,131,1,132,0
2022-08-09,Amador,005,37829,9716,9677,879,10556,88
2022-08-09,Butte,007,227075,38235,37892,8582,46474,446
2022-08-09,Calaveras,009,45235,8272,8251,492,8743,130
2022-08-09,Colusa,011,21464,3708,3700,1209,4909,22
2022-08-09,Contra Costa,013,1133247,243201,238658,19814,258472,1382
2022-08-09,Del Norte,015,27424,7233,7220,383,7603,54
2022-08-09,El Dorado,017,186661,31468,31354,4076,35430,225
2022-08-09,Fresno,019,978130,267361,265300,29751,295051,2815
2022-08-09,Glenn,021,27897,5419,5387,1819,7206,48
2022-08-09,Humboldt,023,135768,20968,20843,4597,25440,153
2022-08-09,Imperial,025,180216,63798,63532,14705,78237,949
2022-08-09,Inyo,027,18085,4420,4416,842,5258,57
2022-08-09,Kern,029,883053,214220,212602,59156,271758,2380
2022-08-09,Kings,031,150075,57752,57569,3933,61502,453
2022-08-09,Lake,033,64148,12333,12281,1112,13393,142
2022-08-09,Lassen,035,31185,9792,9682,970,10652,64
2022-08-09,Los Angeles,037,10098052,3190933,3168105,169987,3338092,32609
2022-08-09,Madera,039,155013,42506,42350,7691,50041,372
2022-08-09,Marin,041,260295,43723,43532,5063,48595,302
2022-08-09,Mariposa,043,17540,3001,2980,326,3306,31
2022-08-09,Mendocino,045,87422,15510,15394,4245,19639,132
2022-08-09,Merced,047,269075,70446,69740,10935,80675,839
2022-08-09,Modoc,049,8938,856,855,311,1166,11
2022-08-09,Mono,051,14174,3176,3165,235,3400,7
2022-08-09,Monterey,053,433212,91800,91307,19807,111114,758
2022-08-09,Napa,055,140530,31317,31223,1365,32588,153
2022-08-09,Nevada,057,99092,18435,18354,1718,20072,132
2022-08-09,Orange,059,3164182,648642,646005,58842,704847,7235
2022-08-09,Placer,061,380077,73739,73348,9221,82569,650
2022-08-09,Plumas,063,18699,3536,3525,428,3953,13
2022-08-09,Riverside,065,2383286,675883,672334,33581,705915,6555
2022-08-09,Sacramento,067,1510023,336065,334382,32427,366809,3177
2022-08-09,San Benito,069,59416,15691,15507,881,16388,101
2022-08-09,San Bernardino,071,2135413,651626,641936,29442,671378,7977
2022-08-09,San Diego,073,3302833,899133,895482,69000,964482,5429
2022-08-09,San Francisco,075,870044,172927,172265,11666,183931,945
2022-08-09,San Joaquin,077,732212,191951,190596,13898,204494,2281
2022-08-09,San Luis Obispo,079,281455,61702,61207,6725,67932,510
2022-08-09,San Mateo,081,765935,162971,161882,10300,172182,738
2022-08-09,Santa Barbara,083,443738,102229,101558,6436,107994,711
2022-08-09,Santa Clara,085,1922200,421191,414659,18279,432938,2398
2022-08-09,Santa Cruz,087,273765,60749,60360,3259,63619,269
2022-08-09,Shasta,089,179085,33992,33816,7078,40894,584
2022-08-09,Sierra,091,2930,297,295,59,354,4
2022-08-09,Siskiyou,093,43540,4978,5074,3212,8286,87
2022-08-09,Solano,095,438530,102019,101393,7537,108930,457
2022-08-09,Sonoma,097,501317,103777,103168,5067,108235,501
2022-08-09,Stanislaus,099,539301,133691,133071,20662,153733,1702
2022-08-09,Sutter,101,95872,23353,23279,2406,25685,228
2022-08-09,Tehama,103,63373,13277,13187,2960,16147,209
2022-08-09,Trinity,105,12862,1358,1350,354,1704,20
2022-08-09,Tulare,107,460477,118431,118239,33823,152062,1520
2022-08-09,Tuolumne,109,53932,15024,14922,884,15806,196
2022-08-09,Ventura,111,848112,202026,201179,14534,215713,1539
2022-08-09,Yolo,113,214977,46106,46069,4173,50242,330
2022-08-09,Yuba,115,75493,18233,18179,1595,19774,129
2022-08-08,Alameda,001,1643700,335213,333587,18869,352456,1944
2022-08-08,Alpine,003,1148,131,131,1,132,0
2022-08-08,Amador,005,37829,9710,9677,878,10555,88
2022-08-08,Butte,007,227075,38182,37892,8568,46460,446
2022-08-08,Calaveras,009,45235,8267,8251,489,8740,130
2022-08-08,Colusa,011,21464,3708,3700,1208,4908,22
2022-08-08,Contra Costa,013,1133247,242829,238658,19766,258424,1382
2022-08-08,Del Norte,015,27424,7226,7220,382,7602,54
2022-08-08,El Dorado,017,186661,31439,31354,4069,35423,225
2022-08-08,Fresno,019,978130,266998,265300,29700,295000,2815
2022-08-08,Glenn,021,27897,5413,5387,1818,7205,48
2022-08-08,Humboldt,023,135768,20930,20843,4580,25423,153
2022-08-08,Imperial,025,180216,63739,63532,14637,78169,949
2022-08-08,Inyo,027,18085,4419,4416,841,5257,57
2022-08-08,Kern,029,883053,213960,212602,58997,271599,2380
2022-08-08,Kings,031,150075,57692,57569,3924,61493,453
2022-08-08,Lake,033,64148,12312,12281,1108,13389,142
2022-08-08,Lassen,035,31185,9779,9682,967,10649,64
2022-08-08,Los Angeles,037,10098052,3187284,3168105,169551,3337656,32609
2022-08-08,Madera,039,155013,42449,42350,7668,50018,372
2022-08-08,Marin,041,260295,43668,43532,5050,48582,302
2022-08-08,Mariposa,043,17540,2997,2980,322,3302,31
2022-08-08,Mendocino,045,87422,15496,15394,4235,19629,132
2022-08-08,Merced,047,269075,70376,69740,10907,80647,839
2022-08-08,Modoc,049,8938,855,855,311,1166,11
2022-08-08,Mono,051,14174,3176,3165,235,3400,7
2022-08-08,Monterey,053,433212,91700,91307,19725,111032,758
2022-08-08,Napa,055,140530,31282,31223,1364,32587,153
2022-08-08,Nevada,057,99092,18420,18354,1710,20064,132
2022-08-08,Orange,059,3164182,647804,646005,58675,704680,7235
2022-08-08,Placer,061,380077,73680,73348,9211,82559,650
2022-08-08,Plumas,063,18699,3533,3525,427,3952,13
2022-08-08,Riverside,065,2383286,675081,672334,33529,705863,6555
2022-08-08,Sacramento,067,1510023,335662,334382,32389,366771,3177
2022-08-08,San Benito,069,59416,15663,15507,878,16385,101
2022-08-08,San Bernardino,071,2135413,650791,641936,29380,671316,7977
2022-08-08,San Diego,073,3302833,898039,895482,68867,964349,5429
2022-08-08,San Francisco,075,870044,172708,172265,11648,183913,945
2022-08-08,San Joaquin,077,732212,191685,190596,13856,204452,2281
2022-08-08,San Luis Obispo,079,281455,61638,61207,6701,67908,510
2022-08-08,San Mateo,081,765935,162762,161882,10289,172171,738
2022-08-08,Santa Barbara,083,443738,102096,101558,6419,107977,711
2022-08-08,Santa Clara,085,1922200,420581,414659,18251,432910,2398
2022-08-08,Santa Cruz,087,273765,60673,60360,3256,63616,269
2022-08-08,Shasta,089,179085,33962,33816,7069,40885,584
2022-08-08,Sierra,091,2930,297,295,59,354,4
2022-08-08,Siskiyou,093,43540,4975,5074,3209,8283,87
2022-08-08,Solano,095,438530,101877,101393,7521,108914,457
2022-08-08,Sonoma,097,501317,103663,103168,5058,108226,501
2022-08-08,Stanislaus,099,539301,133567,133071,20634,153705,1702
2022-08-08,Sutter,101,95872,23317,23279,2406,25685,228
2022-08-08,Tehama,103,63373,13267,13187,2958,16145,209
2022-08-08,Trinity,105,12862,1358,1350,353,1703,20
2022-08-08,Tulare,107,460477,118290,118239,33737,151976,1520
2022-08-08,Tuolumne,109,53932,15016,14922,883,15805,196
2022-08-08,Ventura,111,848112,201781,201179,14483,215662,1539
2022-08-08,Yolo,113,214977,46052,46069,4167,50236,330
2022-08-08,Yuba,115,75493,18209,18179,1593,19772,129
2022-08-07,Alameda,001,1643700,334659,331755,18827,350582,1945
2022-08-07,Alpine,003,1148,131,130,1,131,0
2022-08-07,Amador,005,37829,9703,9655,876,10531,88
2022-08-07,Butte,007,227075,38112,37717,8554,46271,446
2022-08-07,Calaveras,009,45235,8254,8219,485,8704,129
2022-08-07,Colusa,011,21464,3704,3696,1207,4903,22
2022-08-07,Contra Costa,013,1133247,242438,237436,19719,257155,1383
2022-08-07,Del Norte,015,27424,7214,7191,379,7570,54
2022-08-07,El Dorado,017,186661,31399,31240,4064,35304,225
2022-08-07,Fresno,019,978130,266576,263912,29623,293535,2815
2022-08-07,Glenn,021,27897,5411,5379,1815,7194,48
2022-08-07,Humboldt,023,135768,20892,20746,4559,25305,153
2022-08-07,Imperial,025,180216,63657,63198,14564,77762,949
2022-08-07,Inyo,027,18085,4419,4408,838,5246,57
2022-08-07,Kern,029,883053,213729,211798,58794,270592,2375
2022-08-07,Kings,031,150075,57595,57294,3916,61210,453
2022-08-07,Lake,033,64148,12299,12220,1107,13327,142
2022-08-07,Lassen,035,31185,9723,9654,967,10621,64
2022-08-07,Los Angeles,037,10098052,3182826,3153757,169158,3322915,32563
2022-08-07,Madera,039,155013,42392,42139,7629,49768,372
2022-08-07,Marin,041,260295,43612,43295,5040,48335,302
2022-08-07,Mariposa,043,17540,2994,2965,321,3286,31
2022-08-07,Mendocino,045,87422,15477,15335,4216,19551,132
2022-08-07,Merced,047,269075,70253,69498,10853,80351,838
2022-08-07,Modoc,049,8938,854,853,311,1164,11
2022-08-07,Mono,051,14174,3173,3161,235,3396,7
2022-08-07,Monterey,053,433212,91567,90884,19636,110520,757
2022-08-07,Napa,055,140530,31238,31052,1362,32414,151
2022-08-07,Nevada,057,99092,18396,18309,1704,20013,132
2022-08-07,Orange,059,3164182,646904,643029,58479,701508,7213
2022-08-07,Placer,061,380077,73590,73064,9195,82259,648
2022-08-07,Plumas,063,18699,3532,3516,427,3943,13
2022-08-07,Riverside,065,2383286,674154,669230,33447,702677,6555
2022-08-07,Sacramento,067,1510023,335176,332928,32339,365267,3175
2022-08-07,San Benito,069,59416,15637,15403,875,16278,101
2022-08-07,San Bernardino,071,2135413,649896,639120,29314,668434,7956
2022-08-07,San Diego,073,3302833,896764,891504,68755,960259,5424
2022-08-07,San Francisco,075,870044,172429,171486,11621,183107,946
2022-08-07,San Joaquin,077,732212,191383,189696,13800,203496,2276
2022-08-07,San Luis Obispo,079,281455,61540,60903,6669,67572,510
2022-08-07,San Mateo,081,765935,162513,161011,10272,171283,734
2022-08-07,Santa Barbara,083,443738,101909,100995,6392,107387,711
2022-08-07,Santa Clara,085,1922200,419866,412411,18231,430642,2386
2022-08-07,Santa Cruz,087,273765,60552,59982,3240,63222,269
2022-08-07,Shasta,089,179085,33913,33727,7055,40782,583
2022-08-07,Sierra,091,2930,296,295,59,354,4
2022-08-07,Siskiyou,093,43540,4973,5045,3205,8250,87
2022-08-07,Solano,095,438530,101718,100081,7503,107584,457
2022-08-07,Sonoma,097,501317,103546,102682,5050,107732,502
2022-08-07,Stanislaus,099,539301,133373,132406,20600,153006,1701
2022-08-07,Sutter,101,95872,23281,23178,2405,25583,228
2022-08-07,Tehama,103,63373,13257,13155,2954,16109,209
2022-08-07,Trinity,105,12862,1356,1347,352,1699,20
2022-08-07,Tulare,107,460477,118140,117668,33637,151305,1516
2022-08-07,Tuolumne,109,53932,14999,14844,883,15727,196
2022-08-07,Ventura,111,848112,201523,200270,14436,214706,1537
2022-08-07,Yolo,113,214977,46002,45902,4157,50059,331
2022-08-07,Yuba,115,75493,18190,18099,1589,19688,124
2022-08-06,Alameda,001,1643700,334416,331755,18815,350570,1945
2022-08-06,Alpine,003,1148,131,130,1,131,0
2022-08-06,Amador,005,37829,9696,9655,874,10529,88
2022-08-06,Butte,007,227075,38074,37717,8543,46260,446
2022-08-06,Calaveras,009,45235,8247,8219,484,8703,129
2022-08-06,Colusa,011,21464,3702,3696,1204,4900,22
2022-08-06,Contra Costa,013,1133247,242193,237436,19699,257135,1383
2022-08-06,Del Norte,015,27424,7208,7191,379,7570,54
2022-08-06,El Dorado,017,186661,31382,31240,4061,35301,225
2022-08-06,Fresno,019,978130,266399,263912,29599,293511,2815
2022-08-06,Glenn,021,27897,5411,5379,1814,7193,48
2022-08-06,Humboldt,023,135768,20871,20746,4551,25297,153
2022-08-06,Imperial,025,180216,63610,63198,14536,77734,949
2022-08-06,Inyo,027,18085,4419,4408,837,5245,57
2022-08-06,Kern,029,883053,213631,211798,58680,270478,2375
2022-08-06,Kings,031,150075,57555,57294,3916,61210,453
2022-08-06,Lake,033,64148,12294,12220,1106,13326,142
2022-08-06,Lassen,035,31185,9690,9654,967,10621,64
2022-08-06,Los Angeles,037,10098052,3180623,3153757,168873,3322630,32563
2022-08-06,Madera,039,155013,42348,42139,7623,49762,372
2022-08-06,Marin,041,260295,43583,43295,5035,48330,302
2022-08-06,Mariposa,043,17540,2993,2965,321,3286,31
2022-08-06,Mendocino,045,87422,15468,15335,4215,19550,132
2022-08-06,Merced,047,269075,70224,69498,10847,80345,838
2022-08-06,Modoc,049,8938,854,853,311,1164,11
2022-08-06,Mono,051,14174,3171,3161,234,3395,7
2022-08-06,Monterey,053,433212,91514,90884,19592,110476,757
2022-08-06,Napa,055,140530,31217,31052,1361,32413,151
2022-08-06,Nevada,057,99092,18388,18309,1702,20011,132
2022-08-06,Orange,059,3164182,646462,643029,58365,701394,7213
2022-08-06,Placer,061,380077,73533,73064,9188,82252,648
2022-08-06,Plumas,063,18699,3530,3516,427,3943,13
2022-08-06,Riverside,065,2383286,673642,669230,33406,702636,6555
2022-08-06,Sacramento,067,1510023,335001,332928,32330,365258,3175
2022-08-06,San Benito,069,59416,15620,15403,873,16276,101
2022-08-06,San Bernardino,071,2135413,649433,639120,29275,668395,7956
2022-08-06,San Diego,073,3302833,896207,891504,68713,960217,5424
2022-08-06,San Francisco,075,870044,172273,171486,11610,183096,946
2022-08-06,San Joaquin,077,732212,191254,189696,13764,203460,2276
2022-08-06,San Luis Obispo,079,281455,61512,60903,6664,67567,510
2022-08-06,San Mateo,081,765935,162377,161011,10265,171276,734
2022-08-06,Santa Barbara,083,443738,101837,100995,6378,107373,711
2022-08-06,Santa Clara,085,1922200,419403,412411,18210,430621,2386
2022-08-06,Santa Cruz,087,273765,60495,59982,3233,63215,269
2022-08-06,Shasta,089,179085,33882,33727,7045,40772,583
2022-08-06,Sierra,091,2930,296,295,59,354,4
2022-08-06,Siskiyou,093,43540,4971,5045,3203,8248,87
2022-08-06,Solano,095,438530,101670,100081,7497,107578,457
2022-08-06,Sonoma,097,501317,103483,102682,5041,107723,502
2022-08-06,Stanislaus,099,539301,133270,132406,20590,152996,1701
2022-08-06,Sutter,101,95872,23257,23178,2405,25583,228
2022-08-06,Tehama,103,63373,13252,13155,2950,16105,209
2022-08-06,Trinity,105,12862,1356,1347,352,1699,20
2022-08-06,Tulare,107,460477,118059,117668,33594,151262,1516
2022-08-06,Tuolumne,109,53932,14991,14844,882,15726,196
2022-08-06,Ventura,111,848112,201415,200270,14413,214683,1537
2022-08-06,Yolo,113,214977,45970,45902,4149,50051,331
2022-08-06,Yuba,115,75493,18175,18099,1588,19687,124
2022-08-05,Alameda,001,1643700,334108,331755,18804,350559,1945
2022-08-05,Alpine,003,1148,131,130,1,131,0
2022-08-05,Amador,005,37829,9694,9655,873,10528,88
2022-08-05,Butte,007,227075,38036,37717,8532,46249,446
2022-08-05,Calaveras,009,45235,8243,8219,484,8703,129
2022-08-05,Colusa,011,21464,3701,3696,1204,4900,22
2022-08-05,Contra Costa,013,1133247,242002,237436,19671,257107,1383
2022-08-05,Del Norte,015,27424,7204,7191,378,7569,54
2022-08-05,El Dorado,017,186661,31374,31240,4060,35300,225
2022-08-05,Fresno,019,978130,266218,263912,29575,293487,2815
2022-08-05,Glenn,021,27897,5410,5379,1813,7192,48
2022-08-05,Humboldt,023,135768,20854,20746,4538,25284,153
2022-08-05,Imperial,025,180216,63535,63198,14497,77695,949
2022-08-05,Inyo,027,18085,4419,4408,837,5245,57
2022-08-05,Kern,029,883053,213515,211798,58584,270382,2375
2022-08-05,Kings,031,150075,57530,57294,3915,61209,453
2022-08-05,Lake,033,64148,12284,12220,1106,13326,142
2022-08-05,Lassen,035,31185,9678,9654,966,10620,64
2022-08-05,Los Angeles,037,10098052,3178115,3153757,168591,3322348,32563
2022-08-05,Madera,039,155013,42305,42139,7613,49752,372
2022-08-05,Marin,041,260295,43540,43295,5029,48324,302
2022-08-05,Mariposa,043,17540,2989,2965,319,3284,31
2022-08-05,Mendocino,045,87422,15453,15335,4212,19547,132
2022-08-05,Merced,047,269075,70174,69498,10840,80338,838
2022-08-05,Modoc,049,8938,854,853,311,1164,11
2022-08-05,Mono,051,14174,3170,3161,234,3395,7
2022-08-05,Monterey,053,433212,91447,90884,19556,110440,757
2022-08-05,Napa,055,140530,31188,31052,1360,32412,151
2022-08-05,Nevada,057,99092,18379,18309,1700,20009,132
2022-08-05,Orange,059,3164182,645954,643029,58257,701286,7213
2022-08-05,Placer,061,380077,73482,73064,9179,82243,648
2022-08-05,Plumas,063,18699,3528,3516,427,3943,13
2022-08-05,Riverside,065,2383286,673084,669230,33357,702587,6555
2022-08-05,Sacramento,067,1510023,334752,332928,32312,365240,3175
2022-08-05,San Benito,069,59416,15598,15403,871,16274,101
2022-08-05,San Bernardino,071,2135413,648976,639120,29247,668367,7956
2022-08-05,San Diego,073,3302833,895545,891504,68632,960136,5424
2022-08-05,San Francisco,075,870044,172131,171486,11590,183076,946
2022-08-05,San Joaquin,077,732212,191126,189696,13731,203427,2276
2022-08-05,San Luis Obispo,079,281455,61477,60903,6656,67559,510
2022-08-05,San Mateo,081,765935,162205,161011,10254,171265,734
2022-08-05,Santa Barbara,083,443738,101735,100995,6370,107365,711
2022-08-05,Santa Clara,085,1922200,418899,412411,18178,430589,2386
2022-08-05,Santa Cruz,087,273765,60428,59982,3229,63211,269
2022-08-05,Shasta,089,179085,33872,33727,7042,40769,583
2022-08-05,Sierra,091,2930,296,295,59,354,4
2022-08-05,Siskiyou,093,43540,4968,5045,3201,8246,87
2022-08-05,Solano,095,438530,101592,100081,7489,107570,457
2022-08-05,Sonoma,097,501317,103407,102682,5036,107718,502
2022-08-05,Stanislaus,099,539301,133168,132406,20579,152985,1701
2022-08-05,Sutter,101,95872,23238,23178,2403,25581,228
2022-08-05,Tehama,103,63373,13244,13155,2950,16105,209
2022-08-05,Trinity,105,12862,1355,1347,352,1699,20
2022-08-05,Tulare,107,460477,117973,117668,33541,151209,1516
2022-08-05,Tuolumne,109,53932,14978,14844,881,15725,196
2022-08-05,Ventura,111,848112,201265,200270,14384,214654,1537
2022-08-05,Yolo,113,214977,45952,45902,4134,50036,331
2022-08-05,Yuba,115,75493,18167,18099,1587,19686,124
2022-08-04,Alameda,001,1643700,333645,331755,18761,350516,1945
2022-08-04,Alpine,003,1148,130,130,1,131,0
2022-08-04,Amador,005,37829,9683,9655,869,10524,88
2022-08-04,Butte,007,227075,37993,37717,8516,46233,446
2022-08-04,Calaveras,009,45235,8236,8219,483,8702,129
2022-08-04,Colusa,011,21464,3700,3696,1204,4900,22
2022-08-04,Contra Costa,013,1133247,241729,237436,19630,257066,1383
2022-08-04,Del Norte,015,27424,7196,7191,377,7568,54
2022-08-04,El Dorado,017,186661,31342,31240,4057,35297,225
2022-08-04,Fresno,019,978130,265889,263912,29519,293431,2815
2022-08-04,Glenn,021,27897,5405,5379,1810,7189,48
2022-08-04,Humboldt,023,135768,20829,20746,4526,25272,153
2022-08-04,Imperial,025,180216,63468,63198,14443,77641,949
2022-08-04,Inyo,027,18085,4418,4408,836,5244,57
2022-08-04,Kern,029,883053,213309,211798,58448,270246,2375
2022-08-04,Kings,031,150075,57463,57294,3907,61201,453
2022-08-04,Lake,033,64148,12270,12220,1105,13325,142
2022-08-04,Lassen,035,31185,9673,9654,963,10617,64
2022-08-04,Los Angeles,037,10098052,3174400,3153757,168202,3321959,32563
2022-08-04,Madera,039,155013,42264,42139,7570,49709,372
2022-08-04,Marin,041,260295,43486,43295,5000,48295,302
2022-08-04,Mariposa,043,17540,2984,2965,317,3282,31
2022-08-04,Mendocino,045,87422,15440,15335,4204,19539,132
2022-08-04,Merced,047,269075,70103,69498,10800,80298,838
2022-08-04,Modoc,049,8938,854,853,311,1164,11
2022-08-04,Mono,051,14174,3170,3161,234,3395,7
2022-08-04,Monterey,053,433212,91339,90884,19490,110374,757
2022-08-04,Napa,055,140530,31152,31052,1359,32411,151
2022-08-04,Nevada,057,99092,18367,18309,1693,20002,132
2022-08-04,Orange,059,3164182,645186,643029,58113,701142,7213
2022-08-04,Placer,061,380077,73412,73064,9166,82230,648
2022-08-04,Plumas,063,18699,3522,3516,427,3943,13
2022-08-04,Riverside,065,2383286,672370,669230,33311,702541,6555
2022-08-04,Sacramento,067,1510023,334329,332928,32288,365216,3175
2022-08-04,San Benito,069,59416,15569,15403,864,16267,101
2022-08-04,San Bernardino,071,2135413,648274,639120,29191,668311,7956
2022-08-04,San Diego,073,3302833,894562,891504,68531,960035,5424
2022-08-04,San Francisco,075,870044,171919,171486,11561,183047,946
2022-08-04,San Joaquin,077,732212,190921,189696,13691,203387,2276
2022-08-04,San Luis Obispo,079,281455,61409,60903,6629,67532,510
2022-08-04,San Mateo,081,765935,161984,161011,10246,171257,734
2022-08-04,Santa Barbara,083,443738,101602,100995,6349,107344,711
2022-08-04,Santa Clara,085,1922200,418317,412411,18147,430558,2386
2022-08-04,Santa Cruz,087,273765,60340,59982,3228,63210,269
2022-08-04,Shasta,089,179085,33849,33727,7028,40755,583
2022-08-04,Sierra,091,2930,296,295,59,354,4
2022-08-04,Siskiyou,093,43540,4964,5045,3195,8240,87
2022-08-04,Solano,095,438530,101481,100081,7478,107559,457
2022-08-04,Sonoma,097,501317,103299,102682,5025,107707,502
2022-08-04,Stanislaus,099,539301,133011,132406,20554,152960,1701
2022-08-04,Sutter,101,95872,23212,23178,2401,25579,228
2022-08-04,Tehama,103,63373,13230,13155,2945,16100,209
2022-08-04,Trinity,105,12862,1354,1347,351,1698,20
2022-08-04,Tulare,107,460477,117858,117668,33480,151148,1516
2022-08-04,Tuolumne,109,53932,14954,14844,879,15723,196
2022-08-04,Ventura,111,848112,201034,200270,14344,214614,1537
2022-08-04,Yolo,113,214977,45916,45902,4124,50026,331
2022-08-04,Yuba,115,75493,18148,18099,1586,19685,124
2022-08-03,Alameda,001,1643700,333136,330158,18722,348880,1941
2022-08-03,Alpine,003,1148,130,130,1,131,0
2022-08-03,Amador,005,37829,9677,9627,866,10493,88
2022-08-03,Butte,007,227075,37949,37567,8505,46072,444
2022-08-03,Calaveras,009,45235,8228,8194,482,8676,128
2022-08-03,Colusa,011,21464,3700,3676,1204,4880,22
2022-08-03,Contra Costa,013,1133247,241405,236190,19579,255769,1381
2022-08-03,Del Norte,015,27424,7192,7156,377,7533,54
2022-08-03,El Dorado,017,186661,31306,31165,4048,35213,222
2022-08-03,Fresno,019,978130,265482,262758,29469,292227,2806
2022-08-03,Glenn,021,27897,5403,5363,1806,7169,48
2022-08-03,Humboldt,023,135768,20796,20640,4508,25148,153
2022-08-03,Imperial,025,180216,63390,62884,14392,77276,949
2022-08-03,Inyo,027,18085,4418,4398,830,5228,57
2022-08-03,Kern,029,883053,213125,211047,58269,269316,2375
2022-08-03,Kings,031,150075,57400,57065,3905,60970,453
2022-08-03,Lake,033,64148,12253,12172,1102,13274,142
2022-08-03,Lassen,035,31185,9670,9563,963,10526,64
2022-08-03,Los Angeles,037,10098052,3170660,3140955,167807,3308762,32500
2022-08-03,Madera,039,155013,42221,41918,7552,49470,372
2022-08-03,Marin,041,260295,43425,43127,4985,48112,300
2022-08-03,Mariposa,043,17540,2980,2950,317,3267,30
2022-08-03,Mendocino,045,87422,15422,15260,4196,19456,132
2022-08-03,Merced,047,269075,70037,69198,10768,79966,838
2022-08-03,Modoc,049,8938,853,842,311,1153,11
2022-08-03,Mono,051,14174,3169,3157,233,3390,7
2022-08-03,Monterey,053,433212,91234,90456,19425,109881,754
2022-08-03,Napa,055,140530,31115,30935,1354,32289,151
2022-08-03,Nevada,057,99092,18356,18253,1690,19943,132
2022-08-03,Orange,059,3164182,644369,640110,57937,698047,7202
2022-08-03,Placer,061,380077,73330,72834,9148,81982,646
2022-08-03,Plumas,063,18699,3519,3496,427,3923,13
2022-08-03,Riverside,065,2383286,671520,666773,33244,700017,6547
2022-08-03,Sacramento,067,1510023,333901,331584,32253,363837,3162
2022-08-03,San Benito,069,59416,15539,15338,857,16195,100
2022-08-03,San Bernardino,071,2135413,647538,636510,29135,665645,7951
2022-08-03,San Diego,073,3302833,893349,887729,68407,956136,5417
2022-08-03,San Francisco,075,870044,171710,170637,11542,182179,939
2022-08-03,San Joaquin,077,732212,190678,188962,13657,202619,2276
2022-08-03,San Luis Obispo,079,281455,61325,60648,6613,67261,504
2022-08-03,San Mateo,081,765935,161797,160258,10234,170492,725
2022-08-03,Santa Barbara,083,443738,101480,100558,6327,106885,710
2022-08-03,Santa Clara,085,1922200,417836,410394,18114,428508,2383
2022-08-03,Santa Cruz,087,273765,60251,59661,3225,62886,269
2022-08-03,Shasta,089,179085,33820,33630,7023,40653,582
2022-08-03,Sierra,091,2930,296,295,59,354,4
2022-08-03,Siskiyou,093,43540,4962,5021,3193,8214,86
2022-08-03,Solano,095,438530,101364,99608,7464,107072,459
2022-08-03,Sonoma,097,501317,103174,102306,5012,107318,500
2022-08-03,Stanislaus,099,539301,132868,131869,20528,152397,1701
2022-08-03,Sutter,101,95872,23183,23056,2399,25455,228
2022-08-03,Tehama,103,63373,13218,13135,2941,16076,209
2022-08-03,Trinity,105,12862,1354,1342,350,1692,20
2022-08-03,Tulare,107,460477,117724,117288,33412,150700,1516
2022-08-03,Tuolumne,109,53932,14935,14778,878,15656,196
2022-08-03,Ventura,111,848112,200799,199530,14306,213836,1536
2022-08-03,Yolo,113,214977,45869,45757,4105,49862,330
2022-08-03,Yuba,115,75493,18119,18036,1585,19621,124
2022-08-02,Alameda,001,1643700,332598,330158,18691,348849,1941
2022-08-02,Alpine,003,1148,130,130,1,131,0
2022-08-02,Amador,005,37829,9667,9627,859,10486,88
2022-08-02,Butte,007,227075,37910,37567,8493,46060,444
2022-08-02,Calaveras,009,45235,8213,8194,480,8674,128
2022-08-02,Colusa,011,21464,3697,3676,1203,4879,22
2022-08-02,Contra Costa,013,1133247,241057,236190,19516,255706,1381
2022-08-02,Del Norte,015,27424,7182,7156,377,7533,54
2022-08-02,El Dorado,017,186661,31272,31165,4042,35207,222
2022-08-02,Fresno,019,978130,265056,262758,29385,292143,2806
2022-08-02,Glenn,021,27897,5400,5363,1804,7167,48
2022-08-02,Humboldt,023,135768,20759,20640,4485,25125,153
2022-08-02,Imperial,025,180216,63308,62884,14343,77227,949
2022-08-02,Inyo,027,18085,4415,4398,820,5218,57
2022-08-02,Kern,029,883053,212887,211047,58065,269112,2375
2022-08-02,Kings,031,150075,57319,57065,3901,60966,453
2022-08-02,Lake,033,64148,12242,12172,1099,13271,142
2022-08-02,Lassen,035,31185,9667,9563,962,10525,64
2022-08-02,Los Angeles,037,10098052,3166298,3140955,167315,3308270,32500
2022-08-02,Madera,039,155013,42154,41918,7529,49447,372
2022-08-02,Marin,041,260295,43367,43127,4977,48104,300
2022-08-02,Mariposa,043,17540,2976,2950,317,3267,30
2022-08-02,Mendocino,045,87422,15392,15260,4182,19442,132
2022-08-02,Merced,047,269075,69962,69198,10724,79922,838
2022-08-02,Modoc,049,8938,853,842,311,1153,11
2022-08-02,Mono,051,14174,3168,3157,231,3388,7
2022-08-02,Monterey,053,433212,91112,90456,19353,109809,754
2022-08-02,Napa,055,140530,31079,30935,1351,32286,151
2022-08-02,Nevada,057,99092,18341,18253,1689,19942,132
2022-08-02,Orange,059,3164182,643490,640110,57765,697875,7202
2022-08-02,Placer,061,380077,73243,72834,9133,81967,646
2022-08-02,Plumas,063,18699,3514,3496,427,3923,13
2022-08-02,Riverside,065,2383286,670601,666773,33192,699965,6547
2022-08-02,Sacramento,067,1510023,333486,331584,32206,363790,3162
2022-08-02,San Benito,069,59416,15501,15338,853,16191,100
2022-08-02,San Bernardino,071,2135413,646692,636510,29082,665592,7951
2022-08-02,San Diego,073,3302833,892189,887729,68277,956006,5417
2022-08-02,San Francisco,075,870044,171474,170637,11527,182164,939
2022-08-02,San Joaquin,077,732212,190440,188962,13612,202574,2276
2022-08-02,San Luis Obispo,079,281455,61238,60648,6584,67232,504
2022-08-02,San Mateo,081,765935,161552,160258,10228,170486,725
2022-08-02,Santa Barbara,083,443738,101317,100558,6298,106856,710
2022-08-02,Santa Clara,085,1922200,417209,410394,18079,428473,2383
2022-08-02,Santa Cruz,087,273765,60162,59661,3217,62878,269
2022-08-02,Shasta,089,179085,33798,33630,7009,40639,582
2022-08-02,Sierra,091,2930,296,295,59,354,4
2022-08-02,Siskiyou,093,43540,4954,5021,3189,8210,86
2022-08-02,Solano,095,438530,101182,99608,7442,107050,459
2022-08-02,Sonoma,097,501317,103002,102306,4995,107301,500
2022-08-02,Stanislaus,099,539301,132710,131869,20487,152356,1701
2022-08-02,Sutter,101,95872,23149,23056,2398,25454,228
2022-08-02,Tehama,103,63373,13208,13135,2936,16071,209
2022-08-02,Trinity,105,12862,1354,1342,348,1690,20
2022-08-02,Tulare,107,460477,117587,117288,33326,150614,1516
2022-08-02,Tuolumne,109,53932,14918,14778,876,15654,196
2022-08-02,Ventura,111,848112,200547,199530,14261,213791,1536
2022-08-02,Yolo,113,214977,45822,45757,4098,49855,330
2022-08-02,Yuba,115,75493,18098,18036,1580,19616,124
2022-08-01,Alameda,001,1643700,331939,330158,18654,348812,1941
2022-08-01,Alpine,003,1148,130,130,1,131,0
2022-08-01,Amador,005,37829,9660,9627,857,10484,88
2022-08-01,Butte,007,227075,37853,37567,8478,46045,444
2022-08-01,Calaveras,009,45235,8210,8194,479,8673,128
2022-08-01,Colusa,011,21464,3693,3676,1194,4870,22
2022-08-01,Contra Costa,013,1133247,240663,236190,19460,255650,1381
2022-08-01,Del Norte,015,27424,7177,7156,377,7533,54
2022-08-01,El Dorado,017,186661,31243,31165,4037,35202,222
2022-08-01,Fresno,019,978130,264599,262758,29305,292063,2806
2022-08-01,Glenn,021,27897,5392,5363,1803,7166,48
2022-08-01,Humboldt,023,135768,20728,20640,4467,25107,153
2022-08-01,Imperial,025,180216,63195,62884,14284,77168,949
2022-08-01,Inyo,027,18085,4411,4398,816,5214,57
2022-08-01,Kern,029,883053,212648,211047,57886,268933,2375
2022-08-01,Kings,031,150075,57227,57065,3890,60955,453
2022-08-01,Lake,033,64148,12213,12172,1098,13270,142
2022-08-01,Lassen,035,31185,9647,9563,962,10525,64
2022-08-01,Los Angeles,037,10098052,3161549,3140955,166827,3307782,32500
2022-08-01,Madera,039,155013,42073,41918,7498,49416,372
2022-08-01,Marin,041,260295,43314,43127,4952,48079,300
2022-08-01,Mariposa,043,17540,2972,2950,315,3265,30
2022-08-01,Mendocino,045,87422,15368,15260,4173,19433,132
2022-08-01,Merced,047,269075,69853,69198,10690,79888,838
2022-08-01,Modoc,049,8938,853,842,311,1153,11
2022-08-01,Mono,051,14174,3167,3157,229,3386,7
2022-08-01,Monterey,053,433212,90968,90456,19278,109734,754
2022-08-01,Napa,055,140530,31030,30935,1347,32282,151
2022-08-01,Nevada,057,99092,18329,18253,1684,19937,132
2022-08-01,Orange,059,3164182,642542,640110,57591,697701,7202
2022-08-01,Placer,061,380077,73176,72834,9119,81953,646
2022-08-01,Plumas,063,18699,3510,3496,427,3923,13
2022-08-01,Riverside,065,2383286,669597,666773,33144,699917,6547
2022-08-01,Sacramento,067,1510023,333051,331584,32164,363748,3162
2022-08-01,San Benito,069,59416,15480,15338,853,16191,100
2022-08-01,San Bernardino,071,2135413,645770,636510,29022,665532,7951
2022-08-01,San Diego,073,3302833,890765,887729,68103,955832,5417
2022-08-01,San Francisco,075,870044,171221,170637,11513,182150,939
2022-08-01,San Joaquin,077,732212,190170,188962,13570,202532,2276
2022-08-01,San Luis Obispo,079,281455,61142,60648,6567,67215,504
2022-08-01,San Mateo,081,765935,161260,160258,10215,170473,725
2022-08-01,Santa Barbara,083,443738,101142,100558,6273,106831,710
2022-08-01,Santa Clara,085,1922200,416428,410394,18049,428443,2383
2022-08-01,Santa Cruz,087,273765,60057,59661,3205,62866,269
2022-08-01,Shasta,089,179085,33772,33630,6997,40627,582
2022-08-01,Sierra,091,2930,296,295,59,354,4
2022-08-01,Siskiyou,093,43540,4948,5021,3183,8204,86
2022-08-01,Solano,095,438530,101002,99608,7423,107031,459
2022-08-01,Sonoma,097,501317,102833,102306,4984,107290,500
2022-08-01,Stanislaus,099,539301,132538,131869,20457,152326,1701
2022-08-01,Sutter,101,95872,23094,23056,2397,25453,228
2022-08-01,Tehama,103,63373,13192,13135,2930,16065,209
2022-08-01,Trinity,105,12862,1353,1342,347,1689,20
2022-08-01,Tulare,107,460477,117416,117288,33244,150532,1516
2022-08-01,Tuolumne,109,53932,14899,14778,876,15654,196
2022-08-01,Ventura,111,848112,200295,199530,14212,213742,1536
2022-08-01,Yolo,113,214977,45771,45757,4083,49840,330
2022-08-01,Yuba,115,75493,18074,18036,1576,19612,124
2022-07-31,Alameda,001,1643700,331206,327608,18613,346221,1941
2022-07-31,Alpine,003,1148,130,130,1,131,0
2022-07-31,Amador,005,37829,9647,9609,852,10461,88
2022-07-31,Butte,007,227075,37777,37349,8458,45807,444
2022-07-31,Calaveras,009,45235,8198,8145,476,8621,128
2022-07-31,Colusa,011,21464,3689,3664,1192,4856,22
2022-07-31,Contra Costa,013,1133247,240192,234635,19389,254024,1375
2022-07-31,Del Norte,015,27424,7165,7136,374,7510,54
2022-07-31,El Dorado,017,186661,31216,31007,4028,35035,222
2022-07-31,Fresno,019,978130,264045,260858,29222,290080,2805
2022-07-31,Glenn,021,27897,5389,5350,1801,7151,48
2022-07-31,Humboldt,023,135768,20689,20523,4435,24958,151
2022-07-31,Imperial,025,180216,63090,62471,14204,76675,949
2022-07-31,Inyo,027,18085,4406,4388,811,5199,57
2022-07-31,Kern,029,883053,212338,210190,57633,267823,2375
2022-07-31,Kings,031,150075,57100,56673,3881,60554,454
2022-07-31,Lake,033,64148,12197,12102,1096,13198,142
2022-07-31,Lassen,035,31185,9568,9548,962,10510,64
2022-07-31,Los Angeles,037,10098052,3156291,3122700,166198,3288898,32445
2022-07-31,Madera,039,155013,41984,41641,7464,49105,372
2022-07-31,Marin,041,260295,43242,42840,4939,47779,300
2022-07-31,Mariposa,043,17540,2966,2940,314,3254,30
2022-07-31,Mendocino,045,87422,15348,15172,4164,19336,132
2022-07-31,Merced,047,269075,69728,68853,10644,79497,838
2022-07-31,Modoc,049,8938,849,841,311,1152,11
2022-07-31,Mono,051,14174,3166,3155,226,3381,7
2022-07-31,Monterey,053,433212,90809,89974,19194,109168,754
2022-07-31,Napa,055,140530,30964,30777,1343,32120,150
2022-07-31,Nevada,057,99092,18292,18187,1681,19868,131
2022-07-31,Orange,059,3164182,641519,636403,57387,693790,7194
2022-07-31,Placer,061,380077,73074,72444,9102,81546,647
2022-07-31,Plumas,063,18699,3504,3490,426,3916,13
2022-07-31,Riverside,065,2383286,668513,662929,33059,695988,6543
2022-07-31,Sacramento,067,1510023,332453,329639,32107,361746,3156
2022-07-31,San Benito,069,59416,15447,15256,847,16103,100
2022-07-31,San Bernardino,071,2135413,644621,633131,28919,662050,7941
2022-07-31,San Diego,073,3302833,889158,881822,67954,949776,5409
2022-07-31,San Francisco,075,870044,170825,169564,11473,181037,937
2022-07-31,San Joaquin,077,732212,189812,187937,13480,201417,2276
2022-07-31,San Luis Obispo,079,281455,60994,60370,6532,66902,503
2022-07-31,San Mateo,081,765935,161013,159145,10187,169332,726
2022-07-31,Santa Barbara,083,443738,100915,99946,6226,106172,708
2022-07-31,Santa Clara,085,1922200,415650,407392,18013,425405,2381
2022-07-31,Santa Cruz,087,273765,59890,59227,3189,62416,269
2022-07-31,Shasta,089,179085,33721,33454,6974,40428,581
2022-07-31,Sierra,091,2930,296,293,59,352,4
2022-07-31,Siskiyou,093,43540,4938,4997,3180,8177,86
2022-07-31,Solano,095,438530,100805,99034,7409,106443,457
2022-07-31,Sonoma,097,501317,102681,101747,4955,106702,500
2022-07-31,Stanislaus,099,539301,132303,131081,20409,151490,1696
2022-07-31,Sutter,101,95872,23050,22931,2386,25317,228
2022-07-31,Tehama,103,63373,13184,13079,2921,16000,208
2022-07-31,Trinity,105,12862,1351,1340,346,1686,20
2022-07-31,Tulare,107,460477,117227,116640,33123,149763,1514
2022-07-31,Tuolumne,109,53932,14875,14701,873,15574,196
2022-07-31,Ventura,111,848112,199979,198498,14130,212628,1530
2022-07-31,Yolo,113,214977,45710,45511,4072,49583,327
2022-07-31,Yuba,115,75493,18043,17951,1567,19518,124
2022-07-30,Alameda,001,1643700,330868,327608,18594,346202,1941
2022-07-30,Alpine,003,1148,130,130,1,131,0
2022-07-30,Amador,005,37829,9645,9609,847,10456,88
2022-07-30,Butte,007,227075,37748,37349,8449,45798,444
2022-07-30,Calaveras,009,45235,8188,8145,475,8620,128
2022-07-30,Colusa,011,21464,3684,3664,1192,4856,22
2022-07-30,Contra Costa,013,1133247,239917,234635,19348,253983,1375
2022-07-30,Del Norte,015,27424,7160,7136,372,7508,54
2022-07-30,El Dorado,017,186661,31197,31007,4024,35031,222
2022-07-30,Fresno,019,978130,263839,260858,29179,290037,2805
2022-07-30,Glenn,021,27897,5384,5350,1800,7150,48
2022-07-30,Humboldt,023,135768,20670,20523,4423,24946,151
2022-07-30,Imperial,025,180216,63044,62471,14175,76646,949
2022-07-30,Inyo,027,18085,4405,4388,807,5195,57
2022-07-30,Kern,029,883053,212213,210190,57490,267680,2375
2022-07-30,Kings,031,150075,57067,56673,3881,60554,454
2022-07-30,Lake,033,64148,12187,12102,1095,13197,142
2022-07-30,Lassen,035,31185,9567,9548,960,10508,64
2022-07-30,Los Angeles,037,10098052,3153806,3122700,165794,3288494,32445
2022-07-30,Madera,039,155013,41950,41641,7459,49100,372
2022-07-30,Marin,041,260295,43210,42840,4937,47777,300
2022-07-30,Mariposa,043,17540,2964,2940,313,3253,30
2022-07-30,Mendocino,045,87422,15324,15172,4160,19332,132
2022-07-30,Merced,047,269075,69679,68853,10636,79489,838
2022-07-30,Modoc,049,8938,849,841,311,1152,11
2022-07-30,Mono,051,14174,3166,3155,224,3379,7
2022-07-30,Monterey,053,433212,90717,89974,19149,109123,754
2022-07-30,Napa,055,140530,30936,30777,1340,32117,150
2022-07-30,Nevada,057,99092,18283,18187,1677,19864,131
2022-07-30,Orange,059,3164182,640967,636403,57279,693682,7194
2022-07-30,Placer,061,380077,73035,72444,9089,81533,647
2022-07-30,Plumas,063,18699,3503,3490,426,3916,13
2022-07-30,Riverside,065,2383286,667963,662929,33030,695959,6543
2022-07-30,Sacramento,067,1510023,332210,329639,32097,361736,3156
2022-07-30,San Benito,069,59416,15434,15256,844,16100,100
2022-07-30,San Bernardino,071,2135413,644134,633131,28876,662007,7941
2022-07-30,San Diego,073,3302833,888509,881822,67895,949717,5409
2022-07-30,San Francisco,075,870044,170674,169564,11462,181026,937
2022-07-30,San Joaquin,077,732212,189686,187937,13450,201387,2276
2022-07-30,San Luis Obispo,079,281455,60954,60370,6519,66889,503
2022-07-30,San Mateo,081,765935,160828,159145,10169,169314,726
2022-07-30,Santa Barbara,083,443738,100824,99946,6205,106151,708
2022-07-30,Santa Clara,085,1922200,415162,407392,17993,425385,2381
2022-07-30,Santa Cruz,087,273765,59824,59227,3182,62409,269
2022-07-30,Shasta,089,179085,33701,33454,6973,40427,581
2022-07-30,Sierra,091,2930,296,293,59,352,4
2022-07-30,Siskiyou,093,43540,4938,4997,3178,8175,86
2022-07-30,Solano,095,438530,100747,99034,7396,106430,457
2022-07-30,Sonoma,097,501317,102592,101747,4947,106694,500
2022-07-30,Stanislaus,099,539301,132171,131081,20384,151465,1696
2022-07-30,Sutter,101,95872,23025,22931,2385,25316,228
2022-07-30,Tehama,103,63373,13178,13079,2918,15997,208
2022-07-30,Trinity,105,12862,1351,1340,346,1686,20
2022-07-30,Tulare,107,460477,117136,116640,33058,149698,1514
2022-07-30,Tuolumne,109,53932,14856,14701,873,15574,196
2022-07-30,Ventura,111,848112,199808,198498,14097,212595,1530
2022-07-30,Yolo,113,214977,45683,45511,4069,49580,327
2022-07-30,Yuba,115,75493,18030,17951,1567,19518,124
2022-07-29,Alameda,001,1643700,330503,327608,18565,346173,1941
2022-07-29,Alpine,003,1148,130,130,1,131,0
2022-07-29,Amador,005,37829,9644,9609,846,10455,88
2022-07-29,Butte,007,227075,37717,37349,8432,45781,444
2022-07-29,Calaveras,009,45235,8184,8145,475,8620,128
2022-07-29,Colusa,011,21464,3684,3664,1192,4856,22
2022-07-29,Contra Costa,013,1133247,239689,234635,19324,253959,1375
2022-07-29,Del Norte,015,27424,7155,7136,371,7507,54
2022-07-29,El Dorado,017,186661,31175,31007,4023,35030,222
2022-07-29,Fresno,019,978130,263594,260858,29129,289987,2805
2022-07-29,Glenn,021,27897,5381,5350,1798,7148,48
2022-07-29,Humboldt,023,135768,20644,20523,4413,24936,151
2022-07-29,Imperial,025,180216,62983,62471,14147,76618,949
2022-07-29,Inyo,027,18085,4404,4388,806,5194,57
2022-07-29,Kern,029,883053,212049,210190,57349,267539,2375
2022-07-29,Kings,031,150075,57030,56673,3880,60553,454
2022-07-29,Lake,033,64148,12172,12102,1092,13194,142
2022-07-29,Lassen,035,31185,9565,9548,960,10508,64
2022-07-29,Los Angeles,037,10098052,3150942,3122700,165461,3288161,32445
2022-07-29,Madera,039,155013,41905,41641,7448,49089,372
2022-07-29,Marin,041,260295,43163,42840,4929,47769,300
2022-07-29,Mariposa,043,17540,2963,2940,313,3253,30
2022-07-29,Mendocino,045,87422,15306,15172,4148,19320,132
2022-07-29,Merced,047,269075,69619,68853,10619,79472,838
2022-07-29,Modoc,049,8938,849,841,311,1152,11
2022-07-29,Mono,051,14174,3165,3155,223,3378,7
2022-07-29,Monterey,053,433212,90624,89974,19114,109088,754
2022-07-29,Napa,055,140530,30911,30777,1339,32116,150
2022-07-29,Nevada,057,99092,18272,18187,1675,19862,131
2022-07-29,Orange,059,3164182,640373,636403,57137,693540,7194
2022-07-29,Placer,061,380077,72963,72444,9075,81519,647
2022-07-29,Plumas,063,18699,3502,3490,426,3916,13
2022-07-29,Riverside,065,2383286,667421,662929,32984,695913,6543
2022-07-29,Sacramento,067,1510023,331900,329639,32078,361717,3156
2022-07-29,San Benito,069,59416,15416,15256,843,16099,100
2022-07-29,San Bernardino,071,2135413,643601,633131,28841,661972,7941
2022-07-29,San Diego,073,3302833,887654,881822,67784,949606,5409
2022-07-29,San Francisco,075,870044,170496,169564,11450,181014,937
2022-07-29,San Joaquin,077,732212,189571,187937,13425,201362,2276
2022-07-29,San Luis Obispo,079,281455,60918,60370,6507,66877,503
2022-07-29,San Mateo,081,765935,160652,159145,10160,169305,726
2022-07-29,Santa Barbara,083,443738,100702,99946,6195,106141,708
2022-07-29,Santa Clara,085,1922200,414687,407392,17972,425364,2381
2022-07-29,Santa Cruz,087,273765,59748,59227,3179,62406,269
2022-07-29,Shasta,089,179085,33675,33454,6965,40419,581
2022-07-29,Sierra,091,2930,296,293,58,351,4
2022-07-29,Siskiyou,093,43540,4937,4997,3178,8175,86
2022-07-29,Solano,095,438530,100617,99034,7384,106418,457
2022-07-29,Sonoma,097,501317,102489,101747,4935,106682,500
2022-07-29,Stanislaus,099,539301,132067,131081,20372,151453,1696
2022-07-29,Sutter,101,95872,23005,22931,2385,25316,228
2022-07-29,Tehama,103,63373,13171,13079,2916,15995,208
2022-07-29,Trinity,105,12862,1347,1340,345,1685,20
2022-07-29,Tulare,107,460477,117034,116640,32998,149638,1514
2022-07-29,Tuolumne,109,53932,14843,14701,871,15572,196
2022-07-29,Ventura,111,848112,199658,198498,14058,212556,1530
2022-07-29,Yolo,113,214977,45648,45511,4056,49567,327
2022-07-29,Yuba,115,75493,18009,17951,1565,19516,124
2022-07-28,Alameda,001,1643700,330019,327608,18516,346124,1941
2022-07-28,Alpine,003,1148,130,130,1,131,0
2022-07-28,Amador,005,37829,9637,9609,845,10454,88
2022-07-28,Butte,007,227075,37665,37349,8419,45768,444
2022-07-28,Calaveras,009,45235,8173,8145,474,8619,128
2022-07-28,Colusa,011,21464,3678,3664,1192,4856,22
2022-07-28,Contra Costa,013,1133247,239326,234635,19269,253904,1375
2022-07-28,Del Norte,015,27424,7149,7136,370,7506,54
2022-07-28,El Dorado,017,186661,31140,31007,4018,35025,222
2022-07-28,Fresno,019,978130,263161,260858,29054,289912,2805
2022-07-28,Glenn,021,27897,5379,5350,1794,7144,48
2022-07-28,Humboldt,023,135768,20610,20523,4402,24925,151
2022-07-28,Imperial,025,180216,62884,62471,14083,76554,949
2022-07-28,Inyo,027,18085,4400,4388,804,5192,57
2022-07-28,Kern,029,883053,211800,210190,57176,267366,2375
2022-07-28,Kings,031,150075,56928,56673,3877,60550,454
2022-07-28,Lake,033,64148,12155,12102,1091,13193,142
2022-07-28,Lassen,035,31185,9560,9548,960,10508,64
2022-07-28,Los Angeles,037,10098052,3146617,3122700,164906,3287606,32445
2022-07-28,Madera,039,155013,41848,41641,7439,49080,372
2022-07-28,Marin,041,260295,43115,42840,4924,47764,300
2022-07-28,Mariposa,043,17540,2960,2940,310,3250,30
2022-07-28,Mendocino,045,87422,15285,15172,4137,19309,132
2022-07-28,Merced,047,269075,69538,68853,10578,79431,838
2022-07-28,Modoc,049,8938,846,841,311,1152,11
2022-07-28,Mono,051,14174,3165,3155,222,3377,7
2022-07-28,Monterey,053,433212,90470,89974,19037,109011,754
2022-07-28,Napa,055,140530,30872,30777,1337,32114,150
2022-07-28,Nevada,057,99092,18259,18187,1669,19856,131
2022-07-28,Orange,059,3164182,639420,636403,56985,693388,7194
2022-07-28,Placer,061,380077,72872,72444,9054,81498,647
2022-07-28,Plumas,063,18699,3501,3490,426,3916,13
2022-07-28,Riverside,065,2383286,666617,662929,32931,695860,6543
2022-07-28,Sacramento,067,1510023,331484,329639,32049,361688,3156
2022-07-28,San Benito,069,59416,15387,15256,838,16094,100
2022-07-28,San Bernardino,071,2135413,642758,633131,28795,661926,7941
2022-07-28,San Diego,073,3302833,886304,881822,67650,949472,5409
2022-07-28,San Francisco,075,870044,170263,169564,11420,180984,937
2022-07-28,San Joaquin,077,732212,189317,187937,13377,201314,2276
2022-07-28,San Luis Obispo,079,281455,60833,60370,6485,66855,503
2022-07-28,San Mateo,081,765935,160398,159145,10146,169291,726
2022-07-28,Santa Barbara,083,443738,100565,99946,6162,106108,708
2022-07-28,Santa Clara,085,1922200,414041,407392,17939,425331,2381
2022-07-28,Santa Cruz,087,273765,59630,59227,3167,62394,269
2022-07-28,Shasta,089,179085,33648,33454,6950,40404,581
2022-07-28,Sierra,091,2930,296,293,58,351,4
2022-07-28,Siskiyou,093,43540,4933,4997,3172,8169,86
2022-07-28,Solano,095,438530,100467,99034,7373,106407,457
2022-07-28,Sonoma,097,501317,102365,101747,4909,106656,500
2022-07-28,Stanislaus,099,539301,131918,131081,20331,151412,1696
2022-07-28,Sutter,101,95872,22974,22931,2380,25311,228
2022-07-28,Tehama,103,63373,13153,13079,2907,15986,208
2022-07-28,Trinity,105,12862,1346,1340,344,1684,20
2022-07-28,Tulare,107,460477,116908,116640,32900,149540,1514
2022-07-28,Tuolumne,109,53932,14824,14701,869,15570,196
2022-07-28,Ventura,111,848112,199390,198498,14017,212515,1530
2022-07-28,Yolo,113,214977,45599,45511,4044,49555,327
2022-07-28,Yuba,115,75493,17995,17951,1556,19507,124
2022-07-27,Alameda,001,1643700,329491,325669,18470,344139,1938
2022-07-27,Alpine,003,1148,130,130,1,131,0
2022-07-27,Amador,005,37829,9629,9568,844,10412,87
2022-07-27,Butte,007,227075,37621,37146,8407,45553,441
2022-07-27,Calaveras,009,45235,8163,8105,473,8578,130
2022-07-27,Colusa,011,21464,3669,3649,1192,4841,22
2022-07-27,Contra Costa,013,1133247,238971,233236,19218,252454,1374
2022-07-27,Del Norte,015,27424,7145,7161,370,7531,54
2022-07-27,El Dorado,017,186661,31093,30891,4009,34900,222
2022-07-27,Fresno,019,978130,262748,259483,28975,288458,2801
2022-07-27,Glenn,021,27897,5375,5327,1793,7120,48
2022-07-27,Humboldt,023,135768,20570,20406,4394,24800,150
2022-07-27,Imperial,025,180216,62799,62014,14029,76043,948
2022-07-27,Inyo,027,18085,4396,4381,800,5181,57
2022-07-27,Kern,029,883053,211573,209400,56954,266354,2368
2022-07-27,Kings,031,150075,56853,56417,3869,60286,451
2022-07-27,Lake,033,64148,12139,12025,1089,13114,142
2022-07-27,Lassen,035,31185,9555,9509,959,10468,64
2022-07-27,Los Angeles,037,10098052,3141843,3107063,164389,3271452,32392
2022-07-27,Madera,039,155013,41761,41423,7426,48849,372
2022-07-27,Marin,041,260295,43043,42624,4916,47540,300
2022-07-27,Mariposa,043,17540,2955,2927,310,3237,30
2022-07-27,Mendocino,045,87422,15256,15066,4122,19188,131
2022-07-27,Merced,047,269075,69424,68455,10548,79003,838
2022-07-27,Modoc,049,8938,844,840,311,1151,10
2022-07-27,Mono,051,14174,3163,3148,220,3368,7
2022-07-27,Monterey,053,433212,90339,89520,18963,108483,752
2022-07-27,Napa,055,140530,30829,30647,1336,31983,150
2022-07-27,Nevada,057,99092,18241,18134,1668,19802,132
2022-07-27,Orange,059,3164182,638427,632871,56810,689681,7188
2022-07-27,Placer,061,380077,72791,72194,9033,81227,647
2022-07-27,Plumas,063,18699,3495,3472,426,3898,13
2022-07-27,Riverside,065,2383286,665607,659650,32851,692501,6528
2022-07-27,Sacramento,067,1510023,331028,328249,31995,360244,3146
2022-07-27,San Benito,069,59416,15367,15188,836,16024,100
2022-07-27,San Bernardino,071,2135413,641881,629895,28740,658635,7937
2022-07-27,San Diego,073,3302833,884860,876507,67507,944014,5386
2022-07-27,San Francisco,075,870044,170016,168570,11404,179974,931
2022-07-27,San Joaquin,077,732212,189027,187066,13334,200400,2267
2022-07-27,San Luis Obispo,079,281455,60751,60180,6451,66631,502
2022-07-27,San Mateo,081,765935,160152,158343,10136,168479,724
2022-07-27,Santa Barbara,083,443738,100407,99460,6124,105584,707
2022-07-27,Santa Clara,085,1922200,413351,404896,17916,422812,2380
2022-07-27,Santa Cruz,087,273765,59535,58873,3154,62027,269
2022-07-27,Shasta,089,179085,33615,33314,6940,40254,578
2022-07-27,Sierra,091,2930,295,293,58,351,4
2022-07-27,Siskiyou,093,43540,4927,4975,3169,8144,84
2022-07-27,Solano,095,438530,100303,98579,7362,105941,457
2022-07-27,Sonoma,097,501317,102224,101316,4895,106211,499
2022-07-27,Stanislaus,099,539301,131717,130451,20289,150740,1695
2022-07-27,Sutter,101,95872,22938,22811,2374,25185,228
2022-07-27,Tehama,103,63373,13139,13036,2902,15938,207
2022-07-27,Trinity,105,12862,1345,1337,343,1680,20
2022-07-27,Tulare,107,460477,116746,116167,32827,148994,1514
2022-07-27,Tuolumne,109,53932,14794,14594,866,15460,196
2022-07-27,Ventura,111,848112,199112,197572,13950,211522,1527
2022-07-27,Yolo,113,214977,45554,45359,4027,49386,326
2022-07-27,Yuba,115,75493,17971,17873,1548,19421,124
2022-07-26,Alameda,001,1643700,328855,325669,18428,344097,1938
2022-07-26,Alpine,003,1148,130,130,1,131,0
2022-07-26,Amador,005,37829,9620,9568,840,10408,87
2022-07-26,Butte,007,227075,37561,37146,8390,45536,441
2022-07-26,Calaveras,009,45235,8153,8105,471,8576,130
2022-07-26,Colusa,011,21464,3668,3649,1192,4841,22
2022-07-26,Contra Costa,013,1133247,238538,233236,19161,252397,1374
2022-07-26,Del Norte,015,27424,7132,7161,370,7531,54
2022-07-26,El Dorado,017,186661,31048,30891,4003,34894,222
2022-07-26,Fresno,019,978130,262208,259483,28879,288362,2801
2022-07-26,Glenn,021,27897,5372,5327,1789,7116,48
2022-07-26,Humboldt,023,135768,20538,20406,4380,24786,150
2022-07-26,Imperial,025,180216,62679,62014,13948,75962,948
2022-07-26,Inyo,027,18085,4393,4381,798,5179,57
2022-07-26,Kern,029,883053,211253,209400,56726,266126,2368
2022-07-26,Kings,031,150075,56738,56417,3867,60284,451
2022-07-26,Lake,033,64148,12109,12025,1087,13112,142
2022-07-26,Lassen,035,31185,9552,9509,957,10466,64
2022-07-26,Los Angeles,037,10098052,3136818,3107063,163791,3270854,32392
2022-07-26,Madera,039,155013,41697,41423,7401,48824,372
2022-07-26,Marin,041,260295,42977,42624,4905,47529,300
2022-07-26,Mariposa,043,17540,2953,2927,310,3237,30
2022-07-26,Mendocino,045,87422,15232,15066,4111,19177,131
2022-07-26,Merced,047,269075,69332,68455,10523,78978,838
2022-07-26,Modoc,049,8938,842,840,311,1151,10
2022-07-26,Mono,051,14174,3161,3148,219,3367,7
2022-07-26,Monterey,053,433212,90200,89520,18876,108396,752
2022-07-26,Napa,055,140530,30792,30647,1330,31977,150
2022-07-26,Nevada,057,99092,18218,18134,1665,19799,132
2022-07-26,Orange,059,3164182,637327,632871,56588,689459,7188
2022-07-26,Placer,061,380077,72673,72194,9013,81207,647
2022-07-26,Plumas,063,18699,3492,3472,425,3897,13
2022-07-26,Riverside,065,2383286,664579,659650,32772,692422,6528
2022-07-26,Sacramento,067,1510023,330495,328249,31931,360180,3146
2022-07-26,San Benito,069,59416,15337,15188,834,16022,100
2022-07-26,San Bernardino,071,2135413,640890,629895,28671,658566,7937
2022-07-26,San Diego,073,3302833,883170,876507,67316,943823,5386
2022-07-26,San Francisco,075,870044,169729,168570,11389,179959,931
2022-07-26,San Joaquin,077,732212,188731,187066,13274,200340,2267
2022-07-26,San Luis Obispo,079,281455,60672,60180,6424,66604,502
2022-07-26,San Mateo,081,765935,159868,158343,10125,168468,724
2022-07-26,Santa Barbara,083,443738,100229,99460,6099,105559,707
2022-07-26,Santa Clara,085,1922200,412489,404896,17878,422774,2380
2022-07-26,Santa Cruz,087,273765,59431,58873,3137,62010,269
2022-07-26,Shasta,089,179085,33582,33314,6924,40238,578
2022-07-26,Sierra,091,2930,294,293,58,351,4
2022-07-26,Siskiyou,093,43540,4922,4975,3161,8136,84
2022-07-26,Solano,095,438530,100110,98579,7346,105925,457
2022-07-26,Sonoma,097,501317,102075,101316,4867,106183,499
2022-07-26,Stanislaus,099,539301,131503,130451,20264,150715,1695
2022-07-26,Sutter,101,95872,22908,22811,2373,25184,228
2022-07-26,Tehama,103,63373,13120,13036,2898,15934,207
2022-07-26,Trinity,105,12862,1344,1337,341,1678,20
2022-07-26,Tulare,107,460477,116596,116167,32739,148906,1514
2022-07-26,Tuolumne,109,53932,14775,14594,864,15458,196
2022-07-26,Ventura,111,848112,198801,197572,13891,211463,1527
2022-07-26,Yolo,113,214977,45504,45359,4016,49375,326
2022-07-26,Yuba,115,75493,17953,17873,1547,19420,124
2022-07-25,Alameda,001,1643700,328130,325669,18368,344037,1938
2022-07-25,Alpine,003,1148,130,130,1,131,0
2022-07-25,Amador,005,37829,9607,9568,837,10405,87
2022-07-25,Butte,007,227075,37485,37146,8375,45521,441
2022-07-25,Calaveras,009,45235,8142,8105,470,8575,130
2022-07-25,Colusa,011,21464,3667,3649,1189,4838,22
2022-07-25,Contra Costa,013,1133247,238055,233236,19079,252315,1374
2022-07-25,Del Norte,015,27424,7125,7161,369,7530,54
2022-07-25,El Dorado,017,186661,31009,30891,3989,34880,222
2022-07-25,Fresno,019,978130,261616,259483,28777,288260,2801
2022-07-25,Glenn,021,27897,5364,5327,1786,7113,48
2022-07-25,Humboldt,023,135768,20506,20406,4360,24766,150
2022-07-25,Imperial,025,180216,62560,62014,13860,75874,948
2022-07-25,Inyo,027,18085,4391,4381,792,5173,57
2022-07-25,Kern,029,883053,210962,209400,56493,265893,2368
2022-07-25,Kings,031,150075,56603,56417,3857,60274,451
2022-07-25,Lake,033,64148,12088,12025,1085,13110,142
2022-07-25,Lassen,035,31185,9545,9509,956,10465,64
2022-07-25,Los Angeles,037,10098052,3130970,3107063,163225,3270288,32392
2022-07-25,Madera,039,155013,41610,41423,7375,48798,372
2022-07-25,Marin,041,260295,42903,42624,4898,47522,300
2022-07-25,Mariposa,043,17540,2950,2927,307,3234,30
2022-07-25,Mendocino,045,87422,15193,15066,4098,19164,131
2022-07-25,Merced,047,269075,69219,68455,10492,78947,838
2022-07-25,Modoc,049,8938,837,840,309,1149,10
2022-07-25,Mono,051,14174,3159,3148,218,3366,7
2022-07-25,Monterey,053,433212,90045,89520,18766,108286,752
2022-07-25,Napa,055,140530,30748,30647,1329,31976,150
2022-07-25,Nevada,057,99092,18206,18134,1657,19791,132
2022-07-25,Orange,059,3164182,636079,632871,56382,689253,7188
2022-07-25,Placer,061,380077,72589,72194,9007,81201,647
2022-07-25,Plumas,063,18699,3486,3472,424,3896,13
2022-07-25,Riverside,065,2383286,663490,659650,32692,692342,6528
2022-07-25,Sacramento,067,1510023,329963,328249,31869,360118,3146
2022-07-25,San Benito,069,59416,15303,15188,832,16020,100
2022-07-25,San Bernardino,071,2135413,639724,629895,28613,658508,7937
2022-07-25,San Diego,073,3302833,881387,876507,67123,943630,5386
2022-07-25,San Francisco,075,870044,169414,168570,11374,179944,931
2022-07-25,San Joaquin,077,732212,188438,187066,13198,200264,2267
2022-07-25,San Luis Obispo,079,281455,60568,60180,6391,66571,502
2022-07-25,San Mateo,081,765935,159496,158343,10104,168447,724
2022-07-25,Santa Barbara,083,443738,100035,99460,6074,105534,707
2022-07-25,Santa Clara,085,1922200,411593,404896,17792,422688,2380
2022-07-25,Santa Cruz,087,273765,59310,58873,3124,61997,269
2022-07-25,Shasta,089,179085,33531,33314,6916,40230,578
2022-07-25,Sierra,091,2930,293,293,58,351,4
2022-07-25,Siskiyou,093,43540,4919,4975,3152,8127,84
2022-07-25,Solano,095,438530,99863,98579,7331,105910,457
2022-07-25,Sonoma,097,501317,101916,101316,4849,106165,499
2022-07-25,Stanislaus,099,539301,131305,130451,20234,150685,1695
2022-07-25,Sutter,101,95872,22862,22811,2372,25183,228
2022-07-25,Tehama,103,63373,13103,13036,2890,15926,207
2022-07-25,Trinity,105,12862,1342,1337,341,1678,20
2022-07-25,Tulare,107,460477,116385,116167,32641,148808,1514
2022-07-25,Tuolumne,109,53932,14756,14594,864,15458,196
2022-07-25,Ventura,111,848112,198494,197572,13835,211407,1527
2022-07-25,Yolo,113,214977,45440,45359,4000,49359,326
2022-07-25,Yuba,115,75493,17915,17873,1546,19419,124
2022-07-24,Alameda,001,1643700,327326,323165,18324,341489,1933
2022-07-24,Alpine,003,1148,130,130,1,131,0
2022-07-24,Amador,005,37829,9585,9526,834,10360,87
2022-07-24,Butte,007,227075,37420,36994,8347,45341,440
2022-07-24,Calaveras,009,45235,8125,8064,468,8532,128
2022-07-24,Colusa,011,21464,3661,3639,1189,4828,22
2022-07-24,Contra Costa,013,1133247,237523,231714,18999,250713,1363
2022-07-24,Del Norte,015,27424,7107,7128,365,7493,54
2022-07-24,El Dorado,017,186661,30962,30722,3972,34694,222
2022-07-24,Fresno,019,978130,260962,257571,28676,286247,2792
2022-07-24,Glenn,021,27897,5358,5311,1784,7095,48
2022-07-24,Humboldt,023,135768,20473,20283,4343,24626,150
2022-07-24,Imperial,025,180216,62398,61671,13739,75410,948
2022-07-24,Inyo,027,18085,4387,4366,781,5147,57
2022-07-24,Kern,029,883053,210593,208535,56243,264778,2366
2022-07-24,Kings,031,150075,56478,56103,3844,59947,451
2022-07-24,Lake,033,64148,12062,11957,1082,13039,142
2022-07-24,Lassen,035,31185,9519,9504,953,10457,64
2022-07-24,Los Angeles,037,10098052,3124480,3085376,162537,3247913,32340
2022-07-24,Madera,039,155013,41512,41145,7344,48489,372
2022-07-24,Marin,041,260295,42833,42347,4886,47233,300
2022-07-24,Mariposa,043,17540,2947,2897,306,3203,30
2022-07-24,Mendocino,045,87422,15143,14988,4066,19054,131
2022-07-24,Merced,047,269075,69062,68127,10433,78560,837
2022-07-24,Modoc,049,8938,837,829,308,1137,10
2022-07-24,Mono,051,14174,3158,3141,218,3359,7
2022-07-24,Monterey,053,433212,89868,89067,18666,107733,747
2022-07-24,Napa,055,140530,30694,30495,1328,31823,148
2022-07-24,Nevada,057,99092,18187,18073,1648,19721,131
2022-07-24,Orange,059,3164182,634728,627948,56131,684079,7181
2022-07-24,Placer,061,380077,72465,71870,8994,80864,644
2022-07-24,Plumas,063,18699,3485,3464,424,3888,13
2022-07-24,Riverside,065,2383286,662197,655603,32578,688181,6527
2022-07-24,Sacramento,067,1510023,329284,326216,31798,358014,3136
2022-07-24,San Benito,069,59416,15281,15049,831,15880,100
2022-07-24,San Bernardino,071,2135413,638341,626059,28532,654591,7933
2022-07-24,San Diego,073,3302833,879311,870102,66930,937032,5380
2022-07-24,San Francisco,075,870044,168959,167260,11344,178604,931
2022-07-24,San Joaquin,077,732212,188077,186142,13121,199263,2267
2022-07-24,San Luis Obispo,079,281455,60421,59919,6359,66278,500
2022-07-24,San Mateo,081,765935,159156,157266,10080,167346,724
2022-07-24,Santa Barbara,083,443738,99808,98826,6034,104860,706
2022-07-24,Santa Clara,085,1922200,410630,401495,17751,419246,2381
2022-07-24,Santa Cruz,087,273765,59138,58386,3103,61489,268
2022-07-24,Shasta,089,179085,33467,33185,6901,40086,578
2022-07-24,Sierra,091,2930,293,293,58,351,4
2022-07-24,Siskiyou,093,43540,4915,4938,3137,8075,84
2022-07-24,Solano,095,438530,99647,98016,7316,105332,457
2022-07-24,Sonoma,097,501317,101713,100735,4828,105563,499
2022-07-24,Stanislaus,099,539301,131011,129813,20196,150009,1695
2022-07-24,Sutter,101,95872,22811,22687,2369,25056,228
2022-07-24,Tehama,103,63373,13092,12974,2880,15854,207
2022-07-24,Trinity,105,12862,1341,1330,339,1669,20
2022-07-24,Tulare,107,460477,116200,115548,32537,148085,1513
2022-07-24,Tuolumne,109,53932,14722,14514,863,15377,196
2022-07-24,Ventura,111,848112,198085,196127,13733,209860,1525
2022-07-24,Yolo,113,214977,45365,45141,3988,49129,327
2022-07-24,Yuba,115,75493,17888,17770,1544,19314,124
2022-07-23,Alameda,001,1643700,326911,323165,18308,341473,1933
2022-07-23,Alpine,003,1148,130,130,1,131,0
2022-07-23,Amador,005,37829,9576,9526,834,10360,87
2022-07-23,Butte,007,227075,37373,36994,8340,45334,440
2022-07-23,Calaveras,009,45235,8114,8064,468,8532,128
2022-07-23,Colusa,011,21464,3656,3639,1189,4828,22
2022-07-23,Contra Costa,013,1133247,237225,231714,18969,250683,1363
2022-07-23,Del Norte,015,27424,7104,7128,364,7492,54
2022-07-23,El Dorado,017,186661,30944,30722,3970,34692,222
2022-07-23,Fresno,019,978130,260737,257571,28619,286190,2792
2022-07-23,Glenn,021,27897,5356,5311,1782,7093,48
2022-07-23,Humboldt,023,135768,20446,20283,4330,24613,150
2022-07-23,Imperial,025,180216,62336,61671,13718,75389,948
2022-07-23,Inyo,027,18085,4385,4366,780,5146,57
2022-07-23,Kern,029,883053,210425,208535,56100,264635,2366
2022-07-23,Kings,031,150075,56435,56103,3841,59944,451
2022-07-23,Lake,033,64148,12051,11957,1081,13038,142
2022-07-23,Lassen,035,31185,9517,9504,953,10457,64
2022-07-23,Los Angeles,037,10098052,3121641,3085376,162081,3247457,32340
2022-07-23,Madera,039,155013,41450,41145,7338,48483,372
2022-07-23,Marin,041,260295,42758,42347,4876,47223,300
2022-07-23,Mariposa,043,17540,2944,2897,306,3203,30
2022-07-23,Mendocino,045,87422,15123,14988,4059,19047,131
2022-07-23,Merced,047,269075,68991,68127,10418,78545,837
2022-07-23,Modoc,049,8938,837,829,308,1137,10
2022-07-23,Mono,051,14174,3157,3141,218,3359,7
2022-07-23,Monterey,053,433212,89780,89067,18645,107712,747
2022-07-23,Napa,055,140530,30661,30495,1327,31822,148
2022-07-23,Nevada,057,99092,18175,18073,1646,19719,131
2022-07-23,Orange,059,3164182,634027,627948,55933,683881,7181
2022-07-23,Placer,061,380077,72393,71870,8984,80854,644
2022-07-23,Plumas,063,18699,3484,3464,424,3888,13
2022-07-23,Riverside,065,2383286,661490,655603,32538,688141,6527
2022-07-23,Sacramento,067,1510023,329009,326216,31782,357998,3136
2022-07-23,San Benito,069,59416,15272,15049,822,15871,100
2022-07-23,San Bernardino,071,2135413,637714,626059,28489,654548,7933
2022-07-23,San Diego,073,3302833,878484,870102,66869,936971,5380
2022-07-23,San Francisco,075,870044,168767,167260,11328,178588,931
2022-07-23,San Joaquin,077,732212,187921,186142,13098,199240,2267
2022-07-23,San Luis Obispo,079,281455,60392,59919,6348,66267,500
2022-07-23,San Mateo,081,765935,158981,157266,10066,167332,724
2022-07-23,Santa Barbara,083,443738,99709,98826,6003,104829,706
2022-07-23,Santa Clara,085,1922200,410015,401495,17726,419221,2381
2022-07-23,Santa Cruz,087,273765,59087,58386,3091,61477,268
2022-07-23,Shasta,089,179085,33428,33185,6895,40080,578
2022-07-23,Sierra,091,2930,293,293,58,351,4
2022-07-23,Siskiyou,093,43540,4913,4938,3135,8073,84
2022-07-23,Solano,095,438530,99580,98016,7310,105326,457
2022-07-23,Sonoma,097,501317,101625,100735,4818,105553,499
2022-07-23,Stanislaus,099,539301,130880,129813,20160,149973,1695
2022-07-23,Sutter,101,95872,22790,22687,2369,25056,228
2022-07-23,Tehama,103,63373,13078,12974,2877,15851,207
2022-07-23,Trinity,105,12862,1341,1330,338,1668,20
2022-07-23,Tulare,107,460477,116084,115548,32468,148016,1513
2022-07-23,Tuolumne,109,53932,14699,14514,863,15377,196
2022-07-23,Ventura,111,848112,197901,196127,13698,209825,1525
2022-07-23,Yolo,113,214977,45330,45141,3980,49121,327
2022-07-23,Yuba,115,75493,17875,17770,1540,19310,124
2022-07-22,Alameda,001,1643700,326502,323165,18279,341444,1933
2022-07-22,Alpine,003,1148,130,130,1,131,0
2022-07-22,Amador,005,37829,9570,9526,833,10359,87
2022-07-22,Butte,007,227075,37338,36994,8324,45318,440
2022-07-22,Calaveras,009,45235,8105,8064,468,8532,128
2022-07-22,Colusa,011,21464,3655,3639,1185,4824,22
2022-07-22,Contra Costa,013,1133247,236931,231714,18932,250646,1363
2022-07-22,Del Norte,015,27424,7097,7128,364,7492,54
2022-07-22,El Dorado,017,186661,30915,30722,3965,34687,222
2022-07-22,Fresno,019,978130,260455,257571,28570,286141,2792
2022-07-22,Glenn,021,27897,5352,5311,1781,7092,48
2022-07-22,Humboldt,023,135768,20422,20283,4320,24603,150
2022-07-22,Imperial,025,180216,62245,61671,13686,75357,948
2022-07-22,Inyo,027,18085,4385,4366,773,5139,57
2022-07-22,Kern,029,883053,210224,208535,55948,264483,2366
2022-07-22,Kings,031,150075,56399,56103,3840,59943,451
2022-07-22,Lake,033,64148,12037,11957,1079,13036,142
2022-07-22,Lassen,035,31185,9517,9504,953,10457,64
2022-07-22,Los Angeles,037,10098052,3118108,3085376,161629,3247005,32340
2022-07-22,Madera,039,155013,41407,41145,7327,48472,372
2022-07-22,Marin,041,260295,42703,42347,4868,47215,300
2022-07-22,Mariposa,043,17540,2942,2897,306,3203,30
2022-07-22,Mendocino,045,87422,15099,14988,4051,19039,131
2022-07-22,Merced,047,269075,68921,68127,10406,78533,837
2022-07-22,Modoc,049,8938,837,829,308,1137,10
2022-07-22,Mono,051,14174,3156,3141,217,3358,7
2022-07-22,Monterey,053,433212,89690,89067,18611,107678,747
2022-07-22,Napa,055,140530,30630,30495,1327,31822,148
2022-07-22,Nevada,057,99092,18163,18073,1639,19712,131
2022-07-22,Orange,059,3164182,633254,627948,55774,683722,7181
2022-07-22,Placer,061,380077,72348,71870,8976,80846,644
2022-07-22,Plumas,063,18699,3483,3464,424,3888,13
2022-07-22,Riverside,065,2383286,660746,655603,32474,688077,6527
2022-07-22,Sacramento,067,1510023,328652,326216,31757,357973,3136
2022-07-22,San Benito,069,59416,15262,15049,822,15871,100
2022-07-22,San Bernardino,071,2135413,637092,626059,28444,654503,7933
2022-07-22,San Diego,073,3302833,877405,870102,66731,936833,5380
2022-07-22,San Francisco,075,870044,168574,167260,11299,178559,931
2022-07-22,San Joaquin,077,732212,187760,186142,13066,199208,2267
2022-07-22,San Luis Obispo,079,281455,60337,59919,6336,66255,500
2022-07-22,San Mateo,081,765935,158753,157266,10053,167319,724
2022-07-22,Santa Barbara,083,443738,99607,98826,5997,104823,706
2022-07-22,Santa Clara,085,1922200,409358,401495,17699,419194,2381
2022-07-22,Santa Cruz,087,273765,58981,58386,3083,61469,268
2022-07-22,Shasta,089,179085,33397,33185,6890,40075,578
2022-07-22,Sierra,091,2930,293,293,58,351,4
2022-07-22,Siskiyou,093,43540,4910,4938,3132,8070,84
2022-07-22,Solano,095,438530,99442,98016,7296,105312,457
2022-07-22,Sonoma,097,501317,101519,100735,4800,105535,499
2022-07-22,Stanislaus,099,539301,130750,129813,20135,149948,1695
2022-07-22,Sutter,101,95872,22766,22687,2368,25055,228
2022-07-22,Tehama,103,63373,13069,12974,2875,15849,207
2022-07-22,Trinity,105,12862,1339,1330,337,1667,20
2022-07-22,Tulare,107,460477,115972,115548,32409,147957,1513
2022-07-22,Tuolumne,109,53932,14675,14514,859,15373,196
2022-07-22,Ventura,111,848112,197714,196127,13663,209790,1525
2022-07-22,Yolo,113,214977,45276,45141,3963,49104,327
2022-07-22,Yuba,115,75493,17861,17770,1538,19308,124
2022-07-21,Alameda,001,1643700,325827,323165,18230,341395,1933
2022-07-21,Alpine,003,1148,130,130,1,131,0
2022-07-21,Amador,005,37829,9563,9526,831,10357,87
2022-07-21,Butte,007,227075,37298,36994,8304,45298,440
2022-07-21,Calaveras,009,45235,8090,8064,466,8530,128
2022-07-21,Colusa,011,21464,3651,3639,1183,4822,22
2022-07-21,Contra Costa,013,1133247,236550,231714,18874,250588,1363
2022-07-21,Del Norte,015,27424,7087,7128,364,7492,54
2022-07-21,El Dorado,017,186661,30864,30722,3962,34684,222
2022-07-21,Fresno,019,978130,259982,257571,28489,286060,2792
2022-07-21,Glenn,021,27897,5346,5311,1781,7092,48
2022-07-21,Humboldt,023,135768,20391,20283,4297,24580,150
2022-07-21,Imperial,025,180216,62132,61671,13590,75261,948
2022-07-21,Inyo,027,18085,4381,4366,766,5132,57
2022-07-21,Kern,029,883053,209951,208535,55761,264296,2366
2022-07-21,Kings,031,150075,56326,56103,3827,59930,451
2022-07-21,Lake,033,64148,12024,11957,1076,13033,142
2022-07-21,Lassen,035,31185,9514,9504,953,10457,64
2022-07-21,Los Angeles,037,10098052,3112493,3085376,161015,3246391,32340
2022-07-21,Madera,039,155013,41330,41145,7305,48450,372
2022-07-21,Marin,041,260295,42638,42347,4864,47211,300
2022-07-21,Mariposa,043,17540,2938,2897,305,3202,30
2022-07-21,Mendocino,045,87422,15073,14988,4045,19033,131
2022-07-21,Merced,047,269075,68816,68127,10381,78508,837
2022-07-21,Modoc,049,8938,835,829,308,1137,10
2022-07-21,Mono,051,14174,3152,3141,216,3357,7
2022-07-21,Monterey,053,433212,89566,89067,18536,107603,747
2022-07-21,Napa,055,140530,30586,30495,1327,31822,148
2022-07-21,Nevada,057,99092,18144,18073,1633,19706,131
2022-07-21,Orange,059,3164182,632130,627948,55546,683494,7181
2022-07-21,Placer,061,380077,72240,71870,8953,80823,644
2022-07-21,Plumas,063,18699,3482,3464,424,3888,13
2022-07-21,Riverside,065,2383286,659682,655603,32401,688004,6527
2022-07-21,Sacramento,067,1510023,328138,326216,31716,357932,3136
2022-07-21,San Benito,069,59416,15220,15049,819,15868,100
2022-07-21,San Bernardino,071,2135413,636068,626059,28379,654438,7933
2022-07-21,San Diego,073,3302833,875727,870102,66536,936638,5380
2022-07-21,San Francisco,075,870044,168220,167260,11247,178507,931
2022-07-21,San Joaquin,077,732212,187506,186142,13018,199160,2267
2022-07-21,San Luis Obispo,079,281455,60280,59919,6306,66225,500
2022-07-21,San Mateo,081,765935,158454,157266,10038,167304,724
2022-07-21,Santa Barbara,083,443738,99446,98826,5977,104803,706
2022-07-21,Santa Clara,085,1922200,408548,401495,17661,419156,2381
2022-07-21,Santa Cruz,087,273765,58863,58386,3068,61454,268
2022-07-21,Shasta,089,179085,33347,33185,6876,40061,578
2022-07-21,Sierra,091,2930,293,293,58,351,4
2022-07-21,Siskiyou,093,43540,4904,4938,3126,8064,84
2022-07-21,Solano,095,438530,99295,98016,7288,105304,457
2022-07-21,Sonoma,097,501317,101375,100735,4786,105521,499
2022-07-21,Stanislaus,099,539301,130559,129813,20111,149924,1695
2022-07-21,Sutter,101,95872,22739,22687,2366,25053,228
2022-07-21,Tehama,103,63373,13052,12974,2864,15838,207
2022-07-21,Trinity,105,12862,1335,1330,337,1667,20
2022-07-21,Tulare,107,460477,115820,115548,32328,147876,1513
2022-07-21,Tuolumne,109,53932,14642,14514,856,15370,196
2022-07-21,Ventura,111,848112,197388,196127,13573,209700,1525
2022-07-21,Yolo,113,214977,45215,45141,3950,49091,327
2022-07-21,Yuba,115,75493,17832,17770,1535,19305,124
2022-07-20,Alameda,001,1643700,325147,321347,18189,339536,1915
2022-07-20,Alpine,003,1148,130,130,1,131,0
2022-07-20,Amador,005,37829,9545,9478,829,10307,87
2022-07-20,Butte,007,227075,37249,36820,8284,45104,440
2022-07-20,Calaveras,009,45235,8081,8035,465,8500,126
2022-07-20,Colusa,011,21464,3647,3627,1181,4808,22
2022-07-20,Contra Costa,013,1133247,236151,230356,18825,249181,1362
2022-07-20,Del Norte,015,27424,7078,7081,364,7445,54
2022-07-20,El Dorado,017,186661,30833,30628,3952,34580,221
2022-07-20,Fresno,019,978130,259467,256217,28417,284634,2790
2022-07-20,Glenn,021,27897,5342,5287,1778,7065,48
2022-07-20,Humboldt,023,135768,20352,20149,4279,24428,150
2022-07-20,Imperial,025,180216,61987,61170,13495,74665,944
2022-07-20,Inyo,027,18085,4379,4355,761,5116,56
2022-07-20,Kern,029,883053,209658,207603,55567,263170,2366
2022-07-20,Kings,031,150075,56241,55836,3816,59652,449
2022-07-20,Lake,033,64148,12003,11895,1071,12966,142
2022-07-20,Lassen,035,31185,9505,9455,953,10408,64
2022-07-20,Los Angeles,037,10098052,3106883,3068779,160391,3229170,32292
2022-07-20,Madera,039,155013,41258,40902,7285,48187,372
2022-07-20,Marin,041,260295,42558,42153,4857,47010,300
2022-07-20,Mariposa,043,17540,2923,2884,303,3187,30
2022-07-20,Mendocino,045,87422,15058,14890,4033,18923,131
2022-07-20,Merced,047,269075,68716,67775,10357,78132,833
2022-07-20,Modoc,049,8938,834,799,307,1106,9
2022-07-20,Mono,051,14174,3149,3138,213,3351,7
2022-07-20,Monterey,053,433212,89428,88606,18455,107061,747
2022-07-20,Napa,055,140530,30548,30353,1325,31678,145
2022-07-20,Nevada,057,99092,18118,18020,1627,19647,131
2022-07-20,Orange,059,3164182,630859,624998,55304,680302,7173
2022-07-20,Placer,061,380077,72159,71614,8935,80549,639
2022-07-20,Plumas,063,18699,3476,3433,423,3856,13
2022-07-20,Riverside,065,2383286,658584,652192,32302,684494,6510
2022-07-20,Sacramento,067,1510023,327589,324765,31670,356435,3123
2022-07-20,San Benito,069,59416,15188,14966,816,15782,100
2022-07-20,San Bernardino,071,2135413,635027,622760,28315,651075,7921
2022-07-20,San Diego,073,3302833,873898,864434,66354,930788,5375
2022-07-20,San Francisco,075,870044,167893,166241,11229,177470,929
2022-07-20,San Joaquin,077,732212,187217,185319,12962,198281,2262
2022-07-20,San Luis Obispo,079,281455,60210,59727,6277,66004,499
2022-07-20,San Mateo,081,765935,158166,156191,10013,166204,724
2022-07-20,Santa Barbara,083,443738,99267,98322,5950,104272,703
2022-07-20,Santa Clara,085,1922200,407739,398816,17623,416439,2374
2022-07-20,Santa Cruz,087,273765,58749,58004,3055,61059,267
2022-07-20,Shasta,089,179085,33306,33017,6869,39886,576
2022-07-20,Sierra,091,2930,293,292,58,350,4
2022-07-20,Siskiyou,093,43540,4892,4921,3120,8041,84
2022-07-20,Solano,095,438530,99127,97577,7266,104843,459
2022-07-20,Sonoma,097,501317,101187,100304,4773,105077,499
2022-07-20,Stanislaus,099,539301,130392,129200,20067,149267,1695
2022-07-20,Sutter,101,95872,22704,22592,2363,24955,228
2022-07-20,Tehama,103,63373,13036,12923,2860,15783,205
2022-07-20,Trinity,105,12862,1335,1319,336,1655,20
2022-07-20,Tulare,107,460477,115637,115073,32214,147287,1510
2022-07-20,Tuolumne,109,53932,14616,14389,855,15244,196
2022-07-20,Ventura,111,848112,197069,195189,13500,208689,1522
2022-07-20,Yolo,113,214977,45159,44950,3939,48889,325
2022-07-20,Yuba,115,75493,17808,17661,1534,19195,124
2022-07-19,Alameda,001,1643700,324472,321347,18164,339511,1915
2022-07-19,Alpine,003,1148,130,130,1,131,0
2022-07-19,Amador,005,37829,9533,9478,825,10303,87
2022-07-19,Butte,007,227075,37196,36820,8270,45090,440
2022-07-19,Calaveras,009,45235,8071,8035,465,8500,126
2022-07-19,Colusa,011,21464,3644,3627,1177,4804,22
2022-07-19,Contra Costa,013,1133247,235701,230356,18768,249124,1362
2022-07-19,Del Norte,015,27424,7070,7081,363,7444,54
2022-07-19,El Dorado,017,186661,30789,30628,3943,34571,221
2022-07-19,Fresno,019,978130,258858,256217,28327,284544,2790
2022-07-19,Glenn,021,27897,5335,5287,1777,7064,48
2022-07-19,Humboldt,023,135768,20317,20149,4265,24414,150
2022-07-19,Imperial,025,180216,61853,61170,13405,74575,944
2022-07-19,Inyo,027,18085,4377,4355,759,5114,56
2022-07-19,Kern,029,883053,209379,207603,55372,262975,2366
2022-07-19,Kings,031,150075,56138,55836,3797,59633,449
2022-07-19,Lake,033,64148,11982,11895,1063,12958,142
2022-07-19,Lassen,035,31185,9497,9455,953,10408,64
2022-07-19,Los Angeles,037,10098052,3100704,3068779,159689,3228468,32292
2022-07-19,Madera,039,155013,41179,40902,7262,48164,372
2022-07-19,Marin,041,260295,42495,42153,4844,46997,300
2022-07-19,Mariposa,043,17540,2918,2884,302,3186,30
2022-07-19,Mendocino,045,87422,15026,14890,4022,18912,131
2022-07-19,Merced,047,269075,68611,67775,10325,78100,833
2022-07-19,Modoc,049,8938,833,799,307,1106,9
2022-07-19,Mono,051,14174,3145,3138,213,3351,7
2022-07-19,Monterey,053,433212,89277,88606,18374,106980,747
2022-07-19,Napa,055,140530,30492,30353,1321,31674,145
2022-07-19,Nevada,057,99092,18104,18020,1620,19640,131
2022-07-19,Orange,059,3164182,629576,624998,55054,680052,7173
2022-07-19,Placer,061,380077,72071,71614,8918,80532,639
2022-07-19,Plumas,063,18699,3470,3433,421,3854,13
2022-07-19,Riverside,065,2383286,657276,652192,32208,684400,6510
2022-07-19,Sacramento,067,1510023,326959,324765,31629,356394,3123
2022-07-19,San Benito,069,59416,15144,14966,814,15780,100
2022-07-19,San Bernardino,071,2135413,633910,622760,28242,651002,7921
2022-07-19,San Diego,073,3302833,871805,864434,66107,930541,5375
2022-07-19,San Francisco,075,870044,167543,166241,11210,177451,929
2022-07-19,San Joaquin,077,732212,186936,185319,12899,198218,2262
2022-07-19,San Luis Obispo,079,281455,60126,59727,6239,65966,499
2022-07-19,San Mateo,081,765935,157871,156191,9988,166179,724
2022-07-19,Santa Barbara,083,443738,99056,98322,5928,104250,703
2022-07-19,Santa Clara,085,1922200,406783,398816,17571,416387,2374
2022-07-19,Santa Cruz,087,273765,58627,58004,3040,61044,267
2022-07-19,Shasta,089,179085,33274,33017,6855,39872,576
2022-07-19,Sierra,091,2930,293,292,58,350,4
2022-07-19,Siskiyou,093,43540,4887,4921,3113,8034,84
2022-07-19,Solano,095,438530,98902,97577,7239,104816,459
2022-07-19,Sonoma,097,501317,101030,100304,4745,105049,499
2022-07-19,Stanislaus,099,539301,130149,129200,20035,149235,1695
2022-07-19,Sutter,101,95872,22674,22592,2360,24952,228
2022-07-19,Tehama,103,63373,13022,12923,2853,15776,205
2022-07-19,Trinity,105,12862,1332,1319,335,1654,20
2022-07-19,Tulare,107,460477,115454,115073,32104,147177,1510
2022-07-19,Tuolumne,109,53932,14592,14389,846,15235,196
2022-07-19,Ventura,111,848112,196723,195189,13422,208611,1522
2022-07-19,Yolo,113,214977,45098,44950,3929,48879,325
2022-07-19,Yuba,115,75493,17775,17661,1533,19194,124
2022-07-18,Alameda,001,1643700,323732,321347,18128,339475,1915
2022-07-18,Alpine,003,1148,130,130,1,131,0
2022-07-18,Amador,005,37829,9518,9478,825,10303,87
2022-07-18,Butte,007,227075,37126,36820,8257,45077,440
2022-07-18,Calaveras,009,45235,8060,8035,462,8497,126
2022-07-18,Colusa,011,21464,3641,3627,1171,4798,22
2022-07-18,Contra Costa,013,1133247,235236,230356,18697,249053,1362
2022-07-18,Del Norte,015,27424,7059,7081,361,7442,54
2022-07-18,El Dorado,017,186661,30737,30628,3934,34562,221
2022-07-18,Fresno,019,978130,258265,256217,28246,284463,2790
2022-07-18,Glenn,021,27897,5333,5287,1777,7064,48
2022-07-18,Humboldt,023,135768,20276,20149,4245,24394,150
2022-07-18,Imperial,025,180216,61687,61170,13307,74477,944
2022-07-18,Inyo,027,18085,4373,4355,758,5113,56
2022-07-18,Kern,029,883053,209066,207603,55113,262716,2366
2022-07-18,Kings,031,150075,56031,55836,3789,59625,449
2022-07-18,Lake,033,64148,11960,11895,1057,12952,142
2022-07-18,Lassen,035,31185,9493,9455,952,10407,64
2022-07-18,Los Angeles,037,10098052,3093868,3068779,159020,3227799,32292
2022-07-18,Madera,039,155013,41073,40902,7234,48136,372
2022-07-18,Marin,041,260295,42415,42153,4834,46987,300
2022-07-18,Mariposa,043,17540,2910,2884,301,3185,30
2022-07-18,Mendocino,045,87422,14997,14890,4011,18901,131
2022-07-18,Merced,047,269075,68489,67775,10299,78074,833
2022-07-18,Modoc,049,8938,832,799,307,1106,9
2022-07-18,Mono,051,14174,3144,3138,213,3351,7
2022-07-18,Monterey,053,433212,89113,88606,18294,106900,747
2022-07-18,Napa,055,140530,30452,30353,1318,31671,145
2022-07-18,Nevada,057,99092,18090,18020,1608,19628,131
2022-07-18,Orange,059,3164182,628093,624998,54787,679785,7173
2022-07-18,Placer,061,380077,71985,71614,8902,80516,639
2022-07-18,Plumas,063,18699,3461,3433,420,3853,13
2022-07-18,Riverside,065,2383286,655991,652192,32098,684290,6510
2022-07-18,Sacramento,067,1510023,326338,324765,31572,356337,3123
2022-07-18,San Benito,069,59416,15105,14966,809,15775,100
2022-07-18,San Bernardino,071,2135413,632647,622760,28170,650930,7921
2022-07-18,San Diego,073,3302833,869490,864434,65835,930269,5375
2022-07-18,San Francisco,075,870044,167126,166241,11185,177426,929
2022-07-18,San Joaquin,077,732212,186603,185319,12841,198160,2262
2022-07-18,San Luis Obispo,079,281455,60030,59727,6214,65941,499
2022-07-18,San Mateo,081,765935,157499,156191,9968,166159,724
2022-07-18,Santa Barbara,083,443738,98858,98322,5907,104229,703
2022-07-18,Santa Clara,085,1922200,405797,398816,17519,416335,2374
2022-07-18,Santa Cruz,087,273765,58478,58004,3028,61032,267
2022-07-18,Shasta,089,179085,33225,33017,6839,39856,576
2022-07-18,Sierra,091,2930,293,292,58,350,4
2022-07-18,Siskiyou,093,43540,4883,4921,3106,8027,84
2022-07-18,Solano,095,438530,98667,97577,7218,104795,459
2022-07-18,Sonoma,097,501317,100851,100304,4727,105031,499
2022-07-18,Stanislaus,099,539301,129926,129200,19995,149195,1695
2022-07-18,Sutter,101,95872,22640,22592,2360,24952,228
2022-07-18,Tehama,103,63373,13001,12923,2853,15776,205
2022-07-18,Trinity,105,12862,1330,1319,334,1653,20
2022-07-18,Tulare,107,460477,115264,115073,32015,147088,1510
2022-07-18,Tuolumne,109,53932,14556,14389,844,15233,196
2022-07-18,Ventura,111,848112,196340,195189,13349,208538,1522
2022-07-18,Yolo,113,214977,45029,44950,3918,48868,325
2022-07-18,Yuba,115,75493,17740,17661,1524,19185,124
2022-07-17,Alameda,001,1643700,322832,318442,18071,336513,1911
2022-07-17,Alpine,003,1148,130,130,1,131,0
2022-07-17,Amador,005,37829,9509,9437,821,10258,87
2022-07-17,Butte,007,227075,37065,36644,8235,44879,440
2022-07-17,Calaveras,009,45235,8044,7994,452,8446,126
2022-07-17,Colusa,011,21464,3635,3617,1165,4782,22
2022-07-17,Contra Costa,013,1133247,234673,228634,18623,247257,1356
2022-07-17,Del Norte,015,27424,7032,6860,359,7219,54
2022-07-17,El Dorado,017,186661,30689,30461,3920,34381,219
2022-07-17,Fresno,019,978130,257571,254088,28140,282228,2790
2022-07-17,Glenn,021,27897,5327,5273,1775,7048,48
2022-07-17,Humboldt,023,135768,20220,20016,4228,24244,150
2022-07-17,Imperial,025,180216,61492,60550,13161,73711,944
2022-07-17,Inyo,027,18085,4363,4343,754,5097,56
2022-07-17,Kern,029,883053,208571,206466,54875,261341,2364
2022-07-17,Kings,031,150075,55894,55432,3766,59198,449
2022-07-17,Lake,033,64148,11928,11835,1053,12888,141
2022-07-17,Lassen,035,31185,9467,9425,948,10373,64
2022-07-17,Los Angeles,037,10098052,3086556,3042708,158223,3200931,32248
2022-07-17,Madera,039,155013,40964,40627,7189,47816,372
2022-07-17,Marin,041,260295,42317,41829,4827,46656,300
2022-07-17,Mariposa,043,17540,2903,2866,301,3167,30
2022-07-17,Mendocino,045,87422,14957,14799,3993,18792,131
2022-07-17,Merced,047,269075,68353,67416,10259,77675,833
2022-07-17,Modoc,049,8938,829,799,307,1106,9
2022-07-17,Mono,051,14174,3142,3131,209,3340,7
2022-07-17,Monterey,053,433212,88920,88118,18224,106342,747
2022-07-17,Napa,055,140530,30393,30176,1317,31493,145
2022-07-17,Nevada,057,99092,18063,17941,1600,19541,131
2022-07-17,Orange,059,3164182,626516,620414,54508,674922,7161
2022-07-17,Placer,061,380077,71896,71232,8883,80115,637
2022-07-17,Plumas,063,18699,3446,3406,420,3826,13
2022-07-17,Riverside,065,2383286,654524,647328,31982,679310,6508
2022-07-17,Sacramento,067,1510023,325674,322788,31513,354301,3119
2022-07-17,San Benito,069,59416,15079,14869,803,15672,100
2022-07-17,San Bernardino,071,2135413,631222,618482,28060,646542,7914
2022-07-17,San Diego,073,3302833,867112,857262,65632,922894,5370
2022-07-17,San Francisco,075,870044,166662,164853,11141,175994,928
2022-07-17,San Joaquin,077,732212,186228,184187,12763,196950,2262
2022-07-17,San Luis Obispo,079,281455,59911,59437,6175,65612,499
2022-07-17,San Mateo,081,765935,157131,154961,9946,164907,723
2022-07-17,Santa Barbara,083,443738,98589,97600,5880,103480,702
2022-07-17,Santa Clara,085,1922200,404735,395466,17462,412928,2371
2022-07-17,Santa Cruz,087,273765,58281,57531,3010,60541,267
2022-07-17,Shasta,089,179085,33172,32871,6813,39684,575
2022-07-17,Sierra,091,2930,293,291,58,349,4
2022-07-17,Siskiyou,093,43540,4877,4899,3092,7991,83
2022-07-17,Solano,095,438530,98465,96974,7193,104167,457
2022-07-17,Sonoma,097,501317,100657,99679,4709,104388,499
2022-07-17,Stanislaus,099,539301,129658,128436,19958,148394,1692
2022-07-17,Sutter,101,95872,22587,22452,2357,24809,228
2022-07-17,Tehama,103,63373,12977,12860,2845,15705,205
2022-07-17,Trinity,105,12862,1327,1304,332,1636,20
2022-07-17,Tulare,107,460477,115042,114399,31922,146321,1510
2022-07-17,Tuolumne,109,53932,14523,14280,836,15116,196
2022-07-17,Ventura,111,848112,195881,193965,13232,207197,1519
2022-07-17,Yolo,113,214977,44951,44703,3901,48604,324
2022-07-17,Yuba,115,75493,17700,17567,1514,19081,124
2022-07-16,Alameda,001,1643700,322417,318442,18054,336496,1911
2022-07-16,Alpine,003,1148,130,130,1,131,0
2022-07-16,Amador,005,37829,9501,9437,821,10258,87
2022-07-16,Butte,007,227075,37044,36644,8220,44864,440
2022-07-16,Calaveras,009,45235,8039,7994,446,8440,126
2022-07-16,Colusa,011,21464,3631,3617,1161,4778,22
2022-07-16,Contra Costa,013,1133247,234364,228634,18570,247204,1356
2022-07-16,Del Norte,015,27424,7021,6860,359,7219,54
2022-07-16,El Dorado,017,186661,30668,30461,3918,34379,219
2022-07-16,Fresno,019,978130,257281,254088,28097,282185,2790
2022-07-16,Glenn,021,27897,5322,5273,1772,7045,48
2022-07-16,Humboldt,023,135768,20189,20016,4216,24232,150
2022-07-16,Imperial,025,180216,61407,60550,13117,73667,944
2022-07-16,Inyo,027,18085,4362,4343,753,5096,56
2022-07-16,Kern,029,883053,208399,206466,54707,261173,2364
2022-07-16,Kings,031,150075,55853,55432,3762,59194,449
2022-07-16,Lake,033,64148,11912,11835,1053,12888,141
2022-07-16,Lassen,035,31185,9465,9425,947,10372,64
2022-07-16,Los Angeles,037,10098052,3083083,3042708,157744,3200452,32248
2022-07-16,Madera,039,155013,40921,40627,7176,47803,372
2022-07-16,Marin,041,260295,42281,41829,4820,46649,300
2022-07-16,Mariposa,043,17540,2901,2866,301,3167,30
2022-07-16,Mendocino,045,87422,14949,14799,3990,18789,131
2022-07-16,Merced,047,269075,68264,67416,10248,77664,833
2022-07-16,Modoc,049,8938,829,799,307,1106,9
2022-07-16,Mono,051,14174,3141,3131,208,3339,7
2022-07-16,Monterey,053,433212,88826,88118,18182,106300,747
2022-07-16,Napa,055,140530,30364,30176,1315,31491,145
2022-07-16,Nevada,057,99092,18049,17941,1593,19534,131
2022-07-16,Orange,059,3164182,625790,620414,54349,674763,7161
2022-07-16,Placer,061,380077,71811,71232,8867,80099,637
2022-07-16,Plumas,063,18699,3442,3406,419,3825,13
2022-07-16,Riverside,065,2383286,653735,647328,31931,679259,6508
2022-07-16,Sacramento,067,1510023,325401,322788,31498,354286,3119
2022-07-16,San Benito,069,59416,15062,14869,799,15668,100
2022-07-16,San Bernardino,071,2135413,630477,618482,27998,646480,7914
2022-07-16,San Diego,073,3302833,866201,857262,65547,922809,5370
2022-07-16,San Francisco,075,870044,166478,164853,11125,175978,928
2022-07-16,San Joaquin,077,732212,186069,184187,12733,196920,2262
2022-07-16,San Luis Obispo,079,281455,59883,59437,6155,65592,499
2022-07-16,San Mateo,081,765935,156890,154961,9936,164897,723
2022-07-16,Santa Barbara,083,443738,98473,97600,5860,103460,702
2022-07-16,Santa Clara,085,1922200,404062,395466,17436,412902,2371
2022-07-16,Santa Cruz,087,273765,58209,57531,3005,60536,267
2022-07-16,Shasta,089,179085,33152,32871,6809,39680,575
2022-07-16,Sierra,091,2930,293,291,58,349,4
2022-07-16,Siskiyou,093,43540,4876,4899,3087,7986,83
2022-07-16,Solano,095,438530,98392,96974,7176,104150,457
2022-07-16,Sonoma,097,501317,100570,99679,4698,104377,499
2022-07-16,Stanislaus,099,539301,129527,128436,19924,148360,1692
2022-07-16,Sutter,101,95872,22564,22452,2356,24808,228
2022-07-16,Tehama,103,63373,12968,12860,2840,15700,205
2022-07-16,Trinity,105,12862,1325,1304,332,1636,20
2022-07-16,Tulare,107,460477,114936,114399,31861,146260,1510
2022-07-16,Tuolumne,109,53932,14499,14280,836,15116,196
2022-07-16,Ventura,111,848112,195655,193965,13191,207156,1519
2022-07-16,Yolo,113,214977,44905,44703,3888,48591,324
2022-07-16,Yuba,115,75493,17676,17567,1514,19081,124
2022-07-15,Alameda,001,1643700,321956,318442,18019,336461,1911
2022-07-15,Alpine,003,1148,130,130,1,131,0
2022-07-15,Amador,005,37829,9498,9437,820,10257,87
2022-07-15,Butte,007,227075,37005,36644,8215,44859,440
2022-07-15,Calaveras,009,45235,8033,7994,442,8436,126
2022-07-15,Colusa,011,21464,3629,3617,1159,4776,22
2022-07-15,Contra Costa,013,1133247,234089,228634,18519,247153,1356
2022-07-15,Del Norte,015,27424,7010,6860,356,7216,54
2022-07-15,El Dorado,017,186661,30640,30461,3915,34376,219
2022-07-15,Fresno,019,978130,256886,254088,28031,282119,2790
2022-07-15,Glenn,021,27897,5319,5273,1769,7042,48
2022-07-15,Humboldt,023,135768,20165,20016,4204,24220,150
2022-07-15,Imperial,025,180216,61333,60550,13075,73625,944
2022-07-15,Inyo,027,18085,4357,4343,748,5091,56
2022-07-15,Kern,029,883053,208184,206466,54535,261001,2364
2022-07-15,Kings,031,150075,55790,55432,3755,59187,449
2022-07-15,Lake,033,64148,11900,11835,1050,12885,141
2022-07-15,Lassen,035,31185,9463,9425,945,10370,64
2022-07-15,Los Angeles,037,10098052,3078888,3042708,157226,3199934,32248
2022-07-15,Madera,039,155013,40858,40627,7157,47784,372
2022-07-15,Marin,041,260295,42221,41829,4809,46638,300
2022-07-15,Mariposa,043,17540,2898,2866,300,3166,30
2022-07-15,Mendocino,045,87422,14925,14799,3985,18784,131
2022-07-15,Merced,047,269075,68200,67416,10239,77655,833
2022-07-15,Modoc,049,8938,828,799,307,1106,9
2022-07-15,Mono,051,14174,3139,3131,207,3338,7
2022-07-15,Monterey,053,433212,88712,88118,18155,106273,747
2022-07-15,Napa,055,140530,30332,30176,1314,31490,145
2022-07-15,Nevada,057,99092,18037,17941,1591,19532,131
2022-07-15,Orange,059,3164182,624946,620414,54171,674585,7161
2022-07-15,Placer,061,380077,71738,71232,8840,80072,637
2022-07-15,Plumas,063,18699,3435,3406,417,3823,13
2022-07-15,Riverside,065,2383286,652909,647328,31869,679197,6508
2022-07-15,Sacramento,067,1510023,325031,322788,31477,354265,3119
2022-07-15,San Benito,069,59416,15047,14869,799,15668,100
2022-07-15,San Bernardino,071,2135413,629729,618482,27957,646439,7914
2022-07-15,San Diego,073,3302833,864927,857262,65382,922644,5370
2022-07-15,San Francisco,075,870044,166227,164853,11083,175936,928
2022-07-15,San Joaquin,077,732212,185891,184187,12688,196875,2262
2022-07-15,San Luis Obispo,079,281455,59851,59437,6143,65580,499
2022-07-15,San Mateo,081,765935,156653,154961,9919,164880,723
2022-07-15,Santa Barbara,083,443738,98344,97600,5853,103453,702
2022-07-15,Santa Clara,085,1922200,403375,395466,17407,412873,2371
2022-07-15,Santa Cruz,087,273765,58119,57531,2993,60524,267
2022-07-15,Shasta,089,179085,33129,32871,6802,39673,575
2022-07-15,Sierra,091,2930,293,291,58,349,4
2022-07-15,Siskiyou,093,43540,4876,4899,3085,7984,83
2022-07-15,Solano,095,438530,98243,96974,7164,104138,457
2022-07-15,Sonoma,097,501317,100447,99679,4689,104368,499
2022-07-15,Stanislaus,099,539301,129403,128436,19903,148339,1692
2022-07-15,Sutter,101,95872,22537,22452,2355,24807,228
2022-07-15,Tehama,103,63373,12961,12860,2832,15692,205
2022-07-15,Trinity,105,12862,1321,1304,332,1636,20
2022-07-15,Tulare,107,460477,114785,114399,31776,146175,1510
2022-07-15,Tuolumne,109,53932,14456,14280,833,15113,196
2022-07-15,Ventura,111,848112,195429,193965,13152,207117,1519
2022-07-15,Yolo,113,214977,44859,44703,3877,48580,324
2022-07-15,Yuba,115,75493,17650,17567,1514,19081,124
2022-07-14,Alameda,001,1643700,321193,318442,17958,336400,1911
2022-07-14,Alpine,003,1148,130,130,1,131,0
2022-07-14,Amador,005,37829,9485,9437,814,10251,87
2022-07-14,Butte,007,227075,36965,36644,8209,44853,440
2022-07-14,Calaveras,009,45235,8026,7994,438,8432,126
2022-07-14,Colusa,011,21464,3629,3617,1157,4774,22
2022-07-14,Contra Costa,013,1133247,233646,228634,18432,247066,1356
2022-07-14,Del Norte,015,27424,6989,6860,354,7214,54
2022-07-14,El Dorado,017,186661,30604,30461,3906,34367,219
2022-07-14,Fresno,019,978130,256351,254088,27937,282025,2790
2022-07-14,Glenn,021,27897,5310,5273,1766,7039,48
2022-07-14,Humboldt,023,135768,20125,20016,4189,24205,150
2022-07-14,Imperial,025,180216,61154,60550,12959,73509,944
2022-07-14,Inyo,027,18085,4355,4343,743,5086,56
2022-07-14,Kern,029,883053,207855,206466,54331,260797,2364
2022-07-14,Kings,031,150075,55695,55432,3744,59176,449
2022-07-14,Lake,033,64148,11884,11835,1048,12883,141
2022-07-14,Lassen,035,31185,9458,9425,944,10369,64
2022-07-14,Los Angeles,037,10098052,3072697,3042708,156510,3199218,32248
2022-07-14,Madera,039,155013,40784,40627,7099,47726,372
2022-07-14,Marin,041,260295,42130,41829,4804,46633,300
2022-07-14,Mariposa,043,17540,2892,2866,295,3161,30
2022-07-14,Mendocino,045,87422,14911,14799,3979,18778,131
2022-07-14,Merced,047,269075,68107,67416,10212,77628,833
2022-07-14,Modoc,049,8938,828,799,307,1106,9
2022-07-14,Mono,051,14174,3138,3131,207,3338,7
2022-07-14,Monterey,053,433212,88595,88118,18077,106195,747
2022-07-14,Napa,055,140530,30288,30176,1310,31486,145
2022-07-14,Nevada,057,99092,18012,17941,1582,19523,131
2022-07-14,Orange,059,3164182,623681,620414,53935,674349,7161
2022-07-14,Placer,061,380077,71628,71232,8820,80052,637
2022-07-14,Plumas,063,18699,3426,3406,416,3822,13
2022-07-14,Riverside,065,2383286,651674,647328,31795,679123,6508
2022-07-14,Sacramento,067,1510023,324479,322788,31435,354223,3119
2022-07-14,San Benito,069,59416,15017,14869,795,15664,100
2022-07-14,San Bernardino,071,2135413,628573,618482,27879,646361,7914
2022-07-14,San Diego,073,3302833,863050,857262,65153,922415,5370
2022-07-14,San Francisco,075,870044,165886,164853,11036,175889,928
2022-07-14,San Joaquin,077,732212,185579,184187,12646,196833,2262
2022-07-14,San Luis Obispo,079,281455,59764,59437,6097,65534,499
2022-07-14,San Mateo,081,765935,156363,154961,9897,164858,723
2022-07-14,Santa Barbara,083,443738,98165,97600,5841,103441,702
2022-07-14,Santa Clara,085,1922200,402514,395466,17363,412829,2371
2022-07-14,Santa Cruz,087,273765,58027,57531,2979,60510,267
2022-07-14,Shasta,089,179085,33081,32871,6790,39661,575
2022-07-14,Sierra,091,2930,293,291,58,349,4
2022-07-14,Siskiyou,093,43540,4869,4899,3077,7976,83
2022-07-14,Solano,095,438530,98065,96974,7151,104125,457
2022-07-14,Sonoma,097,501317,100314,99679,4666,104345,499
2022-07-14,Stanislaus,099,539301,129196,128436,19869,148305,1692
2022-07-14,Sutter,101,95872,22511,22452,2354,24806,228
2022-07-14,Tehama,103,63373,12938,12860,2827,15687,205
2022-07-14,Trinity,105,12862,1321,1304,328,1632,20
2022-07-14,Tulare,107,460477,114656,114399,31677,146076,1510
2022-07-14,Tuolumne,109,53932,14416,14280,829,15109,196
2022-07-14,Ventura,111,848112,195080,193965,13078,207043,1519
2022-07-14,Yolo,113,214977,44796,44703,3862,48565,324
2022-07-14,Yuba,115,75493,17618,17567,1505,19072,124
2022-07-13,Alameda,001,1643700,320493,316026,17919,333945,1911
2022-07-13,Alpine,003,1148,130,129,1,130,0
2022-07-13,Amador,005,37829,9474,9388,813,10201,87
2022-07-13,Butte,007,227075,36909,36405,8195,44600,439
2022-07-13,Calaveras,009,45235,8013,7945,437,8382,125
2022-07-13,Colusa,011,21464,3624,3606,1157,4763,22
2022-07-13,Contra Costa,013,1133247,233167,226833,18345,245178,1356
2022-07-13,Del Norte,015,27424,6970,6790,354,7144,54
2022-07-13,El Dorado,017,186661,30555,30273,3900,34173,218
2022-07-13,Fresno,019,978130,255794,252573,27824,280397,2786
2022-07-13,Glenn,021,27897,5306,5256,1765,7021,48
2022-07-13,Humboldt,023,135768,20092,19854,4174,24028,150
2022-07-13,Imperial,025,180216,61000,60011,12876,72887,944
2022-07-13,Inyo,027,18085,4354,4324,738,5062,56
2022-07-13,Kern,029,883053,207444,205428,54090,259518,2359
2022-07-13,Kings,031,150075,55585,55138,3735,58873,449
2022-07-13,Lake,033,64148,11866,11773,1047,12820,140
2022-07-13,Lassen,035,31185,9436,9381,943,10324,64
2022-07-13,Los Angeles,037,10098052,3066022,3024953,155802,3180755,32206
2022-07-13,Madera,039,155013,40717,40378,7071,47449,372
2022-07-13,Marin,041,260295,42063,41616,4796,46412,300
2022-07-13,Mariposa,043,17540,2887,2847,294,3141,30
2022-07-13,Mendocino,045,87422,14891,14713,3962,18675,128
2022-07-13,Merced,047,269075,67973,67028,10181,77209,832
2022-07-13,Modoc,049,8938,827,791,306,1097,9
2022-07-13,Mono,051,14174,3137,3131,203,3334,7
2022-07-13,Monterey,053,433212,88452,87575,18000,105575,745
2022-07-13,Napa,055,140530,30249,30032,1308,31340,145
2022-07-13,Nevada,057,99092,17994,17849,1574,19423,131
2022-07-13,Orange,059,3164182,622302,616278,53685,669963,7147
2022-07-13,Placer,061,380077,71520,70890,8806,79696,637
2022-07-13,Plumas,063,18699,3418,3354,415,3769,13
2022-07-13,Riverside,065,2383286,650465,643472,31698,675170,6504
2022-07-13,Sacramento,067,1510023,323950,321076,31394,352470,3114
2022-07-13,San Benito,069,59416,14990,14774,789,15563,100
2022-07-13,San Bernardino,071,2135413,627387,614957,27782,642739,7907
2022-07-13,San Diego,073,3302833,861143,851596,64921,916517,5363
2022-07-13,San Francisco,075,870044,165481,163635,11008,174643,919
2022-07-13,San Joaquin,077,732212,185251,183283,12602,195885,2260
2022-07-13,San Luis Obispo,079,281455,59658,59134,6049,65183,498
2022-07-13,San Mateo,081,765935,156020,153875,9880,163755,723
2022-07-13,Santa Barbara,083,443738,97986,97053,5828,102881,699
2022-07-13,Santa Clara,085,1922200,401622,392415,17322,409737,2365
2022-07-13,Santa Cruz,087,273765,57891,57124,2972,60096,267
2022-07-13,Shasta,089,179085,33023,32708,6775,39483,574
2022-07-13,Sierra,091,2930,293,289,58,347,4
2022-07-13,Siskiyou,093,43540,4864,4873,3075,7948,82
2022-07-13,Solano,095,438530,97860,96479,7125,103604,455
2022-07-13,Sonoma,097,501317,100156,99173,4649,103822,499
2022-07-13,Stanislaus,099,539301,128998,127845,19811,147656,1689
2022-07-13,Sutter,101,95872,22465,22331,2352,24683,228
2022-07-13,Tehama,103,63373,12925,12793,2824,15617,205
2022-07-13,Trinity,105,12862,1320,1293,326,1619,20
2022-07-13,Tulare,107,460477,114463,113830,31583,145413,1508
2022-07-13,Tuolumne,109,53932,14391,14159,824,14983,194
2022-07-13,Ventura,111,848112,194743,192923,12995,205918,1518
2022-07-13,Yolo,113,214977,44735,44447,3852,48299,326
2022-07-13,Yuba,115,75493,17591,17464,1497,18961,124
2022-07-12,Alameda,001,1643700,319719,316026,17875,333901,1911
2022-07-12,Alpine,003,1148,130,129,1,130,0
2022-07-12,Amador,005,37829,9441,9388,806,10194,87
2022-07-12,Butte,007,227075,36852,36405,8176,44581,439
2022-07-12,Calaveras,009,45235,7998,7945,435,8380,125
2022-07-12,Colusa,011,21464,3622,3606,1154,4760,22
2022-07-12,Contra Costa,013,1133247,232664,226833,18269,245102,1356
2022-07-12,Del Norte,015,27424,6923,6790,351,7141,54
2022-07-12,El Dorado,017,186661,30515,30273,3894,34167,218
2022-07-12,Fresno,019,978130,255247,252573,27733,280306,2786
2022-07-12,Glenn,021,27897,5302,5256,1761,7017,48
2022-07-12,Humboldt,023,135768,20042,19854,4157,24011,150
2022-07-12,Imperial,025,180216,60824,60011,12776,72787,944
2022-07-12,Inyo,027,18085,4346,4324,738,5062,56
2022-07-12,Kern,029,883053,207114,205428,53869,259297,2359
2022-07-12,Kings,031,150075,55474,55138,3725,58863,449
2022-07-12,Lake,033,64148,11854,11773,1042,12815,140
2022-07-12,Lassen,035,31185,9422,9381,937,10318,64
2022-07-12,Los Angeles,037,10098052,3059203,3024953,155102,3180055,32206
2022-07-12,Madera,039,155013,40631,40378,7056,47434,372
2022-07-12,Marin,041,260295,41988,41616,4786,46402,300
2022-07-12,Mariposa,043,17540,2876,2847,294,3141,30
2022-07-12,Mendocino,045,87422,14851,14713,3938,18651,128
2022-07-12,Merced,047,269075,67863,67028,10148,77176,832
2022-07-12,Modoc,049,8938,825,791,303,1094,9
2022-07-12,Mono,051,14174,3134,3131,203,3334,7
2022-07-12,Monterey,053,433212,88299,87575,17912,105487,745
2022-07-12,Napa,055,140530,30195,30032,1305,31337,145
2022-07-12,Nevada,057,99092,17972,17849,1567,19416,131
2022-07-12,Orange,059,3164182,620896,616278,53422,669700,7147
2022-07-12,Placer,061,380077,71410,70890,8791,79681,637
2022-07-12,Plumas,063,18699,3412,3354,414,3768,13
2022-07-12,Riverside,065,2383286,649182,643472,31603,675075,6504
2022-07-12,Sacramento,067,1510023,323351,321076,31353,352429,3114
2022-07-12,San Benito,069,59416,14944,14774,783,15557,100
2022-07-12,San Bernardino,071,2135413,626060,614957,27694,642651,7907
2022-07-12,San Diego,073,3302833,858782,851596,64689,916285,5363
2022-07-12,San Francisco,075,870044,165073,163635,10984,174619,919
2022-07-12,San Joaquin,077,732212,184939,183283,12544,195827,2260
2022-07-12,San Luis Obispo,079,281455,59580,59134,6019,65153,498
2022-07-12,San Mateo,081,765935,155621,153875,9861,163736,723
2022-07-12,Santa Barbara,083,443738,97771,97053,5811,102864,699
2022-07-12,Santa Clara,085,1922200,400658,392415,17279,409694,2365
2022-07-12,Santa Cruz,087,273765,57754,57124,2963,60087,267
2022-07-12,Shasta,089,179085,32960,32708,6756,39464,574
2022-07-12,Sierra,091,2930,292,289,58,347,4
2022-07-12,Siskiyou,093,43540,4855,4873,3073,7946,82
2022-07-12,Solano,095,438530,97644,96479,7100,103579,455
2022-07-12,Sonoma,097,501317,99993,99173,4621,103794,499
2022-07-12,Stanislaus,099,539301,128750,127845,19772,147617,1689
2022-07-12,Sutter,101,95872,22431,22331,2350,24681,228
2022-07-12,Tehama,103,63373,12905,12793,2817,15610,205
2022-07-12,Trinity,105,12862,1312,1293,326,1619,20
2022-07-12,Tulare,107,460477,114270,113830,31483,145313,1508
2022-07-12,Tuolumne,109,53932,14357,14159,820,14979,194
2022-07-12,Ventura,111,848112,194411,192923,12895,205818,1518
2022-07-12,Yolo,113,214977,44665,44447,3844,48291,326
2022-07-12,Yuba,115,75493,17563,17464,1484,18948,124
2022-07-11,Alameda,001,1643700,318805,316026,17816,333842,1911
2022-07-11,Alpine,003,1148,130,129,1,130,0
2022-07-11,Amador,005,37829,9433,9388,800,10188,87
2022-07-11,Butte,007,227075,36792,36405,8157,44562,439
2022-07-11,Calaveras,009,45235,7982,7945,433,8378,125
2022-07-11,Colusa,011,21464,3618,3606,1151,4757,22
2022-07-11,Contra Costa,013,1133247,232186,226833,18209,245042,1356
2022-07-11,Del Norte,015,27424,6892,6790,341,7131,54
2022-07-11,El Dorado,017,186661,30458,30273,3883,34156,218
2022-07-11,Fresno,019,978130,254574,252573,27650,280223,2786
2022-07-11,Glenn,021,27897,5299,5256,1759,7015,48
2022-07-11,Humboldt,023,135768,19983,19854,4138,23992,150
2022-07-11,Imperial,025,180216,60664,60011,12665,72676,944
2022-07-11,Inyo,027,18085,4343,4324,734,5058,56
2022-07-11,Kern,029,883053,206776,205428,53663,259091,2359
2022-07-11,Kings,031,150075,55326,55138,3715,58853,449
2022-07-11,Lake,033,64148,11828,11773,1040,12813,140
2022-07-11,Lassen,035,31185,9416,9381,937,10318,64
2022-07-11,Los Angeles,037,10098052,3052057,3024953,154305,3179258,32206
2022-07-11,Madera,039,155013,40545,40378,7011,47389,372
2022-07-11,Marin,041,260295,41899,41616,4777,46393,300
2022-07-11,Mariposa,043,17540,2868,2847,292,3139,30
2022-07-11,Mendocino,045,87422,14812,14713,3924,18637,128
2022-07-11,Merced,047,269075,67738,67028,10113,77141,832
2022-07-11,Modoc,049,8938,819,791,301,1092,9
2022-07-11,Mono,051,14174,3134,3131,202,3333,7
2022-07-11,Monterey,053,433212,88133,87575,17843,105418,745
2022-07-11,Napa,055,140530,30134,30032,1305,31337,145
2022-07-11,Nevada,057,99092,17955,17849,1565,19414,131
2022-07-11,Orange,059,3164182,619317,616278,53160,669438,7147
2022-07-11,Placer,061,380077,71301,70890,8776,79666,637
2022-07-11,Plumas,063,18699,3401,3354,412,3766,13
2022-07-11,Riverside,065,2383286,647746,643472,31518,674990,6504
2022-07-11,Sacramento,067,1510023,322805,321076,31307,352383,3114
2022-07-11,San Benito,069,59416,14908,14774,779,15553,100
2022-07-11,San Bernardino,071,2135413,624683,614957,27603,642560,7907
2022-07-11,San Diego,073,3302833,856402,851596,64444,916040,5363
2022-07-11,San Francisco,075,870044,164645,163635,10956,174591,919
2022-07-11,San Joaquin,077,732212,184559,183283,12497,195780,2260
2022-07-11,San Luis Obispo,079,281455,59471,59134,5987,65121,498
2022-07-11,San Mateo,081,765935,155219,153875,9826,163701,723
2022-07-11,Santa Barbara,083,443738,97562,97053,5798,102851,699
2022-07-11,Santa Clara,085,1922200,399589,392415,17219,409634,2365
2022-07-11,Santa Cruz,087,273765,57604,57124,2949,60073,267
2022-07-11,Shasta,089,179085,32902,32708,6726,39434,574
2022-07-11,Sierra,091,2930,292,289,58,347,4
2022-07-11,Siskiyou,093,43540,4849,4873,3066,7939,82
2022-07-11,Solano,095,438530,97431,96479,7082,103561,455
2022-07-11,Sonoma,097,501317,99799,99173,4601,103774,499
2022-07-11,Stanislaus,099,539301,128525,127845,19732,147577,1689
2022-07-11,Sutter,101,95872,22389,22331,2343,24674,228
2022-07-11,Tehama,103,63373,12891,12793,2810,15603,205
2022-07-11,Trinity,105,12862,1310,1293,325,1618,20
2022-07-11,Tulare,107,460477,114083,113830,31378,145208,1508
2022-07-11,Tuolumne,109,53932,14317,14159,818,14977,194
2022-07-11,Ventura,111,848112,194015,192923,12807,205730,1518
2022-07-11,Yolo,113,214977,44599,44447,3829,48276,326
2022-07-11,Yuba,115,75493,17527,17464,1481,18945,124
2022-07-10,Alameda,001,1643700,317806,312651,17736,330387,1912
2022-07-10,Alpine,003,1148,130,129,1,130,0
2022-07-10,Amador,005,37829,9423,9335,797,10132,87
2022-07-10,Butte,007,227075,36693,36165,8135,44300,438
2022-07-10,Calaveras,009,45235,7973,7895,432,8327,125
2022-07-10,Colusa,011,21464,3614,3586,1143,4729,22
2022-07-10,Contra Costa,013,1133247,231574,224718,18115,242833,1351
2022-07-10,Del Norte,015,27424,6852,6666,335,7001,54
2022-07-10,El Dorado,017,186661,30374,30070,3875,33945,218
2022-07-10,Fresno,019,978130,253898,250379,27556,277935,2786
2022-07-10,Glenn,021,27897,5294,5231,1755,6986,48
2022-07-10,Humboldt,023,135768,19924,19677,4124,23801,149
2022-07-10,Imperial,025,180216,60440,59558,12524,72082,944
2022-07-10,Inyo,027,18085,4338,4297,728,5025,56
2022-07-10,Kern,029,883053,206261,204128,53410,257538,2359
2022-07-10,Kings,031,150075,55150,54725,3709,58434,449
2022-07-10,Lake,033,64148,11803,11685,1037,12722,140
2022-07-10,Lassen,035,31185,9401,9362,935,10297,64
2022-07-10,Los Angeles,037,10098052,3044748,3002013,153480,3155493,32151
2022-07-10,Madera,039,155013,40437,40081,6977,47058,372
2022-07-10,Marin,041,260295,41802,41271,4768,46039,302
2022-07-10,Mariposa,043,17540,2861,2805,288,3093,30
2022-07-10,Mendocino,045,87422,14782,14610,3907,18517,128
2022-07-10,Merced,047,269075,67581,66616,10056,76672,832
2022-07-10,Modoc,049,8938,818,789,293,1082,9
2022-07-10,Mono,051,14174,3133,3119,200,3319,7
2022-07-10,Monterey,053,433212,87942,87002,17764,104766,745
2022-07-10,Napa,055,140530,30071,29807,1303,31110,145
2022-07-10,Nevada,057,99092,17894,17693,1556,19249,131
2022-07-10,Orange,059,3164182,617618,610975,52837,663812,7132
2022-07-10,Placer,061,380077,71184,70401,8757,79158,632
2022-07-10,Plumas,063,18699,3388,3339,408,3747,13
2022-07-10,Riverside,065,2383286,646153,638193,31388,669581,6506
2022-07-10,Sacramento,067,1510023,322100,318556,31231,349787,3108
2022-07-10,San Benito,069,59416,14872,14628,768,15396,100
2022-07-10,San Bernardino,071,2135413,623222,610086,27522,637608,7893
2022-07-10,San Diego,073,3302833,853909,844085,64173,908258,5357
2022-07-10,San Francisco,075,870044,164097,161931,10882,172813,914
2022-07-10,San Joaquin,077,732212,184182,181958,12436,194394,2257
2022-07-10,San Luis Obispo,079,281455,59350,58636,5948,64584,498
2022-07-10,San Mateo,081,765935,154751,152319,9798,162117,723
2022-07-10,Santa Barbara,083,443738,97329,96266,5772,102038,697
2022-07-10,Santa Clara,085,1922200,398453,388270,17156,405426,2360
2022-07-10,Santa Cruz,087,273765,57414,56455,2932,59387,266
2022-07-10,Shasta,089,179085,32835,32536,6702,39238,576
2022-07-10,Sierra,091,2930,290,291,58,349,4
2022-07-10,Siskiyou,093,43540,4846,4855,3053,7908,82
2022-07-10,Solano,095,438530,97181,95651,7049,102700,455
2022-07-10,Sonoma,097,501317,99596,98430,4569,102999,496
2022-07-10,Stanislaus,099,539301,128285,126897,19685,146582,1686
2022-07-10,Sutter,101,95872,22340,22165,2342,24507,228
2022-07-10,Tehama,103,63373,12864,12716,2797,15513,205
2022-07-10,Trinity,105,12862,1304,1272,323,1595,20
2022-07-10,Tulare,107,460477,113829,113002,31282,144284,1508
2022-07-10,Tuolumne,109,53932,14282,14019,810,14829,194
2022-07-10,Ventura,111,848112,193540,191462,12703,204165,1518
2022-07-10,Yolo,113,214977,44521,44152,3814,47966,323
2022-07-10,Yuba,115,75493,17488,17345,1479,18824,125
2022-07-09,Alameda,001,1643700,317319,312651,17712,330363,1912
2022-07-09,Alpine,003,1148,130,129,1,130,0
2022-07-09,Amador,005,37829,9415,9335,795,10130,87
2022-07-09,Butte,007,227075,36647,36165,8121,44286,438
2022-07-09,Calaveras,009,45235,7958,7895,431,8326,125
2022-07-09,Colusa,011,21464,3613,3586,1142,4728,22
2022-07-09,Contra Costa,013,1133247,231266,224718,18056,242774,1351
2022-07-09,Del Norte,015,27424,6844,6666,335,7001,54
2022-07-09,El Dorado,017,186661,30331,30070,3870,33940,218
2022-07-09,Fresno,019,978130,253636,250379,27516,277895,2786
2022-07-09,Glenn,021,27897,5287,5231,1755,6986,48
2022-07-09,Humboldt,023,135768,19906,19677,4114,23791,149
2022-07-09,Imperial,025,180216,60361,59558,12471,72029,944
2022-07-09,Inyo,027,18085,4333,4297,727,5024,56
2022-07-09,Kern,029,883053,206079,204128,53267,257395,2359
2022-07-09,Kings,031,150075,55111,54725,3707,58432,449
2022-07-09,Lake,033,64148,11795,11685,1036,12721,140
2022-07-09,Lassen,035,31185,9400,9362,935,10297,64
2022-07-09,Los Angeles,037,10098052,3041242,3002013,152986,3154999,32151
2022-07-09,Madera,039,155013,40397,40081,6969,47050,372
2022-07-09,Marin,041,260295,41746,41271,4757,46028,302
2022-07-09,Mariposa,043,17540,2856,2805,288,3093,30
2022-07-09,Mendocino,045,87422,14767,14610,3897,18507,128
2022-07-09,Merced,047,269075,67529,66616,10051,76667,832
2022-07-09,Modoc,049,8938,818,789,289,1078,9
2022-07-09,Mono,051,14174,3132,3119,200,3319,7
2022-07-09,Monterey,053,433212,87845,87002,17714,104716,745
2022-07-09,Napa,055,140530,30039,29807,1300,31107,145
2022-07-09,Nevada,057,99092,17882,17693,1552,19245,131
2022-07-09,Orange,059,3164182,616757,610975,52661,663636,7132
2022-07-09,Placer,061,380077,71095,70401,8749,79150,632
2022-07-09,Plumas,063,18699,3381,3339,406,3745,13
2022-07-09,Riverside,065,2383286,645256,638193,31333,669526,6506
2022-07-09,Sacramento,067,1510023,321797,318556,31212,349768,3108
2022-07-09,San Benito,069,59416,14852,14628,767,15395,100
2022-07-09,San Bernardino,071,2135413,622503,610086,27471,637557,7893
2022-07-09,San Diego,073,3302833,853000,844085,64085,908170,5357
2022-07-09,San Francisco,075,870044,163868,161931,10861,172792,914
2022-07-09,San Joaquin,077,732212,184014,181958,12407,194365,2257
2022-07-09,San Luis Obispo,079,281455,59293,58636,5929,64565,498
2022-07-09,San Mateo,081,765935,154507,152319,9782,162101,723
2022-07-09,Santa Barbara,083,443738,97196,96266,5762,102028,697
2022-07-09,Santa Clara,085,1922200,397717,388270,17127,405397,2360
2022-07-09,Santa Cruz,087,273765,57337,56455,2923,59378,266
2022-07-09,Shasta,089,179085,32813,32536,6692,39228,576
2022-07-09,Sierra,091,2930,290,291,58,349,4
2022-07-09,Siskiyou,093,43540,4843,4855,3051,7906,82
2022-07-09,Solano,095,438530,97096,95651,7034,102685,455
2022-07-09,Sonoma,097,501317,99511,98430,4563,102993,496
2022-07-09,Stanislaus,099,539301,128122,126897,19654,146551,1686
2022-07-09,Sutter,101,95872,22312,22165,2342,24507,228
2022-07-09,Tehama,103,63373,12848,12716,2788,15504,205
2022-07-09,Trinity,105,12862,1304,1272,322,1594,20
2022-07-09,Tulare,107,460477,113719,113002,31224,144226,1508
2022-07-09,Tuolumne,109,53932,14244,14019,808,14827,194
2022-07-09,Ventura,111,848112,193278,191462,12656,204118,1518
2022-07-09,Yolo,113,214977,44471,44152,3800,47952,323
2022-07-09,Yuba,115,75493,17465,17345,1479,18824,125
2022-07-08,Alameda,001,1643700,316796,312651,17669,330320,1912
2022-07-08,Alpine,003,1148,130,129,1,130,0
2022-07-08,Amador,005,37829,9405,9335,793,10128,87
2022-07-08,Butte,007,227075,36616,36165,8107,44272,438
2022-07-08,Calaveras,009,45235,7943,7895,431,8326,125
2022-07-08,Colusa,011,21464,3609,3586,1142,4728,22
2022-07-08,Contra Costa,013,1133247,230915,224718,18006,242724,1351
2022-07-08,Del Norte,015,27424,6833,6666,333,6999,54
2022-07-08,El Dorado,017,186661,30306,30070,3863,33933,218
2022-07-08,Fresno,019,978130,253267,250379,27463,277842,2786
2022-07-08,Glenn,021,27897,5282,5231,1752,6983,48
2022-07-08,Humboldt,023,135768,19893,19677,4103,23780,149
2022-07-08,Imperial,025,180216,60273,59558,12431,71989,944
2022-07-08,Inyo,027,18085,4332,4297,723,5020,56
2022-07-08,Kern,029,883053,205833,204128,53128,257256,2359
2022-07-08,Kings,031,150075,55069,54725,3706,58431,449
2022-07-08,Lake,033,64148,11778,11685,1033,12718,140
2022-07-08,Lassen,035,31185,9394,9362,934,10296,64
2022-07-08,Los Angeles,037,10098052,3036964,3002013,152401,3154414,32151
2022-07-08,Madera,039,155013,40343,40081,6955,47036,372
2022-07-08,Marin,041,260295,41660,41271,4741,46012,302
2022-07-08,Mariposa,043,17540,2853,2805,287,3092,30
2022-07-08,Mendocino,045,87422,14749,14610,3893,18503,128
2022-07-08,Merced,047,269075,67461,66616,10041,76657,832
2022-07-08,Modoc,049,8938,818,789,289,1078,9
2022-07-08,Mono,051,14174,3130,3119,199,3318,7
2022-07-08,Monterey,053,433212,87717,87002,17684,104686,745
2022-07-08,Napa,055,140530,30015,29807,1299,31106,145
2022-07-08,Nevada,057,99092,17874,17693,1550,19243,131
2022-07-08,Orange,059,3164182,615856,610975,52471,663446,7132
2022-07-08,Placer,061,380077,71020,70401,8735,79136,632
2022-07-08,Plumas,063,18699,3376,3339,406,3745,13
2022-07-08,Riverside,065,2383286,644344,638193,31275,669468,6506
2022-07-08,Sacramento,067,1510023,321359,318556,31189,349745,3108
2022-07-08,San Benito,069,59416,14835,14628,764,15392,100
2022-07-08,San Bernardino,071,2135413,621746,610086,27428,637514,7893
2022-07-08,San Diego,073,3302833,851746,844085,63919,908004,5357
2022-07-08,San Francisco,075,870044,163603,161931,10834,172765,914
2022-07-08,San Joaquin,077,732212,183841,181958,12390,194348,2257
2022-07-08,San Luis Obispo,079,281455,59257,58636,5914,64550,498
2022-07-08,San Mateo,081,765935,154211,152319,9768,162087,723
2022-07-08,Santa Barbara,083,443738,97069,96266,5758,102024,697
2022-07-08,Santa Clara,085,1922200,396941,388270,17105,405375,2360
2022-07-08,Santa Cruz,087,273765,57249,56455,2915,59370,266
2022-07-08,Shasta,089,179085,32783,32536,6684,39220,576
2022-07-08,Sierra,091,2930,290,291,58,349,4
2022-07-08,Siskiyou,093,43540,4841,4855,3048,7903,82
2022-07-08,Solano,095,438530,96978,95651,7020,102671,455
2022-07-08,Sonoma,097,501317,99362,98430,4546,102976,496
2022-07-08,Stanislaus,099,539301,127984,126897,19641,146538,1686
2022-07-08,Sutter,101,95872,22287,22165,2341,24506,228
2022-07-08,Tehama,103,63373,12836,12716,2786,15502,205
2022-07-08,Trinity,105,12862,1302,1272,321,1593,20
2022-07-08,Tulare,107,460477,113598,113002,31156,144158,1508
2022-07-08,Tuolumne,109,53932,14213,14019,802,14821,194
2022-07-08,Ventura,111,848112,193039,191462,12617,204079,1518
2022-07-08,Yolo,113,214977,44419,44152,3788,47940,323
2022-07-08,Yuba,115,75493,17449,17345,1478,18823,125
2022-07-07,Alameda,001,1643700,315990,312651,17622,330273,1912
2022-07-07,Alpine,003,1148,129,129,1,130,0
2022-07-07,Amador,005,37829,9389,9335,786,10121,87
2022-07-07,Butte,007,227075,36552,36165,8087,44252,438
2022-07-07,Calaveras,009,45235,7934,7895,426,8321,125
2022-07-07,Colusa,011,21464,3604,3586,1141,4727,22
2022-07-07,Contra Costa,013,1133247,230368,224718,17930,242648,1351
2022-07-07,Del Norte,015,27424,6807,6666,329,6995,54
2022-07-07,El Dorado,017,186661,30255,30070,3852,33922,218
2022-07-07,Fresno,019,978130,252717,250379,27359,277738,2786
2022-07-07,Glenn,021,27897,5276,5231,1750,6981,48
2022-07-07,Humboldt,023,135768,19848,19677,4087,23764,149
2022-07-07,Imperial,025,180216,60098,59558,12321,71879,944
2022-07-07,Inyo,027,18085,4328,4297,715,5012,56
2022-07-07,Kern,029,883053,205533,204128,52915,257043,2359
2022-07-07,Kings,031,150075,54992,54725,3702,58427,449
2022-07-07,Lake,033,64148,11757,11685,1033,12718,140
2022-07-07,Lassen,035,31185,9393,9362,934,10296,64
2022-07-07,Los Angeles,037,10098052,3030624,3002013,151711,3153724,32151
2022-07-07,Madera,039,155013,40263,40081,6939,47020,372
2022-07-07,Marin,041,260295,41582,41271,4730,46001,302
2022-07-07,Mariposa,043,17540,2846,2805,284,3089,30
2022-07-07,Mendocino,045,87422,14732,14610,3888,18498,128
2022-07-07,Merced,047,269075,67347,66616,10008,76624,832
2022-07-07,Modoc,049,8938,813,789,286,1075,9
2022-07-07,Mono,051,14174,3129,3119,197,3316,7
2022-07-07,Monterey,053,433212,87557,87002,17621,104623,745
2022-07-07,Napa,055,140530,29945,29807,1291,31098,145
2022-07-07,Nevada,057,99092,17844,17693,1545,19238,131
2022-07-07,Orange,059,3164182,614467,610975,52258,663233,7132
2022-07-07,Placer,061,380077,70910,70401,8710,79111,632
2022-07-07,Plumas,063,18699,3369,3339,405,3744,13
2022-07-07,Riverside,065,2383286,643021,638193,31212,669405,6506
2022-07-07,Sacramento,067,1510023,320723,318556,31140,349696,3108
2022-07-07,San Benito,069,59416,14805,14628,764,15392,100
2022-07-07,San Bernardino,071,2135413,620445,610086,27364,637450,7893
2022-07-07,San Diego,073,3302833,849831,844085,63688,907773,5357
2022-07-07,San Francisco,075,870044,163221,161931,10781,172712,914
2022-07-07,San Joaquin,077,732212,183505,181958,12339,194297,2257
2022-07-07,San Luis Obispo,079,281455,59178,58636,5882,64518,498
2022-07-07,San Mateo,081,765935,153863,152319,9759,162078,723
2022-07-07,Santa Barbara,083,443738,96875,96266,5743,102009,697
2022-07-07,Santa Clara,085,1922200,395951,388270,17052,405322,2360
2022-07-07,Santa Cruz,087,273765,57093,56455,2901,59356,266
2022-07-07,Shasta,089,179085,32748,32536,6667,39203,576
2022-07-07,Sierra,091,2930,289,291,57,348,4
2022-07-07,Siskiyou,093,43540,4835,4855,3043,7898,82
2022-07-07,Solano,095,438530,96704,95651,7007,102658,455
2022-07-07,Sonoma,097,501317,99225,98430,4527,102957,496
2022-07-07,Stanislaus,099,539301,127784,126897,19604,146501,1686
2022-07-07,Sutter,101,95872,22241,22165,2339,24504,228
2022-07-07,Tehama,103,63373,12819,12716,2777,15493,205
2022-07-07,Trinity,105,12862,1297,1272,320,1592,20
2022-07-07,Tulare,107,460477,113390,113002,31063,144065,1508
2022-07-07,Tuolumne,109,53932,14176,14019,797,14816,194
2022-07-07,Ventura,111,848112,192719,191462,12536,203998,1518
2022-07-07,Yolo,113,214977,44362,44152,3775,47927,323
2022-07-07,Yuba,115,75493,17415,17345,1476,18821,125
2022-07-06,Alameda,001,1643700,315157,310551,17578,328129,1899
2022-07-06,Alpine,003,1148,129,129,1,130,0
2022-07-06,Amador,005,37829,9370,9301,786,10087,87
2022-07-06,Butte,007,227075,36488,36053,8071,44124,436
2022-07-06,Calaveras,009,45235,7925,7873,424,8297,124
2022-07-06,Colusa,011,21464,3601,3579,1140,4719,22
2022-07-06,Contra Costa,013,1133247,229852,223500,17875,241375,1348
2022-07-06,Del Norte,015,27424,6777,6623,327,6950,54
2022-07-06,El Dorado,017,186661,30210,29953,3840,33793,218
2022-07-06,Fresno,019,978130,252158,249480,27276,276756,2786
2022-07-06,Glenn,021,27897,5271,5222,1750,6972,48
2022-07-06,Humboldt,023,135768,19801,19608,4076,23684,149
2022-07-06,Imperial,025,180216,59898,59184,12233,71417,944
2022-07-06,Inyo,027,18085,4322,4282,709,4991,56
2022-07-06,Kern,029,883053,205210,203587,52688,256275,2353
2022-07-06,Kings,031,150075,54875,54560,3697,58257,449
2022-07-06,Lake,033,64148,11738,11659,1033,12692,140
2022-07-06,Lassen,035,31185,9376,9350,934,10284,64
2022-07-06,Los Angeles,037,10098052,3024172,2991161,150990,3142151,32116
2022-07-06,Madera,039,155013,40192,39952,6917,46869,372
2022-07-06,Marin,041,260295,41514,41036,4720,45756,302
2022-07-06,Mariposa,043,17540,2836,2797,284,3081,30
2022-07-06,Mendocino,045,87422,14704,14540,3876,18416,127
2022-07-06,Merced,047,269075,67226,66420,9985,76405,832
2022-07-06,Modoc,049,8938,807,788,284,1072,8
2022-07-06,Mono,051,14174,3128,3109,197,3306,7
2022-07-06,Monterey,053,433212,87399,86639,17555,104194,744
2022-07-06,Napa,055,140530,29885,29690,1289,30979,144
2022-07-06,Nevada,057,99092,17815,17660,1539,19199,131
2022-07-06,Orange,059,3164182,612944,608084,52036,660120,7125
2022-07-06,Placer,061,380077,70796,70113,8689,78802,632
2022-07-06,Plumas,063,18699,3358,3316,404,3720,13
2022-07-06,Riverside,065,2383286,641658,636209,31140,667349,6505
2022-07-06,Sacramento,067,1510023,320034,317315,31095,348410,3104
2022-07-06,San Benito,069,59416,14763,14556,753,15309,100
2022-07-06,San Bernardino,071,2135413,619192,608119,27287,635406,7870
2022-07-06,San Diego,073,3302833,847707,839970,63434,903404,5349
2022-07-06,San Francisco,075,870044,162802,160612,10749,171361,910
2022-07-06,San Joaquin,077,732212,183188,181448,12309,193757,2256
2022-07-06,San Luis Obispo,079,281455,59066,58488,5843,64331,496
2022-07-06,San Mateo,081,765935,153458,151344,9728,161072,723
2022-07-06,Santa Barbara,083,443738,96684,95918,5722,101640,702
2022-07-06,Santa Clara,085,1922200,394849,385553,16983,402536,2358
2022-07-06,Santa Cruz,087,273765,56951,56307,2883,59190,267
2022-07-06,Shasta,089,179085,32694,32444,6644,39088,570
2022-07-06,Sierra,091,2930,289,290,57,347,4
2022-07-06,Siskiyou,093,43540,4830,4841,3037,7878,82
2022-07-06,Solano,095,438530,96452,95181,6982,102163,455
2022-07-06,Sonoma,097,501317,99043,98031,4509,102540,495
2022-07-06,Stanislaus,099,539301,127561,126492,19573,146065,1682
2022-07-06,Sutter,101,95872,22190,22089,2338,24427,228
2022-07-06,Tehama,103,63373,12808,12680,2771,15451,205
2022-07-06,Trinity,105,12862,1289,1263,316,1579,20
2022-07-06,Tulare,107,460477,113177,112684,30970,143654,1500
2022-07-06,Tuolumne,109,53932,14143,13960,785,14745,189
2022-07-06,Ventura,111,848112,192336,190794,12461,203255,1517
2022-07-06,Yolo,113,214977,44279,43171,3755,46926,324
2022-07-06,Yuba,115,75493,17377,17277,1470,18747,124
2022-07-05,Alameda,001,1643700,314170,310551,17522,328073,1899
2022-07-05,Alpine,003,1148,129,129,1,130,0
2022-07-05,Amador,005,37829,9355,9301,782,10083,87
2022-07-05,Butte,007,227075,36405,36053,8050,44103,436
2022-07-05,Calaveras,009,45235,7914,7873,423,8296,124
2022-07-05,Colusa,011,21464,3596,3579,1138,4717,22
2022-07-05,Contra Costa,013,1133247,229220,223500,17799,241299,1348
2022-07-05,Del Norte,015,27424,6751,6623,322,6945,54
2022-07-05,El Dorado,017,186661,30160,29953,3831,33784,218
2022-07-05,Fresno,019,978130,251558,249480,27189,276669,2786
2022-07-05,Glenn,021,27897,5262,5222,1749,6971,48
2022-07-05,Humboldt,023,135768,19763,19608,4065,23673,149
2022-07-05,Imperial,025,180216,59757,59184,12134,71318,944
2022-07-05,Inyo,027,18085,4308,4282,699,4981,56
2022-07-05,Kern,029,883053,204773,203587,52444,256031,2353
2022-07-05,Kings,031,150075,54746,54560,3683,58243,449
2022-07-05,Lake,033,64148,11715,11659,1030,12689,140
2022-07-05,Lassen,035,31185,9365,9350,934,10284,64
2022-07-05,Los Angeles,037,10098052,3017239,2991161,150230,3141391,32116
2022-07-05,Madera,039,155013,40107,39952,6892,46844,372
2022-07-05,Marin,041,260295,41413,41036,4710,45746,302
2022-07-05,Mariposa,043,17540,2826,2797,281,3078,30
2022-07-05,Mendocino,045,87422,14658,14540,3860,18400,127
2022-07-05,Merced,047,269075,67106,66420,9954,76374,832
2022-07-05,Modoc,049,8938,799,788,284,1072,8
2022-07-05,Mono,051,14174,3125,3109,194,3303,7
2022-07-05,Monterey,053,433212,87235,86639,17503,104142,744
2022-07-05,Napa,055,140530,29832,29690,1284,30974,144
2022-07-05,Nevada,057,99092,17776,17660,1529,19189,131
2022-07-05,Orange,059,3164182,611394,608084,51790,659874,7125
2022-07-05,Placer,061,380077,70691,70113,8668,78781,632
2022-07-05,Plumas,063,18699,3348,3316,403,3719,13
2022-07-05,Riverside,065,2383286,640191,636209,31053,667262,6505
2022-07-05,Sacramento,067,1510023,319386,317315,31027,348342,3104
2022-07-05,San Benito,069,59416,14729,14556,746,15302,100
2022-07-05,San Bernardino,071,2135413,617864,608119,27209,635328,7870
2022-07-05,San Diego,073,3302833,845355,839970,63200,903170,5349
2022-07-05,San Francisco,075,870044,162279,160612,10723,171335,910
2022-07-05,San Joaquin,077,732212,182826,181448,12236,193684,2256
2022-07-05,San Luis Obispo,079,281455,58908,58488,5800,64288,496
2022-07-05,San Mateo,081,765935,152974,151344,9705,161049,723
2022-07-05,Santa Barbara,083,443738,96460,95918,5693,101611,702
2022-07-05,Santa Clara,085,1922200,393683,385553,16919,402472,2358
2022-07-05,Santa Cruz,087,273765,56776,56307,2867,59174,267
2022-07-05,Shasta,089,179085,32652,32444,6620,39064,570
2022-07-05,Sierra,091,2930,289,290,57,347,4
2022-07-05,Siskiyou,093,43540,4826,4841,3025,7866,82
2022-07-05,Solano,095,438530,96163,95181,6958,102139,455
2022-07-05,Sonoma,097,501317,98798,98031,4491,102522,495
2022-07-05,Stanislaus,099,539301,127320,126492,19531,146023,1682
2022-07-05,Sutter,101,95872,22148,22089,2336,24425,228
2022-07-05,Tehama,103,63373,12783,12680,2767,15447,205
2022-07-05,Trinity,105,12862,1280,1263,314,1577,20
2022-07-05,Tulare,107,460477,112939,112684,30889,143573,1500
2022-07-05,Tuolumne,109,53932,14109,13960,778,14738,189
2022-07-05,Ventura,111,848112,191936,190794,12398,203192,1517
2022-07-05,Yolo,113,214977,44193,43171,3745,46916,324
2022-07-05,Yuba,115,75493,17348,17277,1469,18746,124
2022-07-04,Alameda,001,1643700,313018,310551,17438,327989,1899
2022-07-04,Alpine,003,1148,129,129,1,130,0
2022-07-04,Amador,005,37829,9342,9301,781,10082,87
2022-07-04,Butte,007,227075,36295,36053,8032,44085,436
2022-07-04,Calaveras,009,45235,7904,7873,423,8296,124
2022-07-04,Colusa,011,21464,3592,3579,1136,4715,22
2022-07-04,Contra Costa,013,1133247,228506,223500,17698,241198,1348
2022-07-04,Del Norte,015,27424,6718,6623,318,6941,54
2022-07-04,El Dorado,017,186661,30075,29953,3813,33766,218
2022-07-04,Fresno,019,978130,250915,249480,27058,276538,2786
2022-07-04,Glenn,021,27897,5254,5222,1743,6965,48
2022-07-04,Humboldt,023,135768,19692,19608,4051,23659,149
2022-07-04,Imperial,025,180216,59550,59184,12014,71198,944
2022-07-04,Inyo,027,18085,4305,4282,689,4971,56
2022-07-04,Kern,029,883053,204324,203587,52154,255741,2353
2022-07-04,Kings,031,150075,54596,54560,3679,58239,449
2022-07-04,Lake,033,64148,11702,11659,1028,12687,140
2022-07-04,Lassen,035,31185,9357,9350,933,10283,64
2022-07-04,Los Angeles,037,10098052,3008753,2991161,149310,3140471,32116
2022-07-04,Madera,039,155013,40013,39952,6866,46818,372
2022-07-04,Marin,041,260295,41296,41036,4699,45735,302
2022-07-04,Mariposa,043,17540,2816,2797,276,3073,30
2022-07-04,Mendocino,045,87422,14623,14540,3814,18354,127
2022-07-04,Merced,047,269075,66977,66420,9906,76326,832
2022-07-04,Modoc,049,8938,791,788,280,1068,8
2022-07-04,Mono,051,14174,3123,3109,192,3301,7
2022-07-04,Monterey,053,433212,87042,86639,17432,104071,744
2022-07-04,Napa,055,140530,29767,29690,1280,30970,144
2022-07-04,Nevada,057,99092,17734,17660,1521,19181,131
2022-07-04,Orange,059,3164182,609599,608084,51485,659569,7125
2022-07-04,Placer,061,380077,70515,70113,8638,78751,632
2022-07-04,Plumas,063,18699,3330,3316,402,3718,13
2022-07-04,Riverside,065,2383286,638548,636209,30958,667167,6505
2022-07-04,Sacramento,067,1510023,318612,317315,30934,348249,3104
2022-07-04,San Benito,069,59416,14673,14556,741,15297,100
2022-07-04,San Bernardino,071,2135413,616260,608119,27134,635253,7870
2022-07-04,San Diego,073,3302833,842723,839970,62865,902835,5349
2022-07-04,San Francisco,075,870044,161658,160612,10662,171274,910
2022-07-04,San Joaquin,077,732212,182425,181448,12170,193618,2256
2022-07-04,San Luis Obispo,079,281455,58719,58488,5729,64217,496
2022-07-04,San Mateo,081,765935,152455,151344,9665,161009,723
2022-07-04,Santa Barbara,083,443738,96236,95918,5670,101588,702
2022-07-04,Santa Clara,085,1922200,392184,385553,16851,402404,2358
2022-07-04,Santa Cruz,087,273765,56578,56307,2845,59152,267
2022-07-04,Shasta,089,179085,32575,32444,6591,39035,570
2022-07-04,Sierra,091,2930,289,290,57,347,4
2022-07-04,Siskiyou,093,43540,4820,4841,3019,7860,82
2022-07-04,Solano,095,438530,95814,95181,6922,102103,455
2022-07-04,Sonoma,097,501317,98502,98031,4464,102495,495
2022-07-04,Stanislaus,099,539301,127030,126492,19479,145971,1682
2022-07-04,Sutter,101,95872,22102,22089,2334,24423,228
2022-07-04,Tehama,103,63373,12757,12680,2753,15433,205
2022-07-04,Trinity,105,12862,1275,1263,312,1575,20
2022-07-04,Tulare,107,460477,112701,112684,30777,143461,1500
2022-07-04,Tuolumne,109,53932,14067,13960,774,14734,189
2022-07-04,Ventura,111,848112,191466,190794,12292,203086,1517
2022-07-04,Yolo,113,214977,44099,43171,3727,46898,324
2022-07-04,Yuba,115,75493,17309,17277,1469,18746,124
2022-07-03,Alameda,001,1643700,312461,307672,17409,325081,1898
2022-07-03,Alpine,003,1148,129,129,1,130,0
2022-07-03,Amador,005,37829,9334,9243,778,10021,87
2022-07-03,Butte,007,227075,36281,35846,8025,43871,436
2022-07-03,Calaveras,009,45235,7888,7836,423,8259,124
2022-07-03,Colusa,011,21464,3590,3566,1134,4700,22
2022-07-03,Contra Costa,013,1133247,228153,221545,17666,239211,1343
2022-07-03,Del Norte,015,27424,6709,6543,317,6860,53
2022-07-03,El Dorado,017,186661,30043,29764,3807,33571,217
2022-07-03,Fresno,019,978130,250664,247952,27022,274974,2783
2022-07-03,Glenn,021,27897,5253,5211,1740,6951,48
2022-07-03,Humboldt,023,135768,19670,19516,4042,23558,149
2022-07-03,Imperial,025,180216,59475,58768,11975,70743,944
2022-07-03,Inyo,027,18085,4301,4261,687,4948,56
2022-07-03,Kern,029,883053,204182,202502,51999,254501,2352
2022-07-03,Kings,031,150075,54571,54262,3677,57939,449
2022-07-03,Lake,033,64148,11691,11595,1028,12623,140
2022-07-03,Lassen,035,31185,9354,9336,932,10268,64
2022-07-03,Los Angeles,037,10098052,3005932,2969395,148931,3118326,32089
2022-07-03,Madera,039,155013,39986,39738,6861,46599,372
2022-07-03,Marin,041,260295,41226,40653,4690,45343,297
2022-07-03,Mariposa,043,17540,2812,2780,275,3055,30
2022-07-03,Mendocino,045,87422,14611,14464,3813,18277,127
2022-07-03,Merced,047,269075,66930,66093,9901,75994,832
2022-07-03,Modoc,049,8938,791,787,280,1067,8
2022-07-03,Mono,051,14174,3122,3099,191,3290,7
2022-07-03,Monterey,053,433212,86930,86212,17378,103590,744
2022-07-03,Napa,055,140530,29747,29486,1277,30763,145
2022-07-03,Nevada,057,99092,17715,17546,1514,19060,131
2022-07-03,Orange,059,3164182,609057,603511,51341,654852,7114
2022-07-03,Placer,061,380077,70429,69606,8624,78230,631
2022-07-03,Plumas,063,18699,3323,3294,402,3696,13
2022-07-03,Riverside,065,2383286,637977,632038,30915,662953,6502
2022-07-03,Sacramento,067,1510023,318343,315165,30914,346079,3100
2022-07-03,San Benito,069,59416,14666,14420,740,15160,100
2022-07-03,San Bernardino,071,2135413,615653,604093,27099,631192,7860
2022-07-03,San Diego,073,3302833,841991,834116,62792,896908,5341
2022-07-03,San Francisco,075,870044,161322,158871,10650,169521,910
2022-07-03,San Joaquin,077,732212,182253,180368,12132,192500,2256
2022-07-03,San Luis Obispo,079,281455,58650,58079,5719,63798,489
2022-07-03,San Mateo,081,765935,152149,149812,9648,159460,723
2022-07-03,Santa Barbara,083,443738,96128,95214,5658,100872,699
2022-07-03,Santa Clara,085,1922200,391456,381630,16817,398447,2355
2022-07-03,Santa Cruz,087,273765,56517,55757,2824,58581,267
2022-07-03,Shasta,089,179085,32540,32280,6581,38861,570
2022-07-03,Sierra,091,2930,288,283,57,340,4
2022-07-03,Siskiyou,093,43540,4817,4808,3017,7825,82
2022-07-03,Solano,095,438530,95736,94437,6916,101353,455
2022-07-03,Sonoma,097,501317,98393,97379,4459,101838,495
2022-07-03,Stanislaus,099,539301,126910,125788,19463,145251,1681
2022-07-03,Sutter,101,95872,22081,21935,2333,24268,228
2022-07-03,Tehama,103,63373,12739,12615,2751,15366,205
2022-07-03,Trinity,105,12862,1274,1256,309,1565,20
2022-07-03,Tulare,107,460477,112603,112118,30739,142857,1500
2022-07-03,Tuolumne,109,53932,14044,13886,771,14657,189
2022-07-03,Ventura,111,848112,191255,189493,12271,201764,1517
2022-07-03,Yolo,113,214977,44056,42760,3717,46477,324
2022-07-03,Yuba,115,75493,17295,17168,1468,18636,124
2022-07-02,Alameda,001,1643700,312082,307672,17381,325053,1898
2022-07-02,Alpine,003,1148,129,129,1,130,0
2022-07-02,Amador,005,37829,9318,9243,777,10020,87
2022-07-02,Butte,007,227075,36256,35846,8012,43858,436
2022-07-02,Calaveras,009,45235,7882,7836,423,8259,124
2022-07-02,Colusa,011,21464,3586,3566,1132,4698,22
2022-07-02,Contra Costa,013,1133247,227808,221545,17614,239159,1343
2022-07-02,Del Norte,015,27424,6699,6543,317,6860,53
2022-07-02,El Dorado,017,186661,30009,29764,3803,33567,217
2022-07-02,Fresno,019,978130,250437,247952,26985,274937,2783
2022-07-02,Glenn,021,27897,5248,5211,1739,6950,48
2022-07-02,Humboldt,023,135768,19644,19516,4038,23554,149
2022-07-02,Imperial,025,180216,59395,58768,11954,70722,944
2022-07-02,Inyo,027,18085,4297,4261,685,4946,56
2022-07-02,Kern,029,883053,204029,202502,51838,254340,2352
2022-07-02,Kings,031,150075,54526,54262,3677,57939,449
2022-07-02,Lake,033,64148,11682,11595,1026,12621,140
2022-07-02,Lassen,035,31185,9353,9336,931,10267,64
2022-07-02,Los Angeles,037,10098052,3003170,2969395,148504,3117899,32089
2022-07-02,Madera,039,155013,39956,39738,6857,46595,372
2022-07-02,Marin,041,260295,41164,40653,4673,45326,297
2022-07-02,Mariposa,043,17540,2808,2780,274,3054,30
2022-07-02,Mendocino,045,87422,14583,14464,3813,18277,127
2022-07-02,Merced,047,269075,66871,66093,9892,75985,832
2022-07-02,Modoc,049,8938,791,787,279,1066,8
2022-07-02,Mono,051,14174,3119,3099,191,3290,7
2022-07-02,Monterey,053,433212,86839,86212,17340,103552,744
2022-07-02,Napa,055,140530,29718,29486,1277,30763,145
2022-07-02,Nevada,057,99092,17700,17546,1508,19054,131
2022-07-02,Orange,059,3164182,608405,603511,51184,654695,7114
2022-07-02,Placer,061,380077,70337,69606,8610,78216,631
2022-07-02,Plumas,063,18699,3314,3294,402,3696,13
2022-07-02,Riverside,065,2383286,637383,632038,30870,662908,6502
2022-07-02,Sacramento,067,1510023,318008,315165,30891,346056,3100
2022-07-02,San Benito,069,59416,14647,14420,731,15151,100
2022-07-02,San Bernardino,071,2135413,615119,604093,27064,631157,7860
2022-07-02,San Diego,073,3302833,841184,834116,62726,896842,5341
2022-07-02,San Francisco,075,870044,161038,158871,10626,169497,910
2022-07-02,San Joaquin,077,732212,182120,180368,12106,192474,2256
2022-07-02,San Luis Obispo,079,281455,58601,58079,5705,63784,489
2022-07-02,San Mateo,081,765935,151892,149812,9628,159440,723
2022-07-02,Santa Barbara,083,443738,96001,95214,5647,100861,699
2022-07-02,Santa Clara,085,1922200,390719,381630,16787,398417,2355
2022-07-02,Santa Cruz,087,273765,56458,55757,2814,58571,267
2022-07-02,Shasta,089,179085,32510,32280,6570,38850,570
2022-07-02,Sierra,091,2930,288,283,57,340,4
2022-07-02,Siskiyou,093,43540,4813,4808,3016,7824,82
2022-07-02,Solano,095,438530,95663,94437,6900,101337,455
2022-07-02,Sonoma,097,501317,98288,97379,4451,101830,495
2022-07-02,Stanislaus,099,539301,126791,125788,19447,145235,1681
2022-07-02,Sutter,101,95872,22062,21935,2333,24268,228
2022-07-02,Tehama,103,63373,12716,12615,2750,15365,205
2022-07-02,Trinity,105,12862,1272,1256,308,1564,20
2022-07-02,Tulare,107,460477,112502,112118,30698,142816,1500
2022-07-02,Tuolumne,109,53932,14031,13886,762,14648,189
2022-07-02,Ventura,111,848112,191083,189493,12246,201739,1517
2022-07-02,Yolo,113,214977,44011,42760,3710,46470,324
2022-07-02,Yuba,115,75493,17283,17168,1468,18636,124
2022-07-01,Alameda,001,1643700,311599,307672,17352,325024,1898
2022-07-01,Alpine,003,1148,129,129,1,130,0
2022-07-01,Amador,005,37829,9313,9243,775,10018,87
2022-07-01,Butte,007,227075,36229,35846,7994,43840,436
2022-07-01,Calaveras,009,45235,7871,7836,423,8259,124
2022-07-01,Colusa,011,21464,3583,3566,1132,4698,22
2022-07-01,Contra Costa,013,1133247,227506,221545,17571,239116,1343
2022-07-01,Del Norte,015,27424,6679,6543,315,6858,53
2022-07-01,El Dorado,017,186661,29984,29764,3795,33559,217
2022-07-01,Fresno,019,978130,250150,247952,26930,274882,2783
2022-07-01,Glenn,021,27897,5248,5211,1739,6950,48
2022-07-01,Humboldt,023,135768,19622,19516,4029,23545,149
2022-07-01,Imperial,025,180216,59319,58768,11927,70695,944
2022-07-01,Inyo,027,18085,4290,4261,679,4940,56
2022-07-01,Kern,029,883053,203823,202502,51701,254203,2352
2022-07-01,Kings,031,150075,54493,54262,3673,57935,449
2022-07-01,Lake,033,64148,11671,11595,1025,12620,140
2022-07-01,Lassen,035,31185,9350,9336,931,10267,64
2022-07-01,Los Angeles,037,10098052,2999684,2969395,147987,3117382,32089
2022-07-01,Madera,039,155013,39913,39738,6843,46581,372
2022-07-01,Marin,041,260295,41091,40653,4660,45313,297
2022-07-01,Mariposa,043,17540,2806,2780,273,3053,30
2022-07-01,Mendocino,045,87422,14563,14464,3809,18273,127
2022-07-01,Merced,047,269075,66786,66093,9888,75981,832
2022-07-01,Modoc,049,8938,791,787,278,1065,8
2022-07-01,Mono,051,14174,3111,3099,190,3289,7
2022-07-01,Monterey,053,433212,86756,86212,17309,103521,744
2022-07-01,Napa,055,140530,29674,29486,1277,30763,145
2022-07-01,Nevada,057,99092,17680,17546,1503,19049,131
2022-07-01,Orange,059,3164182,607690,603511,51023,654534,7114
2022-07-01,Placer,061,380077,70270,69606,8590,78196,631
2022-07-01,Plumas,063,18699,3312,3294,402,3696,13
2022-07-01,Riverside,065,2383286,636667,632038,30817,662855,6502
2022-07-01,Sacramento,067,1510023,317626,315165,30874,346039,3100
2022-07-01,San Benito,069,59416,14629,14420,730,15150,100
2022-07-01,San Bernardino,071,2135413,614479,604093,27030,631123,7860
2022-07-01,San Diego,073,3302833,840151,834116,62585,896701,5341
2022-07-01,San Francisco,075,870044,160763,158871,10587,169458,910
2022-07-01,San Joaquin,077,732212,181976,180368,12073,192441,2256
2022-07-01,San Luis Obispo,079,281455,58572,58079,5693,63772,489
2022-07-01,San Mateo,081,765935,151616,149812,9608,159420,723
2022-07-01,Santa Barbara,083,443738,95885,95214,5638,100852,699
2022-07-01,Santa Clara,085,1922200,390017,381630,16750,398380,2355
2022-07-01,Santa Cruz,087,273765,56392,55757,2801,58558,267
2022-07-01,Shasta,089,179085,32490,32280,6560,38840,570
2022-07-01,Sierra,091,2930,288,283,57,340,4
2022-07-01,Siskiyou,093,43540,4813,4808,3014,7822,82
2022-07-01,Solano,095,438530,95493,94437,6883,101320,455
2022-07-01,Sonoma,097,501317,98167,97379,4432,101811,495
2022-07-01,Stanislaus,099,539301,126662,125788,19421,145209,1681
2022-07-01,Sutter,101,95872,22033,21935,2333,24268,228
2022-07-01,Tehama,103,63373,12707,12615,2748,15363,205
2022-07-01,Trinity,105,12862,1271,1256,308,1564,20
2022-07-01,Tulare,107,460477,112405,112118,30655,142773,1500
2022-07-01,Tuolumne,109,53932,14012,13886,755,14641,189
2022-07-01,Ventura,111,848112,190872,189493,12210,201703,1517
2022-07-01,Yolo,113,214977,43976,42760,3695,46455,324
2022-07-01,Yuba,115,75493,17262,17168,1468,18636,124
2022-06-30,Alameda,001,1643700,310774,307672,17297,324969,1898
2022-06-30,Alpine,003,1148,129,129,1,130,0
2022-06-30,Amador,005,37829,9303,9243,772,10015,87
2022-06-30,Butte,007,227075,36179,35846,7977,43823,436
2022-06-30,Calaveras,009,45235,7860,7836,422,8258,124
2022-06-30,Colusa,011,21464,3579,3566,1130,4696,22
2022-06-30,Contra Costa,013,1133247,226956,221545,17500,239045,1343
2022-06-30,Del Norte,015,27424,6662,6543,312,6855,53
2022-06-30,El Dorado,017,186661,29939,29764,3785,33549,217
2022-06-30,Fresno,019,978130,249751,247952,26882,274834,2783
2022-06-30,Glenn,021,27897,5245,5211,1739,6950,48
2022-06-30,Humboldt,023,135768,19585,19516,4023,23539,149
2022-06-30,Imperial,025,180216,59205,58768,11895,70663,944
2022-06-30,Inyo,027,18085,4284,4261,679,4940,56
2022-06-30,Kern,029,883053,203505,202502,51511,254013,2352
2022-06-30,Kings,031,150075,54417,54262,3670,57932,449
2022-06-30,Lake,033,64148,11652,11595,1022,12617,140
2022-06-30,Lassen,035,31185,9347,9336,930,10266,64
2022-06-30,Los Angeles,037,10098052,2994280,2969395,147386,3116781,32089
2022-06-30,Madera,039,155013,39847,39738,6816,46554,372
2022-06-30,Marin,041,260295,41007,40653,4653,45306,297
2022-06-30,Mariposa,043,17540,2799,2780,271,3051,30
2022-06-30,Mendocino,045,87422,14546,14464,3803,18267,127
2022-06-30,Merced,047,269075,66687,66093,9871,75964,832
2022-06-30,Modoc,049,8938,790,787,277,1064,8
2022-06-30,Mono,051,14174,3109,3099,189,3288,7
2022-06-30,Monterey,053,433212,86607,86212,17246,103458,744
2022-06-30,Napa,055,140530,29616,29486,1271,30757,145
2022-06-30,Nevada,057,99092,17652,17546,1496,19042,131
2022-06-30,Orange,059,3164182,606524,603511,50821,654332,7114
2022-06-30,Placer,061,380077,70120,69606,8562,78168,631
2022-06-30,Plumas,063,18699,3307,3294,401,3695,13
2022-06-30,Riverside,065,2383286,635568,632038,30747,662785,6502
2022-06-30,Sacramento,067,1510023,317034,315165,30834,345999,3100
2022-06-30,San Benito,069,59416,14593,14420,727,15147,100
2022-06-30,San Bernardino,071,2135413,613432,604093,26988,631081,7860
2022-06-30,San Diego,073,3302833,838631,834116,62373,896489,5341
2022-06-30,San Francisco,075,870044,160339,158871,10557,169428,910
2022-06-30,San Joaquin,077,732212,181696,180368,12042,192410,2256
2022-06-30,San Luis Obispo,079,281455,58472,58079,5665,63744,489
2022-06-30,San Mateo,081,765935,151197,149812,9574,159386,723
2022-06-30,Santa Barbara,083,443738,95687,95214,5626,100840,699
2022-06-30,Santa Clara,085,1922200,388917,381630,16704,398334,2355
2022-06-30,Santa Cruz,087,273765,56273,55757,2787,58544,267
2022-06-30,Shasta,089,179085,32450,32280,6541,38821,570
2022-06-30,Sierra,091,2930,288,283,57,340,4
2022-06-30,Siskiyou,093,43540,4808,4808,3007,7815,82
2022-06-30,Solano,095,438530,95291,94437,6852,101289,455
2022-06-30,Sonoma,097,501317,98003,97379,4411,101790,495
2022-06-30,Stanislaus,099,539301,126467,125788,19390,145178,1681
2022-06-30,Sutter,101,95872,22000,21935,2331,24266,228
2022-06-30,Tehama,103,63373,12686,12615,2745,15360,205
2022-06-30,Trinity,105,12862,1265,1256,306,1562,20
2022-06-30,Tulare,107,460477,112257,112118,30580,142698,1500
2022-06-30,Tuolumne,109,53932,13993,13886,749,14635,189
2022-06-30,Ventura,111,848112,190528,189493,12135,201628,1517
2022-06-30,Yolo,113,214977,43904,42760,3677,46437,324
2022-06-30,Yuba,115,75493,17234,17168,1462,18630,124
2022-06-29,Alameda,001,1643700,309976,305288,17256,322544,1895
2022-06-29,Alpine,003,1148,129,129,1,130,0
2022-06-29,Amador,005,37829,9296,9205,772,9977,87
2022-06-29,Butte,007,227075,36132,35651,7961,43612,434
2022-06-29,Calaveras,009,45235,7848,7798,419,8217,124
2022-06-29,Colusa,011,21464,3576,3548,1128,4676,22
2022-06-29,Contra Costa,013,1133247,226473,219921,17446,237367,1339
2022-06-29,Del Norte,015,27424,6637,6484,308,6792,53
2022-06-29,El Dorado,017,186661,29881,29549,3769,33318,216
2022-06-29,Fresno,019,978130,249358,246740,26816,273556,2777
2022-06-29,Glenn,021,27897,5244,5192,1737,6929,48
2022-06-29,Humboldt,023,135768,19559,19411,4013,23424,149
2022-06-29,Imperial,025,180216,59086,58498,11848,70346,944
2022-06-29,Inyo,027,18085,4280,4243,674,4917,56
2022-06-29,Kern,029,883053,203220,201537,51328,252865,2343
2022-06-29,Kings,031,150075,54327,54031,3668,57699,448
2022-06-29,Lake,033,64148,11625,11548,1018,12566,140
2022-06-29,Lassen,035,31185,9342,9310,930,10240,64
2022-06-29,Los Angeles,037,10098052,2988634,2955489,146791,3102280,32062
2022-06-29,Madera,039,155013,39796,39554,6807,46361,372
2022-06-29,Marin,041,260295,40903,40397,4647,45044,297
2022-06-29,Mariposa,043,17540,2797,2753,271,3024,30
2022-06-29,Mendocino,045,87422,14517,14383,3787,18170,127
2022-06-29,Merced,047,269075,66593,65733,9859,75592,830
2022-06-29,Modoc,049,8938,788,780,276,1056,8
2022-06-29,Mono,051,14174,3109,3081,187,3268,7
2022-06-29,Monterey,053,433212,86475,85711,17196,102907,743
2022-06-29,Napa,055,140530,29564,29285,1267,30552,144
2022-06-29,Nevada,057,99092,17618,17439,1492,18931,129
2022-06-29,Orange,059,3164182,605361,599951,50647,650598,7095
2022-06-29,Placer,061,380077,69984,69244,8553,77797,629
2022-06-29,Plumas,063,18699,3304,3267,399,3666,13
2022-06-29,Riverside,065,2383286,634511,629035,30680,659715,6493
2022-06-29,Sacramento,067,1510023,316438,313224,30787,344011,3082
2022-06-29,San Benito,069,59416,14557,14302,719,15021,100
2022-06-29,San Bernardino,071,2135413,612439,600960,26892,627852,7825
2022-06-29,San Diego,073,3302833,836900,828907,62140,891047,5336
2022-06-29,San Francisco,075,870044,159845,157419,10522,167941,902
2022-06-29,San Joaquin,077,732212,181402,179476,12004,191480,2252
2022-06-29,San Luis Obispo,079,281455,58337,57783,5627,63410,486
2022-06-29,San Mateo,081,765935,150813,148533,9553,158086,723
2022-06-29,Santa Barbara,083,443738,95536,94683,5615,100298,699
2022-06-29,Santa Clara,085,1922200,387921,378000,16643,394643,2348
2022-06-29,Santa Cruz,087,273765,56148,55432,2773,58205,266
2022-06-29,Shasta,089,179085,32403,32106,6525,38631,570
2022-06-29,Sierra,091,2930,286,283,57,340,4
2022-06-29,Siskiyou,093,43540,4802,4773,3007,7780,82
2022-06-29,Solano,095,438530,95058,92975,6833,99808,455
2022-06-29,Sonoma,097,501317,97820,96854,4399,101253,493
2022-06-29,Stanislaus,099,539301,126291,125189,19360,144549,1674
2022-06-29,Sutter,101,95872,21947,21836,2326,24162,227
2022-06-29,Tehama,103,63373,12667,12561,2744,15305,205
2022-06-29,Trinity,105,12862,1263,1245,305,1550,20
2022-06-29,Tulare,107,460477,112124,111707,30506,142213,1499
2022-06-29,Tuolumne,109,53932,13969,13779,733,14512,189
2022-06-29,Ventura,111,848112,190221,188519,12071,200590,1514
2022-06-29,Yolo,113,214977,43802,42410,3666,46076,323
2022-06-29,Yuba,115,75493,17205,17082,1460,18542,124
2022-06-28,Alameda,001,1643700,309133,305288,17220,322508,1895
2022-06-28,Alpine,003,1148,129,129,1,130,0
2022-06-28,Amador,005,37829,9291,9205,771,9976,87
2022-06-28,Butte,007,227075,36066,35651,7943,43594,434
2022-06-28,Calaveras,009,45235,7836,7798,419,8217,124
2022-06-28,Colusa,011,21464,3575,3548,1127,4675,22
2022-06-28,Contra Costa,013,1133247,225868,219921,17383,237304,1339
2022-06-28,Del Norte,015,27424,6600,6484,306,6790,53
2022-06-28,El Dorado,017,186661,29833,29549,3758,33307,216
2022-06-28,Fresno,019,978130,248924,246740,26760,273500,2777
2022-06-28,Glenn,021,27897,5236,5192,1732,6924,48
2022-06-28,Humboldt,023,135768,19539,19411,4006,23417,149
2022-06-28,Imperial,025,180216,58991,58498,11770,70268,944
2022-06-28,Inyo,027,18085,4274,4243,668,4911,56
2022-06-28,Kern,029,883053,202925,201537,51108,252645,2343
2022-06-28,Kings,031,150075,54246,54031,3663,57694,448
2022-06-28,Lake,033,64148,11614,11548,1016,12564,140
2022-06-28,Lassen,035,31185,9335,9310,930,10240,64
2022-06-28,Los Angeles,037,10098052,2982684,2955489,146179,3101668,32062
2022-06-28,Madera,039,155013,39737,39554,6790,46344,372
2022-06-28,Marin,041,260295,40795,40397,4640,45037,297
2022-06-28,Mariposa,043,17540,2789,2753,269,3022,30
2022-06-28,Mendocino,045,87422,14489,14383,3775,18158,127
2022-06-28,Merced,047,269075,66491,65733,9841,75574,830
2022-06-28,Modoc,049,8938,786,780,275,1055,8
2022-06-28,Mono,051,14174,3102,3081,185,3266,7
2022-06-28,Monterey,053,433212,86350,85711,17149,102860,743
2022-06-28,Napa,055,140530,29496,29285,1264,30549,144
2022-06-28,Nevada,057,99092,17587,17439,1488,18927,129
2022-06-28,Orange,059,3164182,604012,599951,50464,650415,7095
2022-06-28,Placer,061,380077,69822,69244,8544,77788,629
2022-06-28,Plumas,063,18699,3304,3267,398,3665,13
2022-06-28,Riverside,065,2383286,633314,629035,30633,659668,6493
2022-06-28,Sacramento,067,1510023,315764,313224,30728,343952,3082
2022-06-28,San Benito,069,59416,14518,14302,718,15020,100
2022-06-28,San Bernardino,071,2135413,611312,600960,26846,627806,7825
2022-06-28,San Diego,073,3302833,835039,828907,61899,890806,5336
2022-06-28,San Francisco,075,870044,159316,157419,10498,167917,902
2022-06-28,San Joaquin,077,732212,181092,179476,11969,191445,2252
2022-06-28,San Luis Obispo,079,281455,58218,57783,5590,63373,486
2022-06-28,San Mateo,081,765935,150353,148533,9526,158059,723
2022-06-28,Santa Barbara,083,443738,95366,94683,5598,100281,699
2022-06-28,Santa Clara,085,1922200,386805,378000,16584,394584,2348
2022-06-28,Santa Cruz,087,273765,56016,55432,2765,58197,266
2022-06-28,Shasta,089,179085,32356,32106,6512,38618,570
2022-06-28,Sierra,091,2930,286,283,57,340,4
2022-06-28,Siskiyou,093,43540,4796,4773,3001,7774,82
2022-06-28,Solano,095,438530,94788,92975,6815,99790,455
2022-06-28,Sonoma,097,501317,97611,96854,4383,101237,493
2022-06-28,Stanislaus,099,539301,126089,125189,19337,144526,1674
2022-06-28,Sutter,101,95872,21912,21836,2324,24160,227
2022-06-28,Tehama,103,63373,12647,12561,2740,15301,205
2022-06-28,Trinity,105,12862,1260,1245,303,1548,20
2022-06-28,Tulare,107,460477,111938,111707,30432,142139,1499
2022-06-28,Tuolumne,109,53932,13938,13779,727,14506,189
2022-06-28,Ventura,111,848112,189898,188519,11992,200511,1514
2022-06-28,Yolo,113,214977,43691,42410,3660,46070,323
2022-06-28,Yuba,115,75493,17169,17082,1456,18538,124
2022-06-27,Alameda,001,1643700,308200,305288,17166,322454,1895
2022-06-27,Alpine,003,1148,129,129,1,130,0
2022-06-27,Amador,005,37829,9276,9205,769,9974,87
2022-06-27,Butte,007,227075,36012,35651,7923,43574,434
2022-06-27,Calaveras,009,45235,7822,7798,419,8217,124
2022-06-27,Colusa,011,21464,3571,3548,1125,4673,22
2022-06-27,Contra Costa,013,1133247,225187,219921,17320,237241,1339
2022-06-27,Del Norte,015,27424,6580,6484,300,6784,53
2022-06-27,El Dorado,017,186661,29768,29549,3740,33289,216
2022-06-27,Fresno,019,978130,248453,246740,26690,273430,2777
2022-06-27,Glenn,021,27897,5230,5192,1725,6917,48
2022-06-27,Humboldt,023,135768,19504,19411,3994,23405,149
2022-06-27,Imperial,025,180216,58853,58498,11704,70202,944
2022-06-27,Inyo,027,18085,4264,4243,659,4902,56
2022-06-27,Kern,029,883053,202567,201537,50895,252432,2343
2022-06-27,Kings,031,150075,54159,54031,3660,57691,448
2022-06-27,Lake,033,64148,11595,11548,1011,12559,140
2022-06-27,Lassen,035,31185,9326,9310,930,10240,64
2022-06-27,Los Angeles,037,10098052,2976469,2955489,145610,3101099,32062
2022-06-27,Madera,039,155013,39672,39554,6778,46332,372
2022-06-27,Marin,041,260295,40688,40397,4627,45024,297
2022-06-27,Mariposa,043,17540,2780,2753,267,3020,30
2022-06-27,Mendocino,045,87422,14459,14383,3769,18152,127
2022-06-27,Merced,047,269075,66383,65733,9805,75538,830
2022-06-27,Modoc,049,8938,781,780,274,1054,8
2022-06-27,Mono,051,14174,3101,3081,185,3266,7
2022-06-27,Monterey,053,433212,86200,85711,17088,102799,743
2022-06-27,Napa,055,140530,29427,29285,1261,30546,144
2022-06-27,Nevada,057,99092,17557,17439,1474,18913,129
2022-06-27,Orange,059,3164182,602649,599951,50244,650195,7095
2022-06-27,Placer,061,380077,69709,69244,8520,77764,629
2022-06-27,Plumas,063,18699,3299,3267,397,3664,13
2022-06-27,Riverside,065,2383286,632163,629035,30567,659602,6493
2022-06-27,Sacramento,067,1510023,315041,313224,30677,343901,3082
2022-06-27,San Benito,069,59416,14463,14302,715,15017,100
2022-06-27,San Bernardino,071,2135413,610202,600960,26799,627759,7825
2022-06-27,San Diego,073,3302833,833115,828907,61670,890577,5336
2022-06-27,San Francisco,075,870044,158761,157419,10472,167891,902
2022-06-27,San Joaquin,077,732212,180749,179476,11926,191402,2252
2022-06-27,San Luis Obispo,079,281455,58103,57783,5553,63336,486
2022-06-27,San Mateo,081,765935,149878,148533,9490,158023,723
2022-06-27,Santa Barbara,083,443738,95179,94683,5584,100267,699
2022-06-27,Santa Clara,085,1922200,385381,378000,16528,394528,2348
2022-06-27,Santa Cruz,087,273765,55846,55432,2757,58189,266
2022-06-27,Shasta,089,179085,32295,32106,6494,38600,570
2022-06-27,Sierra,091,2930,286,283,57,340,4
2022-06-27,Siskiyou,093,43540,4786,4773,2994,7767,82
2022-06-27,Solano,095,438530,94478,92975,6783,99758,455
2022-06-27,Sonoma,097,501317,97418,96854,4364,101218,493
2022-06-27,Stanislaus,099,539301,125862,125189,19316,144505,1674
2022-06-27,Sutter,101,95872,21872,21836,2321,24157,227
2022-06-27,Tehama,103,63373,12625,12561,2738,15299,205
2022-06-27,Trinity,105,12862,1258,1245,301,1546,20
2022-06-27,Tulare,107,460477,111761,111707,30344,142051,1499
2022-06-27,Tuolumne,109,53932,13903,13779,719,14498,189
2022-06-27,Ventura,111,848112,189518,188519,11930,200449,1514
2022-06-27,Yolo,113,214977,43565,42410,3652,46062,323
2022-06-27,Yuba,115,75493,17141,17082,1453,18535,124
2022-06-26,Alameda,001,1643700,307122,302071,17112,319183,1891
2022-06-26,Alpine,003,1148,129,129,1,130,0
2022-06-26,Amador,005,37829,9237,9135,767,9902,87
2022-06-26,Butte,007,227075,35939,35406,7898,43304,433
2022-06-26,Calaveras,009,45235,7807,7754,416,8170,124
2022-06-26,Colusa,011,21464,3562,3540,1121,4661,22
2022-06-26,Contra Costa,013,1133247,224563,218053,17235,235288,1335
2022-06-26,Del Norte,015,27424,6558,6398,296,6694,52
2022-06-26,El Dorado,017,186661,29684,29313,3715,33028,216
2022-06-26,Fresno,019,978130,247915,245118,26624,271742,2777
2022-06-26,Glenn,021,27897,5225,5178,1722,6900,48
2022-06-26,Humboldt,023,135768,19469,19234,3983,23217,149
2022-06-26,Imperial,025,180216,58707,58127,11611,69738,944
2022-06-26,Inyo,027,18085,4253,4228,646,4874,56
2022-06-26,Kern,029,883053,202259,200556,50683,251239,2344
2022-06-26,Kings,031,150075,54051,53783,3656,57439,448
2022-06-26,Lake,033,64148,11576,11471,1009,12480,140
2022-06-26,Lassen,035,31185,9317,9287,930,10217,64
2022-06-26,Los Angeles,037,10098052,2969871,2936815,144969,3081784,32036
2022-06-26,Madera,039,155013,39603,39319,6758,46077,372
2022-06-26,Marin,041,260295,40567,39979,4606,44585,297
2022-06-26,Mariposa,043,17540,2772,2713,267,2980,30
2022-06-26,Mendocino,045,87422,14430,14292,3742,18034,127
2022-06-26,Merced,047,269075,66253,65408,9777,75185,828
2022-06-26,Modoc,049,8938,780,777,272,1049,8
2022-06-26,Mono,051,14174,3091,3076,185,3261,7
2022-06-26,Monterey,053,433212,86027,85275,17027,102302,743
2022-06-26,Napa,055,140530,29347,29054,1258,30312,144
2022-06-26,Nevada,057,99092,17513,17339,1470,18809,129
2022-06-26,Orange,059,3164182,601164,595761,50035,645796,7090
2022-06-26,Placer,061,380077,69575,68785,8497,77282,628
2022-06-26,Plumas,063,18699,3287,3241,397,3638,13
2022-06-26,Riverside,065,2383286,630939,625794,30510,656304,6493
2022-06-26,Sacramento,067,1510023,314219,310837,30611,341448,3077
2022-06-26,San Benito,069,59416,14418,14192,712,14904,99
2022-06-26,San Bernardino,071,2135413,608993,598062,26740,624802,7803
2022-06-26,San Diego,073,3302833,830932,822848,61498,884346,5332
2022-06-26,San Francisco,075,870044,158130,155609,10420,166029,899
2022-06-26,San Joaquin,077,732212,180372,178447,11882,190329,2252
2022-06-26,San Luis Obispo,079,281455,57968,57472,5502,62974,485
2022-06-26,San Mateo,081,765935,149364,146955,9459,156414,723
2022-06-26,Santa Barbara,083,443738,94971,94017,5556,99573,699
2022-06-26,Santa Clara,085,1922200,383998,373961,16447,390408,2338
2022-06-26,Santa Cruz,087,273765,55689,54874,2748,57622,265
2022-06-26,Shasta,089,179085,32213,31921,6476,38397,570
2022-06-26,Sierra,091,2930,285,283,57,340,4
2022-06-26,Siskiyou,093,43540,4768,4744,2987,7731,81
2022-06-26,Solano,095,438530,94208,92248,6744,98992,455
2022-06-26,Sonoma,097,501317,97184,95981,4328,100309,493
2022-06-26,Stanislaus,099,539301,125661,124493,19287,143780,1672
2022-06-26,Sutter,101,95872,21832,21733,2320,24053,227
2022-06-26,Tehama,103,63373,12608,12510,2732,15242,205
2022-06-26,Trinity,105,12862,1253,1233,299,1532,20
2022-06-26,Tulare,107,460477,111581,111188,30262,141450,1496
2022-06-26,Tuolumne,109,53932,13875,13688,712,14400,189
2022-06-26,Ventura,111,848112,189123,187389,11851,199240,1514
2022-06-26,Yolo,113,214977,43450,41932,3638,45570,323
2022-06-26,Yuba,115,75493,17104,16994,1444,18438,124
2022-06-25,Alameda,001,1643700,306654,302071,17099,319170,1891
2022-06-25,Alpine,003,1148,129,129,1,130,0
2022-06-25,Amador,005,37829,9227,9135,766,9901,87
2022-06-25,Butte,007,227075,35900,35406,7876,43282,433
2022-06-25,Calaveras,009,45235,7798,7754,416,8170,124
2022-06-25,Colusa,011,21464,3557,3540,1121,4661,22
2022-06-25,Contra Costa,013,1133247,224202,218053,17192,235245,1335
2022-06-25,Del Norte,015,27424,6544,6398,293,6691,52
2022-06-25,El Dorado,017,186661,29644,29313,3709,33022,216
2022-06-25,Fresno,019,978130,247683,245118,26598,271716,2777
2022-06-25,Glenn,021,27897,5220,5178,1720,6898,48
2022-06-25,Humboldt,023,135768,19448,19234,3972,23206,149
2022-06-25,Imperial,025,180216,58625,58127,11586,69713,944
2022-06-25,Inyo,027,18085,4251,4228,642,4870,56
2022-06-25,Kern,029,883053,202100,200556,50577,251133,2344
2022-06-25,Kings,031,150075,54014,53783,3656,57439,448
2022-06-25,Lake,033,64148,11567,11471,1008,12479,140
2022-06-25,Lassen,035,31185,9311,9287,928,10215,64
2022-06-25,Los Angeles,037,10098052,2966853,2936815,144585,3081400,32036
2022-06-25,Madera,039,155013,39570,39319,6755,46074,372
2022-06-25,Marin,041,260295,40514,39979,4599,44578,297
2022-06-25,Mariposa,043,17540,2770,2713,267,2980,30
2022-06-25,Mendocino,045,87422,14418,14292,3737,18029,127
2022-06-25,Merced,047,269075,66176,65408,9774,75182,828
2022-06-25,Modoc,049,8938,780,777,272,1049,8
2022-06-25,Mono,051,14174,3086,3076,185,3261,7
2022-06-25,Monterey,053,433212,85926,85275,16998,102273,743
2022-06-25,Napa,055,140530,29316,29054,1254,30308,144
2022-06-25,Nevada,057,99092,17489,17339,1466,18805,129
2022-06-25,Orange,059,3164182,600465,595761,49897,645658,7090
2022-06-25,Placer,061,380077,69478,68785,8477,77262,628
2022-06-25,Plumas,063,18699,3283,3241,397,3638,13
2022-06-25,Riverside,065,2383286,630296,625794,30468,656262,6493
2022-06-25,Sacramento,067,1510023,313910,310837,30584,341421,3077
2022-06-25,San Benito,069,59416,14393,14192,711,14903,99
2022-06-25,San Bernardino,071,2135413,608395,598062,26712,624774,7803
2022-06-25,San Diego,073,3302833,830026,822848,61434,884282,5332
2022-06-25,San Francisco,075,870044,157836,155609,10402,166011,899
2022-06-25,San Joaquin,077,732212,180223,178447,11868,190315,2252
2022-06-25,San Luis Obispo,079,281455,57897,57472,5492,62964,485
2022-06-25,San Mateo,081,765935,149090,146955,9436,156391,723
2022-06-25,Santa Barbara,083,443738,94828,94017,5543,99560,699
2022-06-25,Santa Clara,085,1922200,383146,373961,16418,390379,2338
2022-06-25,Santa Cruz,087,273765,55619,54874,2745,57619,265
2022-06-25,Shasta,089,179085,32175,31921,6462,38383,570
2022-06-25,Sierra,091,2930,285,283,57,340,4
2022-06-25,Siskiyou,093,43540,4765,4744,2984,7728,81
2022-06-25,Solano,095,438530,94123,92248,6723,98971,455
2022-06-25,Sonoma,097,501317,97073,95981,4317,100298,493
2022-06-25,Stanislaus,099,539301,125531,124493,19268,143761,1672
2022-06-25,Sutter,101,95872,21811,21733,2319,24052,227
2022-06-25,Tehama,103,63373,12597,12510,2727,15237,205
2022-06-25,Trinity,105,12862,1252,1233,297,1530,20
2022-06-25,Tulare,107,460477,111503,111188,30220,141408,1496
2022-06-25,Tuolumne,109,53932,13857,13688,709,14397,189
2022-06-25,Ventura,111,848112,188915,187389,11822,199211,1514
2022-06-25,Yolo,113,214977,43387,41932,3632,45564,323
2022-06-25,Yuba,115,75493,17083,16994,1443,18437,124
2022-06-24,Alameda,001,1643700,306083,302071,17064,319135,1891
2022-06-24,Alpine,003,1148,129,129,1,130,0
2022-06-24,Amador,005,37829,9220,9135,764,9899,87
2022-06-24,Butte,007,227075,35870,35406,7862,43268,433
2022-06-24,Calaveras,009,45235,7793,7754,415,8169,124
2022-06-24,Colusa,011,21464,3556,3540,1118,4658,22
2022-06-24,Contra Costa,013,1133247,223860,218053,17166,235219,1335
2022-06-24,Del Norte,015,27424,6533,6398,291,6689,52
2022-06-24,El Dorado,017,186661,29601,29313,3705,33018,216
2022-06-24,Fresno,019,978130,247394,245118,26562,271680,2777
2022-06-24,Glenn,021,27897,5218,5178,1720,6898,48
2022-06-24,Humboldt,023,135768,19417,19234,3967,23201,149
2022-06-24,Imperial,025,180216,58553,58127,11556,69683,944
2022-06-24,Inyo,027,18085,4249,4228,638,4866,56
2022-06-24,Kern,029,883053,201927,200556,50481,251037,2344
2022-06-24,Kings,031,150075,53970,53783,3652,57435,448
2022-06-24,Lake,033,64148,11556,11471,1008,12479,140
2022-06-24,Lassen,035,31185,9308,9287,927,10214,64
2022-06-24,Los Angeles,037,10098052,2963574,2936815,144256,3081071,32036
2022-06-24,Madera,039,155013,39524,39319,6749,46068,372
2022-06-24,Marin,041,260295,40438,39979,4587,44566,297
2022-06-24,Mariposa,043,17540,2763,2713,267,2980,30
2022-06-24,Mendocino,045,87422,14409,14292,3734,18026,127
2022-06-24,Merced,047,269075,66138,65408,9765,75173,828
2022-06-24,Modoc,049,8938,780,777,272,1049,8
2022-06-24,Mono,051,14174,3082,3076,184,3260,7
2022-06-24,Monterey,053,433212,85845,85275,16971,102246,743
2022-06-24,Napa,055,140530,29288,29054,1253,30307,144
2022-06-24,Nevada,057,99092,17473,17339,1460,18799,129
2022-06-24,Orange,059,3164182,599775,595761,49752,645513,7090
2022-06-24,Placer,061,380077,69402,68785,8465,77250,628
2022-06-24,Plumas,063,18699,3279,3241,397,3638,13
2022-06-24,Riverside,065,2383286,629651,625794,30424,656218,6493
2022-06-24,Sacramento,067,1510023,313514,310837,30562,341399,3077
2022-06-24,San Benito,069,59416,14380,14192,710,14902,99
2022-06-24,San Bernardino,071,2135413,607808,598062,26687,624749,7803
2022-06-24,San Diego,073,3302833,828988,822848,61352,884200,5332
2022-06-24,San Francisco,075,870044,157523,155609,10375,165984,899
2022-06-24,San Joaquin,077,732212,180044,178447,11842,190289,2252
2022-06-24,San Luis Obispo,079,281455,57852,57472,5487,62959,485
2022-06-24,San Mateo,081,765935,148757,146955,9423,156378,723
2022-06-24,Santa Barbara,083,443738,94697,94017,5540,99557,699
2022-06-24,Santa Clara,085,1922200,382316,373961,16365,390326,2338
2022-06-24,Santa Cruz,087,273765,55518,54874,2734,57608,265
2022-06-24,Shasta,089,179085,32145,31921,6453,38374,570
2022-06-24,Sierra,091,2930,285,283,57,340,4
2022-06-24,Siskiyou,093,43540,4757,4744,2983,7727,81
2022-06-24,Solano,095,438530,93971,92248,6709,98957,455
2022-06-24,Sonoma,097,501317,96934,95981,4300,100281,493
2022-06-24,Stanislaus,099,539301,125406,124493,19246,143739,1672
2022-06-24,Sutter,101,95872,21796,21733,2318,24051,227
2022-06-24,Tehama,103,63373,12582,12510,2721,15231,205
2022-06-24,Trinity,105,12862,1249,1233,297,1530,20
2022-06-24,Tulare,107,460477,111402,111188,30163,141351,1496
2022-06-24,Tuolumne,109,53932,13838,13688,703,14391,189
2022-06-24,Ventura,111,848112,188688,187389,11793,199182,1514
2022-06-24,Yolo,113,214977,43295,41932,3623,45555,323
2022-06-24,Yuba,115,75493,17065,16994,1443,18437,124
2022-06-23,Alameda,001,1643700,305264,302071,17004,319075,1891
2022-06-23,Alpine,003,1148,129,129,1,130,0
2022-06-23,Amador,005,37829,9211,9135,763,9898,87
2022-06-23,Butte,007,227075,35810,35406,7843,43249,433
2022-06-23,Calaveras,009,45235,7782,7754,414,8168,124
2022-06-23,Colusa,011,21464,3549,3540,1116,4656,22
2022-06-23,Contra Costa,013,1133247,223350,218053,17072,235125,1335
2022-06-23,Del Norte,015,27424,6501,6398,289,6687,52
2022-06-23,El Dorado,017,186661,29543,29313,3693,33006,216
2022-06-23,Fresno,019,978130,246988,245118,26501,271619,2777
2022-06-23,Glenn,021,27897,5215,5178,1711,6889,48
2022-06-23,Humboldt,023,135768,19395,19234,3963,23197,149
2022-06-23,Imperial,025,180216,58479,58127,11503,69630,944
2022-06-23,Inyo,027,18085,4246,4228,635,4863,56
2022-06-23,Kern,029,883053,201645,200556,50325,250881,2344
2022-06-23,Kings,031,150075,53911,53783,3649,57432,448
2022-06-23,Lake,033,64148,11535,11471,1008,12479,140
2022-06-23,Lassen,035,31185,9298,9287,926,10213,64
2022-06-23,Los Angeles,037,10098052,2958900,2936815,143713,3080528,32036
2022-06-23,Madera,039,155013,39462,39319,6734,46053,372
2022-06-23,Marin,041,260295,40324,39979,4563,44542,297
2022-06-23,Mariposa,043,17540,2751,2713,267,2980,30
2022-06-23,Mendocino,045,87422,14380,14292,3730,18022,127
2022-06-23,Merced,047,269075,66060,65408,9749,75157,828
2022-06-23,Modoc,049,8938,779,777,272,1049,8
2022-06-23,Mono,051,14174,3080,3076,183,3259,7
2022-06-23,Monterey,053,433212,85699,85275,16918,102193,743
2022-06-23,Napa,055,140530,29231,29054,1252,30306,144
2022-06-23,Nevada,057,99092,17440,17339,1460,18799,129
2022-06-23,Orange,059,3164182,598763,595761,49570,645331,7090
2022-06-23,Placer,061,380077,69264,68785,8444,77229,628
2022-06-23,Plumas,063,18699,3274,3241,395,3636,13
2022-06-23,Riverside,065,2383286,628730,625794,30375,656169,6493
2022-06-23,Sacramento,067,1510023,312911,310837,30519,341356,3077
2022-06-23,San Benito,069,59416,14349,14192,708,14900,99
2022-06-23,San Bernardino,071,2135413,607013,598062,26653,624715,7803
2022-06-23,San Diego,073,3302833,827516,822848,61153,884001,5332
2022-06-23,San Francisco,075,870044,157061,155609,10342,165951,899
2022-06-23,San Joaquin,077,732212,179767,178447,11815,190262,2252
2022-06-23,San Luis Obispo,079,281455,57763,57472,5455,62927,485
2022-06-23,San Mateo,081,765935,148409,146955,9388,156343,723
2022-06-23,Santa Barbara,083,443738,94532,94017,5512,99529,699
2022-06-23,Santa Clara,085,1922200,381323,373961,16316,390277,2338
2022-06-23,Santa Cruz,087,273765,55407,54874,2722,57596,265
2022-06-23,Shasta,089,179085,32103,31921,6441,38362,570
2022-06-23,Sierra,091,2930,284,283,57,340,4
2022-06-23,Siskiyou,093,43540,4751,4744,2976,7720,81
2022-06-23,Solano,095,438530,93724,92248,6667,98915,455
2022-06-23,Sonoma,097,501317,96737,95981,4280,100261,493
2022-06-23,Stanislaus,099,539301,125225,124493,19215,143708,1672
2022-06-23,Sutter,101,95872,21762,21733,2318,24051,227
2022-06-23,Tehama,103,63373,12573,12510,2718,15228,205
2022-06-23,Trinity,105,12862,1247,1233,297,1530,20
2022-06-23,Tulare,107,460477,111277,111188,30094,141282,1496
2022-06-23,Tuolumne,109,53932,13811,13688,691,14379,189
2022-06-23,Ventura,111,848112,188392,187389,11756,199145,1514
2022-06-23,Yolo,113,214977,43191,41932,3612,45544,323
2022-06-23,Yuba,115,75493,17044,16994,1437,18431,124
2022-06-22,Alameda,001,1643700,304441,299567,16945,316512,1888
2022-06-22,Alpine,003,1148,129,129,1,130,0
2022-06-22,Amador,005,37829,9205,9049,762,9811,87
2022-06-22,Butte,007,227075,35744,35203,7825,43028,433
2022-06-22,Calaveras,009,45235,7770,7716,414,8130,122
2022-06-22,Colusa,011,21464,3546,3529,1116,4645,21
2022-06-22,Contra Costa,013,1133247,222830,216355,17016,233371,1328
2022-06-22,Del Norte,015,27424,6483,6367,288,6655,52
2022-06-22,El Dorado,017,186661,29480,29139,3680,32819,215
2022-06-22,Fresno,019,978130,246566,244129,26446,270575,2772
2022-06-22,Glenn,021,27897,5213,5161,1706,6867,48
2022-06-22,Humboldt,023,135768,19343,19111,3943,23054,148
2022-06-22,Imperial,025,180216,58379,57866,11470,69336,944
2022-06-22,Inyo,027,18085,4241,4222,634,4856,56
2022-06-22,Kern,029,883053,201373,199721,50188,249909,2341
2022-06-22,Kings,031,150075,53847,53568,3645,57213,448
2022-06-22,Lake,033,64148,11518,11426,1002,12428,140
2022-06-22,Lassen,035,31185,9290,9259,924,10183,64
2022-06-22,Los Angeles,037,10098052,2953932,2925667,143254,3068921,32015
2022-06-22,Madera,039,155013,39405,39139,6715,45854,372
2022-06-22,Marin,041,260295,40221,39687,4557,44244,297
2022-06-22,Mariposa,043,17540,2745,2695,264,2959,30
2022-06-22,Mendocino,045,87422,14364,14201,3709,17910,127
2022-06-22,Merced,047,269075,65962,65120,9725,74845,827
2022-06-22,Modoc,049,8938,778,773,268,1041,8
2022-06-22,Mono,051,14174,3079,3073,181,3254,7
2022-06-22,Monterey,053,433212,85572,84752,16875,101627,742
2022-06-22,Napa,055,140530,29161,28894,1248,30142,144
2022-06-22,Nevada,057,99092,17421,17280,1450,18730,129
2022-06-22,Orange,059,3164182,597572,592215,49379,641594,7084
2022-06-22,Placer,061,380077,69148,68447,8434,76881,628
2022-06-22,Plumas,063,18699,3264,3220,395,3615,13
2022-06-22,Riverside,065,2383286,627881,623584,30319,653903,6491
2022-06-22,Sacramento,067,1510023,312284,309105,30485,339590,3071
2022-06-22,San Benito,069,59416,14324,14128,705,14833,99
2022-06-22,San Bernardino,071,2135413,606212,595517,26623,622140,7774
2022-06-22,San Diego,073,3302833,825913,815124,60964,876088,5318
2022-06-22,San Francisco,075,870044,156583,154213,10312,164525,897
2022-06-22,San Joaquin,077,732212,179505,177637,11790,189427,2251
2022-06-22,San Luis Obispo,079,281455,57673,57177,5420,62597,485
2022-06-22,San Mateo,081,765935,148001,145781,9365,155146,723
2022-06-22,Santa Barbara,083,443738,94385,93576,5498,99074,700
2022-06-22,Santa Clara,085,1922200,380231,370678,16206,386884,2340
2022-06-22,Santa Cruz,087,273765,55288,54525,2709,57234,265
2022-06-22,Shasta,089,179085,32058,31786,6426,38212,570
2022-06-22,Sierra,091,2930,284,283,57,340,4
2022-06-22,Siskiyou,093,43540,4744,4711,2973,7684,81
2022-06-22,Solano,095,438530,93475,91528,6601,98129,454
2022-06-22,Sonoma,097,501317,96526,95363,4259,99622,493
2022-06-22,Stanislaus,099,539301,125029,124023,19158,143181,1670
2022-06-22,Sutter,101,95872,21730,21649,2317,23966,227
2022-06-22,Tehama,103,63373,12563,12465,2716,15181,205
2022-06-22,Trinity,105,12862,1245,1223,297,1520,20
2022-06-22,Tulare,107,460477,111143,110768,30014,140782,1496
2022-06-22,Tuolumne,109,53932,13792,13596,685,14281,189
2022-06-22,Ventura,111,848112,188087,186601,11704,198305,1514
2022-06-22,Yolo,113,214977,43072,41689,3601,45290,323
2022-06-22,Yuba,115,75493,17024,16912,1433,18345,124
2022-06-21,Alameda,001,1643700,303642,299567,16909,316476,1888
2022-06-21,Alpine,003,1148,129,129,1,130,0
2022-06-21,Amador,005,37829,9198,9049,759,9808,87
2022-06-21,Butte,007,227075,35672,35203,7814,43017,433
2022-06-21,Calaveras,009,45235,7761,7716,413,8129,122
2022-06-21,Colusa,011,21464,3544,3529,1114,4643,21
2022-06-21,Contra Costa,013,1133247,222267,216355,16967,233322,1328
2022-06-21,Del Norte,015,27424,6452,6367,286,6653,52
2022-06-21,El Dorado,017,186661,29407,29139,3673,32812,215
2022-06-21,Fresno,019,978130,246127,244129,26380,270509,2772
2022-06-21,Glenn,021,27897,5206,5161,1704,6865,48
2022-06-21,Humboldt,023,135768,19291,19111,3930,23041,148
2022-06-21,Imperial,025,180216,58284,57866,11434,69300,944
2022-06-21,Inyo,027,18085,4236,4222,628,4850,56
2022-06-21,Kern,029,883053,201051,199721,49997,249718,2341
2022-06-21,Kings,031,150075,53772,53568,3644,57212,448
2022-06-21,Lake,033,64148,11495,11426,999,12425,140
2022-06-21,Lassen,035,31185,9280,9259,921,10180,64
2022-06-21,Los Angeles,037,10098052,2949096,2925667,142745,3068412,32015
2022-06-21,Madera,039,155013,39321,39139,6704,45843,372
2022-06-21,Marin,041,260295,40131,39687,4545,44232,297
2022-06-21,Mariposa,043,17540,2739,2695,263,2958,30
2022-06-21,Mendocino,045,87422,14335,14201,3700,17901,127
2022-06-21,Merced,047,269075,65862,65120,9693,74813,827
2022-06-21,Modoc,049,8938,775,773,267,1040,8
2022-06-21,Mono,051,14174,3077,3073,180,3253,7
2022-06-21,Monterey,053,433212,85416,84752,16833,101585,742
2022-06-21,Napa,055,140530,29108,28894,1247,30141,144
2022-06-21,Nevada,057,99092,17393,17280,1447,18727,129
2022-06-21,Orange,059,3164182,596381,592215,49231,641446,7084
2022-06-21,Placer,061,380077,69021,68447,8422,76869,628
2022-06-21,Plumas,063,18699,3255,3220,394,3614,13
2022-06-21,Riverside,065,2383286,626919,623584,30260,653844,6491
2022-06-21,Sacramento,067,1510023,311590,309105,30440,339545,3071
2022-06-21,San Benito,069,59416,14288,14128,702,14830,99
2022-06-21,San Bernardino,071,2135413,605386,595517,26576,622093,7774
2022-06-21,San Diego,073,3302833,824233,815124,60760,875884,5318
2022-06-21,San Francisco,075,870044,156105,154213,10280,164493,897
2022-06-21,San Joaquin,077,732212,179186,177637,11760,189397,2251
2022-06-21,San Luis Obispo,079,281455,57562,57177,5375,62552,485
2022-06-21,San Mateo,081,765935,147513,145781,9344,155125,723
2022-06-21,Santa Barbara,083,443738,94218,93576,5484,99060,700
2022-06-21,Santa Clara,085,1922200,379065,370678,16157,386835,2340
2022-06-21,Santa Cruz,087,273765,55158,54525,2701,57226,265
2022-06-21,Shasta,089,179085,32013,31786,6408,38194,570
2022-06-21,Sierra,091,2930,284,283,57,340,4
2022-06-21,Siskiyou,093,43540,4736,4711,2965,7676,81
2022-06-21,Solano,095,438530,93214,91528,6583,98111,454
2022-06-21,Sonoma,097,501317,96291,95363,4235,99598,493
2022-06-21,Stanislaus,099,539301,124836,124023,19128,143151,1670
2022-06-21,Sutter,101,95872,21706,21649,2315,23964,227
2022-06-21,Tehama,103,63373,12549,12465,2716,15181,205
2022-06-21,Trinity,105,12862,1239,1223,297,1520,20
2022-06-21,Tulare,107,460477,111003,110768,29954,140722,1496
2022-06-21,Tuolumne,109,53932,13768,13596,679,14275,189
2022-06-21,Ventura,111,848112,187764,186601,11649,198250,1514
2022-06-21,Yolo,113,214977,42940,41689,3589,45278,323
2022-06-21,Yuba,115,75493,16995,16912,1432,18344,124
2022-06-20,Alameda,001,1643700,302744,299567,16851,316418,1888
2022-06-20,Alpine,003,1148,129,129,1,130,0
2022-06-20,Amador,005,37829,9188,9049,757,9806,87
2022-06-20,Butte,007,227075,35602,35203,7799,43002,433
2022-06-20,Calaveras,009,45235,7754,7716,413,8129,122
2022-06-20,Colusa,011,21464,3543,3529,1113,4642,21
2022-06-20,Contra Costa,013,1133247,221668,216355,16900,233255,1328
2022-06-20,Del Norte,015,27424,6440,6367,282,6649,52
2022-06-20,El Dorado,017,186661,29336,29139,3654,32793,215
2022-06-20,Fresno,019,978130,245638,244129,26316,270445,2772
2022-06-20,Glenn,021,27897,5202,5161,1701,6862,48
2022-06-20,Humboldt,023,135768,19243,19111,3913,23024,148
2022-06-20,Imperial,025,180216,58151,57866,11401,69267,944
2022-06-20,Inyo,027,18085,4232,4222,623,4845,56
2022-06-20,Kern,029,883053,200754,199721,49844,249565,2341
2022-06-20,Kings,031,150075,53691,53568,3642,57210,448
2022-06-20,Lake,033,64148,11474,11426,997,12423,140
2022-06-20,Lassen,035,31185,9275,9259,920,10179,64
2022-06-20,Los Angeles,037,10098052,2943680,2925667,142263,3067930,32015
2022-06-20,Madera,039,155013,39259,39139,6686,45825,372
2022-06-20,Marin,041,260295,40029,39687,4522,44209,297
2022-06-20,Mariposa,043,17540,2725,2695,263,2958,30
2022-06-20,Mendocino,045,87422,14306,14201,3695,17896,127
2022-06-20,Merced,047,269075,65769,65120,9667,74787,827
2022-06-20,Modoc,049,8938,774,773,266,1039,8
2022-06-20,Mono,051,14174,3077,3073,177,3250,7
2022-06-20,Monterey,053,433212,85267,84752,16768,101520,742
2022-06-20,Napa,055,140530,29036,28894,1244,30138,144
2022-06-20,Nevada,057,99092,17368,17280,1438,18718,129
2022-06-20,Orange,059,3164182,595118,592215,49073,641288,7084
2022-06-20,Placer,061,380077,68903,68447,8408,76855,628
2022-06-20,Plumas,063,18699,3249,3220,394,3614,13
2022-06-20,Riverside,065,2383286,625982,623584,30192,653776,6491
2022-06-20,Sacramento,067,1510023,310884,309105,30368,339473,3071
2022-06-20,San Benito,069,59416,14242,14128,696,14824,99
2022-06-20,San Bernardino,071,2135413,604481,595517,26538,622055,7774
2022-06-20,San Diego,073,3302833,822246,815124,60508,875632,5318
2022-06-20,San Francisco,075,870044,155490,154213,10241,164454,897
2022-06-20,San Joaquin,077,732212,178860,177637,11714,189351,2251
2022-06-20,San Luis Obispo,079,281455,57458,57177,5327,62504,485
2022-06-20,San Mateo,081,765935,147007,145781,9319,155100,723
2022-06-20,Santa Barbara,083,443738,94034,93576,5459,99035,700
2022-06-20,Santa Clara,085,1922200,377859,370678,16096,386774,2340
2022-06-20,Santa Cruz,087,273765,54985,54525,2694,57219,265
2022-06-20,Shasta,089,179085,31957,31786,6396,38182,570
2022-06-20,Sierra,091,2930,284,283,56,339,4
2022-06-20,Siskiyou,093,43540,4723,4711,2953,7664,81
2022-06-20,Solano,095,438530,92885,91528,6561,98089,454
2022-06-20,Sonoma,097,501317,96051,95363,4209,99572,493
2022-06-20,Stanislaus,099,539301,124651,124023,19099,143122,1670
2022-06-20,Sutter,101,95872,21675,21649,2296,23945,227
2022-06-20,Tehama,103,63373,12534,12465,2713,15178,205
2022-06-20,Trinity,105,12862,1234,1223,297,1520,20
2022-06-20,Tulare,107,460477,110860,110768,29889,140657,1496
2022-06-20,Tuolumne,109,53932,13732,13596,679,14275,189
2022-06-20,Ventura,111,848112,187428,186601,11609,198210,1514
2022-06-20,Yolo,113,214977,42779,41689,3571,45260,323
2022-06-20,Yuba,115,75493,16970,16912,1426,18338,124
2022-06-19,Alameda,001,1643700,301819,296062,16820,312882,1883
2022-06-19,Alpine,003,1148,129,129,1,130,0
2022-06-19,Amador,005,37829,9138,8985,744,9729,87
2022-06-19,Butte,007,227075,35541,34920,7776,42696,432
2022-06-19,Calaveras,009,45235,7736,7664,412,8076,122
2022-06-19,Colusa,011,21464,3538,3519,1109,4628,21
2022-06-19,Contra Costa,013,1133247,220985,213994,16832,230826,1323
2022-06-19,Del Norte,015,27424,6423,6307,279,6586,52
2022-06-19,El Dorado,017,186661,29254,28904,3639,32543,215
2022-06-19,Fresno,019,978130,245189,242214,26246,268460,2768
2022-06-19,Glenn,021,27897,5193,5131,1699,6830,48
2022-06-19,Humboldt,023,135768,19198,18885,3888,22773,148
2022-06-19,Imperial,025,180216,58028,57450,11368,68818,944
2022-06-19,Inyo,027,18085,4231,4209,622,4831,56
2022-06-19,Kern,029,883053,200389,198567,49668,248235,2340
2022-06-19,Kings,031,150075,53597,53242,3639,56881,448
2022-06-19,Lake,033,64148,11460,11318,996,12314,140
2022-06-19,Lassen,035,31185,9262,9225,920,10145,64
2022-06-19,Los Angeles,037,10098052,2938775,2909197,141704,3050901,31999
2022-06-19,Madera,039,155013,39167,38859,6665,45524,372
2022-06-19,Marin,041,260295,39901,39214,4512,43726,294
2022-06-19,Mariposa,043,17540,2718,2662,262,2924,30
2022-06-19,Mendocino,045,87422,14279,14090,3682,17772,127
2022-06-19,Merced,047,269075,65668,64734,9637,74371,827
2022-06-19,Modoc,049,8938,771,771,265,1036,8
2022-06-19,Mono,051,14174,3075,3066,176,3242,6
2022-06-19,Monterey,053,433212,85119,84032,16722,100754,744
2022-06-19,Napa,055,140530,28975,28619,1240,29859,144
2022-06-19,Nevada,057,99092,17338,17134,1430,18564,129
2022-06-19,Orange,059,3164182,593864,587176,48880,636056,7074
2022-06-19,Placer,061,380077,68785,67961,8387,76348,628
2022-06-19,Plumas,063,18699,3241,3201,394,3595,13
2022-06-19,Riverside,065,2383286,625109,619760,30143,649903,6488
2022-06-19,Sacramento,067,1510023,310156,306215,30312,336527,3072
2022-06-19,San Benito,069,59416,14223,13985,694,14679,99
2022-06-19,San Bernardino,071,2135413,603659,591926,26501,618427,7765
2022-06-19,San Diego,073,3302833,820715,815124,60388,875512,5318
2022-06-19,San Francisco,075,870044,154973,151898,10202,162100,897
2022-06-19,San Joaquin,077,732212,178538,176323,11676,187999,2251
2022-06-19,San Luis Obispo,079,281455,57320,56767,5270,62037,485
2022-06-19,San Mateo,081,765935,146553,143879,9285,153164,723
2022-06-19,Santa Barbara,083,443738,93864,92906,5443,98349,699
2022-06-19,Santa Clara,085,1922200,376684,365638,16033,381671,2328
2022-06-19,Santa Cruz,087,273765,54822,53866,2675,56541,264
2022-06-19,Shasta,089,179085,31898,31647,6385,38032,568
2022-06-19,Sierra,091,2930,284,281,56,337,4
2022-06-19,Siskiyou,093,43540,4711,4672,2947,7619,81
2022-06-19,Solano,095,438530,92628,90548,6548,97096,454
2022-06-19,Sonoma,097,501317,95808,94318,4188,98506,493
2022-06-19,Stanislaus,099,539301,124465,123264,19050,142314,1668
2022-06-19,Sutter,101,95872,21640,21501,2288,23789,227
2022-06-19,Tehama,103,63373,12525,12410,2707,15117,205
2022-06-19,Trinity,105,12862,1231,1220,297,1517,20
2022-06-19,Tulare,107,460477,110678,110041,29833,139874,1496
2022-06-19,Tuolumne,109,53932,13705,13487,679,14166,189
2022-06-19,Ventura,111,848112,187076,185219,11564,196783,1513
2022-06-19,Yolo,113,214977,42690,41135,3558,44693,323
2022-06-19,Yuba,115,75493,16938,16786,1423,18209,124
2022-06-18,Alameda,001,1643700,301353,296062,16799,312861,1883
2022-06-18,Alpine,003,1148,129,129,1,130,0
2022-06-18,Amador,005,37829,9131,8985,740,9725,87
2022-06-18,Butte,007,227075,35491,34920,7765,42685,432
2022-06-18,Calaveras,009,45235,7724,7664,412,8076,122
2022-06-18,Colusa,011,21464,3535,3519,1109,4628,21
2022-06-18,Contra Costa,013,1133247,220672,213994,16803,230797,1323
2022-06-18,Del Norte,015,27424,6417,6307,278,6585,52
2022-06-18,El Dorado,017,186661,29225,28904,3636,32540,215
2022-06-18,Fresno,019,978130,244986,242214,26229,268443,2768
2022-06-18,Glenn,021,27897,5190,5131,1698,6829,48
2022-06-18,Humboldt,023,135768,19169,18885,3881,22766,148
2022-06-18,Imperial,025,180216,57958,57450,11355,68805,944
2022-06-18,Inyo,027,18085,4230,4209,621,4830,56
2022-06-18,Kern,029,883053,200266,198567,49582,248149,2340
2022-06-18,Kings,031,150075,53561,53242,3638,56880,448
2022-06-18,Lake,033,64148,11449,11318,994,12312,140
2022-06-18,Lassen,035,31185,9258,9225,920,10145,64
2022-06-18,Los Angeles,037,10098052,2936330,2909197,141412,3050609,31999
2022-06-18,Madera,039,155013,39144,38859,6659,45518,372
2022-06-18,Marin,041,260295,39837,39214,4502,43716,294
2022-06-18,Mariposa,043,17540,2713,2662,262,2924,30
2022-06-18,Mendocino,045,87422,14257,14090,3679,17769,127
2022-06-18,Merced,047,269075,65603,64734,9627,74361,827
2022-06-18,Modoc,049,8938,771,771,265,1036,8
2022-06-18,Mono,051,14174,3074,3066,176,3242,6
2022-06-18,Monterey,053,433212,85027,84032,16694,100726,744
2022-06-18,Napa,055,140530,28950,28619,1239,29858,144
2022-06-18,Nevada,057,99092,17326,17134,1429,18563,129
2022-06-18,Orange,059,3164182,593242,587176,48766,635942,7074
2022-06-18,Placer,061,380077,68720,67961,8373,76334,628
2022-06-18,Plumas,063,18699,3233,3201,394,3595,13
2022-06-18,Riverside,065,2383286,624575,619760,30128,649888,6488
2022-06-18,Sacramento,067,1510023,309838,306215,30290,336505,3072
2022-06-18,San Benito,069,59416,14208,13985,687,14672,99
2022-06-18,San Bernardino,071,2135413,603231,591926,26479,618405,7765
2022-06-18,San Diego,073,3302833,819997,815124,60327,875451,5318
2022-06-18,San Francisco,075,870044,154640,151898,10184,162082,897
2022-06-18,San Joaquin,077,732212,178375,176323,11667,187990,2251
2022-06-18,San Luis Obispo,079,281455,57275,56767,5261,62028,485
2022-06-18,San Mateo,081,765935,146284,143879,9262,153141,723
2022-06-18,Santa Barbara,083,443738,93753,92906,5433,98339,699
2022-06-18,Santa Clara,085,1922200,375931,365638,15987,381625,2328
2022-06-18,Santa Cruz,087,273765,54746,53866,2665,56531,264
2022-06-18,Shasta,089,179085,31877,31647,6382,38029,568
2022-06-18,Sierra,091,2930,284,281,56,337,4
2022-06-18,Siskiyou,093,43540,4703,4672,2943,7615,81
2022-06-18,Solano,095,438530,92545,90548,6539,97087,454
2022-06-18,Sonoma,097,501317,95669,94318,4170,98488,493
2022-06-18,Stanislaus,099,539301,124357,123264,19029,142293,1668
2022-06-18,Sutter,101,95872,21619,21501,2285,23786,227
2022-06-18,Tehama,103,63373,12516,12410,2703,15113,205
2022-06-18,Trinity,105,12862,1230,1220,297,1517,20
2022-06-18,Tulare,107,460477,110597,110041,29792,139833,1496
2022-06-18,Tuolumne,109,53932,13683,13487,676,14163,189
2022-06-18,Ventura,111,848112,186901,185219,11541,196760,1513
2022-06-18,Yolo,113,214977,42621,41135,3553,44688,323
2022-06-18,Yuba,115,75493,16925,16786,1423,18209,124
2022-06-17,Alameda,001,1643700,300885,296062,16785,312847,1883
2022-06-17,Alpine,003,1148,129,129,1,130,0
2022-06-17,Amador,005,37829,9122,8985,740,9725,87
2022-06-17,Butte,007,227075,35460,34920,7755,42675,432
2022-06-17,Calaveras,009,45235,7716,7664,412,8076,122
2022-06-17,Colusa,011,21464,3534,3519,1104,4623,21
2022-06-17,Contra Costa,013,1133247,220373,213994,16777,230771,1323
2022-06-17,Del Norte,015,27424,6403,6307,278,6585,52
2022-06-17,El Dorado,017,186661,29193,28904,3632,32536,215
2022-06-17,Fresno,019,978130,244742,242214,26203,268417,2768
2022-06-17,Glenn,021,27897,5189,5131,1692,6823,48
2022-06-17,Humboldt,023,135768,19142,18885,3877,22762,148
2022-06-17,Imperial,025,180216,57905,57450,11343,68793,944
2022-06-17,Inyo,027,18085,4226,4209,615,4824,56
2022-06-17,Kern,029,883053,200112,198567,49540,248107,2340
2022-06-17,Kings,031,150075,53534,53242,3637,56879,448
2022-06-17,Lake,033,64148,11441,11318,993,12311,140
2022-06-17,Lassen,035,31185,9257,9225,919,10144,64
2022-06-17,Los Angeles,037,10098052,2933481,2909197,141114,3050311,31999
2022-06-17,Madera,039,155013,39119,38859,6653,45512,372
2022-06-17,Marin,041,260295,39742,39214,4489,43703,294
2022-06-17,Mariposa,043,17540,2709,2662,262,2924,30
2022-06-17,Mendocino,045,87422,14240,14090,3675,17765,127
2022-06-17,Merced,047,269075,65545,64734,9623,74357,827
2022-06-17,Modoc,049,8938,771,771,265,1036,8
2022-06-17,Mono,051,14174,3074,3066,176,3242,6
2022-06-17,Monterey,053,433212,84937,84032,16664,100696,744
2022-06-17,Napa,055,140530,28911,28619,1236,29855,144
2022-06-17,Nevada,057,99092,17308,17134,1424,18558,129
2022-06-17,Orange,059,3164182,592565,587176,48629,635805,7074
2022-06-17,Placer,061,380077,68660,67961,8361,76322,628
2022-06-17,Plumas,063,18699,3232,3201,393,3594,13
2022-06-17,Riverside,065,2383286,624024,619760,30092,649852,6488
2022-06-17,Sacramento,067,1510023,309450,306215,30270,336485,3072
2022-06-17,San Benito,069,59416,14196,13985,687,14672,99
2022-06-17,San Bernardino,071,2135413,602793,591926,26448,618374,7765
2022-06-17,San Diego,073,3302833,819033,815124,60223,875347,5318
2022-06-17,San Francisco,075,870044,154326,151898,10151,162049,897
2022-06-17,San Joaquin,077,732212,178224,176323,11656,187979,2251
2022-06-17,San Luis Obispo,079,281455,57238,56767,5255,62022,485
2022-06-17,San Mateo,081,765935,145981,143879,9243,153122,723
2022-06-17,Santa Barbara,083,443738,93648,92906,5421,98327,699
2022-06-17,Santa Clara,085,1922200,375105,365638,15955,381593,2328
2022-06-17,Santa Cruz,087,273765,54680,53866,2660,56526,264
2022-06-17,Shasta,089,179085,31850,31647,6374,38021,568
2022-06-17,Sierra,091,2930,284,281,56,337,4
2022-06-17,Siskiyou,093,43540,4696,4672,2943,7615,81
2022-06-17,Solano,095,438530,92401,90548,6526,97074,454
2022-06-17,Sonoma,097,501317,95504,94318,4153,98471,493
2022-06-17,Stanislaus,099,539301,124260,123264,19019,142283,1668
2022-06-17,Sutter,101,95872,21597,21501,2279,23780,227
2022-06-17,Tehama,103,63373,12501,12410,2700,15110,205
2022-06-17,Trinity,105,12862,1230,1220,297,1517,20
2022-06-17,Tulare,107,460477,110515,110041,29755,139796,1496
2022-06-17,Tuolumne,109,53932,13670,13487,675,14162,189
2022-06-17,Ventura,111,848112,186721,185219,11520,196739,1513
2022-06-17,Yolo,113,214977,42539,41135,3540,44675,323
2022-06-17,Yuba,115,75493,16918,16786,1420,18206,124
2022-06-16,Alameda,001,1643700,300104,296062,16735,312797,1883
2022-06-16,Alpine,003,1148,129,129,1,130,0
2022-06-16,Amador,005,37829,9115,8985,735,9720,87
2022-06-16,Butte,007,227075,35385,34920,7739,42659,432
2022-06-16,Calaveras,009,45235,7704,7664,410,8074,122
2022-06-16,Colusa,011,21464,3532,3519,1103,4622,21
2022-06-16,Contra Costa,013,1133247,219909,213994,16726,230720,1323
2022-06-16,Del Norte,015,27424,6389,6307,277,6584,52
2022-06-16,El Dorado,017,186661,29141,28904,3620,32524,215
2022-06-16,Fresno,019,978130,244368,242214,26140,268354,2768
2022-06-16,Glenn,021,27897,5180,5131,1689,6820,48
2022-06-16,Humboldt,023,135768,19112,18885,3863,22748,148
2022-06-16,Imperial,025,180216,57806,57450,11314,68764,944
2022-06-16,Inyo,027,18085,4225,4209,612,4821,56
2022-06-16,Kern,029,883053,199901,198567,49424,247991,2340
2022-06-16,Kings,031,150075,53467,53242,3633,56875,448
2022-06-16,Lake,033,64148,11425,11318,993,12311,140
2022-06-16,Lassen,035,31185,9250,9225,919,10144,64
2022-06-16,Los Angeles,037,10098052,2929473,2909197,140754,3049951,31999
2022-06-16,Madera,039,155013,39088,38859,6643,45502,372
2022-06-16,Marin,041,260295,39643,39214,4476,43690,294
2022-06-16,Mariposa,043,17540,2701,2662,260,2922,30
2022-06-16,Mendocino,045,87422,14211,14090,3665,17755,127
2022-06-16,Merced,047,269075,65466,64734,9604,74338,827
2022-06-16,Modoc,049,8938,771,771,265,1036,8
2022-06-16,Mono,051,14174,3073,3066,175,3241,6
2022-06-16,Monterey,053,433212,84788,84032,16609,100641,744
2022-06-16,Napa,055,140530,28867,28619,1233,29852,144
2022-06-16,Nevada,057,99092,17285,17134,1419,18553,129
2022-06-16,Orange,059,3164182,591543,587176,48494,635670,7074
2022-06-16,Placer,061,380077,68575,67961,8338,76299,628
2022-06-16,Plumas,063,18699,3225,3201,392,3593,13
2022-06-16,Riverside,065,2383286,623278,619760,30048,649808,6488
2022-06-16,Sacramento,067,1510023,308867,306215,30236,336451,3072
2022-06-16,San Benito,069,59416,14172,13985,684,14669,99
2022-06-16,San Bernardino,071,2135413,602136,591926,26410,618336,7765
2022-06-16,San Diego,073,3302833,817512,815124,60065,875189,5318
2022-06-16,San Francisco,075,870044,153882,151898,10110,162008,897
2022-06-16,San Joaquin,077,732212,177970,176323,11636,187959,2251
2022-06-16,San Luis Obispo,079,281455,57160,56767,5235,62002,485
2022-06-16,San Mateo,081,765935,145616,143879,9227,153106,723
2022-06-16,Santa Barbara,083,443738,93499,92906,5407,98313,699
2022-06-16,Santa Clara,085,1922200,374163,365638,15906,381544,2328
2022-06-16,Santa Cruz,087,273765,54547,53866,2648,56514,264
2022-06-16,Shasta,089,179085,31820,31647,6363,38010,568
2022-06-16,Sierra,091,2930,283,281,56,337,4
2022-06-16,Siskiyou,093,43540,4687,4672,2934,7606,81
2022-06-16,Solano,095,438530,92207,90548,6513,97061,454
2022-06-16,Sonoma,097,501317,95317,94318,4136,98454,493
2022-06-16,Stanislaus,099,539301,124099,123264,19002,142266,1668
2022-06-16,Sutter,101,95872,21572,21501,2277,23778,227
2022-06-16,Tehama,103,63373,12482,12410,2698,15108,205
2022-06-16,Trinity,105,12862,1228,1220,294,1514,20
2022-06-16,Tulare,107,460477,110386,110041,29712,139753,1496
2022-06-16,Tuolumne,109,53932,13646,13487,671,14158,189
2022-06-16,Ventura,111,848112,186450,185219,11475,196694,1513
2022-06-16,Yolo,113,214977,42449,41135,3529,44664,323
2022-06-16,Yuba,115,75493,16894,16786,1416,18202,124
2022-06-15,Alameda,001,1643700,299320,295002,16708,311710,1880
2022-06-15,Alpine,003,1148,129,129,1,130,0
2022-06-15,Amador,005,37829,9107,8972,735,9707,87
2022-06-15,Butte,007,227075,35322,34841,7720,42561,430
2022-06-15,Calaveras,009,45235,7701,7648,408,8056,122
2022-06-15,Colusa,011,21464,3528,3515,1101,4616,21
2022-06-15,Contra Costa,013,1133247,219447,213219,16681,229900,1321
2022-06-15,Del Norte,015,27424,6378,6298,276,6574,52
2022-06-15,El Dorado,017,186661,29087,28829,3608,32437,215
2022-06-15,Fresno,019,978130,243996,241768,26094,267862,2767
2022-06-15,Glenn,021,27897,5174,5128,1681,6809,48
2022-06-15,Humboldt,023,135768,19074,18836,3838,22674,148
2022-06-15,Imperial,025,180216,57723,57373,11291,68664,941
2022-06-15,Inyo,027,18085,4223,4205,611,4816,56
2022-06-15,Kern,029,883053,199636,198216,49317,247533,2338
2022-06-15,Kings,031,150075,53413,53170,3631,56801,448
2022-06-15,Lake,033,64148,11405,11303,988,12291,140
2022-06-15,Lassen,035,31185,9246,9209,918,10127,64
2022-06-15,Los Angeles,037,10098052,2925158,2897298,140392,3037690,31971
2022-06-15,Madera,039,155013,39044,38776,6626,45402,372
2022-06-15,Marin,041,260295,39554,39027,4469,43496,294
2022-06-15,Mariposa,043,17540,2697,2651,258,2909,30
2022-06-15,Mendocino,045,87422,14179,14052,3655,17707,127
2022-06-15,Merced,047,269075,65385,64595,9592,74187,825
2022-06-15,Modoc,049,8938,770,772,265,1037,8
2022-06-15,Mono,051,14174,3073,3060,174,3234,6
2022-06-15,Monterey,053,433212,84647,83837,16569,100406,741
2022-06-15,Napa,055,140530,28807,28518,1224,29742,144
2022-06-15,Nevada,057,99092,17260,17107,1415,18522,127
2022-06-15,Orange,059,3164182,590516,585496,48323,633819,7067
2022-06-15,Placer,061,380077,68452,67805,8322,76127,628
2022-06-15,Plumas,063,18699,3220,3185,390,3575,13
2022-06-15,Riverside,065,2383286,622553,618584,29996,648580,6482
2022-06-15,Sacramento,067,1510023,308271,305361,30190,335551,3059
2022-06-15,San Benito,069,59416,14132,13953,677,14630,99
2022-06-15,San Bernardino,071,2135413,601484,590328,26370,616698,7735
2022-06-15,San Diego,073,3302833,815964,811093,59898,870991,5316
2022-06-15,San Francisco,075,870044,153455,151170,10085,161255,890
2022-06-15,San Joaquin,077,732212,177726,175966,11603,187569,2244
2022-06-15,San Luis Obispo,079,281455,57074,56535,5198,61733,486
2022-06-15,San Mateo,081,765935,145219,143277,9211,152488,722
2022-06-15,Santa Barbara,083,443738,93366,92710,5400,98110,698
2022-06-15,Santa Clara,085,1922200,373154,364014,15870,379884,2323
2022-06-15,Santa Cruz,087,273765,54432,53718,2643,56361,265
2022-06-15,Shasta,089,179085,31780,31598,6356,37954,568
2022-06-15,Sierra,091,2930,281,280,56,336,4
2022-06-15,Siskiyou,093,43540,4676,4656,2924,7580,81
2022-06-15,Solano,095,438530,91978,90265,6501,96766,453
2022-06-15,Sonoma,097,501317,95124,94041,4124,98165,492
2022-06-15,Stanislaus,099,539301,123956,122944,18977,141921,1668
2022-06-15,Sutter,101,95872,21545,21448,2272,23720,227
2022-06-15,Tehama,103,63373,12474,12392,2692,15084,205
2022-06-15,Trinity,105,12862,1227,1217,292,1509,20
2022-06-15,Tulare,107,460477,110282,109930,29675,139605,1495
2022-06-15,Tuolumne,109,53932,13635,13459,671,14130,189
2022-06-15,Ventura,111,848112,186178,184750,11426,196176,1509
2022-06-15,Yolo,113,214977,42345,40756,3514,44270,322
2022-06-15,Yuba,115,75493,16869,16754,1411,18165,124
2022-06-14,Alameda,001,1643700,298623,295002,16664,311666,1880
2022-06-14,Alpine,003,1148,129,129,1,130,0
2022-06-14,Amador,005,37829,9091,8972,730,9702,87
2022-06-14,Butte,007,227075,35267,34841,7704,42545,430
2022-06-14,Calaveras,009,45235,7690,7648,407,8055,122
2022-06-14,Colusa,011,21464,3526,3515,1100,4615,21
2022-06-14,Contra Costa,013,1133247,218913,213219,16622,229841,1321
2022-06-14,Del Norte,015,27424,6370,6298,273,6571,52
2022-06-14,El Dorado,017,186661,29035,28829,3600,32429,215
2022-06-14,Fresno,019,978130,243598,241768,26032,267800,2767
2022-06-14,Glenn,021,27897,5165,5128,1678,6806,48
2022-06-14,Humboldt,023,135768,19024,18836,3821,22657,148
2022-06-14,Imperial,025,180216,57649,57373,11261,68634,941
2022-06-14,Inyo,027,18085,4218,4205,610,4815,56
2022-06-14,Kern,029,883053,199374,198216,49201,247417,2338
2022-06-14,Kings,031,150075,53343,53170,3629,56799,448
2022-06-14,Lake,033,64148,11379,11303,987,12290,140
2022-06-14,Lassen,035,31185,9240,9209,915,10124,64
2022-06-14,Los Angeles,037,10098052,2920618,2897298,139971,3037269,31971
2022-06-14,Madera,039,155013,38991,38776,6617,45393,372
2022-06-14,Marin,041,260295,39445,39027,4458,43485,294
2022-06-14,Mariposa,043,17540,2686,2651,255,2906,30
2022-06-14,Mendocino,045,87422,14151,14052,3642,17694,127
2022-06-14,Merced,047,269075,65303,64595,9567,74162,825
2022-06-14,Modoc,049,8938,770,772,264,1036,8
2022-06-14,Mono,051,14174,3073,3060,173,3233,6
2022-06-14,Monterey,053,433212,84508,83837,16523,100360,741
2022-06-14,Napa,055,140530,28743,28518,1223,29741,144
2022-06-14,Nevada,057,99092,17229,17107,1410,18517,127
2022-06-14,Orange,059,3164182,589388,585496,48155,633651,7067
2022-06-14,Placer,061,380077,68329,67805,8307,76112,628
2022-06-14,Plumas,063,18699,3216,3185,390,3575,13
2022-06-14,Riverside,065,2383286,621772,618584,29961,648545,6482
2022-06-14,Sacramento,067,1510023,307640,305361,30106,335467,3059
2022-06-14,San Benito,069,59416,14097,13953,675,14628,99
2022-06-14,San Bernardino,071,2135413,600769,590328,26326,616654,7735
2022-06-14,San Diego,073,3302833,814254,811093,59749,870842,5316
2022-06-14,San Francisco,075,870044,152976,151170,10058,161228,890
2022-06-14,San Joaquin,077,732212,177457,175966,11567,187533,2244
2022-06-14,San Luis Obispo,079,281455,56965,56535,5150,61685,486
2022-06-14,San Mateo,081,765935,144837,143277,9197,152474,722
2022-06-14,Santa Barbara,083,443738,93230,92710,5384,98094,698
2022-06-14,Santa Clara,085,1922200,372087,364014,15826,379840,2323
2022-06-14,Santa Cruz,087,273765,54305,53718,2632,56350,265
2022-06-14,Shasta,089,179085,31750,31598,6348,37946,568
2022-06-14,Sierra,091,2930,281,280,56,336,4
2022-06-14,Siskiyou,093,43540,4666,4656,2918,7574,81
2022-06-14,Solano,095,438530,91718,90265,6480,96745,453
2022-06-14,Sonoma,097,501317,94908,94041,4110,98151,492
2022-06-14,Stanislaus,099,539301,123779,122944,18948,141892,1668
2022-06-14,Sutter,101,95872,21507,21448,2268,23716,227
2022-06-14,Tehama,103,63373,12456,12392,2691,15083,205
2022-06-14,Trinity,105,12862,1226,1217,292,1509,20
2022-06-14,Tulare,107,460477,110142,109930,29629,139559,1495
2022-06-14,Tuolumne,109,53932,13614,13459,667,14126,189
2022-06-14,Ventura,111,848112,185885,184750,11388,196138,1509
2022-06-14,Yolo,113,214977,42238,40756,3503,44259,322
2022-06-14,Yuba,115,75493,16839,16754,1408,18162,124
2022-06-13,Alameda,001,1643700,297799,295002,16615,311617,1880
2022-06-13,Alpine,003,1148,129,129,1,130,0
2022-06-13,Amador,005,37829,9084,8972,728,9700,87
2022-06-13,Butte,007,227075,35189,34841,7679,42520,430
2022-06-13,Calaveras,009,45235,7672,7648,407,8055,122
2022-06-13,Colusa,011,21464,3526,3515,1097,4612,21
2022-06-13,Contra Costa,013,1133247,218338,213219,16555,229774,1321
2022-06-13,Del Norte,015,27424,6358,6298,269,6567,52
2022-06-13,El Dorado,017,186661,28985,28829,3588,32417,215
2022-06-13,Fresno,019,978130,243171,241768,25977,267745,2767
2022-06-13,Glenn,021,27897,5161,5128,1674,6802,48
2022-06-13,Humboldt,023,135768,18971,18836,3797,22633,148
2022-06-13,Imperial,025,180216,57549,57373,11217,68590,941
2022-06-13,Inyo,027,18085,4214,4205,605,4810,56
2022-06-13,Kern,029,883053,199107,198216,49065,247281,2338
2022-06-13,Kings,031,150075,53278,53170,3625,56795,448
2022-06-13,Lake,033,64148,11354,11303,986,12289,140
2022-06-13,Lassen,035,31185,9232,9209,912,10121,64
2022-06-13,Los Angeles,037,10098052,2916037,2897298,139581,3036879,31971
2022-06-13,Madera,039,155013,38924,38776,6599,45375,372
2022-06-13,Marin,041,260295,39338,39027,4430,43457,294
2022-06-13,Mariposa,043,17540,2672,2651,254,2905,30
2022-06-13,Mendocino,045,87422,14127,14052,3626,17678,127
2022-06-13,Merced,047,269075,65227,64595,9539,74134,825
2022-06-13,Modoc,049,8938,769,772,264,1036,8
2022-06-13,Mono,051,14174,3071,3060,173,3233,6
2022-06-13,Monterey,053,433212,84373,83837,16472,100309,741
2022-06-13,Napa,055,140530,28672,28518,1219,29737,144
2022-06-13,Nevada,057,99092,17198,17107,1407,18514,127
2022-06-13,Orange,059,3164182,588153,585496,47972,633468,7067
2022-06-13,Placer,061,380077,68232,67805,8285,76090,628
2022-06-13,Plumas,063,18699,3211,3185,389,3574,13
2022-06-13,Riverside,065,2383286,621029,618584,29926,648510,6482
2022-06-13,Sacramento,067,1510023,306962,305361,30039,335400,3059
2022-06-13,San Benito,069,59416,14070,13953,669,14622,99
2022-06-13,San Bernardino,071,2135413,599974,590328,26295,616623,7735
2022-06-13,San Diego,073,3302833,812549,811093,59643,870736,5316
2022-06-13,San Francisco,075,870044,152442,151170,10040,161210,890
2022-06-13,San Joaquin,077,732212,177193,175966,11530,187496,2244
2022-06-13,San Luis Obispo,079,281455,56862,56535,5098,61633,486
2022-06-13,San Mateo,081,765935,144397,143277,9175,152452,722
2022-06-13,Santa Barbara,083,443738,93101,92710,5371,98081,698
2022-06-13,Santa Clara,085,1922200,371066,364014,15775,379789,2323
2022-06-13,Santa Cruz,087,273765,54167,53718,2625,56343,265
2022-06-13,Shasta,089,179085,31717,31598,6341,37939,568
2022-06-13,Sierra,091,2930,281,280,56,336,4
2022-06-13,Siskiyou,093,43540,4662,4656,2910,7566,81
2022-06-13,Solano,095,438530,91479,90265,6454,96719,453
2022-06-13,Sonoma,097,501317,94651,94041,4091,98132,492
2022-06-13,Stanislaus,099,539301,123611,122944,18923,141867,1668
2022-06-13,Sutter,101,95872,21479,21448,2264,23712,227
2022-06-13,Tehama,103,63373,12436,12392,2688,15080,205
2022-06-13,Trinity,105,12862,1224,1217,292,1509,20
2022-06-13,Tulare,107,460477,109992,109930,29580,139510,1495
2022-06-13,Tuolumne,109,53932,13591,13459,664,14123,189
2022-06-13,Ventura,111,848112,185593,184750,11336,196086,1509
2022-06-13,Yolo,113,214977,42101,40756,3491,44247,322
2022-06-13,Yuba,115,75493,16821,16754,1404,18158,124
2022-06-12,Alameda,001,1643700,296981,292112,16557,308669,1877
2022-06-12,Alpine,003,1148,129,129,1,130,0
2022-06-12,Amador,005,37829,9061,8869,727,9596,87
2022-06-12,Butte,007,227075,35132,34596,7658,42254,427
2022-06-12,Calaveras,009,45235,7658,7604,404,8008,122
2022-06-12,Colusa,011,21464,3525,3505,1096,4601,21
2022-06-12,Contra Costa,013,1133247,217750,211229,16483,227712,1315
2022-06-12,Del Norte,015,27424,6344,6253,269,6522,52
2022-06-12,El Dorado,017,186661,28924,28641,3571,32212,215
2022-06-12,Fresno,019,978130,242706,240345,25923,266268,2766
2022-06-12,Glenn,021,27897,5158,5104,1672,6776,48
2022-06-12,Humboldt,023,135768,18906,18696,3761,22457,148
2022-06-12,Imperial,025,180216,57472,57129,11173,68302,941
2022-06-12,Inyo,027,18085,4212,4194,604,4798,56
2022-06-12,Kern,029,883053,198825,197353,48944,246297,2338
2022-06-12,Kings,031,150075,53200,52978,3620,56598,447
2022-06-12,Lake,033,64148,11330,11202,985,12187,139
2022-06-12,Lassen,035,31185,9214,9172,910,10082,64
2022-06-12,Los Angeles,037,10098052,2911084,2878981,139099,3018080,31947
2022-06-12,Madera,039,155013,38831,38567,6573,45140,372
2022-06-12,Marin,041,260295,39230,38593,4406,42999,294
2022-06-12,Mariposa,043,17540,2666,2625,253,2878,30
2022-06-12,Mendocino,045,87422,14104,13945,3620,17565,127
2022-06-12,Merced,047,269075,65112,64286,9510,73796,825
2022-06-12,Modoc,049,8938,769,767,264,1031,8
2022-06-12,Mono,051,14174,3067,3052,172,3224,6
2022-06-12,Monterey,053,433212,84216,83391,16393,99784,739
2022-06-12,Napa,055,140530,28610,28202,1210,29412,143
2022-06-12,Nevada,057,99092,17154,16989,1401,18390,127
2022-06-12,Orange,059,3164182,586878,581624,47780,629404,7057
2022-06-12,Placer,061,380077,68119,67306,8261,75567,628
2022-06-12,Plumas,063,18699,3205,3172,388,3560,13
2022-06-12,Riverside,065,2383286,620086,615556,29858,645414,6481
2022-06-12,Sacramento,067,1510023,306217,302721,29934,332655,3058
2022-06-12,San Benito,069,59416,14036,13832,663,14495,99
2022-06-12,San Bernardino,071,2135413,599052,587385,26245,613630,7708
2022-06-12,San Diego,073,3302833,810813,805360,59507,864867,5315
2022-06-12,San Francisco,075,870044,151889,149278,9995,159273,890
2022-06-12,San Joaquin,077,732212,176837,174822,11505,186327,2244
2022-06-12,San Luis Obispo,079,281455,56725,56160,5037,61197,485
2022-06-12,San Mateo,081,765935,143932,141719,9133,150852,715
2022-06-12,Santa Barbara,083,443738,92928,92177,5356,97533,694
2022-06-12,Santa Clara,085,1922200,369887,359925,15729,375654,2322
2022-06-12,Santa Cruz,087,273765,54007,53171,2620,55791,264
2022-06-12,Shasta,089,179085,31670,31483,6327,37810,566
2022-06-12,Sierra,091,2930,281,278,56,334,4
2022-06-12,Siskiyou,093,43540,4654,4633,2905,7538,81
2022-06-12,Solano,095,438530,91187,89424,6435,95859,453
2022-06-12,Sonoma,097,501317,94395,93218,4067,97285,492
2022-06-12,Stanislaus,099,539301,123412,122267,18882,141149,1665
2022-06-12,Sutter,101,95872,21438,21333,2249,23582,227
2022-06-12,Tehama,103,63373,12417,12343,2683,15026,205
2022-06-12,Trinity,105,12862,1221,1213,292,1505,20
2022-06-12,Tulare,107,460477,109797,109467,29514,138981,1495
2022-06-12,Tuolumne,109,53932,13563,13382,662,14044,189
2022-06-12,Ventura,111,848112,185239,183680,11289,194969,1508
2022-06-12,Yolo,113,214977,41980,40202,3486,43688,323
2022-06-12,Yuba,115,75493,16793,16653,1396,18049,123
2022-06-11,Alameda,001,1643700,296566,292112,16536,308648,1877
2022-06-11,Alpine,003,1148,129,129,1,130,0
2022-06-11,Amador,005,37829,9047,8869,727,9596,87
2022-06-11,Butte,007,227075,35097,34596,7642,42238,427
2022-06-11,Calaveras,009,45235,7651,7604,403,8007,122
2022-06-11,Colusa,011,21464,3523,3505,1095,4600,21
2022-06-11,Contra Costa,013,1133247,217438,211229,16448,227677,1315
2022-06-11,Del Norte,015,27424,6336,6253,269,6522,52
2022-06-11,El Dorado,017,186661,28905,28641,3569,32210,215
2022-06-11,Fresno,019,978130,242510,240345,25903,266248,2766
2022-06-11,Glenn,021,27897,5156,5104,1672,6776,48
2022-06-11,Humboldt,023,135768,18886,18696,3753,22449,148
2022-06-11,Imperial,025,180216,57416,57129,11159,68288,941
2022-06-11,Inyo,027,18085,4212,4194,602,4796,56
2022-06-11,Kern,029,883053,198703,197353,48871,246224,2338
2022-06-11,Kings,031,150075,53168,52978,3619,56597,447
2022-06-11,Lake,033,64148,11322,11202,982,12184,139
2022-06-11,Lassen,035,31185,9209,9172,909,10081,64
2022-06-11,Los Angeles,037,10098052,2908741,2878981,138808,3017789,31947
2022-06-11,Madera,039,155013,38810,38567,6571,45138,372
2022-06-11,Marin,041,260295,39153,38593,4372,42965,294
2022-06-11,Mariposa,043,17540,2662,2625,252,2877,30
2022-06-11,Mendocino,045,87422,14093,13945,3616,17561,127
2022-06-11,Merced,047,269075,65063,64286,9506,73792,825
2022-06-11,Modoc,049,8938,769,767,264,1031,8
2022-06-11,Mono,051,14174,3067,3052,172,3224,6
2022-06-11,Monterey,053,433212,84133,83391,16361,99752,739
2022-06-11,Napa,055,140530,28571,28202,1206,29408,143
2022-06-11,Nevada,057,99092,17140,16989,1399,18388,127
2022-06-11,Orange,059,3164182,586238,581624,47642,629266,7057
2022-06-11,Placer,061,380077,68031,67306,8252,75558,628
2022-06-11,Plumas,063,18699,3202,3172,388,3560,13
2022-06-11,Riverside,065,2383286,619560,615556,29829,645385,6481
2022-06-11,Sacramento,067,1510023,305910,302721,29899,332620,3058
2022-06-11,San Benito,069,59416,14026,13832,660,14492,99
2022-06-11,San Bernardino,071,2135413,598630,587385,26222,613607,7708
2022-06-11,San Diego,073,3302833,810111,805360,59462,864822,5315
2022-06-11,San Francisco,075,870044,151568,149278,9975,159253,890
2022-06-11,San Joaquin,077,732212,176683,174822,11486,186308,2244
2022-06-11,San Luis Obispo,079,281455,56691,56160,5027,61187,485
2022-06-11,San Mateo,081,765935,143709,141719,9111,150830,715
2022-06-11,Santa Barbara,083,443738,92862,92177,5342,97519,694
2022-06-11,Santa Clara,085,1922200,369124,359925,15691,375616,2322
2022-06-11,Santa Cruz,087,273765,53951,53171,2606,55777,264
2022-06-11,Shasta,089,179085,31654,31483,6321,37804,566
2022-06-11,Sierra,091,2930,281,278,56,334,4
2022-06-11,Siskiyou,093,43540,4648,4633,2897,7530,81
2022-06-11,Solano,095,438530,91098,89424,6425,95849,453
2022-06-11,Sonoma,097,501317,94287,93218,4042,97260,492
2022-06-11,Stanislaus,099,539301,123310,122267,18859,141126,1665
2022-06-11,Sutter,101,95872,21420,21333,2248,23581,227
2022-06-11,Tehama,103,63373,12410,12343,2683,15026,205
2022-06-11,Trinity,105,12862,1220,1213,292,1505,20
2022-06-11,Tulare,107,460477,109715,109467,29486,138953,1495
2022-06-11,Tuolumne,109,53932,13537,13382,661,14043,189
2022-06-11,Ventura,111,848112,185061,183680,11257,194937,1508
2022-06-11,Yolo,113,214977,41915,40202,3479,43681,323
2022-06-11,Yuba,115,75493,16774,16653,1392,18045,123
2022-06-10,Alameda,001,1643700,296094,292112,16513,308625,1877
2022-06-10,Alpine,003,1148,129,129,1,130,0
2022-06-10,Amador,005,37829,9034,8869,726,9595,87
2022-06-10,Butte,007,227075,35065,34596,7628,42224,427
2022-06-10,Calaveras,009,45235,7646,7604,402,8006,122
2022-06-10,Colusa,011,21464,3518,3505,1094,4599,21
2022-06-10,Contra Costa,013,1133247,217170,211229,16417,227646,1315
2022-06-10,Del Norte,015,27424,6330,6253,268,6521,52
2022-06-10,El Dorado,017,186661,28876,28641,3566,32207,215
2022-06-10,Fresno,019,978130,242281,240345,25880,266225,2766
2022-06-10,Glenn,021,27897,5154,5104,1669,6773,48
2022-06-10,Humboldt,023,135768,18864,18696,3746,22442,148
2022-06-10,Imperial,025,180216,57370,57129,11156,68285,941
2022-06-10,Inyo,027,18085,4211,4194,599,4793,56
2022-06-10,Kern,029,883053,198557,197353,48779,246132,2338
2022-06-10,Kings,031,150075,53148,52978,3618,56596,447
2022-06-10,Lake,033,64148,11307,11202,981,12183,139
2022-06-10,Lassen,035,31185,9206,9172,907,10079,64
2022-06-10,Los Angeles,037,10098052,2906007,2878981,138539,3017520,31947
2022-06-10,Madera,039,155013,38782,38567,6563,45130,372
2022-06-10,Marin,041,260295,39058,38593,4345,42938,294
2022-06-10,Mariposa,043,17540,2658,2625,251,2876,30
2022-06-10,Mendocino,045,87422,14075,13945,3608,17553,127
2022-06-10,Merced,047,269075,65020,64286,9501,73787,825
2022-06-10,Modoc,049,8938,769,767,264,1031,8
2022-06-10,Mono,051,14174,3067,3052,171,3223,6
2022-06-10,Monterey,053,433212,84041,83391,16321,99712,739
2022-06-10,Napa,055,140530,28541,28202,1205,29407,143
2022-06-10,Nevada,057,99092,17127,16989,1398,18387,127
2022-06-10,Orange,059,3164182,585576,581624,47522,629146,7057
2022-06-10,Placer,061,380077,67960,67306,8234,75540,628
2022-06-10,Plumas,063,18699,3198,3172,388,3560,13
2022-06-10,Riverside,065,2383286,619038,615556,29800,645356,6481
2022-06-10,Sacramento,067,1510023,305514,302721,29876,332597,3058
2022-06-10,San Benito,069,59416,14013,13832,659,14491,99
2022-06-10,San Bernardino,071,2135413,598220,587385,26191,613576,7708
2022-06-10,San Diego,073,3302833,809196,805360,59426,864786,5315
2022-06-10,San Francisco,075,870044,151253,149278,9937,159215,890
2022-06-10,San Joaquin,077,732212,176568,174822,11470,186292,2244
2022-06-10,San Luis Obispo,079,281455,56656,56160,5020,61180,485
2022-06-10,San Mateo,081,765935,143453,141719,9098,150817,715
2022-06-10,Santa Barbara,083,443738,92763,92177,5338,97515,694
2022-06-10,Santa Clara,085,1922200,368378,359925,15657,375582,2322
2022-06-10,Santa Cruz,087,273765,53852,53171,2596,55767,264
2022-06-10,Shasta,089,179085,31634,31483,6312,37795,566
2022-06-10,Sierra,091,2930,280,278,56,334,4
2022-06-10,Siskiyou,093,43540,4641,4633,2891,7524,81
2022-06-10,Solano,095,438530,90936,89424,6411,95835,453
2022-06-10,Sonoma,097,501317,94126,93218,4019,97237,492
2022-06-10,Stanislaus,099,539301,123191,122267,18845,141112,1665
2022-06-10,Sutter,101,95872,21405,21333,2246,23579,227
2022-06-10,Tehama,103,63373,12402,12343,2682,15025,205
2022-06-10,Trinity,105,12862,1218,1213,292,1505,20
2022-06-10,Tulare,107,460477,109648,109467,29465,138932,1495
2022-06-10,Tuolumne,109,53932,13523,13382,659,14041,189
2022-06-10,Ventura,111,848112,184875,183680,11223,194903,1508
2022-06-10,Yolo,113,214977,41825,40202,3471,43673,323
2022-06-10,Yuba,115,75493,16753,16653,1389,18042,123
2022-06-09,Alameda,001,1643700,295186,292112,16462,308574,1877
2022-06-09,Alpine,003,1148,129,129,1,130,0
2022-06-09,Amador,005,37829,9023,8869,723,9592,87
2022-06-09,Butte,007,227075,35005,34596,7617,42213,427
2022-06-09,Calaveras,009,45235,7636,7604,402,8006,122
2022-06-09,Colusa,011,21464,3517,3505,1092,4597,21
2022-06-09,Contra Costa,013,1133247,216657,211229,16371,227600,1315
2022-06-09,Del Norte,015,27424,6317,6253,265,6518,52
2022-06-09,El Dorado,017,186661,28819,28641,3556,32197,215
2022-06-09,Fresno,019,978130,241925,240345,25833,266178,2766
2022-06-09,Glenn,021,27897,5148,5104,1667,6771,48
2022-06-09,Humboldt,023,135768,18815,18696,3735,22431,148
2022-06-09,Imperial,025,180216,57312,57129,11139,68268,941
2022-06-09,Inyo,027,18085,4208,4194,594,4788,56
2022-06-09,Kern,029,883053,198355,197353,48679,246032,2338
2022-06-09,Kings,031,150075,53107,52978,3615,56593,447
2022-06-09,Lake,033,64148,11282,11202,979,12181,139
2022-06-09,Lassen,035,31185,9187,9172,905,10077,64
2022-06-09,Los Angeles,037,10098052,2901606,2878981,138158,3017139,31947
2022-06-09,Madera,039,155013,38729,38567,6549,45116,372
2022-06-09,Marin,041,260295,38955,38593,4320,42913,294
2022-06-09,Mariposa,043,17540,2654,2625,250,2875,30
2022-06-09,Mendocino,045,87422,14047,13945,3606,17551,127
2022-06-09,Merced,047,269075,64943,64286,9492,73778,825
2022-06-09,Modoc,049,8938,768,767,264,1031,8
2022-06-09,Mono,051,14174,3061,3052,169,3221,6
2022-06-09,Monterey,053,433212,83920,83391,16252,99643,739
2022-06-09,Napa,055,140530,28481,28202,1203,29405,143
2022-06-09,Nevada,057,99092,17093,16989,1397,18386,127
2022-06-09,Orange,059,3164182,584512,581624,47370,628994,7057
2022-06-09,Placer,061,380077,67839,67306,8221,75527,628
2022-06-09,Plumas,063,18699,3192,3172,388,3560,13
2022-06-09,Riverside,065,2383286,618346,615556,29760,645316,6481
2022-06-09,Sacramento,067,1510023,304931,302721,29789,332510,3058
2022-06-09,San Benito,069,59416,13995,13832,657,14489,99
2022-06-09,San Bernardino,071,2135413,597553,587385,26158,613543,7708
2022-06-09,San Diego,073,3302833,807790,805360,59287,864647,5315
2022-06-09,San Francisco,075,870044,150861,149278,9907,159185,890
2022-06-09,San Joaquin,077,732212,176275,174822,11451,186273,2244
2022-06-09,San Luis Obispo,079,281455,56569,56160,4991,61151,485
2022-06-09,San Mateo,081,765935,143068,141719,9071,150790,715
2022-06-09,Santa Barbara,083,443738,92632,92177,5333,97510,694
2022-06-09,Santa Clara,085,1922200,367412,359925,15589,375514,2322
2022-06-09,Santa Cruz,087,273765,53720,53171,2586,55757,264
2022-06-09,Shasta,089,179085,31602,31483,6302,37785,566
2022-06-09,Sierra,091,2930,280,278,56,334,4
2022-06-09,Siskiyou,093,43540,4634,4633,2877,7510,81
2022-06-09,Solano,095,438530,90690,89424,6396,95820,453
2022-06-09,Sonoma,097,501317,93969,93218,4000,97218,492
2022-06-09,Stanislaus,099,539301,123023,122267,18831,141098,1665
2022-06-09,Sutter,101,95872,21368,21333,2246,23579,227
2022-06-09,Tehama,103,63373,12384,12343,2681,15024,205
2022-06-09,Trinity,105,12862,1217,1213,292,1505,20
2022-06-09,Tulare,107,460477,109527,109467,29429,138896,1495
2022-06-09,Tuolumne,109,53932,13492,13382,656,14038,189
2022-06-09,Ventura,111,848112,184607,183680,11189,194869,1508
2022-06-09,Yolo,113,214977,41713,40202,3456,43658,323
2022-06-09,Yuba,115,75493,16730,16653,1386,18039,123
2022-06-08,Alameda,001,1643700,294424,289661,16414,306075,1873
2022-06-08,Alpine,003,1148,129,128,1,129,0
2022-06-08,Amador,005,37829,9015,8818,721,9539,87
2022-06-08,Butte,007,227075,34938,34380,7599,41979,427
2022-06-08,Calaveras,009,45235,7622,7564,402,7966,122
2022-06-08,Colusa,011,21464,3515,3495,1089,4584,21
2022-06-08,Contra Costa,013,1133247,216145,209384,16306,225690,1310
2022-06-08,Del Norte,015,27424,6295,6229,265,6494,52
2022-06-08,El Dorado,017,186661,28767,28478,3547,32025,215
2022-06-08,Fresno,019,978130,241585,239376,25761,265137,2766
2022-06-08,Glenn,021,27897,5144,5095,1664,6759,48
2022-06-08,Humboldt,023,135768,18785,18598,3709,22307,147
2022-06-08,Imperial,025,180216,57237,56912,11119,68031,941
2022-06-08,Inyo,027,18085,4206,4189,594,4783,56
2022-06-08,Kern,029,883053,198087,196763,48567,245330,2338
2022-06-08,Kings,031,150075,53037,52821,3611,56432,447
2022-06-08,Lake,033,64148,11261,11158,976,12134,137
2022-06-08,Lassen,035,31185,9174,9148,905,10053,64
2022-06-08,Los Angeles,037,10098052,2896973,2865901,137767,3003668,31920
2022-06-08,Madera,039,155013,38684,38408,6536,44944,372
2022-06-08,Marin,041,260295,38863,38338,4303,42641,294
2022-06-08,Mariposa,043,17540,2644,2614,249,2863,30
2022-06-08,Mendocino,045,87422,14027,13859,3594,17453,127
2022-06-08,Merced,047,269075,64877,64080,9470,73550,825
2022-06-08,Modoc,049,8938,764,761,264,1025,8
2022-06-08,Mono,051,14174,3057,3044,169,3213,6
2022-06-08,Monterey,053,433212,83809,83063,16202,99265,740
2022-06-08,Napa,055,140530,28392,27996,1198,29194,143
2022-06-08,Nevada,057,99092,17067,16907,1393,18300,127
2022-06-08,Orange,059,3164182,583406,578530,47179,625709,7044
2022-06-08,Placer,061,380077,67709,66951,8209,75160,627
2022-06-08,Plumas,063,18699,3189,3150,387,3537,13
2022-06-08,Riverside,065,2383286,617660,613469,29725,643194,6480
2022-06-08,Sacramento,067,1510023,304289,300875,29706,330581,3054
2022-06-08,San Benito,069,59416,13961,13734,655,14389,99
2022-06-08,San Bernardino,071,2135413,596859,585029,26114,611143,7685
2022-06-08,San Diego,073,3302833,806295,800840,59111,859951,5308
2022-06-08,San Francisco,075,870044,150438,147960,9881,157841,885
2022-06-08,San Joaquin,077,732212,175999,173887,11423,185310,2241
2022-06-08,San Luis Obispo,079,281455,56413,55822,4928,60750,484
2022-06-08,San Mateo,081,765935,142669,140569,9022,149591,710
2022-06-08,Santa Barbara,083,443738,92493,91747,5322,97069,693
2022-06-08,Santa Clara,085,1922200,366442,356452,15539,371991,2321
2022-06-08,Santa Cruz,087,273765,53580,52753,2575,55328,264
2022-06-08,Shasta,089,179085,31569,31394,6291,37685,565
2022-06-08,Sierra,091,2930,280,278,56,334,4
2022-06-08,Siskiyou,093,43540,4629,4609,2875,7484,81
2022-06-08,Solano,095,438530,90422,88522,6374,94896,453
2022-06-08,Sonoma,097,501317,93784,92644,3966,96610,491
2022-06-08,Stanislaus,099,539301,122840,121787,18796,140583,1662
2022-06-08,Sutter,101,95872,21344,21256,2240,23496,227
2022-06-08,Tehama,103,63373,12377,12306,2680,14986,205
2022-06-08,Trinity,105,12862,1216,1211,291,1502,20
2022-06-08,Tulare,107,460477,109441,109091,29375,138466,1494
2022-06-08,Tuolumne,109,53932,13476,13335,655,13990,189
2022-06-08,Ventura,111,848112,184331,182847,11139,193986,1506
2022-06-08,Yolo,113,214977,41607,39962,3442,43404,321
2022-06-08,Yuba,115,75493,16705,16558,1378,17936,122
2022-06-07,Alameda,001,1643700,293612,289661,16370,306031,1873
2022-06-07,Alpine,003,1148,129,128,1,129,0
2022-06-07,Amador,005,37829,9005,8818,718,9536,87
2022-06-07,Butte,007,227075,34859,34380,7574,41954,427
2022-06-07,Calaveras,009,45235,7614,7564,400,7964,122
2022-06-07,Colusa,011,21464,3515,3495,1086,4581,21
2022-06-07,Contra Costa,013,1133247,215585,209384,16253,225637,1310
2022-06-07,Del Norte,015,27424,6287,6229,262,6491,52
2022-06-07,El Dorado,017,186661,28703,28478,3536,32014,215
2022-06-07,Fresno,019,978130,241200,239376,25693,265069,2766
2022-06-07,Glenn,021,27897,5137,5095,1664,6759,48
2022-06-07,Humboldt,023,135768,18747,18598,3693,22291,147
2022-06-07,Imperial,025,180216,57178,56912,11086,67998,941
2022-06-07,Inyo,027,18085,4205,4189,586,4775,56
2022-06-07,Kern,029,883053,197832,196763,48455,245218,2338
2022-06-07,Kings,031,150075,52979,52821,3607,56428,447
2022-06-07,Lake,033,64148,11236,11158,970,12128,137
2022-06-07,Lassen,035,31185,9165,9148,904,10052,64
2022-06-07,Los Angeles,037,10098052,2891631,2865901,137330,3003231,31920
2022-06-07,Madera,039,155013,38612,38408,6520,44928,372
2022-06-07,Marin,041,260295,38779,38338,4276,42614,294
2022-06-07,Mariposa,043,17540,2637,2614,247,2861,30
2022-06-07,Mendocino,045,87422,13995,13859,3563,17422,127
2022-06-07,Merced,047,269075,64785,64080,9454,73534,825
2022-06-07,Modoc,049,8938,764,761,262,1023,8
2022-06-07,Mono,051,14174,3055,3044,167,3211,6
2022-06-07,Monterey,053,433212,83681,83063,16148,99211,740
2022-06-07,Napa,055,140530,28319,27996,1191,29187,143
2022-06-07,Nevada,057,99092,17040,16907,1387,18294,127
2022-06-07,Orange,059,3164182,582287,578530,47017,625547,7044
2022-06-07,Placer,061,380077,67557,66951,8177,75128,627
2022-06-07,Plumas,063,18699,3184,3150,386,3536,13
2022-06-07,Riverside,065,2383286,616784,613469,29674,643143,6480
2022-06-07,Sacramento,067,1510023,303565,300875,29603,330478,3054
2022-06-07,San Benito,069,59416,13918,13734,651,14385,99
2022-06-07,San Bernardino,071,2135413,596088,585029,26086,611115,7685
2022-06-07,San Diego,073,3302833,804717,800840,58900,859740,5308
2022-06-07,San Francisco,075,870044,149925,147960,9859,157819,885
2022-06-07,San Joaquin,077,732212,175664,173887,11385,185272,2241
2022-06-07,San Luis Obispo,079,281455,56310,55822,4883,60705,484
2022-06-07,San Mateo,081,765935,142251,140569,8966,149535,710
2022-06-07,Santa Barbara,083,443738,92347,91747,5309,97056,693
2022-06-07,Santa Clara,085,1922200,365303,356452,15459,371911,2321
2022-06-07,Santa Cruz,087,273765,53479,52753,2568,55321,264
2022-06-07,Shasta,089,179085,31532,31394,6284,37678,565
2022-06-07,Sierra,091,2930,279,278,56,334,4
2022-06-07,Siskiyou,093,43540,4622,4609,2871,7480,81
2022-06-07,Solano,095,438530,90096,88522,6356,94878,453
2022-06-07,Sonoma,097,501317,93555,92644,3934,96578,491
2022-06-07,Stanislaus,099,539301,122667,121787,18776,140563,1662
2022-06-07,Sutter,101,95872,21315,21256,2238,23494,227
2022-06-07,Tehama,103,63373,12361,12306,2676,14982,205
2022-06-07,Trinity,105,12862,1215,1211,291,1502,20
2022-06-07,Tulare,107,460477,109315,109091,29325,138416,1494
2022-06-07,Tuolumne,109,53932,13463,13335,653,13988,189
2022-06-07,Ventura,111,848112,183966,182847,11095,193942,1506
2022-06-07,Yolo,113,214977,41491,39962,3433,43395,321
2022-06-07,Yuba,115,75493,16676,16558,1377,17935,122
2022-06-06,Alameda,001,1643700,292731,289661,16316,305977,1873
2022-06-06,Alpine,003,1148,129,128,1,129,0
2022-06-06,Amador,005,37829,8954,8818,716,9534,87
2022-06-06,Butte,007,227075,34795,34380,7560,41940,427
2022-06-06,Calaveras,009,45235,7603,7564,400,7964,122
2022-06-06,Colusa,011,21464,3514,3495,1082,4577,21
2022-06-06,Contra Costa,013,1133247,214933,209384,16171,225555,1310
2022-06-06,Del Norte,015,27424,6279,6229,261,6490,52
2022-06-06,El Dorado,017,186661,28656,28478,3524,32002,215
2022-06-06,Fresno,019,978130,240776,239376,25624,265000,2766
2022-06-06,Glenn,021,27897,5129,5095,1662,6757,48
2022-06-06,Humboldt,023,135768,18709,18598,3680,22278,147
2022-06-06,Imperial,025,180216,57105,56912,11053,67965,941
2022-06-06,Inyo,027,18085,4201,4189,583,4772,56
2022-06-06,Kern,029,883053,197549,196763,48317,245080,2338
2022-06-06,Kings,031,150075,52920,52821,3604,56425,447
2022-06-06,Lake,033,64148,11216,11158,964,12122,137
2022-06-06,Lassen,035,31185,9155,9148,903,10051,64
2022-06-06,Los Angeles,037,10098052,2885989,2865901,136911,3002812,31920
2022-06-06,Madera,039,155013,38544,38408,6492,44900,372
2022-06-06,Marin,041,260295,38654,38338,4239,42577,294
2022-06-06,Mariposa,043,17540,2627,2614,245,2859,30
2022-06-06,Mendocino,045,87422,13966,13859,3552,17411,127
2022-06-06,Merced,047,269075,64665,64080,9430,73510,825
2022-06-06,Modoc,049,8938,762,761,260,1021,8
2022-06-06,Mono,051,14174,3052,3044,166,3210,6
2022-06-06,Monterey,053,433212,83538,83063,16083,99146,740
2022-06-06,Napa,055,140530,28240,27996,1182,29178,143
2022-06-06,Nevada,057,99092,17012,16907,1383,18290,127
2022-06-06,Orange,059,3164182,581160,578530,46856,625386,7044
2022-06-06,Placer,061,380077,67441,66951,8145,75096,627
2022-06-06,Plumas,063,18699,3177,3150,385,3535,13
2022-06-06,Riverside,065,2383286,615992,613469,29624,643093,6480
2022-06-06,Sacramento,067,1510023,302791,300875,29500,330375,3054
2022-06-06,San Benito,069,59416,13870,13734,647,14381,99
2022-06-06,San Bernardino,071,2135413,595317,585029,26044,611073,7685
2022-06-06,San Diego,073,3302833,802927,800840,58665,859505,5308
2022-06-06,San Francisco,075,870044,149408,147960,9837,157797,885
2022-06-06,San Joaquin,077,732212,175281,173887,11353,185240,2241
2022-06-06,San Luis Obispo,079,281455,56201,55822,4850,60672,484
2022-06-06,San Mateo,081,765935,141770,140569,8928,149497,710
2022-06-06,Santa Barbara,083,443738,92170,91747,5291,97038,693
2022-06-06,Santa Clara,085,1922200,364043,356452,15375,371827,2321
2022-06-06,Santa Cruz,087,273765,53324,52753,2556,55309,264
2022-06-06,Shasta,089,179085,31497,31394,6272,37666,565
2022-06-06,Sierra,091,2930,279,278,56,334,4
2022-06-06,Siskiyou,093,43540,4612,4609,2861,7470,81
2022-06-06,Solano,095,438530,89803,88522,6337,94859,453
2022-06-06,Sonoma,097,501317,93314,92644,3906,96550,491
2022-06-06,Stanislaus,099,539301,122479,121787,18750,140537,1662
2022-06-06,Sutter,101,95872,21285,21256,2232,23488,227
2022-06-06,Tehama,103,63373,12349,12306,2674,14980,205
2022-06-06,Trinity,105,12862,1213,1211,291,1502,20
2022-06-06,Tulare,107,460477,109176,109091,29270,138361,1494
2022-06-06,Tuolumne,109,53932,13444,13335,652,13987,189
2022-06-06,Ventura,111,848112,183659,182847,11052,193899,1506
2022-06-06,Yolo,113,214977,41335,39962,3422,43384,321
2022-06-06,Yuba,115,75493,16633,16558,1370,17928,122
2022-06-05,Alameda,001,1643700,291682,285785,16255,302040,1873
2022-06-05,Alpine,003,1148,128,128,1,129,0
2022-06-05,Amador,005,37829,8916,8775,713,9488,87
2022-06-05,Butte,007,227075,34716,34129,7542,41671,427
2022-06-05,Calaveras,009,45235,7587,7525,394,7919,121
2022-06-05,Colusa,011,21464,3508,3484,1082,4566,21
2022-06-05,Contra Costa,013,1133247,214223,206711,16062,222773,1310
2022-06-05,Del Norte,015,27424,6268,6206,257,6463,52
2022-06-05,El Dorado,017,186661,28579,28241,3515,31756,214
2022-06-05,Fresno,019,978130,240310,237945,25534,263479,2766
2022-06-05,Glenn,021,27897,5122,5063,1662,6725,48
2022-06-05,Humboldt,023,135768,18660,18433,3658,22091,147
2022-06-05,Imperial,025,180216,57009,56690,11005,67695,941
2022-06-05,Inyo,027,18085,4197,4176,578,4754,56
2022-06-05,Kern,029,883053,197238,195863,48197,244060,2338
2022-06-05,Kings,031,150075,52845,52597,3598,56195,447
2022-06-05,Lake,033,64148,11197,11064,960,12024,137
2022-06-05,Lassen,035,31185,9147,9106,899,10005,64
2022-06-05,Los Angeles,037,10098052,2879915,2846989,136376,2983365,31899
2022-06-05,Madera,039,155013,38482,38188,6476,44664,372
2022-06-05,Marin,041,260295,38540,37879,4206,42085,294
2022-06-05,Mariposa,043,17540,2625,2557,244,2801,30
2022-06-05,Mendocino,045,87422,13930,13738,3505,17243,125
2022-06-05,Merced,047,269075,64574,63756,9396,73152,825
2022-06-05,Modoc,049,8938,761,759,260,1019,8
2022-06-05,Mono,051,14174,3049,3037,164,3201,6
2022-06-05,Monterey,053,433212,83378,82451,16000,98451,738
2022-06-05,Napa,055,140530,28111,27686,1173,28859,143
2022-06-05,Nevada,057,99092,16968,16728,1367,18095,127
2022-06-05,Orange,059,3164182,579896,574146,46668,620814,7038
2022-06-05,Placer,061,380077,67300,66428,8112,74540,627
2022-06-05,Plumas,063,18699,3169,3138,385,3523,13
2022-06-05,Riverside,065,2383286,615056,610369,29561,639930,6481
2022-06-05,Sacramento,067,1510023,301878,297787,29357,327144,3052
2022-06-05,San Benito,069,59416,13825,13572,641,14213,99
2022-06-05,San Bernardino,071,2135413,594333,582305,26000,608305,7664
2022-06-05,San Diego,073,3302833,801027,794822,58473,853295,5303
2022-06-05,San Francisco,075,870044,148820,145876,9784,155660,881
2022-06-05,San Joaquin,077,732212,174844,172621,11305,183926,2242
2022-06-05,San Luis Obispo,079,281455,56039,55333,4777,60110,484
2022-06-05,San Mateo,081,765935,141256,138536,8880,147416,710
2022-06-05,Santa Barbara,083,443738,91978,90911,5272,96183,693
2022-06-05,Santa Clara,085,1922200,362624,351492,15286,366778,2317
2022-06-05,Santa Cruz,087,273765,53132,52333,2543,54876,263
2022-06-05,Shasta,089,179085,31456,31272,6261,37533,565
2022-06-05,Sierra,091,2930,279,278,56,334,4
2022-06-05,Siskiyou,093,43540,4607,4591,2849,7440,81
2022-06-05,Solano,095,438530,89461,87571,6320,93891,452
2022-06-05,Sonoma,097,501317,93034,91518,3877,95395,491
2022-06-05,Stanislaus,099,539301,122282,121001,18722,139723,1661
2022-06-05,Sutter,101,95872,21253,21125,2225,23350,227
2022-06-05,Tehama,103,63373,12331,12262,2671,14933,204
2022-06-05,Trinity,105,12862,1213,1204,291,1495,20
2022-06-05,Tulare,107,460477,108988,108598,29195,137793,1490
2022-06-05,Tuolumne,109,53932,13415,13251,639,13890,189
2022-06-05,Ventura,111,848112,183306,181709,10995,192704,1505
2022-06-05,Yolo,113,214977,41206,39561,3410,42971,321
2022-06-05,Yuba,115,75493,16593,16467,1362,17829,122
2022-06-04,Alameda,001,1643700,291180,285785,16235,302020,1873
2022-06-04,Alpine,003,1148,128,128,1,129,0
2022-06-04,Amador,005,37829,8907,8775,711,9486,87
2022-06-04,Butte,007,227075,34677,34129,7537,41666,427
2022-06-04,Calaveras,009,45235,7573,7525,394,7919,121
2022-06-04,Colusa,011,21464,3505,3484,1077,4561,21
2022-06-04,Contra Costa,013,1133247,213835,206711,16022,222733,1310
2022-06-04,Del Norte,015,27424,6267,6206,257,6463,52
2022-06-04,El Dorado,017,186661,28540,28241,3511,31752,214
2022-06-04,Fresno,019,978130,240139,237945,25517,263462,2766
2022-06-04,Glenn,021,27897,5118,5063,1661,6724,48
2022-06-04,Humboldt,023,135768,18638,18433,3652,22085,147
2022-06-04,Imperial,025,180216,56958,56690,10993,67683,941
2022-06-04,Inyo,027,18085,4197,4176,577,4753,56
2022-06-04,Kern,029,883053,197115,195863,48129,243992,2338
2022-06-04,Kings,031,150075,52803,52597,3598,56195,447
2022-06-04,Lake,033,64148,11182,11064,954,12018,137
2022-06-04,Lassen,035,31185,9142,9106,898,10004,64
2022-06-04,Los Angeles,037,10098052,2877463,2846989,136100,2983089,31899
2022-06-04,Madera,039,155013,38448,38188,6472,44660,372
2022-06-04,Marin,041,260295,38463,37879,4165,42044,294
2022-06-04,Mariposa,043,17540,2622,2557,244,2801,30
2022-06-04,Mendocino,045,87422,13917,13738,3504,17242,125
2022-06-04,Merced,047,269075,64522,63756,9388,73144,825
2022-06-04,Modoc,049,8938,760,759,259,1018,8
2022-06-04,Mono,051,14174,3049,3037,164,3201,6
2022-06-04,Monterey,053,433212,83293,82451,15965,98416,738
2022-06-04,Napa,055,140530,28069,27686,1171,28857,143
2022-06-04,Nevada,057,99092,16955,16728,1366,18094,127
2022-06-04,Orange,059,3164182,579255,574146,46541,620687,7038
2022-06-04,Placer,061,380077,67218,66428,8095,74523,627
2022-06-04,Plumas,063,18699,3165,3138,384,3522,13
2022-06-04,Riverside,065,2383286,614521,610369,29536,639905,6481
2022-06-04,Sacramento,067,1510023,301520,297787,29329,327116,3052
2022-06-04,San Benito,069,59416,13799,13572,638,14210,99
2022-06-04,San Bernardino,071,2135413,593883,582305,25971,608276,7664
2022-06-04,San Diego,073,3302833,800298,794822,58426,853248,5303
2022-06-04,San Francisco,075,870044,148492,145876,9763,155639,881
2022-06-04,San Joaquin,077,732212,174699,172621,11268,183889,2242
2022-06-04,San Luis Obispo,079,281455,56001,55333,4770,60103,484
2022-06-04,San Mateo,081,765935,140952,138536,8852,147388,710
2022-06-04,Santa Barbara,083,443738,91880,90911,5251,96162,693
2022-06-04,Santa Clara,085,1922200,361755,351492,15245,366737,2317
2022-06-04,Santa Cruz,087,273765,53047,52333,2530,54863,263
2022-06-04,Shasta,089,179085,31433,31272,6258,37530,565
2022-06-04,Sierra,091,2930,279,278,56,334,4
2022-06-04,Siskiyou,093,43540,4603,4591,2843,7434,81
2022-06-04,Solano,095,438530,89376,87571,6303,93874,452
2022-06-04,Sonoma,097,501317,92881,91518,3863,95381,491
2022-06-04,Stanislaus,099,539301,122144,121001,18707,139708,1661
2022-06-04,Sutter,101,95872,21226,21125,2222,23347,227
2022-06-04,Tehama,103,63373,12317,12262,2670,14932,204
2022-06-04,Trinity,105,12862,1213,1204,291,1495,20
2022-06-04,Tulare,107,460477,108922,108598,29153,137751,1490
2022-06-04,Tuolumne,109,53932,13405,13251,636,13887,189
2022-06-04,Ventura,111,848112,183121,181709,10978,192687,1505
2022-06-04,Yolo,113,214977,41128,39561,3405,42966,321
2022-06-04,Yuba,115,75493,16577,16467,1358,17825,122
2022-06-03,Alameda,001,1643700,290645,285785,16209,301994,1873
2022-06-03,Alpine,003,1148,128,128,1,129,0
2022-06-03,Amador,005,37829,8901,8775,709,9484,87
2022-06-03,Butte,007,227075,34626,34129,7527,41656,427
2022-06-03,Calaveras,009,45235,7568,7525,394,7919,121
2022-06-03,Colusa,011,21464,3505,3484,1075,4559,21
2022-06-03,Contra Costa,013,1133247,213524,206711,15993,222704,1310
2022-06-03,Del Norte,015,27424,6263,6206,254,6460,52
2022-06-03,El Dorado,017,186661,28511,28241,3508,31749,214
2022-06-03,Fresno,019,978130,239910,237945,25484,263429,2766
2022-06-03,Glenn,021,27897,5112,5063,1659,6722,48
2022-06-03,Humboldt,023,135768,18618,18433,3647,22080,147
2022-06-03,Imperial,025,180216,56912,56690,10983,67673,941
2022-06-03,Inyo,027,18085,4196,4176,577,4753,56
2022-06-03,Kern,029,883053,196974,195863,48061,243924,2338
2022-06-03,Kings,031,150075,52779,52597,3598,56195,447
2022-06-03,Lake,033,64148,11171,11064,951,12015,137
2022-06-03,Lassen,035,31185,9137,9106,898,10004,64
2022-06-03,Los Angeles,037,10098052,2874565,2846989,135814,2982803,31899
2022-06-03,Madera,039,155013,38404,38188,6463,44651,372
2022-06-03,Marin,041,260295,38394,37879,4130,42009,294
2022-06-03,Mariposa,043,17540,2618,2557,244,2801,30
2022-06-03,Mendocino,045,87422,13895,13738,3503,17241,125
2022-06-03,Merced,047,269075,64471,63756,9385,73141,825
2022-06-03,Modoc,049,8938,760,759,259,1018,8
2022-06-03,Mono,051,14174,3046,3037,164,3201,6
2022-06-03,Monterey,053,433212,83194,82451,15918,98369,738
2022-06-03,Napa,055,140530,28019,27686,1163,28849,143
2022-06-03,Nevada,057,99092,16934,16728,1365,18093,127
2022-06-03,Orange,059,3164182,578570,574146,46437,620583,7038
2022-06-03,Placer,061,380077,67137,66428,8078,74506,627
2022-06-03,Plumas,063,18699,3163,3138,383,3521,13
2022-06-03,Riverside,065,2383286,613993,610369,29506,639875,6481
2022-06-03,Sacramento,067,1510023,301049,297787,29294,327081,3052
2022-06-03,San Benito,069,59416,13786,13572,634,14206,99
2022-06-03,San Bernardino,071,2135413,593430,582305,25936,608241,7664
2022-06-03,San Diego,073,3302833,799349,794822,58303,853125,5303
2022-06-03,San Francisco,075,870044,148126,145876,9731,155607,881
2022-06-03,San Joaquin,077,732212,174534,172621,11249,183870,2242
2022-06-03,San Luis Obispo,079,281455,55956,55333,4761,60094,484
2022-06-03,San Mateo,081,765935,140669,138536,8839,147375,710
2022-06-03,Santa Barbara,083,443738,91761,90911,5249,96160,693
2022-06-03,Santa Clara,085,1922200,360862,351492,15198,366690,2317
2022-06-03,Santa Cruz,087,273765,52915,52333,2517,54850,263
2022-06-03,Shasta,089,179085,31421,31272,6257,37529,565
2022-06-03,Sierra,091,2930,279,278,56,334,4
2022-06-03,Siskiyou,093,43540,4599,4591,2842,7433,81
2022-06-03,Solano,095,438530,89260,87571,6292,93863,452
2022-06-03,Sonoma,097,501317,92736,91518,3854,95372,491
2022-06-03,Stanislaus,099,539301,122037,121001,18686,139687,1661
2022-06-03,Sutter,101,95872,21203,21125,2221,23346,227
2022-06-03,Tehama,103,63373,12311,12262,2669,14931,204
2022-06-03,Trinity,105,12862,1211,1204,291,1495,20
2022-06-03,Tulare,107,460477,108854,108598,29118,137716,1490
2022-06-03,Tuolumne,109,53932,13394,13251,633,13884,189
2022-06-03,Ventura,111,848112,182933,181709,10953,192662,1505
2022-06-03,Yolo,113,214977,41066,39561,3391,42952,321
2022-06-03,Yuba,115,75493,16552,16467,1356,17823,122
2022-06-02,Alameda,001,1643700,289749,285785,16145,301930,1873
2022-06-02,Alpine,003,1148,128,128,1,129,0
2022-06-02,Amador,005,37829,8878,8775,707,9482,87
2022-06-02,Butte,007,227075,34550,34129,7511,41640,427
2022-06-02,Calaveras,009,45235,7555,7525,393,7918,121
2022-06-02,Colusa,011,21464,3502,3484,1075,4559,21
2022-06-02,Contra Costa,013,1133247,212938,206711,15901,222612,1310
2022-06-02,Del Norte,015,27424,6253,6206,253,6459,52
2022-06-02,El Dorado,017,186661,28444,28241,3496,31737,214
2022-06-02,Fresno,019,978130,239565,237945,25428,263373,2766
2022-06-02,Glenn,021,27897,5106,5063,1656,6719,48
2022-06-02,Humboldt,023,135768,18577,18433,3626,22059,147
2022-06-02,Imperial,025,180216,56852,56690,10972,67662,941
2022-06-02,Inyo,027,18085,4196,4176,574,4750,56
2022-06-02,Kern,029,883053,196691,195863,47957,243820,2338
2022-06-02,Kings,031,150075,52726,52597,3593,56190,447
2022-06-02,Lake,033,64148,11149,11064,949,12013,137
2022-06-02,Lassen,035,31185,9126,9106,898,10004,64
2022-06-02,Los Angeles,037,10098052,2869640,2846989,135387,2982376,31899
2022-06-02,Madera,039,155013,38351,38188,6450,44638,372
2022-06-02,Marin,041,260295,38296,37879,4103,41982,294
2022-06-02,Mariposa,043,17540,2613,2557,243,2800,30
2022-06-02,Mendocino,045,87422,13866,13738,3495,17233,125
2022-06-02,Merced,047,269075,64394,63756,9376,73132,825
2022-06-02,Modoc,049,8938,759,759,259,1018,8
2022-06-02,Mono,051,14174,3046,3037,164,3201,6
2022-06-02,Monterey,053,433212,83042,82451,15854,98305,738
2022-06-02,Napa,055,140530,27943,27686,1160,28846,143
2022-06-02,Nevada,057,99092,16897,16728,1360,18088,127
2022-06-02,Orange,059,3164182,577540,574146,46291,620437,7038
2022-06-02,Placer,061,380077,67016,66428,8054,74482,627
2022-06-02,Plumas,063,18699,3154,3138,383,3521,13
2022-06-02,Riverside,065,2383286,613309,610369,29447,639816,6481
2022-06-02,Sacramento,067,1510023,300409,297787,29189,326976,3052
2022-06-02,San Benito,069,59416,13753,13572,632,14204,99
2022-06-02,San Bernardino,071,2135413,592761,582305,25890,608195,7664
2022-06-02,San Diego,073,3302833,797976,794822,58131,852953,5303
2022-06-02,San Francisco,075,870044,147709,145876,9682,155558,881
2022-06-02,San Joaquin,077,732212,174223,172621,11216,183837,2242
2022-06-02,San Luis Obispo,079,281455,55826,55333,4726,60059,484
2022-06-02,San Mateo,081,765935,140291,138536,8786,147322,710
2022-06-02,Santa Barbara,083,443738,91587,90911,5234,96145,693
2022-06-02,Santa Clara,085,1922200,359774,351492,15078,366570,2317
2022-06-02,Santa Cruz,087,273765,52799,52333,2506,54839,263
2022-06-02,Shasta,089,179085,31391,31272,6250,37522,565
2022-06-02,Sierra,091,2930,279,278,56,334,4
2022-06-02,Siskiyou,093,43540,4592,4591,2833,7424,81
2022-06-02,Solano,095,438530,88986,87571,6281,93852,452
2022-06-02,Sonoma,097,501317,92510,91518,3828,95346,491
2022-06-02,Stanislaus,099,539301,121878,121001,18657,139658,1661
2022-06-02,Sutter,101,95872,21176,21125,2215,23340,227
2022-06-02,Tehama,103,63373,12299,12262,2662,14924,204
2022-06-02,Trinity,105,12862,1209,1204,291,1495,20
2022-06-02,Tulare,107,460477,108724,108598,29052,137650,1490
2022-06-02,Tuolumne,109,53932,13375,13251,631,13882,189
2022-06-02,Ventura,111,848112,182662,181709,10919,192628,1505
2022-06-02,Yolo,113,214977,40957,39561,3381,42942,321
2022-06-02,Yuba,115,75493,16531,16467,1349,17816,122
2022-06-01,Alameda,001,1643700,288746,284051,16090,300141,1868
2022-06-01,Alpine,003,1148,128,128,1,129,0
2022-06-01,Amador,005,37829,8872,8741,705,9446,87
2022-06-01,Butte,007,227075,34481,34059,7497,41556,427
2022-06-01,Calaveras,009,45235,7550,7502,390,7892,120
2022-06-01,Colusa,011,21464,3499,3476,1075,4551,21
2022-06-01,Contra Costa,013,1133247,212293,205699,15824,221523,1310
2022-06-01,Del Norte,015,27424,6243,6188,252,6440,51
2022-06-01,El Dorado,017,186661,28382,28133,3478,31611,214
2022-06-01,Fresno,019,978130,239207,237367,25372,262739,2765
2022-06-01,Glenn,021,27897,5101,5059,1655,6714,48
2022-06-01,Humboldt,023,135768,18534,18371,3603,21974,147
2022-06-01,Imperial,025,180216,56785,56445,10945,67390,938
2022-06-01,Inyo,027,18085,4192,4171,568,4739,56
2022-06-01,Kern,029,883053,196466,195438,47875,243313,2336
2022-06-01,Kings,031,150075,52669,52491,3589,56080,447
2022-06-01,Lake,033,64148,11128,11024,944,11968,137
2022-06-01,Lassen,035,31185,9113,9083,897,9980,64
2022-06-01,Los Angeles,037,10098052,2864233,2836856,134956,2971812,31882
2022-06-01,Madera,039,155013,38313,38115,6436,44551,372
2022-06-01,Marin,041,260295,38182,37654,4062,41716,293
2022-06-01,Mariposa,043,17540,2598,2549,242,2791,30
2022-06-01,Mendocino,045,87422,13839,13692,3479,17171,125
2022-06-01,Merced,047,269075,64313,63637,9358,72995,824
2022-06-01,Modoc,049,8938,756,755,258,1013,8
2022-06-01,Mono,051,14174,3044,3035,163,3198,6
2022-06-01,Monterey,053,433212,82887,82215,15791,98006,737
2022-06-01,Napa,055,140530,27867,27580,1150,28730,143
2022-06-01,Nevada,057,99092,16858,16693,1351,18044,127
2022-06-01,Orange,059,3164182,576291,571973,46136,618109,7032
2022-06-01,Placer,061,380077,66873,66199,8021,74220,627
2022-06-01,Plumas,063,18699,3147,3117,382,3499,13
2022-06-01,Riverside,065,2383286,612571,608913,29401,638314,6480
2022-06-01,Sacramento,067,1510023,299656,296457,29085,325542,3045
2022-06-01,San Benito,069,59416,13715,13510,621,14131,98
2022-06-01,San Bernardino,071,2135413,592054,580767,25852,606619,7641
2022-06-01,San Diego,073,3302833,796283,791557,57932,849489,5292
2022-06-01,San Francisco,075,870044,147190,144476,9644,154120,879
2022-06-01,San Joaquin,077,732212,173925,172170,11187,183357,2241
2022-06-01,San Luis Obispo,079,281455,55659,55099,4693,59792,482
2022-06-01,San Mateo,081,765935,139810,137566,8711,146277,710
2022-06-01,Santa Barbara,083,443738,91404,90531,5219,95750,693
2022-06-01,Santa Clara,085,1922200,358617,348742,14987,363729,2317
2022-06-01,Santa Cruz,087,273765,52686,52141,2496,54637,263
2022-06-01,Shasta,089,179085,31360,31247,6247,37494,564
2022-06-01,Sierra,091,2930,279,280,56,336,4
2022-06-01,Siskiyou,093,43540,4587,4574,2828,7402,81
2022-06-01,Solano,095,438530,88752,87206,6253,93459,452
2022-06-01,Sonoma,097,501317,92257,91174,3804,94978,491
2022-06-01,Stanislaus,099,539301,121687,120778,18635,139413,1656
2022-06-01,Sutter,101,95872,21147,21065,2211,23276,227
2022-06-01,Tehama,103,63373,12292,12245,2658,14903,204
2022-06-01,Trinity,105,12862,1208,1200,290,1490,20
2022-06-01,Tulare,107,460477,108613,108401,28995,137396,1490
2022-06-01,Tuolumne,109,53932,13361,13221,630,13851,189
2022-06-01,Ventura,111,848112,182379,181163,10888,192051,1503
2022-06-01,Yolo,113,214977,40874,39371,3370,42741,320
2022-06-01,Yuba,115,75493,16507,16406,1341,17747,122
2022-05-31,Alameda,001,1643700,287642,284051,16036,300087,1868
2022-05-31,Alpine,003,1148,128,128,1,129,0
2022-05-31,Amador,005,37829,8854,8741,699,9440,87
2022-05-31,Butte,007,227075,34420,34059,7479,41538,427
2022-05-31,Calaveras,009,45235,7539,7502,390,7892,120
2022-05-31,Colusa,011,21464,3494,3476,1074,4550,21
2022-05-31,Contra Costa,013,1133247,211542,205699,15729,221428,1310
2022-05-31,Del Norte,015,27424,6234,6188,250,6438,51
2022-05-31,El Dorado,017,186661,28321,28133,3458,31591,214
2022-05-31,Fresno,019,978130,238804,237367,25303,262670,2765
2022-05-31,Glenn,021,27897,5093,5059,1653,6712,48
2022-05-31,Humboldt,023,135768,18503,18371,3583,21954,147
2022-05-31,Imperial,025,180216,56721,56445,10921,67366,938
2022-05-31,Inyo,027,18085,4186,4171,566,4737,56
2022-05-31,Kern,029,883053,196222,195438,47779,243217,2336
2022-05-31,Kings,031,150075,52618,52491,3582,56073,447
2022-05-31,Lake,033,64148,11109,11024,940,11964,137
2022-05-31,Lassen,035,31185,9101,9083,896,9979,64
2022-05-31,Los Angeles,037,10098052,2858151,2836856,134491,2971347,31882
2022-05-31,Madera,039,155013,38249,38115,6416,44531,372
2022-05-31,Marin,041,260295,38044,37654,4026,41680,293
2022-05-31,Mariposa,043,17540,2592,2549,237,2786,30
2022-05-31,Mendocino,045,87422,13804,13692,3462,17154,125
2022-05-31,Merced,047,269075,64226,63637,9335,72972,824
2022-05-31,Modoc,049,8938,754,755,258,1013,8
2022-05-31,Mono,051,14174,3040,3035,163,3198,6
2022-05-31,Monterey,053,433212,82727,82215,15725,97940,737
2022-05-31,Napa,055,140530,27774,27580,1147,28727,143
2022-05-31,Nevada,057,99092,16811,16693,1349,18042,127
2022-05-31,Orange,059,3164182,575064,571973,45954,617927,7032
2022-05-31,Placer,061,380077,66713,66199,7991,74190,627
2022-05-31,Plumas,063,18699,3143,3117,381,3498,13
2022-05-31,Riverside,065,2383286,611652,608913,29339,638252,6480
2022-05-31,Sacramento,067,1510023,298803,296457,28944,325401,3045
2022-05-31,San Benito,069,59416,13660,13510,616,14126,98
2022-05-31,San Bernardino,071,2135413,591173,580767,25817,606584,7641
2022-05-31,San Diego,073,3302833,794406,791557,57727,849284,5292
2022-05-31,San Francisco,075,870044,146550,144476,9602,154078,879
2022-05-31,San Joaquin,077,732212,173549,172170,11145,183315,2241
2022-05-31,San Luis Obispo,079,281455,55509,55099,4628,59727,482
2022-05-31,San Mateo,081,765935,139252,137566,8669,146235,710
2022-05-31,Santa Barbara,083,443738,91180,90531,5196,95727,693
2022-05-31,Santa Clara,085,1922200,357107,348742,14909,363651,2317
2022-05-31,Santa Cruz,087,273765,52566,52141,2476,54617,263
2022-05-31,Shasta,089,179085,31326,31247,6236,37483,564
2022-05-31,Sierra,091,2930,278,280,55,335,4
2022-05-31,Siskiyou,093,43540,4582,4574,2822,7396,81
2022-05-31,Solano,095,438530,88420,87206,6229,93435,452
2022-05-31,Sonoma,097,501317,91968,91174,3765,94939,491
2022-05-31,Stanislaus,099,539301,121483,120778,18610,139388,1656
2022-05-31,Sutter,101,95872,21118,21065,2205,23270,227
2022-05-31,Tehama,103,63373,12283,12245,2653,14898,204
2022-05-31,Trinity,105,12862,1207,1200,290,1490,20
2022-05-31,Tulare,107,460477,108474,108401,28936,137337,1490
2022-05-31,Tuolumne,109,53932,13346,13221,627,13848,189
2022-05-31,Ventura,111,848112,182059,181163,10839,192002,1503
2022-05-31,Yolo,113,214977,40700,39371,3359,42730,320
2022-05-31,Yuba,115,75493,16475,16406,1335,17741,122
2022-05-30,Alameda,001,1643700,286273,284051,15947,299998,1868
2022-05-30,Alpine,003,1148,128,128,1,129,0
2022-05-30,Amador,005,37829,8839,8741,698,9439,87
2022-05-30,Butte,007,227075,34343,34059,7456,41515,427
2022-05-30,Calaveras,009,45235,7530,7502,390,7892,120
2022-05-30,Colusa,011,21464,3492,3476,1073,4549,21
2022-05-30,Contra Costa,013,1133247,210699,205699,15593,221292,1310
2022-05-30,Del Norte,015,27424,6216,6188,249,6437,51
2022-05-30,El Dorado,017,186661,28244,28133,3438,31571,214
2022-05-30,Fresno,019,978130,238332,237367,25228,262595,2765
2022-05-30,Glenn,021,27897,5088,5059,1650,6709,48
2022-05-30,Humboldt,023,135768,18449,18371,3555,21926,147
2022-05-30,Imperial,025,180216,56640,56445,10894,67339,938
2022-05-30,Inyo,027,18085,4181,4171,565,4736,56
2022-05-30,Kern,029,883053,195942,195438,47663,243101,2336
2022-05-30,Kings,031,150075,52522,52491,3582,56073,447
2022-05-30,Lake,033,64148,11080,11024,931,11955,137
2022-05-30,Lassen,035,31185,9086,9083,893,9976,64
2022-05-30,Los Angeles,037,10098052,2850813,2836856,133982,2970838,31882
2022-05-30,Madera,039,155013,38193,38115,6376,44491,372
2022-05-30,Marin,041,260295,37919,37654,3984,41638,293
2022-05-30,Mariposa,043,17540,2569,2549,233,2782,30
2022-05-30,Mendocino,045,87422,13757,13692,3444,17136,125
2022-05-30,Merced,047,269075,64129,63637,9298,72935,824
2022-05-30,Modoc,049,8938,751,755,256,1011,8
2022-05-30,Mono,051,14174,3037,3035,163,3198,6
2022-05-30,Monterey,053,433212,82539,82215,15637,97852,737
2022-05-30,Napa,055,140530,27697,27580,1139,28719,143
2022-05-30,Nevada,057,99092,16764,16693,1344,18037,127
2022-05-30,Orange,059,3164182,573599,571973,45738,617711,7032
2022-05-30,Placer,061,380077,66572,66199,7961,74160,627
2022-05-30,Plumas,063,18699,3137,3117,378,3495,13
2022-05-30,Riverside,065,2383286,610642,608913,29261,638174,6480
2022-05-30,Sacramento,067,1510023,297850,296457,28784,325241,3045
2022-05-30,San Benito,069,59416,13598,13510,608,14118,98
2022-05-30,San Bernardino,071,2135413,590185,580767,25781,606548,7641
2022-05-30,San Diego,073,3302833,792136,791557,57433,848990,5292
2022-05-30,San Francisco,075,870044,145895,144476,9548,154024,879
2022-05-30,San Joaquin,077,732212,173154,172170,11105,183275,2241
2022-05-30,San Luis Obispo,079,281455,55303,55099,4556,59655,482
2022-05-30,San Mateo,081,765935,138573,137566,8617,146183,710
2022-05-30,Santa Barbara,083,443738,90924,90531,5162,95693,693
2022-05-30,Santa Clara,085,1922200,355554,348742,14820,363562,2317
2022-05-30,Santa Cruz,087,273765,52428,52141,2466,54607,263
2022-05-30,Shasta,089,179085,31288,31247,6229,37476,564
2022-05-30,Sierra,091,2930,278,280,55,335,4
2022-05-30,Siskiyou,093,43540,4573,4574,2810,7384,81
2022-05-30,Solano,095,438530,88075,87206,6173,93379,452
2022-05-30,Sonoma,097,501317,91681,91174,3721,94895,491
2022-05-30,Stanislaus,099,539301,121291,120778,18581,139359,1656
2022-05-30,Sutter,101,95872,21079,21065,2199,23264,227
2022-05-30,Tehama,103,63373,12267,12245,2649,14894,204
2022-05-30,Trinity,105,12862,1206,1200,290,1490,20
2022-05-30,Tulare,107,460477,108315,108401,28847,137248,1490
2022-05-30,Tuolumne,109,53932,13321,13221,623,13844,189
2022-05-30,Ventura,111,848112,181686,181163,10787,191950,1503
2022-05-30,Yolo,113,214977,40514,39371,3349,42720,320
2022-05-30,Yuba,115,75493,16447,16406,1331,17737,122
2022-05-29,Alameda,001,1643700,285794,280775,15923,296698,1863
2022-05-29,Alpine,003,1148,128,126,1,127,0
2022-05-29,Amador,005,37829,8834,8696,695,9391,86
2022-05-29,Butte,007,227075,34327,33876,7449,41325,426
2022-05-29,Calaveras,009,45235,7519,7469,390,7859,120
2022-05-29,Colusa,011,21464,3491,3474,1072,4546,21
2022-05-29,Contra Costa,013,1133247,210354,203528,15568,219096,1306
2022-05-29,Del Norte,015,27424,6214,6166,248,6414,51
2022-05-29,El Dorado,017,186661,28218,27898,3435,31333,214
2022-05-29,Fresno,019,978130,238202,236250,25208,261458,2764
2022-05-29,Glenn,021,27897,5083,5048,1650,6698,48
2022-05-29,Humboldt,023,135768,18428,18257,3544,21801,147
2022-05-29,Imperial,025,180216,56602,56323,10880,67203,939
2022-05-29,Inyo,027,18085,4180,4161,565,4726,56
2022-05-29,Kern,029,883053,195844,194687,47598,242285,2334
2022-05-29,Kings,031,150075,52497,52292,3582,55874,447
2022-05-29,Lake,033,64148,11071,10958,929,11887,137
2022-05-29,Lassen,035,31185,9082,9049,893,9942,64
2022-05-29,Los Angeles,037,10098052,2848609,2819145,133713,2952858,31862
2022-05-29,Madera,039,155013,38170,37955,6371,44326,371
2022-05-29,Marin,041,260295,37850,37215,3952,41167,293
2022-05-29,Mariposa,043,17540,2564,2526,233,2759,31
2022-05-29,Mendocino,045,87422,13736,13612,3443,17055,124
2022-05-29,Merced,047,269075,64108,63389,9295,72684,824
2022-05-29,Modoc,049,8938,751,751,256,1007,8
2022-05-29,Mono,051,14174,3036,3030,163,3193,6
2022-05-29,Monterey,053,433212,82474,81875,15593,97468,737
2022-05-29,Napa,055,140530,27669,27376,1138,28514,144
2022-05-29,Nevada,057,99092,16749,16568,1342,17910,127
2022-05-29,Orange,059,3164182,573024,568369,45561,613930,7028
2022-05-29,Placer,061,380077,66503,65672,7952,73624,626
2022-05-29,Plumas,063,18699,3130,3096,378,3474,13
2022-05-29,Riverside,065,2383286,610296,606444,29226,635670,6480
2022-05-29,Sacramento,067,1510023,297395,294000,28762,322762,3032
2022-05-29,San Benito,069,59416,13592,13402,606,14008,98
2022-05-29,San Bernardino,071,2135413,589892,578656,25765,604421,7610
2022-05-29,San Diego,073,3302833,791397,786243,57353,843596,5288
2022-05-29,San Francisco,075,870044,145470,142456,9539,151995,879
2022-05-29,San Joaquin,077,732212,172992,171282,11087,182369,2241
2022-05-29,San Luis Obispo,079,281455,55251,54701,4544,59245,481
2022-05-29,San Mateo,081,765935,138321,135746,8604,144350,710
2022-05-29,Santa Barbara,083,443738,90795,89940,5161,95101,693
2022-05-29,Santa Clara,085,1922200,354759,344223,14780,359003,2304
2022-05-29,Santa Cruz,087,273765,52352,51819,2459,54278,263
2022-05-29,Shasta,089,179085,31276,31165,6225,37390,564
2022-05-29,Sierra,091,2930,278,278,55,333,4
2022-05-29,Siskiyou,093,43540,4568,4537,2808,7345,81
2022-05-29,Solano,095,438530,88022,86565,6162,92727,452
2022-05-29,Sonoma,097,501317,91589,90364,3706,94070,490
2022-05-29,Stanislaus,099,539301,121192,120241,18562,138803,1657
2022-05-29,Sutter,101,95872,21059,20976,2199,23175,227
2022-05-29,Tehama,103,63373,12257,12210,2648,14858,204
2022-05-29,Trinity,105,12862,1205,1196,290,1486,20
2022-05-29,Tulare,107,460477,108231,108029,28802,136831,1484
2022-05-29,Tuolumne,109,53932,13306,13141,623,13764,189
2022-05-29,Ventura,111,848112,181541,179953,10777,190730,1503
2022-05-29,Yolo,113,214977,40462,39016,3346,42362,319
2022-05-29,Yuba,115,75493,16431,16314,1327,17641,122
2022-05-28,Alameda,001,1643700,285420,280775,15898,296673,1863
2022-05-28,Alpine,003,1148,128,126,1,127,0
2022-05-28,Amador,005,37829,8825,8696,695,9391,86
2022-05-28,Butte,007,227075,34303,33876,7433,41309,426
2022-05-28,Calaveras,009,45235,7515,7469,390,7859,120
2022-05-28,Colusa,011,21464,3486,3474,1071,4545,21
2022-05-28,Contra Costa,013,1133247,210086,203528,15544,219072,1306
2022-05-28,Del Norte,015,27424,6210,6166,246,6412,51
2022-05-28,El Dorado,017,186661,28188,27898,3434,31332,214
2022-05-28,Fresno,019,978130,238044,236250,25177,261427,2764
2022-05-28,Glenn,021,27897,5080,5048,1650,6698,48
2022-05-28,Humboldt,023,135768,18404,18257,3534,21791,147
2022-05-28,Imperial,025,180216,56576,56323,10870,67193,939
2022-05-28,Inyo,027,18085,4180,4161,563,4724,56
2022-05-28,Kern,029,883053,195745,194687,47548,242235,2334
2022-05-28,Kings,031,150075,52473,52292,3581,55873,447
2022-05-28,Lake,033,64148,11061,10958,929,11887,137
2022-05-28,Lassen,035,31185,9077,9049,893,9942,64
2022-05-28,Los Angeles,037,10098052,2846629,2819145,133445,2952590,31862
2022-05-28,Madera,039,155013,38153,37955,6368,44323,371
2022-05-28,Marin,041,260295,37783,37215,3922,41137,293
2022-05-28,Mariposa,043,17540,2560,2526,233,2759,31
2022-05-28,Mendocino,045,87422,13724,13612,3443,17055,124
2022-05-28,Merced,047,269075,64074,63389,9291,72680,824
2022-05-28,Modoc,049,8938,751,751,256,1007,8
2022-05-28,Mono,051,14174,3036,3030,162,3192,6
2022-05-28,Monterey,053,433212,82406,81875,15561,97436,737
2022-05-28,Napa,055,140530,27624,27376,1137,28513,144
2022-05-28,Nevada,057,99092,16737,16568,1340,17908,127
2022-05-28,Orange,059,3164182,572509,568369,45441,613810,7028
2022-05-28,Placer,061,380077,66428,65672,7938,73610,626
2022-05-28,Plumas,063,18699,3124,3096,377,3473,13
2022-05-28,Riverside,065,2383286,609917,606444,29198,635642,6480
2022-05-28,Sacramento,067,1510023,297121,294000,28745,322745,3032
2022-05-28,San Benito,069,59416,13577,13402,606,14008,98
2022-05-28,San Bernardino,071,2135413,589531,578656,25738,604394,7610
2022-05-28,San Diego,073,3302833,790738,786243,57301,843544,5288
2022-05-28,San Francisco,075,870044,145166,142456,9518,151974,879
2022-05-28,San Joaquin,077,732212,172888,171282,11071,182353,2241
2022-05-28,San Luis Obispo,079,281455,55216,54701,4541,59242,481
2022-05-28,San Mateo,081,765935,138049,135746,8577,144323,710
2022-05-28,Santa Barbara,083,443738,90695,89940,5151,95091,693
2022-05-28,Santa Clara,085,1922200,353976,344223,14752,358975,2304
2022-05-28,Santa Cruz,087,273765,52312,51819,2451,54270,263
2022-05-28,Shasta,089,179085,31265,31165,6220,37385,564
2022-05-28,Sierra,091,2930,278,278,54,332,4
2022-05-28,Siskiyou,093,43540,4560,4537,2804,7341,81
2022-05-28,Solano,095,438530,87948,86565,6152,92717,452
2022-05-28,Sonoma,097,501317,91448,90364,3695,94059,490
2022-05-28,Stanislaus,099,539301,121092,120241,18554,138795,1657
2022-05-28,Sutter,101,95872,21044,20976,2197,23173,227
2022-05-28,Tehama,103,63373,12245,12210,2645,14855,204
2022-05-28,Trinity,105,12862,1204,1196,290,1486,20
2022-05-28,Tulare,107,460477,108174,108029,28769,136798,1484
2022-05-28,Tuolumne,109,53932,13291,13141,622,13763,189
2022-05-28,Ventura,111,848112,181375,179953,10757,190710,1503
2022-05-28,Yolo,113,214977,40408,39016,3339,42355,319
2022-05-28,Yuba,115,75493,16417,16314,1325,17639,122
2022-05-27,Alameda,001,1643700,284946,280775,15861,296636,1863
2022-05-27,Alpine,003,1148,127,126,1,127,0
2022-05-27,Amador,005,37829,8820,8696,695,9391,86
2022-05-27,Butte,007,227075,34277,33876,7417,41293,426
2022-05-27,Calaveras,009,45235,7508,7469,390,7859,120
2022-05-27,Colusa,011,21464,3486,3474,1071,4545,21
2022-05-27,Contra Costa,013,1133247,209805,203528,15512,219040,1306
2022-05-27,Del Norte,015,27424,6204,6166,246,6412,51
2022-05-27,El Dorado,017,186661,28164,27898,3426,31324,214
2022-05-27,Fresno,019,978130,237873,236250,25145,261395,2764
2022-05-27,Glenn,021,27897,5078,5048,1649,6697,48
2022-05-27,Humboldt,023,135768,18394,18257,3528,21785,147
2022-05-27,Imperial,025,180216,56492,56323,10865,67188,939
2022-05-27,Inyo,027,18085,4178,4161,562,4723,56
2022-05-27,Kern,029,883053,195636,194687,47480,242167,2334
2022-05-27,Kings,031,150075,52445,52292,3578,55870,447
2022-05-27,Lake,033,64148,11055,10958,927,11885,137
2022-05-27,Lassen,035,31185,9073,9049,893,9942,64
2022-05-27,Los Angeles,037,10098052,2844278,2819145,133197,2952342,31862
2022-05-27,Madera,039,155013,38119,37955,6359,44314,371
2022-05-27,Marin,041,260295,37716,37215,3888,41103,293
2022-05-27,Mariposa,043,17540,2554,2526,233,2759,31
2022-05-27,Mendocino,045,87422,13707,13612,3439,17051,124
2022-05-27,Merced,047,269075,64031,63389,9288,72677,824
2022-05-27,Modoc,049,8938,751,751,256,1007,8
2022-05-27,Mono,051,14174,3035,3030,162,3192,6
2022-05-27,Monterey,053,433212,82347,81875,15516,97391,737
2022-05-27,Napa,055,140530,27591,27376,1134,28510,144
2022-05-27,Nevada,057,99092,16726,16568,1336,17904,127
2022-05-27,Orange,059,3164182,571955,568369,45331,613700,7028
2022-05-27,Placer,061,380077,66359,65672,7928,73600,626
2022-05-27,Plumas,063,18699,3121,3096,377,3473,13
2022-05-27,Riverside,065,2383286,609503,606444,29166,635610,6480
2022-05-27,Sacramento,067,1510023,296745,294000,28707,322707,3032
2022-05-27,San Benito,069,59416,13565,13402,606,14008,98
2022-05-27,San Bernardino,071,2135413,589196,578656,25713,604369,7610
2022-05-27,San Diego,073,3302833,789860,786243,57209,843452,5288
2022-05-27,San Francisco,075,870044,144835,142456,9478,151934,879
2022-05-27,San Joaquin,077,732212,172755,171282,11052,182334,2241
2022-05-27,San Luis Obispo,079,281455,55155,54701,4528,59229,481
2022-05-27,San Mateo,081,765935,137799,135746,8552,144298,710
2022-05-27,Santa Barbara,083,443738,90606,89940,5150,95090,693
2022-05-27,Santa Clara,085,1922200,353235,344223,14735,358958,2304
2022-05-27,Santa Cruz,087,273765,52257,51819,2439,54258,263
2022-05-27,Shasta,089,179085,31255,31165,6214,37379,564
2022-05-27,Sierra,091,2930,278,278,54,332,4
2022-05-27,Siskiyou,093,43540,4558,4537,2802,7339,81
2022-05-27,Solano,095,438530,87820,86565,6141,92706,452
2022-05-27,Sonoma,097,501317,91303,90364,3683,94047,490
2022-05-27,Stanislaus,099,539301,121009,120241,18539,138780,1657
2022-05-27,Sutter,101,95872,21027,20976,2196,23172,227
2022-05-27,Tehama,103,63373,12242,12210,2644,14854,204
2022-05-27,Trinity,105,12862,1204,1196,290,1486,20
2022-05-27,Tulare,107,460477,108108,108029,28732,136761,1484
2022-05-27,Tuolumne,109,53932,13281,13141,621,13762,189
2022-05-27,Ventura,111,848112,181199,179953,10734,190687,1503
2022-05-27,Yolo,113,214977,40337,39016,3331,42347,319
2022-05-27,Yuba,115,75493,16403,16314,1324,17638,122
2022-05-26,Alameda,001,1643700,284095,280775,15783,296558,1863
2022-05-26,Alpine,003,1148,127,126,1,127,0
2022-05-26,Amador,005,37829,8807,8696,695,9391,86
2022-05-26,Butte,007,227075,34222,33876,7395,41271,426
2022-05-26,Calaveras,009,45235,7498,7469,390,7859,120
2022-05-26,Colusa,011,21464,3483,3474,1068,4542,21
2022-05-26,Contra Costa,013,1133247,209327,203528,15439,218967,1306
2022-05-26,Del Norte,015,27424,6196,6166,242,6408,51
2022-05-26,El Dorado,017,186661,28115,27898,3415,31313,214
2022-05-26,Fresno,019,978130,237618,236250,25089,261339,2764
2022-05-26,Glenn,021,27897,5072,5048,1649,6697,48
2022-05-26,Humboldt,023,135768,18353,18257,3515,21772,147
2022-05-26,Imperial,025,180216,56460,56323,10850,67173,939
2022-05-26,Inyo,027,18085,4177,4161,559,4720,56
2022-05-26,Kern,029,883053,195472,194687,47405,242092,2334
2022-05-26,Kings,031,150075,52399,52292,3575,55867,447
2022-05-26,Lake,033,64148,11040,10958,927,11885,137
2022-05-26,Lassen,035,31185,9064,9049,893,9942,64
2022-05-26,Los Angeles,037,10098052,2840096,2819145,132862,2952007,31862
2022-05-26,Madera,039,155013,38075,37955,6348,44303,371
2022-05-26,Marin,041,260295,37621,37215,3847,41062,293
2022-05-26,Mariposa,043,17540,2549,2526,231,2757,31
2022-05-26,Mendocino,045,87422,13681,13612,3430,17042,124
2022-05-26,Merced,047,269075,63965,63389,9279,72668,824
2022-05-26,Modoc,049,8938,750,751,256,1007,8
2022-05-26,Mono,051,14174,3034,3030,161,3191,6
2022-05-26,Monterey,053,433212,82268,81875,15463,97338,737
2022-05-26,Napa,055,140530,27539,27376,1132,28508,144
2022-05-26,Nevada,057,99092,16695,16568,1327,17895,127
2022-05-26,Orange,059,3164182,571052,568369,45203,613572,7028
2022-05-26,Placer,061,380077,66223,65672,7908,73580,626
2022-05-26,Plumas,063,18699,3117,3096,376,3472,13
2022-05-26,Riverside,065,2383286,608888,606444,29114,635558,6480
2022-05-26,Sacramento,067,1510023,296090,294000,28619,322619,3032
2022-05-26,San Benito,069,59416,13549,13402,604,14006,98
2022-05-26,San Bernardino,071,2135413,588651,578656,25698,604354,7610
2022-05-26,San Diego,073,3302833,788555,786243,57066,843309,5288
2022-05-26,San Francisco,075,870044,144381,142456,9431,151887,879
2022-05-26,San Joaquin,077,732212,172533,171282,11027,182309,2241
2022-05-26,San Luis Obispo,079,281455,55059,54701,4495,59196,481
2022-05-26,San Mateo,081,765935,137411,135746,8514,144260,710
2022-05-26,Santa Barbara,083,443738,90459,89940,5130,95070,693
2022-05-26,Santa Clara,085,1922200,352278,344223,14649,358872,2304
2022-05-26,Santa Cruz,087,273765,52166,51819,2431,54250,263
2022-05-26,Shasta,089,179085,31228,31165,6211,37376,564
2022-05-26,Sierra,091,2930,278,278,54,332,4
2022-05-26,Siskiyou,093,43540,4554,4537,2800,7337,81
2022-05-26,Solano,095,438530,87617,86565,6132,92697,452
2022-05-26,Sonoma,097,501317,91112,90364,3656,94020,490
2022-05-26,Stanislaus,099,539301,120905,120241,18520,138761,1657
2022-05-26,Sutter,101,95872,21007,20976,2192,23168,227
2022-05-26,Tehama,103,63373,12232,12210,2643,14853,204
2022-05-26,Trinity,105,12862,1202,1196,290,1486,20
2022-05-26,Tulare,107,460477,108042,108029,28677,136706,1484
2022-05-26,Tuolumne,109,53932,13261,13141,617,13758,189
2022-05-26,Ventura,111,848112,180937,179953,10697,190650,1503
2022-05-26,Yolo,113,214977,40233,39016,3322,42338,319
2022-05-26,Yuba,115,75493,16387,16314,1322,17636,122
2022-05-25,Alameda,001,1643700,283194,278228,15722,293950,1860
2022-05-25,Alpine,003,1148,126,126,1,127,0
2022-05-25,Amador,005,37829,8790,8654,693,9347,86
2022-05-25,Butte,007,227075,34160,33755,7372,41127,426
2022-05-25,Calaveras,009,45235,7490,7450,388,7838,120
2022-05-25,Colusa,011,21464,3482,3471,1066,4537,21
2022-05-25,Contra Costa,013,1133247,208775,201866,15366,217232,1306
2022-05-25,Del Norte,015,27424,6190,6145,236,6381,50
2022-05-25,El Dorado,017,186661,28063,27715,3406,31121,213
2022-05-25,Fresno,019,978130,237330,235569,25037,260606,2763
2022-05-25,Glenn,021,27897,5067,5030,1647,6677,48
2022-05-25,Humboldt,023,135768,18327,18133,3496,21629,147
2022-05-25,Imperial,025,180216,56404,56203,10839,67042,923
2022-05-25,Inyo,027,18085,4174,4152,559,4711,56
2022-05-25,Kern,029,883053,195278,194251,47318,241569,2336
2022-05-25,Kings,031,150075,52346,52178,3571,55749,447
2022-05-25,Lake,033,64148,11027,10908,926,11834,137
2022-05-25,Lassen,035,31185,9057,9028,893,9921,64
2022-05-25,Los Angeles,037,10098052,2835472,2806770,132489,2939259,31845
2022-05-25,Madera,039,155013,38036,37867,6335,44202,370
2022-05-25,Marin,041,260295,37521,36890,3819,40709,293
2022-05-25,Mariposa,043,17540,2539,2514,229,2743,30
2022-05-25,Mendocino,045,87422,13666,13545,3424,16969,124
2022-05-25,Merced,047,269075,63899,63220,9249,72469,823
2022-05-25,Modoc,049,8938,749,750,255,1005,8
2022-05-25,Mono,051,14174,3034,3024,160,3184,6
2022-05-25,Monterey,053,433212,82202,81592,15420,97012,737
2022-05-25,Napa,055,140530,27490,27240,1126,28366,143
2022-05-25,Nevada,057,99092,16660,16517,1321,17838,127
2022-05-25,Orange,059,3164182,570046,565564,45048,610612,7026
2022-05-25,Placer,061,380077,66072,65309,7887,73196,626
2022-05-25,Plumas,063,18699,3111,3065,375,3440,13
2022-05-25,Riverside,065,2383286,608207,604465,29062,633527,6480
2022-05-25,Sacramento,067,1510023,295446,292211,28510,320721,3028
2022-05-25,San Benito,069,59416,13515,13338,596,13934,98
2022-05-25,San Bernardino,071,2135413,588124,576982,25672,602654,7568
2022-05-25,San Diego,073,3302833,787091,782420,56878,839298,5284
2022-05-25,San Francisco,075,870044,143883,141015,9404,150419,872
2022-05-25,San Joaquin,077,732212,172296,170626,11006,181632,2238
2022-05-25,San Luis Obispo,079,281455,54953,54342,4442,58784,481
2022-05-25,San Mateo,081,765935,136954,134441,8448,142889,710
2022-05-25,Santa Barbara,083,443738,90292,89426,5115,94541,693
2022-05-25,Santa Clara,085,1922200,351208,340868,14543,355411,2304
2022-05-25,Santa Cruz,087,273765,52082,51644,2416,54060,263
2022-05-25,Shasta,089,179085,31203,31072,6202,37274,564
2022-05-25,Sierra,091,2930,278,277,54,331,4
2022-05-25,Siskiyou,093,43540,4544,4516,2797,7313,81
2022-05-25,Solano,095,438530,87407,86024,6113,92137,451
2022-05-25,Sonoma,097,501317,90919,89810,3617,93427,490
2022-05-25,Stanislaus,099,539301,120769,119894,18497,138391,1654
2022-05-25,Sutter,101,95872,20983,20904,2188,23092,226
2022-05-25,Tehama,103,63373,12226,12189,2639,14828,201
2022-05-25,Trinity,105,12862,1202,1194,290,1484,20
2022-05-25,Tulare,107,460477,107960,107790,28634,136424,1482
2022-05-25,Tuolumne,109,53932,13239,13086,614,13700,182
2022-05-25,Ventura,111,848112,180647,179116,10660,189776,1499
2022-05-25,Yolo,113,214977,40139,38782,3312,42094,319
2022-05-25,Yuba,115,75493,16360,16260,1316,17576,122
2022-05-24,Alameda,001,1643700,282316,278228,15666,293894,1860
2022-05-24,Alpine,003,1148,126,126,1,127,0
2022-05-24,Amador,005,37829,8784,8654,689,9343,86
2022-05-24,Butte,007,227075,34116,33755,7350,41105,426
2022-05-24,Calaveras,009,45235,7483,7450,386,7836,120
2022-05-24,Colusa,011,21464,3480,3471,1064,4535,21
2022-05-24,Contra Costa,013,1133247,208124,201866,15266,217132,1306
2022-05-24,Del Norte,015,27424,6185,6145,234,6379,50
2022-05-24,El Dorado,017,186661,27995,27715,3399,31114,213
2022-05-24,Fresno,019,978130,237012,235569,25001,260570,2763
2022-05-24,Glenn,021,27897,5065,5030,1647,6677,48
2022-05-24,Humboldt,023,135768,18295,18133,3478,21611,147
2022-05-24,Imperial,025,180216,56351,56203,10826,67029,923
2022-05-24,Inyo,027,18085,4166,4152,556,4708,56
2022-05-24,Kern,029,883053,195082,194251,47212,241463,2336
2022-05-24,Kings,031,150075,52280,52178,3566,55744,447
2022-05-24,Lake,033,64148,11010,10908,924,11832,137
2022-05-24,Lassen,035,31185,9044,9028,889,9917,64
2022-05-24,Los Angeles,037,10098052,2830202,2806770,132101,2938871,31845
2022-05-24,Madera,039,155013,37989,37867,6320,44187,370
2022-05-24,Marin,041,260295,37412,36890,3770,40660,293
2022-05-24,Mariposa,043,17540,2532,2514,227,2741,30
2022-05-24,Mendocino,045,87422,13642,13545,3414,16959,124
2022-05-24,Merced,047,269075,63838,63220,9218,72438,823
2022-05-24,Modoc,049,8938,748,750,254,1004,8
2022-05-24,Mono,051,14174,3031,3024,160,3184,6
2022-05-24,Monterey,053,433212,82112,81592,15359,96951,737
2022-05-24,Napa,055,140530,27442,27240,1114,28354,143
2022-05-24,Nevada,057,99092,16618,16517,1314,17831,127
2022-05-24,Orange,059,3164182,569014,565564,44876,610440,7026
2022-05-24,Placer,061,380077,65971,65309,7871,73180,626
2022-05-24,Plumas,063,18699,3105,3065,375,3440,13
2022-05-24,Riverside,065,2383286,607512,604465,29013,633478,6480
2022-05-24,Sacramento,067,1510023,294761,292211,28389,320600,3028
2022-05-24,San Benito,069,59416,13480,13338,594,13932,98
2022-05-24,San Bernardino,071,2135413,587499,576982,25643,602625,7568
2022-05-24,San Diego,073,3302833,785440,782420,56661,839081,5284
2022-05-24,San Francisco,075,870044,143347,141015,9377,150392,872
2022-05-24,San Joaquin,077,732212,172028,170626,10974,181600,2238
2022-05-24,San Luis Obispo,079,281455,54803,54342,4388,58730,481
2022-05-24,San Mateo,081,765935,136423,134441,8391,142832,710
2022-05-24,Santa Barbara,083,443738,90130,89426,5088,94514,693
2022-05-24,Santa Clara,085,1922200,349919,340868,14452,355320,2304
2022-05-24,Santa Cruz,087,273765,52005,51644,2406,54050,263
2022-05-24,Shasta,089,179085,31178,31072,6190,37262,564
2022-05-24,Sierra,091,2930,278,277,54,331,4
2022-05-24,Siskiyou,093,43540,4534,4516,2789,7305,81
2022-05-24,Solano,095,438530,87176,86024,6083,92107,451
2022-05-24,Sonoma,097,501317,90711,89810,3579,93389,490
2022-05-24,Stanislaus,099,539301,120630,119894,18461,138355,1654
2022-05-24,Sutter,101,95872,20962,20904,2184,23088,226
2022-05-24,Tehama,103,63373,12217,12189,2637,14826,201
2022-05-24,Trinity,105,12862,1199,1194,290,1484,20
2022-05-24,Tulare,107,460477,107843,107790,28580,136370,1482
2022-05-24,Tuolumne,109,53932,13224,13086,614,13700,182
2022-05-24,Ventura,111,848112,180336,179116,10610,189726,1499
2022-05-24,Yolo,113,214977,40035,38782,3307,42089,319
2022-05-24,Yuba,115,75493,16332,16260,1308,17568,122
2022-05-23,Alameda,001,1643700,281383,278228,15580,293808,1860
2022-05-23,Alpine,003,1148,126,126,1,127,0
2022-05-23,Amador,005,37829,8751,8654,686,9340,86
2022-05-23,Butte,007,227075,34068,33755,7323,41078,426
2022-05-23,Calaveras,009,45235,7476,7450,384,7834,120
2022-05-23,Colusa,011,21464,3479,3471,1062,4533,21
2022-05-23,Contra Costa,013,1133247,207386,201866,15183,217049,1306
2022-05-23,Del Norte,015,27424,6180,6145,230,6375,50
2022-05-23,El Dorado,017,186661,27911,27715,3390,31105,213
2022-05-23,Fresno,019,978130,236662,235569,24933,260502,2763
2022-05-23,Glenn,021,27897,5061,5030,1643,6673,48
2022-05-23,Humboldt,023,135768,18268,18133,3456,21589,147
2022-05-23,Imperial,025,180216,56308,56203,10805,67008,923
2022-05-23,Inyo,027,18085,4163,4152,555,4707,56
2022-05-23,Kern,029,883053,194864,194251,47126,241377,2336
2022-05-23,Kings,031,150075,52232,52178,3561,55739,447
2022-05-23,Lake,033,64148,10991,10908,922,11830,137
2022-05-23,Lassen,035,31185,9036,9028,886,9914,64
2022-05-23,Los Angeles,037,10098052,2824784,2806770,131736,2938506,31845
2022-05-23,Madera,039,155013,37958,37867,6297,44164,370
2022-05-23,Marin,041,260295,37270,36890,3725,40615,293
2022-05-23,Mariposa,043,17540,2530,2514,225,2739,30
2022-05-23,Mendocino,045,87422,13620,13545,3400,16945,124
2022-05-23,Merced,047,269075,63759,63220,9190,72410,823
2022-05-23,Modoc,049,8938,747,750,254,1004,8
2022-05-23,Mono,051,14174,3031,3024,160,3184,6
2022-05-23,Monterey,053,433212,82013,81592,15294,96886,737
2022-05-23,Napa,055,140530,27385,27240,1107,28347,143
2022-05-23,Nevada,057,99092,16583,16517,1311,17828,127
2022-05-23,Orange,059,3164182,568006,565564,44728,610292,7026
2022-05-23,Placer,061,380077,65825,65309,7839,73148,626
2022-05-23,Plumas,063,18699,3102,3065,374,3439,13
2022-05-23,Riverside,065,2383286,606781,604465,28960,633425,6480
2022-05-23,Sacramento,067,1510023,294012,292211,28263,320474,3028
2022-05-23,San Benito,069,59416,13445,13338,591,13929,98
2022-05-23,San Bernardino,071,2135413,586864,576982,25609,602591,7568
2022-05-23,San Diego,073,3302833,783723,782420,56447,838867,5284
2022-05-23,San Francisco,075,870044,142779,141015,9344,150359,872
2022-05-23,San Joaquin,077,732212,171756,170626,10940,181566,2238
2022-05-23,San Luis Obispo,079,281455,54657,54342,4341,58683,481
2022-05-23,San Mateo,081,765935,135850,134441,8339,142780,710
2022-05-23,Santa Barbara,083,443738,89895,89426,5064,94490,693
2022-05-23,Santa Clara,085,1922200,348542,340868,14364,355232,2304
2022-05-23,Santa Cruz,087,273765,51902,51644,2391,54035,263
2022-05-23,Shasta,089,179085,31155,31072,6184,37256,564
2022-05-23,Sierra,091,2930,278,277,54,331,4
2022-05-23,Siskiyou,093,43540,4520,4516,2785,7301,81
2022-05-23,Solano,095,438530,86905,86024,6063,92087,451
2022-05-23,Sonoma,097,501317,90483,89810,3530,93340,490
2022-05-23,Stanislaus,099,539301,120490,119894,18421,138315,1654
2022-05-23,Sutter,101,95872,20922,20904,2179,23083,226
2022-05-23,Tehama,103,63373,12205,12189,2636,14825,201
2022-05-23,Trinity,105,12862,1198,1194,290,1484,20
2022-05-23,Tulare,107,460477,107721,107790,28510,136300,1482
2022-05-23,Tuolumne,109,53932,13200,13086,610,13696,182
2022-05-23,Ventura,111,848112,180005,179116,10579,189695,1499
2022-05-23,Yolo,113,214977,39902,38782,3291,42073,319
2022-05-23,Yuba,115,75493,16303,16260,1304,17564,122
2022-05-22,Alameda,001,1643700,280293,274996,15474,290470,1858
2022-05-22,Alpine,003,1148,126,126,1,127,0
2022-05-22,Amador,005,37829,8734,8628,680,9308,86
2022-05-22,Butte,007,227075,34016,33606,7296,40902,426
2022-05-22,Calaveras,009,45235,7465,7424,380,7804,120
2022-05-22,Colusa,011,21464,3475,3468,1059,4527,21
2022-05-22,Contra Costa,013,1133247,206656,199703,15049,214752,1305
2022-05-22,Del Norte,015,27424,6164,6045,219,6264,50
2022-05-22,El Dorado,017,186661,27834,27517,3374,30891,213
2022-05-22,Fresno,019,978130,236317,234657,24880,259537,2760
2022-05-22,Glenn,021,27897,5051,5020,1642,6662,48
2022-05-22,Humboldt,023,135768,18215,17984,3429,21413,146
2022-05-22,Imperial,025,180216,56240,56014,10790,66804,923
2022-05-22,Inyo,027,18085,4155,4135,553,4688,56
2022-05-22,Kern,029,883053,194627,193705,47026,240731,2334
2022-05-22,Kings,031,150075,52170,52038,3555,55593,447
2022-05-22,Lake,033,64148,10959,10867,920,11787,137
2022-05-22,Lassen,035,31185,9020,9011,883,9894,64
2022-05-22,Los Angeles,037,10098052,2818927,2791671,131308,2922979,31815
2022-05-22,Madera,039,155013,37912,37744,6262,44006,370
2022-05-22,Marin,041,260295,37124,36394,3681,40075,293
2022-05-22,Mariposa,043,17540,2526,2490,224,2714,30
2022-05-22,Mendocino,045,87422,13592,13461,3371,16832,124
2022-05-22,Merced,047,269075,63682,62969,9159,72128,823
2022-05-22,Modoc,049,8938,746,750,254,1004,8
2022-05-22,Mono,051,14174,3030,3012,160,3172,6
2022-05-22,Monterey,053,433212,81857,81224,15194,96418,735
2022-05-22,Napa,055,140530,27314,27034,1099,28133,143
2022-05-22,Nevada,057,99092,16549,16410,1299,17709,127
2022-05-22,Orange,059,3164182,566912,562531,44544,607075,7025
2022-05-22,Placer,061,380077,65666,64802,7807,72609,626
2022-05-22,Plumas,063,18699,3095,3052,372,3424,13
2022-05-22,Riverside,065,2383286,605941,601808,28894,630702,6476
2022-05-22,Sacramento,067,1510023,293213,289972,28102,318074,3027
2022-05-22,San Benito,069,59416,13413,13234,585,13819,98
2022-05-22,San Bernardino,071,2135413,586154,575194,25570,600764,7523
2022-05-22,San Diego,073,3302833,782102,777404,56252,833656,5282
2022-05-22,San Francisco,075,870044,142096,138922,9327,148249,871
2022-05-22,San Joaquin,077,732212,171447,169745,10899,180644,2237
2022-05-22,San Luis Obispo,079,281455,54502,54012,4280,58292,481
2022-05-22,San Mateo,081,765935,135281,132636,8284,140920,711
2022-05-22,Santa Barbara,083,443738,89663,88783,5029,93812,692
2022-05-22,Santa Clara,085,1922200,347099,336488,14287,350775,2301
2022-05-22,Santa Cruz,087,273765,51809,51333,2377,53710,263
2022-05-22,Shasta,089,179085,31107,30966,6172,37138,564
2022-05-22,Sierra,091,2930,278,276,54,330,4
2022-05-22,Siskiyou,093,43540,4511,4501,2784,7285,81
2022-05-22,Solano,095,438530,86621,85038,6030,91068,451
2022-05-22,Sonoma,097,501317,90196,88889,3475,92364,489
2022-05-22,Stanislaus,099,539301,120316,119396,18396,137792,1653
2022-05-22,Sutter,101,95872,20893,20809,2171,22980,226
2022-05-22,Tehama,103,63373,12197,12162,2631,14793,201
2022-05-22,Trinity,105,12862,1198,1191,289,1480,20
2022-05-22,Tulare,107,460477,107617,107485,28427,135912,1477
2022-05-22,Tuolumne,109,53932,13180,12977,608,13585,182
2022-05-22,Ventura,111,848112,179658,178024,10527,188551,1499
2022-05-22,Yolo,113,214977,39777,38377,3267,41644,319
2022-05-22,Yuba,115,75493,16276,16180,1295,17475,122
2022-05-21,Alameda,001,1643700,279832,274996,15453,290449,1858
2022-05-21,Alpine,003,1148,126,126,1,127,0
2022-05-21,Amador,005,37829,8723,8628,680,9308,86
2022-05-21,Butte,007,227075,33995,33606,7282,40888,426
2022-05-21,Calaveras,009,45235,7459,7424,380,7804,120
2022-05-21,Colusa,011,21464,3475,3468,1058,4526,21
2022-05-21,Contra Costa,013,1133247,206297,199703,15016,214719,1305
2022-05-21,Del Norte,015,27424,6160,6045,217,6262,50
2022-05-21,El Dorado,017,186661,27798,27517,3372,30889,213
2022-05-21,Fresno,019,978130,236187,234657,24859,259516,2760
2022-05-21,Glenn,021,27897,5048,5020,1641,6661,48
2022-05-21,Humboldt,023,135768,18190,17984,3421,21405,146
2022-05-21,Imperial,025,180216,56206,56014,10788,66802,923
2022-05-21,Inyo,027,18085,4153,4135,551,4686,56
2022-05-21,Kern,029,883053,194530,193705,46966,240671,2334
2022-05-21,Kings,031,150075,52147,52038,3554,55592,447
2022-05-21,Lake,033,64148,10951,10867,920,11787,137
2022-05-21,Lassen,035,31185,9017,9011,883,9894,64
2022-05-21,Los Angeles,037,10098052,2816609,2791671,131062,2922733,31815
2022-05-21,Madera,039,155013,37894,37744,6256,44000,370
2022-05-21,Marin,041,260295,37029,36394,3637,40031,293
2022-05-21,Mariposa,043,17540,2524,2490,224,2714,30
2022-05-21,Mendocino,045,87422,13581,13461,3366,16827,124
2022-05-21,Merced,047,269075,63647,62969,9153,72122,823
2022-05-21,Modoc,049,8938,745,750,254,1004,8
2022-05-21,Mono,051,14174,3030,3012,160,3172,6
2022-05-21,Monterey,053,433212,81791,81224,15139,96363,735
2022-05-21,Napa,055,140530,27281,27034,1096,28130,143
2022-05-21,Nevada,057,99092,16543,16410,1299,17709,127
2022-05-21,Orange,059,3164182,566398,562531,44431,606962,7025
2022-05-21,Placer,061,380077,65558,64802,7794,72596,626
2022-05-21,Plumas,063,18699,3088,3052,372,3424,13
2022-05-21,Riverside,065,2383286,605466,601808,28869,630677,6476
2022-05-21,Sacramento,067,1510023,292887,289972,28073,318045,3027
2022-05-21,San Benito,069,59416,13401,13234,577,13811,98
2022-05-21,San Bernardino,071,2135413,585814,575194,25545,600739,7523
2022-05-21,San Diego,073,3302833,781406,777404,56188,833592,5282
2022-05-21,San Francisco,075,870044,141790,138922,9314,148236,871
2022-05-21,San Joaquin,077,732212,171329,169745,10880,180625,2237
2022-05-21,San Luis Obispo,079,281455,54423,54012,4266,58278,481
2022-05-21,San Mateo,081,765935,134970,132636,8256,140892,711
2022-05-21,Santa Barbara,083,443738,89571,88783,5016,93799,692
2022-05-21,Santa Clara,085,1922200,346249,336488,14244,350732,2301
2022-05-21,Santa Cruz,087,273765,51764,51333,2358,53691,263
2022-05-21,Shasta,089,179085,31096,30966,6170,37136,564
2022-05-21,Sierra,091,2930,277,276,54,330,4
2022-05-21,Siskiyou,093,43540,4507,4501,2782,7283,81
2022-05-21,Solano,095,438530,86537,85038,6024,91062,451
2022-05-21,Sonoma,097,501317,90070,88889,3466,92355,489
2022-05-21,Stanislaus,099,539301,120237,119396,18372,137768,1653
2022-05-21,Sutter,101,95872,20883,20809,2166,22975,226
2022-05-21,Tehama,103,63373,12195,12162,2630,14792,201
2022-05-21,Trinity,105,12862,1198,1191,289,1480,20
2022-05-21,Tulare,107,460477,107555,107485,28391,135876,1477
2022-05-21,Tuolumne,109,53932,13173,12977,608,13585,182
2022-05-21,Ventura,111,848112,179483,178024,10508,188532,1499
2022-05-21,Yolo,113,214977,39714,38377,3256,41633,319
2022-05-21,Yuba,115,75493,16263,16180,1293,17473,122
2022-05-20,Alameda,001,1643700,279291,274996,15427,290423,1858
2022-05-20,Alpine,003,1148,126,126,1,127,0
2022-05-20,Amador,005,37829,8716,8628,680,9308,86
2022-05-20,Butte,007,227075,33973,33606,7270,40876,426
2022-05-20,Calaveras,009,45235,7451,7424,380,7804,120
2022-05-20,Colusa,011,21464,3475,3468,1058,4526,21
2022-05-20,Contra Costa,013,1133247,205939,199703,14999,214702,1305
2022-05-20,Del Norte,015,27424,6155,6045,216,6261,50
2022-05-20,El Dorado,017,186661,27766,27517,3369,30886,213
2022-05-20,Fresno,019,978130,236028,234657,24829,259486,2760
2022-05-20,Glenn,021,27897,5045,5020,1641,6661,48
2022-05-20,Humboldt,023,135768,18168,17984,3413,21397,146
2022-05-20,Imperial,025,180216,56182,56014,10785,66799,923
2022-05-20,Inyo,027,18085,4150,4135,547,4682,56
2022-05-20,Kern,029,883053,194426,193705,46918,240623,2334
2022-05-20,Kings,031,150075,52132,52038,3553,55591,447
2022-05-20,Lake,033,64148,10934,10867,920,11787,137
2022-05-20,Lassen,035,31185,9015,9011,883,9894,64
2022-05-20,Los Angeles,037,10098052,2814239,2791671,130834,2922505,31815
2022-05-20,Madera,039,155013,37875,37744,6248,43992,370
2022-05-20,Marin,041,260295,36955,36394,3598,39992,293
2022-05-20,Mariposa,043,17540,2519,2490,224,2714,30
2022-05-20,Mendocino,045,87422,13566,13461,3362,16823,124
2022-05-20,Merced,047,269075,63613,62969,9150,72119,823
2022-05-20,Modoc,049,8938,745,750,254,1004,8
2022-05-20,Mono,051,14174,3026,3012,160,3172,6
2022-05-20,Monterey,053,433212,81733,81224,15099,96323,735
2022-05-20,Napa,055,140530,27251,27034,1092,28126,143
2022-05-20,Nevada,057,99092,16535,16410,1297,17707,127
2022-05-20,Orange,059,3164182,565826,562531,44332,606863,7025
2022-05-20,Placer,061,380077,65483,64802,7778,72580,626
2022-05-20,Plumas,063,18699,3086,3052,372,3424,13
2022-05-20,Riverside,065,2383286,605015,601808,28846,630654,6476
2022-05-20,Sacramento,067,1510023,292512,289972,28050,318022,3027
2022-05-20,San Benito,069,59416,13385,13234,576,13810,98
2022-05-20,San Bernardino,071,2135413,585493,575194,25526,600720,7523
2022-05-20,San Diego,073,3302833,780609,777404,56096,833500,5282
2022-05-20,San Francisco,075,870044,141455,138922,9283,148205,871
2022-05-20,San Joaquin,077,732212,171208,169745,10872,180617,2237
2022-05-20,San Luis Obispo,079,281455,54387,54012,4261,58273,481
2022-05-20,San Mateo,081,765935,134655,132636,8233,140869,711
2022-05-20,Santa Barbara,083,443738,89487,88783,5011,93794,692
2022-05-20,Santa Clara,085,1922200,345455,336488,14192,350680,2301
2022-05-20,Santa Cruz,087,273765,51719,51333,2340,53673,263
2022-05-20,Shasta,089,179085,31082,30966,6167,37133,564
2022-05-20,Sierra,091,2930,277,276,54,330,4
2022-05-20,Siskiyou,093,43540,4504,4501,2780,7281,81
2022-05-20,Solano,095,438530,86395,85038,6016,91054,451
2022-05-20,Sonoma,097,501317,89943,88889,3453,92342,489
2022-05-20,Stanislaus,099,539301,120155,119396,18359,137755,1653
2022-05-20,Sutter,101,95872,20874,20809,2165,22974,226
2022-05-20,Tehama,103,63373,12192,12162,2629,14791,201
2022-05-20,Trinity,105,12862,1198,1191,289,1480,20
2022-05-20,Tulare,107,460477,107499,107485,28352,135837,1477
2022-05-20,Tuolumne,109,53932,13154,12977,606,13583,182
2022-05-20,Ventura,111,848112,179286,178024,10490,188514,1499
2022-05-20,Yolo,113,214977,39645,38377,3250,41627,319
2022-05-20,Yuba,115,75493,16248,16180,1289,17469,122
2022-05-19,Alameda,001,1643700,278467,274996,15357,290353,1858
2022-05-19,Alpine,003,1148,126,126,1,127,0
2022-05-19,Amador,005,37829,8708,8628,680,9308,86
2022-05-19,Butte,007,227075,33935,33606,7261,40867,426
2022-05-19,Calaveras,009,45235,7445,7424,377,7801,120
2022-05-19,Colusa,011,21464,3474,3468,1057,4525,21
2022-05-19,Contra Costa,013,1133247,205395,199703,14925,214628,1305
2022-05-19,Del Norte,015,27424,6151,6045,211,6256,50
2022-05-19,El Dorado,017,186661,27714,27517,3354,30871,213
2022-05-19,Fresno,019,978130,235804,234657,24789,259446,2760
2022-05-19,Glenn,021,27897,5044,5020,1637,6657,48
2022-05-19,Humboldt,023,135768,18134,17984,3398,21382,146
2022-05-19,Imperial,025,180216,56134,56014,10784,66798,923
2022-05-19,Inyo,027,18085,4146,4135,546,4681,56
2022-05-19,Kern,029,883053,194285,193705,46843,240548,2334
2022-05-19,Kings,031,150075,52105,52038,3552,55590,447
2022-05-19,Lake,033,64148,10926,10867,918,11785,137
2022-05-19,Lassen,035,31185,9011,9011,883,9894,64
2022-05-19,Los Angeles,037,10098052,2810265,2791671,130505,2922176,31815
2022-05-19,Madera,039,155013,37839,37744,6232,43976,370
2022-05-19,Marin,041,260295,36859,36394,3565,39959,293
2022-05-19,Mariposa,043,17540,2511,2490,224,2714,30
2022-05-19,Mendocino,045,87422,13543,13461,3355,16816,124
2022-05-19,Merced,047,269075,63551,62969,9134,72103,823
2022-05-19,Modoc,049,8938,745,750,254,1004,8
2022-05-19,Mono,051,14174,3025,3012,156,3168,6
2022-05-19,Monterey,053,433212,81653,81224,15034,96258,735
2022-05-19,Napa,055,140530,27194,27034,1089,28123,143
2022-05-19,Nevada,057,99092,16501,16410,1290,17700,127
2022-05-19,Orange,059,3164182,564994,562531,44201,606732,7025
2022-05-19,Placer,061,380077,65364,64802,7762,72564,626
2022-05-19,Plumas,063,18699,3080,3052,372,3424,13
2022-05-19,Riverside,065,2383286,604382,601808,28803,630611,6476
2022-05-19,Sacramento,067,1510023,291955,289972,27967,317939,3027
2022-05-19,San Benito,069,59416,13357,13234,573,13807,98
2022-05-19,San Bernardino,071,2135413,584976,575194,25505,600699,7523
2022-05-19,San Diego,073,3302833,779371,777404,55931,833335,5282
2022-05-19,San Francisco,075,870044,140988,138922,9248,148170,871
2022-05-19,San Joaquin,077,732212,170963,169745,10855,180600,2237
2022-05-19,San Luis Obispo,079,281455,54284,54012,4229,58241,481
2022-05-19,San Mateo,081,765935,134189,132636,8174,140810,711
2022-05-19,Santa Barbara,083,443738,89334,88783,4984,93767,692
2022-05-19,Santa Clara,085,1922200,344374,336488,14102,350590,2301
2022-05-19,Santa Cruz,087,273765,51641,51333,2326,53659,263
2022-05-19,Shasta,089,179085,31053,30966,6161,37127,564
2022-05-19,Sierra,091,2930,277,276,54,330,4
2022-05-19,Siskiyou,093,43540,4501,4501,2778,7279,81
2022-05-19,Solano,095,438530,86208,85038,5991,91029,451
2022-05-19,Sonoma,097,501317,89739,88889,3419,92308,489
2022-05-19,Stanislaus,099,539301,120025,119396,18337,137733,1653
2022-05-19,Sutter,101,95872,20838,20809,2162,22971,226
2022-05-19,Tehama,103,63373,12182,12162,2626,14788,201
2022-05-19,Trinity,105,12862,1197,1191,289,1480,20
2022-05-19,Tulare,107,460477,107407,107485,28306,135791,1477
2022-05-19,Tuolumne,109,53932,13130,12977,603,13580,182
2022-05-19,Ventura,111,848112,179011,178024,10451,188475,1499
2022-05-19,Yolo,113,214977,39555,38377,3242,41619,319
2022-05-19,Yuba,115,75493,16228,16180,1281,17461,122
2022-05-18,Alameda,001,1643700,277625,272530,15287,287817,1859
2022-05-18,Alpine,003,1148,126,126,1,127,0
2022-05-18,Amador,005,37829,8690,8592,680,9272,86
2022-05-18,Butte,007,227075,33894,33486,7246,40732,426
2022-05-18,Calaveras,009,45235,7437,7400,377,7777,120
2022-05-18,Colusa,011,21464,3474,3467,1057,4524,21
2022-05-18,Contra Costa,013,1133247,204836,198207,14838,213045,1303
2022-05-18,Del Norte,015,27424,6143,6001,207,6208,50
2022-05-18,El Dorado,017,186661,27663,27388,3346,30734,212
2022-05-18,Fresno,019,978130,235541,234055,24748,258803,2759
2022-05-18,Glenn,021,27897,5043,5012,1637,6649,48
2022-05-18,Humboldt,023,135768,18109,17868,3377,21245,146
2022-05-18,Imperial,025,180216,56072,55915,10778,66693,918
2022-05-18,Inyo,027,18085,4142,4120,540,4660,56
2022-05-18,Kern,029,883053,194168,193338,46783,240121,2327
2022-05-18,Kings,031,150075,52076,51903,3549,55452,447
2022-05-18,Lake,033,64148,10917,10831,917,11748,137
2022-05-18,Lassen,035,31185,9005,8994,883,9877,65
2022-05-18,Los Angeles,037,10098052,2805924,2780354,130222,2910576,31789
2022-05-18,Madera,039,155013,37801,37644,6223,43867,365
2022-05-18,Marin,041,260295,36769,36024,3524,39548,293
2022-05-18,Mariposa,043,17540,2504,2481,224,2705,30
2022-05-18,Mendocino,045,87422,13522,13403,3340,16743,124
2022-05-18,Merced,047,269075,63486,62802,9107,71909,818
2022-05-18,Modoc,049,8938,745,748,254,1002,8
2022-05-18,Mono,051,14174,3024,3010,154,3164,6
2022-05-18,Monterey,053,433212,81544,80955,14978,95933,735
2022-05-18,Napa,055,140530,27153,26912,1082,27994,143
2022-05-18,Nevada,057,99092,16481,16361,1285,17646,127
2022-05-18,Orange,059,3164182,564189,560094,44092,604186,7021
2022-05-18,Placer,061,380077,65219,64432,7747,72179,626
2022-05-18,Plumas,063,18699,3072,3022,369,3391,13
2022-05-18,Riverside,065,2383286,603734,599947,28751,628698,6471
2022-05-18,Sacramento,067,1510023,291431,288335,27883,316218,3022
2022-05-18,San Benito,069,59416,13333,13186,569,13755,98
2022-05-18,San Bernardino,071,2135413,584508,573790,25478,599268,7455
2022-05-18,San Diego,073,3302833,777935,773934,55767,829701,5277
2022-05-18,San Francisco,075,870044,140464,137341,9221,146562,869
2022-05-18,San Joaquin,077,732212,170728,169045,10769,179814,2236
2022-05-18,San Luis Obispo,079,281455,54185,53756,4195,57951,478
2022-05-18,San Mateo,081,765935,133765,131330,8105,139435,709
2022-05-18,Santa Barbara,083,443738,89174,88317,4963,93280,693
2022-05-18,Santa Clara,085,1922200,343224,333230,14008,347238,2300
2022-05-18,Santa Cruz,087,273765,51553,51020,2313,53333,263
2022-05-18,Shasta,089,179085,31030,30899,6156,37055,558
2022-05-18,Sierra,091,2930,277,275,54,329,4
2022-05-18,Siskiyou,093,43540,4496,4495,2776,7271,81
2022-05-18,Solano,095,438530,85945,84476,5973,90449,451
2022-05-18,Sonoma,097,501317,89540,88195,3380,91575,489
2022-05-18,Stanislaus,099,539301,119915,119025,18304,137329,1645
2022-05-18,Sutter,101,95872,20816,20763,2153,22916,226
2022-05-18,Tehama,103,63373,12176,12133,2623,14756,201
2022-05-18,Trinity,105,12862,1197,1189,289,1478,20
2022-05-18,Tulare,107,460477,107339,107292,28248,135540,1477
2022-05-18,Tuolumne,109,53932,13111,12917,601,13518,182
2022-05-18,Ventura,111,848112,178742,177233,10407,187640,1497
2022-05-18,Yolo,113,214977,39443,38139,3230,41369,316
2022-05-18,Yuba,115,75493,16204,16109,1272,17381,122
2022-05-17,Alameda,001,1643700,276790,272530,15219,287749,1859
2022-05-17,Alpine,003,1148,126,126,1,127,0
2022-05-17,Amador,005,37829,8681,8592,678,9270,86
2022-05-17,Butte,007,227075,33842,33486,7225,40711,426
2022-05-17,Calaveras,009,45235,7430,7400,377,7777,120
2022-05-17,Colusa,011,21464,3473,3467,1056,4523,21
2022-05-17,Contra Costa,013,1133247,204198,198207,14753,212960,1303
2022-05-17,Del Norte,015,27424,6129,6001,207,6208,50
2022-05-17,El Dorado,017,186661,27607,27388,3340,30728,212
2022-05-17,Fresno,019,978130,235288,234055,24717,258772,2759
2022-05-17,Glenn,021,27897,5040,5012,1636,6648,48
2022-05-17,Humboldt,023,135768,18069,17868,3360,21228,146
2022-05-17,Imperial,025,180216,56029,55915,10768,66683,918
2022-05-17,Inyo,027,18085,4140,4120,531,4651,56
2022-05-17,Kern,029,883053,194011,193338,46727,240065,2327
2022-05-17,Kings,031,150075,52033,51903,3545,55448,447
2022-05-17,Lake,033,64148,10902,10831,915,11746,137
2022-05-17,Lassen,035,31185,9000,8994,882,9876,65
2022-05-17,Los Angeles,037,10098052,2801377,2780354,129910,2910264,31789
2022-05-17,Madera,039,155013,37775,37644,6208,43852,365
2022-05-17,Marin,041,260295,36636,36024,3463,39487,293
2022-05-17,Mariposa,043,17540,2499,2481,223,2704,30
2022-05-17,Mendocino,045,87422,13496,13403,3330,16733,124
2022-05-17,Merced,047,269075,63421,62802,9088,71890,818
2022-05-17,Modoc,049,8938,745,748,254,1002,8
2022-05-17,Mono,051,14174,3020,3010,154,3164,6
2022-05-17,Monterey,053,433212,81427,80955,14913,95868,735
2022-05-17,Napa,055,140530,27105,26912,1074,27986,143
2022-05-17,Nevada,057,99092,16452,16361,1277,17638,127
2022-05-17,Orange,059,3164182,563286,560094,43953,604047,7021
2022-05-17,Placer,061,380077,65055,64432,7709,72141,626
2022-05-17,Plumas,063,18699,3066,3022,368,3390,13
2022-05-17,Riverside,065,2383286,603047,599947,28707,628654,6471
2022-05-17,Sacramento,067,1510023,290799,288335,27781,316116,3022
2022-05-17,San Benito,069,59416,13296,13186,568,13754,98
2022-05-17,San Bernardino,071,2135413,584019,573790,25464,599254,7455
2022-05-17,San Diego,073,3302833,776422,773934,55600,829534,5277
2022-05-17,San Francisco,075,870044,139887,137341,9190,146531,869
2022-05-17,San Joaquin,077,732212,170489,169045,10728,179773,2236
2022-05-17,San Luis Obispo,079,281455,54092,53756,4151,57907,478
2022-05-17,San Mateo,081,765935,133270,131330,8065,139395,709
2022-05-17,Santa Barbara,083,443738,88976,88317,4945,93262,693
2022-05-17,Santa Clara,085,1922200,342043,333230,13935,347165,2300
2022-05-17,Santa Cruz,087,273765,51476,51020,2305,53325,263
2022-05-17,Shasta,089,179085,30992,30899,6153,37052,558
2022-05-17,Sierra,091,2930,277,275,54,329,4
2022-05-17,Siskiyou,093,43540,4494,4495,2774,7269,81
2022-05-17,Solano,095,438530,85664,84476,5943,90419,451
2022-05-17,Sonoma,097,501317,89297,88195,3335,91530,489
2022-05-17,Stanislaus,099,539301,119766,119025,18275,137300,1645
2022-05-17,Sutter,101,95872,20796,20763,2149,22912,226
2022-05-17,Tehama,103,63373,12164,12133,2620,14753,201
2022-05-17,Trinity,105,12862,1196,1189,289,1478,20
2022-05-17,Tulare,107,460477,107245,107292,28208,135500,1477
2022-05-17,Tuolumne,109,53932,13097,12917,601,13518,182
2022-05-17,Ventura,111,848112,178419,177233,10353,187586,1497
2022-05-17,Yolo,113,214977,39307,38139,3223,41362,316
2022-05-17,Yuba,115,75493,16179,16109,1269,17378,122
2022-05-16,Alameda,001,1643700,275785,272530,15138,287668,1859
2022-05-16,Alpine,003,1148,126,126,1,127,0
2022-05-16,Amador,005,37829,8671,8592,677,9269,86
2022-05-16,Butte,007,227075,33785,33486,7209,40695,426
2022-05-16,Calaveras,009,45235,7424,7400,375,7775,120
2022-05-16,Colusa,011,21464,3472,3467,1056,4523,21
2022-05-16,Contra Costa,013,1133247,203555,198207,14672,212879,1303
2022-05-16,Del Norte,015,27424,6116,6001,204,6205,50
2022-05-16,El Dorado,017,186661,27551,27388,3332,30720,212
2022-05-16,Fresno,019,978130,235024,234055,24675,258730,2759
2022-05-16,Glenn,021,27897,5035,5012,1631,6643,48
2022-05-16,Humboldt,023,135768,18023,17868,3346,21214,146
2022-05-16,Imperial,025,180216,55965,55915,10755,66670,918
2022-05-16,Inyo,027,18085,4136,4120,528,4648,56
2022-05-16,Kern,029,883053,193859,193338,46661,239999,2327
2022-05-16,Kings,031,150075,51983,51903,3544,55447,447
2022-05-16,Lake,033,64148,10895,10831,914,11745,137
2022-05-16,Lassen,035,31185,8995,8994,880,9874,65
2022-05-16,Los Angeles,037,10098052,2796940,2780354,129624,2909978,31789
2022-05-16,Madera,039,155013,37744,37644,6186,43830,365
2022-05-16,Marin,041,260295,36472,36024,3415,39439,293
2022-05-16,Mariposa,043,17540,2498,2481,222,2703,30
2022-05-16,Mendocino,045,87422,13470,13403,3318,16721,124
2022-05-16,Merced,047,269075,63350,62802,9052,71854,818
2022-05-16,Modoc,049,8938,745,748,254,1002,8
2022-05-16,Mono,051,14174,3017,3010,154,3164,6
2022-05-16,Monterey,053,433212,81316,80955,14826,95781,735
2022-05-16,Napa,055,140530,27054,26912,1069,27981,143
2022-05-16,Nevada,057,99092,16433,16361,1271,17632,127
2022-05-16,Orange,059,3164182,562432,560094,43826,603920,7021
2022-05-16,Placer,061,380077,64947,64432,7678,72110,626
2022-05-16,Plumas,063,18699,3056,3022,367,3389,13
2022-05-16,Riverside,065,2383286,602333,599947,28652,628599,6471
2022-05-16,Sacramento,067,1510023,290136,288335,27690,316025,3022
2022-05-16,San Benito,069,59416,13278,13186,563,13749,98
2022-05-16,San Bernardino,071,2135413,583549,573790,25434,599224,7455
2022-05-16,San Diego,073,3302833,774879,773934,55432,829366,5277
2022-05-16,San Francisco,075,870044,139184,137341,9158,146499,869
2022-05-16,San Joaquin,077,732212,170209,169045,10543,179588,2236
2022-05-16,San Luis Obispo,079,281455,53989,53756,4122,57878,478
2022-05-16,San Mateo,081,765935,132727,131330,8009,139339,709
2022-05-16,Santa Barbara,083,443738,88831,88317,4934,93251,693
2022-05-16,Santa Clara,085,1922200,340718,333230,13848,347078,2300
2022-05-16,Santa Cruz,087,273765,51397,51020,2290,53310,263
2022-05-16,Shasta,089,179085,30959,30899,6145,37044,558
2022-05-16,Sierra,091,2930,277,275,53,328,4
2022-05-16,Siskiyou,093,43540,4491,4495,2767,7262,81
2022-05-16,Solano,095,438530,85402,84476,5917,90393,451
2022-05-16,Sonoma,097,501317,88997,88195,3297,91492,489
2022-05-16,Stanislaus,099,539301,119622,119025,18242,137267,1645
2022-05-16,Sutter,101,95872,20782,20763,2142,22905,226
2022-05-16,Tehama,103,63373,12156,12133,2617,14750,201
2022-05-16,Trinity,105,12862,1195,1189,289,1478,20
2022-05-16,Tulare,107,460477,107170,107292,28157,135449,1477
2022-05-16,Tuolumne,109,53932,13064,12917,598,13515,182
2022-05-16,Ventura,111,848112,178088,177233,10295,187528,1497
2022-05-16,Yolo,113,214977,39173,38139,3214,41353,316
2022-05-16,Yuba,115,75493,16152,16109,1266,17375,122
2022-05-15,Alameda,001,1643700,274715,268944,15070,284014,1857
2022-05-15,Alpine,003,1148,126,125,1,126,0
2022-05-15,Amador,005,37829,8655,8574,672,9246,86
2022-05-15,Butte,007,227075,33727,33377,7188,40565,424
2022-05-15,Calaveras,009,45235,7405,7378,373,7751,120
2022-05-15,Colusa,011,21464,3469,3463,1054,4517,21
2022-05-15,Contra Costa,013,1133247,202791,195925,14590,210515,1301
2022-05-15,Del Norte,015,27424,6043,5919,202,6121,50
2022-05-15,El Dorado,017,186661,27490,27216,3317,30533,212
2022-05-15,Fresno,019,978130,234756,233305,24640,257945,2757
2022-05-15,Glenn,021,27897,5032,5004,1630,6634,48
2022-05-15,Humboldt,023,135768,17973,17633,3306,20939,146
2022-05-15,Imperial,025,180216,55929,55756,10734,66490,917
2022-05-15,Inyo,027,18085,4132,4114,524,4638,56
2022-05-15,Kern,029,883053,193681,192939,46578,239517,2314
2022-05-15,Kings,031,150075,51923,51779,3540,55319,447
2022-05-15,Lake,033,64148,10878,10790,911,11701,137
2022-05-15,Lassen,035,31185,8987,8987,879,9866,65
2022-05-15,Los Angeles,037,10098052,2792327,2768726,129253,2897979,31768
2022-05-15,Madera,039,155013,37702,37520,6168,43688,365
2022-05-15,Marin,041,260295,36301,35486,3376,38862,293
2022-05-15,Mariposa,043,17540,2493,2463,221,2684,30
2022-05-15,Mendocino,045,87422,13450,13349,3291,16640,124
2022-05-15,Merced,047,269075,63265,62627,9006,71633,818
2022-05-15,Modoc,049,8938,744,747,254,1001,8
2022-05-15,Mono,051,14174,3014,3002,152,3154,6
2022-05-15,Monterey,053,433212,81207,80620,14738,95358,735
2022-05-15,Napa,055,140530,26999,26698,1065,27763,143
2022-05-15,Nevada,057,99092,16403,16240,1268,17508,127
2022-05-15,Orange,059,3164182,561486,557134,43688,600822,7017
2022-05-15,Placer,061,380077,64765,63963,7648,71611,626
2022-05-15,Plumas,063,18699,3050,3006,367,3373,13
2022-05-15,Riverside,065,2383286,601616,597914,28584,626498,6471
2022-05-15,Sacramento,067,1510023,289419,286403,27557,313960,3022
2022-05-15,San Benito,069,59416,13253,13106,561,13667,98
2022-05-15,San Bernardino,071,2135413,583003,572057,25405,597462,7423
2022-05-15,San Diego,073,3302833,773372,770323,55233,825556,5271
2022-05-15,San Francisco,075,870044,138473,134916,9124,144040,866
2022-05-15,San Joaquin,077,732212,169966,168174,10466,178640,2236
2022-05-15,San Luis Obispo,079,281455,53862,53502,4080,57582,478
2022-05-15,San Mateo,081,765935,132196,129480,7935,137415,709
2022-05-15,Santa Barbara,083,443738,88601,87773,4899,92672,693
2022-05-15,Santa Clara,085,1922200,339302,328609,13756,342365,2297
2022-05-15,Santa Cruz,087,273765,51292,50268,2274,52542,263
2022-05-15,Shasta,089,179085,30918,30799,6139,36938,557
2022-05-15,Sierra,091,2930,277,275,53,328,4
2022-05-15,Siskiyou,093,43540,4489,4482,2764,7246,81
2022-05-15,Solano,095,438530,85082,83669,5883,89552,451
2022-05-15,Sonoma,097,501317,88672,87070,3272,90342,488
2022-05-15,Stanislaus,099,539301,119453,118586,18210,136796,1645
2022-05-15,Sutter,101,95872,20755,20690,2132,22822,226
2022-05-15,Tehama,103,63373,12139,12115,2611,14726,201
2022-05-15,Trinity,105,12862,1194,1188,289,1477,20
2022-05-15,Tulare,107,460477,107071,107077,28108,135185,1469
2022-05-15,Tuolumne,109,53932,13009,12851,596,13447,182
2022-05-15,Ventura,111,848112,177743,176317,10233,186550,1497
2022-05-15,Yolo,113,214977,39058,37737,3202,40939,316
2022-05-15,Yuba,115,75493,16118,16028,1257,17285,122
2022-05-14,Alameda,001,1643700,274288,268944,15050,283994,1857
2022-05-14,Alpine,003,1148,125,125,1,126,0
2022-05-14,Amador,005,37829,8649,8574,672,9246,86
2022-05-14,Butte,007,227075,33707,33377,7180,40557,424
2022-05-14,Calaveras,009,45235,7403,7378,373,7751,120
2022-05-14,Colusa,011,21464,3469,3463,1054,4517,21
2022-05-14,Contra Costa,013,1133247,202412,195925,14560,210485,1301
2022-05-14,Del Norte,015,27424,6035,5919,200,6119,50
2022-05-14,El Dorado,017,186661,27460,27216,3312,30528,212
2022-05-14,Fresno,019,978130,234632,233305,24631,257936,2757
2022-05-14,Glenn,021,27897,5031,5004,1626,6630,48
2022-05-14,Humboldt,023,135768,17947,17633,3299,20932,146
2022-05-14,Imperial,025,180216,55898,55756,10731,66487,917
2022-05-14,Inyo,027,18085,4127,4114,524,4638,56
2022-05-14,Kern,029,883053,193611,192939,46532,239471,2314
2022-05-14,Kings,031,150075,51896,51779,3540,55319,447
2022-05-14,Lake,033,64148,10868,10790,906,11696,137
2022-05-14,Lassen,035,31185,8985,8987,879,9866,65
2022-05-14,Los Angeles,037,10098052,2790392,2768726,129036,2897762,31768
2022-05-14,Madera,039,155013,37687,37520,6168,43688,365
2022-05-14,Marin,041,260295,36194,35486,3327,38813,293
2022-05-14,Mariposa,043,17540,2492,2463,221,2684,30
2022-05-14,Mendocino,045,87422,13440,13349,3287,16636,124
2022-05-14,Merced,047,269075,63229,62627,9003,71630,818
2022-05-14,Modoc,049,8938,743,747,254,1001,8
2022-05-14,Mono,051,14174,3014,3002,151,3153,6
2022-05-14,Monterey,053,433212,81142,80620,14685,95305,735
2022-05-14,Napa,055,140530,26975,26698,1058,27756,143
2022-05-14,Nevada,057,99092,16388,16240,1267,17507,127
2022-05-14,Orange,059,3164182,561041,557134,43604,600738,7017
2022-05-14,Placer,061,380077,64658,63963,7626,71589,626
2022-05-14,Plumas,063,18699,3046,3006,367,3373,13
2022-05-14,Riverside,065,2383286,601204,597914,28549,626463,6471
2022-05-14,Sacramento,067,1510023,289146,286403,27536,313939,3022
2022-05-14,San Benito,069,59416,13243,13106,558,13664,98
2022-05-14,San Bernardino,071,2135413,582726,572057,25393,597450,7423
2022-05-14,San Diego,073,3302833,772772,770323,55186,825509,5271
2022-05-14,San Francisco,075,870044,138117,134916,9100,144016,866
2022-05-14,San Joaquin,077,732212,169823,168174,10449,178623,2236
2022-05-14,San Luis Obispo,079,281455,53835,53502,4077,57579,478
2022-05-14,San Mateo,081,765935,131873,129480,7906,137386,709
2022-05-14,Santa Barbara,083,443738,88494,87773,4894,92667,693
2022-05-14,Santa Clara,085,1922200,338470,328609,13717,342326,2297
2022-05-14,Santa Cruz,087,273765,51245,50268,2260,52528,263
2022-05-14,Shasta,089,179085,30914,30799,6138,36937,557
2022-05-14,Sierra,091,2930,277,275,53,328,4
2022-05-14,Siskiyou,093,43540,4486,4482,2762,7244,81
2022-05-14,Solano,095,438530,85020,83669,5873,89542,451
2022-05-14,Sonoma,097,501317,88528,87070,3260,90330,488
2022-05-14,Stanislaus,099,539301,119369,118586,18199,136785,1645
2022-05-14,Sutter,101,95872,20748,20690,2131,22821,226
2022-05-14,Tehama,103,63373,12133,12115,2610,14725,201
2022-05-14,Trinity,105,12862,1194,1188,289,1477,20
2022-05-14,Tulare,107,460477,107026,107077,28080,135157,1469
2022-05-14,Tuolumne,109,53932,12998,12851,596,13447,182
2022-05-14,Ventura,111,848112,177581,176317,10208,186525,1497
2022-05-14,Yolo,113,214977,38989,37737,3195,40932,316
2022-05-14,Yuba,115,75493,16111,16028,1256,17284,122
2022-05-13,Alameda,001,1643700,273811,268944,15020,283964,1857
2022-05-13,Alpine,003,1148,125,125,1,126,0
2022-05-13,Amador,005,37829,8644,8574,671,9245,86
2022-05-13,Butte,007,227075,33690,33377,7178,40555,424
2022-05-13,Calaveras,009,45235,7400,7378,373,7751,120
2022-05-13,Colusa,011,21464,3468,3463,1054,4517,21
2022-05-13,Contra Costa,013,1133247,202070,195925,14530,210455,1301
2022-05-13,Del Norte,015,27424,6032,5919,200,6119,50
2022-05-13,El Dorado,017,186661,27432,27216,3312,30528,212
2022-05-13,Fresno,019,978130,234523,233305,24612,257917,2757
2022-05-13,Glenn,021,27897,5029,5004,1625,6629,48
2022-05-13,Humboldt,023,135768,17923,17633,3291,20924,146
2022-05-13,Imperial,025,180216,55879,55756,10730,66486,917
2022-05-13,Inyo,027,18085,4127,4114,523,4637,56
2022-05-13,Kern,029,883053,193536,192939,46503,239442,2314
2022-05-13,Kings,031,150075,51872,51779,3540,55319,447
2022-05-13,Lake,033,64148,10865,10790,906,11696,137
2022-05-13,Lassen,035,31185,8984,8987,879,9866,65
2022-05-13,Los Angeles,037,10098052,2788435,2768726,128844,2897570,31768
2022-05-13,Madera,039,155013,37667,37520,6159,43679,365
2022-05-13,Marin,041,260295,36091,35486,3284,38770,293
2022-05-13,Mariposa,043,17540,2490,2463,221,2684,30
2022-05-13,Mendocino,045,87422,13426,13349,3280,16629,124
2022-05-13,Merced,047,269075,63194,62627,8994,71621,818
2022-05-13,Modoc,049,8938,743,747,254,1001,8
2022-05-13,Mono,051,14174,3012,3002,150,3152,6
2022-05-13,Monterey,053,433212,81086,80620,14646,95266,735
2022-05-13,Napa,055,140530,26939,26698,1056,27754,143
2022-05-13,Nevada,057,99092,16373,16240,1266,17506,127
2022-05-13,Orange,059,3164182,560574,557134,43531,600665,7017
2022-05-13,Placer,061,380077,64579,63963,7617,71580,626
2022-05-13,Plumas,063,18699,3039,3006,367,3373,13
2022-05-13,Riverside,065,2383286,600816,597914,28520,626434,6471
2022-05-13,Sacramento,067,1510023,288812,286403,27516,313919,3022
2022-05-13,San Benito,069,59416,13239,13106,558,13664,98
2022-05-13,San Bernardino,071,2135413,582485,572057,25385,597442,7423
2022-05-13,San Diego,073,3302833,772134,770323,55106,825429,5271
2022-05-13,San Francisco,075,870044,137768,134916,9080,143996,866
2022-05-13,San Joaquin,077,732212,169703,168174,10437,178611,2236
2022-05-13,San Luis Obispo,079,281455,53799,53502,4073,57575,478
2022-05-13,San Mateo,081,765935,131584,129480,7885,137365,709
2022-05-13,Santa Barbara,083,443738,88400,87773,4891,92664,693
2022-05-13,Santa Clara,085,1922200,337667,328609,13684,342293,2297
2022-05-13,Santa Cruz,087,273765,51158,50268,2252,52520,263
2022-05-13,Shasta,089,179085,30910,30799,6138,36937,557
2022-05-13,Sierra,091,2930,276,275,50,325,4
2022-05-13,Siskiyou,093,43540,4485,4482,2762,7244,81
2022-05-13,Solano,095,438530,84896,83669,5866,89535,451
2022-05-13,Sonoma,097,501317,88351,87070,3246,90316,488
2022-05-13,Stanislaus,099,539301,119275,118586,18185,136771,1645
2022-05-13,Sutter,101,95872,20736,20690,2130,22820,226
2022-05-13,Tehama,103,63373,12131,12115,2608,14723,201
2022-05-13,Trinity,105,12862,1193,1188,289,1477,20
2022-05-13,Tulare,107,460477,106982,107077,28044,135121,1469
2022-05-13,Tuolumne,109,53932,12982,12851,596,13447,182
2022-05-13,Ventura,111,848112,177401,176317,10194,186511,1497
2022-05-13,Yolo,113,214977,38926,37737,3192,40929,316
2022-05-13,Yuba,115,75493,16098,16028,1253,17281,122
2022-05-12,Alameda,001,1643700,273066,268944,14964,283908,1857
2022-05-12,Alpine,003,1148,125,125,1,126,0
2022-05-12,Amador,005,37829,8635,8574,671,9245,86
2022-05-12,Butte,007,227075,33663,33377,7164,40541,424
2022-05-12,Calaveras,009,45235,7396,7378,372,7750,120
2022-05-12,Colusa,011,21464,3468,3463,1053,4516,21
2022-05-12,Contra Costa,013,1133247,201550,195925,14467,210392,1301
2022-05-12,Del Norte,015,27424,6015,5919,199,6118,50
2022-05-12,El Dorado,017,186661,27392,27216,3303,30519,212
2022-05-12,Fresno,019,978130,234371,233305,24592,257897,2757
2022-05-12,Glenn,021,27897,5025,5004,1623,6627,48
2022-05-12,Humboldt,023,135768,17881,17633,3278,20911,146
2022-05-12,Imperial,025,180216,55852,55756,10717,66473,917
2022-05-12,Inyo,027,18085,4123,4114,518,4632,56
2022-05-12,Kern,029,883053,193470,192939,46455,239394,2314
2022-05-12,Kings,031,150075,51851,51779,3538,55317,447
2022-05-12,Lake,033,64148,10847,10790,900,11690,137
2022-05-12,Lassen,035,31185,8983,8987,879,9866,65
2022-05-12,Los Angeles,037,10098052,2785215,2768726,128577,2897303,31768
2022-05-12,Madera,039,155013,37642,37520,6147,43667,365
2022-05-12,Marin,041,260295,35991,35486,3261,38747,293
2022-05-12,Mariposa,043,17540,2485,2463,220,2683,30
2022-05-12,Mendocino,045,87422,13409,13349,3268,16617,124
2022-05-12,Merced,047,269075,63162,62627,8983,71610,818
2022-05-12,Modoc,049,8938,742,747,254,1001,8
2022-05-12,Mono,051,14174,3012,3002,149,3151,6
2022-05-12,Monterey,053,433212,81029,80620,14603,95223,735
2022-05-12,Napa,055,140530,26894,26698,1054,27752,143
2022-05-12,Nevada,057,99092,16351,16240,1265,17505,127
2022-05-12,Orange,059,3164182,559934,557134,43422,600556,7017
2022-05-12,Placer,061,380077,64481,63963,7594,71557,626
2022-05-12,Plumas,063,18699,3033,3006,367,3373,13
2022-05-12,Riverside,065,2383286,600359,597914,28487,626401,6471
2022-05-12,Sacramento,067,1510023,288355,286403,27452,313855,3022
2022-05-12,San Benito,069,59416,13224,13106,557,13663,98
2022-05-12,San Bernardino,071,2135413,582134,572057,25368,597425,7423
2022-05-12,San Diego,073,3302833,771181,770323,55016,825339,5271
2022-05-12,San Francisco,075,870044,137389,134916,9042,143958,866
2022-05-12,San Joaquin,077,732212,169524,168174,10396,178570,2236
2022-05-12,San Luis Obispo,079,281455,53740,53502,4044,57546,478
2022-05-12,San Mateo,081,765935,131175,129480,7834,137314,709
2022-05-12,Santa Barbara,083,443738,88294,87773,4880,92653,693
2022-05-12,Santa Clara,085,1922200,336694,328609,13599,342208,2297
2022-05-12,Santa Cruz,087,273765,51014,50268,2246,52514,263
2022-05-12,Shasta,089,179085,30897,30799,6136,36935,557
2022-05-12,Sierra,091,2930,275,275,50,325,4
2022-05-12,Siskiyou,093,43540,4480,4482,2760,7242,81
2022-05-12,Solano,095,438530,84677,83669,5853,89522,451
2022-05-12,Sonoma,097,501317,88134,87070,3219,90289,488
2022-05-12,Stanislaus,099,539301,119173,118586,18156,136742,1645
2022-05-12,Sutter,101,95872,20720,20690,2129,22819,226
2022-05-12,Tehama,103,63373,12124,12115,2605,14720,201
2022-05-12,Trinity,105,12862,1192,1188,288,1476,20
2022-05-12,Tulare,107,460477,106930,107077,27994,135071,1469
2022-05-12,Tuolumne,109,53932,12962,12851,594,13445,182
2022-05-12,Ventura,111,848112,177171,176317,10151,186468,1497
2022-05-12,Yolo,113,214977,38813,37737,3182,40919,316
2022-05-12,Yuba,115,75493,16082,16028,1250,17278,122
2022-05-11,Alameda,001,1643700,272357,267982,14909,282891,1853
2022-05-11,Alpine,003,1148,125,125,1,126,0
2022-05-11,Amador,005,37829,8627,8564,671,9235,86
2022-05-11,Butte,007,227075,33631,33339,7158,40497,423
2022-05-11,Calaveras,009,45235,7391,7368,368,7736,120
2022-05-11,Colusa,011,21464,3467,3462,1053,4515,21
2022-05-11,Contra Costa,013,1133247,201031,195153,14412,209565,1302
2022-05-11,Del Norte,015,27424,6005,5911,199,6110,50
2022-05-11,El Dorado,017,186661,27356,27172,3296,30468,212
2022-05-11,Fresno,019,978130,234207,233021,24559,257580,2754
2022-05-11,Glenn,021,27897,5025,5001,1621,6622,48
2022-05-11,Humboldt,023,135768,17838,17585,3262,20847,146
2022-05-11,Imperial,025,180216,55827,55751,10707,66458,917
2022-05-11,Inyo,027,18085,4122,4093,517,4610,56
2022-05-11,Kern,029,883053,193372,192795,46410,239205,2292
2022-05-11,Kings,031,150075,51824,51752,3536,55288,447
2022-05-11,Lake,033,64148,10834,10786,899,11685,137
2022-05-11,Lassen,035,31185,8982,8984,878,9862,65
2022-05-11,Los Angeles,037,10098052,2782086,2761410,128348,2889758,31747
2022-05-11,Madera,039,155013,37610,37496,6136,43632,365
2022-05-11,Marin,041,260295,35890,35336,3220,38556,292
2022-05-11,Mariposa,043,17540,2480,2461,220,2681,30
2022-05-11,Mendocino,045,87422,13394,13320,3251,16571,124
2022-05-11,Merced,047,269075,63119,62567,8962,71529,818
2022-05-11,Modoc,049,8938,741,747,254,1001,8
2022-05-11,Mono,051,14174,3012,2999,148,3147,6
2022-05-11,Monterey,053,433212,80966,80534,14552,95086,733
2022-05-11,Napa,055,140530,26843,26660,1052,27712,143
2022-05-11,Nevada,057,99092,16335,16230,1260,17490,127
2022-05-11,Orange,059,3164182,559259,556265,43343,599608,7009
2022-05-11,Placer,061,380077,64383,63823,7578,71401,625
2022-05-11,Plumas,063,18699,3025,2998,367,3365,13
2022-05-11,Riverside,065,2383286,599909,597302,28451,625753,6468
2022-05-11,Sacramento,067,1510023,287937,285799,27404,313203,3020
2022-05-11,San Benito,069,59416,13204,13088,553,13641,98
2022-05-11,San Bernardino,071,2135413,581771,571372,25359,596731,7354
2022-05-11,San Diego,073,3302833,770200,768135,54885,823020,5257
2022-05-11,San Francisco,075,870044,136893,134027,9017,143044,864
2022-05-11,San Joaquin,077,732212,169351,167949,10375,178324,2233
2022-05-11,San Luis Obispo,079,281455,53693,53420,4027,57447,478
2022-05-11,San Mateo,081,765935,130778,128821,7790,136611,711
2022-05-11,Santa Barbara,083,443738,88165,87593,4868,92461,693
2022-05-11,Santa Clara,085,1922200,335691,327177,13551,340728,2294
2022-05-11,Santa Cruz,087,273765,50856,50031,2232,52263,263
2022-05-11,Shasta,089,179085,30865,30768,6133,36901,564
2022-05-11,Sierra,091,2930,275,275,50,325,4
2022-05-11,Siskiyou,093,43540,4478,4478,2760,7238,81
2022-05-11,Solano,095,438530,84477,83464,5840,89304,450
2022-05-11,Sonoma,097,501317,87930,86798,3206,90004,488
2022-05-11,Stanislaus,099,539301,119070,118445,18134,136579,1644
2022-05-11,Sutter,101,95872,20705,20668,2128,22796,225
2022-05-11,Tehama,103,63373,12124,12106,2605,14711,201
2022-05-11,Trinity,105,12862,1190,1188,288,1476,20
2022-05-11,Tulare,107,460477,106873,107068,27961,135029,1468
2022-05-11,Tuolumne,109,53932,12945,12829,594,13423,181
2022-05-11,Ventura,111,848112,176972,175955,10109,186064,1491
2022-05-11,Yolo,113,214977,38698,37654,3177,40831,316
2022-05-11,Yuba,115,75493,16063,15997,1240,17237,122
2022-05-10,Alameda,001,1643700,271578,267982,14855,282837,1853
2022-05-10,Alpine,003,1148,125,125,1,126,0
2022-05-10,Amador,005,37829,8623,8564,670,9234,86
2022-05-10,Butte,007,227075,33605,33339,7154,40493,423
2022-05-10,Calaveras,009,45235,7387,7368,367,7735,120
2022-05-10,Colusa,011,21464,3467,3462,1052,4514,21
2022-05-10,Contra Costa,013,1133247,200546,195153,14370,209523,1302
2022-05-10,Del Norte,015,27424,5953,5911,199,6110,50
2022-05-10,El Dorado,017,186661,27319,27172,3290,30462,212
2022-05-10,Fresno,019,978130,234045,233021,24530,257551,2754
2022-05-10,Glenn,021,27897,5022,5001,1621,6622,48
2022-05-10,Humboldt,023,135768,17800,17585,3245,20830,146
2022-05-10,Imperial,025,180216,55792,55751,10689,66440,917
2022-05-10,Inyo,027,18085,4120,4093,511,4604,56
2022-05-10,Kern,029,883053,193270,192795,46369,239164,2292
2022-05-10,Kings,031,150075,51793,51752,3536,55288,447
2022-05-10,Lake,033,64148,10829,10786,899,11685,137
2022-05-10,Lassen,035,31185,8977,8984,878,9862,65
2022-05-10,Los Angeles,037,10098052,2778780,2761410,128115,2889525,31747
2022-05-10,Madera,039,155013,37577,37496,6123,43619,365
2022-05-10,Marin,041,260295,35775,35336,3177,38513,292
2022-05-10,Mariposa,043,17540,2480,2461,220,2681,30
2022-05-10,Mendocino,045,87422,13382,13320,3238,16558,124
2022-05-10,Merced,047,269075,63074,62567,8943,71510,818
2022-05-10,Modoc,049,8938,741,747,254,1001,8
2022-05-10,Mono,051,14174,3008,2999,145,3144,6
2022-05-10,Monterey,053,433212,80900,80534,14504,95038,733
2022-05-10,Napa,055,140530,26805,26660,1050,27710,143
2022-05-10,Nevada,057,99092,16315,16230,1257,17487,127
2022-05-10,Orange,059,3164182,558555,556265,43248,599513,7009
2022-05-10,Placer,061,380077,64270,63823,7562,71385,625
2022-05-10,Plumas,063,18699,3017,2998,366,3364,13
2022-05-10,Riverside,065,2383286,599482,597302,28422,625724,6468
2022-05-10,Sacramento,067,1510023,287433,285799,27338,313137,3020
2022-05-10,San Benito,069,59416,13187,13088,548,13636,98
2022-05-10,San Bernardino,071,2135413,581421,571372,25333,596705,7354
2022-05-10,San Diego,073,3302833,769182,768135,54763,822898,5257
2022-05-10,San Francisco,075,870044,136343,134027,8990,143017,864
2022-05-10,San Joaquin,077,732212,169197,167949,10313,178262,2233
2022-05-10,San Luis Obispo,079,281455,53617,53420,4002,57422,478
2022-05-10,San Mateo,081,765935,130402,128821,7750,136571,711
2022-05-10,Santa Barbara,083,443738,88049,87593,4853,92446,693
2022-05-10,Santa Clara,085,1922200,334661,327177,13470,340647,2294
2022-05-10,Santa Cruz,087,273765,50730,50031,2221,52252,263
2022-05-10,Shasta,089,179085,30845,30768,6132,36900,564
2022-05-10,Sierra,091,2930,275,275,49,324,4
2022-05-10,Siskiyou,093,43540,4474,4478,2760,7238,81
2022-05-10,Solano,095,438530,84290,83464,5821,89285,450
2022-05-10,Sonoma,097,501317,87690,86798,3168,89966,488
2022-05-10,Stanislaus,099,539301,118976,118445,18115,136560,1644
2022-05-10,Sutter,101,95872,20686,20668,2125,22793,225
2022-05-10,Tehama,103,63373,12121,12106,2598,14704,201
2022-05-10,Trinity,105,12862,1190,1188,288,1476,20
2022-05-10,Tulare,107,460477,106830,107068,27933,135001,1468
2022-05-10,Tuolumne,109,53932,12933,12829,594,13423,181
2022-05-10,Ventura,111,848112,176754,175955,10071,186026,1491
2022-05-10,Yolo,113,214977,38594,37654,3166,40820,316
2022-05-10,Yuba,115,75493,16042,15997,1237,17234,122
2022-05-09,Alameda,001,1643700,270801,267982,14810,282792,1853
2022-05-09,Alpine,003,1148,125,125,1,126,0
2022-05-09,Amador,005,37829,8617,8564,670,9234,86
2022-05-09,Butte,007,227075,33579,33339,7145,40484,423
2022-05-09,Calaveras,009,45235,7381,7368,367,7735,120
2022-05-09,Colusa,011,21464,3465,3462,1050,4512,21
2022-05-09,Contra Costa,013,1133247,200074,195153,14312,209465,1302
2022-05-09,Del Norte,015,27424,5944,5911,198,6109,50
2022-05-09,El Dorado,017,186661,27284,27172,3282,30454,212
2022-05-09,Fresno,019,978130,233886,233021,24508,257529,2754
2022-05-09,Glenn,021,27897,5020,5001,1620,6621,48
2022-05-09,Humboldt,023,135768,17749,17585,3223,20808,146
2022-05-09,Imperial,025,180216,55758,55751,10676,66427,917
2022-05-09,Inyo,027,18085,4117,4093,508,4601,56
2022-05-09,Kern,029,883053,193173,192795,46312,239107,2292
2022-05-09,Kings,031,150075,51762,51752,3535,55287,447
2022-05-09,Lake,033,64148,10821,10786,898,11684,137
2022-05-09,Lassen,035,31185,8975,8984,878,9862,65
2022-05-09,Los Angeles,037,10098052,2775417,2761410,127870,2889280,31747
2022-05-09,Madera,039,155013,37545,37496,6114,43610,365
2022-05-09,Marin,041,260295,35658,35336,3142,38478,292
2022-05-09,Mariposa,043,17540,2475,2461,220,2681,30
2022-05-09,Mendocino,045,87422,13371,13320,3227,16547,124
2022-05-09,Merced,047,269075,63034,62567,8924,71491,818
2022-05-09,Modoc,049,8938,741,747,254,1001,8
2022-05-09,Mono,051,14174,3006,2999,143,3142,6
2022-05-09,Monterey,053,433212,80808,80534,14451,94985,733
2022-05-09,Napa,055,140530,26755,26660,1048,27708,143
2022-05-09,Nevada,057,99092,16287,16230,1251,17481,127
2022-05-09,Orange,059,3164182,557885,556265,43166,599431,7009
2022-05-09,Placer,061,380077,64209,63823,7546,71369,625
2022-05-09,Plumas,063,18699,3008,2998,366,3364,13
2022-05-09,Riverside,065,2383286,598991,597302,28386,625688,6468
2022-05-09,Sacramento,067,1510023,287004,285799,27265,313064,3020
2022-05-09,San Benito,069,59416,13168,13088,546,13634,98
2022-05-09,San Bernardino,071,2135413,581083,571372,25322,596694,7354
2022-05-09,San Diego,073,3302833,768205,768135,54621,822756,5257
2022-05-09,San Francisco,075,870044,135788,134027,8966,142993,864
2022-05-09,San Joaquin,077,732212,169014,167949,10291,178240,2233
2022-05-09,San Luis Obispo,079,281455,53564,53420,3981,57401,478
2022-05-09,San Mateo,081,765935,129975,128821,7712,136533,711
2022-05-09,Santa Barbara,083,443738,87919,87593,4842,92435,693
2022-05-09,Santa Clara,085,1922200,333523,327177,13406,340583,2294
2022-05-09,Santa Cruz,087,273765,50589,50031,2213,52244,263
2022-05-09,Shasta,089,179085,30832,30768,6130,36898,564
2022-05-09,Sierra,091,2930,275,275,49,324,4
2022-05-09,Siskiyou,093,43540,4472,4478,2760,7238,81
2022-05-09,Solano,095,438530,84133,83464,5808,89272,450
2022-05-09,Sonoma,097,501317,87430,86798,3142,89940,488
2022-05-09,Stanislaus,099,539301,118880,118445,18097,136542,1644
2022-05-09,Sutter,101,95872,20673,20668,2124,22792,225
2022-05-09,Tehama,103,63373,12119,12106,2596,14702,201
2022-05-09,Trinity,105,12862,1190,1188,288,1476,20
2022-05-09,Tulare,107,460477,106784,107068,27896,134964,1468
2022-05-09,Tuolumne,109,53932,12925,12829,594,13423,181
2022-05-09,Ventura,111,848112,176537,175955,10021,185976,1491
2022-05-09,Yolo,113,214977,38485,37654,3157,40811,316
2022-05-09,Yuba,115,75493,16033,15997,1236,17233,122
2022-05-08,Alameda,001,1643700,269906,265198,14742,279940,1855
2022-05-08,Alpine,003,1148,125,125,1,126,0
2022-05-08,Amador,005,37829,8606,8556,667,9223,86
2022-05-08,Butte,007,227075,33556,33269,7134,40403,421
2022-05-08,Calaveras,009,45235,7374,7353,366,7719,120
2022-05-08,Colusa,011,21464,3464,3459,1050,4509,21
2022-05-08,Contra Costa,013,1133247,199559,193961,14231,208192,1302
2022-05-08,Del Norte,015,27424,5928,5884,198,6082,50
2022-05-08,El Dorado,017,186661,27246,27081,3277,30358,210
2022-05-08,Fresno,019,978130,233718,232655,24485,257140,2754
2022-05-08,Glenn,021,27897,5018,4996,1620,6616,48
2022-05-08,Humboldt,023,135768,17696,17410,3184,20594,146
2022-05-08,Imperial,025,180216,55724,55683,10667,66350,917
2022-05-08,Inyo,027,18085,4110,4087,508,4595,56
2022-05-08,Kern,029,883053,193079,192590,46266,238856,2287
2022-05-08,Kings,031,150075,51745,51702,3535,55237,447
2022-05-08,Lake,033,64148,10814,10766,898,11664,137
2022-05-08,Lassen,035,31185,8971,8978,878,9856,65
2022-05-08,Los Angeles,037,10098052,2771810,2751478,127580,2879058,31738
2022-05-08,Madera,039,155013,37523,37420,6095,43515,365
2022-05-08,Marin,041,260295,35533,34934,3095,38029,292
2022-05-08,Mariposa,043,17540,2468,2438,219,2657,30
2022-05-08,Mendocino,045,87422,13352,13270,3201,16471,124
2022-05-08,Merced,047,269075,62985,62471,8895,71366,818
2022-05-08,Modoc,049,8938,741,745,254,999,8
2022-05-08,Mono,051,14174,3005,2997,141,3138,6
2022-05-08,Monterey,053,433212,80715,80246,14369,94615,733
2022-05-08,Napa,055,140530,26714,26524,1045,27569,143
2022-05-08,Nevada,057,99092,16263,16171,1249,17420,127
2022-05-08,Orange,059,3164182,557204,554411,43064,597475,7007
2022-05-08,Placer,061,380077,64093,63577,7519,71096,625
2022-05-08,Plumas,063,18699,3004,2996,366,3362,13
2022-05-08,Riverside,065,2383286,598503,596022,28350,624372,6467
2022-05-08,Sacramento,067,1510023,286496,284564,27192,311756,3016
2022-05-08,San Benito,069,59416,13153,13047,543,13590,98
2022-05-08,San Bernardino,071,2135413,580651,570381,25287,595668,7306
2022-05-08,San Diego,073,3302833,767176,765377,54517,819894,5244
2022-05-08,San Francisco,075,870044,135137,132659,8934,141593,861
2022-05-08,San Joaquin,077,732212,168829,167568,10258,177826,2229
2022-05-08,San Luis Obispo,079,281455,53493,53273,3961,57234,477
2022-05-08,San Mateo,081,765935,129514,127615,7658,135273,709
2022-05-08,Santa Barbara,083,443738,87785,87305,4833,92138,692
2022-05-08,Santa Clara,085,1922200,332452,324946,13333,338279,2287
2022-05-08,Santa Cruz,087,273765,50409,49605,2209,51814,262
2022-05-08,Shasta,089,179085,30804,30721,6126,36847,563
2022-05-08,Sierra,091,2930,275,275,49,324,4
2022-05-08,Siskiyou,093,43540,4469,4470,2755,7225,81
2022-05-08,Solano,095,438530,83962,83038,5783,88821,450
2022-05-08,Sonoma,097,501317,87211,86150,3107,89257,488
2022-05-08,Stanislaus,099,539301,118772,118235,18072,136307,1643
2022-05-08,Sutter,101,95872,20652,20694,2120,22814,225
2022-05-08,Tehama,103,63373,12113,12098,2593,14691,201
2022-05-08,Trinity,105,12862,1189,1180,288,1468,20
2022-05-08,Tulare,107,460477,106743,106987,27861,134848,1468
2022-05-08,Tuolumne,109,53932,12912,12793,590,13383,181
2022-05-08,Ventura,111,848112,176301,175454,9975,185429,1491
2022-05-08,Yolo,113,214977,38378,37456,3143,40599,315
2022-05-08,Yuba,115,75493,16011,15964,1232,17196,122
2022-05-07,Alameda,001,1643700,269529,265198,14724,279922,1855
2022-05-07,Alpine,003,1148,125,125,1,126,0
2022-05-07,Amador,005,37829,8604,8556,667,9223,86
2022-05-07,Butte,007,227075,33548,33269,7128,40397,421
2022-05-07,Calaveras,009,45235,7367,7353,366,7719,120
2022-05-07,Colusa,011,21464,3464,3459,1050,4509,21
2022-05-07,Contra Costa,013,1133247,199317,193961,14214,208175,1302
2022-05-07,Del Norte,015,27424,5926,5884,198,6082,50
2022-05-07,El Dorado,017,186661,27228,27081,3276,30357,210
2022-05-07,Fresno,019,978130,233661,232655,24478,257133,2754
2022-05-07,Glenn,021,27897,5017,4996,1620,6616,48
2022-05-07,Humboldt,023,135768,17668,17410,3176,20586,146
2022-05-07,Imperial,025,180216,55701,55683,10661,66344,917
2022-05-07,Inyo,027,18085,4107,4087,508,4595,56
2022-05-07,Kern,029,883053,193044,192590,46245,238835,2287
2022-05-07,Kings,031,150075,51734,51702,3535,55237,447
2022-05-07,Lake,033,64148,10810,10766,898,11664,137
2022-05-07,Lassen,035,31185,8971,8978,878,9856,65
2022-05-07,Los Angeles,037,10098052,2770223,2751478,127408,2878886,31738
2022-05-07,Madera,039,155013,37516,37420,6095,43515,365
2022-05-07,Marin,041,260295,35459,34934,3063,37997,292
2022-05-07,Mariposa,043,17540,2465,2438,219,2657,30
2022-05-07,Mendocino,045,87422,13343,13270,3198,16468,124
2022-05-07,Merced,047,269075,62972,62471,8895,71366,818
2022-05-07,Modoc,049,8938,741,745,254,999,8
2022-05-07,Mono,051,14174,3004,2997,140,3137,6
2022-05-07,Monterey,053,433212,80655,80246,14343,94589,733
2022-05-07,Napa,055,140530,26684,26524,1044,27568,143
2022-05-07,Nevada,057,99092,16253,16171,1244,17415,127
2022-05-07,Orange,059,3164182,556877,554411,43011,597422,7007
2022-05-07,Placer,061,380077,64029,63577,7511,71088,625
2022-05-07,Plumas,063,18699,3004,2996,365,3361,13
2022-05-07,Riverside,065,2383286,598248,596022,28323,624345,6467
2022-05-07,Sacramento,067,1510023,286301,284564,27179,311743,3016
2022-05-07,San Benito,069,59416,13144,13047,538,13585,98
2022-05-07,San Bernardino,071,2135413,580439,570381,25282,595663,7306
2022-05-07,San Diego,073,3302833,766690,765377,54486,819863,5244
2022-05-07,San Francisco,075,870044,134809,132659,8914,141573,861
2022-05-07,San Joaquin,077,732212,168724,167568,10249,177817,2229
2022-05-07,San Luis Obispo,079,281455,53481,53273,3950,57223,477
2022-05-07,San Mateo,081,765935,129230,127615,7636,135251,709
2022-05-07,Santa Barbara,083,443738,87705,87305,4830,92135,692
2022-05-07,Santa Clara,085,1922200,331832,324946,13303,338249,2287
2022-05-07,Santa Cruz,087,273765,50356,49605,2199,51804,262
2022-05-07,Shasta,089,179085,30796,30721,6126,36847,563
2022-05-07,Sierra,091,2930,275,275,49,324,4
2022-05-07,Siskiyou,093,43540,4467,4470,2755,7225,81
2022-05-07,Solano,095,438530,83904,83038,5778,88816,450
2022-05-07,Sonoma,097,501317,87086,86150,3098,89248,488
2022-05-07,Stanislaus,099,539301,118725,118235,18063,136298,1643
2022-05-07,Sutter,101,95872,20643,20694,2120,22814,225
2022-05-07,Tehama,103,63373,12111,12098,2592,14690,201
2022-05-07,Trinity,105,12862,1189,1180,288,1468,20
2022-05-07,Tulare,107,460477,106719,106987,27849,134836,1468
2022-05-07,Tuolumne,109,53932,12905,12793,590,13383,181
2022-05-07,Ventura,111,848112,176190,175454,9951,185405,1491
2022-05-07,Yolo,113,214977,38333,37456,3141,40597,315
2022-05-07,Yuba,115,75493,16002,15964,1232,17196,122
2022-05-06,Alameda,001,1643700,269144,265198,14702,279900,1855
2022-05-06,Alpine,003,1148,125,125,1,126,0
2022-05-06,Amador,005,37829,8603,8556,666,9222,86
2022-05-06,Butte,007,227075,33539,33269,7125,40394,421
2022-05-06,Calaveras,009,45235,7365,7353,366,7719,120
2022-05-06,Colusa,011,21464,3464,3459,1050,4509,21
2022-05-06,Contra Costa,013,1133247,199085,193961,14202,208163,1302
2022-05-06,Del Norte,015,27424,5916,5884,198,6082,50
2022-05-06,El Dorado,017,186661,27203,27081,3273,30354,210
2022-05-06,Fresno,019,978130,233585,232655,24469,257124,2754
2022-05-06,Glenn,021,27897,5017,4996,1620,6616,48
2022-05-06,Humboldt,023,135768,17641,17410,3169,20579,146
2022-05-06,Imperial,025,180216,55692,55683,10658,66341,917
2022-05-06,Inyo,027,18085,4098,4087,505,4592,56
2022-05-06,Kern,029,883053,192992,192590,46216,238806,2287
2022-05-06,Kings,031,150075,51726,51702,3535,55237,447
2022-05-06,Lake,033,64148,10808,10766,898,11664,137
2022-05-06,Lassen,035,31185,8971,8978,878,9856,65
2022-05-06,Los Angeles,037,10098052,2768399,2751478,127259,2878737,31738
2022-05-06,Madera,039,155013,37502,37420,6092,43512,365
2022-05-06,Marin,041,260295,35381,34934,3017,37951,292
2022-05-06,Mariposa,043,17540,2464,2438,212,2650,30
2022-05-06,Mendocino,045,87422,13331,13270,3196,16466,124
2022-05-06,Merced,047,269075,62955,62471,8894,71365,818
2022-05-06,Modoc,049,8938,741,745,254,999,8
2022-05-06,Mono,051,14174,3003,2997,140,3137,6
2022-05-06,Monterey,053,433212,80616,80246,14306,94552,733
2022-05-06,Napa,055,140530,26667,26524,1044,27568,143
2022-05-06,Nevada,057,99092,16241,16171,1242,17413,127
2022-05-06,Orange,059,3164182,556534,554411,42945,597356,7007
2022-05-06,Placer,061,380077,63968,63577,7499,71076,625
2022-05-06,Plumas,063,18699,3002,2996,365,3361,13
2022-05-06,Riverside,065,2383286,598019,596022,28303,624325,6467
2022-05-06,Sacramento,067,1510023,286045,284564,27159,311723,3016
2022-05-06,San Benito,069,59416,13140,13047,538,13585,98
2022-05-06,San Bernardino,071,2135413,580262,570381,25276,595657,7306
2022-05-06,San Diego,073,3302833,766180,765377,54449,819826,5244
2022-05-06,San Francisco,075,870044,134483,132659,8893,141552,861
2022-05-06,San Joaquin,077,732212,168634,167568,10237,177805,2229
2022-05-06,San Luis Obispo,079,281455,53455,53273,3945,57218,477
2022-05-06,San Mateo,081,765935,129002,127615,7627,135242,709
2022-05-06,Santa Barbara,083,443738,87651,87305,4828,92133,692
2022-05-06,Santa Clara,085,1922200,331240,324946,13288,338234,2287
2022-05-06,Santa Cruz,087,273765,50291,49605,2195,51800,262
2022-05-06,Shasta,089,179085,30790,30721,6125,36846,563
2022-05-06,Sierra,091,2930,275,275,49,324,4
2022-05-06,Siskiyou,093,43540,4465,4470,2753,7223,81
2022-05-06,Solano,095,438530,83814,83038,5770,88808,450
2022-05-06,Sonoma,097,501317,86964,86150,3083,89233,488
2022-05-06,Stanislaus,099,539301,118668,118235,18056,136291,1643
2022-05-06,Sutter,101,95872,20637,20694,2120,22814,225
2022-05-06,Tehama,103,63373,12106,12098,2592,14690,201
2022-05-06,Trinity,105,12862,1188,1180,288,1468,20
2022-05-06,Tulare,107,460477,106700,106987,27838,134825,1468
2022-05-06,Tuolumne,109,53932,12898,12793,589,13382,181
2022-05-06,Ventura,111,848112,176073,175454,9921,185375,1491
2022-05-06,Yolo,113,214977,38286,37456,3137,40593,315
2022-05-06,Yuba,115,75493,15991,15964,1231,17195,122
2022-05-05,Alameda,001,1643700,268559,265198,14657,279855,1855
2022-05-05,Alpine,003,1148,125,125,1,126,0
2022-05-05,Amador,005,37829,8601,8556,665,9221,86
2022-05-05,Butte,007,227075,33520,33269,7118,40387,421
2022-05-05,Calaveras,009,45235,7361,7353,364,7717,120
2022-05-05,Colusa,011,21464,3464,3459,1047,4506,21
2022-05-05,Contra Costa,013,1133247,198691,193961,14158,208119,1302
2022-05-05,Del Norte,015,27424,5915,5884,198,6082,50
2022-05-05,El Dorado,017,186661,27178,27081,3266,30347,210
2022-05-05,Fresno,019,978130,233484,232655,24446,257101,2754
2022-05-05,Glenn,021,27897,5017,4996,1619,6615,48
2022-05-05,Humboldt,023,135768,17603,17410,3155,20565,146
2022-05-05,Imperial,025,180216,55685,55683,10647,66330,917
2022-05-05,Inyo,027,18085,4094,4087,504,4591,56
2022-05-05,Kern,029,883053,192934,192590,46179,238769,2287
2022-05-05,Kings,031,150075,51718,51702,3535,55237,447
2022-05-05,Lake,033,64148,10804,10766,898,11664,137
2022-05-05,Lassen,035,31185,8971,8978,878,9856,65
2022-05-05,Los Angeles,037,10098052,2765805,2751478,127038,2878516,31738
2022-05-05,Madera,039,155013,37485,37420,6087,43507,365
2022-05-05,Marin,041,260295,35272,34934,2995,37929,292
2022-05-05,Mariposa,043,17540,2462,2438,211,2649,30
2022-05-05,Mendocino,045,87422,13320,13270,3188,16458,124
2022-05-05,Merced,047,269075,62922,62471,8890,71361,818
2022-05-05,Modoc,049,8938,741,745,252,997,8
2022-05-05,Mono,051,14174,3002,2997,139,3136,6
2022-05-05,Monterey,053,433212,80561,80246,14277,94523,733
2022-05-05,Napa,055,140530,26634,26524,1043,27567,143
2022-05-05,Nevada,057,99092,16231,16171,1239,17410,127
2022-05-05,Orange,059,3164182,556025,554411,42887,597298,7007
2022-05-05,Placer,061,380077,63907,63577,7490,71067,625
2022-05-05,Plumas,063,18699,3001,2996,365,3361,13
2022-05-05,Riverside,065,2383286,597682,596022,28276,624298,6467
2022-05-05,Sacramento,067,1510023,285709,284564,27106,311670,3016
2022-05-05,San Benito,069,59416,13129,13047,536,13583,98
2022-05-05,San Bernardino,071,2135413,579972,570381,25260,595641,7306
2022-05-05,San Diego,073,3302833,765439,765377,54379,819756,5244
2022-05-05,San Francisco,075,870044,134067,132659,8859,141518,861
2022-05-05,San Joaquin,077,732212,168544,167568,10209,177777,2229
2022-05-05,San Luis Obispo,079,281455,53419,53273,3930,57203,477
2022-05-05,San Mateo,081,765935,128665,127615,7602,135217,709
2022-05-05,Santa Barbara,083,443738,87576,87305,4823,92128,692
2022-05-05,Santa Clara,085,1922200,330443,324946,13226,338172,2287
2022-05-05,Santa Cruz,087,273765,50193,49605,2191,51796,262
2022-05-05,Shasta,089,179085,30780,30721,6123,36844,563
2022-05-05,Sierra,091,2930,275,275,49,324,4
2022-05-05,Siskiyou,093,43540,4463,4470,2753,7223,81
2022-05-05,Solano,095,438530,83693,83038,5752,88790,450
2022-05-05,Sonoma,097,501317,86791,86150,3065,89215,488
2022-05-05,Stanislaus,099,539301,118610,118235,18042,136277,1643
2022-05-05,Sutter,101,95872,20635,20694,2118,22812,225
2022-05-05,Tehama,103,63373,12102,12098,2590,14688,201
2022-05-05,Trinity,105,12862,1188,1180,288,1468,20
2022-05-05,Tulare,107,460477,106670,106987,27820,134807,1468
2022-05-05,Tuolumne,109,53932,12880,12793,586,13379,181
2022-05-05,Ventura,111,848112,175886,175454,9878,185332,1491
2022-05-05,Yolo,113,214977,38215,37456,3126,40582,315
2022-05-05,Yuba,115,75493,15981,15964,1228,17192,122
2022-05-04,Alameda,001,1643700,267894,263736,14615,278351,1850
2022-05-04,Alpine,003,1148,125,124,1,125,0
2022-05-04,Amador,005,37829,8598,8546,664,9210,86
2022-05-04,Butte,007,227075,33503,33220,7113,40333,417
2022-05-04,Calaveras,009,45235,7356,7344,364,7708,120
2022-05-04,Colusa,011,21464,3463,3460,1047,4507,21
2022-05-04,Contra Costa,013,1133247,198324,193175,14103,207278,1302
2022-05-04,Del Norte,015,27424,5907,5866,198,6064,50
2022-05-04,El Dorado,017,186661,27153,27021,3259,30280,210
2022-05-04,Fresno,019,978130,233367,232332,24435,256767,2751
2022-05-04,Glenn,021,27897,5015,4995,1619,6614,48
2022-05-04,Humboldt,023,135768,17563,17316,3145,20461,146
2022-05-04,Imperial,025,180216,55662,55548,10639,66187,910
2022-05-04,Inyo,027,18085,4094,4085,501,4586,56
2022-05-04,Kern,029,883053,192868,192432,46143,238575,2281
2022-05-04,Kings,031,150075,51700,51663,3534,55197,447
2022-05-04,Lake,033,64148,10799,10758,898,11656,137
2022-05-04,Lassen,035,31185,8970,8972,876,9848,65
2022-05-04,Los Angeles,037,10098052,2763010,2744894,126847,2871741,31722
2022-05-04,Madera,039,155013,37461,37395,6082,43477,365
2022-05-04,Marin,041,260295,35185,34727,2973,37700,291
2022-05-04,Mariposa,043,17540,2456,2435,206,2641,30
2022-05-04,Mendocino,045,87422,13312,13247,3180,16427,123
2022-05-04,Merced,047,269075,62895,62419,8879,71298,818
2022-05-04,Modoc,049,8938,741,746,252,998,8
2022-05-04,Mono,051,14174,3001,2993,136,3129,6
2022-05-04,Monterey,053,433212,80499,80038,14253,94291,732
2022-05-04,Napa,055,140530,26597,26434,1040,27474,143
2022-05-04,Nevada,057,99092,16215,16136,1235,17371,127
2022-05-04,Orange,059,3164182,555441,553177,42811,595988,7006
2022-05-04,Placer,061,380077,63824,63410,7485,70895,625
2022-05-04,Plumas,063,18699,2999,2947,365,3312,13
2022-05-04,Riverside,065,2383286,597348,594981,28250,623231,6457
2022-05-04,Sacramento,067,1510023,285379,283939,27070,311009,3013
2022-05-04,San Benito,069,59416,13120,13019,530,13549,98
2022-05-04,San Bernardino,071,2135413,579709,569570,25247,594817,7240
2022-05-04,San Diego,073,3302833,764691,763453,54286,817739,5239
2022-05-04,San Francisco,075,870044,133661,131599,8837,140436,860
2022-05-04,San Joaquin,077,732212,168440,167280,10180,177460,2225
2022-05-04,San Luis Obispo,079,281455,53375,53156,3919,57075,477
2022-05-04,San Mateo,081,765935,128342,126800,7567,134367,710
2022-05-04,Santa Barbara,083,443738,87471,87058,4808,91866,688
2022-05-04,Santa Clara,085,1922200,329635,322805,13173,335978,2285
2022-05-04,Santa Cruz,087,273765,50078,49230,2188,51418,262
2022-05-04,Shasta,089,179085,30764,30681,6121,36802,556
2022-05-04,Sierra,091,2930,275,275,49,324,4
2022-05-04,Siskiyou,093,43540,4460,4463,2751,7214,81
2022-05-04,Solano,095,438530,83547,82796,5742,88538,449
2022-05-04,Sonoma,097,501317,86615,85694,3040,88734,488
2022-05-04,Stanislaus,099,539301,118547,118123,18031,136154,1643
2022-05-04,Sutter,101,95872,20624,20672,2116,22788,224
2022-05-04,Tehama,103,63373,12100,12090,2585,14675,201
2022-05-04,Trinity,105,12862,1188,1180,288,1468,20
2022-05-04,Tulare,107,460477,106652,106935,27805,134740,1464
2022-05-04,Tuolumne,109,53932,12873,12757,584,13341,181
2022-05-04,Ventura,111,848112,175718,175066,9836,184902,1486
2022-05-04,Yolo,113,214977,38139,37344,3121,40465,315
2022-05-04,Yuba,115,75493,15972,15940,1225,17165,122
2022-05-03,Alameda,001,1643700,267288,263736,14571,278307,1850
2022-05-03,Alpine,003,1148,125,124,1,125,0
2022-05-03,Amador,005,37829,8595,8546,663,9209,86
2022-05-03,Butte,007,227075,33487,33220,7108,40328,417
2022-05-03,Calaveras,009,45235,7349,7344,364,7708,120
2022-05-03,Colusa,011,21464,3462,3460,1047,4507,21
2022-05-03,Contra Costa,013,1133247,197931,193175,14060,207235,1302
2022-05-03,Del Norte,015,27424,5900,5866,196,6062,50
2022-05-03,El Dorado,017,186661,27131,27021,3255,30276,210
2022-05-03,Fresno,019,978130,233256,232332,24416,256748,2751
2022-05-03,Glenn,021,27897,5014,4995,1617,6612,48
2022-05-03,Humboldt,023,135768,17527,17316,3126,20442,146
2022-05-03,Imperial,025,180216,55640,55548,10633,66181,910
2022-05-03,Inyo,027,18085,4092,4085,501,4586,56
2022-05-03,Kern,029,883053,192790,192432,46111,238543,2281
2022-05-03,Kings,031,150075,51688,51663,3534,55197,447
2022-05-03,Lake,033,64148,10795,10758,897,11655,137
2022-05-03,Lassen,035,31185,8970,8972,876,9848,65
2022-05-03,Los Angeles,037,10098052,2759935,2744894,126614,2871508,31722
2022-05-03,Madera,039,155013,37430,37395,6077,43472,365
2022-05-03,Marin,041,260295,35075,34727,2950,37677,291
2022-05-03,Mariposa,043,17540,2448,2435,206,2641,30
2022-05-03,Mendocino,045,87422,13297,13247,3162,16409,123
2022-05-03,Merced,047,269075,62867,62419,8855,71274,818
2022-05-03,Modoc,049,8938,740,746,252,998,8
2022-05-03,Mono,051,14174,2999,2993,135,3128,6
2022-05-03,Monterey,053,433212,80447,80038,14219,94257,732
2022-05-03,Napa,055,140530,26562,26434,1033,27467,143
2022-05-03,Nevada,057,99092,16204,16136,1235,17371,127
2022-05-03,Orange,059,3164182,554917,553177,42733,595910,7006
2022-05-03,Placer,061,380077,63730,63410,7471,70881,625
2022-05-03,Plumas,063,18699,2995,2947,365,3312,13
2022-05-03,Riverside,065,2383286,596982,594981,28226,623207,6457
2022-05-03,Sacramento,067,1510023,285068,283939,27019,310958,3013
2022-05-03,San Benito,069,59416,13107,13019,527,13546,98
2022-05-03,San Bernardino,071,2135413,579440,569570,25235,594805,7240
2022-05-03,San Diego,073,3302833,763846,763453,54186,817639,5239
2022-05-03,San Francisco,075,870044,133186,131599,8807,140406,860
2022-05-03,San Joaquin,077,732212,168357,167280,10154,177434,2225
2022-05-03,San Luis Obispo,079,281455,53328,53156,3910,57066,477
2022-05-03,San Mateo,081,765935,127998,126800,7530,134330,710
2022-05-03,Santa Barbara,083,443738,87382,87058,4806,91864,688
2022-05-03,Santa Clara,085,1922200,328818,322805,13123,335928,2285
2022-05-03,Santa Cruz,087,273765,49986,49230,2182,51412,262
2022-05-03,Shasta,089,179085,30745,30681,6120,36801,556
2022-05-03,Sierra,091,2930,275,275,49,324,4
2022-05-03,Siskiyou,093,43540,4459,4463,2751,7214,81
2022-05-03,Solano,095,438530,83357,82796,5730,88526,449
2022-05-03,Sonoma,097,501317,86434,85694,3016,88710,488
2022-05-03,Stanislaus,099,539301,118493,118123,18018,136141,1643
2022-05-03,Sutter,101,95872,20619,20672,2114,22786,224
2022-05-03,Tehama,103,63373,12096,12090,2584,14674,201
2022-05-03,Trinity,105,12862,1187,1180,288,1468,20
2022-05-03,Tulare,107,460477,106624,106935,27791,134726,1464
2022-05-03,Tuolumne,109,53932,12860,12757,584,13341,181
2022-05-03,Ventura,111,848112,175549,175066,9793,184859,1486
2022-05-03,Yolo,113,214977,38071,37344,3120,40464,315
2022-05-03,Yuba,115,75493,15961,15940,1217,17157,122
2022-05-02,Alameda,001,1643700,266654,263736,14525,278261,1850
2022-05-02,Alpine,003,1148,125,124,1,125,0
2022-05-02,Amador,005,37829,8592,8546,660,9206,86
2022-05-02,Butte,007,227075,33464,33220,7105,40325,417
2022-05-02,Calaveras,009,45235,7348,7344,363,7707,120
2022-05-02,Colusa,011,21464,3462,3460,1047,4507,21
2022-05-02,Contra Costa,013,1133247,197558,193175,14022,207197,1302
2022-05-02,Del Norte,015,27424,5895,5866,191,6057,50
2022-05-02,El Dorado,017,186661,27108,27021,3249,30270,210
2022-05-02,Fresno,019,978130,233145,232332,24387,256719,2751
2022-05-02,Glenn,021,27897,5012,4995,1617,6612,48
2022-05-02,Humboldt,023,135768,17476,17316,3112,20428,146
2022-05-02,Imperial,025,180216,55627,55548,10626,66174,910
2022-05-02,Inyo,027,18085,4091,4085,499,4584,56
2022-05-02,Kern,029,883053,192706,192432,46082,238514,2281
2022-05-02,Kings,031,150075,51671,51663,3534,55197,447
2022-05-02,Lake,033,64148,10791,10758,897,11655,137
2022-05-02,Lassen,035,31185,8969,8972,876,9848,65
2022-05-02,Los Angeles,037,10098052,2756889,2744894,126396,2871290,31722
2022-05-02,Madera,039,155013,37413,37395,6070,43465,365
2022-05-02,Marin,041,260295,34950,34727,2927,37654,291
2022-05-02,Mariposa,043,17540,2443,2435,206,2641,30
2022-05-02,Mendocino,045,87422,13279,13247,3149,16396,123
2022-05-02,Merced,047,269075,62835,62419,8848,71267,818
2022-05-02,Modoc,049,8938,739,746,252,998,8
2022-05-02,Mono,051,14174,2997,2993,134,3127,6
2022-05-02,Monterey,053,433212,80369,80038,14178,94216,732
2022-05-02,Napa,055,140530,26523,26434,1031,27465,143
2022-05-02,Nevada,057,99092,16186,16136,1233,17369,127
2022-05-02,Orange,059,3164182,554377,553177,42637,595814,7006
2022-05-02,Placer,061,380077,63673,63410,7464,70874,625
2022-05-02,Plumas,063,18699,2995,2947,365,3312,13
2022-05-02,Riverside,065,2383286,596591,594981,28199,623180,6457
2022-05-02,Sacramento,067,1510023,284762,283939,26979,310918,3013
2022-05-02,San Benito,069,59416,13095,13019,527,13546,98
2022-05-02,San Bernardino,071,2135413,579153,569570,25217,594787,7240
2022-05-02,San Diego,073,3302833,762982,763453,54090,817543,5239
2022-05-02,San Francisco,075,870044,132751,131599,8780,140379,860
2022-05-02,San Joaquin,077,732212,168240,167280,10142,177422,2225
2022-05-02,San Luis Obispo,079,281455,53275,53156,3901,57057,477
2022-05-02,San Mateo,081,765935,127675,126800,7515,134315,710
2022-05-02,Santa Barbara,083,443738,87281,87058,4802,91860,688
2022-05-02,Santa Clara,085,1922200,327904,322805,13076,335881,2285
2022-05-02,Santa Cruz,087,273765,49860,49230,2178,51408,262
2022-05-02,Shasta,089,179085,30726,30681,6119,36800,556
2022-05-02,Sierra,091,2930,275,275,49,324,4
2022-05-02,Siskiyou,093,43540,4456,4463,2749,7212,81
2022-05-02,Solano,095,438530,83216,82796,5720,88516,449
2022-05-02,Sonoma,097,501317,86251,85694,2995,88689,488
2022-05-02,Stanislaus,099,539301,118420,118123,18004,136127,1643
2022-05-02,Sutter,101,95872,20612,20672,2111,22783,224
2022-05-02,Tehama,103,63373,12091,12090,2581,14671,201
2022-05-02,Trinity,105,12862,1186,1180,288,1468,20
2022-05-02,Tulare,107,460477,106602,106935,27775,134710,1464
2022-05-02,Tuolumne,109,53932,12854,12757,584,13341,181
2022-05-02,Ventura,111,848112,175386,175066,9761,184827,1486
2022-05-02,Yolo,113,214977,37993,37344,3114,40458,315
2022-05-02,Yuba,115,75493,15956,15940,1215,17155,122
2022-05-01,Alameda,001,1643700,265952,262027,14474,276501,1851
2022-05-01,Alpine,003,1148,125,124,1,125,0
2022-05-01,Amador,005,37829,8592,8533,660,9193,86
2022-05-01,Butte,007,227075,33437,33172,7100,40272,418
2022-05-01,Calaveras,009,45235,7344,7328,357,7685,120
2022-05-01,Colusa,011,21464,3462,3457,1047,4504,21
2022-05-01,Contra Costa,013,1133247,197172,192136,13951,206087,1301
2022-05-01,Del Norte,015,27424,5887,5841,191,6032,50
2022-05-01,El Dorado,017,186661,27076,26946,3245,30191,210
2022-05-01,Fresno,019,978130,233040,232067,24367,256434,2748
2022-05-01,Glenn,021,27897,5012,4995,1617,6612,48
2022-05-01,Humboldt,023,135768,17412,17194,3087,20281,145
2022-05-01,Imperial,025,180216,55603,55503,10623,66126,910
2022-05-01,Inyo,027,18085,4090,4084,498,4582,56
2022-05-01,Kern,029,883053,192643,192250,46036,238286,2265
2022-05-01,Kings,031,150075,51650,51640,3530,55170,447
2022-05-01,Lake,033,64148,10784,10742,895,11637,137
2022-05-01,Lassen,035,31185,8969,8966,876,9842,65
2022-05-01,Los Angeles,037,10098052,2753866,2736900,126162,2863062,31712
2022-05-01,Madera,039,155013,37395,37360,6059,43419,365
2022-05-01,Marin,041,260295,34863,34519,2894,37413,291
2022-05-01,Mariposa,043,17540,2442,2430,206,2636,30
2022-05-01,Mendocino,045,87422,13260,13219,3133,16352,123
2022-05-01,Merced,047,269075,62803,62357,8832,71189,818
2022-05-01,Modoc,049,8938,739,745,252,997,8
2022-05-01,Mono,051,14174,2994,2989,132,3121,6
2022-05-01,Monterey,053,433212,80290,79881,14136,94017,731
2022-05-01,Napa,055,140530,26478,26319,1027,27346,143
2022-05-01,Nevada,057,99092,16167,16100,1232,17332,127
2022-05-01,Orange,059,3164182,553824,551822,42533,594355,6998
2022-05-01,Placer,061,380077,63600,63273,7450,70723,625
2022-05-01,Plumas,063,18699,2994,2946,365,3311,13
2022-05-01,Riverside,065,2383286,596131,593965,28165,622130,6457
2022-05-01,Sacramento,067,1510023,284431,283048,26918,309966,3007
2022-05-01,San Benito,069,59416,13087,12988,527,13515,98
2022-05-01,San Bernardino,071,2135413,578834,568758,25200,593958,7191
2022-05-01,San Diego,073,3302833,762101,761253,53998,815251,5238
2022-05-01,San Francisco,075,870044,132259,130241,8749,138990,860
2022-05-01,San Joaquin,077,732212,168095,167028,10111,177139,2225
2022-05-01,San Luis Obispo,079,281455,53203,53040,3885,56925,477
2022-05-01,San Mateo,081,765935,127309,125807,7476,133283,705
2022-05-01,Santa Barbara,083,443738,87177,86768,4792,91560,688
2022-05-01,Santa Clara,085,1922200,326962,320709,13022,333731,2281
2022-05-01,Santa Cruz,087,273765,49708,48798,2170,50968,262
2022-05-01,Shasta,089,179085,30710,30649,6117,36766,554
2022-05-01,Sierra,091,2930,275,274,49,323,4
2022-05-01,Siskiyou,093,43540,4455,4458,2743,7201,81
2022-05-01,Solano,095,438530,83084,82459,5705,88164,449
2022-05-01,Sonoma,097,501317,86031,85290,2967,88257,488
2022-05-01,Stanislaus,099,539301,118365,117943,17988,135931,1643
2022-05-01,Sutter,101,95872,20604,20644,2104,22748,224
2022-05-01,Tehama,103,63373,12090,12078,2580,14658,202
2022-05-01,Trinity,105,12862,1186,1179,288,1467,20
2022-05-01,Tulare,107,460477,106569,106856,27755,134611,1458
2022-05-01,Tuolumne,109,53932,12835,12713,578,13291,181
2022-05-01,Ventura,111,848112,175214,174679,9708,184387,1486
2022-05-01,Yolo,113,214977,37928,37173,3104,40277,314
2022-05-01,Yuba,115,75493,15946,15917,1213,17130,121
2022-04-30,Alameda,001,1643700,265548,262027,14459,276486,1851
2022-04-30,Alpine,003,1148,125,124,1,125,0
2022-04-30,Amador,005,37829,8590,8533,660,9193,86
2022-04-30,Butte,007,227075,33431,33172,7096,40268,418
2022-04-30,Calaveras,009,45235,7341,7328,356,7684,120
2022-04-30,Colusa,011,21464,3461,3457,1047,4504,21
2022-04-30,Contra Costa,013,1133247,196926,192136,13941,206077,1301
2022-04-30,Del Norte,015,27424,5882,5841,191,6032,50
2022-04-30,El Dorado,017,186661,27058,26946,3241,30187,210
2022-04-30,Fresno,019,978130,232994,232067,24359,256426,2748
2022-04-30,Glenn,021,27897,5011,4995,1616,6611,48
2022-04-30,Humboldt,023,135768,17370,17194,3078,20272,145
2022-04-30,Imperial,025,180216,55590,55503,10621,66124,910
2022-04-30,Inyo,027,18085,4090,4084,498,4582,56
2022-04-30,Kern,029,883053,192607,192250,46018,238268,2265
2022-04-30,Kings,031,150075,51644,51640,3529,55169,447
2022-04-30,Lake,033,64148,10781,10742,895,11637,137
2022-04-30,Lassen,035,31185,8969,8966,876,9842,65
2022-04-30,Los Angeles,037,10098052,2752479,2736900,125985,2862885,31712
2022-04-30,Madera,039,155013,37384,37360,6058,43418,365
2022-04-30,Marin,041,260295,34817,34519,2864,37383,291
2022-04-30,Mariposa,043,17540,2440,2430,205,2635,30
2022-04-30,Mendocino,045,87422,13256,13219,3133,16352,123
2022-04-30,Merced,047,269075,62790,62357,8830,71187,818
2022-04-30,Modoc,049,8938,739,745,252,997,8
2022-04-30,Mono,051,14174,2993,2989,130,3119,6
2022-04-30,Monterey,053,433212,80223,79881,14113,93994,731
2022-04-30,Napa,055,140530,26455,26319,1026,27345,143
2022-04-30,Nevada,057,99092,16152,16100,1231,17331,127
2022-04-30,Orange,059,3164182,553557,551822,42490,594312,6998
2022-04-30,Placer,061,380077,63555,63273,7442,70715,625
2022-04-30,Plumas,063,18699,2991,2946,365,3311,13
2022-04-30,Riverside,065,2383286,595887,593965,28147,622112,6457
2022-04-30,Sacramento,067,1510023,284309,283048,26905,309953,3007
2022-04-30,San Benito,069,59416,13084,12988,527,13515,98
2022-04-30,San Bernardino,071,2135413,578659,568758,25191,593949,7191
2022-04-30,San Diego,073,3302833,761728,761253,53967,815220,5238
2022-04-30,San Francisco,075,870044,131974,130241,8726,138967,860
2022-04-30,San Joaquin,077,732212,168040,167028,10106,177134,2225
2022-04-30,San Luis Obispo,079,281455,53192,53040,3882,56922,477
2022-04-30,San Mateo,081,765935,127091,125807,7457,133264,705
2022-04-30,Santa Barbara,083,443738,87121,86768,4789,91557,688
2022-04-30,Santa Clara,085,1922200,326389,320709,12998,333707,2281
2022-04-30,Santa Cruz,087,273765,49662,48798,2170,50968,262
2022-04-30,Shasta,089,179085,30704,30649,6115,36764,554
2022-04-30,Sierra,091,2930,275,274,49,323,4
2022-04-30,Siskiyou,093,43540,4453,4458,2742,7200,81
2022-04-30,Solano,095,438530,83066,82459,5703,88162,449
2022-04-30,Sonoma,097,501317,85914,85290,2955,88245,488
2022-04-30,Stanislaus,099,539301,118334,117943,17982,135925,1643
2022-04-30,Sutter,101,95872,20599,20644,2104,22748,224
2022-04-30,Tehama,103,63373,12086,12078,2578,14656,202
2022-04-30,Trinity,105,12862,1186,1179,288,1467,20
2022-04-30,Tulare,107,460477,106550,106856,27743,134599,1458
2022-04-30,Tuolumne,109,53932,12826,12713,578,13291,181
2022-04-30,Ventura,111,848112,175130,174679,9676,184355,1486
2022-04-30,Yolo,113,214977,37882,37173,3103,40276,314
2022-04-30,Yuba,115,75493,15939,15917,1212,17129,121
2022-04-29,Alameda,001,1643700,265235,262027,14446,276473,1851
2022-04-29,Alpine,003,1148,124,124,1,125,0
2022-04-29,Amador,005,37829,8583,8533,658,9191,86
2022-04-29,Butte,007,227075,33426,33172,7090,40262,418
2022-04-29,Calaveras,009,45235,7339,7328,356,7684,120
2022-04-29,Colusa,011,21464,3460,3457,1047,4504,21
2022-04-29,Contra Costa,013,1133247,196730,192136,13922,206058,1301
2022-04-29,Del Norte,015,27424,5878,5841,191,6032,50
2022-04-29,El Dorado,017,186661,27046,26946,3239,30185,210
2022-04-29,Fresno,019,978130,232944,232067,24351,256418,2748
2022-04-29,Glenn,021,27897,5011,4995,1615,6610,48
2022-04-29,Humboldt,023,135768,17345,17194,3070,20264,145
2022-04-29,Imperial,025,180216,55574,55503,10620,66123,910
2022-04-29,Inyo,027,18085,4090,4084,496,4580,56
2022-04-29,Kern,029,883053,192580,192250,46006,238256,2265
2022-04-29,Kings,031,150075,51639,51640,3529,55169,447
2022-04-29,Lake,033,64148,10780,10742,895,11637,137
2022-04-29,Lassen,035,31185,8968,8966,876,9842,65
2022-04-29,Los Angeles,037,10098052,2751171,2736900,125837,2862737,31712
2022-04-29,Madera,039,155013,37374,37360,6057,43417,365
2022-04-29,Marin,041,260295,34751,34519,2844,37363,291
2022-04-29,Mariposa,043,17540,2438,2430,205,2635,30
2022-04-29,Mendocino,045,87422,13251,13219,3132,16351,123
2022-04-29,Merced,047,269075,62778,62357,8828,71185,818
2022-04-29,Modoc,049,8938,739,745,252,997,8
2022-04-29,Mono,051,14174,2993,2989,130,3119,6
2022-04-29,Monterey,053,433212,80189,79881,14099,93980,731
2022-04-29,Napa,055,140530,26427,26319,1024,27343,143
2022-04-29,Nevada,057,99092,16145,16100,1230,17330,127
2022-04-29,Orange,059,3164182,553290,551822,42436,594258,6998
2022-04-29,Placer,061,380077,63526,63273,7435,70708,625
2022-04-29,Plumas,063,18699,2990,2946,365,3311,13
2022-04-29,Riverside,065,2383286,595668,593965,28126,622091,6457
2022-04-29,Sacramento,067,1510023,284162,283048,26897,309945,3007
2022-04-29,San Benito,069,59416,13079,12988,527,13515,98
2022-04-29,San Bernardino,071,2135413,578501,568758,25181,593939,7191
2022-04-29,San Diego,073,3302833,761311,761253,53941,815194,5238
2022-04-29,San Francisco,075,870044,131752,130241,8706,138947,860
2022-04-29,San Joaquin,077,732212,167985,167028,10102,177130,2225
2022-04-29,San Luis Obispo,079,281455,53177,53040,3877,56917,477
2022-04-29,San Mateo,081,765935,126893,125807,7443,133250,705
2022-04-29,Santa Barbara,083,443738,87081,86768,4787,91555,688
2022-04-29,Santa Clara,085,1922200,325879,320709,12968,333677,2281
2022-04-29,Santa Cruz,087,273765,49606,48798,2166,50964,262
2022-04-29,Shasta,089,179085,30702,30649,6114,36763,554
2022-04-29,Sierra,091,2930,275,274,49,323,4
2022-04-29,Siskiyou,093,43540,4452,4458,2742,7200,81
2022-04-29,Solano,095,438530,83009,82459,5698,88157,449
2022-04-29,Sonoma,097,501317,85806,85290,2942,88232,488
2022-04-29,Stanislaus,099,539301,118311,117943,17976,135919,1643
2022-04-29,Sutter,101,95872,20592,20644,2103,22747,224
2022-04-29,Tehama,103,63373,12084,12078,2578,14656,202
2022-04-29,Trinity,105,12862,1186,1179,288,1467,20
2022-04-29,Tulare,107,460477,106532,106856,27727,134583,1458
2022-04-29,Tuolumne,109,53932,12819,12713,575,13288,181
2022-04-29,Ventura,111,848112,175054,174679,9654,184333,1486
2022-04-29,Yolo,113,214977,37849,37173,3100,40273,314
2022-04-29,Yuba,115,75493,15934,15917,1212,17129,121
2022-04-28,Alameda,001,1643700,264794,262027,14410,276437,1851
2022-04-28,Alpine,003,1148,124,124,1,125,0
2022-04-28,Amador,005,37829,8580,8533,658,9191,86
2022-04-28,Butte,007,227075,33417,33172,7084,40256,418
2022-04-28,Calaveras,009,45235,7335,7328,356,7684,120
2022-04-28,Colusa,011,21464,3460,3457,1047,4504,21
2022-04-28,Contra Costa,013,1133247,196470,192136,13881,206017,1301
2022-04-28,Del Norte,015,27424,5874,5841,191,6032,50
2022-04-28,El Dorado,017,186661,27024,26946,3235,30181,210
2022-04-28,Fresno,019,978130,232885,232067,24342,256409,2748
2022-04-28,Glenn,021,27897,5008,4995,1615,6610,48
2022-04-28,Humboldt,023,135768,17311,17194,3054,20248,145
2022-04-28,Imperial,025,180216,55562,55503,10615,66118,910
2022-04-28,Inyo,027,18085,4090,4084,496,4580,56
2022-04-28,Kern,029,883053,192541,192250,45992,238242,2265
2022-04-28,Kings,031,150075,51633,51640,3529,55169,447
2022-04-28,Lake,033,64148,10776,10742,895,11637,137
2022-04-28,Lassen,035,31185,8968,8966,876,9842,65
2022-04-28,Los Angeles,037,10098052,2749099,2736900,125651,2862551,31712
2022-04-28,Madera,039,155013,37368,37360,6054,43414,365
2022-04-28,Marin,041,260295,34701,34519,2829,37348,291
2022-04-28,Mariposa,043,17540,2438,2430,205,2635,30
2022-04-28,Mendocino,045,87422,13240,13219,3115,16334,123
2022-04-28,Merced,047,269075,62757,62357,8819,71176,818
2022-04-28,Modoc,049,8938,739,745,252,997,8
2022-04-28,Mono,051,14174,2991,2989,130,3119,6
2022-04-28,Monterey,053,433212,80150,79881,14075,93956,731
2022-04-28,Napa,055,140530,26396,26319,1021,27340,143
2022-04-28,Nevada,057,99092,16137,16100,1227,17327,127
2022-04-28,Orange,059,3164182,552931,551822,42369,594191,6998
2022-04-28,Placer,061,380077,63479,63273,7427,70700,625
2022-04-28,Plumas,063,18699,2989,2946,365,3311,13
2022-04-28,Riverside,065,2383286,595385,593965,28104,622069,6457
2022-04-28,Sacramento,067,1510023,283979,283048,26858,309906,3007
2022-04-28,San Benito,069,59416,13069,12988,525,13513,98
2022-04-28,San Bernardino,071,2135413,578301,568758,25173,593931,7191
2022-04-28,San Diego,073,3302833,760770,761253,53877,815130,5238
2022-04-28,San Francisco,075,870044,131450,130241,8671,138912,860
2022-04-28,San Joaquin,077,732212,167914,167028,10086,177114,2225
2022-04-28,San Luis Obispo,079,281455,53149,53040,3859,56899,477
2022-04-28,San Mateo,081,765935,126649,125807,7416,133223,705
2022-04-28,Santa Barbara,083,443738,87028,86768,4784,91552,688
2022-04-28,Santa Clara,085,1922200,325335,320709,12934,333643,2281
2022-04-28,Santa Cruz,087,273765,49508,48798,2160,50958,262
2022-04-28,Shasta,089,179085,30694,30649,6114,36763,554
2022-04-28,Sierra,091,2930,275,274,49,323,4
2022-04-28,Siskiyou,093,43540,4449,4458,2742,7200,81
2022-04-28,Solano,095,438530,82925,82459,5693,88152,449
2022-04-28,Sonoma,097,501317,85691,85290,2928,88218,488
2022-04-28,Stanislaus,099,539301,118273,117943,17969,135912,1643
2022-04-28,Sutter,101,95872,20582,20644,2100,22744,224
2022-04-28,Tehama,103,63373,12083,12078,2577,14655,202
2022-04-28,Trinity,105,12862,1186,1179,288,1467,20
2022-04-28,Tulare,107,460477,106511,106856,27717,134573,1458
2022-04-28,Tuolumne,109,53932,12807,12713,574,13287,181
2022-04-28,Ventura,111,848112,174965,174679,9618,184297,1486
2022-04-28,Yolo,113,214977,37812,37173,3097,40270,314
2022-04-28,Yuba,115,75493,15925,15917,1210,17127,121
2022-04-27,Alameda,001,1643700,264313,260871,14367,275238,1843
2022-04-27,Alpine,003,1148,124,124,1,125,0
2022-04-27,Amador,005,37829,8579,8518,658,9176,86
2022-04-27,Butte,007,227075,33406,33118,7079,40197,411
2022-04-27,Calaveras,009,45235,7332,7307,356,7663,119
2022-04-27,Colusa,011,21464,3460,3457,1047,4504,21
2022-04-27,Contra Costa,013,1133247,196207,191412,13851,205263,1300
2022-04-27,Del Norte,015,27424,5869,5833,191,6024,50
2022-04-27,El Dorado,017,186661,27012,26898,3230,30128,209
2022-04-27,Fresno,019,978130,232819,231951,24328,256279,2744
2022-04-27,Glenn,021,27897,5008,4993,1615,6608,48
2022-04-27,Humboldt,023,135768,17281,17138,3043,20181,145
2022-04-27,Imperial,025,180216,55544,55480,10611,66091,910
2022-04-27,Inyo,027,18085,4089,4080,495,4575,56
2022-04-27,Kern,029,883053,192505,192157,45973,238130,2271
2022-04-27,Kings,031,150075,51628,51617,3528,55145,444
2022-04-27,Lake,033,64148,10772,10732,895,11627,135
2022-04-27,Lassen,035,31185,8967,8965,876,9841,65
2022-04-27,Los Angeles,037,10098052,2746779,2731988,125468,2857456,31691
2022-04-27,Madera,039,155013,37359,37339,6053,43392,354
2022-04-27,Marin,041,260295,34640,34354,2815,37169,288
2022-04-27,Mariposa,043,17540,2436,2427,205,2632,30
2022-04-27,Mendocino,045,87422,13233,13188,3107,16295,123
2022-04-27,Merced,047,269075,62743,62315,8814,71129,815
2022-04-27,Modoc,049,8938,739,745,252,997,8
2022-04-27,Mono,051,14174,2991,2989,130,3119,6
2022-04-27,Monterey,053,433212,80108,79695,14035,93730,729
2022-04-27,Napa,055,140530,26367,26210,1016,27226,143
2022-04-27,Nevada,057,99092,16121,16080,1224,17304,127
2022-04-27,Orange,059,3164182,552558,550859,42307,593166,6991
2022-04-27,Placer,061,380077,63438,63154,7412,70566,623
2022-04-27,Plumas,063,18699,2988,2934,365,3299,13
2022-04-27,Riverside,065,2383286,595119,593397,28088,621485,6453
2022-04-27,Sacramento,067,1510023,283779,281802,26826,308628,3001
2022-04-27,San Benito,069,59416,13056,12989,523,13512,98
2022-04-27,San Bernardino,071,2135413,578103,568018,25166,593184,7105
2022-04-27,San Diego,073,3302833,760196,759873,53814,813687,5236
2022-04-27,San Francisco,075,870044,131098,129284,8646,137930,857
2022-04-27,San Joaquin,077,732212,167838,166848,10071,176919,2225
2022-04-27,San Luis Obispo,079,281455,53104,52911,3848,56759,476
2022-04-27,San Mateo,081,765935,126419,125018,7363,132381,702
2022-04-27,Santa Barbara,083,443738,86964,86557,4777,91334,685
2022-04-27,Santa Clara,085,1922200,324767,319077,12887,331964,2282
2022-04-27,Santa Cruz,087,273765,49424,48500,2152,50652,262
2022-04-27,Shasta,089,179085,30683,30633,6111,36744,554
2022-04-27,Sierra,091,2930,274,276,49,325,4
2022-04-27,Siskiyou,093,43540,4449,4455,2738,7193,81
2022-04-27,Solano,095,438530,82812,82220,5685,87905,448
2022-04-27,Sonoma,097,501317,85582,84983,2908,87891,487
2022-04-27,Stanislaus,099,539301,118231,117841,17959,135800,1643
2022-04-27,Sutter,101,95872,20578,20627,2096,22723,224
2022-04-27,Tehama,103,63373,12083,12073,2577,14650,201
2022-04-27,Trinity,105,12862,1186,1179,288,1467,20
2022-04-27,Tulare,107,460477,106493,106580,27708,134288,1453
2022-04-27,Tuolumne,109,53932,12790,12684,573,13257,181
2022-04-27,Ventura,111,848112,174862,174425,9603,184028,1480
2022-04-27,Yolo,113,214977,37763,37096,3091,40187,314
2022-04-27,Yuba,115,75493,15921,15902,1205,17107,121
2022-04-26,Alameda,001,1643700,263794,260871,14326,275197,1843
2022-04-26,Alpine,003,1148,124,124,1,125,0
2022-04-26,Amador,005,37829,8576,8518,657,9175,86
2022-04-26,Butte,007,227075,33389,33118,7072,40190,411
2022-04-26,Calaveras,009,45235,7328,7307,355,7662,119
2022-04-26,Colusa,011,21464,3460,3457,1047,4504,21
2022-04-26,Contra Costa,013,1133247,195945,191412,13814,205226,1300
2022-04-26,Del Norte,015,27424,5861,5833,191,6024,50
2022-04-26,El Dorado,017,186661,26991,26898,3226,30124,209
2022-04-26,Fresno,019,978130,232740,231951,24318,256269,2744
2022-04-26,Glenn,021,27897,5008,4993,1614,6607,48
2022-04-26,Humboldt,023,135768,17250,17138,3037,20175,145
2022-04-26,Imperial,025,180216,55524,55480,10606,66086,910
2022-04-26,Inyo,027,18085,4089,4080,495,4575,56
2022-04-26,Kern,029,883053,192458,192157,45949,238106,2271
2022-04-26,Kings,031,150075,51622,51617,3528,55145,444
2022-04-26,Lake,033,64148,10765,10732,895,11627,135
2022-04-26,Lassen,035,31185,8962,8965,876,9841,65
2022-04-26,Los Angeles,037,10098052,2744381,2731988,125284,2857272,31691
2022-04-26,Madera,039,155013,37351,37339,6046,43385,354
2022-04-26,Marin,041,260295,34587,34354,2796,37150,288
2022-04-26,Mariposa,043,17540,2436,2427,205,2632,30
2022-04-26,Mendocino,045,87422,13229,13188,3101,16289,123
2022-04-26,Merced,047,269075,62720,62315,8797,71112,815
2022-04-26,Modoc,049,8938,739,745,252,997,8
2022-04-26,Mono,051,14174,2991,2989,129,3118,6
2022-04-26,Monterey,053,433212,80054,79695,13996,93691,729
2022-04-26,Napa,055,140530,26336,26210,1012,27222,143
2022-04-26,Nevada,057,99092,16112,16080,1224,17304,127
2022-04-26,Orange,059,3164182,552149,550859,42248,593107,6991
2022-04-26,Placer,061,380077,63407,63154,7408,70562,623
2022-04-26,Plumas,063,18699,2988,2934,365,3299,13
2022-04-26,Riverside,065,2383286,594810,593397,28062,621459,6453
2022-04-26,Sacramento,067,1510023,283542,281802,26804,308606,3001
2022-04-26,San Benito,069,59416,13052,12989,522,13511,98
2022-04-26,San Bernardino,071,2135413,577895,568018,25152,593170,7105
2022-04-26,San Diego,073,3302833,759535,759873,53709,813582,5236
2022-04-26,San Francisco,075,870044,130699,129284,8621,137905,857
2022-04-26,San Joaquin,077,732212,167777,166848,10061,176909,2225
2022-04-26,San Luis Obispo,079,281455,53075,52911,3837,56748,476
2022-04-26,San Mateo,081,765935,126149,125018,7329,132347,702
2022-04-26,Santa Barbara,083,443738,86903,86557,4772,91329,685
2022-04-26,Santa Clara,085,1922200,324209,319077,12841,331918,2282
2022-04-26,Santa Cruz,087,273765,49324,48500,2149,50649,262
2022-04-26,Shasta,089,179085,30671,30633,6111,36744,554
2022-04-26,Sierra,091,2930,274,276,49,325,4
2022-04-26,Siskiyou,093,43540,4447,4455,2736,7191,81
2022-04-26,Solano,095,438530,82713,82220,5674,87894,448
2022-04-26,Sonoma,097,501317,85476,84983,2892,87875,487
2022-04-26,Stanislaus,099,539301,118196,117841,17949,135790,1643
2022-04-26,Sutter,101,95872,20568,20627,2096,22723,224
2022-04-26,Tehama,103,63373,12074,12073,2577,14650,201
2022-04-26,Trinity,105,12862,1186,1179,288,1467,20
2022-04-26,Tulare,107,460477,106466,106580,27694,134274,1453
2022-04-26,Tuolumne,109,53932,12771,12684,571,13255,181
2022-04-26,Ventura,111,848112,174753,174425,9577,184002,1480
2022-04-26,Yolo,113,214977,37704,37096,3086,40182,314
2022-04-26,Yuba,115,75493,15919,15902,1205,17107,121
2022-04-25,Alameda,001,1643700,263284,260871,14284,275155,1843
2022-04-25,Alpine,003,1148,124,124,1,125,0
2022-04-25,Amador,005,37829,8573,8518,657,9175,86
2022-04-25,Butte,007,227075,33374,33118,7063,40181,411
2022-04-25,Calaveras,009,45235,7325,7307,355,7662,119
2022-04-25,Colusa,011,21464,3460,3457,1047,4504,21
2022-04-25,Contra Costa,013,1133247,195679,191412,13777,205189,1300
2022-04-25,Del Norte,015,27424,5855,5833,189,6022,50
2022-04-25,El Dorado,017,186661,26970,26898,3224,30122,209
2022-04-25,Fresno,019,978130,232649,231951,24305,256256,2744
2022-04-25,Glenn,021,27897,5008,4993,1614,6607,48
2022-04-25,Humboldt,023,135768,17208,17138,3029,20167,145
2022-04-25,Imperial,025,180216,55505,55480,10601,66081,910
2022-04-25,Inyo,027,18085,4089,4080,495,4575,56
2022-04-25,Kern,029,883053,192414,192157,45931,238088,2271
2022-04-25,Kings,031,150075,51613,51617,3527,55144,444
2022-04-25,Lake,033,64148,10762,10732,894,11626,135
2022-04-25,Lassen,035,31185,8961,8965,876,9841,65
2022-04-25,Los Angeles,037,10098052,2741995,2731988,125119,2857107,31691
2022-04-25,Madera,039,155013,37338,37339,6042,43381,354
2022-04-25,Marin,041,260295,34523,34354,2772,37126,288
2022-04-25,Mariposa,043,17540,2436,2427,204,2631,30
2022-04-25,Mendocino,045,87422,13219,13188,3084,16272,123
2022-04-25,Merced,047,269075,62707,62315,8795,71110,815
2022-04-25,Modoc,049,8938,739,745,252,997,8
2022-04-25,Mono,051,14174,2991,2989,129,3118,6
2022-04-25,Monterey,053,433212,80016,79695,13971,93666,729
2022-04-25,Napa,055,140530,26295,26210,1010,27220,143
2022-04-25,Nevada,057,99092,16106,16080,1222,17302,127
2022-04-25,Orange,059,3164182,551742,550859,42185,593044,6991
2022-04-25,Placer,061,380077,63372,63154,7404,70558,623
2022-04-25,Plumas,063,18699,2986,2934,365,3299,13
2022-04-25,Riverside,065,2383286,594546,593397,28045,621442,6453
2022-04-25,Sacramento,067,1510023,283377,281802,26771,308573,3001
2022-04-25,San Benito,069,59416,13045,12989,522,13511,98
2022-04-25,San Bernardino,071,2135413,577664,568018,25135,593153,7105
2022-04-25,San Diego,073,3302833,758852,759873,53631,813504,5236
2022-04-25,San Francisco,075,870044,130338,129284,8599,137883,857
2022-04-25,San Joaquin,077,732212,167693,166848,10047,176895,2225
2022-04-25,San Luis Obispo,079,281455,53026,52911,3829,56740,476
2022-04-25,San Mateo,081,765935,125877,125018,7309,132327,702
2022-04-25,Santa Barbara,083,443738,86842,86557,4766,91323,685
2022-04-25,Santa Clara,085,1922200,323563,319077,12797,331874,2282
2022-04-25,Santa Cruz,087,273765,49182,48500,2140,50640,262
2022-04-25,Shasta,089,179085,30659,30633,6108,36741,554
2022-04-25,Sierra,091,2930,274,276,49,325,4
2022-04-25,Siskiyou,093,43540,4447,4455,2735,7190,81
2022-04-25,Solano,095,438530,82594,82220,5663,87883,448
2022-04-25,Sonoma,097,501317,85352,84983,2873,87856,487
2022-04-25,Stanislaus,099,539301,118151,117841,17942,135783,1643
2022-04-25,Sutter,101,95872,20565,20627,2096,22723,224
2022-04-25,Tehama,103,63373,12074,12073,2577,14650,201
2022-04-25,Trinity,105,12862,1185,1179,288,1467,20
2022-04-25,Tulare,107,460477,106441,106580,27684,134264,1453
2022-04-25,Tuolumne,109,53932,12761,12684,571,13255,181
2022-04-25,Ventura,111,848112,174643,174425,9553,183978,1480
2022-04-25,Yolo,113,214977,37641,37096,3082,40178,314
2022-04-25,Yuba,115,75493,15909,15902,1204,17106,121
2022-04-24,Alameda,001,1643700,262702,259619,14239,273858,1837
2022-04-24,Alpine,003,1148,124,124,1,125,0
2022-04-24,Amador,005,37829,8564,8509,656,9165,86
2022-04-24,Butte,007,227075,33357,33105,7056,40161,411
2022-04-24,Calaveras,009,45235,7316,7296,353,7649,119
2022-04-24,Colusa,011,21464,3459,3453,1047,4500,21
2022-04-24,Contra Costa,013,1133247,195372,190611,13744,204355,1298
2022-04-24,Del Norte,015,27424,5846,5827,187,6014,50
2022-04-24,El Dorado,017,186661,26952,26837,3222,30059,209
2022-04-24,Fresno,019,978130,232569,231751,24290,256041,2744
2022-04-24,Glenn,021,27897,5008,4989,1612,6601,48
2022-04-24,Humboldt,023,135768,17183,17033,3015,20048,145
2022-04-24,Imperial,025,180216,55493,55434,10593,66027,910
2022-04-24,Inyo,027,18085,4085,4079,494,4573,56
2022-04-24,Kern,029,883053,192362,192012,45917,237929,2267
2022-04-24,Kings,031,150075,51604,51588,3527,55115,444
2022-04-24,Lake,033,64148,10754,10720,891,11611,134
2022-04-24,Lassen,035,31185,8960,8966,876,9842,65
2022-04-24,Los Angeles,037,10098052,2739644,2725630,124974,2850604,31667
2022-04-24,Madera,039,155013,37323,37333,6036,43369,354
2022-04-24,Marin,041,260295,34469,34150,2738,36888,288
2022-04-24,Mariposa,043,17540,2433,2422,204,2626,30
2022-04-24,Mendocino,045,87422,13214,13158,3072,16230,122
2022-04-24,Merced,047,269075,62683,62286,8786,71072,815
2022-04-24,Modoc,049,8938,739,745,252,997,8
2022-04-24,Mono,051,14174,2989,2986,129,3115,6
2022-04-24,Monterey,053,433212,79963,79560,13938,93498,729
2022-04-24,Napa,055,140530,26258,26093,1009,27102,143
2022-04-24,Nevada,057,99092,16090,16052,1220,17272,127
2022-04-24,Orange,059,3164182,551319,549765,42122,591887,6989
2022-04-24,Placer,061,380077,63317,63037,7396,70433,622
2022-04-24,Plumas,063,18699,2984,2934,365,3299,13
2022-04-24,Riverside,065,2383286,594269,592683,28010,620693,6450
2022-04-24,Sacramento,067,1510023,283170,280551,26737,307288,2993
2022-04-24,San Benito,069,59416,13041,12966,522,13488,98
2022-04-24,San Bernardino,071,2135413,577431,566806,25113,591919,7047
2022-04-24,San Diego,073,3302833,758221,758311,53568,811879,5233
2022-04-24,San Francisco,075,870044,129894,128323,8573,136896,857
2022-04-24,San Joaquin,077,732212,167606,166626,10011,176637,2224
2022-04-24,San Luis Obispo,079,281455,52950,52826,3818,56644,476
2022-04-24,San Mateo,081,765935,125568,124106,7274,131380,703
2022-04-24,Santa Barbara,083,443738,86773,86376,4764,91140,685
2022-04-24,Santa Clara,085,1922200,322877,317487,12745,330232,2277
2022-04-24,Santa Cruz,087,273765,49069,48255,2134,50389,261
2022-04-24,Shasta,089,179085,30647,30607,6106,36713,557
2022-04-24,Sierra,091,2930,274,276,49,325,4
2022-04-24,Siskiyou,093,43540,4445,4453,2733,7186,81
2022-04-24,Solano,095,438530,82485,81982,5654,87636,448
2022-04-24,Sonoma,097,501317,85216,84581,2851,87432,486
2022-04-24,Stanislaus,099,539301,118100,117737,17936,135673,1632
2022-04-24,Sutter,101,95872,20556,20605,2093,22698,224
2022-04-24,Tehama,103,63373,12070,12064,2577,14641,201
2022-04-24,Trinity,105,12862,1185,1177,288,1465,20
2022-04-24,Tulare,107,460477,106414,106354,27673,134027,1446
2022-04-24,Tuolumne,109,53932,12748,12664,570,13234,181
2022-04-24,Ventura,111,848112,174531,174091,9532,183623,1479
2022-04-24,Yolo,113,214977,37601,36990,3079,40069,314
2022-04-24,Yuba,115,75493,15905,15888,1204,17092,121
2022-04-23,Alameda,001,1643700,262458,259619,14226,273845,1837
2022-04-23,Alpine,003,1148,124,124,1,125,0
2022-04-23,Amador,005,37829,8558,8509,656,9165,86
2022-04-23,Butte,007,227075,33348,33105,7053,40158,411
2022-04-23,Calaveras,009,45235,7308,7296,353,7649,119
2022-04-23,Colusa,011,21464,3459,3453,1047,4500,21
2022-04-23,Contra Costa,013,1133247,195216,190611,13726,204337,1298
2022-04-23,Del Norte,015,27424,5844,5827,186,6013,50
2022-04-23,El Dorado,017,186661,26942,26837,3221,30058,209
2022-04-23,Fresno,019,978130,232536,231751,24284,256035,2744
2022-04-23,Glenn,021,27897,5008,4989,1612,6601,48
2022-04-23,Humboldt,023,135768,17167,17033,3012,20045,145
2022-04-23,Imperial,025,180216,55482,55434,10592,66026,910
2022-04-23,Inyo,027,18085,4085,4079,493,4572,56
2022-04-23,Kern,029,883053,192334,192012,45903,237915,2267
2022-04-23,Kings,031,150075,51599,51588,3526,55114,444
2022-04-23,Lake,033,64148,10753,10720,891,11611,134
2022-04-23,Lassen,035,31185,8960,8966,876,9842,65
2022-04-23,Los Angeles,037,10098052,2738699,2725630,124873,2850503,31667
2022-04-23,Madera,039,155013,37316,37333,6035,43368,354
2022-04-23,Marin,041,260295,34434,34150,2692,36842,288
2022-04-23,Mariposa,043,17540,2433,2422,204,2626,30
2022-04-23,Mendocino,045,87422,13207,13158,3072,16230,122
2022-04-23,Merced,047,269075,62673,62286,8786,71072,815
2022-04-23,Modoc,049,8938,739,745,252,997,8
2022-04-23,Mono,051,14174,2989,2986,129,3115,6
2022-04-23,Monterey,053,433212,79894,79560,13923,93483,729
2022-04-23,Napa,055,140530,26237,26093,1007,27100,143
2022-04-23,Nevada,057,99092,16084,16052,1218,17270,127
2022-04-23,Orange,059,3164182,551103,549765,42073,591838,6989
2022-04-23,Placer,061,380077,63287,63037,7395,70432,622
2022-04-23,Plumas,063,18699,2984,2934,365,3299,13
2022-04-23,Riverside,065,2383286,594133,592683,28000,620683,6450
2022-04-23,Sacramento,067,1510023,283070,280551,26734,307285,2993
2022-04-23,San Benito,069,59416,13040,12966,522,13488,98
2022-04-23,San Bernardino,071,2135413,577309,566806,25110,591916,7047
2022-04-23,San Diego,073,3302833,757959,758311,53550,811861,5233
2022-04-23,San Francisco,075,870044,129690,128323,8547,136870,857
2022-04-23,San Joaquin,077,732212,167565,166626,10003,176629,2224
2022-04-23,San Luis Obispo,079,281455,52935,52826,3814,56640,476
2022-04-23,San Mateo,081,765935,125411,124106,7264,131370,703
2022-04-23,Santa Barbara,083,443738,86737,86376,4763,91139,685
2022-04-23,Santa Clara,085,1922200,322497,317487,12718,330205,2277
2022-04-23,Santa Cruz,087,273765,49019,48255,2132,50387,261
2022-04-23,Shasta,089,179085,30644,30607,6106,36713,557
2022-04-23,Sierra,091,2930,274,276,49,325,4
2022-04-23,Siskiyou,093,43540,4443,4453,2733,7186,81
2022-04-23,Solano,095,438530,82458,81982,5650,87632,448
2022-04-23,Sonoma,097,501317,85148,84581,2842,87423,486
2022-04-23,Stanislaus,099,539301,118064,117737,17934,135671,1632
2022-04-23,Sutter,101,95872,20550,20605,2093,22698,224
2022-04-23,Tehama,103,63373,12069,12064,2577,14641,201
2022-04-23,Trinity,105,12862,1185,1177,288,1465,20
2022-04-23,Tulare,107,460477,106406,106354,27664,134018,1446
2022-04-23,Tuolumne,109,53932,12743,12664,570,13234,181
2022-04-23,Ventura,111,848112,174468,174091,9524,183615,1479
2022-04-23,Yolo,113,214977,37573,36990,3075,40065,314
2022-04-23,Yuba,115,75493,15903,15888,1204,17092,121
2022-04-22,Alameda,001,1643700,262225,259619,14207,273826,1837
2022-04-22,Alpine,003,1148,124,124,1,125,0
2022-04-22,Amador,005,37829,8557,8509,654,9163,86
2022-04-22,Butte,007,227075,33342,33105,7048,40153,411
2022-04-22,Calaveras,009,45235,7307,7296,353,7649,119
2022-04-22,Colusa,011,21464,3459,3453,1047,4500,21
2022-04-22,Contra Costa,013,1133247,195080,190611,13710,204321,1298
2022-04-22,Del Norte,015,27424,5844,5827,186,6013,50
2022-04-22,El Dorado,017,186661,26929,26837,3217,30054,209
2022-04-22,Fresno,019,978130,232506,231751,24280,256031,2744
2022-04-22,Glenn,021,27897,5006,4989,1612,6601,48
2022-04-22,Humboldt,023,135768,17151,17033,3006,20039,145
2022-04-22,Imperial,025,180216,55476,55434,10592,66026,910
2022-04-22,Inyo,027,18085,4085,4079,492,4571,56
2022-04-22,Kern,029,883053,192313,192012,45900,237912,2267
2022-04-22,Kings,031,150075,51595,51588,3525,55113,444
2022-04-22,Lake,033,64148,10752,10720,891,11611,134
2022-04-22,Lassen,035,31185,8960,8966,876,9842,65
2022-04-22,Los Angeles,037,10098052,2737605,2725630,124814,2850444,31667
2022-04-22,Madera,039,155013,37311,37333,6034,43367,354
2022-04-22,Marin,041,260295,34397,34150,2681,36831,288
2022-04-22,Mariposa,043,17540,2432,2422,204,2626,30
2022-04-22,Mendocino,045,87422,13202,13158,3067,16225,122
2022-04-22,Merced,047,269075,62666,62286,8774,71060,815
2022-04-22,Modoc,049,8938,739,745,252,997,8
2022-04-22,Mono,051,14174,2989,2986,128,3114,6
2022-04-22,Monterey,053,433212,79859,79560,13909,93469,729
2022-04-22,Napa,055,140530,26220,26093,1005,27098,143
2022-04-22,Nevada,057,99092,16084,16052,1218,17270,127
2022-04-22,Orange,059,3164182,550918,549765,42020,591785,6989
2022-04-22,Placer,061,380077,63264,63037,7392,70429,622
2022-04-22,Plumas,063,18699,2984,2934,365,3299,13
2022-04-22,Riverside,065,2383286,593989,592683,27985,620668,6450
2022-04-22,Sacramento,067,1510023,282983,280551,26722,307273,2993
2022-04-22,San Benito,069,59416,13035,12966,522,13488,98
2022-04-22,San Bernardino,071,2135413,577196,566806,25102,591908,7047
2022-04-22,San Diego,073,3302833,757638,758311,53522,811833,5233
2022-04-22,San Francisco,075,870044,129523,128323,8521,136844,857
2022-04-22,San Joaquin,077,732212,167535,166626,10001,176627,2224
2022-04-22,San Luis Obispo,079,281455,52929,52826,3813,56639,476
2022-04-22,San Mateo,081,765935,125248,124106,7251,131357,703
2022-04-22,Santa Barbara,083,443738,86691,86376,4762,91138,685
2022-04-22,Santa Clara,085,1922200,322150,317487,12704,330191,2277
2022-04-22,Santa Cruz,087,273765,48979,48255,2131,50386,261
2022-04-22,Shasta,089,179085,30640,30607,6105,36712,557
2022-04-22,Sierra,091,2930,274,276,48,324,4
2022-04-22,Siskiyou,093,43540,4443,4453,2733,7186,81
2022-04-22,Solano,095,438530,82401,81982,5647,87629,448
2022-04-22,Sonoma,097,501317,85083,84581,2838,87419,486
2022-04-22,Stanislaus,099,539301,118042,117737,17929,135666,1632
2022-04-22,Sutter,101,95872,20544,20605,2093,22698,224
2022-04-22,Tehama,103,63373,12064,12064,2576,14640,201
2022-04-22,Trinity,105,12862,1185,1177,287,1464,20
2022-04-22,Tulare,107,460477,106396,106354,27656,134010,1446
2022-04-22,Tuolumne,109,53932,12737,12664,568,13232,181
2022-04-22,Ventura,111,848112,174393,174091,9513,183604,1479
2022-04-22,Yolo,113,214977,37552,36990,3073,40063,314
2022-04-22,Yuba,115,75493,15900,15888,1203,17091,121
2022-04-21,Alameda,001,1643700,261865,259619,14167,273786,1837
2022-04-21,Alpine,003,1148,124,124,1,125,0
2022-04-21,Amador,005,37829,8554,8509,654,9163,86
2022-04-21,Butte,007,227075,33335,33105,7040,40145,411
2022-04-21,Calaveras,009,45235,7304,7296,353,7649,119
2022-04-21,Colusa,011,21464,3458,3453,1047,4500,21
2022-04-21,Contra Costa,013,1133247,194885,190611,13689,204300,1298
2022-04-21,Del Norte,015,27424,5843,5827,186,6013,50
2022-04-21,El Dorado,017,186661,26913,26837,3216,30053,209
2022-04-21,Fresno,019,978130,232464,231751,24271,256022,2744
2022-04-21,Glenn,021,27897,5006,4989,1611,6600,48
2022-04-21,Humboldt,023,135768,17128,17033,2998,20031,145
2022-04-21,Imperial,025,180216,55467,55434,10592,66026,910
2022-04-21,Inyo,027,18085,4085,4079,492,4571,56
2022-04-21,Kern,029,883053,192280,192012,45885,237897,2267
2022-04-21,Kings,031,150075,51587,51588,3525,55113,444
2022-04-21,Lake,033,64148,10749,10720,891,11611,134
2022-04-21,Lassen,035,31185,8960,8966,876,9842,65
2022-04-21,Los Angeles,037,10098052,2735955,2725630,124699,2850329,31667
2022-04-21,Madera,039,155013,37308,37333,6033,43366,354
2022-04-21,Marin,041,260295,34349,34150,2671,36821,288
2022-04-21,Mariposa,043,17540,2431,2422,204,2626,30
2022-04-21,Mendocino,045,87422,13195,13158,3064,16222,122
2022-04-21,Merced,047,269075,62648,62286,8771,71057,815
2022-04-21,Modoc,049,8938,739,745,252,997,8
2022-04-21,Mono,051,14174,2988,2986,127,3113,6
2022-04-21,Monterey,053,433212,79832,79560,13895,93455,729
2022-04-21,Napa,055,140530,26189,26093,1004,27097,143
2022-04-21,Nevada,057,99092,16080,16052,1218,17270,127
2022-04-21,Orange,059,3164182,550666,549765,41983,591748,6989
2022-04-21,Placer,061,380077,63226,63037,7388,70425,622
2022-04-21,Plumas,063,18699,2984,2934,365,3299,13
2022-04-21,Riverside,065,2383286,593828,592683,27967,620650,6450
2022-04-21,Sacramento,067,1510023,282835,280551,26702,307253,2993
2022-04-21,San Benito,069,59416,13029,12966,522,13488,98
2022-04-21,San Bernardino,071,2135413,577004,566806,25090,591896,7047
2022-04-21,San Diego,073,3302833,757213,758311,53478,811789,5233
2022-04-21,San Francisco,075,870044,129300,128323,8493,136816,857
2022-04-21,San Joaquin,077,732212,167481,166626,9996,176622,2224
2022-04-21,San Luis Obispo,079,281455,52909,52826,3806,56632,476
2022-04-21,San Mateo,081,765935,125047,124106,7231,131337,703
2022-04-21,Santa Barbara,083,443738,86632,86376,4759,91135,685
2022-04-21,Santa Clara,085,1922200,321699,317487,12682,330169,2277
2022-04-21,Santa Cruz,087,273765,48933,48255,2129,50384,261
2022-04-21,Shasta,089,179085,30632,30607,6105,36712,557
2022-04-21,Sierra,091,2930,274,276,48,324,4
2022-04-21,Siskiyou,093,43540,4443,4453,2733,7186,81
2022-04-21,Solano,095,438530,82339,81982,5640,87622,448
2022-04-21,Sonoma,097,501317,84969,84581,2817,87398,486
2022-04-21,Stanislaus,099,539301,118003,117737,17921,135658,1632
2022-04-21,Sutter,101,95872,20535,20605,2091,22696,224
2022-04-21,Tehama,103,63373,12064,12064,2576,14640,201
2022-04-21,Trinity,105,12862,1185,1177,287,1464,20
2022-04-21,Tulare,107,460477,106389,106354,27652,134006,1446
2022-04-21,Tuolumne,109,53932,12732,12664,568,13232,181
2022-04-21,Ventura,111,848112,174311,174091,9507,183598,1479
2022-04-21,Yolo,113,214977,37522,36990,3073,40063,314
2022-04-21,Yuba,115,75493,15898,15888,1203,17091,121
2022-04-20,Alameda,001,1643700,261503,258734,14137,272871,1832
2022-04-20,Alpine,003,1148,124,124,1,125,0
2022-04-20,Amador,005,37829,8552,8494,654,9148,86
2022-04-20,Butte,007,227075,33319,33083,7033,40116,408
2022-04-20,Calaveras,009,45235,7298,7288,352,7640,119
2022-04-20,Colusa,011,21464,3458,3453,1047,4500,21
2022-04-20,Contra Costa,013,1133247,194650,190042,13664,203706,1299
2022-04-20,Del Norte,015,27424,5837,5814,186,6000,50
2022-04-20,El Dorado,017,186661,26898,26821,3212,30033,209
2022-04-20,Fresno,019,978130,232414,231568,24270,255838,2740
2022-04-20,Glenn,021,27897,5005,4988,1608,6596,48
2022-04-20,Humboldt,023,135768,17106,16976,2994,19970,145
2022-04-20,Imperial,025,180216,55459,55405,10589,65994,910
2022-04-20,Inyo,027,18085,4085,4075,491,4566,56
2022-04-20,Kern,029,883053,192245,191915,45869,237784,2262
2022-04-20,Kings,031,150075,51578,51571,3523,55094,445
2022-04-20,Lake,033,64148,10749,10711,891,11602,134
2022-04-20,Lassen,035,31185,8960,8951,876,9827,65
2022-04-20,Los Angeles,037,10098052,2734213,2721699,124579,2846278,31630
2022-04-20,Madera,039,155013,37305,37333,6030,43363,354
2022-04-20,Marin,041,260295,34308,33985,2648,36633,288
2022-04-20,Mariposa,043,17540,2429,2412,204,2616,30
2022-04-20,Mendocino,045,87422,13189,13128,3056,16184,122
2022-04-20,Merced,047,269075,62638,62322,8758,71080,813
2022-04-20,Modoc,049,8938,739,744,252,996,8
2022-04-20,Mono,051,14174,2988,2984,127,3111,6
2022-04-20,Monterey,053,433212,79787,79419,13876,93295,727
2022-04-20,Napa,055,140530,26155,26016,1000,27016,143
2022-04-20,Nevada,057,99092,16070,16034,1215,17249,127
2022-04-20,Orange,059,3164182,550338,549136,41936,591072,6963
2022-04-20,Placer,061,380077,63199,62928,7383,70311,619
2022-04-20,Plumas,063,18699,2984,2932,365,3297,13
2022-04-20,Riverside,065,2383286,593636,592224,27945,620169,6447
2022-04-20,Sacramento,067,1510023,282692,279326,26685,306011,2987
2022-04-20,San Benito,069,59416,13023,12971,519,13490,98
2022-04-20,San Bernardino,071,2135413,576797,565405,25073,590478,6977
2022-04-20,San Diego,073,3302833,756771,757138,53417,810555,5231
2022-04-20,San Francisco,075,870044,128993,127594,8475,136069,854
2022-04-20,San Joaquin,077,732212,167410,166531,9989,176520,2222
2022-04-20,San Luis Obispo,079,281455,52882,52740,3799,56539,476
2022-04-20,San Mateo,081,765935,124829,123279,7199,130478,701
2022-04-20,Santa Barbara,083,443738,86596,86214,4753,90967,685
2022-04-20,Santa Clara,085,1922200,321288,316355,12644,328999,2274
2022-04-20,Santa Cruz,087,273765,48869,47997,2125,50122,261
2022-04-20,Shasta,089,179085,30629,30590,6104,36694,554
2022-04-20,Sierra,091,2930,274,276,48,324,4
2022-04-20,Siskiyou,093,43540,4442,4446,2732,7178,80
2022-04-20,Solano,095,438530,82268,81841,5637,87478,447
2022-04-20,Sonoma,097,501317,84882,84429,2793,87222,485
2022-04-20,Stanislaus,099,539301,117967,117540,17910,135450,1630
2022-04-20,Sutter,101,95872,20528,20632,2091,22723,224
2022-04-20,Tehama,103,63373,12062,12061,2576,14637,199
2022-04-20,Trinity,105,12862,1185,1178,287,1465,20
2022-04-20,Tulare,107,460477,106381,105974,27641,133615,1439
2022-04-20,Tuolumne,109,53932,12727,12648,567,13215,180
2022-04-20,Ventura,111,848112,174223,173904,9498,183402,1475
2022-04-20,Yolo,113,214977,37472,36785,3070,39855,311
2022-04-20,Yuba,115,75493,15894,15868,1201,17069,121
2022-04-19,Alameda,001,1643700,261145,258734,14105,272839,1832
2022-04-19,Alpine,003,1148,124,124,1,125,0
2022-04-19,Amador,005,37829,8548,8494,651,9145,86
2022-04-19,Butte,007,227075,33312,33083,7029,40112,408
2022-04-19,Calaveras,009,45235,7295,7288,352,7640,119
2022-04-19,Colusa,011,21464,3458,3453,1047,4500,21
2022-04-19,Contra Costa,013,1133247,194404,190042,13646,203688,1299
2022-04-19,Del Norte,015,27424,5835,5814,184,5998,50
2022-04-19,El Dorado,017,186661,26884,26821,3209,30030,209
2022-04-19,Fresno,019,978130,232359,231568,24260,255828,2740
2022-04-19,Glenn,021,27897,5004,4988,1608,6596,48
2022-04-19,Humboldt,023,135768,17069,16976,2983,19959,145
2022-04-19,Imperial,025,180216,55452,55405,10586,65991,910
2022-04-19,Inyo,027,18085,4082,4075,491,4566,56
2022-04-19,Kern,029,883053,192209,191915,45859,237774,2262
2022-04-19,Kings,031,150075,51564,51571,3522,55093,445
2022-04-19,Lake,033,64148,10745,10711,890,11601,134
2022-04-19,Lassen,035,31185,8960,8951,876,9827,65
2022-04-19,Los Angeles,037,10098052,2732416,2721699,124451,2846150,31630
2022-04-19,Madera,039,155013,37302,37333,6029,43362,354
2022-04-19,Marin,041,260295,34258,33985,2632,36617,288
2022-04-19,Mariposa,043,17540,2429,2412,203,2615,30
2022-04-19,Mendocino,045,87422,13181,13128,3045,16173,122
2022-04-19,Merced,047,269075,62619,62322,8754,71076,813
2022-04-19,Modoc,049,8938,739,744,252,996,8
2022-04-19,Mono,051,14174,2988,2984,127,3111,6
2022-04-19,Monterey,053,433212,79768,79419,13863,93282,727
2022-04-19,Napa,055,140530,26132,26016,991,27007,143
2022-04-19,Nevada,057,99092,16064,16034,1213,17247,127
2022-04-19,Orange,059,3164182,550059,549136,41892,591028,6963
2022-04-19,Placer,061,380077,63168,62928,7378,70306,619
2022-04-19,Plumas,063,18699,2984,2932,365,3297,13
2022-04-19,Riverside,065,2383286,593453,592224,27933,620157,6447
2022-04-19,Sacramento,067,1510023,282518,279326,26661,305987,2987
2022-04-19,San Benito,069,59416,13017,12971,518,13489,98
2022-04-19,San Bernardino,071,2135413,576583,565405,25051,590456,6977
2022-04-19,San Diego,073,3302833,756305,757138,53352,810490,5231
2022-04-19,San Francisco,075,870044,128660,127594,8458,136052,854
2022-04-19,San Joaquin,077,732212,167360,166531,9985,176516,2222
2022-04-19,San Luis Obispo,079,281455,52846,52740,3793,56533,476
2022-04-19,San Mateo,081,765935,124598,123279,7178,130457,701
2022-04-19,Santa Barbara,083,443738,86542,86214,4745,90959,685
2022-04-19,Santa Clara,085,1922200,320867,316355,12615,328970,2274
2022-04-19,Santa Cruz,087,273765,48814,47997,2123,50120,261
2022-04-19,Shasta,089,179085,30617,30590,6103,36693,554
2022-04-19,Sierra,091,2930,274,276,48,324,4
2022-04-19,Siskiyou,093,43540,4441,4446,2730,7176,80
2022-04-19,Solano,095,438530,82184,81841,5630,87471,447
2022-04-19,Sonoma,097,501317,84780,84429,2764,87193,485
2022-04-19,Stanislaus,099,539301,117941,117540,17905,135445,1630
2022-04-19,Sutter,101,95872,20528,20632,2091,22723,224
2022-04-19,Tehama,103,63373,12061,12061,2576,14637,199
2022-04-19,Trinity,105,12862,1184,1178,287,1465,20
2022-04-19,Tulare,107,460477,106366,105974,27635,133609,1439
2022-04-19,Tuolumne,109,53932,12725,12648,567,13215,180
2022-04-19,Ventura,111,848112,174130,173904,9485,183389,1475
2022-04-19,Yolo,113,214977,37427,36785,3068,39853,311
2022-04-19,Yuba,115,75493,15887,15868,1201,17069,121
2022-04-18,Alameda,001,1643700,260761,258734,14082,272816,1832
2022-04-18,Alpine,003,1148,124,124,1,125,0
2022-04-18,Amador,005,37829,8547,8494,650,9144,86
2022-04-18,Butte,007,227075,33308,33083,7024,40107,408
2022-04-18,Calaveras,009,45235,7291,7288,351,7639,119
2022-04-18,Colusa,011,21464,3457,3453,1047,4500,21
2022-04-18,Contra Costa,013,1133247,194169,190042,13621,203663,1299
2022-04-18,Del Norte,015,27424,5830,5814,184,5998,50
2022-04-18,El Dorado,017,186661,26868,26821,3206,30027,209
2022-04-18,Fresno,019,978130,232317,231568,24249,255817,2740
2022-04-18,Glenn,021,27897,5004,4988,1607,6595,48
2022-04-18,Humboldt,023,135768,17040,16976,2980,19956,145
2022-04-18,Imperial,025,180216,55440,55405,10584,65989,910
2022-04-18,Inyo,027,18085,4082,4075,491,4566,56
2022-04-18,Kern,029,883053,192164,191915,45847,237762,2262
2022-04-18,Kings,031,150075,51559,51571,3522,55093,445
2022-04-18,Lake,033,64148,10741,10711,889,11600,134
2022-04-18,Lassen,035,31185,8960,8951,876,9827,65
2022-04-18,Los Angeles,037,10098052,2730578,2721699,124338,2846037,31630
2022-04-18,Madera,039,155013,37294,37333,6028,43361,354
2022-04-18,Marin,041,260295,34194,33985,2609,36594,288
2022-04-18,Mariposa,043,17540,2427,2412,203,2615,30
2022-04-18,Mendocino,045,87422,13164,13128,3040,16168,122
2022-04-18,Merced,047,269075,62607,62322,8748,71070,813
2022-04-18,Modoc,049,8938,738,744,252,996,8
2022-04-18,Mono,051,14174,2987,2984,127,3111,6
2022-04-18,Monterey,053,433212,79695,79419,13847,93266,727
2022-04-18,Napa,055,140530,26096,26016,990,27006,143
2022-04-18,Nevada,057,99092,16054,16034,1211,17245,127
2022-04-18,Orange,059,3164182,549771,549136,41856,590992,6963
2022-04-18,Placer,061,380077,63135,62928,7376,70304,619
2022-04-18,Plumas,063,18699,2984,2932,365,3297,13
2022-04-18,Riverside,065,2383286,593244,592224,27912,620136,6447
2022-04-18,Sacramento,067,1510023,282363,279326,26649,305975,2987
2022-04-18,San Benito,069,59416,13011,12971,518,13489,98
2022-04-18,San Bernardino,071,2135413,576372,565405,25033,590438,6977
2022-04-18,San Diego,073,3302833,755835,757138,53293,810431,5231
2022-04-18,San Francisco,075,870044,128343,127594,8446,136040,854
2022-04-18,San Joaquin,077,732212,167300,166531,9978,176509,2222
2022-04-18,San Luis Obispo,079,281455,52817,52740,3788,56528,476
2022-04-18,San Mateo,081,765935,124366,123279,7158,130437,701
2022-04-18,Santa Barbara,083,443738,86471,86214,4740,90954,685
2022-04-18,Santa Clara,085,1922200,320421,316355,12590,328945,2274
2022-04-18,Santa Cruz,087,273765,48709,47997,2121,50118,261
2022-04-18,Shasta,089,179085,30611,30590,6100,36690,554
2022-04-18,Sierra,091,2930,274,276,48,324,4
2022-04-18,Siskiyou,093,43540,4440,4446,2729,7175,80
2022-04-18,Solano,095,438530,82119,81841,5624,87465,447
2022-04-18,Sonoma,097,501317,84680,84429,2749,87178,485
2022-04-18,Stanislaus,099,539301,117911,117540,17902,135442,1630
2022-04-18,Sutter,101,95872,20526,20632,2089,22721,224
2022-04-18,Tehama,103,63373,12057,12061,2576,14637,199
2022-04-18,Trinity,105,12862,1184,1178,287,1465,20
2022-04-18,Tulare,107,460477,106351,105974,27627,133601,1439
2022-04-18,Tuolumne,109,53932,12718,12648,566,13214,180
2022-04-18,Ventura,111,848112,174039,173904,9475,183379,1475
2022-04-18,Yolo,113,214977,37369,36785,3068,39853,311
2022-04-18,Yuba,115,75493,15878,15868,1200,17068,121
2022-04-17,Alameda,001,1643700,260368,257897,14056,271953,1829
2022-04-17,Alpine,003,1148,124,124,1,125,0
2022-04-17,Amador,005,37829,8542,8491,648,9139,86
2022-04-17,Butte,007,227075,33305,33053,7021,40074,405
2022-04-17,Calaveras,009,45235,7288,7275,350,7625,119
2022-04-17,Colusa,011,21464,3456,3450,1047,4497,21
2022-04-17,Contra Costa,013,1133247,193941,189742,13585,203327,1298
2022-04-17,Del Norte,015,27424,5826,5809,184,5993,50
2022-04-17,El Dorado,017,186661,26857,26796,3204,30000,209
2022-04-17,Fresno,019,978130,232240,231455,24243,255698,2739
2022-04-17,Glenn,021,27897,5004,4991,1607,6598,48
2022-04-17,Humboldt,023,135768,17005,16929,2974,19903,143
2022-04-17,Imperial,025,180216,55431,55371,10582,65953,910
2022-04-17,Inyo,027,18085,4080,4075,491,4566,56
2022-04-17,Kern,029,883053,192129,191866,45832,237698,2258
2022-04-17,Kings,031,150075,51548,51544,3520,55064,445
2022-04-17,Lake,033,64148,10740,10702,889,11591,134
2022-04-17,Lassen,035,31185,8960,8950,876,9826,65
2022-04-17,Los Angeles,037,10098052,2728581,2717479,124219,2841698,31598
2022-04-17,Madera,039,155013,37288,37362,6028,43390,354
2022-04-17,Marin,041,260295,34127,33829,2579,36408,288
2022-04-17,Mariposa,043,17540,2419,2406,203,2609,30
2022-04-17,Mendocino,045,87422,13149,13107,3036,16143,122
2022-04-17,Merced,047,269075,62587,62295,8742,71037,813
2022-04-17,Modoc,049,8938,738,743,252,995,8
2022-04-17,Mono,051,14174,2986,2977,127,3104,6
2022-04-17,Monterey,053,433212,79662,79311,13827,93138,727
2022-04-17,Napa,055,140530,26051,25929,984,26913,143
2022-04-17,Nevada,057,99092,16038,16014,1206,17220,123
2022-04-17,Orange,059,3164182,549408,548311,41805,590116,6945
2022-04-17,Placer,061,380077,63095,62882,7369,70251,618
2022-04-17,Plumas,063,18699,2984,2929,365,3294,13
2022-04-17,Riverside,065,2383286,593023,591772,27892,619664,6443
2022-04-17,Sacramento,067,1510023,282201,278523,26624,305147,2978
2022-04-17,San Benito,069,59416,13008,12926,517,13443,98
2022-04-17,San Bernardino,071,2135413,576134,564397,25019,589416,6948
2022-04-17,San Diego,073,3302833,755345,756165,53225,809390,5229
2022-04-17,San Francisco,075,870044,128025,126976,8430,135406,854
2022-04-17,San Joaquin,077,732212,167250,166645,9972,176617,2220
2022-04-17,San Luis Obispo,079,281455,52748,52698,3783,56481,476
2022-04-17,San Mateo,081,765935,124130,122652,7142,129794,699
2022-04-17,Santa Barbara,083,443738,86413,86030,4733,90763,684
2022-04-17,Santa Clara,085,1922200,319928,315296,12563,327859,2268
2022-04-17,Santa Cruz,087,273765,48587,47895,2119,50014,261
2022-04-17,Shasta,089,179085,30600,30578,6096,36674,554
2022-04-17,Sierra,091,2930,274,276,48,324,4
2022-04-17,Siskiyou,093,43540,4435,4444,2728,7172,80
2022-04-17,Solano,095,438530,82052,81781,5618,87399,447
2022-04-17,Sonoma,097,501317,84568,84172,2742,86914,485
2022-04-17,Stanislaus,099,539301,117881,117567,17895,135462,1619
2022-04-17,Sutter,101,95872,20521,20621,2088,22709,224
2022-04-17,Tehama,103,63373,12056,12061,2576,14637,199
2022-04-17,Trinity,105,12862,1183,1178,287,1465,20
2022-04-17,Tulare,107,460477,106337,105757,27618,133375,1428
2022-04-17,Tuolumne,109,53932,12712,12640,566,13206,180
2022-04-17,Ventura,111,848112,173942,173665,9456,183121,1474
2022-04-17,Yolo,113,214977,37320,36752,3066,39818,311
2022-04-17,Yuba,115,75493,15872,15857,1200,17057,121
2022-04-16,Alameda,001,1643700,260216,257897,14046,271943,1829
2022-04-16,Alpine,003,1148,124,124,1,125,0
2022-04-16,Amador,005,37829,8540,8491,648,9139,86
2022-04-16,Butte,007,227075,33301,33053,7019,40072,405
2022-04-16,Calaveras,009,45235,7286,7275,350,7625,119
2022-04-16,Colusa,011,21464,3456,3450,1047,4497,21
2022-04-16,Contra Costa,013,1133247,193850,189742,13579,203321,1298
2022-04-16,Del Norte,015,27424,5826,5809,184,5993,50
2022-04-16,El Dorado,017,186661,26846,26796,3204,30000,209
2022-04-16,Fresno,019,978130,232212,231455,24242,255697,2739
2022-04-16,Glenn,021,27897,5004,4991,1607,6598,48
2022-04-16,Humboldt,023,135768,16997,16929,2969,19898,143
2022-04-16,Imperial,025,180216,55425,55371,10581,65952,910
2022-04-16,Inyo,027,18085,4080,4075,491,4566,56
2022-04-16,Kern,029,883053,192118,191866,45820,237686,2258
2022-04-16,Kings,031,150075,51545,51544,3520,55064,445
2022-04-16,Lake,033,64148,10738,10702,889,11591,134
2022-04-16,Lassen,035,31185,8960,8950,876,9826,65
2022-04-16,Los Angeles,037,10098052,2727861,2717479,124168,2841647,31598
2022-04-16,Madera,039,155013,37286,37362,6028,43390,354
2022-04-16,Marin,041,260295,34089,33829,2553,36382,288
2022-04-16,Mariposa,043,17540,2418,2406,203,2609,30
2022-04-16,Mendocino,045,87422,13143,13107,3036,16143,122
2022-04-16,Merced,047,269075,62584,62295,8741,71036,813
2022-04-16,Modoc,049,8938,738,743,252,995,8
2022-04-16,Mono,051,14174,2986,2977,127,3104,6
2022-04-16,Monterey,053,433212,79647,79311,13818,93129,727
2022-04-16,Napa,055,140530,26028,25929,982,26911,143
2022-04-16,Nevada,057,99092,16035,16014,1203,17217,123
2022-04-16,Orange,059,3164182,549292,548311,41774,590085,6945
2022-04-16,Placer,061,380077,63078,62882,7367,70249,618
2022-04-16,Plumas,063,18699,2982,2929,365,3294,13
2022-04-16,Riverside,065,2383286,592943,591772,27886,619658,6443
2022-04-16,Sacramento,067,1510023,282150,278523,26620,305143,2978
2022-04-16,San Benito,069,59416,13007,12926,517,13443,98
2022-04-16,San Bernardino,071,2135413,576034,564397,25015,589412,6948
2022-04-16,San Diego,073,3302833,755198,756165,53211,809376,5229
2022-04-16,San Francisco,075,870044,127869,126976,8421,135397,854
2022-04-16,San Joaquin,077,732212,167210,166645,9968,176613,2220
2022-04-16,San Luis Obispo,079,281455,52742,52698,3782,56480,476
2022-04-16,San Mateo,081,765935,124034,122652,7135,129787,699
2022-04-16,Santa Barbara,083,443738,86383,86030,4733,90763,684
2022-04-16,Santa Clara,085,1922200,319687,315296,12555,327851,2268
2022-04-16,Santa Cruz,087,273765,48559,47895,2119,50014,261
2022-04-16,Shasta,089,179085,30596,30578,6096,36674,554
2022-04-16,Sierra,091,2930,274,276,48,324,4
2022-04-16,Siskiyou,093,43540,4435,4444,2728,7172,80
2022-04-16,Solano,095,438530,82037,81781,5616,87397,447
2022-04-16,Sonoma,097,501317,84519,84172,2733,86905,485
2022-04-16,Stanislaus,099,539301,117861,117567,17890,135457,1619
2022-04-16,Sutter,101,95872,20517,20621,2088,22709,224
2022-04-16,Tehama,103,63373,12055,12061,2576,14637,199
2022-04-16,Trinity,105,12862,1183,1178,287,1465,20
2022-04-16,Tulare,107,460477,106327,105757,27616,133373,1428
2022-04-16,Tuolumne,109,53932,12711,12640,566,13206,180
2022-04-16,Ventura,111,848112,173914,173665,9452,183117,1474
2022-04-16,Yolo,113,214977,37312,36752,3065,39817,311
2022-04-16,Yuba,115,75493,15868,15857,1200,17057,121
2022-04-15,Alameda,001,1643700,260034,257897,14038,271935,1829
2022-04-15,Alpine,003,1148,124,124,1,125,0
2022-04-15,Amador,005,37829,8539,8491,646,9137,86
2022-04-15,Butte,007,227075,33299,33053,7017,40070,405
2022-04-15,Calaveras,009,45235,7284,7275,350,7625,119
2022-04-15,Colusa,011,21464,3456,3450,1047,4497,21
2022-04-15,Contra Costa,013,1133247,193733,189742,13572,203314,1298
2022-04-15,Del Norte,015,27424,5825,5809,184,5993,50
2022-04-15,El Dorado,017,186661,26831,26796,3203,29999,209
2022-04-15,Fresno,019,978130,232183,231455,24241,255696,2739
2022-04-15,Glenn,021,27897,5003,4991,1607,6598,48
2022-04-15,Humboldt,023,135768,16985,16929,2968,19897,143
2022-04-15,Imperial,025,180216,55423,55371,10581,65952,910
2022-04-15,Inyo,027,18085,4080,4075,490,4565,56
2022-04-15,Kern,029,883053,192103,191866,45810,237676,2258
2022-04-15,Kings,031,150075,51541,51544,3520,55064,445
2022-04-15,Lake,033,64148,10733,10702,889,11591,134
2022-04-15,Lassen,035,31185,8960,8950,876,9826,65
2022-04-15,Los Angeles,037,10098052,2727083,2717479,124102,2841581,31598
2022-04-15,Madera,039,155013,37284,37362,6028,43390,354
2022-04-15,Marin,041,260295,34055,33829,2532,36361,288
2022-04-15,Mariposa,043,17540,2417,2406,203,2609,30
2022-04-15,Mendocino,045,87422,13137,13107,3034,16141,122
2022-04-15,Merced,047,269075,62580,62295,8741,71036,813
2022-04-15,Modoc,049,8938,738,743,252,995,8
2022-04-15,Mono,051,14174,2981,2977,126,3103,6
2022-04-15,Monterey,053,433212,79620,79311,13812,93123,727
2022-04-15,Napa,055,140530,26011,25929,981,26910,143
2022-04-15,Nevada,057,99092,16033,16014,1202,17216,123
2022-04-15,Orange,059,3164182,549171,548311,41742,590053,6945
2022-04-15,Placer,061,380077,63063,62882,7366,70248,618
2022-04-15,Plumas,063,18699,2982,2929,365,3294,13
2022-04-15,Riverside,065,2383286,592842,591772,27880,619652,6443
2022-04-15,Sacramento,067,1510023,282071,278523,26616,305139,2978
2022-04-15,San Benito,069,59416,13005,12926,516,13442,98
2022-04-15,San Bernardino,071,2135413,575953,564397,25012,589409,6948
2022-04-15,San Diego,073,3302833,755004,756165,53192,809357,5229
2022-04-15,San Francisco,075,870044,127720,126976,8405,135381,854
2022-04-15,San Joaquin,077,732212,167187,166645,9966,176611,2220
2022-04-15,San Luis Obispo,079,281455,52734,52698,3782,56480,476
2022-04-15,San Mateo,081,765935,123903,122652,7124,129776,699
2022-04-15,Santa Barbara,083,443738,86350,86030,4732,90762,684
2022-04-15,Santa Clara,085,1922200,319395,315296,12546,327842,2268
2022-04-15,Santa Cruz,087,273765,48531,47895,2118,50013,261
2022-04-15,Shasta,089,179085,30587,30578,6096,36674,554
2022-04-15,Sierra,091,2930,274,276,48,324,4
2022-04-15,Siskiyou,093,43540,4433,4444,2728,7172,80
2022-04-15,Solano,095,438530,82012,81781,5616,87397,447
2022-04-15,Sonoma,097,501317,84466,84172,2717,86889,485
2022-04-15,Stanislaus,099,539301,117841,117567,17888,135455,1619
2022-04-15,Sutter,101,95872,20514,20621,2088,22709,224
2022-04-15,Tehama,103,63373,12055,12061,2576,14637,199
2022-04-15,Trinity,105,12862,1183,1178,287,1465,20
2022-04-15,Tulare,107,460477,106321,105757,27609,133366,1428
2022-04-15,Tuolumne,109,53932,12708,12640,563,13203,180
2022-04-15,Ventura,111,848112,173885,173665,9446,183111,1474
2022-04-15,Yolo,113,214977,37295,36752,3065,39817,311
2022-04-15,Yuba,115,75493,15865,15857,1200,17057,121
2022-04-14,Alameda,001,1643700,259769,257897,14028,271925,1829
2022-04-14,Alpine,003,1148,124,124,1,125,0
2022-04-14,Amador,005,37829,8539,8491,646,9137,86
2022-04-14,Butte,007,227075,33294,33053,7014,40067,405
2022-04-14,Calaveras,009,45235,7283,7275,350,7625,119
2022-04-14,Colusa,011,21464,3456,3450,1047,4497,21
2022-04-14,Contra Costa,013,1133247,193577,189742,13560,203302,1298
2022-04-14,Del Norte,015,27424,5824,5809,184,5993,50
2022-04-14,El Dorado,017,186661,26828,26796,3201,29997,209
2022-04-14,Fresno,019,978130,232156,231455,24240,255695,2739
2022-04-14,Glenn,021,27897,5003,4991,1605,6596,48
2022-04-14,Humboldt,023,135768,16971,16929,2967,19896,143
2022-04-14,Imperial,025,180216,55413,55371,10581,65952,910
2022-04-14,Inyo,027,18085,4080,4075,489,4564,56
2022-04-14,Kern,029,883053,192084,191866,45802,237668,2258
2022-04-14,Kings,031,150075,51533,51544,3520,55064,445
2022-04-14,Lake,033,64148,10732,10702,889,11591,134
2022-04-14,Lassen,035,31185,8960,8950,875,9825,65
2022-04-14,Los Angeles,037,10098052,2725990,2717479,124012,2841491,31598
2022-04-14,Madera,039,155013,37282,37362,6028,43390,354
2022-04-14,Marin,041,260295,34022,33829,2504,36333,288
2022-04-14,Mariposa,043,17540,2416,2406,203,2609,30
2022-04-14,Mendocino,045,87422,13132,13107,3034,16141,122
2022-04-14,Merced,047,269075,62576,62295,8740,71035,813
2022-04-14,Modoc,049,8938,737,743,252,995,8
2022-04-14,Mono,051,14174,2981,2977,125,3102,6
2022-04-14,Monterey,053,433212,79595,79311,13807,93118,727
2022-04-14,Napa,055,140530,25989,25929,980,26909,143
2022-04-14,Nevada,057,99092,16026,16014,1201,17215,123
2022-04-14,Orange,059,3164182,548981,548311,41713,590024,6945
2022-04-14,Placer,061,380077,63045,62882,7361,70243,618
2022-04-14,Plumas,063,18699,2982,2929,365,3294,13
2022-04-14,Riverside,065,2383286,592721,591772,27870,619642,6443
2022-04-14,Sacramento,067,1510023,281952,278523,26602,305125,2978
2022-04-14,San Benito,069,59416,12999,12926,516,13442,98
2022-04-14,San Bernardino,071,2135413,575781,564397,25007,589404,6948
2022-04-14,San Diego,073,3302833,754726,756165,53154,809319,5229
2022-04-14,San Francisco,075,870044,127518,126976,8392,135368,854
2022-04-14,San Joaquin,077,732212,167155,166645,9965,176610,2220
2022-04-14,San Luis Obispo,079,281455,52718,52698,3778,56476,476
2022-04-14,San Mateo,081,765935,123748,122652,7106,129758,699
2022-04-14,Santa Barbara,083,443738,86305,86030,4730,90760,684
2022-04-14,Santa Clara,085,1922200,319094,315296,12537,327833,2268
2022-04-14,Santa Cruz,087,273765,48501,47895,2117,50012,261
2022-04-14,Shasta,089,179085,30585,30578,6095,36673,554
2022-04-14,Sierra,091,2930,274,276,48,324,4
2022-04-14,Siskiyou,093,43540,4433,4444,2727,7171,80
2022-04-14,Solano,095,438530,81972,81781,5610,87391,447
2022-04-14,Sonoma,097,501317,84375,84172,2712,86884,485
2022-04-14,Stanislaus,099,539301,117822,117567,17885,135452,1619
2022-04-14,Sutter,101,95872,20512,20621,2079,22700,224
2022-04-14,Tehama,103,63373,12054,12061,2575,14636,199
2022-04-14,Trinity,105,12862,1183,1178,287,1465,20
2022-04-14,Tulare,107,460477,106307,105757,27605,133362,1428
2022-04-14,Tuolumne,109,53932,12704,12640,562,13202,180
2022-04-14,Ventura,111,848112,173836,173665,9440,183105,1474
2022-04-14,Yolo,113,214977,37268,36752,3062,39814,311
2022-04-14,Yuba,115,75493,15862,15857,1200,17057,121
2022-04-13,Alameda,001,1643700,259518,257440,14008,271448,1833
2022-04-13,Alpine,003,1148,124,124,1,125,0
2022-04-13,Amador,005,37829,8537,8490,646,9136,86
2022-04-13,Butte,007,227075,33286,33044,7014,40058,402
2022-04-13,Calaveras,009,45235,7282,7270,350,7620,119
2022-04-13,Colusa,011,21464,3456,3451,1047,4498,21
2022-04-13,Contra Costa,013,1133247,193444,189471,13546,203017,1298
2022-04-13,Del Norte,015,27424,5822,5812,184,5996,50
2022-04-13,El Dorado,017,186661,26824,26794,3201,29995,208
2022-04-13,Fresno,019,978130,232123,231325,24228,255553,2738
2022-04-13,Glenn,021,27897,5001,4989,1605,6594,48
2022-04-13,Humboldt,023,135768,16957,16922,2966,19888,143
2022-04-13,Imperial,025,180216,55400,55353,10579,65932,910
2022-04-13,Inyo,027,18085,4080,4074,486,4560,56
2022-04-13,Kern,029,883053,192059,191859,45796,237655,2249
2022-04-13,Kings,031,150075,51527,51535,3520,55055,443
2022-04-13,Lake,033,64148,10730,10695,889,11584,134
2022-04-13,Lassen,035,31185,8959,8949,875,9824,65
2022-04-13,Los Angeles,037,10098052,2724722,2715722,123937,2839659,31578
2022-04-13,Madera,039,155013,37279,37361,6028,43389,354
2022-04-13,Marin,041,260295,33983,33747,2475,36222,288
2022-04-13,Mariposa,043,17540,2410,2402,203,2605,29
2022-04-13,Mendocino,045,87422,13123,13101,3032,16133,120
2022-04-13,Merced,047,269075,62566,62276,8739,71015,811
2022-04-13,Modoc,049,8938,737,743,252,995,8
2022-04-13,Mono,051,14174,2979,2971,125,3096,6
2022-04-13,Monterey,053,433212,79582,79179,13800,92979,727
2022-04-13,Napa,055,140530,25972,25892,977,26869,143
2022-04-13,Nevada,057,99092,16020,16002,1201,17203,123
2022-04-13,Orange,059,3164182,548786,547783,41689,589472,6935
2022-04-13,Placer,061,380077,63018,62851,7358,70209,615
2022-04-13,Plumas,063,18699,2981,2923,365,3288,13
2022-04-13,Riverside,065,2383286,592581,591659,27863,619522,6437
2022-04-13,Sacramento,067,1510023,281867,277866,26599,304465,2974
2022-04-13,San Benito,069,59416,12993,12927,516,13443,98
2022-04-13,San Bernardino,071,2135413,575636,563709,25002,588711,6905
2022-04-13,San Diego,073,3302833,754442,755584,53122,808706,5223
2022-04-13,San Francisco,075,870044,127350,126608,8372,134980,850
2022-04-13,San Joaquin,077,732212,167120,166654,9963,176617,2219
2022-04-13,San Luis Obispo,079,281455,52694,52660,3778,56438,476
2022-04-13,San Mateo,081,765935,123597,122167,7082,129249,699
2022-04-13,Santa Barbara,083,443738,86267,85938,4725,90663,684
2022-04-13,Santa Clara,085,1922200,318824,314863,12520,327383,2267
2022-04-13,Santa Cruz,087,273765,48447,47765,2116,49881,260
2022-04-13,Shasta,089,179085,30583,30569,6095,36664,551
2022-04-13,Sierra,091,2930,274,276,48,324,4
2022-04-13,Siskiyou,093,43540,4432,4444,2726,7170,80
2022-04-13,Solano,095,438530,81934,81843,5607,87450,448
2022-04-13,Sonoma,097,501317,84305,84033,2698,86731,485
2022-04-13,Stanislaus,099,539301,117804,117573,17880,135453,1577
2022-04-13,Sutter,101,95872,20508,20610,2079,22689,223
2022-04-13,Tehama,103,63373,12053,12062,2574,14636,200
2022-04-13,Trinity,105,12862,1183,1177,287,1464,20
2022-04-13,Tulare,107,460477,106300,105519,27600,133119,1426
2022-04-13,Tuolumne,109,53932,12698,12639,562,13201,180
2022-04-13,Ventura,111,848112,173779,173558,9434,182992,1474
2022-04-13,Yolo,113,214977,37229,36684,3060,39744,311
2022-04-13,Yuba,115,75493,15858,15851,1200,17051,121
2022-04-12,Alameda,001,1643700,259274,257440,13999,271439,1833
2022-04-12,Alpine,003,1148,124,124,1,125,0
2022-04-12,Amador,005,37829,8536,8490,646,9136,86
2022-04-12,Butte,007,227075,33274,33044,7008,40052,402
2022-04-12,Calaveras,009,45235,7278,7270,349,7619,119
2022-04-12,Colusa,011,21464,3456,3451,1047,4498,21
2022-04-12,Contra Costa,013,1133247,193290,189471,13532,203003,1298
2022-04-12,Del Norte,015,27424,5819,5812,184,5996,50
2022-04-12,El Dorado,017,186661,26812,26794,3201,29995,208
2022-04-12,Fresno,019,978130,232093,231325,24221,255546,2738
2022-04-12,Glenn,021,27897,5001,4989,1605,6594,48
2022-04-12,Humboldt,023,135768,16949,16922,2964,19886,143
2022-04-12,Imperial,025,180216,55396,55353,10570,65923,910
2022-04-12,Inyo,027,18085,4080,4074,486,4560,56
2022-04-12,Kern,029,883053,192039,191859,45787,237646,2249
2022-04-12,Kings,031,150075,51519,51535,3518,55053,443
2022-04-12,Lake,033,64148,10726,10695,888,11583,134
2022-04-12,Lassen,035,31185,8959,8949,875,9824,65
2022-04-12,Los Angeles,037,10098052,2723477,2715722,123835,2839557,31578
2022-04-12,Madera,039,155013,37278,37361,6028,43389,354
2022-04-12,Marin,041,260295,33938,33747,2448,36195,288
2022-04-12,Mariposa,043,17540,2410,2402,203,2605,29
2022-04-12,Mendocino,045,87422,13115,13101,3026,16127,120
2022-04-12,Merced,047,269075,62552,62276,8737,71013,811
2022-04-12,Modoc,049,8938,737,743,251,994,8
2022-04-12,Mono,051,14174,2979,2971,125,3096,6
2022-04-12,Monterey,053,433212,79558,79179,13793,92972,727
2022-04-12,Napa,055,140530,25949,25892,967,26859,143
2022-04-12,Nevada,057,99092,16017,16002,1200,17202,123
2022-04-12,Orange,059,3164182,548535,547783,41655,589438,6935
2022-04-12,Placer,061,380077,62995,62851,7352,70203,615
2022-04-12,Plumas,063,18699,2980,2923,365,3288,13
2022-04-12,Riverside,065,2383286,592438,591659,27843,619502,6437
2022-04-12,Sacramento,067,1510023,281752,277866,26596,304462,2974
2022-04-12,San Benito,069,59416,12988,12927,515,13442,98
2022-04-12,San Bernardino,071,2135413,575463,563709,24999,588708,6905
2022-04-12,San Diego,073,3302833,754109,755584,53080,808664,5223
2022-04-12,San Francisco,075,870044,127137,126608,8358,134966,850
2022-04-12,San Joaquin,077,732212,167090,166654,9961,176615,2219
2022-04-12,San Luis Obispo,079,281455,52660,52660,3772,56432,476
2022-04-12,San Mateo,081,765935,123440,122167,7060,129227,699
2022-04-12,Santa Barbara,083,443738,86221,85938,4721,90659,684
2022-04-12,Santa Clara,085,1922200,318532,314863,12509,327372,2267
2022-04-12,Santa Cruz,087,273765,48368,47765,2113,49878,260
2022-04-12,Shasta,089,179085,30583,30569,6094,36663,551
2022-04-12,Sierra,091,2930,274,276,48,324,4
2022-04-12,Siskiyou,093,43540,4432,4444,2724,7168,80
2022-04-12,Solano,095,438530,81894,81843,5605,87448,448
2022-04-12,Sonoma,097,501317,84246,84033,2692,86725,485
2022-04-12,Stanislaus,099,539301,117784,117573,17876,135449,1577
2022-04-12,Sutter,101,95872,20505,20610,2079,22689,223
2022-04-12,Tehama,103,63373,12051,12062,2574,14636,200
2022-04-12,Trinity,105,12862,1183,1177,287,1464,20
2022-04-12,Tulare,107,460477,106285,105519,27595,133114,1426
2022-04-12,Tuolumne,109,53932,12696,12639,560,13199,180
2022-04-12,Ventura,111,848112,173731,173558,9428,182986,1474
2022-04-12,Yolo,113,214977,37189,36684,3054,39738,311
2022-04-12,Yuba,115,75493,15853,15851,1200,17051,121
2022-04-11,Alameda,001,1643700,258982,256649,13983,270632,1826
2022-04-11,Alpine,003,1148,124,124,1,125,0
2022-04-11,Amador,005,37829,8535,8489,646,9135,86
2022-04-11,Butte,007,227075,33261,33031,7004,40035,399
2022-04-11,Calaveras,009,45235,7275,7260,349,7609,119
2022-04-11,Colusa,011,21464,3454,3449,1047,4496,21
2022-04-11,Contra Costa,013,1133247,193123,189154,13515,202669,1296
2022-04-11,Del Norte,015,27424,5818,5811,184,5995,50
2022-04-11,El Dorado,017,186661,26799,26757,3200,29957,207
2022-04-11,Fresno,019,978130,232071,231090,24220,255310,2731
2022-04-11,Glenn,021,27897,5000,4988,1604,6592,47
2022-04-11,Humboldt,023,135768,16934,16913,2962,19875,141
2022-04-11,Imperial,025,180216,55391,55267,10568,65835,910
2022-04-11,Inyo,027,18085,4080,4071,486,4557,56
2022-04-11,Kern,029,883053,192014,191542,45785,237327,2244
2022-04-11,Kings,031,150075,51515,51519,3518,55037,443
2022-04-11,Lake,033,64148,10725,10690,887,11577,134
2022-04-11,Lassen,035,31185,8959,8948,875,9823,65
2022-04-11,Los Angeles,037,10098052,2722217,2709735,123763,2833498,31509
2022-04-11,Madera,039,155013,37271,37356,6028,43384,354
2022-04-11,Marin,041,260295,33882,33648,2429,36077,288
2022-04-11,Mariposa,043,17540,2409,2394,203,2597,29
2022-04-11,Mendocino,045,87422,13111,13087,3024,16111,120
2022-04-11,Merced,047,269075,62542,62231,8735,70966,811
2022-04-11,Modoc,049,8938,737,743,251,994,8
2022-04-11,Mono,051,14174,2978,2967,124,3091,6
2022-04-11,Monterey,053,433212,79538,79103,13784,92887,727
2022-04-11,Napa,055,140530,25932,25824,965,26789,144
2022-04-11,Nevada,057,99092,16013,15976,1200,17176,123
2022-04-11,Orange,059,3164182,548329,546983,41621,588604,6912
2022-04-11,Placer,061,380077,62973,62831,7351,70182,616
2022-04-11,Plumas,063,18699,2978,2887,365,3252,13
2022-04-11,Riverside,065,2383286,592311,591268,27826,619094,6429
2022-04-11,Sacramento,067,1510023,281652,277125,26592,303717,2972
2022-04-11,San Benito,069,59416,12987,12917,515,13432,98
2022-04-11,San Bernardino,071,2135413,575313,562571,24990,587561,6892
2022-04-11,San Diego,073,3302833,753783,754281,53040,807321,5210
2022-04-11,San Francisco,075,870044,126906,125963,8346,134309,844
2022-04-11,San Joaquin,077,732212,167052,166547,9955,176502,2212
2022-04-11,San Luis Obispo,079,281455,52637,52609,3771,56380,476
2022-04-11,San Mateo,081,765935,123254,121514,7046,128560,698
2022-04-11,Santa Barbara,083,443738,86172,85754,4716,90470,680
2022-04-11,Santa Clara,085,1922200,318188,313965,12494,326459,2266
2022-04-11,Santa Cruz,087,273765,48273,47624,2110,49734,259
2022-04-11,Shasta,089,179085,30578,30586,6093,36679,549
2022-04-11,Sierra,091,2930,274,272,48,320,4
2022-04-11,Siskiyou,093,43540,4432,4444,2722,7166,80
2022-04-11,Solano,095,438530,81866,81886,5604,87490,448
2022-04-11,Sonoma,097,501317,84178,83600,2680,86280,485
2022-04-11,Stanislaus,099,539301,117750,117528,17868,135396,1578
2022-04-11,Sutter,101,95872,20502,20591,2079,22670,223
2022-04-11,Tehama,103,63373,12050,12059,2573,14632,201
2022-04-11,Trinity,105,12862,1183,1177,287,1464,20
2022-04-11,Tulare,107,460477,106274,105278,27587,132865,1415
2022-04-11,Tuolumne,109,53932,12693,12632,560,13192,180
2022-04-11,Ventura,111,848112,173672,173343,9427,182770,1467
2022-04-11,Yolo,113,214977,37152,36587,3052,39639,312
2022-04-11,Yuba,115,75493,15850,15848,1199,17047,121
2022-04-10,Alameda,001,1643700,258648,256649,13972,270621,1826
2022-04-10,Alpine,003,1148,124,124,1,125,0
2022-04-10,Amador,005,37829,8533,8489,646,9135,86
2022-04-10,Butte,007,227075,33257,33031,7000,40031,399
2022-04-10,Calaveras,009,45235,7272,7260,349,7609,119
2022-04-10,Colusa,011,21464,3453,3449,1047,4496,21
2022-04-10,Contra Costa,013,1133247,192963,189154,13495,202649,1296
2022-04-10,Del Norte,015,27424,5815,5811,184,5995,50
2022-04-10,El Dorado,017,186661,26792,26757,3198,29955,207
2022-04-10,Fresno,019,978130,232033,231090,24218,255308,2731
2022-04-10,Glenn,021,27897,5000,4988,1604,6592,47
2022-04-10,Humboldt,023,135768,16924,16913,2960,19873,141
2022-04-10,Imperial,025,180216,55387,55267,10566,65833,910
2022-04-10,Inyo,027,18085,4080,4071,484,4555,56
2022-04-10,Kern,029,883053,191996,191542,45780,237322,2244
2022-04-10,Kings,031,150075,51513,51519,3518,55037,443
2022-04-10,Lake,033,64148,10721,10690,885,11575,134
2022-04-10,Lassen,035,31185,8958,8948,875,9823,65
2022-04-10,Los Angeles,037,10098052,2720884,2709735,123675,2833410,31509
2022-04-10,Madera,039,155013,37266,37356,6027,43383,354
2022-04-10,Marin,041,260295,33842,33648,2400,36048,288
2022-04-10,Mariposa,043,17540,2407,2394,203,2597,29
2022-04-10,Mendocino,045,87422,13103,13087,3023,16110,120
2022-04-10,Merced,047,269075,62531,62231,8733,70964,811
2022-04-10,Modoc,049,8938,737,743,251,994,8
2022-04-10,Mono,051,14174,2975,2967,124,3091,6
2022-04-10,Monterey,053,433212,79522,79103,13774,92877,727
2022-04-10,Napa,055,140530,25910,25824,963,26787,144
2022-04-10,Nevada,057,99092,15996,15976,1200,17176,123
2022-04-10,Orange,059,3164182,548079,546983,41582,588565,6912
2022-04-10,Placer,061,380077,62939,62831,7350,70181,616
2022-04-10,Plumas,063,18699,2976,2887,365,3252,13
2022-04-10,Riverside,065,2383286,592160,591268,27813,619081,6429
2022-04-10,Sacramento,067,1510023,281554,277125,26582,303707,2972
2022-04-10,San Benito,069,59416,12983,12917,515,13432,98
2022-04-10,San Bernardino,071,2135413,575081,562571,24981,587552,6892
2022-04-10,San Diego,073,3302833,753455,754281,52992,807273,5210
2022-04-10,San Francisco,075,870044,126666,125963,8330,134293,844
2022-04-10,San Joaquin,077,732212,167005,166547,9948,176495,2212
2022-04-10,San Luis Obispo,079,281455,52603,52609,3768,56377,476
2022-04-10,San Mateo,081,765935,123087,121514,7030,128544,698
2022-04-10,Santa Barbara,083,443738,86088,85754,4706,90460,680
2022-04-10,Santa Clara,085,1922200,317859,313965,12480,326445,2266
2022-04-10,Santa Cruz,087,273765,48184,47624,2109,49733,259
2022-04-10,Shasta,089,179085,30571,30586,6093,36679,549
2022-04-10,Sierra,091,2930,274,272,48,320,4
2022-04-10,Siskiyou,093,43540,4432,4444,2721,7165,80
2022-04-10,Solano,095,438530,81819,81886,5599,87485,448
2022-04-10,Sonoma,097,501317,84077,83600,2673,86273,485
2022-04-10,Stanislaus,099,539301,117727,117528,17861,135389,1578
2022-04-10,Sutter,101,95872,20498,20591,2075,22666,223
2022-04-10,Tehama,103,63373,12048,12059,2573,14632,201
2022-04-10,Trinity,105,12862,1183,1177,287,1464,20
2022-04-10,Tulare,107,460477,106260,105278,27580,132858,1415
2022-04-10,Tuolumne,109,53932,12686,12632,560,13192,180
2022-04-10,Ventura,111,848112,173593,173343,9422,182765,1467
2022-04-10,Yolo,113,214977,37122,36587,3047,39634,312
2022-04-10,Yuba,115,75493,15849,15848,1199,17047,121
2022-04-09,Alameda,001,1643700,258472,256649,13967,270616,1826
2022-04-09,Alpine,003,1148,124,124,1,125,0
2022-04-09,Amador,005,37829,8533,8489,645,9134,86
2022-04-09,Butte,007,227075,33254,33031,7000,40031,399
2022-04-09,Calaveras,009,45235,7271,7260,349,7609,119
2022-04-09,Colusa,011,21464,3452,3449,1047,4496,21
2022-04-09,Contra Costa,013,1133247,192867,189154,13488,202642,1296
2022-04-09,Del Norte,015,27424,5814,5811,184,5995,50
2022-04-09,El Dorado,017,186661,26785,26757,3198,29955,207
2022-04-09,Fresno,019,978130,232012,231090,24218,255308,2731
2022-04-09,Glenn,021,27897,5000,4988,1604,6592,47
2022-04-09,Humboldt,023,135768,16917,16913,2960,19873,141
2022-04-09,Imperial,025,180216,55382,55267,10566,65833,910
2022-04-09,Inyo,027,18085,4080,4071,484,4555,56
2022-04-09,Kern,029,883053,191987,191542,45775,237317,2244
2022-04-09,Kings,031,150075,51507,51519,3518,55037,443
2022-04-09,Lake,033,64148,10719,10690,885,11575,134
2022-04-09,Lassen,035,31185,8958,8948,875,9823,65
2022-04-09,Los Angeles,037,10098052,2720197,2709735,123602,2833337,31509
2022-04-09,Madera,039,155013,37263,37356,6027,43383,354
2022-04-09,Marin,041,260295,33809,33648,2357,36005,288
2022-04-09,Mariposa,043,17540,2407,2394,203,2597,29
2022-04-09,Mendocino,045,87422,13101,13087,3023,16110,120
2022-04-09,Merced,047,269075,62519,62231,8731,70962,811
2022-04-09,Modoc,049,8938,737,743,251,994,8
2022-04-09,Mono,051,14174,2974,2967,123,3090,6
2022-04-09,Monterey,053,433212,79513,79103,13770,92873,727
2022-04-09,Napa,055,140530,25885,25824,963,26787,144
2022-04-09,Nevada,057,99092,15993,15976,1200,17176,123
2022-04-09,Orange,059,3164182,547958,546983,41561,588544,6912
2022-04-09,Placer,061,380077,62924,62831,7348,70179,616
2022-04-09,Plumas,063,18699,2976,2887,365,3252,13
2022-04-09,Riverside,065,2383286,592070,591268,27803,619071,6429
2022-04-09,Sacramento,067,1510023,281507,277125,26580,303705,2972
2022-04-09,San Benito,069,59416,12982,12917,514,13431,98
2022-04-09,San Bernardino,071,2135413,575015,562571,24978,587549,6892
2022-04-09,San Diego,073,3302833,753307,754281,52978,807259,5210
2022-04-09,San Francisco,075,870044,126542,125963,8322,134285,844
2022-04-09,San Joaquin,077,732212,166989,166547,9945,176492,2212
2022-04-09,San Luis Obispo,079,281455,52603,52609,3765,56374,476
2022-04-09,San Mateo,081,765935,122997,121514,7023,128537,698
2022-04-09,Santa Barbara,083,443738,86055,85754,4706,90460,680
2022-04-09,Santa Clara,085,1922200,317663,313965,12477,326442,2266
2022-04-09,Santa Cruz,087,273765,48151,47624,2107,49731,259
2022-04-09,Shasta,089,179085,30569,30586,6093,36679,549
2022-04-09,Sierra,091,2930,274,272,48,320,4
2022-04-09,Siskiyou,093,43540,4431,4444,2720,7164,80
2022-04-09,Solano,095,438530,81801,81886,5597,87483,448
2022-04-09,Sonoma,097,501317,84038,83600,2669,86269,485
2022-04-09,Stanislaus,099,539301,117714,117528,17859,135387,1578
2022-04-09,Sutter,101,95872,20498,20591,2075,22666,223
2022-04-09,Tehama,103,63373,12048,12059,2573,14632,201
2022-04-09,Trinity,105,12862,1183,1177,287,1464,20
2022-04-09,Tulare,107,460477,106257,105278,27578,132856,1415
2022-04-09,Tuolumne,109,53932,12684,12632,560,13192,180
2022-04-09,Ventura,111,848112,173556,173343,9419,182762,1467
2022-04-09,Yolo,113,214977,37103,36587,3047,39634,312
2022-04-09,Yuba,115,75493,15848,15848,1199,17047,121
2022-04-08,Alameda,001,1643700,258314,256649,13961,270610,1826
2022-04-08,Alpine,003,1148,124,124,1,125,0
2022-04-08,Amador,005,37829,8531,8489,644,9133,86
2022-04-08,Butte,007,227075,33248,33031,6997,40028,399
2022-04-08,Calaveras,009,45235,7269,7260,349,7609,119
2022-04-08,Colusa,011,21464,3452,3449,1047,4496,21
2022-04-08,Contra Costa,013,1133247,192789,189154,13475,202629,1296
2022-04-08,Del Norte,015,27424,5812,5811,184,5995,50
2022-04-08,El Dorado,017,186661,26783,26757,3198,29955,207
2022-04-08,Fresno,019,978130,231992,231090,24216,255306,2731
2022-04-08,Glenn,021,27897,5000,4988,1604,6592,47
2022-04-08,Humboldt,023,135768,16913,16913,2958,19871,141
2022-04-08,Imperial,025,180216,55378,55267,10566,65833,910
2022-04-08,Inyo,027,18085,4078,4071,483,4554,56
2022-04-08,Kern,029,883053,191968,191542,45774,237316,2244
2022-04-08,Kings,031,150075,51502,51519,3518,55037,443
2022-04-08,Lake,033,64148,10719,10690,885,11575,134
2022-04-08,Lassen,035,31185,8958,8948,875,9823,65
2022-04-08,Los Angeles,037,10098052,2719566,2709735,123544,2833279,31509
2022-04-08,Madera,039,155013,37261,37356,6026,43382,354
2022-04-08,Marin,041,260295,33789,33648,2341,35989,288
2022-04-08,Mariposa,043,17540,2407,2394,202,2596,29
2022-04-08,Mendocino,045,87422,13099,13087,3023,16110,120
2022-04-08,Merced,047,269075,62514,62231,8728,70959,811
2022-04-08,Modoc,049,8938,737,743,251,994,8
2022-04-08,Mono,051,14174,2972,2967,123,3090,6
2022-04-08,Monterey,053,433212,79503,79103,13769,92872,727
2022-04-08,Napa,055,140530,25873,25824,955,26779,144
2022-04-08,Nevada,057,99092,15990,15976,1200,17176,123
2022-04-08,Orange,059,3164182,547840,546983,41547,588530,6912
2022-04-08,Placer,061,380077,62906,62831,7346,70177,616
2022-04-08,Plumas,063,18699,2973,2887,365,3252,13
2022-04-08,Riverside,065,2383286,591994,591268,27800,619068,6429
2022-04-08,Sacramento,067,1510023,281460,277125,26579,303704,2972
2022-04-08,San Benito,069,59416,12982,12917,514,13431,98
2022-04-08,San Bernardino,071,2135413,574962,562571,24975,587546,6892
2022-04-08,San Diego,073,3302833,753139,754281,52967,807248,5210
2022-04-08,San Francisco,075,870044,126446,125963,8317,134280,844
2022-04-08,San Joaquin,077,732212,166972,166547,9943,176490,2212
2022-04-08,San Luis Obispo,079,281455,52599,52609,3765,56374,476
2022-04-08,San Mateo,081,765935,122891,121514,7018,128532,698
2022-04-08,Santa Barbara,083,443738,86034,85754,4706,90460,680
2022-04-08,Santa Clara,085,1922200,317477,313965,12470,326435,2266
2022-04-08,Santa Cruz,087,273765,48134,47624,2104,49728,259
2022-04-08,Shasta,089,179085,30566,30586,6093,36679,549
2022-04-08,Sierra,091,2930,274,272,48,320,4
2022-04-08,Siskiyou,093,43540,4431,4444,2720,7164,80
2022-04-08,Solano,095,438530,81781,81886,5596,87482,448
2022-04-08,Sonoma,097,501317,83987,83600,2665,86265,485
2022-04-08,Stanislaus,099,539301,117699,117528,17857,135385,1578
2022-04-08,Sutter,101,95872,20498,20591,2075,22666,223
2022-04-08,Tehama,103,63373,12048,12059,2573,14632,201
2022-04-08,Trinity,105,12862,1183,1177,287,1464,20
2022-04-08,Tulare,107,460477,106252,105278,27574,132852,1415
2022-04-08,Tuolumne,109,53932,12683,12632,559,13191,180
2022-04-08,Ventura,111,848112,173527,173343,9417,182760,1467
2022-04-08,Yolo,113,214977,37094,36587,3046,39633,312
2022-04-08,Yuba,115,75493,15847,15848,1199,17047,121
2022-04-07,Alameda,001,1643700,258119,256649,13953,270602,1826
2022-04-07,Alpine,003,1148,124,124,1,125,0
2022-04-07,Amador,005,37829,8530,8489,641,9130,86
2022-04-07,Butte,007,227075,33244,33031,6995,40026,399
2022-04-07,Calaveras,009,45235,7267,7260,349,7609,119
2022-04-07,Colusa,011,21464,3451,3449,1047,4496,21
2022-04-07,Contra Costa,013,1133247,192670,189154,13463,202617,1296
2022-04-07,Del Norte,015,27424,5811,5811,184,5995,50
2022-04-07,El Dorado,017,186661,26771,26757,3196,29953,207
2022-04-07,Fresno,019,978130,231966,231090,24215,255305,2731
2022-04-07,Glenn,021,27897,4999,4988,1603,6591,47
2022-04-07,Humboldt,023,135768,16906,16913,2956,19869,141
2022-04-07,Imperial,025,180216,55376,55267,10564,65831,910
2022-04-07,Inyo,027,18085,4078,4071,483,4554,56
2022-04-07,Kern,029,883053,191944,191542,45771,237313,2244
2022-04-07,Kings,031,150075,51494,51519,3518,55037,443
2022-04-07,Lake,033,64148,10715,10690,885,11575,134
2022-04-07,Lassen,035,31185,8958,8948,875,9823,65
2022-04-07,Los Angeles,037,10098052,2718653,2709735,123469,2833204,31509
2022-04-07,Madera,039,155013,37257,37356,6026,43382,354
2022-04-07,Marin,041,260295,33770,33648,2322,35970,288
2022-04-07,Mariposa,043,17540,2404,2394,201,2595,29
2022-04-07,Mendocino,045,87422,13095,13087,3022,16109,120
2022-04-07,Merced,047,269075,62504,62231,8723,70954,811
2022-04-07,Modoc,049,8938,737,743,251,994,8
2022-04-07,Mono,051,14174,2971,2967,123,3090,6
2022-04-07,Monterey,053,433212,79481,79103,13765,92868,727
2022-04-07,Napa,055,140530,25857,25824,951,26775,144
2022-04-07,Nevada,057,99092,15982,15976,1199,17175,123
2022-04-07,Orange,059,3164182,547684,546983,41517,588500,6912
2022-04-07,Placer,061,380077,62889,62831,7343,70174,616
2022-04-07,Plumas,063,18699,2973,2887,365,3252,13
2022-04-07,Riverside,065,2383286,591892,591268,27786,619054,6429
2022-04-07,Sacramento,067,1510023,281395,277125,26572,303697,2972
2022-04-07,San Benito,069,59416,12981,12917,514,13431,98
2022-04-07,San Bernardino,071,2135413,574802,562571,24962,587533,6892
2022-04-07,San Diego,073,3302833,752871,754281,52935,807216,5210
2022-04-07,San Francisco,075,870044,126289,125963,8302,134265,844
2022-04-07,San Joaquin,077,732212,166932,166547,9940,176487,2212
2022-04-07,San Luis Obispo,079,281455,52581,52609,3763,56372,476
2022-04-07,San Mateo,081,765935,122769,121514,7001,128515,698
2022-04-07,Santa Barbara,083,443738,85990,85754,4704,90458,680
2022-04-07,Santa Clara,085,1922200,317254,313965,12458,326423,2266
2022-04-07,Santa Cruz,087,273765,48115,47624,2100,49724,259
2022-04-07,Shasta,089,179085,30564,30586,6093,36679,549
2022-04-07,Sierra,091,2930,274,272,48,320,4
2022-04-07,Siskiyou,093,43540,4431,4444,2719,7163,80
2022-04-07,Solano,095,438530,81751,81886,5596,87482,448
2022-04-07,Sonoma,097,501317,83944,83600,2659,86259,485
2022-04-07,Stanislaus,099,539301,117677,117528,17854,135382,1578
2022-04-07,Sutter,101,95872,20494,20591,2074,22665,223
2022-04-07,Tehama,103,63373,12047,12059,2573,14632,201
2022-04-07,Trinity,105,12862,1183,1177,287,1464,20
2022-04-07,Tulare,107,460477,106246,105278,27573,132851,1415
2022-04-07,Tuolumne,109,53932,12681,12632,558,13190,180
2022-04-07,Ventura,111,848112,173498,173343,9415,182758,1467
2022-04-07,Yolo,113,214977,37076,36587,3046,39633,312
2022-04-07,Yuba,115,75493,15845,15848,1199,17047,121
2022-04-06,Alameda,001,1643700,257933,256143,13945,270088,1814
2022-04-06,Alpine,003,1148,124,124,1,125,0
2022-04-06,Amador,005,37829,8529,8488,641,9129,86
2022-04-06,Butte,007,227075,33239,32997,6993,39990,396
2022-04-06,Calaveras,009,45235,7265,7258,349,7607,120
2022-04-06,Colusa,011,21464,3451,3447,1047,4494,21
2022-04-06,Contra Costa,013,1133247,192604,188850,13447,202297,1296
2022-04-06,Del Norte,015,27424,5811,5809,184,5993,50
2022-04-06,El Dorado,017,186661,26768,26744,3196,29940,205
2022-04-06,Fresno,019,978130,231931,230942,24211,255153,2725
2022-04-06,Glenn,021,27897,4999,4986,1602,6588,47
2022-04-06,Humboldt,023,135768,16902,16904,2955,19859,140
2022-04-06,Imperial,025,180216,55370,55294,10564,65858,908
2022-04-06,Inyo,027,18085,4077,4068,481,4549,56
2022-04-06,Kern,029,883053,191922,191449,45769,237218,2234
2022-04-06,Kings,031,150075,51493,51491,3517,55008,443
2022-04-06,Lake,033,64148,10711,10679,885,11564,136
2022-04-06,Lassen,035,31185,8958,8945,875,9820,65
2022-04-06,Los Angeles,037,10098052,2717603,2707306,123399,2830705,31465
2022-04-06,Madera,039,155013,37253,37349,6026,43375,354
2022-04-06,Marin,041,260295,33750,33566,2314,35880,288
2022-04-06,Mariposa,043,17540,2403,2392,201,2593,29
2022-04-06,Mendocino,045,87422,13091,13074,3021,16095,119
2022-04-06,Merced,047,269075,62496,62195,8719,70914,810
2022-04-06,Modoc,049,8938,737,741,251,992,8
2022-04-06,Mono,051,14174,2970,2967,123,3090,6
2022-04-06,Monterey,053,433212,79468,79019,13757,92776,727
2022-04-06,Napa,055,140530,25838,25790,947,26737,143
2022-04-06,Nevada,057,99092,15980,15974,1199,17173,123
2022-04-06,Orange,059,3164182,547516,546491,41494,587985,6887
2022-04-06,Placer,061,380077,62883,62787,7342,70129,615
2022-04-06,Plumas,063,18699,2973,2850,365,3215,13
2022-04-06,Riverside,065,2383286,591795,590826,27781,618607,6424
2022-04-06,Sacramento,067,1510023,281317,276567,26568,303135,2953
2022-04-06,San Benito,069,59416,12980,12908,514,13422,98
2022-04-06,San Bernardino,071,2135413,574671,561648,24960,586608,6883
2022-04-06,San Diego,073,3302833,752575,753402,52896,806298,5192
2022-04-06,San Francisco,075,870044,126130,125536,8296,133832,843
2022-04-06,San Joaquin,077,732212,166899,166415,9937,176352,2207
2022-04-06,San Luis Obispo,079,281455,52559,52557,3761,56318,475
2022-04-06,San Mateo,081,765935,122661,121041,6989,128030,693
2022-04-06,Santa Barbara,083,443738,85950,85630,4700,90330,679
2022-04-06,Santa Clara,085,1922200,317057,313278,12438,325716,2265
2022-04-06,Santa Cruz,087,273765,48061,47446,2095,49541,259
2022-04-06,Shasta,089,179085,30563,30565,6093,36658,529
2022-04-06,Sierra,091,2930,274,272,48,320,4
2022-04-06,Siskiyou,093,43540,4431,4442,2719,7161,80
2022-04-06,Solano,095,438530,81716,81789,5591,87380,447
2022-04-06,Sonoma,097,501317,83880,83361,2654,86015,485
2022-04-06,Stanislaus,099,539301,117661,117534,17848,135382,1578
2022-04-06,Sutter,101,95872,20489,20581,2074,22655,222
2022-04-06,Tehama,103,63373,12045,12049,2573,14622,198
2022-04-06,Trinity,105,12862,1183,1173,287,1460,20
2022-04-06,Tulare,107,460477,106239,104826,27568,132394,1414
2022-04-06,Tuolumne,109,53932,12679,12621,558,13179,180
2022-04-06,Ventura,111,848112,173445,173179,9409,182588,1460
2022-04-06,Yolo,113,214977,37051,36393,3045,39438,314
2022-04-06,Yuba,115,75493,15840,15839,1199,17038,121
2022-04-05,Alameda,001,1643700,257720,256143,13935,270078,1814
2022-04-05,Alpine,003,1148,124,124,1,125,0
2022-04-05,Amador,005,37829,8527,8488,641,9129,86
2022-04-05,Butte,007,227075,33234,32997,6990,39987,396
2022-04-05,Calaveras,009,45235,7261,7258,349,7607,120
2022-04-05,Colusa,011,21464,3449,3447,1046,4493,21
2022-04-05,Contra Costa,013,1133247,192511,188850,13440,202290,1296
2022-04-05,Del Norte,015,27424,5809,5809,184,5993,50
2022-04-05,El Dorado,017,186661,26756,26744,3196,29940,205
2022-04-05,Fresno,019,978130,231895,230942,24203,255145,2725
2022-04-05,Glenn,021,27897,4999,4986,1601,6587,47
2022-04-05,Humboldt,023,135768,16896,16904,2955,19859,140
2022-04-05,Imperial,025,180216,55368,55294,10564,65858,908
2022-04-05,Inyo,027,18085,4076,4068,480,4548,56
2022-04-05,Kern,029,883053,191902,191449,45766,237215,2234
2022-04-05,Kings,031,150075,51490,51491,3517,55008,443
2022-04-05,Lake,033,64148,10708,10679,885,11564,136
2022-04-05,Lassen,035,31185,8958,8945,874,9819,65
2022-04-05,Los Angeles,037,10098052,2716545,2707306,123325,2830631,31465
2022-04-05,Madera,039,155013,37246,37349,6024,43373,354
2022-04-05,Marin,041,260295,33695,33566,2299,35865,288
2022-04-05,Mariposa,043,17540,2403,2392,201,2593,29
2022-04-05,Mendocino,045,87422,13085,13074,3020,16094,119
2022-04-05,Merced,047,269075,62484,62195,8714,70909,810
2022-04-05,Modoc,049,8938,737,741,251,992,8
2022-04-05,Mono,051,14174,2969,2967,123,3090,6
2022-04-05,Monterey,053,433212,79445,79019,13746,92765,727
2022-04-05,Napa,055,140530,25829,25790,942,26732,143
2022-04-05,Nevada,057,99092,15972,15974,1199,17173,123
2022-04-05,Orange,059,3164182,547335,546491,41465,587956,6887
2022-04-05,Placer,061,380077,62857,62787,7342,70129,615
2022-04-05,Plumas,063,18699,2973,2850,365,3215,13
2022-04-05,Riverside,065,2383286,591674,590826,27769,618595,6424
2022-04-05,Sacramento,067,1510023,281237,276567,26563,303130,2953
2022-04-05,San Benito,069,59416,12973,12908,514,13422,98
2022-04-05,San Bernardino,071,2135413,574540,561648,24950,586598,6883
2022-04-05,San Diego,073,3302833,752267,753402,52852,806254,5192
2022-04-05,San Francisco,075,870044,125927,125536,8288,133824,843
2022-04-05,San Joaquin,077,732212,166857,166415,9935,176350,2207
2022-04-05,San Luis Obispo,079,281455,52542,52557,3756,56313,475
2022-04-05,San Mateo,081,765935,122545,121041,6978,128019,693
2022-04-05,Santa Barbara,083,443738,85914,85630,4699,90329,679
2022-04-05,Santa Clara,085,1922200,316797,313278,12425,325703,2265
2022-04-05,Santa Cruz,087,273765,47994,47446,2092,49538,259
2022-04-05,Shasta,089,179085,30563,30565,6091,36656,529
2022-04-05,Sierra,091,2930,274,272,48,320,4
2022-04-05,Siskiyou,093,43540,4431,4442,2719,7161,80
2022-04-05,Solano,095,438530,81663,81789,5588,87377,447
2022-04-05,Sonoma,097,501317,83816,83361,2645,86006,485
2022-04-05,Stanislaus,099,539301,117647,117534,17839,135373,1578
2022-04-05,Sutter,101,95872,20485,20581,2073,22654,222
2022-04-05,Tehama,103,63373,12043,12049,2572,14621,198
2022-04-05,Trinity,105,12862,1183,1173,287,1460,20
2022-04-05,Tulare,107,460477,106229,104826,27565,132391,1414
2022-04-05,Tuolumne,109,53932,12678,12621,558,13179,180
2022-04-05,Ventura,111,848112,173389,173179,9402,182581,1460
2022-04-05,Yolo,113,214977,37036,36393,3042,39435,314
2022-04-05,Yuba,115,75493,15838,15839,1199,17038,121
2022-04-04,Alameda,001,1643700,257490,256143,13921,270064,1814
2022-04-04,Alpine,003,1148,124,124,1,125,0
2022-04-04,Amador,005,37829,8526,8488,640,9128,86
2022-04-04,Butte,007,227075,33228,32997,6987,39984,396
2022-04-04,Calaveras,009,45235,7261,7258,349,7607,120
2022-04-04,Colusa,011,21464,3448,3447,1046,4493,21
2022-04-04,Contra Costa,013,1133247,192411,188850,13432,202282,1296
2022-04-04,Del Norte,015,27424,5809,5809,184,5993,50
2022-04-04,El Dorado,017,186661,26751,26744,3196,29940,205
2022-04-04,Fresno,019,978130,231877,230942,24198,255140,2725
2022-04-04,Glenn,021,27897,4998,4986,1601,6587,47
2022-04-04,Humboldt,023,135768,16888,16904,2950,19854,140
2022-04-04,Imperial,025,180216,55363,55294,10564,65858,908
2022-04-04,Inyo,027,18085,4076,4068,478,4546,56
2022-04-04,Kern,029,883053,191879,191449,45761,237210,2234
2022-04-04,Kings,031,150075,51484,51491,3517,55008,443
2022-04-04,Lake,033,64148,10703,10679,885,11564,136
2022-04-04,Lassen,035,31185,8958,8945,874,9819,65
2022-04-04,Los Angeles,037,10098052,2715444,2707306,123281,2830587,31465
2022-04-04,Madera,039,155013,37242,37349,6024,43373,354
2022-04-04,Marin,041,260295,33678,33566,2290,35856,288
2022-04-04,Mariposa,043,17540,2402,2392,201,2593,29
2022-04-04,Mendocino,045,87422,13079,13074,3018,16092,119
2022-04-04,Merced,047,269075,62473,62195,8709,70904,810
2022-04-04,Modoc,049,8938,737,741,251,992,8
2022-04-04,Mono,051,14174,2969,2967,123,3090,6
2022-04-04,Monterey,053,433212,79429,79019,13740,92759,727
2022-04-04,Napa,055,140530,25812,25790,941,26731,143
2022-04-04,Nevada,057,99092,15968,15974,1198,17172,123
2022-04-04,Orange,059,3164182,547170,546491,41439,587930,6887
2022-04-04,Placer,061,380077,62847,62787,7341,70128,615
2022-04-04,Plumas,063,18699,2972,2850,365,3215,13
2022-04-04,Riverside,065,2383286,591583,590826,27757,618583,6424
2022-04-04,Sacramento,067,1510023,281145,276567,26555,303122,2953
2022-04-04,San Benito,069,59416,12970,12908,514,13422,98
2022-04-04,San Bernardino,071,2135413,574403,561648,24943,586591,6883
2022-04-04,San Diego,073,3302833,751947,753402,52815,806217,5192
2022-04-04,San Francisco,075,870044,125728,125536,8279,133815,843
2022-04-04,San Joaquin,077,732212,166831,166415,9932,176347,2207
2022-04-04,San Luis Obispo,079,281455,52519,52557,3754,56311,475
2022-04-04,San Mateo,081,765935,122409,121041,6964,128005,693
2022-04-04,Santa Barbara,083,443738,85869,85630,4698,90328,679
2022-04-04,Santa Clara,085,1922200,316528,313278,12413,325691,2265
2022-04-04,Santa Cruz,087,273765,47947,47446,2092,49538,259
2022-04-04,Shasta,089,179085,30560,30565,6090,36655,529
2022-04-04,Sierra,091,2930,274,272,48,320,4
2022-04-04,Siskiyou,093,43540,4431,4442,2719,7161,80
2022-04-04,Solano,095,438530,81617,81789,5585,87374,447
2022-04-04,Sonoma,097,501317,83762,83361,2638,85999,485
2022-04-04,Stanislaus,099,539301,117626,117534,17832,135366,1578
2022-04-04,Sutter,101,95872,20482,20581,2073,22654,222
2022-04-04,Tehama,103,63373,12041,12049,2572,14621,198
2022-04-04,Trinity,105,12862,1183,1173,287,1460,20
2022-04-04,Tulare,107,460477,106220,104826,27562,132388,1414
2022-04-04,Tuolumne,109,53932,12671,12621,558,13179,180
2022-04-04,Ventura,111,848112,173349,173179,9399,182578,1460
2022-04-04,Yolo,113,214977,37022,36393,3040,39433,314
2022-04-04,Yuba,115,75493,15835,15839,1199,17038,121
2022-04-03,Alameda,001,1643700,257235,255650,13919,269569,1813
2022-04-03,Alpine,003,1148,124,124,1,125,0
2022-04-03,Amador,005,37829,8525,8485,640,9125,86
2022-04-03,Butte,007,227075,33221,32981,6985,39966,396
2022-04-03,Calaveras,009,45235,7261,7254,349,7603,119
2022-04-03,Colusa,011,21464,3448,3445,1046,4491,21
2022-04-03,Contra Costa,013,1133247,192305,188658,13422,202080,1291
2022-04-03,Del Norte,015,27424,5809,5812,184,5996,50
2022-04-03,El Dorado,017,186661,26737,26732,3194,29926,200
2022-04-03,Fresno,019,978130,231845,230559,24195,254754,2722
2022-04-03,Glenn,021,27897,4998,4982,1601,6583,47
2022-04-03,Humboldt,023,135768,16883,16898,2950,19848,140
2022-04-03,Imperial,025,180216,55361,55266,10561,65827,908
2022-04-03,Inyo,027,18085,4074,4063,478,4541,56
2022-04-03,Kern,029,883053,191854,191384,45756,237140,2224
2022-04-03,Kings,031,150075,51478,51470,3515,54985,443
2022-04-03,Lake,033,64148,10701,10674,885,11559,136
2022-04-03,Lassen,035,31185,8957,8943,874,9817,65
2022-04-03,Los Angeles,037,10098052,2714247,2703576,123196,2826772,31410
2022-04-03,Madera,039,155013,37240,37333,6023,43356,354
2022-04-03,Marin,041,260295,33643,33493,2282,35775,287
2022-04-03,Mariposa,043,17540,2401,2391,201,2592,29
2022-04-03,Mendocino,045,87422,13073,13058,3017,16075,119
2022-04-03,Merced,047,269075,62458,62149,8703,70852,808
2022-04-03,Modoc,049,8938,736,741,251,992,8
2022-04-03,Mono,051,14174,2969,2967,123,3090,6
2022-04-03,Monterey,053,433212,79412,78964,13715,92679,726
2022-04-03,Napa,055,140530,25793,25757,940,26697,143
2022-04-03,Nevada,057,99092,15962,15962,1197,17159,123
2022-04-03,Orange,059,3164182,546971,546047,41414,587461,6880
2022-04-03,Placer,061,380077,62821,62740,7336,70076,614
2022-04-03,Plumas,063,18699,2971,2803,365,3168,14
2022-04-03,Riverside,065,2383286,591425,590563,27742,618305,6418
2022-04-03,Sacramento,067,1510023,281070,276218,26542,302760,2950
2022-04-03,San Benito,069,59416,12966,12901,514,13415,98
2022-04-03,San Bernardino,071,2135413,574258,561362,24940,586302,6865
2022-04-03,San Diego,073,3302833,751617,752281,52778,805059,5178
2022-04-03,San Francisco,075,870044,125497,125075,8273,133348,843
2022-04-03,San Joaquin,077,732212,166774,166336,9927,176263,2202
2022-04-03,San Luis Obispo,079,281455,52500,52512,3754,56266,475
2022-04-03,San Mateo,081,765935,122269,120717,6957,127674,693
2022-04-03,Santa Barbara,083,443738,85824,85611,4696,90307,678
2022-04-03,Santa Clara,085,1922200,316228,312517,12404,324921,2258
2022-04-03,Santa Cruz,087,273765,47892,47371,2090,49461,259
2022-04-03,Shasta,089,179085,30550,30556,6089,36645,530
2022-04-03,Sierra,091,2930,274,273,48,321,4
2022-04-03,Siskiyou,093,43540,4431,4439,2719,7158,80
2022-04-03,Solano,095,438530,81575,81848,5579,87427,446
2022-04-03,Sonoma,097,501317,83684,83235,2630,85865,485
2022-04-03,Stanislaus,099,539301,117595,117536,17826,135362,1581
2022-04-03,Sutter,101,95872,20479,20570,2073,22643,222
2022-04-03,Tehama,103,63373,12039,12046,2572,14618,198
2022-04-03,Trinity,105,12862,1183,1173,287,1460,20
2022-04-03,Tulare,107,460477,106213,104736,27554,132290,1410
2022-04-03,Tuolumne,109,53932,12670,12618,558,13176,180
2022-04-03,Ventura,111,848112,173296,173044,9395,182439,1460
2022-04-03,Yolo,113,214977,37001,36347,3038,39385,313
2022-04-03,Yuba,115,75493,15833,15835,1199,17034,120
2022-04-02,Alameda,001,1643700,257133,255650,13919,269569,1813
2022-04-02,Alpine,003,1148,124,124,1,125,0
2022-04-02,Amador,005,37829,8525,8485,640,9125,86
2022-04-02,Butte,007,227075,33217,32981,6984,39965,396
2022-04-02,Calaveras,009,45235,7261,7254,349,7603,119
2022-04-02,Colusa,011,21464,3448,3445,1046,4491,21
2022-04-02,Contra Costa,013,1133247,192246,188658,13419,202077,1291
2022-04-02,Del Norte,015,27424,5808,5812,184,5996,50
2022-04-02,El Dorado,017,186661,26734,26732,3194,29926,200
2022-04-02,Fresno,019,978130,231816,230559,24195,254754,2722
2022-04-02,Glenn,021,27897,4998,4982,1601,6583,47
2022-04-02,Humboldt,023,135768,16879,16898,2950,19848,140
2022-04-02,Imperial,025,180216,55358,55266,10561,65827,908
2022-04-02,Inyo,027,18085,4074,4063,478,4541,56
2022-04-02,Kern,029,883053,191839,191384,45752,237136,2224
2022-04-02,Kings,031,150075,51475,51470,3515,54985,443
2022-04-02,Lake,033,64148,10700,10674,885,11559,136
2022-04-02,Lassen,035,31185,8957,8943,874,9817,65
2022-04-02,Los Angeles,037,10098052,2713727,2703576,123156,2826732,31410
2022-04-02,Madera,039,155013,37237,37333,6023,43356,354
2022-04-02,Marin,041,260295,33620,33493,2274,35767,287
2022-04-02,Mariposa,043,17540,2400,2391,201,2592,29
2022-04-02,Mendocino,045,87422,13071,13058,3017,16075,119
2022-04-02,Merced,047,269075,62455,62149,8703,70852,808
2022-04-02,Modoc,049,8938,736,741,251,992,8
2022-04-02,Mono,051,14174,2969,2967,122,3089,6
2022-04-02,Monterey,053,433212,79399,78964,13709,92673,726
2022-04-02,Napa,055,140530,25779,25757,939,26696,143
2022-04-02,Nevada,057,99092,15958,15962,1196,17158,123
2022-04-02,Orange,059,3164182,546865,546047,41402,587449,6880
2022-04-02,Placer,061,380077,62810,62740,7334,70074,614
2022-04-02,Plumas,063,18699,2971,2803,365,3168,14
2022-04-02,Riverside,065,2383286,591351,590563,27737,618300,6418
2022-04-02,Sacramento,067,1510023,281030,276218,26541,302759,2950
2022-04-02,San Benito,069,59416,12965,12901,514,13415,98
2022-04-02,San Bernardino,071,2135413,574206,561362,24937,586299,6865
2022-04-02,San Diego,073,3302833,751493,752281,52768,805049,5178
2022-04-02,San Francisco,075,870044,125393,125075,8265,133340,843
2022-04-02,San Joaquin,077,732212,166753,166336,9925,176261,2202
2022-04-02,San Luis Obispo,079,281455,52495,52512,3754,56266,475
2022-04-02,San Mateo,081,765935,122174,120717,6948,127665,693
2022-04-02,Santa Barbara,083,443738,85805,85611,4695,90306,678
2022-04-02,Santa Clara,085,1922200,316063,312517,12400,324917,2258
2022-04-02,Santa Cruz,087,273765,47880,47371,2089,49460,259
2022-04-02,Shasta,089,179085,30549,30556,6089,36645,530
2022-04-02,Sierra,091,2930,274,273,48,321,4
2022-04-02,Siskiyou,093,43540,4431,4439,2718,7157,80
2022-04-02,Solano,095,438530,81560,81848,5578,87426,446
2022-04-02,Sonoma,097,501317,83636,83235,2624,85859,485
2022-04-02,Stanislaus,099,539301,117586,117536,17824,135360,1581
2022-04-02,Sutter,101,95872,20474,20570,2073,22643,222
2022-04-02,Tehama,103,63373,12039,12046,2572,14618,198
2022-04-02,Trinity,105,12862,1183,1173,287,1460,20
2022-04-02,Tulare,107,460477,106209,104736,27554,132290,1410
2022-04-02,Tuolumne,109,53932,12668,12618,558,13176,180
2022-04-02,Ventura,111,848112,173255,173044,9395,182439,1460
2022-04-02,Yolo,113,214977,36989,36347,3035,39382,313
2022-04-02,Yuba,115,75493,15832,15835,1199,17034,120
2022-04-01,Alameda,001,1643700,257017,255650,13914,269564,1813
2022-04-01,Alpine,003,1148,124,124,1,125,0
2022-04-01,Amador,005,37829,8525,8485,640,9125,86
2022-04-01,Butte,007,227075,33213,32981,6981,39962,396
2022-04-01,Calaveras,009,45235,7259,7254,349,7603,119
2022-04-01,Colusa,011,21464,3447,3445,1046,4491,21
2022-04-01,Contra Costa,013,1133247,192194,188658,13418,202076,1291
2022-04-01,Del Norte,015,27424,5806,5812,184,5996,50
2022-04-01,El Dorado,017,186661,26731,26732,3193,29925,200
2022-04-01,Fresno,019,978130,231791,230559,24193,254752,2722
2022-04-01,Glenn,021,27897,4998,4982,1601,6583,47
2022-04-01,Humboldt,023,135768,16877,16898,2950,19848,140
2022-04-01,Imperial,025,180216,55356,55266,10561,65827,908
2022-04-01,Inyo,027,18085,4072,4063,477,4540,56
2022-04-01,Kern,029,883053,191828,191384,45749,237133,2224
2022-04-01,Kings,031,150075,51472,51470,3515,54985,443
2022-04-01,Lake,033,64148,10697,10674,885,11559,136
2022-04-01,Lassen,035,31185,8956,8943,874,9817,65
2022-04-01,Los Angeles,037,10098052,2713230,2703576,123113,2826689,31410
2022-04-01,Madera,039,155013,37236,37333,6023,43356,354
2022-04-01,Marin,041,260295,33602,33493,2267,35760,287
2022-04-01,Mariposa,043,17540,2397,2391,201,2592,29
2022-04-01,Mendocino,045,87422,13068,13058,3016,16074,119
2022-04-01,Merced,047,269075,62448,62149,8702,70851,808
2022-04-01,Modoc,049,8938,736,741,251,992,8
2022-04-01,Mono,051,14174,2969,2967,122,3089,6
2022-04-01,Monterey,053,433212,79381,78964,13706,92670,726
2022-04-01,Napa,055,140530,25769,25757,939,26696,143
2022-04-01,Nevada,057,99092,15958,15962,1195,17157,123
2022-04-01,Orange,059,3164182,546757,546047,41394,587441,6880
2022-04-01,Placer,061,380077,62796,62740,7334,70074,614
2022-04-01,Plumas,063,18699,2971,2803,364,3167,14
2022-04-01,Riverside,065,2383286,591285,590563,27724,618287,6418
2022-04-01,Sacramento,067,1510023,280992,276218,26534,302752,2950
2022-04-01,San Benito,069,59416,12964,12901,514,13415,98
2022-04-01,San Bernardino,071,2135413,574150,561362,24933,586295,6865
2022-04-01,San Diego,073,3302833,751346,752281,52752,805033,5178
2022-04-01,San Francisco,075,870044,125283,125075,8259,133334,843
2022-04-01,San Joaquin,077,732212,166733,166336,9922,176258,2202
2022-04-01,San Luis Obispo,079,281455,52489,52512,3753,56265,475
2022-04-01,San Mateo,081,765935,122112,120717,6942,127659,693
2022-04-01,Santa Barbara,083,443738,85785,85611,4695,90306,678
2022-04-01,Santa Clara,085,1922200,315913,312517,12399,324916,2258
2022-04-01,Santa Cruz,087,273765,47865,47371,2087,49458,259
2022-04-01,Shasta,089,179085,30548,30556,6089,36645,530
2022-04-01,Sierra,091,2930,274,273,48,321,4
2022-04-01,Siskiyou,093,43540,4431,4439,2717,7156,80
2022-04-01,Solano,095,438530,81545,81848,5578,87426,446
2022-04-01,Sonoma,097,501317,83592,83235,2623,85858,485
2022-04-01,Stanislaus,099,539301,117574,117536,17821,135357,1581
2022-04-01,Sutter,101,95872,20474,20570,2073,22643,222
2022-04-01,Tehama,103,63373,12039,12046,2572,14618,198
2022-04-01,Trinity,105,12862,1183,1173,287,1460,20
2022-04-01,Tulare,107,460477,106204,104736,27550,132286,1410
2022-04-01,Tuolumne,109,53932,12667,12618,558,13176,180
2022-04-01,Ventura,111,848112,173224,173044,9391,182435,1460
2022-04-01,Yolo,113,214977,36975,36347,3034,39381,313
2022-04-01,Yuba,115,75493,15831,15835,1199,17034,120
2022-03-31,Alameda,001,1643700,256840,255650,13901,269551,1813
2022-03-31,Alpine,003,1148,124,124,1,125,0
2022-03-31,Amador,005,37829,8525,8485,640,9125,86
2022-03-31,Butte,007,227075,33209,32981,6978,39959,396
2022-03-31,Calaveras,009,45235,7256,7254,349,7603,119
2022-03-31,Colusa,011,21464,3446,3445,1046,4491,21
2022-03-31,Contra Costa,013,1133247,192098,188658,13412,202070,1291
2022-03-31,Del Norte,015,27424,5805,5812,184,5996,50
2022-03-31,El Dorado,017,186661,26723,26732,3193,29925,200
2022-03-31,Fresno,019,978130,231756,230559,24172,254731,2722
2022-03-31,Glenn,021,27897,4997,4982,1601,6583,47
2022-03-31,Humboldt,023,135768,16873,16898,2950,19848,140
2022-03-31,Imperial,025,180216,55353,55266,10560,65826,908
2022-03-31,Inyo,027,18085,4071,4063,474,4537,56
2022-03-31,Kern,029,883053,191813,191384,45740,237124,2224
2022-03-31,Kings,031,150075,51463,51470,3515,54985,443
2022-03-31,Lake,033,64148,10696,10674,884,11558,136
2022-03-31,Lassen,035,31185,8954,8943,874,9817,65
2022-03-31,Los Angeles,037,10098052,2712484,2703576,123056,2826632,31410
2022-03-31,Madera,039,155013,37233,37333,6023,43356,354
2022-03-31,Marin,041,260295,33576,33493,2255,35748,287
2022-03-31,Mariposa,043,17540,2396,2391,200,2591,29
2022-03-31,Mendocino,045,87422,13064,13058,3016,16074,119
2022-03-31,Merced,047,269075,62443,62149,8699,70848,808
2022-03-31,Modoc,049,8938,736,741,251,992,8
2022-03-31,Mono,051,14174,2969,2967,122,3089,6
2022-03-31,Monterey,053,433212,79364,78964,13695,92659,726
2022-03-31,Napa,055,140530,25762,25757,937,26694,143
2022-03-31,Nevada,057,99092,15951,15962,1194,17156,123
2022-03-31,Orange,059,3164182,546609,546047,41380,587427,6880
2022-03-31,Placer,061,380077,62771,62740,7331,70071,614
2022-03-31,Plumas,063,18699,2971,2803,363,3166,14
2022-03-31,Riverside,065,2383286,591175,590563,27721,618284,6418
2022-03-31,Sacramento,067,1510023,280918,276218,26526,302744,2950
2022-03-31,San Benito,069,59416,12963,12901,514,13415,98
2022-03-31,San Bernardino,071,2135413,574053,561362,24922,586284,6865
2022-03-31,San Diego,073,3302833,751110,752281,52724,805005,5178
2022-03-31,San Francisco,075,870044,125126,125075,8247,133322,843
2022-03-31,San Joaquin,077,732212,166699,166336,9907,176243,2202
2022-03-31,San Luis Obispo,079,281455,52475,52512,3752,56264,475
2022-03-31,San Mateo,081,765935,122002,120717,6940,127657,693
2022-03-31,Santa Barbara,083,443738,85755,85611,4695,90306,678
2022-03-31,Santa Clara,085,1922200,315686,312517,12387,324904,2258
2022-03-31,Santa Cruz,087,273765,47846,47371,2085,49456,259
2022-03-31,Shasta,089,179085,30542,30556,6089,36645,530
2022-03-31,Sierra,091,2930,271,273,48,321,4
2022-03-31,Siskiyou,093,43540,4430,4439,2717,7156,80
2022-03-31,Solano,095,438530,81516,81848,5575,87423,446
2022-03-31,Sonoma,097,501317,83549,83235,2617,85852,485
2022-03-31,Stanislaus,099,539301,117557,117536,17816,135352,1581
2022-03-31,Sutter,101,95872,20471,20570,2072,22642,222
2022-03-31,Tehama,103,63373,12038,12046,2571,14617,198
2022-03-31,Trinity,105,12862,1183,1173,287,1460,20
2022-03-31,Tulare,107,460477,106194,104736,27542,132278,1410
2022-03-31,Tuolumne,109,53932,12666,12618,558,13176,180
2022-03-31,Ventura,111,848112,173184,173044,9388,182432,1460
2022-03-31,Yolo,113,214977,36959,36347,3034,39381,313
2022-03-31,Yuba,115,75493,15831,15835,1196,17031,120
2022-03-30,Alameda,001,1643700,256707,255467,13893,269360,1812
2022-03-30,Alpine,003,1148,124,124,1,125,0
2022-03-30,Amador,005,37829,8525,8485,640,9125,86
2022-03-30,Butte,007,227075,33204,32968,6972,39940,396
2022-03-30,Calaveras,009,45235,7254,7253,348,7601,119
2022-03-30,Colusa,011,21464,3446,3445,1046,4491,21
2022-03-30,Contra Costa,013,1133247,192037,188496,13401,201897,1291
2022-03-30,Del Norte,015,27424,5803,5808,184,5992,50
2022-03-30,El Dorado,017,186661,26715,26722,3193,29915,200
2022-03-30,Fresno,019,978130,231745,230448,24166,254614,2720
2022-03-30,Glenn,021,27897,4996,4982,1601,6583,47
2022-03-30,Humboldt,023,135768,16870,16894,2950,19844,140
2022-03-30,Imperial,025,180216,55349,55252,10557,65809,908
2022-03-30,Inyo,027,18085,4070,4062,472,4534,56
2022-03-30,Kern,029,883053,191785,191363,45735,237098,2219
2022-03-30,Kings,031,150075,51457,51446,3514,54960,443
2022-03-30,Lake,033,64148,10695,10674,884,11558,136
2022-03-30,Lassen,035,31185,8954,8943,874,9817,65
2022-03-30,Los Angeles,037,10098052,2711662,2702536,123001,2825537,31384
2022-03-30,Madera,039,155013,37227,37330,6022,43352,354
2022-03-30,Marin,041,260295,33556,33453,2236,35689,287
2022-03-30,Mariposa,043,17540,2396,2390,200,2590,27
2022-03-30,Mendocino,045,87422,13060,13055,3013,16068,118
2022-03-30,Merced,047,269075,62438,62136,8694,70830,808
2022-03-30,Modoc,049,8938,736,739,251,990,8
2022-03-30,Mono,051,14174,2968,2967,122,3089,6
2022-03-30,Monterey,053,433212,79347,78911,13688,92599,726
2022-03-30,Napa,055,140530,25750,25745,936,26681,141
2022-03-30,Nevada,057,99092,15948,15960,1192,17152,123
2022-03-30,Orange,059,3164182,546459,545895,41358,587253,6876
2022-03-30,Placer,061,380077,62756,62705,7327,70032,614
2022-03-30,Plumas,063,18699,2971,2762,361,3123,13
2022-03-30,Riverside,065,2383286,591092,590437,27708,618145,6411
2022-03-30,Sacramento,067,1510023,280850,276081,26519,302600,2949
2022-03-30,San Benito,069,59416,12959,12898,514,13412,98
2022-03-30,San Bernardino,071,2135413,573970,561153,24918,586071,6863
2022-03-30,San Diego,073,3302833,750879,751684,52697,804381,5169
2022-03-30,San Francisco,075,870044,125020,124930,8238,133168,841
2022-03-30,San Joaquin,077,732212,166670,166299,9901,176200,2201
2022-03-30,San Luis Obispo,079,281455,52461,52484,3748,56232,475
2022-03-30,San Mateo,081,765935,121902,120548,6940,127488,693
2022-03-30,Santa Barbara,083,443738,85733,85488,4692,90180,677
2022-03-30,Santa Clara,085,1922200,315504,312253,12367,324620,2258
2022-03-30,Santa Cruz,087,273765,47790,47340,2084,49424,259
2022-03-30,Shasta,089,179085,30539,30555,6089,36644,530
2022-03-30,Sierra,091,2930,271,273,48,321,4
2022-03-30,Siskiyou,093,43540,4430,4439,2717,7156,80
2022-03-30,Solano,095,438530,81497,81816,5571,87387,443
2022-03-30,Sonoma,097,501317,83512,83163,2616,85779,485
2022-03-30,Stanislaus,099,539301,117544,117593,17813,135406,1559
2022-03-30,Sutter,101,95872,20466,20565,2072,22637,222
2022-03-30,Tehama,103,63373,12037,12045,2570,14615,198
2022-03-30,Trinity,105,12862,1182,1173,287,1460,20
2022-03-30,Tulare,107,460477,106188,104667,27535,132202,1410
2022-03-30,Tuolumne,109,53932,12664,12616,558,13174,180
2022-03-30,Ventura,111,848112,173143,172984,9380,182364,1460
2022-03-30,Yolo,113,214977,36949,36325,3031,39356,313
2022-03-30,Yuba,115,75493,15829,15830,1196,17026,120
2022-03-29,Alameda,001,1643700,256582,255261,13883,269144,1810
2022-03-29,Alpine,003,1148,124,124,1,125,0
2022-03-29,Amador,005,37829,8525,8483,640,9123,86
2022-03-29,Butte,007,227075,33201,32954,6972,39926,396
2022-03-29,Calaveras,009,45235,7253,7250,347,7597,119
2022-03-29,Colusa,011,21464,3446,3445,1046,4491,21
2022-03-29,Contra Costa,013,1133247,191949,188359,13393,201752,1290
2022-03-29,Del Norte,015,27424,5803,5806,183,5989,50
2022-03-29,El Dorado,017,186661,26710,26706,3193,29899,200
2022-03-29,Fresno,019,978130,231717,230256,24162,254418,2718
2022-03-29,Glenn,021,27897,4996,4983,1601,6584,47
2022-03-29,Humboldt,023,135768,16867,16892,2947,19839,140
2022-03-29,Imperial,025,180216,55335,55233,10556,65789,908
2022-03-29,Inyo,027,18085,4068,4062,471,4533,56
2022-03-29,Kern,029,883053,191753,191338,45728,237066,2220
2022-03-29,Kings,031,150075,51450,51416,3513,54929,443
2022-03-29,Lake,033,64148,10691,10674,884,11558,136
2022-03-29,Lassen,035,31185,8953,8943,874,9817,65
2022-03-29,Los Angeles,037,10098052,2710832,2702005,122955,2824960,31378
2022-03-29,Madera,039,155013,37219,37325,6019,43344,354
2022-03-29,Marin,041,260295,33536,33431,2231,35662,287
2022-03-29,Mariposa,043,17540,2396,2388,200,2588,23
2022-03-29,Mendocino,045,87422,13056,13053,3012,16065,119
2022-03-29,Merced,047,269075,62425,62123,8693,70816,806
2022-03-29,Modoc,049,8938,734,737,251,988,8
2022-03-29,Mono,051,14174,2968,2966,122,3088,5
2022-03-29,Monterey,053,433212,79334,78774,13680,92454,725
2022-03-29,Napa,055,140530,25743,25732,936,26668,141
2022-03-29,Nevada,057,99092,15940,15956,1192,17148,123
2022-03-29,Orange,059,3164182,546311,545832,41342,587174,6871
2022-03-29,Placer,061,380077,62738,62687,7322,70009,614
2022-03-29,Plumas,063,18699,2969,2761,361,3122,13
2022-03-29,Riverside,065,2383286,590990,590359,27700,618059,6403
2022-03-29,Sacramento,067,1510023,280784,276040,26507,302547,2946
2022-03-29,San Benito,069,59416,12957,12892,514,13406,97
2022-03-29,San Bernardino,071,2135413,573874,561026,24910,585936,6860
2022-03-29,San Diego,073,3302833,750637,751240,52674,803914,5159
2022-03-29,San Francisco,075,870044,124869,124789,8232,133021,840
2022-03-29,San Joaquin,077,732212,166634,166241,9893,176134,2198
2022-03-29,San Luis Obispo,079,281455,52445,52455,3744,56199,472
2022-03-29,San Mateo,081,765935,121808,120435,6937,127372,686
2022-03-29,Santa Barbara,083,443738,85710,85464,4692,90156,676
2022-03-29,Santa Clara,085,1922200,315265,312067,12350,324417,2259
2022-03-29,Santa Cruz,087,273765,47770,47323,2083,49406,259
2022-03-29,Shasta,089,179085,30532,30552,6087,36639,529
2022-03-29,Sierra,091,2930,271,273,48,321,4
2022-03-29,Siskiyou,093,43540,4430,4439,2716,7155,80
2022-03-29,Solano,095,438530,81473,81713,5568,87281,441
2022-03-29,Sonoma,097,501317,83479,83130,2610,85740,485
2022-03-29,Stanislaus,099,539301,117525,117683,17807,135490,1559
2022-03-29,Sutter,101,95872,20464,20556,2071,22627,221
2022-03-29,Tehama,103,63373,12035,12045,2570,14615,198
2022-03-29,Trinity,105,12862,1182,1173,287,1460,20
2022-03-29,Tulare,107,460477,106183,104622,27530,132152,1406
2022-03-29,Tuolumne,109,53932,12662,12615,558,13173,180
2022-03-29,Ventura,111,848112,173088,172946,9379,182325,1460
2022-03-29,Yolo,113,214977,36936,36296,3030,39326,313
2022-03-29,Yuba,115,75493,15825,15824,1195,17019,117
2022-03-28,Alameda,001,1643700,256429,255192,13873,269065,1808
2022-03-28,Alpine,003,1148,124,124,1,125,0
2022-03-28,Amador,005,37829,8524,8480,640,9120,86
2022-03-28,Butte,007,227075,33184,32947,6972,39919,392
2022-03-28,Calaveras,009,45235,7253,7247,347,7594,119
2022-03-28,Colusa,011,21464,3446,3445,1046,4491,21
2022-03-28,Contra Costa,013,1133247,191869,188305,13388,201693,1290
2022-03-28,Del Norte,015,27424,5801,5834,183,6017,50
2022-03-28,El Dorado,017,186661,26703,26703,3191,29894,200
2022-03-28,Fresno,019,978130,231689,230144,24145,254289,2717
2022-03-28,Glenn,021,27897,4995,4983,1601,6584,47
2022-03-28,Humboldt,023,135768,16866,16916,2947,19863,140
2022-03-28,Imperial,025,180216,55325,55245,10556,65801,909
2022-03-28,Inyo,027,18085,4067,4062,471,4533,56
2022-03-28,Kern,029,883053,191727,191333,45719,237052,2212
2022-03-28,Kings,031,150075,51437,51405,3513,54918,443
2022-03-28,Lake,033,64148,10689,10673,884,11557,136
2022-03-28,Lassen,035,31185,8953,8946,874,9820,63
2022-03-28,Los Angeles,037,10098052,2709960,2700997,122916,2823913,31349
2022-03-28,Madera,039,155013,37215,37324,6019,43343,354
2022-03-28,Marin,041,260295,33511,33391,2226,35617,287
2022-03-28,Mariposa,043,17540,2395,2388,200,2588,23
2022-03-28,Mendocino,045,87422,13054,13046,3011,16057,118
2022-03-28,Merced,047,269075,62415,62116,8688,70804,805
2022-03-28,Modoc,049,8938,733,736,251,987,7
2022-03-28,Mono,051,14174,2968,2966,122,3088,5
2022-03-28,Monterey,053,433212,79301,78784,13676,92460,724
2022-03-28,Napa,055,140530,25737,25723,935,26658,140
2022-03-28,Nevada,057,99092,15938,15969,1192,17161,123
2022-03-28,Orange,059,3164182,546182,545700,41316,587016,6860
2022-03-28,Placer,061,380077,62718,62687,7321,70008,613
2022-03-28,Plumas,063,18699,2968,2760,361,3121,13
2022-03-28,Riverside,065,2383286,590890,590298,27692,617990,6397
2022-03-28,Sacramento,067,1510023,280715,275889,26495,302384,2946
2022-03-28,San Benito,069,59416,12957,12889,514,13403,97
2022-03-28,San Bernardino,071,2135413,573792,560836,24899,585735,6858
2022-03-28,San Diego,073,3302833,750398,750659,52640,803299,5155
2022-03-28,San Francisco,075,870044,124729,124678,8222,132900,839
2022-03-28,San Joaquin,077,732212,166602,166247,9891,176138,2196
2022-03-28,San Luis Obispo,079,281455,52420,52434,3741,56175,470
2022-03-28,San Mateo,081,765935,121694,120337,6930,127267,686
2022-03-28,Santa Barbara,083,443738,85682,85442,4690,90132,675
2022-03-28,Santa Clara,085,1922200,315036,311953,12341,324294,2257
2022-03-28,Santa Cruz,087,273765,47737,47324,2083,49407,259
2022-03-28,Shasta,089,179085,30531,30550,6086,36636,527
2022-03-28,Sierra,091,2930,271,273,48,321,4
2022-03-28,Siskiyou,093,43540,4429,4438,2716,7154,80
2022-03-28,Solano,095,438530,81445,81704,5563,87267,441
2022-03-28,Sonoma,097,501317,83433,83105,2605,85710,485
2022-03-28,Stanislaus,099,539301,117513,117783,17802,135585,1562
2022-03-28,Sutter,101,95872,20458,20549,2071,22620,221
2022-03-28,Tehama,103,63373,12035,12041,2570,14611,200
2022-03-28,Trinity,105,12862,1182,1173,287,1460,20
2022-03-28,Tulare,107,460477,106171,104576,27524,132100,1404
2022-03-28,Tuolumne,109,53932,12662,12627,558,13185,180
2022-03-28,Ventura,111,848112,173049,172867,9378,182245,1455
2022-03-28,Yolo,113,214977,36918,36282,3028,39310,312
2022-03-28,Yuba,115,75493,15824,15821,1193,17014,117
2022-03-27,Alameda,001,1643700,256241,255132,13864,268996,1809
2022-03-27,Alpine,003,1148,124,124,1,125,0
2022-03-27,Amador,005,37829,8521,8480,640,9120,86
2022-03-27,Butte,007,227075,33171,32943,6966,39909,392
2022-03-27,Calaveras,009,45235,7251,7245,347,7592,119
2022-03-27,Colusa,011,21464,3446,3445,1046,4491,21
2022-03-27,Contra Costa,013,1133247,191754,188251,13371,201622,1290
2022-03-27,Del Norte,015,27424,5800,5836,183,6019,50
2022-03-27,El Dorado,017,186661,26689,26699,3188,29887,200
2022-03-27,Fresno,019,978130,231642,230049,24127,254176,2717
2022-03-27,Glenn,021,27897,4993,4983,1601,6584,47
2022-03-27,Humboldt,023,135768,16862,16920,2947,19867,140
2022-03-27,Imperial,025,180216,55312,55240,10555,65795,909
2022-03-27,Inyo,027,18085,4066,4062,469,4531,56
2022-03-27,Kern,029,883053,191689,191332,45713,237045,2213
2022-03-27,Kings,031,150075,51428,51400,3513,54913,443
2022-03-27,Lake,033,64148,10688,10672,883,11555,136
2022-03-27,Lassen,035,31185,8953,8946,874,9820,63
2022-03-27,Los Angeles,037,10098052,2709144,2700983,122869,2823852,31348
2022-03-27,Madera,039,155013,37211,37323,6017,43340,354
2022-03-27,Marin,041,260295,33474,33391,2216,35607,287
2022-03-27,Mariposa,043,17540,2395,2390,200,2590,23
2022-03-27,Mendocino,045,87422,13050,13046,3009,16055,118
2022-03-27,Merced,047,269075,62405,62110,8687,70797,805
2022-03-27,Modoc,049,8938,732,736,249,985,7
2022-03-27,Mono,051,14174,2968,2966,122,3088,5
2022-03-27,Monterey,053,433212,79280,78778,13664,92442,724
2022-03-27,Napa,055,140530,25721,25723,935,26658,140
2022-03-27,Nevada,057,99092,15934,15967,1190,17157,123
2022-03-27,Orange,059,3164182,546048,545644,41282,586926,6860
2022-03-27,Placer,061,380077,62700,62680,7320,70000,613
2022-03-27,Plumas,063,18699,2967,2760,359,3119,13
2022-03-27,Riverside,065,2383286,590804,590251,27681,617932,6395
2022-03-27,Sacramento,067,1510023,280634,275854,26488,302342,2941
2022-03-27,San Benito,069,59416,12952,12889,513,13402,97
2022-03-27,San Bernardino,071,2135413,573675,560853,24897,585750,6862
2022-03-27,San Diego,073,3302833,750142,750659,52616,803275,5155
2022-03-27,San Francisco,075,870044,124542,124619,8211,132830,839
2022-03-27,San Joaquin,077,732212,166566,166238,9887,176125,2196
2022-03-27,San Luis Obispo,079,281455,52399,52430,3739,56169,470
2022-03-27,San Mateo,081,765935,121590,120324,6924,127248,686
2022-03-27,Santa Barbara,083,443738,85646,85434,4688,90122,675
2022-03-27,Santa Clara,085,1922200,314825,311822,12334,324156,2257
2022-03-27,Santa Cruz,087,273765,47704,47321,2081,49402,259
2022-03-27,Shasta,089,179085,30527,30550,6084,36634,527
2022-03-27,Sierra,091,2930,271,273,48,321,4
2022-03-27,Siskiyou,093,43540,4429,4436,2715,7151,80
2022-03-27,Solano,095,438530,81403,81691,5560,87251,441
2022-03-27,Sonoma,097,501317,83380,83088,2601,85689,485
2022-03-27,Stanislaus,099,539301,117493,117778,17799,135577,1562
2022-03-27,Sutter,101,95872,20452,20545,2071,22616,221
2022-03-27,Tehama,103,63373,12035,12040,2570,14610,200
2022-03-27,Trinity,105,12862,1182,1173,287,1460,20
2022-03-27,Tulare,107,460477,106162,104582,27515,132097,1404
2022-03-27,Tuolumne,109,53932,12661,12628,558,13186,180
2022-03-27,Ventura,111,848112,173004,172831,9376,182207,1455
2022-03-27,Yolo,113,214977,36897,36232,3025,39257,312
2022-03-27,Yuba,115,75493,15821,15821,1186,17007,117
2022-03-26,Alameda,001,1643700,256161,254691,13863,268554,1803
2022-03-26,Alpine,003,1148,124,124,1,125,0
2022-03-26,Amador,005,37829,8521,8476,640,9116,86
2022-03-26,Butte,007,227075,33167,32929,6964,39893,391
2022-03-26,Calaveras,009,45235,7249,7240,347,7587,120
2022-03-26,Colusa,011,21464,3444,3445,1046,4491,21
2022-03-26,Contra Costa,013,1133247,191701,187990,13368,201358,1285
2022-03-26,Del Norte,015,27424,5798,5831,183,6014,50
2022-03-26,El Dorado,017,186661,26681,26674,3186,29860,200
2022-03-26,Fresno,019,978130,231619,229799,24126,253925,2710
2022-03-26,Glenn,021,27897,4992,4978,1601,6579,47
2022-03-26,Humboldt,023,135768,16858,16911,2947,19858,139
2022-03-26,Imperial,025,180216,55306,55230,10554,65784,913
2022-03-26,Inyo,027,18085,4066,4060,468,4528,56
2022-03-26,Kern,029,883053,191676,191288,45709,236997,2201
2022-03-26,Kings,031,150075,51427,51397,3513,54910,444
2022-03-26,Lake,033,64148,10688,10659,883,11542,136
2022-03-26,Lassen,035,31185,8953,8944,874,9818,63
2022-03-26,Los Angeles,037,10098052,2708688,2698028,122828,2820856,31291
2022-03-26,Madera,039,155013,37208,37321,6015,43336,354
2022-03-26,Marin,041,260295,33463,33317,2212,35529,287
2022-03-26,Mariposa,043,17540,2395,2386,200,2586,23
2022-03-26,Mendocino,045,87422,13046,13038,3009,16047,118
2022-03-26,Merced,047,269075,62399,62083,8685,70768,805
2022-03-26,Modoc,049,8938,732,736,249,985,7
2022-03-26,Mono,051,14174,2968,2966,122,3088,5
2022-03-26,Monterey,053,433212,79273,78688,13662,92350,724
2022-03-26,Napa,055,140530,25717,25701,935,26636,139
2022-03-26,Nevada,057,99092,15930,15960,1190,17150,123
2022-03-26,Orange,059,3164182,545971,545294,41271,586565,6853
2022-03-26,Placer,061,380077,62688,62634,7316,69950,613
2022-03-26,Plumas,063,18699,2967,2758,358,3116,13
2022-03-26,Riverside,065,2383286,590735,590060,27680,617740,6397
2022-03-26,Sacramento,067,1510023,280600,275529,26486,302015,2935
2022-03-26,San Benito,069,59416,12952,12885,513,13398,97
2022-03-26,San Bernardino,071,2135413,573615,560742,24893,585635,6840
2022-03-26,San Diego,073,3302833,750018,750170,52609,802779,5146
2022-03-26,San Francisco,075,870044,124436,124265,8205,132470,839
2022-03-26,San Joaquin,077,732212,166545,166079,9886,175965,2195
2022-03-26,San Luis Obispo,079,281455,52393,52369,3739,56108,469
2022-03-26,San Mateo,081,765935,121531,120165,6916,127081,684
2022-03-26,Santa Barbara,083,443738,85626,85477,4686,90163,674
2022-03-26,Santa Clara,085,1922200,314667,311189,12327,323516,2250
2022-03-26,Santa Cruz,087,273765,47693,47329,2081,49410,259
2022-03-26,Shasta,089,179085,30526,30542,6083,36625,527
2022-03-26,Sierra,091,2930,271,273,48,321,4
2022-03-26,Siskiyou,093,43540,4428,4433,2715,7148,80
2022-03-26,Solano,095,438530,81394,81659,5560,87219,441
2022-03-26,Sonoma,097,501317,83350,83113,2596,85709,485
2022-03-26,Stanislaus,099,539301,117486,117962,17798,135760,1565
2022-03-26,Sutter,101,95872,20450,20536,2071,22607,221
2022-03-26,Tehama,103,63373,12035,12036,2569,14605,195
2022-03-26,Trinity,105,12862,1182,1174,287,1461,20
2022-03-26,Tulare,107,460477,106155,104538,27514,132052,1400
2022-03-26,Tuolumne,109,53932,12659,12628,558,13186,180
2022-03-26,Ventura,111,848112,172963,172690,9372,182062,1455
2022-03-26,Yolo,113,214977,36888,36234,3025,39259,311
2022-03-26,Yuba,115,75493,15820,15807,1186,16993,117
2022-03-25,Alameda,001,1643700,256098,254691,13860,268551,1803
2022-03-25,Alpine,003,1148,124,124,1,125,0
2022-03-25,Amador,005,37829,8520,8476,640,9116,86
2022-03-25,Butte,007,227075,33162,32929,6964,39893,391
2022-03-25,Calaveras,009,45235,7248,7240,347,7587,120
2022-03-25,Colusa,011,21464,3444,3445,1046,4491,21
2022-03-25,Contra Costa,013,1133247,191654,187990,13365,201355,1285
2022-03-25,Del Norte,015,27424,5798,5831,183,6014,50
2022-03-25,El Dorado,017,186661,26677,26674,3186,29860,200
2022-03-25,Fresno,019,978130,231590,229799,24118,253917,2710
2022-03-25,Glenn,021,27897,4992,4978,1601,6579,47
2022-03-25,Humboldt,023,135768,16858,16911,2947,19858,139
2022-03-25,Imperial,025,180216,55301,55230,10553,65783,913
2022-03-25,Inyo,027,18085,4065,4060,468,4528,56
2022-03-25,Kern,029,883053,191666,191288,45708,236996,2201
2022-03-25,Kings,031,150075,51426,51397,3513,54910,444
2022-03-25,Lake,033,64148,10688,10659,883,11542,136
2022-03-25,Lassen,035,31185,8952,8944,874,9818,63
2022-03-25,Los Angeles,037,10098052,2708263,2698028,122796,2820824,31291
2022-03-25,Madera,039,155013,37207,37321,6014,43335,354
2022-03-25,Marin,041,260295,33448,33317,2203,35520,287
2022-03-25,Mariposa,043,17540,2395,2386,200,2586,23
2022-03-25,Mendocino,045,87422,13046,13038,3009,16047,118
2022-03-25,Merced,047,269075,62393,62083,8684,70767,805
2022-03-25,Modoc,049,8938,732,736,249,985,7
2022-03-25,Mono,051,14174,2967,2966,122,3088,5
2022-03-25,Monterey,053,433212,79262,78688,13659,92347,724
2022-03-25,Napa,055,140530,25710,25701,935,26636,139
2022-03-25,Nevada,057,99092,15929,15960,1190,17150,123
2022-03-25,Orange,059,3164182,545897,545294,41255,586549,6853
2022-03-25,Placer,061,380077,62682,62634,7313,69947,613
2022-03-25,Plumas,063,18699,2966,2758,358,3116,13
2022-03-25,Riverside,065,2383286,590675,590060,27669,617729,6397
2022-03-25,Sacramento,067,1510023,280558,275529,26484,302013,2935
2022-03-25,San Benito,069,59416,12952,12885,513,13398,97
2022-03-25,San Bernardino,071,2135413,573575,560742,24890,585632,6840
2022-03-25,San Diego,073,3302833,749895,750170,52598,802768,5146
2022-03-25,San Francisco,075,870044,124355,124265,8192,132457,839
2022-03-25,San Joaquin,077,732212,166531,166079,9883,175962,2195
2022-03-25,San Luis Obispo,079,281455,52390,52369,3738,56107,469
2022-03-25,San Mateo,081,765935,121479,120165,6916,127081,684
2022-03-25,Santa Barbara,083,443738,85611,85477,4684,90161,674
2022-03-25,Santa Clara,085,1922200,314516,311189,12322,323511,2250
2022-03-25,Santa Cruz,087,273765,47685,47329,2081,49410,259
2022-03-25,Shasta,089,179085,30522,30542,6082,36624,527
2022-03-25,Sierra,091,2930,271,273,48,321,4
2022-03-25,Siskiyou,093,43540,4426,4433,2713,7146,80
2022-03-25,Solano,095,438530,81380,81659,5558,87217,441
2022-03-25,Sonoma,097,501317,83313,83113,2596,85709,485
2022-03-25,Stanislaus,099,539301,117472,117962,17797,135759,1565
2022-03-25,Sutter,101,95872,20445,20536,2071,22607,221
2022-03-25,Tehama,103,63373,12033,12036,2569,14605,195
2022-03-25,Trinity,105,12862,1182,1174,287,1461,20
2022-03-25,Tulare,107,460477,106151,104538,27514,132052,1400
2022-03-25,Tuolumne,109,53932,12658,12628,558,13186,180
2022-03-25,Ventura,111,848112,172925,172690,9372,182062,1455
2022-03-25,Yolo,113,214977,36876,36234,3024,39258,311
2022-03-25,Yuba,115,75493,15815,15807,1185,16992,117
2022-03-24,Alameda,001,1643700,255981,254691,13844,268535,1803
2022-03-24,Alpine,003,1148,124,124,1,125,0
2022-03-24,Amador,005,37829,8520,8476,640,9116,86
2022-03-24,Butte,007,227075,33156,32929,6964,39893,391
2022-03-24,Calaveras,009,45235,7246,7240,347,7587,120
2022-03-24,Colusa,011,21464,3444,3445,1046,4491,21
2022-03-24,Contra Costa,013,1133247,191575,187990,13362,201352,1285
2022-03-24,Del Norte,015,27424,5794,5831,183,6014,50
2022-03-24,El Dorado,017,186661,26667,26674,3186,29860,200
2022-03-24,Fresno,019,978130,231548,229799,24108,253907,2710
2022-03-24,Glenn,021,27897,4991,4978,1601,6579,47
2022-03-24,Humboldt,023,135768,16853,16911,2945,19856,139
2022-03-24,Imperial,025,180216,55294,55230,10553,65783,913
2022-03-24,Inyo,027,18085,4064,4060,468,4528,56
2022-03-24,Kern,029,883053,191656,191288,45706,236994,2201
2022-03-24,Kings,031,150075,51417,51397,3511,54908,444
2022-03-24,Lake,033,64148,10687,10659,883,11542,136
2022-03-24,Lassen,035,31185,8951,8944,874,9818,63
2022-03-24,Los Angeles,037,10098052,2707689,2698028,122752,2820780,31291
2022-03-24,Madera,039,155013,37205,37321,6012,43333,354
2022-03-24,Marin,041,260295,33427,33317,2194,35511,287
2022-03-24,Mariposa,043,17540,2395,2386,200,2586,23
2022-03-24,Mendocino,045,87422,13040,13038,3006,16044,118
2022-03-24,Merced,047,269075,62386,62083,8683,70766,805
2022-03-24,Modoc,049,8938,732,736,249,985,7
2022-03-24,Mono,051,14174,2967,2966,122,3088,5
2022-03-24,Monterey,053,433212,79236,78688,13645,92333,724
2022-03-24,Napa,055,140530,25701,25701,935,26636,139
2022-03-24,Nevada,057,99092,15925,15960,1189,17149,123
2022-03-24,Orange,059,3164182,545795,545294,41240,586534,6853
2022-03-24,Placer,061,380077,62662,62634,7312,69946,613
2022-03-24,Plumas,063,18699,2966,2758,358,3116,13
2022-03-24,Riverside,065,2383286,590598,590060,27661,617721,6397
2022-03-24,Sacramento,067,1510023,280489,275529,26479,302008,2935
2022-03-24,San Benito,069,59416,12951,12885,512,13397,97
2022-03-24,San Bernardino,071,2135413,573492,560742,24886,585628,6840
2022-03-24,San Diego,073,3302833,749688,750170,52585,802755,5146
2022-03-24,San Francisco,075,870044,124273,124265,8186,132451,839
2022-03-24,San Joaquin,077,732212,166504,166079,9883,175962,2195
2022-03-24,San Luis Obispo,079,281455,52374,52369,3737,56106,469
2022-03-24,San Mateo,081,765935,121431,120165,6912,127077,684
2022-03-24,Santa Barbara,083,443738,85596,85477,4681,90158,674
2022-03-24,Santa Clara,085,1922200,314369,311189,12305,323494,2250
2022-03-24,Santa Cruz,087,273765,47667,47329,2080,49409,259
2022-03-24,Shasta,089,179085,30514,30542,6082,36624,527
2022-03-24,Sierra,091,2930,271,273,48,321,4
2022-03-24,Siskiyou,093,43540,4424,4433,2713,7146,80
2022-03-24,Solano,095,438530,81361,81659,5557,87216,441
2022-03-24,Sonoma,097,501317,83278,83113,2594,85707,485
2022-03-24,Stanislaus,099,539301,117464,117962,17794,135756,1565
2022-03-24,Sutter,101,95872,20440,20536,2071,22607,221
2022-03-24,Tehama,103,63373,12031,12036,2568,14604,195
2022-03-24,Trinity,105,12862,1182,1174,287,1461,20
2022-03-24,Tulare,107,460477,106140,104538,27509,132047,1400
2022-03-24,Tuolumne,109,53932,12656,12628,558,13186,180
2022-03-24,Ventura,111,848112,172882,172690,9369,182059,1455
2022-03-24,Yolo,113,214977,36870,36234,3020,39254,311
2022-03-24,Yuba,115,75493,15811,15807,1183,16990,117
2022-03-23,Alameda,001,1643700,255848,254559,13833,268392,1802
2022-03-23,Alpine,003,1148,124,124,1,125,0
2022-03-23,Amador,005,37829,8520,8475,640,9115,86
2022-03-23,Butte,007,227075,33141,32920,6963,39883,387
2022-03-23,Calaveras,009,45235,7241,7237,347,7584,120
2022-03-23,Colusa,011,21464,3443,3444,1046,4490,21
2022-03-23,Contra Costa,013,1133247,191477,187898,13351,201249,1279
2022-03-23,Del Norte,015,27424,5792,5830,183,6013,50
2022-03-23,El Dorado,017,186661,26661,26670,3186,29856,200
2022-03-23,Fresno,019,978130,231512,229656,24095,253751,2710
2022-03-23,Glenn,021,27897,4991,4975,1601,6576,47
2022-03-23,Humboldt,023,135768,16852,16908,2944,19852,139
2022-03-23,Imperial,025,180216,55288,55211,10552,65763,909
2022-03-23,Inyo,027,18085,4064,4060,468,4528,56
2022-03-23,Kern,029,883053,191639,191241,45701,236942,2196
2022-03-23,Kings,031,150075,51406,51384,3511,54895,442
2022-03-23,Lake,033,64148,10683,10658,882,11540,135
2022-03-23,Lassen,035,31185,8950,8944,873,9817,63
2022-03-23,Los Angeles,037,10098052,2707008,2697227,122723,2819950,31267
2022-03-23,Madera,039,155013,37200,37317,6010,43327,354
2022-03-23,Marin,041,260295,33401,33274,2189,35463,287
2022-03-23,Mariposa,043,17540,2393,2382,199,2581,11
2022-03-23,Mendocino,045,87422,13036,13033,3005,16038,118
2022-03-23,Merced,047,269075,62375,62056,8680,70736,805
2022-03-23,Modoc,049,8938,732,736,249,985,7
2022-03-23,Mono,051,14174,2967,2966,122,3088,5
2022-03-23,Monterey,053,433212,79219,78655,13621,92276,724
2022-03-23,Napa,055,140530,25688,25691,933,26624,139
2022-03-23,Nevada,057,99092,15923,15958,1189,17147,123
2022-03-23,Orange,059,3164182,545664,545158,41227,586385,6852
2022-03-23,Placer,061,380077,62643,62622,7310,69932,613
2022-03-23,Plumas,063,18699,2966,2747,358,3105,13
2022-03-23,Riverside,065,2383286,590525,589947,27656,617603,6388
2022-03-23,Sacramento,067,1510023,280426,275398,26471,301869,2934
2022-03-23,San Benito,069,59416,12950,12884,512,13396,97
2022-03-23,San Bernardino,071,2135413,573419,560550,24882,585432,6828
2022-03-23,San Diego,073,3302833,749495,749871,52562,802433,5143
2022-03-23,San Francisco,075,870044,124160,124110,8179,132289,838
2022-03-23,San Joaquin,077,732212,166467,166041,9876,175917,2187
2022-03-23,San Luis Obispo,079,281455,52357,52344,3732,56076,469
2022-03-23,San Mateo,081,765935,121346,120080,6902,126982,685
2022-03-23,Santa Barbara,083,443738,85579,85464,4680,90144,673
2022-03-23,Santa Clara,085,1922200,314203,310956,12293,323249,2250
2022-03-23,Santa Cruz,087,273765,47648,47314,2076,49390,259
2022-03-23,Shasta,089,179085,30510,30524,6081,36605,526
2022-03-23,Sierra,091,2930,271,273,48,321,4
2022-03-23,Siskiyou,093,43540,4424,4433,2713,7146,80
2022-03-23,Solano,095,438530,81327,81615,5556,87171,441
2022-03-23,Sonoma,097,501317,83245,83074,2591,85665,482
2022-03-23,Stanislaus,099,539301,117447,118041,17791,135832,1568
2022-03-23,Sutter,101,95872,20437,20532,2071,22603,218
2022-03-23,Tehama,103,63373,12028,12035,2568,14603,195
2022-03-23,Trinity,105,12862,1182,1174,287,1461,20
2022-03-23,Tulare,107,460477,106123,104489,27504,131993,1394
2022-03-23,Tuolumne,109,53932,12655,12629,558,13187,180
2022-03-23,Ventura,111,848112,172834,172647,9367,182014,1455
2022-03-23,Yolo,113,214977,36851,36197,3018,39215,308
2022-03-23,Yuba,115,75493,15804,15801,1182,16983,117
2022-03-22,Alameda,001,1643700,255725,254467,13537,268004,1802
2022-03-22,Alpine,003,1148,124,122,1,123,0
2022-03-22,Amador,005,37829,8519,8462,639,9101,86
2022-03-22,Butte,007,227075,33131,32907,6959,39866,387
2022-03-22,Calaveras,009,45235,7239,7237,347,7584,120
2022-03-22,Colusa,011,21464,3442,3445,1046,4491,21
2022-03-22,Contra Costa,013,1133247,191401,187813,13330,201143,1279
2022-03-22,Del Norte,015,27424,5786,5824,183,6007,50
2022-03-22,El Dorado,017,186661,26654,26661,3186,29847,200
2022-03-22,Fresno,019,978130,231463,229551,24086,253637,2708
2022-03-22,Glenn,021,27897,4989,4971,1601,6572,47
2022-03-22,Humboldt,023,135768,16849,16911,2944,19855,139
2022-03-22,Imperial,025,180216,55276,55170,10549,65719,908
2022-03-22,Inyo,027,18085,4064,4060,468,4528,56
2022-03-22,Kern,029,883053,191616,191213,45693,236906,2195
2022-03-22,Kings,031,150075,51395,51369,3510,54879,442
2022-03-22,Lake,033,64148,10681,10657,881,11538,135
2022-03-22,Lassen,035,31185,8950,8940,873,9813,63
2022-03-22,Los Angeles,037,10098052,2706341,2696746,122676,2819422,31250
2022-03-22,Madera,039,155013,37197,37304,6007,43311,354
2022-03-22,Marin,041,260295,33376,33253,2185,35438,287
2022-03-22,Mariposa,043,17540,2391,2382,199,2581,6
2022-03-22,Mendocino,045,87422,13031,13030,3003,16033,118
2022-03-22,Merced,047,269075,62364,62056,8676,70732,805
2022-03-22,Modoc,049,8938,732,735,249,984,7
2022-03-22,Mono,051,14174,2967,2963,122,3085,5
2022-03-22,Monterey,053,433212,79202,78614,13611,92225,724
2022-03-22,Napa,055,140530,25678,25688,932,26620,139
2022-03-22,Nevada,057,99092,15915,15950,1189,17139,123
2022-03-22,Orange,059,3164182,545522,545075,41210,586285,6843
2022-03-22,Placer,061,380077,62630,62604,7308,69912,610
2022-03-22,Plumas,063,18699,2965,2744,358,3102,13
2022-03-22,Riverside,065,2383286,590450,589816,27653,617469,6383
2022-03-22,Sacramento,067,1510023,280350,275374,26460,301834,2927
2022-03-22,San Benito,069,59416,12949,12884,511,13395,97
2022-03-22,San Bernardino,071,2135413,573337,560371,24862,585233,6811
2022-03-22,San Diego,073,3302833,749297,749647,52542,802189,5141
2022-03-22,San Francisco,075,870044,124053,123998,8173,132171,838
2022-03-22,San Joaquin,077,732212,166439,165992,9873,175865,2187
2022-03-22,San Luis Obispo,079,281455,52349,52257,3732,55989,465
2022-03-22,San Mateo,081,765935,121273,119975,6899,126874,686
2022-03-22,Santa Barbara,083,443738,85562,85457,4679,90136,672
2022-03-22,Santa Clara,085,1922200,314027,310787,12281,323068,2249
2022-03-22,Santa Cruz,087,273765,47628,47287,2075,49362,259
2022-03-22,Shasta,089,179085,30504,30528,6081,36609,525
2022-03-22,Sierra,091,2930,271,273,48,321,4
2022-03-22,Siskiyou,093,43540,4424,4429,2712,7141,80
2022-03-22,Solano,095,438530,81304,81587,5553,87140,440
2022-03-22,Sonoma,097,501317,83216,83042,2588,85630,482
2022-03-22,Stanislaus,099,539301,117430,118025,17787,135812,1568
2022-03-22,Sutter,101,95872,20436,20525,2068,22593,218
2022-03-22,Tehama,103,63373,12026,12034,2568,14602,162
2022-03-22,Trinity,105,12862,1182,1174,287,1461,20
2022-03-22,Tulare,107,460477,106112,104431,27496,131927,1391
2022-03-22,Tuolumne,109,53932,12655,12628,558,13186,180
2022-03-22,Ventura,111,848112,172785,172590,9365,181955,1455
2022-03-22,Yolo,113,214977,36831,36184,3017,39201,308
2022-03-22,Yuba,115,75493,15801,15795,1181,16976,117
2022-03-21,Alameda,001,1643700,255497,254354,13529,267883,1799
2022-03-21,Alpine,003,1148,124,122,1,123,0
2022-03-21,Amador,005,37829,8516,8461,638,9099,85
2022-03-21,Butte,007,227075,33120,32895,6956,39851,385
2022-03-21,Calaveras,009,45235,7238,7237,347,7584,119
2022-03-21,Colusa,011,21464,3442,3445,1046,4491,21
2022-03-21,Contra Costa,013,1133247,191337,187509,13315,200824,1276
2022-03-21,Del Norte,015,27424,5785,5824,183,6007,50
2022-03-21,El Dorado,017,186661,26643,26610,3186,29796,199
2022-03-21,Fresno,019,978130,231415,229374,24077,253451,2707
2022-03-21,Glenn,021,27897,4987,4972,1596,6568,46
2022-03-21,Humboldt,023,135768,16839,16912,2931,19843,139
2022-03-21,Imperial,025,180216,55263,55133,10548,65681,908
2022-03-21,Inyo,027,18085,4063,4060,468,4528,56
2022-03-21,Kern,029,883053,191583,191184,45687,236871,2187
2022-03-21,Kings,031,150075,51381,51366,3508,54874,441
2022-03-21,Lake,033,64148,10679,10655,881,11536,135
2022-03-21,Lassen,035,31185,8949,8939,873,9812,63
2022-03-21,Los Angeles,037,10098052,2705478,2694711,122627,2817338,31218
2022-03-21,Madera,039,155013,37191,37288,6004,43292,354
2022-03-21,Marin,041,260295,33332,33242,2180,35422,287
2022-03-21,Mariposa,043,17540,2390,2383,198,2581,6
2022-03-21,Mendocino,045,87422,13023,13028,3001,16029,118
2022-03-21,Merced,047,269075,62351,62048,8671,70719,803
2022-03-21,Modoc,049,8938,730,734,249,983,7
2022-03-21,Mono,051,14174,2967,2962,122,3084,5
2022-03-21,Monterey,053,433212,79153,78572,13598,92170,724
2022-03-21,Napa,055,140530,25670,25684,930,26614,138
2022-03-21,Nevada,057,99092,15911,15963,1188,17151,123
2022-03-21,Orange,059,3164182,545369,544943,41193,586136,6841
2022-03-21,Placer,061,380077,62611,62550,7307,69857,610
2022-03-21,Plumas,063,18699,2965,2744,358,3102,13
2022-03-21,Riverside,065,2383286,590369,589707,27649,617356,6376
2022-03-21,Sacramento,067,1510023,280260,275334,26445,301779,2925
2022-03-21,San Benito,069,59416,12943,12872,511,13383,97
2022-03-21,San Bernardino,071,2135413,573249,560210,24849,585059,6807
2022-03-21,San Diego,073,3302833,749073,748833,52522,801355,5138
2022-03-21,San Francisco,075,870044,123885,123912,8164,132076,835
2022-03-21,San Joaquin,077,732212,166412,165939,9870,175809,2185
2022-03-21,San Luis Obispo,079,281455,52324,52219,3727,55946,463
2022-03-21,San Mateo,081,765935,121114,119899,6897,126796,684
2022-03-21,Santa Barbara,083,443738,85547,85416,4677,90093,672
2022-03-21,Santa Clara,085,1922200,313766,310509,12278,322787,2245
2022-03-21,Santa Cruz,087,273765,47592,47267,2074,49341,259
2022-03-21,Shasta,089,179085,30498,30523,6079,36602,525
2022-03-21,Sierra,091,2930,271,273,48,321,4
2022-03-21,Siskiyou,093,43540,4424,4426,2712,7138,80
2022-03-21,Solano,095,438530,81276,81399,5552,86951,441
2022-03-21,Sonoma,097,501317,83177,82979,2583,85562,482
2022-03-21,Stanislaus,099,539301,117397,118144,17785,135929,1571
2022-03-21,Sutter,101,95872,20433,20523,2056,22579,218
2022-03-21,Tehama,103,63373,12022,12030,2568,14598,160
2022-03-21,Trinity,105,12862,1182,1174,287,1461,20
2022-03-21,Tulare,107,460477,106092,104350,27491,131841,1389
2022-03-21,Tuolumne,109,53932,12655,12620,558,13178,180
2022-03-21,Ventura,111,848112,172715,172537,9361,181898,1452
2022-03-21,Yolo,113,214977,36815,36141,3015,39156,307
2022-03-21,Yuba,115,75493,15798,15790,1180,16970,117
2022-03-20,Alameda,001,1643700,255360,254293,13519,267812,1801
2022-03-20,Alpine,003,1148,122,122,1,123,0
2022-03-20,Amador,005,37829,8513,8460,638,9098,85
2022-03-20,Butte,007,227075,33105,32892,6952,39844,385
2022-03-20,Calaveras,009,45235,7238,7233,344,7577,119
2022-03-20,Colusa,011,21464,3442,3446,1046,4492,21
2022-03-20,Contra Costa,013,1133247,191234,187467,13305,200772,1276
2022-03-20,Del Norte,015,27424,5783,5821,183,6004,50
2022-03-20,El Dorado,017,186661,26635,26608,3186,29794,199
2022-03-20,Fresno,019,978130,231337,229297,24066,253363,2707
2022-03-20,Glenn,021,27897,4986,4972,1596,6568,46
2022-03-20,Humboldt,023,135768,16837,16913,2929,19842,139
2022-03-20,Imperial,025,180216,55252,55133,10547,65680,908
2022-03-20,Inyo,027,18085,4063,4060,468,4528,56
2022-03-20,Kern,029,883053,191541,191170,45682,236852,2187
2022-03-20,Kings,031,150075,51370,51360,3508,54868,441
2022-03-20,Lake,033,64148,10675,10652,881,11533,135
2022-03-20,Lassen,035,31185,8947,8938,873,9811,63
2022-03-20,Los Angeles,037,10098052,2704682,2694698,122584,2817282,31219
2022-03-20,Madera,039,155013,37186,37284,6001,43285,354
2022-03-20,Marin,041,260295,33316,33232,2179,35411,275
2022-03-20,Mariposa,043,17540,2390,2383,198,2581,6
2022-03-20,Mendocino,045,87422,13016,13027,2996,16023,118
2022-03-20,Merced,047,269075,62339,62041,8667,70708,803
2022-03-20,Modoc,049,8938,730,734,249,983,7
2022-03-20,Mono,051,14174,2965,2962,122,3084,5
2022-03-20,Monterey,053,433212,79120,78566,13587,92153,723
2022-03-20,Napa,055,140530,25658,25682,929,26611,138
2022-03-20,Nevada,057,99092,15907,15964,1188,17152,123
2022-03-20,Orange,059,3164182,545247,544862,41175,586037,6841
2022-03-20,Placer,061,380077,62590,62525,7307,69832,610
2022-03-20,Plumas,063,18699,2965,2744,358,3102,13
2022-03-20,Riverside,065,2383286,590272,589657,27645,617302,6376
2022-03-20,Sacramento,067,1510023,280181,275317,26430,301747,2927
2022-03-20,San Benito,069,59416,12943,12869,510,13379,97
2022-03-20,San Bernardino,071,2135413,573168,560220,24840,585060,6805
2022-03-20,San Diego,073,3302833,748837,748833,52488,801321,5138
2022-03-20,San Francisco,075,870044,123736,123858,8152,132010,835
2022-03-20,San Joaquin,077,732212,166379,165927,9865,175792,2185
2022-03-20,San Luis Obispo,079,281455,52300,52217,3724,55941,463
2022-03-20,San Mateo,081,765935,121054,119901,6891,126792,684
2022-03-20,Santa Barbara,083,443738,85522,85412,4676,90088,672
2022-03-20,Santa Clara,085,1922200,313558,310412,12270,322682,2243
2022-03-20,Santa Cruz,087,273765,47565,47265,2073,49338,259
2022-03-20,Shasta,089,179085,30488,30522,6078,36600,525
2022-03-20,Sierra,091,2930,271,273,48,321,4
2022-03-20,Siskiyou,093,43540,4423,4426,2712,7138,80
2022-03-20,Solano,095,438530,81246,81393,5550,86943,441
2022-03-20,Sonoma,097,501317,83134,82965,2582,85547,481
2022-03-20,Stanislaus,099,539301,117372,118146,17782,135928,1572
2022-03-20,Sutter,101,95872,20426,20519,2048,22567,218
2022-03-20,Tehama,103,63373,12020,12030,2568,14598,160
2022-03-20,Trinity,105,12862,1182,1174,287,1461,20
2022-03-20,Tulare,107,460477,106071,104353,27479,131832,1389
2022-03-20,Tuolumne,109,53932,12650,12617,558,13175,180
2022-03-20,Ventura,111,848112,172665,172514,9356,181870,1451
2022-03-20,Yolo,113,214977,36796,36135,3014,39149,307
2022-03-20,Yuba,115,75493,15789,15787,1178,16965,117
2022-03-19,Alameda,001,1643700,255283,253936,13517,267453,1797
2022-03-19,Alpine,003,1148,122,122,1,123,0
2022-03-19,Amador,005,37829,8510,8456,638,9094,85
2022-03-19,Butte,007,227075,33097,32856,6952,39808,385
2022-03-19,Calaveras,009,45235,7238,7229,344,7573,119
2022-03-19,Colusa,011,21464,3440,3445,1046,4491,21
2022-03-19,Contra Costa,013,1133247,191198,187225,13304,200529,1276
2022-03-19,Del Norte,015,27424,5780,5815,183,5998,48
2022-03-19,El Dorado,017,186661,26631,26618,3186,29804,199
2022-03-19,Fresno,019,978130,231314,228965,24065,253030,2694
2022-03-19,Glenn,021,27897,4986,4971,1596,6567,44
2022-03-19,Humboldt,023,135768,16831,16901,2929,19830,138
2022-03-19,Imperial,025,180216,55251,55038,10546,65584,898
2022-03-19,Inyo,027,18085,4063,4061,468,4529,56
2022-03-19,Kern,029,883053,191526,190943,45674,236617,2184
2022-03-19,Kings,031,150075,51365,51334,3508,54842,441
2022-03-19,Lake,033,64148,10675,10641,881,11522,135
2022-03-19,Lassen,035,31185,8947,8925,873,9798,63
2022-03-19,Los Angeles,037,10098052,2704306,2686759,122550,2809309,31133
2022-03-19,Madera,039,155013,37186,37273,6001,43274,354
2022-03-19,Marin,041,260295,33297,33163,2175,35338,272
2022-03-19,Mariposa,043,17540,2389,2378,198,2576,6
2022-03-19,Mendocino,045,87422,13016,13012,2996,16008,117
2022-03-19,Merced,047,269075,62334,61985,8665,70650,800
2022-03-19,Modoc,049,8938,730,734,249,983,7
2022-03-19,Mono,051,14174,2965,2961,122,3083,5
2022-03-19,Monterey,053,433212,79109,78483,13580,92063,720
2022-03-19,Napa,055,140530,25655,25654,929,26583,138
2022-03-19,Nevada,057,99092,15905,15960,1188,17148,123
2022-03-19,Orange,059,3164182,545176,543907,41159,585066,6817
2022-03-19,Placer,061,380077,62576,62483,7307,69790,605
2022-03-19,Plumas,063,18699,2965,2724,358,3082,13
2022-03-19,Riverside,065,2383286,590222,589017,27638,616655,6359
2022-03-19,Sacramento,067,1510023,280140,274855,26425,301280,2913
2022-03-19,San Benito,069,59416,12942,12859,510,13369,97
2022-03-19,San Bernardino,071,2135413,573122,559935,24838,584773,6778
2022-03-19,San Diego,073,3302833,748737,747344,52474,799818,5133
2022-03-19,San Francisco,075,870044,123666,123587,8150,131737,833
2022-03-19,San Joaquin,077,732212,166354,165765,9862,175627,2181
2022-03-19,San Luis Obispo,079,281455,52294,52174,3724,55898,463
2022-03-19,San Mateo,081,765935,121017,119782,6890,126672,667
2022-03-19,Santa Barbara,083,443738,85507,85336,4675,90011,671
2022-03-19,Santa Clara,085,1922200,313436,309918,12261,322179,2225
2022-03-19,Santa Cruz,087,273765,47557,47203,2069,49272,256
2022-03-19,Shasta,089,179085,30484,30495,6078,36573,525
2022-03-19,Sierra,091,2930,271,273,48,321,4
2022-03-19,Siskiyou,093,43540,4422,4422,2712,7134,76
2022-03-19,Solano,095,438530,81237,81340,5547,86887,441
2022-03-19,Sonoma,097,501317,83117,82838,2579,85417,472
2022-03-19,Stanislaus,099,539301,117362,118138,17780,135918,1568
2022-03-19,Sutter,101,95872,20423,20503,2048,22551,218
2022-03-19,Tehama,103,63373,12020,12007,2568,14575,160
2022-03-19,Trinity,105,12862,1182,1173,287,1460,20
2022-03-19,Tulare,107,460477,106062,104290,27474,131764,1384
2022-03-19,Tuolumne,109,53932,12649,12617,558,13175,180
2022-03-19,Ventura,111,848112,172634,172380,9355,181735,1451
2022-03-19,Yolo,113,214977,36787,36086,3014,39100,306
2022-03-19,Yuba,115,75493,15785,15768,1177,16945,117
2022-03-18,Alameda,001,1643700,255223,253936,13514,267450,1797
2022-03-18,Alpine,003,1148,122,122,1,123,0
2022-03-18,Amador,005,37829,8510,8456,638,9094,85
2022-03-18,Butte,007,227075,33092,32856,6949,39805,385
2022-03-18,Calaveras,009,45235,7238,7229,344,7573,119
2022-03-18,Colusa,011,21464,3440,3445,1046,4491,21
2022-03-18,Contra Costa,013,1133247,191166,187225,13302,200527,1276
2022-03-18,Del Norte,015,27424,5778,5815,183,5998,48
2022-03-18,El Dorado,017,186661,26626,26618,3184,29802,199
2022-03-18,Fresno,019,978130,231281,228965,24065,253030,2694
2022-03-18,Glenn,021,27897,4985,4971,1596,6567,44
2022-03-18,Humboldt,023,135768,16828,16901,2928,19829,138
2022-03-18,Imperial,025,180216,55249,55038,10546,65584,898
2022-03-18,Inyo,027,18085,4063,4061,468,4529,56
2022-03-18,Kern,029,883053,191515,190943,45671,236614,2184
2022-03-18,Kings,031,150075,51357,51334,3508,54842,441
2022-03-18,Lake,033,64148,10673,10641,880,11521,135
2022-03-18,Lassen,035,31185,8946,8925,873,9798,63
2022-03-18,Los Angeles,037,10098052,2703951,2686759,122524,2809283,31133
2022-03-18,Madera,039,155013,37181,37273,6001,43274,354
2022-03-18,Marin,041,260295,33283,33163,2175,35338,272
2022-03-18,Mariposa,043,17540,2388,2378,198,2576,6
2022-03-18,Mendocino,045,87422,13012,13012,2996,16008,117
2022-03-18,Merced,047,269075,62322,61985,8665,70650,800
2022-03-18,Modoc,049,8938,730,734,249,983,7
2022-03-18,Mono,051,14174,2964,2961,122,3083,5
2022-03-18,Monterey,053,433212,79091,78483,13578,92061,720
2022-03-18,Napa,055,140530,25652,25654,929,26583,138
2022-03-18,Nevada,057,99092,15902,15960,1187,17147,123
2022-03-18,Orange,059,3164182,545109,543907,41150,585057,6817
2022-03-18,Placer,061,380077,62567,62483,7307,69790,605
2022-03-18,Plumas,063,18699,2965,2724,358,3082,13
2022-03-18,Riverside,065,2383286,590162,589017,27634,616651,6359
2022-03-18,Sacramento,067,1510023,280104,274855,26421,301276,2913
2022-03-18,San Benito,069,59416,12940,12859,510,13369,97
2022-03-18,San Bernardino,071,2135413,573084,559935,24836,584771,6778
2022-03-18,San Diego,073,3302833,748629,747344,52459,799803,5133
2022-03-18,San Francisco,075,870044,123586,123587,8145,131732,833
2022-03-18,San Joaquin,077,732212,166339,165765,9857,175622,2181
2022-03-18,San Luis Obispo,079,281455,52287,52174,3724,55898,463
2022-03-18,San Mateo,081,765935,120982,119782,6887,126669,667
2022-03-18,Santa Barbara,083,443738,85497,85336,4674,90010,671
2022-03-18,Santa Clara,085,1922200,313329,309918,12258,322176,2225
2022-03-18,Santa Cruz,087,273765,47545,47203,2068,49271,256
2022-03-18,Shasta,089,179085,30483,30495,6078,36573,525
2022-03-18,Sierra,091,2930,271,273,48,321,4
2022-03-18,Siskiyou,093,43540,4422,4422,2712,7134,76
2022-03-18,Solano,095,438530,81226,81340,5541,86881,441
2022-03-18,Sonoma,097,501317,83096,82838,2578,85416,472
2022-03-18,Stanislaus,099,539301,117349,118138,17780,135918,1568
2022-03-18,Sutter,101,95872,20420,20503,2048,22551,218
2022-03-18,Tehama,103,63373,12019,12007,2568,14575,160
2022-03-18,Trinity,105,12862,1182,1173,287,1460,20
2022-03-18,Tulare,107,460477,106056,104290,27469,131759,1384
2022-03-18,Tuolumne,109,53932,12648,12617,558,13175,180
2022-03-18,Ventura,111,848112,172614,172380,9350,181730,1451
2022-03-18,Yolo,113,214977,36776,36086,3014,39100,306
2022-03-18,Yuba,115,75493,15783,15768,1177,16945,117
2022-03-17,Alameda,001,1643700,255124,253936,13508,267444,1797
2022-03-17,Alpine,003,1148,122,122,1,123,0
2022-03-17,Amador,005,37829,8503,8456,638,9094,85
2022-03-17,Butte,007,227075,33079,32856,6947,39803,385
2022-03-17,Calaveras,009,45235,7235,7229,344,7573,119
2022-03-17,Colusa,011,21464,3440,3445,1046,4491,21
2022-03-17,Contra Costa,013,1133247,191102,187225,13291,200516,1276
2022-03-17,Del Norte,015,27424,5776,5815,183,5998,48
2022-03-17,El Dorado,017,186661,26620,26618,3184,29802,199
2022-03-17,Fresno,019,978130,231232,228965,24062,253027,2694
2022-03-17,Glenn,021,27897,4985,4971,1596,6567,44
2022-03-17,Humboldt,023,135768,16824,16901,2926,19827,138
2022-03-17,Imperial,025,180216,55238,55038,10546,65584,898
2022-03-17,Inyo,027,18085,4063,4061,468,4529,56
2022-03-17,Kern,029,883053,191484,190943,45668,236611,2184
2022-03-17,Kings,031,150075,51354,51334,3507,54841,441
2022-03-17,Lake,033,64148,10670,10641,880,11521,135
2022-03-17,Lassen,035,31185,8944,8925,873,9798,63
2022-03-17,Los Angeles,037,10098052,2703293,2686759,122489,2809248,31133
2022-03-17,Madera,039,155013,37177,37273,6001,43274,354
2022-03-17,Marin,041,260295,33271,33163,2174,35337,272
2022-03-17,Mariposa,043,17540,2388,2378,198,2576,6
2022-03-17,Mendocino,045,87422,13008,13012,2993,16005,117
2022-03-17,Merced,047,269075,62316,61985,8662,70647,800
2022-03-17,Modoc,049,8938,730,734,249,983,7
2022-03-17,Mono,051,14174,2964,2961,121,3082,5
2022-03-17,Monterey,053,433212,79068,78483,13572,92055,720
2022-03-17,Napa,055,140530,25647,25654,929,26583,138
2022-03-17,Nevada,057,99092,15899,15960,1187,17147,123
2022-03-17,Orange,059,3164182,545015,543907,41140,585047,6817
2022-03-17,Placer,061,380077,62551,62483,7305,69788,605
2022-03-17,Plumas,063,18699,2964,2724,358,3082,13
2022-03-17,Riverside,065,2383286,590082,589017,27627,616644,6359
2022-03-17,Sacramento,067,1510023,280038,274855,26415,301270,2913
2022-03-17,San Benito,069,59416,12939,12859,510,13369,97
2022-03-17,San Bernardino,071,2135413,573020,559935,24833,584768,6778
2022-03-17,San Diego,073,3302833,748454,747344,52443,799787,5133
2022-03-17,San Francisco,075,870044,123506,123587,8140,131727,833
2022-03-17,San Joaquin,077,732212,166319,165765,9855,175620,2181
2022-03-17,San Luis Obispo,079,281455,52273,52174,3722,55896,463
2022-03-17,San Mateo,081,765935,120934,119782,6883,126665,667
2022-03-17,Santa Barbara,083,443738,85481,85336,4674,90010,671
2022-03-17,Santa Clara,085,1922200,313209,309918,12253,322171,2225
2022-03-17,Santa Cruz,087,273765,47529,47203,2066,49269,256
2022-03-17,Shasta,089,179085,30479,30495,6076,36571,525
2022-03-17,Sierra,091,2930,271,273,48,321,4
2022-03-17,Siskiyou,093,43540,4422,4422,2712,7134,76
2022-03-17,Solano,095,438530,81197,81340,5537,86877,441
2022-03-17,Sonoma,097,501317,83068,82838,2576,85414,472
2022-03-17,Stanislaus,099,539301,117335,118138,17775,135913,1568
2022-03-17,Sutter,101,95872,20410,20503,2037,22540,218
2022-03-17,Tehama,103,63373,12019,12007,2568,14575,160
2022-03-17,Trinity,105,12862,1182,1173,287,1460,20
2022-03-17,Tulare,107,460477,106040,104290,27459,131749,1384
2022-03-17,Tuolumne,109,53932,12646,12617,557,13174,180
2022-03-17,Ventura,111,848112,172565,172380,9348,181728,1451
2022-03-17,Yolo,113,214977,36762,36086,3014,39100,306
2022-03-17,Yuba,115,75493,15781,15768,1176,16944,117
2022-03-16,Alameda,001,1643700,255023,253792,13505,267297,1794
2022-03-16,Alpine,003,1148,122,122,1,123,0
2022-03-16,Amador,005,37829,8495,8449,638,9087,85
2022-03-16,Butte,007,227075,33068,32837,6942,39779,385
2022-03-16,Calaveras,009,45235,7233,7229,344,7573,120
2022-03-16,Colusa,011,21464,3440,3445,1046,4491,22
2022-03-16,Contra Costa,013,1133247,191044,187100,13280,200380,1266
2022-03-16,Del Norte,015,27424,5775,5811,181,5992,48
2022-03-16,El Dorado,017,186661,26607,26602,3183,29785,199
2022-03-16,Fresno,019,978130,231185,228786,24051,252837,2689
2022-03-16,Glenn,021,27897,4984,4969,1596,6565,44
2022-03-16,Humboldt,023,135768,16821,16893,2926,19819,138
2022-03-16,Imperial,025,180216,55226,55002,10545,65547,897
2022-03-16,Inyo,027,18085,4062,4061,468,4529,56
2022-03-16,Kern,029,883053,191441,190835,45661,236496,2170
2022-03-16,Kings,031,150075,51339,51321,3507,54828,437
2022-03-16,Lake,033,64148,10668,10633,879,11512,133
2022-03-16,Lassen,035,31185,8941,8924,873,9797,62
2022-03-16,Los Angeles,037,10098052,2702661,2685789,122449,2808238,31102
2022-03-16,Madera,039,155013,37167,37262,6000,43262,354
2022-03-16,Marin,041,260295,33250,33136,2172,35308,272
2022-03-16,Mariposa,043,17540,2386,2376,198,2574,6
2022-03-16,Mendocino,045,87422,13005,13011,2992,16003,117
2022-03-16,Merced,047,269075,62300,61959,8658,70617,798
2022-03-16,Modoc,049,8938,729,734,249,983,7
2022-03-16,Mono,051,14174,2964,2960,121,3081,5
2022-03-16,Monterey,053,433212,79046,78416,13567,91983,720
2022-03-16,Napa,055,140530,25638,25638,929,26567,138
2022-03-16,Nevada,057,99092,15897,15960,1187,17147,123
2022-03-16,Orange,059,3164182,544892,543326,41117,584443,6791
2022-03-16,Placer,061,380077,62535,62435,7303,69738,605
2022-03-16,Plumas,063,18699,2964,2723,358,3081,13
2022-03-16,Riverside,065,2383286,589986,588761,27624,616385,6351
2022-03-16,Sacramento,067,1510023,279971,274709,26408,301117,2910
2022-03-16,San Benito,069,59416,12934,12854,510,13364,97
2022-03-16,San Bernardino,071,2135413,572939,559746,24826,584572,6775
2022-03-16,San Diego,073,3302833,748249,746970,52419,799389,5126
2022-03-16,San Francisco,075,870044,123406,123446,8133,131579,831
2022-03-16,San Joaquin,077,732212,166272,165703,9852,175555,2169
2022-03-16,San Luis Obispo,079,281455,52255,52132,3718,55850,462
2022-03-16,San Mateo,081,765935,120871,119680,6875,126555,660
2022-03-16,Santa Barbara,083,443738,85448,85322,4670,89992,670
2022-03-16,Santa Clara,085,1922200,313023,309689,12238,321927,2224
2022-03-16,Santa Cruz,087,273765,47500,47161,2066,49227,255
2022-03-16,Shasta,089,179085,30470,30489,6072,36561,527
2022-03-16,Sierra,091,2930,271,273,48,321,4
2022-03-16,Siskiyou,093,43540,4420,4419,2710,7129,76
2022-03-16,Solano,095,438530,81174,81277,5535,86812,440
2022-03-16,Sonoma,097,501317,83025,82791,2566,85357,472
2022-03-16,Stanislaus,099,539301,117309,118072,17773,135845,1567
2022-03-16,Sutter,101,95872,20408,20494,2036,22530,218
2022-03-16,Tehama,103,63373,12017,11999,2568,14567,160
2022-03-16,Trinity,105,12862,1182,1173,287,1460,20
2022-03-16,Tulare,107,460477,106027,104217,27453,131670,1377
2022-03-16,Tuolumne,109,53932,12641,12610,557,13167,180
2022-03-16,Ventura,111,848112,172524,172212,9344,181556,1451
2022-03-16,Yolo,113,214977,36739,36079,3013,39092,307
2022-03-16,Yuba,115,75493,15776,15758,1176,16934,117
2022-03-15,Alameda,001,1643700,254889,253694,13496,267190,1793
2022-03-15,Alpine,003,1148,122,122,1,123,0
2022-03-15,Amador,005,37829,8492,8448,638,9086,85
2022-03-15,Butte,007,227075,33055,32822,6941,39763,385
2022-03-15,Calaveras,009,45235,7231,7236,344,7580,118
2022-03-15,Colusa,011,21464,3440,3445,1046,4491,21
2022-03-15,Contra Costa,013,1133247,190963,187021,13273,200294,1265
2022-03-15,Del Norte,015,27424,5772,5806,178,5984,48
2022-03-15,El Dorado,017,186661,26604,26596,3183,29779,199
2022-03-15,Fresno,019,978130,231142,228631,24042,252673,2689
2022-03-15,Glenn,021,27897,4982,4966,1596,6562,44
2022-03-15,Humboldt,023,135768,16815,16889,2925,19814,138
2022-03-15,Imperial,025,180216,55215,54981,10541,65522,896
2022-03-15,Inyo,027,18085,4062,4062,467,4529,56
2022-03-15,Kern,029,883053,191412,190645,45651,236296,2168
2022-03-15,Kings,031,150075,51320,51317,3503,54820,437
2022-03-15,Lake,033,64148,10664,10631,879,11510,131
2022-03-15,Lassen,035,31185,8939,8926,873,9799,62
2022-03-15,Los Angeles,037,10098052,2701973,2685071,122392,2807463,31077
2022-03-15,Madera,039,155013,37158,37258,5999,43257,354
2022-03-15,Marin,041,260295,33227,33111,2171,35282,272
2022-03-15,Mariposa,043,17540,2384,2377,198,2575,6
2022-03-15,Mendocino,045,87422,13000,13005,2991,15996,117
2022-03-15,Merced,047,269075,62283,61916,8649,70565,798
2022-03-15,Modoc,049,8938,729,733,249,982,7
2022-03-15,Mono,051,14174,2964,2961,121,3082,5
2022-03-15,Monterey,053,433212,79016,78400,13559,91959,718
2022-03-15,Napa,055,140530,25630,25657,927,26584,138
2022-03-15,Nevada,057,99092,15895,15960,1185,17145,123
2022-03-15,Orange,059,3164182,544753,543197,41110,584307,6780
2022-03-15,Placer,061,380077,62518,62398,7299,69697,604
2022-03-15,Plumas,063,18699,2963,2722,358,3080,13
2022-03-15,Riverside,065,2383286,589887,588622,27616,616238,6333
2022-03-15,Sacramento,067,1510023,279885,274633,26402,301035,2907
2022-03-15,San Benito,069,59416,12929,12849,510,13359,95
2022-03-15,San Bernardino,071,2135413,572863,559605,24823,584428,6770
2022-03-15,San Diego,073,3302833,748006,746474,52397,798871,5116
2022-03-15,San Francisco,075,870044,123289,123526,8124,131650,831
2022-03-15,San Joaquin,077,732212,166229,165664,9846,175510,2161
2022-03-15,San Luis Obispo,079,281455,52245,52060,3714,55774,458
2022-03-15,San Mateo,081,765935,120820,119586,6869,126455,649
2022-03-15,Santa Barbara,083,443738,85423,85353,4666,90019,668
2022-03-15,Santa Clara,085,1922200,312860,309535,12226,321761,2224
2022-03-15,Santa Cruz,087,273765,47447,47117,2066,49183,255
2022-03-15,Shasta,089,179085,30461,30476,6069,36545,524
2022-03-15,Sierra,091,2930,271,273,48,321,4
2022-03-15,Siskiyou,093,43540,4420,4420,2710,7130,76
2022-03-15,Solano,095,438530,81138,81260,5534,86794,440
2022-03-15,Sonoma,097,501317,82985,82737,2566,85303,472
2022-03-15,Stanislaus,099,539301,117291,118085,17770,135855,1567
2022-03-15,Sutter,101,95872,20405,20480,2027,22507,217
2022-03-15,Tehama,103,63373,12014,11997,2568,14565,160
2022-03-15,Trinity,105,12862,1182,1173,287,1460,20
2022-03-15,Tulare,107,460477,106008,104153,27441,131594,1375
2022-03-15,Tuolumne,109,53932,12637,12602,557,13159,180
2022-03-15,Ventura,111,848112,172479,172150,9341,181491,1451
2022-03-15,Yolo,113,214977,36724,36079,3009,39088,308
2022-03-15,Yuba,115,75493,15768,15756,1176,16932,116
2022-03-14,Alameda,001,1643700,254778,253629,13492,267121,1791
2022-03-14,Alpine,003,1148,122,122,1,123,0
2022-03-14,Amador,005,37829,8487,8448,638,9086,85
2022-03-14,Butte,007,227075,33039,32812,6941,39753,385
2022-03-14,Calaveras,009,45235,7230,7245,344,7589,118
2022-03-14,Colusa,011,21464,3439,3445,1046,4491,21
2022-03-14,Contra Costa,013,1133247,190871,186969,13265,200234,1265
2022-03-14,Del Norte,015,27424,5766,5807,178,5985,48
2022-03-14,El Dorado,017,186661,26599,26570,3183,29753,199
2022-03-14,Fresno,019,978130,231068,228470,24032,252502,2682
2022-03-14,Glenn,021,27897,4980,4966,1596,6562,44
2022-03-14,Humboldt,023,135768,16808,16890,2923,19813,137
2022-03-14,Imperial,025,180216,55204,54933,10540,65473,897
2022-03-14,Inyo,027,18085,4062,4062,467,4529,56
2022-03-14,Kern,029,883053,191377,190526,45640,236166,2166
2022-03-14,Kings,031,150075,51302,51293,3502,54795,437
2022-03-14,Lake,033,64148,10661,10631,879,11510,131
2022-03-14,Lassen,035,31185,8939,8927,872,9799,62
2022-03-14,Los Angeles,037,10098052,2701340,2683369,122327,2805696,31034
2022-03-14,Madera,039,155013,37151,37255,5998,43253,354
2022-03-14,Marin,041,260295,33199,33099,2171,35270,272
2022-03-14,Mariposa,043,17540,2383,2376,198,2574,6
2022-03-14,Mendocino,045,87422,12995,12992,2984,15976,117
2022-03-14,Merced,047,269075,62264,61905,8647,70552,795
2022-03-14,Modoc,049,8938,728,731,249,980,7
2022-03-14,Mono,051,14174,2963,2961,121,3082,5
2022-03-14,Monterey,053,433212,79001,78376,13523,91899,718
2022-03-14,Napa,055,140530,25616,25649,927,26576,138
2022-03-14,Nevada,057,99092,15893,15954,1185,17139,123
2022-03-14,Orange,059,3164182,544616,543099,41097,584196,6775
2022-03-14,Placer,061,380077,62500,62389,7297,69686,601
2022-03-14,Plumas,063,18699,2963,2711,358,3069,13
2022-03-14,Riverside,065,2383286,589752,588531,27606,616137,6332
2022-03-14,Sacramento,067,1510023,279803,274682,26397,301079,2899
2022-03-14,San Benito,069,59416,12924,12846,510,13356,95
2022-03-14,San Bernardino,071,2135413,572776,559505,24818,584323,6767
2022-03-14,San Diego,073,3302833,747703,745515,52368,797883,5108
2022-03-14,San Francisco,075,870044,123197,123575,8117,131692,824
2022-03-14,San Joaquin,077,732212,166190,165662,9845,175507,2142
2022-03-14,San Luis Obispo,079,281455,52217,52046,3711,55757,458
2022-03-14,San Mateo,081,765935,120747,119564,6867,126431,649
2022-03-14,Santa Barbara,083,443738,85386,85396,4665,90061,667
2022-03-14,Santa Clara,085,1922200,312671,309600,12222,321822,2223
2022-03-14,Santa Cruz,087,273765,47409,47107,2064,49171,255
2022-03-14,Shasta,089,179085,30456,30462,6066,36528,520
2022-03-14,Sierra,091,2930,271,273,48,321,4
2022-03-14,Siskiyou,093,43540,4415,4419,2709,7128,76
2022-03-14,Solano,095,438530,81089,81233,5529,86762,440
2022-03-14,Sonoma,097,501317,82949,82731,2562,85293,473
2022-03-14,Stanislaus,099,539301,117255,118088,17766,135854,1567
2022-03-14,Sutter,101,95872,20398,20478,2027,22505,217
2022-03-14,Tehama,103,63373,12012,11996,2568,14564,160
2022-03-14,Trinity,105,12862,1182,1172,287,1459,20
2022-03-14,Tulare,107,460477,105980,104121,27434,131555,1365
2022-03-14,Tuolumne,109,53932,12636,12567,556,13123,180
2022-03-14,Ventura,111,848112,172426,172107,9339,181446,1442
2022-03-14,Yolo,113,214977,36708,36059,3007,39066,308
2022-03-14,Yuba,115,75493,15756,15748,1176,16924,116
2022-03-13,Alameda,001,1643700,254655,253547,13484,267031,1792
2022-03-13,Alpine,003,1148,122,122,1,123,0
2022-03-13,Amador,005,37829,8485,8444,638,9082,85
2022-03-13,Butte,007,227075,33020,32806,6938,39744,384
2022-03-13,Calaveras,009,45235,7225,7253,344,7597,118
2022-03-13,Colusa,011,21464,3439,3444,1044,4488,21
2022-03-13,Contra Costa,013,1133247,190773,186911,13252,200163,1265
2022-03-13,Del Norte,015,27424,5762,5808,178,5986,48
2022-03-13,El Dorado,017,186661,26594,26563,3182,29745,199
2022-03-13,Fresno,019,978130,230986,228421,24018,252439,2683
2022-03-13,Glenn,021,27897,4977,4966,1595,6561,44
2022-03-13,Humboldt,023,135768,16800,16883,2923,19806,137
2022-03-13,Imperial,025,180216,55193,54934,10538,65472,897
2022-03-13,Inyo,027,18085,4062,4062,466,4528,56
2022-03-13,Kern,029,883053,191323,190495,45628,236123,2166
2022-03-13,Kings,031,150075,51294,51273,3502,54775,437
2022-03-13,Lake,033,64148,10658,10626,879,11505,131
2022-03-13,Lassen,035,31185,8938,8929,871,9800,62
2022-03-13,Los Angeles,037,10098052,2700613,2683351,122285,2805636,31034
2022-03-13,Madera,039,155013,37143,37248,5998,43246,354
2022-03-13,Marin,041,260295,33175,33083,2169,35252,272
2022-03-13,Mariposa,043,17540,2381,2376,198,2574,6
2022-03-13,Mendocino,045,87422,12989,12987,2979,15966,117
2022-03-13,Merced,047,269075,62242,61895,8637,70532,795
2022-03-13,Modoc,049,8938,728,731,249,980,7
2022-03-13,Mono,051,14174,2963,2961,121,3082,5
2022-03-13,Monterey,053,433212,78965,78366,13475,91841,718
2022-03-13,Napa,055,140530,25602,25639,926,26565,138
2022-03-13,Nevada,057,99092,15886,15959,1185,17144,123
2022-03-13,Orange,059,3164182,544496,543036,41073,584109,6774
2022-03-13,Placer,061,380077,62472,62372,7294,69666,601
2022-03-13,Plumas,063,18699,2963,2711,358,3069,13
2022-03-13,Riverside,065,2383286,589619,588487,27600,616087,6332
2022-03-13,Sacramento,067,1510023,279694,274715,26384,301099,2899
2022-03-13,San Benito,069,59416,12918,12844,508,13352,95
2022-03-13,San Bernardino,071,2135413,572686,559450,24808,584258,6767
2022-03-13,San Diego,073,3302833,747362,745515,52334,797849,5108
2022-03-13,San Francisco,075,870044,123076,123622,8111,131733,824
2022-03-13,San Joaquin,077,732212,166140,165641,9843,175484,2142
2022-03-13,San Luis Obispo,079,281455,52188,52040,3708,55748,458
2022-03-13,San Mateo,081,765935,120669,119521,6858,126379,649
2022-03-13,Santa Barbara,083,443738,85346,85453,4663,90116,667
2022-03-13,Santa Clara,085,1922200,312482,309493,12214,321707,2225
2022-03-13,Santa Cruz,087,273765,47357,47087,2064,49151,255
2022-03-13,Shasta,089,179085,30439,30457,6064,36521,520
2022-03-13,Sierra,091,2930,271,273,48,321,4
2022-03-13,Siskiyou,093,43540,4415,4418,2709,7127,76
2022-03-13,Solano,095,438530,81053,81217,5524,86741,440
2022-03-13,Sonoma,097,501317,82915,82711,2558,85269,473
2022-03-13,Stanislaus,099,539301,117222,118075,17761,135836,1567
2022-03-13,Sutter,101,95872,20394,20474,2027,22501,217
2022-03-13,Tehama,103,63373,12011,11997,2567,14564,160
2022-03-13,Trinity,105,12862,1182,1172,287,1459,20
2022-03-13,Tulare,107,460477,105947,104119,27426,131545,1365
2022-03-13,Tuolumne,109,53932,12633,12565,556,13121,180
2022-03-13,Ventura,111,848112,172368,172080,9332,181412,1442
2022-03-13,Yolo,113,214977,36689,36019,3005,39024,308
2022-03-13,Yuba,115,75493,15751,15741,1176,16917,116
2022-03-12,Alameda,001,1643700,254587,253079,13479,266558,1783
2022-03-12,Alpine,003,1148,122,122,1,123,0
2022-03-12,Amador,005,37829,8481,8427,638,9065,84
2022-03-12,Butte,007,227075,33015,32774,6936,39710,380
2022-03-12,Calaveras,009,45235,7224,7253,344,7597,118
2022-03-12,Colusa,011,21464,3439,3440,1044,4484,21
2022-03-12,Contra Costa,013,1133247,190731,186618,13251,199869,1256
2022-03-12,Del Norte,015,27424,5761,5791,178,5969,48
2022-03-12,El Dorado,017,186661,26590,26538,3182,29720,199
2022-03-12,Fresno,019,978130,230964,228041,24018,252059,2653
2022-03-12,Glenn,021,27897,4977,4955,1595,6550,44
2022-03-12,Humboldt,023,135768,16796,16862,2922,19784,137
2022-03-12,Imperial,025,180216,55188,54837,10535,65372,896
2022-03-12,Inyo,027,18085,4062,4056,466,4522,56
2022-03-12,Kern,029,883053,191306,190330,45623,235953,2162
2022-03-12,Kings,031,150075,51288,51145,3502,54647,436
2022-03-12,Lake,033,64148,10656,10594,878,11472,131
2022-03-12,Lassen,035,31185,8937,8915,871,9786,62
2022-03-12,Los Angeles,037,10098052,2700283,2678858,122264,2801122,30901
2022-03-12,Madera,039,155013,37138,37223,5998,43221,354
2022-03-12,Marin,041,260295,33150,33015,2168,35183,272
2022-03-12,Mariposa,043,17540,2381,2372,198,2570,6
2022-03-12,Mendocino,045,87422,12985,12965,2979,15944,117
2022-03-12,Merced,047,269075,62235,61840,8635,70475,795
2022-03-12,Modoc,049,8938,728,730,249,979,7
2022-03-12,Mono,051,14174,2963,2960,120,3080,5
2022-03-12,Monterey,053,433212,78958,78285,13473,91758,716
2022-03-12,Napa,055,140530,25592,25584,925,26509,138
2022-03-12,Nevada,057,99092,15880,15947,1185,17132,123
2022-03-12,Orange,059,3164182,544432,542354,41064,583418,6718
2022-03-12,Placer,061,380077,62463,62282,7294,69576,598
2022-03-12,Plumas,063,18699,2963,2707,358,3065,13
2022-03-12,Riverside,065,2383286,589554,588022,27595,615617,6317
2022-03-12,Sacramento,067,1510023,279654,274519,26380,300899,2886
2022-03-12,San Benito,069,59416,12915,12868,508,13376,95
2022-03-12,San Bernardino,071,2135413,572638,559013,24807,583820,6734
2022-03-12,San Diego,073,3302833,747240,744386,52312,796698,5090
2022-03-12,San Francisco,075,870044,123011,123610,8105,131715,823
2022-03-12,San Joaquin,077,732212,166119,165516,9840,175356,2117
2022-03-12,San Luis Obispo,079,281455,52179,51947,3705,55652,457
2022-03-12,San Mateo,081,765935,120633,119288,6857,126145,641
2022-03-12,Santa Barbara,083,443738,85327,85421,4663,90084,664
2022-03-12,Santa Clara,085,1922200,312377,308989,12209,321198,2208
2022-03-12,Santa Cruz,087,273765,47344,46982,2063,49045,254
2022-03-12,Shasta,089,179085,30427,30419,6062,36481,517
2022-03-12,Sierra,091,2930,271,273,48,321,4
2022-03-12,Siskiyou,093,43540,4415,4405,2709,7114,75
2022-03-12,Solano,095,438530,81039,81058,5524,86582,436
2022-03-12,Sonoma,097,501317,82898,82622,2556,85178,473
2022-03-12,Stanislaus,099,539301,117208,117884,17760,135644,1564
2022-03-12,Sutter,101,95872,20393,20429,2027,22456,217
2022-03-12,Tehama,103,63373,12011,11983,2567,14550,159
2022-03-12,Trinity,105,12862,1181,1172,287,1459,20
2022-03-12,Tulare,107,460477,105942,103994,27422,131416,1358
2022-03-12,Tuolumne,109,53932,12632,12476,556,13032,180
2022-03-12,Ventura,111,848112,172343,171932,9331,181263,1442
2022-03-12,Yolo,113,214977,36682,35982,3003,38985,308
2022-03-12,Yuba,115,75493,15751,15722,1176,16898,116
2022-03-11,Alameda,001,1643700,254522,253079,13479,266558,1783
2022-03-11,Alpine,003,1148,122,122,1,123,0
2022-03-11,Amador,005,37829,8479,8427,638,9065,84
2022-03-11,Butte,007,227075,33011,32774,6935,39709,380
2022-03-11,Calaveras,009,45235,7224,7253,344,7597,118
2022-03-11,Colusa,011,21464,3439,3440,1044,4484,21
2022-03-11,Contra Costa,013,1133247,190683,186618,13249,199867,1256
2022-03-11,Del Norte,015,27424,5757,5791,178,5969,48
2022-03-11,El Dorado,017,186661,26586,26538,3182,29720,199
2022-03-11,Fresno,019,978130,230909,228041,24014,252055,2653
2022-03-11,Glenn,021,27897,4977,4955,1595,6550,44
2022-03-11,Humboldt,023,135768,16791,16862,2921,19783,137
2022-03-11,Imperial,025,180216,55182,54837,10534,65371,896
2022-03-11,Inyo,027,18085,4062,4056,466,4522,56
2022-03-11,Kern,029,883053,191284,190330,45618,235948,2162
2022-03-11,Kings,031,150075,51269,51145,3502,54647,436
2022-03-11,Lake,033,64148,10652,10594,878,11472,131
2022-03-11,Lassen,035,31185,8936,8915,871,9786,62
2022-03-11,Los Angeles,037,10098052,2699960,2678858,122236,2801094,30901
2022-03-11,Madera,039,155013,37133,37223,5998,43221,354
2022-03-11,Marin,041,260295,33134,33015,2167,35182,272
2022-03-11,Mariposa,043,17540,2380,2372,198,2570,6
2022-03-11,Mendocino,045,87422,12979,12965,2979,15944,117
2022-03-11,Merced,047,269075,62228,61840,8633,70473,795
2022-03-11,Modoc,049,8938,728,730,249,979,7
2022-03-11,Mono,051,14174,2962,2960,120,3080,5
2022-03-11,Monterey,053,433212,78945,78285,13466,91751,716
2022-03-11,Napa,055,140530,25581,25584,925,26509,138
2022-03-11,Nevada,057,99092,15877,15947,1185,17132,123
2022-03-11,Orange,059,3164182,544363,542354,41050,583404,6718
2022-03-11,Placer,061,380077,62452,62282,7293,69575,598
2022-03-11,Plumas,063,18699,2961,2707,358,3065,13
2022-03-11,Riverside,065,2383286,589477,588022,27591,615613,6317
2022-03-11,Sacramento,067,1510023,279585,274519,26377,300896,2886
2022-03-11,San Benito,069,59416,12914,12868,508,13376,95
2022-03-11,San Bernardino,071,2135413,572581,559013,24802,583815,6734
2022-03-11,San Diego,073,3302833,747074,744386,52298,796684,5090
2022-03-11,San Francisco,075,870044,122955,123610,8101,131711,823
2022-03-11,San Joaquin,077,732212,166081,165516,9837,175353,2117
2022-03-11,San Luis Obispo,079,281455,52171,51947,3704,55651,457
2022-03-11,San Mateo,081,765935,120584,119288,6854,126142,641
2022-03-11,Santa Barbara,083,443738,85307,85421,4662,90083,664
2022-03-11,Santa Clara,085,1922200,312240,308989,12206,321195,2208
2022-03-11,Santa Cruz,087,273765,47329,46982,2063,49045,254
2022-03-11,Shasta,089,179085,30422,30419,6059,36478,517
2022-03-11,Sierra,091,2930,271,273,48,321,4
2022-03-11,Siskiyou,093,43540,4415,4405,2707,7112,75
2022-03-11,Solano,095,438530,81025,81058,5523,86581,436
2022-03-11,Sonoma,097,501317,82872,82622,2554,85176,473
2022-03-11,Stanislaus,099,539301,117194,117884,17758,135642,1564
2022-03-11,Sutter,101,95872,20391,20429,2027,22456,217
2022-03-11,Tehama,103,63373,12009,11983,2567,14550,159
2022-03-11,Trinity,105,12862,1181,1172,287,1459,20
2022-03-11,Tulare,107,460477,105928,103994,27416,131410,1358
2022-03-11,Tuolumne,109,53932,12630,12476,556,13032,180
2022-03-11,Ventura,111,848112,172307,171932,9326,181258,1442
2022-03-11,Yolo,113,214977,36671,35982,3003,38985,308
2022-03-11,Yuba,115,75493,15748,15722,1176,16898,116
2022-03-10,Alameda,001,1643700,254400,253079,13473,266552,1783
2022-03-10,Alpine,003,1148,122,122,1,123,0
2022-03-10,Amador,005,37829,8478,8427,638,9065,84
2022-03-10,Butte,007,227075,32995,32774,6933,39707,380
2022-03-10,Calaveras,009,45235,7223,7253,343,7596,118
2022-03-10,Colusa,011,21464,3439,3440,1044,4484,21
2022-03-10,Contra Costa,013,1133247,190599,186618,13239,199857,1256
2022-03-10,Del Norte,015,27424,5748,5791,178,5969,48
2022-03-10,El Dorado,017,186661,26574,26538,3181,29719,199
2022-03-10,Fresno,019,978130,230833,228041,24004,252045,2653
2022-03-10,Glenn,021,27897,4974,4955,1595,6550,44
2022-03-10,Humboldt,023,135768,16782,16862,2920,19782,137
2022-03-10,Imperial,025,180216,55172,54837,10533,65370,896
2022-03-10,Inyo,027,18085,4061,4056,466,4522,56
2022-03-10,Kern,029,883053,191251,190330,45604,235934,2162
2022-03-10,Kings,031,150075,51240,51145,3501,54646,436
2022-03-10,Lake,033,64148,10642,10594,877,11471,131
2022-03-10,Lassen,035,31185,8936,8915,871,9786,62
2022-03-10,Los Angeles,037,10098052,2699405,2678858,122195,2801053,30901
2022-03-10,Madera,039,155013,37127,37223,5991,43214,354
2022-03-10,Marin,041,260295,33121,33015,2163,35178,272
2022-03-10,Mariposa,043,17540,2380,2372,198,2570,6
2022-03-10,Mendocino,045,87422,12976,12965,2979,15944,117
2022-03-10,Merced,047,269075,62209,61840,8628,70468,795
2022-03-10,Modoc,049,8938,727,730,249,979,7
2022-03-10,Mono,051,14174,2962,2960,120,3080,5
2022-03-10,Monterey,053,433212,78922,78285,13441,91726,716
2022-03-10,Napa,055,140530,25572,25584,924,26508,138
2022-03-10,Nevada,057,99092,15870,15947,1185,17132,123
2022-03-10,Orange,059,3164182,544242,542354,41033,583387,6718
2022-03-10,Placer,061,380077,62430,62282,7288,69570,598
2022-03-10,Plumas,063,18699,2960,2707,358,3065,13
2022-03-10,Riverside,065,2383286,589362,588022,27586,615608,6317
2022-03-10,Sacramento,067,1510023,279508,274519,26371,300890,2886
2022-03-10,San Benito,069,59416,12913,12868,507,13375,95
2022-03-10,San Bernardino,071,2135413,572508,559013,24798,583811,6734
2022-03-10,San Diego,073,3302833,746816,744386,52267,796653,5090
2022-03-10,San Francisco,075,870044,122887,123610,8095,131705,823
2022-03-10,San Joaquin,077,732212,166047,165516,9835,175351,2117
2022-03-10,San Luis Obispo,079,281455,52148,51947,3701,55648,457
2022-03-10,San Mateo,081,765935,120521,119288,6852,126140,641
2022-03-10,Santa Barbara,083,443738,85275,85421,4661,90082,664
2022-03-10,Santa Clara,085,1922200,312069,308989,12198,321187,2208
2022-03-10,Santa Cruz,087,273765,47297,46982,2063,49045,254
2022-03-10,Shasta,089,179085,30413,30419,6057,36476,517
2022-03-10,Sierra,091,2930,271,273,48,321,4
2022-03-10,Siskiyou,093,43540,4415,4405,2707,7112,75
2022-03-10,Solano,095,438530,80989,81058,5518,86576,436
2022-03-10,Sonoma,097,501317,82845,82622,2554,85176,473
2022-03-10,Stanislaus,099,539301,117160,117884,17756,135640,1564
2022-03-10,Sutter,101,95872,20387,20429,2027,22456,217
2022-03-10,Tehama,103,63373,12008,11983,2567,14550,159
2022-03-10,Trinity,105,12862,1181,1172,287,1459,20
2022-03-10,Tulare,107,460477,105910,103994,27410,131404,1358
2022-03-10,Tuolumne,109,53932,12627,12476,556,13032,180
2022-03-10,Ventura,111,848112,172266,171932,9323,181255,1442
2022-03-10,Yolo,113,214977,36658,35982,3002,38984,308
2022-03-10,Yuba,115,75493,15738,15722,1175,16897,116
2022-03-09,Alameda,001,1643700,254272,252893,13467,266360,1781
2022-03-09,Alpine,003,1148,122,125,1,126,0
2022-03-09,Amador,005,37829,8472,8409,638,9047,84
2022-03-09,Butte,007,227075,32986,32767,6929,39696,380
2022-03-09,Calaveras,009,45235,7221,7249,343,7592,117
2022-03-09,Colusa,011,21464,3438,3439,1044,4483,21
2022-03-09,Contra Costa,013,1133247,190493,186483,13224,199707,1256
2022-03-09,Del Norte,015,27424,5744,5765,178,5943,48
2022-03-09,El Dorado,017,186661,26569,26515,3181,29696,198
2022-03-09,Fresno,019,978130,230735,227885,23997,251882,2653
2022-03-09,Glenn,021,27897,4974,4953,1594,6547,44
2022-03-09,Humboldt,023,135768,16777,16854,2917,19771,137
2022-03-09,Imperial,025,180216,55166,54764,10531,65295,894
2022-03-09,Inyo,027,18085,4061,4056,466,4522,56
2022-03-09,Kern,029,883053,191203,190254,45591,235845,2159
2022-03-09,Kings,031,150075,51219,51122,3501,54623,435
2022-03-09,Lake,033,64148,10635,10586,877,11463,130
2022-03-09,Lassen,035,31185,8936,8901,871,9772,62
2022-03-09,Los Angeles,037,10098052,2698754,2677901,122155,2800056,30842
2022-03-09,Madera,039,155013,37119,37207,5990,43197,354
2022-03-09,Marin,041,260295,33103,32967,2163,35130,272
2022-03-09,Mariposa,043,17540,2377,2372,198,2570,6
2022-03-09,Mendocino,045,87422,12972,12957,2974,15931,117
2022-03-09,Merced,047,269075,62192,61792,8622,70414,792
2022-03-09,Modoc,049,8938,726,730,248,978,7
2022-03-09,Mono,051,14174,2962,2962,120,3082,5
2022-03-09,Monterey,053,433212,78900,78258,13398,91656,716
2022-03-09,Napa,055,140530,25551,25561,923,26484,138
2022-03-09,Nevada,057,99092,15861,15938,1184,17122,123
2022-03-09,Orange,059,3164182,544112,542278,41021,583299,6700
2022-03-09,Placer,061,380077,62408,62242,7284,69526,598
2022-03-09,Plumas,063,18699,2959,2708,358,3066,13
2022-03-09,Riverside,065,2383286,589250,587833,27576,615409,6305
2022-03-09,Sacramento,067,1510023,279420,274373,26355,300728,2877
2022-03-09,San Benito,069,59416,12896,12864,507,13371,95
2022-03-09,San Bernardino,071,2135413,572408,558795,24787,583582,6723
2022-03-09,San Diego,073,3302833,746545,743956,52240,796196,5083
2022-03-09,San Francisco,075,870044,122796,123676,8091,131767,812
2022-03-09,San Joaquin,077,732212,166007,165444,9829,175273,2113
2022-03-09,San Luis Obispo,079,281455,52129,51923,3699,55622,457
2022-03-09,San Mateo,081,765935,120463,119194,6840,126034,639
2022-03-09,Santa Barbara,083,443738,85261,85382,4659,90041,661
2022-03-09,Santa Clara,085,1922200,311915,308765,12188,320953,2206
2022-03-09,Santa Cruz,087,273765,47257,46917,2062,48979,254
2022-03-09,Shasta,089,179085,30391,30407,6056,36463,493
2022-03-09,Sierra,091,2930,271,273,48,321,4
2022-03-09,Siskiyou,093,43540,4414,4403,2706,7109,75
2022-03-09,Solano,095,438530,80953,80984,5517,86501,436
2022-03-09,Sonoma,097,501317,82812,82574,2552,85126,473
2022-03-09,Stanislaus,099,539301,117123,117827,17751,135578,1541
2022-03-09,Sutter,101,95872,20376,20409,2023,22432,217
2022-03-09,Tehama,103,63373,12004,11980,2567,14547,159
2022-03-09,Trinity,105,12862,1181,1174,287,1461,20
2022-03-09,Tulare,107,460477,105882,103932,27397,131329,1350
2022-03-09,Tuolumne,109,53932,12625,12444,556,13000,180
2022-03-09,Ventura,111,848112,172215,171852,9320,181172,1448
2022-03-09,Yolo,113,214977,36639,35973,2990,38963,308
2022-03-09,Yuba,115,75493,15733,15714,1174,16888,115
2022-03-08,Alameda,001,1643700,254114,252744,13455,266199,1769
2022-03-08,Alpine,003,1148,122,125,1,126,0
2022-03-08,Amador,005,37829,8458,8407,638,9045,84
2022-03-08,Butte,007,227075,32972,32759,6925,39684,380
2022-03-08,Calaveras,009,45235,7217,7245,343,7588,117
2022-03-08,Colusa,011,21464,3435,3439,1043,4482,21
2022-03-08,Contra Costa,013,1133247,190406,186396,13211,199607,1256
2022-03-08,Del Norte,015,27424,5739,5763,178,5941,48
2022-03-08,El Dorado,017,186661,26559,26503,3175,29678,197
2022-03-08,Fresno,019,978130,230637,227808,23988,251796,2653
2022-03-08,Glenn,021,27897,4972,4944,1593,6537,43
2022-03-08,Humboldt,023,135768,16765,16837,2904,19741,137
2022-03-08,Imperial,025,180216,55151,54721,10529,65250,890
2022-03-08,Inyo,027,18085,4058,4056,466,4522,56
2022-03-08,Kern,029,883053,191140,190208,45577,235785,2154
2022-03-08,Kings,031,150075,51177,51089,3499,54588,434
2022-03-08,Lake,033,64148,10625,10571,877,11448,130
2022-03-08,Lassen,035,31185,8935,8897,871,9768,62
2022-03-08,Los Angeles,037,10098052,2698061,2677166,122118,2799284,30803
2022-03-08,Madera,039,155013,37109,37185,5989,43174,354
2022-03-08,Marin,041,260295,33066,32943,2162,35105,272
2022-03-08,Mariposa,043,17540,2375,2371,198,2569,6
2022-03-08,Mendocino,045,87422,12968,12950,2973,15923,117
2022-03-08,Merced,047,269075,62171,61767,8611,70378,791
2022-03-08,Modoc,049,8938,725,729,248,977,7
2022-03-08,Mono,051,14174,2961,2961,120,3081,5
2022-03-08,Monterey,053,433212,78880,78247,13361,91608,711
2022-03-08,Napa,055,140530,25525,25528,922,26450,137
2022-03-08,Nevada,057,99092,15850,15939,1183,17122,122
2022-03-08,Orange,059,3164182,543966,542164,41001,583165,6692
2022-03-08,Placer,061,380077,62379,62221,7283,69504,594
2022-03-08,Plumas,063,18699,2959,2703,358,3061,13
2022-03-08,Riverside,065,2383286,589142,587686,27569,615255,6294
2022-03-08,Sacramento,067,1510023,279318,274276,26336,300612,2872
2022-03-08,San Benito,069,59416,12894,12855,507,13362,94
2022-03-08,San Bernardino,071,2135413,572315,558512,24777,583289,6715
2022-03-08,San Diego,073,3302833,746202,743604,52223,795827,5077
2022-03-08,San Francisco,075,870044,122700,123675,8086,131761,807
2022-03-08,San Joaquin,077,732212,165971,165381,9825,175206,2104
2022-03-08,San Luis Obispo,079,281455,52101,51900,3696,55596,451
2022-03-08,San Mateo,081,765935,120382,119103,6830,125933,638
2022-03-08,Santa Barbara,083,443738,85229,85363,4659,90022,659
2022-03-08,Santa Clara,085,1922200,311689,308528,12180,320708,2206
2022-03-08,Santa Cruz,087,273765,47220,46875,2061,48936,254
2022-03-08,Shasta,089,179085,30372,30372,6053,36425,493
2022-03-08,Sierra,091,2930,271,273,48,321,4
2022-03-08,Siskiyou,093,43540,4410,4404,2706,7110,74
2022-03-08,Solano,095,438530,80925,80924,5514,86438,434
2022-03-08,Sonoma,097,501317,82764,82571,2551,85122,473
2022-03-08,Stanislaus,099,539301,117079,117782,17742,135524,1541
2022-03-08,Sutter,101,95872,20368,20403,2023,22426,217
2022-03-08,Tehama,103,63373,12000,11972,2566,14538,158
2022-03-08,Trinity,105,12862,1181,1174,287,1461,20
2022-03-08,Tulare,107,460477,105844,103893,27386,131279,1334
2022-03-08,Tuolumne,109,53932,12620,12427,554,12981,180
2022-03-08,Ventura,111,848112,172151,171806,9313,181119,1447
2022-03-08,Yolo,113,214977,36613,35946,2989,38935,306
2022-03-08,Yuba,115,75493,15728,15705,1173,16878,115
2022-03-07,Alameda,001,1643700,253908,252578,13440,266018,1766
2022-03-07,Alpine,003,1148,122,125,1,126,0
2022-03-07,Amador,005,37829,8455,8368,638,9006,84
2022-03-07,Butte,007,227075,32957,32734,6921,39655,378
2022-03-07,Calaveras,009,45235,7213,7242,343,7585,116
2022-03-07,Colusa,011,21464,3435,3437,1043,4480,21
2022-03-07,Contra Costa,013,1133247,190306,186087,13190,199277,1256
2022-03-07,Del Norte,015,27424,5735,5758,178,5936,48
2022-03-07,El Dorado,017,186661,26553,26487,3174,29661,196
2022-03-07,Fresno,019,978130,230546,227670,23965,251635,2653
2022-03-07,Glenn,021,27897,4969,4939,1593,6532,43
2022-03-07,Humboldt,023,135768,16752,16829,2899,19728,137
2022-03-07,Imperial,025,180216,55129,54712,10524,65236,890
2022-03-07,Inyo,027,18085,4056,4054,466,4520,56
2022-03-07,Kern,029,883053,191076,190163,45554,235717,2152
2022-03-07,Kings,031,150075,51147,51065,3494,54559,433
2022-03-07,Lake,033,64148,10613,10562,876,11438,130
2022-03-07,Lassen,035,31185,8934,8896,871,9767,62
2022-03-07,Los Angeles,037,10098052,2697256,2675497,122077,2797574,30759
2022-03-07,Madera,039,155013,37099,37164,5987,43151,354
2022-03-07,Marin,041,260295,33029,32919,2159,35078,272
2022-03-07,Mariposa,043,17540,2374,2369,198,2567,6
2022-03-07,Mendocino,045,87422,12961,12940,2972,15912,117
2022-03-07,Merced,047,269075,62131,61751,8604,70355,791
2022-03-07,Modoc,049,8938,725,729,248,977,7
2022-03-07,Mono,051,14174,2961,2960,120,3080,5
2022-03-07,Monterey,053,433212,78846,78161,13313,91474,706
2022-03-07,Napa,055,140530,25496,25500,922,26422,136
2022-03-07,Nevada,057,99092,15843,15935,1177,17112,122
2022-03-07,Orange,059,3164182,543795,542028,40974,583002,6687
2022-03-07,Placer,061,380077,62350,62215,7282,69497,591
2022-03-07,Plumas,063,18699,2959,2702,358,3060,13
2022-03-07,Riverside,065,2383286,589015,587537,27561,615098,6279
2022-03-07,Sacramento,067,1510023,279216,274079,26323,300402,2866
2022-03-07,San Benito,069,59416,12888,12843,507,13350,94
2022-03-07,San Bernardino,071,2135413,572210,558265,24767,583032,6703
2022-03-07,San Diego,073,3302833,745861,742287,52180,794467,5068
2022-03-07,San Francisco,075,870044,122588,123655,8080,131735,807
2022-03-07,San Joaquin,077,732212,165920,165343,9818,175161,2091
2022-03-07,San Luis Obispo,079,281455,52057,51874,3693,55567,448
2022-03-07,San Mateo,081,765935,120306,119035,6823,125858,630
2022-03-07,Santa Barbara,083,443738,85191,85345,4658,90003,659
2022-03-07,Santa Clara,085,1922200,311493,308517,12172,320689,2202
2022-03-07,Santa Cruz,087,273765,47170,46823,2060,48883,254
2022-03-07,Shasta,089,179085,30359,30352,6050,36402,493
2022-03-07,Sierra,091,2930,271,273,48,321,4
2022-03-07,Siskiyou,093,43540,4406,4398,2705,7103,74
2022-03-07,Solano,095,438530,80868,80886,5512,86398,435
2022-03-07,Sonoma,097,501317,82720,82530,2550,85080,473
2022-03-07,Stanislaus,099,539301,117040,117713,17735,135448,1537
2022-03-07,Sutter,101,95872,20357,20400,2022,22422,217
2022-03-07,Tehama,103,63373,11995,11966,2565,14531,158
2022-03-07,Trinity,105,12862,1179,1173,287,1460,20
2022-03-07,Tulare,107,460477,105808,103834,27376,131210,1316
2022-03-07,Tuolumne,109,53932,12614,12408,553,12961,179
2022-03-07,Ventura,111,848112,172100,171886,9311,181197,1436
2022-03-07,Yolo,113,214977,36590,35934,2983,38917,306
2022-03-07,Yuba,115,75493,15721,15701,1172,16873,115
2022-03-06,Alameda,001,1643700,253716,252460,13432,265892,1766
2022-03-06,Alpine,003,1148,122,125,1,126,0
2022-03-06,Amador,005,37829,8452,8367,636,9003,84
2022-03-06,Butte,007,227075,32944,32714,6916,39630,376
2022-03-06,Calaveras,009,45235,7211,7236,342,7578,116
2022-03-06,Colusa,011,21464,3433,3435,1042,4477,21
2022-03-06,Contra Costa,013,1133247,190192,185974,13165,199139,1256
2022-03-06,Del Norte,015,27424,5720,5744,177,5921,48
2022-03-06,El Dorado,017,186661,26545,26478,3172,29650,196
2022-03-06,Fresno,019,978130,230405,227514,23955,251469,2653
2022-03-06,Glenn,021,27897,4965,4939,1593,6532,43
2022-03-06,Humboldt,023,135768,16742,16813,2896,19709,137
2022-03-06,Imperial,025,180216,55111,54719,10514,65233,890
2022-03-06,Inyo,027,18085,4054,4053,466,4519,56
2022-03-06,Kern,029,883053,191020,190088,45534,235622,2152
2022-03-06,Kings,031,150075,51077,51050,3492,54542,432
2022-03-06,Lake,033,64148,10600,10539,875,11414,130
2022-03-06,Lassen,035,31185,8921,8887,870,9757,62
2022-03-06,Los Angeles,037,10098052,2696322,2675456,122023,2797479,30759
2022-03-06,Madera,039,155013,37069,37135,5980,43115,354
2022-03-06,Marin,041,260295,33003,32879,2158,35037,272
2022-03-06,Mariposa,043,17540,2373,2365,197,2562,6
2022-03-06,Mendocino,045,87422,12949,12923,2968,15891,116
2022-03-06,Merced,047,269075,62099,61722,8586,70308,791
2022-03-06,Modoc,049,8938,725,729,248,977,7
2022-03-06,Mono,051,14174,2961,2959,120,3079,5
2022-03-06,Monterey,053,433212,78800,78154,13282,91436,706
2022-03-06,Napa,055,140530,25461,25457,920,26377,136
2022-03-06,Nevada,057,99092,15832,15924,1176,17100,122
2022-03-06,Orange,059,3164182,543637,541903,40928,582831,6688
2022-03-06,Placer,061,380077,62317,62185,7278,69463,591
2022-03-06,Plumas,063,18699,2954,2704,358,3062,13
2022-03-06,Riverside,065,2383286,588852,587388,27541,614929,6279
2022-03-06,Sacramento,067,1510023,279080,273935,26299,300234,2869
2022-03-06,San Benito,069,59416,12877,12835,506,13341,94
2022-03-06,San Bernardino,071,2135413,572088,558139,24755,582894,6701
2022-03-06,San Diego,073,3302833,745466,742287,52131,794418,5068
2022-03-06,San Francisco,075,870044,122456,123742,8077,131819,806
2022-03-06,San Joaquin,077,732212,165838,165252,9812,175064,2091
2022-03-06,San Luis Obispo,079,281455,52019,51828,3691,55519,448
2022-03-06,San Mateo,081,765935,120223,118916,6814,125730,630
2022-03-06,Santa Barbara,083,443738,85150,85317,4653,89970,659
2022-03-06,Santa Clara,085,1922200,311225,308250,12170,320420,2201
2022-03-06,Santa Cruz,087,273765,47119,46755,2059,48814,254
2022-03-06,Shasta,089,179085,30336,30332,6034,36366,493
2022-03-06,Sierra,091,2930,271,273,48,321,4
2022-03-06,Siskiyou,093,43540,4404,4398,2703,7101,74
2022-03-06,Solano,095,438530,80811,80833,5506,86339,435
2022-03-06,Sonoma,097,501317,82685,82458,2546,85004,473
2022-03-06,Stanislaus,099,539301,116994,117680,17723,135403,1536
2022-03-06,Sutter,101,95872,20347,20390,2018,22408,217
2022-03-06,Tehama,103,63373,11987,11963,2565,14528,158
2022-03-06,Trinity,105,12862,1179,1172,286,1458,20
2022-03-06,Tulare,107,460477,105752,103794,27364,131158,1316
2022-03-06,Tuolumne,109,53932,12608,12379,551,12930,179
2022-03-06,Ventura,111,848112,172031,171819,9309,181128,1436
2022-03-06,Yolo,113,214977,36564,35882,2980,38862,306
2022-03-06,Yuba,115,75493,15717,15694,1171,16865,115
2022-03-05,Alameda,001,1643700,253600,251988,13427,265415,1760
2022-03-05,Alpine,003,1148,122,125,1,126,0
2022-03-05,Amador,005,37829,8449,8344,636,8980,83
2022-03-05,Butte,007,227075,32936,32663,6912,39575,372
2022-03-05,Calaveras,009,45235,7208,7236,342,7578,116
2022-03-05,Colusa,011,21464,3433,3433,1042,4475,21
2022-03-05,Contra Costa,013,1133247,190129,185734,13160,198894,1235
2022-03-05,Del Norte,015,27424,5717,5725,177,5902,48
2022-03-05,El Dorado,017,186661,26539,26446,3169,29615,193
2022-03-05,Fresno,019,978130,230353,227154,23954,251108,2640
2022-03-05,Glenn,021,27897,4961,4927,1593,6520,43
2022-03-05,Humboldt,023,135768,16736,16781,2894,19675,136
2022-03-05,Imperial,025,180216,55101,54650,10512,65162,880
2022-03-05,Inyo,027,18085,4053,4043,465,4508,56
2022-03-05,Kern,029,883053,190987,189817,45516,235333,2141
2022-03-05,Kings,031,150075,51070,50926,3491,54417,431
2022-03-05,Lake,033,64148,10592,10512,874,11386,130
2022-03-05,Lassen,035,31185,8913,8818,870,9688,62
2022-03-05,Los Angeles,037,10098052,2695957,2671564,121987,2793551,30608
2022-03-05,Madera,039,155013,37054,37100,5980,43080,354
2022-03-05,Marin,041,260295,32991,32829,2158,34987,272
2022-03-05,Mariposa,043,17540,2373,2363,197,2560,6
2022-03-05,Mendocino,045,87422,12946,12845,2968,15813,113
2022-03-05,Merced,047,269075,62088,61653,8586,70239,789
2022-03-05,Modoc,049,8938,725,729,248,977,7
2022-03-05,Mono,051,14174,2961,2961,120,3081,5
2022-03-05,Monterey,053,433212,78781,78028,13275,91303,704
2022-03-05,Napa,055,140530,25443,25405,920,26325,134
2022-03-05,Nevada,057,99092,15828,15907,1176,17083,122
2022-03-05,Orange,059,3164182,543512,541463,40916,582379,6638
2022-03-05,Placer,061,380077,62303,62117,7271,69388,591
2022-03-05,Plumas,063,18699,2953,2701,358,3059,13
2022-03-05,Riverside,065,2383286,588761,586785,27537,614322,6239
2022-03-05,Sacramento,067,1510023,279016,273487,26293,299780,2847
2022-03-05,San Benito,069,59416,12875,12820,506,13326,94
2022-03-05,San Bernardino,071,2135413,572030,557421,24749,582170,6641
2022-03-05,San Diego,073,3302833,745278,740747,52119,792866,5045
2022-03-05,San Francisco,075,870044,122387,123537,8074,131611,798
2022-03-05,San Joaquin,077,732212,165798,165085,9804,174889,2069
2022-03-05,San Luis Obispo,079,281455,52011,51739,3690,55429,446
2022-03-05,San Mateo,081,765935,120168,118646,6810,125456,621
2022-03-05,Santa Barbara,083,443738,85135,85249,4653,89902,655
2022-03-05,Santa Clara,085,1922200,311108,307689,12167,319856,2195
2022-03-05,Santa Cruz,087,273765,47099,46622,2059,48681,253
2022-03-05,Shasta,089,179085,30324,30282,6034,36316,492
2022-03-05,Sierra,091,2930,271,273,47,320,4
2022-03-05,Siskiyou,093,43540,4403,4389,2702,7091,74
2022-03-05,Solano,095,438530,80794,80690,5506,86196,435
2022-03-05,Sonoma,097,501317,82663,82313,2546,84859,473
2022-03-05,Stanislaus,099,539301,116968,117501,17721,135222,1531
2022-03-05,Sutter,101,95872,20339,20346,2018,22364,217
2022-03-05,Tehama,103,63373,11984,11939,2565,14504,158
2022-03-05,Trinity,105,12862,1179,1170,284,1454,20
2022-03-05,Tulare,107,460477,105738,103534,27355,130889,1305
2022-03-05,Tuolumne,109,53932,12604,12325,550,12875,178
2022-03-05,Ventura,111,848112,171990,171666,9307,180973,1436
2022-03-05,Yolo,113,214977,36550,35856,2980,38836,306
2022-03-05,Yuba,115,75493,15709,15666,1171,16837,115
2022-03-04,Alameda,001,1643700,253504,251988,13419,265407,1760
2022-03-04,Alpine,003,1148,122,125,1,126,0
2022-03-04,Amador,005,37829,8448,8344,636,8980,83
2022-03-04,Butte,007,227075,32930,32663,6907,39570,372
2022-03-04,Calaveras,009,45235,7207,7236,342,7578,116
2022-03-04,Colusa,011,21464,3431,3433,1042,4475,21
2022-03-04,Contra Costa,013,1133247,190060,185734,13157,198891,1235
2022-03-04,Del Norte,015,27424,5707,5725,177,5902,48
2022-03-04,El Dorado,017,186661,26535,26446,3169,29615,193
2022-03-04,Fresno,019,978130,230290,227154,23947,251101,2640
2022-03-04,Glenn,021,27897,4960,4927,1593,6520,43
2022-03-04,Humboldt,023,135768,16732,16781,2894,19675,136
2022-03-04,Imperial,025,180216,55094,54650,10508,65158,880
2022-03-04,Inyo,027,18085,4053,4043,465,4508,56
2022-03-04,Kern,029,883053,190945,189817,45506,235323,2141
2022-03-04,Kings,031,150075,51057,50926,3491,54417,431
2022-03-04,Lake,033,64148,10591,10512,874,11386,130
2022-03-04,Lassen,035,31185,8911,8818,870,9688,62
2022-03-04,Los Angeles,037,10098052,2695427,2671564,121957,2793521,30608
2022-03-04,Madera,039,155013,37045,37100,5980,43080,354
2022-03-04,Marin,041,260295,32969,32829,2156,34985,272
2022-03-04,Mariposa,043,17540,2368,2363,197,2560,6
2022-03-04,Mendocino,045,87422,12940,12845,2968,15813,113
2022-03-04,Merced,047,269075,62078,61653,8584,70237,789
2022-03-04,Modoc,049,8938,725,729,248,977,7
2022-03-04,Mono,051,14174,2961,2961,120,3081,5
2022-03-04,Monterey,053,433212,78761,78028,13269,91297,704
2022-03-04,Napa,055,140530,25428,25405,919,26324,134
2022-03-04,Nevada,057,99092,15823,15907,1176,17083,122
2022-03-04,Orange,059,3164182,543393,541463,40898,582361,6638
2022-03-04,Placer,061,380077,62291,62117,7268,69385,591
2022-03-04,Plumas,063,18699,2953,2701,357,3058,13
2022-03-04,Riverside,065,2383286,588674,586785,27536,614321,6239
2022-03-04,Sacramento,067,1510023,278943,273487,26290,299777,2847
2022-03-04,San Benito,069,59416,12871,12820,506,13326,94
2022-03-04,San Bernardino,071,2135413,571948,557421,24748,582169,6641
2022-03-04,San Diego,073,3302833,745040,740747,52102,792849,5045
2022-03-04,San Francisco,075,870044,122323,123537,8067,131604,798
2022-03-04,San Joaquin,077,732212,165766,165085,9803,174888,2069
2022-03-04,San Luis Obispo,079,281455,52002,51739,3689,55428,446
2022-03-04,San Mateo,081,765935,120110,118646,6808,125454,621
2022-03-04,Santa Barbara,083,443738,85112,85249,4653,89902,655
2022-03-04,Santa Clara,085,1922200,310958,307689,12164,319853,2195
2022-03-04,Santa Cruz,087,273765,47077,46622,2059,48681,253
2022-03-04,Shasta,089,179085,30316,30282,6031,36313,492
2022-03-04,Sierra,091,2930,271,273,47,320,4
2022-03-04,Siskiyou,093,43540,4402,4389,2698,7087,74
2022-03-04,Solano,095,438530,80761,80690,5503,86193,435
2022-03-04,Sonoma,097,501317,82632,82313,2545,84858,473
2022-03-04,Stanislaus,099,539301,116949,117501,17719,135220,1531
2022-03-04,Sutter,101,95872,20335,20346,2018,22364,217
2022-03-04,Tehama,103,63373,11981,11939,2565,14504,158
2022-03-04,Trinity,105,12862,1179,1170,284,1454,20
2022-03-04,Tulare,107,460477,105719,103534,27350,130884,1305
2022-03-04,Tuolumne,109,53932,12599,12325,550,12875,178
2022-03-04,Ventura,111,848112,171942,171666,9304,180970,1436
2022-03-04,Yolo,113,214977,36533,35856,2980,38836,306
2022-03-04,Yuba,115,75493,15704,15666,1170,16836,115
2022-03-03,Alameda,001,1643700,253387,251988,13407,265395,1760
2022-03-03,Alpine,003,1148,122,125,1,126,0
2022-03-03,Amador,005,37829,8447,8344,636,8980,83
2022-03-03,Butte,007,227075,32913,32663,6900,39563,372
2022-03-03,Calaveras,009,45235,7195,7236,342,7578,116
2022-03-03,Colusa,011,21464,3431,3433,1042,4475,21
2022-03-03,Contra Costa,013,1133247,189985,185734,13142,198876,1235
2022-03-03,Del Norte,015,27424,5700,5725,177,5902,48
2022-03-03,El Dorado,017,186661,26517,26446,3168,29614,193
2022-03-03,Fresno,019,978130,230162,227154,23939,251093,2640
2022-03-03,Glenn,021,27897,4957,4927,1592,6519,43
2022-03-03,Humboldt,023,135768,16717,16781,2893,19674,136
2022-03-03,Imperial,025,180216,55077,54650,10506,65156,880
2022-03-03,Inyo,027,18085,4052,4043,465,4508,56
2022-03-03,Kern,029,883053,190877,189817,45488,235305,2141
2022-03-03,Kings,031,150075,51034,50926,3489,54415,431
2022-03-03,Lake,033,64148,10586,10512,872,11384,130
2022-03-03,Lassen,035,31185,8903,8818,870,9688,62
2022-03-03,Los Angeles,037,10098052,2694700,2671564,121915,2793479,30608
2022-03-03,Madera,039,155013,37029,37100,5975,43075,354
2022-03-03,Marin,041,260295,32943,32829,2155,34984,272
2022-03-03,Mariposa,043,17540,2367,2363,197,2560,6
2022-03-03,Mendocino,045,87422,12929,12845,2966,15811,113
2022-03-03,Merced,047,269075,62059,61653,8578,70231,789
2022-03-03,Modoc,049,8938,725,729,248,977,7
2022-03-03,Mono,051,14174,2960,2961,120,3081,5
2022-03-03,Monterey,053,433212,78731,78028,13252,91280,704
2022-03-03,Napa,055,140530,25404,25405,918,26323,134
2022-03-03,Nevada,057,99092,15818,15907,1171,17078,122
2022-03-03,Orange,059,3164182,543217,541463,40872,582335,6638
2022-03-03,Placer,061,380077,62269,62117,7265,69382,591
2022-03-03,Plumas,063,18699,2952,2701,357,3058,13
2022-03-03,Riverside,065,2383286,588541,586785,27531,614316,6239
2022-03-03,Sacramento,067,1510023,278830,273487,26273,299760,2847
2022-03-03,San Benito,069,59416,12867,12820,506,13326,94
2022-03-03,San Bernardino,071,2135413,571846,557421,24742,582163,6641
2022-03-03,San Diego,073,3302833,744697,740747,52084,792831,5045
2022-03-03,San Francisco,075,870044,122249,123537,8056,131593,798
2022-03-03,San Joaquin,077,732212,165691,165085,9800,174885,2069
2022-03-03,San Luis Obispo,079,281455,51947,51739,3681,55420,446
2022-03-03,San Mateo,081,765935,120035,118646,6798,125444,621
2022-03-03,Santa Barbara,083,443738,85093,85249,4644,89893,655
2022-03-03,Santa Clara,085,1922200,310777,307689,12149,319838,2195
2022-03-03,Santa Cruz,087,273765,47027,46622,2057,48679,253
2022-03-03,Shasta,089,179085,30298,30282,6029,36311,492
2022-03-03,Sierra,091,2930,271,273,47,320,4
2022-03-03,Siskiyou,093,43540,4400,4389,2698,7087,74
2022-03-03,Solano,095,438530,80712,80690,5501,86191,435
2022-03-03,Sonoma,097,501317,82584,82313,2540,84853,473
2022-03-03,Stanislaus,099,539301,116916,117501,17711,135212,1531
2022-03-03,Sutter,101,95872,20327,20346,2018,22364,217
2022-03-03,Tehama,103,63373,11978,11939,2565,14504,158
2022-03-03,Trinity,105,12862,1178,1170,284,1454,20
2022-03-03,Tulare,107,460477,105676,103534,27342,130876,1305
2022-03-03,Tuolumne,109,53932,12588,12325,550,12875,178
2022-03-03,Ventura,111,848112,171890,171666,9302,180968,1436
2022-03-03,Yolo,113,214977,36509,35856,2975,38831,306
2022-03-03,Yuba,115,75493,15698,15666,1165,16831,115
2022-03-02,Alameda,001,1643700,253208,251886,13390,265276,1759
2022-03-02,Alpine,003,1148,122,125,1,126,0
2022-03-02,Amador,005,37829,8434,8341,636,8977,83
2022-03-02,Butte,007,227075,32901,32636,6896,39532,372
2022-03-02,Calaveras,009,45235,7194,7225,342,7567,116
2022-03-02,Colusa,011,21464,3428,3428,1042,4470,21
2022-03-02,Contra Costa,013,1133247,189892,185589,13124,198713,1236
2022-03-02,Del Norte,015,27424,5693,5708,175,5883,47
2022-03-02,El Dorado,017,186661,26506,26433,3165,29598,192
2022-03-02,Fresno,019,978130,230028,226932,23929,250861,2629
2022-03-02,Glenn,021,27897,4956,4922,1591,6513,43
2022-03-02,Humboldt,023,135768,16707,16747,2886,19633,135
2022-03-02,Imperial,025,180216,55051,54629,10501,65130,878
2022-03-02,Inyo,027,18085,4050,4041,464,4505,56
2022-03-02,Kern,029,883053,190809,189656,45469,235125,2136
2022-03-02,Kings,031,150075,51008,50819,3486,54305,431
2022-03-02,Lake,033,64148,10573,10495,870,11365,130
2022-03-02,Lassen,035,31185,8900,8811,869,9680,62
2022-03-02,Los Angeles,037,10098052,2693819,2670287,121867,2792154,30535
2022-03-02,Madera,039,155013,37012,37077,5973,43050,354
2022-03-02,Marin,041,260295,32926,32794,2154,34948,272
2022-03-02,Mariposa,043,17540,2367,2359,197,2556,6
2022-03-02,Mendocino,045,87422,12916,12832,2961,15793,112
2022-03-02,Merced,047,269075,62034,61606,8569,70175,785
2022-03-02,Modoc,049,8938,725,729,248,977,7
2022-03-02,Mono,051,14174,2960,2961,120,3081,5
2022-03-02,Monterey,053,433212,78694,77963,13229,91192,703
2022-03-02,Napa,055,140530,25355,25382,917,26299,134
2022-03-02,Nevada,057,99092,15807,15920,1170,17090,122
2022-03-02,Orange,059,3164182,543013,541230,40845,582075,6623
2022-03-02,Placer,061,380077,62247,62066,7262,69328,589
2022-03-02,Plumas,063,18699,2952,2700,357,3057,13
2022-03-02,Riverside,065,2383286,588391,586513,27521,614034,6229
2022-03-02,Sacramento,067,1510023,278712,273291,26262,299553,2837
2022-03-02,San Benito,069,59416,12856,12814,506,13320,94
2022-03-02,San Bernardino,071,2135413,571736,557082,24736,581818,6619
2022-03-02,San Diego,073,3302833,744337,739803,52036,791839,5034
2022-03-02,San Francisco,075,870044,122154,123442,8054,131496,792
2022-03-02,San Joaquin,077,732212,165632,164968,9795,174763,2063
2022-03-02,San Luis Obispo,079,281455,51909,51686,3676,55362,446
2022-03-02,San Mateo,081,765935,119948,118518,6782,125300,617
2022-03-02,Santa Barbara,083,443738,85068,85183,4643,89826,655
2022-03-02,Santa Clara,085,1922200,310563,307354,12135,319489,2184
2022-03-02,Santa Cruz,087,273765,46956,46534,2056,48590,253
2022-03-02,Shasta,089,179085,30273,30253,6019,36272,490
2022-03-02,Sierra,091,2930,271,273,47,320,4
2022-03-02,Siskiyou,093,43540,4399,4384,2695,7079,74
2022-03-02,Solano,095,438530,80646,80626,5498,86124,433
2022-03-02,Sonoma,097,501317,82538,82208,2536,84744,473
2022-03-02,Stanislaus,099,539301,116880,117411,17686,135097,1519
2022-03-02,Sutter,101,95872,20305,20317,2001,22318,216
2022-03-02,Tehama,103,63373,11974,11930,2564,14494,158
2022-03-02,Trinity,105,12862,1176,1160,284,1444,20
2022-03-02,Tulare,107,460477,105636,103451,27327,130778,1302
2022-03-02,Tuolumne,109,53932,12583,12297,550,12847,179
2022-03-02,Ventura,111,848112,171837,171770,9298,181068,1427
2022-03-02,Yolo,113,214977,36491,35799,2970,38769,305
2022-03-02,Yuba,115,75493,15685,15653,1160,16813,115
2022-03-01,Alameda,001,1643700,253040,251830,13378,265208,1749
2022-03-01,Alpine,003,1148,122,125,1,126,0
2022-03-01,Amador,005,37829,8386,8334,634,8968,83
2022-03-01,Butte,007,227075,32877,32575,6891,39466,372
2022-03-01,Calaveras,009,45235,7191,7223,341,7564,116
2022-03-01,Colusa,011,21464,3427,3423,1042,4465,21
2022-03-01,Contra Costa,013,1133247,189782,185378,13109,198487,1231
2022-03-01,Del Norte,015,27424,5690,5701,174,5875,45
2022-03-01,El Dorado,017,186661,26487,26413,3163,29576,192
2022-03-01,Fresno,019,978130,229888,226594,23915,250509,2628
2022-03-01,Glenn,021,27897,4954,4919,1589,6508,40
2022-03-01,Humboldt,023,135768,16686,16727,2879,19606,135
2022-03-01,Imperial,025,180216,55034,54570,10495,65065,875
2022-03-01,Inyo,027,18085,4046,4041,463,4504,56
2022-03-01,Kern,029,883053,190735,189365,45445,234810,2120
2022-03-01,Kings,031,150075,50986,50763,3482,54245,427
2022-03-01,Lake,033,64148,10562,10471,868,11339,128
2022-03-01,Lassen,035,31185,8896,8801,869,9670,61
2022-03-01,Los Angeles,037,10098052,2692867,2669489,121809,2791298,30486
2022-03-01,Madera,039,155013,36992,37046,5967,43013,354
2022-03-01,Marin,041,260295,32900,32764,2153,34917,272
2022-03-01,Mariposa,043,17540,2366,2357,196,2553,6
2022-03-01,Mendocino,045,87422,12905,12818,2959,15777,112
2022-03-01,Merced,047,269075,62003,61549,8555,70104,781
2022-03-01,Modoc,049,8938,725,729,248,977,7
2022-03-01,Mono,051,14174,2959,2960,120,3080,6
2022-03-01,Monterey,053,433212,78668,77911,13219,91130,696
2022-03-01,Napa,055,140530,25324,25344,917,26261,134
2022-03-01,Nevada,057,99092,15799,15916,1167,17083,121
2022-03-01,Orange,059,3164182,542797,541054,40810,581864,6612
2022-03-01,Placer,061,380077,62219,62021,7257,69278,583
2022-03-01,Plumas,063,18699,2952,2694,357,3051,13
2022-03-01,Riverside,065,2383286,588227,586184,27520,613704,6198
2022-03-01,Sacramento,067,1510023,278582,273089,26249,299338,2831
2022-03-01,San Benito,069,59416,12852,12806,506,13312,94
2022-03-01,San Bernardino,071,2135413,571602,556743,24734,581477,6588
2022-03-01,San Diego,073,3302833,743912,739136,51994,791130,5029
2022-03-01,San Francisco,075,870044,122051,123481,8048,131529,792
2022-03-01,San Joaquin,077,732212,165565,164894,9791,174685,2062
2022-03-01,San Luis Obispo,079,281455,51873,51592,3672,55264,445
2022-03-01,San Mateo,081,765935,119871,118358,6775,125133,613
2022-03-01,Santa Barbara,083,443738,85032,85134,4639,89773,654
2022-03-01,Santa Clara,085,1922200,310307,306978,12123,319101,2190
2022-03-01,Santa Cruz,087,273765,46906,46471,2053,48524,253
2022-03-01,Shasta,089,179085,30244,30227,6016,36243,489
2022-03-01,Sierra,091,2930,271,274,47,321,5
2022-03-01,Siskiyou,093,43540,4397,4384,2692,7076,74
2022-03-01,Solano,095,438530,80583,80556,5495,86051,434
2022-03-01,Sonoma,097,501317,82468,82103,2530,84633,477
2022-03-01,Stanislaus,099,539301,116828,117308,17661,134969,1521
2022-03-01,Sutter,101,95872,20291,20288,1997,22285,217
2022-03-01,Tehama,103,63373,11968,11923,2561,14484,158
2022-03-01,Trinity,105,12862,1175,1159,284,1443,20
2022-03-01,Tulare,107,460477,105554,103371,27307,130678,1302
2022-03-01,Tuolumne,109,53932,12576,12276,548,12824,175
2022-03-01,Ventura,111,848112,171767,171672,9291,180963,1427
2022-03-01,Yolo,113,214977,36466,35801,2964,38765,299
2022-03-01,Yuba,115,75493,15677,15637,1160,16797,116
2022-02-28,Alameda,001,1643700,252817,251714,13363,265077,1742
2022-02-28,Alpine,003,1148,122,125,1,126,0
2022-02-28,Amador,005,37829,8380,8308,633,8941,83
2022-02-28,Butte,007,227075,32858,32550,6885,39435,368
2022-02-28,Calaveras,009,45235,7188,7220,340,7560,110
2022-02-28,Colusa,011,21464,3426,3422,1040,4462,21
2022-02-28,Contra Costa,013,1133247,189677,185272,13090,198362,1231
2022-02-28,Del Norte,015,27424,5685,5699,173,5872,45
2022-02-28,El Dorado,017,186661,26477,26409,3158,29567,191
2022-02-28,Fresno,019,978130,229687,226519,23894,250413,2622
2022-02-28,Glenn,021,27897,4950,4918,1589,6507,40
2022-02-28,Humboldt,023,135768,16671,16717,2875,19592,135
2022-02-28,Imperial,025,180216,55007,54517,10491,65008,875
2022-02-28,Inyo,027,18085,4046,4041,462,4503,56
2022-02-28,Kern,029,883053,190643,189245,45416,234661,2115
2022-02-28,Kings,031,150075,50946,50741,3481,54222,427
2022-02-28,Lake,033,64148,10550,10468,864,11332,128
2022-02-28,Lassen,035,31185,8839,8794,869,9663,55
2022-02-28,Los Angeles,037,10098052,2691698,2666804,121713,2788517,30410
2022-02-28,Madera,039,155013,36966,37023,5951,42974,354
2022-02-28,Marin,041,260295,32875,32775,2153,34928,272
2022-02-28,Mariposa,043,17540,2363,2354,194,2548,6
2022-02-28,Mendocino,045,87422,12896,12800,2951,15751,112
2022-02-28,Merced,047,269075,61958,61519,8538,70057,781
2022-02-28,Modoc,049,8938,725,727,248,975,7
2022-02-28,Mono,051,14174,2959,2961,120,3081,5
2022-02-28,Monterey,053,433212,78601,77865,13198,91063,693
2022-02-28,Napa,055,140530,25297,25317,917,26234,129
2022-02-28,Nevada,057,99092,15793,15908,1161,17069,121
2022-02-28,Orange,059,3164182,542544,540839,40796,581635,6605
2022-02-28,Placer,061,380077,62188,61976,7252,69228,577
2022-02-28,Plumas,063,18699,2952,2691,356,3047,13
2022-02-28,Riverside,065,2383286,588033,585891,27488,613379,6179
2022-02-28,Sacramento,067,1510023,278442,273038,26225,299263,2825
2022-02-28,San Benito,069,59416,12847,12798,506,13304,94
2022-02-28,San Bernardino,071,2135413,571418,556540,24720,581260,6576
2022-02-28,San Diego,073,3302833,743524,737760,51964,789724,5018
2022-02-28,San Francisco,075,870044,121891,123402,8042,131444,792
2022-02-28,San Joaquin,077,732212,165479,164833,9781,174614,2060
2022-02-28,San Luis Obispo,079,281455,51812,51565,3665,55230,440
2022-02-28,San Mateo,081,765935,119772,118301,6769,125070,611
2022-02-28,Santa Barbara,083,443738,84988,85076,4634,89710,653
2022-02-28,Santa Clara,085,1922200,310025,306930,12102,319032,2180
2022-02-28,Santa Cruz,087,273765,46836,46447,2053,48500,253
2022-02-28,Shasta,089,179085,30219,30213,6012,36225,488
2022-02-28,Sierra,091,2930,271,273,47,320,4
2022-02-28,Siskiyou,093,43540,4394,4382,2687,7069,74
2022-02-28,Solano,095,438530,80515,80544,5483,86027,430
2022-02-28,Sonoma,097,501317,82400,82058,2527,84585,477
2022-02-28,Stanislaus,099,539301,116764,117231,17644,134875,1521
2022-02-28,Sutter,101,95872,20278,20285,1994,22279,214
2022-02-28,Tehama,103,63373,11955,11917,2561,14478,158
2022-02-28,Trinity,105,12862,1175,1160,284,1444,20
2022-02-28,Tulare,107,460477,105505,103304,27291,130595,1300
2022-02-28,Tuolumne,109,53932,12566,12247,548,12795,175
2022-02-28,Ventura,111,848112,171683,171614,9290,180904,1423
2022-02-28,Yolo,113,214977,36430,35754,2957,38711,299
2022-02-28,Yuba,115,75493,15663,15625,1159,16784,115
2022-02-27,Alameda,001,1643700,252544,251624,13354,264978,1744
2022-02-27,Alpine,003,1148,122,125,1,126,0
2022-02-27,Amador,005,37829,8376,8305,630,8935,83
2022-02-27,Butte,007,227075,32822,32551,6872,39423,368
2022-02-27,Calaveras,009,45235,7180,7214,340,7554,110
2022-02-27,Colusa,011,21464,3424,3422,1040,4462,21
2022-02-27,Contra Costa,013,1133247,189549,185185,13070,198255,1230
2022-02-27,Del Norte,015,27424,5668,5691,171,5862,45
2022-02-27,El Dorado,017,186661,26459,26410,3156,29566,191
2022-02-27,Fresno,019,978130,229487,226397,23867,250264,2621
2022-02-27,Glenn,021,27897,4948,4915,1589,6504,40
2022-02-27,Humboldt,023,135768,16649,16713,2868,19581,135
2022-02-27,Imperial,025,180216,54959,54509,10474,64983,875
2022-02-27,Inyo,027,18085,4045,4041,458,4499,56
2022-02-27,Kern,029,883053,190526,189219,45377,234596,2115
2022-02-27,Kings,031,150075,50918,50733,3480,54213,428
2022-02-27,Lake,033,64148,10531,10463,864,11327,128
2022-02-27,Lassen,035,31185,8831,8786,869,9655,55
2022-02-27,Los Angeles,037,10098052,2690385,2666789,121630,2788419,30410
2022-02-27,Madera,039,155013,36940,37009,5943,42952,354
2022-02-27,Marin,041,260295,32837,32756,2151,34907,272
2022-02-27,Mariposa,043,17540,2360,2352,194,2546,6
2022-02-27,Mendocino,045,87422,12879,12798,2938,15736,112
2022-02-27,Merced,047,269075,61905,61491,8520,70011,779
2022-02-27,Modoc,049,8938,724,727,248,975,7
2022-02-27,Mono,051,14174,2958,2960,120,3080,5
2022-02-27,Monterey,053,433212,78544,77851,13174,91025,693
2022-02-27,Napa,055,140530,25260,25316,917,26233,129
2022-02-27,Nevada,057,99092,15785,15900,1157,17057,121
2022-02-27,Orange,059,3164182,542298,540659,40767,581426,6605
2022-02-27,Placer,061,380077,62148,61965,7248,69213,577
2022-02-27,Plumas,063,18699,2949,2691,356,3047,13
2022-02-27,Riverside,065,2383286,587792,585833,27464,613297,6179
2022-02-27,Sacramento,067,1510023,278253,272927,26196,299123,2822
2022-02-27,San Benito,069,59416,12840,12798,506,13304,94
2022-02-27,San Bernardino,071,2135413,571233,556457,24710,581167,6572
2022-02-27,San Diego,073,3302833,743053,737760,51918,789678,5018
2022-02-27,San Francisco,075,870044,121767,123327,8031,131358,791
2022-02-27,San Joaquin,077,732212,165375,164814,9774,174588,2060
2022-02-27,San Luis Obispo,079,281455,51720,51564,3658,55222,439
2022-02-27,San Mateo,081,765935,119659,118244,6764,125008,611
2022-02-27,Santa Barbara,083,443738,84950,85050,4630,89680,653
2022-02-27,Santa Clara,085,1922200,309735,306756,12075,318831,2180
2022-02-27,Santa Cruz,087,273765,46775,46411,2053,48464,253
2022-02-27,Shasta,089,179085,30187,30206,6007,36213,488
2022-02-27,Sierra,091,2930,271,273,47,320,4
2022-02-27,Siskiyou,093,43540,4389,4378,2675,7053,74
2022-02-27,Solano,095,438530,80441,80515,5470,85985,430
2022-02-27,Sonoma,097,501317,82318,82041,2520,84561,476
2022-02-27,Stanislaus,099,539301,116698,117200,17624,134824,1522
2022-02-27,Sutter,101,95872,20261,20280,1988,22268,214
2022-02-27,Tehama,103,63373,11942,11915,2560,14475,158
2022-02-27,Trinity,105,12862,1174,1158,284,1442,20
2022-02-27,Tulare,107,460477,105436,103270,27242,130512,1300
2022-02-27,Tuolumne,109,53932,12553,12243,547,12790,175
2022-02-27,Ventura,111,848112,171608,171660,9286,180946,1423
2022-02-27,Yolo,113,214977,36403,35744,2952,38696,299
2022-02-27,Yuba,115,75493,15653,15619,1157,16776,113
2022-02-26,Alameda,001,1643700,252432,250867,13349,264216,1716
2022-02-26,Alpine,003,1148,122,125,1,126,0
2022-02-26,Amador,005,37829,8374,8282,629,8911,83
2022-02-26,Butte,007,227075,32808,32466,6869,39335,368
2022-02-26,Calaveras,009,45235,7179,7192,340,7532,110
2022-02-26,Colusa,011,21464,3424,3414,1040,4454,21
2022-02-26,Contra Costa,013,1133247,189480,184686,13052,197738,1209
2022-02-26,Del Norte,015,27424,5663,5639,171,5810,45
2022-02-26,El Dorado,017,186661,26448,26355,3153,29508,191
2022-02-26,Fresno,019,978130,229397,225679,23867,249546,2597
2022-02-26,Glenn,021,27897,4946,4909,1588,6497,40
2022-02-26,Humboldt,023,135768,16624,16619,2867,19486,133
2022-02-26,Imperial,025,180216,54932,54367,10472,64839,871
2022-02-26,Inyo,027,18085,4044,4034,453,4487,56
2022-02-26,Kern,029,883053,190473,188584,45358,233942,2106
2022-02-26,Kings,031,150075,50905,50579,3480,54059,423
2022-02-26,Lake,033,64148,10526,10383,864,11247,128
2022-02-26,Lassen,035,31185,8830,8761,869,9630,55
2022-02-26,Los Angeles,037,10098052,2689812,2660973,121590,2782563,30202
2022-02-26,Madera,039,155013,36925,36933,5941,42874,330
2022-02-26,Marin,041,260295,32821,32651,2149,34800,267
2022-02-26,Mariposa,043,17540,2359,2332,194,2526,6
2022-02-26,Mendocino,045,87422,12872,12762,2938,15700,111
2022-02-26,Merced,047,269075,61884,61348,8519,69867,775
2022-02-26,Modoc,049,8938,724,726,248,974,7
2022-02-26,Mono,051,14174,2958,2959,119,3078,5
2022-02-26,Monterey,053,433212,78512,77610,13168,90778,692
2022-02-26,Napa,055,140530,25245,25221,916,26137,130
2022-02-26,Nevada,057,99092,15781,15850,1155,17005,121
2022-02-26,Orange,059,3164182,542187,539992,40750,580742,6540
2022-02-26,Placer,061,380077,62129,61803,7245,69048,573
2022-02-26,Plumas,063,18699,2949,2673,356,3029,13
2022-02-26,Riverside,065,2383286,587671,584835,27455,612290,6143
2022-02-26,Sacramento,067,1510023,278157,272339,26186,298525,2793
2022-02-26,San Benito,069,59416,12836,12770,506,13276,92
2022-02-26,San Bernardino,071,2135413,571144,555668,24703,580371,6505
2022-02-26,San Diego,073,3302833,742830,736049,51894,787943,5002
2022-02-26,San Francisco,075,870044,121697,123079,8023,131102,769
2022-02-26,San Joaquin,077,732212,165342,164418,9773,174191,2048
2022-02-26,San Luis Obispo,079,281455,51708,51358,3656,55014,438
2022-02-26,San Mateo,081,765935,119605,117860,6763,124623,603
2022-02-26,Santa Barbara,083,443738,84919,84830,4630,89460,652
2022-02-26,Santa Clara,085,1922200,309586,305895,12071,317966,2166
2022-02-26,Santa Cruz,087,273765,46752,46186,2053,48239,251
2022-02-26,Shasta,089,179085,30178,30108,6001,36109,485
2022-02-26,Sierra,091,2930,271,270,47,317,1
2022-02-26,Siskiyou,093,43540,4389,4359,2673,7032,72
2022-02-26,Solano,095,438530,80406,80225,5466,85691,428
2022-02-26,Sonoma,097,501317,82284,81702,2518,84220,432
2022-02-26,Stanislaus,099,539301,116660,116896,17619,134515,1503
2022-02-26,Sutter,101,95872,20252,20230,1988,22218,214
2022-02-26,Tehama,103,63373,11936,11878,2558,14436,158
2022-02-26,Trinity,105,12862,1173,1156,284,1440,20
2022-02-26,Tulare,107,460477,105400,102983,27227,130210,1295
2022-02-26,Tuolumne,109,53932,12550,12169,547,12716,175
2022-02-26,Ventura,111,848112,171576,171292,9283,180575,1411
2022-02-26,Yolo,113,214977,36382,35615,2949,38564,296
2022-02-26,Yuba,115,75493,15641,15587,1157,16744,113
2022-02-25,Alameda,001,1643700,252311,250867,13340,264207,1716
2022-02-25,Alpine,003,1148,122,125,1,126,0
2022-02-25,Amador,005,37829,8363,8282,629,8911,83
2022-02-25,Butte,007,227075,32795,32466,6866,39332,368
2022-02-25,Calaveras,009,45235,7177,7192,340,7532,110
2022-02-25,Colusa,011,21464,3424,3414,1040,4454,21
2022-02-25,Contra Costa,013,1133247,189396,184686,13031,197717,1209
2022-02-25,Del Norte,015,27424,5654,5639,171,5810,45
2022-02-25,El Dorado,017,186661,26439,26355,3153,29508,191
2022-02-25,Fresno,019,978130,229299,225679,23860,249539,2597
2022-02-25,Glenn,021,27897,4944,4909,1588,6497,40
2022-02-25,Humboldt,023,135768,16613,16619,2867,19486,133
2022-02-25,Imperial,025,180216,54914,54367,10471,64838,871
2022-02-25,Inyo,027,18085,4043,4034,453,4487,56
2022-02-25,Kern,029,883053,190408,188584,45345,233929,2106
2022-02-25,Kings,031,150075,50891,50579,3478,54057,423
2022-02-25,Lake,033,64148,10508,10383,864,11247,128
2022-02-25,Lassen,035,31185,8827,8761,869,9630,55
2022-02-25,Los Angeles,037,10098052,2689223,2660973,121559,2782532,30202
2022-02-25,Madera,039,155013,36905,36933,5940,42873,330
2022-02-25,Marin,041,260295,32807,32651,2149,34800,267
2022-02-25,Mariposa,043,17540,2356,2332,194,2526,6
2022-02-25,Mendocino,045,87422,12870,12762,2938,15700,111
2022-02-25,Merced,047,269075,61853,61348,8514,69862,775
2022-02-25,Modoc,049,8938,724,726,248,974,7
2022-02-25,Mono,051,14174,2957,2959,119,3078,5
2022-02-25,Monterey,053,433212,78484,77610,13162,90772,692
2022-02-25,Napa,055,140530,25236,25221,916,26137,130
2022-02-25,Nevada,057,99092,15770,15850,1152,17002,121
2022-02-25,Orange,059,3164182,542052,539992,40727,580719,6540
2022-02-25,Placer,061,380077,62114,61803,7239,69042,573
2022-02-25,Plumas,063,18699,2947,2673,356,3029,13
2022-02-25,Riverside,065,2383286,587516,584835,27443,612278,6143
2022-02-25,Sacramento,067,1510023,278055,272339,26181,298520,2793
2022-02-25,San Benito,069,59416,12834,12770,506,13276,92
2022-02-25,San Bernardino,071,2135413,571037,555668,24696,580364,6505
2022-02-25,San Diego,073,3302833,742547,736049,51875,787924,5002
2022-02-25,San Francisco,075,870044,121616,123079,8020,131099,769
2022-02-25,San Joaquin,077,732212,165302,164418,9768,174186,2048
2022-02-25,San Luis Obispo,079,281455,51704,51358,3647,55005,438
2022-02-25,San Mateo,081,765935,119543,117860,6759,124619,603
2022-02-25,Santa Barbara,083,443738,84882,84830,4630,89460,652
2022-02-25,Santa Clara,085,1922200,309400,305895,12068,317963,2166
2022-02-25,Santa Cruz,087,273765,46718,46186,2051,48237,251
2022-02-25,Shasta,089,179085,30169,30108,5999,36107,485
2022-02-25,Sierra,091,2930,271,270,47,317,1
2022-02-25,Siskiyou,093,43540,4389,4359,2672,7031,72
2022-02-25,Solano,095,438530,80377,80225,5465,85690,428
2022-02-25,Sonoma,097,501317,82233,81702,2516,84218,432
2022-02-25,Stanislaus,099,539301,116632,116896,17615,134511,1503
2022-02-25,Sutter,101,95872,20243,20230,1988,22218,214
2022-02-25,Tehama,103,63373,11934,11878,2558,14436,158
2022-02-25,Trinity,105,12862,1173,1156,284,1440,20
2022-02-25,Tulare,107,460477,105366,102983,27205,130188,1295
2022-02-25,Tuolumne,109,53932,12547,12169,547,12716,175
2022-02-25,Ventura,111,848112,171525,171292,9282,180574,1411
2022-02-25,Yolo,113,214977,36367,35615,2949,38564,296
2022-02-25,Yuba,115,75493,15634,15587,1157,16744,113
2022-02-24,Alameda,001,1643700,252105,250867,13331,264198,1716
2022-02-24,Alpine,003,1148,122,125,1,126,0
2022-02-24,Amador,005,37829,8358,8282,628,8910,83
2022-02-24,Butte,007,227075,32774,32466,6862,39328,368
2022-02-24,Calaveras,009,45235,7175,7192,338,7530,110
2022-02-24,Colusa,011,21464,3423,3414,1039,4453,21
2022-02-24,Contra Costa,013,1133247,189267,184686,13022,197708,1209
2022-02-24,Del Norte,015,27424,5639,5639,170,5809,45
2022-02-24,El Dorado,017,186661,26424,26355,3153,29508,191
2022-02-24,Fresno,019,978130,229104,225679,23845,249524,2597
2022-02-24,Glenn,021,27897,4942,4909,1587,6496,40
2022-02-24,Humboldt,023,135768,16597,16619,2866,19485,133
2022-02-24,Imperial,025,180216,54874,54367,10462,64829,871
2022-02-24,Inyo,027,18085,4042,4034,452,4486,56
2022-02-24,Kern,029,883053,190268,188584,45312,233896,2106
2022-02-24,Kings,031,150075,50861,50579,3473,54052,423
2022-02-24,Lake,033,64148,10491,10383,864,11247,128
2022-02-24,Lassen,035,31185,8823,8761,868,9629,55
2022-02-24,Los Angeles,037,10098052,2688063,2660973,121504,2782477,30202
2022-02-24,Madera,039,155013,36879,36933,5938,42871,330
2022-02-24,Marin,041,260295,32787,32651,2148,34799,267
2022-02-24,Mariposa,043,17540,2350,2332,193,2525,6
2022-02-24,Mendocino,045,87422,12863,12762,2934,15696,111
2022-02-24,Merced,047,269075,61823,61348,8505,69853,775
2022-02-24,Modoc,049,8938,723,726,248,974,7
2022-02-24,Mono,051,14174,2956,2959,119,3078,5
2022-02-24,Monterey,053,433212,78432,77610,13154,90764,692
2022-02-24,Napa,055,140530,25196,25221,912,26133,130
2022-02-24,Nevada,057,99092,15756,15850,1152,17002,121
2022-02-24,Orange,059,3164182,541803,539992,40693,580685,6540
2022-02-24,Placer,061,380077,62077,61803,7237,69040,573
2022-02-24,Plumas,063,18699,2942,2673,355,3028,13
2022-02-24,Riverside,065,2383286,587263,584835,27417,612252,6143
2022-02-24,Sacramento,067,1510023,277882,272339,26165,298504,2793
2022-02-24,San Benito,069,59416,12823,12770,506,13276,92
2022-02-24,San Bernardino,071,2135413,570844,555668,24684,580352,6505
2022-02-24,San Diego,073,3302833,742133,736049,51828,787877,5002
2022-02-24,San Francisco,075,870044,121493,123079,8013,131092,769
2022-02-24,San Joaquin,077,732212,165174,164418,9764,174182,2048
2022-02-24,San Luis Obispo,079,281455,51658,51358,3645,55003,438
2022-02-24,San Mateo,081,765935,119451,117860,6752,124612,603
2022-02-24,Santa Barbara,083,443738,84817,84830,4629,89459,652
2022-02-24,Santa Clara,085,1922200,309165,305895,12055,317950,2166
2022-02-24,Santa Cruz,087,273765,46638,46186,2049,48235,251
2022-02-24,Shasta,089,179085,30150,30108,5993,36101,485
2022-02-24,Sierra,091,2930,271,270,47,317,1
2022-02-24,Siskiyou,093,43540,4386,4359,2669,7028,72
2022-02-24,Solano,095,438530,80298,80225,5461,85686,428
2022-02-24,Sonoma,097,501317,82179,81702,2511,84213,432
2022-02-24,Stanislaus,099,539301,116557,116896,17602,134498,1503
2022-02-24,Sutter,101,95872,20229,20230,1972,22202,214
2022-02-24,Tehama,103,63373,11928,11878,2557,14435,158
2022-02-24,Trinity,105,12862,1171,1156,284,1440,20
2022-02-24,Tulare,107,460477,105310,102983,27176,130159,1295
2022-02-24,Tuolumne,109,53932,12537,12169,545,12714,175
2022-02-24,Ventura,111,848112,171447,171292,9279,180571,1411
2022-02-24,Yolo,113,214977,36341,35615,2947,38562,296
2022-02-24,Yuba,115,75493,15620,15587,1157,16744,113
2022-02-23,Alameda,001,1643700,251879,247686,13312,260998,1713
2022-02-23,Alpine,003,1148,122,125,1,126,0
2022-02-23,Amador,005,37829,8340,8274,628,8902,79
2022-02-23,Butte,007,227075,32747,32417,6859,39276,367
2022-02-23,Calaveras,009,45235,7165,7182,337,7519,107
2022-02-23,Colusa,011,21464,3419,3411,1039,4450,21
2022-02-23,Contra Costa,013,1133247,189124,184013,13009,197022,1209
2022-02-23,Del Norte,015,27424,5628,5625,169,5794,45
2022-02-23,El Dorado,017,186661,26408,26317,3149,29466,189
2022-02-23,Fresno,019,978130,228917,225308,23822,249130,2596
2022-02-23,Glenn,021,27897,4938,4909,1585,6494,40
2022-02-23,Humboldt,023,135768,16581,16601,2863,19464,132
2022-02-23,Imperial,025,180216,54835,54292,10449,64741,871
2022-02-23,Inyo,027,18085,4041,4031,449,4480,54
2022-02-23,Kern,029,883053,190165,188432,45265,233697,2106
2022-02-23,Kings,031,150075,50828,50416,3472,53888,423
2022-02-23,Lake,033,64148,10473,10368,863,11231,126
2022-02-23,Lassen,035,31185,8807,8749,868,9617,55
2022-02-23,Los Angeles,037,10098052,2686687,2659569,121462,2781031,30167
2022-02-23,Madera,039,155013,36848,36876,5928,42804,330
2022-02-23,Marin,041,260295,32764,32625,2147,34772,267
2022-02-23,Mariposa,043,17540,2345,2325,192,2517,6
2022-02-23,Mendocino,045,87422,12853,12747,2930,15677,111
2022-02-23,Merced,047,269075,61791,61295,8499,69794,772
2022-02-23,Modoc,049,8938,723,723,247,970,7
2022-02-23,Mono,051,14174,2955,2960,119,3079,5
2022-02-23,Monterey,053,433212,78394,77472,13131,90603,691
2022-02-23,Napa,055,140530,25171,25185,907,26092,128
2022-02-23,Nevada,057,99092,15750,15825,1149,16974,121
2022-02-23,Orange,059,3164182,541498,539631,40671,580302,6520
2022-02-23,Placer,061,380077,62030,61758,7230,68988,573
2022-02-23,Plumas,063,18699,2938,2663,355,3018,13
2022-02-23,Riverside,065,2383286,586972,584381,27381,611762,6119
2022-02-23,Sacramento,067,1510023,277723,272057,26144,298201,2796
2022-02-23,San Benito,069,59416,12816,12756,505,13261,92
2022-02-23,San Bernardino,071,2135413,570684,555238,24668,579906,6479
2022-02-23,San Diego,073,3302833,741629,735406,51778,787184,4988
2022-02-23,San Francisco,075,870044,121366,122127,8011,130138,769
2022-02-23,San Joaquin,077,732212,165082,164257,9758,174015,2042
2022-02-23,San Luis Obispo,079,281455,51610,51264,3643,54907,434
2022-02-23,San Mateo,081,765935,119360,117585,6743,124328,603
2022-02-23,Santa Barbara,083,443738,84756,84760,4625,89385,651
2022-02-23,Santa Clara,085,1922200,308908,305484,12046,317530,2157
2022-02-23,Santa Cruz,087,273765,46568,46059,2048,48107,251
2022-02-23,Shasta,089,179085,30122,30066,5990,36056,481
2022-02-23,Sierra,091,2930,271,270,47,317,1
2022-02-23,Siskiyou,093,43540,4383,4356,2667,7023,71
2022-02-23,Solano,095,438530,80208,80103,5459,85562,427
2022-02-23,Sonoma,097,501317,82125,81594,2509,84103,432
2022-02-23,Stanislaus,099,539301,116480,116789,17593,134382,1482
2022-02-23,Sutter,101,95872,20212,20194,1968,22162,213
2022-02-23,Tehama,103,63373,11918,11863,2557,14420,154
2022-02-23,Trinity,105,12862,1171,1156,284,1440,20
2022-02-23,Tulare,107,460477,105243,102812,27153,129965,1290
2022-02-23,Tuolumne,109,53932,12528,12158,544,12702,175
2022-02-23,Ventura,111,848112,171359,171163,9272,180435,1401
2022-02-23,Yolo,113,214977,36304,35590,2940,38530,296
2022-02-23,Yuba,115,75493,15617,15571,1155,16726,113
2022-02-22,Alameda,001,1643700,251634,247434,13298,260732,1706
2022-02-22,Alpine,003,1148,122,124,1,125,0
2022-02-22,Amador,005,37829,8330,8243,628,8871,79
2022-02-22,Butte,007,227075,32712,32359,6852,39211,366
2022-02-22,Calaveras,009,45235,7156,7178,337,7515,107
2022-02-22,Colusa,011,21464,3418,3402,1037,4439,21
2022-02-22,Contra Costa,013,1133247,188971,183812,12990,196802,1201
2022-02-22,Del Norte,015,27424,5619,5611,168,5779,45
2022-02-22,El Dorado,017,186661,26398,26289,3149,29438,189
2022-02-22,Fresno,019,978130,228691,225104,23796,248900,2592
2022-02-22,Glenn,021,27897,4937,4900,1584,6484,40
2022-02-22,Humboldt,023,135768,16558,16559,2859,19418,132
2022-02-22,Imperial,025,180216,54803,54227,10445,64672,864
2022-02-22,Inyo,027,18085,4039,4026,447,4473,54
2022-02-22,Kern,029,883053,190045,188237,45229,233466,2102
2022-02-22,Kings,031,150075,50766,50359,3470,53829,423
2022-02-22,Lake,033,64148,10462,10353,861,11214,126
2022-02-22,Lassen,035,31185,8803,8730,868,9598,55
2022-02-22,Los Angeles,037,10098052,2685221,2658230,121373,2779603,30129
2022-02-22,Madera,039,155013,36815,36833,5918,42751,330
2022-02-22,Marin,041,260295,32739,32591,2146,34737,267
2022-02-22,Mariposa,043,17540,2337,2322,192,2514,6
2022-02-22,Mendocino,045,87422,12839,12714,2920,15634,110
2022-02-22,Merced,047,269075,61730,61241,8492,69733,770
2022-02-22,Modoc,049,8938,720,720,247,967,6
2022-02-22,Mono,051,14174,2955,2961,119,3080,5
2022-02-22,Monterey,053,433212,78340,77359,13112,90471,690
2022-02-22,Napa,055,140530,25142,25151,906,26057,128
2022-02-22,Nevada,057,99092,15734,15815,1148,16963,121
2022-02-22,Orange,059,3164182,541211,539390,40638,580028,6502
2022-02-22,Placer,061,380077,61992,61709,7225,68934,572
2022-02-22,Plumas,063,18699,2932,2659,354,3013,13
2022-02-22,Riverside,065,2383286,586715,583969,27361,611330,6097
2022-02-22,Sacramento,067,1510023,277533,271789,26120,297909,2775
2022-02-22,San Benito,069,59416,12805,12742,504,13246,92
2022-02-22,San Bernardino,071,2135413,570482,554903,24649,579552,6451
2022-02-22,San Diego,073,3302833,741104,734536,51723,786259,4974
2022-02-22,San Francisco,075,870044,121237,121954,8007,129961,769
2022-02-22,San Joaquin,077,732212,164961,164111,9748,173859,2040
2022-02-22,San Luis Obispo,079,281455,51525,51193,3637,54830,431
2022-02-22,San Mateo,081,765935,119266,117418,6738,124156,603
2022-02-22,Santa Barbara,083,443738,84695,84701,4621,89322,650
2022-02-22,Santa Clara,085,1922200,308624,305045,12040,317085,2155
2022-02-22,Santa Cruz,087,273765,46503,45958,2048,48006,251
2022-02-22,Shasta,089,179085,30097,30024,5985,36009,479
2022-02-22,Sierra,091,2930,271,269,46,315,0
2022-02-22,Siskiyou,093,43540,4380,4350,2662,7012,70
2022-02-22,Solano,095,438530,80132,79968,5457,85425,425
2022-02-22,Sonoma,097,501317,82059,81412,2505,83917,431
2022-02-22,Stanislaus,099,539301,116399,116676,17573,134249,1475
2022-02-22,Sutter,101,95872,20196,20164,1966,22130,210
2022-02-22,Tehama,103,63373,11909,11852,2556,14408,152
2022-02-22,Trinity,105,12862,1171,1147,283,1430,20
2022-02-22,Tulare,107,460477,105137,102717,27123,129840,1287
2022-02-22,Tuolumne,109,53932,12510,12136,543,12679,175
2022-02-22,Ventura,111,848112,171274,171064,9266,180330,1401
2022-02-22,Yolo,113,214977,36267,35527,2935,38462,292
2022-02-22,Yuba,115,75493,15607,15550,1154,16704,110
2022-02-21,Alameda,001,1643700,251349,247434,13282,260716,1704
2022-02-21,Alpine,003,1148,122,124,1,125,0
2022-02-21,Amador,005,37829,8324,8246,628,8874,79
2022-02-21,Butte,007,227075,32670,32356,6828,39184,366
2022-02-21,Calaveras,009,45235,7148,7175,337,7512,107
2022-02-21,Colusa,011,21464,3416,3401,1035,4436,21
2022-02-21,Contra Costa,013,1133247,188744,183701,12976,196677,1201
2022-02-21,Del Norte,015,27424,5601,5601,167,5768,45
2022-02-21,El Dorado,017,186661,26370,26273,3144,29417,189
2022-02-21,Fresno,019,978130,228374,224923,23740,248663,2592
2022-02-21,Glenn,021,27897,4932,4897,1584,6481,40
2022-02-21,Humboldt,023,135768,16515,16548,2851,19399,132
2022-02-21,Imperial,025,180216,54743,54208,10432,64640,864
2022-02-21,Inyo,027,18085,4036,4023,447,4470,54
2022-02-21,Kern,029,883053,189853,188188,45177,233365,2102
2022-02-21,Kings,031,150075,50700,50188,3467,53655,422
2022-02-21,Lake,033,64148,10440,10334,859,11193,126
2022-02-21,Lassen,035,31185,8795,8705,863,9568,55
2022-02-21,Los Angeles,037,10098052,2683441,2656873,121278,2778151,30108
2022-02-21,Madera,039,155013,36778,36796,5897,42693,330
2022-02-21,Marin,041,260295,32715,32570,2146,34716,258
2022-02-21,Mariposa,043,17540,2334,2321,192,2513,6
2022-02-21,Mendocino,045,87422,12813,12706,2908,15614,110
2022-02-21,Merced,047,269075,61673,61209,8475,69684,770
2022-02-21,Modoc,049,8938,719,718,247,965,6
2022-02-21,Mono,051,14174,2954,2960,119,3079,5
2022-02-21,Monterey,053,433212,78246,77354,13071,90425,690
2022-02-21,Napa,055,140530,25103,25126,906,26032,128
2022-02-21,Nevada,057,99092,15723,15810,1145,16955,121
2022-02-21,Orange,059,3164182,540860,539068,40613,579681,6502
2022-02-21,Placer,061,380077,61938,61727,7221,68948,572
2022-02-21,Plumas,063,18699,2929,2657,349,3006,13
2022-02-21,Riverside,065,2383286,586346,583712,27314,611026,6097
2022-02-21,Sacramento,067,1510023,277278,271588,26087,297675,2769
2022-02-21,San Benito,069,59416,12792,12731,504,13235,92
2022-02-21,San Bernardino,071,2135413,570244,554662,24628,579290,6441
2022-02-21,San Diego,073,3302833,740489,732298,51645,783943,4974
2022-02-21,San Francisco,075,870044,121056,121865,8003,129868,769
2022-02-21,San Joaquin,077,732212,164822,164036,9736,173772,2040
2022-02-21,San Luis Obispo,079,281455,51434,51184,3630,54814,429
2022-02-21,San Mateo,081,765935,119173,117259,6730,123989,605
2022-02-21,Santa Barbara,083,443738,84619,84626,4613,89239,650
2022-02-21,Santa Clara,085,1922200,308293,304858,12034,316892,2158
2022-02-21,Santa Cruz,087,273765,46377,45941,2047,47988,251
2022-02-21,Shasta,089,179085,30052,30004,5977,35981,479
2022-02-21,Sierra,091,2930,271,269,46,315,0
2022-02-21,Siskiyou,093,43540,4369,4337,2657,6994,70
2022-02-21,Solano,095,438530,80039,79906,5452,85358,425
2022-02-21,Sonoma,097,501317,81945,81361,2498,83859,431
2022-02-21,Stanislaus,099,539301,116287,116597,17549,134146,1475
2022-02-21,Sutter,101,95872,20171,20152,1964,22116,210
2022-02-21,Tehama,103,63373,11895,11842,2555,14397,152
2022-02-21,Trinity,105,12862,1170,1147,283,1430,20
2022-02-21,Tulare,107,460477,105043,102614,27080,129694,1287
2022-02-21,Tuolumne,109,53932,12499,12126,540,12666,175
2022-02-21,Ventura,111,848112,171135,170939,9257,180196,1401
2022-02-21,Yolo,113,214977,36224,35518,2926,38444,292
2022-02-21,Yuba,115,75493,15588,15546,1145,16691,110
2022-02-20,Alameda,001,1643700,251120,246028,13274,259302,1700
2022-02-20,Alpine,003,1148,122,124,1,125,0
2022-02-20,Amador,005,37829,8312,8203,628,8831,79
2022-02-20,Butte,007,227075,32641,32173,6824,38997,364
2022-02-20,Calaveras,009,45235,7145,7136,336,7472,107
2022-02-20,Colusa,011,21464,3413,3389,1034,4423,21
2022-02-20,Contra Costa,013,1133247,188614,182797,12971,195768,1190
2022-02-20,Del Norte,015,27424,5586,5511,167,5678,45
2022-02-20,El Dorado,017,186661,26349,26101,3143,29244,189
2022-02-20,Fresno,019,978130,228177,223594,23724,247318,2544
2022-02-20,Glenn,021,27897,4929,4881,1584,6465,39
2022-02-20,Humboldt,023,135768,16503,16393,2847,19240,132
2022-02-20,Imperial,025,180216,54677,53967,10422,64389,862
2022-02-20,Inyo,027,18085,4036,4018,446,4464,52
2022-02-20,Kern,029,883053,189719,187158,45133,232291,2095
2022-02-20,Kings,031,150075,50672,49724,3464,53188,421
2022-02-20,Lake,033,64148,10407,10184,858,11042,126
2022-02-20,Lassen,035,31185,8783,8640,863,9503,55
2022-02-20,Los Angeles,037,10098052,2682116,2642878,121196,2764074,29842
2022-02-20,Madera,039,155013,36747,36526,5893,42419,330
2022-02-20,Marin,041,260295,32698,32441,2146,34587,258
2022-02-20,Mariposa,043,17540,2328,2310,190,2500,6
2022-02-20,Mendocino,045,87422,12803,12625,2905,15530,110
2022-02-20,Merced,047,269075,61645,60886,8471,69357,769
2022-02-20,Modoc,049,8938,718,714,247,961,6
2022-02-20,Mono,051,14174,2954,2956,119,3075,5
2022-02-20,Monterey,053,433212,78186,76765,13058,89823,682
2022-02-20,Napa,055,140530,25081,24970,904,25874,127
2022-02-20,Nevada,057,99092,15712,15715,1144,16859,121
2022-02-20,Orange,059,3164182,540541,538019,40577,578596,6416
2022-02-20,Placer,061,380077,61905,61417,7213,68630,560
2022-02-20,Plumas,063,18699,2925,2646,347,2993,13
2022-02-20,Riverside,065,2383286,586077,581788,27288,609076,6087
2022-02-20,Sacramento,067,1510023,277098,270080,26063,296143,2747
2022-02-20,San Benito,069,59416,12789,12665,504,13169,92
2022-02-20,San Bernardino,071,2135413,570036,553151,24611,577762,6400
2022-02-20,San Diego,073,3302833,739917,729549,51581,781130,4947
2022-02-20,San Francisco,075,870044,120919,121197,7993,129190,756
2022-02-20,San Joaquin,077,732212,164703,163083,9725,172808,2033
2022-02-20,San Luis Obispo,079,281455,51405,50823,3626,54449,424
2022-02-20,San Mateo,081,765935,119099,116648,6723,123371,598
2022-02-20,Santa Barbara,083,443738,84575,83988,4611,88599,642
2022-02-20,Santa Clara,085,1922200,308010,303077,12026,315103,2138
2022-02-20,Santa Cruz,087,273765,46311,45532,2044,47576,250
2022-02-20,Shasta,089,179085,30023,29847,5970,35817,479
2022-02-20,Sierra,091,2930,271,269,46,315,0
2022-02-20,Siskiyou,093,43540,4364,4307,2656,6963,70
2022-02-20,Solano,095,438530,79964,78914,5448,84362,424
2022-02-20,Sonoma,097,501317,81870,80843,2495,83338,431
2022-02-20,Stanislaus,099,539301,116221,115976,17532,133508,1454
2022-02-20,Sutter,101,95872,20159,20060,1961,22021,210
2022-02-20,Tehama,103,63373,11883,11760,2552,14312,152
2022-02-20,Trinity,105,12862,1169,1130,283,1413,20
2022-02-20,Tulare,107,460477,104955,101996,27054,129050,1286
2022-02-20,Tuolumne,109,53932,12478,12036,540,12576,175
2022-02-20,Ventura,111,848112,171039,170331,9250,179581,1384
2022-02-20,Yolo,113,214977,36198,35363,2923,38286,293
2022-02-20,Yuba,115,75493,15573,15449,1144,16593,112
2022-02-19,Alameda,001,1643700,250946,246028,13270,259298,1700
2022-02-19,Alpine,003,1148,122,124,1,125,0
2022-02-19,Amador,005,37829,8308,8203,628,8831,79
2022-02-19,Butte,007,227075,32617,32173,6821,38994,364
2022-02-19,Calaveras,009,45235,7145,7136,336,7472,107
2022-02-19,Colusa,011,21464,3412,3389,1032,4421,21
2022-02-19,Contra Costa,013,1133247,188517,182797,12970,195767,1190
2022-02-19,Del Norte,015,27424,5576,5511,167,5678,45
2022-02-19,El Dorado,017,186661,26331,26101,3141,29242,189
2022-02-19,Fresno,019,978130,228059,223594,23717,247311,2544
2022-02-19,Glenn,021,27897,4924,4881,1584,6465,39
2022-02-19,Humboldt,023,135768,16488,16393,2847,19240,132
2022-02-19,Imperial,025,180216,54661,53967,10417,64384,862
2022-02-19,Inyo,027,18085,4035,4018,445,4463,52
2022-02-19,Kern,029,883053,189616,187158,45109,232267,2095
2022-02-19,Kings,031,150075,50649,49724,3463,53187,421
2022-02-19,Lake,033,64148,10398,10184,858,11042,126
2022-02-19,Lassen,035,31185,8771,8640,862,9502,55
2022-02-19,Los Angeles,037,10098052,2681321,2642878,121154,2764032,29842
2022-02-19,Madera,039,155013,36725,36526,5891,42417,330
2022-02-19,Marin,041,260295,32675,32441,2145,34586,258
2022-02-19,Mariposa,043,17540,2325,2310,190,2500,6
2022-02-19,Mendocino,045,87422,12793,12625,2905,15530,110
2022-02-19,Merced,047,269075,61601,60886,8467,69353,769
2022-02-19,Modoc,049,8938,718,714,246,960,6
2022-02-19,Mono,051,14174,2953,2956,119,3075,5
2022-02-19,Monterey,053,433212,78097,76765,13047,89812,682
2022-02-19,Napa,055,140530,25071,24970,904,25874,127
2022-02-19,Nevada,057,99092,15704,15715,1144,16859,121
2022-02-19,Orange,059,3164182,540339,538019,40551,578570,6416
2022-02-19,Placer,061,380077,61858,61417,7213,68630,560
2022-02-19,Plumas,063,18699,2924,2646,347,2993,13
2022-02-19,Riverside,065,2383286,585895,581788,27276,609064,6087
2022-02-19,Sacramento,067,1510023,276954,270080,26052,296132,2747
2022-02-19,San Benito,069,59416,12776,12665,503,13168,92
2022-02-19,San Bernardino,071,2135413,569874,553151,24604,577755,6400
2022-02-19,San Diego,073,3302833,739572,729549,51534,781083,4947
2022-02-19,San Francisco,075,870044,120834,121197,7989,129186,756
2022-02-19,San Joaquin,077,732212,164630,163083,9714,172797,2033
2022-02-19,San Luis Obispo,079,281455,51392,50823,3622,54445,424
2022-02-19,San Mateo,081,765935,119057,116648,6722,123370,598
2022-02-19,Santa Barbara,083,443738,84508,83988,4610,88598,642
2022-02-19,Santa Clara,085,1922200,307815,303077,12024,315101,2138
2022-02-19,Santa Cruz,087,273765,46273,45532,2042,47574,250
2022-02-19,Shasta,089,179085,30009,29847,5967,35814,479
2022-02-19,Sierra,091,2930,271,269,46,315,0
2022-02-19,Siskiyou,093,43540,4361,4307,2656,6963,70
2022-02-19,Solano,095,438530,79922,78914,5447,84361,424
2022-02-19,Sonoma,097,501317,81828,80843,2495,83338,431
2022-02-19,Stanislaus,099,539301,116149,115976,17526,133502,1454
2022-02-19,Sutter,101,95872,20151,20060,1961,22021,210
2022-02-19,Tehama,103,63373,11876,11760,2552,14312,152
2022-02-19,Trinity,105,12862,1167,1130,283,1413,20
2022-02-19,Tulare,107,460477,104908,101996,27029,129025,1286
2022-02-19,Tuolumne,109,53932,12469,12036,540,12576,175
2022-02-19,Ventura,111,848112,170964,170331,9246,179577,1384
2022-02-19,Yolo,113,214977,36167,35363,2919,38282,293
2022-02-19,Yuba,115,75493,15564,15449,1144,16593,112
2022-02-18,Alameda,001,1643700,250780,246028,13262,259290,1700
2022-02-18,Alpine,003,1148,121,124,1,125,0
2022-02-18,Amador,005,37829,8301,8203,626,8829,79
2022-02-18,Butte,007,227075,32596,32173,6815,38988,364
2022-02-18,Calaveras,009,45235,7140,7136,335,7471,107
2022-02-18,Colusa,011,21464,3410,3389,1032,4421,21
2022-02-18,Contra Costa,013,1133247,188410,182797,12964,195761,1190
2022-02-18,Del Norte,015,27424,5565,5511,167,5678,45
2022-02-18,El Dorado,017,186661,26320,26101,3141,29242,189
2022-02-18,Fresno,019,978130,227871,223594,23704,247298,2544
2022-02-18,Glenn,021,27897,4923,4881,1583,6464,39
2022-02-18,Humboldt,023,135768,16471,16393,2842,19235,132
2022-02-18,Imperial,025,180216,54635,53967,10406,64373,862
2022-02-18,Inyo,027,18085,4033,4018,445,4463,52
2022-02-18,Kern,029,883053,189504,187158,45064,232222,2095
2022-02-18,Kings,031,150075,50562,49724,3463,53187,421
2022-02-18,Lake,033,64148,10380,10184,856,11040,126
2022-02-18,Lassen,035,31185,8751,8640,861,9501,55
2022-02-18,Los Angeles,037,10098052,2680335,2642878,121099,2763977,29842
2022-02-18,Madera,039,155013,36702,36526,5889,42415,330
2022-02-18,Marin,041,260295,32657,32441,2143,34584,258
2022-02-18,Mariposa,043,17540,2323,2310,190,2500,6
2022-02-18,Mendocino,045,87422,12783,12625,2905,15530,110
2022-02-18,Merced,047,269075,61558,60886,8458,69344,769
2022-02-18,Modoc,049,8938,718,714,246,960,6
2022-02-18,Mono,051,14174,2953,2956,119,3075,5
2022-02-18,Monterey,053,433212,78024,76765,13039,89804,682
2022-02-18,Napa,055,140530,25053,24970,904,25874,127
2022-02-18,Nevada,057,99092,15696,15715,1144,16859,121
2022-02-18,Orange,059,3164182,540103,538019,40512,578531,6416
2022-02-18,Placer,061,380077,61829,61417,7206,68623,560
2022-02-18,Plumas,063,18699,2920,2646,347,2993,13
2022-02-18,Riverside,065,2383286,585714,581788,27268,609056,6087
2022-02-18,Sacramento,067,1510023,276763,270080,26044,296124,2747
2022-02-18,San Benito,069,59416,12768,12665,503,13168,92
2022-02-18,San Bernardino,071,2135413,569696,553151,24599,577750,6400
2022-02-18,San Diego,073,3302833,739148,729549,51508,781057,4947
2022-02-18,San Francisco,075,870044,120746,121197,7981,129178,756
2022-02-18,San Joaquin,077,732212,164561,163083,9707,172790,2033
2022-02-18,San Luis Obispo,079,281455,51376,50823,3619,54442,424
2022-02-18,San Mateo,081,765935,118992,116648,6719,123367,598
2022-02-18,Santa Barbara,083,443738,84468,83988,4608,88596,642
2022-02-18,Santa Clara,085,1922200,307578,303077,12023,315100,2138
2022-02-18,Santa Cruz,087,273765,46239,45532,2041,47573,250
2022-02-18,Shasta,089,179085,29995,29847,5966,35813,479
2022-02-18,Sierra,091,2930,271,269,46,315,0
2022-02-18,Siskiyou,093,43540,4358,4307,2654,6961,70
2022-02-18,Solano,095,438530,79852,78914,5446,84360,424
2022-02-18,Sonoma,097,501317,81772,80843,2494,83337,431
2022-02-18,Stanislaus,099,539301,116099,115976,17512,133488,1454
2022-02-18,Sutter,101,95872,20139,20060,1961,22021,210
2022-02-18,Tehama,103,63373,11865,11760,2552,14312,152
2022-02-18,Trinity,105,12862,1166,1130,282,1412,20
2022-02-18,Tulare,107,460477,104857,101996,26988,128984,1286
2022-02-18,Tuolumne,109,53932,12463,12036,539,12575,175
2022-02-18,Ventura,111,848112,170874,170331,9241,179572,1384
2022-02-18,Yolo,113,214977,36139,35363,2917,38280,293
2022-02-18,Yuba,115,75493,15549,15449,1144,16593,112
2022-02-17,Alameda,001,1643700,250517,246028,13242,259270,1700
2022-02-17,Alpine,003,1148,121,124,1,125,0
2022-02-17,Amador,005,37829,8297,8203,624,8827,79
2022-02-17,Butte,007,227075,32563,32173,6811,38984,364
2022-02-17,Calaveras,009,45235,7131,7136,332,7468,107
2022-02-17,Colusa,011,21464,3407,3389,1032,4421,21
2022-02-17,Contra Costa,013,1133247,188214,182797,12932,195729,1190
2022-02-17,Del Norte,015,27424,5544,5511,167,5678,45
2022-02-17,El Dorado,017,186661,26294,26101,3131,29232,189
2022-02-17,Fresno,019,978130,227582,223594,23673,247267,2544
2022-02-17,Glenn,021,27897,4921,4881,1580,6461,39
2022-02-17,Humboldt,023,135768,16431,16393,2841,19234,132
2022-02-17,Imperial,025,180216,54564,53967,10390,64357,862
2022-02-17,Inyo,027,18085,4031,4018,444,4462,52
2022-02-17,Kern,029,883053,189350,187158,45015,232173,2095
2022-02-17,Kings,031,150075,50498,49724,3458,53182,421
2022-02-17,Lake,033,64148,10350,10184,852,11036,126
2022-02-17,Lassen,035,31185,8741,8640,859,9499,55
2022-02-17,Los Angeles,037,10098052,2678498,2642878,121020,2763898,29842
2022-02-17,Madera,039,155013,36659,36526,5882,42408,330
2022-02-17,Marin,041,260295,32631,32441,2142,34583,258
2022-02-17,Mariposa,043,17540,2321,2310,189,2499,6
2022-02-17,Mendocino,045,87422,12766,12625,2902,15527,110
2022-02-17,Merced,047,269075,61483,60886,8442,69328,769
2022-02-17,Modoc,049,8938,717,714,246,960,6
2022-02-17,Mono,051,14174,2951,2956,119,3075,5
2022-02-17,Monterey,053,433212,77912,76765,12997,89762,682
2022-02-17,Napa,055,140530,25021,24970,902,25872,127
2022-02-17,Nevada,057,99092,15684,15715,1143,16858,121
2022-02-17,Orange,059,3164182,539764,538019,40485,578504,6416
2022-02-17,Placer,061,380077,61787,61417,7198,68615,560
2022-02-17,Plumas,063,18699,2917,2646,347,2993,13
2022-02-17,Riverside,065,2383286,585342,581788,27241,609029,6087
2022-02-17,Sacramento,067,1510023,276476,270080,25996,296076,2747
2022-02-17,San Benito,069,59416,12757,12665,503,13168,92
2022-02-17,San Bernardino,071,2135413,569392,553151,24585,577736,6400
2022-02-17,San Diego,073,3302833,738551,729549,51454,781003,4947
2022-02-17,San Francisco,075,870044,120612,121197,7971,129168,756
2022-02-17,San Joaquin,077,732212,164397,163083,9694,172777,2033
2022-02-17,San Luis Obispo,079,281455,51271,50823,3611,54434,424
2022-02-17,San Mateo,081,765935,118898,116648,6710,123358,598
2022-02-17,Santa Barbara,083,443738,84368,83988,4601,88589,642
2022-02-17,Santa Clara,085,1922200,307208,303077,12009,315086,2138
2022-02-17,Santa Cruz,087,273765,46157,45532,2039,47571,250
2022-02-17,Shasta,089,179085,29968,29847,5963,35810,479
2022-02-17,Sierra,091,2930,271,269,46,315,0
2022-02-17,Siskiyou,093,43540,4349,4307,2650,6957,70
2022-02-17,Solano,095,438530,79771,78914,5439,84353,424
2022-02-17,Sonoma,097,501317,81706,80843,2487,83330,431
2022-02-17,Stanislaus,099,539301,115995,115976,17495,133471,1454
2022-02-17,Sutter,101,95872,20124,20060,1953,22013,210
2022-02-17,Tehama,103,63373,11857,11760,2551,14311,152
2022-02-17,Trinity,105,12862,1164,1130,280,1410,20
2022-02-17,Tulare,107,460477,104744,101996,26964,128960,1286
2022-02-17,Tuolumne,109,53932,12452,12036,539,12575,175
2022-02-17,Ventura,111,848112,170734,170331,9240,179571,1384
2022-02-17,Yolo,113,214977,36101,35363,2916,38279,293
2022-02-17,Yuba,115,75493,15534,15449,1144,16593,112
2022-02-16,Alameda,001,1643700,250208,245662,13204,258866,1691
2022-02-16,Alpine,003,1148,121,124,1,125,0
2022-02-16,Amador,005,37829,8279,8197,623,8820,77
2022-02-16,Butte,007,227075,32517,32095,6798,38893,363
2022-02-16,Calaveras,009,45235,7127,7129,329,7458,107
2022-02-16,Colusa,011,21464,3402,3384,1032,4416,21
2022-02-16,Contra Costa,013,1133247,187981,182423,12896,195319,1179
2022-02-16,Del Norte,015,27424,5524,5473,164,5637,45
2022-02-16,El Dorado,017,186661,26267,26061,3127,29188,189
2022-02-16,Fresno,019,978130,227221,223056,23624,246680,2542
2022-02-16,Glenn,021,27897,4918,4873,1575,6448,39
2022-02-16,Humboldt,023,135768,16407,16342,2831,19173,132
2022-02-16,Imperial,025,180216,54486,53901,10362,64263,861
2022-02-16,Inyo,027,18085,4028,4013,443,4456,52
2022-02-16,Kern,029,883053,189133,186740,44930,231670,2084
2022-02-16,Kings,031,150075,50445,49575,3449,53024,420
2022-02-16,Lake,033,64148,10325,10145,852,10997,125
2022-02-16,Lassen,035,31185,8708,8618,859,9477,55
2022-02-16,Los Angeles,037,10098052,2676406,2640005,120912,2760917,29749
2022-02-16,Madera,039,155013,36592,36382,5868,42250,330
2022-02-16,Marin,041,260295,32595,32381,2140,34521,257
2022-02-16,Mariposa,043,17540,2319,2305,189,2494,6
2022-02-16,Mendocino,045,87422,12744,12605,2892,15497,108
2022-02-16,Merced,047,269075,61415,60776,8410,69186,767
2022-02-16,Modoc,049,8938,717,711,242,953,6
2022-02-16,Mono,051,14174,2949,2953,119,3072,5
2022-02-16,Monterey,053,433212,77765,76624,12956,89580,682
2022-02-16,Napa,055,140530,24983,24897,899,25796,128
2022-02-16,Nevada,057,99092,15666,15677,1139,16816,121
2022-02-16,Orange,059,3164182,539360,537934,40441,578375,6392
2022-02-16,Placer,061,380077,61744,61278,7186,68464,556
2022-02-16,Plumas,063,18699,2914,2644,345,2989,13
2022-02-16,Riverside,065,2383286,584945,580828,27195,608023,6064
2022-02-16,Sacramento,067,1510023,276152,269416,25940,295356,2736
2022-02-16,San Benito,069,59416,12730,12644,503,13147,92
2022-02-16,San Bernardino,071,2135413,569118,552353,24563,576916,6379
2022-02-16,San Diego,073,3302833,737791,728610,51377,779987,4931
2022-02-16,San Francisco,075,870044,120439,120987,7968,128955,756
2022-02-16,San Joaquin,077,732212,164230,162752,9684,172436,2032
2022-02-16,San Luis Obispo,079,281455,51199,50704,3599,54303,425
2022-02-16,San Mateo,081,765935,118780,116438,6692,123130,595
2022-02-16,Santa Barbara,083,443738,84292,83968,4589,88557,642
2022-02-16,Santa Clara,085,1922200,306819,302439,11976,314415,2130
2022-02-16,Santa Cruz,087,273765,46067,45274,2037,47311,250
2022-02-16,Shasta,089,179085,29930,29767,5951,35718,477
2022-02-16,Sierra,091,2930,270,269,46,315,0
2022-02-16,Siskiyou,093,43540,4342,4302,2644,6946,71
2022-02-16,Solano,095,438530,79656,78742,5433,84175,422
2022-02-16,Sonoma,097,501317,81578,80642,2477,83119,431
2022-02-16,Stanislaus,099,539301,115876,115751,17462,133213,1443
2022-02-16,Sutter,101,95872,20107,20020,1950,21970,210
2022-02-16,Tehama,103,63373,11840,11738,2549,14287,152
2022-02-16,Trinity,105,12862,1164,1130,279,1409,20
2022-02-16,Tulare,107,460477,104624,101817,26914,128731,1281
2022-02-16,Tuolumne,109,53932,12440,11991,538,12529,171
2022-02-16,Ventura,111,848112,170600,170117,9232,179349,1372
2022-02-16,Yolo,113,214977,36050,35284,2914,38198,292
2022-02-16,Yuba,115,75493,15512,15405,1141,16546,110
2022-02-15,Alameda,001,1643700,249858,245265,13176,258441,1683
2022-02-15,Alpine,003,1148,121,124,1,125,0
2022-02-15,Amador,005,37829,8269,8183,622,8805,77
2022-02-15,Butte,007,227075,32468,32011,6784,38795,361
2022-02-15,Calaveras,009,45235,7117,7115,329,7444,106
2022-02-15,Colusa,011,21464,3394,3374,1031,4405,21
2022-02-15,Contra Costa,013,1133247,187724,182041,12866,194907,1179
2022-02-15,Del Norte,015,27424,5496,5439,163,5602,45
2022-02-15,El Dorado,017,186661,26248,25988,3122,29110,189
2022-02-15,Fresno,019,978130,226846,222673,23566,246239,2543
2022-02-15,Glenn,021,27897,4909,4862,1574,6436,39
2022-02-15,Humboldt,023,135768,16362,16297,2816,19113,132
2022-02-15,Imperial,025,180216,54422,53813,10347,64160,860
2022-02-15,Inyo,027,18085,4027,4009,442,4451,52
2022-02-15,Kern,029,883053,188912,186324,44838,231162,2072
2022-02-15,Kings,031,150075,50352,49473,3440,52913,418
2022-02-15,Lake,033,64148,10293,10112,846,10958,123
2022-02-15,Lassen,035,31185,8694,8587,857,9444,55
2022-02-15,Los Angeles,037,10098052,2674149,2638266,120782,2759048,29691
2022-02-15,Madera,039,155013,36526,36260,5848,42108,330
2022-02-15,Marin,041,260295,32553,32355,2138,34493,255
2022-02-15,Mariposa,043,17540,2318,2302,189,2491,6
2022-02-15,Mendocino,045,87422,12727,12580,2873,15453,108
2022-02-15,Merced,047,269075,61333,60674,8378,69052,763
2022-02-15,Modoc,049,8938,715,710,239,949,6
2022-02-15,Mono,051,14174,2948,2952,119,3071,5
2022-02-15,Monterey,053,433212,77639,75530,12898,88428,682
2022-02-15,Napa,055,140530,24933,24832,892,25724,127
2022-02-15,Nevada,057,99092,15640,15643,1138,16781,121
2022-02-15,Orange,059,3164182,538903,537478,40398,577876,6374
2022-02-15,Placer,061,380077,61683,61170,7175,68345,554
2022-02-15,Plumas,063,18699,2910,2638,345,2983,13
2022-02-15,Riverside,065,2383286,584460,579940,27136,607076,6049
2022-02-15,Sacramento,067,1510023,275764,268950,25861,294811,2721
2022-02-15,San Benito,069,59416,12711,12616,503,13119,91
2022-02-15,San Bernardino,071,2135413,568758,551803,24543,576346,6372
2022-02-15,San Diego,073,3302833,736831,727486,51274,778760,4914
2022-02-15,San Francisco,075,870044,120269,120759,7957,128716,756
2022-02-15,San Joaquin,077,732212,164011,162518,9671,172189,2021
2022-02-15,San Luis Obispo,079,281455,51102,50534,3584,54118,419
2022-02-15,San Mateo,081,765935,118644,116253,6672,122925,595
2022-02-15,Santa Barbara,083,443738,84156,83734,4575,88309,640
2022-02-15,Santa Clara,085,1922200,306323,301831,11939,313770,2130
2022-02-15,Santa Cruz,087,273765,45963,45171,2032,47203,250
2022-02-15,Shasta,089,179085,29879,29684,5937,35621,477
2022-02-15,Sierra,091,2930,270,269,46,315,0
2022-02-15,Siskiyou,093,43540,4335,4288,2637,6925,70
2022-02-15,Solano,095,438530,79522,78626,5428,84054,426
2022-02-15,Sonoma,097,501317,81457,80433,2471,82904,431
2022-02-15,Stanislaus,099,539301,115735,115549,17431,132980,1429
2022-02-15,Sutter,101,95872,20077,19980,1945,21925,208
2022-02-15,Tehama,103,63373,11822,11717,2547,14264,151
2022-02-15,Trinity,105,12862,1158,1125,276,1401,20
2022-02-15,Tulare,107,460477,104472,101645,26859,128504,1278
2022-02-15,Tuolumne,109,53932,12421,11945,536,12481,171
2022-02-15,Ventura,111,848112,170426,169942,9225,179167,1372
2022-02-15,Yolo,113,214977,36000,35241,2906,38147,289
2022-02-15,Yuba,115,75493,15484,15372,1136,16508,109
2022-02-14,Alameda,001,1643700,249423,244315,13144,257459,1677
2022-02-14,Alpine,003,1148,121,125,1,126,0
2022-02-14,Amador,005,37829,8254,8164,619,8783,77
2022-02-14,Butte,007,227075,32413,31946,6769,38715,360
2022-02-14,Calaveras,009,45235,7104,7097,327,7424,106
2022-02-14,Colusa,011,21464,3391,3367,1027,4394,21
2022-02-14,Contra Costa,013,1133247,187440,181753,12828,194581,1167
2022-02-14,Del Norte,015,27424,5473,5426,162,5588,45
2022-02-14,El Dorado,017,186661,26213,25915,3113,29028,188
2022-02-14,Fresno,019,978130,226364,222360,23478,245838,2538
2022-02-14,Glenn,021,27897,4904,4854,1574,6428,39
2022-02-14,Humboldt,023,135768,16322,16264,2791,19055,132
2022-02-14,Imperial,025,180216,54351,53765,10321,64086,860
2022-02-14,Inyo,027,18085,4026,4010,441,4451,52
2022-02-14,Kern,029,883053,188569,186037,44730,230767,2063
2022-02-14,Kings,031,150075,50246,49395,3431,52826,419
2022-02-14,Lake,033,64148,10256,10090,843,10933,123
2022-02-14,Lassen,035,31185,8684,8539,855,9394,55
2022-02-14,Los Angeles,037,10098052,2671565,2636064,120655,2756719,29650
2022-02-14,Madera,039,155013,36462,36194,5825,42019,330
2022-02-14,Marin,041,260295,32517,32304,2135,34439,255
2022-02-14,Mariposa,043,17540,2311,2295,189,2484,6
2022-02-14,Mendocino,045,87422,12700,12541,2841,15382,108
2022-02-14,Merced,047,269075,61244,60591,8335,68926,758
2022-02-14,Modoc,049,8938,710,707,239,946,6
2022-02-14,Mono,051,14174,2947,2954,119,3073,5
2022-02-14,Monterey,053,433212,77468,75407,12818,88225,678
2022-02-14,Napa,055,140530,24874,24776,892,25668,127
2022-02-14,Nevada,057,99092,15621,15629,1137,16766,121
2022-02-14,Orange,059,3164182,538399,536924,40332,577256,6355
2022-02-14,Placer,061,380077,61614,61123,7160,68283,554
2022-02-14,Plumas,063,18699,2908,2631,345,2976,13
2022-02-14,Riverside,065,2383286,583913,579174,27068,606242,5994
2022-02-14,Sacramento,067,1510023,275321,268547,25749,294296,2717
2022-02-14,San Benito,069,59416,12687,12598,502,13100,91
2022-02-14,San Bernardino,071,2135413,568342,551338,24523,575861,6372
2022-02-14,San Diego,073,3302833,735863,723902,51171,775073,4894
2022-02-14,San Francisco,075,870044,120082,120581,7947,128528,756
2022-02-14,San Joaquin,077,732212,163770,162363,9648,172011,2018
2022-02-14,San Luis Obispo,079,281455,50994,50465,3574,54039,416
2022-02-14,San Mateo,081,765935,118480,116129,6664,122793,592
2022-02-14,Santa Barbara,083,443738,84010,83697,4565,88262,636
2022-02-14,Santa Clara,085,1922200,305787,301319,11915,313234,2127
2022-02-14,Santa Cruz,087,273765,45800,45042,2028,47070,250
2022-02-14,Shasta,089,179085,29793,29595,5920,35515,474
2022-02-14,Sierra,091,2930,270,269,46,315,0
2022-02-14,Siskiyou,093,43540,4322,4278,2623,6901,69
2022-02-14,Solano,095,438530,79343,78533,5416,83949,427
2022-02-14,Sonoma,097,501317,81316,80336,2459,82795,431
2022-02-14,Stanislaus,099,539301,115557,115426,17388,132814,1406
2022-02-14,Sutter,101,95872,20049,19957,1939,21896,209
2022-02-14,Tehama,103,63373,11799,11686,2546,14232,151
2022-02-14,Trinity,105,12862,1155,1123,276,1399,20
2022-02-14,Tulare,107,460477,104265,101448,26764,128212,1276
2022-02-14,Tuolumne,109,53932,12392,11920,533,12453,170
2022-02-14,Ventura,111,848112,170249,169725,9213,178938,1361
2022-02-14,Yolo,113,214977,35941,35112,2896,38008,286
2022-02-14,Yuba,115,75493,15454,15375,1132,16507,108
2022-02-13,Alameda,001,1643700,248932,243681,13110,256791,1677
2022-02-13,Alpine,003,1148,121,125,1,126,0
2022-02-13,Amador,005,37829,8225,8146,616,8762,77
2022-02-13,Butte,007,227075,32338,31865,6747,38612,360
2022-02-13,Calaveras,009,45235,7097,7083,324,7407,106
2022-02-13,Colusa,011,21464,3389,3366,1025,4391,21
2022-02-13,Contra Costa,013,1133247,187078,181313,12764,194077,1159
2022-02-13,Del Norte,015,27424,5441,5379,162,5541,45
2022-02-13,El Dorado,017,186661,26177,25871,3105,28976,188
2022-02-13,Fresno,019,978130,225826,221686,23419,245105,2537
2022-02-13,Glenn,021,27897,4897,4847,1571,6418,39
2022-02-13,Humboldt,023,135768,16275,16210,2763,18973,132
2022-02-13,Imperial,025,180216,54253,53658,10286,63944,860
2022-02-13,Inyo,027,18085,4023,4006,439,4445,52
2022-02-13,Kern,029,883053,188317,185640,44645,230285,2063
2022-02-13,Kings,031,150075,50119,49243,3419,52662,416
2022-02-13,Lake,033,64148,10193,10042,836,10878,123
2022-02-13,Lassen,035,31185,8659,8503,853,9356,55
2022-02-13,Los Angeles,037,10098052,2668392,2631267,120515,2751782,29595
2022-02-13,Madera,039,155013,36345,36054,5797,41851,330
2022-02-13,Marin,041,260295,32446,32222,2128,34350,255
2022-02-13,Mariposa,043,17540,2305,2292,187,2479,6
2022-02-13,Mendocino,045,87422,12671,12521,2802,15323,108
2022-02-13,Merced,047,269075,61101,60460,8281,68741,758
2022-02-13,Modoc,049,8938,708,704,232,936,6
2022-02-13,Mono,051,14174,2946,2949,119,3068,5
2022-02-13,Monterey,053,433212,77261,75295,12744,88039,678
2022-02-13,Napa,055,140530,24797,24743,889,25632,127
2022-02-13,Nevada,057,99092,15587,15590,1130,16720,121
2022-02-13,Orange,059,3164182,537773,536134,40269,576403,6355
2022-02-13,Placer,061,380077,61538,61020,7139,68159,554
2022-02-13,Plumas,063,18699,2900,2626,342,2968,13
2022-02-13,Riverside,065,2383286,583319,578363,27027,605390,5995
2022-02-13,Sacramento,067,1510023,274806,267947,25618,293565,2699
2022-02-13,San Benito,069,59416,12654,12578,501,13079,91
2022-02-13,San Bernardino,071,2135413,567856,550632,24489,575121,6367
2022-02-13,San Diego,073,3302833,734726,723902,51051,774953,4894
2022-02-13,San Francisco,075,870044,119830,120295,7935,128230,756
2022-02-13,San Joaquin,077,732212,163464,162028,9620,171648,2018
2022-02-13,San Luis Obispo,079,281455,50849,50384,3566,53950,415
2022-02-13,San Mateo,081,765935,118259,115876,6638,122514,592
2022-02-13,Santa Barbara,083,443738,83846,83547,4558,88105,635
2022-02-13,Santa Clara,085,1922200,305144,300412,11878,312290,2114
2022-02-13,Santa Cruz,087,273765,45645,44887,2026,46913,240
2022-02-13,Shasta,089,179085,29714,29531,5897,35428,474
2022-02-13,Sierra,091,2930,270,269,46,315,0
2022-02-13,Siskiyou,093,43540,4315,4264,2607,6871,69
2022-02-13,Solano,095,438530,79186,78424,5392,83816,426
2022-02-13,Sonoma,097,501317,81150,80172,2447,82619,431
2022-02-13,Stanislaus,099,539301,115364,115156,17348,132504,1406
2022-02-13,Sutter,101,95872,20010,19900,1939,21839,209
2022-02-13,Tehama,103,63373,11774,11644,2543,14187,151
2022-02-13,Trinity,105,12862,1152,1120,273,1393,20
2022-02-13,Tulare,107,460477,104051,101135,26676,127811,1276
2022-02-13,Tuolumne,109,53932,12366,11891,528,12419,170
2022-02-13,Ventura,111,848112,170055,169422,9193,178615,1361
2022-02-13,Yolo,113,214977,35874,35057,2884,37941,286
2022-02-13,Yuba,115,75493,15420,15346,1131,16477,107
2022-02-12,Alameda,001,1643700,248712,242137,13096,255233,1668
2022-02-12,Alpine,003,1148,121,124,1,125,0
2022-02-12,Amador,005,37829,8219,8091,616,8707,76
2022-02-12,Butte,007,227075,32309,31601,6741,38342,360
2022-02-12,Calaveras,009,45235,7094,7022,323,7345,106
2022-02-12,Colusa,011,21464,3386,3345,1025,4370,21
2022-02-12,Contra Costa,013,1133247,186887,180270,12757,193027,1141
2022-02-12,Del Norte,015,27424,5422,5262,162,5424,45
2022-02-12,El Dorado,017,186661,26161,25692,3105,28797,188
2022-02-12,Fresno,019,978130,225614,219909,23404,243313,2509
2022-02-12,Glenn,021,27897,4896,4818,1570,6388,39
2022-02-12,Humboldt,023,135768,16251,16058,2760,18818,132
2022-02-12,Imperial,025,180216,54209,53304,10276,63580,860
2022-02-12,Inyo,027,18085,4021,3991,439,4430,52
2022-02-12,Kern,029,883053,188206,184639,44607,229246,2037
2022-02-12,Kings,031,150075,50079,48893,3412,52305,415
2022-02-12,Lake,033,64148,10172,9926,832,10758,123
2022-02-12,Lassen,035,31185,8636,8477,852,9329,55
2022-02-12,Los Angeles,037,10098052,2667228,2616426,120444,2736870,29364
2022-02-12,Madera,039,155013,36311,35710,5791,41501,330
2022-02-12,Marin,041,260295,32414,32048,2125,34173,255
2022-02-12,Mariposa,043,17540,2305,2286,187,2473,6
2022-02-12,Mendocino,045,87422,12655,12439,2802,15241,107
2022-02-12,Merced,047,269075,61047,60187,8276,68463,758
2022-02-12,Modoc,049,8938,708,697,232,929,6
2022-02-12,Mono,051,14174,2945,2939,119,3058,5
2022-02-12,Monterey,053,433212,77200,74842,12722,87564,672
2022-02-12,Napa,055,140530,24769,24530,889,25419,124
2022-02-12,Nevada,057,99092,15574,15499,1129,16628,119
2022-02-12,Orange,059,3164182,537482,534503,40233,574736,6305
2022-02-12,Placer,061,380077,61482,60636,7136,67772,554
2022-02-12,Plumas,063,18699,2899,2617,341,2958,13
2022-02-12,Riverside,065,2383286,582957,575566,27004,602570,5961
2022-02-12,Sacramento,067,1510023,274570,266347,25608,291955,2686
2022-02-12,San Benito,069,59416,12642,12526,501,13027,91
2022-02-12,San Bernardino,071,2135413,567621,548822,24476,573298,6360
2022-02-12,San Diego,073,3302833,734227,720287,51000,771287,4854
2022-02-12,San Francisco,075,870044,119708,119113,7924,127037,740
2022-02-12,San Joaquin,077,732212,163333,161234,9614,170848,2014
2022-02-12,San Luis Obispo,079,281455,50813,50064,3563,53627,416
2022-02-12,San Mateo,081,765935,118171,115235,6631,121866,589
2022-02-12,Santa Barbara,083,443738,83760,83390,4551,87941,631
2022-02-12,Santa Clara,085,1922200,304807,298176,11870,310046,2093
2022-02-12,Santa Cruz,087,273765,45609,44447,2024,46471,239
2022-02-12,Shasta,089,179085,29685,29370,5893,35263,473
2022-02-12,Sierra,091,2930,270,268,46,314,0
2022-02-12,Siskiyou,093,43540,4307,4231,2604,6835,68
2022-02-12,Solano,095,438530,79144,77865,5387,83252,424
2022-02-12,Sonoma,097,501317,81046,79533,2445,81978,431
2022-02-12,Stanislaus,099,539301,115239,114531,17335,131866,1406
2022-02-12,Sutter,101,95872,19995,19800,1939,21739,211
2022-02-12,Tehama,103,63373,11758,11580,2543,14123,151
2022-02-12,Trinity,105,12862,1151,1115,273,1388,20
2022-02-12,Tulare,107,460477,103956,100434,26639,127073,1273
2022-02-12,Tuolumne,109,53932,12348,11754,528,12282,125
2022-02-12,Ventura,111,848112,169948,168736,9188,177924,1340
2022-02-12,Yolo,113,214977,35833,34773,2881,37654,286
2022-02-12,Yuba,115,75493,15406,15242,1130,16372,107
2022-02-11,Alameda,001,1643700,248430,242137,13082,255219,1668
2022-02-11,Alpine,003,1148,121,124,1,125,0
2022-02-11,Amador,005,37829,8207,8091,616,8707,76
2022-02-11,Butte,007,227075,32265,31601,6730,38331,360
2022-02-11,Calaveras,009,45235,7091,7022,323,7345,106
2022-02-11,Colusa,011,21464,3384,3345,1024,4369,21
2022-02-11,Contra Costa,013,1133247,186685,180270,12738,193008,1141
2022-02-11,Del Norte,015,27424,5406,5262,161,5423,45
2022-02-11,El Dorado,017,186661,26142,25692,3104,28796,188
2022-02-11,Fresno,019,978130,225319,219909,23386,243295,2509
2022-02-11,Glenn,021,27897,4892,4818,1570,6388,39
2022-02-11,Humboldt,023,135768,16222,16058,2755,18813,132
2022-02-11,Imperial,025,180216,54180,53304,10265,63569,860
2022-02-11,Inyo,027,18085,4017,3991,435,4426,52
2022-02-11,Kern,029,883053,188048,184639,44556,229195,2037
2022-02-11,Kings,031,150075,50039,48893,3411,52304,415
2022-02-11,Lake,033,64148,10147,9926,830,10756,123
2022-02-11,Lassen,035,31185,8596,8477,852,9329,55
2022-02-11,Los Angeles,037,10098052,2665593,2616426,120355,2736781,29364
2022-02-11,Madera,039,155013,36269,35710,5785,41495,330
2022-02-11,Marin,041,260295,32382,32048,2122,34170,255
2022-02-11,Mariposa,043,17540,2300,2286,187,2473,6
2022-02-11,Mendocino,045,87422,12639,12439,2802,15241,107
2022-02-11,Merced,047,269075,60997,60187,8265,68452,758
2022-02-11,Modoc,049,8938,706,697,232,929,6
2022-02-11,Mono,051,14174,2944,2939,119,3058,5
2022-02-11,Monterey,053,433212,77084,74842,12709,87551,672
2022-02-11,Napa,055,140530,24743,24530,889,25419,124
2022-02-11,Nevada,057,99092,15560,15499,1126,16625,119
2022-02-11,Orange,059,3164182,537131,534503,40173,574676,6305
2022-02-11,Placer,061,380077,61430,60636,7134,67770,554
2022-02-11,Plumas,063,18699,2895,2617,339,2956,13
2022-02-11,Riverside,065,2383286,582540,575566,26988,602554,5961
2022-02-11,Sacramento,067,1510023,274306,266347,25596,291943,2686
2022-02-11,San Benito,069,59416,12637,12526,501,13027,91
2022-02-11,San Bernardino,071,2135413,567306,548822,24462,573284,6360
2022-02-11,San Diego,073,3302833,733524,720287,50941,771228,4854
2022-02-11,San Francisco,075,870044,119587,119113,7908,127021,740
2022-02-11,San Joaquin,077,732212,163164,161234,9602,170836,2014
2022-02-11,San Luis Obispo,079,281455,50776,50064,3559,53623,416
2022-02-11,San Mateo,081,765935,118053,115235,6622,121857,589
2022-02-11,Santa Barbara,083,443738,83676,83390,4550,87940,631
2022-02-11,Santa Clara,085,1922200,304381,298176,11853,310029,2093
2022-02-11,Santa Cruz,087,273765,45517,44447,2024,46471,239
2022-02-11,Shasta,089,179085,29654,29370,5885,35255,473
2022-02-11,Sierra,091,2930,269,268,45,313,0
2022-02-11,Siskiyou,093,43540,4296,4231,2598,6829,68
2022-02-11,Solano,095,438530,79019,77865,5381,83246,424
2022-02-11,Sonoma,097,501317,80959,79533,2440,81973,431
2022-02-11,Stanislaus,099,539301,115139,114531,17320,131851,1406
2022-02-11,Sutter,101,95872,19972,19800,1937,21737,211
2022-02-11,Tehama,103,63373,11744,11580,2543,14123,151
2022-02-11,Trinity,105,12862,1150,1115,272,1387,20
2022-02-11,Tulare,107,460477,103838,100434,26588,127022,1273
2022-02-11,Tuolumne,109,53932,12333,11754,526,12280,125
2022-02-11,Ventura,111,848112,169809,168736,9183,177919,1340
2022-02-11,Yolo,113,214977,35800,34773,2879,37652,286
2022-02-11,Yuba,115,75493,15389,15242,1129,16371,107
2022-02-10,Alameda,001,1643700,247912,242137,13034,255171,1668
2022-02-10,Alpine,003,1148,121,124,1,125,0
2022-02-10,Amador,005,37829,8195,8091,610,8701,76
2022-02-10,Butte,007,227075,32214,31601,6716,38317,360
2022-02-10,Calaveras,009,45235,7079,7022,321,7343,106
2022-02-10,Colusa,011,21464,3378,3345,1022,4367,21
2022-02-10,Contra Costa,013,1133247,186324,180270,12673,192943,1141
2022-02-10,Del Norte,015,27424,5377,5262,159,5421,45
2022-02-10,El Dorado,017,186661,26097,25692,3097,28789,188
2022-02-10,Fresno,019,978130,224743,219909,23300,243209,2509
2022-02-10,Glenn,021,27897,4886,4818,1568,6386,39
2022-02-10,Humboldt,023,135768,16172,16058,2733,18791,132
2022-02-10,Imperial,025,180216,54111,53304,10222,63526,860
2022-02-10,Inyo,027,18085,4013,3991,435,4426,52
2022-02-10,Kern,029,883053,187740,184639,44447,229086,2037
2022-02-10,Kings,031,150075,49928,48893,3400,52293,415
2022-02-10,Lake,033,64148,10116,9926,828,10754,123
2022-02-10,Lassen,035,31185,8582,8477,850,9327,55
2022-02-10,Los Angeles,037,10098052,2662437,2616426,120169,2736595,29364
2022-02-10,Madera,039,155013,36172,35710,5754,41464,330
2022-02-10,Marin,041,260295,32324,32048,2110,34158,255
2022-02-10,Mariposa,043,17540,2296,2286,186,2472,6
2022-02-10,Mendocino,045,87422,12617,12439,2778,15217,107
2022-02-10,Merced,047,269075,60873,60187,8209,68396,758
2022-02-10,Modoc,049,8938,705,697,231,928,6
2022-02-10,Mono,051,14174,2942,2939,118,3057,5
2022-02-10,Monterey,053,433212,76903,74842,12629,87471,672
2022-02-10,Napa,055,140530,24679,24530,887,25417,124
2022-02-10,Nevada,057,99092,15535,15499,1125,16624,119
2022-02-10,Orange,059,3164182,536481,534503,40103,574606,6305
2022-02-10,Placer,061,380077,61349,60636,7125,67761,554
2022-02-10,Plumas,063,18699,2892,2617,332,2949,13
2022-02-10,Riverside,065,2383286,581821,575566,26933,602499,5961
2022-02-10,Sacramento,067,1510023,273822,266347,25508,291855,2686
2022-02-10,San Benito,069,59416,12616,12526,499,13025,91
2022-02-10,San Bernardino,071,2135413,566762,548822,24432,573254,6360
2022-02-10,San Diego,073,3302833,732420,720287,50815,771102,4854
2022-02-10,San Francisco,075,870044,119373,119113,7891,127004,740
2022-02-10,San Joaquin,077,732212,162851,161234,9594,170828,2014
2022-02-10,San Luis Obispo,079,281455,50677,50064,3548,53612,416
2022-02-10,San Mateo,081,765935,117827,115235,6605,121840,589
2022-02-10,Santa Barbara,083,443738,83492,83390,4544,87934,631
2022-02-10,Santa Clara,085,1922200,303706,298176,11797,309973,2093
2022-02-10,Santa Cruz,087,273765,45373,44447,2023,46470,239
2022-02-10,Shasta,089,179085,29592,29370,5865,35235,473
2022-02-10,Sierra,091,2930,269,268,45,313,0
2022-02-10,Siskiyou,093,43540,4291,4231,2585,6816,68
2022-02-10,Solano,095,438530,78826,77865,5362,83227,424
2022-02-10,Sonoma,097,501317,80823,79533,2423,81956,431
2022-02-10,Stanislaus,099,539301,114959,114531,17281,131812,1406
2022-02-10,Sutter,101,95872,19933,19800,1922,21722,211
2022-02-10,Tehama,103,63373,11714,11580,2540,14120,151
2022-02-10,Trinity,105,12862,1147,1115,271,1386,20
2022-02-10,Tulare,107,460477,103650,100434,26511,126945,1273
2022-02-10,Tuolumne,109,53932,12311,11754,521,12275,125
2022-02-10,Ventura,111,848112,169528,168736,9169,177905,1340
2022-02-10,Yolo,113,214977,35724,34773,2873,37646,286
2022-02-10,Yuba,115,75493,15357,15242,1124,16366,107
2022-02-09,Alameda,001,1643700,247378,241141,12977,254118,1668
2022-02-09,Alpine,003,1148,120,124,1,125,0
2022-02-09,Amador,005,37829,8181,8069,605,8674,76
2022-02-09,Butte,007,227075,32121,31433,6702,38135,359
2022-02-09,Calaveras,009,45235,7065,7005,317,7322,106
2022-02-09,Colusa,011,21464,3375,3331,1021,4352,21
2022-02-09,Contra Costa,013,1133247,185964,179695,12626,192321,1132
2022-02-09,Del Norte,015,27424,5330,5204,158,5362,45
2022-02-09,El Dorado,017,186661,26060,25572,3085,28657,186
2022-02-09,Fresno,019,978130,224122,218989,23212,242201,2502
2022-02-09,Glenn,021,27897,4871,4804,1567,6371,39
2022-02-09,Humboldt,023,135768,16125,15929,2708,18637,131
2022-02-09,Imperial,025,180216,54008,53102,10149,63251,858
2022-02-09,Inyo,027,18085,4007,3989,434,4423,52
2022-02-09,Kern,029,883053,187364,184068,44333,228401,2021
2022-02-09,Kings,031,150075,49817,48718,3394,52112,410
2022-02-09,Lake,033,64148,10076,9880,823,10703,124
2022-02-09,Lassen,035,31185,8557,8459,849,9308,55
2022-02-09,Los Angeles,037,10098052,2658772,2611611,120031,2731642,29263
2022-02-09,Madera,039,155013,36075,35559,5724,41283,330
2022-02-09,Marin,041,260295,32274,31965,2103,34068,255
2022-02-09,Mariposa,043,17540,2293,2279,186,2465,6
2022-02-09,Mendocino,045,87422,12583,12378,2749,15127,107
2022-02-09,Merced,047,269075,60743,59952,8152,68104,755
2022-02-09,Modoc,049,8938,702,691,230,921,6
2022-02-09,Mono,051,14174,2940,2937,118,3055,5
2022-02-09,Monterey,053,433212,76701,74500,12543,87043,670
2022-02-09,Napa,055,140530,24633,24429,882,25311,123
2022-02-09,Nevada,057,99092,15514,15446,1123,16569,119
2022-02-09,Orange,059,3164182,535850,534316,40023,574339,6263
2022-02-09,Placer,061,380077,61254,60490,7105,67595,553
2022-02-09,Plumas,063,18699,2887,2609,328,2937,13
2022-02-09,Riverside,065,2383286,581080,573907,26888,600795,5911
2022-02-09,Sacramento,067,1510023,273258,265624,25392,291016,2673
2022-02-09,San Benito,069,59416,12592,12492,499,12991,91
2022-02-09,San Bernardino,071,2135413,566155,547768,24406,572174,6349
2022-02-09,San Diego,073,3302833,731062,717896,50703,768599,4832
2022-02-09,San Francisco,075,870044,119122,118550,7880,126430,731
2022-02-09,San Joaquin,077,732212,162545,160618,9584,170202,2014
2022-02-09,San Luis Obispo,079,281455,50531,49833,3543,53376,414
2022-02-09,San Mateo,081,765935,117639,114890,6565,121455,589
2022-02-09,Santa Barbara,083,443738,83310,82830,4538,87368,629
2022-02-09,Santa Clara,085,1922200,302982,297157,11739,308896,2090
2022-02-09,Santa Cruz,087,273765,45191,44200,2016,46216,239
2022-02-09,Shasta,089,179085,29523,29215,5844,35059,471
2022-02-09,Sierra,091,2930,268,268,44,312,0
2022-02-09,Siskiyou,093,43540,4277,4217,2579,6796,68
2022-02-09,Solano,095,438530,78635,77299,5351,82650,423
2022-02-09,Sonoma,097,501317,80649,79165,2416,81581,431
2022-02-09,Stanislaus,099,539301,114710,114039,17050,131089,1406
2022-02-09,Sutter,101,95872,19891,19758,1909,21667,207
2022-02-09,Tehama,103,63373,11689,11542,2536,14078,149
2022-02-09,Trinity,105,12862,1143,1110,270,1380,20
2022-02-09,Tulare,107,460477,103437,100049,26425,126474,1271
2022-02-09,Tuolumne,109,53932,12274,11702,518,12220,95
2022-02-09,Ventura,111,848112,169291,168253,9156,177409,1325
2022-02-09,Yolo,113,214977,35654,34588,2857,37445,285
2022-02-09,Yuba,115,75493,15326,15187,1113,16300,105
2022-02-08,Alameda,001,1643700,246744,240587,12905,253492,1651
2022-02-08,Alpine,003,1148,120,124,1,125,0
2022-02-08,Amador,005,37829,8173,8050,598,8648,76
2022-02-08,Butte,007,227075,32038,31353,6679,38032,359
2022-02-08,Calaveras,009,45235,7048,6981,315,7296,101
2022-02-08,Colusa,011,21464,3367,3320,1020,4340,21
2022-02-08,Contra Costa,013,1133247,185520,179078,12545,191623,1132
2022-02-08,Del Norte,015,27424,5305,5156,153,5309,44
2022-02-08,El Dorado,017,186661,26015,25446,3074,28520,186
2022-02-08,Fresno,019,978130,223376,218416,23106,241522,2502
2022-02-08,Glenn,021,27897,4854,4784,1563,6347,39
2022-02-08,Humboldt,023,135768,16064,15865,2676,18541,130
2022-02-08,Imperial,025,180216,53879,52977,10105,63082,855
2022-02-08,Inyo,027,18085,4002,3983,434,4417,52
2022-02-08,Kern,029,883053,187028,183519,44203,227722,2010
2022-02-08,Kings,031,150075,49659,48479,3382,51861,411
2022-02-08,Lake,033,64148,10046,9806,817,10623,125
2022-02-08,Lassen,035,31185,8548,8423,845,9268,55
2022-02-08,Los Angeles,037,10098052,2654433,2611204,119844,2731048,29259
2022-02-08,Madera,039,155013,35967,35381,5668,41049,330
2022-02-08,Marin,041,260295,32200,31878,2098,33976,255
2022-02-08,Mariposa,043,17540,2292,2266,178,2444,6
2022-02-08,Mendocino,045,87422,12551,12336,2718,15054,107
2022-02-08,Merced,047,269075,60629,59789,8092,67881,751
2022-02-08,Modoc,049,8938,698,684,230,914,6
2022-02-08,Mono,051,14174,2939,2932,118,3050,5
2022-02-08,Monterey,053,433212,76496,74316,12458,86774,670
2022-02-08,Napa,055,140530,24560,24346,876,25222,121
2022-02-08,Nevada,057,99092,15488,15383,1120,16503,117
2022-02-08,Orange,059,3164182,535163,533507,39935,573442,6205
2022-02-08,Placer,061,380077,61146,60301,7093,67394,553
2022-02-08,Plumas,063,18699,2876,2596,321,2917,13
2022-02-08,Riverside,065,2383286,580250,571892,26816,598708,5908
2022-02-08,Sacramento,067,1510023,272586,264479,25217,289696,2664
2022-02-08,San Benito,069,59416,12568,12434,497,12931,91
2022-02-08,San Bernardino,071,2135413,565443,544658,24362,569020,6335
2022-02-08,San Diego,073,3302833,729489,717896,50571,768467,4832
2022-02-08,San Francisco,075,870044,118810,117942,7871,125813,731
2022-02-08,San Joaquin,077,732212,162160,160147,9566,169713,2005
2022-02-08,San Luis Obispo,079,281455,50366,49556,3513,53069,410
2022-02-08,San Mateo,081,765935,117421,114541,6535,121076,589
2022-02-08,Santa Barbara,083,443738,83142,82461,4513,86974,627
2022-02-08,Santa Clara,085,1922200,302094,295679,11692,307371,2091
2022-02-08,Santa Cruz,087,273765,45036,43884,2011,45895,239
2022-02-08,Shasta,089,179085,29440,29084,5816,34900,470
2022-02-08,Sierra,091,2930,268,267,44,311,0
2022-02-08,Siskiyou,093,43540,4267,4191,2570,6761,68
2022-02-08,Solano,095,438530,78402,77031,5336,82367,421
2022-02-08,Sonoma,097,501317,80435,78798,2392,81190,431
2022-02-08,Stanislaus,099,539301,114454,113733,16972,130705,1406
2022-02-08,Sutter,101,95872,19853,19717,1897,21614,203
2022-02-08,Tehama,103,63373,11661,11491,2529,14020,149
2022-02-08,Trinity,105,12862,1137,1110,270,1380,20
2022-02-08,Tulare,107,460477,103146,99694,26294,125988,1267
2022-02-08,Tuolumne,109,53932,12250,11665,516,12181,92
2022-02-08,Ventura,111,848112,169054,167830,9141,176971,1325
2022-02-08,Yolo,113,214977,35572,34462,2844,37306,281
2022-02-08,Yuba,115,75493,15281,15126,1091,16217,107
2022-02-07,Alameda,001,1643700,246026,238678,12838,251516,1643
2022-02-07,Alpine,003,1148,120,124,1,125,0
2022-02-07,Amador,005,37829,8145,7980,590,8570,75
2022-02-07,Butte,007,227075,31950,31184,6649,37833,355
2022-02-07,Calaveras,009,45235,7026,6910,314,7224,100
2022-02-07,Colusa,011,21464,3356,3283,1016,4299,21
2022-02-07,Contra Costa,013,1133247,185038,177767,12472,190239,1130
2022-02-07,Del Norte,015,27424,5264,5093,148,5241,44
2022-02-07,El Dorado,017,186661,25952,25257,3064,28321,185
2022-02-07,Fresno,019,978130,222514,216495,22960,239455,2493
2022-02-07,Glenn,021,27897,4846,4762,1559,6321,39
2022-02-07,Humboldt,023,135768,15989,15764,2651,18415,129
2022-02-07,Imperial,025,180216,53764,52689,10036,62725,853
2022-02-07,Inyo,027,18085,3997,3976,428,4404,51
2022-02-07,Kern,029,883053,186555,182047,44039,226086,1998
2022-02-07,Kings,031,150075,49475,48147,3365,51512,403
2022-02-07,Lake,033,64148,10000,9519,809,10328,125
2022-02-07,Lassen,035,31185,8530,8362,839,9201,55
2022-02-07,Los Angeles,037,10098052,2649976,2607438,119626,2727064,29210
2022-02-07,Madera,039,155013,35843,35083,5621,40704,330
2022-02-07,Marin,041,260295,32134,31670,2087,33757,255
2022-02-07,Mariposa,043,17540,2287,2253,174,2427,6
2022-02-07,Mendocino,045,87422,12493,12237,2680,14917,107
2022-02-07,Merced,047,269075,60500,59472,7999,67471,748
2022-02-07,Modoc,049,8938,694,679,230,909,6
2022-02-07,Mono,051,14174,2937,2917,118,3035,5
2022-02-07,Monterey,053,433212,76241,69433,12351,81784,670
2022-02-07,Napa,055,140530,24475,23237,867,24104,120
2022-02-07,Nevada,057,99092,15452,15268,1114,16382,113
2022-02-07,Orange,059,3164182,534401,531442,39854,571296,6179
2022-02-07,Placer,061,380077,61021,59894,7078,66972,546
2022-02-07,Plumas,063,18699,2865,2573,312,2885,13
2022-02-07,Riverside,065,2383286,579308,568874,26732,595606,5868
2022-02-07,Sacramento,067,1510023,271901,262834,25035,287869,2631
2022-02-07,San Benito,069,59416,12529,12285,495,12780,90
2022-02-07,San Bernardino,071,2135413,564646,542846,24322,567168,6335
2022-02-07,San Diego,073,3302833,727771,716244,50382,766626,4811
2022-02-07,San Francisco,075,870044,118470,113945,7846,121791,727
2022-02-07,San Joaquin,077,732212,161776,159358,9547,168905,1998
2022-02-07,San Luis Obispo,079,281455,50196,48994,3494,52488,406
2022-02-07,San Mateo,081,765935,117135,107060,6506,113566,589
2022-02-07,Santa Barbara,083,443738,82954,81608,4498,86106,624
2022-02-07,Santa Clara,085,1922200,301142,293360,11645,305005,2085
2022-02-07,Santa Cruz,087,273765,44820,43244,2007,45251,239
2022-02-07,Shasta,089,179085,29350,28900,5790,34690,468
2022-02-07,Sierra,091,2930,268,265,44,309,0
2022-02-07,Siskiyou,093,43540,4256,4157,2554,6711,68
2022-02-07,Solano,095,438530,78145,73934,5307,79241,420
2022-02-07,Sonoma,097,501317,80178,78296,2376,80672,431
2022-02-07,Stanislaus,099,539301,114196,113029,16828,129857,1406
2022-02-07,Sutter,101,95872,19820,19599,1870,21469,203
2022-02-07,Tehama,103,63373,11619,11418,2521,13939,146
2022-02-07,Trinity,105,12862,1133,1109,267,1376,20
2022-02-07,Tulare,107,460477,102788,98774,26164,124938,1263
2022-02-07,Tuolumne,109,53932,12202,11578,512,12090,92
2022-02-07,Ventura,111,848112,168737,166904,9126,176030,1324
2022-02-07,Yolo,113,214977,35462,34007,2829,36836,281
2022-02-07,Yuba,115,75493,15234,14998,1084,16082,105
2022-02-06,Alameda,001,1643700,245112,237188,12756,249944,1643
2022-02-06,Alpine,003,1148,120,123,1,124,0
2022-02-06,Amador,005,37829,8114,7922,578,8500,73
2022-02-06,Butte,007,227075,31821,31021,6598,37619,355
2022-02-06,Calaveras,009,45235,6999,6870,309,7179,99
2022-02-06,Colusa,011,21464,3346,3282,1015,4297,21
2022-02-06,Contra Costa,013,1133247,184378,176863,12309,189172,1128
2022-02-06,Del Norte,015,27424,5208,5038,146,5184,44
2022-02-06,El Dorado,017,186661,25889,25165,3052,28217,185
2022-02-06,Fresno,019,978130,221666,214726,22706,237432,2489
2022-02-06,Glenn,021,27897,4832,4738,1550,6288,39
2022-02-06,Humboldt,023,135768,15906,15658,2611,18269,128
2022-02-06,Imperial,025,180216,53577,52396,9990,62386,853
2022-02-06,Inyo,027,18085,3995,3970,425,4395,51
2022-02-06,Kern,029,883053,186003,181188,43800,224988,1996
2022-02-06,Kings,031,150075,49251,47669,3340,51009,401
2022-02-06,Lake,033,64148,9931,9468,792,10260,125
2022-02-06,Lassen,035,31185,8510,8326,834,9160,55
2022-02-06,Los Angeles,037,10098052,2644423,2602620,119369,2721989,29180
2022-02-06,Madera,039,155013,35659,34901,5529,40430,330
2022-02-06,Marin,041,260295,32036,31488,2074,33562,255
2022-02-06,Mariposa,043,17540,2279,2244,163,2407,6
2022-02-06,Mendocino,045,87422,12450,12169,2610,14779,107
2022-02-06,Merced,047,269075,60275,59112,7832,66944,748
2022-02-06,Modoc,049,8938,689,675,229,904,6
2022-02-06,Mono,051,14174,2932,2901,116,3017,5
2022-02-06,Monterey,053,433212,75875,67912,12194,80106,670
2022-02-06,Napa,055,140530,24356,23230,860,24090,120
2022-02-06,Nevada,057,99092,15387,15192,1101,16293,113
2022-02-06,Orange,059,3164182,533449,527906,39753,567659,6171
2022-02-06,Placer,061,380077,60844,59507,7052,66559,544
2022-02-06,Plumas,063,18699,2852,2559,303,2862,13
2022-02-06,Riverside,065,2383286,578170,568276,26655,594931,5865
2022-02-06,Sacramento,067,1510023,271034,261353,24774,286127,2631
2022-02-06,San Benito,069,59416,12474,12186,487,12673,90
2022-02-06,San Bernardino,071,2135413,563671,541103,24252,565355,6334
2022-02-06,San Diego,073,3302833,725709,709938,50139,760077,4786
2022-02-06,San Francisco,075,870044,118089,113115,7820,120935,728
2022-02-06,San Joaquin,077,732212,161208,158510,9508,168018,1997
2022-02-06,San Luis Obispo,079,281455,49972,48843,3437,52280,405
2022-02-06,San Mateo,081,765935,116796,105556,6467,112023,587
2022-02-06,Santa Barbara,083,443738,82636,81118,4461,85579,623
2022-02-06,Santa Clara,085,1922200,300017,291732,11529,303261,2075
2022-02-06,Santa Cruz,087,273765,44507,42952,1993,44945,239
2022-02-06,Shasta,089,179085,29227,28762,5741,34503,468
2022-02-06,Sierra,091,2930,268,265,44,309,0
2022-02-06,Siskiyou,093,43540,4235,4118,2528,6646,68
2022-02-06,Solano,095,438530,77848,73475,5264,78739,419
2022-02-06,Sonoma,097,501317,79843,77887,2356,80243,431
2022-02-06,Stanislaus,099,539301,113800,112521,16680,129201,1406
2022-02-06,Sutter,101,95872,19778,19523,1832,21355,203
2022-02-06,Tehama,103,63373,11579,11366,2501,13867,146
2022-02-06,Trinity,105,12862,1132,1102,266,1368,20
2022-02-06,Tulare,107,460477,102357,98260,25980,124240,1262
2022-02-06,Tuolumne,109,53932,12150,11507,495,12002,92
2022-02-06,Ventura,111,848112,168361,166235,9115,175350,1323
2022-02-06,Yolo,113,214977,35323,33784,2812,36596,281
2022-02-06,Yuba,115,75493,15189,14917,1075,15992,104
2022-02-05,Alameda,001,1643700,244696,235698,12747,248445,1638
2022-02-05,Alpine,003,1148,120,124,1,125,0
2022-02-05,Amador,005,37829,8105,7855,576,8431,71
2022-02-05,Butte,007,227075,31766,30733,6584,37317,355
2022-02-05,Calaveras,009,45235,6983,6789,309,7098,99
2022-02-05,Colusa,011,21464,3339,3234,1015,4249,21
2022-02-05,Contra Costa,013,1133247,184100,175871,12293,188164,1115
2022-02-05,Del Norte,015,27424,5166,4978,146,5124,44
2022-02-05,El Dorado,017,186661,25858,24813,3050,27863,185
2022-02-05,Fresno,019,978130,221318,213539,22685,236224,2477
2022-02-05,Glenn,021,27897,4830,4691,1544,6235,39
2022-02-05,Humboldt,023,135768,15857,15514,2608,18122,127
2022-02-05,Imperial,025,180216,53516,52153,9977,62130,853
2022-02-05,Inyo,027,18085,3992,3948,425,4373,51
2022-02-05,Kern,029,883053,185794,180296,43698,223994,1987
2022-02-05,Kings,031,150075,49164,47538,3333,50871,402
2022-02-05,Lake,033,64148,9912,9289,785,10074,124
2022-02-05,Lassen,035,31185,8499,8288,832,9120,55
2022-02-05,Los Angeles,037,10098052,2642230,2572702,119245,2691947,28947
2022-02-05,Madera,039,155013,35606,34471,5516,39987,329
2022-02-05,Marin,041,260295,31989,31299,2070,33369,255
2022-02-05,Mariposa,043,17540,2278,2222,162,2384,6
2022-02-05,Mendocino,045,87422,12422,12066,2608,14674,107
2022-02-05,Merced,047,269075,60180,58908,7825,66733,744
2022-02-05,Modoc,049,8938,688,664,229,893,6
2022-02-05,Mono,051,14174,2931,2904,116,3020,5
2022-02-05,Monterey,053,433212,75759,67342,12150,79492,666
2022-02-05,Napa,055,140530,24300,22973,859,23832,118
2022-02-05,Nevada,057,99092,15365,15002,1096,16098,113
2022-02-05,Orange,059,3164182,533008,527516,39661,567177,6134
2022-02-05,Placer,061,380077,60718,59043,7039,66082,533
2022-02-05,Plumas,063,18699,2851,2550,302,2852,13
2022-02-05,Riverside,065,2383286,577568,563991,26585,590576,5827
2022-02-05,Sacramento,067,1510023,270642,259437,24739,284176,2610
2022-02-05,San Benito,069,59416,12429,12142,487,12629,90
2022-02-05,San Bernardino,071,2135413,563159,539312,24232,563544,6322
2022-02-05,San Diego,073,3302833,724851,703957,50062,754019,4735
2022-02-05,San Francisco,075,870044,117879,112481,7793,120274,720
2022-02-05,San Joaquin,077,732212,161023,157420,9496,166916,1989
2022-02-05,San Luis Obispo,079,281455,49935,48361,3435,51796,404
2022-02-05,San Mateo,081,765935,116608,104810,6459,111269,587
2022-02-05,Santa Barbara,083,443738,82473,80478,4449,84927,617
2022-02-05,Santa Clara,085,1922200,299361,289262,11513,300775,2067
2022-02-05,Santa Cruz,087,273765,44433,42553,1990,44543,239
2022-02-05,Shasta,089,179085,29185,28604,5731,34335,466
2022-02-05,Sierra,091,2930,268,262,44,306,0
2022-02-05,Siskiyou,093,43540,4228,4106,2515,6621,67
2022-02-05,Solano,095,438530,77773,73112,5255,78367,415
2022-02-05,Sonoma,097,501317,79677,77213,2352,79565,431
2022-02-05,Stanislaus,099,539301,113598,111783,16657,128440,1406
2022-02-05,Sutter,101,95872,19748,19406,1826,21232,203
2022-02-05,Tehama,103,63373,11560,11259,2494,13753,146
2022-02-05,Trinity,105,12862,1130,1085,266,1351,20
2022-02-05,Tulare,107,460477,102189,97414,25899,123313,1254
2022-02-05,Tuolumne,109,53932,12124,11409,492,11901,91
2022-02-05,Ventura,111,848112,168135,165532,9099,174631,1308
2022-02-05,Yolo,113,214977,35238,33614,2797,36411,281
2022-02-05,Yuba,115,75493,15158,14801,1067,15868,105
2022-02-04,Alameda,001,1643700,244208,235698,12737,248435,1638
2022-02-04,Alpine,003,1148,120,124,1,125,0
2022-02-04,Amador,005,37829,8089,7855,572,8427,71
2022-02-04,Butte,007,227075,31707,30733,6572,37305,355
2022-02-04,Calaveras,009,45235,6973,6789,307,7096,99
2022-02-04,Colusa,011,21464,3335,3234,1013,4247,21
2022-02-04,Contra Costa,013,1133247,183766,175871,12265,188136,1115
2022-02-04,Del Norte,015,27424,5145,4978,146,5124,44
2022-02-04,El Dorado,017,186661,25822,24813,3047,27860,185
2022-02-04,Fresno,019,978130,220833,213539,22650,236189,2477
2022-02-04,Glenn,021,27897,4821,4691,1541,6232,39
2022-02-04,Humboldt,023,135768,15830,15514,2605,18119,127
2022-02-04,Imperial,025,180216,53439,52153,9960,62113,853
2022-02-04,Inyo,027,18085,3989,3948,425,4373,51
2022-02-04,Kern,029,883053,185569,180296,43574,223870,1987
2022-02-04,Kings,031,150075,49089,47538,3326,50864,402
2022-02-04,Lake,033,64148,9890,9289,782,10071,124
2022-02-04,Lassen,035,31185,8476,8288,832,9120,55
2022-02-04,Los Angeles,037,10098052,2639590,2572702,119113,2691815,28947
2022-02-04,Madera,039,155013,35523,34471,5508,39979,329
2022-02-04,Marin,041,260295,31925,31299,2061,33360,255
2022-02-04,Mariposa,043,17540,2276,2222,160,2382,6
2022-02-04,Mendocino,045,87422,12391,12066,2606,14672,107
2022-02-04,Merced,047,269075,60099,58908,7815,66723,744
2022-02-04,Modoc,049,8938,688,664,229,893,6
2022-02-04,Mono,051,14174,2929,2904,116,3020,5
2022-02-04,Monterey,053,433212,75569,67342,12107,79449,666
2022-02-04,Napa,055,140530,24253,22973,855,23828,118
2022-02-04,Nevada,057,99092,15331,15002,1092,16094,113
2022-02-04,Orange,059,3164182,532459,527516,39603,567119,6134
2022-02-04,Placer,061,380077,60614,59043,7028,66071,533
2022-02-04,Plumas,063,18699,2844,2550,301,2851,13
2022-02-04,Riverside,065,2383286,576856,563991,26573,590564,5827
2022-02-04,Sacramento,067,1510023,270138,259437,24716,284153,2610
2022-02-04,San Benito,069,59416,12410,12142,485,12627,90
2022-02-04,San Bernardino,071,2135413,562577,539312,24211,563523,6322
2022-02-04,San Diego,073,3302833,723720,703957,49975,753932,4735
2022-02-04,San Francisco,075,870044,117637,112481,7768,120249,720
2022-02-04,San Joaquin,077,732212,160792,157420,9484,166904,1989
2022-02-04,San Luis Obispo,079,281455,49874,48361,3428,51789,404
2022-02-04,San Mateo,081,765935,116376,104810,6445,111255,587
2022-02-04,Santa Barbara,083,443738,82324,80478,4448,84926,617
2022-02-04,Santa Clara,085,1922200,298688,289262,11492,300754,2067
2022-02-04,Santa Cruz,087,273765,44228,42553,1986,44539,239
2022-02-04,Shasta,089,179085,29132,28604,5720,34324,466
2022-02-04,Sierra,091,2930,268,262,44,306,0
2022-02-04,Siskiyou,093,43540,4220,4106,2508,6614,67
2022-02-04,Solano,095,438530,77581,73112,5217,78329,415
2022-02-04,Sonoma,097,501317,79518,77213,2271,79484,431
2022-02-04,Stanislaus,099,539301,113417,111783,16631,128414,1406
2022-02-04,Sutter,101,95872,19724,19406,1819,21225,203
2022-02-04,Tehama,103,63373,11545,11259,2493,13752,146
2022-02-04,Trinity,105,12862,1129,1085,265,1350,20
2022-02-04,Tulare,107,460477,102008,97414,25819,123233,1254
2022-02-04,Tuolumne,109,53932,12112,11409,491,11900,91
2022-02-04,Ventura,111,848112,167866,165532,9091,174623,1308
2022-02-04,Yolo,113,214977,35145,33614,2791,36405,281
2022-02-04,Yuba,115,75493,15140,14801,1067,15868,105
2022-02-03,Alameda,001,1643700,243431,235698,12674,248372,1638
2022-02-03,Alpine,003,1148,120,124,1,125,0
2022-02-03,Amador,005,37829,8069,7855,567,8422,71
2022-02-03,Butte,007,227075,31601,30733,6543,37276,355
2022-02-03,Calaveras,009,45235,6943,6789,304,7093,99
2022-02-03,Colusa,011,21464,3322,3234,1011,4245,21
2022-02-03,Contra Costa,013,1133247,183140,175871,12161,188032,1115
2022-02-03,Del Norte,015,27424,5103,4978,143,5121,44
2022-02-03,El Dorado,017,186661,25752,24813,3042,27855,185
2022-02-03,Fresno,019,978130,219894,213539,22489,236028,2477
2022-02-03,Glenn,021,27897,4804,4691,1524,6215,39
2022-02-03,Humboldt,023,135768,15754,15514,2569,18083,127
2022-02-03,Imperial,025,180216,53295,52153,9909,62062,853
2022-02-03,Inyo,027,18085,3986,3948,421,4369,51
2022-02-03,Kern,029,883053,185105,180296,43360,223656,1987
2022-02-03,Kings,031,150075,48932,47538,3319,50857,402
2022-02-03,Lake,033,64148,9836,9289,776,10065,124
2022-02-03,Lassen,035,31185,8452,8288,831,9119,55
2022-02-03,Los Angeles,037,10098052,2634157,2572702,118850,2691552,28947
2022-02-03,Madera,039,155013,35387,34471,5464,39935,329
2022-02-03,Marin,041,260295,31829,31299,2056,33355,255
2022-02-03,Mariposa,043,17540,2264,2222,157,2379,6
2022-02-03,Mendocino,045,87422,12347,12066,2583,14649,107
2022-02-03,Merced,047,269075,59947,58908,7718,66626,744
2022-02-03,Modoc,049,8938,685,664,229,893,6
2022-02-03,Mono,051,14174,2924,2904,115,3019,5
2022-02-03,Monterey,053,433212,75282,67342,11915,79257,666
2022-02-03,Napa,055,140530,24122,22973,855,23828,118
2022-02-03,Nevada,057,99092,15291,15002,1082,16084,113
2022-02-03,Orange,059,3164182,531535,527516,39511,567027,6134
2022-02-03,Placer,061,380077,60416,59043,7005,66048,533
2022-02-03,Plumas,063,18699,2830,2550,297,2847,13
2022-02-03,Riverside,065,2383286,575653,563991,26502,590493,5827
2022-02-03,Sacramento,067,1510023,269180,259437,24526,283963,2610
2022-02-03,San Benito,069,59416,12383,12142,482,12624,90
2022-02-03,San Bernardino,071,2135413,561564,539312,24172,563484,6322
2022-02-03,San Diego,073,3302833,721751,703957,49803,753760,4735
2022-02-03,San Francisco,075,870044,117304,112481,7738,120219,720
2022-02-03,San Joaquin,077,732212,160304,157420,9453,166873,1989
2022-02-03,San Luis Obispo,079,281455,49675,48361,3413,51774,404
2022-02-03,San Mateo,081,765935,116024,104810,6412,111222,587
2022-02-03,Santa Barbara,083,443738,81966,80478,4419,84897,617
2022-02-03,Santa Clara,085,1922200,297492,289262,11385,300647,2067
2022-02-03,Santa Cruz,087,273765,43888,42553,1979,44532,239
2022-02-03,Shasta,089,179085,29028,28604,5693,34297,466
2022-02-03,Sierra,091,2930,268,262,44,306,0
2022-02-03,Siskiyou,093,43540,4205,4106,2492,6598,67
2022-02-03,Solano,095,438530,77250,73112,5198,78310,415
2022-02-03,Sonoma,097,501317,79222,77213,2264,79477,431
2022-02-03,Stanislaus,099,539301,113039,111783,16543,128326,1406
2022-02-03,Sutter,101,95872,19672,19406,1803,21209,203
2022-02-03,Tehama,103,63373,11515,11259,2485,13744,146
2022-02-03,Trinity,105,12862,1127,1085,264,1349,20
2022-02-03,Tulare,107,460477,101605,97414,25680,123094,1254
2022-02-03,Tuolumne,109,53932,12071,11409,479,11888,91
2022-02-03,Ventura,111,848112,167481,165532,9079,174611,1308
2022-02-03,Yolo,113,214977,35035,33614,2777,36391,281
2022-02-03,Yuba,115,75493,15090,14801,1051,15852,105
2022-02-02,Alameda,001,1643700,242482,234300,12571,246871,1632
2022-02-02,Alpine,003,1148,120,123,1,124,0
2022-02-02,Amador,005,37829,8039,7781,558,8339,71
2022-02-02,Butte,007,227075,31489,30550,6506,37056,355
2022-02-02,Calaveras,009,45235,6917,6753,300,7053,99
2022-02-02,Colusa,011,21464,3307,3211,1010,4221,21
2022-02-02,Contra Costa,013,1133247,182513,174876,12064,186940,1113
2022-02-02,Del Norte,015,27424,5061,4924,139,5063,44
2022-02-02,El Dorado,017,186661,25687,24690,3023,27713,185
2022-02-02,Fresno,019,978130,218877,211976,22354,234330,2463
2022-02-02,Glenn,021,27897,4785,4667,1514,6181,39
2022-02-02,Humboldt,023,135768,15693,15392,2530,17922,127
2022-02-02,Imperial,025,180216,53099,51875,9782,61657,853
2022-02-02,Inyo,027,18085,3980,3944,420,4364,51
2022-02-02,Kern,029,883053,184509,179386,43147,222533,1974
2022-02-02,Kings,031,150075,48742,47061,3293,50354,401
2022-02-02,Lake,033,64148,9778,9235,769,10004,120
2022-02-02,Lassen,035,31185,8439,8258,822,9080,55
2022-02-02,Los Angeles,037,10098052,2627922,2561902,118475,2680377,28850
2022-02-02,Madera,039,155013,35220,34265,5392,39657,329
2022-02-02,Marin,041,260295,31726,31149,2046,33195,255
2022-02-02,Mariposa,043,17540,2253,2215,153,2368,6
2022-02-02,Mendocino,045,87422,12294,11996,2544,14540,105
2022-02-02,Merced,047,269075,59762,58532,7634,66166,744
2022-02-02,Modoc,049,8938,679,662,229,891,6
2022-02-02,Mono,051,14174,2913,2887,115,3002,5
2022-02-02,Monterey,053,433212,74892,66852,11735,78587,666
2022-02-02,Napa,055,140530,24002,22859,842,23701,117
2022-02-02,Nevada,057,99092,15233,14895,1060,15955,112
2022-02-02,Orange,059,3164182,530480,524418,39417,563835,6127
2022-02-02,Placer,061,380077,60222,58654,6976,65630,533
2022-02-02,Plumas,063,18699,2814,2540,294,2834,12
2022-02-02,Riverside,065,2383286,574374,561220,26455,587675,5827
2022-02-02,Sacramento,067,1510023,268172,258078,24319,282397,2602
2022-02-02,San Benito,069,59416,12343,12058,478,12536,90
2022-02-02,San Bernardino,071,2135413,560544,537485,24109,561594,6317
2022-02-02,San Diego,073,3302833,719550,703957,49614,753571,4735
2022-02-02,San Francisco,075,870044,116934,112008,7722,119730,714
2022-02-02,San Joaquin,077,732212,159728,156537,9427,165964,1986
2022-02-02,San Luis Obispo,079,281455,49477,48119,3400,51519,403
2022-02-02,San Mateo,081,765935,115648,104201,6348,110549,587
2022-02-02,Santa Barbara,083,443738,81623,79979,4388,84367,612
2022-02-02,Santa Clara,085,1922200,296318,287443,11273,298716,2051
2022-02-02,Santa Cruz,087,273765,43599,42127,1968,44095,239
2022-02-02,Shasta,089,179085,28927,28429,5648,34077,465
2022-02-02,Sierra,091,2930,268,262,44,306,0
2022-02-02,Siskiyou,093,43540,4195,4078,2463,6541,67
2022-02-02,Solano,095,438530,76892,72711,5171,77882,414
2022-02-02,Sonoma,097,501317,78909,76681,2251,78932,431
2022-02-02,Stanislaus,099,539301,112644,111167,16410,127577,1403
2022-02-02,Sutter,101,95872,19608,19290,1774,21064,203
2022-02-02,Tehama,103,63373,11457,11193,2466,13659,146
2022-02-02,Trinity,105,12862,1124,1074,262,1336,20
2022-02-02,Tulare,107,460477,101218,96820,25528,122348,1249
2022-02-02,Tuolumne,109,53932,11994,11342,476,11818,91
2022-02-02,Ventura,111,848112,167083,164905,9060,173965,1292
2022-02-02,Yolo,113,214977,34910,33332,2754,36086,281
2022-02-02,Yuba,115,75493,15025,14720,1043,15763,104
2022-02-01,Alameda,001,1643700,241408,233782,12466,246248,1620
2022-02-01,Alpine,003,1148,120,123,1,124,0
2022-02-01,Amador,005,37829,7993,7783,552,8335,73
2022-02-01,Butte,007,227075,31344,30496,6464,36960,355
2022-02-01,Calaveras,009,45235,6880,6749,296,7045,98
2022-02-01,Colusa,011,21464,3295,3202,997,4199,21
2022-02-01,Contra Costa,013,1133247,181754,174379,11920,186299,1115
2022-02-01,Del Norte,015,27424,5013,4907,136,5043,44
2022-02-01,El Dorado,017,186661,25625,24664,3006,27670,184
2022-02-01,Fresno,019,978130,217707,211352,22191,233543,2464
2022-02-01,Glenn,021,27897,4769,4649,1504,6153,39
2022-02-01,Humboldt,023,135768,15611,15354,2502,17856,127
2022-02-01,Imperial,025,180216,52886,51675,9717,61392,846
2022-02-01,Inyo,027,18085,3970,3928,417,4345,51
2022-02-01,Kern,029,883053,183862,178987,42902,221889,1967
2022-02-01,Kings,031,150075,48482,46959,3270,50229,400
2022-02-01,Lake,033,64148,9722,9211,762,9973,119
2022-02-01,Lassen,035,31185,8421,8231,818,9049,55
2022-02-01,Los Angeles,037,10098052,2620727,2548794,118101,2666895,28752
2022-02-01,Madera,039,155013,35000,34124,5311,39435,329
2022-02-01,Marin,041,260295,31602,31099,2030,33129,255
2022-02-01,Mariposa,043,17540,2246,2210,152,2362,6
2022-02-01,Mendocino,045,87422,12232,11978,2507,14485,105
2022-02-01,Merced,047,269075,59575,58362,7508,65870,743
2022-02-01,Modoc,049,8938,672,664,229,893,6
2022-02-01,Mono,051,14174,2907,2888,115,3003,5
2022-02-01,Monterey,053,433212,74472,66553,11541,78094,665
2022-02-01,Napa,055,140530,23903,22795,826,23621,116
2022-02-01,Nevada,057,99092,15172,14863,1048,15911,112
2022-02-01,Orange,059,3164182,529332,523741,39273,563014,6108
2022-02-01,Placer,061,380077,59974,58486,6938,65424,532
2022-02-01,Plumas,063,18699,2799,2526,291,2817,12
2022-02-01,Riverside,065,2383286,572986,560010,26407,586417,5825
2022-02-01,Sacramento,067,1510023,267120,257504,24053,281557,2593
2022-02-01,San Benito,069,59416,12277,12053,475,12528,90
2022-02-01,San Bernardino,071,2135413,559250,536591,24044,560635,6311
2022-02-01,San Diego,073,3302833,717030,701009,49386,750395,4710
2022-02-01,San Francisco,075,870044,116466,111606,7703,119309,713
2022-02-01,San Joaquin,077,732212,159197,156300,9404,165704,1987
2022-02-01,San Luis Obispo,079,281455,49249,47842,3338,51180,403
2022-02-01,San Mateo,081,765935,115179,103868,6306,110174,589
2022-02-01,Santa Barbara,083,443738,81178,79659,4351,84010,608
2022-02-01,Santa Clara,085,1922200,294789,286109,11168,297277,2070
2022-02-01,Santa Cruz,087,273765,43299,41782,1952,43734,239
2022-02-01,Shasta,089,179085,28808,28382,5595,33977,465
2022-02-01,Sierra,091,2930,266,262,44,306,0
2022-02-01,Siskiyou,093,43540,4181,4072,2436,6508,66
2022-02-01,Solano,095,438530,76615,72494,5149,77643,415
2022-02-01,Sonoma,097,501317,78549,76379,2228,78607,431
2022-02-01,Stanislaus,099,539301,112234,110925,16304,127229,1403
2022-02-01,Sutter,101,95872,19540,19256,1741,20997,202
2022-02-01,Tehama,103,63373,11400,11165,2453,13618,146
2022-02-01,Trinity,105,12862,1120,1073,262,1335,19
2022-02-01,Tulare,107,460477,100726,96467,25330,121797,1247
2022-02-01,Tuolumne,109,53932,11944,11318,467,11785,91
2022-02-01,Ventura,111,848112,166578,164721,9035,173756,1293
2022-02-01,Yolo,113,214977,34758,33257,2728,35985,275
2022-02-01,Yuba,115,75493,14964,14693,1036,15729,103
2022-01-31,Alameda,001,1643700,240054,232743,12353,245096,1607
2022-01-31,Alpine,003,1148,119,123,1,124,0
2022-01-31,Amador,005,37829,7940,7682,535,8217,73
2022-01-31,Butte,007,227075,31168,30371,6416,36787,354
2022-01-31,Calaveras,009,45235,6844,6700,285,6985,96
2022-01-31,Colusa,011,21464,3285,3187,988,4175,21
2022-01-31,Contra Costa,013,1133247,180910,173466,11794,185260,1115
2022-01-31,Del Norte,015,27424,4979,4879,133,5012,43
2022-01-31,El Dorado,017,186661,25523,24545,2976,27521,184
2022-01-31,Fresno,019,978130,216207,210589,21986,232575,2464
2022-01-31,Glenn,021,27897,4733,4641,1492,6133,39
2022-01-31,Humboldt,023,135768,15521,15308,2469,17777,126
2022-01-31,Imperial,025,180216,52670,51472,9608,61080,846
2022-01-31,Inyo,027,18085,3959,3922,411,4333,50
2022-01-31,Kern,029,883053,183081,178375,42586,220961,1967
2022-01-31,Kings,031,150075,48125,46845,3236,50081,398
2022-01-31,Lake,033,64148,9649,9141,750,9891,119
2022-01-31,Lassen,035,31185,8390,8162,812,8974,55
2022-01-31,Los Angeles,037,10098052,2612491,2541189,117691,2658880,28718
2022-01-31,Madera,039,155013,34786,33886,5215,39101,329
2022-01-31,Marin,041,260295,31477,31023,2013,33036,253
2022-01-31,Mariposa,043,17540,2236,2203,143,2346,6
2022-01-31,Mendocino,045,87422,12166,11896,2466,14362,104
2022-01-31,Merced,047,269075,59291,58198,7319,65517,740
2022-01-31,Modoc,049,8938,669,661,229,890,6
2022-01-31,Mono,051,14174,2893,2889,115,3004,5
2022-01-31,Monterey,053,433212,74020,66117,11328,77445,661
2022-01-31,Napa,055,140530,23735,22707,809,23516,113
2022-01-31,Nevada,057,99092,15095,14813,1035,15848,112
2022-01-31,Orange,059,3164182,528007,522358,39137,561495,6098
2022-01-31,Placer,061,380077,59727,58252,6907,65159,523
2022-01-31,Plumas,063,18699,2786,2513,289,2802,12
2022-01-31,Riverside,065,2383286,571167,558166,26343,584509,5785
2022-01-31,Sacramento,067,1510023,265827,256594,23801,280395,2571
2022-01-31,San Benito,069,59416,12218,11976,474,12450,90
2022-01-31,San Bernardino,071,2135413,557602,535276,23962,559238,6302
2022-01-31,San Diego,073,3302833,714124,698571,49114,747685,4686
2022-01-31,San Francisco,075,870044,116060,111119,7670,118789,712
2022-01-31,San Joaquin,077,732212,158437,155736,9373,165109,1985
2022-01-31,San Luis Obispo,079,281455,48995,47656,3281,50937,395
2022-01-31,San Mateo,081,765935,114671,103313,6248,109561,589
2022-01-31,Santa Barbara,083,443738,80672,79267,4309,83576,606
2022-01-31,Santa Clara,085,1922200,293101,284562,11064,295626,2041
2022-01-31,Santa Cruz,087,273765,42921,41630,1945,43575,239
2022-01-31,Shasta,089,179085,28678,28190,5554,33744,462
2022-01-31,Sierra,091,2930,266,261,44,305,0
2022-01-31,Siskiyou,093,43540,4165,4054,2420,6474,66
2022-01-31,Solano,095,438530,75907,72258,5102,77360,414
2022-01-31,Sonoma,097,501317,78095,76199,2198,78397,431
2022-01-31,Stanislaus,099,539301,111706,110493,16123,126616,1403
2022-01-31,Sutter,101,95872,19460,19189,1691,20880,202
2022-01-31,Tehama,103,63373,11337,11112,2425,13537,145
2022-01-31,Trinity,105,12862,1115,1071,259,1330,19
2022-01-31,Tulare,107,460477,100093,96053,25097,121150,1245
2022-01-31,Tuolumne,109,53932,11854,11278,460,11738,91
2022-01-31,Ventura,111,848112,166042,164060,9010,173070,1286
2022-01-31,Yolo,113,214977,34597,33175,2701,35876,274
2022-01-31,Yuba,115,75493,14901,14652,1016,15668,103
2022-01-30,Alameda,001,1643700,238496,231838,12201,244039,1607
2022-01-30,Alpine,003,1148,119,123,1,124,0
2022-01-30,Amador,005,37829,7889,7644,512,8156,73
2022-01-30,Butte,007,227075,30962,30255,6337,36592,354
2022-01-30,Calaveras,009,45235,6788,6676,274,6950,96
2022-01-30,Colusa,011,21464,3265,3168,980,4148,21
2022-01-30,Contra Costa,013,1133247,179917,172902,11591,184493,1102
2022-01-30,Del Norte,015,27424,4938,4833,130,4963,43
2022-01-30,El Dorado,017,186661,25403,24491,2949,27440,184
2022-01-30,Fresno,019,978130,214639,209645,21724,231369,2463
2022-01-30,Glenn,021,27897,4700,4619,1483,6102,39
2022-01-30,Humboldt,023,135768,15409,15247,2414,17661,126
2022-01-30,Imperial,025,180216,52345,51415,9439,60854,846
2022-01-30,Inyo,027,18085,3942,3921,408,4329,50
2022-01-30,Kern,029,883053,182217,177924,42264,220188,1967
2022-01-30,Kings,031,150075,47773,46654,3179,49833,398
2022-01-30,Lake,033,64148,9560,9080,729,9809,119
2022-01-30,Lassen,035,31185,8366,8158,804,8962,55
2022-01-30,Los Angeles,037,10098052,2602415,2530739,117219,2647958,28678
2022-01-30,Madera,039,155013,34488,33752,5031,38783,329
2022-01-30,Marin,041,260295,31329,30875,1999,32874,253
2022-01-30,Mariposa,043,17540,2224,2177,138,2315,6
2022-01-30,Mendocino,045,87422,12093,11860,2360,14220,104
2022-01-30,Merced,047,269075,58922,58006,7025,65031,740
2022-01-30,Modoc,049,8938,666,661,229,890,6
2022-01-30,Mono,051,14174,2887,2888,115,3003,5
2022-01-30,Monterey,053,433212,73433,65996,11049,77045,661
2022-01-30,Napa,055,140530,23567,22588,793,23381,114
2022-01-30,Nevada,057,99092,15007,14741,1019,15760,112
2022-01-30,Orange,059,3164182,526371,521334,38987,560321,6098
2022-01-30,Placer,061,380077,59397,58030,6867,64897,523
2022-01-30,Plumas,063,18699,2761,2510,275,2785,12
2022-01-30,Riverside,065,2383286,569098,557088,26243,583331,5767
2022-01-30,Sacramento,067,1510023,264369,255715,23307,279022,2572
2022-01-30,San Benito,069,59416,12152,11945,469,12414,90
2022-01-30,San Bernardino,071,2135413,555829,534050,23851,557901,6302
2022-01-30,San Diego,073,3302833,710587,687145,48678,735823,4665
2022-01-30,San Francisco,075,870044,115511,110772,7636,118408,712
2022-01-30,San Joaquin,077,732212,157447,155165,9335,164500,1985
2022-01-30,San Luis Obispo,079,281455,48598,47599,3245,50844,394
2022-01-30,San Mateo,081,765935,114097,102979,6203,109182,589
2022-01-30,Santa Barbara,083,443738,79995,79072,4248,83320,606
2022-01-30,Santa Clara,085,1922200,291123,282846,10933,293779,2035
2022-01-30,Santa Cruz,087,273765,42462,41330,1937,43267,239
2022-01-30,Shasta,089,179085,28517,28105,5470,33575,462
2022-01-30,Sierra,091,2930,266,261,44,305,0
2022-01-30,Siskiyou,093,43540,4135,4039,2373,6412,66
2022-01-30,Solano,095,438530,75381,71857,5051,76908,414
2022-01-30,Sonoma,097,501317,77576,75890,2169,78059,431
2022-01-30,Stanislaus,099,539301,111052,110111,15920,126031,1403
2022-01-30,Sutter,101,95872,19368,19108,1594,20702,202
2022-01-30,Tehama,103,63373,11265,11071,2395,13466,145
2022-01-30,Trinity,105,12862,1109,1068,259,1327,19
2022-01-30,Tulare,107,460477,99352,95676,24839,120515,1245
2022-01-30,Tuolumne,109,53932,11745,11242,423,11665,91
2022-01-30,Ventura,111,848112,165464,163521,8980,172501,1286
2022-01-30,Yolo,113,214977,34380,33043,2668,35711,274
2022-01-30,Yuba,115,75493,14811,14584,996,15580,103
2022-01-29,Alameda,001,1643700,237824,225602,12183,237785,1605
2022-01-29,Alpine,003,1148,119,123,1,124,0
2022-01-29,Amador,005,37829,7867,7505,509,8014,73
2022-01-29,Butte,007,227075,30872,29557,6306,35863,353
2022-01-29,Calaveras,009,45235,6769,6484,274,6758,96
2022-01-29,Colusa,011,21464,3260,3107,976,4083,21
2022-01-29,Contra Costa,013,1133247,179370,168003,11558,179561,1101
2022-01-29,Del Norte,015,27424,4920,4589,128,4717,43
2022-01-29,El Dorado,017,186661,25360,24008,2942,26950,184
2022-01-29,Fresno,019,978130,214182,202691,21685,224376,2457
2022-01-29,Glenn,021,27897,4692,4516,1476,5992,39
2022-01-29,Humboldt,023,135768,15362,14812,2407,17219,126
2022-01-29,Imperial,025,180216,52229,50153,9383,59536,845
2022-01-29,Inyo,027,18085,3940,3895,400,4295,50
2022-01-29,Kern,029,883053,181877,174456,42102,216558,1962
2022-01-29,Kings,031,150075,47654,45047,3172,48219,397
2022-01-29,Lake,033,64148,9527,8747,725,9472,119
2022-01-29,Lassen,035,31185,8345,7961,801,8762,55
2022-01-29,Los Angeles,037,10098052,2598508,2473332,116952,2590284,28467
2022-01-29,Madera,039,155013,34379,32753,5003,37756,329
2022-01-29,Marin,041,260295,31264,30137,1997,32134,253
2022-01-29,Mariposa,043,17540,2222,2117,136,2253,6
2022-01-29,Mendocino,045,87422,12069,11591,2344,13935,104
2022-01-29,Merced,047,269075,58815,56472,7020,63492,735
2022-01-29,Modoc,049,8938,666,654,229,883,6
2022-01-29,Mono,051,14174,2885,2860,115,2975,5
2022-01-29,Monterey,053,433212,73278,64090,10987,75077,658
2022-01-29,Napa,055,140530,23511,22121,791,22912,113
2022-01-29,Nevada,057,99092,14973,14337,1016,15353,112
2022-01-29,Orange,059,3164182,525668,511255,38881,550136,6038
2022-01-29,Placer,061,380077,59205,56562,6851,63413,523
2022-01-29,Plumas,063,18699,2751,2463,271,2734,12
2022-01-29,Riverside,065,2383286,568075,548121,26201,574322,5726
2022-01-29,Sacramento,067,1510023,263723,249130,23261,272391,2558
2022-01-29,San Benito,069,59416,12094,11670,468,12138,90
2022-01-29,San Bernardino,071,2135413,555080,525249,23807,549056,6297
2022-01-29,San Diego,073,3302833,709253,683027,48578,731605,4643
2022-01-29,San Francisco,075,870044,115237,108265,7588,115853,712
2022-01-29,San Joaquin,077,732212,157201,150849,9313,160162,1971
2022-01-29,San Luis Obispo,079,281455,48508,46374,3242,49616,391
2022-01-29,San Mateo,081,765935,113761,100306,6180,106486,586
2022-01-29,Santa Barbara,083,443738,79773,76546,4242,80788,604
2022-01-29,Santa Clara,085,1922200,290185,273879,10905,284784,2019
2022-01-29,Santa Cruz,087,273765,42332,39228,1935,41163,240
2022-01-29,Shasta,089,179085,28457,27504,5457,32961,452
2022-01-29,Sierra,091,2930,266,260,43,303,0
2022-01-29,Siskiyou,093,43540,4125,3987,2366,6353,66
2022-01-29,Solano,095,438530,75236,69862,5038,74900,407
2022-01-29,Sonoma,097,501317,77361,73439,2164,75603,427
2022-01-29,Stanislaus,099,539301,110802,107668,15869,123537,1403
2022-01-29,Sutter,101,95872,19320,18797,1578,20375,202
2022-01-29,Tehama,103,63373,11230,10880,2386,13266,145
2022-01-29,Trinity,105,12862,1106,1033,258,1291,19
2022-01-29,Tulare,107,460477,99097,93154,24767,117921,1237
2022-01-29,Tuolumne,109,53932,11719,10806,415,11221,91
2022-01-29,Ventura,111,848112,165134,160466,8961,169427,1271
2022-01-29,Yolo,113,214977,34266,32123,2652,34775,275
2022-01-29,Yuba,115,75493,14771,14295,994,15289,103
2022-01-28,Alameda,001,1643700,236877,225602,12165,237767,1605
2022-01-28,Alpine,003,1148,119,123,1,124,0
2022-01-28,Amador,005,37829,7841,7505,508,8013,73
2022-01-28,Butte,007,227075,30795,29557,6284,35841,353
2022-01-28,Calaveras,009,45235,6751,6484,273,6757,96
2022-01-28,Colusa,011,21464,3255,3107,975,4082,21
2022-01-28,Contra Costa,013,1133247,178821,168003,11521,179524,1101
2022-01-28,Del Norte,015,27424,4896,4589,127,4716,43
2022-01-28,El Dorado,017,186661,25315,24008,2936,26944,184
2022-01-28,Fresno,019,978130,213312,202691,21629,224320,2457
2022-01-28,Glenn,021,27897,4679,4516,1474,5990,39
2022-01-28,Humboldt,023,135768,15326,14812,2397,17209,126
2022-01-28,Imperial,025,180216,52100,50153,9353,59506,845
2022-01-28,Inyo,027,18085,3936,3895,397,4292,50
2022-01-28,Kern,029,883053,181466,174456,41944,216400,1962
2022-01-28,Kings,031,150075,47524,45047,3162,48209,397
2022-01-28,Lake,033,64148,9495,8747,722,9469,119
2022-01-28,Lassen,035,31185,8275,7961,799,8760,55
2022-01-28,Los Angeles,037,10098052,2592787,2473332,116738,2590070,28467
2022-01-28,Madera,039,155013,34251,32753,4987,37740,329
2022-01-28,Marin,041,260295,31171,30137,1977,32114,253
2022-01-28,Mariposa,043,17540,2212,2117,134,2251,6
2022-01-28,Mendocino,045,87422,12026,11591,2342,13933,104
2022-01-28,Merced,047,269075,58715,56472,7005,63477,735
2022-01-28,Modoc,049,8938,665,654,229,883,6
2022-01-28,Mono,051,14174,2880,2860,114,2974,5
2022-01-28,Monterey,053,433212,73076,64090,10938,75028,658
2022-01-28,Napa,055,140530,23432,22121,789,22910,113
2022-01-28,Nevada,057,99092,14936,14337,1014,15351,112
2022-01-28,Orange,059,3164182,524597,511255,38791,550046,6038
2022-01-28,Placer,061,380077,59006,56562,6827,63389,523
2022-01-28,Plumas,063,18699,2743,2463,269,2732,12
2022-01-28,Riverside,065,2383286,566753,548121,26160,574281,5726
2022-01-28,Sacramento,067,1510023,262941,249130,23208,272338,2558
2022-01-28,San Benito,069,59416,12072,11670,463,12133,90
2022-01-28,San Bernardino,071,2135413,554040,525249,23770,549019,6297
2022-01-28,San Diego,073,3302833,707432,683027,48499,731526,4643
2022-01-28,San Francisco,075,870044,114882,108265,7539,115804,712
2022-01-28,San Joaquin,077,732212,156910,150849,9299,160148,1971
2022-01-28,San Luis Obispo,079,281455,48424,46374,3235,49609,391
2022-01-28,San Mateo,081,765935,113409,100306,6159,106465,586
2022-01-28,Santa Barbara,083,443738,79524,76546,4240,80786,604
2022-01-28,Santa Clara,085,1922200,288994,273879,10856,284735,2019
2022-01-28,Santa Cruz,087,273765,42139,39228,1924,41152,240
2022-01-28,Shasta,089,179085,28397,27504,5443,32947,452
2022-01-28,Sierra,091,2930,266,260,43,303,0
2022-01-28,Siskiyou,093,43540,4115,3987,2362,6349,66
2022-01-28,Solano,095,438530,74684,69862,4972,74834,407
2022-01-28,Sonoma,097,501317,77155,73439,2157,75596,427
2022-01-28,Stanislaus,099,539301,110529,107668,15822,123490,1403
2022-01-28,Sutter,101,95872,19275,18797,1576,20373,202
2022-01-28,Tehama,103,63373,11198,10880,2379,13259,145
2022-01-28,Trinity,105,12862,1097,1033,258,1291,19
2022-01-28,Tulare,107,460477,98823,93154,24661,117815,1237
2022-01-28,Tuolumne,109,53932,11686,10806,411,11217,91
2022-01-28,Ventura,111,848112,164680,160466,8942,169408,1271
2022-01-28,Yolo,113,214977,34161,32123,2646,34769,275
2022-01-28,Yuba,115,75493,14732,14295,990,15285,103
2022-01-27,Alameda,001,1643700,235287,225602,12033,237635,1605
2022-01-27,Alpine,003,1148,119,123,1,124,0
2022-01-27,Amador,005,37829,7795,7505,497,8002,73
2022-01-27,Butte,007,227075,30642,29557,6230,35787,353
2022-01-27,Calaveras,009,45235,6725,6484,257,6741,96
2022-01-27,Colusa,011,21464,3239,3107,970,4077,21
2022-01-27,Contra Costa,013,1133247,177757,168003,11347,179350,1101
2022-01-27,Del Norte,015,27424,4852,4589,123,4712,43
2022-01-27,El Dorado,017,186661,25206,24008,2917,26925,184
2022-01-27,Fresno,019,978130,211675,202691,21409,224100,2457
2022-01-27,Glenn,021,27897,4647,4516,1466,5982,39
2022-01-27,Humboldt,023,135768,15237,14812,2360,17172,126
2022-01-27,Imperial,025,180216,51831,50153,9241,59394,845
2022-01-27,Inyo,027,18085,3929,3895,388,4283,50
2022-01-27,Kern,029,883053,180687,174456,41583,216039,1962
2022-01-27,Kings,031,150075,47184,45047,3124,48171,397
2022-01-27,Lake,033,64148,9441,8747,705,9452,119
2022-01-27,Lassen,035,31185,8234,7961,793,8754,55
2022-01-27,Los Angeles,037,10098052,2581631,2473332,116225,2589557,28467
2022-01-27,Madera,039,155013,34042,32753,4885,37638,329
2022-01-27,Marin,041,260295,31007,30137,1962,32099,253
2022-01-27,Mariposa,043,17540,2189,2117,131,2248,6
2022-01-27,Mendocino,045,87422,11975,11591,2293,13884,104
2022-01-27,Merced,047,269075,58446,56472,6842,63314,735
2022-01-27,Modoc,049,8938,663,654,228,882,6
2022-01-27,Mono,051,14174,2875,2860,114,2974,5
2022-01-27,Monterey,053,433212,72454,64090,10693,74783,658
2022-01-27,Napa,055,140530,23277,22121,762,22883,113
2022-01-27,Nevada,057,99092,14864,14337,987,15324,112
2022-01-27,Orange,059,3164182,522871,511255,38654,549909,6038
2022-01-27,Placer,061,380077,58688,56562,6775,63337,523
2022-01-27,Plumas,063,18699,2732,2463,257,2720,12
2022-01-27,Riverside,065,2383286,564579,548121,26092,574213,5726
2022-01-27,Sacramento,067,1510023,261659,249130,22882,272012,2558
2022-01-27,San Benito,069,59416,12017,11670,458,12128,90
2022-01-27,San Bernardino,071,2135413,552145,525249,23669,548918,6297
2022-01-27,San Diego,073,3302833,704091,683027,48140,731167,4643
2022-01-27,San Francisco,075,870044,114377,108265,7481,115746,712
2022-01-27,San Joaquin,077,732212,156049,150849,9234,160083,1971
2022-01-27,San Luis Obispo,079,281455,48153,46374,3200,49574,391
2022-01-27,San Mateo,081,765935,112824,100306,6090,106396,586
2022-01-27,Santa Barbara,083,443738,79045,76546,4185,80731,604
2022-01-27,Santa Clara,085,1922200,286921,273879,10710,284589,2019
2022-01-27,Santa Cruz,087,273765,41475,39228,1906,41134,240
2022-01-27,Shasta,089,179085,28271,27504,5394,32898,452
2022-01-27,Sierra,091,2930,265,260,42,302,0
2022-01-27,Siskiyou,093,43540,4094,3987,2325,6312,66
2022-01-27,Solano,095,438530,74045,69862,4914,74776,407
2022-01-27,Sonoma,097,501317,76689,73439,2143,75582,427
2022-01-27,Stanislaus,099,539301,110001,107668,15665,123333,1403
2022-01-27,Sutter,101,95872,19170,18797,1551,20348,202
2022-01-27,Tehama,103,63373,11146,10880,2363,13243,145
2022-01-27,Trinity,105,12862,1093,1033,257,1290,19
2022-01-27,Tulare,107,460477,98157,93154,24399,117553,1237
2022-01-27,Tuolumne,109,53932,11632,10806,403,11209,91
2022-01-27,Ventura,111,848112,164028,160466,8906,169372,1271
2022-01-27,Yolo,113,214977,34015,32123,2631,34754,275
2022-01-27,Yuba,115,75493,14654,14295,974,15269,103
2022-01-26,Alameda,001,1643700,233398,222680,11866,234546,1596
2022-01-26,Alpine,003,1148,119,123,1,124,0
2022-01-26,Amador,005,37829,7721,7427,482,7909,73
2022-01-26,Butte,007,227075,30447,29229,6166,35395,353
2022-01-26,Calaveras,009,45235,6687,6387,251,6638,96
2022-01-26,Colusa,011,21464,3220,3094,965,4059,21
2022-01-26,Contra Costa,013,1133247,176560,165972,11177,177149,1095
2022-01-26,Del Norte,015,27424,4794,4542,122,4664,43
2022-01-26,El Dorado,017,186661,25084,23819,2894,26713,181
2022-01-26,Fresno,019,978130,209813,199689,21189,220878,2452
2022-01-26,Glenn,021,27897,4614,4472,1461,5933,39
2022-01-26,Humboldt,023,135768,15139,14715,2317,17032,126
2022-01-26,Imperial,025,180216,51474,49477,9097,58574,839
2022-01-26,Inyo,027,18085,3926,3889,358,4247,50
2022-01-26,Kern,029,883053,179747,173052,41243,214295,1953
2022-01-26,Kings,031,150075,46779,44367,3095,47462,396
2022-01-26,Lake,033,64148,9359,8645,695,9340,119
2022-01-26,Lassen,035,31185,8194,7888,793,8681,55
2022-01-26,Los Angeles,037,10098052,2569424,2450620,115778,2566398,28382
2022-01-26,Madera,039,155013,33803,32323,4748,37071,329
2022-01-26,Marin,041,260295,30824,29813,1945,31758,253
2022-01-26,Mariposa,043,17540,2172,2108,124,2232,6
2022-01-26,Mendocino,045,87422,11927,11453,2242,13695,103
2022-01-26,Merced,047,269075,58072,56060,6664,62724,733
2022-01-26,Modoc,049,8938,662,652,227,879,6
2022-01-26,Mono,051,14174,2872,2852,114,2966,4
2022-01-26,Monterey,053,433212,71897,63264,10405,73669,659
2022-01-26,Napa,055,140530,23121,21864,752,22616,112
2022-01-26,Nevada,057,99092,14770,14128,975,15103,112
2022-01-26,Orange,059,3164182,520881,506419,38488,544907,6007
2022-01-26,Placer,061,380077,58349,55892,6714,62606,524
2022-01-26,Plumas,063,18699,2705,2425,255,2680,12
2022-01-26,Riverside,065,2383286,562048,543788,25976,569764,5701
2022-01-26,Sacramento,067,1510023,259962,246416,22555,268971,2559
2022-01-26,San Benito,069,59416,11946,11563,446,12009,90
2022-01-26,San Bernardino,071,2135413,549873,521699,23562,545261,6291
2022-01-26,San Diego,073,3302833,699875,676392,47782,724174,4622
2022-01-26,San Francisco,075,870044,113736,107174,7449,114623,704
2022-01-26,San Joaquin,077,732212,155054,148770,9181,157951,1971
2022-01-26,San Luis Obispo,079,281455,47849,45716,3173,48889,391
2022-01-26,San Mateo,081,765935,112158,99016,5965,104981,586
2022-01-26,Santa Barbara,083,443738,78517,75548,4125,79673,600
2022-01-26,Santa Clara,085,1922200,284802,270470,10539,281009,2015
2022-01-26,Santa Cruz,087,273765,40956,38298,1892,40190,239
2022-01-26,Shasta,089,179085,28124,27255,5348,32603,452
2022-01-26,Sierra,091,2930,264,260,41,301,0
2022-01-26,Siskiyou,093,43540,4078,3971,2300,6271,66
2022-01-26,Solano,095,438530,73349,69150,4847,73997,401
2022-01-26,Sonoma,097,501317,76129,72509,2108,74617,423
2022-01-26,Stanislaus,099,539301,109445,106582,15448,122030,1396
2022-01-26,Sutter,101,95872,19060,18670,1507,20177,202
2022-01-26,Tehama,103,63373,11092,10749,2349,13098,145
2022-01-26,Trinity,105,12862,1088,1008,257,1265,19
2022-01-26,Tulare,107,460477,97351,91904,24160,116064,1234
2022-01-26,Tuolumne,109,53932,11448,10699,392,11091,91
2022-01-26,Ventura,111,848112,163318,159077,8864,167941,1263
2022-01-26,Yolo,113,214977,33798,31913,2593,34506,275
2022-01-26,Yuba,115,75493,14569,14171,952,15123,103
2022-01-25,Alameda,001,1643700,231500,219753,11693,231446,1589
2022-01-25,Alpine,003,1148,119,122,1,123,0
2022-01-25,Amador,005,37829,7644,7352,471,7823,73
2022-01-25,Butte,007,227075,30234,28887,6089,34976,351
2022-01-25,Calaveras,009,45235,6629,6266,238,6504,95
2022-01-25,Colusa,011,21464,3199,3074,963,4037,21
2022-01-25,Contra Costa,013,1133247,175162,163792,10949,174741,1092
2022-01-25,Del Norte,015,27424,4724,4514,117,4631,43
2022-01-25,El Dorado,017,186661,24948,23339,2870,26209,179
2022-01-25,Fresno,019,978130,207641,198262,20895,219157,2434
2022-01-25,Glenn,021,27897,4584,4418,1445,5863,39
2022-01-25,Humboldt,023,135768,15047,14574,2291,16865,126
2022-01-25,Imperial,025,180216,51018,48913,8876,57789,832
2022-01-25,Inyo,027,18085,3910,3857,316,4173,50
2022-01-25,Kern,029,883053,178742,171695,40795,212490,1947
2022-01-25,Kings,031,150075,46310,43853,3050,46903,396
2022-01-25,Lake,033,64148,9280,8543,683,9226,118
2022-01-25,Lassen,035,31185,8163,7834,784,8618,55
2022-01-25,Los Angeles,037,10098052,2554479,2433516,115136,2548652,28293
2022-01-25,Madera,039,155013,33482,31794,4615,36409,329
2022-01-25,Marin,041,260295,30647,29589,1932,31521,253
2022-01-25,Mariposa,043,17540,2160,2069,118,2187,6
2022-01-25,Mendocino,045,87422,11807,11280,2139,13419,103
2022-01-25,Merced,047,269075,57684,55555,6524,62079,733
2022-01-25,Modoc,049,8938,660,652,227,879,6
2022-01-25,Mono,051,14174,2862,2826,113,2939,4
2022-01-25,Monterey,053,433212,71323,62498,10004,72502,654
2022-01-25,Napa,055,140530,22926,21668,718,22386,111
2022-01-25,Nevada,057,99092,14657,13944,953,14897,112
2022-01-25,Orange,059,3164182,518600,504274,38291,542565,5980
2022-01-25,Placer,061,380077,57946,55465,6641,62106,518
2022-01-25,Plumas,063,18699,2681,2397,251,2648,12
2022-01-25,Riverside,065,2383286,558958,540723,25812,566535,5686
2022-01-25,Sacramento,067,1510023,258017,244468,22026,266494,2545
2022-01-25,San Benito,069,59416,11847,11446,442,11888,88
2022-01-25,San Bernardino,071,2135413,547246,519150,23448,542598,6288
2022-01-25,San Diego,073,3302833,694883,670110,47330,717440,4604
2022-01-25,San Francisco,075,870044,112977,106254,7407,113661,703
2022-01-25,San Joaquin,077,732212,154054,147271,9115,156386,1972
2022-01-25,San Luis Obispo,079,281455,47488,45130,3125,48255,391
2022-01-25,San Mateo,081,765935,111325,98010,5854,103864,586
2022-01-25,Santa Barbara,083,443738,77849,74686,4046,78732,594
2022-01-25,Santa Clara,085,1922200,282150,268031,10337,278368,2006
2022-01-25,Santa Cruz,087,273765,40285,37850,1877,39727,237
2022-01-25,Shasta,089,179085,27962,27090,5282,32372,452
2022-01-25,Sierra,091,2930,264,260,37,297,0
2022-01-25,Siskiyou,093,43540,4054,3958,2265,6223,65
2022-01-25,Solano,095,438530,72778,68657,4788,73445,399
2022-01-25,Sonoma,097,501317,75440,71633,2068,73701,423
2022-01-25,Stanislaus,099,539301,108772,105965,15222,121187,1396
2022-01-25,Sutter,101,95872,18957,18508,1467,19975,200
2022-01-25,Tehama,103,63373,11029,10669,2325,12994,145
2022-01-25,Trinity,105,12862,1081,999,255,1254,19
2022-01-25,Tulare,107,460477,96488,91237,23841,115078,1229
2022-01-25,Tuolumne,109,53932,11267,10516,368,10884,91
2022-01-25,Ventura,111,848112,162464,157971,8815,166786,1263
2022-01-25,Yolo,113,214977,33539,31677,2549,34226,274
2022-01-25,Yuba,115,75493,14484,14038,925,14963,103
2022-01-24,Alameda,001,1643700,229028,216252,11424,227676,1581
2022-01-24,Alpine,003,1148,119,120,1,121,0
2022-01-24,Amador,005,37829,7593,7166,434,7600,73
2022-01-24,Butte,007,227075,30001,28607,6024,34631,350
2022-01-24,Calaveras,009,45235,6581,6172,224,6396,95
2022-01-24,Colusa,011,21464,3179,3052,946,3998,21
2022-01-24,Contra Costa,013,1133247,173607,162161,10727,172888,1092
2022-01-24,Del Norte,015,27424,4664,4460,117,4577,43
2022-01-24,El Dorado,017,186661,24782,23128,2844,25972,179
2022-01-24,Fresno,019,978130,205319,196092,20570,216662,2430
2022-01-24,Glenn,021,27897,4544,4367,1436,5803,39
2022-01-24,Humboldt,023,135768,14936,14416,2246,16662,126
2022-01-24,Imperial,025,180216,50478,48228,8594,56822,824
2022-01-24,Inyo,027,18085,3904,3805,292,4097,50
2022-01-24,Kern,029,883053,177436,169892,40324,210216,1946
2022-01-24,Kings,031,150075,45737,43260,2979,46239,396
2022-01-24,Lake,033,64148,9171,8423,668,9091,118
2022-01-24,Lassen,035,31185,8079,7732,765,8497,55
2022-01-24,Los Angeles,037,10098052,2537953,2391045,114359,2505404,28230
2022-01-24,Madera,039,155013,33046,31339,4431,35770,329
2022-01-24,Marin,041,260295,30414,29301,1896,31197,253
2022-01-24,Mariposa,043,17540,2135,2033,114,2147,6
2022-01-24,Mendocino,045,87422,11703,11002,2060,13062,103
2022-01-24,Merced,047,269075,57181,54970,6240,61210,730
2022-01-24,Modoc,049,8938,657,648,226,874,6
2022-01-24,Mono,051,14174,2852,2802,112,2914,4
2022-01-24,Monterey,053,433212,70463,61975,9649,71624,654
2022-01-24,Napa,055,140530,22747,21494,706,22200,111
2022-01-24,Nevada,057,99092,14530,13774,930,14704,112
2022-01-24,Orange,059,3164182,516023,501634,38026,539660,5969
2022-01-24,Placer,061,380077,57464,54933,6592,61525,518
2022-01-24,Plumas,063,18699,2649,2370,237,2607,12
2022-01-24,Riverside,065,2383286,555228,535962,25604,561566,5661
2022-01-24,Sacramento,067,1510023,255656,241522,21470,262992,2526
2022-01-24,San Benito,069,59416,11748,11331,429,11760,88
2022-01-24,San Bernardino,071,2135413,544354,515604,23285,538889,6285
2022-01-24,San Diego,073,3302833,689227,663580,46779,710359,4586
2022-01-24,San Francisco,075,870044,112020,105418,7313,112731,703
2022-01-24,San Joaquin,077,732212,152735,145984,9039,155023,1959
2022-01-24,San Luis Obispo,079,281455,47017,44616,3071,47687,387
2022-01-24,San Mateo,081,765935,110362,96968,5740,102708,586
2022-01-24,Santa Barbara,083,443738,77038,73866,3953,77819,591
2022-01-24,Santa Clara,085,1922200,279250,265341,10126,275467,2006
2022-01-24,Santa Cruz,087,273765,39485,37188,1859,39047,237
2022-01-24,Shasta,089,179085,27778,26871,5194,32065,452
2022-01-24,Sierra,091,2930,264,258,37,295,0
2022-01-24,Siskiyou,093,43540,4046,3934,2226,6160,64
2022-01-24,Solano,095,438530,72096,68094,4711,72805,400
2022-01-24,Sonoma,097,501317,74525,70733,2031,72764,423
2022-01-24,Stanislaus,099,539301,108014,104933,14934,119867,1395
2022-01-24,Sutter,101,95872,18842,18336,1381,19717,200
2022-01-24,Tehama,103,63373,10959,10567,2305,12872,145
2022-01-24,Trinity,105,12862,1072,978,253,1231,19
2022-01-24,Tulare,107,460477,95417,90089,23483,113572,1219
2022-01-24,Tuolumne,109,53932,11146,10374,360,10734,91
2022-01-24,Ventura,111,848112,161441,156551,8770,165321,1261
2022-01-24,Yolo,113,214977,33246,31480,2520,34000,273
2022-01-24,Yuba,115,75493,14378,13862,886,14748,103
2022-01-23,Alameda,001,1643700,226326,214003,11104,225107,1583
2022-01-23,Alpine,003,1148,119,120,1,121,0
2022-01-23,Amador,005,37829,7537,7090,394,7484,73
2022-01-23,Butte,007,227075,29703,28340,5898,34238,350
2022-01-23,Calaveras,009,45235,6516,6095,203,6298,95
2022-01-23,Colusa,011,21464,3154,3040,937,3977,21
2022-01-23,Contra Costa,013,1133247,171671,160798,10354,171152,1092
2022-01-23,Del Norte,015,27424,4596,4419,111,4530,43
2022-01-23,El Dorado,017,186661,24596,22925,2797,25722,179
2022-01-23,Fresno,019,978130,202819,193642,20084,213726,2430
2022-01-23,Glenn,021,27897,4497,4340,1414,5754,39
2022-01-23,Humboldt,023,135768,14814,14296,2164,16460,126
2022-01-23,Imperial,025,180216,49880,47935,8310,56245,824
2022-01-23,Inyo,027,18085,3877,3781,278,4059,50
2022-01-23,Kern,029,883053,176073,168585,39796,208381,1946
2022-01-23,Kings,031,150075,45102,42622,2877,45499,397
2022-01-23,Lake,033,64148,9001,8363,642,9005,118
2022-01-23,Lassen,035,31185,8030,7710,741,8451,55
2022-01-23,Los Angeles,037,10098052,2517634,2390590,113212,2503802,28231
2022-01-23,Madera,039,155013,32688,30962,4195,35157,329
2022-01-23,Marin,041,260295,30161,29025,1858,30883,253
2022-01-23,Mariposa,043,17540,2120,2011,111,2122,6
2022-01-23,Mendocino,045,87422,11578,10889,1932,12821,103
2022-01-23,Merced,047,269075,56611,54644,5787,60431,730
2022-01-23,Modoc,049,8938,655,645,223,868,6
2022-01-23,Mono,051,14174,2844,2788,110,2898,4
2022-01-23,Monterey,053,433212,69627,61522,9208,70730,654
2022-01-23,Napa,055,140530,22485,21281,693,21974,111
2022-01-23,Nevada,057,99092,14369,13629,901,14530,112
2022-01-23,Orange,059,3164182,512919,498968,37735,536703,5970
2022-01-23,Placer,061,380077,56894,54568,6503,61071,518
2022-01-23,Plumas,063,18699,2616,2368,208,2576,12
2022-01-23,Riverside,065,2383286,550782,532273,25302,557575,5661
2022-01-23,Sacramento,067,1510023,253008,239589,20528,260117,2530
2022-01-23,San Benito,069,59416,11626,11225,418,11643,88
2022-01-23,San Bernardino,071,2135413,540790,512657,23007,535664,6281
2022-01-23,San Diego,073,3302833,682622,640215,45970,686185,4566
2022-01-23,San Francisco,075,870044,110953,104485,7205,111690,704
2022-01-23,San Joaquin,077,732212,151111,144621,8957,153578,1959
2022-01-23,San Luis Obispo,079,281455,46321,44183,2997,47180,386
2022-01-23,San Mateo,081,765935,109242,95940,5596,101536,586
2022-01-23,Santa Barbara,083,443738,75914,73041,3830,76871,590
2022-01-23,Santa Clara,085,1922200,275897,261991,9807,271798,2005
2022-01-23,Santa Cruz,087,273765,38954,36547,1828,38375,237
2022-01-23,Shasta,089,179085,27498,26732,5074,31806,452
2022-01-23,Sierra,091,2930,263,252,37,289,0
2022-01-23,Siskiyou,093,43540,4021,3916,2169,6085,64
2022-01-23,Solano,095,438530,71295,67457,4617,72074,400
2022-01-23,Sonoma,097,501317,73571,69791,1975,71766,423
2022-01-23,Stanislaus,099,539301,107153,104067,14642,118709,1395
2022-01-23,Sutter,101,95872,18684,18175,1268,19443,200
2022-01-23,Tehama,103,63373,10862,10481,2274,12755,145
2022-01-23,Trinity,105,12862,1069,961,251,1212,19
2022-01-23,Tulare,107,460477,94168,89120,23071,112191,1219
2022-01-23,Tuolumne,109,53932,10954,10243,343,10586,91
2022-01-23,Ventura,111,848112,160260,155052,8693,163745,1261
2022-01-23,Yolo,113,214977,32869,30908,2480,33388,273
2022-01-23,Yuba,115,75493,14254,13762,833,14595,103
2022-01-22,Alameda,001,1643700,225264,203927,11076,215003,1575
2022-01-22,Alpine,003,1148,118,119,1,120,0
2022-01-22,Amador,005,37829,7503,6845,389,7234,73
2022-01-22,Butte,007,227075,29581,27232,5866,33098,350
2022-01-22,Calaveras,009,45235,6486,5835,202,6037,95
2022-01-22,Colusa,011,21464,3137,2954,934,3888,21
2022-01-22,Contra Costa,013,1133247,170699,154111,10324,164435,1091
2022-01-22,Del Norte,015,27424,4557,4269,107,4376,43
2022-01-22,El Dorado,017,186661,24530,22273,2785,25058,179
2022-01-22,Fresno,019,978130,201986,185292,20013,205305,2429
2022-01-22,Glenn,021,27897,4490,4174,1411,5585,39
2022-01-22,Humboldt,023,135768,14746,13628,2151,15779,125
2022-01-22,Imperial,025,180216,49689,45741,8251,53992,820
2022-01-22,Inyo,027,18085,3873,3706,254,3960,50
2022-01-22,Kern,029,883053,175448,162902,39495,202397,1946
2022-01-22,Kings,031,150075,44894,40580,2864,43444,396
2022-01-22,Lake,033,64148,8967,8056,634,8690,118
2022-01-22,Lassen,035,31185,7996,7545,734,8279,55
2022-01-22,Los Angeles,037,10098052,2510219,2286280,112709,2398989,28038
2022-01-22,Madera,039,155013,32569,29595,4180,33775,329
2022-01-22,Marin,041,260295,30034,27893,1853,29746,253
2022-01-22,Mariposa,043,17540,2116,1920,111,2031,6
2022-01-22,Mendocino,045,87422,11528,10395,1910,12305,103
2022-01-22,Merced,047,269075,56453,53025,5779,58804,727
2022-01-22,Modoc,049,8938,654,639,223,862,6
2022-01-22,Mono,051,14174,2843,2723,106,2829,4
2022-01-22,Monterey,053,433212,69421,59038,9166,68204,651
2022-01-22,Napa,055,140530,22390,20402,683,21085,111
2022-01-22,Nevada,057,99092,14301,12957,893,13850,112
2022-01-22,Orange,059,3164182,511311,480329,37487,517816,5946
2022-01-22,Placer,061,380077,56623,52557,6466,59023,512
2022-01-22,Plumas,063,18699,2599,2289,204,2493,12
2022-01-22,Riverside,065,2383286,548865,513567,25229,538796,5623
2022-01-22,Sacramento,067,1510023,251955,230206,20423,250629,2510
2022-01-22,San Benito,069,59416,11568,10743,413,11156,88
2022-01-22,San Bernardino,071,2135413,539255,495209,22913,518122,6267
2022-01-22,San Diego,073,3302833,680135,628904,45749,674653,4559
2022-01-22,San Francisco,075,870044,110297,100238,7056,107294,702
2022-01-22,San Joaquin,077,732212,150669,138264,8915,147179,1960
2022-01-22,San Luis Obispo,079,281455,46202,42154,2991,45145,385
2022-01-22,San Mateo,081,765935,108656,91440,5534,96974,585
2022-01-22,Santa Barbara,083,443738,75492,69555,3824,73379,589
2022-01-22,Santa Clara,085,1922200,274213,249205,9741,258946,1993
2022-01-22,Santa Cruz,087,273765,38772,33741,1822,35563,237
2022-01-22,Shasta,089,179085,27402,25919,5052,30971,450
2022-01-22,Sierra,091,2930,263,248,36,284,0
2022-01-22,Siskiyou,093,43540,4003,3845,2148,5993,62
2022-01-22,Solano,095,438530,71072,63882,4579,68461,391
2022-01-22,Sonoma,097,501317,73151,66013,1965,67978,422
2022-01-22,Stanislaus,099,539301,106695,100092,14544,114636,1393
2022-01-22,Sutter,101,95872,18616,17616,1255,18871,199
2022-01-22,Tehama,103,63373,10827,10171,2263,12434,142
2022-01-22,Trinity,105,12862,1067,925,251,1176,19
2022-01-22,Tulare,107,460477,93789,85223,22949,108172,1211
2022-01-22,Tuolumne,109,53932,10886,9731,337,10068,91
2022-01-22,Ventura,111,848112,159569,148742,8653,157395,1250
2022-01-22,Yolo,113,214977,32691,30061,2463,32524,273
2022-01-22,Yuba,115,75493,14165,13288,829,14117,103
2022-01-21,Alameda,001,1643700,223685,203927,11043,214970,1575
2022-01-21,Alpine,003,1148,118,119,1,120,0
2022-01-21,Amador,005,37829,7446,6845,386,7231,73
2022-01-21,Butte,007,227075,29455,27232,5823,33055,350
2022-01-21,Calaveras,009,45235,6440,5835,202,6037,95
2022-01-21,Colusa,011,21464,3130,2954,928,3882,21
2022-01-21,Contra Costa,013,1133247,169600,154111,10243,164354,1091
2022-01-21,Del Norte,015,27424,4517,4269,107,4376,43
2022-01-21,El Dorado,017,186661,24446,22273,2769,25042,179
2022-01-21,Fresno,019,978130,200731,185292,19912,205204,2429
2022-01-21,Glenn,021,27897,4468,4174,1407,5581,39
2022-01-21,Humboldt,023,135768,14676,13628,2132,15760,125
2022-01-21,Imperial,025,180216,49500,45741,8173,53914,820
2022-01-21,Inyo,027,18085,3860,3706,249,3955,50
2022-01-21,Kern,029,883053,174733,162902,39125,202027,1946
2022-01-21,Kings,031,150075,44697,40580,2856,43436,396
2022-01-21,Lake,033,64148,8910,8056,622,8678,118
2022-01-21,Lassen,035,31185,7947,7545,730,8275,55
2022-01-21,Los Angeles,037,10098052,2498920,2286280,112250,2398530,28038
2022-01-21,Madera,039,155013,32278,29595,4152,33747,329
2022-01-21,Marin,041,260295,29857,27893,1834,29727,253
2022-01-21,Mariposa,043,17540,2104,1920,110,2030,6
2022-01-21,Mendocino,045,87422,11447,10395,1907,12302,103
2022-01-21,Merced,047,269075,56292,53025,5775,58800,727
2022-01-21,Modoc,049,8938,653,639,223,862,6
2022-01-21,Mono,051,14174,2829,2723,103,2826,4
2022-01-21,Monterey,053,433212,68950,59038,9040,68078,651
2022-01-21,Napa,055,140530,22270,20402,675,21077,111
2022-01-21,Nevada,057,99092,14203,12957,889,13846,112
2022-01-21,Orange,059,3164182,509073,480329,37242,517571,5946
2022-01-21,Placer,061,380077,56231,52557,6404,58961,512
2022-01-21,Plumas,063,18699,2586,2289,199,2488,12
2022-01-21,Riverside,065,2383286,546210,513567,25150,538717,5623
2022-01-21,Sacramento,067,1510023,250511,230206,20324,250530,2510
2022-01-21,San Benito,069,59416,11533,10743,410,11153,88
2022-01-21,San Bernardino,071,2135413,537178,495209,22837,518046,6267
2022-01-21,San Diego,073,3302833,675967,628904,45572,674476,4559
2022-01-21,San Francisco,075,870044,109537,100238,6968,107206,702
2022-01-21,San Joaquin,077,732212,150066,138264,8859,147123,1960
2022-01-21,San Luis Obispo,079,281455,46076,42154,2988,45142,385
2022-01-21,San Mateo,081,765935,107984,91440,5496,96936,585
2022-01-21,Santa Barbara,083,443738,74990,69555,3815,73370,589
2022-01-21,Santa Clara,085,1922200,272378,249205,9633,258838,1993
2022-01-21,Santa Cruz,087,273765,38054,33741,1809,35550,237
2022-01-21,Shasta,089,179085,27313,25919,5005,30924,450
2022-01-21,Sierra,091,2930,261,248,35,283,0
2022-01-21,Siskiyou,093,43540,3994,3845,2130,5975,62
2022-01-21,Solano,095,438530,70659,63882,4496,68378,391
2022-01-21,Sonoma,097,501317,72626,66013,1955,67968,422
2022-01-21,Stanislaus,099,539301,106190,100092,14469,114561,1393
2022-01-21,Sutter,101,95872,18530,17616,1241,18857,199
2022-01-21,Tehama,103,63373,10790,10171,2261,12432,142
2022-01-21,Trinity,105,12862,1061,925,250,1175,19
2022-01-21,Tulare,107,460477,93311,85223,22795,108018,1211
2022-01-21,Tuolumne,109,53932,10803,9731,330,10061,91
2022-01-21,Ventura,111,848112,158760,148742,8622,157364,1250
2022-01-21,Yolo,113,214977,32528,30061,2442,32503,273
2022-01-21,Yuba,115,75493,14093,13288,822,14110,103
2022-01-20,Alameda,001,1643700,220614,203927,10806,214733,1575
2022-01-20,Alpine,003,1148,118,119,1,120,0
2022-01-20,Amador,005,37829,7382,6845,368,7213,73
2022-01-20,Butte,007,227075,29190,27232,5744,32976,350
2022-01-20,Calaveras,009,45235,6335,5835,193,6028,95
2022-01-20,Colusa,011,21464,3104,2954,916,3870,21
2022-01-20,Contra Costa,013,1133247,167553,154111,9970,164081,1091
2022-01-20,Del Norte,015,27424,4477,4269,104,4373,43
2022-01-20,El Dorado,017,186661,24244,22273,2724,24997,179
2022-01-20,Fresno,019,978130,198108,185292,19526,204818,2429
2022-01-20,Glenn,021,27897,4434,4174,1398,5572,39
2022-01-20,Humboldt,023,135768,14549,13628,2081,15709,125
2022-01-20,Imperial,025,180216,48982,45741,7996,53737,820
2022-01-20,Inyo,027,18085,3848,3706,238,3944,50
2022-01-20,Kern,029,883053,173209,162902,38586,201488,1946
2022-01-20,Kings,031,150075,44142,40580,2816,43396,396
2022-01-20,Lake,033,64148,8814,8056,594,8650,118
2022-01-20,Lassen,035,31185,7894,7545,715,8260,55
2022-01-20,Los Angeles,037,10098052,2474188,2286280,111276,2397556,28038
2022-01-20,Madera,039,155013,31891,29595,4027,33622,329
2022-01-20,Marin,041,260295,29565,27893,1797,29690,253
2022-01-20,Mariposa,043,17540,2077,1920,107,2027,6
2022-01-20,Mendocino,045,87422,11349,10395,1829,12224,103
2022-01-20,Merced,047,269075,55859,53025,5547,58572,727
2022-01-20,Modoc,049,8938,651,639,223,862,6
2022-01-20,Mono,051,14174,2821,2723,102,2825,4
2022-01-20,Monterey,053,433212,68187,59038,8623,67661,651
2022-01-20,Napa,055,140530,22005,20402,636,21038,111
2022-01-20,Nevada,057,99092,14058,12957,867,13824,112
2022-01-20,Orange,059,3164182,505137,480329,36870,517199,5946
2022-01-20,Placer,061,380077,55747,52557,6344,58901,512
2022-01-20,Plumas,063,18699,2558,2289,195,2484,12
2022-01-20,Riverside,065,2383286,541642,513567,24919,538486,5623
2022-01-20,Sacramento,067,1510023,248216,230206,19692,249898,2510
2022-01-20,San Benito,069,59416,11422,10743,397,11140,88
2022-01-20,San Bernardino,071,2135413,532957,495209,22557,517766,6267
2022-01-20,San Diego,073,3302833,668876,628904,44868,673772,4559
2022-01-20,San Francisco,075,870044,108390,100238,6829,107067,702
2022-01-20,San Joaquin,077,732212,148415,138264,8733,146997,1960
2022-01-20,San Luis Obispo,079,281455,45565,42154,2954,45108,385
2022-01-20,San Mateo,081,765935,106757,91440,5292,96732,585
2022-01-20,Santa Barbara,083,443738,74092,69555,3703,73258,589
2022-01-20,Santa Clara,085,1922200,269028,249205,9305,258510,1993
2022-01-20,Santa Cruz,087,273765,37170,33741,1786,35527,237
2022-01-20,Shasta,089,179085,27122,25919,4938,30857,450
2022-01-20,Sierra,091,2930,261,248,33,281,0
2022-01-20,Siskiyou,093,43540,3983,3845,2097,5942,62
2022-01-20,Solano,095,438530,69708,63882,4407,68289,391
2022-01-20,Sonoma,097,501317,71599,66013,1904,67917,422
2022-01-20,Stanislaus,099,539301,105231,100092,14263,114355,1393
2022-01-20,Sutter,101,95872,18366,17616,1213,18829,199
2022-01-20,Tehama,103,63373,10718,10171,2243,12414,142
2022-01-20,Trinity,105,12862,1047,925,249,1174,19
2022-01-20,Tulare,107,460477,92264,85223,22512,107735,1211
2022-01-20,Tuolumne,109,53932,10661,9731,320,10051,91
2022-01-20,Ventura,111,848112,157375,148742,8545,157287,1250
2022-01-20,Yolo,113,214977,32241,30061,2408,32469,273
2022-01-20,Yuba,115,75493,13987,13288,789,14077,103
2022-01-19,Alameda,001,1643700,217235,199739,10485,210224,1571
2022-01-19,Alpine,003,1148,117,119,1,120,0
2022-01-19,Amador,005,37829,7301,6789,326,7115,73
2022-01-19,Butte,007,227075,28885,26839,5658,32497,351
2022-01-19,Calaveras,009,45235,6245,5765,184,5949,95
2022-01-19,Colusa,011,21464,3070,2938,908,3846,21
2022-01-19,Contra Costa,013,1133247,165128,151543,9724,161267,1091
2022-01-19,Del Norte,015,27424,4438,4240,103,4343,43
2022-01-19,El Dorado,017,186661,23991,21953,2684,24637,177
2022-01-19,Fresno,019,978130,195160,181526,19194,200720,2430
2022-01-19,Glenn,021,27897,4382,4127,1388,5515,39
2022-01-19,Humboldt,023,135768,14392,13391,2029,15420,125
2022-01-19,Imperial,025,180216,48247,45156,7797,52953,820
2022-01-19,Inyo,027,18085,3825,3680,199,3879,49
2022-01-19,Kern,029,883053,171443,160747,37908,198655,1946
2022-01-19,Kings,031,150075,43444,40027,2748,42775,395
2022-01-19,Lake,033,64148,8687,7972,581,8553,118
2022-01-19,Lassen,035,31185,7837,7507,693,8200,55
2022-01-19,Los Angeles,037,10098052,2445800,2251718,109860,2361578,27934
2022-01-19,Madera,039,155013,31512,29021,3857,32878,329
2022-01-19,Marin,041,260295,29269,27375,1754,29129,251
2022-01-19,Mariposa,043,17540,2052,1896,100,1996,6
2022-01-19,Mendocino,045,87422,11178,10252,1736,11988,103
2022-01-19,Merced,047,269075,55314,52355,5191,57546,724
2022-01-19,Modoc,049,8938,649,635,222,857,6
2022-01-19,Mono,051,14174,2799,2677,100,2777,4
2022-01-19,Monterey,053,433212,67279,58426,8163,66589,651
2022-01-19,Napa,055,140530,21752,20090,609,20699,110
2022-01-19,Nevada,057,99092,13901,12703,840,13543,112
2022-01-19,Orange,059,3164182,500650,468460,36500,504960,5943
2022-01-19,Placer,061,380077,55183,51545,6276,57821,511
2022-01-19,Plumas,063,18699,2518,2239,189,2428,12
2022-01-19,Riverside,065,2383286,536125,503575,24684,528259,5604
2022-01-19,Sacramento,067,1510023,245322,226035,18975,245010,2512
2022-01-19,San Benito,069,59416,11280,10639,385,11024,88
2022-01-19,San Bernardino,071,2135413,528193,487846,22178,510024,6265
2022-01-19,San Diego,073,3302833,660103,614709,44130,658839,4553
2022-01-19,San Francisco,075,870044,107019,98652,6753,105405,694
2022-01-19,San Joaquin,077,732212,146514,135953,8609,144562,1959
2022-01-19,San Luis Obispo,079,281455,44966,41374,2888,44262,382
2022-01-19,San Mateo,081,765935,105344,89715,5028,94743,585
2022-01-19,Santa Barbara,083,443738,73095,68531,3604,72135,586
2022-01-19,Santa Clara,085,1922200,265225,244922,8947,253869,1991
2022-01-19,Santa Cruz,087,273765,35868,33026,1762,34788,237
2022-01-19,Shasta,089,179085,26855,25355,4866,30221,450
2022-01-19,Sierra,091,2930,261,245,32,277,0
2022-01-19,Siskiyou,093,43540,3959,3821,2044,5865,62
2022-01-19,Solano,095,438530,68863,63003,4277,67280,392
2022-01-19,Sonoma,097,501317,70500,64689,1858,66547,420
2022-01-19,Stanislaus,099,539301,104180,98952,13970,112922,1381
2022-01-19,Sutter,101,95872,18197,17436,1125,18561,199
2022-01-19,Tehama,103,63373,10603,10064,2199,12263,142
2022-01-19,Trinity,105,12862,1035,916,248,1164,19
2022-01-19,Tulare,107,460477,90982,83743,22046,105789,1200
2022-01-19,Tuolumne,109,53932,10502,9613,296,9909,91
2022-01-19,Ventura,111,848112,155860,144738,8470,153208,1234
2022-01-19,Yolo,113,214977,31876,29392,2372,31764,273
2022-01-19,Yuba,115,75493,13825,13114,776,13890,104
2022-01-18,Alameda,001,1643700,213879,195728,10168,205896,1566
2022-01-18,Alpine,003,1148,117,118,1,119,0
2022-01-18,Amador,005,37829,7163,6691,290,6981,73
2022-01-18,Butte,007,227075,28493,26514,5576,32090,347
2022-01-18,Calaveras,009,45235,6156,5684,169,5853,94
2022-01-18,Colusa,011,21464,3026,2903,903,3806,21
2022-01-18,Contra Costa,013,1133247,162986,149446,9346,158792,1085
2022-01-18,Del Norte,015,27424,4368,4229,98,4327,43
2022-01-18,El Dorado,017,186661,23622,21707,2640,24347,175
2022-01-18,Fresno,019,978130,191625,178922,18739,197661,2425
2022-01-18,Glenn,021,27897,4348,4070,1376,5446,39
2022-01-18,Humboldt,023,135768,14228,13218,1957,15175,125
2022-01-18,Imperial,025,180216,47551,44742,7613,52355,819
2022-01-18,Inyo,027,18085,3784,3654,189,3843,49
2022-01-18,Kern,029,883053,169419,158864,37155,196019,1943
2022-01-18,Kings,031,150075,42570,39440,2670,42110,392
2022-01-18,Lake,033,64148,8574,7919,562,8481,117
2022-01-18,Lassen,035,31185,7754,7461,654,8115,55
2022-01-18,Los Angeles,037,10098052,2412368,2227360,108379,2335739,27871
2022-01-18,Madera,039,155013,30990,28717,3668,32385,329
2022-01-18,Marin,041,260295,28965,27036,1712,28748,251
2022-01-18,Mariposa,043,17540,2027,1872,96,1968,6
2022-01-18,Mendocino,045,87422,11009,10114,1651,11765,103
2022-01-18,Merced,047,269075,54702,51746,4903,56649,718
2022-01-18,Modoc,049,8938,647,633,217,850,6
2022-01-18,Mono,051,14174,2778,2643,99,2742,4
2022-01-18,Monterey,053,433212,66504,57846,7680,65526,650
2022-01-18,Napa,055,140530,21420,19911,594,20505,109
2022-01-18,Nevada,057,99092,13717,12584,798,13382,111
2022-01-18,Orange,059,3164182,495319,461324,35995,497319,5938
2022-01-18,Placer,061,380077,54538,50983,6203,57186,508
2022-01-18,Plumas,063,18699,2480,2218,183,2401,12
2022-01-18,Riverside,065,2383286,530148,497278,24377,521655,5599
2022-01-18,Sacramento,067,1510023,242237,223745,17993,241738,2496
2022-01-18,San Benito,069,59416,11139,10520,371,10891,88
2022-01-18,San Bernardino,071,2135413,522744,483753,21749,505502,6258
2022-01-18,San Diego,073,3302833,649906,605137,43084,648221,4547
2022-01-18,San Francisco,075,870044,105553,96505,6637,103142,694
2022-01-18,San Joaquin,077,732212,144549,134365,8393,142758,1957
2022-01-18,San Luis Obispo,079,281455,44284,40848,2802,43650,381
2022-01-18,San Mateo,081,765935,103831,88225,4831,93056,585
2022-01-18,Santa Barbara,083,443738,71877,67216,3431,70647,581
2022-01-18,Santa Clara,085,1922200,261035,240281,8552,248833,1986
2022-01-18,Santa Cruz,087,273765,35218,32203,1727,33930,237
2022-01-18,Shasta,089,179085,26573,25162,4772,29934,448
2022-01-18,Sierra,091,2930,257,244,32,276,0
2022-01-18,Siskiyou,093,43540,3926,3799,1991,5790,62
2022-01-18,Solano,095,438530,68012,62204,4166,66370,391
2022-01-18,Sonoma,097,501317,69113,63714,1803,65517,419
2022-01-18,Stanislaus,099,539301,102960,98000,13593,111593,1379
2022-01-18,Sutter,101,95872,18006,17295,1054,18349,198
2022-01-18,Tehama,103,63373,10507,9975,2147,12122,142
2022-01-18,Trinity,105,12862,1022,907,247,1154,19
2022-01-18,Tulare,107,460477,89518,82667,21642,104309,1196
2022-01-18,Tuolumne,109,53932,10335,9528,285,9813,91
2022-01-18,Ventura,111,848112,154148,143384,8384,151768,1233
2022-01-18,Yolo,113,214977,31479,28786,2322,31108,270
2022-01-18,Yuba,115,75493,13664,12971,751,13722,101
2022-01-17,Alameda,001,1643700,209188,193276,9586,202862,1565
2022-01-17,Alpine,003,1148,116,118,0,118,0
2022-01-17,Amador,005,37829,7048,6640,232,6872,73
2022-01-17,Butte,007,227075,28098,26303,5465,31768,348
2022-01-17,Calaveras,009,45235,6025,5584,141,5725,94
2022-01-17,Colusa,011,21464,3002,2905,896,3801,21
2022-01-17,Contra Costa,013,1133247,160058,147993,8846,156839,1086
2022-01-17,Del Norte,015,27424,4316,4209,91,4300,43
2022-01-17,El Dorado,017,186661,23376,21540,2558,24098,175
2022-01-17,Fresno,019,978130,187898,176959,18213,195172,2426
2022-01-17,Glenn,021,27897,4295,4055,1363,5418,39
2022-01-17,Humboldt,023,135768,14021,13120,1791,14911,125
2022-01-17,Imperial,025,180216,46866,44412,7449,51861,821
2022-01-17,Inyo,027,18085,3762,3650,163,3813,49
2022-01-17,Kern,029,883053,166877,157645,36279,193924,1944
2022-01-17,Kings,031,150075,41436,39143,2548,41691,392
2022-01-17,Lake,033,64148,8425,7864,522,8386,117
2022-01-17,Lassen,035,31185,7661,7417,617,8034,55
2022-01-17,Los Angeles,037,10098052,2373157,2205740,106409,2312149,27832
2022-01-17,Madera,039,155013,30338,28568,3488,32056,329
2022-01-17,Marin,041,260295,28558,26633,1656,28289,251
2022-01-17,Mariposa,043,17540,2001,1862,89,1951,6
2022-01-17,Mendocino,045,87422,10786,10030,1511,11541,103
2022-01-17,Merced,047,269075,54023,51227,4340,55567,718
2022-01-17,Modoc,049,8938,643,630,217,847,6
2022-01-17,Mono,051,14174,2755,2642,98,2740,4
2022-01-17,Monterey,053,433212,65384,57318,7248,64566,647
2022-01-17,Napa,055,140530,21075,19647,572,20219,109
2022-01-17,Nevada,057,99092,13531,12414,761,13175,111
2022-01-17,Orange,059,3164182,489366,457418,35519,492937,5933
2022-01-17,Placer,061,380077,53806,50511,6059,56570,508
2022-01-17,Plumas,063,18699,2434,2205,151,2356,12
2022-01-17,Riverside,065,2383286,523331,491322,23924,515246,5600
2022-01-17,Sacramento,067,1510023,238158,221143,16649,237792,2497
2022-01-17,San Benito,069,59416,10972,10432,343,10775,88
2022-01-17,San Bernardino,071,2135413,516256,480243,21207,501450,6259
2022-01-17,San Diego,073,3302833,637696,569241,41873,611114,4545
2022-01-17,San Francisco,075,870044,103924,95292,6444,101736,694
2022-01-17,San Joaquin,077,732212,141696,133414,8203,141617,1958
2022-01-17,San Luis Obispo,079,281455,43455,40425,2701,43126,379
2022-01-17,San Mateo,081,765935,101861,87013,4577,91590,585
2022-01-17,Santa Barbara,083,443738,70555,66704,3231,69935,581
2022-01-17,Santa Clara,085,1922200,256441,237934,8118,246052,1985
2022-01-17,Santa Cruz,087,273765,34447,31714,1690,33404,237
2022-01-17,Shasta,089,179085,26294,25025,4651,29676,448
2022-01-17,Sierra,091,2930,256,242,32,274,0
2022-01-17,Siskiyou,093,43540,3887,3764,1911,5675,62
2022-01-17,Solano,095,438530,66971,61497,3907,65404,391
2022-01-17,Sonoma,097,501317,67609,62763,1737,64500,419
2022-01-17,Stanislaus,099,539301,101645,96951,13102,110053,1379
2022-01-17,Sutter,101,95872,17796,17159,918,18077,198
2022-01-17,Tehama,103,63373,10383,9912,2089,12001,142
2022-01-17,Trinity,105,12862,1009,906,243,1149,19
2022-01-17,Tulare,107,460477,87774,81741,21095,102836,1199
2022-01-17,Tuolumne,109,53932,10196,9416,253,9669,91
2022-01-17,Ventura,111,848112,152032,142070,8266,150336,1234
2022-01-17,Yolo,113,214977,30949,28638,2257,30895,270
2022-01-17,Yuba,115,75493,13467,12871,695,13566,101
2022-01-16,Alameda,001,1643700,206135,190691,9335,200026,1564
2022-01-16,Alpine,003,1148,116,118,0,118,0
2022-01-16,Amador,005,37829,6975,6618,224,6842,73
2022-01-16,Butte,007,227075,27750,26139,5412,31551,348
2022-01-16,Calaveras,009,45235,5924,5537,137,5674,94
2022-01-16,Colusa,011,21464,2985,2886,884,3770,21
2022-01-16,Contra Costa,013,1133247,158045,146307,8632,154939,1086
2022-01-16,Del Norte,015,27424,4274,4177,89,4266,43
2022-01-16,El Dorado,017,186661,23102,21303,2519,23822,175
2022-01-16,Fresno,019,978130,185179,174818,17814,192632,2425
2022-01-16,Glenn,021,27897,4238,4049,1341,5390,39
2022-01-16,Humboldt,023,135768,13874,13075,1772,14847,125
2022-01-16,Imperial,025,180216,46295,44035,7284,51319,821
2022-01-16,Inyo,027,18085,3725,3602,141,3743,49
2022-01-16,Kern,029,883053,165606,156655,35493,192148,1944
2022-01-16,Kings,031,150075,41062,38861,2527,41388,392
2022-01-16,Lake,033,64148,8321,7823,488,8311,117
2022-01-16,Lassen,035,31185,7616,7391,604,7995,55
2022-01-16,Los Angeles,037,10098052,2349969,2174403,104894,2279297,27805
2022-01-16,Madera,039,155013,29969,28313,3438,31751,329
2022-01-16,Marin,041,260295,28264,26292,1641,27933,251
2022-01-16,Mariposa,043,17540,1974,1851,84,1935,6
2022-01-16,Mendocino,045,87422,10639,9992,1395,11387,102
2022-01-16,Merced,047,269075,53432,50882,4314,55196,718
2022-01-16,Modoc,049,8938,640,629,217,846,6
2022-01-16,Mono,051,14174,2751,2614,96,2710,4
2022-01-16,Monterey,053,433212,64620,57012,7104,64116,647
2022-01-16,Napa,055,140530,20809,19521,561,20082,109
2022-01-16,Nevada,057,99092,13318,12307,743,13050,111
2022-01-16,Orange,059,3164182,483982,451962,34971,486933,5932
2022-01-16,Placer,061,380077,53100,50076,5948,56024,508
2022-01-16,Plumas,063,18699,2399,2204,142,2346,12
2022-01-16,Riverside,065,2383286,517820,485191,23704,508895,5600
2022-01-16,Sacramento,067,1510023,235197,218819,15932,234751,2491
2022-01-16,San Benito,069,59416,10813,10377,341,10718,88
2022-01-16,San Bernardino,071,2135413,512227,474425,20952,495377,6259
2022-01-16,San Diego,073,3302833,630106,569241,41433,610674,4545
2022-01-16,San Francisco,075,870044,102403,94139,6306,100445,694
2022-01-16,San Joaquin,077,732212,139896,132214,8060,140274,1958
2022-01-16,San Luis Obispo,079,281455,42798,40113,2662,42775,379
2022-01-16,San Mateo,081,765935,100334,85966,4484,90450,585
2022-01-16,Santa Barbara,083,443738,69527,66111,3190,69301,582
2022-01-16,Santa Clara,085,1922200,252640,234293,7960,242253,1984
2022-01-16,Santa Cruz,087,273765,33818,31469,1668,33137,237
2022-01-16,Shasta,089,179085,26039,24980,4583,29563,449
2022-01-16,Sierra,091,2930,252,238,31,269,0
2022-01-16,Siskiyou,093,43540,3859,3748,1872,5620,62
2022-01-16,Solano,095,438530,66295,60885,3776,64661,391
2022-01-16,Sonoma,097,501317,66531,61842,1720,63562,419
2022-01-16,Stanislaus,099,539301,100581,96370,12936,109306,1379
2022-01-16,Sutter,101,95872,17596,16996,896,17892,198
2022-01-16,Tehama,103,63373,10298,9868,2068,11936,142
2022-01-16,Trinity,105,12862,1004,889,241,1130,19
2022-01-16,Tulare,107,460477,86466,80867,20842,101709,1199
2022-01-16,Tuolumne,109,53932,10091,9369,245,9614,91
2022-01-16,Ventura,111,848112,150456,140715,8187,148902,1234
2022-01-16,Yolo,113,214977,30557,28481,2204,30685,270
2022-01-16,Yuba,115,75493,13290,12760,689,13449,101
2022-01-15,Alameda,001,1643700,204788,177768,9281,187049,1561
2022-01-15,Alpine,003,1148,116,117,0,117,0
2022-01-15,Amador,005,37829,6943,6434,210,6644,72
2022-01-15,Butte,007,227075,27594,25032,5362,30394,348
2022-01-15,Calaveras,009,45235,5892,5258,137,5395,93
2022-01-15,Colusa,011,21464,2971,2796,877,3673,21
2022-01-15,Contra Costa,013,1133247,156780,137643,8584,146227,1082
2022-01-15,Del Norte,015,27424,4259,4065,87,4152,43
2022-01-15,El Dorado,017,186661,22997,20434,2503,22937,175
2022-01-15,Fresno,019,978130,184247,167361,17716,185077,2415
2022-01-15,Glenn,021,27897,4231,3906,1332,5238,39
2022-01-15,Humboldt,023,135768,13771,12419,1756,14175,123
2022-01-15,Imperial,025,180216,46157,42508,7175,49683,817
2022-01-15,Inyo,027,18085,3715,3395,141,3536,49
2022-01-15,Kern,029,883053,164763,150085,35103,185188,1938
2022-01-15,Kings,031,150075,40813,37221,2515,39736,391
2022-01-15,Lake,033,64148,8282,7641,475,8116,117
2022-01-15,Lassen,035,31185,7576,7274,598,7872,55
2022-01-15,Los Angeles,037,10098052,2338433,2047927,103945,2151872,27641
2022-01-15,Madera,039,155013,29823,27294,3414,30708,329
2022-01-15,Marin,041,260295,28077,25248,1634,26882,251
2022-01-15,Mariposa,043,17540,1967,1762,84,1846,6
2022-01-15,Mendocino,045,87422,10566,9534,1389,10923,102
2022-01-15,Merced,047,269075,53265,48904,4302,53206,715
2022-01-15,Modoc,049,8938,638,628,217,845,6
2022-01-15,Mono,051,14174,2746,2508,95,2603,4
2022-01-15,Monterey,053,433212,64106,55315,7040,62355,647
2022-01-15,Napa,055,140530,20688,17648,557,18205,109
2022-01-15,Nevada,057,99092,13258,11773,730,12503,111
2022-01-15,Orange,059,3164182,481383,433141,34698,467839,5914
2022-01-15,Placer,061,380077,52809,47780,5912,53692,501
2022-01-15,Plumas,063,18699,2378,2158,136,2294,12
2022-01-15,Riverside,065,2383286,515139,466381,23569,489950,5578
2022-01-15,Sacramento,067,1510023,234036,208156,15832,223988,2491
2022-01-15,San Benito,069,59416,10713,9868,336,10204,87
2022-01-15,San Bernardino,071,2135413,509850,454395,20804,475199,6233
2022-01-15,San Diego,073,3302833,626319,559385,41177,600562,4540
2022-01-15,San Francisco,075,870044,101408,88004,6171,94175,692
2022-01-15,San Joaquin,077,732212,139323,125136,7963,133099,1954
2022-01-15,San Luis Obispo,079,281455,42609,38231,2649,40880,374
2022-01-15,San Mateo,081,765935,99376,80494,4443,84937,582
2022-01-15,Santa Barbara,083,443738,68931,62312,3179,65491,579
2022-01-15,Santa Clara,085,1922200,250393,218986,7841,226827,1974
2022-01-15,Santa Cruz,087,273765,33464,29414,1660,31074,235
2022-01-15,Shasta,089,179085,25947,24482,4551,29033,445
2022-01-15,Sierra,091,2930,251,232,30,262,0
2022-01-15,Siskiyou,093,43540,3847,3661,1862,5523,62
2022-01-15,Solano,095,438530,66015,58061,3727,61788,389
2022-01-15,Sonoma,097,501317,65945,58181,1714,59895,418
2022-01-15,Stanislaus,099,539301,100000,92986,12833,105819,1379
2022-01-15,Sutter,101,95872,17507,16345,886,17231,197
2022-01-15,Tehama,103,63373,10250,9572,2049,11621,141
2022-01-15,Trinity,105,12862,1001,872,241,1113,19
2022-01-15,Tulare,107,460477,86020,77769,20732,98501,1192
2022-01-15,Tuolumne,109,53932,9990,9042,240,9282,91
2022-01-15,Ventura,111,848112,149681,134736,8149,142885,1227
2022-01-15,Yolo,113,214977,30378,27311,2184,29495,270
2022-01-15,Yuba,115,75493,13226,12200,685,12885,101
2022-01-14,Alameda,001,1643700,202751,177768,9234,187002,1561
2022-01-14,Alpine,003,1148,116,117,0,117,0
2022-01-14,Amador,005,37829,6867,6434,201,6635,72
2022-01-14,Butte,007,227075,27413,25032,5329,30361,348
2022-01-14,Calaveras,009,45235,5855,5258,136,5394,93
2022-01-14,Colusa,011,21464,2962,2796,867,3663,21
2022-01-14,Contra Costa,013,1133247,155258,137643,8478,146121,1082
2022-01-14,Del Norte,015,27424,4234,4065,86,4151,43
2022-01-14,El Dorado,017,186661,22845,20434,2485,22919,175
2022-01-14,Fresno,019,978130,182593,167361,17619,184980,2415
2022-01-14,Glenn,021,27897,4208,3906,1324,5230,39
2022-01-14,Humboldt,023,135768,13665,12419,1724,14143,123
2022-01-14,Imperial,025,180216,45986,42508,7155,49663,817
2022-01-14,Inyo,027,18085,3690,3395,137,3532,49
2022-01-14,Kern,029,883053,163762,150085,34669,184754,1938
2022-01-14,Kings,031,150075,40561,37221,2507,39728,391
2022-01-14,Lake,033,64148,8225,7641,463,8104,117
2022-01-14,Lassen,035,31185,7542,7274,586,7860,55
2022-01-14,Los Angeles,037,10098052,2319118,2047927,102907,2150834,27641
2022-01-14,Madera,039,155013,29588,27294,3386,30680,329
2022-01-14,Marin,041,260295,27818,25248,1599,26847,251
2022-01-14,Mariposa,043,17540,1952,1762,84,1846,6
2022-01-14,Mendocino,045,87422,10454,9534,1376,10910,102
2022-01-14,Merced,047,269075,53082,48904,4287,53191,715
2022-01-14,Modoc,049,8938,637,628,217,845,6
2022-01-14,Mono,051,14174,2725,2508,93,2601,4
2022-01-14,Monterey,053,433212,63409,55315,6947,62262,647
2022-01-14,Napa,055,140530,20518,17648,552,18200,109
2022-01-14,Nevada,057,99092,13136,11773,717,12490,111
2022-01-14,Orange,059,3164182,477652,433141,34381,467522,5914
2022-01-14,Placer,061,380077,52373,47780,5826,53606,501
2022-01-14,Plumas,063,18699,2370,2158,129,2287,12
2022-01-14,Riverside,065,2383286,511621,466381,23425,489806,5578
2022-01-14,Sacramento,067,1510023,232085,208156,15680,223836,2491
2022-01-14,San Benito,069,59416,10661,9868,335,10203,87
2022-01-14,San Bernardino,071,2135413,506616,454395,20617,475012,6233
2022-01-14,San Diego,073,3302833,620670,559385,40869,600254,4540
2022-01-14,San Francisco,075,870044,100235,88004,5996,94000,692
2022-01-14,San Joaquin,077,732212,138467,125136,7883,133019,1954
2022-01-14,San Luis Obispo,079,281455,42442,38231,2628,40859,374
2022-01-14,San Mateo,081,765935,98146,80494,4414,84908,582
2022-01-14,Santa Barbara,083,443738,68412,62312,3169,65481,579
2022-01-14,Santa Clara,085,1922200,247719,218986,7736,226722,1974
2022-01-14,Santa Cruz,087,273765,33087,29414,1651,31065,235
2022-01-14,Shasta,089,179085,25826,24482,4518,29000,445
2022-01-14,Sierra,091,2930,249,232,28,260,0
2022-01-14,Siskiyou,093,43540,3836,3661,1849,5510,62
2022-01-14,Solano,095,438530,65170,58061,3639,61700,389
2022-01-14,Sonoma,097,501317,65404,58181,1688,59869,418
2022-01-14,Stanislaus,099,539301,99394,92986,12725,105711,1379
2022-01-14,Sutter,101,95872,17381,16345,878,17223,197
2022-01-14,Tehama,103,63373,10197,9572,2037,11609,141
2022-01-14,Trinity,105,12862,996,872,239,1111,19
2022-01-14,Tulare,107,460477,85498,77769,20572,98341,1192
2022-01-14,Tuolumne,109,53932,9867,9042,236,9278,91
2022-01-14,Ventura,111,848112,148578,134736,8090,142826,1227
2022-01-14,Yolo,113,214977,30137,27311,2156,29467,270
2022-01-14,Yuba,115,75493,13123,12200,680,12880,101
2022-01-13,Alameda,001,1643700,198469,177768,8890,186658,1561
2022-01-13,Alpine,003,1148,115,117,0,117,0
2022-01-13,Amador,005,37829,6807,6434,180,6614,72
2022-01-13,Butte,007,227075,27106,25032,5215,30247,348
2022-01-13,Calaveras,009,45235,5765,5258,133,5391,93
2022-01-13,Colusa,011,21464,2934,2796,857,3653,21
2022-01-13,Contra Costa,013,1133247,152602,137643,8011,145654,1082
2022-01-13,Del Norte,015,27424,4198,4065,85,4150,43
2022-01-13,El Dorado,017,186661,22599,20434,2439,22873,175
2022-01-13,Fresno,019,978130,179769,167361,17227,184588,2415
2022-01-13,Glenn,021,27897,4161,3906,1298,5204,39
2022-01-13,Humboldt,023,135768,13513,12419,1662,14081,123
2022-01-13,Imperial,025,180216,45445,42508,6940,49448,817
2022-01-13,Inyo,027,18085,3634,3395,120,3515,49
2022-01-13,Kern,029,883053,162179,150085,34080,184165,1938
2022-01-13,Kings,031,150075,40080,37221,2463,39684,391
2022-01-13,Lake,033,64148,8125,7641,442,8083,117
2022-01-13,Lassen,035,31185,7508,7274,570,7844,55
2022-01-13,Los Angeles,037,10098052,2282635,2047927,101118,2149045,27641
2022-01-13,Madera,039,155013,29122,27294,3293,30587,329
2022-01-13,Marin,041,260295,27474,25248,1556,26804,251
2022-01-13,Mariposa,043,17540,1929,1762,81,1843,6
2022-01-13,Mendocino,045,87422,10363,9534,1308,10842,102
2022-01-13,Merced,047,269075,52423,48904,4025,52929,715
2022-01-13,Modoc,049,8938,634,628,217,845,6
2022-01-13,Mono,051,14174,2702,2508,90,2598,4
2022-01-13,Monterey,053,433212,62472,55315,6661,61976,647
2022-01-13,Napa,055,140530,20220,17648,542,18190,109
2022-01-13,Nevada,057,99092,12944,11773,687,12460,111
2022-01-13,Orange,059,3164182,471213,433141,33921,467062,5914
2022-01-13,Placer,061,380077,51744,47780,5711,53491,501
2022-01-13,Plumas,063,18699,2350,2158,119,2277,12
2022-01-13,Riverside,065,2383286,505319,466381,23098,489479,5578
2022-01-13,Sacramento,067,1510023,228985,208156,14894,223050,2491
2022-01-13,San Benito,069,59416,10556,9868,327,10195,87
2022-01-13,San Bernardino,071,2135413,500707,454395,20151,474546,6233
2022-01-13,San Diego,073,3302833,612157,559385,39994,599379,4540
2022-01-13,San Francisco,075,870044,98497,88004,5801,93805,692
2022-01-13,San Joaquin,077,732212,136382,125136,7730,132866,1954
2022-01-13,San Luis Obispo,079,281455,41839,38231,2523,40754,374
2022-01-13,San Mateo,081,765935,96364,80494,4178,84672,582
2022-01-13,Santa Barbara,083,443738,67415,62312,2993,65305,579
2022-01-13,Santa Clara,085,1922200,243289,218986,7408,226394,1974
2022-01-13,Santa Cruz,087,273765,32272,29414,1629,31043,235
2022-01-13,Shasta,089,179085,25616,24482,4446,28928,445
2022-01-13,Sierra,091,2930,248,232,28,260,0
2022-01-13,Siskiyou,093,43540,3814,3661,1809,5470,62
2022-01-13,Solano,095,438530,64038,58061,3528,61589,389
2022-01-13,Sonoma,097,501317,64339,58181,1632,59813,418
2022-01-13,Stanislaus,099,539301,98275,92986,12431,105417,1379
2022-01-13,Sutter,101,95872,17186,16345,814,17159,197
2022-01-13,Tehama,103,63373,10099,9572,1989,11561,141
2022-01-13,Trinity,105,12862,988,872,239,1111,19
2022-01-13,Tulare,107,460477,84220,77769,20283,98052,1192
2022-01-13,Tuolumne,109,53932,9725,9042,218,9260,91
2022-01-13,Ventura,111,848112,146796,134736,7996,142732,1227
2022-01-13,Yolo,113,214977,29721,27311,2112,29423,270
2022-01-13,Yuba,115,75493,12988,12200,651,12851,101
2022-01-12,Alameda,001,1643700,193881,173001,8433,181434,1563
2022-01-12,Alpine,003,1148,115,117,0,117,0
2022-01-12,Amador,005,37829,6759,6354,166,6520,71
2022-01-12,Butte,007,227075,26774,24631,5124,29755,348
2022-01-12,Calaveras,009,45235,5688,5151,127,5278,93
2022-01-12,Colusa,011,21464,2896,2772,844,3616,21
2022-01-12,Contra Costa,013,1133247,149908,134579,7632,142211,1077
2022-01-12,Del Norte,015,27424,4172,4019,83,4102,43
2022-01-12,El Dorado,017,186661,22281,20092,2399,22491,175
2022-01-12,Fresno,019,978130,177021,165316,16802,182118,2413
2022-01-12,Glenn,021,27897,4109,3859,1276,5135,39
2022-01-12,Humboldt,023,135768,13341,12081,1580,13661,122
2022-01-12,Imperial,025,180216,44790,41985,6638,48623,814
2022-01-12,Inyo,027,18085,3588,3334,104,3438,49
2022-01-12,Kern,029,883053,160040,148435,33358,181793,1933
2022-01-12,Kings,031,150075,39450,36780,2421,39201,391
2022-01-12,Lake,033,64148,8009,7535,398,7933,117
2022-01-12,Lassen,035,31185,7466,7223,543,7766,55
2022-01-12,Los Angeles,037,10098052,2242895,2005065,98883,2103948,27601
2022-01-12,Madera,039,155013,28807,26952,3194,30146,329
2022-01-12,Marin,041,260295,26985,24704,1505,26209,251
2022-01-12,Mariposa,043,17540,1900,1725,79,1804,6
2022-01-12,Mendocino,045,87422,10199,9379,1210,10589,103
2022-01-12,Merced,047,269075,51721,48441,3750,52191,710
2022-01-12,Modoc,049,8938,632,627,217,844,6
2022-01-12,Mono,051,14174,2666,2466,86,2552,4
2022-01-12,Monterey,053,433212,61485,54524,6297,60821,647
2022-01-12,Napa,055,140530,19962,17347,519,17866,109
2022-01-12,Nevada,057,99092,12730,11552,641,12193,111
2022-01-12,Orange,059,3164182,464445,425737,33328,459065,5912
2022-01-12,Placer,061,380077,51083,47004,5596,52600,501
2022-01-12,Plumas,063,18699,2311,2135,108,2243,12
2022-01-12,Riverside,065,2383286,498087,458881,22758,481639,5565
2022-01-12,Sacramento,067,1510023,225401,204696,14017,218713,2479
2022-01-12,San Benito,069,59416,10420,9737,315,10052,87
2022-01-12,San Bernardino,071,2135413,494178,447869,19528,467397,6222
2022-01-12,San Diego,073,3302833,601658,551669,39131,590800,4529
2022-01-12,San Francisco,075,870044,96658,85700,5688,91388,691
2022-01-12,San Joaquin,077,732212,134072,122850,7601,130451,1948
2022-01-12,San Luis Obispo,079,281455,41113,37727,2440,40167,373
2022-01-12,San Mateo,081,765935,94327,78476,3804,82280,582
2022-01-12,Santa Barbara,083,443738,66272,60815,2891,63706,578
2022-01-12,Santa Clara,085,1922200,238538,213177,7030,220207,1971
2022-01-12,Santa Cruz,087,273765,31617,28463,1581,30044,235
2022-01-12,Shasta,089,179085,25404,24324,4381,28705,446
2022-01-12,Sierra,091,2930,247,228,28,256,0
2022-01-12,Siskiyou,093,43540,3786,3639,1762,5401,62
2022-01-12,Solano,095,438530,62987,57052,3407,60459,386
2022-01-12,Sonoma,097,501317,63054,56394,1549,57943,417
2022-01-12,Stanislaus,099,539301,97035,91738,12087,103825,1373
2022-01-12,Sutter,101,95872,16992,16135,781,16916,197
2022-01-12,Tehama,103,63373,10010,9475,1928,11403,141
2022-01-12,Trinity,105,12862,984,868,238,1106,19
2022-01-12,Tulare,107,460477,83108,76943,19905,96848,1192
2022-01-12,Tuolumne,109,53932,9596,8870,201,9071,91
2022-01-12,Ventura,111,848112,144891,132180,7910,140090,1220
2022-01-12,Yolo,113,214977,29309,26888,2040,28928,270
2022-01-12,Yuba,115,75493,12827,12015,624,12639,101
2022-01-11,Alameda,001,1643700,189408,169181,8039,177220,1561
2022-01-11,Alpine,003,1148,115,116,0,116,0
2022-01-11,Amador,005,37829,6675,6317,151,6468,71
2022-01-11,Butte,007,227075,26378,24479,5030,29509,347
2022-01-11,Calaveras,009,45235,5559,5083,113,5196,93
2022-01-11,Colusa,011,21464,2871,2766,831,3597,21
2022-01-11,Contra Costa,013,1133247,146763,132410,7138,139548,1077
2022-01-11,Del Norte,015,27424,4139,4006,81,4087,43
2022-01-11,El Dorado,017,186661,21950,19842,2328,22170,174
2022-01-11,Fresno,019,978130,173963,163509,16409,179918,2404
2022-01-11,Glenn,021,27897,4047,3844,1232,5076,39
2022-01-11,Humboldt,023,135768,13123,11960,1487,13447,122
2022-01-11,Imperial,025,180216,44184,41444,6438,47882,813
2022-01-11,Inyo,027,18085,3490,3278,97,3375,49
2022-01-11,Kern,029,883053,157758,146942,32536,179478,1929
2022-01-11,Kings,031,150075,38862,36524,2390,38914,389
2022-01-11,Lake,033,64148,7931,7494,382,7876,117
2022-01-11,Lassen,035,31185,7416,7210,529,7739,55
2022-01-11,Los Angeles,037,10098052,2200424,1966319,96630,2062949,27563
2022-01-11,Madera,039,155013,28392,26688,3115,29803,329
2022-01-11,Marin,041,260295,26628,24387,1460,25847,251
2022-01-11,Mariposa,043,17540,1878,1718,75,1793,6
2022-01-11,Mendocino,045,87422,10038,9301,1112,10413,102
2022-01-11,Merced,047,269075,50937,48068,3567,51635,708
2022-01-11,Modoc,049,8938,631,626,216,842,6
2022-01-11,Mono,051,14174,2623,2425,85,2510,4
2022-01-11,Monterey,053,433212,60442,53911,5947,59858,646
2022-01-11,Napa,055,140530,19525,17020,472,17492,109
2022-01-11,Nevada,057,99092,12504,11467,606,12073,110
2022-01-11,Orange,059,3164182,456776,417703,32693,450396,5909
2022-01-11,Placer,061,380077,50327,46459,5452,51911,500
2022-01-11,Plumas,063,18699,2276,2099,100,2199,12
2022-01-11,Riverside,065,2383286,490356,453766,22444,476210,5551
2022-01-11,Sacramento,067,1510023,221220,201058,12991,214049,2489
2022-01-11,San Benito,069,59416,10241,9624,299,9923,83
2022-01-11,San Bernardino,071,2135413,486204,442960,18918,461878,6198
2022-01-11,San Diego,073,3302833,589657,536954,38021,574975,4520
2022-01-11,San Francisco,075,870044,94460,83678,5531,89209,691
2022-01-11,San Joaquin,077,732212,131673,121139,7430,128569,1944
2022-01-11,San Luis Obispo,079,281455,40338,37183,2321,39504,372
2022-01-11,San Mateo,081,765935,92035,76756,3582,80338,582
2022-01-11,Santa Barbara,083,443738,64967,59758,2754,62512,578
2022-01-11,Santa Clara,085,1922200,232916,208425,6577,215002,1971
2022-01-11,Santa Cruz,087,273765,31107,27709,1531,29240,232
2022-01-11,Shasta,089,179085,25146,24132,4288,28420,446
2022-01-11,Sierra,091,2930,245,228,28,256,0
2022-01-11,Siskiyou,093,43540,3762,3621,1712,5333,62
2022-01-11,Solano,095,438530,61583,56349,3253,59602,388
2022-01-11,Sonoma,097,501317,61536,55411,1469,56880,416
2022-01-11,Stanislaus,099,539301,95664,90998,11714,102712,1372
2022-01-11,Sutter,101,95872,16794,15993,727,16720,197
2022-01-11,Tehama,103,63373,9883,9406,1880,11286,140
2022-01-11,Trinity,105,12862,972,858,236,1094,19
2022-01-11,Tulare,107,460477,81812,76267,19504,95771,1188
2022-01-11,Tuolumne,109,53932,9437,8811,194,9005,91
2022-01-11,Ventura,111,848112,142662,129548,7764,137312,1220
2022-01-11,Yolo,113,214977,28738,26482,1979,28461,270
2022-01-11,Yuba,115,75493,12652,11912,603,12515,101
2022-01-10,Alameda,001,1643700,184316,165657,7519,173176,1559
2022-01-10,Alpine,003,1148,115,116,0,116,0
2022-01-10,Amador,005,37829,6572,6279,136,6415,71
2022-01-10,Butte,007,227075,26036,24217,4933,29150,347
2022-01-10,Calaveras,009,45235,5461,5025,107,5132,93
2022-01-10,Colusa,011,21464,2841,2758,822,3580,21
2022-01-10,Contra Costa,013,1133247,143875,129951,6616,136567,1077
2022-01-10,Del Norte,015,27424,4116,3970,81,4051,43
2022-01-10,El Dorado,017,186661,21413,19606,2273,21879,172
2022-01-10,Fresno,019,978130,170912,161593,15976,177569,2404
2022-01-10,Glenn,021,27897,3988,3807,1218,5025,39
2022-01-10,Humboldt,023,135768,12881,11778,1354,13132,121
2022-01-10,Imperial,025,180216,43457,41080,6221,47301,811
2022-01-10,Inyo,027,18085,3435,3227,85,3312,49
2022-01-10,Kern,029,883053,155187,145744,31793,177537,1929
2022-01-10,Kings,031,150075,38243,36286,2364,38650,389
2022-01-10,Lake,033,64148,7842,7416,358,7774,117
2022-01-10,Lassen,035,31185,7378,7192,507,7699,55
2022-01-10,Los Angeles,037,10098052,2154886,1932475,94135,2026610,27546
2022-01-10,Madera,039,155013,27944,26501,3013,29514,328
2022-01-10,Marin,041,260295,26138,24023,1386,25409,251
2022-01-10,Mariposa,043,17540,1838,1684,70,1754,6
2022-01-10,Mendocino,045,87422,9865,9163,1025,10188,101
2022-01-10,Merced,047,269075,50106,47632,3278,50910,707
2022-01-10,Modoc,049,8938,630,622,214,836,6
2022-01-10,Mono,051,14174,2557,2415,80,2495,4
2022-01-10,Monterey,053,433212,59488,53485,5629,59114,645
2022-01-10,Napa,055,140530,19148,16775,458,17233,109
2022-01-10,Nevada,057,99092,12280,11300,568,11868,110
2022-01-10,Orange,059,3164182,448086,406170,31834,438004,5906
2022-01-10,Placer,061,380077,49480,45642,5290,50932,498
2022-01-10,Plumas,063,18699,2241,2086,98,2184,12
2022-01-10,Riverside,065,2383286,482098,445536,21995,467531,5546
2022-01-10,Sacramento,067,1510023,216704,198023,11943,209966,2474
2022-01-10,San Benito,069,59416,10069,9467,289,9756,83
2022-01-10,San Bernardino,071,2135413,477729,437207,18190,455397,6184
2022-01-10,San Diego,073,3302833,576963,530506,36879,567385,4500
2022-01-10,San Francisco,075,870044,92664,82209,5272,87481,690
2022-01-10,San Joaquin,077,732212,128978,119587,7146,126733,1927
2022-01-10,San Luis Obispo,079,281455,39522,36618,2226,38844,371
2022-01-10,San Mateo,081,765935,89389,75210,3326,78536,582
2022-01-10,Santa Barbara,083,443738,63706,58957,2565,61522,578
2022-01-10,Santa Clara,085,1922200,226853,203540,6100,209640,1971
2022-01-10,Santa Cruz,087,273765,30266,26906,1493,28399,232
2022-01-10,Shasta,089,179085,24949,23983,4211,28194,446
2022-01-10,Sierra,091,2930,242,223,28,251,0
2022-01-10,Siskiyou,093,43540,3729,3592,1668,5260,62
2022-01-10,Solano,095,438530,60541,55663,3056,58719,385
2022-01-10,Sonoma,097,501317,59989,54478,1423,55901,412
2022-01-10,Stanislaus,099,539301,94320,89997,11363,101360,1372
2022-01-10,Sutter,101,95872,16550,15823,681,16504,196
2022-01-10,Tehama,103,63373,9769,9360,1825,11185,140
2022-01-10,Trinity,105,12862,968,849,234,1083,19
2022-01-10,Tulare,107,460477,80325,75498,19124,94622,1186
2022-01-10,Tuolumne,109,53932,9312,8685,182,8867,91
2022-01-10,Ventura,111,848112,140060,126240,7614,133854,1217
2022-01-10,Yolo,113,214977,28147,26065,1926,27991,270
2022-01-10,Yuba,115,75493,12404,11776,569,12345,101
2022-01-09,Alameda,001,1643700,179820,162701,6861,169562,1561
2022-01-09,Alpine,003,1148,115,116,0,116,0
2022-01-09,Amador,005,37829,6484,6215,124,6339,71
2022-01-09,Butte,007,227075,25641,24018,4815,28833,347
2022-01-09,Calaveras,009,45235,5330,4976,98,5074,93
2022-01-09,Colusa,011,21464,2813,2750,799,3549,21
2022-01-09,Contra Costa,013,1133247,140871,128050,5948,133998,1077
2022-01-09,Del Norte,015,27424,4077,3950,77,4027,43
2022-01-09,El Dorado,017,186661,21044,19430,2208,21638,172
2022-01-09,Fresno,019,978130,168329,159989,15562,175551,2405
2022-01-09,Glenn,021,27897,3931,3797,1196,4993,39
2022-01-09,Humboldt,023,135768,12636,11582,1232,12814,121
2022-01-09,Imperial,025,180216,42621,40608,5961,46569,811
2022-01-09,Inyo,027,18085,3332,3149,76,3225,49
2022-01-09,Kern,029,883053,152735,144819,31053,175872,1927
2022-01-09,Kings,031,150075,37566,36041,2327,38368,389
2022-01-09,Lake,033,64148,7731,7393,314,7707,117
2022-01-09,Lassen,035,31185,7314,7172,478,7650,55
2022-01-09,Los Angeles,037,10098052,2106825,1887830,91078,1978908,27532
2022-01-09,Madera,039,155013,27564,26325,2916,29241,328
2022-01-09,Marin,041,260295,25688,23708,1295,25003,251
2022-01-09,Mariposa,043,17540,1788,1660,69,1729,6
2022-01-09,Mendocino,045,87422,9657,9097,914,10011,101
2022-01-09,Merced,047,269075,49225,47294,3002,50296,706
2022-01-09,Modoc,049,8938,628,619,214,833,6
2022-01-09,Mono,051,14174,2522,2390,73,2463,4
2022-01-09,Monterey,053,433212,58425,53251,5358,58609,645
2022-01-09,Napa,055,140530,18653,16614,442,17056,109
2022-01-09,Nevada,057,99092,12026,11152,507,11659,110
2022-01-09,Orange,059,3164182,438090,400563,30880,431443,5905
2022-01-09,Placer,061,380077,48484,45081,5140,50221,498
2022-01-09,Plumas,063,18699,2202,2081,78,2159,12
2022-01-09,Riverside,065,2383286,473110,440413,21454,461867,5546
2022-01-09,Sacramento,067,1510023,211904,195444,10823,206267,2475
2022-01-09,San Benito,069,59416,9883,9363,261,9624,83
2022-01-09,San Bernardino,071,2135413,469228,430257,17371,447628,6180
2022-01-09,San Diego,073,3302833,563848,478206,35024,513230,4500
2022-01-09,San Francisco,075,870044,90791,80463,5027,85490,690
2022-01-09,San Joaquin,077,732212,125879,118422,6979,125401,1927
2022-01-09,San Luis Obispo,079,281455,38717,36291,2120,38411,371
2022-01-09,San Mateo,081,765935,86876,73867,2999,76866,582
2022-01-09,Santa Barbara,083,443738,62021,58280,2303,60583,578
2022-01-09,Santa Clara,085,1922200,220470,199889,5564,205453,1976
2022-01-09,Santa Cruz,087,273765,29516,26513,1461,27974,232
2022-01-09,Shasta,089,179085,24710,23926,4124,28050,446
2022-01-09,Sierra,091,2930,239,223,26,249,0
2022-01-09,Siskiyou,093,43540,3700,3580,1609,5189,62
2022-01-09,Solano,095,438530,59386,54985,2775,57760,384
2022-01-09,Sonoma,097,501317,58315,53543,1386,54929,412
2022-01-09,Stanislaus,099,539301,92947,89248,11066,100314,1372
2022-01-09,Sutter,101,95872,16263,15695,601,16296,196
2022-01-09,Tehama,103,63373,9652,9306,1774,11080,140
2022-01-09,Trinity,105,12862,964,848,232,1080,19
2022-01-09,Tulare,107,460477,78923,75085,18748,93833,1186
2022-01-09,Tuolumne,109,53932,9154,8595,163,8758,91
2022-01-09,Ventura,111,848112,137009,124269,7371,131640,1217
2022-01-09,Yolo,113,214977,27540,25632,1879,27511,270
2022-01-09,Yuba,115,75493,12206,11666,538,12204,101
2022-01-08,Alameda,001,1643700,177920,148560,6719,155279,1558
2022-01-08,Alpine,003,1148,115,114,0,114,0
2022-01-08,Amador,005,37829,6453,6091,119,6210,71
2022-01-08,Butte,007,227075,25449,23429,4774,28203,347
2022-01-08,Calaveras,009,45235,5284,4823,94,4917,93
2022-01-08,Colusa,011,21464,2805,2713,796,3509,21
2022-01-08,Contra Costa,013,1133247,139309,119907,5865,125772,1077
2022-01-08,Del Norte,015,27424,4060,3902,77,3979,43
2022-01-08,El Dorado,017,186661,20860,18599,2174,20773,172
2022-01-08,Fresno,019,978130,167437,155394,15424,170818,2393
2022-01-08,Glenn,021,27897,3923,3732,1191,4923,39
2022-01-08,Humboldt,023,135768,12512,11149,1206,12355,121
2022-01-08,Imperial,025,180216,42433,39429,5819,45248,800
2022-01-08,Inyo,027,18085,3318,3020,73,3093,49
2022-01-08,Kern,029,883053,151598,140410,30623,171033,1921
2022-01-08,Kings,031,150075,37325,35275,2310,37585,390
2022-01-08,Lake,033,64148,7691,7209,306,7515,117
2022-01-08,Lassen,035,31185,7284,7127,462,7589,55
2022-01-08,Los Angeles,037,10098052,2088439,1765787,89339,1855126,27476
2022-01-08,Madera,039,155013,27397,25767,2878,28645,328
2022-01-08,Marin,041,260295,25404,22377,1284,23661,251
2022-01-08,Mariposa,043,17540,1778,1588,69,1657,6
2022-01-08,Mendocino,045,87422,9583,8792,912,9704,101
2022-01-08,Merced,047,269075,49046,46094,2978,49072,703
2022-01-08,Modoc,049,8938,628,610,214,824,6
2022-01-08,Mono,051,14174,2511,2240,68,2308,4
2022-01-08,Monterey,053,433212,58039,51721,5265,56986,644
2022-01-08,Napa,055,140530,18500,15819,416,16235,109
2022-01-08,Nevada,057,99092,11941,10765,494,11259,110
2022-01-08,Orange,059,3164182,434297,375124,30031,405155,5903
2022-01-08,Placer,061,380077,48041,43172,5098,48270,495
2022-01-08,Plumas,063,18699,2192,2053,73,2126,12
2022-01-08,Riverside,065,2383286,469592,422591,21186,443777,5535
2022-01-08,Sacramento,067,1510023,210464,185118,10665,195783,2470
2022-01-08,San Benito,069,59416,9722,9016,258,9274,83
2022-01-08,San Bernardino,071,2135413,465744,411724,16970,428694,6122
2022-01-08,San Diego,073,3302833,558949,472273,34482,506755,4495
2022-01-08,San Francisco,075,870044,89594,73660,4748,78408,690
2022-01-08,San Joaquin,077,732212,124898,112514,6879,119393,1916
2022-01-08,San Luis Obispo,079,281455,38514,34489,2077,36566,369
2022-01-08,San Mateo,081,765935,85491,67918,2912,70830,582
2022-01-08,Santa Barbara,083,443738,61326,54617,2269,56886,575
2022-01-08,Santa Clara,085,1922200,217201,183842,5327,189169,1966
2022-01-08,Santa Cruz,087,273765,29089,24678,1441,26119,230
2022-01-08,Shasta,089,179085,24619,23585,4093,27678,445
2022-01-08,Sierra,091,2930,235,215,25,240,0
2022-01-08,Siskiyou,093,43540,3688,3545,1595,5140,62
2022-01-08,Solano,095,438530,58978,52452,2703,55155,383
2022-01-08,Sonoma,097,501317,57792,50130,1352,51482,411
2022-01-08,Stanislaus,099,539301,92307,87049,10943,97992,1372
2022-01-08,Sutter,101,95872,16144,15261,588,15849,195
2022-01-08,Tehama,103,63373,9621,9109,1766,10875,140
2022-01-08,Trinity,105,12862,958,836,232,1068,19
2022-01-08,Tulare,107,460477,78525,73600,18611,92211,1185
2022-01-08,Tuolumne,109,53932,9048,8360,160,8520,91
2022-01-08,Ventura,111,848112,135839,117229,7237,124466,1216
2022-01-08,Yolo,113,214977,27246,24006,1851,25857,270
2022-01-08,Yuba,115,75493,12119,11277,535,11812,101
2022-01-07,Alameda,001,1643700,175225,148560,6602,155162,1558
2022-01-07,Alpine,003,1148,115,114,0,114,0
2022-01-07,Amador,005,37829,6404,6091,116,6207,71
2022-01-07,Butte,007,227075,25243,23429,4740,28169,347
2022-01-07,Calaveras,009,45235,5245,4823,94,4917,93
2022-01-07,Colusa,011,21464,2796,2713,785,3498,21
2022-01-07,Contra Costa,013,1133247,137363,119907,5741,125648,1077
2022-01-07,Del Norte,015,27424,4044,3902,76,3978,43
2022-01-07,El Dorado,017,186661,20675,18599,2161,20760,172
2022-01-07,Fresno,019,978130,166067,155394,15318,170712,2393
2022-01-07,Glenn,021,27897,3903,3732,1188,4920,39
2022-01-07,Humboldt,023,135768,12368,11149,1179,12328,121
2022-01-07,Imperial,025,180216,42275,39429,5734,45163,800
2022-01-07,Inyo,027,18085,3299,3020,71,3091,49
2022-01-07,Kern,029,883053,150627,140410,30180,170590,1921
2022-01-07,Kings,031,150075,37144,35275,2296,37571,390
2022-01-07,Lake,033,64148,7643,7209,281,7490,117
2022-01-07,Lassen,035,31185,7268,7127,459,7586,55
2022-01-07,Los Angeles,037,10098052,2057265,1765787,87880,1853667,27476
2022-01-07,Madera,039,155013,27215,25767,2841,28608,328
2022-01-07,Marin,041,260295,25023,22377,1266,23643,251
2022-01-07,Mariposa,043,17540,1762,1588,69,1657,6
2022-01-07,Mendocino,045,87422,9490,8792,911,9703,101
2022-01-07,Merced,047,269075,48873,46094,2954,49048,703
2022-01-07,Modoc,049,8938,627,610,214,824,6
2022-01-07,Mono,051,14174,2473,2240,62,2302,4
2022-01-07,Monterey,053,433212,57617,51721,5170,56891,644
2022-01-07,Napa,055,140530,18273,15819,397,16216,109
2022-01-07,Nevada,057,99092,11811,10765,473,11238,110
2022-01-07,Orange,059,3164182,429485,375124,29413,404537,5903
2022-01-07,Placer,061,380077,47536,43172,5048,48220,495
2022-01-07,Plumas,063,18699,2183,2053,72,2125,12
2022-01-07,Riverside,065,2383286,465765,422591,20957,443548,5535
2022-01-07,Sacramento,067,1510023,208196,185118,10512,195630,2470
2022-01-07,San Benito,069,59416,9676,9016,257,9273,83
2022-01-07,San Bernardino,071,2135413,461626,411724,16741,428465,6122
2022-01-07,San Diego,073,3302833,551837,472273,33934,506207,4495
2022-01-07,San Francisco,075,870044,88149,73660,4491,78151,690
2022-01-07,San Joaquin,077,732212,123934,112514,6818,119332,1916
2022-01-07,San Luis Obispo,079,281455,38299,34489,2022,36511,369
2022-01-07,San Mateo,081,765935,84025,67918,2853,70771,582
2022-01-07,Santa Barbara,083,443738,60631,54617,2248,56865,575
2022-01-07,Santa Clara,085,1922200,213726,183842,5211,189053,1966
2022-01-07,Santa Cruz,087,273765,28609,24678,1425,26103,230
2022-01-07,Shasta,089,179085,24520,23585,4059,27644,445
2022-01-07,Sierra,091,2930,232,215,25,240,0
2022-01-07,Siskiyou,093,43540,3677,3545,1583,5128,62
2022-01-07,Solano,095,438530,58295,52452,2657,55109,383
2022-01-07,Sonoma,097,501317,57190,50130,1267,51397,411
2022-01-07,Stanislaus,099,539301,91779,87049,10842,97891,1372
2022-01-07,Sutter,101,95872,15994,15261,575,15836,195
2022-01-07,Tehama,103,63373,9585,9109,1753,10862,140
2022-01-07,Trinity,105,12862,951,836,231,1067,19
2022-01-07,Tulare,107,460477,78099,73600,18471,92071,1185
2022-01-07,Tuolumne,109,53932,8960,8360,156,8516,91
2022-01-07,Ventura,111,848112,134213,117229,7102,124331,1216
2022-01-07,Yolo,113,214977,26874,24006,1832,25838,270
2022-01-07,Yuba,115,75493,12013,11277,530,11807,101
2022-01-06,Alameda,001,1643700,169971,148560,6186,154746,1558
2022-01-06,Alpine,003,1148,114,114,0,114,0
2022-01-06,Amador,005,37829,6353,6091,111,6202,71
2022-01-06,Butte,007,227075,24950,23429,4656,28085,347
2022-01-06,Calaveras,009,45235,5128,4823,92,4915,93
2022-01-06,Colusa,011,21464,2777,2713,777,3490,21
2022-01-06,Contra Costa,013,1133247,134249,119907,5319,125226,1077
2022-01-06,Del Norte,015,27424,4010,3902,74,3976,43
2022-01-06,El Dorado,017,186661,20334,18599,2125,20724,172
2022-01-06,Fresno,019,978130,163922,155394,15052,170446,2393
2022-01-06,Glenn,021,27897,3876,3732,1162,4894,39
2022-01-06,Humboldt,023,135768,12141,11149,1138,12287,121
2022-01-06,Imperial,025,180216,41691,39429,5533,44962,800
2022-01-06,Inyo,027,18085,3261,3020,71,3091,49
2022-01-06,Kern,029,883053,148957,140410,29514,169924,1921
2022-01-06,Kings,031,150075,36819,35275,2271,37546,390
2022-01-06,Lake,033,64148,7569,7209,270,7479,117
2022-01-06,Lassen,035,31185,7245,7127,453,7580,55
2022-01-06,Los Angeles,037,10098052,2003097,1765787,85523,1851310,27476
2022-01-06,Madera,039,155013,26910,25767,2783,28550,328
2022-01-06,Marin,041,260295,24621,22377,1234,23611,251
2022-01-06,Mariposa,043,17540,1743,1588,69,1657,6
2022-01-06,Mendocino,045,87422,9393,8792,872,9664,101
2022-01-06,Merced,047,269075,48312,46094,2808,48902,703
2022-01-06,Modoc,049,8938,626,610,214,824,6
2022-01-06,Mono,051,14174,2450,2240,59,2299,4
2022-01-06,Monterey,053,433212,56896,51721,4919,56640,644
2022-01-06,Napa,055,140530,17876,15819,388,16207,109
2022-01-06,Nevada,057,99092,11613,10765,461,11226,110
2022-01-06,Orange,059,3164182,420035,375124,28665,403789,5903
2022-01-06,Placer,061,380077,46795,43172,4960,48132,495
2022-01-06,Plumas,063,18699,2165,2053,64,2117,12
2022-01-06,Riverside,065,2383286,458295,422591,20669,443260,5535
2022-01-06,Sacramento,067,1510023,204141,185118,9775,194893,2470
2022-01-06,San Benito,069,59416,9575,9016,250,9266,83
2022-01-06,San Bernardino,071,2135413,453953,411724,16251,427975,6122
2022-01-06,San Diego,073,3302833,540208,472273,32932,505205,4495
2022-01-06,San Francisco,075,870044,85817,73660,4236,77896,690
2022-01-06,San Joaquin,077,732212,121743,112514,6733,119247,1916
2022-01-06,San Luis Obispo,079,281455,37600,34489,1952,36441,369
2022-01-06,San Mateo,081,765935,81603,67918,2673,70591,582
2022-01-06,Santa Barbara,083,443738,59463,54617,2189,56806,575
2022-01-06,Santa Clara,085,1922200,208649,183842,4821,188663,1966
2022-01-06,Santa Cruz,087,273765,28049,24678,1401,26079,230
2022-01-06,Shasta,089,179085,24372,23585,4009,27594,445
2022-01-06,Sierra,091,2930,229,215,25,240,0
2022-01-06,Siskiyou,093,43540,3661,3545,1537,5082,62
2022-01-06,Solano,095,438530,57281,52452,2472,54924,383
2022-01-06,Sonoma,097,501317,55797,50130,1234,51364,411
2022-01-06,Stanislaus,099,539301,90628,87049,10672,97721,1372
2022-01-06,Sutter,101,95872,15817,15261,547,15808,195
2022-01-06,Tehama,103,63373,9507,9109,1726,10835,140
2022-01-06,Trinity,105,12862,944,836,230,1066,19
2022-01-06,Tulare,107,460477,77394,73600,18303,91903,1185
2022-01-06,Tuolumne,109,53932,8848,8360,150,8510,91
2022-01-06,Ventura,111,848112,131529,117229,6942,124171,1216
2022-01-06,Yolo,113,214977,26319,24006,1788,25794,270
2022-01-06,Yuba,115,75493,11878,11277,513,11790,101
2022-01-05,Alameda,001,1643700,164864,144824,5759,150583,1548
2022-01-05,Alpine,003,1148,114,112,0,112,0
2022-01-05,Amador,005,37829,6310,6012,108,6120,70
2022-01-05,Butte,007,227075,24636,23134,4595,27729,343
2022-01-05,Calaveras,009,45235,5073,4758,90,4848,90
2022-01-05,Colusa,011,21464,2763,2704,766,3470,21
2022-01-05,Contra Costa,013,1133247,130978,117188,4865,122053,1071
2022-01-05,Del Norte,015,27424,3990,3862,72,3934,43
2022-01-05,El Dorado,017,186661,19940,18367,2096,20463,171
2022-01-05,Fresno,019,978130,161894,153033,14767,167800,2377
2022-01-05,Glenn,021,27897,3827,3700,1152,4852,39
2022-01-05,Humboldt,023,135768,11937,10938,1090,12028,120
2022-01-05,Imperial,025,180216,41064,38789,5380,44169,800
2022-01-05,Inyo,027,18085,3179,2939,67,3006,49
2022-01-05,Kern,029,883053,147173,138186,28944,167130,1913
2022-01-05,Kings,031,150075,36475,34893,2252,37145,387
2022-01-05,Lake,033,64148,7486,7129,254,7383,117
2022-01-05,Lassen,035,31185,7225,7077,445,7522,55
2022-01-05,Los Angeles,037,10098052,1946774,1729640,83140,1812780,27443
2022-01-05,Madera,039,155013,26670,25392,2690,28082,327
2022-01-05,Marin,041,260295,24274,21829,1185,23014,251
2022-01-05,Mariposa,043,17540,1717,1564,68,1632,6
2022-01-05,Mendocino,045,87422,9262,8625,837,9462,101
2022-01-05,Merced,047,269075,47642,45721,2673,48394,700
2022-01-05,Modoc,049,8938,623,603,214,817,6
2022-01-05,Mono,051,14174,2431,2201,55,2256,4
2022-01-05,Monterey,053,433212,56072,51241,4721,55962,639
2022-01-05,Napa,055,140530,17514,15494,358,15852,108
2022-01-05,Nevada,057,99092,11417,10624,444,11068,110
2022-01-05,Orange,059,3164182,409993,366139,27600,393739,5869
2022-01-05,Placer,061,380077,45911,42456,4867,47323,492
2022-01-05,Plumas,063,18699,2145,2020,62,2082,12
2022-01-05,Riverside,065,2383286,450846,415253,20318,435571,5502
2022-01-05,Sacramento,067,1510023,199360,181488,8825,190313,2455
2022-01-05,San Benito,069,59416,9380,8829,238,9067,83
2022-01-05,San Bernardino,071,2135413,445200,405323,15692,421015,6085
2022-01-05,San Diego,073,3302833,526629,466602,31951,498553,4495
2022-01-05,San Francisco,075,870044,83237,71405,4098,75503,686
2022-01-05,San Joaquin,077,732212,119207,110497,6653,117150,1903
2022-01-05,San Luis Obispo,079,281455,36804,34066,1875,35941,369
2022-01-05,San Mateo,081,765935,79414,66018,2475,68493,578
2022-01-05,Santa Barbara,083,443738,58156,53082,2110,55192,570
2022-01-05,Santa Clara,085,1922200,202681,178629,4407,183036,1961
2022-01-05,Santa Cruz,087,273765,27294,24394,1380,25774,229
2022-01-05,Shasta,089,179085,24216,23361,3980,27341,441
2022-01-05,Sierra,091,2930,226,210,23,233,0
2022-01-05,Siskiyou,093,43540,3651,3513,1508,5021,60
2022-01-05,Solano,095,438530,56236,51505,2337,53842,380
2022-01-05,Sonoma,097,501317,54533,49120,1077,50197,412
2022-01-05,Stanislaus,099,539301,89636,86248,10499,96747,1360
2022-01-05,Sutter,101,95872,15616,15117,508,15625,193
2022-01-05,Tehama,103,63373,9410,9011,1695,10706,140
2022-01-05,Trinity,105,12862,940,822,228,1050,19
2022-01-05,Tulare,107,460477,76617,72718,18131,90849,1173
2022-01-05,Tuolumne,109,53932,8756,8223,143,8366,90
2022-01-05,Ventura,111,848112,128781,114752,6734,121486,1211
2022-01-05,Yolo,113,214977,25710,23401,1749,25150,269
2022-01-05,Yuba,115,75493,11695,11138,487,11625,100
2022-01-04,Alameda,001,1643700,159239,143360,5353,148713,1532
2022-01-04,Alpine,003,1148,114,113,0,113,0
2022-01-04,Amador,005,37829,6243,6025,102,6127,71
2022-01-04,Butte,007,227075,24337,23094,4523,27617,346
2022-01-04,Calaveras,009,45235,4999,4767,87,4854,93
2022-01-04,Colusa,011,21464,2746,2689,760,3449,21
2022-01-04,Contra Costa,013,1133247,127630,116005,4496,120501,1075
2022-01-04,Del Norte,015,27424,3958,3882,69,3951,43
2022-01-04,El Dorado,017,186661,19583,18339,2075,20414,172
2022-01-04,Fresno,019,978130,159731,153244,14513,167757,2380
2022-01-04,Glenn,021,27897,3798,3705,1137,4842,39
2022-01-04,Humboldt,023,135768,11690,10865,1039,11904,120
2022-01-04,Imperial,025,180216,40464,38596,5119,43715,800
2022-01-04,Inyo,027,18085,3096,2870,66,2936,49
2022-01-04,Kern,029,883053,145244,138245,28364,166609,1916
2022-01-04,Kings,031,150075,36151,34931,2235,37166,388
2022-01-04,Lake,033,64148,7445,7152,245,7397,117
2022-01-04,Lassen,035,31185,7202,7111,441,7552,55
2022-01-04,Los Angeles,037,10098052,1886815,1705253,80778,1786031,27419
2022-01-04,Madera,039,155013,26327,25425,2619,28044,328
2022-01-04,Marin,041,260295,23794,21675,1126,22801,251
2022-01-04,Mariposa,043,17540,1681,1564,67,1631,6
2022-01-04,Mendocino,045,87422,9139,8636,813,9449,101
2022-01-04,Merced,047,269075,47022,45583,2544,48127,700
2022-01-04,Modoc,049,8938,620,611,214,825,6
2022-01-04,Mono,051,14174,2382,2190,45,2235,4
2022-01-04,Monterey,053,433212,55340,51176,4497,55673,643
2022-01-04,Napa,055,140530,17010,15370,328,15698,107
2022-01-04,Nevada,057,99092,11259,10608,431,11039,110
2022-01-04,Orange,059,3164182,399234,362051,26440,388491,5897
2022-01-04,Placer,061,380077,45073,42285,4751,47036,494
2022-01-04,Plumas,063,18699,2119,2014,60,2074,12
2022-01-04,Riverside,065,2383286,442323,413366,19970,433336,5504
2022-01-04,Sacramento,067,1510023,194367,181271,8101,189372,2453
2022-01-04,San Benito,069,59416,9192,8763,230,8993,79
2022-01-04,San Bernardino,071,2135413,436007,404409,15153,419562,6060
2022-01-04,San Diego,073,3302833,510293,458499,30985,489484,4487
2022-01-04,San Francisco,075,870044,80388,70666,3953,74619,688
2022-01-04,San Joaquin,077,732212,116787,110374,6500,116874,1911
2022-01-04,San Luis Obispo,079,281455,35998,33788,1788,35576,371
2022-01-04,San Mateo,081,765935,77100,65157,2287,67444,582
2022-01-04,Santa Barbara,083,443738,56632,52449,2033,54482,574
2022-01-04,Santa Clara,085,1922200,196439,176854,3942,180796,1964
2022-01-04,Santa Cruz,087,273765,26534,23904,1345,25249,228
2022-01-04,Shasta,089,179085,24071,23366,3926,27292,442
2022-01-04,Sierra,091,2930,225,214,22,236,0
2022-01-04,Siskiyou,093,43540,3636,3509,1489,4998,61
2022-01-04,Solano,095,438530,54926,51300,2140,53440,383
2022-01-04,Sonoma,097,501317,52826,48653,957,49610,410
2022-01-04,Stanislaus,099,539301,88576,86107,10329,96436,1361
2022-01-04,Sutter,101,95872,15463,15032,484,15516,193
2022-01-04,Tehama,103,63373,9332,9020,1673,10693,140
2022-01-04,Trinity,105,12862,935,833,224,1057,18
2022-01-04,Tulare,107,460477,75831,72893,17932,90825,1172
2022-01-04,Tuolumne,109,53932,8644,8235,138,8373,91
2022-01-04,Ventura,111,848112,125724,114079,6504,120583,1213
2022-01-04,Yolo,113,214977,25064,22938,1704,24642,270
2022-01-04,Yuba,115,75493,11515,11104,471,11575,101
2022-01-03,Alameda,001,1643700,153116,142090,4910,147000,1529
2022-01-03,Alpine,003,1148,113,113,0,113,0
2022-01-03,Amador,005,37829,6181,6004,97,6101,71
2022-01-03,Butte,007,227075,24037,22924,4465,27389,345
2022-01-03,Calaveras,009,45235,4938,4742,81,4823,93
2022-01-03,Colusa,011,21464,2736,2683,753,3436,21
2022-01-03,Contra Costa,013,1133247,124192,114966,3907,118873,1073
2022-01-03,Del Norte,015,27424,3938,3873,65,3938,43
2022-01-03,El Dorado,017,186661,19194,18183,2046,20229,172
2022-01-03,Fresno,019,978130,157741,152674,14307,166981,2379
2022-01-03,Glenn,021,27897,3769,3703,1102,4805,39
2022-01-03,Humboldt,023,135768,11480,10784,991,11775,119
2022-01-03,Imperial,025,180216,39834,38411,4942,43353,800
2022-01-03,Inyo,027,18085,3027,2845,62,2907,49
2022-01-03,Kern,029,883053,143248,137773,27769,165542,1916
2022-01-03,Kings,031,150075,35828,34817,2206,37023,387
2022-01-03,Lake,033,64148,7343,7134,227,7361,117
2022-01-03,Lassen,035,31185,7184,7103,438,7541,55
2022-01-03,Los Angeles,037,10098052,1825973,1686203,78023,1764226,27394
2022-01-03,Madera,039,155013,26034,25323,2575,27898,320
2022-01-03,Marin,041,260295,23200,21532,1087,22619,251
2022-01-03,Mariposa,043,17540,1639,1559,67,1626,6
2022-01-03,Mendocino,045,87422,8990,8573,763,9336,101
2022-01-03,Merced,047,269075,46419,45459,2432,47891,696
2022-01-03,Modoc,049,8938,617,602,214,816,6
2022-01-03,Mono,051,14174,2304,2172,40,2212,4
2022-01-03,Monterey,053,433212,54512,51047,4291,55338,644
2022-01-03,Napa,055,140530,16501,15260,296,15556,107
2022-01-03,Nevada,057,99092,11095,10572,422,10994,110
2022-01-03,Orange,059,3164182,388056,358052,25212,383264,5894
2022-01-03,Placer,061,380077,44249,42054,4690,46744,489
2022-01-03,Plumas,063,18699,2099,2005,60,2065,12
2022-01-03,Riverside,065,2383286,433851,410155,19475,429630,5504
2022-01-03,Sacramento,067,1510023,189200,179992,7546,187538,2452
2022-01-03,San Benito,069,59416,9030,8688,223,8911,79
2022-01-03,San Bernardino,071,2135413,427073,401938,14685,416623,6056
2022-01-03,San Diego,073,3302833,494203,451154,30024,481178,4476
2022-01-03,San Francisco,075,870044,77581,69315,3701,73016,686
2022-01-03,San Joaquin,077,732212,114470,109757,6374,116131,1903
2022-01-03,San Luis Obispo,079,281455,35188,33667,1695,35362,367
2022-01-03,San Mateo,081,765935,74383,64470,2130,66600,582
2022-01-03,Santa Barbara,083,443738,55171,51912,1940,53852,571
2022-01-03,Santa Clara,085,1922200,190338,174215,3467,177682,1963
2022-01-03,Santa Cruz,087,273765,25726,23765,1313,25078,228
2022-01-03,Shasta,089,179085,23894,23301,3899,27200,440
2022-01-03,Sierra,091,2930,218,213,21,234,0
2022-01-03,Siskiyou,093,43540,3609,3500,1467,4967,61
2022-01-03,Solano,095,438530,53626,51030,1954,52984,380
2022-01-03,Sonoma,097,501317,51129,48391,861,49252,410
2022-01-03,Stanislaus,099,539301,87582,85793,10139,95932,1332
2022-01-03,Sutter,101,95872,15305,14973,464,15437,193
2022-01-03,Tehama,103,63373,9257,9005,1647,10652,140
2022-01-03,Trinity,105,12862,930,833,223,1056,18
2022-01-03,Tulare,107,460477,75136,72664,17728,90392,1167
2022-01-03,Tuolumne,109,53932,8508,8179,134,8313,91
2022-01-03,Ventura,111,848112,122556,112762,6265,119027,1211
2022-01-03,Yolo,113,214977,24385,22563,1640,24203,270
2022-01-03,Yuba,115,75493,11382,11037,452,11489,99
2022-01-02,Alameda,001,1643700,148547,133486,4420,137906,1528
2022-01-02,Alpine,003,1148,111,113,0,113,0
2022-01-02,Amador,005,37829,6113,5913,92,6005,70
2022-01-02,Butte,007,227075,23697,22469,4403,26872,341
2022-01-02,Calaveras,009,45235,4867,4668,73,4741,93
2022-01-02,Colusa,011,21464,2729,2659,742,3401,21
2022-01-02,Contra Costa,013,1133247,120610,109593,3469,113062,1073
2022-01-02,Del Norte,015,27424,3906,3841,63,3904,43
2022-01-02,El Dorado,017,186661,18858,17621,1995,19616,172
2022-01-02,Fresno,019,978130,156004,149927,14076,164003,2379
2022-01-02,Glenn,021,27897,3750,3663,1093,4756,39
2022-01-02,Humboldt,023,135768,11238,10381,915,11296,119
2022-01-02,Imperial,025,180216,39179,37672,4733,42405,800
2022-01-02,Inyo,027,18085,2957,2726,51,2777,49
2022-01-02,Kern,029,883053,141330,136123,27177,163300,1917
2022-01-02,Kings,031,150075,35505,34318,2171,36489,386
2022-01-02,Lake,033,64148,7272,7060,213,7273,117
2022-01-02,Lassen,035,31185,7168,7089,436,7525,55
2022-01-02,Los Angeles,037,10098052,1774794,1596123,75125,1671248,27371
2022-01-02,Madera,039,155013,25783,25002,2522,27524,320
2022-01-02,Marin,041,260295,22635,20475,1016,21491,249
2022-01-02,Mariposa,043,17540,1608,1509,65,1574,6
2022-01-02,Mendocino,045,87422,8866,8422,745,9167,101
2022-01-02,Merced,047,269075,45877,44769,2332,47101,694
2022-01-02,Modoc,049,8938,615,601,213,814,6
2022-01-02,Mono,051,14174,2275,2101,35,2136,4
2022-01-02,Monterey,053,433212,53885,50251,4081,54332,643
2022-01-02,Napa,055,140530,15961,14439,285,14724,107
2022-01-02,Nevada,057,99092,10907,10299,407,10706,110
2022-01-02,Orange,059,3164182,377030,339526,24057,363583,5890
2022-01-02,Placer,061,380077,43523,40857,4603,45460,489
2022-01-02,Plumas,063,18699,2083,1994,56,2050,12
2022-01-02,Riverside,065,2383286,425512,397124,18959,416083,5501
2022-01-02,Sacramento,067,1510023,185105,173562,6714,180276,2448
2022-01-02,San Benito,069,59416,8850,8320,208,8528,79
2022-01-02,San Bernardino,071,2135413,418930,386278,14128,400406,6051
2022-01-02,San Diego,073,3302833,479180,427087,28846,455933,4469
2022-01-02,San Francisco,075,870044,74639,64498,3460,67958,682
2022-01-02,San Joaquin,077,732212,112584,106640,6231,112871,1902
2022-01-02,San Luis Obispo,079,281455,34453,32342,1612,33954,365
2022-01-02,San Mateo,081,765935,71815,60504,1890,62394,581
2022-01-02,Santa Barbara,083,443738,53736,49555,1879,51434,568
2022-01-02,Santa Clara,085,1922200,184110,164547,3067,167614,1969
2022-01-02,Santa Cruz,087,273765,25057,22980,1280,24260,228
2022-01-02,Shasta,089,179085,23701,23161,3850,27011,435
2022-01-02,Sierra,091,2930,217,206,21,227,0
2022-01-02,Siskiyou,093,43540,3584,3474,1444,4918,61
2022-01-02,Solano,095,438530,52682,48957,1790,50747,379
2022-01-02,Sonoma,097,501317,49810,46040,824,46864,410
2022-01-02,Stanislaus,099,539301,86727,84367,10002,94369,1332
2022-01-02,Sutter,101,95872,15132,14741,445,15186,193
2022-01-02,Tehama,103,63373,9193,8944,1624,10568,139
2022-01-02,Trinity,105,12862,928,832,222,1054,17
2022-01-02,Tulare,107,460477,74475,71941,17534,89475,1160
2022-01-02,Tuolumne,109,53932,8402,8044,129,8173,91
2022-01-02,Ventura,111,848112,119634,107992,6044,114036,1211
2022-01-02,Yolo,113,214977,23711,21747,1574,23321,270
2022-01-02,Yuba,115,75493,11258,10844,436,11280,99
2022-01-01,Alameda,001,1643700,146672,133486,4159,137645,1528
2022-01-01,Alpine,003,1148,111,113,0,113,0
2022-01-01,Amador,005,37829,6077,5913,87,6000,70
2022-01-01,Butte,007,227075,23502,22469,4365,26834,341
2022-01-01,Calaveras,009,45235,4828,4668,71,4739,93
2022-01-01,Colusa,011,21464,2725,2659,732,3391,21
2022-01-01,Contra Costa,013,1133247,119242,109593,3341,112934,1073
2022-01-01,Del Norte,015,27424,3901,3841,63,3904,43
2022-01-01,El Dorado,017,186661,18706,17621,1980,19601,172
2022-01-01,Fresno,019,978130,155330,149927,13994,163921,2379
2022-01-01,Glenn,021,27897,3743,3663,1093,4756,39
2022-01-01,Humboldt,023,135768,11099,10381,894,11275,119
2022-01-01,Imperial,025,180216,39031,37672,4684,42356,800
2022-01-01,Inyo,027,18085,2928,2726,49,2775,49
2022-01-01,Kern,029,883053,140630,136123,26872,162995,1917
2022-01-01,Kings,031,150075,35363,34318,2144,36462,386
2022-01-01,Lake,033,64148,7234,7060,208,7268,117
2022-01-01,Lassen,035,31185,7162,7089,431,7520,55
2022-01-01,Los Angeles,037,10098052,1754656,1596123,73169,1669292,27371
2022-01-01,Madera,039,155013,25699,25002,2508,27510,320
2022-01-01,Marin,041,260295,22322,20475,975,21450,249
2022-01-01,Mariposa,043,17540,1597,1509,65,1574,6
2022-01-01,Mendocino,045,87422,8774,8422,739,9161,101
2022-01-01,Merced,047,269075,45744,44769,2318,47087,694
2022-01-01,Modoc,049,8938,612,601,213,814,6
2022-01-01,Mono,051,14174,2251,2101,30,2131,4
2022-01-01,Monterey,053,433212,53576,50251,3994,54245,643
2022-01-01,Napa,055,140530,15811,14439,270,14709,107
2022-01-01,Nevada,057,99092,10831,10299,400,10699,110
2022-01-01,Orange,059,3164182,372807,339526,23347,362873,5890
2022-01-01,Placer,061,380077,43220,40857,4537,45394,489
2022-01-01,Plumas,063,18699,2071,1994,56,2050,12
2022-01-01,Riverside,065,2383286,422018,397124,18757,415881,5501
2022-01-01,Sacramento,067,1510023,183833,173562,6459,180021,2448
2022-01-01,San Benito,069,59416,8759,8320,208,8528,79
2022-01-01,San Bernardino,071,2135413,415665,386278,13848,400126,6051
2022-01-01,San Diego,073,3302833,473227,427087,28327,455414,4469
2022-01-01,San Francisco,075,870044,73238,64498,3249,67747,682
2022-01-01,San Joaquin,077,732212,111877,106640,6158,112798,1902
2022-01-01,San Luis Obispo,079,281455,34250,32342,1603,33945,365
2022-01-01,San Mateo,081,765935,70347,60504,1741,62245,581
2022-01-01,Santa Barbara,083,443738,52996,49555,1844,51399,568
2022-01-01,Santa Clara,085,1922200,181039,164547,2871,167418,1969
2022-01-01,Santa Cruz,087,273765,24736,22980,1262,24242,228
2022-01-01,Shasta,089,179085,23615,23161,3832,26993,435
2022-01-01,Sierra,091,2930,216,206,21,227,0
2022-01-01,Siskiyou,093,43540,3581,3474,1434,4908,61
2022-01-01,Solano,095,438530,52414,48957,1731,50688,379
2022-01-01,Sonoma,097,501317,49416,46040,794,46834,410
2022-01-01,Stanislaus,099,539301,86320,84367,9915,94282,1332
2022-01-01,Sutter,101,95872,15055,14741,443,15184,193
2022-01-01,Tehama,103,63373,9161,8944,1612,10556,139
2022-01-01,Trinity,105,12862,925,832,222,1054,17
2022-01-01,Tulare,107,460477,74230,71941,17435,89376,1160
2022-01-01,Tuolumne,109,53932,8342,8044,126,8170,91
2022-01-01,Ventura,111,848112,118249,107992,5915,113907,1211
2022-01-01,Yolo,113,214977,23292,21747,1534,23281,270
2022-01-01,Yuba,115,75493,11192,10844,430,11274,99
2021-12-31,Alameda,001,1643700,145854,133486,4059,137545,1528
2021-12-31,Alpine,003,1148,111,113,0,113,0
2021-12-31,Amador,005,37829,6053,5913,86,5999,70
2021-12-31,Butte,007,227075,23395,22469,4330,26799,341
2021-12-31,Calaveras,009,45235,4795,4668,71,4739,93
2021-12-31,Colusa,011,21464,2716,2659,726,3385,21
2021-12-31,Contra Costa,013,1133247,118349,109593,3261,112854,1073
2021-12-31,Del Norte,015,27424,3892,3841,61,3902,43
2021-12-31,El Dorado,017,186661,18619,17621,1962,19583,172
2021-12-31,Fresno,019,978130,155022,149927,13971,163898,2379
2021-12-31,Glenn,021,27897,3742,3663,1091,4754,39
2021-12-31,Humboldt,023,135768,11012,10381,875,11256,119
2021-12-31,Imperial,025,180216,38899,37672,4668,42340,800
2021-12-31,Inyo,027,18085,2901,2726,48,2774,49
2021-12-31,Kern,029,883053,140122,136123,26735,162858,1917
2021-12-31,Kings,031,150075,35253,34318,2134,36452,386
2021-12-31,Lake,033,64148,7211,7060,203,7263,117
2021-12-31,Lassen,035,31185,7148,7089,431,7520,55
2021-12-31,Los Angeles,037,10098052,1743870,1596123,72417,1668540,27371
2021-12-31,Madera,039,155013,25630,25002,2491,27493,320
2021-12-31,Marin,041,260295,22166,20475,944,21419,249
2021-12-31,Mariposa,043,17540,1590,1509,64,1573,6
2021-12-31,Mendocino,045,87422,8741,8422,736,9158,101
2021-12-31,Merced,047,269075,45660,44769,2300,47069,694
2021-12-31,Modoc,049,8938,608,601,211,812,6
2021-12-31,Mono,051,14174,2239,2101,29,2130,4
2021-12-31,Monterey,053,433212,53449,50251,3928,54179,643
2021-12-31,Napa,055,140530,15700,14439,260,14699,107
2021-12-31,Nevada,057,99092,10764,10299,394,10693,110
2021-12-31,Orange,059,3164182,370295,339526,22919,362445,5890
2021-12-31,Placer,061,380077,42987,40857,4471,45328,489
2021-12-31,Plumas,063,18699,2066,1994,56,2050,12
2021-12-31,Riverside,065,2383286,420331,397124,18602,415726,5501
2021-12-31,Sacramento,067,1510023,182964,173562,6353,179915,2448
2021-12-31,San Benito,069,59416,8745,8320,207,8527,79
2021-12-31,San Bernardino,071,2135413,413351,386278,13657,399935,6051
2021-12-31,San Diego,073,3302833,470006,427087,28009,455096,4469
2021-12-31,San Francisco,075,870044,72312,64498,3191,67689,682
2021-12-31,San Joaquin,077,732212,111249,106640,6092,112732,1902
2021-12-31,San Luis Obispo,079,281455,34142,32342,1591,33933,365
2021-12-31,San Mateo,081,765935,69465,60504,1689,62193,581
2021-12-31,Santa Barbara,083,443738,52597,49555,1832,51387,568
2021-12-31,Santa Clara,085,1922200,179055,164547,2730,167277,1969
2021-12-31,Santa Cruz,087,273765,24499,22980,1241,24221,228
2021-12-31,Shasta,089,179085,23553,23161,3811,26972,435
2021-12-31,Sierra,091,2930,216,206,21,227,0
2021-12-31,Siskiyou,093,43540,3574,3474,1423,4897,61
2021-12-31,Solano,095,438530,52258,48957,1705,50662,379
2021-12-31,Sonoma,097,501317,49163,46040,781,46821,410
2021-12-31,Stanislaus,099,539301,85993,84367,9854,94221,1332
2021-12-31,Sutter,101,95872,14994,14741,437,15178,193
2021-12-31,Tehama,103,63373,9129,8944,1603,10547,139
2021-12-31,Trinity,105,12862,924,832,222,1054,17
2021-12-31,Tulare,107,460477,74027,71941,17351,89292,1160
2021-12-31,Tuolumne,109,53932,8297,8044,125,8169,91
2021-12-31,Ventura,111,848112,117275,107992,5833,113825,1211
2021-12-31,Yolo,113,214977,23071,21747,1512,23259,270
2021-12-31,Yuba,115,75493,11135,10844,424,11268,99
2021-12-30,Alameda,001,1643700,144550,133486,3924,137410,1528
2021-12-30,Alpine,003,1148,110,113,0,113,0
2021-12-30,Amador,005,37829,6034,5913,85,5998,70
2021-12-30,Butte,007,227075,23263,22469,4305,26774,341
2021-12-30,Calaveras,009,45235,4776,4668,71,4739,93
2021-12-30,Colusa,011,21464,2715,2659,724,3383,21
2021-12-30,Contra Costa,013,1133247,117254,109593,3150,112743,1073
2021-12-30,Del Norte,015,27424,3881,3841,60,3901,43
2021-12-30,El Dorado,017,186661,18515,17621,1941,19562,172
2021-12-30,Fresno,019,978130,154490,149927,13899,163826,2379
2021-12-30,Glenn,021,27897,3736,3663,1088,4751,39
2021-12-30,Humboldt,023,135768,10945,10381,863,11244,119
2021-12-30,Imperial,025,180216,38731,37672,4558,42230,800
2021-12-30,Inyo,027,18085,2882,2726,46,2772,49
2021-12-30,Kern,029,883053,139588,136123,26435,162558,1917
2021-12-30,Kings,031,150075,35135,34318,2119,36437,386
2021-12-30,Lake,033,64148,7196,7060,198,7258,117
2021-12-30,Lassen,035,31185,7142,7089,431,7520,55
2021-12-30,Los Angeles,037,10098052,1720552,1596123,71149,1667272,27371
2021-12-30,Madera,039,155013,25554,25002,2471,27473,320
2021-12-30,Marin,041,260295,21988,20475,919,21394,249
2021-12-30,Mariposa,043,17540,1584,1509,64,1573,6
2021-12-30,Mendocino,045,87422,8724,8422,725,9147,101
2021-12-30,Merced,047,269075,45558,44769,2285,47054,694
2021-12-30,Modoc,049,8938,607,601,211,812,6
2021-12-30,Mono,051,14174,2234,2101,28,2129,4
2021-12-30,Monterey,053,433212,53137,50251,3867,54118,643
2021-12-30,Napa,055,140530,15556,14439,251,14690,107
2021-12-30,Nevada,057,99092,10700,10299,385,10684,110
2021-12-30,Orange,059,3164182,365250,339526,22365,361891,5890
2021-12-30,Placer,061,380077,42711,40857,4424,45281,489
2021-12-30,Plumas,063,18699,2062,1994,55,2049,12
2021-12-30,Riverside,065,2383286,417063,397124,18450,415574,5501
2021-12-30,Sacramento,067,1510023,181709,173562,6207,179769,2448
2021-12-30,San Benito,069,59416,8698,8320,205,8525,79
2021-12-30,San Bernardino,071,2135413,410731,386278,13510,399788,6051
2021-12-30,San Diego,073,3302833,464859,427087,27498,454585,4469
2021-12-30,San Francisco,075,870044,71224,64498,3119,67617,682
2021-12-30,San Joaquin,077,732212,110652,106640,6048,112688,1902
2021-12-30,San Luis Obispo,079,281455,34023,32342,1578,33920,365
2021-12-30,San Mateo,081,765935,68420,60504,1560,62064,581
2021-12-30,Santa Barbara,083,443738,52119,49555,1813,51368,568
2021-12-30,Santa Clara,085,1922200,176728,164547,2607,167154,1969
2021-12-30,Santa Cruz,087,273765,24260,22980,1207,24187,228
2021-12-30,Shasta,089,179085,23500,23161,3805,26966,435
2021-12-30,Sierra,091,2930,216,206,21,227,0
2021-12-30,Siskiyou,093,43540,3565,3474,1421,4895,61
2021-12-30,Solano,095,438530,51909,48957,1658,50615,379
2021-12-30,Sonoma,097,501317,48827,46040,772,46812,410
2021-12-30,Stanislaus,099,539301,85676,84367,9794,94161,1332
2021-12-30,Sutter,101,95872,14932,14741,436,15177,193
2021-12-30,Tehama,103,63373,9102,8944,1597,10541,139
2021-12-30,Trinity,105,12862,921,832,222,1054,17
2021-12-30,Tulare,107,460477,73841,71941,17274,89215,1160
2021-12-30,Tuolumne,109,53932,8258,8044,125,8169,91
2021-12-30,Ventura,111,848112,116018,107992,5730,113722,1211
2021-12-30,Yolo,113,214977,22933,21747,1486,23233,270
2021-12-30,Yuba,115,75493,11088,10844,422,11266,99
2021-12-29,Alameda,001,1643700,141313,131586,3773,135359,1529
2021-12-29,Alpine,003,1148,110,113,0,113,0
2021-12-29,Amador,005,37829,6011,5905,82,5987,70
2021-12-29,Butte,007,227075,23120,22353,4267,26620,338
2021-12-29,Calaveras,009,45235,4749,4646,69,4715,93
2021-12-29,Colusa,011,21464,2705,2657,719,3376,21
2021-12-29,Contra Costa,013,1133247,115162,108165,3024,111189,1072
2021-12-29,Del Norte,015,27424,3867,3826,58,3884,43
2021-12-29,El Dorado,017,186661,18293,17489,1923,19412,172
2021-12-29,Fresno,019,978130,153361,149318,13784,163102,2364
2021-12-29,Glenn,021,27897,3726,3653,1085,4738,39
2021-12-29,Humboldt,023,135768,10835,10249,840,11089,119
2021-12-29,Imperial,025,180216,38494,37460,4490,41950,800
2021-12-29,Inyo,027,18085,2849,2703,46,2749,49
2021-12-29,Kern,029,883053,138785,135648,26049,161697,1913
2021-12-29,Kings,031,150075,35020,34216,2113,36329,386
2021-12-29,Lake,033,64148,7165,7048,196,7244,117
2021-12-29,Lassen,035,31185,7138,7085,430,7515,55
2021-12-29,Los Angeles,037,10098052,1690535,1576414,69427,1645841,27349
2021-12-29,Madera,039,155013,25450,24923,2460,27383,320
2021-12-29,Marin,041,260295,21633,20025,898,20923,249
2021-12-29,Mariposa,043,17540,1562,1507,64,1571,6
2021-12-29,Mendocino,045,87422,8665,8386,721,9107,99
2021-12-29,Merced,047,269075,45342,44548,2270,46818,693
2021-12-29,Modoc,049,8938,604,600,211,811,6
2021-12-29,Mono,051,14174,2210,2056,27,2083,4
2021-12-29,Monterey,053,433212,52728,50097,3761,53858,641
2021-12-29,Napa,055,140530,15233,14247,233,14480,107
2021-12-29,Nevada,057,99092,10609,10274,384,10658,110
2021-12-29,Orange,059,3164182,357759,334557,21685,356242,5887
2021-12-29,Placer,061,380077,42223,40545,4349,44894,489
2021-12-29,Plumas,063,18699,2050,1990,55,2045,12
2021-12-29,Riverside,065,2383286,411644,392989,18243,411232,5486
2021-12-29,Sacramento,067,1510023,179379,172145,6049,178194,2437
2021-12-29,San Benito,069,59416,8555,8239,204,8443,79
2021-12-29,San Bernardino,071,2135413,405144,382872,13294,396166,6049
2021-12-29,San Diego,073,3302833,454026,421045,26780,447825,4461
2021-12-29,San Francisco,075,870044,69527,63117,3049,66166,684
2021-12-29,San Joaquin,077,732212,109469,106063,5977,112040,1891
2021-12-29,San Luis Obispo,079,281455,33628,31936,1529,33465,365
2021-12-29,San Mateo,081,765935,66792,59478,1452,60930,581
2021-12-29,Santa Barbara,083,443738,51280,49003,1788,50791,568
2021-12-29,Santa Clara,085,1922200,173525,162008,2476,164484,1962
2021-12-29,Santa Cruz,087,273765,23981,22669,1175,23844,228
2021-12-29,Shasta,089,179085,23425,23083,3793,26876,435
2021-12-29,Sierra,091,2930,215,206,21,227,0
2021-12-29,Siskiyou,093,43540,3553,3472,1410,4882,61
2021-12-29,Solano,095,438530,51204,48562,1605,50167,379
2021-12-29,Sonoma,097,501317,48025,45479,750,46229,410
2021-12-29,Stanislaus,099,539301,85188,84083,9734,93817,1332
2021-12-29,Sutter,101,95872,14863,14688,434,15122,193
2021-12-29,Tehama,103,63373,9077,8914,1585,10499,138
2021-12-29,Trinity,105,12862,919,832,222,1054,17
2021-12-29,Tulare,107,460477,73553,71752,17157,88909,1160
2021-12-29,Tuolumne,109,53932,8205,8012,124,8136,91
2021-12-29,Ventura,111,848112,114081,106974,5552,112526,1207
2021-12-29,Yolo,113,214977,22695,21564,1455,23019,270
2021-12-29,Yuba,115,75493,11027,10808,418,11226,99
2021-12-28,Alameda,001,1643700,138146,130427,3620,134047,1522
2021-12-28,Alpine,003,1148,110,113,0,113,0
2021-12-28,Amador,005,37829,5991,5900,81,5981,70
2021-12-28,Butte,007,227075,22976,22285,4250,26535,338
2021-12-28,Calaveras,009,45235,4731,4641,68,4709,91
2021-12-28,Colusa,011,21464,2699,2653,717,3370,21
2021-12-28,Contra Costa,013,1133247,112860,107160,2909,110069,1072
2021-12-28,Del Norte,015,27424,3861,3815,58,3873,43
2021-12-28,El Dorado,017,186661,18070,17419,1913,19332,172
2021-12-28,Fresno,019,978130,152280,148987,13702,162689,2365
2021-12-28,Glenn,021,27897,3701,3639,1081,4720,39
2021-12-28,Humboldt,023,135768,10714,10198,816,11014,119
2021-12-28,Imperial,025,180216,38198,37223,4389,41612,800
2021-12-28,Inyo,027,18085,2791,2676,45,2721,48
2021-12-28,Kern,029,883053,138064,135346,25699,161045,1909
2021-12-28,Kings,031,150075,34884,34165,2098,36263,386
2021-12-28,Lake,033,64148,7146,7044,191,7235,116
2021-12-28,Lassen,035,31185,7129,7083,430,7513,55
2021-12-28,Los Angeles,037,10098052,1658262,1561791,67782,1629573,27323
2021-12-28,Madera,039,155013,25324,24865,2440,27305,320
2021-12-28,Marin,041,260295,21221,19739,868,20607,249
2021-12-28,Mariposa,043,17540,1551,1499,63,1562,6
2021-12-28,Mendocino,045,87422,8605,8366,713,9079,98
2021-12-28,Merced,047,269075,45102,44434,2258,46692,691
2021-12-28,Modoc,049,8938,604,599,210,809,6
2021-12-28,Mono,051,14174,2187,2045,25,2070,4
2021-12-28,Monterey,053,433212,52351,49973,3688,53661,639
2021-12-28,Napa,055,140530,14915,14131,206,14337,107
2021-12-28,Nevada,057,99092,10518,10250,381,10631,110
2021-12-28,Orange,059,3164182,350107,331279,20948,352227,5882
2021-12-28,Placer,061,380077,41754,40410,4279,44689,489
2021-12-28,Plumas,063,18699,2047,1989,55,2044,12
2021-12-28,Riverside,065,2383286,406404,390343,18000,408343,5470
2021-12-28,Sacramento,067,1510023,177094,171290,5920,177210,2426
2021-12-28,San Benito,069,59416,8411,8170,202,8372,79
2021-12-28,San Bernardino,071,2135413,399249,381316,13073,394389,6047
2021-12-28,San Diego,073,3302833,443336,417383,26224,443607,4450
2021-12-28,San Francisco,075,870044,67906,61745,2991,64736,682
2021-12-28,San Joaquin,077,732212,108414,105572,5933,111505,1884
2021-12-28,San Luis Obispo,079,281455,33162,31759,1513,33272,365
2021-12-28,San Mateo,081,765935,65277,58712,1364,60076,582
2021-12-28,Santa Barbara,083,443738,50635,48493,1768,50261,568
2021-12-28,Santa Clara,085,1922200,170320,160811,2381,163192,1962
2021-12-28,Santa Cruz,087,273765,23608,22513,1137,23650,228
2021-12-28,Shasta,089,179085,23354,23035,3788,26823,434
2021-12-28,Sierra,091,2930,212,206,21,227,0
2021-12-28,Siskiyou,093,43540,3544,3468,1405,4873,60
2021-12-28,Solano,095,438530,50291,48318,1551,49869,378
2021-12-28,Sonoma,097,501317,47165,45086,725,45811,410
2021-12-28,Stanislaus,099,539301,84704,83946,9673,93619,1331
2021-12-28,Sutter,101,95872,14814,14662,431,15093,193
2021-12-28,Tehama,103,63373,9059,8893,1583,10476,138
2021-12-28,Trinity,105,12862,917,831,221,1052,17
2021-12-28,Tulare,107,460477,73275,71630,17042,88672,1156
2021-12-28,Tuolumne,109,53932,8163,8006,124,8130,91
2021-12-28,Ventura,111,848112,111975,105883,5421,111304,1207
2021-12-28,Yolo,113,214977,22361,21320,1406,22726,270
2021-12-28,Yuba,115,75493,10971,10778,415,11193,99
2021-12-27,Alameda,001,1643700,135473,129910,3489,133399,1530
2021-12-27,Alpine,003,1148,110,113,0,113,0
2021-12-27,Amador,005,37829,5963,5891,81,5972,70
2021-12-27,Butte,007,227075,22837,22234,4223,26457,335
2021-12-27,Calaveras,009,45235,4706,4630,67,4697,91
2021-12-27,Colusa,011,21464,2688,2652,711,3363,21
2021-12-27,Contra Costa,013,1133247,110694,106692,2826,109518,1071
2021-12-27,Del Norte,015,27424,3852,3802,57,3859,43
2021-12-27,El Dorado,017,186661,17912,17361,1901,19262,172
2021-12-27,Fresno,019,978130,151321,148826,13621,162447,2364
2021-12-27,Glenn,021,27897,3693,3634,1075,4709,39
2021-12-27,Humboldt,023,135768,10600,10164,794,10958,119
2021-12-27,Imperial,025,180216,37957,37180,4295,41475,800
2021-12-27,Inyo,027,18085,2762,2662,43,2705,48
2021-12-27,Kern,029,883053,137412,135119,25396,160515,1907
2021-12-27,Kings,031,150075,34735,34126,2085,36211,382
2021-12-27,Lake,033,64148,7123,7037,181,7218,116
2021-12-27,Lassen,035,31185,7123,7080,430,7510,55
2021-12-27,Los Angeles,037,10098052,1621902,1554074,66022,1620096,27300
2021-12-27,Madera,039,155013,25205,24840,2421,27261,320
2021-12-27,Marin,041,260295,20833,19601,841,20442,249
2021-12-27,Mariposa,043,17540,1536,1495,63,1558,6
2021-12-27,Mendocino,045,87422,8538,8351,708,9059,98
2021-12-27,Merced,047,269075,44871,44383,2240,46623,690
2021-12-27,Modoc,049,8938,602,599,210,809,6
2021-12-27,Mono,051,14174,2124,2026,25,2051,4
2021-12-27,Monterey,053,433212,52051,49918,3637,53555,639
2021-12-27,Napa,055,140530,14646,14083,197,14280,107
2021-12-27,Nevada,057,99092,10449,10239,373,10612,110
2021-12-27,Orange,059,3164182,342616,329222,20144,349366,5875
2021-12-27,Placer,061,380077,41378,40263,4231,44494,489
2021-12-27,Plumas,063,18699,2045,1988,53,2041,12
2021-12-27,Riverside,065,2383286,401820,389096,17744,406840,5470
2021-12-27,Sacramento,067,1510023,175066,170858,5751,176609,2422
2021-12-27,San Benito,069,59416,8292,8133,198,8331,79
2021-12-27,San Bernardino,071,2135413,393265,380526,12872,393398,6047
2021-12-27,San Diego,073,3302833,433127,414968,25731,440699,4445
2021-12-27,San Francisco,075,870044,66157,60920,2926,63846,682
2021-12-27,San Joaquin,077,732212,107494,105413,5869,111282,1876
2021-12-27,San Luis Obispo,079,281455,32714,31671,1492,33163,365
2021-12-27,San Mateo,081,765935,63752,58397,1265,59662,581
2021-12-27,Santa Barbara,083,443738,49849,48209,1748,49957,568
2021-12-27,Santa Clara,085,1922200,167309,159904,2255,162159,1961
2021-12-27,Santa Cruz,087,273765,23321,22456,1119,23575,228
2021-12-27,Shasta,089,179085,23293,23015,3777,26792,432
2021-12-27,Sierra,091,2930,212,206,21,227,0
2021-12-27,Siskiyou,093,43540,3535,3466,1400,4866,60
2021-12-27,Solano,095,438530,49558,48172,1503,49675,378
2021-12-27,Sonoma,097,501317,46589,44990,707,45697,410
2021-12-27,Stanislaus,099,539301,84250,83833,9632,93465,1331
2021-12-27,Sutter,101,95872,14758,14642,426,15068,191
2021-12-27,Tehama,103,63373,9044,8887,1575,10462,136
2021-12-27,Trinity,105,12862,917,827,221,1048,17
2021-12-27,Tulare,107,460477,73011,71562,16947,88509,1146
2021-12-27,Tuolumne,109,53932,8125,7978,123,8101,91
2021-12-27,Ventura,111,848112,109890,105212,5286,110498,1206
2021-12-27,Yolo,113,214977,22070,21300,1372,22672,270
2021-12-27,Yuba,115,75493,10910,10759,414,11173,98
2021-12-26,Alameda,001,1643700,133358,127221,3417,130638,1525
2021-12-26,Alpine,003,1148,110,113,0,113,0
2021-12-26,Amador,005,37829,5947,5861,79,5940,70
2021-12-26,Butte,007,227075,22683,22087,4193,26280,330
2021-12-26,Calaveras,009,45235,4684,4591,67,4658,91
2021-12-26,Colusa,011,21464,2677,2647,705,3352,21
2021-12-26,Contra Costa,013,1133247,108933,105022,2727,107749,1071
2021-12-26,Del Norte,015,27424,3847,3795,57,3852,43
2021-12-26,El Dorado,017,186661,17758,17188,1893,19081,172
2021-12-26,Fresno,019,978130,150616,148027,13541,161568,2358
2021-12-26,Glenn,021,27897,3681,3611,1061,4672,39
2021-12-26,Humboldt,023,135768,10457,10052,771,10823,119
2021-12-26,Imperial,025,180216,37655,36878,4205,41083,800
2021-12-26,Inyo,027,18085,2738,2636,40,2676,47
2021-12-26,Kern,029,883053,136687,134591,25141,159732,1908
2021-12-26,Kings,031,150075,34582,34009,2079,36088,379
2021-12-26,Lake,033,64148,7101,7019,178,7197,116
2021-12-26,Lassen,035,31185,7117,7072,429,7501,55
2021-12-26,Los Angeles,037,10098052,1592020,1515469,64217,1579686,27257
2021-12-26,Madera,039,155013,25086,24741,2405,27146,320
2021-12-26,Marin,041,260295,20454,19085,782,19867,249
2021-12-26,Mariposa,043,17540,1530,1480,63,1543,6
2021-12-26,Mendocino,045,87422,8487,8314,706,9020,98
2021-12-26,Merced,047,269075,44620,44208,2226,46434,690
2021-12-26,Modoc,049,8938,601,597,208,805,6
2021-12-26,Mono,051,14174,2098,2000,25,2025,4
2021-12-26,Monterey,053,433212,51770,49709,3588,53297,638
2021-12-26,Napa,055,140530,14409,13809,192,14001,107
2021-12-26,Nevada,057,99092,10389,10153,366,10519,110
2021-12-26,Orange,059,3164182,336269,322991,19348,342339,5863
2021-12-26,Placer,061,380077,41028,39852,4161,44013,489
2021-12-26,Plumas,063,18699,2037,1987,52,2039,12
2021-12-26,Riverside,065,2383286,397635,384567,17575,402142,5470
2021-12-26,Sacramento,067,1510023,173340,169144,5605,174749,2418
2021-12-26,San Benito,069,59416,8203,7991,194,8185,79
2021-12-26,San Bernardino,071,2135413,388409,376052,12694,388746,6043
2021-12-26,San Diego,073,3302833,424130,406616,25237,431853,4442
2021-12-26,San Francisco,075,870044,64577,58229,2864,61093,682
2021-12-26,San Joaquin,077,732212,106679,104590,5816,110406,1872
2021-12-26,San Luis Obispo,079,281455,32267,31290,1474,32764,365
2021-12-26,San Mateo,081,765935,62348,56973,1218,58191,581
2021-12-26,Santa Barbara,083,443738,49172,47553,1718,49271,567
2021-12-26,Santa Clara,085,1922200,164587,156872,2121,158993,1967
2021-12-26,Santa Cruz,087,273765,23037,22176,1105,23281,228
2021-12-26,Shasta,089,179085,23211,22959,3765,26724,432
2021-12-26,Sierra,091,2930,212,202,21,223,0
2021-12-26,Siskiyou,093,43540,3527,3460,1391,4851,60
2021-12-26,Solano,095,438530,49056,47646,1465,49111,377
2021-12-26,Sonoma,097,501317,46093,44358,675,45033,408
2021-12-26,Stanislaus,099,539301,83876,83368,9590,92958,1331
2021-12-26,Sutter,101,95872,14693,14533,423,14956,191
2021-12-26,Tehama,103,63373,9011,8861,1571,10432,136
2021-12-26,Trinity,105,12862,917,826,220,1046,17
2021-12-26,Tulare,107,460477,72761,71292,16841,88133,1137
2021-12-26,Tuolumne,109,53932,8088,7919,123,8042,91
2021-12-26,Ventura,111,848112,108056,103498,5139,108637,1206
2021-12-26,Yolo,113,214977,21785,21084,1333,22417,270
2021-12-26,Yuba,115,75493,10859,10694,412,11106,98
2021-12-25,Alameda,001,1643700,132271,127221,3353,130574,1525
2021-12-25,Alpine,003,1148,110,113,0,113,0
2021-12-25,Amador,005,37829,5928,5861,79,5940,70
2021-12-25,Butte,007,227075,22585,22087,4176,26263,330
2021-12-25,Calaveras,009,45235,4655,4591,66,4657,91
2021-12-25,Colusa,011,21464,2672,2647,699,3346,21
2021-12-25,Contra Costa,013,1133247,108111,105022,2673,107695,1071
2021-12-25,Del Norte,015,27424,3840,3795,56,3851,43
2021-12-25,El Dorado,017,186661,17705,17188,1882,19070,172
2021-12-25,Fresno,019,978130,150301,148027,13493,161520,2358
2021-12-25,Glenn,021,27897,3670,3611,1057,4668,39
2021-12-25,Humboldt,023,135768,10375,10052,764,10816,119
2021-12-25,Imperial,025,180216,37533,36878,4183,41061,800
2021-12-25,Inyo,027,18085,2718,2636,40,2676,47
2021-12-25,Kern,029,883053,136340,134591,25015,159606,1908
2021-12-25,Kings,031,150075,34492,34009,2072,36081,379
2021-12-25,Lake,033,64148,7089,7019,176,7195,116
2021-12-25,Lassen,035,31185,7115,7072,429,7501,55
2021-12-25,Los Angeles,037,10098052,1579193,1515469,62874,1578343,27257
2021-12-25,Madera,039,155013,25036,24741,2399,27140,320
2021-12-25,Marin,041,260295,20112,19085,733,19818,249
2021-12-25,Mariposa,043,17540,1524,1480,63,1543,6
2021-12-25,Mendocino,045,87422,8449,8314,706,9020,98
2021-12-25,Merced,047,269075,44518,44208,2224,46432,690
2021-12-25,Modoc,049,8938,601,597,208,805,6
2021-12-25,Mono,051,14174,2081,2000,25,2025,4
2021-12-25,Monterey,053,433212,51603,49709,3553,53262,638
2021-12-25,Napa,055,140530,14294,13809,184,13993,107
2021-12-25,Nevada,057,99092,10360,10153,366,10519,110
2021-12-25,Orange,059,3164182,333389,322991,18777,341768,5863
2021-12-25,Placer,061,380077,40844,39852,4127,43979,489
2021-12-25,Plumas,063,18699,2035,1987,52,2039,12
2021-12-25,Riverside,065,2383286,395353,384567,17456,402023,5470
2021-12-25,Sacramento,067,1510023,172524,169144,5500,174644,2418
2021-12-25,San Benito,069,59416,8138,7991,194,8185,79
2021-12-25,San Bernardino,071,2135413,386172,376052,12561,388613,6043
2021-12-25,San Diego,073,3302833,420063,406616,24967,431583,4442
2021-12-25,San Francisco,075,870044,63546,58229,2828,61057,682
2021-12-25,San Joaquin,077,732212,106342,104590,5784,110374,1872
2021-12-25,San Luis Obispo,079,281455,32114,31290,1465,32755,365
2021-12-25,San Mateo,081,765935,61315,56973,1175,58148,581
2021-12-25,Santa Barbara,083,443738,48808,47553,1706,49259,567
2021-12-25,Santa Clara,085,1922200,163099,156872,2054,158926,1967
2021-12-25,Santa Cruz,087,273765,22877,22176,1099,23275,228
2021-12-25,Shasta,089,179085,23178,22959,3759,26718,432
2021-12-25,Sierra,091,2930,212,202,21,223,0
2021-12-25,Siskiyou,093,43540,3524,3460,1385,4845,60
2021-12-25,Solano,095,438530,48931,47646,1447,49093,377
2021-12-25,Sonoma,097,501317,45707,44358,649,45007,408
2021-12-25,Stanislaus,099,539301,83662,83368,9564,92932,1331
2021-12-25,Sutter,101,95872,14652,14533,421,14954,191
2021-12-25,Tehama,103,63373,8991,8861,1567,10428,136
2021-12-25,Trinity,105,12862,916,826,220,1046,17
2021-12-25,Tulare,107,460477,72627,71292,16763,88055,1137
2021-12-25,Tuolumne,109,53932,8057,7919,123,8042,91
2021-12-25,Ventura,111,848112,106883,103498,5033,108531,1206
2021-12-25,Yolo,113,214977,21675,21084,1312,22396,270
2021-12-25,Yuba,115,75493,10832,10694,411,11105,98
2021-12-24,Alameda,001,1643700,131644,127221,3337,130558,1525
2021-12-24,Alpine,003,1148,110,113,0,113,0
2021-12-24,Amador,005,37829,5920,5861,78,5939,70
2021-12-24,Butte,007,227075,22528,22087,4159,26246,330
2021-12-24,Calaveras,009,45235,4649,4591,66,4657,91
2021-12-24,Colusa,011,21464,2670,2647,698,3345,21
2021-12-24,Contra Costa,013,1133247,107793,105022,2640,107662,1071
2021-12-24,Del Norte,015,27424,3833,3795,56,3851,43
2021-12-24,El Dorado,017,186661,17650,17188,1877,19065,172
2021-12-24,Fresno,019,978130,150135,148027,13480,161507,2358
2021-12-24,Glenn,021,27897,3669,3611,1057,4668,39
2021-12-24,Humboldt,023,135768,10320,10052,759,10811,119
2021-12-24,Imperial,025,180216,37450,36878,4179,41057,800
2021-12-24,Inyo,027,18085,2698,2636,40,2676,47
2021-12-24,Kern,029,883053,136217,134591,24973,159564,1908
2021-12-24,Kings,031,150075,34423,34009,2071,36080,379
2021-12-24,Lake,033,64148,7085,7019,176,7195,116
2021-12-24,Lassen,035,31185,7112,7072,429,7501,55
2021-12-24,Los Angeles,037,10098052,1574311,1515469,62346,1577815,27257
2021-12-24,Madera,039,155013,25001,24741,2394,27135,320
2021-12-24,Marin,041,260295,19966,19085,702,19787,249
2021-12-24,Mariposa,043,17540,1522,1480,63,1543,6
2021-12-24,Mendocino,045,87422,8432,8314,706,9020,98
2021-12-24,Merced,047,269075,44468,44208,2222,46430,690
2021-12-24,Modoc,049,8938,601,597,208,805,6
2021-12-24,Mono,051,14174,2068,2000,25,2025,4
2021-12-24,Monterey,053,433212,51506,49709,3527,53236,638
2021-12-24,Napa,055,140530,14229,13809,180,13989,107
2021-12-24,Nevada,057,99092,10334,10153,364,10517,110
2021-12-24,Orange,059,3164182,332324,322991,18617,341608,5863
2021-12-24,Placer,061,380077,40723,39852,4111,43963,489
2021-12-24,Plumas,063,18699,2034,1987,52,2039,12
2021-12-24,Riverside,065,2383286,394356,384567,17366,401933,5470
2021-12-24,Sacramento,067,1510023,172208,169144,5465,174609,2418
2021-12-24,San Benito,069,59416,8129,7991,193,8184,79
2021-12-24,San Bernardino,071,2135413,385028,376052,12488,388540,6043
2021-12-24,San Diego,073,3302833,418940,406616,24840,431456,4442
2021-12-24,San Francisco,075,870044,63039,58229,2811,61040,682
2021-12-24,San Joaquin,077,732212,106147,104590,5776,110366,1872
2021-12-24,San Luis Obispo,079,281455,32052,31290,1455,32745,365
2021-12-24,San Mateo,081,765935,60882,56973,1152,58125,581
2021-12-24,Santa Barbara,083,443738,48603,47553,1699,49252,567
2021-12-24,Santa Clara,085,1922200,162272,156872,2020,158892,1967
2021-12-24,Santa Cruz,087,273765,22794,22176,1096,23272,228
2021-12-24,Shasta,089,179085,23144,22959,3755,26714,432
2021-12-24,Sierra,091,2930,211,202,21,223,0
2021-12-24,Siskiyou,093,43540,3519,3460,1381,4841,60
2021-12-24,Solano,095,438530,48879,47646,1445,49091,377
2021-12-24,Sonoma,097,501317,45541,44358,641,44999,408
2021-12-24,Stanislaus,099,539301,83551,83368,9541,92909,1331
2021-12-24,Sutter,101,95872,14632,14533,418,14951,191
2021-12-24,Tehama,103,63373,8982,8861,1564,10425,136
2021-12-24,Trinity,105,12862,914,826,220,1046,17
2021-12-24,Tulare,107,460477,72559,71292,16721,88013,1137
2021-12-24,Tuolumne,109,53932,8032,7919,123,8042,91
2021-12-24,Ventura,111,848112,106436,103498,4977,108475,1206
2021-12-24,Yolo,113,214977,21601,21084,1294,22378,270
2021-12-24,Yuba,115,75493,10809,10694,410,11104,98
2021-12-23,Alameda,001,1643700,130912,127221,3302,130523,1525
2021-12-23,Alpine,003,1148,110,113,0,113,0
2021-12-23,Amador,005,37829,5908,5861,76,5937,70
2021-12-23,Butte,007,227075,22475,22087,4148,26235,330
2021-12-23,Calaveras,009,45235,4638,4591,66,4657,91
2021-12-23,Colusa,011,21464,2664,2647,694,3341,21
2021-12-23,Contra Costa,013,1133247,107364,105022,2596,107618,1071
2021-12-23,Del Norte,015,27424,3830,3795,56,3851,43
2021-12-23,El Dorado,017,186661,17586,17188,1871,19059,172
2021-12-23,Fresno,019,978130,149930,148027,13461,161488,2358
2021-12-23,Glenn,021,27897,3665,3611,1057,4668,39
2021-12-23,Humboldt,023,135768,10267,10052,756,10808,119
2021-12-23,Imperial,025,180216,37376,36878,4152,41030,800
2021-12-23,Inyo,027,18085,2685,2636,40,2676,47
2021-12-23,Kern,029,883053,136067,134591,24877,159468,1908
2021-12-23,Kings,031,150075,34382,34009,2070,36079,379
2021-12-23,Lake,033,64148,7073,7019,174,7193,116
2021-12-23,Lassen,035,31185,7111,7072,429,7501,55
2021-12-23,Los Angeles,037,10098052,1564749,1515469,61266,1576735,27257
2021-12-23,Madera,039,155013,24968,24741,2390,27131,320
2021-12-23,Marin,041,260295,19832,19085,685,19770,249
2021-12-23,Mariposa,043,17540,1517,1480,63,1543,6
2021-12-23,Mendocino,045,87422,8423,8314,706,9020,98
2021-12-23,Merced,047,269075,44419,44208,2220,46428,690
2021-12-23,Modoc,049,8938,601,597,208,805,6
2021-12-23,Mono,051,14174,2047,2000,24,2024,4
2021-12-23,Monterey,053,433212,51384,49709,3506,53215,638
2021-12-23,Napa,055,140530,14150,13809,175,13984,107
2021-12-23,Nevada,057,99092,10310,10153,363,10516,110
2021-12-23,Orange,059,3164182,330636,322991,18288,341279,5863
2021-12-23,Placer,061,380077,40600,39852,4095,43947,489
2021-12-23,Plumas,063,18699,2034,1987,52,2039,12
2021-12-23,Riverside,065,2383286,393138,384567,17297,401864,5470
2021-12-23,Sacramento,067,1510023,171751,169144,5418,174562,2418
2021-12-23,San Benito,069,59416,8110,7991,191,8182,79
2021-12-23,San Bernardino,071,2135413,383840,376052,12383,388435,6043
2021-12-23,San Diego,073,3302833,417088,406616,24642,431258,4442
2021-12-23,San Francisco,075,870044,62309,58229,2783,61012,682
2021-12-23,San Joaquin,077,732212,105929,104590,5763,110353,1872
2021-12-23,San Luis Obispo,079,281455,31980,31290,1451,32741,365
2021-12-23,San Mateo,081,765935,60320,56973,1132,58105,581
2021-12-23,Santa Barbara,083,443738,48404,47553,1697,49250,567
2021-12-23,Santa Clara,085,1922200,161366,156872,1961,158833,1967
2021-12-23,Santa Cruz,087,273765,22679,22176,1084,23260,228
2021-12-23,Shasta,089,179085,23113,22959,3752,26711,432
2021-12-23,Sierra,091,2930,208,202,21,223,0
2021-12-23,Siskiyou,093,43540,3519,3460,1379,4839,60
2021-12-23,Solano,095,438530,48771,47646,1429,49075,377
2021-12-23,Sonoma,097,501317,45364,44358,640,44998,408
2021-12-23,Stanislaus,099,539301,83422,83368,9521,92889,1331
2021-12-23,Sutter,101,95872,14615,14533,417,14950,191
2021-12-23,Tehama,103,63373,8970,8861,1560,10421,136
2021-12-23,Trinity,105,12862,914,826,220,1046,17
2021-12-23,Tulare,107,460477,72484,71292,16678,87970,1137
2021-12-23,Tuolumne,109,53932,8014,7919,122,8041,91
2021-12-23,Ventura,111,848112,105901,103498,4911,108409,1206
2021-12-23,Yolo,113,214977,21529,21084,1276,22360,270
2021-12-23,Yuba,115,75493,10796,10694,410,11104,98
2021-12-22,Alameda,001,1643700,129957,126533,3219,129752,1522
2021-12-22,Alpine,003,1148,110,112,0,112,0
2021-12-22,Amador,005,37829,5895,5850,75,5925,70
2021-12-22,Butte,007,227075,22423,22070,4134,26204,330
2021-12-22,Calaveras,009,45235,4629,4580,66,4646,91
2021-12-22,Colusa,011,21464,2664,2645,691,3336,21
2021-12-22,Contra Costa,013,1133247,106726,104559,2552,107111,1070
2021-12-22,Del Norte,015,27424,3830,3794,56,3850,43
2021-12-22,El Dorado,017,186661,17524,17140,1862,19002,172
2021-12-22,Fresno,019,978130,149652,147838,13429,161267,2349
2021-12-22,Glenn,021,27897,3660,3604,1057,4661,39
2021-12-22,Humboldt,023,135768,10206,10022,751,10773,119
2021-12-22,Imperial,025,180216,37290,36755,4115,40870,798
2021-12-22,Inyo,027,18085,2667,2632,40,2672,47
2021-12-22,Kern,029,883053,135832,134433,24795,159228,1900
2021-12-22,Kings,031,150075,34332,33953,2063,36016,376
2021-12-22,Lake,033,64148,7066,7008,172,7180,116
2021-12-22,Lassen,035,31185,7106,7069,428,7497,55
2021-12-22,Los Angeles,037,10098052,1551189,1507110,60104,1567214,27234
2021-12-22,Madera,039,155013,24930,24702,2386,27088,320
2021-12-22,Marin,041,260295,19611,18927,662,19589,249
2021-12-22,Mariposa,043,17540,1510,1480,63,1543,6
2021-12-22,Mendocino,045,87422,8414,8299,706,9005,99
2021-12-22,Merced,047,269075,44348,44137,2217,46354,689
2021-12-22,Modoc,049,8938,601,595,208,803,6
2021-12-22,Mono,051,14174,2043,1979,24,2003,4
2021-12-22,Monterey,053,433212,51228,49650,3489,53139,639
2021-12-22,Napa,055,140530,14023,13746,165,13911,107
2021-12-22,Nevada,057,99092,10282,10101,358,10459,110
2021-12-22,Orange,059,3164182,328333,321765,17860,339625,5858
2021-12-22,Placer,061,380077,40418,39758,4058,43816,489
2021-12-22,Plumas,063,18699,2030,1986,52,2038,12
2021-12-22,Riverside,065,2383286,391308,383319,17184,400503,5472
2021-12-22,Sacramento,067,1510023,171092,168695,5358,174053,2422
2021-12-22,San Benito,069,59416,8058,7971,189,8160,79
2021-12-22,San Bernardino,071,2135413,382116,375044,12298,387342,6039
2021-12-22,San Diego,073,3302833,412968,404269,24313,428582,4434
2021-12-22,San Francisco,075,870044,61323,57520,2741,60261,682
2021-12-22,San Joaquin,077,732212,105659,104385,5749,110134,1870
2021-12-22,San Luis Obispo,079,281455,31839,31175,1431,32606,365
2021-12-22,San Mateo,081,765935,59637,56604,1102,57706,581
2021-12-22,Santa Barbara,083,443738,48147,47372,1681,49053,566
2021-12-22,Santa Clara,085,1922200,160240,156258,1920,158178,1954
2021-12-22,Santa Cruz,087,273765,22572,22075,1079,23154,228
2021-12-22,Shasta,089,179085,23084,22937,3747,26684,432
2021-12-22,Sierra,091,2930,208,202,21,223,0
2021-12-22,Siskiyou,093,43540,3516,3458,1376,4834,59
2021-12-22,Solano,095,438530,48542,47531,1416,48947,375
2021-12-22,Sonoma,097,501317,45089,44201,629,44830,408
2021-12-22,Stanislaus,099,539301,83281,83245,9501,92746,1331
2021-12-22,Sutter,101,95872,14579,14513,414,14927,191
2021-12-22,Tehama,103,63373,8957,8853,1556,10409,136
2021-12-22,Trinity,105,12862,914,826,220,1046,17
2021-12-22,Tulare,107,460477,72385,71226,16630,87856,1137
2021-12-22,Tuolumne,109,53932,7993,7903,122,8025,91
2021-12-22,Ventura,111,848112,105295,103089,4806,107895,1206
2021-12-22,Yolo,113,214977,21453,21012,1262,22274,270
2021-12-22,Yuba,115,75493,10779,10681,410,11091,98
2021-12-21,Alameda,001,1643700,128933,126007,3164,129171,1518
2021-12-21,Alpine,003,1148,110,112,0,112,0
2021-12-21,Amador,005,37829,5885,5845,75,5920,70
2021-12-21,Butte,007,227075,22359,22041,4120,26161,330
2021-12-21,Calaveras,009,45235,4616,4575,66,4641,91
2021-12-21,Colusa,011,21464,2662,2643,690,3333,21
2021-12-21,Contra Costa,013,1133247,106097,104255,2487,106742,1068
2021-12-21,Del Norte,015,27424,3829,3793,56,3849,43
2021-12-21,El Dorado,017,186661,17459,17098,1850,18948,172
2021-12-21,Fresno,019,978130,149364,147707,13394,161101,2341
2021-12-21,Glenn,021,27897,3646,3602,1057,4659,39
2021-12-21,Humboldt,023,135768,10142,9989,746,10735,118
2021-12-21,Imperial,025,180216,37192,36580,4074,40654,792
2021-12-21,Inyo,027,18085,2656,2627,40,2667,47
2021-12-21,Kern,029,883053,135623,134321,24690,159011,1892
2021-12-21,Kings,031,150075,34272,33914,2062,35976,376
2021-12-21,Lake,033,64148,7061,7004,170,7174,116
2021-12-21,Lassen,035,31185,7104,7069,428,7497,55
2021-12-21,Los Angeles,037,10098052,1537282,1501169,59081,1560250,27220
2021-12-21,Madera,039,155013,24893,24688,2379,27067,320
2021-12-21,Marin,041,260295,19441,18828,627,19455,249
2021-12-21,Mariposa,043,17540,1509,1480,62,1542,6
2021-12-21,Mendocino,045,87422,8398,8282,704,8986,97
2021-12-21,Merced,047,269075,44276,44096,2213,46309,688
2021-12-21,Modoc,049,8938,599,595,206,801,6
2021-12-21,Mono,051,14174,2024,1979,24,2003,4
2021-12-21,Monterey,053,433212,51137,49586,3472,53058,638
2021-12-21,Napa,055,140530,13922,13703,154,13857,107
2021-12-21,Nevada,057,99092,10253,10095,358,10453,110
2021-12-21,Orange,059,3164182,326198,320705,17410,338115,5855
2021-12-21,Placer,061,380077,40277,39649,4029,43678,487
2021-12-21,Plumas,063,18699,2030,1975,52,2027,12
2021-12-21,Riverside,065,2383286,389581,382415,17065,399480,5465
2021-12-21,Sacramento,067,1510023,170442,168422,5303,173725,2419
2021-12-21,San Benito,069,59416,8019,7950,186,8136,79
2021-12-21,San Bernardino,071,2135413,380442,374219,12186,386405,6026
2021-12-21,San Diego,073,3302833,409238,402386,23976,426362,4424
2021-12-21,San Francisco,075,870044,60362,56950,2708,59658,681
2021-12-21,San Joaquin,077,732212,105373,104238,5730,109968,1870
2021-12-21,San Luis Obispo,079,281455,31675,31103,1419,32522,365
2021-12-21,San Mateo,081,765935,59020,56381,1079,57460,581
2021-12-21,Santa Barbara,083,443738,47919,47194,1666,48860,564
2021-12-21,Santa Clara,085,1922200,159215,155769,1878,157647,1951
2021-12-21,Santa Cruz,087,273765,22455,22028,1069,23097,228
2021-12-21,Shasta,089,179085,23053,22920,3743,26663,429
2021-12-21,Sierra,091,2930,206,201,21,222,0
2021-12-21,Siskiyou,093,43540,3515,3455,1376,4831,59
2021-12-21,Solano,095,438530,48388,47474,1409,48883,372
2021-12-21,Sonoma,097,501317,44866,44051,619,44670,408
2021-12-21,Stanislaus,099,539301,83124,83167,9470,92637,1331
2021-12-21,Sutter,101,95872,14556,14492,413,14905,190
2021-12-21,Tehama,103,63373,8949,8849,1551,10400,136
2021-12-21,Trinity,105,12862,913,826,220,1046,17
2021-12-21,Tulare,107,460477,72291,71166,16589,87755,1137
2021-12-21,Tuolumne,109,53932,7969,7893,122,8015,91
2021-12-21,Ventura,111,848112,104677,102631,4693,107324,1205
2021-12-21,Yolo,113,214977,21345,20944,1258,22202,267
2021-12-21,Yuba,115,75493,10762,10668,410,11078,98
2021-12-20,Alameda,001,1643700,127970,125762,3095,128857,1515
2021-12-20,Alpine,003,1148,110,112,0,112,0
2021-12-20,Amador,005,37829,5871,5838,75,5913,70
2021-12-20,Butte,007,227075,22297,22030,4106,26136,329
2021-12-20,Calaveras,009,45235,4606,4569,66,4635,91
2021-12-20,Colusa,011,21464,2661,2644,690,3334,21
2021-12-20,Contra Costa,013,1133247,105564,104051,2439,106490,1068
2021-12-20,Del Norte,015,27424,3827,3792,56,3848,43
2021-12-20,El Dorado,017,186661,17398,17083,1842,18925,172
2021-12-20,Fresno,019,978130,149122,147605,13364,160969,2341
2021-12-20,Glenn,021,27897,3640,3597,1057,4654,39
2021-12-20,Humboldt,023,135768,10100,9973,742,10715,118
2021-12-20,Imperial,025,180216,37076,36532,4044,40576,792
2021-12-20,Inyo,027,18085,2653,2615,40,2655,47
2021-12-20,Kern,029,883053,135424,134203,24630,158833,1883
2021-12-20,Kings,031,150075,34230,33898,2061,35959,376
2021-12-20,Lake,033,64148,7056,6999,170,7169,116
2021-12-20,Lassen,035,31185,7102,7065,427,7492,55
2021-12-20,Los Angeles,037,10098052,1525794,1495251,58351,1553602,27188
2021-12-20,Madera,039,155013,24864,24668,2375,27043,313
2021-12-20,Marin,041,260295,19226,18747,609,19356,249
2021-12-20,Mariposa,043,17540,1500,1479,62,1541,6
2021-12-20,Mendocino,045,87422,8386,8264,702,8966,96
2021-12-20,Merced,047,269075,44219,44071,2208,46279,687
2021-12-20,Modoc,049,8938,599,595,203,798,6
2021-12-20,Mono,051,14174,2001,1973,24,1997,4
2021-12-20,Monterey,053,433212,51041,49556,3452,53008,636
2021-12-20,Napa,055,140530,13837,13672,144,13816,107
2021-12-20,Nevada,057,99092,10213,10079,357,10436,109
2021-12-20,Orange,059,3164182,324588,320235,17095,337330,5852
2021-12-20,Placer,061,380077,40147,39579,3999,43578,485
2021-12-20,Plumas,063,18699,2027,1971,50,2021,12
2021-12-20,Riverside,065,2383286,388134,381841,16976,398817,5452
2021-12-20,Sacramento,067,1510023,169871,168153,5263,173416,2414
2021-12-20,San Benito,069,59416,7975,7934,184,8118,79
2021-12-20,San Bernardino,071,2135413,378908,373881,12101,385982,6023
2021-12-20,San Diego,073,3302833,406023,401483,23736,425219,4412
2021-12-20,San Francisco,075,870044,59302,56661,2651,59312,681
2021-12-20,San Joaquin,077,732212,105131,104188,5719,109907,1865
2021-12-20,San Luis Obispo,079,281455,31561,31075,1411,32486,365
2021-12-20,San Mateo,081,765935,58472,56247,1060,57307,581
2021-12-20,Santa Barbara,083,443738,47707,47131,1661,48792,562
2021-12-20,Santa Clara,085,1922200,158254,155427,1829,157256,1950
2021-12-20,Santa Cruz,087,273765,22375,21989,1064,23053,227
2021-12-20,Shasta,089,179085,23032,22888,3738,26626,429
2021-12-20,Sierra,091,2930,205,201,21,222,0
2021-12-20,Siskiyou,093,43540,3514,3453,1374,4827,59
2021-12-20,Solano,095,438530,48260,47394,1401,48795,370
2021-12-20,Sonoma,097,501317,44676,43982,611,44593,408
2021-12-20,Stanislaus,099,539301,82998,83110,9441,92551,1331
2021-12-20,Sutter,101,95872,14533,14480,413,14893,190
2021-12-20,Tehama,103,63373,8941,8840,1548,10388,136
2021-12-20,Trinity,105,12862,913,826,220,1046,17
2021-12-20,Tulare,107,460477,72197,71124,16531,87655,1129
2021-12-20,Tuolumne,109,53932,7955,7867,118,7985,91
2021-12-20,Ventura,111,848112,104170,102452,4617,107069,1203
2021-12-20,Yolo,113,214977,21251,20903,1246,22149,267
2021-12-20,Yuba,115,75493,10746,10656,407,11063,97
2021-12-19,Alameda,001,1643700,127077,125464,3055,128519,1519
2021-12-19,Alpine,003,1148,110,112,0,112,0
2021-12-19,Amador,005,37829,5859,5832,74,5906,70
2021-12-19,Butte,007,227075,22242,22022,4098,26120,329
2021-12-19,Calaveras,009,45235,4590,4563,65,4628,91
2021-12-19,Colusa,011,21464,2661,2643,687,3330,21
2021-12-19,Contra Costa,013,1133247,105073,103906,2405,106311,1068
2021-12-19,Del Norte,015,27424,3823,3797,56,3853,43
2021-12-19,El Dorado,017,186661,17340,17067,1840,18907,172
2021-12-19,Fresno,019,978130,148881,147505,13339,160844,2341
2021-12-19,Glenn,021,27897,3636,3596,1056,4652,39
2021-12-19,Humboldt,023,135768,10057,9957,737,10694,118
2021-12-19,Imperial,025,180216,36947,36501,4001,40502,792
2021-12-19,Inyo,027,18085,2644,2613,40,2653,47
2021-12-19,Kern,029,883053,135225,134136,24562,158698,1883
2021-12-19,Kings,031,150075,34171,33874,2057,35931,378
2021-12-19,Lake,033,64148,7047,6999,167,7166,116
2021-12-19,Lassen,035,31185,7098,7065,427,7492,55
2021-12-19,Los Angeles,037,10098052,1516779,1495082,57750,1552832,27189
2021-12-19,Madera,039,155013,24839,24642,2369,27011,313
2021-12-19,Marin,041,260295,19050,18707,586,19293,249
2021-12-19,Mariposa,043,17540,1494,1475,62,1537,6
2021-12-19,Mendocino,045,87422,8369,8257,699,8956,96
2021-12-19,Merced,047,269075,44124,44045,2201,46246,687
2021-12-19,Modoc,049,8938,598,595,203,798,6
2021-12-19,Mono,051,14174,1990,1968,23,1991,4
2021-12-19,Monterey,053,433212,50940,49516,3431,52947,636
2021-12-19,Napa,055,140530,13764,13659,135,13794,107
2021-12-19,Nevada,057,99092,10177,10057,354,10411,109
2021-12-19,Orange,059,3164182,323177,319615,16868,336483,5852
2021-12-19,Placer,061,380077,40026,39525,3983,43508,485
2021-12-19,Plumas,063,18699,2024,1971,50,2021,12
2021-12-19,Riverside,065,2383286,386689,381305,16901,398206,5452
2021-12-19,Sacramento,067,1510023,169376,167933,5234,173167,2415
2021-12-19,San Benito,069,59416,7950,7929,183,8112,79
2021-12-19,San Bernardino,071,2135413,377577,373480,12063,385543,6023
2021-12-19,San Diego,073,3302833,403544,398197,23540,421737,4406
2021-12-19,San Francisco,075,870044,58421,56358,2595,58953,681
2021-12-19,San Joaquin,077,732212,104873,104125,5705,109830,1865
2021-12-19,San Luis Obispo,079,281455,31438,31035,1399,32434,366
2021-12-19,San Mateo,081,765935,58007,56132,1045,57177,581
2021-12-19,Santa Barbara,083,443738,47484,47070,1654,48724,562
2021-12-19,Santa Clara,085,1922200,157364,155049,1803,156852,1950
2021-12-19,Santa Cruz,087,273765,22276,21960,1059,23019,227
2021-12-19,Shasta,089,179085,22995,22875,3734,26609,429
2021-12-19,Sierra,091,2930,204,201,21,222,0
2021-12-19,Siskiyou,093,43540,3511,3452,1374,4826,59
2021-12-19,Solano,095,438530,48138,47341,1395,48736,370
2021-12-19,Sonoma,097,501317,44492,43944,609,44553,408
2021-12-19,Stanislaus,099,539301,82861,83040,9409,92449,1331
2021-12-19,Sutter,101,95872,14493,14475,412,14887,190
2021-12-19,Tehama,103,63373,8933,8840,1548,10388,136
2021-12-19,Trinity,105,12862,913,826,220,1046,17
2021-12-19,Tulare,107,460477,72104,71085,16489,87574,1129
2021-12-19,Tuolumne,109,53932,7938,7865,117,7982,91
2021-12-19,Ventura,111,848112,103590,102170,4552,106722,1203
2021-12-19,Yolo,113,214977,21169,20887,1228,22115,267
2021-12-19,Yuba,115,75493,10729,10646,405,11051,97
2021-12-18,Alameda,001,1643700,126668,124583,3028,127611,1512
2021-12-18,Alpine,003,1148,110,110,0,110,0
2021-12-18,Amador,005,37829,5853,5821,74,5895,69
2021-12-18,Butte,007,227075,22226,21956,4093,26049,328
2021-12-18,Calaveras,009,45235,4583,4534,65,4599,91
2021-12-18,Colusa,011,21464,2657,2635,685,3320,21
2021-12-18,Contra Costa,013,1133247,104858,103380,2391,105771,1065
2021-12-18,Del Norte,015,27424,3820,3791,56,3847,43
2021-12-18,El Dorado,017,186661,17313,16968,1837,18805,171
2021-12-18,Fresno,019,978130,148778,147038,13326,160364,2335
2021-12-18,Glenn,021,27897,3633,3590,1056,4646,39
2021-12-18,Humboldt,023,135768,10041,9889,737,10626,118
2021-12-18,Imperial,025,180216,36874,36280,3989,40269,790
2021-12-18,Inyo,027,18085,2638,2607,40,2647,47
2021-12-18,Kern,029,883053,135135,133754,24517,158271,1873
2021-12-18,Kings,031,150075,34138,33783,2053,35836,374
2021-12-18,Lake,033,64148,7046,6976,167,7143,115
2021-12-18,Lassen,035,31185,7096,7061,426,7487,55
2021-12-18,Los Angeles,037,10098052,1512679,1484840,57434,1542274,27135
2021-12-18,Madera,039,155013,24824,24575,2367,26942,313
2021-12-18,Marin,041,260295,18950,18537,574,19111,249
2021-12-18,Mariposa,043,17540,1493,1468,62,1530,6
2021-12-18,Mendocino,045,87422,8363,8219,699,8918,95
2021-12-18,Merced,047,269075,44089,43929,2200,46129,686
2021-12-18,Modoc,049,8938,596,595,203,798,6
2021-12-18,Mono,051,14174,1988,1956,23,1979,4
2021-12-18,Monterey,053,433212,50882,49343,3426,52769,635
2021-12-18,Napa,055,140530,13738,13581,133,13714,107
2021-12-18,Nevada,057,99092,10155,9991,352,10343,108
2021-12-18,Orange,059,3164182,322510,318149,16732,334881,5844
2021-12-18,Placer,061,380077,39925,39336,3969,43305,485
2021-12-18,Plumas,063,18699,2024,1964,50,2014,13
2021-12-18,Riverside,065,2383286,385992,379354,16860,396214,5439
2021-12-18,Sacramento,067,1510023,169140,167046,5214,172260,2404
2021-12-18,San Benito,069,59416,7935,7894,183,8077,79
2021-12-18,San Bernardino,071,2135413,376907,371658,12035,383693,6017
2021-12-18,San Diego,073,3302833,402579,397130,23488,420618,4399
2021-12-18,San Francisco,075,870044,57927,55562,2565,58127,679
2021-12-18,San Joaquin,077,732212,104786,103698,5695,109393,1858
2021-12-18,San Luis Obispo,079,281455,31396,30873,1393,32266,365
2021-12-18,San Mateo,081,765935,57767,55730,1040,56770,580
2021-12-18,Santa Barbara,083,443738,47388,46776,1652,48428,562
2021-12-18,Santa Clara,085,1922200,156908,154243,1790,156033,1946
2021-12-18,Santa Cruz,087,273765,22224,21805,1057,22862,225
2021-12-18,Shasta,089,179085,22974,22811,3734,26545,429
2021-12-18,Sierra,091,2930,204,199,21,220,0
2021-12-18,Siskiyou,093,43540,3509,3441,1373,4814,58
2021-12-18,Solano,095,438530,48092,47174,1393,48567,369
2021-12-18,Sonoma,097,501317,44382,43658,605,44263,407
2021-12-18,Stanislaus,099,539301,82779,82736,9397,92133,1330
2021-12-18,Sutter,101,95872,14475,14435,412,14847,190
2021-12-18,Tehama,103,63373,8926,8814,1547,10361,136
2021-12-18,Trinity,105,12862,913,823,220,1043,17
2021-12-18,Tulare,107,460477,72066,70922,16464,87386,1120
2021-12-18,Tuolumne,109,53932,7924,7834,117,7951,91
2021-12-18,Ventura,111,848112,103305,101612,4530,106142,1201
2021-12-18,Yolo,113,214977,21129,20793,1223,22016,267
2021-12-18,Yuba,115,75493,10718,10599,405,11004,96
2021-12-17,Alameda,001,1643700,126326,124583,3009,127592,1512
2021-12-17,Alpine,003,1148,110,110,0,110,0
2021-12-17,Amador,005,37829,5846,5821,74,5895,69
2021-12-17,Butte,007,227075,22205,21956,4086,26042,328
2021-12-17,Calaveras,009,45235,4579,4534,65,4599,91
2021-12-17,Colusa,011,21464,2656,2635,684,3319,21
2021-12-17,Contra Costa,013,1133247,104657,103380,2387,105767,1065
2021-12-17,Del Norte,015,27424,3819,3791,56,3847,43
2021-12-17,El Dorado,017,186661,17285,16968,1834,18802,171
2021-12-17,Fresno,019,978130,148675,147038,13326,160364,2335
2021-12-17,Glenn,021,27897,3626,3590,1056,4646,39
2021-12-17,Humboldt,023,135768,10021,9889,735,10624,118
2021-12-17,Imperial,025,180216,36811,36280,3971,40251,790
2021-12-17,Inyo,027,18085,2633,2607,40,2647,47
2021-12-17,Kern,029,883053,135043,133754,24476,158230,1873
2021-12-17,Kings,031,150075,34119,33783,2053,35836,374
2021-12-17,Lake,033,64148,7042,6976,167,7143,115
2021-12-17,Lassen,035,31185,7096,7061,425,7486,55
2021-12-17,Los Angeles,037,10098052,1508734,1484840,57196,1542036,27135
2021-12-17,Madera,039,155013,24808,24575,2362,26937,313
2021-12-17,Marin,041,260295,18874,18537,570,19107,249
2021-12-17,Mariposa,043,17540,1489,1468,62,1530,6
2021-12-17,Mendocino,045,87422,8352,8219,699,8918,95
2021-12-17,Merced,047,269075,44063,43929,2199,46128,686
2021-12-17,Modoc,049,8938,596,595,203,798,6
2021-12-17,Mono,051,14174,1985,1956,23,1979,4
2021-12-17,Monterey,053,433212,50824,49343,3421,52764,635
2021-12-17,Napa,055,140530,13711,13581,132,13713,107
2021-12-17,Nevada,057,99092,10144,9991,352,10343,108
2021-12-17,Orange,059,3164182,321947,318149,16664,334813,5844
2021-12-17,Placer,061,380077,39870,39336,3963,43299,485
2021-12-17,Plumas,063,18699,2023,1964,50,2014,13
2021-12-17,Riverside,065,2383286,385339,379354,16850,396204,5439
2021-12-17,Sacramento,067,1510023,168907,167046,5201,172247,2404
2021-12-17,San Benito,069,59416,7933,7894,183,8077,79
2021-12-17,San Bernardino,071,2135413,376346,371658,12018,383676,6017
2021-12-17,San Diego,073,3302833,401651,397130,23440,420570,4399
2021-12-17,San Francisco,075,870044,57600,55562,2535,58097,679
2021-12-17,San Joaquin,077,732212,104711,103698,5678,109376,1858
2021-12-17,San Luis Obispo,079,281455,31367,30873,1389,32262,365
2021-12-17,San Mateo,081,765935,57579,55730,1033,56763,580
2021-12-17,Santa Barbara,083,443738,47311,46776,1646,48422,562
2021-12-17,Santa Clara,085,1922200,156534,154243,1776,156019,1946
2021-12-17,Santa Cruz,087,273765,22177,21805,1053,22858,225
2021-12-17,Shasta,089,179085,22962,22811,3732,26543,429
2021-12-17,Sierra,091,2930,203,199,21,220,0
2021-12-17,Siskiyou,093,43540,3505,3441,1371,4812,58
2021-12-17,Solano,095,438530,48024,47174,1389,48563,369
2021-12-17,Sonoma,097,501317,44285,43658,602,44260,407
2021-12-17,Stanislaus,099,539301,82728,82736,9390,92126,1330
2021-12-17,Sutter,101,95872,14463,14435,410,14845,190
2021-12-17,Tehama,103,63373,8919,8814,1546,10360,136
2021-12-17,Trinity,105,12862,913,823,220,1043,17
2021-12-17,Tulare,107,460477,72024,70922,16434,87356,1120
2021-12-17,Tuolumne,109,53932,7912,7834,117,7951,91
2021-12-17,Ventura,111,848112,103055,101612,4518,106130,1201
2021-12-17,Yolo,113,214977,21096,20793,1218,22011,267
2021-12-17,Yuba,115,75493,10707,10599,403,11002,96
2021-12-16,Alameda,001,1643700,125945,124583,2994,127577,1512
2021-12-16,Alpine,003,1148,108,110,0,110,0
2021-12-16,Amador,005,37829,5838,5821,74,5895,69
2021-12-16,Butte,007,227075,22185,21956,4082,26038,328
2021-12-16,Calaveras,009,45235,4572,4534,65,4599,91
2021-12-16,Colusa,011,21464,2656,2635,684,3319,21
2021-12-16,Contra Costa,013,1133247,104435,103380,2377,105757,1065
2021-12-16,Del Norte,015,27424,3816,3791,56,3847,43
2021-12-16,El Dorado,017,186661,17250,16968,1829,18797,171
2021-12-16,Fresno,019,978130,148516,147038,13318,160356,2335
2021-12-16,Glenn,021,27897,3626,3590,1053,4643,39
2021-12-16,Humboldt,023,135768,9997,9889,725,10614,118
2021-12-16,Imperial,025,180216,36727,36280,3943,40223,790
2021-12-16,Inyo,027,18085,2629,2607,39,2646,47
2021-12-16,Kern,029,883053,134899,133754,24427,158181,1873
2021-12-16,Kings,031,150075,34095,33783,2052,35835,374
2021-12-16,Lake,033,64148,7038,6976,167,7143,115
2021-12-16,Lassen,035,31185,7093,7061,424,7485,55
2021-12-16,Los Angeles,037,10098052,1504517,1484840,56932,1541772,27135
2021-12-16,Madera,039,155013,24779,24575,2358,26933,313
2021-12-16,Marin,041,260295,18827,18537,563,19100,249
2021-12-16,Mariposa,043,17540,1487,1468,62,1530,6
2021-12-16,Mendocino,045,87422,8341,8219,694,8913,95
2021-12-16,Merced,047,269075,44024,43929,2198,46127,686
2021-12-16,Modoc,049,8938,596,595,203,798,6
2021-12-16,Mono,051,14174,1982,1956,23,1979,4
2021-12-16,Monterey,053,433212,50753,49343,3404,52747,635
2021-12-16,Napa,055,140530,13679,13581,132,13713,107
2021-12-16,Nevada,057,99092,10118,9991,352,10343,108
2021-12-16,Orange,059,3164182,321336,318149,16585,334734,5844
2021-12-16,Placer,061,380077,39793,39336,3958,43294,485
2021-12-16,Plumas,063,18699,2023,1964,50,2014,13
2021-12-16,Riverside,065,2383286,384534,379354,16836,396190,5439
2021-12-16,Sacramento,067,1510023,168624,167046,5177,172223,2404
2021-12-16,San Benito,069,59416,7926,7894,183,8077,79
2021-12-16,San Bernardino,071,2135413,375680,371658,11998,383656,6017
2021-12-16,San Diego,073,3302833,400482,397130,23374,420504,4399
2021-12-16,San Francisco,075,870044,57221,55562,2513,58075,679
2021-12-16,San Joaquin,077,732212,104588,103698,5671,109369,1858
2021-12-16,San Luis Obispo,079,281455,31297,30873,1383,32256,365
2021-12-16,San Mateo,081,765935,57379,55730,1030,56760,580
2021-12-16,Santa Barbara,083,443738,47190,46776,1642,48418,562
2021-12-16,Santa Clara,085,1922200,156202,154243,1766,156009,1946
2021-12-16,Santa Cruz,087,273765,22131,21805,1052,22857,225
2021-12-16,Shasta,089,179085,22932,22811,3730,26541,429
2021-12-16,Sierra,091,2930,203,199,21,220,0
2021-12-16,Siskiyou,093,43540,3504,3441,1367,4808,58
2021-12-16,Solano,095,438530,47956,47174,1382,48556,369
2021-12-16,Sonoma,097,501317,44186,43658,600,44258,407
2021-12-16,Stanislaus,099,539301,82641,82736,9376,92112,1330
2021-12-16,Sutter,101,95872,14449,14435,409,14844,190
2021-12-16,Tehama,103,63373,8912,8814,1545,10359,136
2021-12-16,Trinity,105,12862,913,823,220,1043,17
2021-12-16,Tulare,107,460477,71975,70922,16409,87331,1120
2021-12-16,Tuolumne,109,53932,7891,7834,117,7951,91
2021-12-16,Ventura,111,848112,102788,101612,4511,106123,1201
2021-12-16,Yolo,113,214977,21045,20793,1213,22006,267
2021-12-16,Yuba,115,75493,10691,10599,402,11001,96
2021-12-15,Alameda,001,1643700,125616,124342,2983,127325,1509
2021-12-15,Alpine,003,1148,108,109,0,109,0
2021-12-15,Amador,005,37829,5832,5810,74,5884,69
2021-12-15,Butte,007,227075,22161,21922,4081,26003,327
2021-12-15,Calaveras,009,45235,4566,4523,65,4588,89
2021-12-15,Colusa,011,21464,2655,2632,683,3315,21
2021-12-15,Contra Costa,013,1133247,104215,103236,2374,105610,1064
2021-12-15,Del Norte,015,27424,3815,3789,55,3844,43
2021-12-15,El Dorado,017,186661,17220,16936,1823,18759,171
2021-12-15,Fresno,019,978130,148389,146859,13304,160163,2319
2021-12-15,Glenn,021,27897,3625,3589,1053,4642,39
2021-12-15,Humboldt,023,135768,9977,9854,724,10578,118
2021-12-15,Imperial,025,180216,36647,36187,3899,40086,789
2021-12-15,Inyo,027,18085,2624,2606,39,2645,47
2021-12-15,Kern,029,883053,134760,133590,24381,157971,1866
2021-12-15,Kings,031,150075,34066,33716,2048,35764,374
2021-12-15,Lake,033,64148,7030,6968,166,7134,115
2021-12-15,Lassen,035,31185,7093,7062,424,7486,55
2021-12-15,Los Angeles,037,10098052,1500611,1482735,56731,1539466,27116
2021-12-15,Madera,039,155013,24761,24549,2352,26901,313
2021-12-15,Marin,041,260295,18768,18514,558,19072,249
2021-12-15,Mariposa,043,17540,1484,1463,62,1525,6
2021-12-15,Mendocino,045,87422,8336,8209,691,8900,95
2021-12-15,Merced,047,269075,43982,43890,2186,46076,685
2021-12-15,Modoc,049,8938,596,595,203,798,6
2021-12-15,Mono,051,14174,1978,1955,23,1978,4
2021-12-15,Monterey,053,433212,50698,49279,3386,52665,635
2021-12-15,Napa,055,140530,13650,13557,130,13687,107
2021-12-15,Nevada,057,99092,10097,9958,352,10310,107
2021-12-15,Orange,059,3164182,320753,317808,16543,334351,5838
2021-12-15,Placer,061,380077,39736,39264,3948,43212,485
2021-12-15,Plumas,063,18699,2019,1957,50,2007,12
2021-12-15,Riverside,065,2383286,383813,378769,16825,395594,5438
2021-12-15,Sacramento,067,1510023,168316,166793,5157,171950,2401
2021-12-15,San Benito,069,59416,7911,7877,183,8060,79
2021-12-15,San Bernardino,071,2135413,375114,371122,11965,383087,6013
2021-12-15,San Diego,073,3302833,399287,396546,23304,419850,4395
2021-12-15,San Francisco,075,870044,56903,55414,2495,57909,679
2021-12-15,San Joaquin,077,732212,104431,103579,5661,109240,1853
2021-12-15,San Luis Obispo,079,281455,31248,30784,1376,32160,365
2021-12-15,San Mateo,081,765935,57236,55657,1020,56677,580
2021-12-15,Santa Barbara,083,443738,47109,46681,1640,48321,562
2021-12-15,Santa Clara,085,1922200,155892,153928,1746,155674,1944
2021-12-15,Santa Cruz,087,273765,22091,21753,1045,22798,225
2021-12-15,Shasta,089,179085,22917,22778,3726,26504,427
2021-12-15,Sierra,091,2930,203,199,21,220,0
2021-12-15,Siskiyou,093,43540,3503,3434,1366,4800,58
2021-12-15,Solano,095,438530,47885,47098,1376,48474,367
2021-12-15,Sonoma,097,501317,44104,43580,595,44175,407
2021-12-15,Stanislaus,099,539301,82533,82628,9368,91996,1298
2021-12-15,Sutter,101,95872,14429,14428,408,14836,189
2021-12-15,Tehama,103,63373,8905,8806,1544,10350,136
2021-12-15,Trinity,105,12862,912,822,220,1042,17
2021-12-15,Tulare,107,460477,71924,70846,16380,87226,1120
2021-12-15,Tuolumne,109,53932,7882,7818,116,7934,91
2021-12-15,Ventura,111,848112,102573,101447,4505,105952,1199
2021-12-15,Yolo,113,214977,21017,20749,1208,21957,267
2021-12-15,Yuba,115,75493,10681,10587,401,10988,96
2021-12-14,Alameda,001,1643700,125283,124272,2971,127243,1506
2021-12-14,Alpine,003,1148,107,109,0,109,0
2021-12-14,Amador,005,37829,5826,5808,73,5881,69
2021-12-14,Butte,007,227075,22128,21901,4079,25980,326
2021-12-14,Calaveras,009,45235,4554,4517,65,4582,89
2021-12-14,Colusa,011,21464,2653,2628,683,3311,21
2021-12-14,Contra Costa,013,1133247,104031,103135,2370,105505,1064
2021-12-14,Del Norte,015,27424,3812,3788,55,3843,43
2021-12-14,El Dorado,017,186661,17185,16915,1821,18736,170
2021-12-14,Fresno,019,978130,148218,146756,13296,160052,2316
2021-12-14,Glenn,021,27897,3624,3589,1053,4642,39
2021-12-14,Humboldt,023,135768,9965,9836,716,10552,118
2021-12-14,Imperial,025,180216,36575,36049,3856,39905,789
2021-12-14,Inyo,027,18085,2623,2601,39,2640,46
2021-12-14,Kern,029,883053,134622,133498,24332,157830,1863
2021-12-14,Kings,031,150075,34029,33693,2045,35738,373
2021-12-14,Lake,033,64148,7021,6961,166,7127,115
2021-12-14,Lassen,035,31185,7092,7061,424,7485,55
2021-12-14,Los Angeles,037,10098052,1496939,1481131,56555,1537686,27099
2021-12-14,Madera,039,155013,24734,24535,2344,26879,313
2021-12-14,Marin,041,260295,18720,18491,556,19047,249
2021-12-14,Mariposa,043,17540,1481,1463,61,1524,6
2021-12-14,Mendocino,045,87422,8308,8206,689,8895,95
2021-12-14,Merced,047,269075,43936,43870,2184,46054,684
2021-12-14,Modoc,049,8938,595,595,203,798,6
2021-12-14,Mono,051,14174,1971,1955,23,1978,4
2021-12-14,Monterey,053,433212,50614,49237,3375,52612,635
2021-12-14,Napa,055,140530,13621,13528,130,13658,107
2021-12-14,Nevada,057,99092,10071,9956,351,10307,106
2021-12-14,Orange,059,3164182,320198,317465,16489,333954,5827
2021-12-14,Placer,061,380077,39661,39221,3943,43164,482
2021-12-14,Plumas,063,18699,2015,1950,48,1998,12
2021-12-14,Riverside,065,2383286,383121,378227,16808,395035,5427
2021-12-14,Sacramento,067,1510023,168006,166605,5134,171739,2394
2021-12-14,San Benito,069,59416,7892,7871,183,8054,79
2021-12-14,San Bernardino,071,2135413,374484,370604,11933,382537,6013
2021-12-14,San Diego,073,3302833,398148,395876,23253,419129,4393
2021-12-14,San Francisco,075,870044,56587,55278,2484,57762,679
2021-12-14,San Joaquin,077,732212,104285,103488,5644,109132,1848
2021-12-14,San Luis Obispo,079,281455,31188,30753,1372,32125,363
2021-12-14,San Mateo,081,765935,57072,55601,1013,56614,580
2021-12-14,Santa Barbara,083,443738,47007,46648,1636,48284,560
2021-12-14,Santa Clara,085,1922200,155569,153814,1733,155547,1945
2021-12-14,Santa Cruz,087,273765,22026,21737,1040,22777,225
2021-12-14,Shasta,089,179085,22890,22756,3725,26481,427
2021-12-14,Sierra,091,2930,201,199,21,220,0
2021-12-14,Siskiyou,093,43540,3498,3430,1365,4795,58
2021-12-14,Solano,095,438530,47838,47065,1370,48435,367
2021-12-14,Sonoma,097,501317,44021,43538,593,44131,407
2021-12-14,Stanislaus,099,539301,82446,82581,9352,91933,1293
2021-12-14,Sutter,101,95872,14417,14421,407,14828,189
2021-12-14,Tehama,103,63373,8901,8805,1544,10349,134
2021-12-14,Trinity,105,12862,912,821,220,1041,17
2021-12-14,Tulare,107,460477,71852,70803,16350,87153,1120
2021-12-14,Tuolumne,109,53932,7869,7815,116,7931,91
2021-12-14,Ventura,111,848112,102349,101343,4498,105841,1199
2021-12-14,Yolo,113,214977,20982,20734,1196,21930,267
2021-12-14,Yuba,115,75493,10664,10574,401,10975,92
2021-12-13,Alameda,001,1643700,124994,124174,2954,127128,1501
2021-12-13,Alpine,003,1148,107,109,0,109,0
2021-12-13,Amador,005,37829,5822,5797,73,5870,69
2021-12-13,Butte,007,227075,22104,21889,4075,25964,326
2021-12-13,Calaveras,009,45235,4547,4507,64,4571,89
2021-12-13,Colusa,011,21464,2650,2627,683,3310,21
2021-12-13,Contra Costa,013,1133247,103878,103041,2359,105400,1064
2021-12-13,Del Norte,015,27424,3808,3787,55,3842,42
2021-12-13,El Dorado,017,186661,17162,16896,1819,18715,170
2021-12-13,Fresno,019,978130,148068,146641,13286,159927,2312
2021-12-13,Glenn,021,27897,3620,3589,1051,4640,37
2021-12-13,Humboldt,023,135768,9936,9821,712,10533,118
2021-12-13,Imperial,025,180216,36491,35974,3835,39809,787
2021-12-13,Inyo,027,18085,2622,2592,39,2631,46
2021-12-13,Kern,029,883053,134496,133381,24279,157660,1863
2021-12-13,Kings,031,150075,33986,33680,2040,35720,372
2021-12-13,Lake,033,64148,7019,6958,164,7122,115
2021-12-13,Lassen,035,31185,7091,7057,424,7481,55
2021-12-13,Los Angeles,037,10098052,1494156,1480195,56394,1536589,27085
2021-12-13,Madera,039,155013,24705,24527,2339,26866,311
2021-12-13,Marin,041,260295,18660,18471,553,19024,249
2021-12-13,Mariposa,043,17540,1479,1462,61,1523,6
2021-12-13,Mendocino,045,87422,8295,8196,687,8883,95
2021-12-13,Merced,047,269075,43896,43848,2180,46028,682
2021-12-13,Modoc,049,8938,594,595,203,798,6
2021-12-13,Mono,051,14174,1964,1952,23,1975,4
2021-12-13,Monterey,053,433212,50562,49222,3356,52578,631
2021-12-13,Napa,055,140530,13608,13518,130,13648,107
2021-12-13,Nevada,057,99092,10052,9946,350,10296,106
2021-12-13,Orange,059,3164182,319728,317112,16437,333549,5824
2021-12-13,Placer,061,380077,39600,39168,3932,43100,481
2021-12-13,Plumas,063,18699,2011,1943,48,1991,12
2021-12-13,Riverside,065,2383286,382540,377728,16793,394521,5414
2021-12-13,Sacramento,067,1510023,167727,166439,5102,171541,2392
2021-12-13,San Benito,069,59416,7883,7856,183,8039,79
2021-12-13,San Bernardino,071,2135413,373903,370274,11925,382199,6011
2021-12-13,San Diego,073,3302833,397343,395266,23200,418466,4389
2021-12-13,San Francisco,075,870044,56317,55245,2471,57716,678
2021-12-13,San Joaquin,077,732212,104169,103449,5635,109084,1846
2021-12-13,San Luis Obispo,079,281455,31138,30746,1368,32114,363
2021-12-13,San Mateo,081,765935,56913,55569,1004,56573,580
2021-12-13,Santa Barbara,083,443738,46919,46608,1631,48239,560
2021-12-13,Santa Clara,085,1922200,155304,153672,1722,155394,1944
2021-12-13,Santa Cruz,087,273765,21971,21698,1037,22735,225
2021-12-13,Shasta,089,179085,22869,22731,3723,26454,426
2021-12-13,Sierra,091,2930,201,199,21,220,0
2021-12-13,Siskiyou,093,43540,3494,3426,1362,4788,57
2021-12-13,Solano,095,438530,47764,47045,1365,48410,365
2021-12-13,Sonoma,097,501317,43925,43492,591,44083,407
2021-12-13,Stanislaus,099,539301,82329,82507,9329,91836,1282
2021-12-13,Sutter,101,95872,14410,14408,407,14815,188
2021-12-13,Tehama,103,63373,8889,8800,1544,10344,134
2021-12-13,Trinity,105,12862,912,820,220,1040,17
2021-12-13,Tulare,107,460477,71794,70758,16326,87084,1114
2021-12-13,Tuolumne,109,53932,7858,7804,116,7920,91
2021-12-13,Ventura,111,848112,102124,101180,4487,105667,1197
2021-12-13,Yolo,113,214977,20933,20706,1191,21897,267
2021-12-13,Yuba,115,75493,10647,10570,401,10971,92
2021-12-12,Alameda,001,1643700,124712,124075,2942,127017,1503
2021-12-12,Alpine,003,1148,107,109,0,109,0
2021-12-12,Amador,005,37829,5814,5797,72,5869,69
2021-12-12,Butte,007,227075,22080,21874,4069,25943,326
2021-12-12,Calaveras,009,45235,4536,4501,64,4565,89
2021-12-12,Colusa,011,21464,2645,2627,680,3307,21
2021-12-12,Contra Costa,013,1133247,103690,102976,2357,105333,1065
2021-12-12,Del Norte,015,27424,3805,3793,55,3848,42
2021-12-12,El Dorado,017,186661,17126,16890,1811,18701,170
2021-12-12,Fresno,019,978130,147906,146518,13271,159789,2310
2021-12-12,Glenn,021,27897,3617,3589,1051,4640,37
2021-12-12,Humboldt,023,135768,9911,9804,705,10509,118
2021-12-12,Imperial,025,180216,36357,35926,3804,39730,787
2021-12-12,Inyo,027,18085,2617,2592,39,2631,46
2021-12-12,Kern,029,883053,134330,133314,24238,157552,1861
2021-12-12,Kings,031,150075,33935,33661,2038,35699,372
2021-12-12,Lake,033,64148,7012,6955,162,7117,115
2021-12-12,Lassen,035,31185,7090,7057,424,7481,55
2021-12-12,Los Angeles,037,10098052,1491240,1479054,56216,1535270,27074
2021-12-12,Madera,039,155013,24676,24493,2332,26825,311
2021-12-12,Marin,041,260295,18607,18451,549,19000,249
2021-12-12,Mariposa,043,17540,1478,1461,61,1522,6
2021-12-12,Mendocino,045,87422,8282,8190,686,8876,95
2021-12-12,Merced,047,269075,43863,43821,2173,45994,682
2021-12-12,Modoc,049,8938,594,595,202,797,6
2021-12-12,Mono,051,14174,1960,1947,23,1970,4
2021-12-12,Monterey,053,433212,50509,49192,3329,52521,631
2021-12-12,Napa,055,140530,13565,13508,128,13636,107
2021-12-12,Nevada,057,99092,10025,9938,349,10287,106
2021-12-12,Orange,059,3164182,319222,316918,16373,333291,5825
2021-12-12,Placer,061,380077,39535,39139,3926,43065,481
2021-12-12,Plumas,063,18699,2007,1942,46,1988,12
2021-12-12,Riverside,065,2383286,381862,377467,16768,394235,5414
2021-12-12,Sacramento,067,1510023,167460,166291,5081,171372,2392
2021-12-12,San Benito,069,59416,7863,7853,183,8036,79
2021-12-12,San Bernardino,071,2135413,373257,369977,11901,381878,6011
2021-12-12,San Diego,073,3302833,396448,393307,23162,416469,4378
2021-12-12,San Francisco,075,870044,56061,55180,2459,57639,678
2021-12-12,San Joaquin,077,732212,104030,103405,5625,109030,1846
2021-12-12,San Luis Obispo,079,281455,31085,30719,1366,32085,363
2021-12-12,San Mateo,081,765935,56796,55505,1000,56505,580
2021-12-12,Santa Barbara,083,443738,46844,46586,1629,48215,560
2021-12-12,Santa Clara,085,1922200,155018,153452,1708,155160,1945
2021-12-12,Santa Cruz,087,273765,21922,21671,1035,22706,225
2021-12-12,Shasta,089,179085,22841,22732,3722,26454,426
2021-12-12,Sierra,091,2930,201,199,21,220,0
2021-12-12,Siskiyou,093,43540,3494,3424,1362,4786,57
2021-12-12,Solano,095,438530,47698,47021,1362,48383,365
2021-12-12,Sonoma,097,501317,43832,43424,588,44012,407
2021-12-12,Stanislaus,099,539301,82229,82460,9316,91776,1282
2021-12-12,Sutter,101,95872,14399,14396,407,14803,189
2021-12-12,Tehama,103,63373,8878,8796,1542,10338,134
2021-12-12,Trinity,105,12862,910,820,220,1040,17
2021-12-12,Tulare,107,460477,71718,70733,16284,87017,1115
2021-12-12,Tuolumne,109,53932,7841,7794,116,7910,91
2021-12-12,Ventura,111,848112,101931,101105,4473,105578,1197
2021-12-12,Yolo,113,214977,20882,20685,1180,21865,267
2021-12-12,Yuba,115,75493,10633,10565,398,10963,92
2021-12-11,Alameda,001,1643700,124575,123572,2940,126512,1496
2021-12-11,Alpine,003,1148,107,109,0,109,0
2021-12-11,Amador,005,37829,5809,5787,72,5859,69
2021-12-11,Butte,007,227075,22066,21819,4067,25886,326
2021-12-11,Calaveras,009,45235,4528,4469,63,4532,89
2021-12-11,Colusa,011,21464,2641,2619,679,3298,21
2021-12-11,Contra Costa,013,1133247,103604,102618,2355,104973,1061
2021-12-11,Del Norte,015,27424,3805,3778,55,3833,42
2021-12-11,El Dorado,017,186661,17106,16796,1810,18606,170
2021-12-11,Fresno,019,978130,147818,145988,13262,159250,2294
2021-12-11,Glenn,021,27897,3615,3585,1051,4636,37
2021-12-11,Humboldt,023,135768,9894,9721,702,10423,118
2021-12-11,Imperial,025,180216,36299,35635,3795,39430,782
2021-12-11,Inyo,027,18085,2612,2576,39,2615,46
2021-12-11,Kern,029,883053,134261,132852,24204,157056,1854
2021-12-11,Kings,031,150075,33922,33530,2036,35566,371
2021-12-11,Lake,033,64148,7011,6932,160,7092,114
2021-12-11,Lassen,035,31185,7089,7049,424,7473,55
2021-12-11,Los Angeles,037,10098052,1490024,1474030,56126,1530156,27031
2021-12-11,Madera,039,155013,24670,24417,2331,26748,311
2021-12-11,Marin,041,260295,18573,18339,546,18885,249
2021-12-11,Mariposa,043,17540,1477,1450,61,1511,6
2021-12-11,Mendocino,045,87422,8275,8130,686,8816,95
2021-12-11,Merced,047,269075,43844,43690,2172,45862,681
2021-12-11,Modoc,049,8938,594,594,202,796,6
2021-12-11,Mono,051,14174,1956,1926,23,1949,4
2021-12-11,Monterey,053,433212,50481,49008,3326,52334,631
2021-12-11,Napa,055,140530,13548,13459,128,13587,107
2021-12-11,Nevada,057,99092,10012,9880,349,10229,106
2021-12-11,Orange,059,3164182,318972,315759,16346,332105,5805
2021-12-11,Placer,061,380077,39477,38959,3919,42878,481
2021-12-11,Plumas,063,18699,2001,1934,46,1980,12
2021-12-11,Riverside,065,2383286,381441,375649,16753,392402,5408
2021-12-11,Sacramento,067,1510023,167329,165530,5074,170604,2386
2021-12-11,San Benito,069,59416,7849,7808,183,7991,79
2021-12-11,San Bernardino,071,2135413,372894,368145,11891,380036,6007
2021-12-11,San Diego,073,3302833,396025,392274,23124,415398,4374
2021-12-11,San Francisco,075,870044,55908,54869,2454,57323,678
2021-12-11,San Joaquin,077,732212,103969,103013,5621,108634,1842
2021-12-11,San Luis Obispo,079,281455,31063,30567,1362,31929,362
2021-12-11,San Mateo,081,765935,56717,55284,998,56282,580
2021-12-11,Santa Barbara,083,443738,46809,46309,1629,47938,559
2021-12-11,Santa Clara,085,1922200,154820,152846,1696,154542,1941
2021-12-11,Santa Cruz,087,273765,21898,21557,1035,22592,225
2021-12-11,Shasta,089,179085,22826,22660,3718,26378,419
2021-12-11,Sierra,091,2930,201,199,21,220,0
2021-12-11,Siskiyou,093,43540,3488,3418,1359,4777,57
2021-12-11,Solano,095,438530,47669,46891,1358,48249,365
2021-12-11,Sonoma,097,501317,43784,43227,588,43815,407
2021-12-11,Stanislaus,099,539301,82180,82133,9307,91440,1264
2021-12-11,Sutter,101,95872,14390,14354,407,14761,187
2021-12-11,Tehama,103,63373,8875,8776,1540,10316,134
2021-12-11,Trinity,105,12862,910,819,220,1039,17
2021-12-11,Tulare,107,460477,71674,70523,16274,86797,1103
2021-12-11,Tuolumne,109,53932,7832,7760,116,7876,91
2021-12-11,Ventura,111,848112,101856,100711,4466,105177,1195
2021-12-11,Yolo,113,214977,20863,20608,1176,21784,267
2021-12-11,Yuba,115,75493,10621,10519,397,10916,92
2021-12-10,Alameda,001,1643700,124452,123572,2932,126504,1496
2021-12-10,Alpine,003,1148,106,109,0,109,0
2021-12-10,Amador,005,37829,5802,5787,72,5859,69
2021-12-10,Butte,007,227075,22053,21819,4065,25884,326
2021-12-10,Calaveras,009,45235,4525,4469,63,4532,89
2021-12-10,Colusa,011,21464,2640,2619,679,3298,21
2021-12-10,Contra Costa,013,1133247,103508,102618,2354,104972,1061
2021-12-10,Del Norte,015,27424,3805,3778,55,3833,42
2021-12-10,El Dorado,017,186661,17093,16796,1810,18606,170
2021-12-10,Fresno,019,978130,147730,145988,13251,159239,2294
2021-12-10,Glenn,021,27897,3615,3585,1051,4636,37
2021-12-10,Humboldt,023,135768,9877,9721,700,10421,118
2021-12-10,Imperial,025,180216,36244,35635,3780,39415,782
2021-12-10,Inyo,027,18085,2609,2576,39,2615,46
2021-12-10,Kern,029,883053,134172,132852,24180,157032,1854
2021-12-10,Kings,031,150075,33907,33530,2034,35564,371
2021-12-10,Lake,033,64148,7004,6932,160,7092,114
2021-12-10,Lassen,035,31185,7088,7049,424,7473,55
2021-12-10,Los Angeles,037,10098052,1488936,1474030,56040,1530070,27031
2021-12-10,Madera,039,155013,24652,24417,2329,26746,311
2021-12-10,Marin,041,260295,18551,18339,546,18885,249
2021-12-10,Mariposa,043,17540,1474,1450,61,1511,6
2021-12-10,Mendocino,045,87422,8268,8130,685,8815,95
2021-12-10,Merced,047,269075,43826,43690,2170,45860,681
2021-12-10,Modoc,049,8938,594,594,202,796,6
2021-12-10,Mono,051,14174,1953,1926,23,1949,4
2021-12-10,Monterey,053,433212,50444,49008,3320,52328,631
2021-12-10,Napa,055,140530,13536,13459,127,13586,107
2021-12-10,Nevada,057,99092,10003,9880,349,10229,106
2021-12-10,Orange,059,3164182,318704,315759,16314,332073,5805
2021-12-10,Placer,061,380077,39435,38959,3916,42875,481
2021-12-10,Plumas,063,18699,1999,1934,46,1980,12
2021-12-10,Riverside,065,2383286,381034,375649,16743,392392,5408
2021-12-10,Sacramento,067,1510023,167177,165530,5072,170602,2386
2021-12-10,San Benito,069,59416,7845,7808,183,7991,79
2021-12-10,San Bernardino,071,2135413,372522,368145,11868,380013,6007
2021-12-10,San Diego,073,3302833,395545,392274,23110,415384,4374
2021-12-10,San Francisco,075,870044,55823,54869,2448,57317,678
2021-12-10,San Joaquin,077,732212,103914,103013,5617,108630,1842
2021-12-10,San Luis Obispo,079,281455,31053,30567,1359,31926,362
2021-12-10,San Mateo,081,765935,56660,55284,995,56279,580
2021-12-10,Santa Barbara,083,443738,46773,46309,1628,47937,559
2021-12-10,Santa Clara,085,1922200,154650,152846,1683,154529,1941
2021-12-10,Santa Cruz,087,273765,21878,21557,1034,22591,225
2021-12-10,Shasta,089,179085,22815,22660,3715,26375,419
2021-12-10,Sierra,091,2930,201,199,21,220,0
2021-12-10,Siskiyou,093,43540,3481,3418,1359,4777,57
2021-12-10,Solano,095,438530,47627,46891,1354,48245,365
2021-12-10,Sonoma,097,501317,43750,43227,587,43814,407
2021-12-10,Stanislaus,099,539301,82114,82133,9301,91434,1264
2021-12-10,Sutter,101,95872,14382,14354,407,14761,187
2021-12-10,Tehama,103,63373,8873,8776,1538,10314,134
2021-12-10,Trinity,105,12862,910,819,220,1039,17
2021-12-10,Tulare,107,460477,71645,70523,16250,86773,1103
2021-12-10,Tuolumne,109,53932,7826,7760,116,7876,91
2021-12-10,Ventura,111,848112,101752,100711,4463,105174,1195
2021-12-10,Yolo,113,214977,20849,20608,1174,21782,267
2021-12-10,Yuba,115,75493,10609,10519,396,10915,92
2021-12-09,Alameda,001,1643700,124309,123572,2927,126499,1496
2021-12-09,Alpine,003,1148,106,109,0,109,0
2021-12-09,Amador,005,37829,5799,5787,71,5858,69
2021-12-09,Butte,007,227075,22033,21819,4061,25880,326
2021-12-09,Calaveras,009,45235,4516,4469,63,4532,89
2021-12-09,Colusa,011,21464,2638,2619,679,3298,21
2021-12-09,Contra Costa,013,1133247,103389,102618,2348,104966,1061
2021-12-09,Del Norte,015,27424,3804,3778,55,3833,42
2021-12-09,El Dorado,017,186661,17065,16796,1805,18601,170
2021-12-09,Fresno,019,978130,147582,145988,13239,159227,2294
2021-12-09,Glenn,021,27897,3615,3585,1051,4636,37
2021-12-09,Humboldt,023,135768,9854,9721,699,10420,118
2021-12-09,Imperial,025,180216,36173,35635,3751,39386,782
2021-12-09,Inyo,027,18085,2607,2576,39,2615,46
2021-12-09,Kern,029,883053,134046,132852,24147,156999,1854
2021-12-09,Kings,031,150075,33880,33530,2031,35561,371
2021-12-09,Lake,033,64148,6995,6932,160,7092,114
2021-12-09,Lassen,035,31185,7086,7049,424,7473,55
2021-12-09,Los Angeles,037,10098052,1487396,1474030,55957,1529987,27031
2021-12-09,Madera,039,155013,24627,24417,2326,26743,311
2021-12-09,Marin,041,260295,18537,18339,544,18883,249
2021-12-09,Mariposa,043,17540,1473,1450,61,1511,6
2021-12-09,Mendocino,045,87422,8255,8130,682,8812,95
2021-12-09,Merced,047,269075,43788,43690,2158,45848,681
2021-12-09,Modoc,049,8938,594,594,202,796,6
2021-12-09,Mono,051,14174,1949,1926,23,1949,4
2021-12-09,Monterey,053,433212,50398,49008,3309,52317,631
2021-12-09,Napa,055,140530,13516,13459,123,13582,107
2021-12-09,Nevada,057,99092,9984,9880,349,10229,106
2021-12-09,Orange,059,3164182,318367,315759,16275,332034,5805
2021-12-09,Placer,061,380077,39391,38959,3903,42862,481
2021-12-09,Plumas,063,18699,1991,1934,46,1980,12
2021-12-09,Riverside,065,2383286,380484,375649,16727,392376,5408
2021-12-09,Sacramento,067,1510023,166956,165530,5057,170587,2386
2021-12-09,San Benito,069,59416,7833,7808,182,7990,79
2021-12-09,San Bernardino,071,2135413,372007,368145,11844,379989,6007
2021-12-09,San Diego,073,3302833,394898,392274,23080,415354,4374
2021-12-09,San Francisco,075,870044,55738,54869,2441,57310,678
2021-12-09,San Joaquin,077,732212,103822,103013,5612,108625,1842
2021-12-09,San Luis Obispo,079,281455,31025,30567,1356,31923,362
2021-12-09,San Mateo,081,765935,56572,55284,993,56277,580
2021-12-09,Santa Barbara,083,443738,46693,46309,1622,47931,559
2021-12-09,Santa Clara,085,1922200,154433,152846,1672,154518,1941
2021-12-09,Santa Cruz,087,273765,21850,21557,1034,22591,225
2021-12-09,Shasta,089,179085,22799,22660,3714,26374,419
2021-12-09,Sierra,091,2930,201,199,21,220,0
2021-12-09,Siskiyou,093,43540,3477,3418,1358,4776,57
2021-12-09,Solano,095,438530,47590,46891,1352,48243,365
2021-12-09,Sonoma,097,501317,43693,43227,585,43812,407
2021-12-09,Stanislaus,099,539301,82043,82133,9286,91419,1264
2021-12-09,Sutter,101,95872,14367,14354,407,14761,187
2021-12-09,Tehama,103,63373,8866,8776,1536,10312,134
2021-12-09,Trinity,105,12862,910,819,220,1039,17
2021-12-09,Tulare,107,460477,71590,70523,16221,86744,1103
2021-12-09,Tuolumne,109,53932,7815,7760,115,7875,91
2021-12-09,Ventura,111,848112,101607,100711,4451,105162,1195
2021-12-09,Yolo,113,214977,20826,20608,1166,21774,267
2021-12-09,Yuba,115,75493,10601,10519,393,10912,92
2021-12-08,Alameda,001,1643700,124159,123438,2917,126355,1496
2021-12-08,Alpine,003,1148,106,108,0,108,0
2021-12-08,Amador,005,37829,5794,5781,71,5852,69
2021-12-08,Butte,007,227075,22016,21780,4058,25838,326
2021-12-08,Calaveras,009,45235,4508,4455,63,4518,89
2021-12-08,Colusa,011,21464,2635,2619,678,3297,21
2021-12-08,Contra Costa,013,1133247,103260,102506,2348,104854,1058
2021-12-08,Del Norte,015,27424,3803,3767,55,3822,42
2021-12-08,El Dorado,017,186661,17033,16757,1805,18562,170
2021-12-08,Fresno,019,978130,147422,145830,13225,159055,2293
2021-12-08,Glenn,021,27897,3615,3584,1048,4632,37
2021-12-08,Humboldt,023,135768,9833,9704,697,10401,117
2021-12-08,Imperial,025,180216,36092,35537,3721,39258,782
2021-12-08,Inyo,027,18085,2604,2570,39,2609,46
2021-12-08,Kern,029,883053,133924,132709,24099,156808,1846
2021-12-08,Kings,031,150075,33846,33468,2030,35498,371
2021-12-08,Lake,033,64148,6989,6927,159,7086,114
2021-12-08,Lassen,035,31185,7085,7041,422,7463,55
2021-12-08,Los Angeles,037,10098052,1485848,1472410,55847,1528257,27018
2021-12-08,Madera,039,155013,24606,24396,2319,26715,311
2021-12-08,Marin,041,260295,18516,18305,541,18846,249
2021-12-08,Mariposa,043,17540,1470,1447,61,1508,6
2021-12-08,Mendocino,045,87422,8242,8118,681,8799,95
2021-12-08,Merced,047,269075,43756,43631,2151,45782,680
2021-12-08,Modoc,049,8938,594,594,202,796,6
2021-12-08,Mono,051,14174,1943,1924,23,1947,4
2021-12-08,Monterey,053,433212,50333,48957,3293,52250,631
2021-12-08,Napa,055,140530,13502,13421,123,13544,107
2021-12-08,Nevada,057,99092,9968,9862,349,10211,106
2021-12-08,Orange,059,3164182,318019,315421,16238,331659,5795
2021-12-08,Placer,061,380077,39340,38934,3899,42833,478
2021-12-08,Plumas,063,18699,1989,1924,46,1970,12
2021-12-08,Riverside,065,2383286,379973,375099,16704,391803,5404
2021-12-08,Sacramento,067,1510023,166701,165278,5030,170308,2373
2021-12-08,San Benito,069,59416,7824,7793,182,7975,79
2021-12-08,San Bernardino,071,2135413,371525,367516,11820,379336,6006
2021-12-08,San Diego,073,3302833,394248,391676,23048,414724,4369
2021-12-08,San Francisco,075,870044,55651,54792,2433,57225,677
2021-12-08,San Joaquin,077,732212,103720,102877,5603,108480,1841
2021-12-08,San Luis Obispo,079,281455,30976,30519,1351,31870,361
2021-12-08,San Mateo,081,765935,56505,55220,987,56207,580
2021-12-08,Santa Barbara,083,443738,46638,46250,1619,47869,558
2021-12-08,Santa Clara,085,1922200,154268,152674,1661,154335,1937
2021-12-08,Santa Cruz,087,273765,21804,21505,1032,22537,224
2021-12-08,Shasta,089,179085,22779,22616,3708,26324,419
2021-12-08,Sierra,091,2930,201,199,21,220,0
2021-12-08,Siskiyou,093,43540,3476,3415,1356,4771,57
2021-12-08,Solano,095,438530,47560,46837,1351,48188,365
2021-12-08,Sonoma,097,501317,43631,43179,584,43763,405
2021-12-08,Stanislaus,099,539301,81962,82038,9273,91311,1264
2021-12-08,Sutter,101,95872,14351,14336,405,14741,187
2021-12-08,Tehama,103,63373,8857,8768,1536,10304,133
2021-12-08,Trinity,105,12862,910,818,220,1038,17
2021-12-08,Tulare,107,460477,71527,70472,16196,86668,1102
2021-12-08,Tuolumne,109,53932,7802,7749,115,7864,91
2021-12-08,Ventura,111,848112,101478,100647,4448,105095,1194
2021-12-08,Yolo,113,214977,20800,20575,1160,21735,267
2021-12-08,Yuba,115,75493,10587,10499,390,10889,92
2021-12-07,Alameda,001,1643700,123984,123325,2909,126234,1497
2021-12-07,Alpine,003,1148,106,108,0,108,0
2021-12-07,Amador,005,37829,5791,5778,70,5848,69
2021-12-07,Butte,007,227075,21992,21761,4052,25813,324
2021-12-07,Calaveras,009,45235,4491,4445,63,4508,88
2021-12-07,Colusa,011,21464,2633,2619,678,3297,21
2021-12-07,Contra Costa,013,1133247,103141,102421,2340,104761,1058
2021-12-07,Del Norte,015,27424,3802,3766,55,3821,42
2021-12-07,El Dorado,017,186661,17007,16742,1802,18544,170
2021-12-07,Fresno,019,978130,147274,145715,13211,158926,2289
2021-12-07,Glenn,021,27897,3614,3579,1048,4627,36
2021-12-07,Humboldt,023,135768,9807,9693,692,10385,117
2021-12-07,Imperial,025,180216,36014,35502,3700,39202,778
2021-12-07,Inyo,027,18085,2601,2567,39,2606,46
2021-12-07,Kern,029,883053,133764,132564,24046,156610,1838
2021-12-07,Kings,031,150075,33814,33441,2027,35468,372
2021-12-07,Lake,033,64148,6985,6925,159,7084,113
2021-12-07,Lassen,035,31185,7083,7040,421,7461,55
2021-12-07,Los Angeles,037,10098052,1484070,1470904,55747,1526651,27007
2021-12-07,Madera,039,155013,24583,24367,2312,26679,311
2021-12-07,Marin,041,260295,18483,18284,535,18819,249
2021-12-07,Mariposa,043,17540,1468,1446,61,1507,6
2021-12-07,Mendocino,045,87422,8223,8107,681,8788,95
2021-12-07,Merced,047,269075,43715,43600,2144,45744,675
2021-12-07,Modoc,049,8938,594,594,201,795,6
2021-12-07,Mono,051,14174,1941,1921,23,1944,4
2021-12-07,Monterey,053,433212,50249,48880,3275,52155,631
2021-12-07,Napa,055,140530,13483,13409,123,13532,107
2021-12-07,Nevada,057,99092,9953,9858,348,10206,105
2021-12-07,Orange,059,3164182,317685,315138,16189,331327,5784
2021-12-07,Placer,061,380077,39264,38860,3895,42755,474
2021-12-07,Plumas,063,18699,1985,1915,46,1961,12
2021-12-07,Riverside,065,2383286,379441,374552,16688,391240,5397
2021-12-07,Sacramento,067,1510023,166453,165148,5016,170164,2375
2021-12-07,San Benito,069,59416,7807,7776,182,7958,78
2021-12-07,San Bernardino,071,2135413,370932,366981,11802,378783,6007
2021-12-07,San Diego,073,3302833,393405,391110,23010,414120,4357
2021-12-07,San Francisco,075,870044,55539,54729,2428,57157,676
2021-12-07,San Joaquin,077,732212,103603,102797,5591,108388,1839
2021-12-07,San Luis Obispo,079,281455,30936,30495,1349,31844,361
2021-12-07,San Mateo,081,765935,56413,55163,981,56144,580
2021-12-07,Santa Barbara,083,443738,46566,46205,1617,47822,556
2021-12-07,Santa Clara,085,1922200,154081,152465,1652,154117,1941
2021-12-07,Santa Cruz,087,273765,21757,21493,1032,22525,224
2021-12-07,Shasta,089,179085,22757,22594,3705,26299,418
2021-12-07,Sierra,091,2930,201,199,21,220,0
2021-12-07,Siskiyou,093,43540,3474,3412,1356,4768,57
2021-12-07,Solano,095,438530,47520,46812,1349,48161,365
2021-12-07,Sonoma,097,501317,43557,43154,583,43737,405
2021-12-07,Stanislaus,099,539301,81884,81980,9262,91242,1258
2021-12-07,Sutter,101,95872,14343,14322,404,14726,186
2021-12-07,Tehama,103,63373,8849,8765,1535,10300,133
2021-12-07,Trinity,105,12862,910,818,220,1038,17
2021-12-07,Tulare,107,460477,71472,70411,16169,86580,1103
2021-12-07,Tuolumne,109,53932,7794,7743,115,7858,91
2021-12-07,Ventura,111,848112,101381,100569,4438,105007,1194
2021-12-07,Yolo,113,214977,20774,20560,1157,21717,263
2021-12-07,Yuba,115,75493,10569,10491,389,10880,91
2021-12-06,Alameda,001,1643700,123818,123227,2905,126132,1496
2021-12-06,Alpine,003,1148,106,108,0,108,0
2021-12-06,Amador,005,37829,5784,5769,69,5838,67
2021-12-06,Butte,007,227075,21974,21732,4049,25781,321
2021-12-06,Calaveras,009,45235,4484,4443,63,4506,88
2021-12-06,Colusa,011,21464,2632,2615,674,3289,21
2021-12-06,Contra Costa,013,1133247,103021,102327,2336,104663,1058
2021-12-06,Del Norte,015,27424,3800,3744,55,3799,42
2021-12-06,El Dorado,017,186661,16982,16726,1800,18526,168
2021-12-06,Fresno,019,978130,147077,145539,13200,158739,2285
2021-12-06,Glenn,021,27897,3611,3577,1047,4624,36
2021-12-06,Humboldt,023,135768,9787,9671,685,10356,117
2021-12-06,Imperial,025,180216,35933,35453,3682,39135,778
2021-12-06,Inyo,027,18085,2595,2562,38,2600,46
2021-12-06,Kern,029,883053,133576,132366,23990,156356,1835
2021-12-06,Kings,031,150075,33781,33399,2022,35421,368
2021-12-06,Lake,033,64148,6981,6922,159,7081,113
2021-12-06,Lassen,035,31185,7078,7032,419,7451,51
2021-12-06,Los Angeles,037,10098052,1482407,1470059,55654,1525713,26993
2021-12-06,Madera,039,155013,24556,24334,2309,26643,307
2021-12-06,Marin,041,260295,18455,18252,533,18785,249
2021-12-06,Mariposa,043,17540,1465,1443,61,1504,6
2021-12-06,Mendocino,045,87422,8210,8079,677,8756,95
2021-12-06,Merced,047,269075,43675,43549,2134,45683,672
2021-12-06,Modoc,049,8938,594,593,201,794,6
2021-12-06,Mono,051,14174,1936,1913,23,1936,4
2021-12-06,Monterey,053,433212,50173,48831,3255,52086,626
2021-12-06,Napa,055,140530,13460,13387,121,13508,107
2021-12-06,Nevada,057,99092,9925,9847,347,10194,105
2021-12-06,Orange,059,3164182,317305,314859,16146,331005,5771
2021-12-06,Placer,061,380077,39206,38785,3890,42675,473
2021-12-06,Plumas,063,18699,1977,1913,46,1959,10
2021-12-06,Riverside,065,2383286,378916,374116,16674,390790,5388
2021-12-06,Sacramento,067,1510023,166177,164926,4995,169921,2367
2021-12-06,San Benito,069,59416,7791,7755,182,7937,78
2021-12-06,San Bernardino,071,2135413,370372,366606,11775,378381,5998
2021-12-06,San Diego,073,3302833,392558,390389,22965,413354,4352
2021-12-06,San Francisco,075,870044,55431,54659,2423,57082,674
2021-12-06,San Joaquin,077,732212,103475,102728,5584,108312,1837
2021-12-06,San Luis Obispo,079,281455,30899,30464,1347,31811,361
2021-12-06,San Mateo,081,765935,56339,55112,978,56090,580
2021-12-06,Santa Barbara,083,443738,46473,46146,1616,47762,556
2021-12-06,Santa Clara,085,1922200,153872,152310,1635,153945,1937
2021-12-06,Santa Cruz,087,273765,21722,21450,1029,22479,224
2021-12-06,Shasta,089,179085,22734,22556,3697,26253,416
2021-12-06,Sierra,091,2930,200,198,21,219,0
2021-12-06,Siskiyou,093,43540,3472,3409,1351,4760,57
2021-12-06,Solano,095,438530,47475,46748,1348,48096,360
2021-12-06,Sonoma,097,501317,43486,43114,575,43689,405
2021-12-06,Stanislaus,099,539301,81787,81889,9228,91117,1241
2021-12-06,Sutter,101,95872,14331,14319,404,14723,186
2021-12-06,Tehama,103,63373,8841,8760,1535,10295,133
2021-12-06,Trinity,105,12862,910,815,219,1034,17
2021-12-06,Tulare,107,460477,71395,70285,16129,86414,1101
2021-12-06,Tuolumne,109,53932,7780,7726,115,7841,91
2021-12-06,Ventura,111,848112,101280,100426,4430,104856,1194
2021-12-06,Yolo,113,214977,20750,20548,1156,21704,263
2021-12-06,Yuba,115,75493,10554,10480,384,10864,91
2021-12-05,Alameda,001,1643700,123632,123104,2898,126002,1496
2021-12-05,Alpine,003,1148,105,108,0,108,0
2021-12-05,Amador,005,37829,5781,5761,69,5830,67
2021-12-05,Butte,007,227075,21940,21720,4043,25763,320
2021-12-05,Calaveras,009,45235,4468,4434,63,4497,88
2021-12-05,Colusa,011,21464,2631,2615,673,3288,21
2021-12-05,Contra Costa,013,1133247,102889,102251,2326,104577,1058
2021-12-05,Del Norte,015,27424,3798,3751,55,3806,42
2021-12-05,El Dorado,017,186661,16944,16717,1795,18512,168
2021-12-05,Fresno,019,978130,146903,145452,13179,158631,2284
2021-12-05,Glenn,021,27897,3609,3577,1046,4623,36
2021-12-05,Humboldt,023,135768,9756,9662,682,10344,117
2021-12-05,Imperial,025,180216,35839,35422,3653,39075,778
2021-12-05,Inyo,027,18085,2588,2559,38,2597,46
2021-12-05,Kern,029,883053,133412,132286,23938,156224,1833
2021-12-05,Kings,031,150075,33718,33360,2022,35382,369
2021-12-05,Lake,033,64148,6976,6919,158,7077,113
2021-12-05,Lassen,035,31185,7076,7031,419,7450,51
2021-12-05,Los Angeles,037,10098052,1480555,1468937,55519,1524456,26991
2021-12-05,Madera,039,155013,24515,24311,2306,26617,307
2021-12-05,Marin,041,260295,18408,18216,525,18741,249
2021-12-05,Mariposa,043,17540,1462,1440,60,1500,6
2021-12-05,Mendocino,045,87422,8191,8069,671,8740,95
2021-12-05,Merced,047,269075,43631,43534,2125,45659,672
2021-12-05,Modoc,049,8938,594,593,201,794,6
2021-12-05,Mono,051,14174,1929,1907,23,1930,4
2021-12-05,Monterey,053,433212,50101,48813,3223,52036,626
2021-12-05,Napa,055,140530,13434,13382,118,13500,107
2021-12-05,Nevada,057,99092,9904,9827,346,10173,105
2021-12-05,Orange,059,3164182,316869,314560,16103,330663,5771
2021-12-05,Placer,061,380077,39148,38738,3881,42619,473
2021-12-05,Plumas,063,18699,1973,1913,45,1958,9
2021-12-05,Riverside,065,2383286,378257,373827,16644,390471,5388
2021-12-05,Sacramento,067,1510023,165873,164721,4977,169698,2367
2021-12-05,San Benito,069,59416,7774,7748,181,7929,78
2021-12-05,San Bernardino,071,2135413,369664,366282,11728,378010,5998
2021-12-05,San Diego,073,3302833,391761,387979,22916,410895,4351
2021-12-05,San Francisco,075,870044,55329,54603,2421,57024,674
2021-12-05,San Joaquin,077,732212,103334,102698,5579,108277,1837
2021-12-05,San Luis Obispo,079,281455,30829,30454,1344,31798,360
2021-12-05,San Mateo,081,765935,56250,55050,968,56018,580
2021-12-05,Santa Barbara,083,443738,46390,46097,1608,47705,555
2021-12-05,Santa Clara,085,1922200,153618,152114,1617,153731,1933
2021-12-05,Santa Cruz,087,273765,21672,21424,1029,22453,224
2021-12-05,Shasta,089,179085,22678,22550,3696,26246,416
2021-12-05,Sierra,091,2930,200,198,21,219,0
2021-12-05,Siskiyou,093,43540,3470,3409,1350,4759,57
2021-12-05,Solano,095,438530,47412,46715,1346,48061,360
2021-12-05,Sonoma,097,501317,43409,43038,570,43608,405
2021-12-05,Stanislaus,099,539301,81649,81847,9218,91065,1241
2021-12-05,Sutter,101,95872,14308,14303,399,14702,186
2021-12-05,Tehama,103,63373,8833,8755,1533,10288,133
2021-12-05,Trinity,105,12862,909,815,219,1034,17
2021-12-05,Tulare,107,460477,71314,70254,16081,86335,1102
2021-12-05,Tuolumne,109,53932,7767,7718,115,7833,91
2021-12-05,Ventura,111,848112,101144,100367,4417,104784,1194
2021-12-05,Yolo,113,214977,20708,20512,1154,21666,263
2021-12-05,Yuba,115,75493,10541,10467,377,10844,91
2021-12-04,Alameda,001,1643700,123519,122508,2895,125403,1494
2021-12-04,Alpine,003,1148,105,108,0,108,0
2021-12-04,Amador,005,37829,5778,5729,69,5798,67
2021-12-04,Butte,007,227075,21921,21638,4039,25677,318
2021-12-04,Calaveras,009,45235,4460,4392,62,4454,88
2021-12-04,Colusa,011,21464,2631,2600,671,3271,21
2021-12-04,Contra Costa,013,1133247,102817,101824,2320,104144,1056
2021-12-04,Del Norte,015,27424,3795,3726,55,3781,42
2021-12-04,El Dorado,017,186661,16935,16621,1794,18415,168
2021-12-04,Fresno,019,978130,146814,144734,13170,157904,2270
2021-12-04,Glenn,021,27897,3609,3559,1046,4605,36
2021-12-04,Humboldt,023,135768,9741,9596,678,10274,117
2021-12-04,Imperial,025,180216,35786,35206,3640,38846,776
2021-12-04,Inyo,027,18085,2583,2538,38,2576,46
2021-12-04,Kern,029,883053,133332,131771,23915,155686,1817
2021-12-04,Kings,031,150075,33694,33183,2021,35204,367
2021-12-04,Lake,033,64148,6967,6903,158,7061,113
2021-12-04,Lassen,035,31185,7075,7014,417,7431,51
2021-12-04,Los Angeles,037,10098052,1479677,1463270,55441,1518711,26952
2021-12-04,Madera,039,155013,24501,24188,2302,26490,307
2021-12-04,Marin,041,260295,18387,18075,524,18599,249
2021-12-04,Mariposa,043,17540,1458,1421,60,1481,6
2021-12-04,Mendocino,045,87422,8186,7981,671,8652,91
2021-12-04,Merced,047,269075,43604,43337,2123,45460,671
2021-12-04,Modoc,049,8938,594,591,201,792,6
2021-12-04,Mono,051,14174,1929,1883,23,1906,4
2021-12-04,Monterey,053,433212,50069,48682,3216,51898,626
2021-12-04,Napa,055,140530,13424,13327,117,13444,106
2021-12-04,Nevada,057,99092,9896,9752,346,10098,105
2021-12-04,Orange,059,3164182,316637,313112,16077,329189,5748
2021-12-04,Placer,061,380077,39108,38460,3875,42335,473
2021-12-04,Plumas,063,18699,1970,1903,45,1948,7
2021-12-04,Riverside,065,2383286,377898,371768,16638,388406,5381
2021-12-04,Sacramento,067,1510023,165730,163900,4969,168869,2365
2021-12-04,San Benito,069,59416,7748,7688,181,7869,78
2021-12-04,San Bernardino,071,2135413,369275,364154,11715,375869,5983
2021-12-04,San Diego,073,3302833,391281,386710,22886,409596,4350
2021-12-04,San Francisco,075,870044,55261,54286,2418,56704,674
2021-12-04,San Joaquin,077,732212,103279,102286,5577,107863,1835
2021-12-04,San Luis Obispo,079,281455,30808,30318,1340,31658,360
2021-12-04,San Mateo,081,765935,56201,54774,965,55739,579
2021-12-04,Santa Barbara,083,443738,46345,45774,1608,47382,555
2021-12-04,Santa Clara,085,1922200,153464,151275,1603,152878,1928
2021-12-04,Santa Cruz,087,273765,21646,21286,1028,22314,224
2021-12-04,Shasta,089,179085,22661,22418,3694,26112,414
2021-12-04,Sierra,091,2930,200,196,21,217,0
2021-12-04,Siskiyou,093,43540,3468,3398,1350,4748,57
2021-12-04,Solano,095,438530,47392,46529,1345,47874,360
2021-12-04,Sonoma,097,501317,43364,42778,567,43345,405
2021-12-04,Stanislaus,099,539301,81577,81462,9211,90673,1231
2021-12-04,Sutter,101,95872,14300,14258,398,14656,186
2021-12-04,Tehama,103,63373,8831,8742,1533,10275,131
2021-12-04,Trinity,105,12862,908,801,219,1020,17
2021-12-04,Tulare,107,460477,71276,70014,16053,86067,1100
2021-12-04,Tuolumne,109,53932,7762,7676,115,7791,91
2021-12-04,Ventura,111,848112,101053,99751,4413,104164,1192
2021-12-04,Yolo,113,214977,20685,20442,1152,21594,261
2021-12-04,Yuba,115,75493,10530,10418,376,10794,91
2021-12-03,Alameda,001,1643700,123426,122508,2885,125393,1494
2021-12-03,Alpine,003,1148,105,108,0,108,0
2021-12-03,Amador,005,37829,5773,5729,68,5797,67
2021-12-03,Butte,007,227075,21908,21638,4034,25672,318
2021-12-03,Calaveras,009,45235,4451,4392,62,4454,88
2021-12-03,Colusa,011,21464,2629,2600,671,3271,21
2021-12-03,Contra Costa,013,1133247,102744,101824,2314,104138,1056
2021-12-03,Del Norte,015,27424,3793,3726,55,3781,42
2021-12-03,El Dorado,017,186661,16905,16621,1792,18413,168
2021-12-03,Fresno,019,978130,146700,144734,13167,157901,2270
2021-12-03,Glenn,021,27897,3608,3559,1045,4604,36
2021-12-03,Humboldt,023,135768,9724,9596,676,10272,117
2021-12-03,Imperial,025,180216,35744,35206,3610,38816,776
2021-12-03,Inyo,027,18085,2576,2538,38,2576,46
2021-12-03,Kern,029,883053,133260,131771,23880,155651,1817
2021-12-03,Kings,031,150075,33667,33183,2021,35204,367
2021-12-03,Lake,033,64148,6967,6903,158,7061,113
2021-12-03,Lassen,035,31185,7073,7014,416,7430,51
2021-12-03,Los Angeles,037,10098052,1478729,1463270,55366,1518636,26952
2021-12-03,Madera,039,155013,24475,24188,2298,26486,307
2021-12-03,Marin,041,260295,18354,18075,520,18595,249
2021-12-03,Mariposa,043,17540,1456,1421,60,1481,6
2021-12-03,Mendocino,045,87422,8179,7981,671,8652,91
2021-12-03,Merced,047,269075,43581,43337,2120,45457,671
2021-12-03,Modoc,049,8938,594,591,201,792,6
2021-12-03,Mono,051,14174,1923,1883,23,1906,4
2021-12-03,Monterey,053,433212,50030,48682,3205,51887,626
2021-12-03,Napa,055,140530,13412,13327,117,13444,106
2021-12-03,Nevada,057,99092,9885,9752,346,10098,105
2021-12-03,Orange,059,3164182,316368,313112,16046,329158,5748
2021-12-03,Placer,061,380077,39071,38460,3868,42328,473
2021-12-03,Plumas,063,18699,1967,1903,45,1948,7
2021-12-03,Riverside,065,2383286,377506,371768,16632,388400,5381
2021-12-03,Sacramento,067,1510023,165549,163900,4955,168855,2365
2021-12-03,San Benito,069,59416,7741,7688,181,7869,78
2021-12-03,San Bernardino,071,2135413,368826,364154,11704,375858,5983
2021-12-03,San Diego,073,3302833,390805,386710,22862,409572,4350
2021-12-03,San Francisco,075,870044,55191,54286,2414,56700,674
2021-12-03,San Joaquin,077,732212,103223,102286,5576,107862,1835
2021-12-03,San Luis Obispo,079,281455,30782,30318,1337,31655,360
2021-12-03,San Mateo,081,765935,56136,54774,962,55736,579
2021-12-03,Santa Barbara,083,443738,46309,45774,1608,47382,555
2021-12-03,Santa Clara,085,1922200,153282,151275,1588,152863,1928
2021-12-03,Santa Cruz,087,273765,21619,21286,1028,22314,224
2021-12-03,Shasta,089,179085,22646,22418,3694,26112,414
2021-12-03,Sierra,091,2930,200,196,21,217,0
2021-12-03,Siskiyou,093,43540,3465,3398,1348,4746,57
2021-12-03,Solano,095,438530,47350,46529,1344,47873,360
2021-12-03,Sonoma,097,501317,43328,42778,565,43343,405
2021-12-03,Stanislaus,099,539301,81520,81462,9202,90664,1231
2021-12-03,Sutter,101,95872,14287,14258,396,14654,186
2021-12-03,Tehama,103,63373,8830,8742,1532,10274,131
2021-12-03,Trinity,105,12862,908,801,219,1020,17
2021-12-03,Tulare,107,460477,71237,70014,16022,86036,1100
2021-12-03,Tuolumne,109,53932,7753,7676,115,7791,91
2021-12-03,Ventura,111,848112,100967,99751,4406,104157,1192
2021-12-03,Yolo,113,214977,20668,20442,1151,21593,261
2021-12-03,Yuba,115,75493,10522,10418,376,10794,91
2021-12-02,Alameda,001,1643700,123269,122508,2878,125386,1494
2021-12-02,Alpine,003,1148,105,108,0,108,0
2021-12-02,Amador,005,37829,5768,5729,67,5796,67
2021-12-02,Butte,007,227075,21883,21638,4029,25667,318
2021-12-02,Calaveras,009,45235,4441,4392,61,4453,88
2021-12-02,Colusa,011,21464,2628,2600,671,3271,21
2021-12-02,Contra Costa,013,1133247,102630,101824,2310,104134,1056
2021-12-02,Del Norte,015,27424,3785,3726,55,3781,42
2021-12-02,El Dorado,017,186661,16884,16621,1790,18411,168
2021-12-02,Fresno,019,978130,146530,144734,13153,157887,2270
2021-12-02,Glenn,021,27897,3608,3559,1042,4601,36
2021-12-02,Humboldt,023,135768,9705,9596,675,10271,117
2021-12-02,Imperial,025,180216,35676,35206,3588,38794,776
2021-12-02,Inyo,027,18085,2571,2538,38,2576,46
2021-12-02,Kern,029,883053,133090,131771,23828,155599,1817
2021-12-02,Kings,031,150075,33614,33183,2019,35202,367
2021-12-02,Lake,033,64148,6963,6903,158,7061,113
2021-12-02,Lassen,035,31185,7069,7014,416,7430,51
2021-12-02,Los Angeles,037,10098052,1477207,1463270,55278,1518548,26952
2021-12-02,Madera,039,155013,24438,24188,2289,26477,307
2021-12-02,Marin,041,260295,18323,18075,516,18591,249
2021-12-02,Mariposa,043,17540,1453,1421,60,1481,6
2021-12-02,Mendocino,045,87422,8163,7981,670,8651,91
2021-12-02,Merced,047,269075,43535,43337,2115,45452,671
2021-12-02,Modoc,049,8938,593,591,201,792,6
2021-12-02,Mono,051,14174,1917,1883,23,1906,4
2021-12-02,Monterey,053,433212,49955,48682,3184,51866,626
2021-12-02,Napa,055,140530,13399,13327,117,13444,106
2021-12-02,Nevada,057,99092,9867,9752,345,10097,105
2021-12-02,Orange,059,3164182,316024,313112,16009,329121,5748
2021-12-02,Placer,061,380077,39005,38460,3863,42323,473
2021-12-02,Plumas,063,18699,1964,1903,45,1948,7
2021-12-02,Riverside,065,2383286,376978,371768,16622,388390,5381
2021-12-02,Sacramento,067,1510023,165322,163900,4945,168845,2365
2021-12-02,San Benito,069,59416,7721,7688,181,7869,78
2021-12-02,San Bernardino,071,2135413,368272,364154,11684,375838,5983
2021-12-02,San Diego,073,3302833,390164,386710,22807,409517,4350
2021-12-02,San Francisco,075,870044,55096,54286,2409,56695,674
2021-12-02,San Joaquin,077,732212,103109,102286,5571,107857,1835
2021-12-02,San Luis Obispo,079,281455,30748,30318,1330,31648,360
2021-12-02,San Mateo,081,765935,56055,54774,954,55728,579
2021-12-02,Santa Barbara,083,443738,46228,45774,1605,47379,555
2021-12-02,Santa Clara,085,1922200,153036,151275,1571,152846,1928
2021-12-02,Santa Cruz,087,273765,21568,21286,1027,22313,224
2021-12-02,Shasta,089,179085,22613,22418,3693,26111,414
2021-12-02,Sierra,091,2930,200,196,21,217,0
2021-12-02,Siskiyou,093,43540,3464,3398,1341,4739,57
2021-12-02,Solano,095,438530,47300,46529,1342,47871,360
2021-12-02,Sonoma,097,501317,43254,42778,565,43343,405
2021-12-02,Stanislaus,099,539301,81425,81462,9194,90656,1231
2021-12-02,Sutter,101,95872,14274,14258,393,14651,186
2021-12-02,Tehama,103,63373,8823,8742,1530,10272,131
2021-12-02,Trinity,105,12862,908,801,219,1020,17
2021-12-02,Tulare,107,460477,71150,70014,15972,85986,1100
2021-12-02,Tuolumne,109,53932,7738,7676,114,7790,91
2021-12-02,Ventura,111,848112,100842,99751,4404,104155,1192
2021-12-02,Yolo,113,214977,20644,20442,1147,21589,261
2021-12-02,Yuba,115,75493,10506,10418,373,10791,91
2021-12-01,Alameda,001,1643700,123118,122298,2869,125167,1492
2021-12-01,Alpine,003,1148,105,108,0,108,0
2021-12-01,Amador,005,37829,5761,5723,67,5790,67
2021-12-01,Butte,007,227075,21865,21600,4024,25624,318
2021-12-01,Calaveras,009,45235,4436,4371,61,4432,88
2021-12-01,Colusa,011,21464,2621,2595,669,3264,20
2021-12-01,Contra Costa,013,1133247,102522,101651,2300,103951,1048
2021-12-01,Del Norte,015,27424,3783,3722,55,3777,42
2021-12-01,El Dorado,017,186661,16863,16575,1788,18363,166
2021-12-01,Fresno,019,978130,146323,144507,13144,157651,2264
2021-12-01,Glenn,021,27897,3602,3556,1041,4597,36
2021-12-01,Humboldt,023,135768,9681,9573,670,10243,117
2021-12-01,Imperial,025,180216,35596,35085,3561,38646,776
2021-12-01,Inyo,027,18085,2567,2533,38,2571,46
2021-12-01,Kern,029,883053,132943,131580,23773,155353,1804
2021-12-01,Kings,031,150075,33564,33112,2018,35130,364
2021-12-01,Lake,033,64148,6955,6896,157,7053,112
2021-12-01,Lassen,035,31185,7064,7008,414,7422,51
2021-12-01,Los Angeles,037,10098052,1475612,1461394,55184,1516578,26928
2021-12-01,Madera,039,155013,24407,24134,2280,26414,307
2021-12-01,Marin,041,260295,18285,18038,510,18548,249
2021-12-01,Mariposa,043,17540,1449,1415,60,1475,6
2021-12-01,Mendocino,045,87422,8149,7966,665,8631,90
2021-12-01,Merced,047,269075,43480,43259,2094,45353,670
2021-12-01,Modoc,049,8938,593,576,201,777,5
2021-12-01,Mono,051,14174,1912,1876,23,1899,4
2021-12-01,Monterey,053,433212,49906,48611,3175,51786,626
2021-12-01,Napa,055,140530,13382,13319,114,13433,107
2021-12-01,Nevada,057,99092,9854,9706,345,10051,105
2021-12-01,Orange,059,3164182,315657,312772,15973,328745,5735
2021-12-01,Placer,061,380077,38950,38373,3857,42230,472
2021-12-01,Plumas,063,18699,1960,1893,45,1938,7
2021-12-01,Riverside,065,2383286,376452,371189,16605,387794,5369
2021-12-01,Sacramento,067,1510023,165109,163616,4928,168544,2360
2021-12-01,San Benito,069,59416,7707,7669,181,7850,78
2021-12-01,San Bernardino,071,2135413,367679,363368,11658,375026,5973
2021-12-01,San Diego,073,3302833,389367,386056,22751,408807,4346
2021-12-01,San Francisco,075,870044,55014,54199,2402,56601,672
2021-12-01,San Joaquin,077,732212,103001,102109,5570,107679,1834
2021-12-01,San Luis Obispo,079,281455,30706,30238,1326,31564,360
2021-12-01,San Mateo,081,765935,55974,54711,951,55662,579
2021-12-01,Santa Barbara,083,443738,46158,45681,1603,47284,554
2021-12-01,Santa Clara,085,1922200,152814,150961,1553,152514,1925
2021-12-01,Santa Cruz,087,273765,21539,21191,1026,22217,224
2021-12-01,Shasta,089,179085,22582,22375,3687,26062,410
2021-12-01,Sierra,091,2930,200,195,21,216,0
2021-12-01,Siskiyou,093,43540,3461,3391,1341,4732,55
2021-12-01,Solano,095,438530,47255,46485,1342,47827,360
2021-12-01,Sonoma,097,501317,43178,42713,564,43277,405
2021-12-01,Stanislaus,099,539301,81328,81330,9181,90511,1231
2021-12-01,Sutter,101,95872,14259,14229,392,14621,186
2021-12-01,Tehama,103,63373,8813,8728,1530,10258,130
2021-12-01,Trinity,105,12862,903,801,219,1020,17
2021-12-01,Tulare,107,460477,71075,69953,15932,85885,1098
2021-12-01,Tuolumne,109,53932,7730,7655,114,7769,91
2021-12-01,Ventura,111,848112,100736,99680,4393,104073,1191
2021-12-01,Yolo,113,214977,20616,20393,1147,21540,260
2021-12-01,Yuba,115,75493,10495,10401,373,10774,89
2021-11-30,Alameda,001,1643700,122947,122196,2861,125057,1489
2021-11-30,Alpine,003,1148,105,108,0,108,0
2021-11-30,Amador,005,37829,5753,5716,67,5783,66
2021-11-30,Butte,007,227075,21836,21565,4013,25578,318
2021-11-30,Calaveras,009,45235,4418,4360,61,4421,88
2021-11-30,Colusa,011,21464,2620,2592,669,3261,21
2021-11-30,Contra Costa,013,1133247,102388,101538,2293,103831,1046
2021-11-30,Del Norte,015,27424,3777,3718,55,3773,42
2021-11-30,El Dorado,017,186661,16835,16558,1782,18340,166
2021-11-30,Fresno,019,978130,146123,144384,13134,157518,2259
2021-11-30,Glenn,021,27897,3597,3555,1040,4595,36
2021-11-30,Humboldt,023,135768,9650,9539,664,10203,116
2021-11-30,Imperial,025,180216,35488,34999,3534,38533,773
2021-11-30,Inyo,027,18085,2558,2530,38,2568,46
2021-11-30,Kern,029,883053,132776,131451,23717,155168,1799
2021-11-30,Kings,031,150075,33512,33074,2014,35088,362
2021-11-30,Lake,033,64148,6949,6892,155,7047,110
2021-11-30,Lassen,035,31185,7060,7003,413,7416,51
2021-11-30,Los Angeles,037,10098052,1473811,1460177,55083,1515260,26913
2021-11-30,Madera,039,155013,24373,24108,2275,26383,307
2021-11-30,Marin,041,260295,18241,18010,508,18518,249
2021-11-30,Mariposa,043,17540,1443,1412,60,1472,6
2021-11-30,Mendocino,045,87422,8120,7960,659,8619,89
2021-11-30,Merced,047,269075,43412,43200,2086,45286,668
2021-11-30,Modoc,049,8938,592,576,201,777,5
2021-11-30,Mono,051,14174,1909,1873,23,1896,4
2021-11-30,Monterey,053,433212,49843,48581,3163,51744,626
2021-11-30,Napa,055,140530,13362,13308,114,13422,105
2021-11-30,Nevada,057,99092,9838,9699,344,10043,105
2021-11-30,Orange,059,3164182,315236,312451,15931,328382,5724
2021-11-30,Placer,061,380077,38847,38324,3849,42173,470
2021-11-30,Plumas,063,18699,1955,1887,44,1931,7
2021-11-30,Riverside,065,2383286,375768,370739,16580,387319,5358
2021-11-30,Sacramento,067,1510023,164827,163420,4905,168325,2353
2021-11-30,San Benito,069,59416,7685,7645,180,7825,78
2021-11-30,San Bernardino,071,2135413,366993,363006,11635,374641,5967
2021-11-30,San Diego,073,3302833,388438,385405,22704,408109,4340
2021-11-30,San Francisco,075,870044,54908,54147,2393,56540,672
2021-11-30,San Joaquin,077,732212,102874,101972,5562,107534,1834
2021-11-30,San Luis Obispo,079,281455,30681,30200,1324,31524,360
2021-11-30,San Mateo,081,765935,55869,54656,941,55597,579
2021-11-30,Santa Barbara,083,443738,46062,45628,1597,47225,553
2021-11-30,Santa Clara,085,1922200,152555,150799,1535,152334,1929
2021-11-30,Santa Cruz,087,273765,21480,21169,1022,22191,224
2021-11-30,Shasta,089,179085,22552,22347,3684,26031,401
2021-11-30,Sierra,091,2930,197,195,21,216,0
2021-11-30,Siskiyou,093,43540,3457,3385,1338,4723,55
2021-11-30,Solano,095,438530,47192,46434,1336,47770,358
2021-11-30,Sonoma,097,501317,43099,42663,561,43224,405
2021-11-30,Stanislaus,099,539301,81224,81276,9153,90429,1227
2021-11-30,Sutter,101,95872,14248,14210,389,14599,186
2021-11-30,Tehama,103,63373,8806,8727,1529,10256,130
2021-11-30,Trinity,105,12862,902,799,219,1018,17
2021-11-30,Tulare,107,460477,70988,69900,15886,85786,1099
2021-11-30,Tuolumne,109,53932,7715,7643,114,7757,91
2021-11-30,Ventura,111,848112,100582,99601,4382,103983,1191
2021-11-30,Yolo,113,214977,20574,20376,1141,21517,260
2021-11-30,Yuba,115,75493,10476,10398,368,10766,89
2021-11-29,Alameda,001,1643700,122786,122136,2852,124988,1489
2021-11-29,Alpine,003,1148,105,108,0,108,0
2021-11-29,Amador,005,37829,5746,5706,67,5773,66
2021-11-29,Butte,007,227075,21806,21544,4005,25549,314
2021-11-29,Calaveras,009,45235,4402,4353,61,4414,88
2021-11-29,Colusa,011,21464,2618,2585,666,3251,20
2021-11-29,Contra Costa,013,1133247,102239,101441,2285,103726,1046
2021-11-29,Del Norte,015,27424,3774,3704,55,3759,42
2021-11-29,El Dorado,017,186661,16817,16534,1777,18311,166
2021-11-29,Fresno,019,978130,145916,144282,13111,157393,2254
2021-11-29,Glenn,021,27897,3594,3555,1039,4594,36
2021-11-29,Humboldt,023,135768,9633,9514,657,10171,115
2021-11-29,Imperial,025,180216,35423,34960,3513,38473,773
2021-11-29,Inyo,027,18085,2553,2529,38,2567,46
2021-11-29,Kern,029,883053,132592,131362,23676,155038,1789
2021-11-29,Kings,031,150075,33459,33059,2010,35069,363
2021-11-29,Lake,033,64148,6937,6889,155,7044,110
2021-11-29,Lassen,035,31185,7057,7003,411,7414,51
2021-11-29,Los Angeles,037,10098052,1471962,1459446,54998,1514444,26889
2021-11-29,Madera,039,155013,24337,24069,2267,26336,307
2021-11-29,Marin,041,260295,18194,17980,503,18483,249
2021-11-29,Mariposa,043,17540,1435,1409,60,1469,6
2021-11-29,Mendocino,045,87422,8103,7954,655,8609,89
2021-11-29,Merced,047,269075,43339,43167,2078,45245,667
2021-11-29,Modoc,049,8938,591,569,201,770,5
2021-11-29,Mono,051,14174,1892,1859,23,1882,4
2021-11-29,Monterey,053,433212,49782,48548,3147,51695,626
2021-11-29,Napa,055,140530,13352,13304,114,13418,104
2021-11-29,Nevada,057,99092,9824,9689,344,10033,105
2021-11-29,Orange,059,3164182,314833,312203,15885,328088,5709
2021-11-29,Placer,061,380077,38782,38261,3844,42105,470
2021-11-29,Plumas,063,18699,1952,1884,44,1928,7
2021-11-29,Riverside,065,2383286,375230,370334,16569,386903,5358
2021-11-29,Sacramento,067,1510023,164578,163282,4873,168155,2342
2021-11-29,San Benito,069,59416,7665,7631,179,7810,77
2021-11-29,San Bernardino,071,2135413,366389,362694,11601,374295,5962
2021-11-29,San Diego,073,3302833,387550,384853,22670,407523,4335
2021-11-29,San Francisco,075,870044,54809,54125,2389,56514,669
2021-11-29,San Joaquin,077,732212,102735,101927,5555,107482,1834
2021-11-29,San Luis Obispo,079,281455,30647,30165,1320,31485,359
2021-11-29,San Mateo,081,765935,55766,54622,937,55559,579
2021-11-29,Santa Barbara,083,443738,45965,45576,1593,47169,549
2021-11-29,Santa Clara,085,1922200,152277,150620,1529,152149,1925
2021-11-29,Santa Cruz,087,273765,21442,21149,1021,22170,224
2021-11-29,Shasta,089,179085,22517,22315,3680,25995,399
2021-11-29,Sierra,091,2930,197,195,21,216,0
2021-11-29,Siskiyou,093,43540,3454,3374,1331,4705,55
2021-11-29,Solano,095,438530,47140,46412,1334,47746,357
2021-11-29,Sonoma,097,501317,43022,42624,558,43182,405
2021-11-29,Stanislaus,099,539301,81142,81227,9135,90362,1223
2021-11-29,Sutter,101,95872,14232,14204,386,14590,186
2021-11-29,Tehama,103,63373,8801,8720,1524,10244,130
2021-11-29,Trinity,105,12862,897,798,219,1017,17
2021-11-29,Tulare,107,460477,70908,69850,15852,85702,1096
2021-11-29,Tuolumne,109,53932,7702,7627,114,7741,90
2021-11-29,Ventura,111,848112,100462,99520,4373,103893,1190
2021-11-29,Yolo,113,214977,20529,20344,1139,21483,257
2021-11-29,Yuba,115,75493,10459,10395,367,10762,89
2021-11-28,Alameda,001,1643700,122567,122082,2846,124928,1491
2021-11-28,Alpine,003,1148,105,108,0,108,0
2021-11-28,Amador,005,37829,5736,5703,67,5770,66
2021-11-28,Butte,007,227075,21765,21530,4002,25532,313
2021-11-28,Calaveras,009,45235,4381,4350,61,4411,88
2021-11-28,Colusa,011,21464,2614,2586,665,3251,19
2021-11-28,Contra Costa,013,1133247,102066,101355,2275,103630,1046
2021-11-28,Del Norte,015,27424,3769,3703,55,3758,42
2021-11-28,El Dorado,017,186661,16776,16527,1776,18303,166
2021-11-28,Fresno,019,978130,145670,144164,13084,157248,2252
2021-11-28,Glenn,021,27897,3591,3547,1037,4584,36
2021-11-28,Humboldt,023,135768,9601,9499,653,10152,115
2021-11-28,Imperial,025,180216,35315,34929,3489,38418,773
2021-11-28,Inyo,027,18085,2546,2531,38,2569,46
2021-11-28,Kern,029,883053,132385,131279,23619,154898,1789
2021-11-28,Kings,031,150075,33386,33057,2004,35061,364
2021-11-28,Lake,033,64148,6927,6885,154,7039,110
2021-11-28,Lassen,035,31185,7048,7002,407,7409,51
2021-11-28,Los Angeles,037,10098052,1469789,1458646,54912,1513558,26878
2021-11-28,Madera,039,155013,24289,24055,2260,26315,307
2021-11-28,Marin,041,260295,18146,17962,499,18461,249
2021-11-28,Mariposa,043,17540,1431,1406,60,1466,6
2021-11-28,Mendocino,045,87422,8073,7943,650,8593,89
2021-11-28,Merced,047,269075,43272,43166,2063,45229,667
2021-11-28,Modoc,049,8938,590,569,201,770,5
2021-11-28,Mono,051,14174,1886,1841,23,1864,4
2021-11-28,Monterey,053,433212,49717,48537,3125,51662,626
2021-11-28,Napa,055,140530,13339,13303,114,13417,104
2021-11-28,Nevada,057,99092,9798,9684,343,10027,105
2021-11-28,Orange,059,3164182,314448,312028,15843,327871,5693
2021-11-28,Placer,061,380077,38700,38240,3825,42065,470
2021-11-28,Plumas,063,18699,1946,1884,43,1927,7
2021-11-28,Riverside,065,2383286,374567,370051,16547,386598,5358
2021-11-28,Sacramento,067,1510023,164221,163170,4850,168020,2335
2021-11-28,San Benito,069,59416,7646,7623,178,7801,77
2021-11-28,San Bernardino,071,2135413,365647,362407,11573,373980,5958
2021-11-28,San Diego,073,3302833,386661,383025,22606,405631,4325
2021-11-28,San Francisco,075,870044,54733,54082,2384,56466,669
2021-11-28,San Joaquin,077,732212,102555,101895,5538,107433,1834
2021-11-28,San Luis Obispo,079,281455,30584,30152,1316,31468,358
2021-11-28,San Mateo,081,765935,55672,54567,933,55500,579
2021-11-28,Santa Barbara,083,443738,45886,45551,1582,47133,549
2021-11-28,Santa Clara,085,1922200,151976,150436,1514,151950,1920
2021-11-28,Santa Cruz,087,273765,21371,21110,1020,22130,224
2021-11-28,Shasta,089,179085,22478,22316,3678,25994,400
2021-11-28,Sierra,091,2930,197,195,21,216,0
2021-11-28,Siskiyou,093,43540,3448,3372,1327,4699,55
2021-11-28,Solano,095,438530,47078,46385,1333,47718,356
2021-11-28,Sonoma,097,501317,42936,42583,555,43138,405
2021-11-28,Stanislaus,099,539301,81017,81181,9113,90294,1223
2021-11-28,Sutter,101,95872,14210,14192,380,14572,186
2021-11-28,Tehama,103,63373,8793,8720,1520,10240,130
2021-11-28,Trinity,105,12862,896,797,219,1016,17
2021-11-28,Tulare,107,460477,70811,69833,15800,85633,1095
2021-11-28,Tuolumne,109,53932,7681,7620,114,7734,90
2021-11-28,Ventura,111,848112,100306,99486,4362,103848,1190
2021-11-28,Yolo,113,214977,20486,20333,1138,21471,257
2021-11-28,Yuba,115,75493,10441,10391,365,10756,89
2021-11-27,Alameda,001,1643700,122469,121618,2843,124461,1477
2021-11-27,Alpine,003,1148,105,106,0,106,0
2021-11-27,Amador,005,37829,5735,5670,67,5737,66
2021-11-27,Butte,007,227075,21742,21384,3997,25381,309
2021-11-27,Calaveras,009,45235,4375,4294,61,4355,85
2021-11-27,Colusa,011,21464,2613,2568,663,3231,19
2021-11-27,Contra Costa,013,1133247,101981,100961,2274,103235,1045
2021-11-27,Del Norte,015,27424,3762,3661,55,3716,42
2021-11-27,El Dorado,017,186661,16742,16399,1775,18174,161
2021-11-27,Fresno,019,978130,145558,143386,13078,156464,2246
2021-11-27,Glenn,021,27897,3587,3532,1036,4568,36
2021-11-27,Humboldt,023,135768,9573,9399,651,10050,115
2021-11-27,Imperial,025,180216,35233,34611,3473,38084,769
2021-11-27,Inyo,027,18085,2543,2506,38,2544,45
2021-11-27,Kern,029,883053,132300,130245,23590,153835,1773
2021-11-27,Kings,031,150075,33364,32891,2001,34892,358
2021-11-27,Lake,033,64148,6924,6836,153,6989,110
2021-11-27,Lassen,035,31185,7046,6959,406,7365,47
2021-11-27,Los Angeles,037,10098052,1468783,1454495,54844,1509339,26817
2021-11-27,Madera,039,155013,24268,23880,2255,26135,296
2021-11-27,Marin,041,260295,18107,17857,494,18351,248
2021-11-27,Mariposa,043,17540,1429,1374,60,1434,6
2021-11-27,Mendocino,045,87422,8054,7871,650,8521,89
2021-11-27,Merced,047,269075,43237,42921,2060,44981,664
2021-11-27,Modoc,049,8938,588,551,201,752,5
2021-11-27,Mono,051,14174,1884,1810,23,1833,4
2021-11-27,Monterey,053,433212,49684,48400,3111,51511,625
2021-11-27,Napa,055,140530,13325,13256,114,13370,104
2021-11-27,Nevada,057,99092,9776,9584,342,9926,103
2021-11-27,Orange,059,3164182,314197,310809,15806,326615,5665
2021-11-27,Placer,061,380077,38639,38001,3819,41820,468
2021-11-27,Plumas,063,18699,1942,1860,43,1903,7
2021-11-27,Riverside,065,2383286,374209,367601,16540,384141,5306
2021-11-27,Sacramento,067,1510023,164063,162328,4847,167175,2335
2021-11-27,San Benito,069,59416,7630,7575,178,7753,77
2021-11-27,San Bernardino,071,2135413,365212,360033,11564,371597,5932
2021-11-27,San Diego,073,3302833,386166,382634,22580,405214,4319
2021-11-27,San Francisco,075,870044,54682,53830,2381,56211,669
2021-11-27,San Joaquin,077,732212,102487,101368,5535,106903,1833
2021-11-27,San Luis Obispo,079,281455,30549,29983,1312,31295,358
2021-11-27,San Mateo,081,765935,55615,54360,930,55290,577
2021-11-27,Santa Barbara,083,443738,45832,45318,1580,46898,548
2021-11-27,Santa Clara,085,1922200,151769,149700,1507,151207,1922
2021-11-27,Santa Cruz,087,273765,21331,20929,1017,21946,222
2021-11-27,Shasta,089,179085,22455,22151,3677,25828,396
2021-11-27,Sierra,091,2930,196,194,21,215,0
2021-11-27,Siskiyou,093,43540,3445,3336,1325,4661,54
2021-11-27,Solano,095,438530,47042,46163,1330,47493,356
2021-11-27,Sonoma,097,501317,42873,42368,555,42923,405
2021-11-27,Stanislaus,099,539301,80948,80782,9096,89878,1220
2021-11-27,Sutter,101,95872,14202,14127,379,14506,181
2021-11-27,Tehama,103,63373,8791,8675,1519,10194,129
2021-11-27,Trinity,105,12862,896,789,219,1008,17
2021-11-27,Tulare,107,460477,70758,69377,15784,85161,1082
2021-11-27,Tuolumne,109,53932,7668,7574,114,7688,90
2021-11-27,Ventura,111,848112,100233,99163,4355,103518,1188
2021-11-27,Yolo,113,214977,20465,20237,1129,21366,257
2021-11-27,Yuba,115,75493,10430,10335,365,10700,88
2021-11-26,Alameda,001,1643700,122361,121618,2841,124459,1477
2021-11-26,Alpine,003,1148,105,106,0,106,0
2021-11-26,Amador,005,37829,5731,5670,67,5737,66
2021-11-26,Butte,007,227075,21719,21384,3992,25376,309
2021-11-26,Calaveras,009,45235,4366,4294,61,4355,85
2021-11-26,Colusa,011,21464,2611,2568,662,3230,19
2021-11-26,Contra Costa,013,1133247,101893,100961,2270,103231,1045
2021-11-26,Del Norte,015,27424,3759,3661,55,3716,42
2021-11-26,El Dorado,017,186661,16725,16399,1772,18171,161
2021-11-26,Fresno,019,978130,145425,143386,13068,156454,2246
2021-11-26,Glenn,021,27897,3584,3532,1036,4568,36
2021-11-26,Humboldt,023,135768,9554,9399,647,10046,115
2021-11-26,Imperial,025,180216,35176,34611,3460,38071,769
2021-11-26,Inyo,027,18085,2543,2506,38,2544,45
2021-11-26,Kern,029,883053,132217,130245,23546,153791,1773
2021-11-26,Kings,031,150075,33340,32891,1999,34890,358
2021-11-26,Lake,033,64148,6922,6836,153,6989,110
2021-11-26,Lassen,035,31185,7040,6959,406,7365,47
2021-11-26,Los Angeles,037,10098052,1467934,1454495,54783,1509278,26817
2021-11-26,Madera,039,155013,24241,23880,2253,26133,296
2021-11-26,Marin,041,260295,18078,17857,494,18351,248
2021-11-26,Mariposa,043,17540,1423,1374,59,1433,6
2021-11-26,Mendocino,045,87422,8044,7871,650,8521,89
2021-11-26,Merced,047,269075,43207,42921,2056,44977,664
2021-11-26,Modoc,049,8938,586,551,201,752,5
2021-11-26,Mono,051,14174,1873,1810,23,1833,4
2021-11-26,Monterey,053,433212,49641,48400,3104,51504,625
2021-11-26,Napa,055,140530,13309,13256,114,13370,104
2021-11-26,Nevada,057,99092,9764,9584,342,9926,103
2021-11-26,Orange,059,3164182,313928,310809,15774,326583,5665
2021-11-26,Placer,061,380077,38594,38001,3811,41812,468
2021-11-26,Plumas,063,18699,1937,1860,43,1903,7
2021-11-26,Riverside,065,2383286,373807,367601,16533,384134,5306
2021-11-26,Sacramento,067,1510023,163950,162328,4842,167170,2335
2021-11-26,San Benito,069,59416,7622,7575,178,7753,77
2021-11-26,San Bernardino,071,2135413,364779,360033,11557,371590,5932
2021-11-26,San Diego,073,3302833,385621,382634,22568,405202,4319
2021-11-26,San Francisco,075,870044,54634,53830,2379,56209,669
2021-11-26,San Joaquin,077,732212,102430,101368,5534,106902,1833
2021-11-26,San Luis Obispo,079,281455,30507,29983,1309,31292,358
2021-11-26,San Mateo,081,765935,55552,54360,929,55289,577
2021-11-26,Santa Barbara,083,443738,45785,45318,1579,46897,548
2021-11-26,Santa Clara,085,1922200,151600,149700,1499,151199,1922
2021-11-26,Santa Cruz,087,273765,21291,20929,1017,21946,222
2021-11-26,Shasta,089,179085,22435,22151,3675,25826,396
2021-11-26,Sierra,091,2930,196,194,21,215,0
2021-11-26,Siskiyou,093,43540,3442,3336,1324,4660,54
2021-11-26,Solano,095,438530,47000,46163,1329,47492,356
2021-11-26,Sonoma,097,501317,42823,42368,553,42921,405
2021-11-26,Stanislaus,099,539301,80875,80782,9085,89867,1220
2021-11-26,Sutter,101,95872,14189,14127,378,14505,181
2021-11-26,Tehama,103,63373,8789,8675,1518,10193,129
2021-11-26,Trinity,105,12862,895,789,219,1008,17
2021-11-26,Tulare,107,460477,70712,69377,15752,85129,1082
2021-11-26,Tuolumne,109,53932,7658,7574,114,7688,90
2021-11-26,Ventura,111,848112,100153,99163,4350,103513,1188
2021-11-26,Yolo,113,214977,20446,20237,1122,21359,257
2021-11-26,Yuba,115,75493,10424,10335,365,10700,88
2021-11-25,Alameda,001,1643700,122252,121618,2836,124454,1477
2021-11-25,Alpine,003,1148,105,106,0,106,0
2021-11-25,Amador,005,37829,5723,5670,67,5737,66
2021-11-25,Butte,007,227075,21701,21384,3990,25374,309
2021-11-25,Calaveras,009,45235,4361,4294,61,4355,85
2021-11-25,Colusa,011,21464,2608,2568,660,3228,19
2021-11-25,Contra Costa,013,1133247,101789,100961,2267,103228,1045
2021-11-25,Del Norte,015,27424,3754,3661,55,3716,42
2021-11-25,El Dorado,017,186661,16706,16399,1772,18171,161
2021-11-25,Fresno,019,978130,145292,143386,13059,156445,2246
2021-11-25,Glenn,021,27897,3581,3532,1035,4567,36
2021-11-25,Humboldt,023,135768,9535,9399,644,10043,115
2021-11-25,Imperial,025,180216,35131,34611,3449,38060,769
2021-11-25,Inyo,027,18085,2541,2506,38,2544,45
2021-11-25,Kern,029,883053,132119,130245,23500,153745,1773
2021-11-25,Kings,031,150075,33312,32891,1998,34889,358
2021-11-25,Lake,033,64148,6915,6836,153,6989,110
2021-11-25,Lassen,035,31185,7038,6959,405,7364,47
2021-11-25,Los Angeles,037,10098052,1466965,1454495,54726,1509221,26817
2021-11-25,Madera,039,155013,24205,23880,2252,26132,296
2021-11-25,Marin,041,260295,18051,17857,488,18345,248
2021-11-25,Mariposa,043,17540,1420,1374,59,1433,6
2021-11-25,Mendocino,045,87422,8026,7871,650,8521,89
2021-11-25,Merced,047,269075,43168,42921,2050,44971,664
2021-11-25,Modoc,049,8938,585,551,201,752,5
2021-11-25,Mono,051,14174,1862,1810,23,1833,4
2021-11-25,Monterey,053,433212,49597,48400,3095,51495,625
2021-11-25,Napa,055,140530,13301,13256,114,13370,104
2021-11-25,Nevada,057,99092,9745,9584,339,9923,103
2021-11-25,Orange,059,3164182,313665,310809,15743,326552,5665
2021-11-25,Placer,061,380077,38548,38001,3805,41806,468
2021-11-25,Plumas,063,18699,1935,1860,43,1903,7
2021-11-25,Riverside,065,2383286,373392,367601,16526,384127,5306
2021-11-25,Sacramento,067,1510023,163771,162328,4836,167164,2335
2021-11-25,San Benito,069,59416,7615,7575,178,7753,77
2021-11-25,San Bernardino,071,2135413,364380,360033,11540,371573,5932
2021-11-25,San Diego,073,3302833,385179,382634,22549,405183,4319
2021-11-25,San Francisco,075,870044,54585,53830,2376,56206,669
2021-11-25,San Joaquin,077,732212,102348,101368,5530,106898,1833
2021-11-25,San Luis Obispo,079,281455,30477,29983,1307,31290,358
2021-11-25,San Mateo,081,765935,55503,54360,927,55287,577
2021-11-25,Santa Barbara,083,443738,45746,45318,1577,46895,548
2021-11-25,Santa Clara,085,1922200,151442,149700,1494,151194,1922
2021-11-25,Santa Cruz,087,273765,21258,20929,1017,21946,222
2021-11-25,Shasta,089,179085,22409,22151,3675,25826,396
2021-11-25,Sierra,091,2930,196,194,21,215,0
2021-11-25,Siskiyou,093,43540,3439,3336,1324,4660,54
2021-11-25,Solano,095,438530,46963,46163,1328,47491,356
2021-11-25,Sonoma,097,501317,42766,42368,549,42917,405
2021-11-25,Stanislaus,099,539301,80808,80782,9071,89853,1220
2021-11-25,Sutter,101,95872,14173,14127,377,14504,181
2021-11-25,Tehama,103,63373,8781,8675,1518,10193,129
2021-11-25,Trinity,105,12862,895,789,219,1008,17
2021-11-25,Tulare,107,460477,70644,69377,15726,85103,1082
2021-11-25,Tuolumne,109,53932,7646,7574,114,7688,90
2021-11-25,Ventura,111,848112,100087,99163,4347,103510,1188
2021-11-25,Yolo,113,214977,20416,20237,1118,21355,257
2021-11-25,Yuba,115,75493,10415,10335,364,10699,88
2021-11-24,Alameda,001,1643700,122189,121618,2832,124450,1477
2021-11-24,Alpine,003,1148,105,106,0,106,0
2021-11-24,Amador,005,37829,5713,5670,67,5737,66
2021-11-24,Butte,007,227075,21685,21384,3989,25373,309
2021-11-24,Calaveras,009,45235,4354,4294,61,4355,85
2021-11-24,Colusa,011,21464,2608,2568,659,3227,19
2021-11-24,Contra Costa,013,1133247,101750,100961,2264,103225,1045
2021-11-24,Del Norte,015,27424,3751,3661,55,3716,42
2021-11-24,El Dorado,017,186661,16695,16399,1771,18170,161
2021-11-24,Fresno,019,978130,145238,143386,13058,156444,2246
2021-11-24,Glenn,021,27897,3576,3532,1034,4566,36
2021-11-24,Humboldt,023,135768,9520,9399,644,10043,115
2021-11-24,Imperial,025,180216,35102,34611,3443,38054,769
2021-11-24,Inyo,027,18085,2538,2506,38,2544,45
2021-11-24,Kern,029,883053,132057,130245,23488,153733,1773
2021-11-24,Kings,031,150075,33298,32891,1997,34888,358
2021-11-24,Lake,033,64148,6911,6836,153,6989,110
2021-11-24,Lassen,035,31185,7038,6959,405,7364,47
2021-11-24,Los Angeles,037,10098052,1466480,1454495,54684,1509179,26817
2021-11-24,Madera,039,155013,24182,23880,2246,26126,296
2021-11-24,Marin,041,260295,18039,17857,486,18343,248
2021-11-24,Mariposa,043,17540,1420,1374,59,1433,6
2021-11-24,Mendocino,045,87422,8014,7871,650,8521,89
2021-11-24,Merced,047,269075,43136,42921,2047,44968,664
2021-11-24,Modoc,049,8938,585,551,201,752,5
2021-11-24,Mono,051,14174,1859,1810,23,1833,4
2021-11-24,Monterey,053,433212,49584,48400,3094,51494,625
2021-11-24,Napa,055,140530,13297,13256,114,13370,104
2021-11-24,Nevada,057,99092,9730,9584,339,9923,103
2021-11-24,Orange,059,3164182,313510,310809,15728,326537,5665
2021-11-24,Placer,061,380077,38515,38001,3803,41804,468
2021-11-24,Plumas,063,18699,1933,1860,43,1903,7
2021-11-24,Riverside,065,2383286,373213,367601,16520,384121,5306
2021-11-24,Sacramento,067,1510023,163700,162328,4836,167164,2335
2021-11-24,San Benito,069,59416,7613,7575,178,7753,77
2021-11-24,San Bernardino,071,2135413,364169,360033,11530,371563,5932
2021-11-24,San Diego,073,3302833,384921,382634,22536,405170,4319
2021-11-24,San Francisco,075,870044,54555,53830,2374,56204,669
2021-11-24,San Joaquin,077,732212,102307,101368,5527,106895,1833
2021-11-24,San Luis Obispo,079,281455,30458,29983,1307,31290,358
2021-11-24,San Mateo,081,765935,55473,54360,926,55286,577
2021-11-24,Santa Barbara,083,443738,45719,45318,1577,46895,548
2021-11-24,Santa Clara,085,1922200,151346,149700,1493,151193,1922
2021-11-24,Santa Cruz,087,273765,21235,20929,1016,21945,222
2021-11-24,Shasta,089,179085,22398,22151,3672,25823,396
2021-11-24,Sierra,091,2930,196,194,21,215,0
2021-11-24,Siskiyou,093,43540,3436,3336,1324,4660,54
2021-11-24,Solano,095,438530,46935,46163,1326,47489,356
2021-11-24,Sonoma,097,501317,42734,42368,547,42915,405
2021-11-24,Stanislaus,099,539301,80771,80782,9066,89848,1220
2021-11-24,Sutter,101,95872,14160,14127,375,14502,181
2021-11-24,Tehama,103,63373,8778,8675,1517,10192,129
2021-11-24,Trinity,105,12862,895,789,219,1008,17
2021-11-24,Tulare,107,460477,70620,69377,15707,85084,1082
2021-11-24,Tuolumne,109,53932,7642,7574,114,7688,90
2021-11-24,Ventura,111,848112,100052,99163,4343,103506,1188
2021-11-24,Yolo,113,214977,20408,20237,1117,21354,257
2021-11-24,Yuba,115,75493,10411,10335,363,10698,88
2021-11-23,Alameda,001,1643700,122071,121618,2825,124443,1477
2021-11-23,Alpine,003,1148,105,106,0,106,0
2021-11-23,Amador,005,37829,5706,5670,67,5737,66
2021-11-23,Butte,007,227075,21656,21384,3985,25369,309
2021-11-23,Calaveras,009,45235,4348,4294,60,4354,85
2021-11-23,Colusa,011,21464,2604,2568,657,3225,19
2021-11-23,Contra Costa,013,1133247,101643,100961,2262,103223,1045
2021-11-23,Del Norte,015,27424,3748,3661,55,3716,42
2021-11-23,El Dorado,017,186661,16664,16399,1768,18167,161
2021-11-23,Fresno,019,978130,145099,143386,13049,156435,2246
2021-11-23,Glenn,021,27897,3571,3532,1034,4566,36
2021-11-23,Humboldt,023,135768,9498,9399,641,10040,115
2021-11-23,Imperial,025,180216,35033,34611,3424,38035,769
2021-11-23,Inyo,027,18085,2534,2506,38,2544,45
2021-11-23,Kern,029,883053,131949,130245,23439,153684,1773
2021-11-23,Kings,031,150075,33256,32891,1996,34887,358
2021-11-23,Lake,033,64148,6906,6836,153,6989,110
2021-11-23,Lassen,035,31185,7035,6959,402,7361,47
2021-11-23,Los Angeles,037,10098052,1465469,1454495,54616,1509111,26817
2021-11-23,Madera,039,155013,24156,23880,2244,26124,296
2021-11-23,Marin,041,260295,18008,17857,483,18340,248
2021-11-23,Mariposa,043,17540,1417,1374,59,1433,6
2021-11-23,Mendocino,045,87422,7993,7871,647,8518,89
2021-11-23,Merced,047,269075,43098,42921,2046,44967,664
2021-11-23,Modoc,049,8938,583,551,201,752,5
2021-11-23,Mono,051,14174,1845,1810,23,1833,4
2021-11-23,Monterey,053,433212,49548,48400,3088,51488,625
2021-11-23,Napa,055,140530,13289,13256,114,13370,104
2021-11-23,Nevada,057,99092,9701,9584,338,9922,103
2021-11-23,Orange,059,3164182,313260,310809,15692,326501,5665
2021-11-23,Placer,061,380077,38456,38001,3786,41787,468
2021-11-23,Plumas,063,18699,1929,1860,43,1903,7
2021-11-23,Riverside,065,2383286,372830,367601,16507,384108,5306
2021-11-23,Sacramento,067,1510023,163514,162328,4825,167153,2335
2021-11-23,San Benito,069,59416,7604,7575,176,7751,77
2021-11-23,San Bernardino,071,2135413,363752,360033,11515,371548,5932
2021-11-23,San Diego,073,3302833,384436,382634,22513,405147,4319
2021-11-23,San Francisco,075,870044,54496,53830,2372,56202,669
2021-11-23,San Joaquin,077,732212,102196,101368,5516,106884,1833
2021-11-23,San Luis Obispo,079,281455,30423,29983,1304,31287,358
2021-11-23,San Mateo,081,765935,55423,54360,925,55285,577
2021-11-23,Santa Barbara,083,443738,45666,45318,1577,46895,548
2021-11-23,Santa Clara,085,1922200,151136,149700,1481,151181,1922
2021-11-23,Santa Cruz,087,273765,21197,20929,1016,21945,222
2021-11-23,Shasta,089,179085,22362,22151,3670,25821,396
2021-11-23,Sierra,091,2930,196,194,21,215,0
2021-11-23,Siskiyou,093,43540,3431,3336,1323,4659,54
2021-11-23,Solano,095,438530,46881,46163,1322,47485,356
2021-11-23,Sonoma,097,501317,42683,42368,544,42912,405
2021-11-23,Stanislaus,099,539301,80701,80782,9054,89836,1220
2021-11-23,Sutter,101,95872,14144,14127,374,14501,181
2021-11-23,Tehama,103,63373,8765,8675,1516,10191,129
2021-11-23,Trinity,105,12862,894,789,219,1008,17
2021-11-23,Tulare,107,460477,70573,69377,15677,85054,1082
2021-11-23,Tuolumne,109,53932,7630,7574,113,7687,90
2021-11-23,Ventura,111,848112,99969,99163,4337,103500,1188
2021-11-23,Yolo,113,214977,20387,20237,1109,21346,257
2021-11-23,Yuba,115,75493,10399,10335,363,10698,88
2021-11-22,Alameda,001,1643700,121956,121566,2824,124390,1475
2021-11-22,Alpine,003,1148,105,106,0,106,0
2021-11-22,Amador,005,37829,5693,5670,67,5737,66
2021-11-22,Butte,007,227075,21617,21363,3980,25343,305
2021-11-22,Calaveras,009,45235,4336,4294,60,4354,84
2021-11-22,Colusa,011,21464,2601,2565,657,3222,19
2021-11-22,Contra Costa,013,1133247,101555,100877,2257,103134,1045
2021-11-22,Del Norte,015,27424,3745,3659,55,3714,42
2021-11-22,El Dorado,017,186661,16641,16378,1765,18143,161
2021-11-22,Fresno,019,978130,144966,143290,13041,156331,2243
2021-11-22,Glenn,021,27897,3566,3530,1033,4563,36
2021-11-22,Humboldt,023,135768,9472,9389,636,10025,115
2021-11-22,Imperial,025,180216,34972,34562,3410,37972,766
2021-11-22,Inyo,027,18085,2528,2501,38,2539,44
2021-11-22,Kern,029,883053,131788,130091,23390,153481,1762
2021-11-22,Kings,031,150075,33219,32867,1991,34858,358
2021-11-22,Lake,033,64148,6901,6837,153,6990,110
2021-11-22,Lassen,035,31185,7033,6954,401,7355,47
2021-11-22,Los Angeles,037,10098052,1464404,1453945,54534,1508479,26800
2021-11-22,Madera,039,155013,24122,23872,2236,26108,296
2021-11-22,Marin,041,260295,17977,17842,481,18323,248
2021-11-22,Mariposa,043,17540,1413,1372,59,1431,6
2021-11-22,Mendocino,045,87422,7977,7859,646,8505,89
2021-11-22,Merced,047,269075,43047,42898,2035,44933,660
2021-11-22,Modoc,049,8938,582,551,201,752,5
2021-11-22,Mono,051,14174,1838,1809,23,1832,4
2021-11-22,Monterey,053,433212,49520,48374,3084,51458,611
2021-11-22,Napa,055,140530,13280,13255,113,13368,104
2021-11-22,Nevada,057,99092,9684,9575,336,9911,96
2021-11-22,Orange,059,3164182,313018,310654,15666,326320,5663
2021-11-22,Placer,061,380077,38409,37956,3778,41734,465
2021-11-22,Plumas,063,18699,1926,1858,43,1901,7
2021-11-22,Riverside,065,2383286,372393,367301,16498,383799,5283
2021-11-22,Sacramento,067,1510023,163322,162222,4816,167038,2328
2021-11-22,San Benito,069,59416,7584,7567,176,7743,77
2021-11-22,San Bernardino,071,2135413,363335,359851,11504,371355,5916
2021-11-22,San Diego,073,3302833,383941,382132,22489,404621,4317
2021-11-22,San Francisco,075,870044,54404,53778,2366,56144,669
2021-11-22,San Joaquin,077,732212,102071,101299,5511,106810,1833
2021-11-22,San Luis Obispo,079,281455,30397,29963,1301,31264,358
2021-11-22,San Mateo,081,765935,55366,54330,923,55253,577
2021-11-22,Santa Barbara,083,443738,45590,45279,1577,46856,546
2021-11-22,Santa Clara,085,1922200,150951,149541,1471,151012,1919
2021-11-22,Santa Cruz,087,273765,21156,20891,1016,21907,222
2021-11-22,Shasta,089,179085,22348,22116,3665,25781,393
2021-11-22,Sierra,091,2930,196,193,21,214,0
2021-11-22,Siskiyou,093,43540,3426,3336,1321,4657,54
2021-11-22,Solano,095,438530,46832,46153,1320,47473,356
2021-11-22,Sonoma,097,501317,42622,42344,543,42887,404
2021-11-22,Stanislaus,099,539301,80613,80718,9044,89762,1209
2021-11-22,Sutter,101,95872,14128,14125,372,14497,181
2021-11-22,Tehama,103,63373,8758,8669,1511,10180,127
2021-11-22,Trinity,105,12862,893,785,219,1004,17
2021-11-22,Tulare,107,460477,70512,69314,15641,84955,1075
2021-11-22,Tuolumne,109,53932,7615,7567,113,7680,90
2021-11-22,Ventura,111,848112,99903,99114,4334,103448,1186
2021-11-22,Yolo,113,214977,20364,20227,1107,21334,257
2021-11-22,Yuba,115,75493,10390,10332,362,10694,88
2021-11-21,Alameda,001,1643700,121824,121443,2820,124263,1475
2021-11-21,Alpine,003,1148,103,106,0,106,0
2021-11-21,Amador,005,37829,5688,5662,66,5728,66
2021-11-21,Butte,007,227075,21575,21342,3975,25317,306
2021-11-21,Calaveras,009,45235,4327,4287,60,4347,84
2021-11-21,Colusa,011,21464,2597,2562,656,3218,19
2021-11-21,Contra Costa,013,1133247,101453,100807,2250,103057,1045
2021-11-21,Del Norte,015,27424,3741,3659,55,3714,42
2021-11-21,El Dorado,017,186661,16614,16370,1759,18129,161
2021-11-21,Fresno,019,978130,144794,143203,13021,156224,2242
2021-11-21,Glenn,021,27897,3561,3529,1033,4562,36
2021-11-21,Humboldt,023,135768,9450,9378,635,10013,115
2021-11-21,Imperial,025,180216,34884,34527,3400,37927,766
2021-11-21,Inyo,027,18085,2521,2501,38,2539,44
2021-11-21,Kern,029,883053,131624,130020,23344,153364,1762
2021-11-21,Kings,031,150075,33181,32843,1987,34830,356
2021-11-21,Lake,033,64148,6894,6834,153,6987,110
2021-11-21,Lassen,035,31185,7024,6953,401,7354,47
2021-11-21,Los Angeles,037,10098052,1463337,1453181,54479,1507660,26793
2021-11-21,Madera,039,155013,24097,23856,2231,26087,296
2021-11-21,Marin,041,260295,17948,17829,478,18307,248
2021-11-21,Mariposa,043,17540,1412,1371,58,1429,6
2021-11-21,Mendocino,045,87422,7971,7846,643,8489,89
2021-11-21,Merced,047,269075,42992,42881,2032,44913,660
2021-11-21,Modoc,049,8938,578,551,201,752,5
2021-11-21,Mono,051,14174,1828,1799,22,1821,4
2021-11-21,Monterey,053,433212,49474,48358,3075,51433,611
2021-11-21,Napa,055,140530,13268,13250,113,13363,104
2021-11-21,Nevada,057,99092,9658,9556,335,9891,96
2021-11-21,Orange,059,3164182,312762,310477,15635,326112,5663
2021-11-21,Placer,061,380077,38328,37929,3777,41706,465
2021-11-21,Plumas,063,18699,1921,1858,43,1901,7
2021-11-21,Riverside,065,2383286,371901,367093,16490,383583,5283
2021-11-21,Sacramento,067,1510023,163105,162087,4806,166893,2327
2021-11-21,San Benito,069,59416,7570,7563,175,7738,77
2021-11-21,San Bernardino,071,2135413,362841,359621,11468,371089,5912
2021-11-21,San Diego,073,3302833,383410,380747,22464,403211,4317
2021-11-21,San Francisco,075,870044,54335,53741,2361,56102,669
2021-11-21,San Joaquin,077,732212,101964,101264,5498,106762,1833
2021-11-21,San Luis Obispo,079,281455,30359,29948,1301,31249,358
2021-11-21,San Mateo,081,765935,55314,54290,921,55211,577
2021-11-21,Santa Barbara,083,443738,45530,45237,1574,46811,546
2021-11-21,Santa Clara,085,1922200,150745,149387,1452,150839,1918
2021-11-21,Santa Cruz,087,273765,21112,20866,1014,21880,222
2021-11-21,Shasta,089,179085,22317,22112,3663,25775,393
2021-11-21,Sierra,091,2930,196,193,21,214,0
2021-11-21,Siskiyou,093,43540,3421,3333,1320,4653,54
2021-11-21,Solano,095,438530,46776,46122,1313,47435,356
2021-11-21,Sonoma,097,501317,42562,42298,542,42840,404
2021-11-21,Stanislaus,099,539301,80518,80687,9029,89716,1209
2021-11-21,Sutter,101,95872,14114,14111,372,14483,181
2021-11-21,Tehama,103,63373,8752,8669,1510,10179,127
2021-11-21,Trinity,105,12862,891,784,217,1001,17
2021-11-21,Tulare,107,460477,70429,69285,15603,84888,1075
2021-11-21,Tuolumne,109,53932,7607,7560,112,7672,90
2021-11-21,Ventura,111,848112,99812,99081,4331,103412,1186
2021-11-21,Yolo,113,214977,20336,20209,1104,21313,257
2021-11-21,Yuba,115,75493,10381,10326,362,10688,88
2021-11-20,Alameda,001,1643700,121730,121059,2814,123873,1473
2021-11-20,Alpine,003,1148,103,105,0,105,0
2021-11-20,Amador,005,37829,5682,5652,65,5717,66
2021-11-20,Butte,007,227075,21560,21265,3971,25236,300
2021-11-20,Calaveras,009,45235,4317,4268,60,4328,84
2021-11-20,Colusa,011,21464,2596,2549,655,3204,19
2021-11-20,Contra Costa,013,1133247,101376,100491,2246,102737,1043
2021-11-20,Del Norte,015,27424,3738,3637,55,3692,42
2021-11-20,El Dorado,017,186661,16593,16308,1757,18065,161
2021-11-20,Fresno,019,978130,144725,142579,13012,155591,2233
2021-11-20,Glenn,021,27897,3560,3526,1032,4558,35
2021-11-20,Humboldt,023,135768,9437,9302,633,9935,115
2021-11-20,Imperial,025,180216,34832,34312,3394,37706,766
2021-11-20,Inyo,027,18085,2520,2467,38,2505,44
2021-11-20,Kern,029,883053,131523,129488,23307,152795,1750
2021-11-20,Kings,031,150075,33171,32720,1987,34707,354
2021-11-20,Lake,033,64148,6891,6808,153,6961,110
2021-11-20,Lassen,035,31185,7023,6931,401,7332,47
2021-11-20,Los Angeles,037,10098052,1462717,1448963,54431,1503394,26741
2021-11-20,Madera,039,155013,24083,23720,2227,25947,296
2021-11-20,Marin,041,260295,17933,17774,478,18252,248
2021-11-20,Mariposa,043,17540,1411,1354,58,1412,6
2021-11-20,Mendocino,045,87422,7963,7773,643,8416,89
2021-11-20,Merced,047,269075,42966,42692,2032,44724,656
2021-11-20,Modoc,049,8938,577,550,201,751,5
2021-11-20,Mono,051,14174,1822,1767,22,1789,4
2021-11-20,Monterey,053,433212,49461,48260,3070,51330,609
2021-11-20,Napa,055,140530,13265,13184,113,13297,103
2021-11-20,Nevada,057,99092,9642,9480,335,9815,92
2021-11-20,Orange,059,3164182,312562,309672,15618,325290,5658
2021-11-20,Placer,061,380077,38288,37800,3772,41572,462
2021-11-20,Plumas,063,18699,1917,1841,43,1884,7
2021-11-20,Riverside,065,2383286,371628,365809,16478,382287,5265
2021-11-20,Sacramento,067,1510023,163001,161533,4802,166335,2316
2021-11-20,San Benito,069,59416,7566,7533,175,7708,77
2021-11-20,San Bernardino,071,2135413,362561,358322,11457,369779,5897
2021-11-20,San Diego,073,3302833,383084,380147,22438,402585,4311
2021-11-20,San Francisco,075,870044,54296,53525,2360,55885,669
2021-11-20,San Joaquin,077,732212,101914,100922,5493,106415,1832
2021-11-20,San Luis Obispo,079,281455,30345,29815,1300,31115,355
2021-11-20,San Mateo,081,765935,55280,54132,920,55052,577
2021-11-20,Santa Barbara,083,443738,45498,45074,1574,46648,544
2021-11-20,Santa Clara,085,1922200,150638,148829,1451,150280,1917
2021-11-20,Santa Cruz,087,273765,21094,20756,1014,21770,222
2021-11-20,Shasta,089,179085,22293,21968,3662,25630,383
2021-11-20,Sierra,091,2930,196,191,21,212,0
2021-11-20,Siskiyou,093,43540,3418,3313,1320,4633,54
2021-11-20,Solano,095,438530,46755,46006,1313,47319,356
2021-11-20,Sonoma,097,501317,42531,42151,542,42693,403
2021-11-20,Stanislaus,099,539301,80472,80412,9025,89437,1205
2021-11-20,Sutter,101,95872,14106,14074,372,14446,181
2021-11-20,Tehama,103,63373,8747,8648,1510,10158,125
2021-11-20,Trinity,105,12862,887,771,217,988,17
2021-11-20,Tulare,107,460477,70390,69074,15582,84656,1054
2021-11-20,Tuolumne,109,53932,7599,7511,112,7623,90
2021-11-20,Ventura,111,848112,99763,98893,4324,103217,1186
2021-11-20,Yolo,113,214977,20328,20139,1100,21239,257
2021-11-20,Yuba,115,75493,10375,10290,361,10651,88
2021-11-19,Alameda,001,1643700,121656,121059,2811,123870,1473
2021-11-19,Alpine,003,1148,103,105,0,105,0
2021-11-19,Amador,005,37829,5672,5652,65,5717,66
2021-11-19,Butte,007,227075,21537,21265,3964,25229,300
2021-11-19,Calaveras,009,45235,4310,4268,60,4328,84
2021-11-19,Colusa,011,21464,2594,2549,654,3203,19
2021-11-19,Contra Costa,013,1133247,101319,100491,2241,102732,1043
2021-11-19,Del Norte,015,27424,3733,3637,55,3692,42
2021-11-19,El Dorado,017,186661,16571,16308,1755,18063,161
2021-11-19,Fresno,019,978130,144608,142579,13003,155582,2233
2021-11-19,Glenn,021,27897,3559,3526,1031,4557,35
2021-11-19,Humboldt,023,135768,9425,9302,630,9932,115
2021-11-19,Imperial,025,180216,34795,34312,3387,37699,766
2021-11-19,Inyo,027,18085,2516,2467,38,2505,44
2021-11-19,Kern,029,883053,131420,129488,23264,152752,1750
2021-11-19,Kings,031,150075,33146,32720,1985,34705,354
2021-11-19,Lake,033,64148,6888,6808,153,6961,110
2021-11-19,Lassen,035,31185,7018,6931,400,7331,47
2021-11-19,Los Angeles,037,10098052,1462026,1448963,54378,1503341,26741
2021-11-19,Madera,039,155013,24062,23720,2222,25942,296
2021-11-19,Marin,041,260295,17915,17774,476,18250,248
2021-11-19,Mariposa,043,17540,1409,1354,58,1412,6
2021-11-19,Mendocino,045,87422,7943,7773,643,8416,89
2021-11-19,Merced,047,269075,42940,42692,2031,44723,656
2021-11-19,Modoc,049,8938,576,550,201,751,5
2021-11-19,Mono,051,14174,1811,1767,22,1789,4
2021-11-19,Monterey,053,433212,49439,48260,3070,51330,609
2021-11-19,Napa,055,140530,13254,13184,112,13296,103
2021-11-19,Nevada,057,99092,9629,9480,335,9815,92
2021-11-19,Orange,059,3164182,312408,309672,15593,325265,5658
2021-11-19,Placer,061,380077,38251,37800,3768,41568,462
2021-11-19,Plumas,063,18699,1913,1841,43,1884,7
2021-11-19,Riverside,065,2383286,371354,365809,16474,382283,5265
2021-11-19,Sacramento,067,1510023,162876,161533,4798,166331,2316
2021-11-19,San Benito,069,59416,7560,7533,173,7706,77
2021-11-19,San Bernardino,071,2135413,362238,358322,11448,369770,5897
2021-11-19,San Diego,073,3302833,382693,380147,22412,402559,4311
2021-11-19,San Francisco,075,870044,54258,53525,2360,55885,669
2021-11-19,San Joaquin,077,732212,101856,100922,5489,106411,1832
2021-11-19,San Luis Obispo,079,281455,30327,29815,1298,31113,355
2021-11-19,San Mateo,081,765935,55232,54132,916,55048,577
2021-11-19,Santa Barbara,083,443738,45461,45074,1574,46648,544
2021-11-19,Santa Clara,085,1922200,150490,148829,1448,150277,1917
2021-11-19,Santa Cruz,087,273765,21067,20756,1011,21767,222
2021-11-19,Shasta,089,179085,22281,21968,3661,25629,383
2021-11-19,Sierra,091,2930,196,191,21,212,0
2021-11-19,Siskiyou,093,43540,3415,3313,1320,4633,54
2021-11-19,Solano,095,438530,46724,46006,1309,47315,356
2021-11-19,Sonoma,097,501317,42498,42151,539,42690,403
2021-11-19,Stanislaus,099,539301,80414,80412,9016,89428,1205
2021-11-19,Sutter,101,95872,14104,14074,372,14446,181
2021-11-19,Tehama,103,63373,8744,8648,1510,10158,125
2021-11-19,Trinity,105,12862,885,771,217,988,17
2021-11-19,Tulare,107,460477,70349,69074,15556,84630,1054
2021-11-19,Tuolumne,109,53932,7588,7511,112,7623,90
2021-11-19,Ventura,111,848112,99698,98893,4321,103214,1186
2021-11-19,Yolo,113,214977,20317,20139,1098,21237,257
2021-11-19,Yuba,115,75493,10372,10290,361,10651,88
2021-11-18,Alameda,001,1643700,121532,121059,2804,123863,1473
2021-11-18,Alpine,003,1148,103,105,0,105,0
2021-11-18,Amador,005,37829,5670,5652,65,5717,66
2021-11-18,Butte,007,227075,21520,21265,3957,25222,300
2021-11-18,Calaveras,009,45235,4303,4268,59,4327,84
2021-11-18,Colusa,011,21464,2586,2549,654,3203,19
2021-11-18,Contra Costa,013,1133247,101217,100491,2233,102724,1043
2021-11-18,Del Norte,015,27424,3730,3637,55,3692,42
2021-11-18,El Dorado,017,186661,16550,16308,1752,18060,161
2021-11-18,Fresno,019,978130,144468,142579,12993,155572,2233
2021-11-18,Glenn,021,27897,3558,3526,1030,4556,35
2021-11-18,Humboldt,023,135768,9408,9302,625,9927,115
2021-11-18,Imperial,025,180216,34740,34312,3371,37683,766
2021-11-18,Inyo,027,18085,2508,2467,38,2505,44
2021-11-18,Kern,029,883053,131272,129488,23217,152705,1750
2021-11-18,Kings,031,150075,33109,32720,1982,34702,354
2021-11-18,Lake,033,64148,6883,6808,153,6961,110
2021-11-18,Lassen,035,31185,7015,6931,395,7326,47
2021-11-18,Los Angeles,037,10098052,1461035,1448963,54318,1503281,26741
2021-11-18,Madera,039,155013,24037,23720,2218,25938,296
2021-11-18,Marin,041,260295,17898,17774,472,18246,248
2021-11-18,Mariposa,043,17540,1406,1354,58,1412,6
2021-11-18,Mendocino,045,87422,7921,7773,634,8407,89
2021-11-18,Merced,047,269075,42883,42692,2029,44721,656
2021-11-18,Modoc,049,8938,564,550,201,751,5
2021-11-18,Mono,051,14174,1803,1767,22,1789,4
2021-11-18,Monterey,053,433212,49414,48260,3065,51325,609
2021-11-18,Napa,055,140530,13242,13184,111,13295,103
2021-11-18,Nevada,057,99092,9605,9480,335,9815,92
2021-11-18,Orange,059,3164182,312171,309672,15573,325245,5658
2021-11-18,Placer,061,380077,38208,37800,3757,41557,462
2021-11-18,Plumas,063,18699,1912,1841,43,1884,7
2021-11-18,Riverside,065,2383286,370979,365809,16461,382270,5265
2021-11-18,Sacramento,067,1510023,162648,161533,4783,166316,2316
2021-11-18,San Benito,069,59416,7550,7533,173,7706,77
2021-11-18,San Bernardino,071,2135413,361805,358322,11429,369751,5897
2021-11-18,San Diego,073,3302833,382195,380147,22395,402542,4311
2021-11-18,San Francisco,075,870044,54206,53525,2356,55881,669
2021-11-18,San Joaquin,077,732212,101763,100922,5480,106402,1832
2021-11-18,San Luis Obispo,079,281455,30297,29815,1297,31112,355
2021-11-18,San Mateo,081,765935,55173,54132,913,55045,577
2021-11-18,Santa Barbara,083,443738,45415,45074,1567,46641,544
2021-11-18,Santa Clara,085,1922200,150299,148829,1440,150269,1917
2021-11-18,Santa Cruz,087,273765,21016,20756,1010,21766,222
2021-11-18,Shasta,089,179085,22245,21968,3656,25624,383
2021-11-18,Sierra,091,2930,195,191,21,212,0
2021-11-18,Siskiyou,093,43540,3415,3313,1316,4629,54
2021-11-18,Solano,095,438530,46682,46006,1306,47312,356
2021-11-18,Sonoma,097,501317,42449,42151,537,42688,403
2021-11-18,Stanislaus,099,539301,80347,80412,9008,89420,1205
2021-11-18,Sutter,101,95872,14093,14074,371,14445,181
2021-11-18,Tehama,103,63373,8739,8648,1510,10158,125
2021-11-18,Trinity,105,12862,884,771,217,988,17
2021-11-18,Tulare,107,460477,70275,69074,15512,84586,1054
2021-11-18,Tuolumne,109,53932,7578,7511,112,7623,90
2021-11-18,Ventura,111,848112,99621,98893,4317,103210,1186
2021-11-18,Yolo,113,214977,20300,20139,1094,21233,257
2021-11-18,Yuba,115,75493,10366,10290,361,10651,88
2021-11-17,Alameda,001,1643700,121410,120913,2803,123716,1472
2021-11-17,Alpine,003,1148,103,105,0,105,0
2021-11-17,Amador,005,37829,5664,5646,65,5711,66
2021-11-17,Butte,007,227075,21494,21230,3954,25184,300
2021-11-17,Calaveras,009,45235,4296,4259,59,4318,84
2021-11-17,Colusa,011,21464,2583,2546,653,3199,19
2021-11-17,Contra Costa,013,1133247,101125,100387,2229,102616,1039
2021-11-17,Del Norte,015,27424,3727,3630,55,3685,42
2021-11-17,El Dorado,017,186661,16530,16269,1751,18020,161
2021-11-17,Fresno,019,978130,144285,142366,12980,155346,2230
2021-11-17,Glenn,021,27897,3556,3527,1028,4555,34
2021-11-17,Humboldt,023,135768,9397,9270,622,9892,115
2021-11-17,Imperial,025,180216,34684,34256,3350,37606,766
2021-11-17,Inyo,027,18085,2502,2457,38,2495,44
2021-11-17,Kern,029,883053,131099,129307,23175,152482,1743
2021-11-17,Kings,031,150075,33082,32669,1978,34647,352
2021-11-17,Lake,033,64148,6879,6795,152,6947,110
2021-11-17,Lassen,035,31185,7013,6918,395,7313,47
2021-11-17,Los Angeles,037,10098052,1459935,1447947,54251,1502198,26721
2021-11-17,Madera,039,155013,24004,23673,2216,25889,287
2021-11-17,Marin,041,260295,17878,17757,470,18227,248
2021-11-17,Mariposa,043,17540,1402,1353,58,1411,6
2021-11-17,Mendocino,045,87422,7913,7735,633,8368,89
2021-11-17,Merced,047,269075,42824,42612,2024,44636,654
2021-11-17,Modoc,049,8938,560,540,201,741,5
2021-11-17,Mono,051,14174,1799,1765,22,1787,5
2021-11-17,Monterey,053,433212,49366,48221,3054,51275,609
2021-11-17,Napa,055,140530,13220,13167,111,13278,103
2021-11-17,Nevada,057,99092,9592,9447,335,9782,92
2021-11-17,Orange,059,3164182,311924,309396,15539,324935,5651
2021-11-17,Placer,061,380077,38160,37725,3749,41474,460
2021-11-17,Plumas,063,18699,1907,1833,43,1876,7
2021-11-17,Riverside,065,2383286,370568,365406,16448,381854,5229
2021-11-17,Sacramento,067,1510023,162478,161269,4776,166045,2302
2021-11-17,San Benito,069,59416,7543,7524,173,7697,77
2021-11-17,San Bernardino,071,2135413,361440,357947,11412,369359,5893
2021-11-17,San Diego,073,3302833,381704,379769,22369,402138,4301
2021-11-17,San Francisco,075,870044,54151,53469,2353,55822,667
2021-11-17,San Joaquin,077,732212,101661,100764,5475,106239,1828
2021-11-17,San Luis Obispo,079,281455,30271,29731,1294,31025,354
2021-11-17,San Mateo,081,765935,55105,54092,910,55002,577
2021-11-17,Santa Barbara,083,443738,45376,45000,1567,46567,542
2021-11-17,Santa Clara,085,1922200,150135,148626,1432,150058,1915
2021-11-17,Santa Cruz,087,273765,20981,20700,1010,21710,222
2021-11-17,Shasta,089,179085,22212,21883,3654,25537,382
2021-11-17,Sierra,091,2930,194,189,21,210,0
2021-11-17,Siskiyou,093,43540,3411,3307,1313,4620,54
2021-11-17,Solano,095,438530,46649,45948,1305,47253,353
2021-11-17,Sonoma,097,501317,42403,42093,534,42627,403
2021-11-17,Stanislaus,099,539301,80258,80276,8998,89274,1199
2021-11-17,Sutter,101,95872,14079,14064,369,14433,181
2021-11-17,Tehama,103,63373,8729,8633,1507,10140,125
2021-11-17,Trinity,105,12862,883,765,217,982,17
2021-11-17,Tulare,107,460477,70204,68977,15485,84462,1047
2021-11-17,Tuolumne,109,53932,7561,7485,112,7597,90
2021-11-17,Ventura,111,848112,99559,98812,4311,103123,1183
2021-11-17,Yolo,113,214977,20282,20100,1091,21191,257
2021-11-17,Yuba,115,75493,10354,10275,357,10632,88
2021-11-16,Alameda,001,1643700,121302,120809,2799,123608,1467
2021-11-16,Alpine,003,1148,103,105,0,105,0
2021-11-16,Amador,005,37829,5658,5644,65,5709,66
2021-11-16,Butte,007,227075,21468,21208,3949,25157,297
2021-11-16,Calaveras,009,45235,4287,4249,59,4308,83
2021-11-16,Colusa,011,21464,2577,2538,653,3191,19
2021-11-16,Contra Costa,013,1133247,101004,100320,2226,102546,1038
2021-11-16,Del Norte,015,27424,3721,3630,55,3685,42
2021-11-16,El Dorado,017,186661,16504,16248,1749,17997,159
2021-11-16,Fresno,019,978130,144099,142200,12958,155158,2218
2021-11-16,Glenn,021,27897,3555,3527,1025,4552,34
2021-11-16,Humboldt,023,135768,9376,9252,618,9870,115
2021-11-16,Imperial,025,180216,34600,34177,3336,37513,766
2021-11-16,Inyo,027,18085,2495,2449,38,2487,42
2021-11-16,Kern,029,883053,130939,129136,23114,152250,1735
2021-11-16,Kings,031,150075,33030,32614,1971,34585,350
2021-11-16,Lake,033,64148,6874,6789,152,6941,110
2021-11-16,Lassen,035,31185,7003,6915,395,7310,47
2021-11-16,Los Angeles,037,10098052,1458761,1446815,54179,1500994,26703
2021-11-16,Madera,039,155013,23966,23642,2210,25852,287
2021-11-16,Marin,041,260295,17859,17736,469,18205,248
2021-11-16,Mariposa,043,17540,1394,1349,57,1406,6
2021-11-16,Mendocino,045,87422,7871,7723,629,8352,89
2021-11-16,Merced,047,269075,42787,42578,2017,44595,653
2021-11-16,Modoc,049,8938,559,539,200,739,5
2021-11-16,Mono,051,14174,1790,1767,22,1789,4
2021-11-16,Monterey,053,433212,49336,48195,3040,51235,609
2021-11-16,Napa,055,140530,13209,13151,111,13262,103
2021-11-16,Nevada,057,99092,9575,9435,334,9769,92
2021-11-16,Orange,059,3164182,311657,309170,15505,324675,5651
2021-11-16,Placer,061,380077,38118,37676,3743,41419,459
2021-11-16,Plumas,063,18699,1898,1832,43,1875,7
2021-11-16,Riverside,065,2383286,370146,365078,16426,381504,5208
2021-11-16,Sacramento,067,1510023,162298,161102,4764,165866,2299
2021-11-16,San Benito,069,59416,7529,7513,173,7686,77
2021-11-16,San Bernardino,071,2135413,361015,357528,11359,368887,5901
2021-11-16,San Diego,073,3302833,381149,379435,22342,401777,4287
2021-11-16,San Francisco,075,870044,54078,53415,2345,55760,667
2021-11-16,San Joaquin,077,732212,101521,100637,5460,106097,1807
2021-11-16,San Luis Obispo,079,281455,30239,29703,1291,30994,356
2021-11-16,San Mateo,081,765935,55043,54034,908,54942,577
2021-11-16,Santa Barbara,083,443738,45308,44932,1564,46496,539
2021-11-16,Santa Clara,085,1922200,149953,148452,1420,149872,1916
2021-11-16,Santa Cruz,087,273765,20936,20684,1008,21692,222
2021-11-16,Shasta,089,179085,22173,21853,3650,25503,379
2021-11-16,Sierra,091,2930,194,189,21,210,0
2021-11-16,Siskiyou,093,43540,3408,3304,1311,4615,54
2021-11-16,Solano,095,438530,46609,45908,1304,47212,351
2021-11-16,Sonoma,097,501317,42354,42056,533,42589,401
2021-11-16,Stanislaus,099,539301,80161,80214,8975,89189,1196
2021-11-16,Sutter,101,95872,14067,14058,368,14426,181
2021-11-16,Tehama,103,63373,8722,8621,1500,10121,125
2021-11-16,Trinity,105,12862,883,762,216,978,17
2021-11-16,Tulare,107,460477,70124,68881,15450,84331,1039
2021-11-16,Tuolumne,109,53932,7551,7478,112,7590,90
2021-11-16,Ventura,111,848112,99484,98731,4308,103039,1183
2021-11-16,Yolo,113,214977,20244,20077,1089,21166,257
2021-11-16,Yuba,115,75493,10346,10262,355,10617,85
2021-11-15,Alameda,001,1643700,121144,120731,2795,123526,1464
2021-11-15,Alpine,003,1148,103,105,0,105,0
2021-11-15,Amador,005,37829,5653,5637,65,5702,66
2021-11-15,Butte,007,227075,21444,21182,3944,25126,296
2021-11-15,Calaveras,009,45235,4273,4237,59,4296,83
2021-11-15,Colusa,011,21464,2570,2535,650,3185,19
2021-11-15,Contra Costa,013,1133247,100898,100251,2223,102474,1038
2021-11-15,Del Norte,015,27424,3716,3630,54,3684,42
2021-11-15,El Dorado,017,186661,16480,16236,1745,17981,159
2021-11-15,Fresno,019,978130,143877,142015,12936,154951,2210
2021-11-15,Glenn,021,27897,3553,3526,1025,4551,34
2021-11-15,Humboldt,023,135768,9354,9230,610,9840,115
2021-11-15,Imperial,025,180216,34527,34130,3320,37450,766
2021-11-15,Inyo,027,18085,2490,2442,38,2480,42
2021-11-15,Kern,029,883053,130730,128928,23044,151972,1730
2021-11-15,Kings,031,150075,32996,32584,1966,34550,348
2021-11-15,Lake,033,64148,6870,6784,152,6936,109
2021-11-15,Lassen,035,31185,6992,6915,393,7308,47
2021-11-15,Los Angeles,037,10098052,1457571,1446114,54116,1500230,26677
2021-11-15,Madera,039,155013,23928,23605,2199,25804,287
2021-11-15,Marin,041,260295,17842,17723,468,18191,248
2021-11-15,Mariposa,043,17540,1393,1347,55,1402,6
2021-11-15,Mendocino,045,87422,7851,7694,623,8317,89
2021-11-15,Merced,047,269075,42730,42552,2006,44558,648
2021-11-15,Modoc,049,8938,558,538,199,737,5
2021-11-15,Mono,051,14174,1785,1763,22,1785,4
2021-11-15,Monterey,053,433212,49304,48154,3034,51188,609
2021-11-15,Napa,055,140530,13201,13143,111,13254,103
2021-11-15,Nevada,057,99092,9546,9420,333,9753,92
2021-11-15,Orange,059,3164182,311379,308859,15480,324339,5646
2021-11-15,Placer,061,380077,38055,37610,3739,41349,452
2021-11-15,Plumas,063,18699,1891,1829,43,1872,7
2021-11-15,Riverside,065,2383286,369697,364750,16407,381157,5199
2021-11-15,Sacramento,067,1510023,162077,160937,4752,165689,2293
2021-11-15,San Benito,069,59416,7524,7511,172,7683,77
2021-11-15,San Bernardino,071,2135413,360588,357306,11340,368646,5898
2021-11-15,San Diego,073,3302833,380612,378845,22317,401162,4284
2021-11-15,San Francisco,075,870044,54011,53374,2342,55716,667
2021-11-15,San Joaquin,077,732212,101367,100587,5449,106036,1799
2021-11-15,San Luis Obispo,079,281455,30196,29669,1279,30948,351
2021-11-15,San Mateo,081,765935,54990,54010,906,54916,576
2021-11-15,Santa Barbara,083,443738,45253,44879,1558,46437,539
2021-11-15,Santa Clara,085,1922200,149736,148313,1413,149726,1914
2021-11-15,Santa Cruz,087,273765,20894,20630,1007,21637,223
2021-11-15,Shasta,089,179085,22127,21779,3645,25424,374
2021-11-15,Sierra,091,2930,194,189,21,210,0
2021-11-15,Siskiyou,093,43540,3401,3302,1309,4611,54
2021-11-15,Solano,095,438530,46571,45885,1299,47184,351
2021-11-15,Sonoma,097,501317,42303,42021,532,42553,401
2021-11-15,Stanislaus,099,539301,80076,80129,8961,89090,1174
2021-11-15,Sutter,101,95872,14054,14043,367,14410,181
2021-11-15,Tehama,103,63373,8716,8615,1499,10114,125
2021-11-15,Trinity,105,12862,881,757,214,971,17
2021-11-15,Tulare,107,460477,70037,68826,15406,84232,1039
2021-11-15,Tuolumne,109,53932,7540,7461,112,7573,90
2021-11-15,Ventura,111,848112,99400,98605,4303,102908,1183
2021-11-15,Yolo,113,214977,20214,20065,1084,21149,255
2021-11-15,Yuba,115,75493,10327,10254,351,10605,85
2021-11-14,Alameda,001,1643700,120970,120629,2791,123420,1461
2021-11-14,Alpine,003,1148,102,105,0,105,0
2021-11-14,Amador,005,37829,5646,5632,64,5696,66
2021-11-14,Butte,007,227075,21412,21146,3935,25081,296
2021-11-14,Calaveras,009,45235,4262,4222,59,4281,83
2021-11-14,Colusa,011,21464,2568,2532,647,3179,19
2021-11-14,Contra Costa,013,1133247,100790,100188,2221,102409,1038
2021-11-14,Del Norte,015,27424,3713,3629,54,3683,42
2021-11-14,El Dorado,017,186661,16438,16212,1740,17952,159
2021-11-14,Fresno,019,978130,143595,141869,12902,154771,2209
2021-11-14,Glenn,021,27897,3551,3521,1025,4546,34
2021-11-14,Humboldt,023,135768,9323,9215,600,9815,115
2021-11-14,Imperial,025,180216,34424,34078,3305,37383,766
2021-11-14,Inyo,027,18085,2478,2441,38,2479,42
2021-11-14,Kern,029,883053,130490,128842,22974,151816,1730
2021-11-14,Kings,031,150075,32939,32545,1959,34504,349
2021-11-14,Lake,033,64148,6862,6777,152,6929,109
2021-11-14,Lassen,035,31185,6982,6911,392,7303,47
2021-11-14,Los Angeles,037,10098052,1456203,1445284,54040,1499324,26667
2021-11-14,Madera,039,155013,23878,23566,2190,25756,287
2021-11-14,Marin,041,260295,17827,17712,468,18180,247
2021-11-14,Mariposa,043,17540,1383,1337,51,1388,6
2021-11-14,Mendocino,045,87422,7818,7684,618,8302,89
2021-11-14,Merced,047,269075,42640,42513,2000,44513,648
2021-11-14,Modoc,049,8938,556,538,199,737,5
2021-11-14,Mono,051,14174,1773,1760,22,1782,4
2021-11-14,Monterey,053,433212,49249,48135,3016,51151,609
2021-11-14,Napa,055,140530,13183,13132,111,13243,103
2021-11-14,Nevada,057,99092,9518,9408,333,9741,92
2021-11-14,Orange,059,3164182,311060,308699,15459,324158,5646
2021-11-14,Placer,061,380077,37975,37569,3729,41298,452
2021-11-14,Plumas,063,18699,1888,1829,42,1871,7
2021-11-14,Riverside,065,2383286,369199,364490,16390,380880,5199
2021-11-14,Sacramento,067,1510023,161841,160761,4735,165496,2295
2021-11-14,San Benito,069,59416,7513,7507,171,7678,77
2021-11-14,San Bernardino,071,2135413,360006,357014,11323,368337,5897
2021-11-14,San Diego,073,3302833,380015,377633,22286,399919,4280
2021-11-14,San Francisco,075,870044,53935,53338,2337,55675,667
2021-11-14,San Joaquin,077,732212,101239,100518,5444,105962,1799
2021-11-14,San Luis Obispo,079,281455,30115,29645,1275,30920,352
2021-11-14,San Mateo,081,765935,54937,53978,904,54882,576
2021-11-14,Santa Barbara,083,443738,45174,44842,1555,46397,539
2021-11-14,Santa Clara,085,1922200,149536,148152,1406,149558,1913
2021-11-14,Santa Cruz,087,273765,20840,20609,1005,21614,223
2021-11-14,Shasta,089,179085,22075,21771,3632,25403,373
2021-11-14,Sierra,091,2930,194,189,21,210,0
2021-11-14,Siskiyou,093,43540,3392,3302,1308,4610,54
2021-11-14,Solano,095,438530,46516,45860,1292,47152,351
2021-11-14,Sonoma,097,501317,42237,41974,530,42504,401
2021-11-14,Stanislaus,099,539301,79941,80076,8943,89019,1174
2021-11-14,Sutter,101,95872,14037,14031,363,14394,181
2021-11-14,Tehama,103,63373,8706,8607,1497,10104,125
2021-11-14,Trinity,105,12862,878,754,212,966,17
2021-11-14,Tulare,107,460477,69920,68772,15347,84119,1037
2021-11-14,Tuolumne,109,53932,7522,7439,111,7550,90
2021-11-14,Ventura,111,848112,99285,98550,4302,102852,1183
2021-11-14,Yolo,113,214977,20187,20040,1078,21118,255
2021-11-14,Yuba,115,75493,10320,10238,350,10588,85
2021-11-13,Alameda,001,1643700,120901,120407,2790,123197,1454
2021-11-13,Alpine,003,1148,102,105,0,105,0
2021-11-13,Amador,005,37829,5645,5614,64,5678,66
2021-11-13,Butte,007,227075,21391,21104,3932,25036,296
2021-11-13,Calaveras,009,45235,4251,4203,59,4262,83
2021-11-13,Colusa,011,21464,2566,2522,647,3169,19
2021-11-13,Contra Costa,013,1133247,100718,100004,2215,102219,1028
2021-11-13,Del Norte,015,27424,3713,3629,54,3683,42
2021-11-13,El Dorado,017,186661,16425,16163,1737,17900,159
2021-11-13,Fresno,019,978130,143488,141452,12888,154340,2205
2021-11-13,Glenn,021,27897,3551,3514,1024,4538,34
2021-11-13,Humboldt,023,135768,9308,9177,595,9772,115
2021-11-13,Imperial,025,180216,34374,33990,3288,37278,766
2021-11-13,Inyo,027,18085,2472,2436,38,2474,42
2021-11-13,Kern,029,883053,130388,128472,22930,151402,1719
2021-11-13,Kings,031,150075,32922,32452,1958,34410,347
2021-11-13,Lake,033,64148,6857,6769,152,6921,109
2021-11-13,Lassen,035,31185,6977,6897,392,7289,47
2021-11-13,Los Angeles,037,10098052,1455547,1443088,54002,1497090,26649
2021-11-13,Madera,039,155013,23847,23462,2185,25647,287
2021-11-13,Marin,041,260295,17814,17684,466,18150,247
2021-11-13,Mariposa,043,17540,1380,1323,51,1374,6
2021-11-13,Mendocino,045,87422,7799,7652,617,8269,89
2021-11-13,Merced,047,269075,42602,42411,1997,44408,644
2021-11-13,Modoc,049,8938,555,536,199,735,5
2021-11-13,Mono,051,14174,1769,1750,22,1772,4
2021-11-13,Monterey,053,433212,49223,48087,3014,51101,609
2021-11-13,Napa,055,140530,13175,13110,111,13221,103
2021-11-13,Nevada,057,99092,9498,9369,331,9700,92
2021-11-13,Orange,059,3164182,310893,308211,15431,323642,5641
2021-11-13,Placer,061,380077,37925,37453,3726,41179,445
2021-11-13,Plumas,063,18699,1885,1828,42,1870,8
2021-11-13,Riverside,065,2383286,368893,363801,16383,380184,5187
2021-11-13,Sacramento,067,1510023,161705,160397,4723,165120,2291
2021-11-13,San Benito,069,59416,7500,7491,170,7661,77
2021-11-13,San Bernardino,071,2135413,359753,356325,11316,367641,5873
2021-11-13,San Diego,073,3302833,379685,377633,22258,399891,4280
2021-11-13,San Francisco,075,870044,53903,53195,2336,55531,667
2021-11-13,San Joaquin,077,732212,101182,100263,5435,105698,1799
2021-11-13,San Luis Obispo,079,281455,30085,29589,1273,30862,351
2021-11-13,San Mateo,081,765935,54899,53853,903,54756,574
2021-11-13,Santa Barbara,083,443738,45141,44734,1555,46289,537
2021-11-13,Santa Clara,085,1922200,149416,147821,1401,149222,1905
2021-11-13,Santa Cruz,087,273765,20825,20565,1004,21569,223
2021-11-13,Shasta,089,179085,22044,21713,3628,25341,366
2021-11-13,Sierra,091,2930,193,188,21,209,0
2021-11-13,Siskiyou,093,43540,3383,3299,1307,4606,54
2021-11-13,Solano,095,438530,46487,45774,1288,47062,350
2021-11-13,Sonoma,097,501317,42203,41882,529,42411,399
2021-11-13,Stanislaus,099,539301,79866,79872,8929,88801,1174
2021-11-13,Sutter,101,95872,14027,14017,362,14379,181
2021-11-13,Tehama,103,63373,8700,8592,1493,10085,125
2021-11-13,Trinity,105,12862,877,749,212,961,17
2021-11-13,Tulare,107,460477,69854,68619,15324,83943,1033
2021-11-13,Tuolumne,109,53932,7504,7392,111,7503,90
2021-11-13,Ventura,111,848112,99227,98452,4299,102751,1183
2021-11-13,Yolo,113,214977,20173,20009,1073,21082,255
2021-11-13,Yuba,115,75493,10310,10218,348,10566,85
2021-11-12,Alameda,001,1643700,120814,120407,2787,123194,1454
2021-11-12,Alpine,003,1148,102,105,0,105,0
2021-11-12,Amador,005,37829,5641,5614,63,5677,66
2021-11-12,Butte,007,227075,21373,21104,3928,25032,296
2021-11-12,Calaveras,009,45235,4240,4203,59,4262,83
2021-11-12,Colusa,011,21464,2562,2522,646,3168,19
2021-11-12,Contra Costa,013,1133247,100664,100004,2214,102218,1028
2021-11-12,Del Norte,015,27424,3712,3629,54,3683,42
2021-11-12,El Dorado,017,186661,16405,16163,1736,17899,159
2021-11-12,Fresno,019,978130,143345,141452,12875,154327,2205
2021-11-12,Glenn,021,27897,3548,3514,1023,4537,34
2021-11-12,Humboldt,023,135768,9301,9177,593,9770,115
2021-11-12,Imperial,025,180216,34347,33990,3279,37269,766
2021-11-12,Inyo,027,18085,2468,2436,38,2474,42
2021-11-12,Kern,029,883053,130251,128472,22897,151369,1719
2021-11-12,Kings,031,150075,32896,32452,1956,34408,347
2021-11-12,Lake,033,64148,6853,6769,152,6921,109
2021-11-12,Lassen,035,31185,6973,6897,391,7288,47
2021-11-12,Los Angeles,037,10098052,1454819,1443088,53958,1497046,26649
2021-11-12,Madera,039,155013,23818,23462,2180,25642,287
2021-11-12,Marin,041,260295,17798,17684,465,18149,247
2021-11-12,Mariposa,043,17540,1373,1323,51,1374,6
2021-11-12,Mendocino,045,87422,7787,7652,614,8266,89
2021-11-12,Merced,047,269075,42573,42411,1995,44406,644
2021-11-12,Modoc,049,8938,554,536,199,735,5
2021-11-12,Mono,051,14174,1767,1750,22,1772,4
2021-11-12,Monterey,053,433212,49191,48087,3008,51095,609
2021-11-12,Napa,055,140530,13166,13110,111,13221,103
2021-11-12,Nevada,057,99092,9484,9369,330,9699,92
2021-11-12,Orange,059,3164182,310705,308211,15413,323624,5641
2021-11-12,Placer,061,380077,37886,37453,3723,41176,445
2021-11-12,Plumas,063,18699,1879,1828,42,1870,8
2021-11-12,Riverside,065,2383286,368626,363801,16379,380180,5187
2021-11-12,Sacramento,067,1510023,161546,160397,4718,165115,2291
2021-11-12,San Benito,069,59416,7500,7491,170,7661,77
2021-11-12,San Bernardino,071,2135413,359444,356325,11306,367631,5873
2021-11-12,San Diego,073,3302833,379318,377633,22236,399869,4280
2021-11-12,San Francisco,075,870044,53869,53195,2332,55527,667
2021-11-12,San Joaquin,077,732212,101137,100263,5428,105691,1799
2021-11-12,San Luis Obispo,079,281455,30056,29589,1272,30861,351
2021-11-12,San Mateo,081,765935,54849,53853,900,54753,574
2021-11-12,Santa Barbara,083,443738,45086,44734,1554,46288,537
2021-11-12,Santa Clara,085,1922200,149274,147821,1397,149218,1905
2021-11-12,Santa Cruz,087,273765,20797,20565,1002,21567,223
2021-11-12,Shasta,089,179085,22011,21713,3625,25338,366
2021-11-12,Sierra,091,2930,192,188,21,209,0
2021-11-12,Siskiyou,093,43540,3382,3299,1305,4604,54
2021-11-12,Solano,095,438530,46459,45774,1284,47058,350
2021-11-12,Sonoma,097,501317,42163,41882,529,42411,399
2021-11-12,Stanislaus,099,539301,79814,79872,8921,88793,1174
2021-11-12,Sutter,101,95872,14020,14017,362,14379,181
2021-11-12,Tehama,103,63373,8696,8592,1492,10084,125
2021-11-12,Trinity,105,12862,870,749,212,961,17
2021-11-12,Tulare,107,460477,69812,68619,15289,83908,1033
2021-11-12,Tuolumne,109,53932,7491,7392,110,7502,90
2021-11-12,Ventura,111,848112,99162,98452,4298,102750,1183
2021-11-12,Yolo,113,214977,20159,20009,1067,21076,255
2021-11-12,Yuba,115,75493,10301,10218,347,10565,85
2021-11-11,Alameda,001,1643700,120700,120147,2779,122926,1453
2021-11-11,Alpine,003,1148,102,105,0,105,0
2021-11-11,Amador,005,37829,5638,5603,62,5665,66
2021-11-11,Butte,007,227075,21330,21047,3921,24968,293
2021-11-11,Calaveras,009,45235,4222,4179,59,4238,83
2021-11-11,Colusa,011,21464,2554,2518,644,3162,19
2021-11-11,Contra Costa,013,1133247,100560,99808,2210,102018,1028
2021-11-11,Del Norte,015,27424,3710,3622,54,3676,42
2021-11-11,El Dorado,017,186661,16369,16085,1733,17818,159
2021-11-11,Fresno,019,978130,143141,140833,12841,153674,2202
2021-11-11,Glenn,021,27897,3546,3503,1022,4525,34
2021-11-11,Humboldt,023,135768,9278,9125,590,9715,115
2021-11-11,Imperial,025,180216,34278,33844,3257,37101,766
2021-11-11,Inyo,027,18085,2463,2428,38,2466,42
2021-11-11,Kern,029,883053,130066,128023,22834,150857,1709
2021-11-11,Kings,031,150075,32846,32318,1954,34272,345
2021-11-11,Lake,033,64148,6846,6745,152,6897,107
2021-11-11,Lassen,035,31185,6967,6875,391,7266,47
2021-11-11,Los Angeles,037,10098052,1453722,1440436,53900,1494336,26614
2021-11-11,Madera,039,155013,23771,23316,2172,25488,287
2021-11-11,Marin,041,260295,17788,17639,465,18104,247
2021-11-11,Mariposa,043,17540,1363,1317,51,1368,6
2021-11-11,Mendocino,045,87422,7772,7612,605,8217,89
2021-11-11,Merced,047,269075,42517,42292,1992,44284,643
2021-11-11,Modoc,049,8938,552,536,199,735,5
2021-11-11,Mono,051,14174,1763,1743,22,1765,4
2021-11-11,Monterey,053,433212,49156,48008,2996,51004,609
2021-11-11,Napa,055,140530,13158,13075,111,13186,103
2021-11-11,Nevada,057,99092,9462,9308,330,9638,92
2021-11-11,Orange,059,3164182,310432,307674,15376,323050,5633
2021-11-11,Placer,061,380077,37834,37333,3715,41048,440
2021-11-11,Plumas,063,18699,1875,1814,42,1856,7
2021-11-11,Riverside,065,2383286,368192,362930,16361,379291,5175
2021-11-11,Sacramento,067,1510023,161334,159962,4699,164661,2289
2021-11-11,San Benito,069,59416,7492,7473,170,7643,76
2021-11-11,San Bernardino,071,2135413,359014,355413,11293,366706,5849
2021-11-11,San Diego,073,3302833,378809,376428,22213,398641,4272
2021-11-11,San Francisco,075,870044,53810,53063,2331,55394,666
2021-11-11,San Joaquin,077,732212,101042,99937,5412,105349,1799
2021-11-11,San Luis Obispo,079,281455,30005,29532,1270,30802,351
2021-11-11,San Mateo,081,765935,54800,53722,895,54617,574
2021-11-11,Santa Barbara,083,443738,45029,44603,1551,46154,534
2021-11-11,Santa Clara,085,1922200,149092,147458,1391,148849,1901
2021-11-11,Santa Cruz,087,273765,20752,20479,1002,21481,222
2021-11-11,Shasta,089,179085,21966,21600,3623,25223,364
2021-11-11,Sierra,091,2930,191,186,21,207,0
2021-11-11,Siskiyou,093,43540,3376,3297,1304,4601,53
2021-11-11,Solano,095,438530,46422,45679,1283,46962,350
2021-11-11,Sonoma,097,501317,42126,41774,529,42303,395
2021-11-11,Stanislaus,099,539301,79732,79570,8905,88475,1166
2021-11-11,Sutter,101,95872,14005,13993,361,14354,181
2021-11-11,Tehama,103,63373,8684,8565,1490,10055,125
2021-11-11,Trinity,105,12862,869,748,212,960,17
2021-11-11,Tulare,107,460477,69719,68367,15253,83620,1028
2021-11-11,Tuolumne,109,53932,7478,7354,110,7464,90
2021-11-11,Ventura,111,848112,99084,98297,4291,102588,1182
2021-11-11,Yolo,113,214977,20132,19946,1065,21011,255
2021-11-11,Yuba,115,75493,10285,10191,347,10538,85
2021-11-10,Alameda,001,1643700,120590,120147,2770,122917,1453
2021-11-10,Alpine,003,1148,102,105,0,105,0
2021-11-10,Amador,005,37829,5632,5603,62,5665,66
2021-11-10,Butte,007,227075,21303,21047,3917,24964,293
2021-11-10,Calaveras,009,45235,4211,4179,59,4238,83
2021-11-10,Colusa,011,21464,2548,2518,644,3162,19
2021-11-10,Contra Costa,013,1133247,100477,99808,2206,102014,1028
2021-11-10,Del Norte,015,27424,3709,3622,54,3676,42
2021-11-10,El Dorado,017,186661,16353,16085,1732,17817,159
2021-11-10,Fresno,019,978130,142962,140833,12828,153661,2202
2021-11-10,Glenn,021,27897,3546,3503,1021,4524,34
2021-11-10,Humboldt,023,135768,9260,9125,590,9715,115
2021-11-10,Imperial,025,180216,34230,33844,3238,37082,766
2021-11-10,Inyo,027,18085,2456,2428,38,2466,42
2021-11-10,Kern,029,883053,129916,128023,22779,150802,1709
2021-11-10,Kings,031,150075,32813,32318,1952,34270,345
2021-11-10,Lake,033,64148,6836,6745,152,6897,107
2021-11-10,Lassen,035,31185,6962,6875,391,7266,47
2021-11-10,Los Angeles,037,10098052,1452772,1440436,53840,1494276,26614
2021-11-10,Madera,039,155013,23721,23316,2166,25482,287
2021-11-10,Marin,041,260295,17775,17639,463,18102,247
2021-11-10,Mariposa,043,17540,1357,1317,51,1368,6
2021-11-10,Mendocino,045,87422,7760,7612,604,8216,89
2021-11-10,Merced,047,269075,42482,42292,1990,44282,643
2021-11-10,Modoc,049,8938,551,536,198,734,5
2021-11-10,Mono,051,14174,1761,1743,22,1765,4
2021-11-10,Monterey,053,433212,49122,48008,2985,50993,609
2021-11-10,Napa,055,140530,13144,13075,110,13185,103
2021-11-10,Nevada,057,99092,9455,9308,328,9636,92
2021-11-10,Orange,059,3164182,310168,307674,15344,323018,5633
2021-11-10,Placer,061,380077,37788,37333,3708,41041,440
2021-11-10,Plumas,063,18699,1869,1814,41,1855,7
2021-11-10,Riverside,065,2383286,367811,362930,16355,379285,5175
2021-11-10,Sacramento,067,1510023,161179,159962,4689,164651,2289
2021-11-10,San Benito,069,59416,7484,7473,170,7643,76
2021-11-10,San Bernardino,071,2135413,358673,355413,11286,366699,5849
2021-11-10,San Diego,073,3302833,378404,376428,22191,398619,4272
2021-11-10,San Francisco,075,870044,53749,53063,2328,55391,666
2021-11-10,San Joaquin,077,732212,100937,99937,5407,105344,1799
2021-11-10,San Luis Obispo,079,281455,29974,29532,1269,30801,351
2021-11-10,San Mateo,081,765935,54747,53722,894,54616,574
2021-11-10,Santa Barbara,083,443738,44991,44603,1550,46153,534
2021-11-10,Santa Clara,085,1922200,148945,147458,1385,148843,1901
2021-11-10,Santa Cruz,087,273765,20725,20479,1001,21480,222
2021-11-10,Shasta,089,179085,21930,21600,3621,25221,364
2021-11-10,Sierra,091,2930,190,186,21,207,0
2021-11-10,Siskiyou,093,43540,3374,3297,1304,4601,53
2021-11-10,Solano,095,438530,46392,45679,1281,46960,350
2021-11-10,Sonoma,097,501317,42075,41774,529,42303,395
2021-11-10,Stanislaus,099,539301,79630,79570,8889,88459,1166
2021-11-10,Sutter,101,95872,13997,13993,361,14354,181
2021-11-10,Tehama,103,63373,8672,8565,1484,10049,125
2021-11-10,Trinity,105,12862,865,748,211,959,17
2021-11-10,Tulare,107,460477,69658,68367,15214,83581,1028
2021-11-10,Tuolumne,109,53932,7454,7354,110,7464,90
2021-11-10,Ventura,111,848112,99013,98297,4291,102588,1182
2021-11-10,Yolo,113,214977,20113,19946,1064,21010,255
2021-11-10,Yuba,115,75493,10276,10191,347,10538,85
2021-11-09,Alameda,001,1643700,120453,120051,2761,122812,1450
2021-11-09,Alpine,003,1148,102,105,0,105,0
2021-11-09,Amador,005,37829,5626,5596,62,5658,66
2021-11-09,Butte,007,227075,21279,21022,3913,24935,291
2021-11-09,Calaveras,009,45235,4207,4174,59,4233,84
2021-11-09,Colusa,011,21464,2543,2517,643,3160,19
2021-11-09,Contra Costa,013,1133247,100382,99732,2198,101930,1028
2021-11-09,Del Norte,015,27424,3708,3620,54,3674,42
2021-11-09,El Dorado,017,186661,16315,16073,1727,17800,160
2021-11-09,Fresno,019,978130,142716,140666,12813,153479,2188
2021-11-09,Glenn,021,27897,3541,3499,1020,4519,34
2021-11-09,Humboldt,023,135768,9239,9112,585,9697,115
2021-11-09,Imperial,025,180216,34177,33751,3224,36975,766
2021-11-09,Inyo,027,18085,2452,2404,38,2442,42
2021-11-09,Kern,029,883053,129670,127901,22717,150618,1694
2021-11-09,Kings,031,150075,32746,32279,1948,34227,344
2021-11-09,Lake,033,64148,6827,6743,152,6895,106
2021-11-09,Lassen,035,31185,6950,6846,391,7237,47
2021-11-09,Los Angeles,037,10098052,1451509,1439125,53779,1492904,26581
2021-11-09,Madera,039,155013,23671,23285,2157,25442,287
2021-11-09,Marin,041,260295,17756,17630,461,18091,247
2021-11-09,Mariposa,043,17540,1349,1317,51,1368,5
2021-11-09,Mendocino,045,87422,7737,7598,598,8196,85
2021-11-09,Merced,047,269075,42441,42251,1984,44235,613
2021-11-09,Modoc,049,8938,550,536,196,732,5
2021-11-09,Mono,051,14174,1756,1738,22,1760,4
2021-11-09,Monterey,053,433212,49086,47975,2961,50936,609
2021-11-09,Napa,055,140530,13126,13051,110,13161,103
2021-11-09,Nevada,057,99092,9436,9288,328,9616,92
2021-11-09,Orange,059,3164182,309884,307412,15317,322729,5621
2021-11-09,Placer,061,380077,37733,37291,3691,40982,440
2021-11-09,Plumas,063,18699,1867,1802,41,1843,7
2021-11-09,Riverside,065,2383286,367346,362557,16341,378898,5160
2021-11-09,Sacramento,067,1510023,160938,159856,4680,164536,2286
2021-11-09,San Benito,069,59416,7474,7471,169,7640,76
2021-11-09,San Bernardino,071,2135413,358222,354972,11269,366241,5839
2021-11-09,San Diego,073,3302833,377909,375997,22165,398162,4272
2021-11-09,San Francisco,075,870044,53676,52996,2322,55318,666
2021-11-09,San Joaquin,077,732212,100763,99848,5394,105242,1794
2021-11-09,San Luis Obispo,079,281455,29932,29488,1268,30756,350
2021-11-09,San Mateo,081,765935,54699,53697,885,54582,574
2021-11-09,Santa Barbara,083,443738,44924,44579,1543,46122,533
2021-11-09,Santa Clara,085,1922200,148739,147281,1378,148659,1901
2021-11-09,Santa Cruz,087,273765,20691,20463,1000,21463,222
2021-11-09,Shasta,089,179085,21875,21558,3616,25174,364
2021-11-09,Sierra,091,2930,190,186,21,207,0
2021-11-09,Siskiyou,093,43540,3372,3295,1302,4597,52
2021-11-09,Solano,095,438530,46337,45639,1280,46919,350
2021-11-09,Sonoma,097,501317,42018,41727,527,42254,395
2021-11-09,Stanislaus,099,539301,79524,79505,8872,88377,1165
2021-11-09,Sutter,101,95872,13982,13988,359,14347,180
2021-11-09,Tehama,103,63373,8654,8555,1482,10037,125
2021-11-09,Trinity,105,12862,864,746,211,957,17
2021-11-09,Tulare,107,460477,69551,68298,15175,83473,1024
2021-11-09,Tuolumne,109,53932,7434,7347,110,7457,90
2021-11-09,Ventura,111,848112,98935,98202,4286,102488,1182
2021-11-09,Yolo,113,214977,20089,19931,1060,20991,255
2021-11-09,Yuba,115,75493,10259,10175,341,10516,85
2021-11-08,Alameda,001,1643700,120309,119983,2755,122738,1447
2021-11-08,Alpine,003,1148,102,105,0,105,0
2021-11-08,Amador,005,37829,5620,5590,62,5652,66
2021-11-08,Butte,007,227075,21251,21000,3904,24904,288
2021-11-08,Calaveras,009,45235,4199,4166,59,4225,82
2021-11-08,Colusa,011,21464,2542,2514,642,3156,19
2021-11-08,Contra Costa,013,1133247,100278,99669,2194,101863,1028
2021-11-08,Del Norte,015,27424,3704,3619,54,3673,42
2021-11-08,El Dorado,017,186661,16296,16055,1722,17777,156
2021-11-08,Fresno,019,978130,142415,140466,12791,153257,2179
2021-11-08,Glenn,021,27897,3539,3496,1016,4512,34
2021-11-08,Humboldt,023,135768,9213,9095,575,9670,109
2021-11-08,Imperial,025,180216,34097,33690,3206,36896,766
2021-11-08,Inyo,027,18085,2445,2398,38,2436,41
2021-11-08,Kern,029,883053,129434,127722,22634,150356,1692
2021-11-08,Kings,031,150075,32700,32248,1947,34195,344
2021-11-08,Lake,033,64148,6821,6737,152,6889,106
2021-11-08,Lassen,035,31185,6943,6830,389,7219,46
2021-11-08,Los Angeles,037,10098052,1450163,1438322,53722,1492044,26575
2021-11-08,Madera,039,155013,23622,23253,2146,25399,287
2021-11-08,Marin,041,260295,17739,17617,458,18075,247
2021-11-08,Mariposa,043,17540,1341,1316,50,1366,5
2021-11-08,Mendocino,045,87422,7724,7581,592,8173,85
2021-11-08,Merced,047,269075,42371,42224,1974,44198,607
2021-11-08,Modoc,049,8938,549,529,196,725,5
2021-11-08,Mono,051,14174,1752,1739,22,1761,4
2021-11-08,Monterey,053,433212,49045,47942,2941,50883,602
2021-11-08,Napa,055,140530,13112,13045,110,13155,103
2021-11-08,Nevada,057,99092,9417,9278,326,9604,92
2021-11-08,Orange,059,3164182,309612,307156,15286,322442,5616
2021-11-08,Placer,061,380077,37680,37250,3688,40938,439
2021-11-08,Plumas,063,18699,1866,1788,40,1828,7
2021-11-08,Riverside,065,2383286,366891,362201,16327,378528,5152
2021-11-08,Sacramento,067,1510023,160722,159735,4659,164394,2275
2021-11-08,San Benito,069,59416,7472,7461,169,7630,75
2021-11-08,San Bernardino,071,2135413,357710,354741,11251,365992,5836
2021-11-08,San Diego,073,3302833,377347,375557,22118,397675,4259
2021-11-08,San Francisco,075,870044,53623,52942,2316,55258,666
2021-11-08,San Joaquin,077,732212,100646,99736,5392,105128,1794
2021-11-08,San Luis Obispo,079,281455,29880,29464,1263,30727,350
2021-11-08,San Mateo,081,765935,54626,53658,880,54538,574
2021-11-08,Santa Barbara,083,443738,44870,44548,1542,46090,532
2021-11-08,Santa Clara,085,1922200,148513,147183,1372,148555,1899
2021-11-08,Santa Cruz,087,273765,20662,20435,1000,21435,222
2021-11-08,Shasta,089,179085,21828,21504,3610,25114,354
2021-11-08,Sierra,091,2930,190,183,21,204,0
2021-11-08,Siskiyou,093,43540,3368,3290,1291,4581,50
2021-11-08,Solano,095,438530,46296,45613,1276,46889,350
2021-11-08,Sonoma,097,501317,41950,41669,526,42195,395
2021-11-08,Stanislaus,099,539301,79372,79417,8858,88275,1150
2021-11-08,Sutter,101,95872,13974,13976,355,14331,180
2021-11-08,Tehama,103,63373,8645,8534,1482,10016,123
2021-11-08,Trinity,105,12862,864,743,210,953,13
2021-11-08,Tulare,107,460477,69434,68199,15137,83336,1020
2021-11-08,Tuolumne,109,53932,7415,7328,109,7437,90
2021-11-08,Ventura,111,848112,98842,98144,4284,102428,1182
2021-11-08,Yolo,113,214977,20051,19916,1055,20971,255
2021-11-08,Yuba,115,75493,10248,10172,338,10510,83
2021-11-07,Alameda,001,1643700,120150,119902,2749,122651,1444
2021-11-07,Alpine,003,1148,102,105,0,105,0
2021-11-07,Amador,005,37829,5612,5580,60,5640,66
2021-11-07,Butte,007,227075,21210,20969,3895,24864,288
2021-11-07,Calaveras,009,45235,4172,4158,58,4216,82
2021-11-07,Colusa,011,21464,2536,2511,640,3151,19
2021-11-07,Contra Costa,013,1133247,100167,99596,2185,101781,1028
2021-11-07,Del Norte,015,27424,3702,3617,54,3671,42
2021-11-07,El Dorado,017,186661,16259,16040,1719,17759,156
2021-11-07,Fresno,019,978130,142074,140263,12764,153027,2179
2021-11-07,Glenn,021,27897,3532,3493,1015,4508,34
2021-11-07,Humboldt,023,135768,9189,9074,571,9645,109
2021-11-07,Imperial,025,180216,34024,33674,3187,36861,766
2021-11-07,Inyo,027,18085,2432,2394,38,2432,41
2021-11-07,Kern,029,883053,129163,127583,22543,150126,1692
2021-11-07,Kings,031,150075,32608,32221,1944,34165,343
2021-11-07,Lake,033,64148,6805,6734,151,6885,106
2021-11-07,Lassen,035,31185,6935,6819,385,7204,46
2021-11-07,Los Angeles,037,10098052,1448669,1437314,53647,1490961,26573
2021-11-07,Madera,039,155013,23577,23225,2138,25363,287
2021-11-07,Marin,041,260295,17719,17594,457,18051,247
2021-11-07,Mariposa,043,17540,1339,1306,50,1356,5
2021-11-07,Mendocino,045,87422,7696,7567,588,8155,85
2021-11-07,Merced,047,269075,42293,42186,1943,44129,607
2021-11-07,Modoc,049,8938,546,528,195,723,5
2021-11-07,Mono,051,14174,1746,1739,22,1761,4
2021-11-07,Monterey,053,433212,48993,47924,2937,50861,602
2021-11-07,Napa,055,140530,13091,13041,110,13151,103
2021-11-07,Nevada,057,99092,9369,9254,326,9580,92
2021-11-07,Orange,059,3164182,309288,306954,15248,322202,5616
2021-11-07,Placer,061,380077,37604,37202,3673,40875,439
2021-11-07,Plumas,063,18699,1859,1787,39,1826,7
2021-11-07,Riverside,065,2383286,366354,361960,16307,378267,5152
2021-11-07,Sacramento,067,1510023,160488,159549,4642,164191,2277
2021-11-07,San Benito,069,59416,7459,7460,169,7629,75
2021-11-07,San Bernardino,071,2135413,357193,354488,11228,365716,5832
2021-11-07,San Diego,073,3302833,376766,375165,22085,397250,4250
2021-11-07,San Francisco,075,870044,53539,52868,2310,55178,666
2021-11-07,San Joaquin,077,732212,100462,99696,5386,105082,1794
2021-11-07,San Luis Obispo,079,281455,29830,29454,1259,30713,350
2021-11-07,San Mateo,081,765935,54567,53600,878,54478,574
2021-11-07,Santa Barbara,083,443738,44807,44501,1541,46042,532
2021-11-07,Santa Clara,085,1922200,148309,147054,1359,148413,1898
2021-11-07,Santa Cruz,087,273765,20604,20397,999,21396,222
2021-11-07,Shasta,089,179085,21780,21479,3604,25083,354
2021-11-07,Sierra,091,2930,188,183,21,204,0
2021-11-07,Siskiyou,093,43540,3362,3289,1289,4578,51
2021-11-07,Solano,095,438530,46241,45582,1269,46851,350
2021-11-07,Sonoma,097,501317,41900,41630,525,42155,395
2021-11-07,Stanislaus,099,539301,79217,79351,8836,88187,1150
2021-11-07,Sutter,101,95872,13961,13964,352,14316,180
2021-11-07,Tehama,103,63373,8620,8528,1480,10008,121
2021-11-07,Trinity,105,12862,863,742,209,951,13
2021-11-07,Tulare,107,460477,69281,68145,15094,83239,1020
2021-11-07,Tuolumne,109,53932,7397,7300,107,7407,90
2021-11-07,Ventura,111,848112,98751,98085,4282,102367,1182
2021-11-07,Yolo,113,214977,20031,19899,1051,20950,255
2021-11-07,Yuba,115,75493,10231,10162,333,10495,83
2021-11-06,Alameda,001,1643700,120087,119499,2746,122245,1436
2021-11-06,Alpine,003,1148,102,105,0,105,0
2021-11-06,Amador,005,37829,5606,5557,60,5617,66
2021-11-06,Butte,007,227075,21190,20796,3891,24687,288
2021-11-06,Calaveras,009,45235,4164,4105,58,4163,82
2021-11-06,Colusa,011,21464,2535,2501,639,3140,19
2021-11-06,Contra Costa,013,1133247,100112,99282,2183,101465,1025
2021-11-06,Del Norte,015,27424,3699,3607,54,3661,42
2021-11-06,El Dorado,017,186661,16242,15958,1719,17677,156
2021-11-06,Fresno,019,978130,141956,139249,12759,152008,2170
2021-11-06,Glenn,021,27897,3529,3479,1015,4494,33
2021-11-06,Humboldt,023,135768,9177,8972,567,9539,109
2021-11-06,Imperial,025,180216,33980,33471,3181,36652,766
2021-11-06,Inyo,027,18085,2426,2353,38,2391,41
2021-11-06,Kern,029,883053,129029,126848,22491,149339,1684
2021-11-06,Kings,031,150075,32575,32018,1939,33957,342
2021-11-06,Lake,033,64148,6803,6695,151,6846,106
2021-11-06,Lassen,035,31185,6930,6796,384,7180,46
2021-11-06,Los Angeles,037,10098052,1447899,1433081,53604,1486685,26533
2021-11-06,Madera,039,155013,23541,22994,2128,25122,287
2021-11-06,Marin,041,260295,17700,17520,454,17974,247
2021-11-06,Mariposa,043,17540,1337,1282,50,1332,5
2021-11-06,Mendocino,045,87422,7674,7486,588,8074,85
2021-11-06,Merced,047,269075,42269,41958,1935,43893,604
2021-11-06,Modoc,049,8938,545,523,195,718,5
2021-11-06,Mono,051,14174,1744,1725,22,1747,4
2021-11-06,Monterey,053,433212,48961,47830,2927,50757,602
2021-11-06,Napa,055,140530,13081,12950,110,13060,103
2021-11-06,Nevada,057,99092,9347,9169,325,9494,91
2021-11-06,Orange,059,3164182,309082,306049,15222,321271,5611
2021-11-06,Placer,061,380077,37563,36967,3670,40637,438
2021-11-06,Plumas,063,18699,1855,1755,38,1793,7
2021-11-06,Riverside,065,2383286,366035,360584,16299,376883,5138
2021-11-06,Sacramento,067,1510023,160395,158766,4637,163403,2263
2021-11-06,San Benito,069,59416,7452,7429,169,7598,75
2021-11-06,San Bernardino,071,2135413,356923,353142,11224,364366,5813
2021-11-06,San Diego,073,3302833,376430,373423,22067,395490,4246
2021-11-06,San Francisco,075,870044,53486,52556,2307,54863,666
2021-11-06,San Joaquin,077,732212,100404,99372,5385,104757,1782
2021-11-06,San Luis Obispo,079,281455,29802,29335,1255,30590,350
2021-11-06,San Mateo,081,765935,54532,53442,877,54319,574
2021-11-06,Santa Barbara,083,443738,44771,44301,1540,45841,532
2021-11-06,Santa Clara,085,1922200,148164,146519,1354,147873,1894
2021-11-06,Santa Cruz,087,273765,20585,20311,997,21308,222
2021-11-06,Shasta,089,179085,21761,21281,3599,24880,349
2021-11-06,Sierra,091,2930,188,181,21,202,0
2021-11-06,Siskiyou,093,43540,3362,3279,1287,4566,48
2021-11-06,Solano,095,438530,46211,45465,1268,46733,350
2021-11-06,Sonoma,097,501317,41850,41398,524,41922,395
2021-11-06,Stanislaus,099,539301,79149,78902,8828,87730,1193
2021-11-06,Sutter,101,95872,13957,13908,351,14259,180
2021-11-06,Tehama,103,63373,8608,8474,1478,9952,120
2021-11-06,Trinity,105,12862,860,732,209,941,11
2021-11-06,Tulare,107,460477,69232,67767,15065,82832,1010
2021-11-06,Tuolumne,109,53932,7385,7245,107,7352,90
2021-11-06,Ventura,111,848112,98684,97770,4277,102047,1180
2021-11-06,Yolo,113,214977,20014,19827,1047,20874,255
2021-11-06,Yuba,115,75493,10217,10107,333,10440,83
2021-11-05,Alameda,001,1643700,120003,119499,2744,122243,1436
2021-11-05,Alpine,003,1148,102,105,0,105,0
2021-11-05,Amador,005,37829,5601,5557,60,5617,66
2021-11-05,Butte,007,227075,21177,20796,3890,24686,288
2021-11-05,Calaveras,009,45235,4159,4105,58,4163,82
2021-11-05,Colusa,011,21464,2535,2501,638,3139,19
2021-11-05,Contra Costa,013,1133247,100047,99282,2181,101463,1025
2021-11-05,Del Norte,015,27424,3697,3607,54,3661,42
2021-11-05,El Dorado,017,186661,16225,15958,1713,17671,156
2021-11-05,Fresno,019,978130,141777,139249,12748,151997,2170
2021-11-05,Glenn,021,27897,3528,3479,1014,4493,33
2021-11-05,Humboldt,023,135768,9163,8972,567,9539,109
2021-11-05,Imperial,025,180216,33944,33471,3178,36649,766
2021-11-05,Inyo,027,18085,2418,2353,38,2391,41
2021-11-05,Kern,029,883053,128902,126848,22436,149284,1684
2021-11-05,Kings,031,150075,32551,32018,1938,33956,342
2021-11-05,Lake,033,64148,6797,6695,151,6846,106
2021-11-05,Lassen,035,31185,6926,6796,383,7179,46
2021-11-05,Los Angeles,037,10098052,1447076,1433081,53566,1486647,26533
2021-11-05,Madera,039,155013,23502,22994,2127,25121,287
2021-11-05,Marin,041,260295,17678,17520,453,17973,247
2021-11-05,Mariposa,043,17540,1334,1282,49,1331,5
2021-11-05,Mendocino,045,87422,7663,7486,587,8073,85
2021-11-05,Merced,047,269075,42243,41958,1926,43884,604
2021-11-05,Modoc,049,8938,545,523,195,718,5
2021-11-05,Mono,051,14174,1743,1725,22,1747,4
2021-11-05,Monterey,053,433212,48931,47830,2925,50755,602
2021-11-05,Napa,055,140530,13059,12950,110,13060,103
2021-11-05,Nevada,057,99092,9334,9169,325,9494,91
2021-11-05,Orange,059,3164182,308886,306049,15200,321249,5611
2021-11-05,Placer,061,380077,37536,36967,3661,40628,438
2021-11-05,Plumas,063,18699,1847,1755,38,1793,7
2021-11-05,Riverside,065,2383286,365694,360584,16289,376873,5138
2021-11-05,Sacramento,067,1510023,160273,158766,4630,163396,2263
2021-11-05,San Benito,069,59416,7450,7429,168,7597,75
2021-11-05,San Bernardino,071,2135413,356589,353142,11214,364356,5813
2021-11-05,San Diego,073,3302833,376077,373423,22055,395478,4246
2021-11-05,San Francisco,075,870044,53435,52556,2304,54860,666
2021-11-05,San Joaquin,077,732212,100351,99372,5376,104748,1782
2021-11-05,San Luis Obispo,079,281455,29779,29335,1255,30590,350
2021-11-05,San Mateo,081,765935,54490,53442,875,54317,574
2021-11-05,Santa Barbara,083,443738,44726,44301,1539,45840,532
2021-11-05,Santa Clara,085,1922200,148027,146519,1353,147872,1894
2021-11-05,Santa Cruz,087,273765,20561,20311,996,21307,222
2021-11-05,Shasta,089,179085,21729,21281,3594,24875,349
2021-11-05,Sierra,091,2930,188,181,21,202,0
2021-11-05,Siskiyou,093,43540,3357,3279,1286,4565,48
2021-11-05,Solano,095,438530,46166,45465,1266,46731,350
2021-11-05,Sonoma,097,501317,41810,41398,524,41922,395
2021-11-05,Stanislaus,099,539301,79091,78902,8816,87718,1193
2021-11-05,Sutter,101,95872,13949,13908,350,14258,180
2021-11-05,Tehama,103,63373,8601,8474,1477,9951,120
2021-11-05,Trinity,105,12862,860,732,209,941,11
2021-11-05,Tulare,107,460477,69160,67767,15028,82795,1010
2021-11-05,Tuolumne,109,53932,7368,7245,106,7351,90
2021-11-05,Ventura,111,848112,98644,97770,4275,102045,1180
2021-11-05,Yolo,113,214977,20003,19827,1046,20873,255
2021-11-05,Yuba,115,75493,10204,10107,331,10438,83
2021-11-04,Alameda,001,1643700,119888,119499,2738,122237,1436
2021-11-04,Alpine,003,1148,102,105,0,105,0
2021-11-04,Amador,005,37829,5593,5557,60,5617,66
2021-11-04,Butte,007,227075,21136,20796,3879,24675,288
2021-11-04,Calaveras,009,45235,4145,4105,56,4161,82
2021-11-04,Colusa,011,21464,2529,2501,637,3138,19
2021-11-04,Contra Costa,013,1133247,99956,99282,2176,101458,1025
2021-11-04,Del Norte,015,27424,3694,3607,54,3661,42
2021-11-04,El Dorado,017,186661,16199,15958,1709,17667,156
2021-11-04,Fresno,019,978130,141495,139249,12739,151988,2170
2021-11-04,Glenn,021,27897,3523,3479,1013,4492,33
2021-11-04,Humboldt,023,135768,9138,8972,564,9536,109
2021-11-04,Imperial,025,180216,33887,33471,3169,36640,766
2021-11-04,Inyo,027,18085,2410,2353,38,2391,41
2021-11-04,Kern,029,883053,128670,126848,22367,149215,1684
2021-11-04,Kings,031,150075,32472,32018,1929,33947,342
2021-11-04,Lake,033,64148,6787,6695,149,6844,106
2021-11-04,Lassen,035,31185,6916,6796,378,7174,46
2021-11-04,Los Angeles,037,10098052,1445758,1433081,53485,1486566,26533
2021-11-04,Madera,039,155013,23447,22994,2116,25110,287
2021-11-04,Marin,041,260295,17666,17520,451,17971,247
2021-11-04,Mariposa,043,17540,1327,1282,49,1331,5
2021-11-04,Mendocino,045,87422,7650,7486,581,8067,85
2021-11-04,Merced,047,269075,42189,41958,1922,43880,604
2021-11-04,Modoc,049,8938,544,523,195,718,5
2021-11-04,Mono,051,14174,1738,1725,22,1747,4
2021-11-04,Monterey,053,433212,48887,47830,2909,50739,602
2021-11-04,Napa,055,140530,13037,12950,110,13060,103
2021-11-04,Nevada,057,99092,9303,9169,324,9493,91
2021-11-04,Orange,059,3164182,308637,306049,15182,321231,5611
2021-11-04,Placer,061,380077,37464,36967,3652,40619,438
2021-11-04,Plumas,063,18699,1839,1755,34,1789,7
2021-11-04,Riverside,065,2383286,365296,360584,16280,376864,5138
2021-11-04,Sacramento,067,1510023,160039,158766,4610,163376,2263
2021-11-04,San Benito,069,59416,7444,7429,168,7597,75
2021-11-04,San Bernardino,071,2135413,356150,353142,11206,364348,5813
2021-11-04,San Diego,073,3302833,375608,373423,22034,395457,4246
2021-11-04,San Francisco,075,870044,53354,52556,2300,54856,666
2021-11-04,San Joaquin,077,732212,100245,99372,5364,104736,1782
2021-11-04,San Luis Obispo,079,281455,29755,29335,1249,30584,350
2021-11-04,San Mateo,081,765935,54431,53442,869,54311,574
2021-11-04,Santa Barbara,083,443738,44670,44301,1539,45840,532
2021-11-04,Santa Clara,085,1922200,147868,146519,1349,147868,1894
2021-11-04,Santa Cruz,087,273765,20526,20311,996,21307,222
2021-11-04,Shasta,089,179085,21671,21281,3588,24869,349
2021-11-04,Sierra,091,2930,186,181,21,202,0
2021-11-04,Siskiyou,093,43540,3353,3279,1279,4558,48
2021-11-04,Solano,095,438530,46124,45465,1265,46730,350
2021-11-04,Sonoma,097,501317,41750,41398,524,41922,395
2021-11-04,Stanislaus,099,539301,78954,78902,8808,87710,1193
2021-11-04,Sutter,101,95872,13938,13908,348,14256,180
2021-11-04,Tehama,103,63373,8592,8474,1473,9947,120
2021-11-04,Trinity,105,12862,859,732,209,941,11
2021-11-04,Tulare,107,460477,69045,67767,14982,82749,1010
2021-11-04,Tuolumne,109,53932,7346,7245,104,7349,90
2021-11-04,Ventura,111,848112,98556,97770,4272,102042,1180
2021-11-04,Yolo,113,214977,19978,19827,1041,20868,255
2021-11-04,Yuba,115,75493,10190,10107,329,10436,83
2021-11-03,Alameda,001,1643700,119748,119356,2734,122090,1428
2021-11-03,Alpine,003,1148,102,105,0,105,0
2021-11-03,Amador,005,37829,5587,5545,59,5604,66
2021-11-03,Butte,007,227075,21091,20769,3870,24639,284
2021-11-03,Calaveras,009,45235,4127,4087,55,4142,82
2021-11-03,Colusa,011,21464,2523,2499,637,3136,20
2021-11-03,Contra Costa,013,1133247,99857,99168,2171,101339,1025
2021-11-03,Del Norte,015,27424,3692,3600,53,3653,42
2021-11-03,El Dorado,017,186661,16172,15915,1705,17620,156
2021-11-03,Fresno,019,978130,141134,138873,12717,151590,2166
2021-11-03,Glenn,021,27897,3520,3470,1013,4483,33
2021-11-03,Humboldt,023,135768,9121,8949,559,9508,109
2021-11-03,Imperial,025,180216,33815,33402,3159,36561,766
2021-11-03,Inyo,027,18085,2389,2344,38,2382,41
2021-11-03,Kern,029,883053,128410,126523,22267,148790,1681
2021-11-03,Kings,031,150075,32418,31923,1922,33845,341
2021-11-03,Lake,033,64148,6771,6685,149,6834,106
2021-11-03,Lassen,035,31185,6900,6782,373,7155,46
2021-11-03,Los Angeles,037,10098052,1444404,1431209,53405,1484614,26517
2021-11-03,Madera,039,155013,23379,22893,2107,25000,287
2021-11-03,Marin,041,260295,17645,17491,447,17938,247
2021-11-03,Mariposa,043,17540,1317,1276,49,1325,5
2021-11-03,Mendocino,045,87422,7634,7457,573,8030,84
2021-11-03,Merced,047,269075,42128,41849,1912,43761,597
2021-11-03,Modoc,049,8938,544,521,193,714,5
2021-11-03,Mono,051,14174,1734,1719,22,1741,4
2021-11-03,Monterey,053,433212,48837,47794,2896,50690,601
2021-11-03,Napa,055,140530,13025,12937,109,13046,103
2021-11-03,Nevada,057,99092,9276,9131,323,9454,91
2021-11-03,Orange,059,3164182,308326,305661,15150,320811,5607
2021-11-03,Placer,061,380077,37394,36868,3647,40515,438
2021-11-03,Plumas,063,18699,1828,1739,33,1772,7
2021-11-03,Riverside,065,2383286,364838,360060,16276,376336,5131
2021-11-03,Sacramento,067,1510023,159814,158311,4600,162911,2259
2021-11-03,San Benito,069,59416,7436,7419,168,7587,75
2021-11-03,San Bernardino,071,2135413,355675,352225,11185,363410,5813
2021-11-03,San Diego,073,3302833,375108,372951,22011,394962,4241
2021-11-03,San Francisco,075,870044,53262,52493,2295,54788,663
2021-11-03,San Joaquin,077,732212,100132,99188,5354,104542,1776
2021-11-03,San Luis Obispo,079,281455,29713,29276,1243,30519,348
2021-11-03,San Mateo,081,765935,54367,53396,863,54259,571
2021-11-03,Santa Barbara,083,443738,44613,44220,1536,45756,531
2021-11-03,Santa Clara,085,1922200,147688,146259,1342,147601,1897
2021-11-03,Santa Cruz,087,273765,20491,20275,996,21271,222
2021-11-03,Shasta,089,179085,21613,21215,3581,24796,346
2021-11-03,Sierra,091,2930,184,180,21,201,0
2021-11-03,Siskiyou,093,43540,3349,3276,1277,4553,46
2021-11-03,Solano,095,438530,46097,45411,1263,46674,351
2021-11-03,Sonoma,097,501317,41673,41326,522,41848,395
2021-11-03,Stanislaus,099,539301,78823,78736,8792,87528,1193
2021-11-03,Sutter,101,95872,13925,13876,346,14222,179
2021-11-03,Tehama,103,63373,8580,8438,1473,9911,118
2021-11-03,Trinity,105,12862,858,730,209,939,11
2021-11-03,Tulare,107,460477,68918,67588,14941,82529,1007
2021-11-03,Tuolumne,109,53932,7328,7218,102,7320,90
2021-11-03,Ventura,111,848112,98448,97682,4268,101950,1178
2021-11-03,Yolo,113,214977,19960,19758,1033,20791,250
2021-11-03,Yuba,115,75493,10178,10092,329,10421,83
2021-11-02,Alameda,001,1643700,119602,119241,2728,121969,1425
2021-11-02,Alpine,003,1148,101,105,0,105,0
2021-11-02,Amador,005,37829,5582,5535,59,5594,66
2021-11-02,Butte,007,227075,21047,20744,3858,24602,282
2021-11-02,Calaveras,009,45235,4104,4075,55,4130,82
2021-11-02,Colusa,011,21464,2518,2497,636,3133,19
2021-11-02,Contra Costa,013,1133247,99753,99080,2159,101239,1025
2021-11-02,Del Norte,015,27424,3690,3596,53,3649,42
2021-11-02,El Dorado,017,186661,16143,15883,1705,17588,154
2021-11-02,Fresno,019,978130,140810,138644,12686,151330,2158
2021-11-02,Glenn,021,27897,3512,3469,1010,4479,33
2021-11-02,Humboldt,023,135768,9079,8937,558,9495,109
2021-11-02,Imperial,025,180216,33742,33371,3147,36518,766
2021-11-02,Inyo,027,18085,2382,2324,38,2362,41
2021-11-02,Kern,029,883053,128155,126311,22147,148458,1665
2021-11-02,Kings,031,150075,32359,31896,1917,33813,339
2021-11-02,Lake,033,64148,6766,6681,148,6829,106
2021-11-02,Lassen,035,31185,6888,6777,370,7147,45
2021-11-02,Los Angeles,037,10098052,1442958,1429601,53329,1482930,26496
2021-11-02,Madera,039,155013,23298,22837,2096,24933,287
2021-11-02,Marin,041,260295,17617,17482,447,17929,247
2021-11-02,Mariposa,043,17540,1306,1270,48,1318,5
2021-11-02,Mendocino,045,87422,7610,7447,561,8008,84
2021-11-02,Merced,047,269075,42061,41785,1904,43689,596
2021-11-02,Modoc,049,8938,541,520,192,712,5
2021-11-02,Mono,051,14174,1730,1718,22,1740,4
2021-11-02,Monterey,053,433212,48786,47775,2878,50653,599
2021-11-02,Napa,055,140530,13007,12930,109,13039,104
2021-11-02,Nevada,057,99092,9246,9122,322,9444,91
2021-11-02,Orange,059,3164182,308009,305369,15106,320475,5600
2021-11-02,Placer,061,380077,37322,36817,3632,40449,438
2021-11-02,Plumas,063,18699,1817,1721,33,1754,7
2021-11-02,Riverside,065,2383286,364384,359586,16257,375843,5116
2021-11-02,Sacramento,067,1510023,159557,158112,4578,162690,2250
2021-11-02,San Benito,069,59416,7420,7407,168,7575,75
2021-11-02,San Bernardino,071,2135413,355198,351832,11131,362963,5813
2021-11-02,San Diego,073,3302833,374523,372440,21981,394421,4232
2021-11-02,San Francisco,075,870044,53142,52450,2291,54741,663
2021-11-02,San Joaquin,077,732212,99999,99076,5343,104419,1772
2021-11-02,San Luis Obispo,079,281455,29680,29224,1239,30463,348
2021-11-02,San Mateo,081,765935,54295,53351,860,54211,571
2021-11-02,Santa Barbara,083,443738,44557,44177,1533,45710,531
2021-11-02,Santa Clara,085,1922200,147494,146115,1335,147450,1896
2021-11-02,Santa Cruz,087,273765,20458,20266,995,21261,222
2021-11-02,Shasta,089,179085,21539,21127,3571,24698,344
2021-11-02,Sierra,091,2930,184,180,20,200,0
2021-11-02,Siskiyou,093,43540,3347,3272,1274,4546,46
2021-11-02,Solano,095,438530,46057,45378,1257,46635,350
2021-11-02,Sonoma,097,501317,41592,41288,521,41809,395
2021-11-02,Stanislaus,099,539301,78668,78629,8772,87401,1193
2021-11-02,Sutter,101,95872,13905,13868,346,14214,179
2021-11-02,Tehama,103,63373,8564,8422,1470,9892,116
2021-11-02,Trinity,105,12862,858,729,209,938,11
2021-11-02,Tulare,107,460477,68793,67502,14893,82395,1002
2021-11-02,Tuolumne,109,53932,7306,7204,100,7304,90
2021-11-02,Ventura,111,848112,98343,97574,4264,101838,1178
2021-11-02,Yolo,113,214977,19930,19736,1031,20767,250
2021-11-02,Yuba,115,75493,10155,10080,327,10407,83
2021-11-01,Alameda,001,1643700,119464,119159,2726,121885,1421
2021-11-01,Alpine,003,1148,101,105,0,105,0
2021-11-01,Amador,005,37829,5580,5532,59,5591,64
2021-11-01,Butte,007,227075,20997,20710,3852,24562,281
2021-11-01,Calaveras,009,45235,4094,4059,54,4113,82
2021-11-01,Colusa,011,21464,2516,2494,633,3127,19
2021-11-01,Contra Costa,013,1133247,99628,99011,2151,101162,1025
2021-11-01,Del Norte,015,27424,3688,3594,53,3647,42
2021-11-01,El Dorado,017,186661,16118,15858,1700,17558,154
2021-11-01,Fresno,019,978130,140433,138421,12650,151071,2149
2021-11-01,Glenn,021,27897,3505,3461,1008,4469,33
2021-11-01,Humboldt,023,135768,9051,8929,555,9484,108
2021-11-01,Imperial,025,180216,33692,33342,3138,36480,766
2021-11-01,Inyo,027,18085,2370,2307,38,2345,41
2021-11-01,Kern,029,883053,127854,126092,22032,148124,1660
2021-11-01,Kings,031,150075,32306,31866,1913,33779,337
2021-11-01,Lake,033,64148,6755,6676,147,6823,106
2021-11-01,Lassen,035,31185,6873,6775,367,7142,42
2021-11-01,Los Angeles,037,10098052,1441574,1428891,53240,1482131,26483
2021-11-01,Madera,039,155013,23218,22801,2091,24892,283
2021-11-01,Marin,041,260295,17597,17460,446,17906,247
2021-11-01,Mariposa,043,17540,1298,1266,47,1313,5
2021-11-01,Mendocino,045,87422,7577,7422,543,7965,84
2021-11-01,Merced,047,269075,41970,41740,1902,43642,594
2021-11-01,Modoc,049,8938,536,520,190,710,5
2021-11-01,Mono,051,14174,1726,1714,22,1736,3
2021-11-01,Monterey,053,433212,48743,47756,2866,50622,597
2021-11-01,Napa,055,140530,12980,12916,108,13024,101
2021-11-01,Nevada,057,99092,9223,9108,321,9429,91
2021-11-01,Orange,059,3164182,307666,305192,15065,320257,5596
2021-11-01,Placer,061,380077,37239,36747,3620,40367,435
2021-11-01,Plumas,063,18699,1798,1719,33,1752,7
2021-11-01,Riverside,065,2383286,363882,359263,16235,375498,5115
2021-11-01,Sacramento,067,1510023,159286,157893,4555,162448,2239
2021-11-01,San Benito,069,59416,7410,7406,167,7573,73
2021-11-01,San Bernardino,071,2135413,354707,351620,11111,362731,5815
2021-11-01,San Diego,073,3302833,373958,372043,21963,394006,4232
2021-11-01,San Francisco,075,870044,53056,52418,2284,54702,661
2021-11-01,San Joaquin,077,732212,99837,98969,5336,104305,1772
2021-11-01,San Luis Obispo,079,281455,29636,29199,1234,30433,343
2021-11-01,San Mateo,081,765935,54228,53314,856,54170,571
2021-11-01,Santa Barbara,083,443738,44490,44146,1529,45675,529
2021-11-01,Santa Clara,085,1922200,147295,145978,1330,147308,1907
2021-11-01,Santa Cruz,087,273765,20423,20238,995,21233,221
2021-11-01,Shasta,089,179085,21486,21104,3564,24668,338
2021-11-01,Sierra,091,2930,184,180,20,200,0
2021-11-01,Siskiyou,093,43540,3340,3272,1269,4541,46
2021-11-01,Solano,095,438530,46003,45358,1257,46615,350
2021-11-01,Sonoma,097,501317,41519,41234,520,41754,395
2021-11-01,Stanislaus,099,539301,78538,78534,8757,87291,1193
2021-11-01,Sutter,101,95872,13881,13852,344,14196,179
2021-11-01,Tehama,103,63373,8536,8412,1467,9879,116
2021-11-01,Trinity,105,12862,856,727,209,936,11
2021-11-01,Tulare,107,460477,68650,67388,14841,82229,1002
2021-11-01,Tuolumne,109,53932,7290,7175,99,7274,90
2021-11-01,Ventura,111,848112,98253,97507,4262,101769,1178
2021-11-01,Yolo,113,214977,19910,19708,1024,20732,250
2021-11-01,Yuba,115,75493,10137,10066,325,10391,83
2021-10-31,Alameda,001,1643700,119320,119071,2722,121793,1419
2021-10-31,Alpine,003,1148,101,105,0,105,0
2021-10-31,Amador,005,37829,5569,5518,59,5577,64
2021-10-31,Butte,007,227075,20935,20689,3841,24530,281
2021-10-31,Calaveras,009,45235,4076,4052,53,4105,82
2021-10-31,Colusa,011,21464,2514,2493,630,3123,18
2021-10-31,Contra Costa,013,1133247,99500,98936,2149,101085,1025
2021-10-31,Del Norte,015,27424,3682,3591,53,3644,42
2021-10-31,El Dorado,017,186661,16072,15841,1697,17538,154
2021-10-31,Fresno,019,978130,140029,138165,12615,150780,2147
2021-10-31,Glenn,021,27897,3498,3459,1008,4467,33
2021-10-31,Humboldt,023,135768,9003,8919,549,9468,108
2021-10-31,Imperial,025,180216,33617,33334,3126,36460,766
2021-10-31,Inyo,027,18085,2351,2309,38,2347,41
2021-10-31,Kern,029,883053,127482,125917,21908,147825,1666
2021-10-31,Kings,031,150075,32220,31814,1901,33715,338
2021-10-31,Lake,033,64148,6744,6665,145,6810,106
2021-10-31,Lassen,035,31185,6858,6768,362,7130,42
2021-10-31,Los Angeles,037,10098052,1440022,1427933,53157,1481090,26474
2021-10-31,Madera,039,155013,23122,22744,2078,24822,283
2021-10-31,Marin,041,260295,17569,17443,445,17888,247
2021-10-31,Mariposa,043,17540,1292,1257,46,1303,5
2021-10-31,Mendocino,045,87422,7536,7403,526,7929,84
2021-10-31,Merced,047,269075,41877,41699,1882,43581,589
2021-10-31,Modoc,049,8938,530,517,187,704,5
2021-10-31,Mono,051,14174,1722,1711,22,1733,3
2021-10-31,Monterey,053,433212,48702,47744,2848,50592,596
2021-10-31,Napa,055,140530,12963,12906,106,13012,101
2021-10-31,Nevada,057,99092,9186,9084,316,9400,91
2021-10-31,Orange,059,3164182,307318,305032,14982,320014,5596
2021-10-31,Placer,061,380077,37142,36698,3607,40305,435
2021-10-31,Plumas,063,18699,1780,1716,33,1749,7
2021-10-31,Riverside,065,2383286,363305,359005,16221,375226,5104
2021-10-31,Sacramento,067,1510023,158934,157667,4542,162209,2243
2021-10-31,San Benito,069,59416,7401,7397,165,7562,73
2021-10-31,San Bernardino,071,2135413,354174,351411,11097,362508,5810
2021-10-31,San Diego,073,3302833,373405,371603,21932,393535,4218
2021-10-31,San Francisco,075,870044,52947,52370,2278,54648,661
2021-10-31,San Joaquin,077,732212,99673,98893,5321,104214,1772
2021-10-31,San Luis Obispo,079,281455,29583,29176,1233,30409,343
2021-10-31,San Mateo,081,765935,54169,53284,854,54138,571
2021-10-31,Santa Barbara,083,443738,44420,44113,1524,45637,529
2021-10-31,Santa Clara,085,1922200,147080,145829,1315,147144,1908
2021-10-31,Santa Cruz,087,273765,20388,20218,994,21212,221
2021-10-31,Shasta,089,179085,21403,21086,3552,24638,338
2021-10-31,Sierra,091,2930,184,180,20,200,0
2021-10-31,Siskiyou,093,43540,3334,3271,1268,4539,46
2021-10-31,Solano,095,438530,45955,45310,1250,46560,350
2021-10-31,Sonoma,097,501317,41449,41183,517,41700,395
2021-10-31,Stanislaus,099,539301,78349,78426,8740,87166,1193
2021-10-31,Sutter,101,95872,13862,13838,341,14179,179
2021-10-31,Tehama,103,63373,8505,8391,1463,9854,116
2021-10-31,Trinity,105,12862,856,724,209,933,11
2021-10-31,Tulare,107,460477,68454,67310,14753,82063,1002
2021-10-31,Tuolumne,109,53932,7261,7141,98,7239,90
2021-10-31,Ventura,111,848112,98131,97460,4257,101717,1178
2021-10-31,Yolo,113,214977,19866,19662,1018,20680,250
2021-10-31,Yuba,115,75493,10119,10051,315,10366,83
2021-10-30,Alameda,001,1643700,119260,118632,2719,121351,1419
2021-10-30,Alpine,003,1148,101,105,0,105,0
2021-10-30,Amador,005,37829,5560,5480,58,5538,64
2021-10-30,Butte,007,227075,20920,20516,3834,24350,277
2021-10-30,Calaveras,009,45235,4069,3992,53,4045,82
2021-10-30,Colusa,011,21464,2514,2484,629,3113,19
2021-10-30,Contra Costa,013,1133247,99437,98562,2148,100710,1024
2021-10-30,Del Norte,015,27424,3679,3574,53,3627,42
2021-10-30,El Dorado,017,186661,16056,15752,1693,17445,154
2021-10-30,Fresno,019,978130,139884,136901,12603,149504,2131
2021-10-30,Glenn,021,27897,3494,3442,1008,4450,33
2021-10-30,Humboldt,023,135768,8988,8871,547,9418,105
2021-10-30,Imperial,025,180216,33571,33156,3122,36278,766
2021-10-30,Inyo,027,18085,2348,2249,38,2287,41
2021-10-30,Kern,029,883053,127330,124892,21839,146731,1653
2021-10-30,Kings,031,150075,32186,31578,1897,33475,337
2021-10-30,Lake,033,64148,6739,6610,145,6755,106
2021-10-30,Lassen,035,31185,6852,6719,360,7079,42
2021-10-30,Los Angeles,037,10098052,1439300,1424257,53104,1477361,26625
2021-10-30,Madera,039,155013,23079,22524,2073,24597,283
2021-10-30,Marin,041,260295,17554,17380,443,17823,247
2021-10-30,Mariposa,043,17540,1289,1228,46,1274,5
2021-10-30,Mendocino,045,87422,7513,7338,524,7862,84
2021-10-30,Merced,047,269075,41837,41428,1880,43308,586
2021-10-30,Modoc,049,8938,528,513,186,699,5
2021-10-30,Mono,051,14174,1722,1684,22,1706,3
2021-10-30,Monterey,053,433212,48685,47649,2842,50491,588
2021-10-30,Napa,055,140530,12948,12863,105,12968,101
2021-10-30,Nevada,057,99092,9167,9015,316,9331,91
2021-10-30,Orange,059,3164182,307138,304120,14960,319080,5588
2021-10-30,Placer,061,380077,37096,36400,3601,40001,434
2021-10-30,Plumas,063,18699,1775,1695,33,1728,7
2021-10-30,Riverside,065,2383286,363004,357645,16213,373858,5088
2021-10-30,Sacramento,067,1510023,158776,157125,4533,161658,2233
2021-10-30,San Benito,069,59416,7394,7362,165,7527,71
2021-10-30,San Bernardino,071,2135413,353896,350076,11082,361158,5777
2021-10-30,San Diego,073,3302833,373042,370006,21910,391916,4213
2021-10-30,San Francisco,075,870044,52918,52161,2276,54437,661
2021-10-30,San Joaquin,077,732212,99617,98314,5320,103634,1768
2021-10-30,San Luis Obispo,079,281455,29551,29053,1230,30283,341
2021-10-30,San Mateo,081,765935,54130,53083,854,53937,571
2021-10-30,Santa Barbara,083,443738,44385,43972,1523,45495,528
2021-10-30,Santa Clara,085,1922200,146974,145262,1311,146573,1903
2021-10-30,Santa Cruz,087,273765,20370,20134,992,21126,221
2021-10-30,Shasta,089,179085,21359,20878,3546,24424,332
2021-10-30,Sierra,091,2930,184,175,20,195,0
2021-10-30,Siskiyou,093,43540,3333,3257,1265,4522,46
2021-10-30,Solano,095,438530,45934,45146,1248,46394,346
2021-10-30,Sonoma,097,501317,41410,40924,517,41441,393
2021-10-30,Stanislaus,099,539301,78279,77871,8733,86604,1191
2021-10-30,Sutter,101,95872,13848,13773,341,14114,178
2021-10-30,Tehama,103,63373,8493,8307,1459,9766,114
2021-10-30,Trinity,105,12862,854,708,208,916,11
2021-10-30,Tulare,107,460477,68383,66745,14709,81454,995
2021-10-30,Tuolumne,109,53932,7237,7050,97,7147,90
2021-10-30,Ventura,111,848112,98082,97182,4254,101436,1174
2021-10-30,Yolo,113,214977,19847,19568,1016,20584,250
2021-10-30,Yuba,115,75493,10108,9969,315,10284,82
2021-10-29,Alameda,001,1643700,119181,118632,2714,121346,1419
2021-10-29,Alpine,003,1148,101,105,0,105,0
2021-10-29,Amador,005,37829,5549,5480,58,5538,64
2021-10-29,Butte,007,227075,20895,20516,3823,24339,277
2021-10-29,Calaveras,009,45235,4062,3992,53,4045,82
2021-10-29,Colusa,011,21464,2514,2484,627,3111,19
2021-10-29,Contra Costa,013,1133247,99369,98562,2146,100708,1024
2021-10-29,Del Norte,015,27424,3672,3574,53,3627,42
2021-10-29,El Dorado,017,186661,16042,15752,1693,17445,154
2021-10-29,Fresno,019,978130,139669,136901,12589,149490,2131
2021-10-29,Glenn,021,27897,3493,3442,1007,4449,33
2021-10-29,Humboldt,023,135768,8983,8871,546,9417,105
2021-10-29,Imperial,025,180216,33544,33156,3119,36275,766
2021-10-29,Inyo,027,18085,2345,2249,38,2287,41
2021-10-29,Kern,029,883053,127153,124892,21749,146641,1653
2021-10-29,Kings,031,150075,32152,31578,1895,33473,337
2021-10-29,Lake,033,64148,6730,6610,142,6752,106
2021-10-29,Lassen,035,31185,6843,6719,358,7077,42
2021-10-29,Los Angeles,037,10098052,1438459,1424257,53062,1477319,26625
2021-10-29,Madera,039,155013,23027,22524,2068,24592,283
2021-10-29,Marin,041,260295,17538,17380,442,17822,247
2021-10-29,Mariposa,043,17540,1285,1228,46,1274,5
2021-10-29,Mendocino,045,87422,7505,7338,524,7862,84
2021-10-29,Merced,047,269075,41787,41428,1874,43302,586
2021-10-29,Modoc,049,8938,526,513,185,698,5
2021-10-29,Mono,051,14174,1720,1684,22,1706,3
2021-10-29,Monterey,053,433212,48662,47649,2842,50491,588
2021-10-29,Napa,055,140530,12927,12863,105,12968,101
2021-10-29,Nevada,057,99092,9155,9015,316,9331,91
2021-10-29,Orange,059,3164182,306913,304120,14940,319060,5588
2021-10-29,Placer,061,380077,37060,36400,3591,39991,434
2021-10-29,Plumas,063,18699,1769,1695,33,1728,7
2021-10-29,Riverside,065,2383286,362671,357645,16208,373853,5088
2021-10-29,Sacramento,067,1510023,158587,157125,4523,161648,2233
2021-10-29,San Benito,069,59416,7391,7362,165,7527,71
2021-10-29,San Bernardino,071,2135413,353593,350076,11071,361147,5777
2021-10-29,San Diego,073,3302833,372670,370006,21882,391888,4213
2021-10-29,San Francisco,075,870044,52858,52161,2269,54430,661
2021-10-29,San Joaquin,077,732212,99557,98314,5315,103629,1768
2021-10-29,San Luis Obispo,079,281455,29525,29053,1228,30281,341
2021-10-29,San Mateo,081,765935,54087,53083,852,53935,571
2021-10-29,Santa Barbara,083,443738,44345,43972,1520,45492,528
2021-10-29,Santa Clara,085,1922200,146860,145262,1304,146566,1903
2021-10-29,Santa Cruz,087,273765,20363,20134,991,21125,221
2021-10-29,Shasta,089,179085,21321,20878,3540,24418,332
2021-10-29,Sierra,091,2930,182,175,20,195,0
2021-10-29,Siskiyou,093,43540,3333,3257,1264,4521,46
2021-10-29,Solano,095,438530,45897,45146,1247,46393,346
2021-10-29,Sonoma,097,501317,41389,40924,517,41441,393
2021-10-29,Stanislaus,099,539301,78194,77871,8721,86592,1191
2021-10-29,Sutter,101,95872,13829,13773,341,14114,178
2021-10-29,Tehama,103,63373,8480,8307,1458,9765,114
2021-10-29,Trinity,105,12862,853,708,208,916,11
2021-10-29,Tulare,107,460477,68279,66745,14666,81411,995
2021-10-29,Tuolumne,109,53932,7224,7050,97,7147,90
2021-10-29,Ventura,111,848112,98027,97182,4250,101432,1174
2021-10-29,Yolo,113,214977,19829,19568,1011,20579,250
2021-10-29,Yuba,115,75493,10100,9969,311,10280,82
2021-10-28,Alameda,001,1643700,119058,118632,2707,121339,1419
2021-10-28,Alpine,003,1148,101,105,0,105,0
2021-10-28,Amador,005,37829,5536,5480,58,5538,64
2021-10-28,Butte,007,227075,20853,20516,3812,24328,277
2021-10-28,Calaveras,009,45235,4049,3992,53,4045,82
2021-10-28,Colusa,011,21464,2511,2484,626,3110,19
2021-10-28,Contra Costa,013,1133247,99239,98562,2142,100704,1024
2021-10-28,Del Norte,015,27424,3671,3574,53,3627,42
2021-10-28,El Dorado,017,186661,16014,15752,1690,17442,154
2021-10-28,Fresno,019,978130,139337,136901,12558,149459,2131
2021-10-28,Glenn,021,27897,3490,3442,1005,4447,33
2021-10-28,Humboldt,023,135768,8967,8871,541,9412,105
2021-10-28,Imperial,025,180216,33478,33156,3112,36268,766
2021-10-28,Inyo,027,18085,2328,2249,38,2287,41
2021-10-28,Kern,029,883053,126906,124892,21636,146528,1653
2021-10-28,Kings,031,150075,32083,31578,1890,33468,337
2021-10-28,Lake,033,64148,6720,6610,142,6752,106
2021-10-28,Lassen,035,31185,6834,6719,355,7074,42
2021-10-28,Los Angeles,037,10098052,1437321,1424257,52988,1477245,26625
2021-10-28,Madera,039,155013,22973,22524,2057,24581,283
2021-10-28,Marin,041,260295,17520,17380,441,17821,247
2021-10-28,Mariposa,043,17540,1281,1228,46,1274,5
2021-10-28,Mendocino,045,87422,7492,7338,513,7851,84
2021-10-28,Merced,047,269075,41702,41428,1864,43292,586
2021-10-28,Modoc,049,8938,525,513,185,698,5
2021-10-28,Mono,051,14174,1714,1684,22,1706,3
2021-10-28,Monterey,053,433212,48631,47649,2825,50474,588
2021-10-28,Napa,055,140530,12918,12863,104,12967,101
2021-10-28,Nevada,057,99092,9137,9015,316,9331,91
2021-10-28,Orange,059,3164182,306626,304120,14876,318996,5588
2021-10-28,Placer,061,380077,36981,36400,3582,39982,434
2021-10-28,Plumas,063,18699,1761,1695,33,1728,7
2021-10-28,Riverside,065,2383286,362231,357645,16185,373830,5088
2021-10-28,Sacramento,067,1510023,158321,157125,4511,161636,2233
2021-10-28,San Benito,069,59416,7383,7362,165,7527,71
2021-10-28,San Bernardino,071,2135413,353177,350076,11048,361124,5777
2021-10-28,San Diego,073,3302833,372214,370006,21859,391865,4213
2021-10-28,San Francisco,075,870044,52812,52161,2262,54423,661
2021-10-28,San Joaquin,077,732212,99429,98314,5314,103628,1768
2021-10-28,San Luis Obispo,079,281455,29496,29053,1225,30278,341
2021-10-28,San Mateo,081,765935,54042,53083,850,53933,571
2021-10-28,Santa Barbara,083,443738,44306,43972,1518,45490,528
2021-10-28,Santa Clara,085,1922200,146701,145262,1299,146561,1903
2021-10-28,Santa Cruz,087,273765,20339,20134,991,21125,221
2021-10-28,Shasta,089,179085,21246,20878,3533,24411,332
2021-10-28,Sierra,091,2930,181,175,20,195,0
2021-10-28,Siskiyou,093,43540,3332,3257,1264,4521,46
2021-10-28,Solano,095,438530,45857,45146,1246,46392,346
2021-10-28,Sonoma,097,501317,41321,40924,516,41440,393
2021-10-28,Stanislaus,099,539301,78041,77871,8705,86576,1191
2021-10-28,Sutter,101,95872,13816,13773,337,14110,178
2021-10-28,Tehama,103,63373,8443,8307,1455,9762,114
2021-10-28,Trinity,105,12862,850,708,208,916,11
2021-10-28,Tulare,107,460477,68140,66745,14610,81355,995
2021-10-28,Tuolumne,109,53932,7193,7050,97,7147,90
2021-10-28,Ventura,111,848112,97942,97182,4247,101429,1174
2021-10-28,Yolo,113,214977,19791,19568,1007,20575,250
2021-10-28,Yuba,115,75493,10071,9969,308,10277,82
2021-10-27,Alameda,001,1643700,118936,118487,2705,121192,1414
2021-10-27,Alpine,003,1148,101,105,0,105,0
2021-10-27,Amador,005,37829,5524,5470,57,5527,64
2021-10-27,Butte,007,227075,20808,20446,3797,24243,274
2021-10-27,Calaveras,009,45235,4031,3970,52,4022,82
2021-10-27,Colusa,011,21464,2511,2480,625,3105,18
2021-10-27,Contra Costa,013,1133247,99131,98442,2130,100572,1018
2021-10-27,Del Norte,015,27424,3664,3571,52,3623,42
2021-10-27,El Dorado,017,186661,15983,15723,1685,17408,154
2021-10-27,Fresno,019,978130,138955,136447,12524,148971,2128
2021-10-27,Glenn,021,27897,3488,3435,1004,4439,33
2021-10-27,Humboldt,023,135768,8947,8851,539,9390,105
2021-10-27,Imperial,025,180216,33438,33068,3107,36175,766
2021-10-27,Inyo,027,18085,2308,2236,38,2274,41
2021-10-27,Kern,029,883053,126637,124557,21536,146093,1647
2021-10-27,Kings,031,150075,32017,31437,1884,33321,335
2021-10-27,Lake,033,64148,6694,6589,142,6731,105
2021-10-27,Lassen,035,31185,6821,6706,353,7059,42
2021-10-27,Los Angeles,037,10098052,1436092,1422615,52930,1475545,26604
2021-10-27,Madera,039,155013,22889,22413,2033,24446,283
2021-10-27,Marin,041,260295,17505,17362,441,17803,247
2021-10-27,Mariposa,043,17540,1268,1228,46,1274,5
2021-10-27,Mendocino,045,87422,7478,7321,506,7827,84
2021-10-27,Merced,047,269075,41605,41310,1850,43160,583
2021-10-27,Modoc,049,8938,521,513,185,698,5
2021-10-27,Mono,051,14174,1711,1682,22,1704,3
2021-10-27,Monterey,053,433212,48594,47610,2804,50414,588
2021-10-27,Napa,055,140530,12903,12856,104,12960,101
2021-10-27,Nevada,057,99092,9119,8987,315,9302,90
2021-10-27,Orange,059,3164182,306306,303825,14826,318651,5584
2021-10-27,Placer,061,380077,36916,36296,3575,39871,434
2021-10-27,Plumas,063,18699,1753,1686,33,1719,7
2021-10-27,Riverside,065,2383286,361800,357152,16177,373329,5081
2021-10-27,Sacramento,067,1510023,158053,156830,4490,161320,2230
2021-10-27,San Benito,069,59416,7376,7337,165,7502,71
2021-10-27,San Bernardino,071,2135413,352752,349624,11026,360650,5770
2021-10-27,San Diego,073,3302833,371657,369579,21835,391414,4207
2021-10-27,San Francisco,075,870044,52761,52108,2258,54366,655
2021-10-27,San Joaquin,077,732212,99272,98168,5299,103467,1753
2021-10-27,San Luis Obispo,079,281455,29457,29002,1223,30225,341
2021-10-27,San Mateo,081,765935,53987,53032,842,53874,571
2021-10-27,Santa Barbara,083,443738,44253,43901,1515,45416,527
2021-10-27,Santa Clara,085,1922200,146520,145081,1291,146372,1902
2021-10-27,Santa Cruz,087,273765,20312,20091,989,21080,221
2021-10-27,Shasta,089,179085,21171,20813,3525,24338,331
2021-10-27,Sierra,091,2930,180,176,20,196,0
2021-10-27,Siskiyou,093,43540,3329,3256,1260,4516,46
2021-10-27,Solano,095,438530,45812,45089,1239,46328,346
2021-10-27,Sonoma,097,501317,41245,40829,514,41343,393
2021-10-27,Stanislaus,099,539301,77881,77687,8690,86377,1191
2021-10-27,Sutter,101,95872,13802,13754,337,14091,177
2021-10-27,Tehama,103,63373,8421,8265,1453,9718,113
2021-10-27,Trinity,105,12862,850,706,207,913,11
2021-10-27,Tulare,107,460477,67986,66568,14554,81122,991
2021-10-27,Tuolumne,109,53932,7166,7009,96,7105,90
2021-10-27,Ventura,111,848112,97850,97108,4242,101350,1172
2021-10-27,Yolo,113,214977,19762,19517,1000,20517,250
2021-10-27,Yuba,115,75493,10050,9945,306,10251,82
2021-10-26,Alameda,001,1643700,118798,118360,2703,121063,1407
2021-10-26,Alpine,003,1148,101,105,0,105,0
2021-10-26,Amador,005,37829,5516,5465,56,5521,64
2021-10-26,Butte,007,227075,20748,20387,3780,24167,274
2021-10-26,Calaveras,009,45235,4020,3966,52,4018,81
2021-10-26,Colusa,011,21464,2508,2478,624,3102,18
2021-10-26,Contra Costa,013,1133247,99007,98352,2120,100472,1017
2021-10-26,Del Norte,015,27424,3659,3563,52,3615,42
2021-10-26,El Dorado,017,186661,15955,15690,1676,17366,153
2021-10-26,Fresno,019,978130,138508,136211,12476,148687,2122
2021-10-26,Glenn,021,27897,3474,3431,1001,4432,33
2021-10-26,Humboldt,023,135768,8929,8830,533,9363,105
2021-10-26,Imperial,025,180216,33373,33012,3102,36114,766
2021-10-26,Inyo,027,18085,2293,2200,38,2238,41
2021-10-26,Kern,029,883053,126294,124351,21418,145769,1645
2021-10-26,Kings,031,150075,31950,31382,1877,33259,336
2021-10-26,Lake,033,64148,6684,6584,140,6724,105
2021-10-26,Lassen,035,31185,6800,6689,351,7040,42
2021-10-26,Los Angeles,037,10098052,1434751,1421795,52859,1474654,26599
2021-10-26,Madera,039,155013,22799,22363,2022,24385,283
2021-10-26,Marin,041,260295,17488,17354,440,17794,244
2021-10-26,Mariposa,043,17540,1263,1225,45,1270,5
2021-10-26,Mendocino,045,87422,7449,7308,490,7798,83
2021-10-26,Merced,047,269075,41527,41267,1843,43110,583
2021-10-26,Modoc,049,8938,521,513,185,698,5
2021-10-26,Mono,051,14174,1706,1680,22,1702,3
2021-10-26,Monterey,053,433212,48555,47572,2794,50366,588
2021-10-26,Napa,055,140530,12891,12849,104,12953,101
2021-10-26,Nevada,057,99092,9088,8971,314,9285,90
2021-10-26,Orange,059,3164182,306037,303533,14787,318320,5580
2021-10-26,Placer,061,380077,36819,36245,3569,39814,434
2021-10-26,Plumas,063,18699,1744,1645,33,1678,7
2021-10-26,Riverside,065,2383286,361311,356775,16167,372942,5068
2021-10-26,Sacramento,067,1510023,157752,156643,4473,161116,2228
2021-10-26,San Benito,069,59416,7353,7325,165,7490,71
2021-10-26,San Bernardino,071,2135413,352324,349346,11011,360357,5764
2021-10-26,San Diego,073,3302833,371140,369043,21805,390848,4198
2021-10-26,San Francisco,075,870044,52687,52063,2255,54318,655
2021-10-26,San Joaquin,077,732212,99096,98036,5284,103320,1748
2021-10-26,San Luis Obispo,079,281455,29418,28928,1217,30145,337
2021-10-26,San Mateo,081,765935,53915,52974,839,53813,571
2021-10-26,Santa Barbara,083,443738,44207,43835,1514,45349,525
2021-10-26,Santa Clara,085,1922200,146318,144932,1285,146217,1903
2021-10-26,Santa Cruz,087,273765,20281,20067,989,21056,221
2021-10-26,Shasta,089,179085,21110,20725,3507,24232,330
2021-10-26,Sierra,091,2930,180,169,20,189,0
2021-10-26,Siskiyou,093,43540,3323,3254,1258,4512,46
2021-10-26,Solano,095,438530,45756,45044,1238,46282,344
2021-10-26,Sonoma,097,501317,41163,40794,512,41306,393
2021-10-26,Stanislaus,099,539301,77707,77552,8665,86217,1157
2021-10-26,Sutter,101,95872,13773,13739,336,14075,176
2021-10-26,Tehama,103,63373,8393,8247,1448,9695,112
2021-10-26,Trinity,105,12862,846,705,207,912,11
2021-10-26,Tulare,107,460477,67826,66476,14497,80973,991
2021-10-26,Tuolumne,109,53932,7140,6995,94,7089,90
2021-10-26,Ventura,111,848112,97741,97014,4239,101253,1170
2021-10-26,Yolo,113,214977,19733,19490,997,20487,248
2021-10-26,Yuba,115,75493,10032,9927,301,10228,82
2021-10-25,Alameda,001,1643700,118655,118319,2702,121021,1404
2021-10-25,Alpine,003,1148,101,105,0,105,0
2021-10-25,Amador,005,37829,5502,5455,56,5511,64
2021-10-25,Butte,007,227075,20675,20331,3772,24103,273
2021-10-25,Calaveras,009,45235,3990,3942,51,3993,82
2021-10-25,Colusa,011,21464,2506,2471,622,3093,18
2021-10-25,Contra Costa,013,1133247,98890,98267,2116,100383,1017
2021-10-25,Del Norte,015,27424,3652,3562,52,3614,42
2021-10-25,El Dorado,017,186661,15920,15663,1674,17337,149
2021-10-25,Fresno,019,978130,138074,135974,12440,148414,2112
2021-10-25,Glenn,021,27897,3471,3421,1000,4421,33
2021-10-25,Humboldt,023,135768,8906,8825,528,9353,105
2021-10-25,Imperial,025,180216,33312,32968,3091,36059,766
2021-10-25,Inyo,027,18085,2275,2183,38,2221,41
2021-10-25,Kern,029,883053,125942,124078,21279,145357,1649
2021-10-25,Kings,031,150075,31861,31329,1868,33197,335
2021-10-25,Lake,033,64148,6670,6571,140,6711,105
2021-10-25,Lassen,035,31185,6789,6688,349,7037,42
2021-10-25,Los Angeles,037,10098052,1433396,1421061,52793,1473854,26579
2021-10-25,Madera,039,155013,22745,22325,2015,24340,281
2021-10-25,Marin,041,260295,17466,17334,438,17772,244
2021-10-25,Mariposa,043,17540,1249,1220,45,1265,5
2021-10-25,Mendocino,045,87422,7420,7296,486,7782,82
2021-10-25,Merced,047,269075,41459,41207,1816,43023,583
2021-10-25,Modoc,049,8938,519,512,183,695,5
2021-10-25,Mono,051,14174,1698,1677,22,1699,3
2021-10-25,Monterey,053,433212,48522,47547,2792,50339,587
2021-10-25,Napa,055,140530,12878,12841,104,12945,100
2021-10-25,Nevada,057,99092,9062,8958,314,9272,90
2021-10-25,Orange,059,3164182,305739,303279,14750,318029,5574
2021-10-25,Placer,061,380077,36711,36153,3559,39712,431
2021-10-25,Plumas,063,18699,1732,1641,33,1674,7
2021-10-25,Riverside,065,2383286,360882,356381,16152,372533,5056
2021-10-25,Sacramento,067,1510023,157447,156516,4450,160966,2235
2021-10-25,San Benito,069,59416,7340,7314,164,7478,71
2021-10-25,San Bernardino,071,2135413,351816,349075,10999,360074,5748
2021-10-25,San Diego,073,3302833,370571,368386,21777,390163,4196
2021-10-25,San Francisco,075,870044,52614,52041,2249,54290,649
2021-10-25,San Joaquin,077,732212,98895,97980,5275,103255,1740
2021-10-25,San Luis Obispo,079,281455,29370,28907,1212,30119,336
2021-10-25,San Mateo,081,765935,53854,52927,835,53762,571
2021-10-25,Santa Barbara,083,443738,44148,43775,1514,45289,525
2021-10-25,Santa Clara,085,1922200,146126,144895,1280,146175,1901
2021-10-25,Santa Cruz,087,273765,20252,20053,988,21041,221
2021-10-25,Shasta,089,179085,21038,20666,3500,24166,326
2021-10-25,Sierra,091,2930,180,168,20,188,0
2021-10-25,Siskiyou,093,43540,3319,3248,1253,4501,46
2021-10-25,Solano,095,438530,45695,45022,1236,46258,344
2021-10-25,Sonoma,097,501317,41090,40746,510,41256,393
2021-10-25,Stanislaus,099,539301,77515,77452,8637,86089,1145
2021-10-25,Sutter,101,95872,13759,13721,333,14054,176
2021-10-25,Tehama,103,63373,8366,8224,1444,9668,111
2021-10-25,Trinity,105,12862,841,699,206,905,11
2021-10-25,Tulare,107,460477,67631,66357,14435,80792,986
2021-10-25,Tuolumne,109,53932,7106,6952,93,7045,90
2021-10-25,Ventura,111,848112,97650,96932,4236,101168,1167
2021-10-25,Yolo,113,214977,19684,19457,993,20450,248
2021-10-25,Yuba,115,75493,10016,9924,297,10221,82
2021-10-24,Alameda,001,1643700,118523,117816,2697,120513,1397
2021-10-24,Alpine,003,1148,101,105,0,105,0
2021-10-24,Amador,005,37829,5497,5412,56,5468,64
2021-10-24,Butte,007,227075,20603,20101,3760,23861,273
2021-10-24,Calaveras,009,45235,3971,3865,50,3915,81
2021-10-24,Colusa,011,21464,2502,2458,619,3077,18
2021-10-24,Contra Costa,013,1133247,98772,97855,2107,99962,1008
2021-10-24,Del Norte,015,27424,3648,3540,52,3592,42
2021-10-24,El Dorado,017,186661,15883,15540,1670,17210,149
2021-10-24,Fresno,019,978130,137638,134466,12389,146855,2094
2021-10-24,Glenn,021,27897,3463,3399,998,4397,33
2021-10-24,Humboldt,023,135768,8893,8753,522,9275,105
2021-10-24,Imperial,025,180216,33234,32777,3085,35862,766
2021-10-24,Inyo,027,18085,2243,2108,38,2146,41
2021-10-24,Kern,029,883053,125608,122939,21163,144102,1636
2021-10-24,Kings,031,150075,31732,30942,1853,32795,325
2021-10-24,Lake,033,64148,6647,6501,139,6640,105
2021-10-24,Lassen,035,31185,6772,6632,348,6980,27
2021-10-24,Los Angeles,037,10098052,1431961,1415919,52725,1468644,26527
2021-10-24,Madera,039,155013,22668,22062,2003,24065,281
2021-10-24,Marin,041,260295,17450,17264,437,17701,244
2021-10-24,Mariposa,043,17540,1246,1184,45,1229,5
2021-10-24,Mendocino,045,87422,7396,7220,476,7696,82
2021-10-24,Merced,047,269075,41337,40808,1810,42618,581
2021-10-24,Modoc,049,8938,518,507,183,690,5
2021-10-24,Mono,051,14174,1693,1655,22,1677,3
2021-10-24,Monterey,053,433212,48474,47456,2782,50238,586
2021-10-24,Napa,055,140530,12867,12789,104,12893,100
2021-10-24,Nevada,057,99092,9039,8861,311,9172,90
2021-10-24,Orange,059,3164182,305389,302237,14713,316950,5546
2021-10-24,Placer,061,380077,36607,35822,3545,39367,426
2021-10-24,Plumas,063,18699,1722,1623,32,1655,7
2021-10-24,Riverside,065,2383286,360408,354688,16132,370820,5041
2021-10-24,Sacramento,067,1510023,157106,155125,4427,159552,2232
2021-10-24,San Benito,069,59416,7320,7280,164,7444,71
2021-10-24,San Bernardino,071,2135413,351258,347681,10987,358668,5688
2021-10-24,San Diego,073,3302833,369987,366085,21746,387831,4183
2021-10-24,San Francisco,075,870044,52551,51820,2243,54063,649
2021-10-24,San Joaquin,077,732212,98722,97440,5269,102709,1721
2021-10-24,San Luis Obispo,079,281455,29309,28755,1205,29960,333
2021-10-24,San Mateo,081,765935,53782,52719,835,53554,571
2021-10-24,Santa Barbara,083,443738,44081,43552,1512,45064,523
2021-10-24,Santa Clara,085,1922200,145935,144276,1270,145546,1897
2021-10-24,Santa Cruz,087,273765,20214,19967,987,20954,221
2021-10-24,Shasta,089,179085,20940,20386,3494,23880,321
2021-10-24,Sierra,091,2930,180,168,20,188,0
2021-10-24,Siskiyou,093,43540,3312,3231,1249,4480,46
2021-10-24,Solano,095,438530,45646,44861,1231,46092,341
2021-10-24,Sonoma,097,501317,41007,40476,510,40986,393
2021-10-24,Stanislaus,099,539301,77324,76812,8626,85438,1145
2021-10-24,Sutter,101,95872,13732,13616,325,13941,175
2021-10-24,Tehama,103,63373,8318,8105,1433,9538,110
2021-10-24,Trinity,105,12862,837,696,204,900,11
2021-10-24,Tulare,107,460477,67458,65585,14364,79949,978
2021-10-24,Tuolumne,109,53932,7066,6840,91,6931,90
2021-10-24,Ventura,111,848112,97543,96664,4235,100899,1167
2021-10-24,Yolo,113,214977,19635,19280,991,20271,248
2021-10-24,Yuba,115,75493,9992,9838,296,10134,82
2021-10-23,Alameda,001,1643700,118435,117816,2692,120508,1397
2021-10-23,Alpine,003,1148,101,105,0,105,0
2021-10-23,Amador,005,37829,5490,5412,56,5468,64
2021-10-23,Butte,007,227075,20566,20101,3752,23853,273
2021-10-23,Calaveras,009,45235,3964,3865,49,3914,81
2021-10-23,Colusa,011,21464,2500,2458,618,3076,18
2021-10-23,Contra Costa,013,1133247,98720,97855,2103,99958,1008
2021-10-23,Del Norte,015,27424,3646,3540,52,3592,42
2021-10-23,El Dorado,017,186661,15857,15540,1668,17208,149
2021-10-23,Fresno,019,978130,137460,134466,12376,146842,2094
2021-10-23,Glenn,021,27897,3461,3399,997,4396,33
2021-10-23,Humboldt,023,135768,8879,8753,517,9270,105
2021-10-23,Imperial,025,180216,33187,32777,3081,35858,766
2021-10-23,Inyo,027,18085,2232,2108,38,2146,41
2021-10-23,Kern,029,883053,125448,122939,21076,144015,1636
2021-10-23,Kings,031,150075,31686,30942,1851,32793,325
2021-10-23,Lake,033,64148,6642,6501,139,6640,105
2021-10-23,Lassen,035,31185,6769,6632,346,6978,27
2021-10-23,Los Angeles,037,10098052,1431282,1415919,52671,1468590,26527
2021-10-23,Madera,039,155013,22619,22062,1995,24057,281
2021-10-23,Marin,041,260295,17433,17264,437,17701,244
2021-10-23,Mariposa,043,17540,1243,1184,44,1228,5
2021-10-23,Mendocino,045,87422,7389,7220,475,7695,82
2021-10-23,Merced,047,269075,41296,40808,1805,42613,581
2021-10-23,Modoc,049,8938,516,507,183,690,5
2021-10-23,Mono,051,14174,1687,1655,22,1677,3
2021-10-23,Monterey,053,433212,48457,47456,2778,50234,586
2021-10-23,Napa,055,140530,12862,12789,104,12893,100
2021-10-23,Nevada,057,99092,9028,8861,309,9170,90
2021-10-23,Orange,059,3164182,305202,302237,14698,316935,5546
2021-10-23,Placer,061,380077,36545,35822,3539,39361,426
2021-10-23,Plumas,063,18699,1721,1623,32,1655,7
2021-10-23,Riverside,065,2383286,360087,354688,16125,370813,5041
2021-10-23,Sacramento,067,1510023,156977,155125,4419,159544,2232
2021-10-23,San Benito,069,59416,7310,7280,164,7444,71
2021-10-23,San Bernardino,071,2135413,350987,347681,10979,358660,5688
2021-10-23,San Diego,073,3302833,369646,366085,21715,387800,4183
2021-10-23,San Francisco,075,870044,52515,51820,2242,54062,649
2021-10-23,San Joaquin,077,732212,98654,97440,5260,102700,1721
2021-10-23,San Luis Obispo,079,281455,29271,28755,1203,29958,333
2021-10-23,San Mateo,081,765935,53744,52719,834,53553,571
2021-10-23,Santa Barbara,083,443738,44050,43552,1510,45062,523
2021-10-23,Santa Clara,085,1922200,145824,144276,1266,145542,1897
2021-10-23,Santa Cruz,087,273765,20202,19967,987,20954,221
2021-10-23,Shasta,089,179085,20904,20386,3482,23868,321
2021-10-23,Sierra,091,2930,179,168,20,188,0
2021-10-23,Siskiyou,093,43540,3310,3231,1249,4480,46
2021-10-23,Solano,095,438530,45621,44861,1228,46089,341
2021-10-23,Sonoma,097,501317,40967,40476,510,40986,393
2021-10-23,Stanislaus,099,539301,77235,76812,8606,85418,1145
2021-10-23,Sutter,101,95872,13726,13616,324,13940,175
2021-10-23,Tehama,103,63373,8306,8105,1432,9537,110
2021-10-23,Trinity,105,12862,836,696,204,900,11
2021-10-23,Tulare,107,460477,67370,65585,14305,79890,978
2021-10-23,Tuolumne,109,53932,7045,6840,91,6931,90
2021-10-23,Ventura,111,848112,97482,96664,4235,100899,1167
2021-10-23,Yolo,113,214977,19618,19280,988,20268,248
2021-10-23,Yuba,115,75493,9983,9838,296,10134,82
2021-10-22,Alameda,001,1643700,118353,117816,2689,120505,1397
2021-10-22,Alpine,003,1148,101,105,0,105,0
2021-10-22,Amador,005,37829,5479,5412,56,5468,64
2021-10-22,Butte,007,227075,20534,20101,3748,23849,273
2021-10-22,Calaveras,009,45235,3956,3865,49,3914,81
2021-10-22,Colusa,011,21464,2497,2458,618,3076,18
2021-10-22,Contra Costa,013,1133247,98629,97855,2101,99956,1008
2021-10-22,Del Norte,015,27424,3642,3540,52,3592,42
2021-10-22,El Dorado,017,186661,15844,15540,1666,17206,149
2021-10-22,Fresno,019,978130,137245,134466,12355,146821,2094
2021-10-22,Glenn,021,27897,3451,3399,997,4396,33
2021-10-22,Humboldt,023,135768,8865,8753,516,9269,105
2021-10-22,Imperial,025,180216,33143,32777,3081,35858,766
2021-10-22,Inyo,027,18085,2219,2108,38,2146,41
2021-10-22,Kern,029,883053,125261,122939,21003,143942,1636
2021-10-22,Kings,031,150075,31651,30942,1850,32792,325
2021-10-22,Lake,033,64148,6632,6501,139,6640,105
2021-10-22,Lassen,035,31185,6762,6632,343,6975,27
2021-10-22,Los Angeles,037,10098052,1430517,1415919,52613,1468532,26527
2021-10-22,Madera,039,155013,22569,22062,1983,24045,281
2021-10-22,Marin,041,260295,17421,17264,437,17701,244
2021-10-22,Mariposa,043,17540,1240,1184,44,1228,5
2021-10-22,Mendocino,045,87422,7375,7220,474,7694,82
2021-10-22,Merced,047,269075,41259,40808,1798,42606,581
2021-10-22,Modoc,049,8938,516,507,183,690,5
2021-10-22,Mono,051,14174,1685,1655,22,1677,3
2021-10-22,Monterey,053,433212,48424,47456,2775,50231,586
2021-10-22,Napa,055,140530,12856,12789,104,12893,100
2021-10-22,Nevada,057,99092,9011,8861,308,9169,90
2021-10-22,Orange,059,3164182,304986,302237,14668,316905,5546
2021-10-22,Placer,061,380077,36517,35822,3530,39352,426
2021-10-22,Plumas,063,18699,1715,1623,32,1655,7
2021-10-22,Riverside,065,2383286,359776,354688,16120,370808,5041
2021-10-22,Sacramento,067,1510023,156790,155125,4410,159535,2232
2021-10-22,San Benito,069,59416,7305,7280,164,7444,71
2021-10-22,San Bernardino,071,2135413,350657,347681,10964,358645,5688
2021-10-22,San Diego,073,3302833,369248,366085,21697,387782,4183
2021-10-22,San Francisco,075,870044,52477,51820,2235,54055,649
2021-10-22,San Joaquin,077,732212,98593,97440,5257,102697,1721
2021-10-22,San Luis Obispo,079,281455,29241,28755,1203,29958,333
2021-10-22,San Mateo,081,765935,53693,52719,828,53547,571
2021-10-22,Santa Barbara,083,443738,44009,43552,1510,45062,523
2021-10-22,Santa Clara,085,1922200,145667,144276,1259,145535,1897
2021-10-22,Santa Cruz,087,273765,20180,19967,987,20954,221
2021-10-22,Shasta,089,179085,20871,20386,3479,23865,321
2021-10-22,Sierra,091,2930,178,168,19,187,0
2021-10-22,Siskiyou,093,43540,3308,3231,1246,4477,46
2021-10-22,Solano,095,438530,45586,44861,1224,46085,341
2021-10-22,Sonoma,097,501317,40910,40476,510,40986,393
2021-10-22,Stanislaus,099,539301,77132,76812,8589,85401,1145
2021-10-22,Sutter,101,95872,13711,13616,324,13940,175
2021-10-22,Tehama,103,63373,8284,8105,1427,9532,110
2021-10-22,Trinity,105,12862,835,696,204,900,11
2021-10-22,Tulare,107,460477,67285,65585,14252,79837,978
2021-10-22,Tuolumne,109,53932,7010,6840,91,6931,90
2021-10-22,Ventura,111,848112,97429,96664,4229,100893,1167
2021-10-22,Yolo,113,214977,19591,19280,987,20267,248
2021-10-22,Yuba,115,75493,9969,9838,294,10132,82
2021-10-21,Alameda,001,1643700,118238,117816,2683,120499,1397
2021-10-21,Alpine,003,1148,101,105,0,105,0
2021-10-21,Amador,005,37829,5471,5412,56,5468,64
2021-10-21,Butte,007,227075,20450,20101,3734,23835,273
2021-10-21,Calaveras,009,45235,3937,3865,49,3914,81
2021-10-21,Colusa,011,21464,2493,2458,614,3072,18
2021-10-21,Contra Costa,013,1133247,98512,97855,2096,99951,1008
2021-10-21,Del Norte,015,27424,3636,3540,51,3591,42
2021-10-21,El Dorado,017,186661,15815,15540,1659,17199,149
2021-10-21,Fresno,019,978130,136894,134466,12310,146776,2094
2021-10-21,Glenn,021,27897,3447,3399,994,4393,33
2021-10-21,Humboldt,023,135768,8851,8753,512,9265,105
2021-10-21,Imperial,025,180216,33088,32777,3077,35854,766
2021-10-21,Inyo,027,18085,2197,2108,38,2146,41
2021-10-21,Kern,029,883053,125014,122939,20894,143833,1636
2021-10-21,Kings,031,150075,31553,30942,1844,32786,325
2021-10-21,Lake,033,64148,6618,6501,138,6639,105
2021-10-21,Lassen,035,31185,6749,6632,339,6971,27
2021-10-21,Los Angeles,037,10098052,1429397,1415919,52565,1468484,26527
2021-10-21,Madera,039,155013,22511,22062,1973,24035,281
2021-10-21,Marin,041,260295,17403,17264,437,17701,244
2021-10-21,Mariposa,043,17540,1234,1184,43,1227,5
2021-10-21,Mendocino,045,87422,7357,7220,467,7687,82
2021-10-21,Merced,047,269075,41162,40808,1787,42595,581
2021-10-21,Modoc,049,8938,516,507,183,690,5
2021-10-21,Mono,051,14174,1676,1655,22,1677,3
2021-10-21,Monterey,053,433212,48390,47456,2764,50220,586
2021-10-21,Napa,055,140530,12844,12789,104,12893,100
2021-10-21,Nevada,057,99092,8986,8861,308,9169,90
2021-10-21,Orange,059,3164182,304714,302237,14632,316869,5546
2021-10-21,Placer,061,380077,36428,35822,3517,39339,426
2021-10-21,Plumas,063,18699,1701,1623,32,1655,7
2021-10-21,Riverside,065,2383286,359329,354688,16110,370798,5041
2021-10-21,Sacramento,067,1510023,156470,155125,4384,159509,2232
2021-10-21,San Benito,069,59416,7298,7280,162,7442,71
2021-10-21,San Bernardino,071,2135413,350277,347681,10930,358611,5688
2021-10-21,San Diego,073,3302833,368736,366085,21667,387752,4183
2021-10-21,San Francisco,075,870044,52422,51820,2234,54054,649
2021-10-21,San Joaquin,077,732212,98454,97440,5250,102690,1721
2021-10-21,San Luis Obispo,079,281455,29199,28755,1201,29956,333
2021-10-21,San Mateo,081,765935,53646,52719,827,53546,571
2021-10-21,Santa Barbara,083,443738,43943,43552,1508,45060,523
2021-10-21,Santa Clara,085,1922200,145494,144276,1255,145531,1897
2021-10-21,Santa Cruz,087,273765,20156,19967,985,20952,221
2021-10-21,Shasta,089,179085,20810,20386,3464,23850,321
2021-10-21,Sierra,091,2930,177,168,18,186,0
2021-10-21,Siskiyou,093,43540,3303,3231,1244,4475,46
2021-10-21,Solano,095,438530,45534,44861,1222,46083,341
2021-10-21,Sonoma,097,501317,40841,40476,508,40984,393
2021-10-21,Stanislaus,099,539301,76963,76812,8578,85390,1145
2021-10-21,Sutter,101,95872,13683,13616,320,13936,175
2021-10-21,Tehama,103,63373,8257,8105,1420,9525,110
2021-10-21,Trinity,105,12862,833,696,204,900,11
2021-10-21,Tulare,107,460477,67096,65585,14183,79768,978
2021-10-21,Tuolumne,109,53932,6972,6840,90,6930,90
2021-10-21,Ventura,111,848112,97338,96664,4227,100891,1167
2021-10-21,Yolo,113,214977,19544,19280,985,20265,248
2021-10-21,Yuba,115,75493,9945,9838,293,10131,82
2021-10-20,Alameda,001,1643700,118118,117654,2683,120337,1390
2021-10-20,Alpine,003,1148,101,103,0,103,0
2021-10-20,Amador,005,37829,5463,5379,56,5435,64
2021-10-20,Butte,007,227075,20395,20021,3718,23739,270
2021-10-20,Calaveras,009,45235,3917,3844,48,3892,81
2021-10-20,Colusa,011,21464,2489,2454,612,3066,18
2021-10-20,Contra Costa,013,1133247,98396,97721,2092,99813,1008
2021-10-20,Del Norte,015,27424,3632,3536,51,3587,42
2021-10-20,El Dorado,017,186661,15786,15502,1656,17158,149
2021-10-20,Fresno,019,978130,136492,134025,12273,146298,2084
2021-10-20,Glenn,021,27897,3439,3382,993,4375,33
2021-10-20,Humboldt,023,135768,8829,8727,510,9237,105
2021-10-20,Imperial,025,180216,33014,32705,3069,35774,766
2021-10-20,Inyo,027,18085,2178,2077,37,2114,40
2021-10-20,Kern,029,883053,124720,122630,20776,143406,1623
2021-10-20,Kings,031,150075,31476,30805,1834,32639,322
2021-10-20,Lake,033,64148,6596,6475,137,6612,104
2021-10-20,Lassen,035,31185,6734,6622,339,6961,27
2021-10-20,Los Angeles,037,10098052,1428279,1414931,52494,1467425,26506
2021-10-20,Madera,039,155013,22442,21983,1964,23947,281
2021-10-20,Marin,041,260295,17382,17250,435,17685,244
2021-10-20,Mariposa,043,17540,1227,1174,43,1217,5
2021-10-20,Mendocino,045,87422,7329,7189,464,7653,82
2021-10-20,Merced,047,269075,41081,40685,1771,42456,581
2021-10-20,Modoc,049,8938,516,504,183,687,5
2021-10-20,Mono,051,14174,1676,1653,22,1675,3
2021-10-20,Monterey,053,433212,48358,47430,2755,50185,587
2021-10-20,Napa,055,140530,12830,12773,103,12876,100
2021-10-20,Nevada,057,99092,8958,8836,308,9144,90
2021-10-20,Orange,059,3164182,304428,301957,14610,316567,5534
2021-10-20,Placer,061,380077,36339,35729,3508,39237,425
2021-10-20,Plumas,063,18699,1694,1604,32,1636,7
2021-10-20,Riverside,065,2383286,358885,354311,16093,370404,5030
2021-10-20,Sacramento,067,1510023,156171,154822,4360,159182,2222
2021-10-20,San Benito,069,59416,7295,7275,160,7435,71
2021-10-20,San Bernardino,071,2135413,349875,347217,10899,358116,5663
2021-10-20,San Diego,073,3302833,368227,365698,21648,387346,4178
2021-10-20,San Francisco,075,870044,52373,51755,2233,53988,646
2021-10-20,San Joaquin,077,732212,98309,97246,5242,102488,1721
2021-10-20,San Luis Obispo,079,281455,29153,28727,1197,29924,332
2021-10-20,San Mateo,081,765935,53575,52663,819,53482,571
2021-10-20,Santa Barbara,083,443738,43880,43489,1507,44996,523
2021-10-20,Santa Clara,085,1922200,145355,144124,1250,145374,1896
2021-10-20,Santa Cruz,087,273765,20143,19951,985,20936,219
2021-10-20,Shasta,089,179085,20748,20313,3437,23750,320
2021-10-20,Sierra,091,2930,177,168,18,186,0
2021-10-20,Siskiyou,093,43540,3303,3224,1238,4462,46
2021-10-20,Solano,095,438530,45502,44819,1220,46039,341
2021-10-20,Sonoma,097,501317,40794,40404,508,40912,393
2021-10-20,Stanislaus,099,539301,76813,76631,8559,85190,1145
2021-10-20,Sutter,101,95872,13659,13592,314,13906,175
2021-10-20,Tehama,103,63373,8226,8081,1409,9490,110
2021-10-20,Trinity,105,12862,833,693,203,896,11
2021-10-20,Tulare,107,460477,66920,65413,14139,79552,967
2021-10-20,Tuolumne,109,53932,6949,6803,90,6893,89
2021-10-20,Ventura,111,848112,97256,96610,4222,100832,1166
2021-10-20,Yolo,113,214977,19499,19236,983,20219,248
2021-10-20,Yuba,115,75493,9928,9808,290,10098,82
2021-10-19,Alameda,001,1643700,117995,117542,2677,120219,1383
2021-10-19,Alpine,003,1148,101,103,0,103,0
2021-10-19,Amador,005,37829,5447,5367,56,5423,64
2021-10-19,Butte,007,227075,20342,19974,3710,23684,268
2021-10-19,Calaveras,009,45235,3900,3826,47,3873,80
2021-10-19,Colusa,011,21464,2486,2447,610,3057,18
2021-10-19,Contra Costa,013,1133247,98305,97613,2087,99700,1004
2021-10-19,Del Norte,015,27424,3625,3531,51,3582,42
2021-10-19,El Dorado,017,186661,15761,15478,1651,17129,149
2021-10-19,Fresno,019,978130,136128,133813,12224,146037,2073
2021-10-19,Glenn,021,27897,3435,3380,991,4371,33
2021-10-19,Humboldt,023,135768,8805,8714,504,9218,105
2021-10-19,Imperial,025,180216,32948,32632,3065,35697,764
2021-10-19,Inyo,027,18085,2147,2045,37,2082,40
2021-10-19,Kern,029,883053,124403,122391,20652,143043,1613
2021-10-19,Kings,031,150075,31383,30757,1827,32584,322
2021-10-19,Lake,033,64148,6592,6465,137,6602,104
2021-10-19,Lassen,035,31185,6728,6612,335,6947,27
2021-10-19,Los Angeles,037,10098052,1427031,1413882,52422,1466304,26473
2021-10-19,Madera,039,155013,22379,21950,1956,23906,281
2021-10-19,Marin,041,260295,17368,17241,432,17673,244
2021-10-19,Mariposa,043,17540,1221,1171,41,1212,5
2021-10-19,Mendocino,045,87422,7314,7172,461,7633,82
2021-10-19,Merced,047,269075,40966,40628,1750,42378,580
2021-10-19,Modoc,049,8938,514,502,183,685,5
2021-10-19,Mono,051,14174,1672,1651,22,1673,3
2021-10-19,Monterey,053,433212,48321,47412,2744,50156,583
2021-10-19,Napa,055,140530,12823,12769,103,12872,100
2021-10-19,Nevada,057,99092,8937,8829,307,9136,90
2021-10-19,Orange,059,3164182,304171,301700,14577,316277,5527
2021-10-19,Placer,061,380077,36218,35663,3493,39156,422
2021-10-19,Plumas,063,18699,1676,1586,32,1618,8
2021-10-19,Riverside,065,2383286,358464,353891,16086,369977,5020
2021-10-19,Sacramento,067,1510023,155865,154570,4334,158904,2227
2021-10-19,San Benito,069,59416,7280,7264,160,7424,71
2021-10-19,San Bernardino,071,2135413,349473,346814,10870,357684,5627
2021-10-19,San Diego,073,3302833,367646,365285,21617,386902,4170
2021-10-19,San Francisco,075,870044,52310,51704,2231,53935,645
2021-10-19,San Joaquin,077,732212,98141,97105,5231,102336,1721
2021-10-19,San Luis Obispo,079,281455,29105,28670,1194,29864,332
2021-10-19,San Mateo,081,765935,53517,52617,817,53434,571
2021-10-19,Santa Barbara,083,443738,43813,43413,1506,44919,522
2021-10-19,Santa Clara,085,1922200,145179,143989,1243,145232,1898
2021-10-19,Santa Cruz,087,273765,20119,19895,983,20878,218
2021-10-19,Shasta,089,179085,20672,20209,3429,23638,319
2021-10-19,Sierra,091,2930,174,168,18,186,0
2021-10-19,Siskiyou,093,43540,3299,3216,1233,4449,46
2021-10-19,Solano,095,438530,45461,44782,1214,45996,341
2021-10-19,Sonoma,097,501317,40720,40379,507,40886,392
2021-10-19,Stanislaus,099,539301,76671,76526,8547,85073,1145
2021-10-19,Sutter,101,95872,13635,13569,313,13882,174
2021-10-19,Tehama,103,63373,8196,8057,1393,9450,108
2021-10-19,Trinity,105,12862,826,691,203,894,11
2021-10-19,Tulare,107,460477,66733,65253,14071,79324,958
2021-10-19,Tuolumne,109,53932,6920,6782,89,6871,89
2021-10-19,Ventura,111,848112,97180,96539,4217,100756,1166
2021-10-19,Yolo,113,214977,19453,19206,979,20185,248
2021-10-19,Yuba,115,75493,9910,9796,289,10085,82
2021-10-18,Alameda,001,1643700,117858,117506,2667,120173,1381
2021-10-18,Alpine,003,1148,101,103,0,103,0
2021-10-18,Amador,005,37829,5436,5345,56,5401,64
2021-10-18,Butte,007,227075,20292,19921,3698,23619,265
2021-10-18,Calaveras,009,45235,3875,3819,46,3865,80
2021-10-18,Colusa,011,21464,2485,2444,608,3052,18
2021-10-18,Contra Costa,013,1133247,98193,97585,2083,99668,995
2021-10-18,Del Norte,015,27424,3618,3529,51,3580,41
2021-10-18,El Dorado,017,186661,15731,15452,1649,17101,149
2021-10-18,Fresno,019,978130,135727,133688,12182,145870,2063
2021-10-18,Glenn,021,27897,3431,3370,987,4357,32
2021-10-18,Humboldt,023,135768,8785,8699,496,9195,104
2021-10-18,Imperial,025,180216,32857,32558,3065,35623,764
2021-10-18,Inyo,027,18085,2129,2020,37,2057,40
2021-10-18,Kern,029,883053,124104,122231,20558,142789,1605
2021-10-18,Kings,031,150075,31270,30698,1814,32512,320
2021-10-18,Lake,033,64148,6573,6455,133,6588,104
2021-10-18,Lassen,035,31185,6708,6607,332,6939,26
2021-10-18,Los Angeles,037,10098052,1425787,1413291,52345,1465636,26446
2021-10-18,Madera,039,155013,22325,21909,1943,23852,277
2021-10-18,Marin,041,260295,17348,17232,429,17661,244
2021-10-18,Mariposa,043,17540,1213,1160,41,1201,5
2021-10-18,Mendocino,045,87422,7295,7156,453,7609,82
2021-10-18,Merced,047,269075,40843,40573,1740,42313,579
2021-10-18,Modoc,049,8938,514,498,183,681,5
2021-10-18,Mono,051,14174,1666,1648,21,1669,3
2021-10-18,Monterey,053,433212,48299,47389,2739,50128,583
2021-10-18,Napa,055,140530,12808,12762,103,12865,100
2021-10-18,Nevada,057,99092,8918,8816,307,9123,90
2021-10-18,Orange,059,3164182,303832,301573,14542,316115,5524
2021-10-18,Placer,061,380077,36141,35598,3489,39087,420
2021-10-18,Plumas,063,18699,1668,1579,32,1611,6
2021-10-18,Riverside,065,2383286,358049,353699,16072,369771,5008
2021-10-18,Sacramento,067,1510023,155560,154428,4304,158732,2203
2021-10-18,San Benito,069,59416,7268,7253,160,7413,71
2021-10-18,San Bernardino,071,2135413,349053,346742,10856,357598,5606
2021-10-18,San Diego,073,3302833,367090,364948,21579,386527,4169
2021-10-18,San Francisco,075,870044,52247,51671,2225,53896,644
2021-10-18,San Joaquin,077,732212,97976,97041,5221,102262,1721
2021-10-18,San Luis Obispo,079,281455,29066,28644,1191,29835,331
2021-10-18,San Mateo,081,765935,53452,52594,816,53410,571
2021-10-18,Santa Barbara,083,443738,43754,43386,1504,44890,522
2021-10-18,Santa Clara,085,1922200,145024,143891,1235,145126,1895
2021-10-18,Santa Cruz,087,273765,20105,19876,981,20857,218
2021-10-18,Shasta,089,179085,20592,20146,3418,23564,313
2021-10-18,Sierra,091,2930,174,166,18,184,0
2021-10-18,Siskiyou,093,43540,3296,3210,1225,4435,42
2021-10-18,Solano,095,438530,45417,44758,1211,45969,339
2021-10-18,Sonoma,097,501317,40656,40349,504,40853,392
2021-10-18,Stanislaus,099,539301,76506,76466,8533,84999,1145
2021-10-18,Sutter,101,95872,13601,13557,311,13868,172
2021-10-18,Tehama,103,63373,8161,8042,1381,9423,107
2021-10-18,Trinity,105,12862,825,688,203,891,11
2021-10-18,Tulare,107,460477,66558,65171,14007,79178,958
2021-10-18,Tuolumne,109,53932,6891,6755,89,6844,89
2021-10-18,Ventura,111,848112,97085,96506,4214,100720,1165
2021-10-18,Yolo,113,214977,19416,19197,976,20173,248
2021-10-18,Yuba,115,75493,9883,9782,287,10069,82
2021-10-17,Alameda,001,1643700,117707,117423,2662,120085,1376
2021-10-17,Alpine,003,1148,101,103,0,103,0
2021-10-17,Amador,005,37829,5413,5341,56,5397,64
2021-10-17,Butte,007,227075,20208,19897,3688,23585,265
2021-10-17,Calaveras,009,45235,3859,3805,46,3851,80
2021-10-17,Colusa,011,21464,2480,2442,601,3043,18
2021-10-17,Contra Costa,013,1133247,98072,97485,2072,99557,995
2021-10-17,Del Norte,015,27424,3613,3526,51,3577,41
2021-10-17,El Dorado,017,186661,15673,15438,1642,17080,149
2021-10-17,Fresno,019,978130,135259,133429,12138,145567,2063
2021-10-17,Glenn,021,27897,3421,3364,982,4346,32
2021-10-17,Humboldt,023,135768,8765,8690,493,9183,104
2021-10-17,Imperial,025,180216,32775,32520,3058,35578,764
2021-10-17,Inyo,027,18085,2101,2000,37,2037,40
2021-10-17,Kern,029,883053,123754,122085,20460,142545,1603
2021-10-17,Kings,031,150075,31157,30636,1806,32442,315
2021-10-17,Lake,033,64148,6557,6437,133,6570,104
2021-10-17,Lassen,035,31185,6696,6605,328,6933,26
2021-10-17,Los Angeles,037,10098052,1424447,1412371,52273,1464644,26443
2021-10-17,Madera,039,155013,22263,21869,1932,23801,277
2021-10-17,Marin,041,260295,17326,17211,429,17640,243
2021-10-17,Mariposa,043,17540,1206,1150,41,1191,5
2021-10-17,Mendocino,045,87422,7266,7148,447,7595,82
2021-10-17,Merced,047,269075,40717,40531,1724,42255,579
2021-10-17,Modoc,049,8938,511,498,181,679,5
2021-10-17,Mono,051,14174,1664,1640,20,1660,3
2021-10-17,Monterey,053,433212,48258,47369,2729,50098,583
2021-10-17,Napa,055,140530,12792,12753,100,12853,100
2021-10-17,Nevada,057,99092,8901,8794,306,9100,90
2021-10-17,Orange,059,3164182,303517,301414,14509,315923,5524
2021-10-17,Placer,061,380077,36041,35559,3474,39033,420
2021-10-17,Plumas,063,18699,1644,1571,31,1602,6
2021-10-17,Riverside,065,2383286,357564,353500,16058,369558,5008
2021-10-17,Sacramento,067,1510023,155161,154080,4287,158367,2213
2021-10-17,San Benito,069,59416,7259,7250,159,7409,71
2021-10-17,San Bernardino,071,2135413,348617,346524,10836,357360,5597
2021-10-17,San Diego,073,3302833,366499,364675,21551,386226,4163
2021-10-17,San Francisco,075,870044,52175,51625,2216,53841,644
2021-10-17,San Joaquin,077,732212,97803,96950,5212,102162,1721
2021-10-17,San Luis Obispo,079,281455,29014,28604,1183,29787,331
2021-10-17,San Mateo,081,765935,53400,52541,812,53353,571
2021-10-17,Santa Barbara,083,443738,43691,43344,1503,44847,522
2021-10-17,Santa Clara,085,1922200,144847,143768,1226,144994,1895
2021-10-17,Santa Cruz,087,273765,20078,19861,979,20840,218
2021-10-17,Shasta,089,179085,20502,20116,3408,23524,312
2021-10-17,Sierra,091,2930,172,165,18,183,0
2021-10-17,Siskiyou,093,43540,3288,3204,1222,4426,42
2021-10-17,Solano,095,438530,45360,44722,1210,45932,340
2021-10-17,Sonoma,097,501317,40580,40306,503,40809,392
2021-10-17,Stanislaus,099,539301,76308,76354,8519,84873,1145
2021-10-17,Sutter,101,95872,13584,13543,309,13852,172
2021-10-17,Tehama,103,63373,8129,8015,1365,9380,107
2021-10-17,Trinity,105,12862,822,686,202,888,11
2021-10-17,Tulare,107,460477,66375,65057,13935,78992,958
2021-10-17,Tuolumne,109,53932,6857,6735,88,6823,89
2021-10-17,Ventura,111,848112,96985,96458,4211,100669,1165
2021-10-17,Yolo,113,214977,19373,19171,968,20139,248
2021-10-17,Yuba,115,75493,9857,9771,285,10056,82
2021-10-16,Alameda,001,1643700,117618,117027,2660,119687,1365
2021-10-16,Alpine,003,1148,100,102,0,102,0
2021-10-16,Amador,005,37829,5406,5310,56,5366,64
2021-10-16,Butte,007,227075,20177,19612,3678,23290,260
2021-10-16,Calaveras,009,45235,3852,3771,46,3817,80
2021-10-16,Colusa,011,21464,2476,2431,598,3029,18
2021-10-16,Contra Costa,013,1133247,97980,97107,2065,99172,982
2021-10-16,Del Norte,015,27424,3610,3516,51,3567,41
2021-10-16,El Dorado,017,186661,15652,15315,1640,16955,149
2021-10-16,Fresno,019,978130,135105,132433,12121,144554,2051
2021-10-16,Glenn,021,27897,3415,3331,982,4313,26
2021-10-16,Humboldt,023,135768,8753,8621,488,9109,104
2021-10-16,Imperial,025,180216,32760,32368,3056,35424,764
2021-10-16,Inyo,027,18085,2087,1932,37,1969,39
2021-10-16,Kern,029,883053,123598,121354,20379,141733,1590
2021-10-16,Kings,031,150075,31111,30418,1803,32221,314
2021-10-16,Lake,033,64148,6546,6378,133,6511,104
2021-10-16,Lassen,035,31185,6687,6559,324,6883,26
2021-10-16,Los Angeles,037,10098052,1423790,1409418,52220,1461638,26398
2021-10-16,Madera,039,155013,22219,21707,1928,23635,277
2021-10-16,Marin,041,260295,17316,17148,429,17577,243
2021-10-16,Mariposa,043,17540,1203,1096,41,1137,5
2021-10-16,Mendocino,045,87422,7255,7099,447,7546,82
2021-10-16,Merced,047,269075,40685,40265,1722,41987,577
2021-10-16,Modoc,049,8938,508,492,181,673,5
2021-10-16,Mono,051,14174,1660,1628,20,1648,3
2021-10-16,Monterey,053,433212,48241,47293,2721,50014,582
2021-10-16,Napa,055,140530,12781,12706,100,12806,100
2021-10-16,Nevada,057,99092,8881,8739,306,9045,90
2021-10-16,Orange,059,3164182,303341,300722,14484,315206,5509
2021-10-16,Placer,061,380077,35957,35343,3468,38811,412
2021-10-16,Plumas,063,18699,1639,1542,30,1572,6
2021-10-16,Riverside,065,2383286,357294,352435,16046,368481,4990
2021-10-16,Sacramento,067,1510023,154962,153264,4283,157547,2192
2021-10-16,San Benito,069,59416,7246,7210,158,7368,71
2021-10-16,San Bernardino,071,2135413,348409,345418,10828,356246,5566
2021-10-16,San Diego,073,3302833,366183,363109,21535,384644,4151
2021-10-16,San Francisco,075,870044,52128,51436,2212,53648,645
2021-10-16,San Joaquin,077,732212,97731,96507,5209,101716,1708
2021-10-16,San Luis Obispo,079,281455,28988,28460,1182,29642,329
2021-10-16,San Mateo,081,765935,53351,52399,811,53210,569
2021-10-16,Santa Barbara,083,443738,43655,43175,1502,44677,521
2021-10-16,Santa Clara,085,1922200,144747,143282,1218,144500,1890
2021-10-16,Santa Cruz,087,273765,20062,19794,978,20772,218
2021-10-16,Shasta,089,179085,20452,19932,3397,23329,309
2021-10-16,Sierra,091,2930,170,160,18,178,0
2021-10-16,Siskiyou,093,43540,3286,3173,1215,4388,42
2021-10-16,Solano,095,438530,45334,44585,1206,45791,334
2021-10-16,Sonoma,097,501317,40540,40195,503,40698,390
2021-10-16,Stanislaus,099,539301,76222,75868,8509,84377,1142
2021-10-16,Sutter,101,95872,13565,13471,308,13779,169
2021-10-16,Tehama,103,63373,8116,7907,1360,9267,104
2021-10-16,Trinity,105,12862,822,679,202,881,11
2021-10-16,Tulare,107,460477,66237,64489,13904,78393,951
2021-10-16,Tuolumne,109,53932,6825,6666,88,6754,89
2021-10-16,Ventura,111,848112,96953,96181,4206,100387,1164
2021-10-16,Yolo,113,214977,19346,19078,962,20040,247
2021-10-16,Yuba,115,75493,9833,9705,282,9987,82
2021-10-15,Alameda,001,1643700,117546,117027,2656,119683,1365
2021-10-15,Alpine,003,1148,100,102,0,102,0
2021-10-15,Amador,005,37829,5382,5310,56,5366,64
2021-10-15,Butte,007,227075,20141,19612,3671,23283,260
2021-10-15,Calaveras,009,45235,3846,3771,46,3817,80
2021-10-15,Colusa,011,21464,2474,2431,595,3026,18
2021-10-15,Contra Costa,013,1133247,97898,97107,2062,99169,982
2021-10-15,Del Norte,015,27424,3608,3516,51,3567,41
2021-10-15,El Dorado,017,186661,15632,15315,1635,16950,149
2021-10-15,Fresno,019,978130,134852,132433,12111,144544,2051
2021-10-15,Glenn,021,27897,3409,3331,981,4312,26
2021-10-15,Humboldt,023,135768,8744,8621,486,9107,104
2021-10-15,Imperial,025,180216,32713,32368,3052,35420,764
2021-10-15,Inyo,027,18085,2069,1932,37,1969,39
2021-10-15,Kern,029,883053,123462,121354,20305,141659,1590
2021-10-15,Kings,031,150075,31056,30418,1799,32217,314
2021-10-15,Lake,033,64148,6537,6378,133,6511,104
2021-10-15,Lassen,035,31185,6675,6559,323,6882,26
2021-10-15,Los Angeles,037,10098052,1423096,1409418,52173,1461591,26398
2021-10-15,Madera,039,155013,22175,21707,1920,23627,277
2021-10-15,Marin,041,260295,17305,17148,429,17577,243
2021-10-15,Mariposa,043,17540,1195,1096,41,1137,5
2021-10-15,Mendocino,045,87422,7240,7099,447,7546,82
2021-10-15,Merced,047,269075,40655,40265,1719,41984,577
2021-10-15,Modoc,049,8938,507,492,181,673,5
2021-10-15,Mono,051,14174,1657,1628,20,1648,3
2021-10-15,Monterey,053,433212,48219,47293,2719,50012,582
2021-10-15,Napa,055,140530,12777,12706,100,12806,100
2021-10-15,Nevada,057,99092,8866,8739,306,9045,90
2021-10-15,Orange,059,3164182,303173,300722,14466,315188,5509
2021-10-15,Placer,061,380077,35903,35343,3462,38805,412
2021-10-15,Plumas,063,18699,1631,1542,30,1572,6
2021-10-15,Riverside,065,2383286,357052,352435,16041,368476,4990
2021-10-15,Sacramento,067,1510023,154774,153264,4273,157537,2192
2021-10-15,San Benito,069,59416,7243,7210,158,7368,71
2021-10-15,San Bernardino,071,2135413,348177,345418,10825,356243,5566
2021-10-15,San Diego,073,3302833,365823,363109,21510,384619,4151
2021-10-15,San Francisco,075,870044,52088,51436,2205,53641,645
2021-10-15,San Joaquin,077,732212,97653,96507,5202,101709,1708
2021-10-15,San Luis Obispo,079,281455,28967,28460,1180,29640,329
2021-10-15,San Mateo,081,765935,53307,52399,810,53209,569
2021-10-15,Santa Barbara,083,443738,43617,43175,1502,44677,521
2021-10-15,Santa Clara,085,1922200,144625,143282,1210,144492,1890
2021-10-15,Santa Cruz,087,273765,20051,19794,978,20772,218
2021-10-15,Shasta,089,179085,20396,19932,3389,23321,309
2021-10-15,Sierra,091,2930,170,160,18,178,0
2021-10-15,Siskiyou,093,43540,3285,3173,1212,4385,42
2021-10-15,Solano,095,438530,45308,44585,1206,45791,334
2021-10-15,Sonoma,097,501317,40506,40195,502,40697,390
2021-10-15,Stanislaus,099,539301,76142,75868,8493,84361,1142
2021-10-15,Sutter,101,95872,13548,13471,306,13777,169
2021-10-15,Tehama,103,63373,8094,7907,1355,9262,104
2021-10-15,Trinity,105,12862,822,679,202,881,11
2021-10-15,Tulare,107,460477,66158,64489,13867,78356,951
2021-10-15,Tuolumne,109,53932,6802,6666,86,6752,89
2021-10-15,Ventura,111,848112,96911,96181,4203,100384,1164
2021-10-15,Yolo,113,214977,19331,19078,958,20036,247
2021-10-15,Yuba,115,75493,9823,9705,281,9986,82
2021-10-14,Alameda,001,1643700,117438,117027,2651,119678,1365
2021-10-14,Alpine,003,1148,100,102,0,102,0
2021-10-14,Amador,005,37829,5371,5310,56,5366,64
2021-10-14,Butte,007,227075,20089,19612,3665,23277,260
2021-10-14,Calaveras,009,45235,3833,3771,45,3816,80
2021-10-14,Colusa,011,21464,2472,2431,593,3024,18
2021-10-14,Contra Costa,013,1133247,97764,97107,2055,99162,982
2021-10-14,Del Norte,015,27424,3602,3516,51,3567,41
2021-10-14,El Dorado,017,186661,15594,15315,1632,16947,149
2021-10-14,Fresno,019,978130,134557,132433,12082,144515,2051
2021-10-14,Glenn,021,27897,3404,3331,980,4311,26
2021-10-14,Humboldt,023,135768,8727,8621,483,9104,104
2021-10-14,Imperial,025,180216,32650,32368,3045,35413,764
2021-10-14,Inyo,027,18085,2050,1932,37,1969,39
2021-10-14,Kern,029,883053,123190,121354,20206,141560,1590
2021-10-14,Kings,031,150075,30990,30418,1791,32209,314
2021-10-14,Lake,033,64148,6516,6378,132,6510,104
2021-10-14,Lassen,035,31185,6669,6559,322,6881,26
2021-10-14,Los Angeles,037,10098052,1422105,1409418,52123,1461541,26398
2021-10-14,Madera,039,155013,22110,21707,1914,23621,277
2021-10-14,Marin,041,260295,17300,17148,427,17575,243
2021-10-14,Mariposa,043,17540,1182,1096,40,1136,5
2021-10-14,Mendocino,045,87422,7226,7099,445,7544,82
2021-10-14,Merced,047,269075,40566,40265,1705,41970,577
2021-10-14,Modoc,049,8938,507,492,181,673,5
2021-10-14,Mono,051,14174,1650,1628,20,1648,3
2021-10-14,Monterey,053,433212,48194,47293,2714,50007,582
2021-10-14,Napa,055,140530,12762,12706,100,12806,100
2021-10-14,Nevada,057,99092,8839,8739,304,9043,90
2021-10-14,Orange,059,3164182,302965,300722,14449,315171,5509
2021-10-14,Placer,061,380077,35836,35343,3448,38791,412
2021-10-14,Plumas,063,18699,1616,1542,30,1572,6
2021-10-14,Riverside,065,2383286,356655,352435,16030,368465,4990
2021-10-14,Sacramento,067,1510023,154523,153264,4253,157517,2192
2021-10-14,San Benito,069,59416,7232,7210,158,7368,71
2021-10-14,San Bernardino,071,2135413,347821,345418,10818,356236,5566
2021-10-14,San Diego,073,3302833,365383,363109,21483,384592,4151
2021-10-14,San Francisco,075,870044,52032,51436,2201,53637,645
2021-10-14,San Joaquin,077,732212,97524,96507,5193,101700,1708
2021-10-14,San Luis Obispo,079,281455,28922,28460,1176,29636,329
2021-10-14,San Mateo,081,765935,53259,52399,809,53208,569
2021-10-14,Santa Barbara,083,443738,43561,43175,1497,44672,521
2021-10-14,Santa Clara,085,1922200,144484,143282,1204,144486,1890
2021-10-14,Santa Cruz,087,273765,20028,19794,978,20772,218
2021-10-14,Shasta,089,179085,20339,19932,3377,23309,309
2021-10-14,Sierra,091,2930,169,160,18,178,0
2021-10-14,Siskiyou,093,43540,3282,3173,1204,4377,42
2021-10-14,Solano,095,438530,45258,44585,1198,45783,334
2021-10-14,Sonoma,097,501317,40456,40195,499,40694,390
2021-10-14,Stanislaus,099,539301,75996,75868,8480,84348,1142
2021-10-14,Sutter,101,95872,13528,13471,305,13776,169
2021-10-14,Tehama,103,63373,8063,7907,1348,9255,104
2021-10-14,Trinity,105,12862,821,679,201,880,11
2021-10-14,Tulare,107,460477,65974,64489,13820,78309,951
2021-10-14,Tuolumne,109,53932,6770,6666,85,6751,89
2021-10-14,Ventura,111,848112,96843,96181,4197,100378,1164
2021-10-14,Yolo,113,214977,19298,19078,951,20029,247
2021-10-14,Yuba,115,75493,9809,9705,272,9977,82
2021-10-13,Alameda,001,1643700,117332,116914,2645,119559,1360
2021-10-13,Alpine,003,1148,100,102,0,102,0
2021-10-13,Amador,005,37829,5357,5305,56,5361,63
2021-10-13,Butte,007,227075,20013,19546,3660,23206,257
2021-10-13,Calaveras,009,45235,3812,3756,43,3799,79
2021-10-13,Colusa,011,21464,2465,2430,589,3019,18
2021-10-13,Contra Costa,013,1133247,97647,96975,2054,99029,969
2021-10-13,Del Norte,015,27424,3597,3512,51,3563,39
2021-10-13,El Dorado,017,186661,15571,15302,1627,16929,149
2021-10-13,Fresno,019,978130,134223,132055,12050,144105,2048
2021-10-13,Glenn,021,27897,3399,3327,976,4303,26
2021-10-13,Humboldt,023,135768,8716,8604,479,9083,102
2021-10-13,Imperial,025,180216,32590,32317,3043,35360,762
2021-10-13,Inyo,027,18085,2013,1907,37,1944,39
2021-10-13,Kern,029,883053,122945,120956,20114,141070,1586
2021-10-13,Kings,031,150075,30909,30246,1784,32030,312
2021-10-13,Lake,033,64148,6496,6371,132,6503,103
2021-10-13,Lassen,035,31185,6658,6535,316,6851,25
2021-10-13,Los Angeles,037,10098052,1421051,1408384,52068,1460452,26379
2021-10-13,Madera,039,155013,22057,21609,1900,23509,277
2021-10-13,Marin,041,260295,17276,17137,426,17563,243
2021-10-13,Mariposa,043,17540,1168,1090,40,1130,5
2021-10-13,Mendocino,045,87422,7210,7088,437,7525,82
2021-10-13,Merced,047,269075,40481,40164,1693,41857,577
2021-10-13,Modoc,049,8938,505,490,179,669,5
2021-10-13,Mono,051,14174,1650,1612,20,1632,3
2021-10-13,Monterey,053,433212,48174,47273,2707,49980,582
2021-10-13,Napa,055,140530,12751,12695,98,12793,100
2021-10-13,Nevada,057,99092,8817,8725,304,9029,90
2021-10-13,Orange,059,3164182,302758,300468,14433,314901,5503
2021-10-13,Placer,061,380077,35769,35254,3439,38693,412
2021-10-13,Plumas,063,18699,1602,1514,30,1544,6
2021-10-13,Riverside,065,2383286,356325,352044,16017,368061,4978
2021-10-13,Sacramento,067,1510023,154274,153141,4232,157373,2182
2021-10-13,San Benito,069,59416,7226,7196,157,7353,71
2021-10-13,San Bernardino,071,2135413,347496,344951,10801,355752,5562
2021-10-13,San Diego,073,3302833,364952,362564,21461,384025,4141
2021-10-13,San Francisco,075,870044,51988,51379,2197,53576,644
2021-10-13,San Joaquin,077,732212,97380,96343,5189,101532,1696
2021-10-13,San Luis Obispo,079,281455,28884,28397,1173,29570,330
2021-10-13,San Mateo,081,765935,53207,52352,805,53157,569
2021-10-13,Santa Barbara,083,443738,43509,43109,1497,44606,518
2021-10-13,Santa Clara,085,1922200,144344,143064,1203,144267,1886
2021-10-13,Santa Cruz,087,273765,20002,19763,977,20740,217
2021-10-13,Shasta,089,179085,20269,19802,3357,23159,307
2021-10-13,Sierra,091,2930,169,155,18,173,0
2021-10-13,Siskiyou,093,43540,3274,3173,1203,4376,42
2021-10-13,Solano,095,438530,45219,44558,1195,45753,334
2021-10-13,Sonoma,097,501317,40400,40122,499,40621,390
2021-10-13,Stanislaus,099,539301,75854,75698,8470,84168,1136
2021-10-13,Sutter,101,95872,13498,13458,303,13761,169
2021-10-13,Tehama,103,63373,8027,7849,1342,9191,103
2021-10-13,Trinity,105,12862,818,677,201,878,11
2021-10-13,Tulare,107,460477,65793,64297,13766,78063,945
2021-10-13,Tuolumne,109,53932,6756,6644,84,6728,89
2021-10-13,Ventura,111,848112,96769,96099,4191,100290,1162
2021-10-13,Yolo,113,214977,19270,19023,949,19972,247
2021-10-13,Yuba,115,75493,9784,9690,259,9949,80
2021-10-12,Alameda,001,1643700,117229,116813,2641,119454,1357
2021-10-12,Alpine,003,1148,100,102,0,102,0
2021-10-12,Amador,005,37829,5346,5301,56,5357,63
2021-10-12,Butte,007,227075,19941,19506,3649,23155,256
2021-10-12,Calaveras,009,45235,3797,3750,43,3793,75
2021-10-12,Colusa,011,21464,2462,2428,587,3015,18
2021-10-12,Contra Costa,013,1133247,97534,96894,2045,98939,960
2021-10-12,Del Norte,015,27424,3591,3511,51,3562,39
2021-10-12,El Dorado,017,186661,15537,15287,1625,16912,148
2021-10-12,Fresno,019,978130,133861,131848,12019,143867,2042
2021-10-12,Glenn,021,27897,3385,3321,975,4296,26
2021-10-12,Humboldt,023,135768,8689,8587,473,9060,102
2021-10-12,Imperial,025,180216,32538,32267,3041,35308,762
2021-10-12,Inyo,027,18085,1981,1889,37,1926,39
2021-10-12,Kern,029,883053,122658,120826,20005,140831,1580
2021-10-12,Kings,031,150075,30835,30200,1773,31973,312
2021-10-12,Lake,033,64148,6481,6372,130,6502,97
2021-10-12,Lassen,035,31185,6648,6526,315,6841,25
2021-10-12,Los Angeles,037,10098052,1419991,1407462,52022,1459484,26362
2021-10-12,Madera,039,155013,21986,21574,1887,23461,277
2021-10-12,Marin,041,260295,17253,17126,426,17552,242
2021-10-12,Mariposa,043,17540,1154,1088,40,1128,5
2021-10-12,Mendocino,045,87422,7181,7077,434,7511,82
2021-10-12,Merced,047,269075,40402,40113,1687,41800,567
2021-10-12,Modoc,049,8938,500,485,178,663,5
2021-10-12,Mono,051,14174,1648,1608,20,1628,3
2021-10-12,Monterey,053,433212,48143,47254,2699,49953,582
2021-10-12,Napa,055,140530,12737,12671,98,12769,97
2021-10-12,Nevada,057,99092,8805,8720,303,9023,89
2021-10-12,Orange,059,3164182,302504,300256,14407,314663,5499
2021-10-12,Placer,061,380077,35706,35214,3431,38645,404
2021-10-12,Plumas,063,18699,1588,1488,29,1517,6
2021-10-12,Riverside,065,2383286,355999,351771,16003,367774,4973
2021-10-12,Sacramento,067,1510023,153970,152935,4206,157141,2170
2021-10-12,San Benito,069,59416,7212,7193,157,7350,71
2021-10-12,San Bernardino,071,2135413,347183,344788,10791,355579,5563
2021-10-12,San Diego,073,3302833,364439,362256,21432,383688,4137
2021-10-12,San Francisco,075,870044,51924,51301,2196,53497,643
2021-10-12,San Joaquin,077,732212,97244,96237,5184,101421,1690
2021-10-12,San Luis Obispo,079,281455,28837,28379,1172,29551,327
2021-10-12,San Mateo,081,765935,53156,52328,804,53132,569
2021-10-12,Santa Barbara,083,443738,43448,43076,1497,44573,515
2021-10-12,Santa Clara,085,1922200,144191,142954,1201,144155,1882
2021-10-12,Santa Cruz,087,273765,19977,19757,977,20734,218
2021-10-12,Shasta,089,179085,20195,19731,3336,23067,304
2021-10-12,Sierra,091,2930,169,153,18,171,0
2021-10-12,Siskiyou,093,43540,3263,3166,1197,4363,42
2021-10-12,Solano,095,438530,45177,44516,1189,45705,329
2021-10-12,Sonoma,097,501317,40359,40105,498,40603,390
2021-10-12,Stanislaus,099,539301,75702,75589,8458,84047,1126
2021-10-12,Sutter,101,95872,13475,13436,299,13735,168
2021-10-12,Tehama,103,63373,7995,7820,1338,9158,103
2021-10-12,Trinity,105,12862,815,676,201,877,11
2021-10-12,Tulare,107,460477,65608,64216,13711,77927,944
2021-10-12,Tuolumne,109,53932,6739,6637,83,6720,89
2021-10-12,Ventura,111,848112,96668,96022,4186,100208,1160
2021-10-12,Yolo,113,214977,19243,18987,942,19929,247
2021-10-12,Yuba,115,75493,9769,9676,255,9931,70
2021-10-11,Alameda,001,1643700,117086,116759,2640,119399,1358
2021-10-11,Alpine,003,1148,100,102,0,102,0
2021-10-11,Amador,005,37829,5334,5286,56,5342,62
2021-10-11,Butte,007,227075,19881,19452,3644,23096,253
2021-10-11,Calaveras,009,45235,3776,3750,43,3793,75
2021-10-11,Colusa,011,21464,2458,2427,579,3006,18
2021-10-11,Contra Costa,013,1133247,97398,96832,2040,98872,960
2021-10-11,Del Norte,015,27424,3588,3510,47,3557,39
2021-10-11,El Dorado,017,186661,15508,15273,1621,16894,146
2021-10-11,Fresno,019,978130,133531,131703,11984,143687,2036
2021-10-11,Glenn,021,27897,3368,3308,973,4281,26
2021-10-11,Humboldt,023,135768,8664,8571,466,9037,101
2021-10-11,Imperial,025,180216,32488,32207,3035,35242,762
2021-10-11,Inyo,027,18085,1958,1862,36,1898,39
2021-10-11,Kern,029,883053,122421,120684,19910,140594,1575
2021-10-11,Kings,031,150075,30746,30180,1763,31943,309
2021-10-11,Lake,033,64148,6465,6361,126,6487,97
2021-10-11,Lassen,035,31185,6628,6499,312,6811,25
2021-10-11,Los Angeles,037,10098052,1418943,1406826,51971,1458797,26346
2021-10-11,Madera,039,155013,21928,21555,1870,23425,272
2021-10-11,Marin,041,260295,17235,17121,422,17543,242
2021-10-11,Mariposa,043,17540,1124,1083,39,1122,5
2021-10-11,Mendocino,045,87422,7165,7064,430,7494,82
2021-10-11,Merced,047,269075,40286,40064,1662,41726,566
2021-10-11,Modoc,049,8938,497,482,175,657,5
2021-10-11,Mono,051,14174,1638,1604,20,1624,3
2021-10-11,Monterey,053,433212,48114,47241,2692,49933,580
2021-10-11,Napa,055,140530,12715,12654,96,12750,96
2021-10-11,Nevada,057,99092,8785,8716,302,9018,90
2021-10-11,Orange,059,3164182,302273,299941,14376,314317,5499
2021-10-11,Placer,061,380077,35637,35173,3414,38587,404
2021-10-11,Plumas,063,18699,1570,1469,27,1496,6
2021-10-11,Riverside,065,2383286,355654,351444,15998,367442,4973
2021-10-11,Sacramento,067,1510023,153680,152681,4175,156856,2169
2021-10-11,San Benito,069,59416,7191,7184,155,7339,71
2021-10-11,San Bernardino,071,2135413,346799,344594,10783,355377,5549
2021-10-11,San Diego,073,3302833,363927,361712,21400,383112,4124
2021-10-11,San Francisco,075,870044,51853,51275,2193,53468,643
2021-10-11,San Joaquin,077,732212,97089,96152,5173,101325,1681
2021-10-11,San Luis Obispo,079,281455,28789,28355,1167,29522,327
2021-10-11,San Mateo,081,765935,53108,52298,804,53102,569
2021-10-11,Santa Barbara,083,443738,43402,43018,1496,44514,515
2021-10-11,Santa Clara,085,1922200,144029,142836,1197,144033,1882
2021-10-11,Santa Cruz,087,273765,19953,19745,976,20721,217
2021-10-11,Shasta,089,179085,20116,19662,3320,22982,295
2021-10-11,Sierra,091,2930,166,147,17,164,0
2021-10-11,Siskiyou,093,43540,3256,3159,1193,4352,42
2021-10-11,Solano,095,438530,45128,44474,1186,45660,329
2021-10-11,Sonoma,097,501317,40314,40067,498,40565,390
2021-10-11,Stanislaus,099,539301,75531,75478,8437,83915,1118
2021-10-11,Sutter,101,95872,13456,13427,297,13724,165
2021-10-11,Tehama,103,63373,7954,7795,1329,9124,102
2021-10-11,Trinity,105,12862,809,675,200,875,11
2021-10-11,Tulare,107,460477,65429,64094,13644,77738,942
2021-10-11,Tuolumne,109,53932,6701,6602,83,6685,89
2021-10-11,Ventura,111,848112,96571,95876,4179,100055,1160
2021-10-11,Yolo,113,214977,19196,18977,939,19916,247
2021-10-11,Yuba,115,75493,9752,9657,243,9900,69
2021-10-10,Alameda,001,1643700,116967,116679,2636,119315,1358
2021-10-10,Alpine,003,1148,100,102,0,102,0
2021-10-10,Amador,005,37829,5320,5278,56,5334,62
2021-10-10,Butte,007,227075,19816,19430,3628,23058,253
2021-10-10,Calaveras,009,45235,3764,3747,43,3790,75
2021-10-10,Colusa,011,21464,2457,2425,578,3003,18
2021-10-10,Contra Costa,013,1133247,97299,96760,2034,98794,960
2021-10-10,Del Norte,015,27424,3584,3507,47,3554,39
2021-10-10,El Dorado,017,186661,15478,15250,1615,16865,146
2021-10-10,Fresno,019,978130,133200,131434,11952,143386,2035
2021-10-10,Glenn,021,27897,3363,3297,971,4268,26
2021-10-10,Humboldt,023,135768,8643,8554,462,9016,101
2021-10-10,Imperial,025,180216,32413,32167,3034,35201,762
2021-10-10,Inyo,027,18085,1937,1857,36,1893,39
2021-10-10,Kern,029,883053,122095,120552,19807,140359,1573
2021-10-10,Kings,031,150075,30657,30122,1753,31875,308
2021-10-10,Lake,033,64148,6449,6349,125,6474,97
2021-10-10,Lassen,035,31185,6609,6495,311,6806,26
2021-10-10,Los Angeles,037,10098052,1417755,1406034,51897,1457931,26338
2021-10-10,Madera,039,155013,21882,21486,1861,23347,272
2021-10-10,Marin,041,260295,17218,17112,422,17534,242
2021-10-10,Mariposa,043,17540,1121,1074,39,1113,5
2021-10-10,Mendocino,045,87422,7150,7060,422,7482,81
2021-10-10,Merced,047,269075,40203,40036,1643,41679,566
2021-10-10,Modoc,049,8938,497,482,175,657,5
2021-10-10,Mono,051,14174,1637,1596,20,1616,3
2021-10-10,Monterey,053,433212,48085,47228,2691,49919,580
2021-10-10,Napa,055,140530,12692,12641,96,12737,96
2021-10-10,Nevada,057,99092,8773,8689,302,8991,90
2021-10-10,Orange,059,3164182,302011,299787,14348,314135,5499
2021-10-10,Placer,061,380077,35544,35128,3402,38530,404
2021-10-10,Plumas,063,18699,1554,1468,25,1493,6
2021-10-10,Riverside,065,2383286,355280,351248,15980,367228,4973
2021-10-10,Sacramento,067,1510023,153416,152405,4158,156563,2178
2021-10-10,San Benito,069,59416,7186,7180,154,7334,71
2021-10-10,San Bernardino,071,2135413,346486,344423,10775,355198,5551
2021-10-10,San Diego,073,3302833,363411,361038,21353,382391,4113
2021-10-10,San Francisco,075,870044,51806,51216,2191,53407,643
2021-10-10,San Joaquin,077,732212,96918,96084,5159,101243,1681
2021-10-10,San Luis Obispo,079,281455,28745,28343,1167,29510,326
2021-10-10,San Mateo,081,765935,53066,52273,803,53076,569
2021-10-10,Santa Barbara,083,443738,43355,42987,1495,44482,515
2021-10-10,Santa Clara,085,1922200,143863,142768,1190,143958,1881
2021-10-10,Santa Cruz,087,273765,19933,19727,976,20703,217
2021-10-10,Shasta,089,179085,20027,19635,3311,22946,296
2021-10-10,Sierra,091,2930,164,147,17,164,0
2021-10-10,Siskiyou,093,43540,3242,3155,1186,4341,42
2021-10-10,Solano,095,438530,45072,44431,1186,45617,329
2021-10-10,Sonoma,097,501317,40262,40027,498,40525,390
2021-10-10,Stanislaus,099,539301,75353,75403,8423,83826,1118
2021-10-10,Sutter,101,95872,13432,13412,292,13704,165
2021-10-10,Tehama,103,63373,7916,7764,1320,9084,102
2021-10-10,Trinity,105,12862,808,669,199,868,11
2021-10-10,Tulare,107,460477,65258,63930,13595,77525,940
2021-10-10,Tuolumne,109,53932,6677,6580,82,6662,89
2021-10-10,Ventura,111,848112,96482,95829,4179,100008,1160
2021-10-10,Yolo,113,214977,19163,18952,934,19886,247
2021-10-10,Yuba,115,75493,9736,9641,238,9879,69
2021-10-09,Alameda,001,1643700,116869,116253,2634,118887,1356
2021-10-09,Alpine,003,1148,99,102,0,102,0
2021-10-09,Amador,005,37829,5318,5237,55,5292,62
2021-10-09,Butte,007,227075,19785,19277,3624,22901,250
2021-10-09,Calaveras,009,45235,3760,3716,43,3759,75
2021-10-09,Colusa,011,21464,2453,2419,577,2996,18
2021-10-09,Contra Costa,013,1133247,97230,96378,2028,98406,958
2021-10-09,Del Norte,015,27424,3583,3495,47,3542,39
2021-10-09,El Dorado,017,186661,15460,15153,1612,16765,144
2021-10-09,Fresno,019,978130,133068,130508,11934,142442,2018
2021-10-09,Glenn,021,27897,3359,3277,969,4246,26
2021-10-09,Humboldt,023,135768,8629,8448,460,8908,97
2021-10-09,Imperial,025,180216,32379,31989,3032,35021,760
2021-10-09,Inyo,027,18085,1928,1808,36,1844,39
2021-10-09,Kern,029,883053,121954,119795,19780,139575,1559
2021-10-09,Kings,031,150075,30608,29894,1751,31645,308
2021-10-09,Lake,033,64148,6430,6283,124,6407,97
2021-10-09,Lassen,035,31185,6604,6442,310,6752,25
2021-10-09,Los Angeles,037,10098052,1417166,1402810,51860,1454670,26280
2021-10-09,Madera,039,155013,21849,21313,1847,23160,271
2021-10-09,Marin,041,260295,17213,17049,420,17469,242
2021-10-09,Mariposa,043,17540,1114,1042,38,1080,5
2021-10-09,Mendocino,045,87422,7143,7011,421,7432,82
2021-10-09,Merced,047,269075,40160,39784,1643,41427,565
2021-10-09,Modoc,049,8938,495,477,174,651,5
2021-10-09,Mono,051,14174,1634,1577,20,1597,3
2021-10-09,Monterey,053,433212,48073,47168,2688,49856,577
2021-10-09,Napa,055,140530,12688,12586,96,12682,96
2021-10-09,Nevada,057,99092,8762,8613,301,8914,90
2021-10-09,Orange,059,3164182,301830,299089,14329,313418,5457
2021-10-09,Placer,061,380077,35506,34877,3395,38272,393
2021-10-09,Plumas,063,18699,1543,1418,25,1443,6
2021-10-09,Riverside,065,2383286,355028,350082,15964,366046,4965
2021-10-09,Sacramento,067,1510023,153206,151566,4145,155711,2160
2021-10-09,San Benito,069,59416,7178,7123,154,7277,71
2021-10-09,San Bernardino,071,2135413,346298,343452,10771,354223,5556
2021-10-09,San Diego,073,3302833,363105,359909,21348,381257,4111
2021-10-09,San Francisco,075,870044,51758,50960,2184,53144,643
2021-10-09,San Joaquin,077,732212,96852,95606,5154,100760,1669
2021-10-09,San Luis Obispo,079,281455,28728,28197,1165,29362,324
2021-10-09,San Mateo,081,765935,53035,52121,802,52923,569
2021-10-09,Santa Barbara,083,443738,43328,42735,1495,44230,514
2021-10-09,Santa Clara,085,1922200,143739,142298,1184,143482,1873
2021-10-09,Santa Cruz,087,273765,19923,19635,975,20610,217
2021-10-09,Shasta,089,179085,19976,19437,3306,22743,290
2021-10-09,Sierra,091,2930,161,141,17,158,0
2021-10-09,Siskiyou,093,43540,3241,3124,1185,4309,42
2021-10-09,Solano,095,438530,45055,44265,1185,45450,329
2021-10-09,Sonoma,097,501317,40218,39848,498,40346,387
2021-10-09,Stanislaus,099,539301,75263,74899,8412,83311,1114
2021-10-09,Sutter,101,95872,13423,13314,290,13604,165
2021-10-09,Tehama,103,63373,7905,7670,1315,8985,99
2021-10-09,Trinity,105,12862,807,660,199,859,11
2021-10-09,Tulare,107,460477,65150,63398,13574,76972,932
2021-10-09,Tuolumne,109,53932,6658,6521,82,6603,89
2021-10-09,Ventura,111,848112,96428,95542,4176,99718,1158
2021-10-09,Yolo,113,214977,19141,18850,932,19782,247
2021-10-09,Yuba,115,75493,9724,9551,237,9788,69
2021-10-08,Alameda,001,1643700,116788,116253,2630,118883,1356
2021-10-08,Alpine,003,1148,99,102,0,102,0
2021-10-08,Amador,005,37829,5305,5237,55,5292,62
2021-10-08,Butte,007,227075,19756,19277,3620,22897,250
2021-10-08,Calaveras,009,45235,3755,3716,43,3759,75
2021-10-08,Colusa,011,21464,2451,2419,577,2996,18
2021-10-08,Contra Costa,013,1133247,97186,96378,2023,98401,958
2021-10-08,Del Norte,015,27424,3582,3495,47,3542,39
2021-10-08,El Dorado,017,186661,15440,15153,1608,16761,144
2021-10-08,Fresno,019,978130,132872,130508,11913,142421,2018
2021-10-08,Glenn,021,27897,3351,3277,966,4243,26
2021-10-08,Humboldt,023,135768,8618,8448,457,8905,97
2021-10-08,Imperial,025,180216,32350,31989,3028,35017,760
2021-10-08,Inyo,027,18085,1910,1808,36,1844,39
2021-10-08,Kern,029,883053,121817,119795,19738,139533,1559
2021-10-08,Kings,031,150075,30514,29894,1750,31644,308
2021-10-08,Lake,033,64148,6422,6283,124,6407,97
2021-10-08,Lassen,035,31185,6590,6442,307,6749,25
2021-10-08,Los Angeles,037,10098052,1416504,1402810,51828,1454638,26280
2021-10-08,Madera,039,155013,21790,21313,1840,23153,271
2021-10-08,Marin,041,260295,17202,17049,419,17468,242
2021-10-08,Mariposa,043,17540,1107,1042,36,1078,5
2021-10-08,Mendocino,045,87422,7130,7011,421,7432,82
2021-10-08,Merced,047,269075,40128,39784,1640,41424,565
2021-10-08,Modoc,049,8938,493,477,174,651,5
2021-10-08,Mono,051,14174,1631,1577,20,1597,3
2021-10-08,Monterey,053,433212,48046,47168,2686,49854,577
2021-10-08,Napa,055,140530,12672,12586,96,12682,96
2021-10-08,Nevada,057,99092,8749,8613,301,8914,90
2021-10-08,Orange,059,3164182,301683,299089,14309,313398,5457
2021-10-08,Placer,061,380077,35468,34877,3388,38265,393
2021-10-08,Plumas,063,18699,1531,1418,25,1443,6
2021-10-08,Riverside,065,2383286,354759,350082,15953,366035,4965
2021-10-08,Sacramento,067,1510023,153042,151566,4131,155697,2160
2021-10-08,San Benito,069,59416,7174,7123,152,7275,71
2021-10-08,San Bernardino,071,2135413,346089,343452,10763,354215,5556
2021-10-08,San Diego,073,3302833,362779,359909,21329,381238,4111
2021-10-08,San Francisco,075,870044,51711,50960,2177,53137,643
2021-10-08,San Joaquin,077,732212,96784,95606,5148,100754,1669
2021-10-08,San Luis Obispo,079,281455,28701,28197,1164,29361,324
2021-10-08,San Mateo,081,765935,53007,52121,802,52923,569
2021-10-08,Santa Barbara,083,443738,43293,42735,1494,44229,514
2021-10-08,Santa Clara,085,1922200,143626,142298,1179,143477,1873
2021-10-08,Santa Cruz,087,273765,19908,19635,975,20610,217
2021-10-08,Shasta,089,179085,19934,19437,3300,22737,290
2021-10-08,Sierra,091,2930,159,141,15,156,0
2021-10-08,Siskiyou,093,43540,3233,3124,1184,4308,42
2021-10-08,Solano,095,438530,45016,44265,1185,45450,329
2021-10-08,Sonoma,097,501317,40182,39848,498,40346,387
2021-10-08,Stanislaus,099,539301,75194,74899,8403,83302,1114
2021-10-08,Sutter,101,95872,13409,13314,288,13602,165
2021-10-08,Tehama,103,63373,7888,7670,1313,8983,99
2021-10-08,Trinity,105,12862,806,660,199,859,11
2021-10-08,Tulare,107,460477,65032,63398,13542,76940,932
2021-10-08,Tuolumne,109,53932,6635,6521,82,6603,89
2021-10-08,Ventura,111,848112,96377,95542,4170,99712,1158
2021-10-08,Yolo,113,214977,19128,18850,928,19778,247
2021-10-08,Yuba,115,75493,9704,9551,236,9787,69
2021-10-07,Alameda,001,1643700,116669,116253,2629,118882,1356
2021-10-07,Alpine,003,1148,99,102,0,102,0
2021-10-07,Amador,005,37829,5298,5237,55,5292,62
2021-10-07,Butte,007,227075,19707,19277,3609,22886,250
2021-10-07,Calaveras,009,45235,3743,3716,43,3759,75
2021-10-07,Colusa,011,21464,2448,2419,571,2990,18
2021-10-07,Contra Costa,013,1133247,97063,96378,2020,98398,958
2021-10-07,Del Norte,015,27424,3579,3495,47,3542,39
2021-10-07,El Dorado,017,186661,15403,15153,1604,16757,144
2021-10-07,Fresno,019,978130,132598,130508,11889,142397,2018
2021-10-07,Glenn,021,27897,3344,3277,963,4240,26
2021-10-07,Humboldt,023,135768,8592,8448,454,8902,97
2021-10-07,Imperial,025,180216,32279,31989,3015,35004,760
2021-10-07,Inyo,027,18085,1891,1808,36,1844,39
2021-10-07,Kern,029,883053,121585,119795,19674,139469,1559
2021-10-07,Kings,031,150075,30449,29894,1744,31638,308
2021-10-07,Lake,033,64148,6411,6283,124,6407,97
2021-10-07,Lassen,035,31185,6572,6442,305,6747,25
2021-10-07,Los Angeles,037,10098052,1415548,1402810,51783,1454593,26280
2021-10-07,Madera,039,155013,21717,21313,1826,23139,271
2021-10-07,Marin,041,260295,17184,17049,419,17468,242
2021-10-07,Mariposa,043,17540,1099,1042,36,1078,5
2021-10-07,Mendocino,045,87422,7120,7011,417,7428,82
2021-10-07,Merced,047,269075,40061,39784,1623,41407,565
2021-10-07,Modoc,049,8938,490,477,173,650,5
2021-10-07,Mono,051,14174,1623,1577,20,1597,3
2021-10-07,Monterey,053,433212,48021,47168,2677,49845,577
2021-10-07,Napa,055,140530,12657,12586,96,12682,96
2021-10-07,Nevada,057,99092,8721,8613,301,8914,90
2021-10-07,Orange,059,3164182,301457,299089,14295,313384,5457
2021-10-07,Placer,061,380077,35406,34877,3381,38258,393
2021-10-07,Plumas,063,18699,1514,1418,25,1443,6
2021-10-07,Riverside,065,2383286,354427,350082,15941,366023,4965
2021-10-07,Sacramento,067,1510023,152759,151566,4103,155669,2160
2021-10-07,San Benito,069,59416,7158,7123,150,7273,71
2021-10-07,San Bernardino,071,2135413,345815,343452,10755,354207,5556
2021-10-07,San Diego,073,3302833,362384,359909,21308,381217,4111
2021-10-07,San Francisco,075,870044,51640,50960,2174,53134,643
2021-10-07,San Joaquin,077,732212,96630,95606,5140,100746,1669
2021-10-07,San Luis Obispo,079,281455,28650,28197,1162,29359,324
2021-10-07,San Mateo,081,765935,52967,52121,801,52922,569
2021-10-07,Santa Barbara,083,443738,43224,42735,1488,44223,514
2021-10-07,Santa Clara,085,1922200,143476,142298,1173,143471,1873
2021-10-07,Santa Cruz,087,273765,19888,19635,974,20609,217
2021-10-07,Shasta,089,179085,19846,19437,3285,22722,290
2021-10-07,Sierra,091,2930,158,141,15,156,0
2021-10-07,Siskiyou,093,43540,3229,3124,1179,4303,42
2021-10-07,Solano,095,438530,44971,44265,1181,45446,329
2021-10-07,Sonoma,097,501317,40145,39848,496,40344,387
2021-10-07,Stanislaus,099,539301,75032,74899,8378,83277,1114
2021-10-07,Sutter,101,95872,13387,13314,285,13599,165
2021-10-07,Tehama,103,63373,7855,7670,1307,8977,99
2021-10-07,Trinity,105,12862,804,660,199,859,11
2021-10-07,Tulare,107,460477,64867,63398,13506,76904,932
2021-10-07,Tuolumne,109,53932,6613,6521,82,6603,89
2021-10-07,Ventura,111,848112,96304,95542,4167,99709,1158
2021-10-07,Yolo,113,214977,19095,18850,924,19774,247
2021-10-07,Yuba,115,75493,9678,9551,229,9780,69
2021-10-06,Alameda,001,1643700,116532,116058,2623,118681,1353
2021-10-06,Alpine,003,1148,99,102,0,102,0
2021-10-06,Amador,005,37829,5295,5205,55,5260,62
2021-10-06,Butte,007,227075,19645,19208,3602,22810,247
2021-10-06,Calaveras,009,45235,3734,3669,43,3712,75
2021-10-06,Colusa,011,21464,2445,2414,564,2978,18
2021-10-06,Contra Costa,013,1133247,96939,96184,2016,98200,953
2021-10-06,Del Norte,015,27424,3576,3490,44,3534,39
2021-10-06,El Dorado,017,186661,15377,15078,1601,16679,140
2021-10-06,Fresno,019,978130,132308,130074,11864,141938,2008
2021-10-06,Glenn,021,27897,3335,3270,961,4231,26
2021-10-06,Humboldt,023,135768,8577,8416,448,8864,94
2021-10-06,Imperial,025,180216,32226,31930,3005,34935,760
2021-10-06,Inyo,027,18085,1876,1806,36,1842,39
2021-10-06,Kern,029,883053,121328,119491,19583,139074,1552
2021-10-06,Kings,031,150075,30383,29785,1736,31521,308
2021-10-06,Lake,033,64148,6397,6271,124,6395,97
2021-10-06,Lassen,035,31185,6556,6429,304,6733,25
2021-10-06,Los Angeles,037,10098052,1414592,1401675,51734,1453409,26252
2021-10-06,Madera,039,155013,21662,21230,1816,23046,269
2021-10-06,Marin,041,260295,17175,17042,416,17458,242
2021-10-06,Mariposa,043,17540,1092,1036,36,1072,5
2021-10-06,Mendocino,045,87422,7111,6986,415,7401,81
2021-10-06,Merced,047,269075,39986,39666,1611,41277,563
2021-10-06,Modoc,049,8938,490,477,171,648,5
2021-10-06,Mono,051,14174,1611,1568,20,1588,3
2021-10-06,Monterey,053,433212,47988,47136,2672,49808,577
2021-10-06,Napa,055,140530,12633,12552,95,12647,96
2021-10-06,Nevada,057,99092,8705,8582,300,8882,90
2021-10-06,Orange,059,3164182,301218,298785,14283,313068,5448
2021-10-06,Placer,061,380077,35355,34764,3375,38139,390
2021-10-06,Plumas,063,18699,1491,1383,25,1408,6
2021-10-06,Riverside,065,2383286,354071,349645,15920,365565,4953
2021-10-06,Sacramento,067,1510023,152506,151164,4072,155236,2141
2021-10-06,San Benito,069,59416,7143,7108,150,7258,69
2021-10-06,San Bernardino,071,2135413,345524,343022,10748,353770,5551
2021-10-06,San Diego,073,3302833,361892,359564,21282,380846,4104
2021-10-06,San Francisco,075,870044,51576,50894,2171,53065,641
2021-10-06,San Joaquin,077,732212,96496,95418,5128,100546,1658
2021-10-06,San Luis Obispo,079,281455,28600,28170,1156,29326,323
2021-10-06,San Mateo,081,765935,52917,52056,796,52852,569
2021-10-06,Santa Barbara,083,443738,43141,42687,1486,44173,513
2021-10-06,Santa Clara,085,1922200,143325,142124,1168,143292,1872
2021-10-06,Santa Cruz,087,273765,19859,19604,972,20576,217
2021-10-06,Shasta,089,179085,19771,19325,3272,22597,287
2021-10-06,Sierra,091,2930,156,138,15,153,0
2021-10-06,Siskiyou,093,43540,3219,3116,1172,4288,42
2021-10-06,Solano,095,438530,44937,44185,1180,45365,328
2021-10-06,Sonoma,097,501317,40095,39787,495,40282,383
2021-10-06,Stanislaus,099,539301,74890,74699,8365,83064,1114
2021-10-06,Sutter,101,95872,13366,13284,283,13567,164
2021-10-06,Tehama,103,63373,7819,7629,1299,8928,99
2021-10-06,Trinity,105,12862,801,656,199,855,11
2021-10-06,Tulare,107,460477,64687,63198,13450,76648,926
2021-10-06,Tuolumne,109,53932,6586,6486,82,6568,89
2021-10-06,Ventura,111,848112,96213,95449,4159,99608,1158
2021-10-06,Yolo,113,214977,19063,18815,920,19735,247
2021-10-06,Yuba,115,75493,9654,9520,228,9748,69
2021-10-05,Alameda,001,1643700,116388,115968,2618,118586,1350
2021-10-05,Alpine,003,1148,99,102,0,102,0
2021-10-05,Amador,005,37829,5274,5194,54,5248,61
2021-10-05,Butte,007,227075,19596,19137,3587,22724,246
2021-10-05,Calaveras,009,45235,3718,3657,43,3700,73
2021-10-05,Colusa,011,21464,2438,2414,563,2977,18
2021-10-05,Contra Costa,013,1133247,96822,96108,2011,98119,941
2021-10-05,Del Norte,015,27424,3574,3485,43,3528,39
2021-10-05,El Dorado,017,186661,15338,15052,1598,16650,140
2021-10-05,Fresno,019,978130,131969,129957,11828,141785,1987
2021-10-05,Glenn,021,27897,3324,3270,956,4226,26
2021-10-05,Humboldt,023,135768,8546,8398,444,8842,94
2021-10-05,Imperial,025,180216,32179,31909,3000,34909,759
2021-10-05,Inyo,027,18085,1859,1800,36,1836,39
2021-10-05,Kern,029,883053,121063,119260,19482,138742,1540
2021-10-05,Kings,031,150075,30308,29749,1731,31480,301
2021-10-05,Lake,033,64148,6376,6264,123,6387,97
2021-10-05,Lassen,035,31185,6537,6417,302,6719,25
2021-10-05,Los Angeles,037,10098052,1413449,1400300,51681,1451981,26223
2021-10-05,Madera,039,155013,21604,21183,1804,22987,269
2021-10-05,Marin,041,260295,17163,17024,416,17440,242
2021-10-05,Mariposa,043,17540,1073,1033,33,1066,5
2021-10-05,Mendocino,045,87422,7095,6972,408,7380,79
2021-10-05,Merced,047,269075,39920,39608,1603,41211,562
2021-10-05,Modoc,049,8938,486,475,170,645,5
2021-10-05,Mono,051,14174,1603,1565,20,1585,3
2021-10-05,Monterey,053,433212,47971,47087,2662,49749,573
2021-10-05,Napa,055,140530,12609,12533,95,12628,96
2021-10-05,Nevada,057,99092,8675,8576,300,8876,90
2021-10-05,Orange,059,3164182,300941,298589,14251,312840,5441
2021-10-05,Placer,061,380077,35275,34728,3368,38096,382
2021-10-05,Plumas,063,18699,1466,1357,25,1382,6
2021-10-05,Riverside,065,2383286,353712,349365,15905,365270,4942
2021-10-05,Sacramento,067,1510023,152232,151111,4044,155155,2126
2021-10-05,San Benito,069,59416,7125,7103,148,7251,69
2021-10-05,San Bernardino,071,2135413,345198,342711,10741,353452,5557
2021-10-05,San Diego,073,3302833,361317,359194,21255,380449,4092
2021-10-05,San Francisco,075,870044,51478,50826,2168,52994,641
2021-10-05,San Joaquin,077,732212,96343,95276,5102,100378,1651
2021-10-05,San Luis Obispo,079,281455,28556,28113,1154,29267,324
2021-10-05,San Mateo,081,765935,52870,52008,796,52804,569
2021-10-05,Santa Barbara,083,443738,43063,42595,1482,44077,511
2021-10-05,Santa Clara,085,1922200,143163,141971,1161,143132,1873
2021-10-05,Santa Cruz,087,273765,19817,19582,972,20554,216
2021-10-05,Shasta,089,179085,19697,19285,3259,22544,286
2021-10-05,Sierra,091,2930,152,136,15,151,0
2021-10-05,Siskiyou,093,43540,3205,3107,1172,4279,42
2021-10-05,Solano,095,438530,44866,44149,1179,45328,325
2021-10-05,Sonoma,097,501317,40040,39756,490,40246,383
2021-10-05,Stanislaus,099,539301,74728,74599,8348,82947,1114
2021-10-05,Sutter,101,95872,13338,13270,282,13552,164
2021-10-05,Tehama,103,63373,7790,7607,1290,8897,98
2021-10-05,Trinity,105,12862,798,655,199,854,11
2021-10-05,Tulare,107,460477,64480,63093,13397,76490,920
2021-10-05,Tuolumne,109,53932,6570,6473,81,6554,89
2021-10-05,Ventura,111,848112,96107,95351,4158,99509,1155
2021-10-05,Yolo,113,214977,19027,18782,914,19696,245
2021-10-05,Yuba,115,75493,9622,9504,225,9729,69
2021-10-04,Alameda,001,1643700,116227,115845,2615,118460,1347
2021-10-04,Alpine,003,1148,99,102,0,102,0
2021-10-04,Amador,005,37829,5264,5163,53,5216,61
2021-10-04,Butte,007,227075,19518,19081,3576,22657,245
2021-10-04,Calaveras,009,45235,3709,3641,43,3684,73
2021-10-04,Colusa,011,21464,2437,2414,561,2975,18
2021-10-04,Contra Costa,013,1133247,96680,95958,2006,97964,937
2021-10-04,Del Norte,015,27424,3572,3485,39,3524,39
2021-10-04,El Dorado,017,186661,15291,15031,1591,16622,138
2021-10-04,Fresno,019,978130,131659,129665,11798,141463,1978
2021-10-04,Glenn,021,27897,3317,3270,953,4223,26
2021-10-04,Humboldt,023,135768,8514,8355,437,8792,94
2021-10-04,Imperial,025,180216,32130,31866,2993,34859,757
2021-10-04,Inyo,027,18085,1847,1792,34,1826,39
2021-10-04,Kern,029,883053,120772,118984,19362,138346,1531
2021-10-04,Kings,031,150075,30215,29702,1728,31430,303
2021-10-04,Lake,033,64148,6363,6248,123,6371,97
2021-10-04,Lassen,035,31185,6520,6405,302,6707,25
2021-10-04,Los Angeles,037,10098052,1412329,1399604,51625,1451229,26186
2021-10-04,Madera,039,155013,21540,21126,1792,22918,266
2021-10-04,Marin,041,260295,17147,17008,415,17423,242
2021-10-04,Mariposa,043,17540,1061,1024,33,1057,5
2021-10-04,Mendocino,045,87422,7077,6947,405,7352,79
2021-10-04,Merced,047,269075,39803,39565,1587,41152,558
2021-10-04,Modoc,049,8938,483,473,170,643,5
2021-10-04,Mono,051,14174,1595,1561,20,1581,3
2021-10-04,Monterey,053,433212,47950,47058,2655,49713,571
2021-10-04,Napa,055,140530,12586,12506,95,12601,96
2021-10-04,Nevada,057,99092,8655,8563,300,8863,90
2021-10-04,Orange,059,3164182,300645,298165,14219,312384,5438
2021-10-04,Placer,061,380077,35193,34630,3341,37971,379
2021-10-04,Plumas,063,18699,1444,1329,25,1354,6
2021-10-04,Riverside,065,2383286,353332,348828,15895,364723,4923
2021-10-04,Sacramento,067,1510023,151907,150887,4017,154904,2115
2021-10-04,San Benito,069,59416,7112,7099,148,7247,69
2021-10-04,San Bernardino,071,2135413,344837,342418,10730,353148,5551
2021-10-04,San Diego,073,3302833,360751,358525,21224,379749,4090
2021-10-04,San Francisco,075,870044,51383,50798,2164,52962,638
2021-10-04,San Joaquin,077,732212,96146,95198,5082,100280,1649
2021-10-04,San Luis Obispo,079,281455,28511,28090,1148,29238,323
2021-10-04,San Mateo,081,765935,52810,51958,795,52753,569
2021-10-04,Santa Barbara,083,443738,42978,42585,1481,44066,511
2021-10-04,Santa Clara,085,1922200,143016,141840,1155,142995,1869
2021-10-04,Santa Cruz,087,273765,19788,19559,971,20530,216
2021-10-04,Shasta,089,179085,19590,19170,3245,22415,279
2021-10-04,Sierra,091,2930,145,136,14,150,0
2021-10-04,Siskiyou,093,43540,3196,3103,1157,4260,42
2021-10-04,Solano,095,438530,44807,44092,1175,45267,322
2021-10-04,Sonoma,097,501317,39974,39720,490,40210,381
2021-10-04,Stanislaus,099,539301,74577,74444,8329,82773,1106
2021-10-04,Sutter,101,95872,13309,13261,281,13542,164
2021-10-04,Tehama,103,63373,7749,7585,1284,8869,95
2021-10-04,Trinity,105,12862,797,649,198,847,11
2021-10-04,Tulare,107,460477,64294,62957,13329,76286,920
2021-10-04,Tuolumne,109,53932,6544,6442,81,6523,89
2021-10-04,Ventura,111,848112,96015,95170,4152,99322,1153
2021-10-04,Yolo,113,214977,18983,18761,910,19671,242
2021-10-04,Yuba,115,75493,9583,9481,223,9704,68
2021-10-03,Alameda,001,1643700,116084,115751,2605,118356,1349
2021-10-03,Alpine,003,1148,99,102,0,102,0
2021-10-03,Amador,005,37829,5246,5160,51,5211,61
2021-10-03,Butte,007,227075,19445,19066,3559,22625,245
2021-10-03,Calaveras,009,45235,3692,3632,43,3675,73
2021-10-03,Colusa,011,21464,2435,2413,558,2971,18
2021-10-03,Contra Costa,013,1133247,96547,95890,1999,97889,937
2021-10-03,Del Norte,015,27424,3566,3483,38,3521,39
2021-10-03,El Dorado,017,186661,15232,15014,1584,16598,139
2021-10-03,Fresno,019,978130,131278,129365,11757,141122,1978
2021-10-03,Glenn,021,27897,3310,3266,945,4211,26
2021-10-03,Humboldt,023,135768,8468,8352,433,8785,94
2021-10-03,Imperial,025,180216,32063,31844,2985,34829,757
2021-10-03,Inyo,027,18085,1826,1788,34,1822,39
2021-10-03,Kern,029,883053,120467,118851,19240,138091,1535
2021-10-03,Kings,031,150075,30116,29623,1721,31344,300
2021-10-03,Lake,033,64148,6337,6239,123,6362,97
2021-10-03,Lassen,035,31185,6498,6400,300,6700,25
2021-10-03,Los Angeles,037,10098052,1411068,1398790,51571,1450361,26179
2021-10-03,Madera,039,155013,21468,21066,1782,22848,266
2021-10-03,Marin,041,260295,17124,16995,410,17405,242
2021-10-03,Mariposa,043,17540,1054,1011,33,1044,5
2021-10-03,Mendocino,045,87422,7057,6939,397,7336,79
2021-10-03,Merced,047,269075,39696,39516,1567,41083,558
2021-10-03,Modoc,049,8938,482,472,169,641,5
2021-10-03,Mono,051,14174,1591,1554,20,1574,3
2021-10-03,Monterey,053,433212,47925,47049,2644,49693,571
2021-10-03,Napa,055,140530,12557,12489,93,12582,96
2021-10-03,Nevada,057,99092,8620,8545,300,8845,90
2021-10-03,Orange,059,3164182,300363,298027,14199,312226,5447
2021-10-03,Placer,061,380077,35055,34596,3325,37921,379
2021-10-03,Plumas,063,18699,1416,1328,25,1353,6
2021-10-03,Riverside,065,2383286,352901,348593,15875,364468,4924
2021-10-03,Sacramento,067,1510023,151618,150664,3988,154652,2120
2021-10-03,San Benito,069,59416,7103,7095,148,7243,69
2021-10-03,San Bernardino,071,2135413,344419,342302,10723,353025,5555
2021-10-03,San Diego,073,3302833,360171,358153,21192,379345,4081
2021-10-03,San Francisco,075,870044,51298,50733,2161,52894,638
2021-10-03,San Joaquin,077,732212,95958,95133,5074,100207,1649
2021-10-03,San Luis Obispo,079,281455,28444,28065,1143,29208,325
2021-10-03,San Mateo,081,765935,52743,51923,794,52717,569
2021-10-03,Santa Barbara,083,443738,42882,42550,1473,44023,511
2021-10-03,Santa Clara,085,1922200,142846,141737,1147,142884,1869
2021-10-03,Santa Cruz,087,273765,19748,19548,969,20517,216
2021-10-03,Shasta,089,179085,19485,19132,3217,22349,279
2021-10-03,Sierra,091,2930,142,136,14,150,0
2021-10-03,Siskiyou,093,43540,3183,3096,1147,4243,42
2021-10-03,Solano,095,438530,44744,44051,1172,45223,322
2021-10-03,Sonoma,097,501317,39908,39679,490,40169,381
2021-10-03,Stanislaus,099,539301,74389,74366,8311,82677,1106
2021-10-03,Sutter,101,95872,13294,13248,277,13525,164
2021-10-03,Tehama,103,63373,7706,7564,1279,8843,94
2021-10-03,Trinity,105,12862,793,647,196,843,11
2021-10-03,Tulare,107,460477,64091,62860,13257,76117,924
2021-10-03,Tuolumne,109,53932,6515,6430,79,6509,89
2021-10-03,Ventura,111,848112,95910,95108,4149,99257,1153
2021-10-03,Yolo,113,214977,18955,18720,902,19622,242
2021-10-03,Yuba,115,75493,9566,9462,222,9684,68
2021-10-02,Alameda,001,1643700,115976,115185,2600,117785,1343
2021-10-02,Alpine,003,1148,99,102,0,102,0
2021-10-02,Amador,005,37829,5237,5105,51,5156,61
2021-10-02,Butte,007,227075,19415,18911,3552,22463,243
2021-10-02,Calaveras,009,45235,3685,3585,43,3628,72
2021-10-02,Colusa,011,21464,2434,2403,556,2959,18
2021-10-02,Contra Costa,013,1133247,96476,95369,1995,97364,933
2021-10-02,Del Norte,015,27424,3561,3468,38,3506,39
2021-10-02,El Dorado,017,186661,15206,14887,1583,16470,136
2021-10-02,Fresno,019,978130,131107,128450,11744,140194,1964
2021-10-02,Glenn,021,27897,3305,3234,945,4179,26
2021-10-02,Humboldt,023,135768,8450,8244,433,8677,94
2021-10-02,Imperial,025,180216,32028,31674,2982,34656,757
2021-10-02,Inyo,027,18085,1817,1746,34,1780,39
2021-10-02,Kern,029,883053,120334,117962,19159,137121,1524
2021-10-02,Kings,031,150075,30067,29339,1717,31056,301
2021-10-02,Lake,033,64148,6328,6191,123,6314,97
2021-10-02,Lassen,035,31185,6493,6360,300,6660,25
2021-10-02,Los Angeles,037,10098052,1410456,1395070,51535,1446605,26126
2021-10-02,Madera,039,155013,21443,20931,1773,22704,266
2021-10-02,Marin,041,260295,17119,16936,407,17343,242
2021-10-02,Mariposa,043,17540,1052,967,33,1000,5
2021-10-02,Mendocino,045,87422,7047,6869,397,7266,78
2021-10-02,Merced,047,269075,39669,39196,1563,40759,552
2021-10-02,Modoc,049,8938,480,468,169,637,5
2021-10-02,Mono,051,14174,1589,1540,20,1560,3
2021-10-02,Monterey,053,433212,47870,46964,2643,49607,571
2021-10-02,Napa,055,140530,12546,12433,93,12526,96
2021-10-02,Nevada,057,99092,8609,8474,299,8773,87
2021-10-02,Orange,059,3164182,300198,297307,14179,311486,5435
2021-10-02,Placer,061,380077,34989,34377,3316,37693,381
2021-10-02,Plumas,063,18699,1405,1298,25,1323,6
2021-10-02,Riverside,065,2383286,352660,347227,15864,363091,4895
2021-10-02,Sacramento,067,1510023,151445,149897,3980,153877,2099
2021-10-02,San Benito,069,59416,7096,7055,148,7203,69
2021-10-02,San Bernardino,071,2135413,344232,341212,10671,351883,5540
2021-10-02,San Diego,073,3302833,359854,356454,21170,377624,4078
2021-10-02,San Francisco,075,870044,51249,50393,2156,52549,634
2021-10-02,San Joaquin,077,732212,95893,94599,5068,99667,1646
2021-10-02,San Luis Obispo,079,281455,28420,27915,1143,29058,323
2021-10-02,San Mateo,081,765935,52702,51767,790,52557,573
2021-10-02,Santa Barbara,083,443738,42842,42423,1473,43896,508
2021-10-02,Santa Clara,085,1922200,142732,141231,1143,142374,1862
2021-10-02,Santa Cruz,087,273765,19731,19461,968,20429,214
2021-10-02,Shasta,089,179085,19439,18912,3211,22123,270
2021-10-02,Sierra,091,2930,141,131,14,145,0
2021-10-02,Siskiyou,093,43540,3182,3053,1144,4197,42
2021-10-02,Solano,095,438530,44699,43800,1171,44971,321
2021-10-02,Sonoma,097,501317,39874,39497,489,39986,382
2021-10-02,Stanislaus,099,539301,74303,73859,8298,82157,1099
2021-10-02,Sutter,101,95872,13285,13160,276,13436,160
2021-10-02,Tehama,103,63373,7691,7453,1279,8732,93
2021-10-02,Trinity,105,12862,790,625,196,821,10
2021-10-02,Tulare,107,460477,64015,62247,13231,75478,908
2021-10-02,Tuolumne,109,53932,6501,6369,79,6448,89
2021-10-02,Ventura,111,848112,95838,94854,4144,98998,1148
2021-10-02,Yolo,113,214977,18930,18640,898,19538,242
2021-10-02,Yuba,115,75493,9547,9370,221,9591,66
2021-10-01,Alameda,001,1643700,115899,115185,2594,117779,1343
2021-10-01,Alpine,003,1148,99,102,0,102,0
2021-10-01,Amador,005,37829,5217,5105,51,5156,61
2021-10-01,Butte,007,227075,19374,18911,3545,22456,243
2021-10-01,Calaveras,009,45235,3675,3585,43,3628,72
2021-10-01,Colusa,011,21464,2432,2403,556,2959,18
2021-10-01,Contra Costa,013,1133247,96380,95369,1991,97360,933
2021-10-01,Del Norte,015,27424,3558,3468,37,3505,39
2021-10-01,El Dorado,017,186661,15189,14887,1579,16466,136
2021-10-01,Fresno,019,978130,130918,128450,11734,140184,1964
2021-10-01,Glenn,021,27897,3303,3234,944,4178,26
2021-10-01,Humboldt,023,135768,8433,8244,433,8677,94
2021-10-01,Imperial,025,180216,32009,31674,2973,34647,757
2021-10-01,Inyo,027,18085,1808,1746,34,1780,39
2021-10-01,Kern,029,883053,120181,117962,19103,137065,1524
2021-10-01,Kings,031,150075,30033,29339,1712,31051,301
2021-10-01,Lake,033,64148,6318,6191,123,6314,97
2021-10-01,Lassen,035,31185,6482,6360,299,6659,25
2021-10-01,Los Angeles,037,10098052,1409691,1395070,51491,1446561,26126
2021-10-01,Madera,039,155013,21393,20931,1764,22695,266
2021-10-01,Marin,041,260295,17104,16936,406,17342,242
2021-10-01,Mariposa,043,17540,1045,967,33,1000,5
2021-10-01,Mendocino,045,87422,7035,6869,397,7266,78
2021-10-01,Merced,047,269075,39625,39196,1555,40751,552
2021-10-01,Modoc,049,8938,479,468,169,637,5
2021-10-01,Mono,051,14174,1586,1540,20,1560,3
2021-10-01,Monterey,053,433212,47849,46964,2640,49604,571
2021-10-01,Napa,055,140530,12536,12433,92,12525,96
2021-10-01,Nevada,057,99092,8595,8474,298,8772,87
2021-10-01,Orange,059,3164182,300014,297307,14159,311466,5435
2021-10-01,Placer,061,380077,34955,34377,3312,37689,381
2021-10-01,Plumas,063,18699,1396,1298,25,1323,6
2021-10-01,Riverside,065,2383286,352367,347227,15857,363084,4895
2021-10-01,Sacramento,067,1510023,151293,149897,3969,153866,2099
2021-10-01,San Benito,069,59416,7094,7055,146,7201,69
2021-10-01,San Bernardino,071,2135413,344032,341212,10668,351880,5540
2021-10-01,San Diego,073,3302833,359494,356454,21149,377603,4078
2021-10-01,San Francisco,075,870044,51208,50393,2155,52548,634
2021-10-01,San Joaquin,077,732212,95823,94599,5064,99663,1646
2021-10-01,San Luis Obispo,079,281455,28396,27915,1140,29055,323
2021-10-01,San Mateo,081,765935,52662,51767,787,52554,573
2021-10-01,Santa Barbara,083,443738,42806,42423,1473,43896,508
2021-10-01,Santa Clara,085,1922200,142639,141231,1138,142369,1862
2021-10-01,Santa Cruz,087,273765,19711,19461,967,20428,214
2021-10-01,Shasta,089,179085,19385,18912,3204,22116,270
2021-10-01,Sierra,091,2930,141,131,14,145,0
2021-10-01,Siskiyou,093,43540,3181,3053,1141,4194,42
2021-10-01,Solano,095,438530,44647,43800,1165,44965,321
2021-10-01,Sonoma,097,501317,39842,39497,488,39985,382
2021-10-01,Stanislaus,099,539301,74219,73859,8287,82146,1099
2021-10-01,Sutter,101,95872,13269,13160,274,13434,160
2021-10-01,Tehama,103,63373,7679,7453,1277,8730,93
2021-10-01,Trinity,105,12862,788,625,196,821,10
2021-10-01,Tulare,107,460477,63912,62247,13196,75443,908
2021-10-01,Tuolumne,109,53932,6484,6369,79,6448,89
2021-10-01,Ventura,111,848112,95771,94854,4139,98993,1148
2021-10-01,Yolo,113,214977,18906,18640,896,19536,242
2021-10-01,Yuba,115,75493,9525,9370,221,9591,66
2021-09-30,Alameda,001,1643700,115754,115185,2590,117775,1343
2021-09-30,Alpine,003,1148,99,102,0,102,0
2021-09-30,Amador,005,37829,5205,5105,51,5156,61
2021-09-30,Butte,007,227075,19325,18911,3536,22447,243
2021-09-30,Calaveras,009,45235,3661,3585,43,3628,72
2021-09-30,Colusa,011,21464,2429,2403,555,2958,18
2021-09-30,Contra Costa,013,1133247,96275,95369,1986,97355,933
2021-09-30,Del Norte,015,27424,3554,3468,34,3502,39
2021-09-30,El Dorado,017,186661,15163,14887,1571,16458,136
2021-09-30,Fresno,019,978130,130643,128450,11700,140150,1964
2021-09-30,Glenn,021,27897,3293,3234,941,4175,26
2021-09-30,Humboldt,023,135768,8401,8244,427,8671,94
2021-09-30,Imperial,025,180216,31957,31674,2971,34645,757
2021-09-30,Inyo,027,18085,1798,1746,34,1780,39
2021-09-30,Kern,029,883053,119938,117962,19022,136984,1524
2021-09-30,Kings,031,150075,29943,29339,1708,31047,301
2021-09-30,Lake,033,64148,6300,6191,123,6314,97
2021-09-30,Lassen,035,31185,6468,6360,299,6659,25
2021-09-30,Los Angeles,037,10098052,1408482,1395070,51432,1446502,26126
2021-09-30,Madera,039,155013,21310,20931,1749,22680,266
2021-09-30,Marin,041,260295,17084,16936,405,17341,242
2021-09-30,Mariposa,043,17540,1023,967,33,1000,5
2021-09-30,Mendocino,045,87422,7026,6869,388,7257,78
2021-09-30,Merced,047,269075,39529,39196,1550,40746,552
2021-09-30,Modoc,049,8938,479,468,168,636,5
2021-09-30,Mono,051,14174,1578,1540,20,1560,3
2021-09-30,Monterey,053,433212,47819,46964,2629,49593,571
2021-09-30,Napa,055,140530,12516,12433,92,12525,96
2021-09-30,Nevada,057,99092,8578,8474,297,8771,87
2021-09-30,Orange,059,3164182,299742,297307,14121,311428,5435
2021-09-30,Placer,061,380077,34901,34377,3292,37669,381
2021-09-30,Plumas,063,18699,1378,1298,25,1323,6
2021-09-30,Riverside,065,2383286,351933,347227,15836,363063,4895
2021-09-30,Sacramento,067,1510023,151032,149897,3943,153840,2099
2021-09-30,San Benito,069,59416,7088,7055,146,7201,69
2021-09-30,San Bernardino,071,2135413,343719,341212,10654,351866,5540
2021-09-30,San Diego,073,3302833,359013,356454,21123,377577,4078
2021-09-30,San Francisco,075,870044,51131,50393,2151,52544,634
2021-09-30,San Joaquin,077,732212,95691,94599,5056,99655,1646
2021-09-30,San Luis Obispo,079,281455,28348,27915,1136,29051,323
2021-09-30,San Mateo,081,765935,52613,51767,784,52551,573
2021-09-30,Santa Barbara,083,443738,42749,42423,1472,43895,508
2021-09-30,Santa Clara,085,1922200,142490,141231,1135,142366,1862
2021-09-30,Santa Cruz,087,273765,19671,19461,966,20427,214
2021-09-30,Shasta,089,179085,19323,18912,3189,22101,270
2021-09-30,Sierra,091,2930,140,131,14,145,0
2021-09-30,Siskiyou,093,43540,3173,3053,1136,4189,42
2021-09-30,Solano,095,438530,44593,43800,1162,44962,321
2021-09-30,Sonoma,097,501317,39793,39497,488,39985,382
2021-09-30,Stanislaus,099,539301,74059,73859,8268,82127,1099
2021-09-30,Sutter,101,95872,13248,13160,274,13434,160
2021-09-30,Tehama,103,63373,7642,7453,1265,8718,93
2021-09-30,Trinity,105,12862,784,625,196,821,10
2021-09-30,Tulare,107,460477,63736,62247,13139,75386,908
2021-09-30,Tuolumne,109,53932,6461,6369,79,6448,89
2021-09-30,Ventura,111,848112,95666,94854,4132,98986,1148
2021-09-30,Yolo,113,214977,18866,18640,893,19533,242
2021-09-30,Yuba,115,75493,9502,9370,220,9590,66
2021-09-29,Alameda,001,1643700,115608,114998,2587,117585,1339
2021-09-29,Alpine,003,1148,99,101,0,101,0
2021-09-29,Amador,005,37829,5183,5058,51,5109,61
2021-09-29,Butte,007,227075,19271,18835,3529,22364,242
2021-09-29,Calaveras,009,45235,3644,3553,42,3595,72
2021-09-29,Colusa,011,21464,2427,2401,555,2956,18
2021-09-29,Contra Costa,013,1133247,96161,95213,1978,97191,929
2021-09-29,Del Norte,015,27424,3548,3467,34,3501,39
2021-09-29,El Dorado,017,186661,15129,14834,1564,16398,136
2021-09-29,Fresno,019,978130,130343,128068,11679,139747,1957
2021-09-29,Glenn,021,27897,3288,3213,939,4152,26
2021-09-29,Humboldt,023,135768,8378,8203,426,8629,94
2021-09-29,Imperial,025,180216,31892,31600,2966,34566,757
2021-09-29,Inyo,027,18085,1788,1740,33,1773,39
2021-09-29,Kern,029,883053,119703,117605,18946,136551,1513
2021-09-29,Kings,031,150075,29861,29195,1693,30888,299
2021-09-29,Lake,033,64148,6280,6164,123,6287,97
2021-09-29,Lassen,035,31185,6454,6347,299,6646,25
2021-09-29,Los Angeles,037,10098052,1407261,1393617,51364,1444981,26098
2021-09-29,Madera,039,155013,21266,20818,1733,22551,266
2021-09-29,Marin,041,260295,17066,16921,403,17324,242
2021-09-29,Mariposa,043,17540,1008,963,33,996,5
2021-09-29,Mendocino,045,87422,7014,6821,380,7201,78
2021-09-29,Merced,047,269075,39436,39026,1539,40565,552
2021-09-29,Modoc,049,8938,477,468,168,636,5
2021-09-29,Mono,051,14174,1576,1527,20,1547,3
2021-09-29,Monterey,053,433212,47781,46917,2615,49532,571
2021-09-29,Napa,055,140530,12496,12416,89,12505,96
2021-09-29,Nevada,057,99092,8565,8434,297,8731,87
2021-09-29,Orange,059,3164182,299474,296936,14085,311021,5429
2021-09-29,Placer,061,380077,34837,34271,3270,37541,379
2021-09-29,Plumas,063,18699,1359,1289,25,1314,6
2021-09-29,Riverside,065,2383286,351498,346558,15823,362381,4886
2021-09-29,Sacramento,067,1510023,150781,149686,3933,153619,2099
2021-09-29,San Benito,069,59416,7077,7039,146,7185,69
2021-09-29,San Bernardino,071,2135413,343399,340672,10639,351311,5539
2021-09-29,San Diego,073,3302833,358526,355899,21093,376992,4066
2021-09-29,San Francisco,075,870044,51047,50286,2147,52433,629
2021-09-29,San Joaquin,077,732212,95533,94356,5034,99390,1645
2021-09-29,San Luis Obispo,079,281455,28302,27800,1130,28930,323
2021-09-29,San Mateo,081,765935,52553,51673,782,52455,573
2021-09-29,Santa Barbara,083,443738,42677,42328,1469,43797,507
2021-09-29,Santa Clara,085,1922200,142354,141036,1129,142165,1861
2021-09-29,Santa Cruz,087,273765,19653,19425,965,20390,214
2021-09-29,Shasta,089,179085,19257,18805,3178,21983,271
2021-09-29,Sierra,091,2930,136,130,14,144,0
2021-09-29,Siskiyou,093,43540,3160,3043,1129,4172,42
2021-09-29,Solano,095,438530,44537,43724,1155,44879,321
2021-09-29,Sonoma,097,501317,39732,39426,486,39912,370
2021-09-29,Stanislaus,099,539301,73928,73634,8257,81891,1096
2021-09-29,Sutter,101,95872,13221,13135,271,13406,155
2021-09-29,Tehama,103,63373,7612,7409,1250,8659,88
2021-09-29,Trinity,105,12862,780,616,196,812,10
2021-09-29,Tulare,107,460477,63561,62046,13080,75126,908
2021-09-29,Tuolumne,109,53932,6444,6336,79,6415,89
2021-09-29,Ventura,111,848112,95576,94753,4128,98881,1144
2021-09-29,Yolo,113,214977,18833,18587,888,19475,239
2021-09-29,Yuba,115,75493,9471,9351,216,9567,66
2021-09-28,Alameda,001,1643700,115450,114869,2581,117450,1333
2021-09-28,Alpine,003,1148,99,101,0,101,0
2021-09-28,Amador,005,37829,5161,5049,51,5100,61
2021-09-28,Butte,007,227075,19222,18764,3514,22278,241
2021-09-28,Calaveras,009,45235,3624,3530,42,3572,72
2021-09-28,Colusa,011,21464,2424,2399,553,2952,18
2021-09-28,Contra Costa,013,1133247,96020,95115,1973,97088,929
2021-09-28,Del Norte,015,27424,3545,3462,34,3496,39
2021-09-28,El Dorado,017,186661,15083,14793,1560,16353,133
2021-09-28,Fresno,019,978130,129999,127877,11645,139522,1948
2021-09-28,Glenn,021,27897,3283,3205,938,4143,26
2021-09-28,Humboldt,023,135768,8338,8159,423,8582,91
2021-09-28,Imperial,025,180216,31847,31543,2962,34505,757
2021-09-28,Inyo,027,18085,1774,1708,32,1740,39
2021-09-28,Kern,029,883053,119434,117420,18851,136271,1506
2021-09-28,Kings,031,150075,29759,29141,1685,30826,295
2021-09-28,Lake,033,64148,6265,6155,123,6278,95
2021-09-28,Lassen,035,31185,6448,6340,295,6635,25
2021-09-28,Los Angeles,037,10098052,1405972,1392445,51298,1443743,26068
2021-09-28,Madera,039,155013,21212,20764,1718,22482,266
2021-09-28,Marin,041,260295,17047,16887,401,17288,242
2021-09-28,Mariposa,043,17540,1003,952,33,985,5
2021-09-28,Mendocino,045,87422,6992,6804,378,7182,78
2021-09-28,Merced,047,269075,39350,38953,1526,40479,551
2021-09-28,Modoc,049,8938,476,467,168,635,5
2021-09-28,Mono,051,14174,1566,1527,20,1547,3
2021-09-28,Monterey,053,433212,47744,46859,2606,49465,571
2021-09-28,Napa,055,140530,12479,12388,88,12476,96
2021-09-28,Nevada,057,99092,8542,8409,296,8705,84
2021-09-28,Orange,059,3164182,299220,296596,14056,310652,5421
2021-09-28,Placer,061,380077,34772,34187,3252,37439,370
2021-09-28,Plumas,063,18699,1350,1276,25,1301,6
2021-09-28,Riverside,065,2383286,351037,346096,15802,361898,4874
2021-09-28,Sacramento,067,1510023,150490,149310,3911,153221,2086
2021-09-28,San Benito,069,59416,7060,7028,145,7173,69
2021-09-28,San Bernardino,071,2135413,343052,340342,10621,350963,5540
2021-09-28,San Diego,073,3302833,357979,355373,21061,376434,4054
2021-09-28,San Francisco,075,870044,50945,50234,2146,52380,627
2021-09-28,San Joaquin,077,732212,95381,94194,5021,99215,1639
2021-09-28,San Luis Obispo,079,281455,28268,27755,1125,28880,321
2021-09-28,San Mateo,081,765935,52508,51620,782,52402,571
2021-09-28,Santa Barbara,083,443738,42604,42226,1468,43694,506
2021-09-28,Santa Clara,085,1922200,142193,140886,1120,142006,1858
2021-09-28,Santa Cruz,087,273765,19612,19324,964,20288,214
2021-09-28,Shasta,089,179085,19196,18701,3164,21865,267
2021-09-28,Sierra,091,2930,135,130,13,143,0
2021-09-28,Siskiyou,093,43540,3148,3032,1126,4158,42
2021-09-28,Solano,095,438530,44464,43652,1152,44804,316
2021-09-28,Sonoma,097,501317,39685,39395,485,39880,370
2021-09-28,Stanislaus,099,539301,73757,73528,8245,81773,1094
2021-09-28,Sutter,101,95872,13202,13102,267,13369,155
2021-09-28,Tehama,103,63373,7594,7382,1235,8617,88
2021-09-28,Trinity,105,12862,777,613,196,809,10
2021-09-28,Tulare,107,460477,63400,61916,13022,74938,905
2021-09-28,Tuolumne,109,53932,6417,6308,79,6387,89
2021-09-28,Ventura,111,848112,95450,94632,4125,98757,1143
2021-09-28,Yolo,113,214977,18807,18564,884,19448,239
2021-09-28,Yuba,115,75493,9452,9323,215,9538,66
2021-09-27,Alameda,001,1643700,115256,114731,2572,117303,1327
2021-09-27,Alpine,003,1148,99,101,0,101,0
2021-09-27,Amador,005,37829,5147,5017,51,5068,59
2021-09-27,Butte,007,227075,19162,18687,3497,22184,239
2021-09-27,Calaveras,009,45235,3604,3514,41,3555,70
2021-09-27,Colusa,011,21464,2423,2393,552,2945,18
2021-09-27,Contra Costa,013,1133247,95888,94979,1964,96943,924
2021-09-27,Del Norte,015,27424,3543,3468,32,3500,37
2021-09-27,El Dorado,017,186661,15044,14764,1553,16317,132
2021-09-27,Fresno,019,978130,129679,127475,11612,139087,1942
2021-09-27,Glenn,021,27897,3270,3189,934,4123,26
2021-09-27,Humboldt,023,135768,8298,8118,423,8541,91
2021-09-27,Imperial,025,180216,31784,31491,2955,34446,756
2021-09-27,Inyo,027,18085,1762,1698,32,1730,39
2021-09-27,Kern,029,883053,119159,117064,18756,135820,1503
2021-09-27,Kings,031,150075,29661,28998,1673,30671,297
2021-09-27,Lake,033,64148,6245,6126,122,6248,95
2021-09-27,Lassen,035,31185,6433,6327,291,6618,25
2021-09-27,Los Angeles,037,10098052,1404635,1391538,51230,1442768,26040
2021-09-27,Madera,039,155013,21147,20691,1710,22401,262
2021-09-27,Marin,041,260295,17026,16861,400,17261,242
2021-09-27,Mariposa,043,17540,993,931,33,964,5
2021-09-27,Mendocino,045,87422,6966,6761,371,7132,74
2021-09-27,Merced,047,269075,39250,38840,1520,40360,548
2021-09-27,Modoc,049,8938,475,465,166,631,5
2021-09-27,Mono,051,14174,1554,1525,20,1545,3
2021-09-27,Monterey,053,433212,47701,46811,2595,49406,571
2021-09-27,Napa,055,140530,12455,12354,87,12441,95
2021-09-27,Nevada,057,99092,8518,8379,293,8672,84
2021-09-27,Orange,059,3164182,298913,296334,14026,310360,5409
2021-09-27,Placer,061,380077,34685,34087,3247,37334,370
2021-09-27,Plumas,063,18699,1340,1269,25,1294,6
2021-09-27,Riverside,065,2383286,350594,345529,15792,361321,4864
2021-09-27,Sacramento,067,1510023,150174,149096,3889,152985,2076
2021-09-27,San Benito,069,59416,7043,7017,145,7162,67
2021-09-27,San Bernardino,071,2135413,342637,339952,10597,350549,5544
2021-09-27,San Diego,073,3302833,357327,354755,21036,375791,4054
2021-09-27,San Francisco,075,870044,50861,50157,2143,52300,622
2021-09-27,San Joaquin,077,732212,95196,94085,5018,99103,1633
2021-09-27,San Luis Obispo,079,281455,28213,27674,1122,28796,320
2021-09-27,San Mateo,081,765935,52432,51552,782,52334,571
2021-09-27,Santa Barbara,083,443738,42537,42012,1464,43476,505
2021-09-27,Santa Clara,085,1922200,142012,140802,1110,141912,1853
2021-09-27,Santa Cruz,087,273765,19588,19292,963,20255,214
2021-09-27,Shasta,089,179085,19116,18599,3137,21736,267
2021-09-27,Sierra,091,2930,135,128,13,141,0
2021-09-27,Siskiyou,093,43540,3136,3015,1121,4136,42
2021-09-27,Solano,095,438530,44389,43582,1146,44728,314
2021-09-27,Sonoma,097,501317,39631,39347,485,39832,370
2021-09-27,Stanislaus,099,539301,73603,73370,8225,81595,1091
2021-09-27,Sutter,101,95872,13172,13082,264,13346,155
2021-09-27,Tehama,103,63373,7554,7345,1226,8571,88
2021-09-27,Trinity,105,12862,766,605,195,800,9
2021-09-27,Tulare,107,460477,63200,61708,12951,74659,904
2021-09-27,Tuolumne,109,53932,6395,6264,79,6343,89
2021-09-27,Ventura,111,848112,95325,94477,4121,98598,1138
2021-09-27,Yolo,113,214977,18773,18524,883,19407,239
2021-09-27,Yuba,115,75493,9415,9292,211,9503,64
2021-09-26,Alameda,001,1643700,115062,114601,2565,117166,1326
2021-09-26,Alpine,003,1148,99,101,0,101,0
2021-09-26,Amador,005,37829,5115,5001,50,5051,59
2021-09-26,Butte,007,227075,19087,18634,3478,22112,238
2021-09-26,Calaveras,009,45235,3582,3505,41,3546,70
2021-09-26,Colusa,011,21464,2418,2392,550,2942,18
2021-09-26,Contra Costa,013,1133247,95713,94877,1951,96828,924
2021-09-26,Del Norte,015,27424,3538,3466,31,3497,37
2021-09-26,El Dorado,017,186661,15002,14738,1545,16283,132
2021-09-26,Fresno,019,978130,129323,127235,11566,138801,1939
2021-09-26,Glenn,021,27897,3262,3182,930,4112,26
2021-09-26,Humboldt,023,135768,8261,8098,422,8520,91
2021-09-26,Imperial,025,180216,31724,31462,2954,34416,756
2021-09-26,Inyo,027,18085,1747,1685,32,1717,39
2021-09-26,Kern,029,883053,118820,116927,18646,135573,1502
2021-09-26,Kings,031,150075,29560,28930,1662,30592,293
2021-09-26,Lake,033,64148,6228,6113,122,6235,95
2021-09-26,Lassen,035,31185,6423,6319,286,6605,25
2021-09-26,Los Angeles,037,10098052,1403144,1390577,51163,1441740,26035
2021-09-26,Madera,039,155013,21072,20629,1691,22320,262
2021-09-26,Marin,041,260295,17003,16860,400,17260,242
2021-09-26,Mariposa,043,17540,987,929,33,962,5
2021-09-26,Mendocino,045,87422,6932,6744,356,7100,74
2021-09-26,Merced,047,269075,39089,38717,1512,40229,548
2021-09-26,Modoc,049,8938,475,465,165,630,5
2021-09-26,Mono,051,14174,1550,1516,20,1536,3
2021-09-26,Monterey,053,433212,47654,46792,2582,49374,571
2021-09-26,Napa,055,140530,12431,12340,86,12426,95
2021-09-26,Nevada,057,99092,8487,8356,288,8644,84
2021-09-26,Orange,059,3164182,298572,296085,13992,310077,5409
2021-09-26,Placer,061,380077,34591,34043,3238,37281,370
2021-09-26,Plumas,063,18699,1322,1268,25,1293,6
2021-09-26,Riverside,065,2383286,350062,345257,15778,361035,4864
2021-09-26,Sacramento,067,1510023,149768,148745,3870,152615,2071
2021-09-26,San Benito,069,59416,7026,7012,144,7156,67
2021-09-26,San Bernardino,071,2135413,342178,339771,10583,350354,5545
2021-09-26,San Diego,073,3302833,356705,354414,20995,375409,4051
2021-09-26,San Francisco,075,870044,50735,50092,2134,52226,622
2021-09-26,San Joaquin,077,732212,94992,93935,5004,98939,1633
2021-09-26,San Luis Obispo,079,281455,28139,27624,1117,28741,319
2021-09-26,San Mateo,081,765935,52363,51496,780,52276,571
2021-09-26,Santa Barbara,083,443738,42451,41946,1461,43407,505
2021-09-26,Santa Clara,085,1922200,141811,140667,1107,141774,1852
2021-09-26,Santa Cruz,087,273765,19563,19279,963,20242,214
2021-09-26,Shasta,089,179085,19007,18566,3114,21680,266
2021-09-26,Sierra,091,2930,135,128,13,141,0
2021-09-26,Siskiyou,093,43540,3122,2998,1111,4109,42
2021-09-26,Solano,095,438530,44322,43537,1145,44682,314
2021-09-26,Sonoma,097,501317,39572,39302,485,39787,370
2021-09-26,Stanislaus,099,539301,73403,73243,8197,81440,1091
2021-09-26,Sutter,101,95872,13135,13045,263,13308,155
2021-09-26,Tehama,103,63373,7497,7323,1215,8538,88
2021-09-26,Trinity,105,12862,763,591,195,786,9
2021-09-26,Tulare,107,460477,62979,61560,12874,74434,904
2021-09-26,Tuolumne,109,53932,6367,6236,77,6313,89
2021-09-26,Ventura,111,848112,95211,94391,4114,98505,1138
2021-09-26,Yolo,113,214977,18736,18496,875,19371,239
2021-09-26,Yuba,115,75493,9388,9275,211,9486,64
2021-09-25,Alameda,001,1643700,114983,114014,2562,116576,1324
2021-09-25,Alpine,003,1148,99,101,0,101,0
2021-09-25,Amador,005,37829,5101,4934,50,4984,59
2021-09-25,Butte,007,227075,19058,18396,3470,21866,236
2021-09-25,Calaveras,009,45235,3579,3461,41,3502,70
2021-09-25,Colusa,011,21464,2415,2387,548,2935,16
2021-09-25,Contra Costa,013,1133247,95642,94337,1947,96284,924
2021-09-25,Del Norte,015,27424,3537,3404,31,3435,35
2021-09-25,El Dorado,017,186661,14979,14641,1541,16182,130
2021-09-25,Fresno,019,978130,129178,126299,11550,137849,1927
2021-09-25,Glenn,021,27897,3257,3144,929,4073,25
2021-09-25,Humboldt,023,135768,8242,8014,420,8434,88
2021-09-25,Imperial,025,180216,31697,31280,2954,34234,755
2021-09-25,Inyo,027,18085,1739,1657,32,1689,39
2021-09-25,Kern,029,883053,118665,116021,18579,134600,1485
2021-09-25,Kings,031,150075,29509,28636,1659,30295,293
2021-09-25,Lake,033,64148,6223,6046,120,6166,92
2021-09-25,Lassen,035,31185,6411,6248,285,6533,25
2021-09-25,Los Angeles,037,10098052,1402434,1386417,51121,1437538,25964
2021-09-25,Madera,039,155013,21047,20432,1685,22117,262
2021-09-25,Marin,041,260295,16994,16802,398,17200,242
2021-09-25,Mariposa,043,17540,982,906,33,939,5
2021-09-25,Mendocino,045,87422,6913,6657,355,7012,74
2021-09-25,Merced,047,269075,39043,38393,1510,39903,546
2021-09-25,Modoc,049,8938,475,460,165,625,5
2021-09-25,Mono,051,14174,1547,1501,20,1521,3
2021-09-25,Monterey,053,433212,47624,46653,2580,49233,567
2021-09-25,Napa,055,140530,12411,12266,86,12352,95
2021-09-25,Nevada,057,99092,8470,8285,288,8573,84
2021-09-25,Orange,059,3164182,298399,294514,13975,308489,5374
2021-09-25,Placer,061,380077,34527,33764,3236,37000,367
2021-09-25,Plumas,063,18699,1318,1238,25,1263,6
2021-09-25,Riverside,065,2383286,349739,343463,15770,359233,4843
2021-09-25,Sacramento,067,1510023,149593,147728,3862,151590,2049
2021-09-25,San Benito,069,59416,7021,6965,144,7109,67
2021-09-25,San Bernardino,071,2135413,341940,338413,10570,348983,5540
2021-09-25,San Diego,073,3302833,356360,352017,20969,372986,4039
2021-09-25,San Francisco,075,870044,50691,49840,2133,51973,615
2021-09-25,San Joaquin,077,732212,94906,93273,5002,98275,1628
2021-09-25,San Luis Obispo,079,281455,28101,27447,1113,28560,318
2021-09-25,San Mateo,081,765935,52299,51266,778,52044,568
2021-09-25,Santa Barbara,083,443738,42393,41728,1461,43189,505
2021-09-25,Santa Clara,085,1922200,141704,140023,1105,141128,1844
2021-09-25,Santa Cruz,087,273765,19547,19200,961,20161,214
2021-09-25,Shasta,089,179085,18956,18256,3105,21361,262
2021-09-25,Sierra,091,2930,134,127,13,140,0
2021-09-25,Siskiyou,093,43540,3115,2956,1101,4057,41
2021-09-25,Solano,095,438530,44281,43331,1142,44473,312
2021-09-25,Sonoma,097,501317,39532,39112,485,39597,369
2021-09-25,Stanislaus,099,539301,73293,72628,8183,80811,1091
2021-09-25,Sutter,101,95872,13117,12976,260,13236,154
2021-09-25,Tehama,103,63373,7481,7200,1213,8413,86
2021-09-25,Trinity,105,12862,763,576,195,771,9
2021-09-25,Tulare,107,460477,62897,60909,12831,73740,898
2021-09-25,Tuolumne,109,53932,6355,6168,77,6245,89
2021-09-25,Ventura,111,848112,95144,94059,4110,98169,1129
2021-09-25,Yolo,113,214977,18714,18393,874,19267,239
2021-09-25,Yuba,115,75493,9368,9191,211,9402,61
2021-09-24,Alameda,001,1643700,114878,114014,2558,116572,1324
2021-09-24,Alpine,003,1148,99,101,0,101,0
2021-09-24,Amador,005,37829,5071,4934,50,4984,59
2021-09-24,Butte,007,227075,19005,18396,3459,21855,236
2021-09-24,Calaveras,009,45235,3572,3461,40,3501,70
2021-09-24,Colusa,011,21464,2412,2387,547,2934,16
2021-09-24,Contra Costa,013,1133247,95532,94337,1943,96280,924
2021-09-24,Del Norte,015,27424,3534,3404,31,3435,35
2021-09-24,El Dorado,017,186661,14961,14641,1539,16180,130
2021-09-24,Fresno,019,978130,128980,126299,11538,137837,1927
2021-09-24,Glenn,021,27897,3249,3144,929,4073,25
2021-09-24,Humboldt,023,135768,8223,8014,417,8431,88
2021-09-24,Imperial,025,180216,31659,31280,2952,34232,755
2021-09-24,Inyo,027,18085,1730,1657,32,1689,39
2021-09-24,Kern,029,883053,118529,116021,18513,134534,1485
2021-09-24,Kings,031,150075,29468,28636,1655,30291,293
2021-09-24,Lake,033,64148,6215,6046,120,6166,92
2021-09-24,Lassen,035,31185,6403,6248,284,6532,25
2021-09-24,Los Angeles,037,10098052,1401547,1386417,51080,1437497,25964
2021-09-24,Madera,039,155013,21016,20432,1676,22108,262
2021-09-24,Marin,041,260295,16980,16802,397,17199,242
2021-09-24,Mariposa,043,17540,970,906,33,939,5
2021-09-24,Mendocino,045,87422,6900,6657,355,7012,74
2021-09-24,Merced,047,269075,38998,38393,1510,39903,546
2021-09-24,Modoc,049,8938,475,460,164,624,5
2021-09-24,Mono,051,14174,1542,1501,20,1521,3
2021-09-24,Monterey,053,433212,47603,46653,2572,49225,567
2021-09-24,Napa,055,140530,12391,12266,86,12352,95
2021-09-24,Nevada,057,99092,8456,8285,285,8570,84
2021-09-24,Orange,059,3164182,298192,294514,13957,308471,5374
2021-09-24,Placer,061,380077,34472,33764,3224,36988,367
2021-09-24,Plumas,063,18699,1314,1238,25,1263,6
2021-09-24,Riverside,065,2383286,349405,343463,15763,359226,4843
2021-09-24,Sacramento,067,1510023,149407,147728,3858,151586,2049
2021-09-24,San Benito,069,59416,7015,6965,144,7109,67
2021-09-24,San Bernardino,071,2135413,341671,338413,10560,348973,5540
2021-09-24,San Diego,073,3302833,356009,352017,20954,372971,4039
2021-09-24,San Francisco,075,870044,50627,49840,2126,51966,615
2021-09-24,San Joaquin,077,732212,94793,93273,5000,98273,1628
2021-09-24,San Luis Obispo,079,281455,28070,27447,1108,28555,318
2021-09-24,San Mateo,081,765935,52239,51266,777,52043,568
2021-09-24,Santa Barbara,083,443738,42353,41728,1460,43188,505
2021-09-24,Santa Clara,085,1922200,141591,140023,1104,141127,1844
2021-09-24,Santa Cruz,087,273765,19524,19200,960,20160,214
2021-09-24,Shasta,089,179085,18902,18256,3091,21347,262
2021-09-24,Sierra,091,2930,133,127,13,140,0
2021-09-24,Siskiyou,093,43540,3106,2956,1095,4051,41
2021-09-24,Solano,095,438530,44243,43331,1140,44471,312
2021-09-24,Sonoma,097,501317,39499,39112,485,39597,369
2021-09-24,Stanislaus,099,539301,73177,72628,8168,80796,1091
2021-09-24,Sutter,101,95872,13098,12976,259,13235,154
2021-09-24,Tehama,103,63373,7468,7200,1208,8408,86
2021-09-24,Trinity,105,12862,760,576,195,771,9
2021-09-24,Tulare,107,460477,62808,60909,12789,73698,898
2021-09-24,Tuolumne,109,53932,6326,6168,77,6245,89
2021-09-24,Ventura,111,848112,95066,94059,4103,98162,1129
2021-09-24,Yolo,113,214977,18683,18393,870,19263,239
2021-09-24,Yuba,115,75493,9349,9191,211,9402,61
2021-09-23,Alameda,001,1643700,114721,114014,2552,116566,1324
2021-09-23,Alpine,003,1148,99,101,0,101,0
2021-09-23,Amador,005,37829,5058,4934,50,4984,59
2021-09-23,Butte,007,227075,18943,18396,3434,21830,236
2021-09-23,Calaveras,009,45235,3551,3461,40,3501,70
2021-09-23,Colusa,011,21464,2410,2387,544,2931,16
2021-09-23,Contra Costa,013,1133247,95391,94337,1936,96273,924
2021-09-23,Del Norte,015,27424,3525,3404,30,3434,35
2021-09-23,El Dorado,017,186661,14935,14641,1533,16174,130
2021-09-23,Fresno,019,978130,128683,126299,11519,137818,1927
2021-09-23,Glenn,021,27897,3235,3144,926,4070,25
2021-09-23,Humboldt,023,135768,8200,8014,415,8429,88
2021-09-23,Imperial,025,180216,31623,31280,2952,34232,755
2021-09-23,Inyo,027,18085,1716,1657,32,1689,39
2021-09-23,Kern,029,883053,118271,116021,18433,134454,1485
2021-09-23,Kings,031,150075,29364,28636,1646,30282,293
2021-09-23,Lake,033,64148,6205,6046,120,6166,92
2021-09-23,Lassen,035,31185,6394,6248,279,6527,25
2021-09-23,Los Angeles,037,10098052,1400350,1386417,51016,1437433,25964
2021-09-23,Madera,039,155013,20932,20432,1672,22104,262
2021-09-23,Marin,041,260295,16965,16802,394,17196,242
2021-09-23,Mariposa,043,17540,957,906,33,939,5
2021-09-23,Mendocino,045,87422,6877,6657,350,7007,74
2021-09-23,Merced,047,269075,38893,38393,1503,39896,546
2021-09-23,Modoc,049,8938,474,460,164,624,5
2021-09-23,Mono,051,14174,1539,1501,20,1521,3
2021-09-23,Monterey,053,433212,47554,46653,2561,49214,567
2021-09-23,Napa,055,140530,12374,12266,86,12352,95
2021-09-23,Nevada,057,99092,8429,8285,285,8570,84
2021-09-23,Orange,059,3164182,297895,294514,13933,308447,5374
2021-09-23,Placer,061,380077,34396,33764,3218,36982,367
2021-09-23,Plumas,063,18699,1297,1238,24,1262,6
2021-09-23,Riverside,065,2383286,348952,343463,15756,359219,4843
2021-09-23,Sacramento,067,1510023,149084,147728,3839,151567,2049
2021-09-23,San Benito,069,59416,7004,6965,144,7109,67
2021-09-23,San Bernardino,071,2135413,341305,338413,10544,348957,5540
2021-09-23,San Diego,073,3302833,355553,352017,20915,372932,4039
2021-09-23,San Francisco,075,870044,50554,49840,2124,51964,615
2021-09-23,San Joaquin,077,732212,94620,93273,4985,98258,1628
2021-09-23,San Luis Obispo,079,281455,28027,27447,1106,28553,318
2021-09-23,San Mateo,081,765935,52164,51266,776,52042,568
2021-09-23,Santa Barbara,083,443738,42275,41728,1457,43185,505
2021-09-23,Santa Clara,085,1922200,141439,140023,1097,141120,1844
2021-09-23,Santa Cruz,087,273765,19493,19200,960,20160,214
2021-09-23,Shasta,089,179085,18822,18256,3074,21330,262
2021-09-23,Sierra,091,2930,133,127,13,140,0
2021-09-23,Siskiyou,093,43540,3102,2956,1084,4040,41
2021-09-23,Solano,095,438530,44175,43331,1137,44468,312
2021-09-23,Sonoma,097,501317,39440,39112,482,39594,369
2021-09-23,Stanislaus,099,539301,73020,72628,8136,80764,1091
2021-09-23,Sutter,101,95872,13069,12976,259,13235,154
2021-09-23,Tehama,103,63373,7427,7200,1203,8403,86
2021-09-23,Trinity,105,12862,746,576,194,770,9
2021-09-23,Tulare,107,460477,62631,60909,12735,73644,898
2021-09-23,Tuolumne,109,53932,6301,6168,76,6244,89
2021-09-23,Ventura,111,848112,94962,94059,4096,98155,1129
2021-09-23,Yolo,113,214977,18652,18393,865,19258,239
2021-09-23,Yuba,115,75493,9320,9191,210,9401,61
2021-09-22,Alameda,001,1643700,114566,113862,2548,116410,1322
2021-09-22,Alpine,003,1148,99,100,0,100,0
2021-09-22,Amador,005,37829,5042,4915,50,4965,59
2021-09-22,Butte,007,227075,18882,18337,3416,21753,235
2021-09-22,Calaveras,009,45235,3535,3448,40,3488,70
2021-09-22,Colusa,011,21464,2405,2384,543,2927,16
2021-09-22,Contra Costa,013,1133247,95204,94209,1927,96136,924
2021-09-22,Del Norte,015,27424,3514,3386,29,3415,35
2021-09-22,El Dorado,017,186661,14899,14605,1527,16132,127
2021-09-22,Fresno,019,978130,128427,126006,11504,137510,1908
2021-09-22,Glenn,021,27897,3228,3138,925,4063,25
2021-09-22,Humboldt,023,135768,8178,7998,407,8405,80
2021-09-22,Imperial,025,180216,31571,31243,2945,34188,755
2021-09-22,Inyo,027,18085,1706,1651,32,1683,39
2021-09-22,Kern,029,883053,118029,115757,18311,134068,1477
2021-09-22,Kings,031,150075,29279,28589,1640,30229,292
2021-09-22,Lake,033,64148,6193,6035,120,6155,93
2021-09-22,Lassen,035,31185,6374,6209,275,6484,25
2021-09-22,Los Angeles,037,10098052,1399027,1384719,50961,1435680,25930
2021-09-22,Madera,039,155013,20875,20382,1662,22044,262
2021-09-22,Marin,041,260295,16954,16782,391,17173,242
2021-09-22,Mariposa,043,17540,951,901,33,934,5
2021-09-22,Mendocino,045,87422,6851,6624,344,6968,70
2021-09-22,Merced,047,269075,38761,38305,1501,39806,541
2021-09-22,Modoc,049,8938,471,458,164,622,5
2021-09-22,Mono,051,14174,1530,1496,19,1515,3
2021-09-22,Monterey,053,433212,47503,46615,2554,49169,566
2021-09-22,Napa,055,140530,12352,12248,85,12333,95
2021-09-22,Nevada,057,99092,8406,8273,282,8555,84
2021-09-22,Orange,059,3164182,297619,294214,13916,308130,5366
2021-09-22,Placer,061,380077,34308,33661,3205,36866,367
2021-09-22,Plumas,063,18699,1284,1230,24,1254,6
2021-09-22,Riverside,065,2383286,348417,342946,15731,358677,4830
2021-09-22,Sacramento,067,1510023,148779,147533,3810,151343,2043
2021-09-22,San Benito,069,59416,6993,6961,142,7103,67
2021-09-22,San Bernardino,071,2135413,340911,337938,10535,348473,5528
2021-09-22,San Diego,073,3302833,355102,351132,20891,372023,4027
2021-09-22,San Francisco,075,870044,50469,49734,2119,51853,610
2021-09-22,San Joaquin,077,732212,94388,93010,4961,97971,1626
2021-09-22,San Luis Obispo,079,281455,27977,27398,1102,28500,315
2021-09-22,San Mateo,081,765935,52091,51197,772,51969,568
2021-09-22,Santa Barbara,083,443738,42212,41678,1456,43134,504
2021-09-22,Santa Clara,085,1922200,141274,139803,1090,140893,1844
2021-09-22,Santa Cruz,087,273765,19455,19177,959,20136,214
2021-09-22,Shasta,089,179085,18732,18153,3063,21216,260
2021-09-22,Sierra,091,2930,133,127,13,140,0
2021-09-22,Siskiyou,093,43540,3085,2947,1074,4021,41
2021-09-22,Solano,095,438530,44110,43269,1136,44405,312
2021-09-22,Sonoma,097,501317,39387,39063,481,39544,369
2021-09-22,Stanislaus,099,539301,72855,72355,8117,80472,1091
2021-09-22,Sutter,101,95872,13049,12960,256,13216,153
2021-09-22,Tehama,103,63373,7400,7173,1200,8373,86
2021-09-22,Trinity,105,12862,745,572,194,766,9
2021-09-22,Tulare,107,460477,62420,60776,12666,73442,896
2021-09-22,Tuolumne,109,53932,6280,6155,75,6230,89
2021-09-22,Ventura,111,848112,94856,93978,4091,98069,1122
2021-09-22,Yolo,113,214977,18613,18342,858,19200,239
2021-09-22,Yuba,115,75493,9291,9169,205,9374,61
2021-09-21,Alameda,001,1643700,114413,113765,2548,116313,1321
2021-09-21,Alpine,003,1148,99,100,0,100,0
2021-09-21,Amador,005,37829,5020,4897,50,4947,59
2021-09-21,Butte,007,227075,18786,18229,3375,21604,232
2021-09-21,Calaveras,009,45235,3518,3437,40,3477,70
2021-09-21,Colusa,011,21464,2402,2378,542,2920,16
2021-09-21,Contra Costa,013,1133247,95010,94101,1913,96014,924
2021-09-21,Del Norte,015,27424,3502,3378,29,3407,34
2021-09-21,El Dorado,017,186661,14869,14578,1520,16098,127
2021-09-21,Fresno,019,978130,128075,125789,11477,137266,1892
2021-09-21,Glenn,021,27897,3221,3134,921,4055,25
2021-09-21,Humboldt,023,135768,8146,7955,402,8357,80
2021-09-21,Imperial,025,180216,31515,31185,2943,34128,755
2021-09-21,Inyo,027,18085,1696,1646,32,1678,39
2021-09-21,Kern,029,883053,117736,115534,18198,133732,1467
2021-09-21,Kings,031,150075,29191,28545,1632,30177,291
2021-09-21,Lake,033,64148,6170,6013,120,6133,90
2021-09-21,Lassen,035,31185,6356,6159,271,6430,25
2021-09-21,Los Angeles,037,10098052,1397572,1383277,50907,1434184,25893
2021-09-21,Madera,039,155013,20815,20317,1652,21969,262
2021-09-21,Marin,041,260295,16939,16748,390,17138,242
2021-09-21,Mariposa,043,17540,946,894,32,926,5
2021-09-21,Mendocino,045,87422,6813,6580,333,6913,68
2021-09-21,Merced,047,269075,38637,38225,1497,39722,539
2021-09-21,Modoc,049,8938,468,458,164,622,5
2021-09-21,Mono,051,14174,1528,1495,18,1513,3
2021-09-21,Monterey,053,433212,47435,46583,2542,49125,565
2021-09-21,Napa,055,140530,12331,12238,85,12323,95
2021-09-21,Nevada,057,99092,8379,8259,274,8533,84
2021-09-21,Orange,059,3164182,297287,293898,13886,307784,5357
2021-09-21,Placer,061,380077,34207,33609,3194,36803,365
2021-09-21,Plumas,063,18699,1277,1225,24,1249,5
2021-09-21,Riverside,065,2383286,347858,342460,15707,358167,4817
2021-09-21,Sacramento,067,1510023,148398,147378,3782,151160,2027
2021-09-21,San Benito,069,59416,6982,6950,141,7091,67
2021-09-21,San Bernardino,071,2135413,340471,337387,10518,347905,5520
2021-09-21,San Diego,073,3302833,354496,350265,20865,371130,4021
2021-09-21,San Francisco,075,870044,50371,49653,2115,51768,609
2021-09-21,San Joaquin,077,732212,94154,92762,4950,97712,1621
2021-09-21,San Luis Obispo,079,281455,27918,27318,1098,28416,314
2021-09-21,San Mateo,081,765935,52022,51136,772,51908,568
2021-09-21,Santa Barbara,083,443738,42143,41644,1452,43096,503
2021-09-21,Santa Clara,085,1922200,141057,139657,1086,140743,1843
2021-09-21,Santa Cruz,087,273765,19425,19140,958,20098,212
2021-09-21,Shasta,089,179085,18604,18027,3039,21066,258
2021-09-21,Sierra,091,2930,133,127,13,140,0
2021-09-21,Siskiyou,093,43540,3071,2927,1060,3987,36
2021-09-21,Solano,095,438530,44034,43220,1136,44356,311
2021-09-21,Sonoma,097,501317,39334,39042,481,39523,369
2021-09-21,Stanislaus,099,539301,72671,72211,8097,80308,1091
2021-09-21,Sutter,101,95872,13026,12930,253,13183,153
2021-09-21,Tehama,103,63373,7354,7151,1196,8347,85
2021-09-21,Trinity,105,12862,734,572,192,764,9
2021-09-21,Tulare,107,460477,62205,60607,12605,73212,896
2021-09-21,Tuolumne,109,53932,6247,6139,75,6214,89
2021-09-21,Ventura,111,848112,94751,93818,4083,97901,1120
2021-09-21,Yolo,113,214977,18577,18313,855,19168,239
2021-09-21,Yuba,115,75493,9263,9135,205,9340,61
2021-09-20,Alameda,001,1643700,114232,113637,2544,116181,1320
2021-09-20,Alpine,003,1148,99,100,0,100,0
2021-09-20,Amador,005,37829,5002,4883,49,4932,59
2021-09-20,Butte,007,227075,18704,18135,3360,21495,231
2021-09-20,Calaveras,009,45235,3496,3395,39,3434,66
2021-09-20,Colusa,011,21464,2400,2376,539,2915,16
2021-09-20,Contra Costa,013,1133247,94861,93919,1907,95826,924
2021-09-20,Del Norte,015,27424,3494,3374,28,3402,34
2021-09-20,El Dorado,017,186661,14836,14545,1508,16053,127
2021-09-20,Fresno,019,978130,127660,125287,11451,136738,1889
2021-09-20,Glenn,021,27897,3210,3112,918,4030,25
2021-09-20,Humboldt,023,135768,8111,7938,397,8335,80
2021-09-20,Imperial,025,180216,31432,31146,2942,34088,755
2021-09-20,Inyo,027,18085,1688,1641,31,1672,39
2021-09-20,Kern,029,883053,117397,115271,18067,133338,1459
2021-09-20,Kings,031,150075,29104,28471,1626,30097,285
2021-09-20,Lake,033,64148,6155,5984,119,6103,87
2021-09-20,Lassen,035,31185,6326,6132,271,6403,25
2021-09-20,Los Angeles,037,10098052,1396049,1382206,50827,1433033,25858
2021-09-20,Madera,039,155013,20762,20203,1645,21848,257
2021-09-20,Marin,041,260295,16914,16732,388,17120,242
2021-09-20,Mariposa,043,17540,935,887,32,919,5
2021-09-20,Mendocino,045,87422,6779,6568,328,6896,67
2021-09-20,Merced,047,269075,38526,38144,1486,39630,536
2021-09-20,Modoc,049,8938,467,457,162,619,5
2021-09-20,Mono,051,14174,1522,1480,18,1498,3
2021-09-20,Monterey,053,433212,47393,46506,2524,49030,565
2021-09-20,Napa,055,140530,12306,12209,84,12293,95
2021-09-20,Nevada,057,99092,8359,8228,272,8500,84
2021-09-20,Orange,059,3164182,296944,293642,13859,307501,5354
2021-09-20,Placer,061,380077,34117,33531,3179,36710,364
2021-09-20,Plumas,063,18699,1272,1211,24,1235,5
2021-09-20,Riverside,065,2383286,347358,341961,15694,357655,4802
2021-09-20,Sacramento,067,1510023,148025,147016,3748,150764,2016
2021-09-20,San Benito,069,59416,6973,6947,140,7087,67
2021-09-20,San Bernardino,071,2135413,340068,337059,10502,347561,5507
2021-09-20,San Diego,073,3302833,353824,349579,20828,370407,4009
2021-09-20,San Francisco,075,870044,50265,49559,2114,51673,605
2021-09-20,San Joaquin,077,732212,93911,92614,4937,97551,1615
2021-09-20,San Luis Obispo,079,281455,27842,27259,1090,28349,313
2021-09-20,San Mateo,081,765935,51935,51100,769,51869,567
2021-09-20,Santa Barbara,083,443738,42044,41589,1448,43037,500
2021-09-20,Santa Clara,085,1922200,140857,139578,1084,140662,1841
2021-09-20,Santa Cruz,087,273765,19393,19121,958,20079,211
2021-09-20,Shasta,089,179085,18505,17893,3009,20902,258
2021-09-20,Sierra,091,2930,131,126,13,139,0
2021-09-20,Siskiyou,093,43540,3049,2902,1047,3949,35
2021-09-20,Solano,095,438530,43966,43152,1128,44280,312
2021-09-20,Sonoma,097,501317,39288,38991,481,39472,369
2021-09-20,Stanislaus,099,539301,72472,72031,8078,80109,1091
2021-09-20,Sutter,101,95872,12990,12896,248,13144,153
2021-09-20,Tehama,103,63373,7322,7121,1184,8305,84
2021-09-20,Trinity,105,12862,728,568,191,759,7
2021-09-20,Tulare,107,460477,62003,60302,12552,72854,896
2021-09-20,Tuolumne,109,53932,6221,6113,75,6188,89
2021-09-20,Ventura,111,848112,94638,93700,4077,97777,1120
2021-09-20,Yolo,113,214977,18531,18287,853,19140,239
2021-09-20,Yuba,115,75493,9228,9107,203,9310,61
2021-09-19,Alameda,001,1643700,114019,113446,2539,115985,1320
2021-09-19,Alpine,003,1148,99,100,0,100,0
2021-09-19,Amador,005,37829,4962,4875,48,4923,59
2021-09-19,Butte,007,227075,18610,18063,3332,21395,230
2021-09-19,Calaveras,009,45235,3472,3390,36,3426,66
2021-09-19,Colusa,011,21464,2398,2375,537,2912,16
2021-09-19,Contra Costa,013,1133247,94676,93788,1897,95685,924
2021-09-19,Del Norte,015,27424,3468,3344,27,3371,34
2021-09-19,El Dorado,017,186661,14783,14512,1502,16014,127
2021-09-19,Fresno,019,978130,127255,124985,11406,136391,1888
2021-09-19,Glenn,021,27897,3201,3102,915,4017,25
2021-09-19,Humboldt,023,135768,8065,7914,395,8309,80
2021-09-19,Imperial,025,180216,31363,31122,2939,34061,755
2021-09-19,Inyo,027,18085,1679,1639,31,1670,39
2021-09-19,Kern,029,883053,117085,115074,17961,133035,1459
2021-09-19,Kings,031,150075,28977,28416,1617,30033,284
2021-09-19,Lake,033,64148,6124,5962,119,6081,87
2021-09-19,Lassen,035,31185,6306,6129,265,6394,25
2021-09-19,Los Angeles,037,10098052,1394068,1381200,50734,1431934,25852
2021-09-19,Madera,039,155013,20684,20161,1635,21796,257
2021-09-19,Marin,041,260295,16885,16711,386,17097,242
2021-09-19,Mariposa,043,17540,927,881,32,913,5
2021-09-19,Mendocino,045,87422,6734,6538,322,6860,67
2021-09-19,Merced,047,269075,38369,38068,1477,39545,535
2021-09-19,Modoc,049,8938,464,457,160,617,5
2021-09-19,Mono,051,14174,1517,1480,18,1498,3
2021-09-19,Monterey,053,433212,47338,46486,2521,49007,565
2021-09-19,Napa,055,140530,12285,12190,82,12272,95
2021-09-19,Nevada,057,99092,8331,8203,270,8473,84
2021-09-19,Orange,059,3164182,296575,293258,13837,307095,5354
2021-09-19,Placer,061,380077,34004,33406,3161,36567,364
2021-09-19,Plumas,063,18699,1264,1211,24,1235,5
2021-09-19,Riverside,065,2383286,346765,341566,15685,357251,4804
2021-09-19,Sacramento,067,1510023,147662,146603,3703,150306,2012
2021-09-19,San Benito,069,59416,6954,6942,140,7082,67
2021-09-19,San Bernardino,071,2135413,339572,336688,10490,347178,5506
2021-09-19,San Diego,073,3302833,353120,349225,20791,370016,4006
2021-09-19,San Francisco,075,870044,50157,49458,2105,51563,605
2021-09-19,San Joaquin,077,732212,93615,92467,4926,97393,1615
2021-09-19,San Luis Obispo,079,281455,27741,27208,1081,28289,313
2021-09-19,San Mateo,081,765935,51837,51028,768,51796,567
2021-09-19,Santa Barbara,083,443738,41938,41512,1448,42960,500
2021-09-19,Santa Clara,085,1922200,140670,139410,1079,140489,1841
2021-09-19,Santa Cruz,087,273765,19354,19096,958,20054,211
2021-09-19,Shasta,089,179085,18391,17813,2974,20787,258
2021-09-19,Sierra,091,2930,130,126,13,139,0
2021-09-19,Siskiyou,093,43540,3023,2882,1038,3920,35
2021-09-19,Solano,095,438530,43877,43056,1123,44179,312
2021-09-19,Sonoma,097,501317,39217,38956,477,39433,369
2021-09-19,Stanislaus,099,539301,72227,71830,8053,79883,1091
2021-09-19,Sutter,101,95872,12963,12868,241,13109,153
2021-09-19,Tehama,103,63373,7268,7081,1175,8256,84
2021-09-19,Trinity,105,12862,717,562,189,751,7
2021-09-19,Tulare,107,460477,61742,60160,12459,72619,896
2021-09-19,Tuolumne,109,53932,6180,6097,75,6172,89
2021-09-19,Ventura,111,848112,94476,93491,4068,97559,1120
2021-09-19,Yolo,113,214977,18483,18238,847,19085,239
2021-09-19,Yuba,115,75493,9202,9087,202,9289,61
2021-09-18,Alameda,001,1643700,113919,113300,2538,115838,1320
2021-09-18,Alpine,003,1148,99,100,0,100,0
2021-09-18,Amador,005,37829,4952,4850,48,4898,59
2021-09-18,Butte,007,227075,18571,17961,3316,21277,230
2021-09-18,Calaveras,009,45235,3467,3361,35,3396,66
2021-09-18,Colusa,011,21464,2398,2373,536,2909,16
2021-09-18,Contra Costa,013,1133247,94586,93656,1893,95549,924
2021-09-18,Del Norte,015,27424,3460,3326,25,3351,34
2021-09-18,El Dorado,017,186661,14760,14472,1499,15971,127
2021-09-18,Fresno,019,978130,127113,124771,11388,136159,1889
2021-09-18,Glenn,021,27897,3192,3086,912,3998,25
2021-09-18,Humboldt,023,135768,8051,7881,394,8275,80
2021-09-18,Imperial,025,180216,31339,31096,2938,34034,755
2021-09-18,Inyo,027,18085,1673,1636,31,1667,39
2021-09-18,Kern,029,883053,116930,114781,17897,132678,1459
2021-09-18,Kings,031,150075,28929,28330,1612,29942,285
2021-09-18,Lake,033,64148,6107,5936,119,6055,87
2021-09-18,Lassen,035,31185,6296,6121,263,6384,25
2021-09-18,Los Angeles,037,10098052,1393305,1379880,50684,1430564,25849
2021-09-18,Madera,039,155013,20640,20126,1625,21751,257
2021-09-18,Marin,041,260295,16868,16685,385,17070,242
2021-09-18,Mariposa,043,17540,924,871,32,903,5
2021-09-18,Mendocino,045,87422,6713,6523,322,6845,67
2021-09-18,Merced,047,269075,38333,37977,1471,39448,535
2021-09-18,Modoc,049,8938,464,457,159,616,5
2021-09-18,Mono,051,14174,1514,1480,18,1498,3
2021-09-18,Monterey,053,433212,47300,46466,2518,48984,565
2021-09-18,Napa,055,140530,12273,12168,82,12250,95
2021-09-18,Nevada,057,99092,8314,8183,270,8453,84
2021-09-18,Orange,059,3164182,296381,293005,13823,306828,5354
2021-09-18,Placer,061,380077,33932,33309,3158,36467,364
2021-09-18,Plumas,063,18699,1263,1204,24,1228,5
2021-09-18,Riverside,065,2383286,346380,341136,15671,356807,4802
2021-09-18,Sacramento,067,1510023,147479,146162,3694,149856,2016
2021-09-18,San Benito,069,59416,6949,6937,140,7077,67
2021-09-18,San Bernardino,071,2135413,339298,336380,10477,346857,5501
2021-09-18,San Diego,073,3302833,352729,348848,20778,369626,4006
2021-09-18,San Francisco,075,870044,50094,49359,2100,51459,605
2021-09-18,San Joaquin,077,732212,93504,92242,4914,97156,1615
2021-09-18,San Luis Obispo,079,281455,27704,27181,1078,28259,313
2021-09-18,San Mateo,081,765935,51787,50961,766,51727,567
2021-09-18,Santa Barbara,083,443738,41873,41465,1448,42913,500
2021-09-18,Santa Clara,085,1922200,140550,139233,1076,140309,1841
2021-09-18,Santa Cruz,087,273765,19334,19079,958,20037,211
2021-09-18,Shasta,089,179085,18328,17777,2958,20735,258
2021-09-18,Sierra,091,2930,129,125,13,138,0
2021-09-18,Siskiyou,093,43540,3020,2875,1032,3907,35
2021-09-18,Solano,095,438530,43837,42966,1120,44086,312
2021-09-18,Sonoma,097,501317,39182,38891,475,39366,369
2021-09-18,Stanislaus,099,539301,72082,71587,8031,79618,1091
2021-09-18,Sutter,101,95872,12949,12829,241,13070,153
2021-09-18,Tehama,103,63373,7254,7055,1168,8223,84
2021-09-18,Trinity,105,12862,715,561,189,750,7
2021-09-18,Tulare,107,460477,61666,60003,12409,72412,896
2021-09-18,Tuolumne,109,53932,6165,6069,75,6144,89
2021-09-18,Ventura,111,848112,94408,93424,4063,97487,1120
2021-09-18,Yolo,113,214977,18456,18213,842,19055,239
2021-09-18,Yuba,115,75493,9188,9061,201,9262,61
2021-09-17,Alameda,001,1643700,113794,113070,2536,115606,1320
2021-09-17,Alpine,003,1148,99,99,0,99,0
2021-09-17,Amador,005,37829,4936,4835,47,4882,58
2021-09-17,Butte,007,227075,18519,17870,3306,21176,230
2021-09-17,Calaveras,009,45235,3455,3338,34,3372,66
2021-09-17,Colusa,011,21464,2397,2369,531,2900,16
2021-09-17,Contra Costa,013,1133247,94484,93485,1890,95375,924
2021-09-17,Del Norte,015,27424,3455,3311,23,3334,34
2021-09-17,El Dorado,017,186661,14741,14421,1497,15918,127
2021-09-17,Fresno,019,978130,126894,124296,11372,135668,1882
2021-09-17,Glenn,021,27897,3175,3072,908,3980,25
2021-09-17,Humboldt,023,135768,8030,7850,394,8244,80
2021-09-17,Imperial,025,180216,31313,31031,2937,33968,755
2021-09-17,Inyo,027,18085,1665,1634,31,1665,39
2021-09-17,Kern,029,883053,116739,114303,17800,132103,1456
2021-09-17,Kings,031,150075,28864,28240,1610,29850,281
2021-09-17,Lake,033,64148,6094,5915,119,6034,87
2021-09-17,Lassen,035,31185,6281,6080,261,6341,25
2021-09-17,Los Angeles,037,10098052,1392326,1377905,50618,1428523,25820
2021-09-17,Madera,039,155013,20589,20040,1613,21653,257
2021-09-17,Marin,041,260295,16855,16658,383,17041,242
2021-09-17,Mariposa,043,17540,922,869,32,901,5
2021-09-17,Mendocino,045,87422,6694,6498,322,6820,67
2021-09-17,Merced,047,269075,38287,37803,1469,39272,533
2021-09-17,Modoc,049,8938,464,456,159,615,5
2021-09-17,Mono,051,14174,1510,1457,18,1475,3
2021-09-17,Monterey,053,433212,47277,46421,2517,48938,564
2021-09-17,Napa,055,140530,12252,12153,82,12235,95
2021-09-17,Nevada,057,99092,8299,8157,270,8427,84
2021-09-17,Orange,059,3164182,296162,292685,13805,306490,5346
2021-09-17,Placer,061,380077,33872,33188,3148,36336,362
2021-09-17,Plumas,063,18699,1254,1192,23,1215,5
2021-09-17,Riverside,065,2383286,345980,340445,15660,356105,4792
2021-09-17,Sacramento,067,1510023,147279,145985,3683,149668,1999
2021-09-17,San Benito,069,59416,6946,6929,140,7069,67
2021-09-17,San Bernardino,071,2135413,338938,335810,10470,346280,5488
2021-09-17,San Diego,073,3302833,352305,348098,20761,368859,4002
2021-09-17,San Francisco,075,870044,50042,49249,2095,51344,605
2021-09-17,San Joaquin,077,732212,93366,91977,4903,96880,1610
2021-09-17,San Luis Obispo,079,281455,27670,27102,1067,28169,311
2021-09-17,San Mateo,081,765935,51734,50854,765,51619,564
2021-09-17,Santa Barbara,083,443738,41810,41354,1447,42801,498
2021-09-17,Santa Clara,085,1922200,140401,138939,1075,140014,1838
2021-09-17,Santa Cruz,087,273765,19310,19039,958,19997,211
2021-09-17,Shasta,089,179085,18258,17617,2945,20562,254
2021-09-17,Sierra,091,2930,129,124,13,137,0
2021-09-17,Siskiyou,093,43540,3005,2852,1032,3884,35
2021-09-17,Solano,095,438530,43774,42898,1116,44014,312
2021-09-17,Sonoma,097,501317,39145,38808,474,39282,369
2021-09-17,Stanislaus,099,539301,71975,71408,8013,79421,1091
2021-09-17,Sutter,101,95872,12933,12799,238,13037,153
2021-09-17,Tehama,103,63373,7231,7020,1156,8176,84
2021-09-17,Trinity,105,12862,710,556,188,744,7
2021-09-17,Tulare,107,460477,61551,59689,12374,72063,895
2021-09-17,Tuolumne,109,53932,6146,6047,75,6122,89
2021-09-17,Ventura,111,848112,94296,93273,4061,97334,1116
2021-09-17,Yolo,113,214977,18425,18177,838,19015,239
2021-09-17,Yuba,115,75493,9161,9019,200,9219,61
2021-09-16,Alameda,001,1643700,113619,112770,2533,115303,1318
2021-09-16,Alpine,003,1148,99,99,0,99,0
2021-09-16,Amador,005,37829,4916,4819,47,4866,58
2021-09-16,Butte,007,227075,18444,17750,3290,21040,230
2021-09-16,Calaveras,009,45235,3424,3313,34,3347,66
2021-09-16,Colusa,011,21464,2395,2363,529,2892,16
2021-09-16,Contra Costa,013,1133247,94313,93213,1882,95095,917
2021-09-16,Del Norte,015,27424,3437,3285,23,3308,34
2021-09-16,El Dorado,017,186661,14700,14372,1489,15861,127
2021-09-16,Fresno,019,978130,126539,123853,11330,135183,1868
2021-09-16,Glenn,021,27897,3165,3068,906,3974,24
2021-09-16,Humboldt,023,135768,7997,7809,386,8195,80
2021-09-16,Imperial,025,180216,31270,30966,2929,33895,753
2021-09-16,Inyo,027,18085,1663,1623,31,1654,39
2021-09-16,Kern,029,883053,116467,113828,17733,131561,1448
2021-09-16,Kings,031,150075,28778,28114,1602,29716,280
2021-09-16,Lake,033,64148,6070,5890,116,6006,87
2021-09-16,Lassen,035,31185,6246,6028,256,6284,25
2021-09-16,Los Angeles,037,10098052,1390934,1376277,50553,1426830,25796
2021-09-16,Madera,039,155013,20512,19974,1608,21582,257
2021-09-16,Marin,041,260295,16828,16625,382,17007,242
2021-09-16,Mariposa,043,17540,916,849,32,881,6
2021-09-16,Mendocino,045,87422,6656,6445,311,6756,67
2021-09-16,Merced,047,269075,38180,37675,1467,39142,532
2021-09-16,Modoc,049,8938,462,455,159,614,5
2021-09-16,Mono,051,14174,1504,1449,18,1467,3
2021-09-16,Monterey,053,433212,47223,46342,2511,48853,562
2021-09-16,Napa,055,140530,12227,12115,78,12193,95
2021-09-16,Nevada,057,99092,8272,8121,269,8390,84
2021-09-16,Orange,059,3164182,295816,292183,13785,305968,5340
2021-09-16,Placer,061,380077,33776,33037,3128,36165,354
2021-09-16,Plumas,063,18699,1245,1178,23,1201,5
2021-09-16,Riverside,065,2383286,345450,339770,15646,355416,4786
2021-09-16,Sacramento,067,1510023,146923,145754,3651,149405,1996
2021-09-16,San Benito,069,59416,6934,6913,139,7052,67
2021-09-16,San Bernardino,071,2135413,338515,335129,10463,345592,5474
2021-09-16,San Diego,073,3302833,351691,347472,20722,368194,3994
2021-09-16,San Francisco,075,870044,49956,49133,2087,51220,605
2021-09-16,San Joaquin,077,732212,93128,91650,4860,96510,1608
2021-09-16,San Luis Obispo,079,281455,27597,27044,1063,28107,310
2021-09-16,San Mateo,081,765935,51657,50773,763,51536,564
2021-09-16,Santa Barbara,083,443738,41744,41272,1444,42716,497
2021-09-16,Santa Clara,085,1922200,140247,138685,1071,139756,1835
2021-09-16,Santa Cruz,087,273765,19283,19011,958,19969,211
2021-09-16,Shasta,089,179085,18133,17438,2912,20350,251
2021-09-16,Sierra,091,2930,129,123,13,136,0
2021-09-16,Siskiyou,093,43540,2985,2819,1025,3844,35
2021-09-16,Solano,095,438530,43702,42792,1107,43899,312
2021-09-16,Sonoma,097,501317,39082,38707,473,39180,369
2021-09-16,Stanislaus,099,539301,71742,71105,7997,79102,1091
2021-09-16,Sutter,101,95872,12889,12729,233,12962,152
2021-09-16,Tehama,103,63373,7191,6953,1145,8098,83
2021-09-16,Trinity,105,12862,707,547,187,734,7
2021-09-16,Tulare,107,460477,61329,59459,12302,71761,894
2021-09-16,Tuolumne,109,53932,6125,5999,73,6072,89
2021-09-16,Ventura,111,848112,94156,93087,4057,97144,1110
2021-09-16,Yolo,113,214977,18393,18135,836,18971,239
2021-09-16,Yuba,115,75493,9127,8981,197,9178,61
2021-09-15,Alameda,001,1643700,113454,112498,2526,115024,1317
2021-09-15,Alpine,003,1148,99,99,0,99,0
2021-09-15,Amador,005,37829,4908,4792,47,4839,58
2021-09-15,Butte,007,227075,18346,17664,3270,20934,228
2021-09-15,Calaveras,009,45235,3395,3293,32,3325,66
2021-09-15,Colusa,011,21464,2393,2352,526,2878,16
2021-09-15,Contra Costa,013,1133247,94131,92989,1871,94860,913
2021-09-15,Del Norte,015,27424,3424,3271,21,3292,34
2021-09-15,El Dorado,017,186661,14674,14309,1480,15789,127
2021-09-15,Fresno,019,978130,126160,123370,11274,134644,1867
2021-09-15,Glenn,021,27897,3153,3051,901,3952,20
2021-09-15,Humboldt,023,135768,7961,7754,381,8135,52
2021-09-15,Imperial,025,180216,31215,30891,2924,33815,753
2021-09-15,Inyo,027,18085,1659,1614,31,1645,39
2021-09-15,Kern,029,883053,116121,113546,17635,131181,1434
2021-09-15,Kings,031,150075,28699,27991,1594,29585,279
2021-09-15,Lake,033,64148,6037,5852,115,5967,85
2021-09-15,Lassen,035,31185,6186,6018,251,6269,25
2021-09-15,Los Angeles,037,10098052,1389431,1374307,50484,1424791,25767
2021-09-15,Madera,039,155013,20437,19880,1601,21481,257
2021-09-15,Marin,041,260295,16793,16592,377,16969,242
2021-09-15,Mariposa,043,17540,904,843,32,875,5
2021-09-15,Mendocino,045,87422,6626,6399,306,6705,66
2021-09-15,Merced,047,269075,38072,37508,1465,38973,529
2021-09-15,Modoc,049,8938,462,454,159,613,5
2021-09-15,Mono,051,14174,1498,1445,18,1463,3
2021-09-15,Monterey,053,433212,47153,46317,2500,48817,562
2021-09-15,Napa,055,140530,12206,12082,78,12160,95
2021-09-15,Nevada,057,99092,8250,8081,266,8347,84
2021-09-15,Orange,059,3164182,295492,291834,13766,305600,5328
2021-09-15,Placer,061,380077,33664,32860,3107,35967,352
2021-09-15,Plumas,063,18699,1240,1164,22,1186,5
2021-09-15,Riverside,065,2383286,344867,339077,15622,354699,4769
2021-09-15,Sacramento,067,1510023,146498,145202,3619,148821,1981
2021-09-15,San Benito,069,59416,6931,6902,139,7041,67
2021-09-15,San Bernardino,071,2135413,338053,334556,10449,345005,5470
2021-09-15,San Diego,073,3302833,351072,346933,20694,367627,3983
2021-09-15,San Francisco,075,870044,49845,48999,2082,51081,605
2021-09-15,San Joaquin,077,732212,92852,91322,4820,96142,1607
2021-09-15,San Luis Obispo,079,281455,27514,26943,1057,28000,306
2021-09-15,San Mateo,081,765935,51575,50691,760,51451,564
2021-09-15,Santa Barbara,083,443738,41641,41077,1439,42516,497
2021-09-15,Santa Clara,085,1922200,140073,138410,1066,139476,1833
2021-09-15,Santa Cruz,087,273765,19245,18984,956,19940,210
2021-09-15,Shasta,089,179085,18022,17317,2891,20208,250
2021-09-15,Sierra,091,2930,129,123,13,136,0
2021-09-15,Siskiyou,093,43540,2965,2804,995,3799,35
2021-09-15,Solano,095,438530,43630,42682,1102,43784,312
2021-09-15,Sonoma,097,501317,39025,38629,473,39102,369
2021-09-15,Stanislaus,099,539301,71518,70852,7975,78827,1091
2021-09-15,Sutter,101,95872,12856,12699,228,12927,151
2021-09-15,Tehama,103,63373,7150,6894,1136,8030,79
2021-09-15,Trinity,105,12862,705,541,185,726,7
2021-09-15,Tulare,107,460477,61070,59149,12241,71390,890
2021-09-15,Tuolumne,109,53932,6099,5969,73,6042,89
2021-09-15,Ventura,111,848112,94013,92960,4050,97010,1109
2021-09-15,Yolo,113,214977,18359,18064,830,18894,239
2021-09-15,Yuba,115,75493,9093,8953,197,9150,61
2021-09-14,Alameda,001,1643700,113247,112329,2523,114852,1316
2021-09-14,Alpine,003,1148,99,98,0,98,0
2021-09-14,Amador,005,37829,4888,4790,47,4837,57
2021-09-14,Butte,007,227075,18212,17516,3246,20762,226
2021-09-14,Calaveras,009,45235,3375,3280,29,3309,66
2021-09-14,Colusa,011,21464,2389,2344,523,2867,16
2021-09-14,Contra Costa,013,1133247,93933,92822,1863,94685,908
2021-09-14,Del Norte,015,27424,3408,3252,21,3273,32
2021-09-14,El Dorado,017,186661,14621,14247,1472,15719,123
2021-09-14,Fresno,019,978130,125685,123151,11222,134373,1856
2021-09-14,Glenn,021,27897,3136,3045,897,3942,20
2021-09-14,Humboldt,023,135768,7927,7717,376,8093,52
2021-09-14,Imperial,025,180216,31166,30845,2921,33766,752
2021-09-14,Inyo,027,18085,1650,1605,30,1635,39
2021-09-14,Kern,029,883053,115738,113250,17512,130762,1428
2021-09-14,Kings,031,150075,28623,27955,1586,29541,278
2021-09-14,Lake,033,64148,6005,5845,115,5960,83
2021-09-14,Lassen,035,31185,6172,5977,246,6223,25
2021-09-14,Los Angeles,037,10098052,1387596,1372831,50403,1423234,25729
2021-09-14,Madera,039,155013,20355,19800,1590,21390,254
2021-09-14,Marin,041,260295,16765,16584,375,16959,242
2021-09-14,Mariposa,043,17540,893,834,31,865,5
2021-09-14,Mendocino,045,87422,6590,6372,295,6667,65
2021-09-14,Merced,047,269075,37921,37430,1461,38891,526
2021-09-14,Modoc,049,8938,461,453,159,612,5
2021-09-14,Mono,051,14174,1494,1440,18,1458,4
2021-09-14,Monterey,053,433212,47112,46224,2489,48713,558
2021-09-14,Napa,055,140530,12173,12070,77,12147,91
2021-09-14,Nevada,057,99092,8216,8056,266,8322,83
2021-09-14,Orange,059,3164182,295099,291423,13742,305165,5319
2021-09-14,Placer,061,380077,33532,32735,3087,35822,350
2021-09-14,Plumas,063,18699,1225,1148,22,1170,5
2021-09-14,Riverside,065,2383286,344226,338534,15591,354125,4748
2021-09-14,Sacramento,067,1510023,146113,145051,3570,148621,1977
2021-09-14,San Benito,069,59416,6921,6887,139,7026,64
2021-09-14,San Bernardino,071,2135413,337556,333968,10424,344392,5465
2021-09-14,San Diego,073,3302833,350412,346204,20643,366847,3966
2021-09-14,San Francisco,075,870044,49711,48998,2080,51078,603
2021-09-14,San Joaquin,077,732212,92613,91128,4811,95939,1596
2021-09-14,San Luis Obispo,079,281455,27441,26845,1052,27897,304
2021-09-14,San Mateo,081,765935,51478,50602,757,51359,564
2021-09-14,Santa Barbara,083,443738,41545,40783,1430,42213,495
2021-09-14,Santa Clara,085,1922200,139838,138321,1063,139384,1828
2021-09-14,Santa Cruz,087,273765,19205,18965,954,19919,210
2021-09-14,Shasta,089,179085,17891,17152,2870,20022,246
2021-09-14,Sierra,091,2930,129,123,13,136,0
2021-09-14,Siskiyou,093,43540,2941,2756,978,3734,35
2021-09-14,Solano,095,438530,43547,42599,1099,43698,307
2021-09-14,Sonoma,097,501317,38956,38595,469,39064,369
2021-09-14,Stanislaus,099,539301,71258,70697,7947,78644,1091
2021-09-14,Sutter,101,95872,12814,12670,221,12891,149
2021-09-14,Tehama,103,63373,7096,6859,1128,7987,80
2021-09-14,Trinity,105,12862,699,538,184,722,7
2021-09-14,Tulare,107,460477,60817,58961,12170,71131,888
2021-09-14,Tuolumne,109,53932,6078,5951,71,6022,89
2021-09-14,Ventura,111,848112,93828,92841,4033,96874,1107
2021-09-14,Yolo,113,214977,18315,18039,825,18864,239
2021-09-14,Yuba,115,75493,9057,8928,197,9125,61
2021-09-13,Alameda,001,1643700,113033,112159,2518,114677,1309
2021-09-13,Alpine,003,1148,98,98,0,98,0
2021-09-13,Amador,005,37829,4870,4761,47,4808,56
2021-09-13,Butte,007,227075,18088,17393,3218,20611,225
2021-09-13,Calaveras,009,45235,3349,3253,27,3280,65
2021-09-13,Colusa,011,21464,2380,2346,519,2865,16
2021-09-13,Contra Costa,013,1133247,93688,92658,1858,94516,908
2021-09-13,Del Norte,015,27424,3372,3232,21,3253,28
2021-09-13,El Dorado,017,186661,14560,14194,1464,15658,119
2021-09-13,Fresno,019,978130,125218,122650,11156,133806,1853
2021-09-13,Glenn,021,27897,3122,3026,891,3917,20
2021-09-13,Humboldt,023,135768,7894,7659,373,8032,52
2021-09-13,Imperial,025,180216,31113,30802,2918,33720,751
2021-09-13,Inyo,027,18085,1643,1602,30,1632,39
2021-09-13,Kern,029,883053,115354,112930,17390,130320,1424
2021-09-13,Kings,031,150075,28513,27858,1574,29432,275
2021-09-13,Lake,033,64148,5983,5809,115,5924,82
2021-09-13,Lassen,035,31185,6137,5953,245,6198,25
2021-09-13,Los Angeles,037,10098052,1385731,1371423,50337,1421760,25703
2021-09-13,Madera,039,155013,20286,19735,1575,21310,252
2021-09-13,Marin,041,260295,16729,16557,374,16931,242
2021-09-13,Mariposa,043,17540,879,825,31,856,5
2021-09-13,Mendocino,045,87422,6555,6323,286,6609,61
2021-09-13,Merced,047,269075,37771,37291,1456,38747,521
2021-09-13,Modoc,049,8938,460,451,159,610,5
2021-09-13,Mono,051,14174,1488,1435,18,1453,3
2021-09-13,Monterey,053,433212,47022,46188,2476,48664,558
2021-09-13,Napa,055,140530,12155,12039,77,12116,91
2021-09-13,Nevada,057,99092,8190,8021,264,8285,83
2021-09-13,Orange,059,3164182,294666,291128,13720,304848,5312
2021-09-13,Placer,061,380077,33367,32617,3070,35687,343
2021-09-13,Plumas,063,18699,1216,1142,22,1164,5
2021-09-13,Riverside,065,2383286,343580,337876,15573,353449,4731
2021-09-13,Sacramento,067,1510023,145625,144537,3537,148074,1956
2021-09-13,San Benito,069,59416,6905,6867,138,7005,64
2021-09-13,San Bernardino,071,2135413,337065,333613,10399,344012,5441
2021-09-13,San Diego,073,3302833,349625,345647,20591,366238,3961
2021-09-13,San Francisco,075,870044,49581,48914,2074,50988,603
2021-09-13,San Joaquin,077,732212,92328,90966,4793,95759,1581
2021-09-13,San Luis Obispo,079,281455,27344,26805,1049,27854,300
2021-09-13,San Mateo,081,765935,51386,50525,752,51277,564
2021-09-13,Santa Barbara,083,443738,41426,40661,1423,42084,494
2021-09-13,Santa Clara,085,1922200,139593,138152,1058,139210,1820
2021-09-13,Santa Cruz,087,273765,19165,18917,953,19870,210
2021-09-13,Shasta,089,179085,17761,17033,2830,19863,243
2021-09-13,Sierra,091,2930,129,123,13,136,0
2021-09-13,Siskiyou,093,43540,2926,2745,966,3711,35
2021-09-13,Solano,095,438530,43443,42501,1096,43597,306
2021-09-13,Sonoma,097,501317,38889,38513,466,38979,368
2021-09-13,Stanislaus,099,539301,71004,70477,7911,78388,1091
2021-09-13,Sutter,101,95872,12756,12624,217,12841,145
2021-09-13,Tehama,103,63373,7033,6803,1116,7919,79
2021-09-13,Trinity,105,12862,697,533,182,715,7
2021-09-13,Tulare,107,460477,60534,58768,12110,70878,887
2021-09-13,Tuolumne,109,53932,6047,5909,71,5980,89
2021-09-13,Ventura,111,848112,93667,92679,4026,96705,1107
2021-09-13,Yolo,113,214977,18271,17974,819,18793,239
2021-09-13,Yuba,115,75493,9012,8884,196,9080,61
2021-09-12,Alameda,001,1643700,112772,111961,2515,114476,1309
2021-09-12,Alpine,003,1148,98,98,0,98,0
2021-09-12,Amador,005,37829,4849,4752,47,4799,56
2021-09-12,Butte,007,227075,17943,17257,3171,20428,221
2021-09-12,Calaveras,009,45235,3318,3236,23,3259,65
2021-09-12,Colusa,011,21464,2377,2344,518,2862,16
2021-09-12,Contra Costa,013,1133247,93420,92498,1846,94344,908
2021-09-12,Del Norte,015,27424,3337,3200,21,3221,28
2021-09-12,El Dorado,017,186661,14487,14167,1448,15615,119
2021-09-12,Fresno,019,978130,124700,122407,11099,133506,1853
2021-09-12,Glenn,021,27897,3105,3016,885,3901,20
2021-09-12,Humboldt,023,135768,7824,7636,362,7998,52
2021-09-12,Imperial,025,180216,31050,30790,2913,33703,751
2021-09-12,Inyo,027,18085,1633,1596,30,1626,39
2021-09-12,Kern,029,883053,114942,112602,17231,129833,1424
2021-09-12,Kings,031,150075,28402,27764,1557,29321,274
2021-09-12,Lake,033,64148,5943,5781,113,5894,82
2021-09-12,Lassen,035,31185,6100,5943,236,6179,25
2021-09-12,Los Angeles,037,10098052,1383672,1365968,50264,1416232,25630
2021-09-12,Madera,039,155013,20199,19691,1563,21254,252
2021-09-12,Marin,041,260295,16706,16526,374,16900,242
2021-09-12,Mariposa,043,17540,868,811,29,840,5
2021-09-12,Mendocino,045,87422,6515,6283,277,6560,61
2021-09-12,Merced,047,269075,37599,37172,1445,38617,521
2021-09-12,Modoc,049,8938,460,451,158,609,5
2021-09-12,Mono,051,14174,1481,1431,18,1449,3
2021-09-12,Monterey,053,433212,46923,46167,2466,48633,558
2021-09-12,Napa,055,140530,12125,12011,77,12088,91
2021-09-12,Nevada,057,99092,8150,7987,263,8250,83
2021-09-12,Orange,059,3164182,294203,290718,13699,304417,5312
2021-09-12,Placer,061,380077,33218,32520,3048,35568,343
2021-09-12,Plumas,063,18699,1197,1138,22,1160,5
2021-09-12,Riverside,065,2383286,342896,337332,15539,352871,4731
2021-09-12,Sacramento,067,1510023,145118,144030,3498,147528,1959
2021-09-12,San Benito,069,59416,6886,6852,137,6989,64
2021-09-12,San Bernardino,071,2135413,336455,333049,10386,343435,5439
2021-09-12,San Diego,073,3302833,348815,345058,20515,365573,3942
2021-09-12,San Francisco,075,870044,49469,48819,2067,50886,603
2021-09-12,San Joaquin,077,732212,91999,90730,4785,95515,1581
2021-09-12,San Luis Obispo,079,281455,27225,26729,1036,27765,299
2021-09-12,San Mateo,081,765935,51275,50432,748,51180,564
2021-09-12,Santa Barbara,083,443738,41314,40600,1416,42016,494
2021-09-12,Santa Clara,085,1922200,139336,137899,1055,138954,1820
2021-09-12,Santa Cruz,087,273765,19132,18892,952,19844,210
2021-09-12,Shasta,089,179085,17596,16957,2772,19729,243
2021-09-12,Sierra,091,2930,129,123,13,136,0
2021-09-12,Siskiyou,093,43540,2898,2730,951,3681,35
2021-09-12,Solano,095,438530,43337,42409,1093,43502,306
2021-09-12,Sonoma,097,501317,38809,38456,464,38920,368
2021-09-12,Stanislaus,099,539301,70705,70184,7872,78056,1091
2021-09-12,Sutter,101,95872,12714,12589,211,12800,145
2021-09-12,Tehama,103,63373,6969,6732,1104,7836,79
2021-09-12,Trinity,105,12862,693,529,180,709,7
2021-09-12,Tulare,107,460477,60181,58582,12050,70632,887
2021-09-12,Tuolumne,109,53932,6014,5888,71,5959,89
2021-09-12,Ventura,111,848112,93540,92496,4020,96516,1107
2021-09-12,Yolo,113,214977,18205,17943,811,18754,239
2021-09-12,Yuba,115,75493,8977,8842,196,9038,61
2021-09-11,Alameda,001,1643700,112648,111715,2513,114228,1309
2021-09-11,Alpine,003,1148,98,98,0,98,0
2021-09-11,Amador,005,37829,4836,4728,46,4774,56
2021-09-11,Butte,007,227075,17860,17218,3144,20362,221
2021-09-11,Calaveras,009,45235,3310,3208,22,3230,65
2021-09-11,Colusa,011,21464,2376,2338,515,2853,16
2021-09-11,Contra Costa,013,1133247,93301,92269,1842,94111,908
2021-09-11,Del Norte,015,27424,3321,3184,21,3205,28
2021-09-11,El Dorado,017,186661,14468,14117,1441,15558,119
2021-09-11,Fresno,019,978130,124521,122224,11074,133298,1853
2021-09-11,Glenn,021,27897,3095,3007,882,3889,20
2021-09-11,Humboldt,023,135768,7802,7615,359,7974,52
2021-09-11,Imperial,025,180216,31025,30760,2910,33670,751
2021-09-11,Inyo,027,18085,1630,1590,30,1620,39
2021-09-11,Kern,029,883053,114692,112205,17117,129322,1424
2021-09-11,Kings,031,150075,28353,27631,1551,29182,275
2021-09-11,Lake,033,64148,5922,5761,113,5874,82
2021-09-11,Lassen,035,31185,6085,5930,232,6162,25
2021-09-11,Los Angeles,037,10098052,1382699,1365831,50200,1416031,25630
2021-09-11,Madera,039,155013,20147,19648,1558,21206,252
2021-09-11,Marin,041,260295,16678,16496,373,16869,242
2021-09-11,Mariposa,043,17540,863,799,29,828,5
2021-09-11,Mendocino,045,87422,6491,6257,277,6534,61
2021-09-11,Merced,047,269075,37545,37042,1442,38484,521
2021-09-11,Modoc,049,8938,460,449,158,607,5
2021-09-11,Mono,051,14174,1475,1431,18,1449,3
2021-09-11,Monterey,053,433212,46886,46140,2463,48603,558
2021-09-11,Napa,055,140530,12102,11991,77,12068,91
2021-09-11,Nevada,057,99092,8135,7967,263,8230,83
2021-09-11,Orange,059,3164182,293901,290429,13683,304112,5306
2021-09-11,Placer,061,380077,33135,32414,3037,35451,344
2021-09-11,Plumas,063,18699,1190,1112,22,1134,5
2021-09-11,Riverside,065,2383286,342458,336585,15526,352111,4731
2021-09-11,Sacramento,067,1510023,144818,143557,3486,147043,1955
2021-09-11,San Benito,069,59416,6873,6844,137,6981,64
2021-09-11,San Bernardino,071,2135413,336112,332512,10372,342884,5430
2021-09-11,San Diego,073,3302833,348331,344355,20491,364846,3942
2021-09-11,San Francisco,075,870044,49414,48660,2063,50723,603
2021-09-11,San Joaquin,077,732212,91856,90482,4778,95260,1581
2021-09-11,San Luis Obispo,079,281455,27179,26651,1035,27686,299
2021-09-11,San Mateo,081,765935,51203,50341,747,51088,564
2021-09-11,Santa Barbara,083,443738,41241,40451,1416,41867,494
2021-09-11,Santa Clara,085,1922200,139183,137659,1052,138711,1820
2021-09-11,Santa Cruz,087,273765,19103,18865,952,19817,210
2021-09-11,Shasta,089,179085,17502,16877,2752,19629,243
2021-09-11,Sierra,091,2930,129,123,13,136,0
2021-09-11,Siskiyou,093,43540,2881,2717,948,3665,35
2021-09-11,Solano,095,438530,43286,42344,1090,43434,306
2021-09-11,Sonoma,097,501317,38762,38399,462,38861,368
2021-09-11,Stanislaus,099,539301,70580,69974,7859,77833,1091
2021-09-11,Sutter,101,95872,12688,12538,208,12746,145
2021-09-11,Tehama,103,63373,6948,6703,1096,7799,79
2021-09-11,Trinity,105,12862,686,526,180,706,7
2021-09-11,Tulare,107,460477,60069,58321,12004,70325,889
2021-09-11,Tuolumne,109,53932,5995,5879,68,5947,89
2021-09-11,Ventura,111,848112,93458,92328,4015,96343,1107
2021-09-11,Yolo,113,214977,18181,17906,807,18713,239
2021-09-11,Yuba,115,75493,8952,8813,196,9009,61
2021-09-10,Alameda,001,1643700,112457,111386,2512,113898,1306
2021-09-10,Alpine,003,1148,97,97,0,97,0
2021-09-10,Amador,005,37829,4824,4706,46,4752,56
2021-09-10,Butte,007,227075,17785,17051,3126,20177,222
2021-09-10,Calaveras,009,45235,3302,3183,22,3205,65
2021-09-10,Colusa,011,21464,2372,2327,512,2839,16
2021-09-10,Contra Costa,013,1133247,93178,92024,1840,93864,908
2021-09-10,Del Norte,015,27424,3306,3128,20,3148,28
2021-09-10,El Dorado,017,186661,14438,14051,1437,15488,119
2021-09-10,Fresno,019,978130,124197,121659,11045,132704,1846
2021-09-10,Glenn,021,27897,3088,2977,881,3858,20
2021-09-10,Humboldt,023,135768,7770,7543,355,7898,52
2021-09-10,Imperial,025,180216,31002,30716,2908,33624,751
2021-09-10,Inyo,027,18085,1626,1590,30,1620,39
2021-09-10,Kern,029,883053,114438,111832,17001,128833,1419
2021-09-10,Kings,031,150075,28279,27473,1544,29017,274
2021-09-10,Lake,033,64148,5906,5713,111,5824,79
2021-09-10,Lassen,035,31185,6077,5914,229,6143,25
2021-09-10,Los Angeles,037,10098052,1381495,1365709,50135,1415844,25630
2021-09-10,Madera,039,155013,20101,19520,1551,21071,252
2021-09-10,Marin,041,260295,16658,16458,370,16828,242
2021-09-10,Mariposa,043,17540,858,795,29,824,5
2021-09-10,Mendocino,045,87422,6459,6184,276,6460,61
2021-09-10,Merced,047,269075,37493,36884,1441,38325,521
2021-09-10,Modoc,049,8938,460,448,158,606,5
2021-09-10,Mono,051,14174,1470,1422,18,1440,3
2021-09-10,Monterey,053,433212,46842,46084,2461,48545,557
2021-09-10,Napa,055,140530,12077,11948,77,12025,90
2021-09-10,Nevada,057,99092,8117,7932,262,8194,83
2021-09-10,Orange,059,3164182,293594,290022,13673,303695,5302
2021-09-10,Placer,061,380077,33033,32264,3024,35288,343
2021-09-10,Plumas,063,18699,1182,1111,22,1133,5
2021-09-10,Riverside,065,2383286,341985,335988,15519,351507,4720
2021-09-10,Sacramento,067,1510023,144475,143244,3478,146722,1950
2021-09-10,San Benito,069,59416,6869,6824,137,6961,64
2021-09-10,San Bernardino,071,2135413,335693,331894,10363,342257,5422
2021-09-10,San Diego,073,3302833,347784,343173,20454,363627,3941
2021-09-10,San Francisco,075,870044,49335,48518,2056,50574,602
2021-09-10,San Joaquin,077,732212,91676,90208,4772,94980,1573
2021-09-10,San Luis Obispo,079,281455,27146,26526,1033,27559,299
2021-09-10,San Mateo,081,765935,51136,50251,746,50997,564
2021-09-10,Santa Barbara,083,443738,41188,40321,1413,41734,492
2021-09-10,Santa Clara,085,1922200,139000,137337,1051,138388,1817
2021-09-10,Santa Cruz,087,273765,19084,18785,951,19736,210
2021-09-10,Shasta,089,179085,17408,16667,2724,19391,242
2021-09-10,Sierra,091,2930,129,117,13,130,0
2021-09-10,Siskiyou,093,43540,2869,2702,944,3646,35
2021-09-10,Solano,095,438530,43212,42230,1083,43313,305
2021-09-10,Sonoma,097,501317,38704,38271,461,38732,368
2021-09-10,Stanislaus,099,539301,70424,69617,7835,77452,1091
2021-09-10,Sutter,101,95872,12654,12468,208,12676,145
2021-09-10,Tehama,103,63373,6915,6652,1090,7742,77
2021-09-10,Trinity,105,12862,682,524,180,704,7
2021-09-10,Tulare,107,460477,59921,57930,11955,69885,883
2021-09-10,Tuolumne,109,53932,5975,5842,68,5910,89
2021-09-10,Ventura,111,848112,93361,92145,4011,96156,1104
2021-09-10,Yolo,113,214977,18156,17825,802,18627,239
2021-09-10,Yuba,115,75493,8933,8760,195,8955,62
2021-09-09,Alameda,001,1643700,112238,111014,2508,113522,1306
2021-09-09,Alpine,003,1148,97,94,0,94,0
2021-09-09,Amador,005,37829,4803,4698,45,4743,56
2021-09-09,Butte,007,227075,17638,16874,3098,19972,221
2021-09-09,Calaveras,009,45235,3268,3165,22,3187,65
2021-09-09,Colusa,011,21464,2365,2321,511,2832,16
2021-09-09,Contra Costa,013,1133247,92968,91687,1835,93522,904
2021-09-09,Del Norte,015,27424,3283,3102,20,3122,28
2021-09-09,El Dorado,017,186661,14381,13970,1427,15397,119
2021-09-09,Fresno,019,978130,123722,121040,10999,132039,1838
2021-09-09,Glenn,021,27897,3076,2947,877,3824,20
2021-09-09,Humboldt,023,135768,7720,7471,349,7820,52
2021-09-09,Imperial,025,180216,30964,30661,2904,33565,751
2021-09-09,Inyo,027,18085,1619,1586,30,1616,39
2021-09-09,Kern,029,883053,114091,111390,16845,128235,1414
2021-09-09,Kings,031,150075,28177,27282,1533,28815,273
2021-09-09,Lake,033,64148,5882,5638,109,5747,79
2021-09-09,Lassen,035,31185,6027,5860,223,6083,25
2021-09-09,Los Angeles,037,10098052,1379627,1363735,50062,1413797,25583
2021-09-09,Madera,039,155013,20028,19401,1538,20939,252
2021-09-09,Marin,041,260295,16635,16416,367,16783,242
2021-09-09,Mariposa,043,17540,845,779,28,807,5
2021-09-09,Mendocino,045,87422,6425,6089,267,6356,61
2021-09-09,Merced,047,269075,37339,36634,1428,38062,516
2021-09-09,Modoc,049,8938,460,448,158,606,5
2021-09-09,Mono,051,14174,1460,1420,18,1438,3
2021-09-09,Monterey,053,433212,46788,45991,2450,48441,556
2021-09-09,Napa,055,140530,12045,11878,77,11955,90
2021-09-09,Nevada,057,99092,8079,7855,262,8117,82
2021-09-09,Orange,059,3164182,293185,289109,13642,302751,5299
2021-09-09,Placer,061,380077,32914,32048,3009,35057,342
2021-09-09,Plumas,063,18699,1171,1098,22,1120,5
2021-09-09,Riverside,065,2383286,341346,334774,15501,350275,4701
2021-09-09,Sacramento,067,1510023,143995,142728,3433,146161,1929
2021-09-09,San Benito,069,59416,6859,6820,136,6956,64
2021-09-09,San Bernardino,071,2135413,335121,331040,10350,341390,5417
2021-09-09,San Diego,073,3302833,347070,342149,20397,362546,3929
2021-09-09,San Francisco,075,870044,49221,48404,2047,50451,597
2021-09-09,San Joaquin,077,732212,91403,89874,4754,94628,1570
2021-09-09,San Luis Obispo,079,281455,27064,26472,1030,27502,296
2021-09-09,San Mateo,081,765935,51015,50143,743,50886,561
2021-09-09,Santa Barbara,083,443738,41082,40180,1409,41589,490
2021-09-09,Santa Clara,085,1922200,138777,137017,1046,138063,1816
2021-09-09,Santa Cruz,087,273765,19038,18728,951,19679,210
2021-09-09,Shasta,089,179085,17262,16401,2683,19084,238
2021-09-09,Sierra,091,2930,129,115,13,128,0
2021-09-09,Siskiyou,093,43540,2846,2683,930,3613,35
2021-09-09,Solano,095,438530,43096,42081,1079,43160,303
2021-09-09,Sonoma,097,501317,38636,38171,460,38631,360
2021-09-09,Stanislaus,099,539301,70145,69178,7803,76981,1074
2021-09-09,Sutter,101,95872,12599,12396,206,12602,144
2021-09-09,Tehama,103,63373,6861,6554,1085,7639,75
2021-09-09,Trinity,105,12862,676,523,178,701,6
2021-09-09,Tulare,107,460477,59680,57564,11896,69460,879
2021-09-09,Tuolumne,109,53932,5947,5802,67,5869,89
2021-09-09,Ventura,111,848112,93216,91610,4002,95612,1098
2021-09-09,Yolo,113,214977,18098,17724,799,18523,239
2021-09-09,Yuba,115,75493,8888,8707,192,8899,55
2021-09-08,Alameda,001,1643700,111994,110781,2506,113287,1305
2021-09-08,Alpine,003,1148,97,94,0,94,0
2021-09-08,Amador,005,37829,4791,4693,45,4738,56
2021-09-08,Butte,007,227075,17504,16775,3078,19853,220
2021-09-08,Calaveras,009,45235,3250,3157,22,3179,63
2021-09-08,Colusa,011,21464,2363,2308,511,2819,16
2021-09-08,Contra Costa,013,1133247,92688,91471,1830,93301,900
2021-09-08,Del Norte,015,27424,3260,3085,20,3105,25
2021-09-08,El Dorado,017,186661,14301,13928,1407,15335,119
2021-09-08,Fresno,019,978130,123224,120644,10935,131579,1831
2021-09-08,Glenn,021,27897,3061,2942,868,3810,20
2021-09-08,Humboldt,023,135768,7675,7438,341,7779,52
2021-09-08,Imperial,025,180216,30931,30609,2891,33500,751
2021-09-08,Inyo,027,18085,1608,1580,30,1610,39
2021-09-08,Kern,029,883053,113693,110933,16707,127640,1409
2021-09-08,Kings,031,150075,28048,27235,1519,28754,267
2021-09-08,Lake,033,64148,5851,5618,107,5725,79
2021-09-08,Lassen,035,31185,6009,5848,216,6064,25
2021-09-08,Los Angeles,037,10098052,1377556,1362029,49975,1412004,25533
2021-09-08,Madera,039,155013,19967,19352,1525,20877,252
2021-09-08,Marin,041,260295,16607,16386,366,16752,242
2021-09-08,Mariposa,043,17540,833,777,27,804,5
2021-09-08,Mendocino,045,87422,6381,6069,258,6327,61
2021-09-08,Merced,047,269075,37178,36500,1416,37916,516
2021-09-08,Modoc,049,8938,460,448,158,606,5
2021-09-08,Mono,051,14174,1454,1418,18,1436,3
2021-09-08,Monterey,053,433212,46739,45959,2444,48403,554
2021-09-08,Napa,055,140530,12010,11842,75,11917,90
2021-09-08,Nevada,057,99092,8044,7843,261,8104,82
2021-09-08,Orange,059,3164182,292775,288511,13619,302130,5290
2021-09-08,Placer,061,380077,32777,31852,2992,34844,337
2021-09-08,Plumas,063,18699,1164,1072,22,1094,5
2021-09-08,Riverside,065,2383286,340587,334037,15476,349513,4683
2021-09-08,Sacramento,067,1510023,143516,142448,3385,145833,1921
2021-09-08,San Benito,069,59416,6841,6800,136,6936,64
2021-09-08,San Bernardino,071,2135413,334515,330279,10333,340612,5411
2021-09-08,San Diego,073,3302833,346153,341437,20346,361783,3926
2021-09-08,San Francisco,075,870044,49082,48263,2043,50306,589
2021-09-08,San Joaquin,077,732212,91122,89631,4730,94361,1561
2021-09-08,San Luis Obispo,079,281455,26970,26303,1025,27328,294
2021-09-08,San Mateo,081,765935,50910,50051,743,50794,561
2021-09-08,Santa Barbara,083,443738,40970,40000,1405,41405,490
2021-09-08,Santa Clara,085,1922200,138544,136836,1042,137878,1810
2021-09-08,Santa Cruz,087,273765,19001,18699,951,19650,210
2021-09-08,Shasta,089,179085,17107,16227,2636,18863,234
2021-09-08,Sierra,091,2930,129,113,13,126,0
2021-09-08,Siskiyou,093,43540,2813,2643,919,3562,35
2021-09-08,Solano,095,438530,43003,41971,1076,43047,302
2021-09-08,Sonoma,097,501317,38552,38075,459,38534,360
2021-09-08,Stanislaus,099,539301,69913,68945,7764,76709,1074
2021-09-08,Sutter,101,95872,12534,12349,203,12552,144
2021-09-08,Tehama,103,63373,6794,6520,1067,7587,75
2021-09-08,Trinity,105,12862,673,520,174,694,6
2021-09-08,Tulare,107,460477,59356,57425,11839,69264,876
2021-09-08,Tuolumne,109,53932,5915,5783,65,5848,89
2021-09-08,Ventura,111,848112,93064,91345,3984,95329,1096
2021-09-08,Yolo,113,214977,18017,17680,794,18474,239
2021-09-08,Yuba,115,75493,8846,8675,190,8865,55
2021-09-07,Alameda,001,1643700,111694,110550,2499,113049,1301
2021-09-07,Alpine,003,1148,96,94,0,94,0
2021-09-07,Amador,005,37829,4764,4679,45,4724,53
2021-09-07,Butte,007,227075,17348,16723,3042,19765,220
2021-09-07,Calaveras,009,45235,3209,3140,20,3160,63
2021-09-07,Colusa,011,21464,2353,2306,509,2815,16
2021-09-07,Contra Costa,013,1133247,92422,91167,1824,92991,891
2021-09-07,Del Norte,015,27424,3246,3081,20,3101,24
2021-09-07,El Dorado,017,186661,14229,13892,1392,15284,119
2021-09-07,Fresno,019,978130,122666,120268,10841,131109,1828
2021-09-07,Glenn,021,27897,3049,2937,862,3799,20
2021-09-07,Humboldt,023,135768,7615,7397,324,7721,52
2021-09-07,Imperial,025,180216,30891,30584,2883,33467,751
2021-09-07,Inyo,027,18085,1602,1579,29,1608,39
2021-09-07,Kern,029,883053,113261,110674,16549,127223,1408
2021-09-07,Kings,031,150075,27924,27169,1501,28670,267
2021-09-07,Lake,033,64148,5808,5597,99,5696,78
2021-09-07,Lassen,035,31185,5991,5842,210,6052,21
2021-09-07,Los Angeles,037,10098052,1375325,1360407,49884,1410291,25486
2021-09-07,Madera,039,155013,19880,19316,1517,20833,249
2021-09-07,Marin,041,260295,16568,16363,366,16729,242
2021-09-07,Mariposa,043,17540,817,771,27,798,5
2021-09-07,Mendocino,045,87422,6321,6036,248,6284,61
2021-09-07,Merced,047,269075,37003,36400,1410,37810,513
2021-09-07,Modoc,049,8938,458,449,158,607,5
2021-09-07,Mono,051,14174,1445,1416,18,1434,3
2021-09-07,Monterey,053,433212,46656,45911,2432,48343,543
2021-09-07,Napa,055,140530,11969,11814,75,11889,90
2021-09-07,Nevada,057,99092,8017,7829,261,8090,82
2021-09-07,Orange,059,3164182,292346,288225,13589,301814,5274
2021-09-07,Placer,061,380077,32624,31710,2964,34674,337
2021-09-07,Plumas,063,18699,1149,1071,22,1093,5
2021-09-07,Riverside,065,2383286,339799,333390,15457,348847,4666
2021-09-07,Sacramento,067,1510023,142978,142364,3338,145702,1905
2021-09-07,San Benito,069,59416,6823,6786,136,6922,64
2021-09-07,San Bernardino,071,2135413,333763,329962,10308,340270,5407
2021-09-07,San Diego,073,3302833,345155,340709,20280,360989,3922
2021-09-07,San Francisco,075,870044,48942,48175,2038,50213,589
2021-09-07,San Joaquin,077,732212,90786,89468,4716,94184,1548
2021-09-07,San Luis Obispo,079,281455,26853,26253,1016,27269,287
2021-09-07,San Mateo,081,765935,50815,49913,742,50655,561
2021-09-07,Santa Barbara,083,443738,40844,39957,1400,41357,489
2021-09-07,Santa Clara,085,1922200,138255,136631,1037,137668,1807
2021-09-07,Santa Cruz,087,273765,18952,18669,949,19618,210
2021-09-07,Shasta,089,179085,16951,16096,2584,18680,226
2021-09-07,Sierra,091,2930,129,111,13,124,0
2021-09-07,Siskiyou,093,43540,2787,2607,902,3509,34
2021-09-07,Solano,095,438530,42873,41862,1072,42934,300
2021-09-07,Sonoma,097,501317,38468,38013,457,38470,358
2021-09-07,Stanislaus,099,539301,69642,68831,7737,76568,1074
2021-09-07,Sutter,101,95872,12460,12310,197,12507,138
2021-09-07,Tehama,103,63373,6742,6482,1047,7529,74
2021-09-07,Trinity,105,12862,667,517,174,691,6
2021-09-07,Tulare,107,460477,59007,57228,11760,68988,874
2021-09-07,Tuolumne,109,53932,5878,5759,65,5824,88
2021-09-07,Ventura,111,848112,92853,91246,3974,95220,1093
2021-09-07,Yolo,113,214977,17949,17653,790,18443,235
2021-09-07,Yuba,115,75493,8803,8642,185,8827,55
2021-09-06,Alameda,001,1643700,111381,110357,2491,112848,1301
2021-09-06,Alpine,003,1148,94,94,0,94,0
2021-09-06,Amador,005,37829,4748,4648,44,4692,53
2021-09-06,Butte,007,227075,17157,16588,2998,19586,218
2021-09-06,Calaveras,009,45235,3187,3122,20,3142,63
2021-09-06,Colusa,011,21464,2346,2306,505,2811,16
2021-09-06,Contra Costa,013,1133247,92126,90971,1814,92785,891
2021-09-06,Del Norte,015,27424,3205,3037,19,3056,24
2021-09-06,El Dorado,017,186661,14160,13848,1376,15224,119
2021-09-06,Fresno,019,978130,122090,119738,10766,130504,1828
2021-09-06,Glenn,021,27897,3020,2912,854,3766,20
2021-09-06,Humboldt,023,135768,7539,7320,306,7626,52
2021-09-06,Imperial,025,180216,30828,30576,2877,33453,751
2021-09-06,Inyo,027,18085,1593,1578,17,1595,39
2021-09-06,Kern,029,883053,112748,110347,16361,126708,1408
2021-09-06,Kings,031,150075,27781,27094,1486,28580,264
2021-09-06,Lake,033,64148,5744,5548,92,5640,78
2021-09-06,Lassen,035,31185,5965,5822,200,6022,21
2021-09-06,Los Angeles,037,10098052,1372949,1359348,49770,1409118,25477
2021-09-06,Madera,039,155013,19777,19191,1494,20685,249
2021-09-06,Marin,041,260295,16528,16356,366,16722,242
2021-09-06,Mariposa,043,17540,805,764,27,791,5
2021-09-06,Mendocino,045,87422,6251,5984,235,6219,61
2021-09-06,Merced,047,269075,36789,36300,1396,37696,513
2021-09-06,Modoc,049,8938,455,449,158,607,5
2021-09-06,Mono,051,14174,1441,1416,18,1434,3
2021-09-06,Monterey,053,433212,46562,45833,2416,48249,541
2021-09-06,Napa,055,140530,11926,11792,74,11866,90
2021-09-06,Nevada,057,99092,7969,7748,259,8007,82
2021-09-06,Orange,059,3164182,291852,287948,13538,301486,5274
2021-09-06,Placer,061,380077,32447,31595,2926,34521,337
2021-09-06,Plumas,063,18699,1128,1068,19,1087,5
2021-09-06,Riverside,065,2383286,338983,333052,15437,348489,4666
2021-09-06,Sacramento,067,1510023,142342,141730,3270,145000,1905
2021-09-06,San Benito,069,59416,6800,6777,133,6910,64
2021-09-06,San Bernardino,071,2135413,332874,329693,10277,339970,5398
2021-09-06,San Diego,073,3302833,344156,340222,20183,360405,3922
2021-09-06,San Francisco,075,870044,48808,48120,2033,50153,589
2021-09-06,San Joaquin,077,732212,90442,89293,4690,93983,1548
2021-09-06,San Luis Obispo,079,281455,26724,26183,1012,27195,286
2021-09-06,San Mateo,081,765935,50685,49859,740,50599,561
2021-09-06,Santa Barbara,083,443738,40713,39876,1391,41267,489
2021-09-06,Santa Clara,085,1922200,137963,136458,1035,137493,1807
2021-09-06,Santa Cruz,087,273765,18904,18615,946,19561,210
2021-09-06,Shasta,089,179085,16770,15985,2530,18515,226
2021-09-06,Sierra,091,2930,129,109,13,122,0
2021-09-06,Siskiyou,093,43540,2743,2595,868,3463,34
2021-09-06,Solano,095,438530,42725,41774,1066,42840,300
2021-09-06,Sonoma,097,501317,38347,37929,456,38385,358
2021-09-06,Stanislaus,099,539301,69300,68596,7693,76289,1074
2021-09-06,Sutter,101,95872,12398,12238,188,12426,138
2021-09-06,Tehama,103,63373,6680,6413,1020,7433,74
2021-09-06,Trinity,105,12862,664,515,172,687,6
2021-09-06,Tulare,107,460477,58650,57068,11679,68747,874
2021-09-06,Tuolumne,109,53932,5842,5697,65,5762,88
2021-09-06,Ventura,111,848112,92676,91132,3962,95094,1093
2021-09-06,Yolo,113,214977,17863,17576,785,18361,235
2021-09-06,Yuba,115,75493,8753,8584,181,8765,55
2021-09-05,Alameda,001,1643700,111188,110173,2488,112661,1301
2021-09-05,Alpine,003,1148,94,94,0,94,0
2021-09-05,Amador,005,37829,4736,4642,44,4686,53
2021-09-05,Butte,007,227075,17067,16504,2969,19473,218
2021-09-05,Calaveras,009,45235,3181,3106,20,3126,63
2021-09-05,Colusa,011,21464,2338,2305,503,2808,16
2021-09-05,Contra Costa,013,1133247,91941,90862,1809,92671,891
2021-09-05,Del Norte,015,27424,3185,3023,19,3042,24
2021-09-05,El Dorado,017,186661,14131,13827,1363,15190,119
2021-09-05,Fresno,019,978130,121792,119384,10725,130109,1828
2021-09-05,Glenn,021,27897,3006,2899,852,3751,20
2021-09-05,Humboldt,023,135768,7506,7312,303,7615,52
2021-09-05,Imperial,025,180216,30799,30548,2875,33423,751
2021-09-05,Inyo,027,18085,1590,1572,17,1589,39
2021-09-05,Kern,029,883053,112449,110073,16202,126275,1408
2021-09-05,Kings,031,150075,27704,26989,1482,28471,264
2021-09-05,Lake,033,64148,5724,5525,92,5617,78
2021-09-05,Lassen,035,31185,5943,5820,196,6016,21
2021-09-05,Los Angeles,037,10098052,1371652,1357748,49703,1407451,25465
2021-09-05,Madera,039,155013,19736,19155,1483,20638,249
2021-09-05,Marin,041,260295,16509,16342,365,16707,242
2021-09-05,Mariposa,043,17540,801,761,27,788,5
2021-09-05,Mendocino,045,87422,6217,5965,235,6200,61
2021-09-05,Merced,047,269075,36714,36243,1394,37637,513
2021-09-05,Modoc,049,8938,455,447,158,605,5
2021-09-05,Mono,051,14174,1441,1416,18,1434,3
2021-09-05,Monterey,053,433212,46534,45795,2407,48202,540
2021-09-05,Napa,055,140530,11901,11770,74,11844,90
2021-09-05,Nevada,057,99092,7947,7722,258,7980,82
2021-09-05,Orange,059,3164182,291564,287614,13521,301135,5274
2021-09-05,Placer,061,380077,32320,31487,2912,34399,337
2021-09-05,Plumas,063,18699,1121,1067,19,1086,5
2021-09-05,Riverside,065,2383286,338528,332604,15425,348029,4654
2021-09-05,Sacramento,067,1510023,141904,141276,3252,144528,1905
2021-09-05,San Benito,069,59416,6799,6764,133,6897,64
2021-09-05,San Bernardino,071,2135413,332490,329062,10261,339323,5392
2021-09-05,San Diego,073,3302833,343604,339427,20142,359569,3914
2021-09-05,San Francisco,075,870044,48729,48035,2029,50064,589
2021-09-05,San Joaquin,077,732212,90276,89121,4673,93794,1548
2021-09-05,San Luis Obispo,079,281455,26674,26098,1011,27109,285
2021-09-05,San Mateo,081,765935,50617,49809,736,50545,561
2021-09-05,Santa Barbara,083,443738,40646,39762,1389,41151,489
2021-09-05,Santa Clara,085,1922200,137753,136146,1033,137179,1807
2021-09-05,Santa Cruz,087,273765,18884,18588,944,19532,210
2021-09-05,Shasta,089,179085,16688,15960,2504,18464,226
2021-09-05,Sierra,091,2930,128,109,13,122,0
2021-09-05,Siskiyou,093,43540,2726,2585,854,3439,34
2021-09-05,Solano,095,438530,42630,41687,1061,42748,300
2021-09-05,Sonoma,097,501317,38262,37881,455,38336,358
2021-09-05,Stanislaus,099,539301,69160,68434,7669,76103,1074
2021-09-05,Sutter,101,95872,12368,12179,182,12361,138
2021-09-05,Tehama,103,63373,6653,6400,1014,7414,74
2021-09-05,Trinity,105,12862,658,505,171,676,6
2021-09-05,Tulare,107,460477,58481,56915,11635,68550,874
2021-09-05,Tuolumne,109,53932,5830,5688,65,5753,88
2021-09-05,Ventura,111,848112,92540,91004,3958,94962,1093
2021-09-05,Yolo,113,214977,17826,17557,780,18337,235
2021-09-05,Yuba,115,75493,8727,8521,179,8700,55
2021-09-04,Alameda,001,1643700,111065,109944,2481,112425,1301
2021-09-04,Alpine,003,1148,94,94,0,94,0
2021-09-04,Amador,005,37829,4718,4637,43,4680,53
2021-09-04,Butte,007,227075,17009,16403,2954,19357,218
2021-09-04,Calaveras,009,45235,3169,3087,19,3106,63
2021-09-04,Colusa,011,21464,2336,2301,503,2804,16
2021-09-04,Contra Costa,013,1133247,91824,90623,1806,92429,891
2021-09-04,Del Norte,015,27424,3174,2984,19,3003,24
2021-09-04,El Dorado,017,186661,14105,13782,1355,15137,119
2021-09-04,Fresno,019,978130,121596,119033,10704,129737,1828
2021-09-04,Glenn,021,27897,2996,2878,846,3724,20
2021-09-04,Humboldt,023,135768,7475,7298,297,7595,52
2021-09-04,Imperial,025,180216,30776,30526,2873,33399,751
2021-09-04,Inyo,027,18085,1588,1571,17,1588,39
2021-09-04,Kern,029,883053,112206,109751,16072,125823,1408
2021-09-04,Kings,031,150075,27617,26896,1476,28372,263
2021-09-04,Lake,033,64148,5706,5507,92,5599,78
2021-09-04,Lassen,035,31185,5928,5814,188,6002,21
2021-09-04,Los Angeles,037,10098052,1370695,1355634,49646,1405280,25454
2021-09-04,Madera,039,155013,19703,19112,1476,20588,249
2021-09-04,Marin,041,260295,16493,16319,364,16683,242
2021-09-04,Mariposa,043,17540,796,759,27,786,5
2021-09-04,Mendocino,045,87422,6181,5933,235,6168,61
2021-09-04,Merced,047,269075,36670,36083,1389,37472,513
2021-09-04,Modoc,049,8938,455,447,158,605,5
2021-09-04,Mono,051,14174,1438,1417,18,1435,3
2021-09-04,Monterey,053,433212,46503,45756,2403,48159,540
2021-09-04,Napa,055,140530,11876,11760,72,11832,90
2021-09-04,Nevada,057,99092,7932,7691,257,7948,82
2021-09-04,Orange,059,3164182,291301,287244,13500,300744,5274
2021-09-04,Placer,061,380077,32216,31374,2895,34269,337
2021-09-04,Plumas,063,18699,1113,1067,19,1086,5
2021-09-04,Riverside,065,2383286,338058,331958,15413,347371,4654
2021-09-04,Sacramento,067,1510023,141610,140735,3244,143979,1896
2021-09-04,San Benito,069,59416,6790,6758,133,6891,64
2021-09-04,San Bernardino,071,2135413,332158,328425,10247,338672,5393
2021-09-04,San Diego,073,3302833,343169,338748,20120,358868,3914
2021-09-04,San Francisco,075,870044,48654,47937,2021,49958,589
2021-09-04,San Joaquin,077,732212,90161,88846,4665,93511,1548
2021-09-04,San Luis Obispo,079,281455,26642,26020,1011,27031,285
2021-09-04,San Mateo,081,765935,50563,49721,736,50457,560
2021-09-04,Santa Barbara,083,443738,40580,39667,1387,41054,489
2021-09-04,Santa Clara,085,1922200,137568,135845,1030,136875,1806
2021-09-04,Santa Cruz,087,273765,18866,18579,940,19519,210
2021-09-04,Shasta,089,179085,16611,15924,2478,18402,226
2021-09-04,Sierra,091,2930,126,108,13,121,0
2021-09-04,Siskiyou,093,43540,2700,2563,843,3406,34
2021-09-04,Solano,095,438530,42557,41614,1059,42673,300
2021-09-04,Sonoma,097,501317,38229,37809,455,38264,358
2021-09-04,Stanislaus,099,539301,69013,68210,7644,75854,1074
2021-09-04,Sutter,101,95872,12327,12137,181,12318,138
2021-09-04,Tehama,103,63373,6628,6367,996,7363,74
2021-09-04,Trinity,105,12862,656,497,171,668,6
2021-09-04,Tulare,107,460477,58373,56719,11592,68311,874
2021-09-04,Tuolumne,109,53932,5811,5667,63,5730,88
2021-09-04,Ventura,111,848112,92405,90904,3955,94859,1090
2021-09-04,Yolo,113,214977,17790,17522,776,18298,235
2021-09-04,Yuba,115,75493,8698,8475,178,8653,55
2021-09-03,Alameda,001,1643700,110905,109636,2479,112115,1301
2021-09-03,Alpine,003,1148,94,94,0,94,0
2021-09-03,Amador,005,37829,4696,4614,43,4657,53
2021-09-03,Butte,007,227075,16918,16259,2928,19187,215
2021-09-03,Calaveras,009,45235,3159,3069,19,3088,63
2021-09-03,Colusa,011,21464,2331,2295,502,2797,16
2021-09-03,Contra Costa,013,1133247,91672,90299,1803,92102,886
2021-09-03,Del Norte,015,27424,3146,2943,18,2961,24
2021-09-03,El Dorado,017,186661,14072,13710,1351,15061,119
2021-09-03,Fresno,019,978130,121260,118508,10682,129190,1822
2021-09-03,Glenn,021,27897,2987,2867,838,3705,20
2021-09-03,Humboldt,023,135768,7450,7194,292,7486,52
2021-09-03,Imperial,025,180216,30753,30475,2868,33343,751
2021-09-03,Inyo,027,18085,1583,1567,17,1584,39
2021-09-03,Kern,029,883053,111990,109296,15961,125257,1407
2021-09-03,Kings,031,150075,27533,26753,1473,28226,263
2021-09-03,Lake,033,64148,5686,5479,90,5569,78
2021-09-03,Lassen,035,31185,5911,5789,184,5973,21
2021-09-03,Los Angeles,037,10098052,1369365,1351185,49580,1400765,25384
2021-09-03,Madera,039,155013,19618,19021,1470,20491,247
2021-09-03,Marin,041,260295,16471,16293,363,16656,242
2021-09-03,Mariposa,043,17540,789,753,25,778,5
2021-09-03,Mendocino,045,87422,6146,5891,235,6126,61
2021-09-03,Merced,047,269075,36616,35941,1380,37321,512
2021-09-03,Modoc,049,8938,455,445,158,603,5
2021-09-03,Mono,051,14174,1437,1410,18,1428,3
2021-09-03,Monterey,053,433212,46465,45707,2399,48106,540
2021-09-03,Napa,055,140530,11855,11733,72,11805,89
2021-09-03,Nevada,057,99092,7898,7632,257,7889,82
2021-09-03,Orange,059,3164182,290983,286818,13473,300291,5253
2021-09-03,Placer,061,380077,32109,31238,2871,34109,335
2021-09-03,Plumas,063,18699,1102,1057,19,1076,5
2021-09-03,Riverside,065,2383286,337526,331011,15397,346408,4653
2021-09-03,Sacramento,067,1510023,141246,139982,3226,143208,1886
2021-09-03,San Benito,069,59416,6784,6746,133,6879,64
2021-09-03,San Bernardino,071,2135413,331741,327599,10237,337836,5381
2021-09-03,San Diego,073,3302833,342549,337627,20087,357714,3911
2021-09-03,San Francisco,075,870044,48578,47822,2015,49837,589
2021-09-03,San Joaquin,077,732212,90008,88366,4657,93023,1540
2021-09-03,San Luis Obispo,079,281455,26566,25917,1009,26926,283
2021-09-03,San Mateo,081,765935,50468,49617,734,50351,560
2021-09-03,Santa Barbara,083,443738,40513,39507,1384,40891,489
2021-09-03,Santa Clara,085,1922200,137366,135522,1026,136548,1801
2021-09-03,Santa Cruz,087,273765,18841,18532,940,19472,210
2021-09-03,Shasta,089,179085,16536,15778,2454,18232,226
2021-09-03,Sierra,091,2930,124,105,13,118,0
2021-09-03,Siskiyou,093,43540,2688,2529,830,3359,34
2021-09-03,Solano,095,438530,42461,41457,1056,42513,300
2021-09-03,Sonoma,097,501317,38166,37699,455,38154,358
2021-09-03,Stanislaus,099,539301,68837,67887,7618,75505,1074
2021-09-03,Sutter,101,95872,12288,12073,180,12253,139
2021-09-03,Tehama,103,63373,6589,6334,989,7323,72
2021-09-03,Trinity,105,12862,654,490,167,657,6
2021-09-03,Tulare,107,460477,58247,56401,11540,67941,872
2021-09-03,Tuolumne,109,53932,5769,5630,63,5693,88
2021-09-03,Ventura,111,848112,92271,90742,3951,94693,1088
2021-09-03,Yolo,113,214977,17767,17446,771,18217,235
2021-09-03,Yuba,115,75493,8667,8412,178,8590,55
2021-09-02,Alameda,001,1643700,110647,109377,2476,111853,1301
2021-09-02,Alpine,003,1148,93,92,0,92,0
2021-09-02,Amador,005,37829,4680,4606,43,4649,53
2021-09-02,Butte,007,227075,16792,16154,2909,19063,215
2021-09-02,Calaveras,009,45235,3146,3042,19,3061,62
2021-09-02,Colusa,011,21464,2327,2290,502,2792,16
2021-09-02,Contra Costa,013,1133247,91490,90038,1792,91830,886
2021-09-02,Del Norte,015,27424,3115,2891,18,2909,24
2021-09-02,El Dorado,017,186661,14013,13641,1326,14967,119
2021-09-02,Fresno,019,978130,120772,117974,10628,128602,1804
2021-09-02,Glenn,021,27897,2971,2855,832,3687,20
2021-09-02,Humboldt,023,135768,7403,7141,281,7422,52
2021-09-02,Imperial,025,180216,30709,30449,2863,33312,751
2021-09-02,Inyo,027,18085,1578,1564,16,1580,39
2021-09-02,Kern,029,883053,111577,108930,15817,124747,1404
2021-09-02,Kings,031,150075,27440,26638,1463,28101,263
2021-09-02,Lake,033,64148,5656,5432,86,5518,78
2021-09-02,Lassen,035,31185,5897,5747,177,5924,21
2021-09-02,Los Angeles,037,10098052,1367508,1351105,49488,1400593,25382
2021-09-02,Madera,039,155013,19527,18937,1452,20389,247
2021-09-02,Marin,041,260295,16458,16244,361,16605,242
2021-09-02,Mariposa,043,17540,782,745,22,767,5
2021-09-02,Mendocino,045,87422,6104,5848,232,6080,61
2021-09-02,Merced,047,269075,36453,35820,1373,37193,508
2021-09-02,Modoc,049,8938,455,437,158,595,5
2021-09-02,Mono,051,14174,1437,1409,18,1427,3
2021-09-02,Monterey,053,433212,46399,45648,2384,48032,539
2021-09-02,Napa,055,140530,11826,11684,72,11756,88
2021-09-02,Nevada,057,99092,7846,7575,256,7831,82
2021-09-02,Orange,059,3164182,290523,286326,13439,299765,5240
2021-09-02,Placer,061,380077,31971,31067,2842,33909,330
2021-09-02,Plumas,063,18699,1091,1045,18,1063,5
2021-09-02,Riverside,065,2383286,336811,330190,15373,345563,4644
2021-09-02,Sacramento,067,1510023,140665,139274,3186,142460,1882
2021-09-02,San Benito,069,59416,6779,6734,132,6866,64
2021-09-02,San Bernardino,071,2135413,331132,326940,10164,337104,5369
2021-09-02,San Diego,073,3302833,341591,336382,20034,356416,3909
2021-09-02,San Francisco,075,870044,48468,47674,2011,49685,587
2021-09-02,San Joaquin,077,732212,89724,88056,4633,92689,1540
2021-09-02,San Luis Obispo,079,281455,26480,25851,1004,26855,283
2021-09-02,San Mateo,081,765935,50367,49490,732,50222,558
2021-09-02,Santa Barbara,083,443738,40423,39386,1371,40757,486
2021-09-02,Santa Clara,085,1922200,137065,135216,1020,136236,1799
2021-09-02,Santa Cruz,087,273765,18807,18473,937,19410,210
2021-09-02,Shasta,089,179085,16398,15670,2425,18095,224
2021-09-02,Sierra,091,2930,124,105,13,118,0
2021-09-02,Siskiyou,093,43540,2667,2513,802,3315,34
2021-09-02,Solano,095,438530,42355,41293,1053,42346,294
2021-09-02,Sonoma,097,501317,38085,37558,455,38013,352
2021-09-02,Stanislaus,099,539301,68596,67576,7598,75174,1074
2021-09-02,Sutter,101,95872,12219,11995,176,12171,138
2021-09-02,Tehama,103,63373,6531,6265,970,7235,72
2021-09-02,Trinity,105,12862,650,484,165,649,6
2021-09-02,Tulare,107,460477,58017,56105,11488,67593,872
2021-09-02,Tuolumne,109,53932,5712,5578,63,5641,88
2021-09-02,Ventura,111,848112,92088,90610,3946,94556,1084
2021-09-02,Yolo,113,214977,17697,17357,760,18117,235
2021-09-02,Yuba,115,75493,8607,8363,178,8541,55
2021-09-01,Alameda,001,1643700,110379,109075,2471,111546,1299
2021-09-01,Alpine,003,1148,93,92,0,92,0
2021-09-01,Amador,005,37829,4664,4599,42,4641,53
2021-09-01,Butte,007,227075,16677,16046,2881,18927,215
2021-09-01,Calaveras,009,45235,3134,3023,19,3042,59
2021-09-01,Colusa,011,21464,2322,2281,501,2782,16
2021-09-01,Contra Costa,013,1133247,91255,89834,1785,91619,877
2021-09-01,Del Norte,015,27424,3082,2860,18,2878,24
2021-09-01,El Dorado,017,186661,13957,13577,1297,14874,119
2021-09-01,Fresno,019,978130,120281,117492,10558,128050,1800
2021-09-01,Glenn,021,27897,2946,2846,824,3670,20
2021-09-01,Humboldt,023,135768,7356,7090,274,7364,52
2021-09-01,Imperial,025,180216,30671,30393,2858,33251,750
2021-09-01,Inyo,027,18085,1574,1561,15,1576,39
2021-09-01,Kern,029,883053,111147,108449,15679,124128,1400
2021-09-01,Kings,031,150075,27327,26443,1452,27895,263
2021-09-01,Lake,033,64148,5615,5396,81,5477,77
2021-09-01,Lassen,035,31185,5875,5731,173,5904,21
2021-09-01,Los Angeles,037,10098052,1365243,1348589,49387,1397976,25341
2021-09-01,Madera,039,155013,19449,18852,1437,20289,247
2021-09-01,Marin,041,260295,16436,16224,356,16580,240
2021-09-01,Mariposa,043,17540,774,735,22,757,5
2021-09-01,Mendocino,045,87422,6061,5821,227,6048,59
2021-09-01,Merced,047,269075,36275,35686,1363,37049,500
2021-09-01,Modoc,049,8938,449,436,156,592,5
2021-09-01,Mono,051,14174,1437,1400,18,1418,3
2021-09-01,Monterey,053,433212,46319,45590,2369,47959,539
2021-09-01,Napa,055,140530,11793,11653,72,11725,88
2021-09-01,Nevada,057,99092,7793,7508,255,7763,82
2021-09-01,Orange,059,3164182,290049,285840,13402,299242,5233
2021-09-01,Placer,061,380077,31814,30902,2828,33730,330
2021-09-01,Plumas,063,18699,1083,1033,18,1051,5
2021-09-01,Riverside,065,2383286,335999,329388,15343,344731,4634
2021-09-01,Sacramento,067,1510023,140057,138499,3141,141640,1875
2021-09-01,San Benito,069,59416,6762,6716,132,6848,64
2021-09-01,San Bernardino,071,2135413,330486,326250,10135,336385,5364
2021-09-01,San Diego,073,3302833,340569,335302,19978,355280,3908
2021-09-01,San Francisco,075,870044,48360,47538,2004,49542,584
2021-09-01,San Joaquin,077,732212,89402,87640,4610,92250,1540
2021-09-01,San Luis Obispo,079,281455,26384,25691,999,26690,283
2021-09-01,San Mateo,081,765935,50247,49394,726,50120,558
2021-09-01,Santa Barbara,083,443738,40305,39263,1355,40618,483
2021-09-01,Santa Clara,085,1922200,136797,134855,1014,135869,1796
2021-09-01,Santa Cruz,087,273765,18760,18453,935,19388,210
2021-09-01,Shasta,089,179085,16266,15552,2385,17937,221
2021-09-01,Sierra,091,2930,123,98,13,111,0
2021-09-01,Siskiyou,093,43540,2637,2482,782,3264,34
2021-09-01,Solano,095,438530,42204,41194,1047,42241,293
2021-09-01,Sonoma,097,501317,37991,37454,454,37908,352
2021-09-01,Stanislaus,099,539301,68311,67287,7567,74854,1075
2021-09-01,Sutter,101,95872,12155,11945,169,12114,136
2021-09-01,Tehama,103,63373,6497,6228,953,7181,72
2021-09-01,Trinity,105,12862,649,482,162,644,5
2021-09-01,Tulare,107,460477,57734,55768,11451,67219,870
2021-09-01,Tuolumne,109,53932,5673,5553,63,5616,88
2021-09-01,Ventura,111,848112,91873,90471,3930,94401,1089
2021-09-01,Yolo,113,214977,17641,17264,754,18018,235
2021-09-01,Yuba,115,75493,8545,8308,178,8486,55
2021-08-31,Alameda,001,1643700,110086,108837,2465,111302,1297
2021-08-31,Alpine,003,1148,91,92,0,92,0
2021-08-31,Amador,005,37829,4643,4555,42,4597,53
2021-08-31,Butte,007,227075,16536,15896,2840,18736,216
2021-08-31,Calaveras,009,45235,3094,3008,19,3027,59
2021-08-31,Colusa,011,21464,2320,2275,499,2774,16
2021-08-31,Contra Costa,013,1133247,90960,89546,1773,91319,871
2021-08-31,Del Norte,015,27424,3046,2830,18,2848,19
2021-08-31,El Dorado,017,186661,13886,13539,1279,14818,119
2021-08-31,Fresno,019,978130,119705,117155,10479,127634,1801
2021-08-31,Glenn,021,27897,2930,2829,814,3643,20
2021-08-31,Humboldt,023,135768,7281,7030,261,7291,52
2021-08-31,Imperial,025,180216,30634,30348,2850,33198,750
2021-08-31,Inyo,027,18085,1570,1550,15,1565,39
2021-08-31,Kern,029,883053,110645,108151,15500,123651,1393
2021-08-31,Kings,031,150075,27186,26405,1438,27843,260
2021-08-31,Lake,033,64148,5571,5359,80,5439,74
2021-08-31,Lassen,035,31185,5849,5702,170,5872,21
2021-08-31,Los Angeles,037,10098052,1362651,1346686,49310,1395996,25303
2021-08-31,Madera,039,155013,19359,18811,1420,20231,247
2021-08-31,Marin,041,260295,16407,16215,353,16568,240
2021-08-31,Mariposa,043,17540,766,732,22,754,5
2021-08-31,Mendocino,045,87422,6019,5777,226,6003,59
2021-08-31,Merced,047,269075,36105,35512,1358,36870,498
2021-08-31,Modoc,049,8938,448,436,156,592,5
2021-08-31,Mono,051,14174,1425,1398,18,1416,3
2021-08-31,Monterey,053,433212,46235,45550,2356,47906,539
2021-08-31,Napa,055,140530,11745,11618,72,11690,88
2021-08-31,Nevada,057,99092,7727,7460,255,7715,82
2021-08-31,Orange,059,3164182,289450,285310,13370,298680,5229
2021-08-31,Placer,061,380077,31624,30745,2791,33536,325
2021-08-31,Plumas,063,18699,1079,1018,17,1035,5
2021-08-31,Riverside,065,2383286,335027,328556,15310,343866,4627
2021-08-31,Sacramento,067,1510023,139373,137879,3109,140988,1863
2021-08-31,San Benito,069,59416,6750,6694,130,6824,64
2021-08-31,San Bernardino,071,2135413,329737,325446,10115,335561,5350
2021-08-31,San Diego,073,3302833,339316,334377,19920,354297,3888
2021-08-31,San Francisco,075,870044,48210,47440,1993,49433,581
2021-08-31,San Joaquin,077,732212,88958,87365,4595,91960,1540
2021-08-31,San Luis Obispo,079,281455,26261,25518,995,26513,282
2021-08-31,San Mateo,081,765935,50135,49299,726,50025,556
2021-08-31,Santa Barbara,083,443738,40155,39091,1349,40440,481
2021-08-31,Santa Clara,085,1922200,136444,134637,1007,135644,1793
2021-08-31,Santa Cruz,087,273765,18722,18419,932,19351,210
2021-08-31,Shasta,089,179085,16114,15368,2358,17726,220
2021-08-31,Sierra,091,2930,120,95,13,108,0
2021-08-31,Siskiyou,093,43540,2617,2435,766,3201,33
2021-08-31,Solano,095,438530,42065,41067,1040,42107,289
2021-08-31,Sonoma,097,501317,37895,37379,453,37832,352
2021-08-31,Stanislaus,099,539301,67956,67004,7532,74536,1075
2021-08-31,Sutter,101,95872,12090,11901,165,12066,136
2021-08-31,Tehama,103,63373,6436,6169,922,7091,72
2021-08-31,Trinity,105,12862,643,480,162,642,3
2021-08-31,Tulare,107,460477,57400,55567,11381,66948,870
2021-08-31,Tuolumne,109,53932,5637,5516,63,5579,88
2021-08-31,Ventura,111,848112,91654,90292,3918,94210,1081
2021-08-31,Yolo,113,214977,17560,17205,747,17952,234
2021-08-31,Yuba,115,75493,8491,8253,178,8431,54
2021-08-30,Alameda,001,1643700,109769,107734,2454,110188,1296
2021-08-30,Alpine,003,1148,91,92,0,92,0
2021-08-30,Amador,005,37829,4632,4507,42,4549,53
2021-08-30,Butte,007,227075,16384,15719,2807,18526,214
2021-08-30,Calaveras,009,45235,3079,2975,19,2994,59
2021-08-30,Colusa,011,21464,2311,2271,496,2767,16
2021-08-30,Contra Costa,013,1133247,90700,87679,1763,89442,872
2021-08-30,Del Norte,015,27424,3004,2796,17,2813,11
2021-08-30,El Dorado,017,186661,13817,13217,1262,14479,119
2021-08-30,Fresno,019,978130,119134,115867,10406,126273,1790
2021-08-30,Glenn,021,27897,2919,2804,808,3612,20
2021-08-30,Humboldt,023,135768,7227,6930,255,7185,52
2021-08-30,Imperial,025,180216,30596,30311,2845,33156,750
2021-08-30,Inyo,027,18085,1565,1544,15,1559,39
2021-08-30,Kern,029,883053,110167,107615,15338,122953,1389
2021-08-30,Kings,031,150075,27069,26236,1423,27659,259
2021-08-30,Lake,033,64148,5536,5323,77,5400,74
2021-08-30,Lassen,035,31185,5827,5667,164,5831,21
2021-08-30,Los Angeles,037,10098052,1360192,1344949,49225,1394174,25269
2021-08-30,Madera,039,155013,19277,18622,1400,20022,247
2021-08-30,Marin,041,260295,16376,16160,353,16513,240
2021-08-30,Mariposa,043,17540,760,715,21,736,5
2021-08-30,Mendocino,045,87422,5985,5721,222,5943,55
2021-08-30,Merced,047,269075,35977,35335,1354,36689,497
2021-08-30,Modoc,049,8938,446,436,155,591,5
2021-08-30,Mono,051,14174,1424,1390,18,1408,3
2021-08-30,Monterey,053,433212,46173,45463,2339,47802,539
2021-08-30,Napa,055,140530,11696,11579,70,11649,87
2021-08-30,Nevada,057,99092,7668,7356,252,7608,82
2021-08-30,Orange,059,3164182,288869,284750,13321,298071,5223
2021-08-30,Placer,061,380077,31459,29825,2768,32593,319
2021-08-30,Plumas,063,18699,1062,998,17,1015,5
2021-08-30,Riverside,065,2383286,334136,327593,15279,342872,4623
2021-08-30,Sacramento,067,1510023,138715,134571,3063,137634,1847
2021-08-30,San Benito,069,59416,6741,6663,130,6793,64
2021-08-30,San Bernardino,071,2135413,329059,324870,10085,334955,5348
2021-08-30,San Diego,073,3302833,338045,333011,19840,352851,3885
2021-08-30,San Francisco,075,870044,48069,46966,1980,48946,581
2021-08-30,San Joaquin,077,732212,88627,86203,4574,90777,1528
2021-08-30,San Luis Obispo,079,281455,26136,25422,988,26410,280
2021-08-30,San Mateo,081,765935,50009,48839,720,49559,554
2021-08-30,Santa Barbara,083,443738,40003,38998,1344,40342,481
2021-08-30,Santa Clara,085,1922200,136123,133281,1000,134281,1789
2021-08-30,Santa Cruz,087,273765,18668,18326,928,19254,210
2021-08-30,Shasta,089,179085,15985,15238,2319,17557,217
2021-08-30,Sierra,091,2930,118,91,13,104,0
2021-08-30,Siskiyou,093,43540,2604,2411,755,3166,33
2021-08-30,Solano,095,438530,41904,39986,1036,41022,290
2021-08-30,Sonoma,097,501317,37790,36764,453,37217,352
2021-08-30,Stanislaus,099,539301,67617,66173,7501,73674,1074
2021-08-30,Sutter,101,95872,12020,11791,158,11949,136
2021-08-30,Tehama,103,63373,6357,6085,898,6983,71
2021-08-30,Trinity,105,12862,632,468,159,627,3
2021-08-30,Tulare,107,460477,57088,55140,11306,66446,870
2021-08-30,Tuolumne,109,53932,5591,5492,63,5555,74
2021-08-30,Ventura,111,848112,91438,90149,3906,94055,1082
2021-08-30,Yolo,113,214977,17498,17071,743,17814,231
2021-08-30,Yuba,115,75493,8417,8129,177,8306,54
2021-08-29,Alameda,001,1643700,109437,107494,2443,109937,1296
2021-08-29,Alpine,003,1148,91,92,0,92,0
2021-08-29,Amador,005,37829,4618,4501,42,4543,53
2021-08-29,Butte,007,227075,16214,15602,2770,18372,214
2021-08-29,Calaveras,009,45235,3047,2970,19,2989,59
2021-08-29,Colusa,011,21464,2304,2260,490,2750,16
2021-08-29,Contra Costa,013,1133247,90403,87439,1758,89197,872
2021-08-29,Del Norte,015,27424,2961,2752,17,2769,11
2021-08-29,El Dorado,017,186661,13761,13166,1251,14417,119
2021-08-29,Fresno,019,978130,118537,115502,10334,125836,1790
2021-08-29,Glenn,021,27897,2901,2778,801,3579,20
2021-08-29,Humboldt,023,135768,7183,6922,240,7162,52
2021-08-29,Imperial,025,180216,30535,30293,2834,33127,750
2021-08-29,Inyo,027,18085,1555,1543,14,1557,39
2021-08-29,Kern,029,883053,109716,107324,15168,122492,1389
2021-08-29,Kings,031,150075,26915,26143,1409,27552,259
2021-08-29,Lake,033,64148,5496,5293,67,5360,74
2021-08-29,Lassen,035,31185,5804,5666,160,5826,21
2021-08-29,Los Angeles,037,10098052,1357444,1342541,49114,1391655,25263
2021-08-29,Madera,039,155013,19190,18594,1384,19978,247
2021-08-29,Marin,041,260295,16345,16134,351,16485,240
2021-08-29,Mariposa,043,17540,754,709,19,728,5
2021-08-29,Mendocino,045,87422,5927,5689,209,5898,55
2021-08-29,Merced,047,269075,35738,35250,1342,36592,497
2021-08-29,Modoc,049,8938,443,436,155,591,5
2021-08-29,Mono,051,14174,1417,1387,18,1405,3
2021-08-29,Monterey,053,433212,46068,45424,2316,47740,539
2021-08-29,Napa,055,140530,11665,11552,70,11622,87
2021-08-29,Nevada,057,99092,7611,7294,251,7545,82
2021-08-29,Orange,059,3164182,288241,284432,13279,297711,5223
2021-08-29,Placer,061,380077,31286,29674,2727,32401,319
2021-08-29,Plumas,063,18699,1051,996,17,1013,5
2021-08-29,Riverside,065,2383286,333277,326987,15258,342245,4623
2021-08-29,Sacramento,067,1510023,137962,133981,3014,136995,1843
2021-08-29,San Benito,069,59416,6716,6646,130,6776,64
2021-08-29,San Bernardino,071,2135413,328274,324266,10051,334317,5347
2021-08-29,San Diego,073,3302833,336939,332014,19745,351759,3880
2021-08-29,San Francisco,075,870044,47934,46885,1968,48853,581
2021-08-29,San Joaquin,077,732212,88179,85922,4554,90476,1528
2021-08-29,San Luis Obispo,079,281455,25938,25288,980,26268,280
2021-08-29,San Mateo,081,765935,49896,48737,715,49452,554
2021-08-29,Santa Barbara,083,443738,39837,38900,1340,40240,481
2021-08-29,Santa Clara,085,1922200,135770,132979,994,133973,1789
2021-08-29,Santa Cruz,087,273765,18621,18285,926,19211,210
2021-08-29,Shasta,089,179085,15831,15198,2292,17490,217
2021-08-29,Sierra,091,2930,116,91,13,104,0
2021-08-29,Siskiyou,093,43540,2557,2407,735,3142,33
2021-08-29,Solano,095,438530,41750,39887,1029,40916,290
2021-08-29,Sonoma,097,501317,37655,36650,449,37099,352
2021-08-29,Stanislaus,099,539301,67272,65956,7465,73421,1074
2021-08-29,Sutter,101,95872,11961,11719,151,11870,136
2021-08-29,Tehama,103,63373,6286,6040,875,6915,71
2021-08-29,Trinity,105,12862,629,468,156,624,3
2021-08-29,Tulare,107,460477,56755,54974,11222,66196,870
2021-08-29,Tuolumne,109,53932,5565,5478,62,5540,74
2021-08-29,Ventura,111,848112,91180,90114,3897,94011,1082
2021-08-29,Yolo,113,214977,17398,17015,730,17745,231
2021-08-29,Yuba,115,75493,8353,8042,177,8219,54
2021-08-28,Alameda,001,1643700,109274,107007,2434,109441,1296
2021-08-28,Alpine,003,1148,91,92,0,92,0
2021-08-28,Amador,005,37829,4599,4484,41,4525,53
2021-08-28,Butte,007,227075,16154,15487,2742,18229,214
2021-08-28,Calaveras,009,45235,3037,2926,19,2945,59
2021-08-28,Colusa,011,21464,2300,2252,488,2740,16
2021-08-28,Contra Costa,013,1133247,90192,86938,1755,88693,872
2021-08-28,Del Norte,015,27424,2934,2734,16,2750,11
2021-08-28,El Dorado,017,186661,13722,13089,1245,14334,119
2021-08-28,Fresno,019,978130,118296,115079,10303,125382,1792
2021-08-28,Glenn,021,27897,2892,2773,794,3567,20
2021-08-28,Humboldt,023,135768,7148,6887,235,7122,52
2021-08-28,Imperial,025,180216,30508,30260,2831,33091,750
2021-08-28,Inyo,027,18085,1553,1539,14,1553,39
2021-08-28,Kern,029,883053,109478,107012,15028,122040,1389
2021-08-28,Kings,031,150075,26848,26059,1406,27465,257
2021-08-28,Lake,033,64148,5473,5267,63,5330,74
2021-08-28,Lassen,035,31185,5789,5665,159,5824,21
2021-08-28,Los Angeles,037,10098052,1356229,1337097,49043,1386140,25234
2021-08-28,Madera,039,155013,19139,18553,1370,19923,247
2021-08-28,Marin,041,260295,16330,16106,351,16457,240
2021-08-28,Mariposa,043,17540,752,704,19,723,5
2021-08-28,Mendocino,045,87422,5902,5658,209,5867,55
2021-08-28,Merced,047,269075,35686,35108,1339,36447,497
2021-08-28,Modoc,049,8938,443,436,154,590,5
2021-08-28,Mono,051,14174,1414,1385,18,1403,3
2021-08-28,Monterey,053,433212,46026,45394,2311,47705,539
2021-08-28,Napa,055,140530,11642,11512,69,11581,88
2021-08-28,Nevada,057,99092,7587,7238,249,7487,82
2021-08-28,Orange,059,3164182,287884,283953,13231,297184,5222
2021-08-28,Placer,061,380077,31177,29428,2714,32142,319
2021-08-28,Plumas,063,18699,1044,991,17,1008,5
2021-08-28,Riverside,065,2383286,332689,326222,15248,341470,4623
2021-08-28,Sacramento,067,1510023,137571,132985,2996,135981,1844
2021-08-28,San Benito,069,59416,6709,6636,130,6766,64
2021-08-28,San Bernardino,071,2135413,327826,323672,10043,333715,5348
2021-08-28,San Diego,073,3302833,336355,331330,19709,351039,3880
2021-08-28,San Francisco,075,870044,47862,46654,1961,48615,581
2021-08-28,San Joaquin,077,732212,88009,85481,4545,90026,1527
2021-08-28,San Luis Obispo,079,281455,25871,25138,975,26113,280
2021-08-28,San Mateo,081,765935,49822,48575,711,49286,554
2021-08-28,Santa Barbara,083,443738,39766,38780,1340,40120,481
2021-08-28,Santa Clara,085,1922200,135564,132488,992,133480,1789
2021-08-28,Santa Cruz,087,273765,18603,18240,923,19163,210
2021-08-28,Shasta,089,179085,15728,15147,2274,17421,217
2021-08-28,Sierra,091,2930,112,91,13,104,0
2021-08-28,Siskiyou,093,43540,2549,2402,724,3126,33
2021-08-28,Solano,095,438530,41701,39610,1028,40638,290
2021-08-28,Sonoma,097,501317,37582,36466,447,36913,352
2021-08-28,Stanislaus,099,539301,67114,65670,7448,73118,1074
2021-08-28,Sutter,101,95872,11940,11669,150,11819,136
2021-08-28,Tehama,103,63373,6260,6004,864,6868,71
2021-08-28,Trinity,105,12862,625,463,155,618,3
2021-08-28,Tulare,107,460477,56625,54746,11180,65926,870
2021-08-28,Tuolumne,109,53932,5549,5469,62,5531,74
2021-08-28,Ventura,111,848112,91062,89934,3895,93829,1081
2021-08-28,Yolo,113,214977,17363,16907,723,17630,231
2021-08-28,Yuba,115,75493,8322,7985,176,8161,55
2021-08-27,Alameda,001,1643700,109063,106622,2432,109054,1296
2021-08-27,Alpine,003,1148,91,92,0,92,0
2021-08-27,Amador,005,37829,4583,4458,40,4498,53
2021-08-27,Butte,007,227075,16074,15277,2720,17997,214
2021-08-27,Calaveras,009,45235,3023,2903,19,2922,59
2021-08-27,Colusa,011,21464,2294,2240,486,2726,16
2021-08-27,Contra Costa,013,1133247,89994,86386,1752,88138,872
2021-08-27,Del Norte,015,27424,2902,2695,16,2711,11
2021-08-27,El Dorado,017,186661,13683,12968,1241,14209,119
2021-08-27,Fresno,019,978130,117861,114481,10281,124762,1774
2021-08-27,Glenn,021,27897,2874,2754,785,3539,20
2021-08-27,Humboldt,023,135768,7115,6782,232,7014,52
2021-08-27,Imperial,025,180216,30488,30201,2829,33030,750
2021-08-27,Inyo,027,18085,1552,1529,14,1543,39
2021-08-27,Kern,029,883053,109184,106570,14918,121488,1385
2021-08-27,Kings,031,150075,26769,25957,1404,27361,257
2021-08-27,Lake,033,64148,5448,5228,62,5290,74
2021-08-27,Lassen,035,31185,5773,5646,154,5800,21
2021-08-27,Los Angeles,037,10098052,1354700,1337006,48982,1385988,25230
2021-08-27,Madera,039,155013,19083,18476,1357,19833,247
2021-08-27,Marin,041,260295,16314,16055,349,16404,240
2021-08-27,Mariposa,043,17540,746,690,19,709,5
2021-08-27,Mendocino,045,87422,5871,5602,208,5810,55
2021-08-27,Merced,047,269075,35632,34906,1331,36237,495
2021-08-27,Modoc,049,8938,443,434,154,588,5
2021-08-27,Mono,051,14174,1409,1385,18,1403,3
2021-08-27,Monterey,053,433212,45977,45337,2303,47640,539
2021-08-27,Napa,055,140530,11608,11460,69,11529,87
2021-08-27,Nevada,057,99092,7547,7169,247,7416,82
2021-08-27,Orange,059,3164182,287524,283407,13192,296599,5206
2021-08-27,Placer,061,380077,31047,29157,2695,31852,320
2021-08-27,Plumas,063,18699,1038,984,17,1001,5
2021-08-27,Riverside,065,2383286,332171,325379,15233,340612,4622
2021-08-27,Sacramento,067,1510023,137136,131921,2983,134904,1838
2021-08-27,San Benito,069,59416,6703,6622,130,6752,64
2021-08-27,San Bernardino,071,2135413,327300,322893,10025,332918,5342
2021-08-27,San Diego,073,3302833,335574,330162,19655,349817,3877
2021-08-27,San Francisco,075,870044,47786,46456,1943,48399,581
2021-08-27,San Joaquin,077,732212,87826,84949,4526,89475,1524
2021-08-27,San Luis Obispo,079,281455,25822,24952,972,25924,280
2021-08-27,San Mateo,081,765935,49747,48424,707,49131,553
2021-08-27,Santa Barbara,083,443738,39674,38675,1338,40013,480
2021-08-27,Santa Clara,085,1922200,135335,132011,989,133000,1783
2021-08-27,Santa Cruz,087,273765,18563,18163,919,19082,210
2021-08-27,Shasta,089,179085,15649,14996,2258,17254,217
2021-08-27,Sierra,091,2930,111,91,13,104,0
2021-08-27,Siskiyou,093,43540,2534,2358,710,3068,33
2021-08-27,Solano,095,438530,41587,39347,1024,40371,287
2021-08-27,Sonoma,097,501317,37511,36326,446,36772,342
2021-08-27,Stanislaus,099,539301,66905,65167,7411,72578,1061
2021-08-27,Sutter,101,95872,11894,11590,148,11738,135
2021-08-27,Tehama,103,63373,6228,5964,849,6813,71
2021-08-27,Trinity,105,12862,625,458,154,612,3
2021-08-27,Tulare,107,460477,56489,54443,11135,65578,870
2021-08-27,Tuolumne,109,53932,5517,5438,62,5500,74
2021-08-27,Ventura,111,848112,90933,89774,3891,93665,1076
2021-08-27,Yolo,113,214977,17321,16805,718,17523,231
2021-08-27,Yuba,115,75493,8265,7926,176,8102,54
2021-08-26,Alameda,001,1643700,108795,106146,2424,108570,1296
2021-08-26,Alpine,003,1148,91,92,0,92,0
2021-08-26,Amador,005,37829,4568,4442,39,4481,53
2021-08-26,Butte,007,227075,15940,15159,2680,17839,214
2021-08-26,Calaveras,009,45235,3012,2873,19,2892,59
2021-08-26,Colusa,011,21464,2287,2234,482,2716,16
2021-08-26,Contra Costa,013,1133247,89634,85808,1746,87554,866
2021-08-26,Del Norte,015,27424,2866,2625,16,2641,8
2021-08-26,El Dorado,017,186661,13614,12863,1227,14090,118
2021-08-26,Fresno,019,978130,117360,113854,10227,124081,1770
2021-08-26,Glenn,021,27897,2856,2740,776,3516,20
2021-08-26,Humboldt,023,135768,7057,6695,222,6917,53
2021-08-26,Imperial,025,180216,30439,30121,2822,32943,748
2021-08-26,Inyo,027,18085,1542,1521,13,1534,39
2021-08-26,Kern,029,883053,108756,106051,14776,120827,1380
2021-08-26,Kings,031,150075,26646,25838,1396,27234,260
2021-08-26,Lake,033,64148,5402,5196,59,5255,74
2021-08-26,Lassen,035,31185,5761,5626,152,5778,21
2021-08-26,Los Angeles,037,10098052,1352425,1334372,48889,1383261,25199
2021-08-26,Madera,039,155013,19013,18393,1344,19737,247
2021-08-26,Marin,041,260295,16285,15983,346,16329,240
2021-08-26,Mariposa,043,17540,736,677,19,696,5
2021-08-26,Mendocino,045,87422,5833,5533,203,5736,55
2021-08-26,Merced,047,269075,35464,34755,1310,36065,495
2021-08-26,Modoc,049,8938,443,433,154,587,5
2021-08-26,Mono,051,14174,1405,1385,18,1403,3
2021-08-26,Monterey,053,433212,45904,45265,2292,47557,539
2021-08-26,Napa,055,140530,11585,11394,68,11462,87
2021-08-26,Nevada,057,99092,7489,7086,244,7330,80
2021-08-26,Orange,059,3164182,287032,282814,13168,295982,5200
2021-08-26,Placer,061,380077,30877,28898,2669,31567,319
2021-08-26,Plumas,063,18699,1031,971,16,987,5
2021-08-26,Riverside,065,2383286,331379,324486,15213,339699,4615
2021-08-26,Sacramento,067,1510023,136602,130977,2942,133919,1827
2021-08-26,San Benito,069,59416,6693,6604,130,6734,64
2021-08-26,San Bernardino,071,2135413,326642,322100,10000,332100,5339
2021-08-26,San Diego,073,3302833,334547,328276,19589,347865,3869
2021-08-26,San Francisco,075,870044,47660,46288,1937,48225,581
2021-08-26,San Joaquin,077,732212,87448,84429,4505,88934,1513
2021-08-26,San Luis Obispo,079,281455,25672,24831,965,25796,278
2021-08-26,San Mateo,081,765935,49618,48263,705,48968,553
2021-08-26,Santa Barbara,083,443738,39589,38566,1337,39903,479
2021-08-26,Santa Clara,085,1922200,135010,131443,985,132428,1782
2021-08-26,Santa Cruz,087,273765,18503,18072,917,18989,210
2021-08-26,Shasta,089,179085,15527,14891,2230,17121,217
2021-08-26,Sierra,091,2930,109,90,13,103,0
2021-08-26,Siskiyou,093,43540,2512,2342,697,3039,33
2021-08-26,Solano,095,438530,41438,39027,1015,40042,286
2021-08-26,Sonoma,097,501317,37422,36102,446,36548,337
2021-08-26,Stanislaus,099,539301,66605,64785,7370,72155,1061
2021-08-26,Sutter,101,95872,11834,11499,145,11644,135
2021-08-26,Tehama,103,63373,6170,5913,836,6749,68
2021-08-26,Trinity,105,12862,620,450,152,602,3
2021-08-26,Tulare,107,460477,56232,54157,11088,65245,870
2021-08-26,Tuolumne,109,53932,5497,5387,62,5449,74
2021-08-26,Ventura,111,848112,90747,89595,3882,93477,1080
2021-08-26,Yolo,113,214977,17256,16727,708,17435,231
2021-08-26,Yuba,115,75493,8192,7834,174,8008,54
2021-08-25,Alameda,001,1643700,108480,105636,2417,108053,1296
2021-08-25,Alpine,003,1148,91,92,0,92,0
2021-08-25,Amador,005,37829,4553,4415,39,4454,53
2021-08-25,Butte,007,227075,15832,15039,2637,17676,214
2021-08-25,Calaveras,009,45235,2993,2851,19,2870,59
2021-08-25,Colusa,011,21464,2280,2227,473,2700,16
2021-08-25,Contra Costa,013,1133247,89246,85322,1740,87062,863
2021-08-25,Del Norte,015,27424,2821,2573,16,2589,8
2021-08-25,El Dorado,017,186661,13554,12787,1212,13999,118
2021-08-25,Fresno,019,978130,116820,113384,10185,123569,1761
2021-08-25,Glenn,021,27897,2838,2728,761,3489,20
2021-08-25,Humboldt,023,135768,6988,6653,213,6866,52
2021-08-25,Imperial,025,180216,30402,30085,2816,32901,748
2021-08-25,Inyo,027,18085,1538,1518,13,1531,39
2021-08-25,Kern,029,883053,108325,105687,14621,120308,1379
2021-08-25,Kings,031,150075,26539,25676,1390,27066,258
2021-08-25,Lake,033,64148,5372,5163,56,5219,74
2021-08-25,Lassen,035,31185,5744,5583,151,5734,21
2021-08-25,Los Angeles,037,10098052,1349825,1331400,48792,1380192,25170
2021-08-25,Madera,039,155013,18949,18311,1322,19633,247
2021-08-25,Marin,041,260295,16263,15938,340,16278,240
2021-08-25,Mariposa,043,17540,730,676,19,695,5
2021-08-25,Mendocino,045,87422,5799,5486,197,5683,53
2021-08-25,Merced,047,269075,35332,34600,1297,35897,492
2021-08-25,Modoc,049,8938,443,433,154,587,5
2021-08-25,Mono,051,14174,1401,1382,18,1400,3
2021-08-25,Monterey,053,433212,45830,45196,2277,47473,539
2021-08-25,Napa,055,140530,11552,11348,67,11415,87
2021-08-25,Nevada,057,99092,7423,7000,243,7243,77
2021-08-25,Orange,059,3164182,286506,282061,13134,295195,5193
2021-08-25,Placer,061,380077,30701,28740,2637,31377,319
2021-08-25,Plumas,063,18699,1016,962,16,978,5
2021-08-25,Riverside,065,2383286,330535,323548,15191,338739,4610
2021-08-25,Sacramento,067,1510023,135919,130046,2903,132949,1827
2021-08-25,San Benito,069,59416,6672,6587,129,6716,64
2021-08-25,San Bernardino,071,2135413,325950,321228,9979,331207,5337
2021-08-25,San Diego,073,3302833,333279,327166,19504,346670,3859
2021-08-25,San Francisco,075,870044,47510,46107,1932,48039,578
2021-08-25,San Joaquin,077,732212,87063,84002,4488,88490,1510
2021-08-25,San Luis Obispo,079,281455,25480,24607,961,25568,276
2021-08-25,San Mateo,081,765935,49496,48153,702,48855,553
2021-08-25,Santa Barbara,083,443738,39460,38450,1337,39787,479
2021-08-25,Santa Clara,085,1922200,134642,130995,983,131978,1783
2021-08-25,Santa Cruz,087,273765,18443,17987,914,18901,210
2021-08-25,Shasta,089,179085,15401,14752,2198,16950,217
2021-08-25,Sierra,091,2930,106,90,13,103,0
2021-08-25,Siskiyou,093,43540,2467,2322,679,3001,33
2021-08-25,Solano,095,438530,41266,38848,1003,39851,286
2021-08-25,Sonoma,097,501317,37298,35986,443,36429,336
2021-08-25,Stanislaus,099,539301,66323,64441,7338,71779,1061
2021-08-25,Sutter,101,95872,11766,11451,141,11592,134
2021-08-25,Tehama,103,63373,6111,5861,819,6680,68
2021-08-25,Trinity,105,12862,614,450,151,601,3
2021-08-25,Tulare,107,460477,55948,53877,11018,64895,866
2021-08-25,Tuolumne,109,53932,5471,5354,62,5416,74
2021-08-25,Ventura,111,848112,90563,89379,3868,93247,1068
2021-08-25,Yolo,113,214977,17191,16667,698,17365,231
2021-08-25,Yuba,115,75493,8126,7771,173,7944,54
2021-08-24,Alameda,001,1643700,108172,105319,2405,107724,1296
2021-08-24,Alpine,003,1148,91,92,0,92,0
2021-08-24,Amador,005,37829,4534,4380,39,4419,50
2021-08-24,Butte,007,227075,15678,14964,2604,17568,214
2021-08-24,Calaveras,009,45235,2954,2811,19,2830,59
2021-08-24,Colusa,011,21464,2272,2221,468,2689,16
2021-08-24,Contra Costa,013,1133247,88882,84963,1735,86698,857
2021-08-24,Del Norte,015,27424,2794,2543,16,2559,8
2021-08-24,El Dorado,017,186661,13477,12732,1197,13929,118
2021-08-24,Fresno,019,978130,116212,113024,10122,123146,1761
2021-08-24,Glenn,021,27897,2823,2717,754,3471,20
2021-08-24,Humboldt,023,135768,6925,6585,200,6785,52
2021-08-24,Imperial,025,180216,30341,30045,2811,32856,748
2021-08-24,Inyo,027,18085,1533,1512,13,1525,39
2021-08-24,Kern,029,883053,107861,105399,14457,119856,1375
2021-08-24,Kings,031,150075,26418,25629,1375,27004,258
2021-08-24,Lake,033,64148,5337,5135,56,5191,72
2021-08-24,Lassen,035,31185,5728,5576,149,5725,21
2021-08-24,Los Angeles,037,10098052,1346960,1328777,48686,1377463,25135
2021-08-24,Madera,039,155013,18873,18251,1305,19556,247
2021-08-24,Marin,041,260295,16227,15900,336,16236,240
2021-08-24,Mariposa,043,17540,723,670,19,689,5
2021-08-24,Mendocino,045,87422,5756,5416,190,5606,52
2021-08-24,Merced,047,269075,35164,34490,1286,35776,491
2021-08-24,Modoc,049,8938,443,432,154,586,5
2021-08-24,Mono,051,14174,1399,1382,18,1400,3
2021-08-24,Monterey,053,433212,45764,45126,2260,47386,539
2021-08-24,Napa,055,140530,11520,11299,66,11365,85
2021-08-24,Nevada,057,99092,7353,6981,241,7222,77
2021-08-24,Orange,059,3164182,285906,281461,13110,294571,5187
2021-08-24,Placer,061,380077,30496,28618,2598,31216,318
2021-08-24,Plumas,063,18699,1006,953,16,969,5
2021-08-24,Riverside,065,2383286,329662,322620,15162,337782,4605
2021-08-24,Sacramento,067,1510023,135236,129542,2857,132399,1812
2021-08-24,San Benito,069,59416,6659,6576,129,6705,64
2021-08-24,San Bernardino,071,2135413,325195,320300,9949,330249,5328
2021-08-24,San Diego,073,3302833,331836,325823,19395,345218,3851
2021-08-24,San Francisco,075,870044,47335,46010,1922,47932,574
2021-08-24,San Joaquin,077,732212,86623,83684,4451,88135,1508
2021-08-24,San Luis Obispo,079,281455,25303,24443,950,25393,274
2021-08-24,San Mateo,081,765935,49347,48050,700,48750,553
2021-08-24,Santa Barbara,083,443738,39329,38307,1336,39643,478
2021-08-24,Santa Clara,085,1922200,134218,130763,978,131741,1779
2021-08-24,Santa Cruz,087,273765,18368,17928,908,18836,209
2021-08-24,Shasta,089,179085,15293,14664,2167,16831,217
2021-08-24,Sierra,091,2930,103,90,13,103,0
2021-08-24,Siskiyou,093,43540,2445,2294,664,2958,33
2021-08-24,Solano,095,438530,41057,38724,991,39715,283
2021-08-24,Sonoma,097,501317,37170,35849,441,36290,336
2021-08-24,Stanislaus,099,539301,65994,64195,7284,71479,1058
2021-08-24,Sutter,101,95872,11699,11384,138,11522,134
2021-08-24,Tehama,103,63373,6065,5826,805,6631,67
2021-08-24,Trinity,105,12862,603,446,143,589,3
2021-08-24,Tulare,107,460477,55597,53702,10928,64630,856
2021-08-24,Tuolumne,109,53932,5440,5287,62,5349,74
2021-08-24,Ventura,111,848112,90379,89167,3857,93024,1068
2021-08-24,Yolo,113,214977,17113,16492,685,17177,231
2021-08-24,Yuba,115,75493,8043,7723,171,7894,54
2021-08-23,Alameda,001,1643700,107764,104922,2392,107314,1294
2021-08-23,Alpine,003,1148,91,91,0,91,0
2021-08-23,Amador,005,37829,4520,4369,39,4408,50
2021-08-23,Butte,007,227075,15533,14847,2566,17413,211
2021-08-23,Calaveras,009,45235,2927,2803,19,2822,59
2021-08-23,Colusa,011,21464,2268,2206,465,2671,16
2021-08-23,Contra Costa,013,1133247,88504,84651,1728,86379,857
2021-08-23,Del Norte,015,27424,2748,2499,16,2515,8
2021-08-23,El Dorado,017,186661,13374,12684,1175,13859,118
2021-08-23,Fresno,019,978130,115651,112445,10072,122517,1759
2021-08-23,Glenn,021,27897,2807,2696,744,3440,20
2021-08-23,Humboldt,023,135768,6852,6498,186,6684,52
2021-08-23,Imperial,025,180216,30290,30011,2808,32819,748
2021-08-23,Inyo,027,18085,1526,1509,13,1522,39
2021-08-23,Kern,029,883053,107406,104995,14303,119298,1375
2021-08-23,Kings,031,150075,26287,25465,1369,26834,257
2021-08-23,Lake,033,64148,5297,5099,54,5153,69
2021-08-23,Lassen,035,31185,5716,5562,149,5711,21
2021-08-23,Los Angeles,037,10098052,1343989,1326412,48556,1374968,25096
2021-08-23,Madera,039,155013,18787,18155,1290,19445,246
2021-08-23,Marin,041,260295,16179,15856,332,16188,240
2021-08-23,Mariposa,043,17540,712,645,19,664,5
2021-08-23,Mendocino,045,87422,5689,5374,183,5557,51
2021-08-23,Merced,047,269075,34982,34322,1281,35603,488
2021-08-23,Modoc,049,8938,440,431,153,584,6
2021-08-23,Mono,051,14174,1395,1384,18,1402,3
2021-08-23,Monterey,053,433212,45664,45047,2250,47297,538
2021-08-23,Napa,055,140530,11482,11257,66,11323,85
2021-08-23,Nevada,057,99092,7272,6930,239,7169,77
2021-08-23,Orange,059,3164182,285272,280891,13076,293967,5181
2021-08-23,Placer,061,380077,30295,28540,2560,31100,314
2021-08-23,Plumas,063,18699,998,934,16,950,5
2021-08-23,Riverside,065,2383286,328744,321650,15136,336786,4598
2021-08-23,Sacramento,067,1510023,134448,128969,2790,131759,1807
2021-08-23,San Benito,069,59416,6641,6562,127,6689,64
2021-08-23,San Bernardino,071,2135413,324390,319577,9910,329487,5324
2021-08-23,San Diego,073,3302833,330403,324536,19272,343808,3848
2021-08-23,San Francisco,075,870044,47179,45945,1913,47858,573
2021-08-23,San Joaquin,077,732212,86190,83466,4418,87884,1499
2021-08-23,San Luis Obispo,079,281455,25120,24317,948,25265,274
2021-08-23,San Mateo,081,765935,49209,47935,697,48632,553
2021-08-23,Santa Barbara,083,443738,39150,38181,1334,39515,478
2021-08-23,Santa Clara,085,1922200,133818,130489,974,131463,1778
2021-08-23,Santa Cruz,087,273765,18311,17871,907,18778,209
2021-08-23,Shasta,089,179085,15166,14537,2129,16666,216
2021-08-23,Sierra,091,2930,103,90,13,103,0
2021-08-23,Siskiyou,093,43540,2424,2274,643,2917,33
2021-08-23,Solano,095,438530,40903,38612,982,39594,283
2021-08-23,Sonoma,097,501317,37049,35769,440,36209,336
2021-08-23,Stanislaus,099,539301,65660,63922,7245,71167,1058
2021-08-23,Sutter,101,95872,11611,11314,130,11444,133
2021-08-23,Tehama,103,63373,6011,5805,789,6594,67
2021-08-23,Trinity,105,12862,600,435,140,575,3
2021-08-23,Tulare,107,460477,55290,53370,10856,64226,856
2021-08-23,Tuolumne,109,53932,5398,5240,62,5302,73
2021-08-23,Ventura,111,848112,90161,88960,3845,92805,1063
2021-08-23,Yolo,113,214977,17024,16445,671,17116,226
2021-08-23,Yuba,115,75493,7972,7653,169,7822,54
2021-08-22,Alameda,001,1643700,107320,104539,2365,106904,1294
2021-08-22,Alpine,003,1148,91,91,0,91,0
2021-08-22,Amador,005,37829,4490,4349,39,4388,50
2021-08-22,Butte,007,227075,15394,14791,2532,17323,211
2021-08-22,Calaveras,009,45235,2889,2771,19,2790,59
2021-08-22,Colusa,011,21464,2261,2201,459,2660,16
2021-08-22,Contra Costa,013,1133247,87961,84371,1715,86086,857
2021-08-22,Del Norte,015,27424,2688,2455,16,2471,8
2021-08-22,El Dorado,017,186661,13270,12629,1155,13784,118
2021-08-22,Fresno,019,978130,115053,112057,10004,122061,1759
2021-08-22,Glenn,021,27897,2780,2678,731,3409,20
2021-08-22,Humboldt,023,135768,6774,6483,168,6651,52
2021-08-22,Imperial,025,180216,30232,29993,2803,32796,748
2021-08-22,Inyo,027,18085,1520,1505,13,1518,39
2021-08-22,Kern,029,883053,106880,104691,14151,118842,1375
2021-08-22,Kings,031,150075,26129,25391,1352,26743,257
2021-08-22,Lake,033,64148,5252,5069,51,5120,69
2021-08-22,Lassen,035,31185,5684,5556,145,5701,21
2021-08-22,Los Angeles,037,10098052,1340666,1324151,48426,1372577,25089
2021-08-22,Madera,039,155013,18668,18120,1276,19396,246
2021-08-22,Marin,041,260295,16127,15822,324,16146,240
2021-08-22,Mariposa,043,17540,702,638,17,655,5
2021-08-22,Mendocino,045,87422,5630,5336,183,5519,51
2021-08-22,Merced,047,269075,34779,34234,1268,35502,488
2021-08-22,Modoc,049,8938,438,431,153,584,6
2021-08-22,Mono,051,14174,1393,1378,18,1396,3
2021-08-22,Monterey,053,433212,45564,45017,2236,47253,538
2021-08-22,Napa,055,140530,11437,11231,66,11297,85
2021-08-22,Nevada,057,99092,7198,6864,237,7101,77
2021-08-22,Orange,059,3164182,284578,280390,13032,293422,5181
2021-08-22,Placer,061,380077,30089,28395,2524,30919,314
2021-08-22,Plumas,063,18699,980,923,15,938,5
2021-08-22,Riverside,065,2383286,327723,320836,15089,335925,4594
2021-08-22,Sacramento,067,1510023,133672,128231,2750,130981,1802
2021-08-22,San Benito,069,59416,6625,6550,127,6677,64
2021-08-22,San Bernardino,071,2135413,323423,318839,9875,328714,5324
2021-08-22,San Diego,073,3302833,329081,323591,19166,342757,3848
2021-08-22,San Francisco,075,870044,47013,45831,1904,47735,573
2021-08-22,San Joaquin,077,732212,85733,83121,4383,87504,1498
2021-08-22,San Luis Obispo,079,281455,24914,24250,941,25191,274
2021-08-22,San Mateo,081,765935,49033,47821,692,48513,553
2021-08-22,Santa Barbara,083,443738,38969,38099,1326,39425,478
2021-08-22,Santa Clara,085,1922200,133401,130189,967,131156,1778
2021-08-22,Santa Cruz,087,273765,18253,17823,902,18725,209
2021-08-22,Shasta,089,179085,15029,14478,2093,16571,216
2021-08-22,Sierra,091,2930,103,87,13,100,0
2021-08-22,Siskiyou,093,43540,2395,2261,625,2886,33
2021-08-22,Solano,095,438530,40705,38489,969,39458,283
2021-08-22,Sonoma,097,501317,36892,35676,438,36114,336
2021-08-22,Stanislaus,099,539301,65307,63683,7155,70838,1058
2021-08-22,Sutter,101,95872,11529,11251,126,11377,133
2021-08-22,Tehama,103,63373,5965,5791,770,6561,67
2021-08-22,Trinity,105,12862,593,433,138,571,3
2021-08-22,Tulare,107,460477,54972,53220,10773,63993,856
2021-08-22,Tuolumne,109,53932,5355,5214,62,5276,73
2021-08-22,Ventura,111,848112,89952,88791,3828,92619,1063
2021-08-22,Yolo,113,214977,16921,16374,664,17038,226
2021-08-22,Yuba,115,75493,7899,7626,168,7794,54
2021-08-21,Alameda,001,1643700,107119,104281,2359,106640,1294
2021-08-21,Alpine,003,1148,91,91,0,91,0
2021-08-21,Amador,005,37829,4480,4338,38,4376,50
2021-08-21,Butte,007,227075,15326,14714,2513,17227,211
2021-08-21,Calaveras,009,45235,2873,2744,19,2763,59
2021-08-21,Colusa,011,21464,2255,2192,455,2647,16
2021-08-21,Contra Costa,013,1133247,87702,84136,1707,85843,857
2021-08-21,Del Norte,015,27424,2665,2409,16,2425,8
2021-08-21,El Dorado,017,186661,13226,12590,1151,13741,118
2021-08-21,Fresno,019,978130,114854,111765,9992,121757,1759
2021-08-21,Glenn,021,27897,2767,2654,723,3377,20
2021-08-21,Humboldt,023,135768,6736,6446,163,6609,52
2021-08-21,Imperial,025,180216,30189,29976,2800,32776,748
2021-08-21,Inyo,027,18085,1517,1500,13,1513,39
2021-08-21,Kern,029,883053,106625,104443,14028,118471,1375
2021-08-21,Kings,031,150075,26058,25313,1347,26660,257
2021-08-21,Lake,033,64148,5231,5055,49,5104,69
2021-08-21,Lassen,035,31185,5670,5553,145,5698,21
2021-08-21,Los Angeles,037,10098052,1339368,1321308,48334,1369642,25080
2021-08-21,Madera,039,155013,18630,18067,1270,19337,246
2021-08-21,Marin,041,260295,16093,15775,322,16097,240
2021-08-21,Mariposa,043,17540,692,634,17,651,5
2021-08-21,Mendocino,045,87422,5584,5307,182,5489,51
2021-08-21,Merced,047,269075,34674,34148,1263,35411,488
2021-08-21,Modoc,049,8938,438,430,153,583,6
2021-08-21,Mono,051,14174,1393,1378,18,1396,3
2021-08-21,Monterey,053,433212,45517,44969,2229,47198,538
2021-08-21,Napa,055,140530,11402,11211,66,11277,85
2021-08-21,Nevada,057,99092,7154,6810,236,7046,77
2021-08-21,Orange,059,3164182,284126,279855,12998,292853,5181
2021-08-21,Placer,061,380077,29951,28289,2500,30789,314
2021-08-21,Plumas,063,18699,976,916,14,930,5
2021-08-21,Riverside,065,2383286,327143,320086,15076,335162,4594
2021-08-21,Sacramento,067,1510023,133176,127751,2739,130490,1809
2021-08-21,San Benito,069,59416,6615,6542,126,6668,64
2021-08-21,San Bernardino,071,2135413,322974,318293,9854,328147,5324
2021-08-21,San Diego,073,3302833,328425,322620,19117,341737,3848
2021-08-21,San Francisco,075,870044,46911,45637,1897,47534,573
2021-08-21,San Joaquin,077,732212,85516,82825,4367,87192,1498
2021-08-21,San Luis Obispo,079,281455,24856,24169,941,25110,273
2021-08-21,San Mateo,081,765935,48938,47685,692,48377,553
2021-08-21,Santa Barbara,083,443738,38887,37951,1322,39273,478
2021-08-21,Santa Clara,085,1922200,133136,129911,963,130874,1778
2021-08-21,Santa Cruz,087,273765,18216,17763,897,18660,209
2021-08-21,Shasta,089,179085,14955,14417,2079,16496,217
2021-08-21,Sierra,091,2930,98,85,13,98,0
2021-08-21,Siskiyou,093,43540,2381,2246,614,2860,33
2021-08-21,Solano,095,438530,40594,38423,959,39382,281
2021-08-21,Sonoma,097,501317,36805,35582,437,36019,336
2021-08-21,Stanislaus,099,539301,65125,63512,7138,70650,1058
2021-08-21,Sutter,101,95872,11484,11204,124,11328,133
2021-08-21,Tehama,103,63373,5940,5757,763,6520,67
2021-08-21,Trinity,105,12862,588,431,136,567,3
2021-08-21,Tulare,107,460477,54827,53045,10730,63775,857
2021-08-21,Tuolumne,109,53932,5324,5193,62,5255,73
2021-08-21,Ventura,111,848112,89807,88558,3813,92371,1063
2021-08-21,Yolo,113,214977,16874,16322,658,16980,226
2021-08-21,Yuba,115,75493,7853,7580,167,7747,54
2021-08-20,Alameda,001,1643700,106883,103812,2351,106163,1294
2021-08-20,Alpine,003,1148,91,91,0,91,0
2021-08-20,Amador,005,37829,4454,4323,38,4361,50
2021-08-20,Butte,007,227075,15253,14617,2491,17108,211
2021-08-20,Calaveras,009,45235,2853,2717,19,2736,59
2021-08-20,Colusa,011,21464,2250,2178,453,2631,16
2021-08-20,Contra Costa,013,1133247,87427,83721,1700,85421,857
2021-08-20,Del Norte,015,27424,2633,2316,16,2332,8
2021-08-20,El Dorado,017,186661,13188,12495,1143,13638,118
2021-08-20,Fresno,019,978130,114497,111315,9958,121273,1759
2021-08-20,Glenn,021,27897,2760,2642,713,3355,20
2021-08-20,Humboldt,023,135768,6684,6349,158,6507,52
2021-08-20,Imperial,025,180216,30166,29934,2800,32734,747
2021-08-20,Inyo,027,18085,1511,1495,13,1508,39
2021-08-20,Kern,029,883053,106342,104048,13900,117948,1373
2021-08-20,Kings,031,150075,25992,25241,1345,26586,256
2021-08-20,Lake,033,64148,5216,5024,46,5070,69
2021-08-20,Lassen,035,31185,5650,5539,145,5684,21
2021-08-20,Los Angeles,037,10098052,1337490,1317541,48233,1365774,25049
2021-08-20,Madera,039,155013,18581,18018,1255,19273,246
2021-08-20,Marin,041,260295,16075,15727,318,16045,240
2021-08-20,Mariposa,043,17540,687,630,17,647,5
2021-08-20,Mendocino,045,87422,5538,5241,181,5422,51
2021-08-20,Merced,047,269075,34610,34035,1253,35288,486
2021-08-20,Modoc,049,8938,438,429,153,582,6
2021-08-20,Mono,051,14174,1392,1368,18,1386,3
2021-08-20,Monterey,053,433212,45479,44890,2223,47113,538
2021-08-20,Napa,055,140530,11370,11152,66,11218,83
2021-08-20,Nevada,057,99092,7112,6753,230,6983,77
2021-08-20,Orange,059,3164182,283681,279193,12977,292170,5179
2021-08-20,Placer,061,380077,29855,28156,2471,30627,313
2021-08-20,Plumas,063,18699,966,908,14,922,5
2021-08-20,Riverside,065,2383286,326447,319072,15045,334117,4594
2021-08-20,Sacramento,067,1510023,132700,127226,2722,129948,1797
2021-08-20,San Benito,069,59416,6601,6508,126,6634,64
2021-08-20,San Bernardino,071,2135413,322363,317372,9825,327197,5322
2021-08-20,San Diego,073,3302833,327516,321102,19047,340149,3846
2021-08-20,San Francisco,075,870044,46815,45432,1882,47314,573
2021-08-20,San Joaquin,077,732212,85285,82419,4348,86767,1496
2021-08-20,San Luis Obispo,079,281455,24778,23986,937,24923,273
2021-08-20,San Mateo,081,765935,48825,47561,689,48250,551
2021-08-20,Santa Barbara,083,443738,38801,37794,1317,39111,477
2021-08-20,Santa Clara,085,1922200,132854,129510,958,130468,1774
2021-08-20,Santa Cruz,087,273765,18176,17701,894,18595,209
2021-08-20,Shasta,089,179085,14874,14277,2061,16338,215
2021-08-20,Sierra,091,2930,97,83,13,96,0
2021-08-20,Siskiyou,093,43540,2365,2226,609,2835,33
2021-08-20,Solano,095,438530,40453,38214,948,39162,277
2021-08-20,Sonoma,097,501317,36737,35416,436,35852,336
2021-08-20,Stanislaus,099,539301,64936,63219,7114,70333,1047
2021-08-20,Sutter,101,95872,11428,11136,123,11259,133
2021-08-20,Tehama,103,63373,5924,5730,751,6481,66
2021-08-20,Trinity,105,12862,588,422,135,557,3
2021-08-20,Tulare,107,460477,54697,52855,10687,63542,856
2021-08-20,Tuolumne,109,53932,5300,5153,61,5214,73
2021-08-20,Ventura,111,848112,89639,88285,3810,92095,1061
2021-08-20,Yolo,113,214977,16819,16236,652,16888,225
2021-08-20,Yuba,115,75493,7812,7523,167,7690,54
2021-08-19,Alameda,001,1643700,106438,103276,2329,105605,1294
2021-08-19,Alpine,003,1148,91,91,0,91,0
2021-08-19,Amador,005,37829,4447,4317,38,4355,50
2021-08-19,Butte,007,227075,15119,14518,2463,16981,211
2021-08-19,Calaveras,009,45235,2831,2673,19,2692,59
2021-08-19,Colusa,011,21464,2241,2167,448,2615,16
2021-08-19,Contra Costa,013,1133247,86987,83296,1687,84983,852
2021-08-19,Del Norte,015,27424,2583,2257,16,2273,8
2021-08-19,El Dorado,017,186661,13102,12410,1124,13534,118
2021-08-19,Fresno,019,978130,114056,110947,9904,120851,1759
2021-08-19,Glenn,021,27897,2742,2629,706,3335,20
2021-08-19,Humboldt,023,135768,6623,6246,152,6398,52
2021-08-19,Imperial,025,180216,30120,29865,2795,32660,747
2021-08-19,Inyo,027,18085,1504,1494,13,1507,39
2021-08-19,Kern,029,883053,105946,103731,13759,117490,1371
2021-08-19,Kings,031,150075,25861,25128,1333,26461,256
2021-08-19,Lake,033,64148,5184,4991,42,5033,69
2021-08-19,Lassen,035,31185,5632,5520,144,5664,21
2021-08-19,Los Angeles,037,10098052,1334506,1314453,48094,1362547,25020
2021-08-19,Madera,039,155013,18519,17947,1240,19187,246
2021-08-19,Marin,041,260295,16042,15672,315,15987,240
2021-08-19,Mariposa,043,17540,672,618,17,635,5
2021-08-19,Mendocino,045,87422,5505,5167,178,5345,51
2021-08-19,Merced,047,269075,34475,33851,1239,35090,486
2021-08-19,Modoc,049,8938,438,427,153,580,6
2021-08-19,Mono,051,14174,1388,1349,18,1367,3
2021-08-19,Monterey,053,433212,45406,44821,2213,47034,538
2021-08-19,Napa,055,140530,11318,11104,66,11170,83
2021-08-19,Nevada,057,99092,7048,6695,227,6922,77
2021-08-19,Orange,059,3164182,283044,278562,12926,291488,5172
2021-08-19,Placer,061,380077,29675,27953,2454,30407,313
2021-08-19,Plumas,063,18699,953,896,14,910,5
2021-08-19,Riverside,065,2383286,325415,318056,15016,333072,4589
2021-08-19,Sacramento,067,1510023,131997,126720,2687,129407,1801
2021-08-19,San Benito,069,59416,6584,6493,125,6618,64
2021-08-19,San Bernardino,071,2135413,321539,316398,9802,326200,5318
2021-08-19,San Diego,073,3302833,326265,319582,18949,338531,3839
2021-08-19,San Francisco,075,870044,46652,45220,1869,47089,571
2021-08-19,San Joaquin,077,732212,84836,82047,4299,86346,1491
2021-08-19,San Luis Obispo,079,281455,24640,23878,930,24808,271
2021-08-19,San Mateo,081,765935,48693,47431,688,48119,551
2021-08-19,Santa Barbara,083,443738,38656,37693,1314,39007,477
2021-08-19,Santa Clara,085,1922200,132464,129133,951,130084,1774
2021-08-19,Santa Cruz,087,273765,18113,17644,887,18531,209
2021-08-19,Shasta,089,179085,14750,14200,2038,16238,214
2021-08-19,Sierra,091,2930,93,83,13,96,0
2021-08-19,Siskiyou,093,43540,2350,2218,597,2815,33
2021-08-19,Solano,095,438530,40295,38025,937,38962,273
2021-08-19,Sonoma,097,501317,36649,35233,435,35668,336
2021-08-19,Stanislaus,099,539301,64592,62928,7070,69998,1047
2021-08-19,Sutter,101,95872,11343,11057,122,11179,133
2021-08-19,Tehama,103,63373,5888,5683,725,6408,66
2021-08-19,Trinity,105,12862,584,414,133,547,3
2021-08-19,Tulare,107,460477,54465,52685,10624,63309,856
2021-08-19,Tuolumne,109,53932,5264,5112,60,5172,64
2021-08-19,Ventura,111,848112,89436,88073,3796,91869,1060
2021-08-19,Yolo,113,214977,16734,16153,644,16797,225
2021-08-19,Yuba,115,75493,7760,7458,166,7624,51
2021-08-18,Alameda,001,1643700,106032,102696,2308,105004,1294
2021-08-18,Alpine,003,1148,90,91,0,91,0
2021-08-18,Amador,005,37829,4431,4279,37,4316,50
2021-08-18,Butte,007,227075,15009,14426,2435,16861,208
2021-08-18,Calaveras,009,45235,2794,2643,18,2661,59
2021-08-18,Colusa,011,21464,2233,2160,444,2604,16
2021-08-18,Contra Costa,013,1133247,86487,82767,1681,84448,851
2021-08-18,Del Norte,015,27424,2526,2219,16,2235,8
2021-08-18,El Dorado,017,186661,13012,12306,1110,13416,118
2021-08-18,Fresno,019,978130,113601,110523,9843,120366,1759
2021-08-18,Glenn,021,27897,2709,2623,698,3321,20
2021-08-18,Humboldt,023,135768,6552,6195,147,6342,52
2021-08-18,Imperial,025,180216,30087,29821,2793,32614,746
2021-08-18,Inyo,027,18085,1501,1494,13,1507,39
2021-08-18,Kern,029,883053,105599,103440,13665,117105,1370
2021-08-18,Kings,031,150075,25752,24984,1325,26309,256
2021-08-18,Lake,033,64148,5143,4957,41,4998,69
2021-08-18,Lassen,035,31185,5613,5506,143,5649,21
2021-08-18,Los Angeles,037,10098052,1331353,1311477,47963,1359440,24984
2021-08-18,Madera,039,155013,18460,17871,1227,19098,246
2021-08-18,Marin,041,260295,16004,15610,312,15922,240
2021-08-18,Mariposa,043,17540,659,615,16,631,5
2021-08-18,Mendocino,045,87422,5454,5129,176,5305,51
2021-08-18,Merced,047,269075,34311,33708,1228,34936,484
2021-08-18,Modoc,049,8938,438,427,152,579,6
2021-08-18,Mono,051,14174,1385,1344,18,1362,3
2021-08-18,Monterey,053,433212,45322,44735,2196,46931,532
2021-08-18,Napa,055,140530,11279,11060,65,11125,83
2021-08-18,Nevada,057,99092,6982,6633,227,6860,76
2021-08-18,Orange,059,3164182,282406,277795,12874,290669,5168
2021-08-18,Placer,061,380077,29447,27741,2426,30167,312
2021-08-18,Plumas,063,18699,944,874,14,888,5
2021-08-18,Riverside,065,2383286,324416,317107,14983,332090,4585
2021-08-18,Sacramento,067,1510023,131236,125599,2655,128254,1781
2021-08-18,San Benito,069,59416,6573,6481,124,6605,64
2021-08-18,San Bernardino,071,2135413,320740,315477,9783,325260,5304
2021-08-18,San Diego,073,3302833,324925,318152,18883,337035,3834
2021-08-18,San Francisco,075,870044,46450,44957,1860,46817,568
2021-08-18,San Joaquin,077,732212,84383,81601,4268,85869,1491
2021-08-18,San Luis Obispo,079,281455,24490,23726,917,24643,270
2021-08-18,San Mateo,081,765935,48529,47255,687,47942,551
2021-08-18,Santa Barbara,083,443738,38525,37599,1308,38907,475
2021-08-18,Santa Clara,085,1922200,132100,128563,948,129511,1773
2021-08-18,Santa Cruz,087,273765,18058,17566,883,18449,209
2021-08-18,Shasta,089,179085,14651,14087,2019,16106,213
2021-08-18,Sierra,091,2930,92,83,13,96,0
2021-08-18,Siskiyou,093,43540,2321,2204,585,2789,33
2021-08-18,Solano,095,438530,40089,37812,922,38734,271
2021-08-18,Sonoma,097,501317,36505,35063,434,35497,333
2021-08-18,Stanislaus,099,539301,64261,62613,7027,69640,1047
2021-08-18,Sutter,101,95872,11271,11004,117,11121,130
2021-08-18,Tehama,103,63373,5853,5653,715,6368,66
2021-08-18,Trinity,105,12862,577,409,130,539,3
2021-08-18,Tulare,107,460477,54226,52486,10555,63041,856
2021-08-18,Tuolumne,109,53932,5228,5081,58,5139,64
2021-08-18,Ventura,111,848112,89204,87835,3786,91621,1055
2021-08-18,Yolo,113,214977,16651,16047,626,16673,225
2021-08-18,Yuba,115,75493,7695,7391,166,7557,51
2021-08-17,Alameda,001,1643700,105635,102379,2293,104672,1290
2021-08-17,Alpine,003,1148,90,91,0,91,0
2021-08-17,Amador,005,37829,4402,4266,37,4303,50
2021-08-17,Butte,007,227075,14902,14357,2400,16757,206
2021-08-17,Calaveras,009,45235,2760,2624,18,2642,59
2021-08-17,Colusa,011,21464,2224,2156,440,2596,16
2021-08-17,Contra Costa,013,1133247,86039,82482,1671,84153,848
2021-08-17,Del Norte,015,27424,2472,2188,16,2204,8
2021-08-17,El Dorado,017,186661,12925,12242,1096,13338,118
2021-08-17,Fresno,019,978130,113115,110263,9780,120043,1755
2021-08-17,Glenn,021,27897,2695,2608,689,3297,20
2021-08-17,Humboldt,023,135768,6472,6155,145,6300,52
2021-08-17,Imperial,025,180216,30036,29768,2789,32557,746
2021-08-17,Inyo,027,18085,1498,1492,13,1505,39
2021-08-17,Kern,029,883053,105205,103048,13544,116592,1367
2021-08-17,Kings,031,150075,25647,24930,1314,26244,254
2021-08-17,Lake,033,64148,5100,4930,35,4965,68
2021-08-17,Lassen,035,31185,5596,5499,141,5640,21
2021-08-17,Los Angeles,037,10098052,1327784,1307999,47835,1355834,24952
2021-08-17,Madera,039,155013,18386,17838,1209,19047,246
2021-08-17,Marin,041,260295,15948,15570,312,15882,240
2021-08-17,Mariposa,043,17540,651,609,15,624,5
2021-08-17,Mendocino,045,87422,5399,5097,176,5273,51
2021-08-17,Merced,047,269075,34161,33508,1217,34725,482
2021-08-17,Modoc,049,8938,435,424,150,574,6
2021-08-17,Mono,051,14174,1380,1341,18,1359,3
2021-08-17,Monterey,053,433212,45238,44672,2186,46858,528
2021-08-17,Napa,055,140530,11238,11007,64,11071,83
2021-08-17,Nevada,057,99092,6907,6605,225,6830,75
2021-08-17,Orange,059,3164182,281761,277121,12838,289959,5164
2021-08-17,Placer,061,380077,29232,27634,2397,30031,312
2021-08-17,Plumas,063,18699,932,860,14,874,5
2021-08-17,Riverside,065,2383286,323403,316051,14940,330991,4582
2021-08-17,Sacramento,067,1510023,130442,125151,2613,127764,1774
2021-08-17,San Benito,069,59416,6554,6470,124,6594,64
2021-08-17,San Bernardino,071,2135413,319801,314402,9743,324145,5302
2021-08-17,San Diego,073,3302833,323315,317058,18785,335843,3824
2021-08-17,San Francisco,075,870044,46250,44820,1854,46674,567
2021-08-17,San Joaquin,077,732212,83915,81300,4234,85534,1489
2021-08-17,San Luis Obispo,079,281455,24334,23556,914,24470,268
2021-08-17,San Mateo,081,765935,48374,47127,682,47809,551
2021-08-17,Santa Barbara,083,443738,38366,37478,1301,38779,475
2021-08-17,Santa Clara,085,1922200,131697,128354,942,129296,1773
2021-08-17,Santa Cruz,087,273765,17973,17528,882,18410,209
2021-08-17,Shasta,089,179085,14520,14012,2000,16012,214
2021-08-17,Sierra,091,2930,91,82,13,95,0
2021-08-17,Siskiyou,093,43540,2305,2183,572,2755,33
2021-08-17,Solano,095,438530,39860,37662,909,38571,269
2021-08-17,Sonoma,097,501317,36357,34943,430,35373,333
2021-08-17,Stanislaus,099,539301,63920,62385,6968,69353,1047
2021-08-17,Sutter,101,95872,11199,10973,117,11090,130
2021-08-17,Tehama,103,63373,5819,5612,694,6306,66
2021-08-17,Trinity,105,12862,572,406,128,534,3
2021-08-17,Tulare,107,460477,53958,52362,10490,62852,856
2021-08-17,Tuolumne,109,53932,5185,5042,57,5099,64
2021-08-17,Ventura,111,848112,88965,87601,3765,91366,1053
2021-08-17,Yolo,113,214977,16562,15975,612,16587,225
2021-08-17,Yuba,115,75493,7623,7355,166,7521,51
2021-08-16,Alameda,001,1643700,105138,102052,2285,104337,1287
2021-08-16,Alpine,003,1148,90,91,0,91,0
2021-08-16,Amador,005,37829,4392,4235,37,4272,50
2021-08-16,Butte,007,227075,14785,14283,2364,16647,206
2021-08-16,Calaveras,009,45235,2700,2609,17,2626,57
2021-08-16,Colusa,011,21464,2213,2147,436,2583,16
2021-08-16,Contra Costa,013,1133247,85497,82070,1661,83731,848
2021-08-16,Del Norte,015,27424,2395,2125,16,2141,8
2021-08-16,El Dorado,017,186661,12824,12139,1083,13222,118
2021-08-16,Fresno,019,978130,112617,109623,9728,119351,1753
2021-08-16,Glenn,021,27897,2676,2593,683,3276,20
2021-08-16,Humboldt,023,135768,6401,6064,124,6188,52
2021-08-16,Imperial,025,180216,29995,29737,2775,32512,746
2021-08-16,Inyo,027,18085,1495,1490,13,1503,39
2021-08-16,Kern,029,883053,104830,102690,13428,116118,1367
2021-08-16,Kings,031,150075,25544,24817,1305,26122,254
2021-08-16,Lake,033,64148,5073,4898,34,4932,68
2021-08-16,Lassen,035,31185,5580,5481,133,5614,21
2021-08-16,Los Angeles,037,10098052,1324401,1305330,47695,1353025,24923
2021-08-16,Madera,039,155013,18311,17756,1188,18944,246
2021-08-16,Marin,041,260295,15889,15497,311,15808,239
2021-08-16,Mariposa,043,17540,634,597,15,612,5
2021-08-16,Mendocino,045,87422,5343,5037,174,5211,49
2021-08-16,Merced,047,269075,33960,33364,1204,34568,481
2021-08-16,Modoc,049,8938,433,421,149,570,5
2021-08-16,Mono,051,14174,1375,1339,18,1357,3
2021-08-16,Monterey,053,433212,45159,44595,2174,46769,527
2021-08-16,Napa,055,140530,11209,10946,64,11010,83
2021-08-16,Nevada,057,99092,6852,6535,224,6759,74
2021-08-16,Orange,059,3164182,280967,275985,12792,288777,5161
2021-08-16,Placer,061,380077,29050,27384,2365,29749,306
2021-08-16,Plumas,063,18699,921,851,14,865,5
2021-08-16,Riverside,065,2383286,322310,314774,14903,329677,4582
2021-08-16,Sacramento,067,1510023,129632,124554,2570,127124,1762
2021-08-16,San Benito,069,59416,6530,6452,124,6576,64
2021-08-16,San Bernardino,071,2135413,318834,313617,9716,323333,5301
2021-08-16,San Diego,073,3302833,321717,315348,18645,333993,3824
2021-08-16,San Francisco,075,870044,46046,44681,1847,46528,567
2021-08-16,San Joaquin,077,732212,83411,81087,4206,85293,1488
2021-08-16,San Luis Obispo,079,281455,24184,23452,906,24358,265
2021-08-16,San Mateo,081,765935,48192,47024,676,47700,548
2021-08-16,Santa Barbara,083,443738,38196,37358,1296,38654,475
2021-08-16,Santa Clara,085,1922200,131233,127978,938,128916,1773
2021-08-16,Santa Cruz,087,273765,17909,17491,876,18367,209
2021-08-16,Shasta,089,179085,14431,13862,1984,15846,211
2021-08-16,Sierra,091,2930,88,82,13,95,0
2021-08-16,Siskiyou,093,43540,2288,2169,552,2721,33
2021-08-16,Solano,095,438530,39579,37436,897,38333,263
2021-08-16,Sonoma,097,501317,36189,34844,427,35271,333
2021-08-16,Stanislaus,099,539301,63581,62033,6916,68949,1039
2021-08-16,Sutter,101,95872,11130,10902,116,11018,130
2021-08-16,Tehama,103,63373,5756,5565,689,6254,66
2021-08-16,Trinity,105,12862,566,400,127,527,3
2021-08-16,Tulare,107,460477,53714,52162,10422,62584,856
2021-08-16,Tuolumne,109,53932,5146,4984,56,5040,64
2021-08-16,Ventura,111,848112,88720,86954,3747,90701,1052
2021-08-16,Yolo,113,214977,16461,15922,604,16526,225
2021-08-16,Yuba,115,75493,7539,7314,165,7479,51
2021-08-15,Alameda,001,1643700,104656,101660,2268,103928,1287
2021-08-15,Alpine,003,1148,90,91,0,91,0
2021-08-15,Amador,005,37829,4364,4231,37,4268,49
2021-08-15,Butte,007,227075,14662,14263,2341,16604,206
2021-08-15,Calaveras,009,45235,2658,2599,17,2616,57
2021-08-15,Colusa,011,21464,2201,2140,426,2566,16
2021-08-15,Contra Costa,013,1133247,85013,81781,1646,83427,848
2021-08-15,Del Norte,015,27424,2328,2060,16,2076,8
2021-08-15,El Dorado,017,186661,12689,12057,1066,13123,118
2021-08-15,Fresno,019,978130,112139,109382,9662,119044,1753
2021-08-15,Glenn,021,27897,2653,2592,671,3263,20
2021-08-15,Humboldt,023,135768,6327,6024,118,6142,52
2021-08-15,Imperial,025,180216,29929,29711,2771,32482,746
2021-08-15,Inyo,027,18085,1494,1489,13,1502,39
2021-08-15,Kern,029,883053,104386,102524,13316,115840,1367
2021-08-15,Kings,031,150075,25398,24736,1295,26031,254
2021-08-15,Lake,033,64148,5014,4886,33,4919,68
2021-08-15,Lassen,035,31185,5563,5482,132,5614,21
2021-08-15,Los Angeles,037,10098052,1320866,1302882,47525,1350407,24918
2021-08-15,Madera,039,155013,18223,17714,1172,18886,246
2021-08-15,Marin,041,260295,15830,15461,309,15770,239
2021-08-15,Mariposa,043,17540,627,591,14,605,5
2021-08-15,Mendocino,045,87422,5286,5022,168,5190,49
2021-08-15,Merced,047,269075,33716,33305,1193,34498,481
2021-08-15,Modoc,049,8938,431,421,149,570,5
2021-08-15,Mono,051,14174,1371,1334,18,1352,3
2021-08-15,Monterey,053,433212,45037,44567,2153,46720,527
2021-08-15,Napa,055,140530,11154,10919,64,10983,83
2021-08-15,Nevada,057,99092,6767,6486,224,6710,74
2021-08-15,Orange,059,3164182,280197,275447,12752,288199,5161
2021-08-15,Placer,061,380077,28828,27220,2317,29537,306
2021-08-15,Plumas,063,18699,909,850,14,864,5
2021-08-15,Riverside,065,2383286,321172,314133,14876,329009,4582
2021-08-15,Sacramento,067,1510023,128814,123924,2538,126462,1761
2021-08-15,San Benito,069,59416,6512,6446,123,6569,64
2021-08-15,San Bernardino,071,2135413,317762,313120,9685,322805,5301
2021-08-15,San Diego,073,3302833,320245,314247,18518,332765,3824
2021-08-15,San Francisco,075,870044,45821,44531,1832,46363,567
2021-08-15,San Joaquin,077,732212,82923,80832,4167,84999,1488
2021-08-15,San Luis Obispo,079,281455,23988,23404,896,24300,265
2021-08-15,San Mateo,081,765935,48005,46897,670,47567,548
2021-08-15,Santa Barbara,083,443738,38024,37276,1289,38565,475
2021-08-15,Santa Clara,085,1922200,130799,127715,932,128647,1773
2021-08-15,Santa Cruz,087,273765,17839,17440,869,18309,209
2021-08-15,Shasta,089,179085,14328,13835,1959,15794,211
2021-08-15,Sierra,091,2930,87,82,12,94,0
2021-08-15,Siskiyou,093,43540,2267,2169,538,2707,33
2021-08-15,Solano,095,438530,39322,37320,886,38206,263
2021-08-15,Sonoma,097,501317,35993,34706,419,35125,333
2021-08-15,Stanislaus,099,539301,63212,61795,6839,68634,1039
2021-08-15,Sutter,101,95872,11039,10863,116,10979,130
2021-08-15,Tehama,103,63373,5707,5550,683,6233,66
2021-08-15,Trinity,105,12862,562,400,126,526,3
2021-08-15,Tulare,107,460477,53459,52046,10363,62409,856
2021-08-15,Tuolumne,109,53932,5108,4934,54,4988,64
2021-08-15,Ventura,111,848112,88415,86797,3732,90529,1052
2021-08-15,Yolo,113,214977,16366,15873,594,16467,225
2021-08-15,Yuba,115,75493,7462,7265,164,7429,51
2021-08-14,Alameda,001,1643700,104440,101305,2264,103569,1287
2021-08-14,Alpine,003,1148,90,91,0,91,0
2021-08-14,Amador,005,37829,4346,4206,37,4243,49
2021-08-14,Butte,007,227075,14626,14192,2325,16517,206
2021-08-14,Calaveras,009,45235,2651,2579,17,2596,57
2021-08-14,Colusa,011,21464,2190,2134,422,2556,16
2021-08-14,Contra Costa,013,1133247,84765,81458,1638,83096,848
2021-08-14,Del Norte,015,27424,2301,2015,16,2031,8
2021-08-14,El Dorado,017,186661,12653,12019,1058,13077,118
2021-08-14,Fresno,019,978130,111977,109056,9632,118688,1753
2021-08-14,Glenn,021,27897,2642,2583,668,3251,20
2021-08-14,Humboldt,023,135768,6274,5998,115,6113,52
2021-08-14,Imperial,025,180216,29902,29671,2771,32442,746
2021-08-14,Inyo,027,18085,1492,1487,13,1500,39
2021-08-14,Kern,029,883053,104191,102306,13220,115526,1367
2021-08-14,Kings,031,150075,25300,24647,1287,25934,254
2021-08-14,Lake,033,64148,4997,4850,32,4882,68
2021-08-14,Lassen,035,31185,5556,5475,131,5606,21
2021-08-14,Los Angeles,037,10098052,1319093,1299346,47388,1346734,24911
2021-08-14,Madera,039,155013,18176,17691,1167,18858,246
2021-08-14,Marin,041,260295,15796,15441,309,15750,239
2021-08-14,Mariposa,043,17540,623,584,14,598,5
2021-08-14,Mendocino,045,87422,5250,4977,165,5142,49
2021-08-14,Merced,047,269075,33652,33234,1187,34421,481
2021-08-14,Modoc,049,8938,431,421,149,570,5
2021-08-14,Mono,051,14174,1366,1332,18,1350,3
2021-08-14,Monterey,053,433212,44992,44514,2150,46664,527
2021-08-14,Napa,055,140530,11124,10878,63,10941,83
2021-08-14,Nevada,057,99092,6732,6419,223,6642,74
2021-08-14,Orange,059,3164182,279763,274732,12725,287457,5161
2021-08-14,Placer,061,380077,28682,27115,2293,29408,306
2021-08-14,Plumas,063,18699,899,849,14,863,5
2021-08-14,Riverside,065,2383286,320456,313264,14855,328119,4582
2021-08-14,Sacramento,067,1510023,128321,123438,2519,125957,1758
2021-08-14,San Benito,069,59416,6499,6428,123,6551,64
2021-08-14,San Bernardino,071,2135413,317212,312142,9664,321806,5301
2021-08-14,San Diego,073,3302833,319574,313589,18450,332039,3824
2021-08-14,San Francisco,075,870044,45692,44353,1813,46166,567
2021-08-14,San Joaquin,077,732212,82706,80585,4152,84737,1488
2021-08-14,San Luis Obispo,079,281455,23927,23328,893,24221,265
2021-08-14,San Mateo,081,765935,47886,46792,666,47458,548
2021-08-14,Santa Barbara,083,443738,37930,37118,1287,38405,475
2021-08-14,Santa Clara,085,1922200,130520,127432,929,128361,1772
2021-08-14,Santa Cruz,087,273765,17800,17384,868,18252,209
2021-08-14,Shasta,089,179085,14253,13813,1938,15751,211
2021-08-14,Sierra,091,2930,86,81,12,93,0
2021-08-14,Siskiyou,093,43540,2257,2160,528,2688,33
2021-08-14,Solano,095,438530,39235,37237,874,38111,263
2021-08-14,Sonoma,097,501317,35870,34606,417,35023,333
2021-08-14,Stanislaus,099,539301,63036,61564,6795,68359,1039
2021-08-14,Sutter,101,95872,10994,10808,115,10923,130
2021-08-14,Tehama,103,63373,5683,5530,678,6208,66
2021-08-14,Trinity,105,12862,556,399,126,525,3
2021-08-14,Tulare,107,460477,53323,51951,10318,62269,856
2021-08-14,Tuolumne,109,53932,5073,4924,54,4978,64
2021-08-14,Ventura,111,848112,88259,86569,3712,90281,1052
2021-08-14,Yolo,113,214977,16321,15815,585,16400,225
2021-08-14,Yuba,115,75493,7413,7223,164,7387,51
2021-08-13,Alameda,001,1643700,104145,100930,2256,103186,1284
2021-08-13,Alpine,003,1148,90,91,0,91,0
2021-08-13,Amador,005,37829,4318,4169,37,4206,49
2021-08-13,Butte,007,227075,14556,14100,2309,16409,206
2021-08-13,Calaveras,009,45235,2645,2564,17,2581,57
2021-08-13,Colusa,011,21464,2183,2123,417,2540,16
2021-08-13,Contra Costa,013,1133247,84453,81046,1631,82677,848
2021-08-13,Del Norte,015,27424,2261,1973,16,1989,8
2021-08-13,El Dorado,017,186661,12613,11951,1046,12997,118
2021-08-13,Fresno,019,978130,111685,108638,9608,118246,1753
2021-08-13,Glenn,021,27897,2631,2574,665,3239,20
2021-08-13,Humboldt,023,135768,6227,5882,112,5994,52
2021-08-13,Imperial,025,180216,29875,29654,2770,32424,745
2021-08-13,Inyo,027,18085,1491,1484,13,1497,39
2021-08-13,Kern,029,883053,103982,102029,13111,115140,1364
2021-08-13,Kings,031,150075,25215,24531,1280,25811,253
2021-08-13,Lake,033,64148,4974,4811,31,4842,68
2021-08-13,Lassen,035,31185,5548,5455,130,5585,21
2021-08-13,Los Angeles,037,10098052,1316769,1295406,47250,1342656,24891
2021-08-13,Madera,039,155013,18127,17614,1158,18772,246
2021-08-13,Marin,041,260295,15765,15380,309,15689,239
2021-08-13,Mariposa,043,17540,617,577,14,591,5
2021-08-13,Mendocino,045,87422,5197,4924,163,5087,49
2021-08-13,Merced,047,269075,33605,33111,1181,34292,480
2021-08-13,Modoc,049,8938,430,421,148,569,5
2021-08-13,Mono,051,14174,1363,1331,18,1349,3
2021-08-13,Monterey,053,433212,44932,44450,2148,46598,527
2021-08-13,Napa,055,140530,11088,10830,63,10893,83
2021-08-13,Nevada,057,99092,6691,6356,222,6578,74
2021-08-13,Orange,059,3164182,279270,274004,12676,286680,5159
2021-08-13,Placer,061,380077,28581,26987,2266,29253,306
2021-08-13,Plumas,063,18699,885,842,14,856,5
2021-08-13,Riverside,065,2383286,319717,312408,14830,327238,4581
2021-08-13,Sacramento,067,1510023,127851,122868,2494,125362,1758
2021-08-13,San Benito,069,59416,6493,6422,121,6543,64
2021-08-13,San Bernardino,071,2135413,316544,311378,9645,321023,5301
2021-08-13,San Diego,073,3302833,318528,312293,18371,330664,3821
2021-08-13,San Francisco,075,870044,45556,44196,1790,45986,567
2021-08-13,San Joaquin,077,732212,82489,80232,4136,84368,1481
2021-08-13,San Luis Obispo,079,281455,23864,23226,890,24116,265
2021-08-13,San Mateo,081,765935,47767,46660,665,47325,548
2021-08-13,Santa Barbara,083,443738,37845,37023,1283,38306,474
2021-08-13,Santa Clara,085,1922200,130233,126958,923,127881,1769
2021-08-13,Santa Cruz,087,273765,17760,17332,861,18193,209
2021-08-13,Shasta,089,179085,14190,13698,1924,15622,211
2021-08-13,Sierra,091,2930,85,81,12,93,0
2021-08-13,Siskiyou,093,43540,2248,2147,524,2671,33
2021-08-13,Solano,095,438530,39101,37104,866,37970,264
2021-08-13,Sonoma,097,501317,35765,34464,417,34881,333
2021-08-13,Stanislaus,099,539301,62864,61294,6754,68048,1039
2021-08-13,Sutter,101,95872,10950,10751,114,10865,130
2021-08-13,Tehama,103,63373,5659,5496,676,6172,66
2021-08-13,Trinity,105,12862,552,392,126,518,3
2021-08-13,Tulare,107,460477,53219,51770,10245,62015,856
2021-08-13,Tuolumne,109,53932,5040,4899,53,4952,64
2021-08-13,Ventura,111,848112,88101,86368,3699,90067,1052
2021-08-13,Yolo,113,214977,16267,15761,575,16336,225
2021-08-13,Yuba,115,75493,7375,7184,164,7348,51
2021-08-12,Alameda,001,1643700,103657,100472,2243,102715,1284
2021-08-12,Alpine,003,1148,90,91,0,91,0
2021-08-12,Amador,005,37829,4288,4161,36,4197,49
2021-08-12,Butte,007,227075,14486,14006,2291,16297,206
2021-08-12,Calaveras,009,45235,2629,2531,17,2548,57
2021-08-12,Colusa,011,21464,2178,2111,416,2527,17
2021-08-12,Contra Costa,013,1133247,83968,80738,1616,82354,846
2021-08-12,Del Norte,015,27424,2189,1923,16,1939,8
2021-08-12,El Dorado,017,186661,12499,11880,1037,12917,118
2021-08-12,Fresno,019,978130,111262,108193,9540,117733,1753
2021-08-12,Glenn,021,27897,2623,2559,653,3212,20
2021-08-12,Humboldt,023,135768,6158,5845,108,5953,52
2021-08-12,Imperial,025,180216,29819,29585,2764,32349,745
2021-08-12,Inyo,027,18085,1489,1483,13,1496,39
2021-08-12,Kern,029,883053,103693,101698,13032,114730,1364
2021-08-12,Kings,031,150075,25115,24423,1272,25695,252
2021-08-12,Lake,033,64148,4948,4774,31,4805,68
2021-08-12,Lassen,035,31185,5526,5428,129,5557,21
2021-08-12,Los Angeles,037,10098052,1313577,1291875,47116,1338991,24874
2021-08-12,Madera,039,155013,18063,17564,1146,18710,246
2021-08-12,Marin,041,260295,15716,15277,306,15583,239
2021-08-12,Mariposa,043,17540,608,568,13,581,5
2021-08-12,Mendocino,045,87422,5167,4873,157,5030,49
2021-08-12,Merced,047,269075,33481,32960,1174,34134,480
2021-08-12,Modoc,049,8938,429,423,148,571,5
2021-08-12,Mono,051,14174,1358,1325,18,1343,3
2021-08-12,Monterey,053,433212,44856,44383,2133,46516,527
2021-08-12,Napa,055,140530,11039,10780,62,10842,83
2021-08-12,Nevada,057,99092,6630,6283,222,6505,74
2021-08-12,Orange,059,3164182,278591,273167,12618,285785,5158
2021-08-12,Placer,061,380077,28382,26856,2243,29099,306
2021-08-12,Plumas,063,18699,877,829,14,843,5
2021-08-12,Riverside,065,2383286,318708,311304,14798,326102,4575
2021-08-12,Sacramento,067,1510023,127078,122222,2464,124686,1758
2021-08-12,San Benito,069,59416,6476,6398,119,6517,64
2021-08-12,San Bernardino,071,2135413,315670,310420,9615,320035,5297
2021-08-12,San Diego,073,3302833,317158,310596,18282,328878,3821
2021-08-12,San Francisco,075,870044,45349,43774,1777,45551,564
2021-08-12,San Joaquin,077,732212,82094,79945,4112,84057,1479
2021-08-12,San Luis Obispo,079,281455,23764,23101,877,23978,264
2021-08-12,San Mateo,081,765935,47623,46435,662,47097,548
2021-08-12,Santa Barbara,083,443738,37708,36881,1275,38156,473
2021-08-12,Santa Clara,085,1922200,129784,126614,917,127531,1769
2021-08-12,Santa Cruz,087,273765,17696,17261,860,18121,209
2021-08-12,Shasta,089,179085,14105,13621,1897,15518,211
2021-08-12,Sierra,091,2930,85,81,12,93,0
2021-08-12,Siskiyou,093,43540,2241,2134,515,2649,33
2021-08-12,Solano,095,438530,38872,36980,857,37837,262
2021-08-12,Sonoma,097,501317,35617,34299,414,34713,333
2021-08-12,Stanislaus,099,539301,62599,61026,6695,67721,1039
2021-08-12,Sutter,101,95872,10889,10695,112,10807,130
2021-08-12,Tehama,103,63373,5629,5462,667,6129,66
2021-08-12,Trinity,105,12862,548,386,125,511,3
2021-08-12,Tulare,107,460477,53074,51632,10196,61828,856
2021-08-12,Tuolumne,109,53932,4993,4845,51,4896,64
2021-08-12,Ventura,111,848112,87864,86106,3675,89781,1052
2021-08-12,Yolo,113,214977,16195,15686,561,16247,224
2021-08-12,Yuba,115,75493,7327,7128,163,7291,51
2021-08-11,Alameda,001,1643700,103151,100040,2240,102280,1281
2021-08-11,Alpine,003,1148,90,91,0,91,0
2021-08-11,Amador,005,37829,4264,4127,36,4163,49
2021-08-11,Butte,007,227075,14385,13905,2266,16171,206
2021-08-11,Calaveras,009,45235,2607,2505,17,2522,57
2021-08-11,Colusa,011,21464,2168,2101,414,2515,16
2021-08-11,Contra Costa,013,1133247,83467,80275,1598,81873,843
2021-08-11,Del Norte,015,27424,2130,1893,16,1909,8
2021-08-11,El Dorado,017,186661,12388,11799,1025,12824,119
2021-08-11,Fresno,019,978130,110805,107773,9494,117267,1751
2021-08-11,Glenn,021,27897,2614,2547,643,3190,20
2021-08-11,Humboldt,023,135768,6111,5765,107,5872,52
2021-08-11,Imperial,025,180216,29776,29565,2760,32325,745
2021-08-11,Inyo,027,18085,1489,1483,13,1496,39
2021-08-11,Kern,029,883053,103379,101448,12925,114373,1363
2021-08-11,Kings,031,150075,25002,24304,1263,25567,250
2021-08-11,Lake,033,64148,4911,4713,30,4743,68
2021-08-11,Lassen,035,31185,5517,5408,127,5535,21
2021-08-11,Los Angeles,037,10098052,1310248,1288238,46931,1335169,24851
2021-08-11,Madera,039,155013,18013,17511,1135,18646,245
2021-08-11,Marin,041,260295,15667,15235,306,15541,239
2021-08-11,Mariposa,043,17540,598,554,12,566,5
2021-08-11,Mendocino,045,87422,5098,4796,148,4944,49
2021-08-11,Merced,047,269075,33348,32802,1170,33972,479
2021-08-11,Modoc,049,8938,429,421,148,569,5
2021-08-11,Mono,051,14174,1353,1320,18,1338,3
2021-08-11,Monterey,053,433212,44757,44314,2115,46429,527
2021-08-11,Napa,055,140530,10998,10732,62,10794,83
2021-08-11,Nevada,057,99092,6577,6172,219,6391,74
2021-08-11,Orange,059,3164182,277733,272212,12572,284784,5155
2021-08-11,Placer,061,380077,28170,26687,2217,28904,305
2021-08-11,Plumas,063,18699,868,824,14,838,5
2021-08-11,Riverside,065,2383286,317715,310265,14763,325028,4570
2021-08-11,Sacramento,067,1510023,126287,121603,2424,124027,1757
2021-08-11,San Benito,069,59416,6463,6381,119,6500,64
2021-08-11,San Bernardino,071,2135413,314777,309498,9596,319094,5296
2021-08-11,San Diego,073,3302833,315688,309406,18178,327584,3818
2021-08-11,San Francisco,075,870044,45124,43555,1769,45324,564
2021-08-11,San Joaquin,077,732212,81687,79641,4085,83726,1478
2021-08-11,San Luis Obispo,079,281455,23660,22920,870,23790,264
2021-08-11,San Mateo,081,765935,47455,46300,659,46959,548
2021-08-11,Santa Barbara,083,443738,37545,36699,1267,37966,472
2021-08-11,Santa Clara,085,1922200,129302,126301,909,127210,1769
2021-08-11,Santa Cruz,087,273765,17631,17191,857,18048,209
2021-08-11,Shasta,089,179085,14031,13546,1882,15428,211
2021-08-11,Sierra,091,2930,84,81,12,93,0
2021-08-11,Siskiyou,093,43540,2227,2124,508,2632,33
2021-08-11,Solano,095,438530,38637,36862,843,37705,262
2021-08-11,Sonoma,097,501317,35438,34188,409,34597,333
2021-08-11,Stanislaus,099,539301,62268,60767,6665,67432,1037
2021-08-11,Sutter,101,95872,10817,10628,112,10740,130
2021-08-11,Tehama,103,63373,5600,5410,651,6061,66
2021-08-11,Trinity,105,12862,546,385,125,510,3
2021-08-11,Tulare,107,460477,52906,51464,10151,61615,854
2021-08-11,Tuolumne,109,53932,4961,4794,51,4845,64
2021-08-11,Ventura,111,848112,87612,85863,3654,89517,1051
2021-08-11,Yolo,113,214977,16120,15593,545,16138,218
2021-08-11,Yuba,115,75493,7268,7063,162,7225,53
2021-08-10,Alameda,001,1643700,102682,99771,2233,102004,1281
2021-08-10,Alpine,003,1148,90,91,0,91,0
2021-08-10,Amador,005,37829,4248,4093,36,4129,49
2021-08-10,Butte,007,227075,14301,13853,2246,16099,205
2021-08-10,Calaveras,009,45235,2583,2491,15,2506,57
2021-08-10,Colusa,011,21464,2155,2088,405,2493,16
2021-08-10,Contra Costa,013,1133247,82923,80018,1588,81606,840
2021-08-10,Del Norte,015,27424,2086,1870,16,1886,8
2021-08-10,El Dorado,017,186661,12287,11734,1013,12747,117
2021-08-10,Fresno,019,978130,110347,107616,9438,117054,1747
2021-08-10,Glenn,021,27897,2601,2538,633,3171,20
2021-08-10,Humboldt,023,135768,6057,5718,104,5822,52
2021-08-10,Imperial,025,180216,29741,29522,2753,32275,745
2021-08-10,Inyo,027,18085,1489,1482,13,1495,39
2021-08-10,Kern,029,883053,103051,101254,12829,114083,1359
2021-08-10,Kings,031,150075,24876,24252,1247,25499,251
2021-08-10,Lake,033,64148,4870,4700,30,4730,67
2021-08-10,Lassen,035,31185,5499,5401,127,5528,21
2021-08-10,Los Angeles,037,10098052,1306492,1285140,46768,1331908,24821
2021-08-10,Madera,039,155013,17940,17481,1125,18606,245
2021-08-10,Marin,041,260295,15620,15194,306,15500,239
2021-08-10,Mariposa,043,17540,585,550,12,562,5
2021-08-10,Mendocino,045,87422,5053,4775,144,4919,49
2021-08-10,Merced,047,269075,33200,32721,1161,33882,477
2021-08-10,Modoc,049,8938,428,421,148,569,5
2021-08-10,Mono,051,14174,1348,1320,18,1338,3
2021-08-10,Monterey,053,433212,44695,44259,2100,46359,527
2021-08-10,Napa,055,140530,10943,10703,61,10764,83
2021-08-10,Nevada,057,99092,6512,6151,218,6369,73
2021-08-10,Orange,059,3164182,276853,271688,12525,284213,5155
2021-08-10,Placer,061,380077,27951,26561,2175,28736,305
2021-08-10,Plumas,063,18699,859,816,14,830,5
2021-08-10,Riverside,065,2383286,316600,309529,14737,324266,4564
2021-08-10,Sacramento,067,1510023,125434,121159,2393,123552,1755
2021-08-10,San Benito,069,59416,6449,6371,119,6490,64
2021-08-10,San Bernardino,071,2135413,313853,308672,9578,318250,5295
2021-08-10,San Diego,073,3302833,314046,308288,18086,326374,3815
2021-08-10,San Francisco,075,870044,44871,43389,1754,45143,564
2021-08-10,San Joaquin,077,732212,81289,79391,4067,83458,1478
2021-08-10,San Luis Obispo,079,281455,23534,22776,868,23644,264
2021-08-10,San Mateo,081,765935,47283,46184,657,46841,548
2021-08-10,Santa Barbara,083,443738,37380,36574,1260,37834,472
2021-08-10,Santa Clara,085,1922200,128839,126019,902,126921,1770
2021-08-10,Santa Cruz,087,273765,17548,17142,855,17997,209
2021-08-10,Shasta,089,179085,13953,13461,1859,15320,211
2021-08-10,Sierra,091,2930,84,76,12,88,0
2021-08-10,Siskiyou,093,43540,2218,2088,501,2589,33
2021-08-10,Solano,095,438530,38391,36767,832,37599,262
2021-08-10,Sonoma,097,501317,35293,34054,406,34460,333
2021-08-10,Stanislaus,099,539301,61922,60605,6628,67233,1037
2021-08-10,Sutter,101,95872,10752,10569,112,10681,130
2021-08-10,Tehama,103,63373,5571,5392,646,6038,66
2021-08-10,Trinity,105,12862,546,384,125,509,3
2021-08-10,Tulare,107,460477,52742,51390,10099,61489,854
2021-08-10,Tuolumne,109,53932,4932,4780,49,4829,64
2021-08-10,Ventura,111,848112,87323,85714,3633,89347,1051
2021-08-10,Yolo,113,214977,16033,15568,535,16103,218
2021-08-10,Yuba,115,75493,7219,7028,162,7190,50
2021-08-09,Alameda,001,1643700,102131,99496,2229,101725,1276
2021-08-09,Alpine,003,1148,90,91,0,91,0
2021-08-09,Amador,005,37829,4222,4078,36,4114,48
2021-08-09,Butte,007,227075,14202,13813,2217,16030,205
2021-08-09,Calaveras,009,45235,2558,2472,15,2487,57
2021-08-09,Colusa,011,21464,2145,2075,398,2473,16
2021-08-09,Contra Costa,013,1133247,82381,79740,1576,81316,840
2021-08-09,Del Norte,015,27424,2018,1848,16,1864,8
2021-08-09,El Dorado,017,186661,12180,11672,1000,12672,117
2021-08-09,Fresno,019,978130,109853,107310,9399,116709,1747
2021-08-09,Glenn,021,27897,2590,2532,621,3153,20
2021-08-09,Humboldt,023,135768,5966,5632,102,5734,52
2021-08-09,Imperial,025,180216,29696,29512,2749,32261,745
2021-08-09,Inyo,027,18085,1489,1481,13,1494,39
2021-08-09,Kern,029,883053,102739,101069,12743,113812,1359
2021-08-09,Kings,031,150075,24769,24155,1233,25388,250
2021-08-09,Lake,033,64148,4835,4670,28,4698,66
2021-08-09,Lassen,035,31185,5477,5393,126,5519,21
2021-08-09,Los Angeles,037,10098052,1302475,1282891,46568,1329459,24798
2021-08-09,Madera,039,155013,17881,17429,1105,18534,245
2021-08-09,Marin,041,260295,15567,15154,305,15459,239
2021-08-09,Mariposa,043,17540,572,545,12,557,5
2021-08-09,Mendocino,045,87422,5002,4732,136,4868,49
2021-08-09,Merced,047,269075,33054,32666,1154,33820,477
2021-08-09,Modoc,049,8938,428,419,148,567,5
2021-08-09,Mono,051,14174,1345,1337,18,1355,3
2021-08-09,Monterey,053,433212,44623,44190,2085,46275,527
2021-08-09,Napa,055,140530,10896,10679,61,10740,83
2021-08-09,Nevada,057,99092,6440,6088,217,6305,73
2021-08-09,Orange,059,3164182,275814,271036,12470,283506,5153
2021-08-09,Placer,061,380077,27727,26457,2144,28601,305
2021-08-09,Plumas,063,18699,842,803,14,817,5
2021-08-09,Riverside,065,2383286,315524,308678,14719,323397,4562
2021-08-09,Sacramento,067,1510023,124600,120812,2368,123180,1748
2021-08-09,San Benito,069,59416,6429,6359,117,6476,63
2021-08-09,San Bernardino,071,2135413,312868,308038,9555,317593,5295
2021-08-09,San Diego,073,3302833,312388,306855,17987,324842,3811
2021-08-09,San Francisco,075,870044,44625,43261,1738,44999,564
2021-08-09,San Joaquin,077,732212,80906,79198,4049,83247,1469
2021-08-09,San Luis Obispo,079,281455,23395,22695,859,23554,264
2021-08-09,San Mateo,081,765935,47111,46040,654,46694,548
2021-08-09,Santa Barbara,083,443738,37196,36474,1252,37726,470
2021-08-09,Santa Clara,085,1922200,128336,125791,893,126684,2187
2021-08-09,Santa Cruz,087,273765,17486,17082,855,17937,209
2021-08-09,Shasta,089,179085,13836,13397,1848,15245,210
2021-08-09,Sierra,091,2930,83,75,12,87,0
2021-08-09,Siskiyou,093,43540,2206,2047,486,2533,32
2021-08-09,Solano,095,438530,38115,36653,830,37483,262
2021-08-09,Sonoma,097,501317,35112,33933,404,34337,333
2021-08-09,Stanislaus,099,539301,61643,60410,6579,66989,1037
2021-08-09,Sutter,101,95872,10703,10525,109,10634,129
2021-08-09,Tehama,103,63373,5529,5373,645,6018,66
2021-08-09,Trinity,105,12862,544,378,123,501,3
2021-08-09,Tulare,107,460477,52583,51274,10037,61311,854
2021-08-09,Tuolumne,109,53932,4890,4745,49,4794,64
2021-08-09,Ventura,111,848112,87051,85514,3622,89136,1047
2021-08-09,Yolo,113,214977,15955,15521,514,16035,218
2021-08-09,Yuba,115,75493,7160,6994,162,7156,50
2021-08-08,Alameda,001,1643700,101582,99135,2223,101358,1276
2021-08-08,Alpine,003,1148,90,91,0,91,0
2021-08-08,Amador,005,37829,4188,4057,35,4092,48
2021-08-08,Butte,007,227075,14120,13791,2197,15988,205
2021-08-08,Calaveras,009,45235,2525,2462,15,2477,57
2021-08-08,Colusa,011,21464,2128,2070,391,2461,16
2021-08-08,Contra Costa,013,1133247,81855,79454,1568,81022,840
2021-08-08,Del Norte,015,27424,1972,1810,16,1826,8
2021-08-08,El Dorado,017,186661,12059,11631,990,12621,117
2021-08-08,Fresno,019,978130,109410,107078,9362,116440,1747
2021-08-08,Glenn,021,27897,2582,2527,614,3141,20
2021-08-08,Humboldt,023,135768,5877,5571,102,5673,52
2021-08-08,Imperial,025,180216,29672,29485,2739,32224,745
2021-08-08,Inyo,027,18085,1489,1481,13,1494,39
2021-08-08,Kern,029,883053,102419,100909,12631,113540,1359
2021-08-08,Kings,031,150075,24655,24095,1224,25319,250
2021-08-08,Lake,033,64148,4785,4636,27,4663,66
2021-08-08,Lassen,035,31185,5462,5391,125,5516,21
2021-08-08,Los Angeles,037,10098052,1298225,1279982,46385,1326367,24793
2021-08-08,Madera,039,155013,17802,17398,1088,18486,245
2021-08-08,Marin,041,260295,15514,15124,303,15427,239
2021-08-08,Mariposa,043,17540,568,538,12,550,5
2021-08-08,Mendocino,045,87422,4940,4702,123,4825,49
2021-08-08,Merced,047,269075,32907,32634,1145,33779,477
2021-08-08,Modoc,049,8938,427,419,147,566,5
2021-08-08,Mono,051,14174,1341,1336,18,1354,3
2021-08-08,Monterey,053,433212,44553,44171,2074,46245,527
2021-08-08,Napa,055,140530,10860,10668,61,10729,83
2021-08-08,Nevada,057,99092,6356,6009,215,6224,73
2021-08-08,Orange,059,3164182,274900,270532,12428,282960,5153
2021-08-08,Placer,061,380077,27518,26332,2103,28435,305
2021-08-08,Plumas,063,18699,833,803,14,817,5
2021-08-08,Riverside,065,2383286,314401,308042,14696,322738,4562
2021-08-08,Sacramento,067,1510023,123771,120109,2356,122465,1744
2021-08-08,San Benito,069,59416,6412,6350,116,6466,63
2021-08-08,San Bernardino,071,2135413,311726,307378,9526,316904,5295
2021-08-08,San Diego,073,3302833,311047,305983,17889,323872,3811
2021-08-08,San Francisco,075,870044,44363,43098,1716,44814,564
2021-08-08,San Joaquin,077,732212,80458,79002,4033,83035,1469
2021-08-08,San Luis Obispo,079,281455,23221,22668,851,23519,263
2021-08-08,San Mateo,081,765935,46921,45927,651,46578,548
2021-08-08,Santa Barbara,083,443738,37019,36417,1245,37662,470
2021-08-08,Santa Clara,085,1922200,127884,125553,888,126441,2187
2021-08-08,Santa Cruz,087,273765,17415,17035,850,17885,209
2021-08-08,Shasta,089,179085,13751,13381,1837,15218,210
2021-08-08,Sierra,091,2930,83,74,12,86,0
2021-08-08,Siskiyou,093,43540,2190,2041,481,2522,32
2021-08-08,Solano,095,438530,37863,36551,826,37377,262
2021-08-08,Sonoma,097,501317,34868,33805,403,34208,333
2021-08-08,Stanislaus,099,539301,61317,60269,6534,66803,1037
2021-08-08,Sutter,101,95872,10643,10481,108,10589,129
2021-08-08,Tehama,103,63373,5493,5359,642,6001,66
2021-08-08,Trinity,105,12862,539,378,123,501,3
2021-08-08,Tulare,107,460477,52404,51220,9978,61198,854
2021-08-08,Tuolumne,109,53932,4850,4731,49,4780,64
2021-08-08,Ventura,111,848112,86760,85382,3612,88994,1047
2021-08-08,Yolo,113,214977,15862,15477,507,15984,218
2021-08-08,Yuba,115,75493,7121,6967,162,7129,50
2021-08-07,Alameda,001,1643700,101336,98812,2217,101029,1276
2021-08-07,Alpine,003,1148,90,91,0,91,0
2021-08-07,Amador,005,37829,4171,4041,34,4075,48
2021-08-07,Butte,007,227075,14068,13714,2185,15899,205
2021-08-07,Calaveras,009,45235,2515,2446,15,2461,57
2021-08-07,Colusa,011,21464,2123,2067,382,2449,16
2021-08-07,Contra Costa,013,1133247,81559,79168,1565,80733,840
2021-08-07,Del Norte,015,27424,1940,1791,16,1807,8
2021-08-07,El Dorado,017,186661,12011,11575,983,12558,117
2021-08-07,Fresno,019,978130,109206,106861,9336,116197,1747
2021-08-07,Glenn,021,27897,2574,2515,613,3128,20
2021-08-07,Humboldt,023,135768,5827,5510,99,5609,52
2021-08-07,Imperial,025,180216,29653,29470,2739,32209,745
2021-08-07,Inyo,027,18085,1487,1476,13,1489,39
2021-08-07,Kern,029,883053,102261,100693,12575,113268,1359
2021-08-07,Kings,031,150075,24594,24048,1218,25266,250
2021-08-07,Lake,033,64148,4764,4613,27,4640,66
2021-08-07,Lassen,035,31185,5458,5386,125,5511,21
2021-08-07,Los Angeles,037,10098052,1296187,1276853,46240,1323093,24786
2021-08-07,Madera,039,155013,17767,17366,1084,18450,245
2021-08-07,Marin,041,260295,15480,15085,302,15387,239
2021-08-07,Mariposa,043,17540,565,530,12,542,5
2021-08-07,Mendocino,045,87422,4904,4690,121,4811,49
2021-08-07,Merced,047,269075,32843,32569,1142,33711,477
2021-08-07,Modoc,049,8938,427,419,147,566,5
2021-08-07,Mono,051,14174,1338,1329,18,1347,3
2021-08-07,Monterey,053,433212,44501,44124,2069,46193,527
2021-08-07,Napa,055,140530,10839,10658,60,10718,83
2021-08-07,Nevada,057,99092,6306,5967,213,6180,73
2021-08-07,Orange,059,3164182,274308,269900,12398,282298,5153
2021-08-07,Placer,061,380077,27329,26244,2094,28338,305
2021-08-07,Plumas,063,18699,828,801,14,815,5
2021-08-07,Riverside,065,2383286,313729,307326,14689,322015,4562
2021-08-07,Sacramento,067,1510023,123269,119636,2352,121988,1744
2021-08-07,San Benito,069,59416,6402,6332,116,6448,63
2021-08-07,San Bernardino,071,2135413,311137,306663,9509,316172,5295
2021-08-07,San Diego,073,3302833,310291,304974,17854,322828,3811
2021-08-07,San Francisco,075,870044,44191,42926,1698,44624,564
2021-08-07,San Joaquin,077,732212,80294,78769,4018,82787,1469
2021-08-07,San Luis Obispo,079,281455,23152,22579,850,23429,263
2021-08-07,San Mateo,081,765935,46793,45804,649,46453,548
2021-08-07,Santa Barbara,083,443738,36923,36303,1239,37542,470
2021-08-07,Santa Clara,085,1922200,127613,125196,883,126079,2188
2021-08-07,Santa Cruz,087,273765,17372,16994,848,17842,209
2021-08-07,Shasta,089,179085,13695,13361,1830,15191,210
2021-08-07,Sierra,091,2930,83,74,12,86,0
2021-08-07,Siskiyou,093,43540,2178,2039,479,2518,32
2021-08-07,Solano,095,438530,37747,36458,818,37276,262
2021-08-07,Sonoma,097,501317,34746,33716,403,34119,333
2021-08-07,Stanislaus,099,539301,61146,60093,6504,66597,1037
2021-08-07,Sutter,101,95872,10606,10447,108,10555,129
2021-08-07,Tehama,103,63373,5482,5343,637,5980,66
2021-08-07,Trinity,105,12862,535,377,122,499,3
2021-08-07,Tulare,107,460477,52318,51133,9940,61073,854
2021-08-07,Tuolumne,109,53932,4820,4721,49,4770,64
2021-08-07,Ventura,111,848112,86580,85232,3598,88830,1047
2021-08-07,Yolo,113,214977,15819,15423,502,15925,218
2021-08-07,Yuba,115,75493,7096,6937,160,7097,50
2021-08-06,Alameda,001,1643700,101007,98487,2211,100698,1275
2021-08-06,Alpine,003,1148,90,91,0,91,0
2021-08-06,Amador,005,37829,4150,4002,34,4036,48
2021-08-06,Butte,007,227075,14018,13626,2170,15796,205
2021-08-06,Calaveras,009,45235,2504,2419,15,2434,57
2021-08-06,Colusa,011,21464,2116,2045,377,2422,16
2021-08-06,Contra Costa,013,1133247,81264,78796,1560,80356,840
2021-08-06,Del Norte,015,27424,1913,1755,15,1770,8
2021-08-06,El Dorado,017,186661,11961,11498,971,12469,117
2021-08-06,Fresno,019,978130,108942,106542,9309,115851,1747
2021-08-06,Glenn,021,27897,2559,2504,610,3114,20
2021-08-06,Humboldt,023,135768,5776,5421,96,5517,52
2021-08-06,Imperial,025,180216,29642,29404,2735,32139,745
2021-08-06,Inyo,027,18085,1484,1471,13,1484,39
2021-08-06,Kern,029,883053,102084,100427,12490,112917,1359
2021-08-06,Kings,031,150075,24539,23974,1214,25188,250
2021-08-06,Lake,033,64148,4741,4557,27,4584,66
2021-08-06,Lassen,035,31185,5436,5368,125,5493,21
2021-08-06,Los Angeles,037,10098052,1293694,1273081,46091,1319172,24772
2021-08-06,Madera,039,155013,17728,17324,1075,18399,245
2021-08-06,Marin,041,260295,15447,15051,302,15353,239
2021-08-06,Mariposa,043,17540,556,511,12,523,5
2021-08-06,Mendocino,045,87422,4862,4649,120,4769,49
2021-08-06,Merced,047,269075,32783,32456,1139,33595,477
2021-08-06,Modoc,049,8938,427,419,147,566,5
2021-08-06,Mono,051,14174,1337,1328,18,1346,3
2021-08-06,Monterey,053,433212,44433,44058,2056,46114,527
2021-08-06,Napa,055,140530,10812,10620,60,10680,83
2021-08-06,Nevada,057,99092,6250,5874,213,6087,73
2021-08-06,Orange,059,3164182,273742,269077,12381,281458,5151
2021-08-06,Placer,061,380077,27206,26086,2073,28159,305
2021-08-06,Plumas,063,18699,819,795,14,809,5
2021-08-06,Riverside,065,2383286,313019,306304,14678,320982,4562
2021-08-06,Sacramento,067,1510023,122777,119169,2333,121502,1740
2021-08-06,San Benito,069,59416,6385,6315,116,6431,63
2021-08-06,San Bernardino,071,2135413,310436,305806,9499,315305,5286
2021-08-06,San Diego,073,3302833,309252,303691,17805,321496,3810
2021-08-06,San Francisco,075,870044,44035,42659,1680,44339,565
2021-08-06,San Joaquin,077,732212,80144,78405,4006,82411,1469
2021-08-06,San Luis Obispo,079,281455,23084,22472,845,23317,263
2021-08-06,San Mateo,081,765935,46641,45665,644,46309,548
2021-08-06,Santa Barbara,083,443738,36834,36208,1235,37443,470
2021-08-06,Santa Clara,085,1922200,127323,124767,878,125645,2185
2021-08-06,Santa Cruz,087,273765,17328,16924,844,17768,207
2021-08-06,Shasta,089,179085,13629,13284,1824,15108,210
2021-08-06,Sierra,091,2930,83,73,12,85,0
2021-08-06,Siskiyou,093,43540,2168,2030,475,2505,32
2021-08-06,Solano,095,438530,37637,36351,809,37160,262
2021-08-06,Sonoma,097,501317,34660,33594,402,33996,333
2021-08-06,Stanislaus,099,539301,61008,59854,6484,66338,1037
2021-08-06,Sutter,101,95872,10563,10391,108,10499,128
2021-08-06,Tehama,103,63373,5458,5325,635,5960,66
2021-08-06,Trinity,105,12862,534,371,121,492,3
2021-08-06,Tulare,107,460477,52217,51018,9893,60911,854
2021-08-06,Tuolumne,109,53932,4793,4674,49,4723,64
2021-08-06,Ventura,111,848112,86409,85046,3586,88632,1047
2021-08-06,Yolo,113,214977,15766,15299,497,15796,218
2021-08-06,Yuba,115,75493,7073,6904,160,7064,50
2021-08-05,Alameda,001,1643700,100523,98052,2206,100258,1275
2021-08-05,Alpine,003,1148,90,91,0,91,0
2021-08-05,Amador,005,37829,4130,3992,34,4026,48
2021-08-05,Butte,007,227075,13957,13564,2147,15711,206
2021-08-05,Calaveras,009,45235,2485,2397,15,2412,57
2021-08-05,Colusa,011,21464,2104,2036,372,2408,16
2021-08-05,Contra Costa,013,1133247,80837,78514,1553,80067,840
2021-08-05,Del Norte,015,27424,1886,1731,15,1746,8
2021-08-05,El Dorado,017,186661,11876,11408,960,12368,117
2021-08-05,Fresno,019,978130,108571,106219,9272,115491,1747
2021-08-05,Glenn,021,27897,2553,2494,607,3101,20
2021-08-05,Humboldt,023,135768,5702,5328,95,5423,52
2021-08-05,Imperial,025,180216,29611,29383,2731,32114,745
2021-08-05,Inyo,027,18085,1480,1468,13,1481,38
2021-08-05,Kern,029,883053,101862,100091,12405,112496,1358
2021-08-05,Kings,031,150075,24455,23906,1209,25115,249
2021-08-05,Lake,033,64148,4702,4490,25,4515,66
2021-08-05,Lassen,035,31185,5428,5344,125,5469,21
2021-08-05,Los Angeles,037,10098052,1290474,1269445,45959,1315404,24756
2021-08-05,Madera,039,155013,17687,17301,1067,18368,245
2021-08-05,Marin,041,260295,15403,15005,298,15303,239
2021-08-05,Mariposa,043,17540,545,504,11,515,5
2021-08-05,Mendocino,045,87422,4819,4597,111,4708,49
2021-08-05,Merced,047,269075,32716,32381,1128,33509,477
2021-08-05,Modoc,049,8938,426,418,147,565,5
2021-08-05,Mono,051,14174,1329,1309,18,1327,3
2021-08-05,Monterey,053,433212,44376,43992,2038,46030,527
2021-08-05,Napa,055,140530,10776,10591,58,10649,83
2021-08-05,Nevada,057,99092,6168,5778,210,5988,73
2021-08-05,Orange,059,3164182,272961,268329,12355,280684,5149
2021-08-05,Placer,061,380077,27006,25965,2046,28011,305
2021-08-05,Plumas,063,18699,810,787,14,801,5
2021-08-05,Riverside,065,2383286,312101,305415,14652,320067,4562
2021-08-05,Sacramento,067,1510023,122069,118590,2319,120909,1739
2021-08-05,San Benito,069,59416,6367,6305,116,6421,63
2021-08-05,San Bernardino,071,2135413,309601,304956,9478,314434,5284
2021-08-05,San Diego,073,3302833,307980,302220,17723,319943,3806
2021-08-05,San Francisco,075,870044,43823,42301,1671,43972,564
2021-08-05,San Joaquin,077,732212,79782,78151,3988,82139,1468
2021-08-05,San Luis Obispo,079,281455,22969,22362,839,23201,263
2021-08-05,San Mateo,081,765935,46468,45554,642,46196,548
2021-08-05,Santa Barbara,083,443738,36727,36112,1232,37344,470
2021-08-05,Santa Clara,085,1922200,126990,124490,878,125368,2185
2021-08-05,Santa Cruz,087,273765,17284,16867,841,17708,207
2021-08-05,Shasta,089,179085,13571,13217,1816,15033,210
2021-08-05,Sierra,091,2930,78,73,12,85,0
2021-08-05,Siskiyou,093,43540,2147,2024,466,2490,32
2021-08-05,Solano,095,438530,37456,36250,802,37052,262
2021-08-05,Sonoma,097,501317,34525,33455,401,33856,330
2021-08-05,Stanislaus,099,539301,60786,59692,6445,66137,1037
2021-08-05,Sutter,101,95872,10508,10349,108,10457,127
2021-08-05,Tehama,103,63373,5440,5305,632,5937,66
2021-08-05,Trinity,105,12862,528,367,121,488,3
2021-08-05,Tulare,107,460477,52100,50889,9839,60728,854
2021-08-05,Tuolumne,109,53932,4763,4619,49,4668,64
2021-08-05,Ventura,111,848112,86158,84837,3572,88409,1047
2021-08-05,Yolo,113,214977,15699,15250,487,15737,218
2021-08-05,Yuba,115,75493,7030,6872,158,7030,50
2021-08-04,Alameda,001,1643700,100019,97477,2195,99672,1274
2021-08-04,Alpine,003,1148,90,91,0,91,0
2021-08-04,Amador,005,37829,4100,3962,33,3995,48
2021-08-04,Butte,007,227075,13889,13509,2130,15639,205
2021-08-04,Calaveras,009,45235,2460,2374,15,2389,57
2021-08-04,Colusa,011,21464,2092,2025,366,2391,16
2021-08-04,Contra Costa,013,1133247,80320,77966,1548,79514,840
2021-08-04,Del Norte,015,27424,1863,1701,15,1716,8
2021-08-04,El Dorado,017,186661,11796,11319,949,12268,117
2021-08-04,Fresno,019,978130,108201,105899,9233,115132,1747
2021-08-04,Glenn,021,27897,2545,2487,605,3092,20
2021-08-04,Humboldt,023,135768,5626,5271,94,5365,52
2021-08-04,Imperial,025,180216,29563,29375,2729,32104,745
2021-08-04,Inyo,027,18085,1479,1465,13,1478,38
2021-08-04,Kern,029,883053,101612,99868,12322,112190,1358
2021-08-04,Kings,031,150075,24383,23840,1201,25041,250
2021-08-04,Lake,033,64148,4672,4423,20,4443,65
2021-08-04,Lassen,035,31185,5420,5340,125,5465,21
2021-08-04,Los Angeles,037,10098052,1286981,1265788,45800,1311588,24737
2021-08-04,Madera,039,155013,17652,17251,1060,18311,245
2021-08-04,Marin,041,260295,15356,14950,296,15246,239
2021-08-04,Mariposa,043,17540,530,497,11,508,5
2021-08-04,Mendocino,045,87422,4795,4560,107,4667,49
2021-08-04,Merced,047,269075,32578,32274,1123,33397,476
2021-08-04,Modoc,049,8938,426,416,147,563,5
2021-08-04,Mono,051,14174,1325,1307,18,1325,3
2021-08-04,Monterey,053,433212,44311,43926,2027,45953,526
2021-08-04,Napa,055,140530,10739,10544,58,10602,82
2021-08-04,Nevada,057,99092,6104,5702,209,5911,73
2021-08-04,Orange,059,3164182,272086,267199,12318,279517,5146
2021-08-04,Placer,061,380077,26789,25688,2026,27714,305
2021-08-04,Plumas,063,18699,804,784,14,798,5
2021-08-04,Riverside,065,2383286,311176,304272,14627,318899,4562
2021-08-04,Sacramento,067,1510023,121312,117882,2293,120175,1736
2021-08-04,San Benito,069,59416,6352,6300,116,6416,63
2021-08-04,San Bernardino,071,2135413,308744,304164,9459,313623,5285
2021-08-04,San Diego,073,3302833,306467,301100,17656,318756,3805
2021-08-04,San Francisco,075,870044,43567,41913,1659,43572,562
2021-08-04,San Joaquin,077,732212,79425,77846,3976,81822,1466
2021-08-04,San Luis Obispo,079,281455,22859,22245,833,23078,262
2021-08-04,San Mateo,081,765935,46296,45392,641,46033,548
2021-08-04,Santa Barbara,083,443738,36598,36013,1224,37237,470
2021-08-04,Santa Clara,085,1922200,126599,124127,871,124998,2183
2021-08-04,Santa Cruz,087,273765,17222,16820,834,17654,208
2021-08-04,Shasta,089,179085,13520,13134,1805,14939,211
2021-08-04,Sierra,091,2930,78,73,12,85,0
2021-08-04,Siskiyou,093,43540,2127,2010,462,2472,32
2021-08-04,Solano,095,438530,37255,36025,793,36818,262
2021-08-04,Sonoma,097,501317,34353,33311,399,33710,330
2021-08-04,Stanislaus,099,539301,60560,59396,6407,65803,1037
2021-08-04,Sutter,101,95872,10471,10294,108,10402,127
2021-08-04,Tehama,103,63373,5414,5281,626,5907,66
2021-08-04,Trinity,105,12862,526,362,118,480,3
2021-08-04,Tulare,107,460477,51990,50797,9795,60592,855
2021-08-04,Tuolumne,109,53932,4738,4584,49,4633,64
2021-08-04,Ventura,111,848112,85900,84406,3550,87956,1047
2021-08-04,Yolo,113,214977,15619,15189,474,15663,215
2021-08-04,Yuba,115,75493,6990,6827,157,6984,50
2021-08-03,Alameda,001,1643700,99572,97275,2190,99465,1270
2021-08-03,Alpine,003,1148,90,91,0,91,0
2021-08-03,Amador,005,37829,4064,3953,33,3986,48
2021-08-03,Butte,007,227075,13822,13468,2114,15582,205
2021-08-03,Calaveras,009,45235,2438,2356,15,2371,57
2021-08-03,Colusa,011,21464,2079,2023,360,2383,16
2021-08-03,Contra Costa,013,1133247,79838,77739,1541,79280,836
2021-08-03,Del Norte,015,27424,1831,1691,14,1705,8
2021-08-03,El Dorado,017,186661,11703,11255,938,12193,117
2021-08-03,Fresno,019,978130,107839,105732,9202,114934,1746
2021-08-03,Glenn,021,27897,2538,2481,599,3080,20
2021-08-03,Humboldt,023,135768,5561,5199,89,5288,52
2021-08-03,Imperial,025,180216,29541,29333,2722,32055,745
2021-08-03,Inyo,027,18085,1476,1459,13,1472,38
2021-08-03,Kern,029,883053,101350,99708,12243,111951,1358
2021-08-03,Kings,031,150075,24295,23780,1194,24974,249
2021-08-03,Lake,033,64148,4616,4408,16,4424,66
2021-08-03,Lassen,035,31185,5410,5341,125,5466,21
2021-08-03,Los Angeles,037,10098052,1283237,1262678,45624,1308302,24721
2021-08-03,Madera,039,155013,17611,17220,1045,18265,245
2021-08-03,Marin,041,260295,15307,14906,293,15199,243
2021-08-03,Mariposa,043,17540,519,495,11,506,5
2021-08-03,Mendocino,045,87422,4746,4546,106,4652,49
2021-08-03,Merced,047,269075,32495,32197,1121,33318,476
2021-08-03,Modoc,049,8938,426,416,147,563,5
2021-08-03,Mono,051,14174,1320,1303,18,1321,3
2021-08-03,Monterey,053,433212,44248,43872,2014,45886,525
2021-08-03,Napa,055,140530,10696,10527,57,10584,82
2021-08-03,Nevada,057,99092,6023,5685,208,5893,73
2021-08-03,Orange,059,3164182,271347,266649,12288,278937,5146
2021-08-03,Placer,061,380077,26588,25624,2002,27626,305
2021-08-03,Plumas,063,18699,797,779,14,793,5
2021-08-03,Riverside,065,2383286,310251,303499,14601,318100,4562
2021-08-03,Sacramento,067,1510023,120567,117591,2273,119864,1732
2021-08-03,San Benito,069,59416,6337,6284,115,6399,63
2021-08-03,San Bernardino,071,2135413,307822,303386,9441,312827,5265
2021-08-03,San Diego,073,3302833,305028,300189,17546,317735,3803
2021-08-03,San Francisco,075,870044,43283,41758,1639,43397,562
2021-08-03,San Joaquin,077,732212,79074,77615,3955,81570,1461
2021-08-03,San Luis Obispo,079,281455,22719,22166,826,22992,264
2021-08-03,San Mateo,081,765935,46104,45255,636,45891,548
2021-08-03,Santa Barbara,083,443738,36479,35912,1218,37130,469
2021-08-03,Santa Clara,085,1922200,126178,123914,865,124779,2183
2021-08-03,Santa Cruz,087,273765,17156,16778,831,17609,207
2021-08-03,Shasta,089,179085,13445,13091,1794,14885,211
2021-08-03,Sierra,091,2930,78,72,12,84,0
2021-08-03,Siskiyou,093,43540,2116,1998,457,2455,32
2021-08-03,Solano,095,438530,37035,35953,781,36734,261
2021-08-03,Sonoma,097,501317,34172,33243,398,33641,330
2021-08-03,Stanislaus,099,539301,60338,59282,6388,65670,1037
2021-08-03,Sutter,101,95872,10431,10263,107,10370,127
2021-08-03,Tehama,103,63373,5387,5269,621,5890,66
2021-08-03,Trinity,105,12862,523,361,115,476,3
2021-08-03,Tulare,107,460477,51895,50729,9749,60478,854
2021-08-03,Tuolumne,109,53932,4703,4563,49,4612,64
2021-08-03,Ventura,111,848112,85656,84270,3529,87799,1046
2021-08-03,Yolo,113,214977,15527,15149,459,15608,215
2021-08-03,Yuba,115,75493,6953,6781,155,6936,50
2021-08-02,Alameda,001,1643700,99016,96954,2186,99140,1270
2021-08-02,Alpine,003,1148,90,91,0,91,0
2021-08-02,Amador,005,37829,4044,3927,33,3960,48
2021-08-02,Butte,007,227075,13742,13442,2095,15537,205
2021-08-02,Calaveras,009,45235,2413,2347,15,2362,57
2021-08-02,Colusa,011,21464,2067,2019,357,2376,16
2021-08-02,Contra Costa,013,1133247,79328,77516,1527,79043,836
2021-08-02,Del Norte,015,27424,1801,1653,14,1667,8
2021-08-02,El Dorado,017,186661,11600,11226,924,12150,116
2021-08-02,Fresno,019,978130,107493,105471,9165,114636,1744
2021-08-02,Glenn,021,27897,2530,2477,596,3073,20
2021-08-02,Humboldt,023,135768,5478,5161,87,5248,52
2021-08-02,Imperial,025,180216,29508,29302,2719,32021,743
2021-08-02,Inyo,027,18085,1470,1455,13,1468,38
2021-08-02,Kern,029,883053,101095,99556,12152,111708,1357
2021-08-02,Kings,031,150075,24225,23722,1188,24910,249
2021-08-02,Lake,033,64148,4573,4375,16,4391,66
2021-08-02,Lassen,035,31185,5387,5338,123,5461,21
2021-08-02,Los Angeles,037,10098052,1279514,1260807,45418,1306225,24705
2021-08-02,Madera,039,155013,17567,17158,1032,18190,245
2021-08-02,Marin,041,260295,15264,14859,292,15151,239
2021-08-02,Mariposa,043,17540,510,490,11,501,5
2021-08-02,Mendocino,045,87422,4706,4512,103,4615,49
2021-08-02,Merced,047,269075,32397,32163,1114,33277,474
2021-08-02,Modoc,049,8938,426,415,147,562,5
2021-08-02,Mono,051,14174,1313,1296,18,1314,3
2021-08-02,Monterey,053,433212,44188,43842,2006,45848,525
2021-08-02,Napa,055,140530,10653,10490,54,10544,82
2021-08-02,Nevada,057,99092,5952,5611,207,5818,73
2021-08-02,Orange,059,3164182,270433,266050,12243,278293,5146
2021-08-02,Placer,061,380077,26441,25516,1968,27484,306
2021-08-02,Plumas,063,18699,790,762,14,776,5
2021-08-02,Riverside,065,2383286,309313,302756,14586,317342,4562
2021-08-02,Sacramento,067,1510023,119869,117183,2254,119437,1728
2021-08-02,San Benito,069,59416,6318,6276,114,6390,63
2021-08-02,San Bernardino,071,2135413,306947,303000,9408,312408,5253
2021-08-02,San Diego,073,3302833,303548,299021,17466,316487,3798
2021-08-02,San Francisco,075,870044,42996,41553,1616,43169,562
2021-08-02,San Joaquin,077,732212,78731,77447,3930,81377,1461
2021-08-02,San Luis Obispo,079,281455,22625,22093,819,22912,261
2021-08-02,San Mateo,081,765935,45927,45154,624,45778,548
2021-08-02,Santa Barbara,083,443738,36341,35851,1212,37063,469
2021-08-02,Santa Clara,085,1922200,125707,123655,857,124512,2183
2021-08-02,Santa Cruz,087,273765,17098,16746,827,17573,207
2021-08-02,Shasta,089,179085,13383,13049,1780,14829,212
2021-08-02,Sierra,091,2930,78,71,12,83,0
2021-08-02,Siskiyou,093,43540,2105,1992,443,2435,31
2021-08-02,Solano,095,438530,36787,35852,768,36620,260
2021-08-02,Sonoma,097,501317,33946,33132,393,33525,330
2021-08-02,Stanislaus,099,539301,60119,59160,6361,65521,1037
2021-08-02,Sutter,101,95872,10385,10220,107,10327,127
2021-08-02,Tehama,103,63373,5364,5260,617,5877,66
2021-08-02,Trinity,105,12862,518,359,114,473,3
2021-08-02,Tulare,107,460477,51794,50640,9677,60317,854
2021-08-02,Tuolumne,109,53932,4636,4524,49,4573,64
2021-08-02,Ventura,111,848112,85471,84143,3506,87649,1044
2021-08-02,Yolo,113,214977,15429,15072,442,15514,215
2021-08-02,Yuba,115,75493,6911,6743,152,6895,50
2021-08-01,Alameda,001,1643700,98485,96775,2180,98955,1270
2021-08-01,Alpine,003,1148,90,91,0,91,0
2021-08-01,Amador,005,37829,4006,3923,33,3956,48
2021-08-01,Butte,007,227075,13664,13406,2078,15484,205
2021-08-01,Calaveras,009,45235,2389,2341,15,2356,57
2021-08-01,Colusa,011,21464,2056,2014,355,2369,16
2021-08-01,Contra Costa,013,1133247,78892,77360,1520,78880,836
2021-08-01,Del Norte,015,27424,1769,1642,14,1656,8
2021-08-01,El Dorado,017,186661,11500,11189,913,12102,116
2021-08-01,Fresno,019,978130,107166,105339,9120,114459,1744
2021-08-01,Glenn,021,27897,2524,2476,593,3069,20
2021-08-01,Humboldt,023,135768,5401,5118,83,5201,52
2021-08-01,Imperial,025,180216,29473,29297,2715,32012,743
2021-08-01,Inyo,027,18085,1468,1454,13,1467,38
2021-08-01,Kern,029,883053,100817,99396,12077,111473,1357
2021-08-01,Kings,031,150075,24138,23700,1183,24883,249
2021-08-01,Lake,033,64148,4494,4356,16,4372,66
2021-08-01,Lassen,035,31185,5374,5336,121,5457,21
2021-08-01,Los Angeles,037,10098052,1275823,1258461,45195,1303656,24700
2021-08-01,Madera,039,155013,17511,17146,1027,18173,245
2021-08-01,Marin,041,260295,15187,14844,291,15135,239
2021-08-01,Mariposa,043,17540,503,482,11,493,5
2021-08-01,Mendocino,045,87422,4660,4476,99,4575,49
2021-08-01,Merced,047,269075,32306,32144,1108,33252,474
2021-08-01,Modoc,049,8938,424,413,147,560,5
2021-08-01,Mono,051,14174,1310,1294,18,1312,3
2021-08-01,Monterey,053,433212,44141,43808,1993,45801,525
2021-08-01,Napa,055,140530,10604,10473,52,10525,82
2021-08-01,Nevada,057,99092,5865,5561,206,5767,73
2021-08-01,Orange,059,3164182,269619,265467,12200,277667,5146
2021-08-01,Placer,061,380077,26224,25464,1938,27402,306
2021-08-01,Plumas,063,18699,784,761,14,775,5
2021-08-01,Riverside,065,2383286,308380,302256,14568,316824,4562
2021-08-01,Sacramento,067,1510023,119133,116923,2240,119163,1727
2021-08-01,San Benito,069,59416,6301,6271,114,6385,63
2021-08-01,San Bernardino,071,2135413,306013,302542,9397,311939,5248
2021-08-01,San Diego,073,3302833,302362,298002,17401,315403,3798
2021-08-01,San Francisco,075,870044,42659,41432,1603,43035,562
2021-08-01,San Joaquin,077,732212,78364,77338,3905,81243,1461
2021-08-01,San Luis Obispo,079,281455,22523,22083,814,22897,261
2021-08-01,San Mateo,081,765935,45744,45036,617,45653,548
2021-08-01,Santa Barbara,083,443738,36217,35809,1208,37017,469
2021-08-01,Santa Clara,085,1922200,125295,123511,849,124360,2183
2021-08-01,Santa Cruz,087,273765,17019,16709,820,17529,207
2021-08-01,Shasta,089,179085,13312,13036,1771,14807,212
2021-08-01,Sierra,091,2930,76,71,12,83,0
2021-08-01,Siskiyou,093,43540,2099,1989,437,2426,31
2021-08-01,Solano,095,438530,36552,35800,759,36559,260
2021-08-01,Sonoma,097,501317,33754,33076,390,33466,330
2021-08-01,Stanislaus,099,539301,59882,59078,6329,65407,1037
2021-08-01,Sutter,101,95872,10330,10198,104,10302,127
2021-08-01,Tehama,103,63373,5347,5252,613,5865,66
2021-08-01,Trinity,105,12862,515,359,113,472,3
2021-08-01,Tulare,107,460477,51637,50600,9616,60216,854
2021-08-01,Tuolumne,109,53932,4598,4489,49,4538,64
2021-08-01,Ventura,111,848112,85241,84040,3491,87531,1044
2021-08-01,Yolo,113,214977,15359,15042,432,15474,215
2021-08-01,Yuba,115,75493,6874,6721,151,6872,50
2021-07-31,Alameda,001,1643700,98153,95279,2175,97454,1265
2021-07-31,Alpine,003,1148,90,89,0,89,0
2021-07-31,Amador,005,37829,3986,3877,33,3910,48
2021-07-31,Butte,007,227075,13630,13235,2058,15293,205
2021-07-31,Calaveras,009,45235,2380,2294,15,2309,57
2021-07-31,Colusa,011,21464,2050,2006,353,2359,16
2021-07-31,Contra Costa,013,1133247,78613,75866,1518,77384,832
2021-07-31,Del Norte,015,27424,1743,1576,14,1590,8
2021-07-31,El Dorado,017,186661,11447,11017,907,11924,116
2021-07-31,Fresno,019,978130,107007,104639,9107,113746,1744
2021-07-31,Glenn,021,27897,2519,2465,588,3053,20
2021-07-31,Humboldt,023,135768,5346,4978,82,5060,52
2021-07-31,Imperial,025,180216,29456,29164,2712,31876,743
2021-07-31,Inyo,027,18085,1465,1442,13,1455,38
2021-07-31,Kern,029,883053,100652,98903,12018,110921,1357
2021-07-31,Kings,031,150075,24085,23548,1178,24726,248
2021-07-31,Lake,033,64148,4469,4238,16,4254,66
2021-07-31,Lassen,035,31185,5367,5320,121,5441,21
2021-07-31,Los Angeles,037,10098052,1273617,1248545,45054,1293599,24691
2021-07-31,Madera,039,155013,17478,17058,1021,18079,245
2021-07-31,Marin,041,260295,15143,14701,290,14991,239
2021-07-31,Mariposa,043,17540,494,470,11,481,5
2021-07-31,Mendocino,045,87422,4635,4400,96,4496,49
2021-07-31,Merced,047,269075,32258,31959,1103,33062,474
2021-07-31,Modoc,049,8938,424,413,147,560,5
2021-07-31,Mono,051,14174,1308,1287,18,1305,3
2021-07-31,Monterey,053,433212,44101,43720,1983,45703,525
2021-07-31,Napa,055,140530,10585,10401,51,10452,82
2021-07-31,Nevada,057,99092,5826,5373,205,5578,72
2021-07-31,Orange,059,3164182,269045,263446,12182,275628,5144
2021-07-31,Placer,061,380077,26092,25104,1931,27035,306
2021-07-31,Plumas,063,18699,781,743,14,757,5
2021-07-31,Riverside,065,2383286,307763,300315,14558,314873,4554
2021-07-31,Sacramento,067,1510023,118721,115259,2233,117492,1720
2021-07-31,San Benito,069,59416,6290,6251,114,6365,63
2021-07-31,San Bernardino,071,2135413,305439,300726,9394,310120,5240
2021-07-31,San Diego,073,3302833,301689,295054,17355,312409,3798
2021-07-31,San Francisco,075,870044,42431,40412,1583,41995,562
2021-07-31,San Joaquin,077,732212,78199,76575,3892,80467,1443
2021-07-31,San Luis Obispo,079,281455,22470,21922,812,22734,260
2021-07-31,San Mateo,081,765935,45587,44622,612,45234,548
2021-07-31,Santa Barbara,083,443738,36136,35531,1207,36738,467
2021-07-31,Santa Clara,085,1922200,125040,122614,847,123461,2099
2021-07-31,Santa Cruz,087,273765,16980,16576,819,17395,207
2021-07-31,Shasta,089,179085,13275,12918,1763,14681,212
2021-07-31,Sierra,091,2930,76,68,12,80,0
2021-07-31,Siskiyou,093,43540,2090,1976,431,2407,31
2021-07-31,Solano,095,438530,36451,35340,752,36092,263
2021-07-31,Sonoma,097,501317,33628,32601,390,32991,329
2021-07-31,Stanislaus,099,539301,59723,58586,6307,64893,1035
2021-07-31,Sutter,101,95872,10296,10068,103,10171,127
2021-07-31,Tehama,103,63373,5332,5216,610,5826,66
2021-07-31,Trinity,105,12862,514,354,112,466,3
2021-07-31,Tulare,107,460477,51547,50409,9563,59972,854
2021-07-31,Tuolumne,109,53932,4559,4362,49,4411,64
2021-07-31,Ventura,111,848112,85080,83509,3475,86984,1044
2021-07-31,Yolo,113,214977,15311,14863,421,15284,215
2021-07-31,Yuba,115,75493,6851,6615,147,6762,50
2021-07-30,Alameda,001,1643700,97827,95279,2171,97450,1265
2021-07-30,Alpine,003,1148,90,89,0,89,0
2021-07-30,Amador,005,37829,3963,3877,33,3910,48
2021-07-30,Butte,007,227075,13575,13235,2045,15280,205
2021-07-30,Calaveras,009,45235,2370,2294,15,2309,57
2021-07-30,Colusa,011,21464,2046,2006,351,2357,16
2021-07-30,Contra Costa,013,1133247,78367,75866,1514,77380,832
2021-07-30,Del Norte,015,27424,1725,1576,14,1590,8
2021-07-30,El Dorado,017,186661,11414,11017,901,11918,116
2021-07-30,Fresno,019,978130,106813,104639,9095,113734,1744
2021-07-30,Glenn,021,27897,2514,2465,587,3052,20
2021-07-30,Humboldt,023,135768,5283,4978,79,5057,52
2021-07-30,Imperial,025,180216,29442,29164,2709,31873,743
2021-07-30,Inyo,027,18085,1464,1442,13,1455,38
2021-07-30,Kern,029,883053,100528,98903,11971,110874,1357
2021-07-30,Kings,031,150075,24045,23548,1174,24722,248
2021-07-30,Lake,033,64148,4441,4238,16,4254,66
2021-07-30,Lassen,035,31185,5363,5320,121,5441,21
2021-07-30,Los Angeles,037,10098052,1271284,1248545,44907,1293452,24691
2021-07-30,Madera,039,155013,17436,17058,1018,18076,245
2021-07-30,Marin,041,260295,15109,14701,290,14991,239
2021-07-30,Mariposa,043,17540,490,470,11,481,5
2021-07-30,Mendocino,045,87422,4605,4400,95,4495,49
2021-07-30,Merced,047,269075,32217,31959,1099,33058,474
2021-07-30,Modoc,049,8938,422,413,147,560,5
2021-07-30,Mono,051,14174,1303,1287,18,1305,3
2021-07-30,Monterey,053,433212,44067,43720,1974,45694,525
2021-07-30,Napa,055,140530,10563,10401,50,10451,82
2021-07-30,Nevada,057,99092,5769,5373,205,5578,72
2021-07-30,Orange,059,3164182,268420,263446,12156,275602,5144
2021-07-30,Placer,061,380077,26002,25104,1913,27017,306
2021-07-30,Plumas,063,18699,776,743,14,757,5
2021-07-30,Riverside,065,2383286,307126,300315,14548,314863,4554
2021-07-30,Sacramento,067,1510023,118269,115259,2229,117488,1720
2021-07-30,San Benito,069,59416,6283,6251,114,6365,63
2021-07-30,San Bernardino,071,2135413,304925,300726,9387,310113,5240
2021-07-30,San Diego,073,3302833,300915,295054,17297,312351,3798
2021-07-30,San Francisco,075,870044,42218,40412,1569,41981,562
2021-07-30,San Joaquin,077,732212,78045,76575,3887,80462,1443
2021-07-30,San Luis Obispo,079,281455,22432,21922,808,22730,260
2021-07-30,San Mateo,081,765935,45462,44622,599,45221,548
2021-07-30,Santa Barbara,083,443738,36067,35531,1201,36732,467
2021-07-30,Santa Clara,085,1922200,124817,122614,845,123459,2099
2021-07-30,Santa Cruz,087,273765,16954,16576,817,17393,207
2021-07-30,Shasta,089,179085,13230,12918,1763,14681,212
2021-07-30,Sierra,091,2930,75,68,12,80,0
2021-07-30,Siskiyou,093,43540,2081,1976,430,2406,31
2021-07-30,Solano,095,438530,36360,35340,736,36076,263
2021-07-30,Sonoma,097,501317,33533,32601,390,32991,329
2021-07-30,Stanislaus,099,539301,59579,58586,6287,64873,1035
2021-07-30,Sutter,101,95872,10261,10068,103,10171,127
2021-07-30,Tehama,103,63373,5322,5216,610,5826,66
2021-07-30,Trinity,105,12862,514,354,112,466,3
2021-07-30,Tulare,107,460477,51504,50409,9528,59937,854
2021-07-30,Tuolumne,109,53932,4541,4362,49,4411,64
2021-07-30,Ventura,111,848112,84916,83509,3460,86969,1044
2021-07-30,Yolo,113,214977,15251,14863,417,15280,215
2021-07-30,Yuba,115,75493,6815,6615,146,6761,50
2021-07-29,Alameda,001,1643700,97415,95279,2165,97444,1265
2021-07-29,Alpine,003,1148,90,89,0,89,0
2021-07-29,Amador,005,37829,3944,3877,33,3910,48
2021-07-29,Butte,007,227075,13526,13235,2037,15272,205
2021-07-29,Calaveras,009,45235,2355,2294,15,2309,57
2021-07-29,Colusa,011,21464,2039,2006,351,2357,16
2021-07-29,Contra Costa,013,1133247,77927,75866,1512,77378,832
2021-07-29,Del Norte,015,27424,1701,1576,14,1590,8
2021-07-29,El Dorado,017,186661,11350,11017,889,11906,116
2021-07-29,Fresno,019,978130,106549,104639,9069,113708,1744
2021-07-29,Glenn,021,27897,2504,2465,586,3051,20
2021-07-29,Humboldt,023,135768,5223,4978,77,5055,52
2021-07-29,Imperial,025,180216,29397,29164,2707,31871,743
2021-07-29,Inyo,027,18085,1460,1442,13,1455,38
2021-07-29,Kern,029,883053,100321,98903,11894,110797,1357
2021-07-29,Kings,031,150075,23999,23548,1170,24718,248
2021-07-29,Lake,033,64148,4406,4238,16,4254,66
2021-07-29,Lassen,035,31185,5355,5320,118,5438,21
2021-07-29,Los Angeles,037,10098052,1268182,1248545,44729,1293274,24691
2021-07-29,Madera,039,155013,17389,17058,1014,18072,245
2021-07-29,Marin,041,260295,15065,14701,290,14991,239
2021-07-29,Mariposa,043,17540,486,470,11,481,5
2021-07-29,Mendocino,045,87422,4582,4400,93,4493,49
2021-07-29,Merced,047,269075,32162,31959,1099,33058,474
2021-07-29,Modoc,049,8938,422,413,147,560,5
2021-07-29,Mono,051,14174,1301,1287,18,1305,3
2021-07-29,Monterey,053,433212,44018,43720,1964,45684,525
2021-07-29,Napa,055,140530,10531,10401,48,10449,82
2021-07-29,Nevada,057,99092,5717,5373,204,5577,72
2021-07-29,Orange,059,3164182,267708,263446,12124,275570,5144
2021-07-29,Placer,061,380077,25879,25104,1898,27002,306
2021-07-29,Plumas,063,18699,768,743,14,757,5
2021-07-29,Riverside,065,2383286,306421,300315,14524,314839,4554
2021-07-29,Sacramento,067,1510023,117714,115259,2216,117475,1720
2021-07-29,San Benito,069,59416,6272,6251,114,6365,63
2021-07-29,San Bernardino,071,2135413,304288,300726,9378,310104,5240
2021-07-29,San Diego,073,3302833,299858,295054,17229,312283,3798
2021-07-29,San Francisco,075,870044,41967,40412,1548,41960,562
2021-07-29,San Joaquin,077,732212,77790,76575,3879,80454,1443
2021-07-29,San Luis Obispo,079,281455,22377,21922,806,22728,260
2021-07-29,San Mateo,081,765935,45335,44622,589,45211,548
2021-07-29,Santa Barbara,083,443738,35981,35531,1200,36731,467
2021-07-29,Santa Clara,085,1922200,124520,122614,842,123456,2099
2021-07-29,Santa Cruz,087,273765,16901,16576,815,17391,207
2021-07-29,Shasta,089,179085,13176,12918,1754,14672,212
2021-07-29,Sierra,091,2930,75,68,12,80,0
2021-07-29,Siskiyou,093,43540,2076,1976,428,2404,31
2021-07-29,Solano,095,438530,36200,35340,726,36066,263
2021-07-29,Sonoma,097,501317,33359,32601,388,32989,329
2021-07-29,Stanislaus,099,539301,59407,58586,6272,64858,1035
2021-07-29,Sutter,101,95872,10215,10068,102,10170,127
2021-07-29,Tehama,103,63373,5309,5216,604,5820,66
2021-07-29,Trinity,105,12862,512,354,111,465,3
2021-07-29,Tulare,107,460477,51414,50409,9488,59897,854
2021-07-29,Tuolumne,109,53932,4501,4362,48,4410,64
2021-07-29,Ventura,111,848112,84750,83509,3453,86962,1044
2021-07-29,Yolo,113,214977,15184,14863,403,15266,215
2021-07-29,Yuba,115,75493,6766,6615,143,6758,50
2021-07-28,Alameda,001,1643700,96955,94965,2158,97123,1262
2021-07-28,Alpine,003,1148,90,89,0,89,0
2021-07-28,Amador,005,37829,3930,3870,33,3903,48
2021-07-28,Butte,007,227075,13469,13184,2024,15208,205
2021-07-28,Calaveras,009,45235,2334,2289,15,2304,57
2021-07-28,Colusa,011,21464,2036,2001,350,2351,16
2021-07-28,Contra Costa,013,1133247,77438,75487,1504,76991,832
2021-07-28,Del Norte,015,27424,1668,1545,14,1559,8
2021-07-28,El Dorado,017,186661,11300,10967,880,11847,116
2021-07-28,Fresno,019,978130,106299,104458,9049,113507,1744
2021-07-28,Glenn,021,27897,2501,2464,583,3047,20
2021-07-28,Humboldt,023,135768,5172,4946,76,5022,52
2021-07-28,Imperial,025,180216,29350,29096,2707,31803,743
2021-07-28,Inyo,027,18085,1454,1439,12,1451,38
2021-07-28,Kern,029,883053,100165,98781,11848,110629,1352
2021-07-28,Kings,031,150075,23935,23503,1160,24663,248
2021-07-28,Lake,033,64148,4360,4191,15,4206,65
2021-07-28,Lassen,035,31185,5347,5318,118,5436,21
2021-07-28,Los Angeles,037,10098052,1265005,1245485,44546,1290031,24673
2021-07-28,Madera,039,155013,17348,17024,1008,18032,245
2021-07-28,Marin,041,260295,15011,14652,290,14942,239
2021-07-28,Mariposa,043,17540,479,469,11,480,5
2021-07-28,Mendocino,045,87422,4554,4377,93,4470,49
2021-07-28,Merced,047,269075,32106,31886,1095,32981,474
2021-07-28,Modoc,049,8938,420,413,147,560,5
2021-07-28,Mono,051,14174,1300,1286,18,1304,3
2021-07-28,Monterey,053,433212,43971,43668,1955,45623,524
2021-07-28,Napa,055,140530,10491,10376,46,10422,82
2021-07-28,Nevada,057,99092,5663,5320,204,5524,72
2021-07-28,Orange,059,3164182,266916,262735,12095,274830,5143
2021-07-28,Placer,061,380077,25732,24978,1883,26861,306
2021-07-28,Plumas,063,18699,763,754,14,768,5
2021-07-28,Riverside,065,2383286,305654,299611,14505,314116,4554
2021-07-28,Sacramento,067,1510023,117061,114665,2197,116862,1714
2021-07-28,San Benito,069,59416,6261,6236,114,6350,63
2021-07-28,San Bernardino,071,2135413,303666,300121,9366,309487,5236
2021-07-28,San Diego,073,3302833,298584,294176,17156,311332,3798
2021-07-28,San Francisco,075,870044,41663,40144,1522,41666,561
2021-07-28,San Joaquin,077,732212,77539,76312,3849,80161,1443
2021-07-28,San Luis Obispo,079,281455,22318,21865,805,22670,260
2021-07-28,San Mateo,081,765935,45184,44477,580,45057,547
2021-07-28,Santa Barbara,083,443738,35906,35431,1195,36626,467
2021-07-28,Santa Clara,085,1922200,124258,122345,840,123185,2099
2021-07-28,Santa Cruz,087,273765,16863,16551,814,17365,207
2021-07-28,Shasta,089,179085,13131,12882,1744,14626,212
2021-07-28,Sierra,091,2930,71,67,12,79,0
2021-07-28,Siskiyou,093,43540,2067,1971,425,2396,31
2021-07-28,Solano,095,438530,36026,35204,719,35923,262
2021-07-28,Sonoma,097,501317,33215,32434,385,32819,328
2021-07-28,Stanislaus,099,539301,59210,58427,6256,64683,1035
2021-07-28,Sutter,101,95872,10183,10033,101,10134,126
2021-07-28,Tehama,103,63373,5297,5209,601,5810,66
2021-07-28,Trinity,105,12862,511,352,111,463,3
2021-07-28,Tulare,107,460477,51326,50363,9441,59804,854
2021-07-28,Tuolumne,109,53932,4462,4313,48,4361,64
2021-07-28,Ventura,111,848112,84554,83360,3437,86797,1043
2021-07-28,Yolo,113,214977,15112,14801,394,15195,215
2021-07-28,Yuba,115,75493,6733,6591,142,6733,51
2021-07-27,Alameda,001,1643700,96554,94682,2150,96832,1256
2021-07-27,Alpine,003,1148,90,89,0,89,0
2021-07-27,Amador,005,37829,3914,3861,33,3894,48
2021-07-27,Butte,007,227075,13421,13127,2013,15140,205
2021-07-27,Calaveras,009,45235,2323,2280,15,2295,57
2021-07-27,Colusa,011,21464,2027,1999,349,2348,16
2021-07-27,Contra Costa,013,1133247,76953,75227,1500,76727,830
2021-07-27,Del Norte,015,27424,1648,1538,14,1552,8
2021-07-27,El Dorado,017,186661,11240,10941,870,11811,116
2021-07-27,Fresno,019,978130,106007,104288,9026,113314,1746
2021-07-27,Glenn,021,27897,2493,2460,581,3041,20
2021-07-27,Humboldt,023,135768,5118,4925,75,5000,52
2021-07-27,Imperial,025,180216,29305,29048,2706,31754,743
2021-07-27,Inyo,027,18085,1452,1430,12,1442,38
2021-07-27,Kern,029,883053,99995,98724,11792,110516,1352
2021-07-27,Kings,031,150075,23878,23463,1150,24613,248
2021-07-27,Lake,033,64148,4321,4157,15,4172,65
2021-07-27,Lassen,035,31185,5341,5315,118,5433,21
2021-07-27,Los Angeles,037,10098052,1261537,1243336,44341,1287677,24658
2021-07-27,Madera,039,155013,17295,16998,1002,18000,245
2021-07-27,Marin,041,260295,14963,14631,287,14918,239
2021-07-27,Mariposa,043,17540,476,468,11,479,5
2021-07-27,Mendocino,045,87422,4531,4371,93,4464,49
2021-07-27,Merced,047,269075,32039,31825,1092,32917,473
2021-07-27,Modoc,049,8938,419,413,147,560,5
2021-07-27,Mono,051,14174,1296,1288,18,1306,3
2021-07-27,Monterey,053,433212,43931,43646,1944,45590,523
2021-07-27,Napa,055,140530,10461,10354,46,10400,82
2021-07-27,Nevada,057,99092,5586,5305,202,5507,72
2021-07-27,Orange,059,3164182,266175,262193,12069,274262,5143
2021-07-27,Placer,061,380077,25573,24916,1857,26773,306
2021-07-27,Plumas,063,18699,760,752,14,766,5
2021-07-27,Riverside,065,2383286,304925,299160,14486,313646,4554
2021-07-27,Sacramento,067,1510023,116458,114413,2188,116601,1710
2021-07-27,San Benito,069,59416,6252,6229,114,6343,63
2021-07-27,San Bernardino,071,2135413,302983,299593,9344,308937,5236
2021-07-27,San Diego,073,3302833,297495,293408,17077,310485,3798
2021-07-27,San Francisco,075,870044,41307,39939,1504,41443,561
2021-07-27,San Joaquin,077,732212,77277,76166,3830,79996,1442
2021-07-27,San Luis Obispo,079,281455,22263,21803,796,22599,260
2021-07-27,San Mateo,081,765935,45033,44378,577,44955,547
2021-07-27,Santa Barbara,083,443738,35811,35355,1193,36548,467
2021-07-27,Santa Clara,085,1922200,123964,122154,838,122992,2099
2021-07-27,Santa Cruz,087,273765,16817,16523,813,17336,207
2021-07-27,Shasta,089,179085,13081,12846,1731,14577,212
2021-07-27,Sierra,091,2930,71,65,12,77,0
2021-07-27,Siskiyou,093,43540,2062,1964,422,2386,31
2021-07-27,Solano,095,438530,35894,35093,709,35802,261
2021-07-27,Sonoma,097,501317,33071,32367,383,32750,328
2021-07-27,Stanislaus,099,539301,59042,58333,6228,64561,1033
2021-07-27,Sutter,101,95872,10142,9998,101,10099,115
2021-07-27,Tehama,103,63373,5275,5192,599,5791,66
2021-07-27,Trinity,105,12862,510,351,111,462,3
2021-07-27,Tulare,107,460477,51260,50324,9410,59734,854
2021-07-27,Tuolumne,109,53932,4410,4282,48,4330,64
2021-07-27,Ventura,111,848112,84346,83189,3425,86614,1043
2021-07-27,Yolo,113,214977,15039,14759,388,15147,215
2021-07-27,Yuba,115,75493,6711,6564,140,6704,51
2021-07-26,Alameda,001,1643700,96109,94436,2146,96582,1259
2021-07-26,Alpine,003,1148,90,89,0,89,0
2021-07-26,Amador,005,37829,3904,3854,33,3887,48
2021-07-26,Butte,007,227075,13366,13082,2002,15084,203
2021-07-26,Calaveras,009,45235,2317,2276,15,2291,57
2021-07-26,Colusa,011,21464,2020,1996,347,2343,16
2021-07-26,Contra Costa,013,1133247,76456,74854,1493,76347,830
2021-07-26,Del Norte,015,27424,1627,1530,14,1544,8
2021-07-26,El Dorado,017,186661,11176,10899,867,11766,116
2021-07-26,Fresno,019,978130,105803,104143,9003,113146,1742
2021-07-26,Glenn,021,27897,2491,2461,580,3041,20
2021-07-26,Humboldt,023,135768,5079,4906,73,4979,52
2021-07-26,Imperial,025,180216,29265,29034,2706,31740,743
2021-07-26,Inyo,027,18085,1447,1429,12,1441,38
2021-07-26,Kern,029,883053,99829,98633,11727,110360,1351
2021-07-26,Kings,031,150075,23829,23426,1146,24572,247
2021-07-26,Lake,033,64148,4300,4133,15,4148,65
2021-07-26,Lassen,035,31185,5337,5314,118,5432,21
2021-07-26,Los Angeles,037,10098052,1258189,1241527,44170,1285697,24647
2021-07-26,Madera,039,155013,17267,16971,995,17966,245
2021-07-26,Marin,041,260295,14906,14579,286,14865,239
2021-07-26,Mariposa,043,17540,475,467,11,478,5
2021-07-26,Mendocino,045,87422,4510,4354,93,4447,49
2021-07-26,Merced,047,269075,31948,31774,1088,32862,473
2021-07-26,Modoc,049,8938,419,413,147,560,5
2021-07-26,Mono,051,14174,1295,1286,18,1304,3
2021-07-26,Monterey,053,433212,43888,43595,1932,45527,521
2021-07-26,Napa,055,140530,10438,10332,46,10378,82
2021-07-26,Nevada,057,99092,5500,5280,202,5482,72
2021-07-26,Orange,059,3164182,265537,261803,12049,273852,5142
2021-07-26,Placer,061,380077,25436,24842,1836,26678,304
2021-07-26,Plumas,063,18699,756,750,14,764,5
2021-07-26,Riverside,065,2383286,304233,298626,14472,313098,4553
2021-07-26,Sacramento,067,1510023,115858,113986,2172,116158,1705
2021-07-26,San Benito,069,59416,6246,6222,114,6336,63
2021-07-26,San Bernardino,071,2135413,302368,299238,9331,308569,5237
2021-07-26,San Diego,073,3302833,296387,292688,16995,309683,3793
2021-07-26,San Francisco,075,870044,40945,39800,1478,41278,561
2021-07-26,San Joaquin,077,732212,77042,76033,3826,79859,1440
2021-07-26,San Luis Obispo,079,281455,22214,21752,793,22545,260
2021-07-26,San Mateo,081,765935,44885,44297,569,44866,547
2021-07-26,Santa Barbara,083,443738,35738,35311,1181,36492,467
2021-07-26,Santa Clara,085,1922200,123655,121978,829,122807,2099
2021-07-26,Santa Cruz,087,273765,16777,16493,810,17303,207
2021-07-26,Shasta,089,179085,13032,12819,1720,14539,211
2021-07-26,Sierra,091,2930,70,65,12,77,0
2021-07-26,Siskiyou,093,43540,2059,1962,420,2382,31
2021-07-26,Solano,095,438530,35739,34990,702,35692,259
2021-07-26,Sonoma,097,501317,32935,32283,381,32664,328
2021-07-26,Stanislaus,099,539301,58897,58219,6209,64428,1033
2021-07-26,Sutter,101,95872,10102,9963,98,10061,115
2021-07-26,Tehama,103,63373,5265,5183,595,5778,66
2021-07-26,Trinity,105,12862,510,351,110,461,3
2021-07-26,Tulare,107,460477,51194,50265,9381,59646,854
2021-07-26,Tuolumne,109,53932,4380,4271,47,4318,64
2021-07-26,Ventura,111,848112,84173,83072,3410,86482,1041
2021-07-26,Yolo,113,214977,14978,14727,376,15103,215
2021-07-26,Yuba,115,75493,6677,6538,138,6676,51
2021-07-25,Alameda,001,1643700,95621,94146,2141,96287,1259
2021-07-25,Alpine,003,1148,88,89,0,89,0
2021-07-25,Amador,005,37829,3889,3848,33,3881,48
2021-07-25,Butte,007,227075,13327,13074,1992,15066,203
2021-07-25,Calaveras,009,45235,2306,2275,15,2290,57
2021-07-25,Colusa,011,21464,2011,1996,343,2339,16
2021-07-25,Contra Costa,013,1133247,75972,74634,1479,76113,830
2021-07-25,Del Norte,015,27424,1606,1526,14,1540,8
2021-07-25,El Dorado,017,186661,11119,10878,863,11741,116
2021-07-25,Fresno,019,978130,105562,104019,8987,113006,1742
2021-07-25,Glenn,021,27897,2482,2461,578,3039,20
2021-07-25,Humboldt,023,135768,5020,4892,72,4964,52
2021-07-25,Imperial,025,180216,29229,29037,2706,31743,743
2021-07-25,Inyo,027,18085,1442,1427,12,1439,38
2021-07-25,Kern,029,883053,99657,98503,11656,110159,1351
2021-07-25,Kings,031,150075,23775,23396,1142,24538,247
2021-07-25,Lake,033,64148,4247,4109,14,4123,65
2021-07-25,Lassen,035,31185,5332,5314,118,5432,21
2021-07-25,Los Angeles,037,10098052,1254769,1239596,43977,1283573,24643
2021-07-25,Madera,039,155013,17230,16947,987,17934,245
2021-07-25,Marin,041,260295,14856,14558,283,14841,239
2021-07-25,Mariposa,043,17540,472,465,11,476,5
2021-07-25,Mendocino,045,87422,4481,4335,91,4426,49
2021-07-25,Merced,047,269075,31875,31760,1086,32846,473
2021-07-25,Modoc,049,8938,419,413,147,560,5
2021-07-25,Mono,051,14174,1292,1286,18,1304,3
2021-07-25,Monterey,053,433212,43850,43590,1924,45514,521
2021-07-25,Napa,055,140530,10402,10316,45,10361,82
2021-07-25,Nevada,057,99092,5435,5256,199,5455,72
2021-07-25,Orange,059,3164182,264829,261351,12026,273377,5142
2021-07-25,Placer,061,380077,25314,24755,1815,26570,304
2021-07-25,Plumas,063,18699,754,750,14,764,5
2021-07-25,Riverside,065,2383286,303469,298181,14455,312636,4553
2021-07-25,Sacramento,067,1510023,115308,113611,2157,115768,1704
2021-07-25,San Benito,069,59416,6239,6217,114,6331,63
2021-07-25,San Bernardino,071,2135413,301709,298982,9324,308306,5237
2021-07-25,San Diego,073,3302833,295325,290626,16921,307547,3793
2021-07-25,San Francisco,075,870044,40595,39663,1453,41116,561
2021-07-25,San Joaquin,077,732212,76785,75926,3807,79733,1440
2021-07-25,San Luis Obispo,079,281455,22141,21741,790,22531,260
2021-07-25,San Mateo,081,765935,44723,44189,563,44752,547
2021-07-25,Santa Barbara,083,443738,35658,35261,1178,36439,467
2021-07-25,Santa Clara,085,1922200,123325,121800,824,122624,2099
2021-07-25,Santa Cruz,087,273765,16730,16474,809,17283,207
2021-07-25,Shasta,089,179085,12985,12815,1715,14530,211
2021-07-25,Sierra,091,2930,70,65,12,77,0
2021-07-25,Siskiyou,093,43540,2051,1963,417,2380,31
2021-07-25,Solano,095,438530,35547,34863,699,35562,259
2021-07-25,Sonoma,097,501317,32810,32202,378,32580,328
2021-07-25,Stanislaus,099,539301,58731,58154,6204,64358,1033
2021-07-25,Sutter,101,95872,10049,9937,96,10033,115
2021-07-25,Tehama,103,63373,5249,5181,594,5775,66
2021-07-25,Trinity,105,12862,508,351,108,459,3
2021-07-25,Tulare,107,460477,51119,50221,9343,59564,854
2021-07-25,Tuolumne,109,53932,4329,4267,47,4314,64
2021-07-25,Ventura,111,848112,83959,82986,3387,86373,1041
2021-07-25,Yolo,113,214977,14917,14693,362,15055,215
2021-07-25,Yuba,115,75493,6644,6519,138,6657,51
2021-07-24,Alameda,001,1643700,95340,93170,2137,95307,1259
2021-07-24,Alpine,003,1148,88,89,0,89,0
2021-07-24,Amador,005,37829,3880,3816,33,3849,48
2021-07-24,Butte,007,227075,13298,12982,1990,14972,203
2021-07-24,Calaveras,009,45235,2301,2267,15,2282,57
2021-07-24,Colusa,011,21464,2010,1992,341,2333,16
2021-07-24,Contra Costa,013,1133247,75744,73682,1476,75158,830
2021-07-24,Del Norte,015,27424,1595,1497,14,1511,8
2021-07-24,El Dorado,017,186661,11085,10773,860,11633,116
2021-07-24,Fresno,019,978130,105444,103637,8977,112614,1736
2021-07-24,Glenn,021,27897,2480,2457,578,3035,20
2021-07-24,Humboldt,023,135768,4985,4780,71,4851,52
2021-07-24,Imperial,025,180216,29209,28996,2706,31702,742
2021-07-24,Inyo,027,18085,1439,1424,12,1436,38
2021-07-24,Kern,029,883053,99579,98261,11634,109895,1350
2021-07-24,Kings,031,150075,23744,23304,1139,24443,246
2021-07-24,Lake,033,64148,4224,3963,14,3977,64
2021-07-24,Lassen,035,31185,5331,5311,118,5429,21
2021-07-24,Los Angeles,037,10098052,1252992,1232164,43850,1276014,24623
2021-07-24,Madera,039,155013,17206,16885,985,17870,245
2021-07-24,Marin,041,260295,14817,14454,283,14737,238
2021-07-24,Mariposa,043,17540,472,453,11,464,5
2021-07-24,Mendocino,045,87422,4456,4293,91,4384,49
2021-07-24,Merced,047,269075,31853,31661,1085,32746,473
2021-07-24,Modoc,049,8938,419,413,147,560,5
2021-07-24,Mono,051,14174,1290,1284,18,1302,3
2021-07-24,Monterey,053,433212,43825,43525,1917,45442,521
2021-07-24,Napa,055,140530,10386,10230,45,10275,81
2021-07-24,Nevada,057,99092,5403,5183,199,5382,72
2021-07-24,Orange,059,3164182,264363,259973,12014,271987,5141
2021-07-24,Placer,061,380077,25232,24530,1810,26340,303
2021-07-24,Plumas,063,18699,753,737,14,751,4
2021-07-24,Riverside,065,2383286,303001,296912,14445,311357,4552
2021-07-24,Sacramento,067,1510023,114993,112438,2153,114591,1698
2021-07-24,San Benito,069,59416,6235,6200,113,6313,63
2021-07-24,San Bernardino,071,2135413,301318,297899,9315,307214,5236
2021-07-24,San Diego,073,3302833,294859,289368,16893,306261,3788
2021-07-24,San Francisco,075,870044,40422,38954,1437,40391,561
2021-07-24,San Joaquin,077,732212,76657,75461,3796,79257,1436
2021-07-24,San Luis Obispo,079,281455,22110,21616,788,22404,260
2021-07-24,San Mateo,081,765935,44606,43880,557,44437,542
2021-07-24,Santa Barbara,083,443738,35599,35071,1174,36245,465
2021-07-24,Santa Clara,085,1922200,123113,121092,823,121915,2099
2021-07-24,Santa Cruz,087,273765,16707,16416,809,17225,207
2021-07-24,Shasta,089,179085,12957,12759,1712,14471,211
2021-07-24,Sierra,091,2930,69,64,12,76,0
2021-07-24,Siskiyou,093,43540,2051,1951,417,2368,31
2021-07-24,Solano,095,438530,35455,34499,690,35189,259
2021-07-24,Sonoma,097,501317,32685,31928,376,32304,327
2021-07-24,Stanislaus,099,539301,58639,57879,6194,64073,1030
2021-07-24,Sutter,101,95872,10022,9890,96,9986,115
2021-07-24,Tehama,103,63373,5242,5166,592,5758,65
2021-07-24,Trinity,105,12862,508,345,108,453,3
2021-07-24,Tulare,107,460477,51076,50104,9326,59430,854
2021-07-24,Tuolumne,109,53932,4303,4216,47,4263,64
2021-07-24,Ventura,111,848112,83832,82687,3371,86058,1041
2021-07-24,Yolo,113,214977,14879,14557,358,14915,214
2021-07-24,Yuba,115,75493,6625,6449,138,6587,51
2021-07-23,Alameda,001,1643700,95087,93170,2133,95303,1259
2021-07-23,Alpine,003,1148,88,89,0,89,0
2021-07-23,Amador,005,37829,3873,3816,33,3849,48
2021-07-23,Butte,007,227075,13269,12982,1982,14964,203
2021-07-23,Calaveras,009,45235,2291,2267,15,2282,57
2021-07-23,Colusa,011,21464,2009,1992,341,2333,16
2021-07-23,Contra Costa,013,1133247,75484,73682,1467,75149,830
2021-07-23,Del Norte,015,27424,1587,1497,14,1511,8
2021-07-23,El Dorado,017,186661,11056,10773,856,11629,116
2021-07-23,Fresno,019,978130,105312,103637,8967,112604,1736
2021-07-23,Glenn,021,27897,2478,2457,575,3032,20
2021-07-23,Humboldt,023,135768,4963,4780,68,4848,52
2021-07-23,Imperial,025,180216,29197,28996,2706,31702,742
2021-07-23,Inyo,027,18085,1436,1424,12,1436,38
2021-07-23,Kern,029,883053,99497,98261,11609,109870,1350
2021-07-23,Kings,031,150075,23713,23304,1136,24440,246
2021-07-23,Lake,033,64148,4195,3963,14,3977,64
2021-07-23,Lassen,035,31185,5329,5311,118,5429,21
2021-07-23,Los Angeles,037,10098052,1251049,1232164,43742,1275906,24623
2021-07-23,Madera,039,155013,17176,16885,980,17865,245
2021-07-23,Marin,041,260295,14780,14454,281,14735,238
2021-07-23,Mariposa,043,17540,469,453,11,464,5
2021-07-23,Mendocino,045,87422,4443,4293,91,4384,49
2021-07-23,Merced,047,269075,31828,31661,1085,32746,473
2021-07-23,Modoc,049,8938,419,413,147,560,5
2021-07-23,Mono,051,14174,1289,1284,18,1302,3
2021-07-23,Monterey,053,433212,43799,43525,1917,45442,521
2021-07-23,Napa,055,140530,10365,10230,45,10275,81
2021-07-23,Nevada,057,99092,5359,5183,199,5382,72
2021-07-23,Orange,059,3164182,263914,259973,11991,271964,5141
2021-07-23,Placer,061,380077,25152,24530,1794,26324,303
2021-07-23,Plumas,063,18699,751,737,14,751,4
2021-07-23,Riverside,065,2383286,302535,296912,14433,311345,4552
2021-07-23,Sacramento,067,1510023,114638,112438,2151,114589,1698
2021-07-23,San Benito,069,59416,6229,6200,113,6313,63
2021-07-23,San Bernardino,071,2135413,300936,297899,9306,307205,5236
2021-07-23,San Diego,073,3302833,294251,289368,16845,306213,3788
2021-07-23,San Francisco,075,870044,40236,38954,1425,40379,561
2021-07-23,San Joaquin,077,732212,76553,75461,3781,79242,1436
2021-07-23,San Luis Obispo,079,281455,22071,21616,788,22404,260
2021-07-23,San Mateo,081,765935,44502,43880,553,44433,542
2021-07-23,Santa Barbara,083,443738,35534,35071,1173,36244,465
2021-07-23,Santa Clara,085,1922200,122894,121092,820,121912,2099
2021-07-23,Santa Cruz,087,273765,16682,16416,809,17225,207
2021-07-23,Shasta,089,179085,12930,12759,1709,14468,211
2021-07-23,Sierra,091,2930,69,64,12,76,0
2021-07-23,Siskiyou,093,43540,2049,1951,417,2368,31
2021-07-23,Solano,095,438530,35363,34499,686,35185,259
2021-07-23,Sonoma,097,501317,32590,31928,375,32303,327
2021-07-23,Stanislaus,099,539301,58563,57879,6185,64064,1030
2021-07-23,Sutter,101,95872,9993,9890,96,9986,115
2021-07-23,Tehama,103,63373,5233,5166,592,5758,65
2021-07-23,Trinity,105,12862,507,345,107,452,3
2021-07-23,Tulare,107,460477,51030,50104,9305,59409,854
2021-07-23,Tuolumne,109,53932,4281,4216,47,4263,64
2021-07-23,Ventura,111,848112,83670,82687,3353,86040,1041
2021-07-23,Yolo,113,214977,14843,14557,351,14908,214
2021-07-23,Yuba,115,75493,6599,6449,137,6586,51
2021-07-22,Alameda,001,1643700,94735,93170,2128,95298,1259
2021-07-22,Alpine,003,1148,88,89,0,89,0
2021-07-22,Amador,005,37829,3864,3816,33,3849,48
2021-07-22,Butte,007,227075,13235,12982,1973,14955,203
2021-07-22,Calaveras,009,45235,2281,2267,15,2282,57
2021-07-22,Colusa,011,21464,2007,1992,338,2330,16
2021-07-22,Contra Costa,013,1133247,75145,73682,1462,75144,830
2021-07-22,Del Norte,015,27424,1570,1497,14,1511,8
2021-07-22,El Dorado,017,186661,11020,10773,848,11621,116
2021-07-22,Fresno,019,978130,105183,103637,8957,112594,1736
2021-07-22,Glenn,021,27897,2474,2457,575,3032,20
2021-07-22,Humboldt,023,135768,4932,4780,66,4846,52
2021-07-22,Imperial,025,180216,29167,28996,2706,31702,742
2021-07-22,Inyo,027,18085,1434,1424,12,1436,38
2021-07-22,Kern,029,883053,99382,98261,11568,109829,1350
2021-07-22,Kings,031,150075,23674,23304,1134,24438,246
2021-07-22,Lake,033,64148,4144,3963,14,3977,64
2021-07-22,Lassen,035,31185,5326,5311,118,5429,21
2021-07-22,Los Angeles,037,10098052,1248610,1232164,43566,1275730,24623
2021-07-22,Madera,039,155013,17141,16885,978,17863,245
2021-07-22,Marin,041,260295,14739,14454,280,14734,238
2021-07-22,Mariposa,043,17540,462,453,11,464,5
2021-07-22,Mendocino,045,87422,4430,4293,90,4383,49
2021-07-22,Merced,047,269075,31786,31661,1084,32745,473
2021-07-22,Modoc,049,8938,419,413,147,560,5
2021-07-22,Mono,051,14174,1288,1284,18,1302,3
2021-07-22,Monterey,053,433212,43771,43525,1911,45436,521
2021-07-22,Napa,055,140530,10347,10230,45,10275,81
2021-07-22,Nevada,057,99092,5333,5183,198,5381,72
2021-07-22,Orange,059,3164182,263361,259973,11982,271955,5141
2021-07-22,Placer,061,380077,25058,24530,1783,26313,303
2021-07-22,Plumas,063,18699,750,737,14,751,4
2021-07-22,Riverside,065,2383286,302027,296912,14412,311324,4552
2021-07-22,Sacramento,067,1510023,114201,112438,2142,114580,1698
2021-07-22,San Benito,069,59416,6222,6200,113,6313,63
2021-07-22,San Bernardino,071,2135413,300533,297899,9291,307190,5236
2021-07-22,San Diego,073,3302833,293522,289368,16785,306153,3788
2021-07-22,San Francisco,075,870044,40023,38954,1413,40367,561
2021-07-22,San Joaquin,077,732212,76410,75461,3769,79230,1436
2021-07-22,San Luis Obispo,079,281455,22033,21616,784,22400,260
2021-07-22,San Mateo,081,765935,44390,43880,548,44428,542
2021-07-22,Santa Barbara,083,443738,35468,35071,1171,36242,465
2021-07-22,Santa Clara,085,1922200,122653,121092,817,121909,2099
2021-07-22,Santa Cruz,087,273765,16645,16416,808,17224,207
2021-07-22,Shasta,089,179085,12906,12759,1705,14464,211
2021-07-22,Sierra,091,2930,67,64,12,76,0
2021-07-22,Siskiyou,093,43540,2046,1951,417,2368,31
2021-07-22,Solano,095,438530,35217,34499,679,35178,259
2021-07-22,Sonoma,097,501317,32480,31928,373,32301,327
2021-07-22,Stanislaus,099,539301,58435,57879,6173,64052,1030
2021-07-22,Sutter,101,95872,9972,9890,96,9986,115
2021-07-22,Tehama,103,63373,5227,5166,592,5758,65
2021-07-22,Trinity,105,12862,507,345,107,452,3
2021-07-22,Tulare,107,460477,50987,50104,9277,59381,854
2021-07-22,Tuolumne,109,53932,4269,4216,47,4263,64
2021-07-22,Ventura,111,848112,83536,82687,3340,86027,1041
2021-07-22,Yolo,113,214977,14805,14557,351,14908,214
2021-07-22,Yuba,115,75493,6568,6449,134,6583,51
2021-07-21,Alameda,001,1643700,94415,92840,2125,94965,1256
2021-07-21,Alpine,003,1148,88,89,0,89,0
2021-07-21,Amador,005,37829,3851,3813,33,3846,48
2021-07-21,Butte,007,227075,13194,12939,1968,14907,203
2021-07-21,Calaveras,009,45235,2277,2257,15,2272,57
2021-07-21,Colusa,011,21464,2003,1988,337,2325,16
2021-07-21,Contra Costa,013,1133247,74881,73320,1453,74773,827
2021-07-21,Del Norte,015,27424,1560,1492,14,1506,8
2021-07-21,El Dorado,017,186661,10983,10742,844,11586,116
2021-07-21,Fresno,019,978130,105034,103504,8948,112452,1736
2021-07-21,Glenn,021,27897,2472,2455,574,3029,20
2021-07-21,Humboldt,023,135768,4900,4763,64,4827,52
2021-07-21,Imperial,025,180216,29155,28964,2703,31667,742
2021-07-21,Inyo,027,18085,1434,1423,12,1435,38
2021-07-21,Kern,029,883053,99264,98152,11527,109679,1350
2021-07-21,Kings,031,150075,23646,23270,1130,24400,246
2021-07-21,Lake,033,64148,4078,3896,14,3910,64
2021-07-21,Lassen,035,31185,5323,5310,118,5428,21
2021-07-21,Los Angeles,037,10098052,1246098,1229598,43428,1273026,24609
2021-07-21,Madera,039,155013,17117,16858,976,17834,245
2021-07-21,Marin,041,260295,14690,14427,280,14707,238
2021-07-21,Mariposa,043,17540,458,449,11,460,5
2021-07-21,Mendocino,045,87422,4412,4274,90,4364,49
2021-07-21,Merced,047,269075,31747,31607,1080,32687,473
2021-07-21,Modoc,049,8938,419,413,147,560,5
2021-07-21,Mono,051,14174,1285,1282,18,1300,3
2021-07-21,Monterey,053,433212,43741,43502,1908,45410,515
2021-07-21,Napa,055,140530,10321,10209,45,10254,81
2021-07-21,Nevada,057,99092,5298,5152,198,5350,72
2021-07-21,Orange,059,3164182,262807,259615,11952,271567,5139
2021-07-21,Placer,061,380077,24949,24441,1772,26213,303
2021-07-21,Plumas,063,18699,750,736,14,750,4
2021-07-21,Riverside,065,2383286,301514,296419,14395,310814,4552
2021-07-21,Sacramento,067,1510023,113778,112043,2131,114174,1696
2021-07-21,San Benito,069,59416,6212,6196,113,6309,63
2021-07-21,San Bernardino,071,2135413,300077,297519,9283,306802,5230
2021-07-21,San Diego,073,3302833,292672,288682,16722,305404,3787
2021-07-21,San Francisco,075,870044,39798,38699,1408,40107,559
2021-07-21,San Joaquin,077,732212,76221,75288,3757,79045,1434
2021-07-21,San Luis Obispo,079,281455,21996,21579,781,22360,260
2021-07-21,San Mateo,081,765935,44298,43755,544,44299,542
2021-07-21,Santa Barbara,083,443738,35409,34998,1155,36153,465
2021-07-21,Santa Clara,085,1922200,122444,120838,815,121653,2099
2021-07-21,Santa Cruz,087,273765,16611,16407,808,17215,207
2021-07-21,Shasta,089,179085,12873,12751,1702,14453,211
2021-07-21,Sierra,091,2930,67,64,12,76,0
2021-07-21,Siskiyou,093,43540,2044,1943,415,2358,31
2021-07-21,Solano,095,438530,35059,34374,674,35048,258
2021-07-21,Sonoma,097,501317,32364,31789,373,32162,327
2021-07-21,Stanislaus,099,539301,58333,57774,6163,63937,1028
2021-07-21,Sutter,101,95872,9948,9862,96,9958,113
2021-07-21,Tehama,103,63373,5223,5161,592,5753,65
2021-07-21,Trinity,105,12862,505,345,106,451,3
2021-07-21,Tulare,107,460477,50928,50066,9252,59318,854
2021-07-21,Tuolumne,109,53932,4232,4156,47,4203,64
2021-07-21,Ventura,111,848112,83414,82573,3328,85901,1041
2021-07-21,Yolo,113,214977,14764,14525,350,14875,213
2021-07-21,Yuba,115,75493,6540,6425,134,6559,52
2021-07-20,Alameda,001,1643700,94045,92625,2111,94736,1256
2021-07-20,Alpine,003,1148,88,89,0,89,0
2021-07-20,Amador,005,37829,3840,3807,33,3840,48
2021-07-20,Butte,007,227075,13157,12916,1962,14878,203
2021-07-20,Calaveras,009,45235,2274,2249,15,2264,57
2021-07-20,Colusa,011,21464,2003,1985,337,2322,16
2021-07-20,Contra Costa,013,1133247,74596,73143,1435,74578,825
2021-07-20,Del Norte,015,27424,1550,1490,14,1504,8
2021-07-20,El Dorado,017,186661,10943,10727,840,11567,116
2021-07-20,Fresno,019,978130,104899,103438,8929,112367,1736
2021-07-20,Glenn,021,27897,2472,2453,574,3027,20
2021-07-20,Humboldt,023,135768,4855,4735,62,4797,52
2021-07-20,Imperial,025,180216,29135,28933,2703,31636,742
2021-07-20,Inyo,027,18085,1430,1420,12,1432,36
2021-07-20,Kern,029,883053,99150,98082,11499,109581,1350
2021-07-20,Kings,031,150075,23605,23254,1125,24379,246
2021-07-20,Lake,033,64148,4053,3871,14,3885,64
2021-07-20,Lassen,035,31185,5323,5306,118,5424,21
2021-07-20,Los Angeles,037,10098052,1243302,1227404,43263,1270667,24603
2021-07-20,Madera,039,155013,17096,16856,972,17828,245
2021-07-20,Marin,041,260295,14654,14396,277,14673,234
2021-07-20,Mariposa,043,17540,456,448,11,459,5
2021-07-20,Mendocino,045,87422,4395,4259,90,4349,49
2021-07-20,Merced,047,269075,31708,31578,1073,32651,473
2021-07-20,Modoc,049,8938,419,413,147,560,5
2021-07-20,Mono,051,14174,1281,1281,18,1299,3
2021-07-20,Monterey,053,433212,43710,43481,1905,45386,515
2021-07-20,Napa,055,140530,10298,10191,45,10236,81
2021-07-20,Nevada,057,99092,5279,5148,197,5345,72
2021-07-20,Orange,059,3164182,262250,259303,11922,271225,5139
2021-07-20,Placer,061,380077,24858,24408,1750,26158,303
2021-07-20,Plumas,063,18699,748,736,14,750,4
2021-07-20,Riverside,065,2383286,300979,296118,14381,310499,4543
2021-07-20,Sacramento,067,1510023,113337,111796,2101,113897,1695
2021-07-20,San Benito,069,59416,6205,6196,113,6309,63
2021-07-20,San Bernardino,071,2135413,299668,297222,9258,306480,5231
2021-07-20,San Diego,073,3302833,291746,288209,16626,304835,3786
2021-07-20,San Francisco,075,870044,39539,38536,1398,39934,558
2021-07-20,San Joaquin,077,732212,76049,75198,3744,78942,1433
2021-07-20,San Luis Obispo,079,281455,21950,21556,780,22336,259
2021-07-20,San Mateo,081,765935,44179,43670,542,44212,542
2021-07-20,Santa Barbara,083,443738,35339,34935,1149,36084,462
2021-07-20,Santa Clara,085,1922200,122187,120704,813,121517,2098
2021-07-20,Santa Cruz,087,273765,16582,16399,808,17207,207
2021-07-20,Shasta,089,179085,12847,12734,1698,14432,211
2021-07-20,Sierra,091,2930,67,64,12,76,0
2021-07-20,Siskiyou,093,43540,2040,1931,414,2345,31
2021-07-20,Solano,095,438530,34924,34337,667,35004,258
2021-07-20,Sonoma,097,501317,32245,31763,372,32135,326
2021-07-20,Stanislaus,099,539301,58218,57706,6158,63864,1028
2021-07-20,Sutter,101,95872,9921,9854,93,9947,114
2021-07-20,Tehama,103,63373,5221,5153,592,5745,65
2021-07-20,Trinity,105,12862,503,344,105,449,3
2021-07-20,Tulare,107,460477,50886,50047,9235,59282,854
2021-07-20,Tuolumne,109,53932,4213,4156,47,4203,64
2021-07-20,Ventura,111,848112,83261,82504,3313,85817,1041
2021-07-20,Yolo,113,214977,14699,14495,347,14842,213
2021-07-20,Yuba,115,75493,6515,6393,131,6524,52
2021-07-19,Alameda,001,1643700,93667,92357,2096,94453,1256
2021-07-19,Alpine,003,1148,88,89,0,89,0
2021-07-19,Amador,005,37829,3836,3802,33,3835,48
2021-07-19,Butte,007,227075,13113,12901,1957,14858,202
2021-07-19,Calaveras,009,45235,2270,2245,15,2260,57
2021-07-19,Colusa,011,21464,2001,1981,337,2318,16
2021-07-19,Contra Costa,013,1133247,74284,72935,1415,74350,825
2021-07-19,Del Norte,015,27424,1537,1484,14,1498,8
2021-07-19,El Dorado,017,186661,10913,10703,832,11535,114
2021-07-19,Fresno,019,978130,104769,103350,8916,112266,1731
2021-07-19,Glenn,021,27897,2472,2452,573,3025,20
2021-07-19,Humboldt,023,135768,4825,4719,60,4779,52
2021-07-19,Imperial,025,180216,29108,28888,2702,31590,742
2021-07-19,Inyo,027,18085,1429,1417,12,1429,36
2021-07-19,Kern,029,883053,99036,97999,11466,109465,1349
2021-07-19,Kings,031,150075,23575,23221,1119,24340,246
2021-07-19,Lake,033,64148,4017,3848,14,3862,64
2021-07-19,Lassen,035,31185,5322,5305,118,5423,21
2021-07-19,Los Angeles,037,10098052,1240696,1225946,43077,1269023,24600
2021-07-19,Madera,039,155013,17073,16846,969,17815,244
2021-07-19,Marin,041,260295,14619,14369,274,14643,234
2021-07-19,Mariposa,043,17540,450,447,11,458,5
2021-07-19,Mendocino,045,87422,4377,4251,90,4341,49
2021-07-19,Merced,047,269075,31644,31565,1066,32631,472
2021-07-19,Modoc,049,8938,418,413,147,560,5
2021-07-19,Mono,051,14174,1279,1280,18,1298,3
2021-07-19,Monterey,053,433212,43686,43436,1904,45340,515
2021-07-19,Napa,055,140530,10273,10180,43,10223,81
2021-07-19,Nevada,057,99092,5251,5133,196,5329,72
2021-07-19,Orange,059,3164182,261727,258927,11890,270817,5138
2021-07-19,Placer,061,380077,24759,24359,1728,26087,303
2021-07-19,Plumas,063,18699,748,730,14,744,4
2021-07-19,Riverside,065,2383286,300489,295736,14343,310079,4543
2021-07-19,Sacramento,067,1510023,112973,111470,2075,113545,1696
2021-07-19,San Benito,069,59416,6202,6193,113,6306,63
2021-07-19,San Bernardino,071,2135413,299295,296929,9239,306168,5235
2021-07-19,San Diego,073,3302833,290846,287695,16521,304216,3786
2021-07-19,San Francisco,075,870044,39266,38463,1385,39848,560
2021-07-19,San Joaquin,077,732212,75884,75086,3739,78825,1431
2021-07-19,San Luis Obispo,079,281455,21905,21531,776,22307,259
2021-07-19,San Mateo,081,765935,44037,43563,533,44096,542
2021-07-19,Santa Barbara,083,443738,35267,34904,1147,36051,461
2021-07-19,Santa Clara,085,1922200,121929,120554,812,121366,2098
2021-07-19,Santa Cruz,087,273765,16566,16387,808,17195,207
2021-07-19,Shasta,089,179085,12829,12723,1696,14419,209
2021-07-19,Sierra,091,2930,66,64,12,76,0
2021-07-19,Siskiyou,093,43540,2035,1927,412,2339,31
2021-07-19,Solano,095,438530,34749,34262,656,34918,261
2021-07-19,Sonoma,097,501317,32124,31713,371,32084,325
2021-07-19,Stanislaus,099,539301,58117,57644,6148,63792,1027
2021-07-19,Sutter,101,95872,9905,9834,93,9927,114
2021-07-19,Tehama,103,63373,5215,5152,590,5742,65
2021-07-19,Trinity,105,12862,503,344,104,448,3
2021-07-19,Tulare,107,460477,50839,49994,9219,59213,855
2021-07-19,Tuolumne,109,53932,4203,4151,47,4198,64
2021-07-19,Ventura,111,848112,83165,82409,3291,85700,1041
2021-07-19,Yolo,113,214977,14667,14439,345,14784,213
2021-07-19,Yuba,115,75493,6491,6370,131,6501,52
2021-07-18,Alameda,001,1643700,93306,92162,2084,94246,1256
2021-07-18,Alpine,003,1148,88,89,0,89,0
2021-07-18,Amador,005,37829,3825,3799,33,3832,48
2021-07-18,Butte,007,227075,13071,12888,1952,14840,202
2021-07-18,Calaveras,009,45235,2267,2243,15,2258,57
2021-07-18,Colusa,011,21464,2001,1981,336,2317,16
2021-07-18,Contra Costa,013,1133247,73968,72849,1397,74246,825
2021-07-18,Del Norte,015,27424,1528,1482,14,1496,8
2021-07-18,El Dorado,017,186661,10876,10687,824,11511,114
2021-07-18,Fresno,019,978130,104615,103298,8898,112196,1731
2021-07-18,Glenn,021,27897,2471,2452,572,3024,20
2021-07-18,Humboldt,023,135768,4789,4714,60,4774,52
2021-07-18,Imperial,025,180216,29071,28877,2701,31578,742
2021-07-18,Inyo,027,18085,1425,1417,12,1429,36
2021-07-18,Kern,029,883053,98910,97963,11424,109387,1349
2021-07-18,Kings,031,150075,23554,23203,1115,24318,246
2021-07-18,Lake,033,64148,3981,3825,14,3839,64
2021-07-18,Lassen,035,31185,5322,5305,118,5423,21
2021-07-18,Los Angeles,037,10098052,1238008,1224691,42888,1267579,24598
2021-07-18,Madera,039,155013,17048,16838,965,17803,244
2021-07-18,Marin,041,260295,14583,14358,272,14630,234
2021-07-18,Mariposa,043,17540,449,447,11,458,5
2021-07-18,Mendocino,045,87422,4356,4246,90,4336,49
2021-07-18,Merced,047,269075,31613,31537,1064,32601,471
2021-07-18,Modoc,049,8938,418,413,147,560,5
2021-07-18,Mono,051,14174,1278,1280,18,1298,3
2021-07-18,Monterey,053,433212,43668,43422,1894,45316,515
2021-07-18,Napa,055,140530,10256,10174,40,10214,81
2021-07-18,Nevada,057,99092,5225,5124,196,5320,72
2021-07-18,Orange,059,3164182,261243,258724,11862,270586,5138
2021-07-18,Placer,061,380077,24691,24313,1701,26014,303
2021-07-18,Plumas,063,18699,748,730,14,744,4
2021-07-18,Riverside,065,2383286,299997,295522,14301,309823,4543
2021-07-18,Sacramento,067,1510023,112543,111255,2042,113297,1696
2021-07-18,San Benito,069,59416,6194,6191,113,6304,63
2021-07-18,San Bernardino,071,2135413,298820,296739,9224,305963,5233
2021-07-18,San Diego,073,3302833,290030,286287,16437,302724,3786
2021-07-18,San Francisco,075,870044,39030,38367,1374,39741,560
2021-07-18,San Joaquin,077,732212,75707,74997,3726,78723,1431
2021-07-18,San Luis Obispo,079,281455,21870,21527,773,22300,259
2021-07-18,San Mateo,081,765935,43924,43506,527,44033,542
2021-07-18,Santa Barbara,083,443738,35202,34880,1145,36025,461
2021-07-18,Santa Clara,085,1922200,121715,120438,805,121243,2098
2021-07-18,Santa Cruz,087,273765,16534,16372,807,17179,207
2021-07-18,Shasta,089,179085,12804,12714,1692,14406,209
2021-07-18,Sierra,091,2930,66,64,12,76,0
2021-07-18,Siskiyou,093,43540,2029,1927,407,2334,31
2021-07-18,Solano,095,438530,34621,34215,652,34867,261
2021-07-18,Sonoma,097,501317,32019,31675,370,32045,325
2021-07-18,Stanislaus,099,539301,58006,57600,6123,63723,1028
2021-07-18,Sutter,101,95872,9873,9826,93,9919,114
2021-07-18,Tehama,103,63373,5212,5150,589,5739,65
2021-07-18,Trinity,105,12862,503,344,104,448,3
2021-07-18,Tulare,107,460477,50786,49985,9196,59181,855
2021-07-18,Tuolumne,109,53932,4185,4149,47,4196,64
2021-07-18,Ventura,111,848112,83051,82361,3267,85628,1041
2021-07-18,Yolo,113,214977,14608,14425,339,14764,213
2021-07-18,Yuba,115,75493,6450,6357,131,6488,52
2021-07-17,Alameda,001,1643700,93088,91346,2073,93419,1255
2021-07-17,Alpine,003,1148,88,89,0,89,0
2021-07-17,Amador,005,37829,3816,3785,33,3818,48
2021-07-17,Butte,007,227075,13056,12824,1948,14772,202
2021-07-17,Calaveras,009,45235,2262,2237,15,2252,57
2021-07-17,Colusa,011,21464,1998,1976,336,2312,16
2021-07-17,Contra Costa,013,1133247,73786,72254,1384,73638,824
2021-07-17,Del Norte,015,27424,1520,1475,14,1489,8
2021-07-17,El Dorado,017,186661,10849,10622,820,11442,114
2021-07-17,Fresno,019,978130,104542,103055,8884,111939,1730
2021-07-17,Glenn,021,27897,2470,2451,572,3023,20
2021-07-17,Humboldt,023,135768,4776,4654,59,4713,52
2021-07-17,Imperial,025,180216,29055,28840,2701,31541,742
2021-07-17,Inyo,027,18085,1425,1416,12,1428,36
2021-07-17,Kern,029,883053,98853,97796,11388,109184,1348
2021-07-17,Kings,031,150075,23534,23163,1114,24277,246
2021-07-17,Lake,033,64148,3956,3760,14,3774,64
2021-07-17,Lassen,035,31185,5322,5302,118,5420,21
2021-07-17,Los Angeles,037,10098052,1236471,1219733,42747,1262480,24582
2021-07-17,Madera,039,155013,17040,16804,965,17769,240
2021-07-17,Marin,041,260295,14565,14297,270,14567,234
2021-07-17,Mariposa,043,17540,449,445,11,456,5
2021-07-17,Mendocino,045,87422,4344,4209,90,4299,49
2021-07-17,Merced,047,269075,31592,31451,1060,32511,471
2021-07-17,Modoc,049,8938,418,412,147,559,5
2021-07-17,Mono,051,14174,1276,1277,18,1295,3
2021-07-17,Monterey,053,433212,43645,43367,1889,45256,515
2021-07-17,Napa,055,140530,10240,10129,40,10169,81
2021-07-17,Nevada,057,99092,5210,5066,196,5262,72
2021-07-17,Orange,059,3164182,260936,257805,11823,269628,5136
2021-07-17,Placer,061,380077,24624,24169,1687,25856,303
2021-07-17,Plumas,063,18699,743,721,14,735,4
2021-07-17,Riverside,065,2383286,299691,294751,14269,309020,4542
2021-07-17,Sacramento,067,1510023,112307,110432,2022,112454,1694
2021-07-17,San Benito,069,59416,6188,6181,113,6294,63
2021-07-17,San Bernardino,071,2135413,298583,296048,9205,305253,5218
2021-07-17,San Diego,073,3302833,289623,285698,16369,302067,3786
2021-07-17,San Francisco,075,870044,38909,37978,1371,39349,560
2021-07-17,San Joaquin,077,732212,75620,74695,3720,78415,1430
2021-07-17,San Luis Obispo,079,281455,21843,21462,773,22235,258
2021-07-17,San Mateo,081,765935,43853,43324,526,43850,542
2021-07-17,Santa Barbara,083,443738,35161,34769,1142,35911,461
2021-07-17,Santa Clara,085,1922200,121543,119980,802,120782,2097
2021-07-17,Santa Cruz,087,273765,16527,16337,807,17144,207
2021-07-17,Shasta,089,179085,12789,12683,1687,14370,210
2021-07-17,Sierra,091,2930,66,62,12,74,0
2021-07-17,Siskiyou,093,43540,2024,1922,404,2326,29
2021-07-17,Solano,095,438530,34556,34015,644,34659,263
2021-07-17,Sonoma,097,501317,31951,31536,369,31905,322
2021-07-17,Stanislaus,099,539301,57929,57400,6109,63509,1028
2021-07-17,Sutter,101,95872,9863,9778,93,9871,114
2021-07-17,Tehama,103,63373,5209,5145,589,5734,64
2021-07-17,Trinity,105,12862,502,341,104,445,3
2021-07-17,Tulare,107,460477,50764,49937,9184,59121,854
2021-07-17,Tuolumne,109,53932,4175,4131,47,4178,64
2021-07-17,Ventura,111,848112,82982,82125,3256,85381,1041
2021-07-17,Yolo,113,214977,14576,14356,332,14688,213
2021-07-17,Yuba,115,75493,6439,6309,131,6440,52
2021-07-16,Alameda,001,1643700,92849,91346,2062,93408,1255
2021-07-16,Alpine,003,1148,88,89,0,89,0
2021-07-16,Amador,005,37829,3813,3785,33,3818,48
2021-07-16,Butte,007,227075,13031,12824,1945,14769,202
2021-07-16,Calaveras,009,45235,2261,2237,15,2252,57
2021-07-16,Colusa,011,21464,1996,1976,335,2311,16
2021-07-16,Contra Costa,013,1133247,73597,72254,1380,73634,824
2021-07-16,Del Norte,015,27424,1518,1475,14,1489,8
2021-07-16,El Dorado,017,186661,10830,10622,819,11441,114
2021-07-16,Fresno,019,978130,104490,103055,8864,111919,1730
2021-07-16,Glenn,021,27897,2470,2451,572,3023,20
2021-07-16,Humboldt,023,135768,4754,4654,59,4713,52
2021-07-16,Imperial,025,180216,29043,28840,2701,31541,742
2021-07-16,Inyo,027,18085,1423,1416,12,1428,36
2021-07-16,Kern,029,883053,98791,97796,11348,109144,1348
2021-07-16,Kings,031,150075,23509,23163,1113,24276,246
2021-07-16,Lake,033,64148,3929,3760,14,3774,64
2021-07-16,Lassen,035,31185,5321,5302,118,5420,21
2021-07-16,Los Angeles,037,10098052,1234969,1219733,42602,1262335,24582
2021-07-16,Madera,039,155013,17022,16804,965,17769,240
2021-07-16,Marin,041,260295,14541,14297,267,14564,234
2021-07-16,Mariposa,043,17540,449,445,11,456,5
2021-07-16,Mendocino,045,87422,4335,4209,89,4298,49
2021-07-16,Merced,047,269075,31571,31451,1058,32509,471
2021-07-16,Modoc,049,8938,418,412,147,559,5
2021-07-16,Mono,051,14174,1275,1277,18,1295,3
2021-07-16,Monterey,053,433212,43623,43367,1888,45255,515
2021-07-16,Napa,055,140530,10216,10129,39,10168,81
2021-07-16,Nevada,057,99092,5200,5066,196,5262,72
2021-07-16,Orange,059,3164182,260663,257805,11782,269587,5136
2021-07-16,Placer,061,380077,24571,24169,1682,25851,303
2021-07-16,Plumas,063,18699,742,721,14,735,4
2021-07-16,Riverside,065,2383286,299415,294751,14243,308994,4542
2021-07-16,Sacramento,067,1510023,112090,110432,2009,112441,1694
2021-07-16,San Benito,069,59416,6186,6181,113,6294,63
2021-07-16,San Bernardino,071,2135413,298307,296048,9188,305236,5218
2021-07-16,San Diego,073,3302833,289181,285698,16322,302020,3786
2021-07-16,San Francisco,075,870044,38791,37978,1366,39344,560
2021-07-16,San Joaquin,077,732212,75526,74695,3717,78412,1430
2021-07-16,San Luis Obispo,079,281455,21826,21462,773,22235,258
2021-07-16,San Mateo,081,765935,43800,43324,525,43849,542
2021-07-16,Santa Barbara,083,443738,35123,34769,1142,35911,461
2021-07-16,Santa Clara,085,1922200,121396,119980,795,120775,2097
2021-07-16,Santa Cruz,087,273765,16514,16337,807,17144,207
2021-07-16,Shasta,089,179085,12779,12683,1686,14369,210
2021-07-16,Sierra,091,2930,66,62,12,74,0
2021-07-16,Siskiyou,093,43540,2022,1922,402,2324,29
2021-07-16,Solano,095,438530,34489,34015,636,34651,263
2021-07-16,Sonoma,097,501317,31899,31536,366,31902,322
2021-07-16,Stanislaus,099,539301,57879,57400,6099,63499,1028
2021-07-16,Sutter,101,95872,9851,9778,93,9871,114
2021-07-16,Tehama,103,63373,5207,5145,589,5734,64
2021-07-16,Trinity,105,12862,502,341,103,444,3
2021-07-16,Tulare,107,460477,50739,49937,9174,59111,854
2021-07-16,Tuolumne,109,53932,4169,4131,47,4178,64
2021-07-16,Ventura,111,848112,82917,82125,3249,85374,1041
2021-07-16,Yolo,113,214977,14550,14356,329,14685,213
2021-07-16,Yuba,115,75493,6417,6309,130,6439,52
2021-07-15,Alameda,001,1643700,92553,91346,2052,93398,1255
2021-07-15,Alpine,003,1148,88,89,0,89,0
2021-07-15,Amador,005,37829,3810,3785,33,3818,48
2021-07-15,Butte,007,227075,13005,12824,1943,14767,202
2021-07-15,Calaveras,009,45235,2258,2237,15,2252,57
2021-07-15,Colusa,011,21464,1995,1976,334,2310,16
2021-07-15,Contra Costa,013,1133247,73383,72254,1373,73627,824
2021-07-15,Del Norte,015,27424,1515,1475,14,1489,8
2021-07-15,El Dorado,017,186661,10803,10622,817,11439,114
2021-07-15,Fresno,019,978130,104393,103055,8844,111899,1730
2021-07-15,Glenn,021,27897,2470,2451,572,3023,20
2021-07-15,Humboldt,023,135768,4736,4654,58,4712,52
2021-07-15,Imperial,025,180216,29020,28840,2701,31541,742
2021-07-15,Inyo,027,18085,1423,1416,12,1428,36
2021-07-15,Kern,029,883053,98721,97796,11320,109116,1348
2021-07-15,Kings,031,150075,23471,23163,1110,24273,246
2021-07-15,Lake,033,64148,3890,3760,14,3774,64
2021-07-15,Lassen,035,31185,5320,5302,118,5420,21
2021-07-15,Los Angeles,037,10098052,1232982,1219733,42445,1262178,24582
2021-07-15,Madera,039,155013,17000,16804,961,17765,240
2021-07-15,Marin,041,260295,14516,14297,267,14564,234
2021-07-15,Mariposa,043,17540,449,445,11,456,5
2021-07-15,Mendocino,045,87422,4327,4209,88,4297,49
2021-07-15,Merced,047,269075,31541,31451,1058,32509,471
2021-07-15,Modoc,049,8938,418,412,147,559,5
2021-07-15,Mono,051,14174,1275,1277,18,1295,3
2021-07-15,Monterey,053,433212,43594,43367,1885,45252,515
2021-07-15,Napa,055,140530,10191,10129,38,10167,81
2021-07-15,Nevada,057,99092,5183,5066,195,5261,72
2021-07-15,Orange,059,3164182,260312,257805,11751,269556,5136
2021-07-15,Placer,061,380077,24511,24169,1665,25834,303
2021-07-15,Plumas,063,18699,741,721,14,735,4
2021-07-15,Riverside,065,2383286,299094,294751,14228,308979,4542
2021-07-15,Sacramento,067,1510023,111785,110432,1992,112424,1694
2021-07-15,San Benito,069,59416,6184,6181,113,6294,63
2021-07-15,San Bernardino,071,2135413,298000,296048,9174,305222,5218
2021-07-15,San Diego,073,3302833,288543,285698,16244,301942,3786
2021-07-15,San Francisco,075,870044,38640,37978,1358,39336,560
2021-07-15,San Joaquin,077,732212,75409,74695,3712,78407,1430
2021-07-15,San Luis Obispo,079,281455,21794,21462,773,22235,258
2021-07-15,San Mateo,081,765935,43695,43324,520,43844,542
2021-07-15,Santa Barbara,083,443738,35067,34769,1141,35910,461
2021-07-15,Santa Clara,085,1922200,121274,119980,792,120772,2097
2021-07-15,Santa Cruz,087,273765,16501,16337,807,17144,207
2021-07-15,Shasta,089,179085,12771,12683,1682,14365,210
2021-07-15,Sierra,091,2930,66,62,12,74,0
2021-07-15,Siskiyou,093,43540,2021,1922,402,2324,29
2021-07-15,Solano,095,438530,34413,34015,630,34645,263
2021-07-15,Sonoma,097,501317,31838,31536,366,31902,322
2021-07-15,Stanislaus,099,539301,57810,57400,6086,63486,1028
2021-07-15,Sutter,101,95872,9831,9778,92,9870,114
2021-07-15,Tehama,103,63373,5201,5145,588,5733,64
2021-07-15,Trinity,105,12862,502,341,103,444,3
2021-07-15,Tulare,107,460477,50719,49937,9157,59094,854
2021-07-15,Tuolumne,109,53932,4157,4131,47,4178,64
2021-07-15,Ventura,111,848112,82841,82125,3244,85369,1041
2021-07-15,Yolo,113,214977,14522,14356,328,14684,213
2021-07-15,Yuba,115,75493,6402,6309,129,6438,52
2021-07-14,Alameda,001,1643700,92293,91092,2036,93128,1255
2021-07-14,Alpine,003,1148,88,89,0,89,0
2021-07-14,Amador,005,37829,3802,3784,33,3817,48
2021-07-14,Butte,007,227075,12978,12813,1936,14749,202
2021-07-14,Calaveras,009,45235,2251,2234,15,2249,57
2021-07-14,Colusa,011,21464,1992,1974,334,2308,16
2021-07-14,Contra Costa,013,1133247,73154,72091,1361,73452,823
2021-07-14,Del Norte,015,27424,1514,1472,14,1486,8
2021-07-14,El Dorado,017,186661,10777,10598,814,11412,114
2021-07-14,Fresno,019,978130,104313,102966,8833,111799,1728
2021-07-14,Glenn,021,27897,2470,2449,572,3021,20
2021-07-14,Humboldt,023,135768,4712,4644,56,4700,52
2021-07-14,Imperial,025,180216,28991,28822,2701,31523,742
2021-07-14,Inyo,027,18085,1422,1415,12,1427,36
2021-07-14,Kern,029,883053,98657,97736,11295,109031,1346
2021-07-14,Kings,031,150075,23458,23142,1110,24252,246
2021-07-14,Lake,033,64148,3857,3739,14,3753,63
2021-07-14,Lassen,035,31185,5319,5298,118,5416,21
2021-07-14,Los Angeles,037,10098052,1230966,1218265,42304,1260569,24578
2021-07-14,Madera,039,155013,16988,16786,959,17745,240
2021-07-14,Marin,041,260295,14482,14269,265,14534,233
2021-07-14,Mariposa,043,17540,447,445,11,456,5
2021-07-14,Mendocino,045,87422,4313,4193,88,4281,49
2021-07-14,Merced,047,269075,31504,31412,1055,32467,471
2021-07-14,Modoc,049,8938,418,412,147,559,4
2021-07-14,Mono,051,14174,1275,1278,18,1296,3
2021-07-14,Monterey,053,433212,43570,43347,1883,45230,504
2021-07-14,Napa,055,140530,10169,10121,38,10159,81
2021-07-14,Nevada,057,99092,5163,5058,195,5253,72
2021-07-14,Orange,059,3164182,259995,257558,11721,269279,5137
2021-07-14,Placer,061,380077,24458,24125,1653,25778,303
2021-07-14,Plumas,063,18699,734,719,14,733,4
2021-07-14,Riverside,065,2383286,298770,294511,14212,308723,4542
2021-07-14,Sacramento,067,1510023,111457,110193,1968,112161,1688
2021-07-14,San Benito,069,59416,6181,6177,113,6290,63
2021-07-14,San Bernardino,071,2135413,297700,295820,9159,304979,5193
2021-07-14,San Diego,073,3302833,287971,285269,16164,301433,3786
2021-07-14,San Francisco,075,870044,38501,37836,1353,39189,559
2021-07-14,San Joaquin,077,732212,75317,74599,3703,78302,1416
2021-07-14,San Luis Obispo,079,281455,21772,21444,771,22215,258
2021-07-14,San Mateo,081,765935,43596,43249,516,43765,542
2021-07-14,Santa Barbara,083,443738,35025,34719,1139,35858,461
2021-07-14,Santa Clara,085,1922200,121124,119844,789,120633,2098
2021-07-14,Santa Cruz,087,273765,16489,16326,807,17133,207
2021-07-14,Shasta,089,179085,12751,12669,1679,14348,209
2021-07-14,Sierra,091,2930,66,62,12,74,0
2021-07-14,Siskiyou,093,43540,2014,1922,399,2321,29
2021-07-14,Solano,095,438530,34340,33948,630,34578,268
2021-07-14,Sonoma,097,501317,31786,31470,366,31836,322
2021-07-14,Stanislaus,099,539301,57735,57340,6074,63414,1028
2021-07-14,Sutter,101,95872,9809,9766,92,9858,114
2021-07-14,Tehama,103,63373,5199,5142,588,5730,64
2021-07-14,Trinity,105,12862,502,341,103,444,3
2021-07-14,Tulare,107,460477,50702,49908,9143,59051,853
2021-07-14,Tuolumne,109,53932,4154,4128,46,4174,64
2021-07-14,Ventura,111,848112,82747,82041,3233,85274,1040
2021-07-14,Yolo,113,214977,14489,14332,325,14657,213
2021-07-14,Yuba,115,75493,6384,6294,129,6423,52
2021-07-13,Alameda,001,1643700,92029,90874,2026,92900,1255
2021-07-13,Alpine,003,1148,88,89,0,89,0
2021-07-13,Amador,005,37829,3795,3783,33,3816,48
2021-07-13,Butte,007,227075,12964,12802,1935,14737,202
2021-07-13,Calaveras,009,45235,2247,2230,15,2245,57
2021-07-13,Colusa,011,21464,1990,1972,331,2303,16
2021-07-13,Contra Costa,013,1133247,72929,71963,1352,73315,823
2021-07-13,Del Norte,015,27424,1510,1471,14,1485,8
2021-07-13,El Dorado,017,186661,10760,10581,812,11393,114
2021-07-13,Fresno,019,978130,104238,102909,8823,111732,1727
2021-07-13,Glenn,021,27897,2468,2448,572,3020,20
2021-07-13,Humboldt,023,135768,4697,4634,56,4690,51
2021-07-13,Imperial,025,180216,28980,28792,2701,31493,741
2021-07-13,Inyo,027,18085,1421,1415,12,1427,36
2021-07-13,Kern,029,883053,98568,97698,11256,108954,1346
2021-07-13,Kings,031,150075,23440,23132,1110,24242,246
2021-07-13,Lake,033,64148,3830,3719,13,3732,63
2021-07-13,Lassen,035,31185,5317,5292,118,5410,21
2021-07-13,Los Angeles,037,10098052,1229115,1217184,42134,1259318,24569
2021-07-13,Madera,039,155013,16978,16773,955,17728,240
2021-07-13,Marin,041,260295,14453,14254,264,14518,233
2021-07-13,Mariposa,043,17540,446,443,11,454,5
2021-07-13,Mendocino,045,87422,4306,4185,88,4273,49
2021-07-13,Merced,047,269075,31483,31379,1052,32431,471
2021-07-13,Modoc,049,8938,418,411,147,558,4
2021-07-13,Mono,051,14174,1274,1277,18,1295,3
2021-07-13,Monterey,053,433212,43552,43333,1879,45212,504
2021-07-13,Napa,055,140530,10148,10118,38,10156,81
2021-07-13,Nevada,057,99092,5138,5053,195,5248,72
2021-07-13,Orange,059,3164182,259665,257339,11693,269032,5136
2021-07-13,Placer,061,380077,24412,24091,1640,25731,303
2021-07-13,Plumas,063,18699,733,716,14,730,4
2021-07-13,Riverside,065,2383286,298448,294302,14185,308487,4541
2021-07-13,Sacramento,067,1510023,111147,109990,1945,111935,1687
2021-07-13,San Benito,069,59416,6179,6173,113,6286,63
2021-07-13,San Bernardino,071,2135413,297423,295596,9137,304733,5183
2021-07-13,San Diego,073,3302833,287423,284997,16085,301082,3785
2021-07-13,San Francisco,075,870044,38357,37725,1347,39072,559
2021-07-13,San Joaquin,077,732212,75201,74500,3700,78200,1417
2021-07-13,San Luis Obispo,079,281455,21746,21423,768,22191,258
2021-07-13,San Mateo,081,765935,43527,43180,515,43695,542
2021-07-13,Santa Barbara,083,443738,34976,34679,1136,35815,461
2021-07-13,Santa Clara,085,1922200,120971,119727,785,120512,2098
2021-07-13,Santa Cruz,087,273765,16480,16315,805,17120,207
2021-07-13,Shasta,089,179085,12738,12659,1672,14331,209
2021-07-13,Sierra,091,2930,66,62,12,74,0
2021-07-13,Siskiyou,093,43540,2013,1916,397,2313,29
2021-07-13,Solano,095,438530,34275,33918,624,34542,268
2021-07-13,Sonoma,097,501317,31727,31431,366,31797,322
2021-07-13,Stanislaus,099,539301,57664,57282,6059,63341,1028
2021-07-13,Sutter,101,95872,9791,9752,91,9843,114
2021-07-13,Tehama,103,63373,5192,5144,588,5732,64
2021-07-13,Trinity,105,12862,502,341,102,443,3
2021-07-13,Tulare,107,460477,50677,49891,9127,59018,853
2021-07-13,Tuolumne,109,53932,4146,4122,45,4167,64
2021-07-13,Ventura,111,848112,82662,81982,3208,85190,1040
2021-07-13,Yolo,113,214977,14461,14320,319,14639,213
2021-07-13,Yuba,115,75493,6367,6279,129,6408,52
2021-07-12,Alameda,001,1643700,91771,90720,2019,92739,1254
2021-07-12,Alpine,003,1148,88,89,0,89,0
2021-07-12,Amador,005,37829,3788,3781,33,3814,47
2021-07-12,Butte,007,227075,12944,12796,1933,14729,202
2021-07-12,Calaveras,009,45235,2245,2228,15,2243,57
2021-07-12,Colusa,011,21464,1986,1971,330,2301,16
2021-07-12,Contra Costa,013,1133247,72725,71833,1347,73180,823
2021-07-12,Del Norte,015,27424,1507,1469,14,1483,8
2021-07-12,El Dorado,017,186661,10731,10569,810,11379,114
2021-07-12,Fresno,019,978130,104144,102853,8811,111664,1728
2021-07-12,Glenn,021,27897,2468,2446,572,3018,20
2021-07-12,Humboldt,023,135768,4681,4621,56,4677,51
2021-07-12,Imperial,025,180216,28950,28789,2701,31490,741
2021-07-12,Inyo,027,18085,1421,1415,12,1427,36
2021-07-12,Kern,029,883053,98499,97660,11231,108891,1346
2021-07-12,Kings,031,150075,23420,23124,1108,24232,246
2021-07-12,Lake,033,64148,3809,3706,13,3719,63
2021-07-12,Lassen,035,31185,5316,5292,118,5410,21
2021-07-12,Los Angeles,037,10098052,1227319,1216230,42001,1258231,24559
2021-07-12,Madera,039,155013,16967,16772,955,17727,240
2021-07-12,Marin,041,260295,14428,14238,263,14501,233
2021-07-12,Mariposa,043,17540,446,442,11,453,5
2021-07-12,Mendocino,045,87422,4295,4175,88,4263,49
2021-07-12,Merced,047,269075,31452,31374,1051,32425,471
2021-07-12,Modoc,049,8938,417,411,147,558,4
2021-07-12,Mono,051,14174,1272,1275,18,1293,3
2021-07-12,Monterey,053,433212,43531,43315,1875,45190,504
2021-07-12,Napa,055,140530,10130,10104,37,10141,81
2021-07-12,Nevada,057,99092,5115,5046,195,5241,72
2021-07-12,Orange,059,3164182,259311,257171,11670,268841,5136
2021-07-12,Placer,061,380077,24361,24052,1634,25686,302
2021-07-12,Plumas,063,18699,733,716,14,730,4
2021-07-12,Riverside,065,2383286,298140,294108,14156,308264,4541
2021-07-12,Sacramento,067,1510023,110931,109849,1919,111768,1685
2021-07-12,San Benito,069,59416,6176,6166,113,6279,63
2021-07-12,San Bernardino,071,2135413,297151,295447,9122,304569,5171
2021-07-12,San Diego,073,3302833,286954,284648,16009,300657,3785
2021-07-12,San Francisco,075,870044,38211,37656,1344,39000,559
2021-07-12,San Joaquin,077,732212,75107,74424,3690,78114,1415
2021-07-12,San Luis Obispo,079,281455,21727,21408,767,22175,258
2021-07-12,San Mateo,081,765935,43433,43138,508,43646,542
2021-07-12,Santa Barbara,083,443738,34933,34664,1134,35798,461
2021-07-12,Santa Clara,085,1922200,120806,119634,782,120416,2098
2021-07-12,Santa Cruz,087,273765,16455,16310,804,17114,207
2021-07-12,Shasta,089,179085,12731,12648,1669,14317,208
2021-07-12,Sierra,091,2930,66,62,12,74,0
2021-07-12,Siskiyou,093,43540,2008,1916,392,2308,29
2021-07-12,Solano,095,438530,34185,33859,615,34474,268
2021-07-12,Sonoma,097,501317,31679,31377,365,31742,322
2021-07-12,Stanislaus,099,539301,57594,57243,6052,63295,1028
2021-07-12,Sutter,101,95872,9774,9736,90,9826,114
2021-07-12,Tehama,103,63373,5187,5138,587,5725,63
2021-07-12,Trinity,105,12862,498,340,100,440,3
2021-07-12,Tulare,107,460477,50649,49882,9114,58996,853
2021-07-12,Tuolumne,109,53932,4142,4116,45,4161,64
2021-07-12,Ventura,111,848112,82561,81919,3187,85106,1040
2021-07-12,Yolo,113,214977,14433,14303,315,14618,213
2021-07-12,Yuba,115,75493,6352,6266,129,6395,52
2021-07-11,Alameda,001,1643700,91442,90597,2007,92604,1254
2021-07-11,Alpine,003,1148,88,89,0,89,0
2021-07-11,Amador,005,37829,3786,3779,33,3812,47
2021-07-11,Butte,007,227075,12922,12794,1927,14721,202
2021-07-11,Calaveras,009,45235,2243,2226,14,2240,57
2021-07-11,Colusa,011,21464,1985,1971,329,2300,16
2021-07-11,Contra Costa,013,1133247,72515,71744,1340,73084,823
2021-07-11,Del Norte,015,27424,1503,1467,13,1480,8
2021-07-11,El Dorado,017,186661,10702,10554,808,11362,114
2021-07-11,Fresno,019,978130,104049,102813,8791,111604,1728
2021-07-11,Glenn,021,27897,2467,2446,572,3018,20
2021-07-11,Humboldt,023,135768,4668,4611,55,4666,51
2021-07-11,Imperial,025,180216,28932,28787,2700,31487,741
2021-07-11,Inyo,027,18085,1419,1415,12,1427,36
2021-07-11,Kern,029,883053,98426,97637,11215,108852,1346
2021-07-11,Kings,031,150075,23389,23116,1105,24221,246
2021-07-11,Lake,033,64148,3778,3699,13,3712,63
2021-07-11,Lassen,035,31185,5313,5291,118,5409,21
2021-07-11,Los Angeles,037,10098052,1225562,1215182,41845,1257027,24558
2021-07-11,Madera,039,155013,16948,16766,954,17720,240
2021-07-11,Marin,041,260295,14402,14231,263,14494,233
2021-07-11,Mariposa,043,17540,445,442,11,453,5
2021-07-11,Mendocino,045,87422,4275,4167,88,4255,49
2021-07-11,Merced,047,269075,31428,31366,1046,32412,471
2021-07-11,Modoc,049,8938,416,411,147,558,4
2021-07-11,Mono,051,14174,1272,1275,18,1293,3
2021-07-11,Monterey,053,433212,43512,43307,1871,45178,504
2021-07-11,Napa,055,140530,10126,10100,37,10137,81
2021-07-11,Nevada,057,99092,5104,5035,194,5229,72
2021-07-11,Orange,059,3164182,258999,257009,11642,268651,5136
2021-07-11,Placer,061,380077,24304,24017,1622,25639,302
2021-07-11,Plumas,063,18699,733,716,14,730,4
2021-07-11,Riverside,065,2383286,297876,293969,14138,308107,4541
2021-07-11,Sacramento,067,1510023,110653,109696,1908,111604,1685
2021-07-11,San Benito,069,59416,6171,6163,113,6276,63
2021-07-11,San Bernardino,071,2135413,296845,295342,9097,304439,5167
2021-07-11,San Diego,073,3302833,286540,283819,15923,299742,3784
2021-07-11,San Francisco,075,870044,38082,37596,1338,38934,559
2021-07-11,San Joaquin,077,732212,74990,74376,3673,78049,1415
2021-07-11,San Luis Obispo,079,281455,21694,21403,766,22169,258
2021-07-11,San Mateo,081,765935,43354,43107,502,43609,542
2021-07-11,Santa Barbara,083,443738,34886,34646,1134,35780,461
2021-07-11,Santa Clara,085,1922200,120652,119549,781,120330,2098
2021-07-11,Santa Cruz,087,273765,16439,16303,804,17107,207
2021-07-11,Shasta,089,179085,12714,12647,1667,14314,208
2021-07-11,Sierra,091,2930,66,62,12,74,0
2021-07-11,Siskiyou,093,43540,2004,1915,390,2305,29
2021-07-11,Solano,095,438530,34103,33837,611,34448,268
2021-07-11,Sonoma,097,501317,31597,31352,365,31717,322
2021-07-11,Stanislaus,099,539301,57528,57230,6041,63271,1028
2021-07-11,Sutter,101,95872,9760,9728,90,9818,114
2021-07-11,Tehama,103,63373,5184,5138,587,5725,63
2021-07-11,Trinity,105,12862,497,340,100,440,3
2021-07-11,Tulare,107,460477,50624,49877,9096,58973,853
2021-07-11,Tuolumne,109,53932,4136,4116,45,4161,64
2021-07-11,Ventura,111,848112,82488,81875,3167,85042,1040
2021-07-11,Yolo,113,214977,14408,14285,309,14594,213
2021-07-11,Yuba,115,75493,6341,6260,129,6389,52
2021-07-10,Alameda,001,1643700,91292,90090,2003,92093,1252
2021-07-10,Alpine,003,1148,88,89,0,89,0
2021-07-10,Amador,005,37829,3780,3773,33,3806,47
2021-07-10,Butte,007,227075,12912,12764,1924,14688,202
2021-07-10,Calaveras,009,45235,2242,2214,14,2228,57
2021-07-10,Colusa,011,21464,1983,1969,329,2298,16
2021-07-10,Contra Costa,013,1133247,72415,71376,1339,72715,821
2021-07-10,Del Norte,015,27424,1501,1451,13,1464,8
2021-07-10,El Dorado,017,186661,10685,10508,805,11313,114
2021-07-10,Fresno,019,978130,104016,102675,8784,111459,1730
2021-07-10,Glenn,021,27897,2464,2440,571,3011,20
2021-07-10,Humboldt,023,135768,4659,4574,55,4629,51
2021-07-10,Imperial,025,180216,28919,28729,2700,31429,741
2021-07-10,Inyo,027,18085,1418,1415,12,1427,36
2021-07-10,Kern,029,883053,98386,97538,11198,108736,1346
2021-07-10,Kings,031,150075,23382,23090,1104,24194,246
2021-07-10,Lake,033,64148,3761,3667,13,3680,63
2021-07-10,Lassen,035,31185,5313,5290,118,5408,21
2021-07-10,Los Angeles,037,10098052,1224534,1212043,41742,1253785,24542
2021-07-10,Madera,039,155013,16942,16744,951,17695,241
2021-07-10,Marin,041,260295,14388,14194,263,14457,233
2021-07-10,Mariposa,043,17540,445,442,11,453,5
2021-07-10,Mendocino,045,87422,4268,4153,87,4240,49
2021-07-10,Merced,047,269075,31415,31328,1046,32374,470
2021-07-10,Modoc,049,8938,416,410,147,557,4
2021-07-10,Mono,051,14174,1272,1275,18,1293,3
2021-07-10,Monterey,053,433212,43498,43251,1869,45120,499
2021-07-10,Napa,055,140530,10114,10077,37,10114,81
2021-07-10,Nevada,057,99092,5095,5000,194,5194,72
2021-07-10,Orange,059,3164182,258821,256438,11626,268064,5135
2021-07-10,Placer,061,380077,24275,23916,1612,25528,302
2021-07-10,Plumas,063,18699,732,717,14,731,4
2021-07-10,Riverside,065,2383286,297686,293474,14125,307599,4541
2021-07-10,Sacramento,067,1510023,110504,109091,1901,110992,1682
2021-07-10,San Benito,069,59416,6166,6141,113,6254,63
2021-07-10,San Bernardino,071,2135413,296657,294932,9084,304016,5117
2021-07-10,San Diego,073,3302833,286250,283577,15870,299447,3783
2021-07-10,San Francisco,075,870044,37999,37338,1335,38673,559
2021-07-10,San Joaquin,077,732212,74933,74150,3667,77817,1412
2021-07-10,San Luis Obispo,079,281455,21683,21375,765,22140,258
2021-07-10,San Mateo,081,765935,43302,42948,500,43448,542
2021-07-10,Santa Barbara,083,443738,34859,34595,1134,35729,460
2021-07-10,Santa Clara,085,1922200,120549,119330,778,120108,2094
2021-07-10,Santa Cruz,087,273765,16432,16286,804,17090,207
2021-07-10,Shasta,089,179085,12701,12623,1662,14285,206
2021-07-10,Sierra,091,2930,66,61,12,73,0
2021-07-10,Siskiyou,093,43540,2002,1909,387,2296,29
2021-07-10,Solano,095,438530,34061,33678,605,34283,268
2021-07-10,Sonoma,097,501317,31546,31231,365,31596,317
2021-07-10,Stanislaus,099,539301,57492,57104,6031,63135,1026
2021-07-10,Sutter,101,95872,9748,9692,90,9782,114
2021-07-10,Tehama,103,63373,5181,5131,587,5718,63
2021-07-10,Trinity,105,12862,497,341,100,441,3
2021-07-10,Tulare,107,460477,50614,49850,9090,58940,853
2021-07-10,Tuolumne,109,53932,4134,4114,45,4159,64
2021-07-10,Ventura,111,848112,82443,81713,3149,84862,1039
2021-07-10,Yolo,113,214977,14387,14250,306,14556,213
2021-07-10,Yuba,115,75493,6331,6238,129,6367,52
2021-07-09,Alameda,001,1643700,91133,90090,1998,92088,1252
2021-07-09,Alpine,003,1148,88,89,0,89,0
2021-07-09,Amador,005,37829,3779,3773,33,3806,47
2021-07-09,Butte,007,227075,12900,12764,1922,14686,202
2021-07-09,Calaveras,009,45235,2240,2214,14,2228,57
2021-07-09,Colusa,011,21464,1982,1969,329,2298,16
2021-07-09,Contra Costa,013,1133247,72289,71376,1337,72713,821
2021-07-09,Del Norte,015,27424,1496,1451,13,1464,8
2021-07-09,El Dorado,017,186661,10670,10508,804,11312,114
2021-07-09,Fresno,019,978130,103961,102675,8777,111452,1730
2021-07-09,Glenn,021,27897,2463,2440,569,3009,20
2021-07-09,Humboldt,023,135768,4640,4574,55,4629,51
2021-07-09,Imperial,025,180216,28911,28729,2699,31428,741
2021-07-09,Inyo,027,18085,1417,1415,12,1427,36
2021-07-09,Kern,029,883053,98348,97538,11186,108724,1346
2021-07-09,Kings,031,150075,23371,23090,1103,24193,246
2021-07-09,Lake,033,64148,3747,3667,13,3680,63
2021-07-09,Lassen,035,31185,5311,5290,117,5407,21
2021-07-09,Los Angeles,037,10098052,1223529,1212043,41672,1253715,24542
2021-07-09,Madera,039,155013,16932,16744,950,17694,241
2021-07-09,Marin,041,260295,14367,14194,262,14456,233
2021-07-09,Mariposa,043,17540,445,442,11,453,5
2021-07-09,Mendocino,045,87422,4261,4153,87,4240,49
2021-07-09,Merced,047,269075,31400,31328,1046,32374,470
2021-07-09,Modoc,049,8938,416,410,147,557,4
2021-07-09,Mono,051,14174,1272,1275,18,1293,3
2021-07-09,Monterey,053,433212,43489,43251,1869,45120,499
2021-07-09,Napa,055,140530,10107,10077,37,10114,81
2021-07-09,Nevada,057,99092,5086,5000,194,5194,72
2021-07-09,Orange,059,3164182,258615,256438,11612,268050,5135
2021-07-09,Placer,061,380077,24253,23916,1606,25522,302
2021-07-09,Plumas,063,18699,730,717,14,731,4
2021-07-09,Riverside,065,2383286,297500,293474,14112,307586,4541
2021-07-09,Sacramento,067,1510023,110350,109091,1892,110983,1682
2021-07-09,San Benito,069,59416,6164,6141,113,6254,63
2021-07-09,San Bernardino,071,2135413,296505,294932,9077,304009,5117
2021-07-09,San Diego,073,3302833,285961,283577,15822,299399,3783
2021-07-09,San Francisco,075,870044,37919,37338,1328,38666,559
2021-07-09,San Joaquin,077,732212,74859,74150,3660,77810,1412
2021-07-09,San Luis Obispo,079,281455,21671,21375,765,22140,258
2021-07-09,San Mateo,081,765935,43258,42948,496,43444,542
2021-07-09,Santa Barbara,083,443738,34838,34595,1133,35728,460
2021-07-09,Santa Clara,085,1922200,120438,119330,778,120108,2094
2021-07-09,Santa Cruz,087,273765,16429,16286,804,17090,207
2021-07-09,Shasta,089,179085,12695,12623,1657,14280,206
2021-07-09,Sierra,091,2930,66,61,12,73,0
2021-07-09,Siskiyou,093,43540,2000,1909,386,2295,29
2021-07-09,Solano,095,438530,34025,33678,601,34279,268
2021-07-09,Sonoma,097,501317,31510,31231,365,31596,317
2021-07-09,Stanislaus,099,539301,57463,57104,6029,63133,1026
2021-07-09,Sutter,101,95872,9739,9692,90,9782,114
2021-07-09,Tehama,103,63373,5179,5131,587,5718,63
2021-07-09,Trinity,105,12862,496,341,97,438,3
2021-07-09,Tulare,107,460477,50601,49850,9084,58934,853
2021-07-09,Tuolumne,109,53932,4130,4114,45,4159,64
2021-07-09,Ventura,111,848112,82388,81713,3140,84853,1039
2021-07-09,Yolo,113,214977,14372,14250,302,14552,213
2021-07-09,Yuba,115,75493,6318,6238,129,6367,52
2021-07-08,Alameda,001,1643700,90927,90090,1995,92085,1252
2021-07-08,Alpine,003,1148,88,89,0,89,0
2021-07-08,Amador,005,37829,3777,3773,33,3806,47
2021-07-08,Butte,007,227075,12887,12764,1919,14683,202
2021-07-08,Calaveras,009,45235,2237,2214,13,2227,57
2021-07-08,Colusa,011,21464,1982,1969,329,2298,16
2021-07-08,Contra Costa,013,1133247,72161,71376,1332,72708,821
2021-07-08,Del Norte,015,27424,1494,1451,13,1464,8
2021-07-08,El Dorado,017,186661,10653,10508,797,11305,114
2021-07-08,Fresno,019,978130,103898,102675,8766,111441,1730
2021-07-08,Glenn,021,27897,2463,2440,569,3009,20
2021-07-08,Humboldt,023,135768,4624,4574,54,4628,51
2021-07-08,Imperial,025,180216,28899,28729,2698,31427,741
2021-07-08,Inyo,027,18085,1417,1415,12,1427,36
2021-07-08,Kern,029,883053,98300,97538,11171,108709,1346
2021-07-08,Kings,031,150075,23362,23090,1103,24193,246
2021-07-08,Lake,033,64148,3733,3667,13,3680,63
2021-07-08,Lassen,035,31185,5308,5290,117,5407,21
2021-07-08,Los Angeles,037,10098052,1222316,1212043,41578,1253621,24542
2021-07-08,Madera,039,155013,16916,16744,950,17694,241
2021-07-08,Marin,041,260295,14353,14194,262,14456,233
2021-07-08,Mariposa,043,17540,444,442,11,453,5
2021-07-08,Mendocino,045,87422,4258,4153,87,4240,49
2021-07-08,Merced,047,269075,31386,31328,1044,32372,470
2021-07-08,Modoc,049,8938,416,410,147,557,4
2021-07-08,Mono,051,14174,1272,1275,18,1293,3
2021-07-08,Monterey,053,433212,43469,43251,1863,45114,499
2021-07-08,Napa,055,140530,10103,10077,37,10114,81
2021-07-08,Nevada,057,99092,5080,5000,194,5194,72
2021-07-08,Orange,059,3164182,258420,256438,11590,268028,5135
2021-07-08,Placer,061,380077,24214,23916,1598,25514,302
2021-07-08,Plumas,063,18699,729,717,14,731,4
2021-07-08,Riverside,065,2383286,297299,293474,14096,307570,4541
2021-07-08,Sacramento,067,1510023,110128,109091,1887,110978,1682
2021-07-08,San Benito,069,59416,6161,6141,113,6254,63
2021-07-08,San Bernardino,071,2135413,296330,294932,9068,304000,5117
2021-07-08,San Diego,073,3302833,285634,283577,15774,299351,3783
2021-07-08,San Francisco,075,870044,37839,37338,1324,38662,559
2021-07-08,San Joaquin,077,732212,74771,74150,3647,77797,1412
2021-07-08,San Luis Obispo,079,281455,21659,21375,762,22137,258
2021-07-08,San Mateo,081,765935,43207,42948,495,43443,542
2021-07-08,Santa Barbara,083,443738,34811,34595,1131,35726,460
2021-07-08,Santa Clara,085,1922200,120345,119330,777,120107,2094
2021-07-08,Santa Cruz,087,273765,16423,16286,804,17090,207
2021-07-08,Shasta,089,179085,12689,12623,1653,14276,206
2021-07-08,Sierra,091,2930,66,61,12,73,0
2021-07-08,Siskiyou,093,43540,1995,1909,383,2292,29
2021-07-08,Solano,095,438530,33970,33678,595,34273,268
2021-07-08,Sonoma,097,501317,31479,31231,364,31595,317
2021-07-08,Stanislaus,099,539301,57436,57104,6025,63129,1026
2021-07-08,Sutter,101,95872,9725,9692,88,9780,114
2021-07-08,Tehama,103,63373,5176,5131,586,5717,63
2021-07-08,Trinity,105,12862,496,341,97,438,3
2021-07-08,Tulare,107,460477,50583,49850,9077,58927,853
2021-07-08,Tuolumne,109,53932,4128,4114,45,4159,64
2021-07-08,Ventura,111,848112,82324,81713,3124,84837,1039
2021-07-08,Yolo,113,214977,14352,14250,300,14550,213
2021-07-08,Yuba,115,75493,6310,6238,129,6367,52
2021-07-07,Alameda,001,1643700,90744,89995,1989,91984,1253
2021-07-07,Alpine,003,1148,88,89,0,89,0
2021-07-07,Amador,005,37829,3772,3770,33,3803,47
2021-07-07,Butte,007,227075,12874,12750,1914,14664,202
2021-07-07,Calaveras,009,45235,2230,2212,13,2225,57
2021-07-07,Colusa,011,21464,1978,1969,329,2298,16
2021-07-07,Contra Costa,013,1133247,72014,71308,1330,72638,821
2021-07-07,Del Norte,015,27424,1489,1446,13,1459,8
2021-07-07,El Dorado,017,186661,10633,10494,795,11289,114
2021-07-07,Fresno,019,978130,103848,102639,8759,111398,1729
2021-07-07,Glenn,021,27897,2463,2441,569,3010,20
2021-07-07,Humboldt,023,135768,4610,4566,54,4620,51
2021-07-07,Imperial,025,180216,28892,28701,2698,31399,740
2021-07-07,Inyo,027,18085,1416,1415,12,1427,36
2021-07-07,Kern,029,883053,98256,97507,11156,108663,1348
2021-07-07,Kings,031,150075,23349,23085,1100,24185,245
2021-07-07,Lake,033,64148,3714,3660,13,3673,63
2021-07-07,Lassen,035,31185,5308,5286,117,5403,21
2021-07-07,Los Angeles,037,10098052,1221134,1211316,41476,1252792,24531
2021-07-07,Madera,039,155013,16905,16733,948,17681,241
2021-07-07,Marin,041,260295,14334,14183,261,14444,233
2021-07-07,Mariposa,043,17540,442,442,11,453,5
2021-07-07,Mendocino,045,87422,4249,4145,87,4232,49
2021-07-07,Merced,047,269075,31371,31317,1044,32361,470
2021-07-07,Modoc,049,8938,416,410,147,557,4
2021-07-07,Mono,051,14174,1271,1274,18,1292,3
2021-07-07,Monterey,053,433212,43445,43233,1861,45094,494
2021-07-07,Napa,055,140530,10092,10078,37,10115,81
2021-07-07,Nevada,057,99092,5073,4996,194,5190,72
2021-07-07,Orange,059,3164182,258194,256301,11569,267870,5132
2021-07-07,Placer,061,380077,24178,23901,1588,25489,302
2021-07-07,Plumas,063,18699,729,710,14,724,4
2021-07-07,Riverside,065,2383286,297085,293331,14086,307417,4538
2021-07-07,Sacramento,067,1510023,109938,108954,1879,110833,1682
2021-07-07,San Benito,069,59416,6156,6137,113,6250,63
2021-07-07,San Bernardino,071,2135413,296161,294787,9061,303848,5087
2021-07-07,San Diego,073,3302833,285314,283377,15734,299111,3782
2021-07-07,San Francisco,075,870044,37747,37284,1321,38605,558
2021-07-07,San Joaquin,077,732212,74695,74095,3632,77727,1410
2021-07-07,San Luis Obispo,079,281455,21650,21360,760,22120,258
2021-07-07,San Mateo,081,765935,43153,42908,492,43400,542
2021-07-07,Santa Barbara,083,443738,34785,34582,1131,35713,460
2021-07-07,Santa Clara,085,1922200,120247,119250,776,120026,2094
2021-07-07,Santa Cruz,087,273765,16414,16279,803,17082,207
2021-07-07,Shasta,089,179085,12681,12613,1650,14263,206
2021-07-07,Sierra,091,2930,66,60,12,72,0
2021-07-07,Siskiyou,093,43540,1989,1908,379,2287,29
2021-07-07,Solano,095,438530,33921,33659,588,34247,268
2021-07-07,Sonoma,097,501317,31433,31172,364,31536,316
2021-07-07,Stanislaus,099,539301,57404,57102,6020,63122,1028
2021-07-07,Sutter,101,95872,9715,9683,88,9771,114
2021-07-07,Tehama,103,63373,5175,5129,586,5715,63
2021-07-07,Trinity,105,12862,496,341,97,438,3
2021-07-07,Tulare,107,460477,50579,49835,9068,58903,853
2021-07-07,Tuolumne,109,53932,4124,4115,44,4159,64
2021-07-07,Ventura,111,848112,82280,81608,3110,84718,1036
2021-07-07,Yolo,113,214977,14341,14236,297,14533,213
2021-07-07,Yuba,115,75493,6294,6233,129,6362,51
2021-07-06,Alameda,001,1643700,90549,89918,1981,91899,1253
2021-07-06,Alpine,003,1148,88,89,0,89,0
2021-07-06,Amador,005,37829,3771,3768,32,3800,47
2021-07-06,Butte,007,227075,12861,12744,1911,14655,201
2021-07-06,Calaveras,009,45235,2230,2211,13,2224,55
2021-07-06,Colusa,011,21464,1977,1967,326,2293,16
2021-07-06,Contra Costa,013,1133247,71885,71262,1327,72589,820
2021-07-06,Del Norte,015,27424,1485,1445,13,1458,8
2021-07-06,El Dorado,017,186661,10615,10484,793,11277,113
2021-07-06,Fresno,019,978130,103796,102616,8747,111363,1727
2021-07-06,Glenn,021,27897,2462,2438,569,3007,20
2021-07-06,Humboldt,023,135768,4596,4565,53,4618,49
2021-07-06,Imperial,025,180216,28877,28693,2696,31389,739
2021-07-06,Inyo,027,18085,1416,1412,12,1424,36
2021-07-06,Kern,029,883053,98214,97491,11145,108636,1346
2021-07-06,Kings,031,150075,23341,23077,1099,24176,245
2021-07-06,Lake,033,64148,3704,3659,13,3672,63
2021-07-06,Lassen,035,31185,5307,5288,116,5404,21
2021-07-06,Los Angeles,037,10098052,1219916,1210965,41379,1252344,24525
2021-07-06,Madera,039,155013,16893,16730,948,17678,241
2021-07-06,Marin,041,260295,14320,14181,261,14442,233
2021-07-06,Mariposa,043,17540,442,442,11,453,5
2021-07-06,Mendocino,045,87422,4242,4143,87,4230,49
2021-07-06,Merced,047,269075,31354,31317,1043,32360,470
2021-07-06,Modoc,049,8938,416,411,147,558,4
2021-07-06,Mono,051,14174,1270,1274,18,1292,3
2021-07-06,Monterey,053,433212,43423,43224,1859,45083,494
2021-07-06,Napa,055,140530,10081,10081,37,10118,81
2021-07-06,Nevada,057,99092,5064,4988,194,5182,72
2021-07-06,Orange,059,3164182,257950,256227,11552,267779,5129
2021-07-06,Placer,061,380077,24137,23876,1582,25458,302
2021-07-06,Plumas,063,18699,728,708,14,722,4
2021-07-06,Riverside,065,2383286,296882,293227,14068,307295,4539
2021-07-06,Sacramento,067,1510023,109727,108850,1871,110721,1679
2021-07-06,San Benito,069,59416,6152,6137,113,6250,63
2021-07-06,San Bernardino,071,2135413,295982,294712,9048,303760,5056
2021-07-06,San Diego,073,3302833,284956,283278,15675,298953,3782
2021-07-06,San Francisco,075,870044,37630,37251,1320,38571,558
2021-07-06,San Joaquin,077,732212,74625,74019,3620,77639,1410
2021-07-06,San Luis Obispo,079,281455,21633,21354,758,22112,257
2021-07-06,San Mateo,081,765935,43078,42895,492,43387,541
2021-07-06,Santa Barbara,083,443738,34766,34572,1130,35702,460
2021-07-06,Santa Clara,085,1922200,120129,119194,773,119967,2095
2021-07-06,Santa Cruz,087,273765,16409,16274,802,17076,207
2021-07-06,Shasta,089,179085,12671,12606,1648,14254,205
2021-07-06,Sierra,091,2930,65,60,12,72,0
2021-07-06,Siskiyou,093,43540,1986,1905,375,2280,29
2021-07-06,Solano,095,438530,33870,33619,585,34204,268
2021-07-06,Sonoma,097,501317,31370,31130,363,31493,316
2021-07-06,Stanislaus,099,539301,57355,57120,6009,63129,1029
2021-07-06,Sutter,101,95872,9706,9674,87,9761,114
2021-07-06,Tehama,103,63373,5172,5126,585,5711,63
2021-07-06,Trinity,105,12862,496,341,97,438,3
2021-07-06,Tulare,107,460477,50564,49826,9058,58884,853
2021-07-06,Tuolumne,109,53932,4122,4113,44,4157,64
2021-07-06,Ventura,111,848112,82240,81534,3085,84619,1033
2021-07-06,Yolo,113,214977,14319,14227,294,14521,213
2021-07-06,Yuba,115,75493,6283,6231,129,6360,51
2021-07-05,Alameda,001,1643700,90373,89892,1976,91868,1253
2021-07-05,Alpine,003,1148,88,89,0,89,0
2021-07-05,Amador,005,37829,3769,3768,32,3800,47
2021-07-05,Butte,007,227075,12853,12740,1902,14642,201
2021-07-05,Calaveras,009,45235,2228,2211,13,2224,55
2021-07-05,Colusa,011,21464,1975,1966,325,2291,16
2021-07-05,Contra Costa,013,1133247,71757,71235,1327,72562,820
2021-07-05,Del Norte,015,27424,1481,1446,13,1459,8
2021-07-05,El Dorado,017,186661,10590,10481,793,11274,113
2021-07-05,Fresno,019,978130,103737,102592,8732,111324,1727
2021-07-05,Glenn,021,27897,2459,2438,568,3006,20
2021-07-05,Humboldt,023,135768,4582,4563,53,4616,49
2021-07-05,Imperial,025,180216,28858,28689,2696,31385,739
2021-07-05,Inyo,027,18085,1416,1412,12,1424,36
2021-07-05,Kern,029,883053,98166,97479,11124,108603,1346
2021-07-05,Kings,031,150075,23333,23065,1096,24161,245
2021-07-05,Lake,033,64148,3686,3645,13,3658,63
2021-07-05,Lassen,035,31185,5304,5288,115,5403,21
2021-07-05,Los Angeles,037,10098052,1218721,1210653,41277,1251930,24522
2021-07-05,Madera,039,155013,16882,16722,947,17669,241
2021-07-05,Marin,041,260295,14299,14178,261,14439,233
2021-07-05,Mariposa,043,17540,442,441,11,452,5
2021-07-05,Mendocino,045,87422,4237,4139,87,4226,49
2021-07-05,Merced,047,269075,31334,31312,1043,32355,470
2021-07-05,Modoc,049,8938,416,410,147,557,4
2021-07-05,Mono,051,14174,1270,1273,18,1291,3
2021-07-05,Monterey,053,433212,43403,43218,1854,45072,494
2021-07-05,Napa,055,140530,10075,10074,37,10111,81
2021-07-05,Nevada,057,99092,5046,4980,193,5173,72
2021-07-05,Orange,059,3164182,257749,256173,11534,267707,5129
2021-07-05,Placer,061,380077,24090,23867,1574,25441,302
2021-07-05,Plumas,063,18699,727,708,14,722,4
2021-07-05,Riverside,065,2383286,296691,293193,14056,307249,4539
2021-07-05,Sacramento,067,1510023,109545,108758,1861,110619,1679
2021-07-05,San Benito,069,59416,6145,6137,113,6250,63
2021-07-05,San Bernardino,071,2135413,295820,294647,9041,303688,5037
2021-07-05,San Diego,073,3302833,284593,282834,15631,298465,3782
2021-07-05,San Francisco,075,870044,37542,37237,1315,38552,558
2021-07-05,San Joaquin,077,732212,74555,73999,3615,77614,1410
2021-07-05,San Luis Obispo,079,281455,21619,21351,757,22108,257
2021-07-05,San Mateo,081,765935,43026,42876,489,43365,541
2021-07-05,Santa Barbara,083,443738,34746,34569,1130,35699,460
2021-07-05,Santa Clara,085,1922200,120023,119184,771,119955,2095
2021-07-05,Santa Cruz,087,273765,16400,16273,801,17074,208
2021-07-05,Shasta,089,179085,12662,12603,1646,14249,205
2021-07-05,Sierra,091,2930,65,60,12,72,0
2021-07-05,Siskiyou,093,43540,1984,1904,374,2278,29
2021-07-05,Solano,095,438530,33800,33612,579,34191,268
2021-07-05,Sonoma,097,501317,31317,31116,363,31479,316
2021-07-05,Stanislaus,099,539301,57325,57109,5998,63107,1029
2021-07-05,Sutter,101,95872,9694,9667,87,9754,114
2021-07-05,Tehama,103,63373,5171,5125,585,5710,63
2021-07-05,Trinity,105,12862,495,341,96,437,3
2021-07-05,Tulare,107,460477,50546,49818,9055,58873,853
2021-07-05,Tuolumne,109,53932,4118,4112,44,4156,64
2021-07-05,Ventura,111,848112,82189,81519,3066,84585,1033
2021-07-05,Yolo,113,214977,14299,14225,286,14511,213
2021-07-05,Yuba,115,75493,6275,6223,129,6352,51
2021-07-04,Alameda,001,1643700,90209,89683,1973,91656,1253
2021-07-04,Alpine,003,1148,88,89,0,89,0
2021-07-04,Amador,005,37829,3768,3758,32,3790,46
2021-07-04,Butte,007,227075,12843,12684,1902,14586,201
2021-07-04,Calaveras,009,45235,2224,2200,13,2213,55
2021-07-04,Colusa,011,21464,1975,1969,325,2294,15
2021-07-04,Contra Costa,013,1133247,71651,70941,1322,72263,818
2021-07-04,Del Norte,015,27424,1478,1439,13,1452,8
2021-07-04,El Dorado,017,186661,10581,10433,792,11225,113
2021-07-04,Fresno,019,978130,103691,102512,8717,111229,1727
2021-07-04,Glenn,021,27897,2457,2442,567,3009,20
2021-07-04,Humboldt,023,135768,4574,4530,53,4583,49
2021-07-04,Imperial,025,180216,28852,28661,2696,31357,739
2021-07-04,Inyo,027,18085,1416,1412,12,1424,35
2021-07-04,Kern,029,883053,98147,97421,11115,108536,1347
2021-07-04,Kings,031,150075,23325,23051,1096,24147,245
2021-07-04,Lake,033,64148,3676,3623,13,3636,62
2021-07-04,Lassen,035,31185,5303,5277,115,5392,20
2021-07-04,Los Angeles,037,10098052,1217857,1208705,41194,1249899,24506
2021-07-04,Madera,039,155013,16870,16696,946,17642,240
2021-07-04,Marin,041,260295,14284,14143,261,14404,233
2021-07-04,Mariposa,043,17540,442,441,11,452,5
2021-07-04,Mendocino,045,87422,4227,4122,87,4209,49
2021-07-04,Merced,047,269075,31323,31297,1043,32340,469
2021-07-04,Modoc,049,8938,416,410,147,557,4
2021-07-04,Mono,051,14174,1270,1275,18,1293,3
2021-07-04,Monterey,053,433212,43387,43212,1853,45065,492
2021-07-04,Napa,055,140530,10067,10045,36,10081,81
2021-07-04,Nevada,057,99092,5036,4966,193,5159,72
2021-07-04,Orange,059,3164182,257574,255823,11514,267337,5126
2021-07-04,Placer,061,380077,24053,23764,1568,25332,299
2021-07-04,Plumas,063,18699,727,707,14,721,4
2021-07-04,Riverside,065,2383286,296531,293260,14050,307310,4536
2021-07-04,Sacramento,067,1510023,109375,108257,1855,110112,1676
2021-07-04,San Benito,069,59416,6138,6108,113,6221,63
2021-07-04,San Bernardino,071,2135413,295652,294294,9034,303328,5003
2021-07-04,San Diego,073,3302833,284368,282692,15594,298286,3780
2021-07-04,San Francisco,075,870044,37483,37107,1309,38416,558
2021-07-04,San Joaquin,077,732212,74489,73841,3607,77448,1409
2021-07-04,San Luis Obispo,079,281455,21613,21330,756,22086,256
2021-07-04,San Mateo,081,765935,42992,42691,489,43180,541
2021-07-04,Santa Barbara,083,443738,34723,34526,1129,35655,456
2021-07-04,Santa Clara,085,1922200,119933,118966,770,119736,2090
2021-07-04,Santa Cruz,087,273765,16389,16254,801,17055,208
2021-07-04,Shasta,089,179085,12658,12582,1645,14227,204
2021-07-04,Sierra,091,2930,64,60,12,72,0
2021-07-04,Siskiyou,093,43540,1980,1899,373,2272,29
2021-07-04,Solano,095,438530,33759,33486,577,34063,268
2021-07-04,Sonoma,097,501317,31287,31000,363,31363,316
2021-07-04,Stanislaus,099,539301,57310,57018,5992,63010,1018
2021-07-04,Sutter,101,95872,9683,9644,87,9731,114
2021-07-04,Tehama,103,63373,5167,5124,585,5709,63
2021-07-04,Trinity,105,12862,494,341,96,437,3
2021-07-04,Tulare,107,460477,50536,49789,9052,58841,853
2021-07-04,Tuolumne,109,53932,4110,4113,44,4157,64
2021-07-04,Ventura,111,848112,82131,81425,3055,84480,1033
2021-07-04,Yolo,113,214977,14278,14188,283,14471,213
2021-07-04,Yuba,115,75493,6267,6197,129,6326,51
2021-07-03,Alameda,001,1643700,90122,89683,1965,91648,1253
2021-07-03,Alpine,003,1148,88,89,0,89,0
2021-07-03,Amador,005,37829,3768,3758,32,3790,46
2021-07-03,Butte,007,227075,12839,12684,1901,14585,201
2021-07-03,Calaveras,009,45235,2222,2200,13,2213,55
2021-07-03,Colusa,011,21464,1974,1969,325,2294,15
2021-07-03,Contra Costa,013,1133247,71591,70941,1319,72260,818
2021-07-03,Del Norte,015,27424,1475,1439,13,1452,8
2021-07-03,El Dorado,017,186661,10575,10433,790,11223,113
2021-07-03,Fresno,019,978130,103667,102512,8708,111220,1727
2021-07-03,Glenn,021,27897,2457,2442,567,3009,20
2021-07-03,Humboldt,023,135768,4569,4530,53,4583,49
2021-07-03,Imperial,025,180216,28842,28661,2696,31357,739
2021-07-03,Inyo,027,18085,1416,1412,12,1424,35
2021-07-03,Kern,029,883053,98127,97421,11107,108528,1347
2021-07-03,Kings,031,150075,23325,23051,1095,24146,245
2021-07-03,Lake,033,64148,3666,3623,13,3636,62
2021-07-03,Lassen,035,31185,5302,5277,115,5392,20
2021-07-03,Los Angeles,037,10098052,1217428,1208705,41163,1249868,24506
2021-07-03,Madera,039,155013,16861,16696,943,17639,240
2021-07-03,Marin,041,260295,14280,14143,261,14404,233
2021-07-03,Mariposa,043,17540,442,441,11,452,5
2021-07-03,Mendocino,045,87422,4226,4122,87,4209,49
2021-07-03,Merced,047,269075,31310,31297,1042,32339,469
2021-07-03,Modoc,049,8938,415,410,147,557,4
2021-07-03,Mono,051,14174,1269,1275,18,1293,3
2021-07-03,Monterey,053,433212,43375,43212,1851,45063,492
2021-07-03,Napa,055,140530,10062,10045,36,10081,81
2021-07-03,Nevada,057,99092,5022,4966,193,5159,72
2021-07-03,Orange,059,3164182,257490,255823,11507,267330,5126
2021-07-03,Placer,061,380077,24034,23764,1565,25329,299
2021-07-03,Plumas,063,18699,727,707,14,721,4
2021-07-03,Riverside,065,2383286,296439,293260,14046,307306,4536
2021-07-03,Sacramento,067,1510023,109301,108257,1852,110109,1676
2021-07-03,San Benito,069,59416,6131,6108,113,6221,63
2021-07-03,San Bernardino,071,2135413,295562,294294,9031,303325,5003
2021-07-03,San Diego,073,3302833,284237,282692,15575,298267,3780
2021-07-03,San Francisco,075,870044,37442,37107,1306,38413,558
2021-07-03,San Joaquin,077,732212,74453,73841,3602,77443,1409
2021-07-03,San Luis Obispo,079,281455,21601,21330,756,22086,256
2021-07-03,San Mateo,081,765935,42967,42691,488,43179,541
2021-07-03,Santa Barbara,083,443738,34714,34526,1128,35654,456
2021-07-03,Santa Clara,085,1922200,119886,118966,770,119736,2090
2021-07-03,Santa Cruz,087,273765,16382,16254,801,17055,208
2021-07-03,Shasta,089,179085,12654,12582,1643,14225,204
2021-07-03,Sierra,091,2930,64,60,12,72,0
2021-07-03,Siskiyou,093,43540,1979,1899,372,2271,29
2021-07-03,Solano,095,438530,33715,33486,577,34063,268
2021-07-03,Sonoma,097,501317,31253,31000,363,31363,316
2021-07-03,Stanislaus,099,539301,57299,57018,5985,63003,1018
2021-07-03,Sutter,101,95872,9673,9644,87,9731,114
2021-07-03,Tehama,103,63373,5165,5124,585,5709,63
2021-07-03,Trinity,105,12862,494,341,96,437,3
2021-07-03,Tulare,107,460477,50530,49789,9046,58835,853
2021-07-03,Tuolumne,109,53932,4109,4113,44,4157,64
2021-07-03,Ventura,111,848112,82101,81425,3047,84472,1033
2021-07-03,Yolo,113,214977,14268,14188,280,14468,213
2021-07-03,Yuba,115,75493,6261,6197,129,6326,51
2021-07-02,Alameda,001,1643700,90038,89683,1963,91646,1253
2021-07-02,Alpine,003,1148,88,89,0,89,0
2021-07-02,Amador,005,37829,3766,3758,32,3790,46
2021-07-02,Butte,007,227075,12832,12684,1901,14585,201
2021-07-02,Calaveras,009,45235,2220,2200,13,2213,55
2021-07-02,Colusa,011,21464,1973,1969,324,2293,15
2021-07-02,Contra Costa,013,1133247,71521,70941,1315,72256,818
2021-07-02,Del Norte,015,27424,1475,1439,13,1452,8
2021-07-02,El Dorado,017,186661,10567,10433,790,11223,113
2021-07-02,Fresno,019,978130,103639,102512,8702,111214,1727
2021-07-02,Glenn,021,27897,2456,2442,566,3008,20
2021-07-02,Humboldt,023,135768,4566,4530,52,4582,49
2021-07-02,Imperial,025,180216,28836,28661,2695,31356,739
2021-07-02,Inyo,027,18085,1416,1412,12,1424,35
2021-07-02,Kern,029,883053,98109,97421,11099,108520,1347
2021-07-02,Kings,031,150075,23315,23051,1095,24146,245
2021-07-02,Lake,033,64148,3660,3623,13,3636,62
2021-07-02,Lassen,035,31185,5302,5277,115,5392,20
2021-07-02,Los Angeles,037,10098052,1216954,1208705,41125,1249830,24506
2021-07-02,Madera,039,155013,16852,16696,942,17638,240
2021-07-02,Marin,041,260295,14276,14143,261,14404,233
2021-07-02,Mariposa,043,17540,442,441,11,452,5
2021-07-02,Mendocino,045,87422,4222,4122,86,4208,49
2021-07-02,Merced,047,269075,31301,31297,1042,32339,469
2021-07-02,Modoc,049,8938,415,410,147,557,4
2021-07-02,Mono,051,14174,1268,1275,18,1293,3
2021-07-02,Monterey,053,433212,43367,43212,1850,45062,492
2021-07-02,Napa,055,140530,10057,10045,36,10081,81
2021-07-02,Nevada,057,99092,5013,4966,193,5159,72
2021-07-02,Orange,059,3164182,257378,255823,11500,267323,5126
2021-07-02,Placer,061,380077,24017,23764,1558,25322,299
2021-07-02,Plumas,063,18699,727,707,14,721,4
2021-07-02,Riverside,065,2383286,296341,293260,14041,307301,4536
2021-07-02,Sacramento,067,1510023,109223,108257,1851,110108,1676
2021-07-02,San Benito,069,59416,6128,6108,113,6221,63
2021-07-02,San Bernardino,071,2135413,295475,294294,9029,303323,5003
2021-07-02,San Diego,073,3302833,284092,282692,15549,298241,3780
2021-07-02,San Francisco,075,870044,37394,37107,1304,38411,558
2021-07-02,San Joaquin,077,732212,74421,73841,3596,77437,1409
2021-07-02,San Luis Obispo,079,281455,21595,21330,755,22085,256
2021-07-02,San Mateo,081,765935,42932,42691,488,43179,541
2021-07-02,Santa Barbara,083,443738,34704,34526,1128,35654,456
2021-07-02,Santa Clara,085,1922200,119808,118966,770,119736,2090
2021-07-02,Santa Cruz,087,273765,16378,16254,801,17055,208
2021-07-02,Shasta,089,179085,12650,12582,1643,14225,204
2021-07-02,Sierra,091,2930,63,60,12,72,0
2021-07-02,Siskiyou,093,43540,1976,1899,371,2270,29
2021-07-02,Solano,095,438530,33690,33486,577,34063,268
2021-07-02,Sonoma,097,501317,31230,31000,363,31363,316
2021-07-02,Stanislaus,099,539301,57282,57018,5984,63002,1018
2021-07-02,Sutter,101,95872,9669,9644,87,9731,114
2021-07-02,Tehama,103,63373,5163,5124,583,5707,63
2021-07-02,Trinity,105,12862,494,341,96,437,3
2021-07-02,Tulare,107,460477,50520,49789,9038,58827,853
2021-07-02,Tuolumne,109,53932,4106,4113,44,4157,64
2021-07-02,Ventura,111,848112,82058,81425,3039,84464,1033
2021-07-02,Yolo,113,214977,14252,14188,278,14466,213
2021-07-02,Yuba,115,75493,6253,6197,129,6326,51
2021-07-01,Alameda,001,1643700,89937,89683,1961,91644,1253
2021-07-01,Alpine,003,1148,88,89,0,89,0
2021-07-01,Amador,005,37829,3765,3758,32,3790,46
2021-07-01,Butte,007,227075,12820,12684,1899,14583,201
2021-07-01,Calaveras,009,45235,2218,2200,13,2213,55
2021-07-01,Colusa,011,21464,1973,1969,322,2291,15
2021-07-01,Contra Costa,013,1133247,71449,70941,1315,72256,818
2021-07-01,Del Norte,015,27424,1474,1439,13,1452,8
2021-07-01,El Dorado,017,186661,10555,10433,790,11223,113
2021-07-01,Fresno,019,978130,103600,102512,8697,111209,1727
2021-07-01,Glenn,021,27897,2456,2442,566,3008,20
2021-07-01,Humboldt,023,135768,4564,4530,52,4582,49
2021-07-01,Imperial,025,180216,28819,28661,2695,31356,739
2021-07-01,Inyo,027,18085,1416,1412,12,1424,35
2021-07-01,Kern,029,883053,98083,97421,11089,108510,1347
2021-07-01,Kings,031,150075,23301,23051,1095,24146,245
2021-07-01,Lake,033,64148,3657,3623,13,3636,62
2021-07-01,Lassen,035,31185,5300,5277,115,5392,20
2021-07-01,Los Angeles,037,10098052,1216350,1208705,41070,1249775,24506
2021-07-01,Madera,039,155013,16843,16696,941,17637,240
2021-07-01,Marin,041,260295,14272,14143,261,14404,233
2021-07-01,Mariposa,043,17540,442,441,11,452,5
2021-07-01,Mendocino,045,87422,4218,4122,85,4207,49
2021-07-01,Merced,047,269075,31295,31297,1042,32339,469
2021-07-01,Modoc,049,8938,415,410,147,557,4
2021-07-01,Mono,051,14174,1267,1275,18,1293,3
2021-07-01,Monterey,053,433212,43359,43212,1847,45059,492
2021-07-01,Napa,055,140530,10050,10045,36,10081,81
2021-07-01,Nevada,057,99092,5008,4966,193,5159,72
2021-07-01,Orange,059,3164182,257258,255823,11481,267304,5126
2021-07-01,Placer,061,380077,23999,23764,1555,25319,299
2021-07-01,Plumas,063,18699,724,707,12,719,4
2021-07-01,Riverside,065,2383286,296232,293260,14033,307293,4536
2021-07-01,Sacramento,067,1510023,109098,108257,1844,110101,1676
2021-07-01,San Benito,069,59416,6124,6108,113,6221,63
2021-07-01,San Bernardino,071,2135413,295354,294294,9024,303318,5003
2021-07-01,San Diego,073,3302833,283914,282692,15512,298204,3780
2021-07-01,San Francisco,075,870044,37357,37107,1302,38409,558
2021-07-01,San Joaquin,077,732212,74370,73841,3592,77433,1409
2021-07-01,San Luis Obispo,079,281455,21580,21330,754,22084,256
2021-07-01,San Mateo,081,765935,42904,42691,487,43178,541
2021-07-01,Santa Barbara,083,443738,34691,34526,1128,35654,456
2021-07-01,Santa Clara,085,1922200,119759,118966,770,119736,2090
2021-07-01,Santa Cruz,087,273765,16373,16254,801,17055,208
2021-07-01,Shasta,089,179085,12642,12582,1642,14224,204
2021-07-01,Sierra,091,2930,63,60,12,72,0
2021-07-01,Siskiyou,093,43540,1976,1899,371,2270,29
2021-07-01,Solano,095,438530,33649,33486,576,34062,268
2021-07-01,Sonoma,097,501317,31186,31000,363,31363,316
2021-07-01,Stanislaus,099,539301,57265,57018,5980,62998,1018
2021-07-01,Sutter,101,95872,9660,9644,87,9731,114
2021-07-01,Tehama,103,63373,5163,5124,582,5706,63
2021-07-01,Trinity,105,12862,494,341,96,437,3
2021-07-01,Tulare,107,460477,50511,49789,9031,58820,853
2021-07-01,Tuolumne,109,53932,4099,4113,44,4157,64
2021-07-01,Ventura,111,848112,82027,81425,3029,84454,1033
2021-07-01,Yolo,113,214977,14236,14188,276,14464,213
2021-07-01,Yuba,115,75493,6246,6197,129,6326,51
2021-06-30,Alameda,001,1643700,89856,89597,1957,91554,1256
2021-06-30,Alpine,003,1148,88,89,0,89,0
2021-06-30,Amador,005,37829,3763,3756,32,3788,46
2021-06-30,Butte,007,227075,12813,12676,1890,14566,201
2021-06-30,Calaveras,009,45235,2212,2198,13,2211,55
2021-06-30,Colusa,011,21464,1971,1967,319,2286,15
2021-06-30,Contra Costa,013,1133247,71384,70869,1312,72181,818
2021-06-30,Del Norte,015,27424,1469,1435,13,1448,8
2021-06-30,El Dorado,017,186661,10535,10420,790,11210,113
2021-06-30,Fresno,019,978130,103563,102490,8694,111184,1727
2021-06-30,Glenn,021,27897,2454,2440,566,3006,20
2021-06-30,Humboldt,023,135768,4548,4522,50,4572,49
2021-06-30,Imperial,025,180216,28811,28651,2695,31346,739
2021-06-30,Inyo,027,18085,1416,1409,12,1421,35
2021-06-30,Kern,029,883053,98042,97267,11077,108344,1348
2021-06-30,Kings,031,150075,23296,23038,1094,24132,245
2021-06-30,Lake,033,64148,3644,3601,13,3614,56
2021-06-30,Lassen,035,31185,5295,5269,115,5384,20
2021-06-30,Los Angeles,037,10098052,1215676,1208246,41025,1249271,24499
2021-06-30,Madera,039,155013,16835,16688,939,17627,240
2021-06-30,Marin,041,260295,14263,14133,260,14393,232
2021-06-30,Mariposa,043,17540,441,441,11,452,5
2021-06-30,Mendocino,045,87422,4208,4115,85,4200,49
2021-06-30,Merced,047,269075,31285,31286,1042,32328,469
2021-06-30,Modoc,049,8938,415,410,147,557,4
2021-06-30,Mono,051,14174,1267,1275,18,1293,3
2021-06-30,Monterey,053,433212,43354,43209,1845,45054,492
2021-06-30,Napa,055,140530,10042,10039,36,10075,81
2021-06-30,Nevada,057,99092,4997,4958,193,5151,72
2021-06-30,Orange,059,3164182,257133,255764,11471,267235,5125
2021-06-30,Placer,061,380077,23975,23721,1552,25273,299
2021-06-30,Plumas,063,18699,724,705,12,717,4
2021-06-30,Riverside,065,2383286,296118,293280,14025,307305,4535
2021-06-30,Sacramento,067,1510023,108959,108137,1840,109977,1676
2021-06-30,San Benito,069,59416,6120,6105,113,6218,63
2021-06-30,San Bernardino,071,2135413,295194,294211,9019,303230,4975
2021-06-30,San Diego,073,3302833,283778,282583,15484,298067,3780
2021-06-30,San Francisco,075,870044,37308,37065,1297,38362,558
2021-06-30,San Joaquin,077,732212,74308,73777,3591,77368,1409
2021-06-30,San Luis Obispo,079,281455,21567,21326,753,22079,256
2021-06-30,San Mateo,081,765935,42867,42599,486,43085,537
2021-06-30,Santa Barbara,083,443738,34675,34521,1128,35649,456
2021-06-30,Santa Clara,085,1922200,119712,118930,767,119697,2090
2021-06-30,Santa Cruz,087,273765,16367,16250,801,17051,208
2021-06-30,Shasta,089,179085,12636,12564,1642,14206,204
2021-06-30,Sierra,091,2930,63,60,12,72,0
2021-06-30,Siskiyou,093,43540,1974,1900,368,2268,29
2021-06-30,Solano,095,438530,33610,33453,574,34027,268
2021-06-30,Sonoma,097,501317,31156,30947,363,31310,316
2021-06-30,Stanislaus,099,539301,57248,56997,5979,62976,1018
2021-06-30,Sutter,101,95872,9650,9638,87,9725,114
2021-06-30,Tehama,103,63373,5161,5124,582,5706,63
2021-06-30,Trinity,105,12862,494,341,96,437,3
2021-06-30,Tulare,107,460477,50500,49764,9020,58784,853
2021-06-30,Tuolumne,109,53932,4096,4112,44,4156,64
2021-06-30,Ventura,111,848112,81984,81392,3024,84416,1032
2021-06-30,Yolo,113,214977,14230,14178,273,14451,213
2021-06-30,Yuba,115,75493,6239,6191,129,6320,51
2021-06-29,Alameda,001,1643700,89750,89519,1955,91474,1257
2021-06-29,Alpine,003,1148,88,89,0,89,0
2021-06-29,Amador,005,37829,3759,3754,32,3786,46
2021-06-29,Butte,007,227075,12805,12669,1890,14559,201
2021-06-29,Calaveras,009,45235,2206,2198,13,2211,55
2021-06-29,Colusa,011,21464,1969,1967,319,2286,15
2021-06-29,Contra Costa,013,1133247,71310,70775,1311,72086,817
2021-06-29,Del Norte,015,27424,1468,1435,13,1448,8
2021-06-29,El Dorado,017,186661,10522,10403,786,11189,113
2021-06-29,Fresno,019,978130,103530,102464,8691,111155,1725
2021-06-29,Glenn,021,27897,2453,2439,566,3005,20
2021-06-29,Humboldt,023,135768,4544,4514,49,4563,49
2021-06-29,Imperial,025,180216,28802,28645,2694,31339,737
2021-06-29,Inyo,027,18085,1416,1408,12,1420,35
2021-06-29,Kern,029,883053,98021,97173,11071,108244,1347
2021-06-29,Kings,031,150075,23287,23035,1093,24128,245
2021-06-29,Lake,033,64148,3638,3594,13,3607,56
2021-06-29,Lassen,035,31185,5288,5268,115,5383,20
2021-06-29,Los Angeles,037,10098052,1215061,1207895,40997,1248892,24498
2021-06-29,Madera,039,155013,16831,16680,938,17618,240
2021-06-29,Marin,041,260295,14251,14127,260,14387,232
2021-06-29,Mariposa,043,17540,441,441,11,452,5
2021-06-29,Mendocino,045,87422,4204,4107,84,4191,49
2021-06-29,Merced,047,269075,31273,31277,1042,32319,469
2021-06-29,Modoc,049,8938,414,408,147,555,3
2021-06-29,Mono,051,14174,1267,1275,18,1293,3
2021-06-29,Monterey,053,433212,43344,43196,1843,45039,471
2021-06-29,Napa,055,140530,10036,10033,36,10069,81
2021-06-29,Nevada,057,99092,4990,4952,193,5145,72
2021-06-29,Orange,059,3164182,257033,255686,11456,267142,5124
2021-06-29,Placer,061,380077,23951,23693,1550,25243,299
2021-06-29,Plumas,063,18699,724,704,12,716,4
2021-06-29,Riverside,065,2383286,296019,292962,14018,306980,4524
2021-06-29,Sacramento,067,1510023,108806,108067,1836,109903,1677
2021-06-29,San Benito,069,59416,6109,6099,113,6212,63
2021-06-29,San Bernardino,071,2135413,295082,294118,9018,303136,4940
2021-06-29,San Diego,073,3302833,283622,282499,15457,297956,3780
2021-06-29,San Francisco,075,870044,37269,37041,1294,38335,558
2021-06-29,San Joaquin,077,732212,74260,73724,3588,77312,1409
2021-06-29,San Luis Obispo,079,281455,21557,21324,752,22076,256
2021-06-29,San Mateo,081,765935,42833,42540,486,43026,540
2021-06-29,Santa Barbara,083,443738,34665,34507,1127,35634,455
2021-06-29,Santa Clara,085,1922200,119658,118893,766,119659,2090
2021-06-29,Santa Cruz,087,273765,16361,16249,801,17050,208
2021-06-29,Shasta,089,179085,12624,12564,1641,14205,204
2021-06-29,Sierra,091,2930,63,59,12,71,0
2021-06-29,Siskiyou,093,43540,1971,1897,364,2261,29
2021-06-29,Solano,095,438530,33577,33440,572,34012,268
2021-06-29,Sonoma,097,501317,31114,30950,361,31311,316
2021-06-29,Stanislaus,099,539301,57227,56980,5972,62952,1018
2021-06-29,Sutter,101,95872,9639,9634,87,9721,114
2021-06-29,Tehama,103,63373,5161,5124,582,5706,63
2021-06-29,Trinity,105,12862,494,341,96,437,3
2021-06-29,Tulare,107,460477,50487,49751,9015,58766,852
2021-06-29,Tuolumne,109,53932,4094,4111,44,4155,64
2021-06-29,Ventura,111,848112,81946,81363,3018,84381,1032
2021-06-29,Yolo,113,214977,14218,14171,272,14443,213
2021-06-29,Yuba,115,75493,6229,6188,129,6317,51
2021-06-28,Alameda,001,1643700,89655,89638,1952,91590,1259
2021-06-28,Alpine,003,1148,88,89,0,89,0
2021-06-28,Amador,005,37829,3758,3753,32,3785,46
2021-06-28,Butte,007,227075,12796,12697,1888,14585,198
2021-06-28,Calaveras,009,45235,2203,2203,13,2216,55
2021-06-28,Colusa,011,21464,1967,1974,319,2293,15
2021-06-28,Contra Costa,013,1133247,71235,70807,1309,72116,816
2021-06-28,Del Norte,015,27424,1468,1436,13,1449,8
2021-06-28,El Dorado,017,186661,10512,10422,782,11204,115
2021-06-28,Fresno,019,978130,103499,103121,8689,111810,1727
2021-06-28,Glenn,021,27897,2453,2439,566,3005,20
2021-06-28,Humboldt,023,135768,4537,4520,48,4568,49
2021-06-28,Imperial,025,180216,28794,28981,2693,31674,741
2021-06-28,Inyo,027,18085,1413,1407,12,1419,35
2021-06-28,Kern,029,883053,98002,97252,11066,108318,1348
2021-06-28,Kings,031,150075,23281,23134,1093,24227,246
2021-06-28,Lake,033,64148,3631,3591,13,3604,56
2021-06-28,Lassen,035,31185,5286,5268,115,5383,20
2021-06-28,Los Angeles,037,10098052,1214541,1207714,40963,1248677,24496
2021-06-28,Madera,039,155013,16820,16683,937,17620,240
2021-06-28,Marin,041,260295,14236,14186,260,14446,232
2021-06-28,Mariposa,043,17540,441,440,11,451,5
2021-06-28,Mendocino,045,87422,4195,4102,83,4185,49
2021-06-28,Merced,047,269075,31261,31277,1042,32319,469
2021-06-28,Modoc,049,8938,414,411,146,557,3
2021-06-28,Mono,051,14174,1267,1276,18,1294,3
2021-06-28,Monterey,053,433212,43340,43202,1842,45044,462
2021-06-28,Napa,055,140530,10027,10050,35,10085,81
2021-06-28,Nevada,057,99092,4986,4951,193,5144,72
2021-06-28,Orange,059,3164182,256943,255755,11442,267197,5123
2021-06-28,Placer,061,380077,23935,23756,1546,25302,299
2021-06-28,Plumas,063,18699,722,704,12,716,4
2021-06-28,Riverside,065,2383286,295893,292647,14006,306653,4507
2021-06-28,Sacramento,067,1510023,108674,108342,1831,110173,1675
2021-06-28,San Benito,069,59416,6107,6101,113,6214,63
2021-06-28,San Bernardino,071,2135413,294982,294151,9013,303164,4928
2021-06-28,San Diego,073,3302833,283458,282417,15428,297845,3780
2021-06-28,San Francisco,075,870044,37234,37372,1292,38664,559
2021-06-28,San Joaquin,077,732212,74213,73973,3585,77558,1411
2021-06-28,San Luis Obispo,079,281455,21553,21340,751,22091,256
2021-06-28,San Mateo,081,765935,42799,42927,485,43412,540
2021-06-28,Santa Barbara,083,443738,34658,34534,1125,35659,455
2021-06-28,Santa Clara,085,1922200,119594,120377,765,121142,2103
2021-06-28,Santa Cruz,087,273765,16356,16245,801,17046,208
2021-06-28,Shasta,089,179085,12620,12642,1639,14281,203
2021-06-28,Sierra,091,2930,63,58,12,70,0
2021-06-28,Siskiyou,093,43540,1970,1896,364,2260,29
2021-06-28,Solano,095,438530,33541,33524,570,34094,267
2021-06-28,Sonoma,097,501317,31077,31137,360,31497,315
2021-06-28,Stanislaus,099,539301,57209,57047,5968,63015,1018
2021-06-28,Sutter,101,95872,9635,9682,87,9769,114
2021-06-28,Tehama,103,63373,5159,5122,582,5704,63
2021-06-28,Trinity,105,12862,494,341,96,437,3
2021-06-28,Tulare,107,460477,50477,49751,9011,58762,850
2021-06-28,Tuolumne,109,53932,4086,4121,44,4165,64
2021-06-28,Ventura,111,848112,81889,81393,3013,84406,1032
2021-06-28,Yolo,113,214977,14209,14199,269,14468,213
2021-06-28,Yuba,115,75493,6224,6207,129,6336,51
2021-06-27,Alameda,001,1643700,89568,89611,1948,91559,1259
2021-06-27,Alpine,003,1148,88,89,0,89,0
2021-06-27,Amador,005,37829,3757,3752,32,3784,46
2021-06-27,Butte,007,227075,12787,12696,1887,14583,198
2021-06-27,Calaveras,009,45235,2202,2203,13,2216,55
2021-06-27,Colusa,011,21464,1967,1974,319,2293,15
2021-06-27,Contra Costa,013,1133247,71149,70762,1305,72067,816
2021-06-27,Del Norte,015,27424,1465,1436,13,1449,8
2021-06-27,El Dorado,017,186661,10500,10418,779,11197,115
2021-06-27,Fresno,019,978130,103470,103110,8686,111796,1727
2021-06-27,Glenn,021,27897,2452,2439,565,3004,20
2021-06-27,Humboldt,023,135768,4525,4513,45,4558,49
2021-06-27,Imperial,025,180216,28780,28987,2693,31680,741
2021-06-27,Inyo,027,18085,1413,1407,12,1419,35
2021-06-27,Kern,029,883053,97976,97249,11059,108308,1348
2021-06-27,Kings,031,150075,23271,23132,1093,24225,246
2021-06-27,Lake,033,64148,3624,3581,13,3594,56
2021-06-27,Lassen,035,31185,5285,5265,115,5380,20
2021-06-27,Los Angeles,037,10098052,1213989,1207461,40923,1248384,24493
2021-06-27,Madera,039,155013,16812,16680,937,17617,240
2021-06-27,Marin,041,260295,14227,14182,260,14442,232
2021-06-27,Mariposa,043,17540,441,440,11,451,5
2021-06-27,Mendocino,045,87422,4188,4100,83,4183,49
2021-06-27,Merced,047,269075,31249,31266,1042,32308,469
2021-06-27,Modoc,049,8938,414,411,146,557,3
2021-06-27,Mono,051,14174,1267,1279,18,1297,3
2021-06-27,Monterey,053,433212,43327,43199,1842,45041,462
2021-06-27,Napa,055,140530,10021,10046,35,10081,81
2021-06-27,Nevada,057,99092,4980,4946,193,5139,72
2021-06-27,Orange,059,3164182,256829,255710,11431,267141,5123
2021-06-27,Placer,061,380077,23902,23731,1543,25274,299
2021-06-27,Plumas,063,18699,722,704,12,716,4
2021-06-27,Riverside,065,2383286,295791,292641,14000,306641,4507
2021-06-27,Sacramento,067,1510023,108539,108279,1827,110106,1675
2021-06-27,San Benito,069,59416,6101,6101,113,6214,63
2021-06-27,San Bernardino,071,2135413,294869,294115,9011,303126,4927
2021-06-27,San Diego,073,3302833,283318,282359,15402,297761,3780
2021-06-27,San Francisco,075,870044,37197,37360,1291,38651,559
2021-06-27,San Joaquin,077,732212,74177,73960,3583,77543,1411
2021-06-27,San Luis Obispo,079,281455,21546,21340,750,22090,256
2021-06-27,San Mateo,081,765935,42770,42925,482,43407,539
2021-06-27,Santa Barbara,083,443738,34644,34533,1123,35656,455
2021-06-27,Santa Clara,085,1922200,119543,120352,764,121116,2103
2021-06-27,Santa Cruz,087,273765,16347,16241,801,17042,208
2021-06-27,Shasta,089,179085,12614,12640,1638,14278,203
2021-06-27,Sierra,091,2930,63,58,12,70,0
2021-06-27,Siskiyou,093,43540,1968,1896,363,2259,29
2021-06-27,Solano,095,438530,33513,33516,570,34086,267
2021-06-27,Sonoma,097,501317,31039,31129,360,31489,315
2021-06-27,Stanislaus,099,539301,57169,57021,5965,62986,1018
2021-06-27,Sutter,101,95872,9629,9678,87,9765,114
2021-06-27,Tehama,103,63373,5155,5122,582,5704,63
2021-06-27,Trinity,105,12862,494,341,95,436,3
2021-06-27,Tulare,107,460477,50464,49749,9004,58753,850
2021-06-27,Tuolumne,109,53932,4084,4121,44,4165,64
2021-06-27,Ventura,111,848112,81855,81361,3004,84365,1032
2021-06-27,Yolo,113,214977,14194,14194,265,14459,213
2021-06-27,Yuba,115,75493,6218,6205,129,6334,51
2021-06-26,Alameda,001,1643700,89511,89560,1946,91506,1259
2021-06-26,Alpine,003,1148,88,89,0,89,0
2021-06-26,Amador,005,37829,3757,3748,32,3780,46
2021-06-26,Butte,007,227075,12783,12693,1884,14577,198
2021-06-26,Calaveras,009,45235,2200,2202,13,2215,55
2021-06-26,Colusa,011,21464,1967,1973,319,2292,15
2021-06-26,Contra Costa,013,1133247,71106,70712,1304,72016,816
2021-06-26,Del Norte,015,27424,1464,1432,13,1445,8
2021-06-26,El Dorado,017,186661,10492,10414,777,11191,115
2021-06-26,Fresno,019,978130,103450,103091,8684,111775,1727
2021-06-26,Glenn,021,27897,2450,2441,565,3006,20
2021-06-26,Humboldt,023,135768,4522,4509,45,4554,49
2021-06-26,Imperial,025,180216,28776,28970,2693,31663,741
2021-06-26,Inyo,027,18085,1413,1407,12,1419,35
2021-06-26,Kern,029,883053,97950,97239,11050,108289,1348
2021-06-26,Kings,031,150075,23267,23128,1092,24220,246
2021-06-26,Lake,033,64148,3613,3576,13,3589,56
2021-06-26,Lassen,035,31185,5282,5263,115,5378,20
2021-06-26,Los Angeles,037,10098052,1213684,1207198,40891,1248089,24490
2021-06-26,Madera,039,155013,16805,16679,936,17615,240
2021-06-26,Marin,041,260295,14218,14180,260,14440,232
2021-06-26,Mariposa,043,17540,441,440,11,451,5
2021-06-26,Mendocino,045,87422,4186,4096,83,4179,49
2021-06-26,Merced,047,269075,31243,31259,1041,32300,469
2021-06-26,Modoc,049,8938,414,411,146,557,3
2021-06-26,Mono,051,14174,1267,1279,18,1297,3
2021-06-26,Monterey,053,433212,43324,43192,1842,45034,462
2021-06-26,Napa,055,140530,10014,10043,35,10078,81
2021-06-26,Nevada,057,99092,4975,4939,193,5132,72
2021-06-26,Orange,059,3164182,256749,255640,11424,267064,5123
2021-06-26,Placer,061,380077,23888,23702,1541,25243,299
2021-06-26,Plumas,063,18699,722,704,12,716,4
2021-06-26,Riverside,065,2383286,295733,292480,13994,306474,4505
2021-06-26,Sacramento,067,1510023,108468,108179,1824,110003,1675
2021-06-26,San Benito,069,59416,6097,6100,113,6213,63
2021-06-26,San Bernardino,071,2135413,294775,294034,9007,303041,4928
2021-06-26,San Diego,073,3302833,283233,282263,15384,297647,3780
2021-06-26,San Francisco,075,870044,37165,37348,1290,38638,559
2021-06-26,San Joaquin,077,732212,74148,73928,3582,77510,1411
2021-06-26,San Luis Obispo,079,281455,21545,21330,749,22079,256
2021-06-26,San Mateo,081,765935,42750,42898,482,43380,539
2021-06-26,Santa Barbara,083,443738,34635,34525,1123,35648,455
2021-06-26,Santa Clara,085,1922200,119510,120321,764,121085,2103
2021-06-26,Santa Cruz,087,273765,16344,16239,801,17040,208
2021-06-26,Shasta,089,179085,12610,12635,1634,14269,203
2021-06-26,Sierra,091,2930,63,58,12,70,0
2021-06-26,Siskiyou,093,43540,1967,1896,362,2258,29
2021-06-26,Solano,095,438530,33495,33489,568,34057,267
2021-06-26,Sonoma,097,501317,31013,31088,360,31448,315
2021-06-26,Stanislaus,099,539301,57153,57006,5962,62968,1018
2021-06-26,Sutter,101,95872,9628,9669,87,9756,114
2021-06-26,Tehama,103,63373,5155,5119,582,5701,63
2021-06-26,Trinity,105,12862,494,341,95,436,3
2021-06-26,Tulare,107,460477,50458,49745,9004,58749,850
2021-06-26,Tuolumne,109,53932,4084,4121,44,4165,64
2021-06-26,Ventura,111,848112,81831,81352,3003,84355,1032
2021-06-26,Yolo,113,214977,14186,14184,265,14449,213
2021-06-26,Yuba,115,75493,6215,6200,129,6329,51
2021-06-25,Alameda,001,1643700,89443,89453,1944,91397,1271
2021-06-25,Alpine,003,1148,88,89,0,89,0
2021-06-25,Amador,005,37829,3756,3746,32,3778,46
2021-06-25,Butte,007,227075,12778,12682,1881,14563,198
2021-06-25,Calaveras,009,45235,2199,2201,13,2214,55
2021-06-25,Colusa,011,21464,1967,1972,319,2291,15
2021-06-25,Contra Costa,013,1133247,71070,70659,1304,71963,815
2021-06-25,Del Norte,015,27424,1464,1426,13,1439,8
2021-06-25,El Dorado,017,186661,10484,10406,774,11180,115
2021-06-25,Fresno,019,978130,103432,103073,8680,111753,1727
2021-06-25,Glenn,021,27897,2450,2441,565,3006,20
2021-06-25,Humboldt,023,135768,4516,4503,43,4546,49
2021-06-25,Imperial,025,180216,28773,28968,2693,31661,740
2021-06-25,Inyo,027,18085,1412,1406,12,1418,35
2021-06-25,Kern,029,883053,97931,97182,11046,108228,1347
2021-06-25,Kings,031,150075,23261,23118,1092,24210,246
2021-06-25,Lake,033,64148,3607,3571,13,3584,56
2021-06-25,Lassen,035,31185,5281,5259,115,5374,20
2021-06-25,Los Angeles,037,10098052,1213401,1206909,40874,1247783,24483
2021-06-25,Madera,039,155013,16802,16670,936,17606,240
2021-06-25,Marin,041,260295,14215,14179,260,14439,232
2021-06-25,Mariposa,043,17540,441,440,11,451,5
2021-06-25,Mendocino,045,87422,4183,4089,83,4172,49
2021-06-25,Merced,047,269075,31235,31256,1041,32297,467
2021-06-25,Modoc,049,8938,414,411,146,557,3
2021-06-25,Mono,051,14174,1267,1279,18,1297,3
2021-06-25,Monterey,053,433212,43319,43184,1841,45025,462
2021-06-25,Napa,055,140530,10009,10037,35,10072,81
2021-06-25,Nevada,057,99092,4972,4932,193,5125,72
2021-06-25,Orange,059,3164182,256678,255574,11422,266996,5119
2021-06-25,Placer,061,380077,23869,23672,1540,25212,299
2021-06-25,Plumas,063,18699,722,702,11,713,4
2021-06-25,Riverside,065,2383286,295665,291663,13987,305650,4490
2021-06-25,Sacramento,067,1510023,108396,108034,1821,109855,1673
2021-06-25,San Benito,069,59416,6093,6098,113,6211,63
2021-06-25,San Bernardino,071,2135413,294720,293941,9005,302946,4911
2021-06-25,San Diego,073,3302833,283173,282157,15371,297528,3779
2021-06-25,San Francisco,075,870044,37142,37338,1289,38627,559
2021-06-25,San Joaquin,077,732212,74115,73860,3580,77440,1410
2021-06-25,San Luis Obispo,079,281455,21542,21325,748,22073,256
2021-06-25,San Mateo,081,765935,42732,42849,482,43331,537
2021-06-25,Santa Barbara,083,443738,34626,34518,1122,35640,454
2021-06-25,Santa Clara,085,1922200,119490,120272,764,121036,2103
2021-06-25,Santa Cruz,087,273765,16341,16230,799,17029,208
2021-06-25,Shasta,089,179085,12600,12633,1633,14266,202
2021-06-25,Sierra,091,2930,63,58,12,70,0
2021-06-25,Siskiyou,093,43540,1966,1894,362,2256,29
2021-06-25,Solano,095,438530,33475,33449,568,34017,267
2021-06-25,Sonoma,097,501317,30990,31043,360,31403,314
2021-06-25,Stanislaus,099,539301,57137,56973,5955,62928,1018
2021-06-25,Sutter,101,95872,9621,9664,87,9751,114
2021-06-25,Tehama,103,63373,5154,5119,582,5701,63
2021-06-25,Trinity,105,12862,494,338,95,433,3
2021-06-25,Tulare,107,460477,50451,49731,9001,58732,850
2021-06-25,Tuolumne,109,53932,4083,4121,44,4165,64
2021-06-25,Ventura,111,848112,81802,81342,2997,84339,1032
2021-06-25,Yolo,113,214977,14180,14172,265,14437,213
2021-06-25,Yuba,115,75493,6211,6195,129,6324,51
2021-06-24,Alameda,001,1643700,89371,89358,1941,91299,1268
2021-06-24,Alpine,003,1148,88,89,0,89,0
2021-06-24,Amador,005,37829,3752,3745,32,3777,46
2021-06-24,Butte,007,227075,12772,12673,1879,14552,198
2021-06-24,Calaveras,009,45235,2196,2202,13,2215,55
2021-06-24,Colusa,011,21464,1966,1972,319,2291,15
2021-06-24,Contra Costa,013,1133247,71011,70590,1304,71894,813
2021-06-24,Del Norte,015,27424,1463,1421,13,1434,8
2021-06-24,El Dorado,017,186661,10477,10402,774,11176,115
2021-06-24,Fresno,019,978130,103412,103061,8678,111739,1727
2021-06-24,Glenn,021,27897,2449,2439,565,3004,20
2021-06-24,Humboldt,023,135768,4511,4493,43,4536,49
2021-06-24,Imperial,025,180216,28770,28981,2693,31674,740
2021-06-24,Inyo,027,18085,1411,1406,12,1418,35
2021-06-24,Kern,029,883053,97912,97129,11033,108162,1346
2021-06-24,Kings,031,150075,23257,23114,1091,24205,246
2021-06-24,Lake,033,64148,3601,3571,13,3584,56
2021-06-24,Lassen,035,31185,5280,5258,115,5373,20
2021-06-24,Los Angeles,037,10098052,1213076,1206590,40850,1247440,24480
2021-06-24,Madera,039,155013,16791,16662,935,17597,240
2021-06-24,Marin,041,260295,14211,14180,260,14440,232
2021-06-24,Mariposa,043,17540,441,440,11,451,5
2021-06-24,Mendocino,045,87422,4175,4085,83,4168,49
2021-06-24,Merced,047,269075,31225,31248,1040,32288,466
2021-06-24,Modoc,049,8938,414,411,146,557,3
2021-06-24,Mono,051,14174,1267,1276,18,1294,3
2021-06-24,Monterey,053,433212,43312,43180,1841,45021,451
2021-06-24,Napa,055,140530,10007,10036,35,10071,80
2021-06-24,Nevada,057,99092,4970,4927,193,5120,72
2021-06-24,Orange,059,3164182,256614,255520,11414,266934,5117
2021-06-24,Placer,061,380077,23844,23659,1538,25197,299
2021-06-24,Plumas,063,18699,721,702,11,713,4
2021-06-24,Riverside,065,2383286,295584,291067,13976,305043,4473
2021-06-24,Sacramento,067,1510023,108308,107965,1819,109784,1672
2021-06-24,San Benito,069,59416,6090,6098,113,6211,63
2021-06-24,San Bernardino,071,2135413,294649,293895,8999,302894,4898
2021-06-24,San Diego,073,3302833,283069,282053,15358,297411,3778
2021-06-24,San Francisco,075,870044,37120,37320,1287,38607,559
2021-06-24,San Joaquin,077,732212,74067,73814,3580,77394,1408
2021-06-24,San Luis Obispo,079,281455,21536,21326,748,22074,256
2021-06-24,San Mateo,081,765935,42706,42814,481,43295,542
2021-06-24,Santa Barbara,083,443738,34620,34512,1121,35633,454
2021-06-24,Santa Clara,085,1922200,119459,120274,763,121037,2103
2021-06-24,Santa Cruz,087,273765,16340,16227,799,17026,208
2021-06-24,Shasta,089,179085,12595,12629,1629,14258,202
2021-06-24,Sierra,091,2930,63,58,12,70,0
2021-06-24,Siskiyou,093,43540,1966,1892,362,2254,28
2021-06-24,Solano,095,438530,33452,33432,566,33998,267
2021-06-24,Sonoma,097,501317,30961,31020,360,31380,314
2021-06-24,Stanislaus,099,539301,57111,56946,5955,62901,1018
2021-06-24,Sutter,101,95872,9614,9660,87,9747,113
2021-06-24,Tehama,103,63373,5151,5115,582,5697,63
2021-06-24,Trinity,105,12862,493,338,95,433,3
2021-06-24,Tulare,107,460477,50440,49730,8999,58729,850
2021-06-24,Tuolumne,109,53932,4081,4120,44,4164,64
2021-06-24,Ventura,111,848112,81774,81332,2996,84328,1032
2021-06-24,Yolo,113,214977,14171,14169,262,14431,213
2021-06-24,Yuba,115,75493,6206,6195,129,6324,51
2021-06-23,Alameda,001,1643700,89299,89338,1940,91278,1266
2021-06-23,Alpine,003,1148,88,88,0,88,0
2021-06-23,Amador,005,37829,3750,3743,32,3775,46
2021-06-23,Butte,007,227075,12765,12666,1879,14545,198
2021-06-23,Calaveras,009,45235,2195,2199,13,2212,55
2021-06-23,Colusa,011,21464,1965,1972,319,2291,15
2021-06-23,Contra Costa,013,1133247,70946,70526,1303,71829,813
2021-06-23,Del Norte,015,27424,1459,1418,13,1431,8
2021-06-23,El Dorado,017,186661,10467,10395,771,11166,115
2021-06-23,Fresno,019,978130,103383,103020,8676,111696,1724
2021-06-23,Glenn,021,27897,2449,2437,564,3001,20
2021-06-23,Humboldt,023,135768,4502,4490,43,4533,48
2021-06-23,Imperial,025,180216,28763,28908,2693,31601,740
2021-06-23,Inyo,027,18085,1411,1406,12,1418,35
2021-06-23,Kern,029,883053,97884,97078,11020,108098,1345
2021-06-23,Kings,031,150075,23250,23105,1089,24194,245
2021-06-23,Lake,033,64148,3592,3566,13,3579,53
2021-06-23,Lassen,035,31185,5277,5257,115,5372,20
2021-06-23,Los Angeles,037,10098052,1212739,1206358,40840,1247198,24472
2021-06-23,Madera,039,155013,16784,16660,935,17595,240
2021-06-23,Marin,041,260295,14205,14177,260,14437,230
2021-06-23,Mariposa,043,17540,441,439,11,450,5
2021-06-23,Mendocino,045,87422,4171,4078,83,4161,49
2021-06-23,Merced,047,269075,31216,31260,1040,32300,465
2021-06-23,Modoc,049,8938,412,407,146,553,3
2021-06-23,Mono,051,14174,1267,1279,18,1297,3
2021-06-23,Monterey,053,433212,43303,43166,1841,45007,439
2021-06-23,Napa,055,140530,9998,10032,35,10067,80
2021-06-23,Nevada,057,99092,4967,4924,193,5117,72
2021-06-23,Orange,059,3164182,256548,255479,11406,266885,5116
2021-06-23,Placer,061,380077,23815,23630,1533,25163,299
2021-06-23,Plumas,063,18699,720,701,11,712,4
2021-06-23,Riverside,065,2383286,295501,290343,13974,304317,4462
2021-06-23,Sacramento,067,1510023,108215,107868,1814,109682,1671
2021-06-23,San Benito,069,59416,6086,6097,113,6210,63
2021-06-23,San Bernardino,071,2135413,294570,293816,8994,302810,4886
2021-06-23,San Diego,073,3302833,282969,281937,15337,297274,3777
2021-06-23,San Francisco,075,870044,37095,37304,1285,38589,559
2021-06-23,San Joaquin,077,732212,74028,73764,3578,77342,1405
2021-06-23,San Luis Obispo,079,281455,21532,21323,747,22070,257
2021-06-23,San Mateo,081,765935,42690,42756,481,43237,542
2021-06-23,Santa Barbara,083,443738,34610,34505,1121,35626,454
2021-06-23,Santa Clara,085,1922200,119430,120233,763,120996,2098
2021-06-23,Santa Cruz,087,273765,16336,16215,799,17014,209
2021-06-23,Shasta,089,179085,12588,12604,1627,14231,202
2021-06-23,Sierra,091,2930,63,57,12,69,0
2021-06-23,Siskiyou,093,43540,1964,1892,362,2254,28
2021-06-23,Solano,095,438530,33408,33408,566,33974,267
2021-06-23,Sonoma,097,501317,30921,30959,358,31317,314
2021-06-23,Stanislaus,099,539301,57081,56926,5954,62880,1017
2021-06-23,Sutter,101,95872,9608,9653,87,9740,113
2021-06-23,Tehama,103,63373,5151,5119,581,5700,63
2021-06-23,Trinity,105,12862,493,338,95,433,3
2021-06-23,Tulare,107,460477,50433,49711,8996,58707,850
2021-06-23,Tuolumne,109,53932,4078,4120,44,4164,64
2021-06-23,Ventura,111,848112,81751,81312,2993,84305,1032
2021-06-23,Yolo,113,214977,14161,14161,262,14423,212
2021-06-23,Yuba,115,75493,6203,6190,129,6319,51
2021-06-22,Alameda,001,1643700,89232,89308,1940,91248,1263
2021-06-22,Alpine,003,1148,88,88,0,88,0
2021-06-22,Amador,005,37829,3747,3743,32,3775,46
2021-06-22,Butte,007,227075,12761,12662,1876,14538,198
2021-06-22,Calaveras,009,45235,2194,2198,13,2211,55
2021-06-22,Colusa,011,21464,1964,1971,319,2290,15
2021-06-22,Contra Costa,013,1133247,70890,70480,1302,71782,813
2021-06-22,Del Norte,015,27424,1456,1417,13,1430,8
2021-06-22,El Dorado,017,186661,10462,10380,770,11150,113
2021-06-22,Fresno,019,978130,103363,102996,8672,111668,1724
2021-06-22,Glenn,021,27897,2448,2435,562,2997,19
2021-06-22,Humboldt,023,135768,4492,4483,43,4526,42
2021-06-22,Imperial,025,180216,28758,28880,2693,31573,740
2021-06-22,Inyo,027,18085,1411,1405,12,1417,35
2021-06-22,Kern,029,883053,97871,97013,11016,108029,1342
2021-06-22,Kings,031,150075,23242,23098,1088,24186,245
2021-06-22,Lake,033,64148,3590,3564,13,3577,45
2021-06-22,Lassen,035,31185,5272,5254,115,5369,20
2021-06-22,Los Angeles,037,10098052,1212423,1206146,40828,1246974,24461
2021-06-22,Madera,039,155013,16779,16652,935,17587,240
2021-06-22,Marin,041,260295,14203,14174,260,14434,230
2021-06-22,Mariposa,043,17540,441,439,11,450,5
2021-06-22,Mendocino,045,87422,4165,4072,83,4155,49
2021-06-22,Merced,047,269075,31205,31267,1040,32307,464
2021-06-22,Modoc,049,8938,410,405,145,550,3
2021-06-22,Mono,051,14174,1267,1277,18,1295,3
2021-06-22,Monterey,053,433212,43300,43162,1840,45002,427
2021-06-22,Napa,055,140530,9994,10029,35,10064,80
2021-06-22,Nevada,057,99092,4961,4923,193,5116,72
2021-06-22,Orange,059,3164182,256479,255452,11395,266847,5114
2021-06-22,Placer,061,380077,23793,23603,1533,25136,299
2021-06-22,Plumas,063,18699,720,697,11,708,4
2021-06-22,Riverside,065,2383286,295440,289839,13970,303809,4456
2021-06-22,Sacramento,067,1510023,108114,107801,1809,109610,1670
2021-06-22,San Benito,069,59416,6085,6098,113,6211,63
2021-06-22,San Bernardino,071,2135413,294494,293770,8988,302758,4873
2021-06-22,San Diego,073,3302833,282865,281867,15314,297181,3771
2021-06-22,San Francisco,075,870044,37081,37287,1285,38572,556
2021-06-22,San Joaquin,077,732212,73998,73723,3576,77299,1405
2021-06-22,San Luis Obispo,079,281455,21529,21321,746,22067,257
2021-06-22,San Mateo,081,765935,42676,42725,476,43201,542
2021-06-22,Santa Barbara,083,443738,34599,34500,1120,35620,454
2021-06-22,Santa Clara,085,1922200,119398,120194,763,120957,2095
2021-06-22,Santa Cruz,087,273765,16331,16218,799,17017,209
2021-06-22,Shasta,089,179085,12577,12616,1624,14240,202
2021-06-22,Sierra,091,2930,62,57,12,69,0
2021-06-22,Siskiyou,093,43540,1964,1892,362,2254,28
2021-06-22,Solano,095,438530,33390,33397,565,33962,267
2021-06-22,Sonoma,097,501317,30881,30933,358,31291,314
2021-06-22,Stanislaus,099,539301,57065,56915,5952,62867,1017
2021-06-22,Sutter,101,95872,9601,9649,87,9736,113
2021-06-22,Tehama,103,63373,5149,5118,580,5698,63
2021-06-22,Trinity,105,12862,491,337,95,432,3
2021-06-22,Tulare,107,460477,50425,49706,8991,58697,850
2021-06-22,Tuolumne,109,53932,4076,4119,44,4163,64
2021-06-22,Ventura,111,848112,81737,81300,2992,84292,1032
2021-06-22,Yolo,113,214977,14156,14157,260,14417,212
2021-06-22,Yuba,115,75493,6199,6181,129,6310,51
2021-06-21,Alameda,001,1643700,89176,89281,1939,91220,1262
2021-06-21,Alpine,003,1148,88,88,0,88,0
2021-06-21,Amador,005,37829,3741,3742,32,3774,46
2021-06-21,Butte,007,227075,12755,12668,1874,14542,195
2021-06-21,Calaveras,009,45235,2192,2194,13,2207,55
2021-06-21,Colusa,011,21464,1963,1970,318,2288,15
2021-06-21,Contra Costa,013,1133247,70819,70439,1301,71740,813
2021-06-21,Del Norte,015,27424,1452,1416,13,1429,8
2021-06-21,El Dorado,017,186661,10456,10375,769,11144,113
2021-06-21,Fresno,019,978130,103343,102971,8669,111640,1724
2021-06-21,Glenn,021,27897,2447,2433,562,2995,19
2021-06-21,Humboldt,023,135768,4483,4478,42,4520,42
2021-06-21,Imperial,025,180216,28754,28855,2693,31548,740
2021-06-21,Inyo,027,18085,1410,1405,12,1417,35
2021-06-21,Kern,029,883053,97842,96995,11008,108003,1342
2021-06-21,Kings,031,150075,23235,23091,1085,24176,245
2021-06-21,Lake,033,64148,3584,3563,13,3576,45
2021-06-21,Lassen,035,31185,5270,5233,115,5348,19
2021-06-21,Los Angeles,037,10098052,1212129,1205994,40806,1246800,24459
2021-06-21,Madera,039,155013,16770,16647,935,17582,240
2021-06-21,Marin,041,260295,14199,14173,260,14433,230
2021-06-21,Mariposa,043,17540,441,439,11,450,5
2021-06-21,Mendocino,045,87422,4162,4085,83,4168,49
2021-06-21,Merced,047,269075,31195,31264,1039,32303,465
2021-06-21,Modoc,049,8938,410,405,145,550,3
2021-06-21,Mono,051,14174,1267,1277,18,1295,3
2021-06-21,Monterey,053,433212,43297,43157,1840,44997,427
2021-06-21,Napa,055,140530,9989,10028,35,10063,80
2021-06-21,Nevada,057,99092,4957,4921,193,5114,72
2021-06-21,Orange,059,3164182,256406,255400,11388,266788,5113
2021-06-21,Placer,061,380077,23769,23577,1533,25110,298
2021-06-21,Plumas,063,18699,718,697,11,708,4
2021-06-21,Riverside,065,2383286,295364,289797,13965,303762,4456
2021-06-21,Sacramento,067,1510023,108003,107757,1808,109565,1669
2021-06-21,San Benito,069,59416,6081,6098,113,6211,63
2021-06-21,San Bernardino,071,2135413,294407,293736,8984,302720,4850
2021-06-21,San Diego,073,3302833,282760,281811,15294,297105,3771
2021-06-21,San Francisco,075,870044,37065,37275,1284,38559,556
2021-06-21,San Joaquin,077,732212,73957,73687,3575,77262,1405
2021-06-21,San Luis Obispo,079,281455,21520,21316,746,22062,257
2021-06-21,San Mateo,081,765935,42660,42685,475,43160,542
2021-06-21,Santa Barbara,083,443738,34594,34492,1120,35612,455
2021-06-21,Santa Clara,085,1922200,119365,120192,762,120954,2093
2021-06-21,Santa Cruz,087,273765,16329,16212,799,17011,208
2021-06-21,Shasta,089,179085,12564,12617,1621,14238,201
2021-06-21,Sierra,091,2930,62,57,12,69,0
2021-06-21,Siskiyou,093,43540,1964,1892,362,2254,27
2021-06-21,Solano,095,438530,33367,33383,564,33947,266
2021-06-21,Sonoma,097,501317,30858,30912,358,31270,314
2021-06-21,Stanislaus,099,539301,57035,56891,5947,62838,1017
2021-06-21,Sutter,101,95872,9598,9649,87,9736,113
2021-06-21,Tehama,103,63373,5149,5115,579,5694,63
2021-06-21,Trinity,105,12862,491,337,95,432,3
2021-06-21,Tulare,107,460477,50414,49689,8987,58676,849
2021-06-21,Tuolumne,109,53932,4072,4119,44,4163,63
2021-06-21,Ventura,111,848112,81709,81291,2988,84279,1031
2021-06-21,Yolo,113,214977,14150,14165,260,14425,212
2021-06-21,Yuba,115,75493,6198,6172,129,6301,51
2021-06-20,Alameda,001,1643700,89111,89255,1938,91193,1263
2021-06-20,Alpine,003,1148,88,88,0,88,0
2021-06-20,Amador,005,37829,3738,3740,32,3772,46
2021-06-20,Butte,007,227075,12748,12668,1873,14541,194
2021-06-20,Calaveras,009,45235,2191,2193,13,2206,55
2021-06-20,Colusa,011,21464,1963,1970,318,2288,15
2021-06-20,Contra Costa,013,1133247,70762,70401,1299,71700,813
2021-06-20,Del Norte,015,27424,1448,1416,13,1429,8
2021-06-20,El Dorado,017,186661,10442,10372,766,11138,113
2021-06-20,Fresno,019,978130,103302,102947,8666,111613,1724
2021-06-20,Glenn,021,27897,2447,2434,562,2996,19
2021-06-20,Humboldt,023,135768,4477,4472,42,4514,42
2021-06-20,Imperial,025,180216,28745,28855,2693,31548,740
2021-06-20,Inyo,027,18085,1409,1405,12,1417,35
2021-06-20,Kern,029,883053,97821,96985,10997,107982,1342
2021-06-20,Kings,031,150075,23230,23088,1083,24171,245
2021-06-20,Lake,033,64148,3582,3563,13,3576,45
2021-06-20,Lassen,035,31185,5267,5230,115,5345,19
2021-06-20,Los Angeles,037,10098052,1211824,1205874,40798,1246672,24456
2021-06-20,Madera,039,155013,16762,16638,933,17571,240
2021-06-20,Marin,041,260295,14196,14166,260,14426,230
2021-06-20,Mariposa,043,17540,439,439,11,450,5
2021-06-20,Mendocino,045,87422,4155,4080,83,4163,49
2021-06-20,Merced,047,269075,31183,31265,1039,32304,465
2021-06-20,Modoc,049,8938,410,405,145,550,3
2021-06-20,Mono,051,14174,1267,1275,18,1293,3
2021-06-20,Monterey,053,433212,43288,43156,1839,44995,427
2021-06-20,Napa,055,140530,9982,10026,34,10060,80
2021-06-20,Nevada,057,99092,4950,4919,193,5112,72
2021-06-20,Orange,059,3164182,256342,255377,11377,266754,5113
2021-06-20,Placer,061,380077,23735,23562,1529,25091,298
2021-06-20,Plumas,063,18699,717,697,11,708,4
2021-06-20,Riverside,065,2383286,295285,289770,13954,303724,4456
2021-06-20,Sacramento,067,1510023,107891,107700,1805,109505,1669
2021-06-20,San Benito,069,59416,6081,6098,113,6211,63
2021-06-20,San Bernardino,071,2135413,294306,293713,8980,302693,4845
2021-06-20,San Diego,073,3302833,282654,281750,15272,297022,3771
2021-06-20,San Francisco,075,870044,37042,37269,1284,38553,556
2021-06-20,San Joaquin,077,732212,73912,73676,3566,77242,1405
2021-06-20,San Luis Obispo,079,281455,21518,21313,746,22059,257
2021-06-20,San Mateo,081,765935,42631,42681,475,43156,542
2021-06-20,Santa Barbara,083,443738,34585,34487,1120,35607,455
2021-06-20,Santa Clara,085,1922200,119330,120163,762,120925,2093
2021-06-20,Santa Cruz,087,273765,16324,16210,799,17009,208
2021-06-20,Shasta,089,179085,12559,12617,1619,14236,201
2021-06-20,Sierra,091,2930,62,57,12,69,0
2021-06-20,Siskiyou,093,43540,1963,1891,362,2253,27
2021-06-20,Solano,095,438530,33345,33361,562,33923,266
2021-06-20,Sonoma,097,501317,30811,30884,355,31239,314
2021-06-20,Stanislaus,099,539301,57002,56868,5946,62814,1017
2021-06-20,Sutter,101,95872,9595,9645,87,9732,113
2021-06-20,Tehama,103,63373,5145,5115,579,5694,63
2021-06-20,Trinity,105,12862,491,337,95,432,3
2021-06-20,Tulare,107,460477,50405,49685,8985,58670,849
2021-06-20,Tuolumne,109,53932,4069,4117,44,4161,63
2021-06-20,Ventura,111,848112,81693,81282,2986,84268,1031
2021-06-20,Yolo,113,214977,14143,14160,260,14420,212
2021-06-20,Yuba,115,75493,6191,6167,129,6296,51
2021-06-19,Alameda,001,1643700,89076,89202,1938,91140,1263
2021-06-19,Alpine,003,1148,88,88,0,88,0
2021-06-19,Amador,005,37829,3736,3739,32,3771,46
2021-06-19,Butte,007,227075,12744,12659,1873,14532,194
2021-06-19,Calaveras,009,45235,2191,2192,13,2205,55
2021-06-19,Colusa,011,21464,1963,1969,318,2287,15
2021-06-19,Contra Costa,013,1133247,70731,70334,1298,71632,813
2021-06-19,Del Norte,015,27424,1447,1416,13,1429,8
2021-06-19,El Dorado,017,186661,10441,10363,765,11128,113
2021-06-19,Fresno,019,978130,103289,102922,8665,111587,1724
2021-06-19,Glenn,021,27897,2446,2434,561,2995,19
2021-06-19,Humboldt,023,135768,4466,4463,42,4505,42
2021-06-19,Imperial,025,180216,28744,28813,2693,31506,740
2021-06-19,Inyo,027,18085,1409,1405,12,1417,35
2021-06-19,Kern,029,883053,97805,96966,10993,107959,1342
2021-06-19,Kings,031,150075,23227,23086,1083,24169,245
2021-06-19,Lake,033,64148,3578,3563,13,3576,45
2021-06-19,Lassen,035,31185,5266,5225,115,5340,19
2021-06-19,Los Angeles,037,10098052,1211621,1205602,40782,1246384,24454
2021-06-19,Madera,039,155013,16760,16632,933,17565,240
2021-06-19,Marin,041,260295,14188,14152,260,14412,230
2021-06-19,Mariposa,043,17540,439,439,11,450,5
2021-06-19,Mendocino,045,87422,4150,4077,83,4160,49
2021-06-19,Merced,047,269075,31181,31256,1039,32295,465
2021-06-19,Modoc,049,8938,409,402,145,547,3
2021-06-19,Mono,051,14174,1267,1275,18,1293,3
2021-06-19,Monterey,053,433212,43282,43153,1839,44992,427
2021-06-19,Napa,055,140530,9978,10025,34,10059,80
2021-06-19,Nevada,057,99092,4945,4910,193,5103,72
2021-06-19,Orange,059,3164182,256296,255329,11374,266703,5112
2021-06-19,Placer,061,380077,23719,23537,1526,25063,298
2021-06-19,Plumas,063,18699,716,697,11,708,4
2021-06-19,Riverside,065,2383286,295239,289720,13954,303674,4456
2021-06-19,Sacramento,067,1510023,107844,107631,1802,109433,1669
2021-06-19,San Benito,069,59416,6080,6098,113,6211,63
2021-06-19,San Bernardino,071,2135413,294263,293673,8978,302651,4844
2021-06-19,San Diego,073,3302833,282594,281682,15258,296940,3771
2021-06-19,San Francisco,075,870044,37029,37256,1284,38540,556
2021-06-19,San Joaquin,077,732212,73896,73652,3562,77214,1405
2021-06-19,San Luis Obispo,079,281455,21516,21308,744,22052,257
2021-06-19,San Mateo,081,765935,42613,42646,473,43119,542
2021-06-19,Santa Barbara,083,443738,34583,34472,1120,35592,455
2021-06-19,Santa Clara,085,1922200,119307,120110,761,120871,2093
2021-06-19,Santa Cruz,087,273765,16319,16206,799,17005,208
2021-06-19,Shasta,089,179085,12557,12615,1618,14233,201
2021-06-19,Sierra,091,2930,62,57,12,69,0
2021-06-19,Siskiyou,093,43540,1963,1891,362,2253,27
2021-06-19,Solano,095,438530,33335,33341,561,33902,266
2021-06-19,Sonoma,097,501317,30770,30841,355,31196,314
2021-06-19,Stanislaus,099,539301,56983,56847,5943,62790,1017
2021-06-19,Sutter,101,95872,9592,9645,87,9732,113
2021-06-19,Tehama,103,63373,5144,5115,579,5694,63
2021-06-19,Trinity,105,12862,491,337,95,432,3
2021-06-19,Tulare,107,460477,50398,49681,8980,58661,849
2021-06-19,Tuolumne,109,53932,4069,4117,44,4161,63
2021-06-19,Ventura,111,848112,81680,81270,2985,84255,1031
2021-06-19,Yolo,113,214977,14139,14156,259,14415,212
2021-06-19,Yuba,115,75493,6190,6157,129,6286,51
2021-06-18,Alameda,001,1643700,89039,89123,1938,91061,1263
2021-06-18,Alpine,003,1148,88,88,0,88,0
2021-06-18,Amador,005,37829,3736,3739,32,3771,46
2021-06-18,Butte,007,227075,12741,12653,1870,14523,194
2021-06-18,Calaveras,009,45235,2191,2191,13,2204,55
2021-06-18,Colusa,011,21464,1962,1969,318,2287,15
2021-06-18,Contra Costa,013,1133247,70689,70271,1296,71567,813
2021-06-18,Del Norte,015,27424,1447,1415,13,1428,8
2021-06-18,El Dorado,017,186661,10438,10348,763,11111,113
2021-06-18,Fresno,019,978130,103273,102894,8663,111557,1722
2021-06-18,Glenn,021,27897,2445,2430,561,2991,19
2021-06-18,Humboldt,023,135768,4458,4450,42,4492,42
2021-06-18,Imperial,025,180216,28742,28809,2693,31502,740
2021-06-18,Inyo,027,18085,1409,1405,12,1417,35
2021-06-18,Kern,029,883053,97794,96948,10987,107935,1341
2021-06-18,Kings,031,150075,23222,23082,1083,24165,245
2021-06-18,Lake,033,64148,3574,3563,13,3576,45
2021-06-18,Lassen,035,31185,5265,5224,115,5339,19
2021-06-18,Los Angeles,037,10098052,1211454,1205472,40766,1246238,24451
2021-06-18,Madera,039,155013,16754,16625,933,17558,241
2021-06-18,Marin,041,260295,14185,14147,260,14407,230
2021-06-18,Mariposa,043,17540,439,439,11,450,5
2021-06-18,Mendocino,045,87422,4145,4068,83,4151,49
2021-06-18,Merced,047,269075,31179,31262,1039,32301,464
2021-06-18,Modoc,049,8938,409,402,145,547,3
2021-06-18,Mono,051,14174,1266,1275,17,1292,3
2021-06-18,Monterey,053,433212,43279,43148,1839,44987,427
2021-06-18,Napa,055,140530,9974,10021,34,10055,80
2021-06-18,Nevada,057,99092,4937,4903,193,5096,72
2021-06-18,Orange,059,3164182,256259,255274,11371,266645,5108
2021-06-18,Placer,061,380077,23711,23500,1523,25023,298
2021-06-18,Plumas,063,18699,716,697,11,708,4
2021-06-18,Riverside,065,2383286,295190,289676,13953,303629,4457
2021-06-18,Sacramento,067,1510023,107796,107570,1802,109372,1669
2021-06-18,San Benito,069,59416,6079,6097,113,6210,63
2021-06-18,San Bernardino,071,2135413,294219,293629,8974,302603,4826
2021-06-18,San Diego,073,3302833,282518,281608,15247,296855,3771
2021-06-18,San Francisco,075,870044,37020,37246,1284,38530,556
2021-06-18,San Joaquin,077,732212,73878,73623,3560,77183,1403
2021-06-18,San Luis Obispo,079,281455,21512,21301,742,22043,257
2021-06-18,San Mateo,081,765935,42602,42630,472,43102,542
2021-06-18,Santa Barbara,083,443738,34573,34469,1120,35589,455
2021-06-18,Santa Clara,085,1922200,119286,120081,759,120840,2093
2021-06-18,Santa Cruz,087,273765,16315,16202,799,17001,208
2021-06-18,Shasta,089,179085,12553,12607,1616,14223,201
2021-06-18,Sierra,091,2930,61,57,12,69,0
2021-06-18,Siskiyou,093,43540,1963,1890,362,2252,27
2021-06-18,Solano,095,438530,33321,33323,561,33884,266
2021-06-18,Sonoma,097,501317,30752,30816,354,31170,313
2021-06-18,Stanislaus,099,539301,56968,56803,5941,62744,1012
2021-06-18,Sutter,101,95872,9589,9643,87,9730,113
2021-06-18,Tehama,103,63373,5142,5114,579,5693,63
2021-06-18,Trinity,105,12862,491,337,94,431,3
2021-06-18,Tulare,107,460477,50396,49664,8973,58637,849
2021-06-18,Tuolumne,109,53932,4066,4116,44,4160,63
2021-06-18,Ventura,111,848112,81670,81256,2980,84236,1031
2021-06-18,Yolo,113,214977,14136,14148,257,14405,212
2021-06-18,Yuba,115,75493,6184,6150,129,6279,51
2021-06-17,Alameda,001,1643700,88993,89087,1938,91025,1262
2021-06-17,Alpine,003,1148,88,88,0,88,0
2021-06-17,Amador,005,37829,3734,3731,32,3763,46
2021-06-17,Butte,007,227075,12731,12644,1869,14513,194
2021-06-17,Calaveras,009,45235,2190,2189,13,2202,55
2021-06-17,Colusa,011,21464,1961,1969,318,2287,15
2021-06-17,Contra Costa,013,1133247,70650,70190,1292,71482,810
2021-06-17,Del Norte,015,27424,1445,1413,13,1426,8
2021-06-17,El Dorado,017,186661,10428,10341,763,11104,113
2021-06-17,Fresno,019,978130,103247,102867,8659,111526,1722
2021-06-17,Glenn,021,27897,2445,2430,561,2991,19
2021-06-17,Humboldt,023,135768,4449,4438,42,4480,42
2021-06-17,Imperial,025,180216,28734,28801,2693,31494,741
2021-06-17,Inyo,027,18085,1409,1405,12,1417,35
2021-06-17,Kern,029,883053,97779,96840,10981,107821,1340
2021-06-17,Kings,031,150075,23218,23078,1082,24160,245
2021-06-17,Lake,033,64148,3571,3563,9,3572,45
2021-06-17,Lassen,035,31185,5261,5223,115,5338,19
2021-06-17,Los Angeles,037,10098052,1211239,1205301,40739,1246040,24444
2021-06-17,Madera,039,155013,16749,16618,933,17551,241
2021-06-17,Marin,041,260295,14185,14141,260,14401,229
2021-06-17,Mariposa,043,17540,439,439,11,450,5
2021-06-17,Mendocino,045,87422,4138,4054,83,4137,49
2021-06-17,Merced,047,269075,31174,31262,1039,32301,464
2021-06-17,Modoc,049,8938,408,401,145,546,3
2021-06-17,Mono,051,14174,1265,1275,17,1292,3
2021-06-17,Monterey,053,433212,43271,43140,1839,44979,416
2021-06-17,Napa,055,140530,9974,10014,34,10048,80
2021-06-17,Nevada,057,99092,4933,4898,193,5091,72
2021-06-17,Orange,059,3164182,256213,255240,11361,266601,5109
2021-06-17,Placer,061,380077,23695,23461,1521,24982,298
2021-06-17,Plumas,063,18699,715,697,11,708,4
2021-06-17,Riverside,065,2383286,295136,289627,13951,303578,4458
2021-06-17,Sacramento,067,1510023,107732,107492,1800,109292,1666
2021-06-17,San Benito,069,59416,6079,6097,113,6210,63
2021-06-17,San Bernardino,071,2135413,294178,293560,8974,302534,4811
2021-06-17,San Diego,073,3302833,282442,281531,15233,296764,3771
2021-06-17,San Francisco,075,870044,37008,37243,1283,38526,556
2021-06-17,San Joaquin,077,732212,73855,73560,3555,77115,1403
2021-06-17,San Luis Obispo,079,281455,21510,21297,742,22039,257
2021-06-17,San Mateo,081,765935,42596,42615,472,43087,542
2021-06-17,Santa Barbara,083,443738,34567,34466,1120,35586,453
2021-06-17,Santa Clara,085,1922200,119261,120032,758,120790,2093
2021-06-17,Santa Cruz,087,273765,16311,16197,799,16996,208
2021-06-17,Shasta,089,179085,12545,12597,1616,14213,201
2021-06-17,Sierra,091,2930,61,56,12,68,0
2021-06-17,Siskiyou,093,43540,1962,1889,362,2251,27
2021-06-17,Solano,095,438530,33300,33296,560,33856,266
2021-06-17,Sonoma,097,501317,30722,30793,354,31147,323
2021-06-17,Stanislaus,099,539301,56937,56752,5936,62688,1012
2021-06-17,Sutter,101,95872,9586,9629,87,9716,113
2021-06-17,Tehama,103,63373,5141,5112,577,5689,63
2021-06-17,Trinity,105,12862,490,337,94,431,3
2021-06-17,Tulare,107,460477,50391,49649,8965,58614,849
2021-06-17,Tuolumne,109,53932,4065,4116,44,4160,63
2021-06-17,Ventura,111,848112,81661,81248,2977,84225,1030
2021-06-17,Yolo,113,214977,14128,14141,257,14398,212
2021-06-17,Yuba,115,75493,6175,6140,129,6269,51
2021-06-16,Alameda,001,1643700,88944,89045,1937,90982,1265
2021-06-16,Alpine,003,1148,88,88,0,88,0
2021-06-16,Amador,005,37829,3733,3730,32,3762,46
2021-06-16,Butte,007,227075,12729,12635,1867,14502,194
2021-06-16,Calaveras,009,45235,2188,2188,13,2201,55
2021-06-16,Colusa,011,21464,1961,1967,318,2285,15
2021-06-16,Contra Costa,013,1133247,70598,70136,1291,71427,810
2021-06-16,Del Norte,015,27424,1442,1413,13,1426,8
2021-06-16,El Dorado,017,186661,10422,10334,762,11096,113
2021-06-16,Fresno,019,978130,103216,102842,8655,111497,1722
2021-06-16,Glenn,021,27897,2445,2430,561,2991,19
2021-06-16,Humboldt,023,135768,4440,4427,41,4468,42
2021-06-16,Imperial,025,180216,28731,28796,2693,31489,741
2021-06-16,Inyo,027,18085,1408,1405,12,1417,35
2021-06-16,Kern,029,883053,97757,96789,10974,107763,1339
2021-06-16,Kings,031,150075,23217,23072,1081,24153,245
2021-06-16,Lake,033,64148,3571,3562,9,3571,45
2021-06-16,Lassen,035,31185,5258,5216,115,5331,19
2021-06-16,Los Angeles,037,10098052,1211015,1205102,40729,1245831,24439
2021-06-16,Madera,039,155013,16745,16603,933,17536,240
2021-06-16,Marin,041,260295,14183,14137,260,14397,229
2021-06-16,Mariposa,043,17540,439,437,11,448,5
2021-06-16,Mendocino,045,87422,4130,4041,83,4124,49
2021-06-16,Merced,047,269075,31166,31250,1039,32289,463
2021-06-16,Modoc,049,8938,407,383,144,527,3
2021-06-16,Mono,051,14174,1265,1275,17,1292,3
2021-06-16,Monterey,053,433212,43268,43122,1839,44961,416
2021-06-16,Napa,055,140530,9970,10011,34,10045,80
2021-06-16,Nevada,057,99092,4928,4894,193,5087,72
2021-06-16,Orange,059,3164182,256159,255188,11353,266541,5109
2021-06-16,Placer,061,380077,23685,23425,1517,24942,298
2021-06-16,Plumas,063,18699,715,697,11,708,4
2021-06-16,Riverside,065,2383286,295075,289539,13949,303488,4457
2021-06-16,Sacramento,067,1510023,107662,107422,1796,109218,1665
2021-06-16,San Benito,069,59416,6079,6090,113,6203,63
2021-06-16,San Bernardino,071,2135413,294129,293499,8972,302471,4797
2021-06-16,San Diego,073,3302833,282363,281423,15220,296643,3770
2021-06-16,San Francisco,075,870044,36995,37222,1281,38503,555
2021-06-16,San Joaquin,077,732212,73817,73530,3551,77081,1399
2021-06-16,San Luis Obispo,079,281455,21505,21294,742,22036,257
2021-06-16,San Mateo,081,765935,42580,42601,472,43073,542
2021-06-16,Santa Barbara,083,443738,34561,34459,1120,35579,460
2021-06-16,Santa Clara,085,1922200,119229,119982,758,120740,2087
2021-06-16,Santa Cruz,087,273765,16308,16187,799,16986,208
2021-06-16,Shasta,089,179085,12540,12592,1615,14207,200
2021-06-16,Sierra,091,2930,61,56,12,68,0
2021-06-16,Siskiyou,093,43540,1961,1886,362,2248,26
2021-06-16,Solano,095,438530,33272,33276,560,33836,266
2021-06-16,Sonoma,097,501317,30686,30741,354,31095,323
2021-06-16,Stanislaus,099,539301,56906,56738,5934,62672,984
2021-06-16,Sutter,101,95872,9582,9620,87,9707,113
2021-06-16,Tehama,103,63373,5139,5106,577,5683,63
2021-06-16,Trinity,105,12862,489,332,94,426,3
2021-06-16,Tulare,107,460477,50386,49578,8961,58539,849
2021-06-16,Tuolumne,109,53932,4065,4110,44,4154,63
2021-06-16,Ventura,111,848112,81647,81229,2975,84204,1029
2021-06-16,Yolo,113,214977,14119,14135,256,14391,212
2021-06-16,Yuba,115,75493,6165,6134,129,6263,51
2021-06-15,Alameda,001,1643700,88903,89008,1937,90945,1262
2021-06-15,Alpine,003,1148,88,88,0,88,0
2021-06-15,Amador,005,37829,3730,3723,32,3755,46
2021-06-15,Butte,007,227075,12721,12620,1866,14486,194
2021-06-15,Calaveras,009,45235,2187,2188,13,2201,55
2021-06-15,Colusa,011,21464,1961,1967,316,2283,15
2021-06-15,Contra Costa,013,1133247,70536,70101,1291,71392,810
2021-06-15,Del Norte,015,27424,1441,1411,13,1424,8
2021-06-15,El Dorado,017,186661,10413,10330,762,11092,113
2021-06-15,Fresno,019,978130,103184,102828,8654,111482,1722
2021-06-15,Glenn,021,27897,2444,2426,561,2987,19
2021-06-15,Humboldt,023,135768,4431,4414,40,4454,42
2021-06-15,Imperial,025,180216,28725,28789,2693,31482,741
2021-06-15,Inyo,027,18085,1408,1405,12,1417,35
2021-06-15,Kern,029,883053,97729,96782,10966,107748,1338
2021-06-15,Kings,031,150075,23211,23070,1079,24149,245
2021-06-15,Lake,033,64148,3570,3559,9,3568,45
2021-06-15,Lassen,035,31185,5257,5211,115,5326,19
2021-06-15,Los Angeles,037,10098052,1210790,1204926,40721,1245647,24435
2021-06-15,Madera,039,155013,16738,16600,932,17532,240
2021-06-15,Marin,041,260295,14175,14135,260,14395,229
2021-06-15,Mariposa,043,17540,439,437,11,448,5
2021-06-15,Mendocino,045,87422,4123,4034,83,4117,49
2021-06-15,Merced,047,269075,31160,31244,1039,32283,461
2021-06-15,Modoc,049,8938,406,383,144,527,3
2021-06-15,Mono,051,14174,1265,1275,17,1292,3
2021-06-15,Monterey,053,433212,43262,43118,1839,44957,416
2021-06-15,Napa,055,140530,9968,10010,34,10044,80
2021-06-15,Nevada,057,99092,4925,4888,193,5081,72
2021-06-15,Orange,059,3164182,256118,255127,11344,266471,5105
2021-06-15,Placer,061,380077,23663,23396,1516,24912,298
2021-06-15,Plumas,063,18699,714,697,11,708,4
2021-06-15,Riverside,065,2383286,295015,289508,13945,303453,4455
2021-06-15,Sacramento,067,1510023,107587,107370,1790,109160,1662
2021-06-15,San Benito,069,59416,6078,6089,113,6202,63
2021-06-15,San Bernardino,071,2135413,294079,293463,8966,302429,4790
2021-06-15,San Diego,073,3302833,282279,281375,15205,296580,3770
2021-06-15,San Francisco,075,870044,36986,37210,1280,38490,555
2021-06-15,San Joaquin,077,732212,73777,73494,3546,77040,1399
2021-06-15,San Luis Obispo,079,281455,21500,21293,741,22034,257
2021-06-15,San Mateo,081,765935,42567,42593,472,43065,543
2021-06-15,Santa Barbara,083,443738,34556,34451,1120,35571,460
2021-06-15,Santa Clara,085,1922200,119191,119963,758,120721,2086
2021-06-15,Santa Cruz,087,273765,16302,16180,798,16978,208
2021-06-15,Shasta,089,179085,12534,12583,1615,14198,201
2021-06-15,Sierra,091,2930,60,55,12,67,0
2021-06-15,Siskiyou,093,43540,1960,1887,362,2249,26
2021-06-15,Solano,095,438530,33253,33264,560,33824,266
2021-06-15,Sonoma,097,501317,30647,30707,353,31060,323
2021-06-15,Stanislaus,099,539301,56878,56724,5931,62655,979
2021-06-15,Sutter,101,95872,9573,9616,87,9703,113
2021-06-15,Tehama,103,63373,5137,5102,577,5679,63
2021-06-15,Trinity,105,12862,488,332,93,425,3
2021-06-15,Tulare,107,460477,50380,49561,8958,58519,848
2021-06-15,Tuolumne,109,53932,4065,4111,44,4155,63
2021-06-15,Ventura,111,848112,81636,81215,2972,84187,1029
2021-06-15,Yolo,113,214977,14115,14127,254,14381,212
2021-06-15,Yuba,115,75493,6154,6130,129,6259,51
2021-06-14,Alameda,001,1643700,88855,88966,1937,90903,1264
2021-06-14,Alpine,003,1148,88,88,0,88,0
2021-06-14,Amador,005,37829,3729,3722,32,3754,46
2021-06-14,Butte,007,227075,12710,12613,1862,14475,194
2021-06-14,Calaveras,009,45235,2186,2190,13,2203,55
2021-06-14,Colusa,011,21464,1960,1966,316,2282,15
2021-06-14,Contra Costa,013,1133247,70483,70069,1289,71358,810
2021-06-14,Del Norte,015,27424,1441,1411,13,1424,8
2021-06-14,El Dorado,017,186661,10404,10327,760,11087,113
2021-06-14,Fresno,019,978130,103162,102812,8652,111464,1719
2021-06-14,Glenn,021,27897,2444,2426,561,2987,19
2021-06-14,Humboldt,023,135768,4423,4407,39,4446,42
2021-06-14,Imperial,025,180216,28713,28836,2693,31529,741
2021-06-14,Inyo,027,18085,1407,1405,12,1417,35
2021-06-14,Kern,029,883053,97709,96760,10956,107716,1337
2021-06-14,Kings,031,150075,23208,23071,1078,24149,245
2021-06-14,Lake,033,64148,3569,3557,9,3566,45
2021-06-14,Lassen,035,31185,5254,5209,114,5323,19
2021-06-14,Los Angeles,037,10098052,1210548,1204748,40711,1245459,24434
2021-06-14,Madera,039,155013,16732,16597,931,17528,240
2021-06-14,Marin,041,260295,14173,14133,260,14393,229
2021-06-14,Mariposa,043,17540,438,437,11,448,5
2021-06-14,Mendocino,045,87422,4117,4028,83,4111,49
2021-06-14,Merced,047,269075,31151,31241,1038,32279,461
2021-06-14,Modoc,049,8938,397,382,142,524,3
2021-06-14,Mono,051,14174,1265,1275,17,1292,3
2021-06-14,Monterey,053,433212,43259,43110,1839,44949,415
2021-06-14,Napa,055,140530,9964,10000,34,10034,80
2021-06-14,Nevada,057,99092,4918,4885,193,5078,72
2021-06-14,Orange,059,3164182,256080,255069,11340,266409,5103
2021-06-14,Placer,061,380077,23638,23379,1515,24894,298
2021-06-14,Plumas,063,18699,714,696,11,707,4
2021-06-14,Riverside,065,2383286,294961,289476,13945,303421,4453
2021-06-14,Sacramento,067,1510023,107532,107334,1784,109118,1661
2021-06-14,San Benito,069,59416,6078,6087,113,6200,63
2021-06-14,San Bernardino,071,2135413,294023,293446,8962,302408,4790
2021-06-14,San Diego,073,3302833,282173,281314,15185,296499,3770
2021-06-14,San Francisco,075,870044,36972,37206,1280,38486,555
2021-06-14,San Joaquin,077,732212,73748,73453,3546,76999,1398
2021-06-14,San Luis Obispo,079,281455,21498,21302,741,22043,256
2021-06-14,San Mateo,081,765935,42554,42619,471,43090,543
2021-06-14,Santa Barbara,083,443738,34553,34449,1120,35569,460
2021-06-14,Santa Clara,085,1922200,119160,119957,757,120714,2085
2021-06-14,Santa Cruz,087,273765,16299,16175,798,16973,208
2021-06-14,Shasta,089,179085,12523,12561,1612,14173,201
2021-06-14,Sierra,091,2930,59,55,12,67,0
2021-06-14,Siskiyou,093,43540,1960,1886,362,2248,26
2021-06-14,Solano,095,438530,33236,33243,559,33802,266
2021-06-14,Sonoma,097,501317,30615,30679,352,31031,323
2021-06-14,Stanislaus,099,539301,56841,56689,5928,62617,975
2021-06-14,Sutter,101,95872,9570,9607,87,9694,112
2021-06-14,Tehama,103,63373,5135,5102,577,5679,63
2021-06-14,Trinity,105,12862,488,332,93,425,3
2021-06-14,Tulare,107,460477,50375,49538,8955,58493,848
2021-06-14,Tuolumne,109,53932,4062,4108,44,4152,63
2021-06-14,Ventura,111,848112,81626,81209,2972,84181,1028
2021-06-14,Yolo,113,214977,14107,14123,254,14377,212
2021-06-14,Yuba,115,75493,6147,6127,129,6256,50
2021-06-13,Alameda,001,1643700,88797,88947,1936,90883,1264
2021-06-13,Alpine,003,1148,87,88,0,88,0
2021-06-13,Amador,005,37829,3725,3721,32,3753,46
2021-06-13,Butte,007,227075,12699,12586,1859,14445,194
2021-06-13,Calaveras,009,45235,2186,2189,13,2202,55
2021-06-13,Colusa,011,21464,1960,1965,315,2280,15
2021-06-13,Contra Costa,013,1133247,70430,70040,1287,71327,810
2021-06-13,Del Norte,015,27424,1439,1412,13,1425,8
2021-06-13,El Dorado,017,186661,10395,10324,760,11084,113
2021-06-13,Fresno,019,978130,103132,102795,8647,111442,1719
2021-06-13,Glenn,021,27897,2443,2425,559,2984,19
2021-06-13,Humboldt,023,135768,4410,4401,39,4440,42
2021-06-13,Imperial,025,180216,28704,28800,2693,31493,741
2021-06-13,Inyo,027,18085,1407,1405,12,1417,35
2021-06-13,Kern,029,883053,97685,96743,10944,107687,1337
2021-06-13,Kings,031,150075,23203,23069,1077,24146,245
2021-06-13,Lake,033,64148,3569,3556,9,3565,45
2021-06-13,Lassen,035,31185,5249,5209,114,5323,19
2021-06-13,Los Angeles,037,10098052,1210280,1204614,40700,1245314,24433
2021-06-13,Madera,039,155013,16718,16590,931,17521,240
2021-06-13,Marin,041,260295,14167,14126,260,14386,229
2021-06-13,Mariposa,043,17540,438,434,11,445,5
2021-06-13,Mendocino,045,87422,4110,4026,83,4109,49
2021-06-13,Merced,047,269075,31145,31240,1037,32277,461
2021-06-13,Modoc,049,8938,395,382,140,522,3
2021-06-13,Mono,051,14174,1265,1275,17,1292,3
2021-06-13,Monterey,053,433212,43251,43108,1839,44947,415
2021-06-13,Napa,055,140530,9958,9995,34,10029,80
2021-06-13,Nevada,057,99092,4913,4883,193,5076,72
2021-06-13,Orange,059,3164182,256025,255043,11337,266380,5103
2021-06-13,Placer,061,380077,23612,23365,1513,24878,295
2021-06-13,Plumas,063,18699,713,696,11,707,4
2021-06-13,Riverside,065,2383286,294894,289447,13942,303389,4453
2021-06-13,Sacramento,067,1510023,107456,107289,1781,109070,1658
2021-06-13,San Benito,069,59416,6078,6086,113,6199,63
2021-06-13,San Bernardino,071,2135413,293971,293416,8957,302373,4788
2021-06-13,San Diego,073,3302833,282094,281268,15169,296437,3770
2021-06-13,San Francisco,075,870044,36960,37197,1280,38477,555
2021-06-13,San Joaquin,077,732212,73713,73438,3544,76982,1398
2021-06-13,San Luis Obispo,079,281455,21492,21298,740,22038,256
2021-06-13,San Mateo,081,765935,42541,42611,471,43082,542
2021-06-13,Santa Barbara,083,443738,34542,34449,1119,35568,460
2021-06-13,Santa Clara,085,1922200,119136,119946,757,120703,2085
2021-06-13,Santa Cruz,087,273765,16292,16172,798,16970,208
2021-06-13,Shasta,089,179085,12514,12560,1611,14171,201
2021-06-13,Sierra,091,2930,59,55,12,67,0
2021-06-13,Siskiyou,093,43540,1959,1885,362,2247,26
2021-06-13,Solano,095,438530,33215,33234,559,33793,266
2021-06-13,Sonoma,097,501317,30580,30663,350,31013,323
2021-06-13,Stanislaus,099,539301,56815,56671,5925,62596,975
2021-06-13,Sutter,101,95872,9563,9603,87,9690,112
2021-06-13,Tehama,103,63373,5133,5100,577,5677,63
2021-06-13,Trinity,105,12862,487,332,93,425,3
2021-06-13,Tulare,107,460477,50366,49537,8950,58487,848
2021-06-13,Tuolumne,109,53932,4060,4107,43,4150,63
2021-06-13,Ventura,111,848112,81612,81201,2972,84173,1028
2021-06-13,Yolo,113,214977,14098,14120,252,14372,212
2021-06-13,Yuba,115,75493,6140,6125,129,6254,50
2021-06-12,Alameda,001,1643700,88770,88901,1936,90837,1271
2021-06-12,Alpine,003,1148,87,88,0,88,0
2021-06-12,Amador,005,37829,3724,3721,32,3753,46
2021-06-12,Butte,007,227075,12695,12576,1859,14435,194
2021-06-12,Calaveras,009,45235,2186,2189,13,2202,55
2021-06-12,Colusa,011,21464,1960,1965,315,2280,15
2021-06-12,Contra Costa,013,1133247,70399,69989,1285,71274,810
2021-06-12,Del Norte,015,27424,1439,1412,13,1425,8
2021-06-12,El Dorado,017,186661,10390,10320,759,11079,113
2021-06-12,Fresno,019,978130,103122,102783,8646,111429,1720
2021-06-12,Glenn,021,27897,2441,2425,559,2984,19
2021-06-12,Humboldt,023,135768,4402,4396,39,4435,42
2021-06-12,Imperial,025,180216,28701,28799,2693,31492,741
2021-06-12,Inyo,027,18085,1407,1405,12,1417,35
2021-06-12,Kern,029,883053,97670,96731,10940,107671,1337
2021-06-12,Kings,031,150075,23201,23067,1077,24144,245
2021-06-12,Lake,033,64148,3568,3552,9,3561,45
2021-06-12,Lassen,035,31185,5249,5208,114,5322,19
2021-06-12,Los Angeles,037,10098052,1210143,1204439,40694,1245133,24434
2021-06-12,Madera,039,155013,16714,16586,931,17517,240
2021-06-12,Marin,041,260295,14164,14121,260,14381,229
2021-06-12,Mariposa,043,17540,438,434,11,445,5
2021-06-12,Mendocino,045,87422,4107,4024,83,4107,49
2021-06-12,Merced,047,269075,31142,31236,1037,32273,461
2021-06-12,Modoc,049,8938,394,382,140,522,3
2021-06-12,Mono,051,14174,1265,1275,17,1292,3
2021-06-12,Monterey,053,433212,43246,43103,1839,44942,415
2021-06-12,Napa,055,140530,9954,9986,34,10020,80
2021-06-12,Nevada,057,99092,4907,4878,193,5071,72
2021-06-12,Orange,059,3164182,255993,255004,11335,266339,5103
2021-06-12,Placer,061,380077,23593,23345,1513,24858,295
2021-06-12,Plumas,063,18699,713,696,11,707,4
2021-06-12,Riverside,065,2383286,294852,289413,13939,303352,4453
2021-06-12,Sacramento,067,1510023,107397,107199,1778,108977,1658
2021-06-12,San Benito,069,59416,6076,6083,113,6196,63
2021-06-12,San Bernardino,071,2135413,293936,293375,8955,302330,4788
2021-06-12,San Diego,073,3302833,282037,281203,15160,296363,3770
2021-06-12,San Francisco,075,870044,36950,37189,1280,38469,555
2021-06-12,San Joaquin,077,732212,73694,73413,3543,76956,1398
2021-06-12,San Luis Obispo,079,281455,21489,21293,740,22033,256
2021-06-12,San Mateo,081,765935,42535,42604,471,43075,542
2021-06-12,Santa Barbara,083,443738,34537,34450,1119,35569,460
2021-06-12,Santa Clara,085,1922200,119096,119894,757,120651,2085
2021-06-12,Santa Cruz,087,273765,16284,16170,798,16968,208
2021-06-12,Shasta,089,179085,12511,12556,1610,14166,201
2021-06-12,Sierra,091,2930,59,55,12,67,0
2021-06-12,Siskiyou,093,43540,1958,1884,362,2246,25
2021-06-12,Solano,095,438530,33206,33219,559,33778,266
2021-06-12,Sonoma,097,501317,30551,30647,350,30997,323
2021-06-12,Stanislaus,099,539301,56798,56649,5924,62573,974
2021-06-12,Sutter,101,95872,9559,9603,87,9690,112
2021-06-12,Tehama,103,63373,5133,5099,576,5675,63
2021-06-12,Trinity,105,12862,487,332,93,425,3
2021-06-12,Tulare,107,460477,50361,49533,8943,58476,848
2021-06-12,Tuolumne,109,53932,4059,4105,43,4148,63
2021-06-12,Ventura,111,848112,81600,81197,2972,84169,1028
2021-06-12,Yolo,113,214977,14095,14118,251,14369,212
2021-06-12,Yuba,115,75493,6135,6120,129,6249,50
2021-06-11,Alameda,001,1643700,88742,88844,1936,90780,1278
2021-06-11,Alpine,003,1148,87,88,0,88,0
2021-06-11,Amador,005,37829,3723,3710,32,3742,46
2021-06-11,Butte,007,227075,12691,12576,1857,14433,194
2021-06-11,Calaveras,009,45235,2186,2188,13,2201,55
2021-06-11,Colusa,011,21464,1959,1964,315,2279,15
2021-06-11,Contra Costa,013,1133247,70366,69940,1283,71223,808
2021-06-11,Del Norte,015,27424,1439,1409,13,1422,8
2021-06-11,El Dorado,017,186661,10387,10316,759,11075,113
2021-06-11,Fresno,019,978130,103103,102770,8645,111415,1720
2021-06-11,Glenn,021,27897,2441,2425,559,2984,19
2021-06-11,Humboldt,023,135768,4398,4389,39,4428,42
2021-06-11,Imperial,025,180216,28696,28793,2693,31486,741
2021-06-11,Inyo,027,18085,1407,1405,12,1417,35
2021-06-11,Kern,029,883053,97658,96718,10937,107655,1340
2021-06-11,Kings,031,150075,23197,23069,1076,24145,245
2021-06-11,Lake,033,64148,3567,3550,9,3559,45
2021-06-11,Lassen,035,31185,5248,5204,114,5318,18
2021-06-11,Los Angeles,037,10098052,1209993,1204259,40679,1244938,24434
2021-06-11,Madera,039,155013,16711,16582,931,17513,240
2021-06-11,Marin,041,260295,14161,14116,260,14376,229
2021-06-11,Mariposa,043,17540,438,434,11,445,5
2021-06-11,Mendocino,045,87422,4104,4022,83,4105,49
2021-06-11,Merced,047,269075,31137,31231,1037,32268,461
2021-06-11,Modoc,049,8938,394,382,139,521,3
2021-06-11,Mono,051,14174,1265,1274,17,1291,3
2021-06-11,Monterey,053,433212,43242,43097,1839,44936,415
2021-06-11,Napa,055,140530,9951,9977,34,10011,80
2021-06-11,Nevada,057,99092,4905,4873,193,5066,72
2021-06-11,Orange,059,3164182,255959,254975,11332,266307,5101
2021-06-11,Placer,061,380077,23588,23330,1513,24843,294
2021-06-11,Plumas,063,18699,713,696,11,707,4
2021-06-11,Riverside,065,2383286,294814,289376,13934,303310,4451
2021-06-11,Sacramento,067,1510023,107338,107119,1777,108896,1659
2021-06-11,San Benito,069,59416,6075,6082,113,6195,63
2021-06-11,San Bernardino,071,2135413,293900,293335,8951,302286,4788
2021-06-11,San Diego,073,3302833,281997,281144,15153,296297,3768
2021-06-11,San Francisco,075,870044,36945,37177,1280,38457,555
2021-06-11,San Joaquin,077,732212,73677,73347,3540,76887,1397
2021-06-11,San Luis Obispo,079,281455,21488,21288,740,22028,256
2021-06-11,San Mateo,081,765935,42521,42585,471,43056,542
2021-06-11,Santa Barbara,083,443738,34534,34438,1119,35557,460
2021-06-11,Santa Clara,085,1922200,119076,119860,757,120617,2083
2021-06-11,Santa Cruz,087,273765,16276,16164,798,16962,208
2021-06-11,Shasta,089,179085,12503,12550,1608,14158,201
2021-06-11,Sierra,091,2930,59,55,12,67,0
2021-06-11,Siskiyou,093,43540,1957,1882,362,2244,25
2021-06-11,Solano,095,438530,33186,33179,558,33737,266
2021-06-11,Sonoma,097,501317,30533,30624,350,30974,323
2021-06-11,Stanislaus,099,539301,56772,56617,5920,62537,974
2021-06-11,Sutter,101,95872,9556,9600,86,9686,112
2021-06-11,Tehama,103,63373,5132,5099,576,5675,63
2021-06-11,Trinity,105,12862,487,331,93,424,3
2021-06-11,Tulare,107,460477,50355,49516,8942,58458,848
2021-06-11,Tuolumne,109,53932,4056,4104,43,4147,63
2021-06-11,Ventura,111,848112,81590,81189,2972,84161,1026
2021-06-11,Yolo,113,214977,14088,14111,247,14358,212
2021-06-11,Yuba,115,75493,6131,6113,129,6242,50
2021-06-10,Alameda,001,1643700,88698,88806,1935,90741,1275
2021-06-10,Alpine,003,1148,87,88,0,88,0
2021-06-10,Amador,005,37829,3719,3709,32,3741,46
2021-06-10,Butte,007,227075,12674,12565,1857,14422,194
2021-06-10,Calaveras,009,45235,2185,2188,13,2201,55
2021-06-10,Colusa,011,21464,1957,1964,315,2279,15
2021-06-10,Contra Costa,013,1133247,70312,69876,1283,71159,807
2021-06-10,Del Norte,015,27424,1439,1405,13,1418,8
2021-06-10,El Dorado,017,186661,10380,10314,755,11069,113
2021-06-10,Fresno,019,978130,103077,102724,8644,111368,1717
2021-06-10,Glenn,021,27897,2441,2425,559,2984,19
2021-06-10,Humboldt,023,135768,4390,4384,39,4423,42
2021-06-10,Imperial,025,180216,28690,28779,2693,31472,739
2021-06-10,Inyo,027,18085,1407,1405,12,1417,35
2021-06-10,Kern,029,883053,97644,96706,10932,107638,1336
2021-06-10,Kings,031,150075,23196,23067,1076,24143,245
2021-06-10,Lake,033,64148,3562,3550,9,3559,45
2021-06-10,Lassen,035,31185,5246,5201,114,5315,18
2021-06-10,Los Angeles,037,10098052,1209827,1204110,40663,1244773,24440
2021-06-10,Madera,039,155013,16704,16581,930,17511,240
2021-06-10,Marin,041,260295,14158,14118,260,14378,229
2021-06-10,Mariposa,043,17540,436,434,11,445,5
2021-06-10,Mendocino,045,87422,4099,4016,83,4099,48
2021-06-10,Merced,047,269075,31129,31231,1034,32265,461
2021-06-10,Modoc,049,8938,393,381,139,520,3
2021-06-10,Mono,051,14174,1264,1274,17,1291,3
2021-06-10,Monterey,053,433212,43236,43090,1839,44929,415
2021-06-10,Napa,055,140530,9950,9974,34,10008,80
2021-06-10,Nevada,057,99092,4900,4866,193,5059,72
2021-06-10,Orange,059,3164182,255930,254950,11325,266275,5097
2021-06-10,Placer,061,380077,23575,23296,1513,24809,293
2021-06-10,Plumas,063,18699,713,696,11,707,4
2021-06-10,Riverside,065,2383286,294772,289335,13929,303264,4450
2021-06-10,Sacramento,067,1510023,107276,107049,1777,108826,1658
2021-06-10,San Benito,069,59416,6075,6079,113,6192,63
2021-06-10,San Bernardino,071,2135413,293859,293281,8948,302229,4782
2021-06-10,San Diego,073,3302833,281939,281052,15136,296188,3766
2021-06-10,San Francisco,075,870044,36935,37159,1278,38437,552
2021-06-10,San Joaquin,077,732212,73643,73276,3539,76815,1393
2021-06-10,San Luis Obispo,079,281455,21485,21280,740,22020,256
2021-06-10,San Mateo,081,765935,42514,42562,471,43033,666
2021-06-10,Santa Barbara,083,443738,34530,34434,1119,35553,460
2021-06-10,Santa Clara,085,1922200,119041,119832,756,120588,2075
2021-06-10,Santa Cruz,087,273765,16275,16159,798,16957,208
2021-06-10,Shasta,089,179085,12493,12536,1608,14144,201
2021-06-10,Sierra,091,2930,58,55,12,67,0
2021-06-10,Siskiyou,093,43540,1957,1881,362,2243,25
2021-06-10,Solano,095,438530,33169,33150,557,33707,265
2021-06-10,Sonoma,097,501317,30497,30571,348,30919,323
2021-06-10,Stanislaus,099,539301,56751,56588,5916,62504,974
2021-06-10,Sutter,101,95872,9549,9594,86,9680,112
2021-06-10,Tehama,103,63373,5132,5096,576,5672,63
2021-06-10,Trinity,105,12862,487,331,93,424,3
2021-06-10,Tulare,107,460477,50347,49503,8942,58445,848
2021-06-10,Tuolumne,109,53932,4056,4100,43,4143,63
2021-06-10,Ventura,111,848112,81579,81172,2971,84143,1026
2021-06-10,Yolo,113,214977,14085,14107,247,14354,212
2021-06-10,Yuba,115,75493,6127,6112,129,6241,50
2021-06-09,Alameda,001,1643700,88654,88762,1934,90696,1271
2021-06-09,Alpine,003,1148,87,88,0,88,0
2021-06-09,Amador,005,37829,3715,3706,32,3738,46
2021-06-09,Butte,007,227075,12668,12555,1855,14410,194
2021-06-09,Calaveras,009,45235,2183,2184,13,2197,55
2021-06-09,Colusa,011,21464,1957,1962,314,2276,15
2021-06-09,Contra Costa,013,1133247,70275,69829,1282,71111,803
2021-06-09,Del Norte,015,27424,1435,1403,13,1416,8
2021-06-09,El Dorado,017,186661,10377,10312,754,11066,113
2021-06-09,Fresno,019,978130,103057,102690,8640,111330,1717
2021-06-09,Glenn,021,27897,2440,2424,559,2983,19
2021-06-09,Humboldt,023,135768,4385,4379,38,4417,42
2021-06-09,Imperial,025,180216,28687,28754,2693,31447,739
2021-06-09,Inyo,027,18085,1407,1405,12,1417,35
2021-06-09,Kern,029,883053,97630,96697,10923,107620,1328
2021-06-09,Kings,031,150075,23194,23061,1076,24137,245
2021-06-09,Lake,033,64148,3559,3541,9,3550,45
2021-06-09,Lassen,035,31185,5245,5200,114,5314,18
2021-06-09,Los Angeles,037,10098052,1209639,1203955,40650,1244605,24432
2021-06-09,Madera,039,155013,16699,16580,930,17510,240
2021-06-09,Marin,041,260295,14153,14114,260,14374,229
2021-06-09,Mariposa,043,17540,436,434,11,445,5
2021-06-09,Mendocino,045,87422,4093,4008,83,4091,47
2021-06-09,Merced,047,269075,31125,31225,1034,32259,461
2021-06-09,Modoc,049,8938,391,377,138,515,3
2021-06-09,Mono,051,14174,1264,1274,17,1291,3
2021-06-09,Monterey,053,433212,43229,43082,1839,44921,415
2021-06-09,Napa,055,140530,9944,9971,34,10005,80
2021-06-09,Nevada,057,99092,4890,4863,192,5055,72
2021-06-09,Orange,059,3164182,255886,254893,11320,266213,5080
2021-06-09,Placer,061,380077,23556,23237,1513,24750,293
2021-06-09,Plumas,063,18699,712,697,11,708,4
2021-06-09,Riverside,065,2383286,294726,289299,13927,303226,4450
2021-06-09,Sacramento,067,1510023,107213,106971,1774,108745,1657
2021-06-09,San Benito,069,59416,6072,6078,113,6191,63
2021-06-09,San Bernardino,071,2135413,293817,293222,8948,302170,4782
2021-06-09,San Diego,073,3302833,281875,280941,15124,296065,3765
2021-06-09,San Francisco,075,870044,36921,37143,1277,38420,552
2021-06-09,San Joaquin,077,732212,73617,73232,3539,76771,1392
2021-06-09,San Luis Obispo,079,281455,21484,21259,740,21999,256
2021-06-09,San Mateo,081,765935,42498,42502,470,42972,666
2021-06-09,Santa Barbara,083,443738,34519,34422,1119,35541,460
2021-06-09,Santa Clara,085,1922200,119004,119793,755,120548,2068
2021-06-09,Santa Cruz,087,273765,16272,16155,798,16953,208
2021-06-09,Shasta,089,179085,12483,12521,1606,14127,201
2021-06-09,Sierra,091,2930,57,55,12,67,0
2021-06-09,Siskiyou,093,43540,1956,1871,362,2233,25
2021-06-09,Solano,095,438530,33153,33137,556,33693,264
2021-06-09,Sonoma,097,501317,30475,30540,348,30888,323
2021-06-09,Stanislaus,099,539301,56731,56560,5913,62473,974
2021-06-09,Sutter,101,95872,9540,9586,85,9671,111
2021-06-09,Tehama,103,63373,5131,5093,576,5669,63
2021-06-09,Trinity,105,12862,486,331,93,424,3
2021-06-09,Tulare,107,460477,50343,49496,8940,58436,847
2021-06-09,Tuolumne,109,53932,4053,4100,43,4143,63
2021-06-09,Ventura,111,848112,81569,81154,2970,84124,1026
2021-06-09,Yolo,113,214977,14083,14102,246,14348,212
2021-06-09,Yuba,115,75493,6123,6109,129,6238,50
2021-06-08,Alameda,001,1643700,88606,88731,1934,90665,1267
2021-06-08,Alpine,003,1148,87,88,0,88,0
2021-06-08,Amador,005,37829,3714,3704,32,3736,46
2021-06-08,Butte,007,227075,12662,12540,1853,14393,194
2021-06-08,Calaveras,009,45235,2182,2181,13,2194,55
2021-06-08,Colusa,011,21464,1957,1961,314,2275,15
2021-06-08,Contra Costa,013,1133247,70227,69762,1281,71043,803
2021-06-08,Del Norte,015,27424,1433,1402,13,1415,8
2021-06-08,El Dorado,017,186661,10372,10306,752,11058,113
2021-06-08,Fresno,019,978130,103032,102680,8638,111318,1717
2021-06-08,Glenn,021,27897,2439,2423,559,2982,19
2021-06-08,Humboldt,023,135768,4380,4363,38,4401,42
2021-06-08,Imperial,025,180216,28678,28752,2693,31445,738
2021-06-08,Inyo,027,18085,1407,1405,12,1417,35
2021-06-08,Kern,029,883053,97611,96671,10916,107587,1325
2021-06-08,Kings,031,150075,23193,23036,1076,24112,245
2021-06-08,Lake,033,64148,3558,3540,9,3549,45
2021-06-08,Lassen,035,31185,5245,5200,114,5314,18
2021-06-08,Los Angeles,037,10098052,1209441,1203794,40638,1244432,24426
2021-06-08,Madera,039,155013,16693,16579,929,17508,240
2021-06-08,Marin,041,260295,14151,14111,259,14370,229
2021-06-08,Mariposa,043,17540,436,434,11,445,5
2021-06-08,Mendocino,045,87422,4086,4002,83,4085,47
2021-06-08,Merced,047,269075,31117,31225,1034,32259,461
2021-06-08,Modoc,049,8938,385,377,137,514,3
2021-06-08,Mono,051,14174,1264,1274,17,1291,3
2021-06-08,Monterey,053,433212,43223,43078,1838,44916,415
2021-06-08,Napa,055,140530,9940,9962,34,9996,80
2021-06-08,Nevada,057,99092,4885,4861,192,5053,72
2021-06-08,Orange,059,3164182,255844,254852,11313,266165,5078
2021-06-08,Placer,061,380077,23538,23209,1509,24718,293
2021-06-08,Plumas,063,18699,712,692,11,703,4
2021-06-08,Riverside,065,2383286,294690,289268,13919,303187,4452
2021-06-08,Sacramento,067,1510023,107151,106901,1771,108672,1654
2021-06-08,San Benito,069,59416,6070,6076,113,6189,63
2021-06-08,San Bernardino,071,2135413,293768,293186,8944,302130,4778
2021-06-08,San Diego,073,3302833,281812,280879,15115,295994,3764
2021-06-08,San Francisco,075,870044,36906,37134,1276,38410,552
2021-06-08,San Joaquin,077,732212,73573,73186,3534,76720,1390
2021-06-08,San Luis Obispo,079,281455,21478,21251,739,21990,255
2021-06-08,San Mateo,081,765935,42485,42488,470,42958,663
2021-06-08,Santa Barbara,083,443738,34515,34418,1119,35537,459
2021-06-08,Santa Clara,085,1922200,118983,119770,754,120524,2068
2021-06-08,Santa Cruz,087,273765,16269,16160,798,16958,208
2021-06-08,Shasta,089,179085,12468,12498,1606,14104,201
2021-06-08,Sierra,091,2930,57,55,12,67,0
2021-06-08,Siskiyou,093,43540,1954,1870,360,2230,21
2021-06-08,Solano,095,438530,33132,33130,556,33686,259
2021-06-08,Sonoma,097,501317,30449,30523,346,30869,323
2021-06-08,Stanislaus,099,539301,56704,56548,5911,62459,973
2021-06-08,Sutter,101,95872,9537,9581,85,9666,111
2021-06-08,Tehama,103,63373,5128,5093,576,5669,63
2021-06-08,Trinity,105,12862,486,330,92,422,3
2021-06-08,Tulare,107,460477,50332,49485,8936,58421,847
2021-06-08,Tuolumne,109,53932,4049,4099,43,4142,63
2021-06-08,Ventura,111,848112,81553,81142,2969,84111,1026
2021-06-08,Yolo,113,214977,14078,14099,245,14344,212
2021-06-08,Yuba,115,75493,6121,6103,129,6232,50
2021-06-07,Alameda,001,1643700,88549,88688,1934,90622,1267
2021-06-07,Alpine,003,1148,87,88,0,88,0
2021-06-07,Amador,005,37829,3704,3697,32,3729,46
2021-06-07,Butte,007,227075,12655,12533,1852,14385,194
2021-06-07,Calaveras,009,45235,2181,2181,13,2194,55
2021-06-07,Colusa,011,21464,1956,1960,314,2274,15
2021-06-07,Contra Costa,013,1133247,70170,69718,1280,70998,817
2021-06-07,Del Norte,015,27424,1433,1401,13,1414,8
2021-06-07,El Dorado,017,186661,10367,10305,752,11057,113
2021-06-07,Fresno,019,978130,103001,102659,8630,111289,1717
2021-06-07,Glenn,021,27897,2439,2423,559,2982,19
2021-06-07,Humboldt,023,135768,4372,4354,38,4392,42
2021-06-07,Imperial,025,180216,28676,28754,2693,31447,738
2021-06-07,Inyo,027,18085,1407,1404,12,1416,35
2021-06-07,Kern,029,883053,97595,96645,10909,107554,1324
2021-06-07,Kings,031,150075,23189,23023,1076,24099,244
2021-06-07,Lake,033,64148,3556,3540,9,3549,45
2021-06-07,Lassen,035,31185,5240,5198,114,5312,18
2021-06-07,Los Angeles,037,10098052,1209217,1203664,40624,1244288,24413
2021-06-07,Madera,039,155013,16686,16572,929,17501,240
2021-06-07,Marin,041,260295,14147,14108,258,14366,229
2021-06-07,Mariposa,043,17540,436,434,11,445,5
2021-06-07,Mendocino,045,87422,4080,3998,83,4081,47
2021-06-07,Merced,047,269075,31105,31212,1033,32245,459
2021-06-07,Modoc,049,8938,384,375,134,509,3
2021-06-07,Mono,051,14174,1264,1275,17,1292,3
2021-06-07,Monterey,053,433212,43216,43077,1838,44915,415
2021-06-07,Napa,055,140530,9932,9962,34,9996,80
2021-06-07,Nevada,057,99092,4883,4860,192,5052,72
2021-06-07,Orange,059,3164182,255804,254808,11305,266113,5073
2021-06-07,Placer,061,380077,23519,23176,1507,24683,293
2021-06-07,Plumas,063,18699,712,692,11,703,4
2021-06-07,Riverside,065,2383286,294647,289232,13915,303147,4451
2021-06-07,Sacramento,067,1510023,107075,106841,1768,108609,1655
2021-06-07,San Benito,069,59416,6069,6074,113,6187,63
2021-06-07,San Bernardino,071,2135413,293730,293129,8943,302072,4775
2021-06-07,San Diego,073,3302833,281730,280808,15102,295910,3764
2021-06-07,San Francisco,075,870044,36888,37122,1276,38398,552
2021-06-07,San Joaquin,077,732212,73528,73130,3527,76657,1388
2021-06-07,San Luis Obispo,079,281455,21465,21252,739,21991,255
2021-06-07,San Mateo,081,765935,42469,42479,470,42949,664
2021-06-07,Santa Barbara,083,443738,34509,34407,1119,35526,459
2021-06-07,Santa Clara,085,1922200,118951,119743,754,120497,2066
2021-06-07,Santa Cruz,087,273765,16268,16159,798,16957,208
2021-06-07,Shasta,089,179085,12454,12483,1601,14084,200
2021-06-07,Sierra,091,2930,57,55,12,67,0
2021-06-07,Siskiyou,093,43540,1954,1869,360,2229,21
2021-06-07,Solano,095,438530,33110,33124,555,33679,258
2021-06-07,Sonoma,097,501317,30413,30504,345,30849,323
2021-06-07,Stanislaus,099,539301,56671,56521,5909,62430,972
2021-06-07,Sutter,101,95872,9533,9571,85,9656,111
2021-06-07,Tehama,103,63373,5124,5092,574,5666,63
2021-06-07,Trinity,105,12862,486,329,92,421,3
2021-06-07,Tulare,107,460477,50326,49471,8936,58407,847
2021-06-07,Tuolumne,109,53932,4048,4098,43,4141,63
2021-06-07,Ventura,111,848112,81536,81137,2967,84104,1025
2021-06-07,Yolo,113,214977,14073,14097,244,14341,211
2021-06-07,Yuba,115,75493,6119,6099,126,6225,49
2021-06-06,Alameda,001,1643700,88511,88636,1933,90569,1267
2021-06-06,Alpine,003,1148,87,88,0,88,0
2021-06-06,Amador,005,37829,3701,3696,32,3728,46
2021-06-06,Butte,007,227075,12644,12527,1851,14378,194
2021-06-06,Calaveras,009,45235,2180,2181,13,2194,55
2021-06-06,Colusa,011,21464,1954,1959,314,2273,15
2021-06-06,Contra Costa,013,1133247,70105,69659,1278,70937,817
2021-06-06,Del Norte,015,27424,1428,1401,13,1414,8
2021-06-06,El Dorado,017,186661,10360,10294,752,11046,113
2021-06-06,Fresno,019,978130,102968,102642,8627,111269,1717
2021-06-06,Glenn,021,27897,2438,2423,559,2982,19
2021-06-06,Humboldt,023,135768,4361,4353,38,4391,42
2021-06-06,Imperial,025,180216,28670,28762,2693,31455,738
2021-06-06,Inyo,027,18085,1406,1404,12,1416,35
2021-06-06,Kern,029,883053,97577,96623,10902,107525,1324
2021-06-06,Kings,031,150075,23183,23021,1076,24097,244
2021-06-06,Lake,033,64148,3556,3535,9,3544,45
2021-06-06,Lassen,035,31185,5238,5191,114,5305,18
2021-06-06,Los Angeles,037,10098052,1209018,1203539,40610,1244149,24410
2021-06-06,Madera,039,155013,16679,16567,929,17496,240
2021-06-06,Marin,041,260295,14141,14106,257,14363,229
2021-06-06,Mariposa,043,17540,435,435,11,446,5
2021-06-06,Mendocino,045,87422,4076,3993,83,4076,47
2021-06-06,Merced,047,269075,31099,31215,1032,32247,459
2021-06-06,Modoc,049,8938,384,375,133,508,3
2021-06-06,Mono,051,14174,1264,1275,17,1292,3
2021-06-06,Monterey,053,433212,43211,43078,1838,44916,415
2021-06-06,Napa,055,140530,9926,9963,34,9997,80
2021-06-06,Nevada,057,99092,4876,4854,191,5045,72
2021-06-06,Orange,059,3164182,255768,254782,11300,266082,5073
2021-06-06,Placer,061,380077,23494,23156,1504,24660,293
2021-06-06,Plumas,063,18699,712,692,11,703,4
2021-06-06,Riverside,065,2383286,294608,289201,13909,303110,4451
2021-06-06,Sacramento,067,1510023,106989,106749,1767,108516,1655
2021-06-06,San Benito,069,59416,6063,6074,113,6187,63
2021-06-06,San Bernardino,071,2135413,293673,293117,8934,302051,4773
2021-06-06,San Diego,073,3302833,281650,280743,15085,295828,3764
2021-06-06,San Francisco,075,870044,36873,37118,1274,38392,552
2021-06-06,San Joaquin,077,732212,73496,73105,3523,76628,1388
2021-06-06,San Luis Obispo,079,281455,21462,21246,739,21985,255
2021-06-06,San Mateo,081,765935,42452,42457,470,42927,664
2021-06-06,Santa Barbara,083,443738,34505,34403,1118,35521,459
2021-06-06,Santa Clara,085,1922200,118929,119711,754,120465,2066
2021-06-06,Santa Cruz,087,273765,16267,16158,798,16956,208
2021-06-06,Shasta,089,179085,12439,12478,1598,14076,200
2021-06-06,Sierra,091,2930,57,55,12,67,0
2021-06-06,Siskiyou,093,43540,1951,1869,360,2229,21
2021-06-06,Solano,095,438530,33083,33093,555,33648,258
2021-06-06,Sonoma,097,501317,30381,30478,344,30822,323
2021-06-06,Stanislaus,099,539301,56635,56486,5906,62392,972
2021-06-06,Sutter,101,95872,9526,9567,85,9652,111
2021-06-06,Tehama,103,63373,5114,5092,572,5664,63
2021-06-06,Trinity,105,12862,486,328,92,420,3
2021-06-06,Tulare,107,460477,50317,49466,8931,58397,847
2021-06-06,Tuolumne,109,53932,4045,4097,43,4140,63
2021-06-06,Ventura,111,848112,81525,81130,2964,84094,1025
2021-06-06,Yolo,113,214977,14065,14089,243,14332,210
2021-06-06,Yuba,115,75493,6111,6096,126,6222,49
2021-06-05,Alameda,001,1643700,88478,88612,1933,90545,1268
2021-06-05,Alpine,003,1148,87,88,0,88,0
2021-06-05,Amador,005,37829,3701,3694,32,3726,46
2021-06-05,Butte,007,227075,12638,12514,1850,14364,194
2021-06-05,Calaveras,009,45235,2180,2181,13,2194,55
2021-06-05,Colusa,011,21464,1954,1959,314,2273,15
2021-06-05,Contra Costa,013,1133247,70076,69601,1278,70879,817
2021-06-05,Del Norte,015,27424,1428,1400,13,1413,8
2021-06-05,El Dorado,017,186661,10358,10288,751,11039,113
2021-06-05,Fresno,019,978130,102959,102626,8627,111253,1717
2021-06-05,Glenn,021,27897,2437,2423,559,2982,19
2021-06-05,Humboldt,023,135768,4356,4346,38,4384,42
2021-06-05,Imperial,025,180216,28667,28764,2693,31457,738
2021-06-05,Inyo,027,18085,1406,1405,12,1417,35
2021-06-05,Kern,029,883053,97564,96597,10898,107495,1324
2021-06-05,Kings,031,150075,23180,23017,1076,24093,244
2021-06-05,Lake,033,64148,3553,3534,9,3543,45
2021-06-05,Lassen,035,31185,5237,5191,114,5305,18
2021-06-05,Los Angeles,037,10098052,1208889,1203338,40599,1243937,24411
2021-06-05,Madera,039,155013,16675,16563,929,17492,240
2021-06-05,Marin,041,260295,14139,14101,257,14358,229
2021-06-05,Mariposa,043,17540,435,435,11,446,5
2021-06-05,Mendocino,045,87422,4073,3989,83,4072,47
2021-06-05,Merced,047,269075,31097,31212,1031,32243,459
2021-06-05,Modoc,049,8938,384,375,132,507,3
2021-06-05,Mono,051,14174,1264,1274,17,1291,3
2021-06-05,Monterey,053,433212,43207,43071,1837,44908,415
2021-06-05,Napa,055,140530,9921,9960,34,9994,80
2021-06-05,Nevada,057,99092,4874,4849,191,5040,72
2021-06-05,Orange,059,3164182,255744,254752,11297,266049,5069
2021-06-05,Placer,061,380077,23478,23133,1504,24637,293
2021-06-05,Plumas,063,18699,712,692,11,703,4
2021-06-05,Riverside,065,2383286,294573,289157,13905,303062,4451
2021-06-05,Sacramento,067,1510023,106937,106688,1765,108453,1655
2021-06-05,San Benito,069,59416,6061,6074,113,6187,63
2021-06-05,San Bernardino,071,2135413,293640,293081,8933,302014,4772
2021-06-05,San Diego,073,3302833,281609,280676,15072,295748,3764
2021-06-05,San Francisco,075,870044,36864,37111,1274,38385,552
2021-06-05,San Joaquin,077,732212,73480,73078,3517,76595,1388
2021-06-05,San Luis Obispo,079,281455,21459,21236,739,21975,255
2021-06-05,San Mateo,081,765935,42442,42433,470,42903,664
2021-06-05,Santa Barbara,083,443738,34502,34399,1117,35516,459
2021-06-05,Santa Clara,085,1922200,118907,119676,752,120428,2066
2021-06-05,Santa Cruz,087,273765,16267,16154,798,16952,208
2021-06-05,Shasta,089,179085,12429,12472,1597,14069,200
2021-06-05,Sierra,091,2930,57,55,12,67,0
2021-06-05,Siskiyou,093,43540,1951,1867,360,2227,21
2021-06-05,Solano,095,438530,33068,33074,555,33629,257
2021-06-05,Sonoma,097,501317,30354,30450,342,30792,323
2021-06-05,Stanislaus,099,539301,56626,56463,5904,62367,973
2021-06-05,Sutter,101,95872,9523,9559,85,9644,111
2021-06-05,Tehama,103,63373,5113,5092,571,5663,63
2021-06-05,Trinity,105,12862,486,328,92,420,3
2021-06-05,Tulare,107,460477,50311,49463,8931,58394,847
2021-06-05,Tuolumne,109,53932,4043,4098,43,4141,63
2021-06-05,Ventura,111,848112,81516,81119,2962,84081,1025
2021-06-05,Yolo,113,214977,14063,14088,243,14331,210
2021-06-05,Yuba,115,75493,6110,6087,126,6213,49
2021-06-04,Alameda,001,1643700,88451,88585,1930,90515,1263
2021-06-04,Alpine,003,1148,87,88,0,88,0
2021-06-04,Amador,005,37829,3701,3690,32,3722,46
2021-06-04,Butte,007,227075,12627,12494,1847,14341,193
2021-06-04,Calaveras,009,45235,2180,2179,13,2192,55
2021-06-04,Colusa,011,21464,1954,1959,314,2273,15
2021-06-04,Contra Costa,013,1133247,70041,69540,1275,70815,816
2021-06-04,Del Norte,015,27424,1428,1398,13,1411,8
2021-06-04,El Dorado,017,186661,10354,10284,749,11033,112
2021-06-04,Fresno,019,978130,102943,102601,8627,111228,1712
2021-06-04,Glenn,021,27897,2437,2423,558,2981,19
2021-06-04,Humboldt,023,135768,4351,4327,38,4365,42
2021-06-04,Imperial,025,180216,28663,28753,2693,31446,738
2021-06-04,Inyo,027,18085,1406,1404,12,1416,35
2021-06-04,Kern,029,883053,97546,96573,10896,107469,1327
2021-06-04,Kings,031,150075,23179,23002,1076,24078,244
2021-06-04,Lake,033,64148,3551,3528,9,3537,45
2021-06-04,Lassen,035,31185,5237,5180,114,5294,18
2021-06-04,Los Angeles,037,10098052,1208768,1203106,40590,1243696,24400
2021-06-04,Madera,039,155013,16673,16557,929,17486,240
2021-06-04,Marin,041,260295,14138,14099,256,14355,229
2021-06-04,Mariposa,043,17540,435,435,11,446,5
2021-06-04,Mendocino,045,87422,4064,3983,83,4066,47
2021-06-04,Merced,047,269075,31092,31204,1030,32234,459
2021-06-04,Modoc,049,8938,382,375,132,507,3
2021-06-04,Mono,051,14174,1264,1275,17,1292,3
2021-06-04,Monterey,053,433212,43203,43068,1837,44905,415
2021-06-04,Napa,055,140530,9917,9958,34,9992,80
2021-06-04,Nevada,057,99092,4870,4844,191,5035,72
2021-06-04,Orange,059,3164182,255707,254730,11293,266023,5059
2021-06-04,Placer,061,380077,23462,23110,1503,24613,293
2021-06-04,Plumas,063,18699,712,691,11,702,4
2021-06-04,Riverside,065,2383286,294547,289098,13901,302999,4452
2021-06-04,Sacramento,067,1510023,106883,106616,1764,108380,1654
2021-06-04,San Benito,069,59416,6059,6073,113,6186,63
2021-06-04,San Bernardino,071,2135413,293616,293056,8931,301987,4768
2021-06-04,San Diego,073,3302833,281566,280556,15065,295621,3763
2021-06-04,San Francisco,075,870044,36857,37079,1273,38352,551
2021-06-04,San Joaquin,077,732212,73461,73039,3515,76554,1388
2021-06-04,San Luis Obispo,079,281455,21456,21234,738,21972,255
2021-06-04,San Mateo,081,765935,42430,42413,470,42883,478
2021-06-04,Santa Barbara,083,443738,34496,34402,1116,35518,459
2021-06-04,Santa Clara,085,1922200,118877,119619,752,120371,2065
2021-06-04,Santa Cruz,087,273765,16264,16150,798,16948,207
2021-06-04,Shasta,089,179085,12423,12458,1592,14050,200
2021-06-04,Sierra,091,2930,57,55,12,67,0
2021-06-04,Siskiyou,093,43540,1950,1865,360,2225,21
2021-06-04,Solano,095,438530,33057,33058,555,33613,256
2021-06-04,Sonoma,097,501317,30333,30411,342,30753,323
2021-06-04,Stanislaus,099,539301,56611,56442,5902,62344,973
2021-06-04,Sutter,101,95872,9518,9554,85,9639,111
2021-06-04,Tehama,103,63373,5108,5090,571,5661,63
2021-06-04,Trinity,105,12862,486,328,92,420,3
2021-06-04,Tulare,107,460477,50302,49452,8929,58381,847
2021-06-04,Tuolumne,109,53932,4042,4095,43,4138,63
2021-06-04,Ventura,111,848112,81509,81104,2960,84064,1023
2021-06-04,Yolo,113,214977,14061,14083,243,14326,210
2021-06-04,Yuba,115,75493,6107,6084,126,6210,49
2021-06-03,Alameda,001,1643700,88413,88555,1927,90482,1257
2021-06-03,Alpine,003,1148,87,88,0,88,0
2021-06-03,Amador,005,37829,3693,3688,32,3720,46
2021-06-03,Butte,007,227075,12623,12478,1846,14324,193
2021-06-03,Calaveras,009,45235,2180,2179,13,2192,55
2021-06-03,Colusa,011,21464,1954,1957,314,2271,15
2021-06-03,Contra Costa,013,1133247,69987,69500,1270,70770,816
2021-06-03,Del Norte,015,27424,1426,1397,13,1410,8
2021-06-03,El Dorado,017,186661,10348,10284,746,11030,112
2021-06-03,Fresno,019,978130,102926,102566,8627,111193,1709
2021-06-03,Glenn,021,27897,2437,2421,558,2979,19
2021-06-03,Humboldt,023,135768,4343,4314,38,4352,42
2021-06-03,Imperial,025,180216,28652,28737,2693,31430,738
2021-06-03,Inyo,027,18085,1406,1404,12,1416,35
2021-06-03,Kern,029,883053,97519,96507,10882,107389,1326
2021-06-03,Kings,031,150075,23175,22982,1076,24058,244
2021-06-03,Lake,033,64148,3549,3526,9,3535,45
2021-06-03,Lassen,035,31185,5228,5177,114,5291,12
2021-06-03,Los Angeles,037,10098052,1208596,1202923,40582,1243505,24386
2021-06-03,Madera,039,155013,16666,16554,929,17483,240
2021-06-03,Marin,041,260295,14133,14095,256,14351,230
2021-06-03,Mariposa,043,17540,435,435,11,446,5
2021-06-03,Mendocino,045,87422,4057,3978,83,4061,47
2021-06-03,Merced,047,269075,31089,31199,1030,32229,459
2021-06-03,Modoc,049,8938,381,376,131,507,3
2021-06-03,Mono,051,14174,1264,1275,17,1292,3
2021-06-03,Monterey,053,433212,43200,43063,1837,44900,415
2021-06-03,Napa,055,140530,9910,9957,34,9991,81
2021-06-03,Nevada,057,99092,4866,4837,191,5028,72
2021-06-03,Orange,059,3164182,255679,254676,11283,265959,5056
2021-06-03,Placer,061,380077,23453,23100,1502,24602,293
2021-06-03,Plumas,063,18699,712,691,11,702,4
2021-06-03,Riverside,065,2383286,294492,289035,13897,302932,4447
2021-06-03,Sacramento,067,1510023,106804,106526,1762,108288,1654
2021-06-03,San Benito,069,59416,6059,6073,113,6186,63
2021-06-03,San Bernardino,071,2135413,293585,293021,8931,301952,4762
2021-06-03,San Diego,073,3302833,281502,280430,15055,295485,3761
2021-06-03,San Francisco,075,870044,36850,37072,1273,38345,551
2021-06-03,San Joaquin,077,732212,73433,72989,3511,76500,1388
2021-06-03,San Luis Obispo,079,281455,21451,21224,738,21962,255
2021-06-03,San Mateo,081,765935,42417,42396,470,42866,467
2021-06-03,Santa Barbara,083,443738,34493,34391,1116,35507,459
2021-06-03,Santa Clara,085,1922200,118855,119592,750,120342,2058
2021-06-03,Santa Cruz,087,273765,16262,16144,798,16942,207
2021-06-03,Shasta,089,179085,12408,12441,1589,14030,199
2021-06-03,Sierra,091,2930,57,55,12,67,0
2021-06-03,Siskiyou,093,43540,1950,1862,359,2221,21
2021-06-03,Solano,095,438530,33043,33019,555,33574,256
2021-06-03,Sonoma,097,501317,30311,30383,341,30724,322
2021-06-03,Stanislaus,099,539301,56592,56401,5896,62297,973
2021-06-03,Sutter,101,95872,9509,9539,85,9624,111
2021-06-03,Tehama,103,63373,5108,5087,571,5658,63
2021-06-03,Trinity,105,12862,486,328,92,420,3
2021-06-03,Tulare,107,460477,50299,49442,8925,58367,848
2021-06-03,Tuolumne,109,53932,4040,4095,43,4138,63
2021-06-03,Ventura,111,848112,81497,81078,2958,84036,1023
2021-06-03,Yolo,113,214977,14057,14078,241,14319,210
2021-06-03,Yuba,115,75493,6100,6077,126,6203,49
2021-06-02,Alameda,001,1643700,88368,88525,1925,90450,1254
2021-06-02,Alpine,003,1148,87,88,0,88,0
2021-06-02,Amador,005,37829,3691,3687,32,3719,46
2021-06-02,Butte,007,227075,12603,12432,1844,14276,193
2021-06-02,Calaveras,009,45235,2177,2174,13,2187,55
2021-06-02,Colusa,011,21464,1953,1957,314,2271,15
2021-06-02,Contra Costa,013,1133247,69936,69455,1268,70723,814
2021-06-02,Del Norte,015,27424,1424,1395,13,1408,8
2021-06-02,El Dorado,017,186661,10344,10275,746,11021,110
2021-06-02,Fresno,019,978130,102902,102547,8624,111171,1707
2021-06-02,Glenn,021,27897,2437,2421,558,2979,19
2021-06-02,Humboldt,023,135768,4328,4302,38,4340,42
2021-06-02,Imperial,025,180216,28646,28737,2692,31429,738
2021-06-02,Inyo,027,18085,1405,1403,12,1415,35
2021-06-02,Kern,029,883053,97492,96481,10875,107356,1326
2021-06-02,Kings,031,150075,23173,22981,1075,24056,244
2021-06-02,Lake,033,64148,3544,3522,9,3531,45
2021-06-02,Lassen,035,31185,5227,5177,114,5291,6
2021-06-02,Los Angeles,037,10098052,1208392,1202760,40573,1243333,24375
2021-06-02,Madera,039,155013,16658,16550,929,17479,240
2021-06-02,Marin,041,260295,14131,14091,255,14346,229
2021-06-02,Mariposa,043,17540,435,434,11,445,5
2021-06-02,Mendocino,045,87422,4051,3970,83,4053,47
2021-06-02,Merced,047,269075,31076,31195,1029,32224,458
2021-06-02,Modoc,049,8938,380,375,130,505,3
2021-06-02,Mono,051,14174,1264,1275,17,1292,3
2021-06-02,Monterey,053,433212,43198,43056,1837,44893,380
2021-06-02,Napa,055,140530,9909,9953,34,9987,82
2021-06-02,Nevada,057,99092,4863,4833,191,5024,72
2021-06-02,Orange,059,3164182,255630,254637,11276,265913,5055
2021-06-02,Placer,061,380077,23432,23058,1500,24558,293
2021-06-02,Plumas,063,18699,712,690,11,701,4
2021-06-02,Riverside,065,2383286,294434,289012,13887,302899,4445
2021-06-02,Sacramento,067,1510023,106739,106435,1756,108191,1649
2021-06-02,San Benito,069,59416,6058,6073,113,6186,63
2021-06-02,San Bernardino,071,2135413,293537,293004,8926,301930,4760
2021-06-02,San Diego,073,3302833,281422,280347,15034,295381,3760
2021-06-02,San Francisco,075,870044,36830,37050,1272,38322,550
2021-06-02,San Joaquin,077,732212,73402,72893,3508,76401,1387
2021-06-02,San Luis Obispo,079,281455,21444,21214,737,21951,255
2021-06-02,San Mateo,081,765935,42407,42383,469,42852,464
2021-06-02,Santa Barbara,083,443738,34486,34381,1116,35497,456
2021-06-02,Santa Clara,085,1922200,118827,119553,749,120302,2058
2021-06-02,Santa Cruz,087,273765,16259,16144,798,16942,207
2021-06-02,Shasta,089,179085,12390,12426,1584,14010,199
2021-06-02,Sierra,091,2930,57,55,12,67,0
2021-06-02,Siskiyou,093,43540,1950,1861,357,2218,21
2021-06-02,Solano,095,438530,33031,33007,554,33561,256
2021-06-02,Sonoma,097,501317,30292,30359,336,30695,322
2021-06-02,Stanislaus,099,539301,56573,56377,5891,62268,973
2021-06-02,Sutter,101,95872,9506,9533,85,9618,111
2021-06-02,Tehama,103,63373,5105,5081,571,5652,63
2021-06-02,Trinity,105,12862,484,328,92,420,3
2021-06-02,Tulare,107,460477,50291,49434,8921,58355,846
2021-06-02,Tuolumne,109,53932,4039,4095,43,4138,63
2021-06-02,Ventura,111,848112,81472,81033,2958,83991,1020
2021-06-02,Yolo,113,214977,14054,14074,240,14314,210
2021-06-02,Yuba,115,75493,6094,6072,126,6198,48
2021-06-01,Alameda,001,1643700,88333,88472,1923,90395,1253
2021-06-01,Alpine,003,1148,87,88,0,88,0
2021-06-01,Amador,005,37829,3689,3687,32,3719,46
2021-06-01,Butte,007,227075,12589,12427,1843,14270,193
2021-06-01,Calaveras,009,45235,2175,2173,13,2186,55
2021-06-01,Colusa,011,21464,1952,1955,313,2268,15
2021-06-01,Contra Costa,013,1133247,69878,69404,1268,70672,813
2021-06-01,Del Norte,015,27424,1423,1394,13,1407,8
2021-06-01,El Dorado,017,186661,10338,10271,746,11017,110
2021-06-01,Fresno,019,978130,102878,102534,8621,111155,1706
2021-06-01,Glenn,021,27897,2437,2422,558,2980,18
2021-06-01,Humboldt,023,135768,4318,4299,38,4337,42
2021-06-01,Imperial,025,180216,28642,28722,2690,31412,736
2021-06-01,Inyo,027,18085,1405,1403,12,1415,35
2021-06-01,Kern,029,883053,97465,96477,10867,107344,1319
2021-06-01,Kings,031,150075,23169,22977,1075,24052,244
2021-06-01,Lake,033,64148,3543,3523,9,3532,45
2021-06-01,Lassen,035,31185,5220,5172,114,5286,6
2021-06-01,Los Angeles,037,10098052,1208155,1202673,40559,1243232,24367
2021-06-01,Madera,039,155013,16649,16549,928,17477,240
2021-06-01,Marin,041,260295,14129,14081,255,14336,229
2021-06-01,Mariposa,043,17540,435,431,11,442,5
2021-06-01,Mendocino,045,87422,4044,3966,83,4049,47
2021-06-01,Merced,047,269075,31066,31195,1029,32224,456
2021-06-01,Modoc,049,8938,378,375,130,505,3
2021-06-01,Mono,051,14174,1264,1275,17,1292,3
2021-06-01,Monterey,053,433212,43192,43051,1837,44888,379
2021-06-01,Napa,055,140530,9907,9949,34,9983,82
2021-06-01,Nevada,057,99092,4858,4825,191,5016,72
2021-06-01,Orange,059,3164182,255594,254603,11268,265871,5051
2021-06-01,Placer,061,380077,23402,23021,1498,24519,293
2021-06-01,Plumas,063,18699,711,690,11,701,4
2021-06-01,Riverside,065,2383286,294381,288996,13881,302877,4442
2021-06-01,Sacramento,067,1510023,106667,106330,1754,108084,1644
2021-06-01,San Benito,069,59416,6057,6073,112,6185,63
2021-06-01,San Bernardino,071,2135413,293512,292990,8925,301915,4758
2021-06-01,San Diego,073,3302833,281318,280305,15017,295322,3756
2021-06-01,San Francisco,075,870044,36814,37031,1272,38303,550
2021-06-01,San Joaquin,077,732212,73370,72858,3507,76365,1383
2021-06-01,San Luis Obispo,079,281455,21439,21217,737,21954,256
2021-06-01,San Mateo,081,765935,42391,42383,468,42851,462
2021-06-01,Santa Barbara,083,443738,34482,34374,1116,35490,456
2021-06-01,Santa Clara,085,1922200,118799,119528,749,120277,2057
2021-06-01,Santa Cruz,087,273765,16255,16143,797,16940,207
2021-06-01,Shasta,089,179085,12381,12409,1579,13988,199
2021-06-01,Sierra,091,2930,57,55,12,67,0
2021-06-01,Siskiyou,093,43540,1943,1860,356,2216,21
2021-06-01,Solano,095,438530,33006,32974,553,33527,256
2021-06-01,Sonoma,097,501317,30253,30324,335,30659,322
2021-06-01,Stanislaus,099,539301,56556,56348,5889,62237,973
2021-06-01,Sutter,101,95872,9499,9528,85,9613,111
2021-06-01,Tehama,103,63373,5103,5079,571,5650,63
2021-06-01,Trinity,105,12862,483,328,91,419,3
2021-06-01,Tulare,107,460477,50283,49419,8917,58336,845
2021-06-01,Tuolumne,109,53932,4039,4094,43,4137,63
2021-06-01,Ventura,111,848112,81456,81018,2957,83975,1021
2021-06-01,Yolo,113,214977,14048,14067,240,14307,210
2021-06-01,Yuba,115,75493,6090,6067,126,6193,48
2021-05-31,Alameda,001,1643700,88297,88458,1919,90377,1253
2021-05-31,Alpine,003,1148,87,88,0,88,0
2021-05-31,Amador,005,37829,3683,3687,32,3719,46
2021-05-31,Butte,007,227075,12576,12429,1843,14272,193
2021-05-31,Calaveras,009,45235,2174,2171,13,2184,55
2021-05-31,Colusa,011,21464,1952,1956,312,2268,15
2021-05-31,Contra Costa,013,1133247,69841,69390,1267,70657,813
2021-05-31,Del Norte,015,27424,1420,1394,13,1407,8
2021-05-31,El Dorado,017,186661,10332,10271,744,11015,110
2021-05-31,Fresno,019,978130,102841,102507,8621,111128,1706
2021-05-31,Glenn,021,27897,2436,2422,557,2979,18
2021-05-31,Humboldt,023,135768,4306,4295,38,4333,42
2021-05-31,Imperial,025,180216,28636,28732,2687,31419,736
2021-05-31,Inyo,027,18085,1404,1403,12,1415,35
2021-05-31,Kern,029,883053,97429,96457,10858,107315,1319
2021-05-31,Kings,031,150075,23165,22977,1075,24052,244
2021-05-31,Lake,033,64148,3538,3523,9,3532,45
2021-05-31,Lassen,035,31185,5218,5172,113,5285,6
2021-05-31,Los Angeles,037,10098052,1207912,1202567,40550,1243117,24364
2021-05-31,Madera,039,155013,16648,16543,927,17470,240
2021-05-31,Marin,041,260295,14127,14080,255,14335,229
2021-05-31,Mariposa,043,17540,435,430,11,441,5
2021-05-31,Mendocino,045,87422,4034,3961,83,4044,47
2021-05-31,Merced,047,269075,31061,31194,1029,32223,456
2021-05-31,Modoc,049,8938,377,374,130,504,3
2021-05-31,Mono,051,14174,1264,1275,17,1292,3
2021-05-31,Monterey,053,433212,43188,43051,1837,44888,379
2021-05-31,Napa,055,140530,9900,9948,34,9982,82
2021-05-31,Nevada,057,99092,4848,4823,190,5013,72
2021-05-31,Orange,059,3164182,255566,254572,11260,265832,5051
2021-05-31,Placer,061,380077,23375,23019,1494,24513,293
2021-05-31,Plumas,063,18699,710,690,11,701,4
2021-05-31,Riverside,065,2383286,294324,288970,13869,302839,4442
2021-05-31,Sacramento,067,1510023,106570,106278,1749,108027,1644
2021-05-31,San Benito,069,59416,6057,6072,112,6184,63
2021-05-31,San Bernardino,071,2135413,293464,292973,8924,301897,4758
2021-05-31,San Diego,073,3302833,281214,280254,15005,295259,3756
2021-05-31,San Francisco,075,870044,36799,37022,1271,38293,550
2021-05-31,San Joaquin,077,732212,73321,72856,3501,76357,1383
2021-05-31,San Luis Obispo,079,281455,21431,21215,737,21952,256
2021-05-31,San Mateo,081,765935,42375,42389,468,42857,442
2021-05-31,Santa Barbara,083,443738,34469,34369,1114,35483,456
2021-05-31,Santa Clara,085,1922200,118755,119515,749,120264,2057
2021-05-31,Santa Cruz,087,273765,16252,16139,797,16936,207
2021-05-31,Shasta,089,179085,12365,12408,1576,13984,199
2021-05-31,Sierra,091,2930,57,55,12,67,0
2021-05-31,Siskiyou,093,43540,1942,1856,355,2211,21
2021-05-31,Solano,095,438530,32956,32973,553,33526,256
2021-05-31,Sonoma,097,501317,30210,30314,335,30649,322
2021-05-31,Stanislaus,099,539301,56515,56335,5886,62221,973
2021-05-31,Sutter,101,95872,9480,9523,85,9608,111
2021-05-31,Tehama,103,63373,5100,5076,570,5646,63
2021-05-31,Trinity,105,12862,483,328,91,419,3
2021-05-31,Tulare,107,460477,50272,49404,8912,58316,845
2021-05-31,Tuolumne,109,53932,4037,4095,43,4138,63
2021-05-31,Ventura,111,848112,81441,81017,2954,83971,1021
2021-05-31,Yolo,113,214977,14044,14064,240,14304,210
2021-05-31,Yuba,115,75493,6084,6063,123,6186,48
2021-05-30,Alameda,001,1643700,88274,88429,1919,90348,1253
2021-05-30,Alpine,003,1148,87,88,0,88,0
2021-05-30,Amador,005,37829,3679,3685,32,3717,46
2021-05-30,Butte,007,227075,12567,12427,1841,14268,190
2021-05-30,Calaveras,009,45235,2170,2166,13,2179,55
2021-05-30,Colusa,011,21464,1952,1954,312,2266,15
2021-05-30,Contra Costa,013,1133247,69807,69381,1265,70646,813
2021-05-30,Del Norte,015,27424,1419,1393,13,1406,8
2021-05-30,El Dorado,017,186661,10329,10271,744,11015,110
2021-05-30,Fresno,019,978130,102824,102499,8617,111116,1706
2021-05-30,Glenn,021,27897,2436,2422,556,2978,18
2021-05-30,Humboldt,023,135768,4298,4291,38,4329,42
2021-05-30,Imperial,025,180216,28632,28732,2686,31418,736
2021-05-30,Inyo,027,18085,1404,1403,12,1415,35
2021-05-30,Kern,029,883053,97413,96443,10855,107298,1319
2021-05-30,Kings,031,150075,23164,22974,1075,24049,244
2021-05-30,Lake,033,64148,3538,3517,9,3526,45
2021-05-30,Lassen,035,31185,5216,5171,113,5284,6
2021-05-30,Los Angeles,037,10098052,1207797,1202425,40543,1242968,24360
2021-05-30,Madera,039,155013,16644,16538,927,17465,240
2021-05-30,Marin,041,260295,14123,14083,254,14337,229
2021-05-30,Mariposa,043,17540,435,430,11,441,5
2021-05-30,Mendocino,045,87422,4027,3955,83,4038,47
2021-05-30,Merced,047,269075,31057,31189,1028,32217,456
2021-05-30,Modoc,049,8938,377,374,130,504,3
2021-05-30,Mono,051,14174,1264,1275,17,1292,3
2021-05-30,Monterey,053,433212,43185,43049,1837,44886,379
2021-05-30,Napa,055,140530,9899,9948,34,9982,82
2021-05-30,Nevada,057,99092,4842,4818,190,5008,72
2021-05-30,Orange,059,3164182,255543,254559,11259,265818,5051
2021-05-30,Placer,061,380077,23369,23016,1494,24510,293
2021-05-30,Plumas,063,18699,708,690,11,701,4
2021-05-30,Riverside,065,2383286,294303,288961,13867,302828,4442
2021-05-30,Sacramento,067,1510023,106525,106252,1747,107999,1644
2021-05-30,San Benito,069,59416,6057,6072,112,6184,63
2021-05-30,San Bernardino,071,2135413,293438,292981,8923,301904,4758
2021-05-30,San Diego,073,3302833,281158,280209,15000,295209,3756
2021-05-30,San Francisco,075,870044,36780,37016,1271,38287,550
2021-05-30,San Joaquin,077,732212,73304,72853,3500,76353,1383
2021-05-30,San Luis Obispo,079,281455,21422,21211,736,21947,256
2021-05-30,San Mateo,081,765935,42367,42386,468,42854,439
2021-05-30,Santa Barbara,083,443738,34465,34369,1114,35483,456
2021-05-30,Santa Clara,085,1922200,118733,119510,745,120255,2057
2021-05-30,Santa Cruz,087,273765,16250,16140,797,16937,207
2021-05-30,Shasta,089,179085,12363,12408,1573,13981,199
2021-05-30,Sierra,091,2930,57,55,12,67,0
2021-05-30,Siskiyou,093,43540,1942,1856,355,2211,21
2021-05-30,Solano,095,438530,32945,32952,552,33504,256
2021-05-30,Sonoma,097,501317,30193,30310,334,30644,322
2021-05-30,Stanislaus,099,539301,56504,56323,5885,62208,973
2021-05-30,Sutter,101,95872,9479,9519,84,9603,111
2021-05-30,Tehama,103,63373,5100,5073,570,5643,63
2021-05-30,Trinity,105,12862,483,328,91,419,3
2021-05-30,Tulare,107,460477,50265,49397,8904,58301,845
2021-05-30,Tuolumne,109,53932,4037,4094,43,4137,63
2021-05-30,Ventura,111,848112,81437,81012,2953,83965,1021
2021-05-30,Yolo,113,214977,14039,14059,239,14298,210
2021-05-30,Yuba,115,75493,6077,6063,122,6185,48
2021-05-29,Alameda,001,1643700,88251,88433,1917,90350,1253
2021-05-29,Alpine,003,1148,87,88,0,88,0
2021-05-29,Amador,005,37829,3678,3683,32,3715,46
2021-05-29,Butte,007,227075,12561,12425,1841,14266,190
2021-05-29,Calaveras,009,45235,2169,2166,13,2179,55
2021-05-29,Colusa,011,21464,1949,1954,312,2266,15
2021-05-29,Contra Costa,013,1133247,69774,69351,1265,70616,813
2021-05-29,Del Norte,015,27424,1419,1391,13,1404,8
2021-05-29,El Dorado,017,186661,10328,10269,742,11011,110
2021-05-29,Fresno,019,978130,102812,102470,8614,111084,1706
2021-05-29,Glenn,021,27897,2436,2422,555,2977,18
2021-05-29,Humboldt,023,135768,4292,4283,38,4321,42
2021-05-29,Imperial,025,180216,28629,28729,2685,31414,736
2021-05-29,Inyo,027,18085,1404,1404,12,1416,35
2021-05-29,Kern,029,883053,97402,96424,10842,107266,1319
2021-05-29,Kings,031,150075,23163,22970,1074,24044,244
2021-05-29,Lake,033,64148,3538,3515,9,3524,45
2021-05-29,Lassen,035,31185,5216,5171,113,5284,6
2021-05-29,Los Angeles,037,10098052,1207675,1202264,40540,1242804,24359
2021-05-29,Madera,039,155013,16642,16535,927,17462,240
2021-05-29,Marin,041,260295,14119,14071,253,14324,229
2021-05-29,Mariposa,043,17540,434,428,11,439,5
2021-05-29,Mendocino,045,87422,4021,3952,83,4035,47
2021-05-29,Merced,047,269075,31045,31187,1028,32215,456
2021-05-29,Modoc,049,8938,377,374,130,504,3
2021-05-29,Mono,051,14174,1264,1275,17,1292,3
2021-05-29,Monterey,053,433212,43183,43042,1837,44879,379
2021-05-29,Napa,055,140530,9896,9948,34,9982,82
2021-05-29,Nevada,057,99092,4841,4816,190,5006,72
2021-05-29,Orange,059,3164182,255521,254537,11249,265786,5049
2021-05-29,Placer,061,380077,23354,23009,1493,24502,293
2021-05-29,Plumas,063,18699,708,689,11,700,4
2021-05-29,Riverside,065,2383286,294283,288908,13866,302774,4442
2021-05-29,Sacramento,067,1510023,106495,106218,1746,107964,1643
2021-05-29,San Benito,069,59416,6056,6072,112,6184,63
2021-05-29,San Bernardino,071,2135413,293405,292961,8922,301883,4757
2021-05-29,San Diego,073,3302833,281099,280151,14995,295146,3756
2021-05-29,San Francisco,075,870044,36771,37008,1271,38279,550
2021-05-29,San Joaquin,077,732212,73288,72827,3498,76325,1383
2021-05-29,San Luis Obispo,079,281455,21420,21201,736,21937,256
2021-05-29,San Mateo,081,765935,42359,42375,467,42842,439
2021-05-29,Santa Barbara,083,443738,34461,34367,1114,35481,456
2021-05-29,Santa Clara,085,1922200,118709,119498,744,120242,2056
2021-05-29,Santa Cruz,087,273765,16249,16137,797,16934,207
2021-05-29,Shasta,089,179085,12355,12401,1572,13973,199
2021-05-29,Sierra,091,2930,57,55,12,67,0
2021-05-29,Siskiyou,093,43540,1937,1856,355,2211,21
2021-05-29,Solano,095,438530,32936,32917,552,33469,256
2021-05-29,Sonoma,097,501317,30170,30298,333,30631,322
2021-05-29,Stanislaus,099,539301,56486,56305,5883,62188,974
2021-05-29,Sutter,101,95872,9475,9516,84,9600,111
2021-05-29,Tehama,103,63373,5099,5070,570,5640,63
2021-05-29,Trinity,105,12862,483,328,91,419,3
2021-05-29,Tulare,107,460477,50255,49392,8900,58292,845
2021-05-29,Tuolumne,109,53932,4037,4093,43,4136,63
2021-05-29,Ventura,111,848112,81429,81008,2953,83961,1021
2021-05-29,Yolo,113,214977,14038,14055,239,14294,210
2021-05-29,Yuba,115,75493,6077,6059,122,6181,48
2021-05-28,Alameda,001,1643700,88227,88391,1913,90304,1261
2021-05-28,Alpine,003,1148,87,88,0,88,0
2021-05-28,Amador,005,37829,3678,3680,32,3712,46
2021-05-28,Butte,007,227075,12558,12407,1840,14247,190
2021-05-28,Calaveras,009,45235,2168,2165,13,2178,55
2021-05-28,Colusa,011,21464,1949,1954,310,2264,15
2021-05-28,Contra Costa,013,1133247,69738,69290,1264,70554,813
2021-05-28,Del Norte,015,27424,1418,1390,13,1403,8
2021-05-28,El Dorado,017,186661,10325,10265,742,11007,110
2021-05-28,Fresno,019,978130,102797,102437,8614,111051,1705
2021-05-28,Glenn,021,27897,2436,2419,555,2974,18
2021-05-28,Humboldt,023,135768,4285,4265,38,4303,42
2021-05-28,Imperial,025,180216,28626,28722,2685,31407,736
2021-05-28,Inyo,027,18085,1404,1404,12,1416,35
2021-05-28,Kern,029,883053,97385,96396,10834,107230,1320
2021-05-28,Kings,031,150075,23161,22962,1074,24036,244
2021-05-28,Lake,033,64148,3536,3515,9,3524,45
2021-05-28,Lassen,035,31185,5216,5169,113,5282,6
2021-05-28,Los Angeles,037,10098052,1207564,1202103,40530,1242633,24357
2021-05-28,Madera,039,155013,16640,16530,927,17457,240
2021-05-28,Marin,041,260295,14118,14063,252,14315,229
2021-05-28,Mariposa,043,17540,434,428,11,439,5
2021-05-28,Mendocino,045,87422,4016,3947,83,4030,47
2021-05-28,Merced,047,269075,31042,31176,1028,32204,455
2021-05-28,Modoc,049,8938,377,374,130,504,3
2021-05-28,Mono,051,14174,1264,1274,17,1291,3
2021-05-28,Monterey,053,433212,43182,43036,1837,44873,379
2021-05-28,Napa,055,140530,9896,9941,34,9975,82
2021-05-28,Nevada,057,99092,4839,4813,190,5003,71
2021-05-28,Orange,059,3164182,255501,254494,11247,265741,5047
2021-05-28,Placer,061,380077,23344,22987,1491,24478,293
2021-05-28,Plumas,063,18699,706,688,11,699,4
2021-05-28,Riverside,065,2383286,294261,288872,13864,302736,4442
2021-05-28,Sacramento,067,1510023,106439,106131,1744,107875,1642
2021-05-28,San Benito,069,59416,6056,6074,112,6186,63
2021-05-28,San Bernardino,071,2135413,293382,292905,8922,301827,4757
2021-05-28,San Diego,073,3302833,281036,280043,14984,295027,3756
2021-05-28,San Francisco,075,870044,36765,36987,1271,38258,546
2021-05-28,San Joaquin,077,732212,73258,72793,3496,76289,1383
2021-05-28,San Luis Obispo,079,281455,21415,21190,734,21924,256
2021-05-28,San Mateo,081,765935,42353,42364,467,42831,439
2021-05-28,Santa Barbara,083,443738,34460,34371,1114,35485,455
2021-05-28,Santa Clara,085,1922200,118685,119462,744,120206,2056
2021-05-28,Santa Cruz,087,273765,16248,16129,797,16926,207
2021-05-28,Shasta,089,179085,12346,12383,1570,13953,198
2021-05-28,Sierra,091,2930,57,54,12,66,0
2021-05-28,Siskiyou,093,43540,1935,1850,355,2205,19
2021-05-28,Solano,095,438530,32921,32892,552,33444,256
2021-05-28,Sonoma,097,501317,30151,30270,333,30603,321
2021-05-28,Stanislaus,099,539301,56467,56278,5880,62158,974
2021-05-28,Sutter,101,95872,9471,9511,84,9595,111
2021-05-28,Tehama,103,63373,5093,5064,570,5634,63
2021-05-28,Trinity,105,12862,483,328,91,419,3
2021-05-28,Tulare,107,460477,50250,49375,8891,58266,846
2021-05-28,Tuolumne,109,53932,4037,4090,43,4133,63
2021-05-28,Ventura,111,848112,81418,80985,2952,83937,1021
2021-05-28,Yolo,113,214977,14035,14050,238,14288,210
2021-05-28,Yuba,115,75493,6075,6050,121,6171,48
2021-05-27,Alameda,001,1643700,88192,88342,1913,90255,1274
2021-05-27,Alpine,003,1148,87,88,0,88,0
2021-05-27,Amador,005,37829,3675,3680,32,3712,46
2021-05-27,Butte,007,227075,12553,12401,1839,14240,190
2021-05-27,Calaveras,009,45235,2167,2163,13,2176,55
2021-05-27,Colusa,011,21464,1946,1952,310,2262,15
2021-05-27,Contra Costa,013,1133247,69696,69245,1262,70507,813
2021-05-27,Del Norte,015,27424,1418,1388,13,1401,8
2021-05-27,El Dorado,017,186661,10324,10248,742,10990,112
2021-05-27,Fresno,019,978130,102781,102413,8611,111024,1704
2021-05-27,Glenn,021,27897,2436,2415,555,2970,18
2021-05-27,Humboldt,023,135768,4277,4260,38,4298,42
2021-05-27,Imperial,025,180216,28615,28728,2685,31413,736
2021-05-27,Inyo,027,18085,1404,1404,12,1416,35
2021-05-27,Kern,029,883053,97369,96364,10826,107190,1322
2021-05-27,Kings,031,150075,23158,22953,1074,24027,245
2021-05-27,Lake,033,64148,3531,3509,9,3518,45
2021-05-27,Lassen,035,31185,5215,5170,112,5282,6
2021-05-27,Los Angeles,037,10098052,1207394,1201927,40517,1242444,24348
2021-05-27,Madera,039,155013,16631,16527,927,17454,240
2021-05-27,Marin,041,260295,14114,14061,252,14313,229
2021-05-27,Mariposa,043,17540,432,427,11,438,5
2021-05-27,Mendocino,045,87422,4010,3945,83,4028,47
2021-05-27,Merced,047,269075,31030,31161,1028,32189,455
2021-05-27,Modoc,049,8938,376,374,130,504,3
2021-05-27,Mono,051,14174,1264,1276,17,1293,3
2021-05-27,Monterey,053,433212,43176,43032,1837,44869,379
2021-05-27,Napa,055,140530,9895,9934,34,9968,82
2021-05-27,Nevada,057,99092,4835,4807,188,4995,71
2021-05-27,Orange,059,3164182,255464,254438,11243,265681,5059
2021-05-27,Placer,061,380077,23335,22966,1491,24457,293
2021-05-27,Plumas,063,18699,706,687,11,698,4
2021-05-27,Riverside,065,2383286,294225,288835,13859,302694,4443
2021-05-27,Sacramento,067,1510023,106364,106015,1742,107757,1642
2021-05-27,San Benito,069,59416,6055,6074,112,6186,63
2021-05-27,San Bernardino,071,2135413,293346,292755,8920,301675,4756
2021-05-27,San Diego,073,3302833,280962,279960,14970,294930,3756
2021-05-27,San Francisco,075,870044,36759,36980,1268,38248,546
2021-05-27,San Joaquin,077,732212,73226,72714,3493,76207,1388
2021-05-27,San Luis Obispo,079,281455,21410,21171,734,21905,256
2021-05-27,San Mateo,081,765935,42344,42345,467,42812,436
2021-05-27,Santa Barbara,083,443738,34455,34355,1114,35469,456
2021-05-27,Santa Clara,085,1922200,118664,119452,744,120196,2053
2021-05-27,Santa Cruz,087,273765,16246,16134,797,16931,207
2021-05-27,Shasta,089,179085,12336,12380,1570,13950,202
2021-05-27,Sierra,091,2930,57,54,12,66,0
2021-05-27,Siskiyou,093,43540,1932,1846,355,2201,18
2021-05-27,Solano,095,438530,32880,32855,551,33406,257
2021-05-27,Sonoma,097,501317,30124,30253,329,30582,321
2021-05-27,Stanislaus,099,539301,56442,56207,5879,62086,974
2021-05-27,Sutter,101,95872,9467,9501,84,9585,111
2021-05-27,Tehama,103,63373,5090,5064,569,5633,63
2021-05-27,Trinity,105,12862,483,328,91,419,3
2021-05-27,Tulare,107,460477,50236,49366,8882,58248,840
2021-05-27,Tuolumne,109,53932,4036,4090,43,4133,66
2021-05-27,Ventura,111,848112,81405,80965,2949,83914,1023
2021-05-27,Yolo,113,214977,14032,14036,238,14274,213
2021-05-27,Yuba,115,75493,6070,6040,120,6160,48
2021-05-26,Alameda,001,1643700,88163,88297,1913,90210,1266
2021-05-26,Alpine,003,1148,87,88,0,88,0
2021-05-26,Amador,005,37829,3675,3679,32,3711,46
2021-05-26,Butte,007,227075,12544,12332,1838,14170,190
2021-05-26,Calaveras,009,45235,2166,2154,13,2167,55
2021-05-26,Colusa,011,21464,1945,1952,310,2262,15
2021-05-26,Contra Costa,013,1133247,69659,69210,1262,70472,812
2021-05-26,Del Norte,015,27424,1418,1386,12,1398,8
2021-05-26,El Dorado,017,186661,10320,10242,741,10983,112
2021-05-26,Fresno,019,978130,102748,102374,8606,110980,1702
2021-05-26,Glenn,021,27897,2435,2415,555,2970,18
2021-05-26,Humboldt,023,135768,4272,4246,38,4284,42
2021-05-26,Imperial,025,180216,28610,28712,2683,31395,734
2021-05-26,Inyo,027,18085,1404,1403,12,1415,36
2021-05-26,Kern,029,883053,97344,96343,10818,107161,1320
2021-05-26,Kings,031,150075,23154,22950,1073,24023,245
2021-05-26,Lake,033,64148,3530,3508,9,3517,45
2021-05-26,Lassen,035,31185,5214,5164,112,5276,6
2021-05-26,Los Angeles,037,10098052,1207226,1198100,40501,1238601,24221
2021-05-26,Madera,039,155013,16628,16520,927,17447,240
2021-05-26,Marin,041,260295,14111,14061,251,14312,227
2021-05-26,Mariposa,043,17540,432,427,11,438,5
2021-05-26,Mendocino,045,87422,4004,3938,83,4021,47
2021-05-26,Merced,047,269075,31021,31139,1028,32167,455
2021-05-26,Modoc,049,8938,376,371,129,500,3
2021-05-26,Mono,051,14174,1264,1274,17,1291,3
2021-05-26,Monterey,053,433212,43170,43018,1836,44854,379
2021-05-26,Napa,055,140530,9888,9932,32,9964,82
2021-05-26,Nevada,057,99092,4830,4803,188,4991,70
2021-05-26,Orange,059,3164182,255428,254368,11240,265608,5058
2021-05-26,Placer,061,380077,23311,22940,1491,24431,293
2021-05-26,Plumas,063,18699,705,685,11,696,4
2021-05-26,Riverside,065,2383286,294179,288782,13852,302634,4443
2021-05-26,Sacramento,067,1510023,106278,105919,1738,107657,1637
2021-05-26,San Benito,069,59416,6055,6074,112,6186,63
2021-05-26,San Bernardino,071,2135413,293311,292662,8919,301581,4755
2021-05-26,San Diego,073,3302833,280887,279859,14960,294819,3755
2021-05-26,San Francisco,075,870044,36747,36954,1268,38222,546
2021-05-26,San Joaquin,077,732212,73184,72681,3490,76171,1388
2021-05-26,San Luis Obispo,079,281455,21404,21163,734,21897,256
2021-05-26,San Mateo,081,765935,42335,42331,467,42798,436
2021-05-26,Santa Barbara,083,443738,34446,34348,1114,35462,459
2021-05-26,Santa Clara,085,1922200,118637,119421,743,120164,2031
2021-05-26,Santa Cruz,087,273765,16245,16139,797,16936,207
2021-05-26,Shasta,089,179085,12321,12357,1567,13924,202
2021-05-26,Sierra,091,2930,57,54,12,66,0
2021-05-26,Siskiyou,093,43540,1930,1847,353,2200,18
2021-05-26,Solano,095,438530,32844,32831,551,33382,257
2021-05-26,Sonoma,097,501317,30097,30230,329,30559,321
2021-05-26,Stanislaus,099,539301,56420,56193,5877,62070,974
2021-05-26,Sutter,101,95872,9462,9495,84,9579,112
2021-05-26,Tehama,103,63373,5089,5054,566,5620,63
2021-05-26,Trinity,105,12862,483,328,91,419,3
2021-05-26,Tulare,107,460477,50229,49352,8878,58230,839
2021-05-26,Tuolumne,109,53932,4032,4088,42,4130,66
2021-05-26,Ventura,111,848112,81382,80944,2947,83891,1023
2021-05-26,Yolo,113,214977,14029,14025,238,14263,213
2021-05-26,Yuba,115,75493,6065,6036,120,6156,49
2021-05-25,Alameda,001,1643700,88132,88237,1913,90150,1263
2021-05-25,Alpine,003,1148,87,88,0,88,0
2021-05-25,Amador,005,37829,3670,3676,32,3708,46
2021-05-25,Butte,007,227075,12533,12295,1837,14132,189
2021-05-25,Calaveras,009,45235,2164,2148,13,2161,55
2021-05-25,Colusa,011,21464,1944,1949,310,2259,15
2021-05-25,Contra Costa,013,1133247,69607,69167,1257,70424,809
2021-05-25,Del Norte,015,27424,1418,1385,12,1397,8
2021-05-25,El Dorado,017,186661,10313,10240,740,10980,112
2021-05-25,Fresno,019,978130,102727,102329,8604,110933,1701
2021-05-25,Glenn,021,27897,2434,2414,554,2968,17
2021-05-25,Humboldt,023,135768,4265,4231,36,4267,42
2021-05-25,Imperial,025,180216,28603,28586,2683,31269,735
2021-05-25,Inyo,027,18085,1404,1402,12,1414,36
2021-05-25,Kern,029,883053,97313,96319,10804,107123,1319
2021-05-25,Kings,031,150075,23147,22944,1073,24017,245
2021-05-25,Lake,033,64148,3529,3508,9,3517,44
2021-05-25,Lassen,035,31185,5210,5164,112,5276,6
2021-05-25,Los Angeles,037,10098052,1207039,1197940,40483,1238423,24212
2021-05-25,Madera,039,155013,16623,16519,926,17445,240
2021-05-25,Marin,041,260295,14105,14053,251,14304,227
2021-05-25,Mariposa,043,17540,431,427,11,438,5
2021-05-25,Mendocino,045,87422,3999,3928,83,4011,47
2021-05-25,Merced,047,269075,31000,31132,1028,32160,455
2021-05-25,Modoc,049,8938,375,367,129,496,3
2021-05-25,Mono,051,14174,1264,1274,17,1291,3
2021-05-25,Monterey,053,433212,43166,43012,1835,44847,379
2021-05-25,Napa,055,140530,9886,9926,32,9958,82
2021-05-25,Nevada,057,99092,4824,4795,188,4983,70
2021-05-25,Orange,059,3164182,255399,254321,11239,265560,5057
2021-05-25,Placer,061,380077,23300,22920,1489,24409,292
2021-05-25,Plumas,063,18699,705,684,11,695,4
2021-05-25,Riverside,065,2383286,294140,288725,13849,302574,4443
2021-05-25,Sacramento,067,1510023,106197,105828,1735,107563,1633
2021-05-25,San Benito,069,59416,6055,6073,112,6185,63
2021-05-25,San Bernardino,071,2135413,293251,292485,8917,301402,4755
2021-05-25,San Diego,073,3302833,280805,279786,14955,294741,3753
2021-05-25,San Francisco,075,870044,36724,36939,1268,38207,546
2021-05-25,San Joaquin,077,732212,73142,72628,3487,76115,1387
2021-05-25,San Luis Obispo,079,281455,21401,21153,734,21887,256
2021-05-25,San Mateo,081,765935,42325,42268,467,42735,435
2021-05-25,Santa Barbara,083,443738,34443,34337,1114,35451,459
2021-05-25,Santa Clara,085,1922200,118613,119393,742,120135,2032
2021-05-25,Santa Cruz,087,273765,16240,16141,797,16938,207
2021-05-25,Shasta,089,179085,12312,12328,1565,13893,202
2021-05-25,Sierra,091,2930,56,54,12,66,0
2021-05-25,Siskiyou,093,43540,1929,1845,352,2197,18
2021-05-25,Solano,095,438530,32824,32817,550,33367,256
2021-05-25,Sonoma,097,501317,30068,30207,328,30535,321
2021-05-25,Stanislaus,099,539301,56384,56168,5874,62042,974
2021-05-25,Sutter,101,95872,9458,9495,84,9579,112
2021-05-25,Tehama,103,63373,5087,5048,565,5613,63
2021-05-25,Trinity,105,12862,483,328,90,418,3
2021-05-25,Tulare,107,460477,50219,49326,8870,58196,838
2021-05-25,Tuolumne,109,53932,4032,4084,42,4126,66
2021-05-25,Ventura,111,848112,81364,80905,2947,83852,1022
2021-05-25,Yolo,113,214977,14021,14018,236,14254,213
2021-05-25,Yuba,115,75493,6058,6028,120,6148,49
2021-05-24,Alameda,001,1643700,88092,88182,1911,90093,1263
2021-05-24,Alpine,003,1148,87,88,0,88,0
2021-05-24,Amador,005,37829,3668,3675,32,3707,46
2021-05-24,Butte,007,227075,12520,12279,1834,14113,189
2021-05-24,Calaveras,009,45235,2162,2146,13,2159,54
2021-05-24,Colusa,011,21464,1944,1949,310,2259,15
2021-05-24,Contra Costa,013,1133247,69566,69107,1253,70360,809
2021-05-24,Del Norte,015,27424,1417,1384,12,1396,8
2021-05-24,El Dorado,017,186661,10303,10227,739,10966,112
2021-05-24,Fresno,019,978130,102685,102289,8603,110892,1698
2021-05-24,Glenn,021,27897,2434,2413,554,2967,17
2021-05-24,Humboldt,023,135768,4258,4225,36,4261,42
2021-05-24,Imperial,025,180216,28601,28575,2683,31258,735
2021-05-24,Inyo,027,18085,1404,1402,12,1414,36
2021-05-24,Kern,029,883053,97286,96296,10799,107095,1319
2021-05-24,Kings,031,150075,23143,22940,1073,24013,246
2021-05-24,Lake,033,64148,3527,3506,9,3515,43
2021-05-24,Lassen,035,31185,5206,5163,112,5275,6
2021-05-24,Los Angeles,037,10098052,1206867,1197782,40469,1238251,24201
2021-05-24,Madera,039,155013,16619,16513,925,17438,239
2021-05-24,Marin,041,260295,14103,14051,251,14302,227
2021-05-24,Mariposa,043,17540,430,427,11,438,5
2021-05-24,Mendocino,045,87422,3997,3919,83,4002,47
2021-05-24,Merced,047,269075,30990,31128,1027,32155,455
2021-05-24,Modoc,049,8938,375,366,128,494,3
2021-05-24,Mono,051,14174,1264,1270,17,1287,3
2021-05-24,Monterey,053,433212,43161,43005,1834,44839,379
2021-05-24,Napa,055,140530,9886,9924,32,9956,82
2021-05-24,Nevada,057,99092,4821,4790,188,4978,70
2021-05-24,Orange,059,3164182,255365,254287,11229,265516,5056
2021-05-24,Placer,061,380077,23281,22895,1488,24383,292
2021-05-24,Plumas,063,18699,704,683,11,694,4
2021-05-24,Riverside,065,2383286,294083,288669,13839,302508,4442
2021-05-24,Sacramento,067,1510023,106082,105716,1734,107450,1632
2021-05-24,San Benito,069,59416,6055,6072,112,6184,63
2021-05-24,San Bernardino,071,2135413,293211,292343,8916,301259,4747
2021-05-24,San Diego,073,3302833,280697,279715,14945,294660,3749
2021-05-24,San Francisco,075,870044,36704,36934,1265,38199,547
2021-05-24,San Joaquin,077,732212,73110,72586,3487,76073,1371
2021-05-24,San Luis Obispo,079,281455,21383,21146,733,21879,256
2021-05-24,San Mateo,081,765935,42315,42249,467,42716,433
2021-05-24,Santa Barbara,083,443738,34438,34322,1114,35436,459
2021-05-24,Santa Clara,085,1922200,118581,119358,742,120100,2030
2021-05-24,Santa Cruz,087,273765,16234,16135,797,16932,207
2021-05-24,Shasta,089,179085,12295,12315,1562,13877,201
2021-05-24,Sierra,091,2930,56,54,12,66,0
2021-05-24,Siskiyou,093,43540,1926,1840,352,2192,17
2021-05-24,Solano,095,438530,32800,32792,549,33341,254
2021-05-24,Sonoma,097,501317,30053,30187,328,30515,321
2021-05-24,Stanislaus,099,539301,56350,56128,5870,61998,974
2021-05-24,Sutter,101,95872,9452,9486,84,9570,113
2021-05-24,Tehama,103,63373,5084,5043,563,5606,63
2021-05-24,Trinity,105,12862,483,328,90,418,3
2021-05-24,Tulare,107,460477,50212,49318,8866,58184,838
2021-05-24,Tuolumne,109,53932,4032,4083,42,4125,65
2021-05-24,Ventura,111,848112,81351,80876,2945,83821,1022
2021-05-24,Yolo,113,214977,14004,14012,234,14246,213
2021-05-24,Yuba,115,75493,6049,6022,120,6142,49
2021-05-23,Alameda,001,1643700,88029,88157,1909,90066,1263
2021-05-23,Alpine,003,1148,87,88,0,88,0
2021-05-23,Amador,005,37829,3667,3673,32,3705,46
2021-05-23,Butte,007,227075,12506,12271,1833,14104,189
2021-05-23,Calaveras,009,45235,2154,2144,13,2157,54
2021-05-23,Colusa,011,21464,1944,1949,308,2257,15
2021-05-23,Contra Costa,013,1133247,69522,69075,1251,70326,809
2021-05-23,Del Norte,015,27424,1413,1383,12,1395,8
2021-05-23,El Dorado,017,186661,10297,10222,739,10961,112
2021-05-23,Fresno,019,978130,102640,102270,8598,110868,1698
2021-05-23,Glenn,021,27897,2432,2413,554,2967,17
2021-05-23,Humboldt,023,135768,4240,4216,36,4252,42
2021-05-23,Imperial,025,180216,28595,28569,2682,31251,735
2021-05-23,Inyo,027,18085,1404,1402,12,1414,36
2021-05-23,Kern,029,883053,97262,96282,10791,107073,1319
2021-05-23,Kings,031,150075,23130,22939,1071,24010,246
2021-05-23,Lake,033,64148,3524,3504,9,3513,43
2021-05-23,Lassen,035,31185,5202,5163,111,5274,6
2021-05-23,Los Angeles,037,10098052,1206678,1197633,40458,1238091,24197
2021-05-23,Madera,039,155013,16613,16504,925,17429,239
2021-05-23,Marin,041,260295,14094,14048,250,14298,227
2021-05-23,Mariposa,043,17540,430,427,11,438,5
2021-05-23,Mendocino,045,87422,3991,3913,82,3995,47
2021-05-23,Merced,047,269075,30981,31118,1027,32145,455
2021-05-23,Modoc,049,8938,371,366,128,494,3
2021-05-23,Mono,051,14174,1263,1270,17,1287,3
2021-05-23,Monterey,053,433212,43151,43003,1834,44837,379
2021-05-23,Napa,055,140530,9882,9923,32,9955,82
2021-05-23,Nevada,057,99092,4811,4790,188,4978,70
2021-05-23,Orange,059,3164182,255327,254277,11223,265500,5050
2021-05-23,Placer,061,380077,23261,22888,1488,24376,292
2021-05-23,Plumas,063,18699,703,683,11,694,4
2021-05-23,Riverside,065,2383286,294015,288641,13835,302476,4442
2021-05-23,Sacramento,067,1510023,105966,105663,1731,107394,1632
2021-05-23,San Benito,069,59416,6054,6072,112,6184,63
2021-05-23,San Bernardino,071,2135413,293160,292327,8915,301242,4747
2021-05-23,San Diego,073,3302833,280607,279690,14934,294624,3751
2021-05-23,San Francisco,075,870044,36693,36927,1264,38191,547
2021-05-23,San Joaquin,077,732212,73061,72571,3485,76056,1371
2021-05-23,San Luis Obispo,079,281455,21373,21141,732,21873,256
2021-05-23,San Mateo,081,765935,42298,42248,467,42715,433
2021-05-23,Santa Barbara,083,443738,34431,34319,1114,35433,459
2021-05-23,Santa Clara,085,1922200,118557,119333,742,120075,2030
2021-05-23,Santa Cruz,087,273765,16231,16130,797,16927,207
2021-05-23,Shasta,089,179085,12278,12313,1558,13871,201
2021-05-23,Sierra,091,2930,56,54,12,66,0
2021-05-23,Siskiyou,093,43540,1921,1826,345,2171,17
2021-05-23,Solano,095,438530,32782,32780,548,33328,254
2021-05-23,Sonoma,097,501317,30024,30168,327,30495,321
2021-05-23,Stanislaus,099,539301,56302,56104,5867,61971,974
2021-05-23,Sutter,101,95872,9443,9479,84,9563,113
2021-05-23,Tehama,103,63373,5077,5041,561,5602,63
2021-05-23,Trinity,105,12862,483,328,90,418,3
2021-05-23,Tulare,107,460477,50198,49310,8862,58172,838
2021-05-23,Tuolumne,109,53932,4029,4081,42,4123,65
2021-05-23,Ventura,111,848112,81321,80872,2944,83816,1022
2021-05-23,Yolo,113,214977,13992,14004,231,14235,213
2021-05-23,Yuba,115,75493,6044,6017,120,6137,49
2021-05-22,Alameda,001,1643700,88002,88101,1909,90010,1263
2021-05-22,Alpine,003,1148,87,88,0,88,0
2021-05-22,Amador,005,37829,3666,3672,32,3704,46
2021-05-22,Butte,007,227075,12494,12265,1832,14097,189
2021-05-22,Calaveras,009,45235,2150,2141,13,2154,54
2021-05-22,Colusa,011,21464,1940,1949,307,2256,15
2021-05-22,Contra Costa,013,1133247,69489,69004,1250,70254,809
2021-05-22,Del Norte,015,27424,1412,1381,12,1393,8
2021-05-22,El Dorado,017,186661,10292,10215,738,10953,112
2021-05-22,Fresno,019,978130,102626,102238,8596,110834,1698
2021-05-22,Glenn,021,27897,2432,2412,554,2966,17
2021-05-22,Humboldt,023,135768,4231,4194,35,4229,42
2021-05-22,Imperial,025,180216,28586,28574,2682,31256,735
2021-05-22,Inyo,027,18085,1404,1402,12,1414,36
2021-05-22,Kern,029,883053,97250,96260,10784,107044,1319
2021-05-22,Kings,031,150075,23130,22936,1071,24007,246
2021-05-22,Lake,033,64148,3521,3502,9,3511,43
2021-05-22,Lassen,035,31185,5202,5163,111,5274,6
2021-05-22,Los Angeles,037,10098052,1206569,1197454,40450,1237904,24192
2021-05-22,Madera,039,155013,16610,16503,925,17428,239
2021-05-22,Marin,041,260295,14091,14043,250,14293,227
2021-05-22,Mariposa,043,17540,430,427,11,438,5
2021-05-22,Mendocino,045,87422,3985,3908,82,3990,47
2021-05-22,Merced,047,269075,30971,31099,1027,32126,455
2021-05-22,Modoc,049,8938,371,366,128,494,3
2021-05-22,Mono,051,14174,1261,1270,17,1287,3
2021-05-22,Monterey,053,433212,43145,42998,1834,44832,379
2021-05-22,Napa,055,140530,9881,9918,32,9950,82
2021-05-22,Nevada,057,99092,4804,4787,187,4974,70
2021-05-22,Orange,059,3164182,255306,254238,11218,265456,5048
2021-05-22,Placer,061,380077,23247,22865,1487,24352,292
2021-05-22,Plumas,063,18699,702,683,11,694,4
2021-05-22,Riverside,065,2383286,293983,288580,13834,302414,4442
2021-05-22,Sacramento,067,1510023,105891,105551,1728,107279,1632
2021-05-22,San Benito,069,59416,6054,6071,112,6183,63
2021-05-22,San Bernardino,071,2135413,293135,292292,8915,301207,4747
2021-05-22,San Diego,073,3302833,280548,279614,14926,294540,3751
2021-05-22,San Francisco,075,870044,36683,36906,1262,38168,547
2021-05-22,San Joaquin,077,732212,73039,72528,3482,76010,1371
2021-05-22,San Luis Obispo,079,281455,21365,21134,731,21865,256
2021-05-22,San Mateo,081,765935,42288,42218,467,42685,433
2021-05-22,Santa Barbara,083,443738,34427,34313,1113,35426,459
2021-05-22,Santa Clara,085,1922200,118534,119292,742,120034,2030
2021-05-22,Santa Cruz,087,273765,16231,16125,797,16922,207
2021-05-22,Shasta,089,179085,12271,12307,1555,13862,201
2021-05-22,Sierra,091,2930,56,54,12,66,0
2021-05-22,Siskiyou,093,43540,1920,1824,344,2168,17
2021-05-22,Solano,095,438530,32769,32753,548,33301,254
2021-05-22,Sonoma,097,501317,30012,30154,327,30481,321
2021-05-22,Stanislaus,099,539301,56278,56069,5866,61935,974
2021-05-22,Sutter,101,95872,9438,9476,84,9560,113
2021-05-22,Tehama,103,63373,5076,5036,561,5597,63
2021-05-22,Trinity,105,12862,483,328,90,418,3
2021-05-22,Tulare,107,460477,50193,49299,8857,58156,838
2021-05-22,Tuolumne,109,53932,4029,4078,42,4120,65
2021-05-22,Ventura,111,848112,81317,80859,2944,83803,1022
2021-05-22,Yolo,113,214977,13990,13997,231,14228,213
2021-05-22,Yuba,115,75493,6041,6010,120,6130,49
2021-05-21,Alameda,001,1643700,87976,88041,1908,89949,1263
2021-05-21,Alpine,003,1148,87,88,0,88,0
2021-05-21,Amador,005,37829,3663,3672,32,3704,46
2021-05-21,Butte,007,227075,12488,12236,1830,14066,188
2021-05-21,Calaveras,009,45235,2148,2138,13,2151,54
2021-05-21,Colusa,011,21464,1940,1947,307,2254,15
2021-05-21,Contra Costa,013,1133247,69446,68965,1249,70214,810
2021-05-21,Del Norte,015,27424,1411,1376,12,1388,8
2021-05-21,El Dorado,017,186661,10288,10204,738,10942,112
2021-05-21,Fresno,019,978130,102598,102189,8594,110783,1698
2021-05-21,Glenn,021,27897,2431,2408,554,2962,17
2021-05-21,Humboldt,023,135768,4224,4175,35,4210,42
2021-05-21,Imperial,025,180216,28579,28572,2681,31253,732
2021-05-21,Inyo,027,18085,1404,1402,12,1414,36
2021-05-21,Kern,029,883053,97236,96233,10777,107010,1318
2021-05-21,Kings,031,150075,23130,22927,1071,23998,246
2021-05-21,Lake,033,64148,3519,3500,9,3509,43
2021-05-21,Lassen,035,31185,5201,5161,111,5272,6
2021-05-21,Los Angeles,037,10098052,1206451,1197263,40442,1237705,24180
2021-05-21,Madera,039,155013,16609,16500,924,17424,238
2021-05-21,Marin,041,260295,14086,14042,250,14292,227
2021-05-21,Mariposa,043,17540,429,427,11,438,5
2021-05-21,Mendocino,045,87422,3980,3897,82,3979,47
2021-05-21,Merced,047,269075,30963,31076,1027,32103,455
2021-05-21,Modoc,049,8938,371,365,128,493,3
2021-05-21,Mono,051,14174,1261,1269,17,1286,3
2021-05-21,Monterey,053,433212,43143,42995,1834,44829,379
2021-05-21,Napa,055,140530,9877,9913,32,9945,82
2021-05-21,Nevada,057,99092,4803,4779,187,4966,70
2021-05-21,Orange,059,3164182,255286,254171,11216,265387,5042
2021-05-21,Placer,061,380077,23238,22853,1487,24340,292
2021-05-21,Plumas,063,18699,702,683,10,693,4
2021-05-21,Riverside,065,2383286,293956,288499,13827,302326,4442
2021-05-21,Sacramento,067,1510023,105823,105476,1725,107201,1632
2021-05-21,San Benito,069,59416,6054,6068,112,6180,63
2021-05-21,San Bernardino,071,2135413,293103,292205,8913,301118,4744
2021-05-21,San Diego,073,3302833,280475,279554,14916,294470,3748
2021-05-21,San Francisco,075,870044,36678,36879,1262,38141,546
2021-05-21,San Joaquin,077,732212,73019,72467,3480,75947,1371
2021-05-21,San Luis Obispo,079,281455,21359,21128,728,21856,256
2021-05-21,San Mateo,081,765935,42275,42163,466,42629,432
2021-05-21,Santa Barbara,083,443738,34422,34302,1113,35415,459
2021-05-21,Santa Clara,085,1922200,118507,119247,742,119989,2029
2021-05-21,Santa Cruz,087,273765,16227,16120,797,16917,207
2021-05-21,Shasta,089,179085,12254,12289,1553,13842,201
2021-05-21,Sierra,091,2930,56,54,12,66,0
2021-05-21,Siskiyou,093,43540,1919,1815,344,2159,16
2021-05-21,Solano,095,438530,32754,32742,548,33290,254
2021-05-21,Sonoma,097,501317,29999,30126,327,30453,321
2021-05-21,Stanislaus,099,539301,56248,56036,5864,61900,975
2021-05-21,Sutter,101,95872,9436,9470,84,9554,113
2021-05-21,Tehama,103,63373,5070,5030,561,5591,63
2021-05-21,Trinity,105,12862,483,329,89,418,3
2021-05-21,Tulare,107,460477,50188,49271,8855,58126,838
2021-05-21,Tuolumne,109,53932,4027,4079,42,4121,65
2021-05-21,Ventura,111,848112,81309,80821,2941,83762,1021
2021-05-21,Yolo,113,214977,13984,13983,231,14214,213
2021-05-21,Yuba,115,75493,6035,6006,120,6126,49
2021-05-20,Alameda,001,1643700,87933,87975,1906,89881,1264
2021-05-20,Alpine,003,1148,87,88,0,88,0
2021-05-20,Amador,005,37829,3662,3671,32,3703,46
2021-05-20,Butte,007,227075,12481,12220,1827,14047,188
2021-05-20,Calaveras,009,45235,2144,2138,13,2151,54
2021-05-20,Colusa,011,21464,1939,1946,305,2251,15
2021-05-20,Contra Costa,013,1133247,69401,68913,1247,70160,809
2021-05-20,Del Norte,015,27424,1411,1373,12,1385,8
2021-05-20,El Dorado,017,186661,10278,10188,738,10926,112
2021-05-20,Fresno,019,978130,102576,102135,8592,110727,1696
2021-05-20,Glenn,021,27897,2428,2406,554,2960,17
2021-05-20,Humboldt,023,135768,4207,4162,34,4196,42
2021-05-20,Imperial,025,180216,28574,28551,2681,31232,732
2021-05-20,Inyo,027,18085,1404,1402,12,1414,36
2021-05-20,Kern,029,883053,97215,96204,10770,106974,1317
2021-05-20,Kings,031,150075,23128,22922,1071,23993,246
2021-05-20,Lake,033,64148,3516,3500,9,3509,43
2021-05-20,Lassen,035,31185,5199,5160,110,5270,6
2021-05-20,Los Angeles,037,10098052,1206294,1197073,40432,1237505,24168
2021-05-20,Madera,039,155013,16603,16499,922,17421,238
2021-05-20,Marin,041,260295,14082,14036,249,14285,227
2021-05-20,Mariposa,043,17540,429,426,11,437,5
2021-05-20,Mendocino,045,87422,3973,3897,82,3979,47
2021-05-20,Merced,047,269075,30950,31046,1026,32072,454
2021-05-20,Modoc,049,8938,371,365,128,493,3
2021-05-20,Mono,051,14174,1260,1269,17,1286,3
2021-05-20,Monterey,053,433212,43137,42984,1833,44817,379
2021-05-20,Napa,055,140530,9874,9913,32,9945,82
2021-05-20,Nevada,057,99092,4802,4775,187,4962,70
2021-05-20,Orange,059,3164182,255243,254127,11213,265340,5038
2021-05-20,Placer,061,380077,23225,22823,1486,24309,292
2021-05-20,Plumas,063,18699,700,682,10,692,4
2021-05-20,Riverside,065,2383286,293908,288453,13822,302275,4442
2021-05-20,Sacramento,067,1510023,105727,105414,1722,107136,1629
2021-05-20,San Benito,069,59416,6053,6067,112,6179,63
2021-05-20,San Bernardino,071,2135413,293057,292153,8912,301065,4728
2021-05-20,San Diego,073,3302833,280387,279490,14904,294394,3749
2021-05-20,San Francisco,075,870044,36669,36860,1262,38122,546
2021-05-20,San Joaquin,077,732212,72981,72388,3478,75866,1371
2021-05-20,San Luis Obispo,079,281455,21347,21095,726,21821,256
2021-05-20,San Mateo,081,765935,42261,42152,464,42616,432
2021-05-20,Santa Barbara,083,443738,34418,34293,1113,35406,459
2021-05-20,Santa Clara,085,1922200,118486,119222,742,119964,2029
2021-05-20,Santa Cruz,087,273765,16222,16119,797,16916,207
2021-05-20,Shasta,089,179085,12241,12266,1550,13816,200
2021-05-20,Sierra,091,2930,56,54,12,66,0
2021-05-20,Siskiyou,093,43540,1912,1811,343,2154,16
2021-05-20,Solano,095,438530,32739,32725,548,33273,253
2021-05-20,Sonoma,097,501317,29982,30107,326,30433,321
2021-05-20,Stanislaus,099,539301,56219,55979,5862,61841,970
2021-05-20,Sutter,101,95872,9432,9467,84,9551,113
2021-05-20,Tehama,103,63373,5068,5029,561,5590,63
2021-05-20,Trinity,105,12862,483,329,88,417,3
2021-05-20,Tulare,107,460477,50177,49217,8852,58069,837
2021-05-20,Tuolumne,109,53932,4026,4077,42,4119,65
2021-05-20,Ventura,111,848112,81298,80800,2941,83741,1019
2021-05-20,Yolo,113,214977,13979,13973,231,14204,211
2021-05-20,Yuba,115,75493,6026,6002,120,6122,49
2021-05-19,Alameda,001,1643700,87894,87889,1905,89794,1260
2021-05-19,Alpine,003,1148,87,88,0,88,0
2021-05-19,Amador,005,37829,3662,3669,32,3701,46
2021-05-19,Butte,007,227075,12470,12198,1827,14025,188
2021-05-19,Calaveras,009,45235,2140,2132,13,2145,54
2021-05-19,Colusa,011,21464,1939,1945,303,2248,15
2021-05-19,Contra Costa,013,1133247,69354,68836,1247,70083,808
2021-05-19,Del Norte,015,27424,1409,1371,12,1383,8
2021-05-19,El Dorado,017,186661,10273,10179,737,10916,112
2021-05-19,Fresno,019,978130,102545,102085,8589,110674,1693
2021-05-19,Glenn,021,27897,2428,2404,554,2958,17
2021-05-19,Humboldt,023,135768,4197,4143,34,4177,42
2021-05-19,Imperial,025,180216,28565,28550,2681,31231,732
2021-05-19,Inyo,027,18085,1404,1402,12,1414,36
2021-05-19,Kern,029,883053,97186,96173,10763,106936,1316
2021-05-19,Kings,031,150075,23122,22919,1071,23990,246
2021-05-19,Lake,033,64148,3516,3497,9,3506,43
2021-05-19,Lassen,035,31185,5198,5157,110,5267,6
2021-05-19,Los Angeles,037,10098052,1206097,1196856,40418,1237274,24143
2021-05-19,Madera,039,155013,16600,16496,922,17418,238
2021-05-19,Marin,041,260295,14078,14033,247,14280,227
2021-05-19,Mariposa,043,17540,429,425,11,436,5
2021-05-19,Mendocino,045,87422,3969,3886,82,3968,47
2021-05-19,Merced,047,269075,30934,31044,1026,32070,452
2021-05-19,Modoc,049,8938,371,364,125,489,3
2021-05-19,Mono,051,14174,1260,1266,17,1283,3
2021-05-19,Monterey,053,433212,43132,42973,1832,44805,379
2021-05-19,Napa,055,140530,9871,9906,32,9938,82
2021-05-19,Nevada,057,99092,4800,4769,187,4956,70
2021-05-19,Orange,059,3164182,255206,254087,11203,265290,5035
2021-05-19,Placer,061,380077,23206,22784,1481,24265,291
2021-05-19,Plumas,063,18699,700,682,10,692,4
2021-05-19,Riverside,065,2383286,293862,288398,13820,302218,4442
2021-05-19,Sacramento,067,1510023,105648,105225,1721,106946,1629
2021-05-19,San Benito,069,59416,6052,6064,112,6176,63
2021-05-19,San Bernardino,071,2135413,293013,292078,8909,300987,4725
2021-05-19,San Diego,073,3302833,280302,279345,14883,294228,3746
2021-05-19,San Francisco,075,870044,36656,36835,1261,38096,546
2021-05-19,San Joaquin,077,732212,72938,72338,3473,75811,1369
2021-05-19,San Luis Obispo,079,281455,21339,21085,725,21810,256
2021-05-19,San Mateo,081,765935,42254,42126,464,42590,429
2021-05-19,Santa Barbara,083,443738,34410,34292,1113,35405,459
2021-05-19,Santa Clara,085,1922200,118446,119176,741,119917,2015
2021-05-19,Santa Cruz,087,273765,16218,16121,796,16917,207
2021-05-19,Shasta,089,179085,12223,12233,1547,13780,200
2021-05-19,Sierra,091,2930,56,54,12,66,0
2021-05-19,Siskiyou,093,43540,1909,1803,342,2145,16
2021-05-19,Solano,095,438530,32712,32678,546,33224,253
2021-05-19,Sonoma,097,501317,29967,30080,326,30406,321
2021-05-19,Stanislaus,099,539301,56199,55912,5857,61769,967
2021-05-19,Sutter,101,95872,9425,9459,83,9542,113
2021-05-19,Tehama,103,63373,5059,5026,557,5583,63
2021-05-19,Trinity,105,12862,483,329,88,417,3
2021-05-19,Tulare,107,460477,50164,49163,8847,58010,837
2021-05-19,Tuolumne,109,53932,4026,4074,42,4116,64
2021-05-19,Ventura,111,848112,81283,80747,2940,83687,1019
2021-05-19,Yolo,113,214977,13973,13961,230,14191,211
2021-05-19,Yuba,115,75493,6022,5993,120,6113,49
2021-05-18,Alameda,001,1643700,87820,87816,1905,89721,1254
2021-05-18,Alpine,003,1148,87,88,0,88,0
2021-05-18,Amador,005,37829,3662,3669,32,3701,46
2021-05-18,Butte,007,227075,12457,12164,1824,13988,191
2021-05-18,Calaveras,009,45235,2136,2131,13,2144,54
2021-05-18,Colusa,011,21464,1939,1943,303,2246,14
2021-05-18,Contra Costa,013,1133247,69297,68750,1246,69996,808
2021-05-18,Del Norte,015,27424,1406,1371,12,1383,8
2021-05-18,El Dorado,017,186661,10262,10169,736,10905,112
2021-05-18,Fresno,019,978130,102509,102056,8586,110642,1690
2021-05-18,Glenn,021,27897,2422,2403,553,2956,17
2021-05-18,Humboldt,023,135768,4179,4132,34,4166,42
2021-05-18,Imperial,025,180216,28560,28538,2679,31217,730
2021-05-18,Inyo,027,18085,1404,1401,12,1413,36
2021-05-18,Kern,029,883053,97153,96128,10749,106877,1315
2021-05-18,Kings,031,150075,23116,22916,1071,23987,247
2021-05-18,Lake,033,64148,3514,3495,9,3504,43
2021-05-18,Lassen,035,31185,5197,5157,109,5266,6
2021-05-18,Los Angeles,037,10098052,1205917,1196668,40407,1237075,24133
2021-05-18,Madera,039,155013,16590,16491,921,17412,238
2021-05-18,Marin,041,260295,14075,14026,247,14273,227
2021-05-18,Mariposa,043,17540,429,424,11,435,5
2021-05-18,Mendocino,045,87422,3957,3877,81,3958,47
2021-05-18,Merced,047,269075,30915,31036,1026,32062,452
2021-05-18,Modoc,049,8938,370,364,124,488,3
2021-05-18,Mono,051,14174,1259,1265,17,1282,3
2021-05-18,Monterey,053,433212,43126,43001,1832,44833,379
2021-05-18,Napa,055,140530,9871,9905,32,9937,82
2021-05-18,Nevada,057,99092,4793,4762,187,4949,70
2021-05-18,Orange,059,3164182,255166,254041,11193,265234,5031
2021-05-18,Placer,061,380077,23173,22726,1477,24203,291
2021-05-18,Plumas,063,18699,700,682,10,692,4
2021-05-18,Riverside,065,2383286,293807,288354,13813,302167,4438
2021-05-18,Sacramento,067,1510023,105546,105083,1719,106802,1629
2021-05-18,San Benito,069,59416,6051,6065,112,6177,63
2021-05-18,San Bernardino,071,2135413,292955,292014,8904,300918,4722
2021-05-18,San Diego,073,3302833,280194,279254,14874,294128,3742
2021-05-18,San Francisco,075,870044,36636,36818,1261,38079,546
2021-05-18,San Joaquin,077,732212,72891,72282,3469,75751,1368
2021-05-18,San Luis Obispo,079,281455,21329,21080,723,21803,256
2021-05-18,San Mateo,081,765935,42242,42099,463,42562,428
2021-05-18,Santa Barbara,083,443738,34401,34278,1113,35391,459
2021-05-18,Santa Clara,085,1922200,118419,119171,741,119912,2014
2021-05-18,Santa Cruz,087,273765,16210,16137,796,16933,207
2021-05-18,Shasta,089,179085,12205,12197,1541,13738,200
2021-05-18,Sierra,091,2930,56,54,12,66,0
2021-05-18,Siskiyou,093,43540,1908,1799,342,2141,16
2021-05-18,Solano,095,438530,32687,32644,546,33190,253
2021-05-18,Sonoma,097,501317,29947,30054,325,30379,321
2021-05-18,Stanislaus,099,539301,56163,55860,5857,61717,959
2021-05-18,Sutter,101,95872,9417,9453,83,9536,113
2021-05-18,Tehama,103,63373,5052,5020,555,5575,63
2021-05-18,Trinity,105,12862,483,329,87,416,3
2021-05-18,Tulare,107,460477,50156,49142,8842,57984,836
2021-05-18,Tuolumne,109,53932,4024,4073,42,4115,64
2021-05-18,Ventura,111,848112,81267,80726,2938,83664,1017
2021-05-18,Yolo,113,214977,13965,13951,230,14181,211
2021-05-18,Yuba,115,75493,6018,5989,120,6109,49
2021-05-17,Alameda,001,1643700,87767,87766,1902,89668,1253
2021-05-17,Alpine,003,1148,87,88,0,88,0
2021-05-17,Amador,005,37829,3659,3668,32,3700,46
2021-05-17,Butte,007,227075,12449,12144,1824,13968,192
2021-05-17,Calaveras,009,45235,2136,2131,13,2144,53
2021-05-17,Colusa,011,21464,1939,1943,303,2246,14
2021-05-17,Contra Costa,013,1133247,69242,68720,1245,69965,805
2021-05-17,Del Norte,015,27424,1401,1369,12,1381,8
2021-05-17,El Dorado,017,186661,10245,10163,736,10899,112
2021-05-17,Fresno,019,978130,102465,102013,8578,110591,1690
2021-05-17,Glenn,021,27897,2422,2401,553,2954,17
2021-05-17,Humboldt,023,135768,4168,4112,34,4146,42
2021-05-17,Imperial,025,180216,28554,28533,2677,31210,729
2021-05-17,Inyo,027,18085,1404,1401,12,1413,36
2021-05-17,Kern,029,883053,97124,96095,10732,106827,1315
2021-05-17,Kings,031,150075,23113,22918,1071,23989,246
2021-05-17,Lake,033,64148,3509,3489,9,3498,43
2021-05-17,Lassen,035,31185,5194,5156,108,5264,6
2021-05-17,Los Angeles,037,10098052,1205736,1196556,40401,1236957,24123
2021-05-17,Madera,039,155013,16583,16486,921,17407,238
2021-05-17,Marin,041,260295,14069,14021,247,14268,227
2021-05-17,Mariposa,043,17540,428,423,11,434,5
2021-05-17,Mendocino,045,87422,3948,3868,81,3949,46
2021-05-17,Merced,047,269075,30900,31031,1026,32057,450
2021-05-17,Modoc,049,8938,369,362,124,486,3
2021-05-17,Mono,051,14174,1255,1265,17,1282,3
2021-05-17,Monterey,053,433212,43119,42995,1832,44827,379
2021-05-17,Napa,055,140530,9870,9894,32,9926,82
2021-05-17,Nevada,057,99092,4789,4761,186,4947,70
2021-05-17,Orange,059,3164182,255119,253993,11186,265179,5031
2021-05-17,Placer,061,380077,23150,22706,1470,24176,289
2021-05-17,Plumas,063,18699,700,682,10,692,4
2021-05-17,Riverside,065,2383286,293738,288304,13809,302113,4433
2021-05-17,Sacramento,067,1510023,105439,105035,1717,106752,1629
2021-05-17,San Benito,069,59416,6048,6067,112,6179,63
2021-05-17,San Bernardino,071,2135413,292905,291989,8896,300885,4724
2021-05-17,San Diego,073,3302833,280062,279146,14852,293998,3742
2021-05-17,San Francisco,075,870044,36624,36816,1259,38075,546
2021-05-17,San Joaquin,077,732212,72853,72234,3466,75700,1359
2021-05-17,San Luis Obispo,079,281455,21320,21079,721,21800,256
2021-05-17,San Mateo,081,765935,42214,42083,463,42546,428
2021-05-17,Santa Barbara,083,443738,34394,34275,1113,35388,459
2021-05-17,Santa Clara,085,1922200,118382,119116,739,119855,2015
2021-05-17,Santa Cruz,087,273765,16207,16151,796,16947,206
2021-05-17,Shasta,089,179085,12183,12163,1540,13703,200
2021-05-17,Sierra,091,2930,56,54,12,66,0
2021-05-17,Siskiyou,093,43540,1899,1795,339,2134,15
2021-05-17,Solano,095,438530,32669,32627,545,33172,253
2021-05-17,Sonoma,097,501317,29924,30043,324,30367,321
2021-05-17,Stanislaus,099,539301,56115,55839,5850,61689,951
2021-05-17,Sutter,101,95872,9410,9447,83,9530,113
2021-05-17,Tehama,103,63373,5048,5016,554,5570,63
2021-05-17,Trinity,105,12862,483,328,87,415,3
2021-05-17,Tulare,107,460477,50134,49107,8837,57944,836
2021-05-17,Tuolumne,109,53932,4024,4071,42,4113,64
2021-05-17,Ventura,111,848112,81247,80699,2938,83637,1017
2021-05-17,Yolo,113,214977,13958,13941,230,14171,211
2021-05-17,Yuba,115,75493,6010,5987,120,6107,49
2021-05-16,Alameda,001,1643700,87703,87743,1902,89645,1253
2021-05-16,Alpine,003,1148,87,88,0,88,0
2021-05-16,Amador,005,37829,3658,3667,32,3699,46
2021-05-16,Butte,007,227075,12435,12140,1823,13963,192
2021-05-16,Calaveras,009,45235,2134,2129,13,2142,53
2021-05-16,Colusa,011,21464,1937,1943,303,2246,14
2021-05-16,Contra Costa,013,1133247,69174,68694,1243,69937,805
2021-05-16,Del Norte,015,27424,1398,1365,12,1377,8
2021-05-16,El Dorado,017,186661,10229,10159,735,10894,112
2021-05-16,Fresno,019,978130,102421,101987,8572,110559,1690
2021-05-16,Glenn,021,27897,2422,2401,552,2953,17
2021-05-16,Humboldt,023,135768,4154,4104,34,4138,42
2021-05-16,Imperial,025,180216,28543,28516,2676,31192,729
2021-05-16,Inyo,027,18085,1404,1401,12,1413,36
2021-05-16,Kern,029,883053,97091,96083,10712,106795,1315
2021-05-16,Kings,031,150075,23109,22918,1068,23986,246
2021-05-16,Lake,033,64148,3506,3489,9,3498,43
2021-05-16,Lassen,035,31185,5193,5156,108,5264,6
2021-05-16,Los Angeles,037,10098052,1205510,1196397,40385,1236782,24120
2021-05-16,Madera,039,155013,16578,16483,918,17401,238
2021-05-16,Marin,041,260295,14066,14015,247,14262,227
2021-05-16,Mariposa,043,17540,428,423,11,434,5
2021-05-16,Mendocino,045,87422,3938,3863,81,3944,46
2021-05-16,Merced,047,269075,30879,31023,1024,32047,450
2021-05-16,Modoc,049,8938,369,362,124,486,3
2021-05-16,Mono,051,14174,1255,1265,17,1282,3
2021-05-16,Monterey,053,433212,43114,42991,1832,44823,379
2021-05-16,Napa,055,140530,9867,9891,32,9923,82
2021-05-16,Nevada,057,99092,4785,4755,186,4941,70
2021-05-16,Orange,059,3164182,255087,253962,11183,265145,5031
2021-05-16,Placer,061,380077,23118,22696,1464,24160,289
2021-05-16,Plumas,063,18699,699,682,10,692,4
2021-05-16,Riverside,065,2383286,293662,288259,13801,302060,4433
2021-05-16,Sacramento,067,1510023,105325,105013,1715,106728,1628
2021-05-16,San Benito,069,59416,6047,6067,111,6178,63
2021-05-16,San Bernardino,071,2135413,292833,291940,8894,300834,4724
2021-05-16,San Diego,073,3302833,279944,279099,14839,293938,3742
2021-05-16,San Francisco,075,870044,36600,36808,1258,38066,546
2021-05-16,San Joaquin,077,732212,72804,72218,3461,75679,1359
2021-05-16,San Luis Obispo,079,281455,21312,21072,720,21792,256
2021-05-16,San Mateo,081,765935,42203,42063,462,42525,428
2021-05-16,Santa Barbara,083,443738,34387,34270,1113,35383,459
2021-05-16,Santa Clara,085,1922200,118353,119098,738,119836,2015
2021-05-16,Santa Cruz,087,273765,16205,16143,796,16939,206
2021-05-16,Shasta,089,179085,12167,12156,1536,13692,200
2021-05-16,Sierra,091,2930,56,54,12,66,0
2021-05-16,Siskiyou,093,43540,1895,1790,338,2128,15
2021-05-16,Solano,095,438530,32636,32619,543,33162,253
2021-05-16,Sonoma,097,501317,29905,30033,324,30357,321
2021-05-16,Stanislaus,099,539301,56062,55814,5839,61653,951
2021-05-16,Sutter,101,95872,9403,9445,83,9528,113
2021-05-16,Tehama,103,63373,5044,5013,553,5566,63
2021-05-16,Trinity,105,12862,483,328,87,415,3
2021-05-16,Tulare,107,460477,50117,49091,8834,57925,837
2021-05-16,Tuolumne,109,53932,4020,4070,42,4112,64
2021-05-16,Ventura,111,848112,81216,80689,2938,83627,1017
2021-05-16,Yolo,113,214977,13943,13938,230,14168,211
2021-05-16,Yuba,115,75493,6007,5987,120,6107,49
2021-05-15,Alameda,001,1643700,87677,87677,1901,89578,1252
2021-05-15,Alpine,003,1148,87,88,0,88,0
2021-05-15,Amador,005,37829,3658,3666,32,3698,46
2021-05-15,Butte,007,227075,12428,12095,1822,13917,192
2021-05-15,Calaveras,009,45235,2133,2126,13,2139,53
2021-05-15,Colusa,011,21464,1937,1941,301,2242,14
2021-05-15,Contra Costa,013,1133247,69128,68658,1243,69901,805
2021-05-15,Del Norte,015,27424,1393,1359,12,1371,8
2021-05-15,El Dorado,017,186661,10217,10156,734,10890,112
2021-05-15,Fresno,019,978130,102384,101957,8570,110527,1690
2021-05-15,Glenn,021,27897,2422,2400,552,2952,17
2021-05-15,Humboldt,023,135768,4144,4080,34,4114,42
2021-05-15,Imperial,025,180216,28540,28504,2675,31179,729
2021-05-15,Inyo,027,18085,1404,1402,12,1414,36
2021-05-15,Kern,029,883053,97077,96061,10698,106759,1315
2021-05-15,Kings,031,150075,23108,22913,1068,23981,246
2021-05-15,Lake,033,64148,3505,3485,9,3494,43
2021-05-15,Lassen,035,31185,5190,5156,107,5263,6
2021-05-15,Los Angeles,037,10098052,1205387,1196255,40372,1236627,24115
2021-05-15,Madera,039,155013,16575,16482,918,17400,238
2021-05-15,Marin,041,260295,14062,14012,247,14259,227
2021-05-15,Mariposa,043,17540,428,423,11,434,5
2021-05-15,Mendocino,045,87422,3935,3861,81,3942,46
2021-05-15,Merced,047,269075,30858,31012,1024,32036,450
2021-05-15,Modoc,049,8938,369,362,124,486,3
2021-05-15,Mono,051,14174,1255,1265,17,1282,3
2021-05-15,Monterey,053,433212,43110,42982,1832,44814,379
2021-05-15,Napa,055,140530,9864,9887,32,9919,82
2021-05-15,Nevada,057,99092,4784,4755,186,4941,70
2021-05-15,Orange,059,3164182,255060,253919,11176,265095,5030
2021-05-15,Placer,061,380077,23097,22688,1464,24152,289
2021-05-15,Plumas,063,18699,699,681,10,691,4
2021-05-15,Riverside,065,2383286,293620,288203,13796,301999,4433
2021-05-15,Sacramento,067,1510023,105253,104929,1712,106641,1628
2021-05-15,San Benito,069,59416,6047,6066,111,6177,63
2021-05-15,San Bernardino,071,2135413,292791,291892,8892,300784,4724
2021-05-15,San Diego,073,3302833,279873,278991,14824,293815,3737
2021-05-15,San Francisco,075,870044,36584,36795,1256,38051,546
2021-05-15,San Joaquin,077,732212,72778,72197,3459,75656,1359
2021-05-15,San Luis Obispo,079,281455,21309,21061,719,21780,256
2021-05-15,San Mateo,081,765935,42187,42059,462,42521,428
2021-05-15,Santa Barbara,083,443738,34379,34259,1113,35372,459
2021-05-15,Santa Clara,085,1922200,118332,119060,738,119798,2016
2021-05-15,Santa Cruz,087,273765,16201,16137,796,16933,206
2021-05-15,Shasta,089,179085,12155,12152,1533,13685,200
2021-05-15,Sierra,091,2930,56,54,12,66,0
2021-05-15,Siskiyou,093,43540,1889,1788,336,2124,15
2021-05-15,Solano,095,438530,32627,32604,542,33146,253
2021-05-15,Sonoma,097,501317,29886,30020,324,30344,321
2021-05-15,Stanislaus,099,539301,56031,55795,5832,61627,952
2021-05-15,Sutter,101,95872,9401,9436,83,9519,113
2021-05-15,Tehama,103,63373,5040,5012,552,5564,63
2021-05-15,Trinity,105,12862,483,328,87,415,3
2021-05-15,Tulare,107,460477,50107,49080,8830,57910,837
2021-05-15,Tuolumne,109,53932,4018,4064,42,4106,63
2021-05-15,Ventura,111,848112,81205,80662,2938,83600,1017
2021-05-15,Yolo,113,214977,13936,13932,229,14161,211
2021-05-15,Yuba,115,75493,6004,5979,119,6098,49
2021-05-14,Alameda,001,1643700,87643,87621,1899,89520,1249
2021-05-14,Alpine,003,1148,87,88,0,88,0
2021-05-14,Amador,005,37829,3658,3665,32,3697,46
2021-05-14,Butte,007,227075,12419,12076,1819,13895,192
2021-05-14,Calaveras,009,45235,2129,2121,13,2134,53
2021-05-14,Colusa,011,21464,1936,1940,300,2240,14
2021-05-14,Contra Costa,013,1133247,69086,68589,1241,69830,806
2021-05-14,Del Norte,015,27424,1393,1355,12,1367,8
2021-05-14,El Dorado,017,186661,10210,10143,733,10876,113
2021-05-14,Fresno,019,978130,102355,101917,8564,110481,1688
2021-05-14,Glenn,021,27897,2421,2398,552,2950,17
2021-05-14,Humboldt,023,135768,4137,4050,34,4084,37
2021-05-14,Imperial,025,180216,28533,28485,2674,31159,728
2021-05-14,Inyo,027,18085,1404,1400,12,1412,36
2021-05-14,Kern,029,883053,97047,96033,10689,106722,1311
2021-05-14,Kings,031,150075,23107,22910,1068,23978,246
2021-05-14,Lake,033,64148,3501,3483,9,3492,43
2021-05-14,Lassen,035,31185,5190,5154,107,5261,6
2021-05-14,Los Angeles,037,10098052,1205252,1196038,40367,1236405,24101
2021-05-14,Madera,039,155013,16572,16474,918,17392,238
2021-05-14,Marin,041,260295,14058,14010,247,14257,227
2021-05-14,Mariposa,043,17540,428,422,11,433,5
2021-05-14,Mendocino,045,87422,3933,3855,81,3936,46
2021-05-14,Merced,047,269075,30848,31010,1024,32034,450
2021-05-14,Modoc,049,8938,369,362,124,486,3
2021-05-14,Mono,051,14174,1254,1265,17,1282,3
2021-05-14,Monterey,053,433212,43105,42973,1832,44805,380
2021-05-14,Napa,055,140530,9861,9883,32,9915,82
2021-05-14,Nevada,057,99092,4779,4745,186,4931,70
2021-05-14,Orange,059,3164182,255026,253855,11169,265024,5028
2021-05-14,Placer,061,380077,23078,22660,1458,24118,287
2021-05-14,Plumas,063,18699,698,680,10,690,4
2021-05-14,Riverside,065,2383286,293570,288140,13793,301933,4433
2021-05-14,Sacramento,067,1510023,105164,104828,1711,106539,1627
2021-05-14,San Benito,069,59416,6047,6064,111,6175,63
2021-05-14,San Bernardino,071,2135413,292743,291834,8892,300726,4721
2021-05-14,San Diego,073,3302833,279800,278853,14813,293666,3732
2021-05-14,San Francisco,075,870044,36575,36771,1252,38023,545
2021-05-14,San Joaquin,077,732212,72746,72160,3452,75612,1359
2021-05-14,San Luis Obispo,079,281455,21305,21051,719,21770,256
2021-05-14,San Mateo,081,765935,42177,42041,462,42503,428
2021-05-14,Santa Barbara,083,443738,34369,34243,1113,35356,456
2021-05-14,Santa Clara,085,1922200,118303,119006,738,119744,2014
2021-05-14,Santa Cruz,087,273765,16196,16130,796,16926,207
2021-05-14,Shasta,089,179085,12149,12130,1528,13658,200
2021-05-14,Sierra,091,2930,56,54,12,66,0
2021-05-14,Siskiyou,093,43540,1882,1779,335,2114,14
2021-05-14,Solano,095,438530,32607,32585,541,33126,252
2021-05-14,Sonoma,097,501317,29867,30007,324,30331,321
2021-05-14,Stanislaus,099,539301,55996,55752,5826,61578,950
2021-05-14,Sutter,101,95872,9392,9433,81,9514,113
2021-05-14,Tehama,103,63373,5033,5005,552,5557,63
2021-05-14,Trinity,105,12862,483,328,87,415,3
2021-05-14,Tulare,107,460477,50090,49060,8825,57885,836
2021-05-14,Tuolumne,109,53932,4018,4060,42,4102,63
2021-05-14,Ventura,111,848112,81191,80628,2938,83566,1014
2021-05-14,Yolo,113,214977,13931,13922,225,14147,210
2021-05-14,Yuba,115,75493,6000,5970,119,6089,47
2021-05-13,Alameda,001,1643700,87600,87557,1898,89455,1250
2021-05-13,Alpine,003,1148,87,88,0,88,0
2021-05-13,Amador,005,37829,3658,3662,32,3694,46
2021-05-13,Butte,007,227075,12405,12051,1818,13869,196
2021-05-13,Calaveras,009,45235,2127,2120,13,2133,53
2021-05-13,Colusa,011,21464,1935,1939,296,2235,14
2021-05-13,Contra Costa,013,1133247,69038,68522,1240,69762,806
2021-05-13,Del Norte,015,27424,1391,1354,12,1366,8
2021-05-13,El Dorado,017,186661,10207,10133,733,10866,112
2021-05-13,Fresno,019,978130,102326,101862,8563,110425,1687
2021-05-13,Glenn,021,27897,2420,2395,552,2947,17
2021-05-13,Humboldt,023,135768,4119,4027,34,4061,37
2021-05-13,Imperial,025,180216,28518,28468,2672,31140,729
2021-05-13,Inyo,027,18085,1404,1400,12,1412,36
2021-05-13,Kern,029,883053,97023,95996,10670,106666,1311
2021-05-13,Kings,031,150075,23106,22904,1068,23972,246
2021-05-13,Lake,033,64148,3500,3479,9,3488,43
2021-05-13,Lassen,035,31185,5190,5152,106,5258,6
2021-05-13,Los Angeles,037,10098052,1205063,1195504,40353,1235857,24083
2021-05-13,Madera,039,155013,16564,16467,918,17385,238
2021-05-13,Marin,041,260295,14053,14004,245,14249,227
2021-05-13,Mariposa,043,17540,428,422,11,433,5
2021-05-13,Mendocino,045,87422,3929,3846,81,3927,46
2021-05-13,Merced,047,269075,30841,30989,1023,32012,450
2021-05-13,Modoc,049,8938,369,362,124,486,3
2021-05-13,Mono,051,14174,1254,1265,17,1282,3
2021-05-13,Monterey,053,433212,43090,42966,1832,44798,380
2021-05-13,Napa,055,140530,9854,9877,32,9909,82
2021-05-13,Nevada,057,99092,4775,4743,185,4928,70
2021-05-13,Orange,059,3164182,254981,253778,11167,264945,5026
2021-05-13,Placer,061,380077,23051,22668,1451,24119,288
2021-05-13,Plumas,063,18699,698,680,10,690,4
2021-05-13,Riverside,065,2383286,293504,288067,13788,301855,4433
2021-05-13,Sacramento,067,1510023,105078,104711,1709,106420,1626
2021-05-13,San Benito,069,59416,6045,6062,111,6173,63
2021-05-13,San Bernardino,071,2135413,292677,291765,8892,300657,4722
2021-05-13,San Diego,073,3302833,279686,278592,14796,293388,3729
2021-05-13,San Francisco,075,870044,36551,36741,1250,37991,544
2021-05-13,San Joaquin,077,732212,72704,72096,3448,75544,1357
2021-05-13,San Luis Obispo,079,281455,21290,21043,718,21761,255
2021-05-13,San Mateo,081,765935,42160,42059,462,42521,426
2021-05-13,Santa Barbara,083,443738,34357,34242,1113,35355,456
2021-05-13,Santa Clara,085,1922200,118276,118952,738,119690,2013
2021-05-13,Santa Cruz,087,273765,16190,16129,796,16925,208
2021-05-13,Shasta,089,179085,12129,12111,1524,13635,200
2021-05-13,Sierra,091,2930,56,54,12,66,0
2021-05-13,Siskiyou,093,43540,1875,1769,332,2101,14
2021-05-13,Solano,095,438530,32594,32548,539,33087,252
2021-05-13,Sonoma,097,501317,29842,29991,324,30315,321
2021-05-13,Stanislaus,099,539301,55958,55678,5820,61498,949
2021-05-13,Sutter,101,95872,9387,9431,80,9511,112
2021-05-13,Tehama,103,63373,5028,4997,552,5549,63
2021-05-13,Trinity,105,12862,482,327,86,413,3
2021-05-13,Tulare,107,460477,50064,49032,8817,57849,837
2021-05-13,Tuolumne,109,53932,4017,4059,42,4101,63
2021-05-13,Ventura,111,848112,81161,80615,2937,83552,1012
2021-05-13,Yolo,113,214977,13922,13914,223,14137,210
2021-05-13,Yuba,115,75493,5991,5962,119,6081,47
2021-05-12,Alameda,001,1643700,87568,87482,1896,89378,1261
2021-05-12,Alpine,003,1148,87,88,0,88,0
2021-05-12,Amador,005,37829,3658,3658,32,3690,46
2021-05-12,Butte,007,227075,12395,12026,1818,13844,199
2021-05-12,Calaveras,009,45235,2124,2119,13,2132,53
2021-05-12,Colusa,011,21464,1933,1939,295,2234,14
2021-05-12,Contra Costa,013,1133247,68979,68462,1234,69696,805
2021-05-12,Del Norte,015,27424,1389,1352,12,1364,8
2021-05-12,El Dorado,017,186661,10197,10123,733,10856,112
2021-05-12,Fresno,019,978130,102277,101838,8552,110390,1688
2021-05-12,Glenn,021,27897,2417,2391,552,2943,17
2021-05-12,Humboldt,023,135768,4091,3982,34,4016,37
2021-05-12,Imperial,025,180216,28500,28443,2669,31112,726
2021-05-12,Inyo,027,18085,1404,1400,12,1412,36
2021-05-12,Kern,029,883053,96987,95955,10663,106618,1310
2021-05-12,Kings,031,150075,23104,22896,1068,23964,246
2021-05-12,Lake,033,64148,3498,3476,9,3485,43
2021-05-12,Lassen,035,31185,5188,5151,106,5257,6
2021-05-12,Los Angeles,037,10098052,1204878,1195318,40338,1235656,24067
2021-05-12,Madera,039,155013,16557,16462,917,17379,238
2021-05-12,Marin,041,260295,14048,13997,245,14242,227
2021-05-12,Mariposa,043,17540,428,422,11,433,5
2021-05-12,Mendocino,045,87422,3919,3836,81,3917,46
2021-05-12,Merced,047,269075,30825,30941,1023,31964,450
2021-05-12,Modoc,049,8938,368,362,124,486,3
2021-05-12,Mono,051,14174,1254,1265,17,1282,3
2021-05-12,Monterey,053,433212,43078,42950,1831,44781,380
2021-05-12,Napa,055,140530,9848,9870,32,9902,82
2021-05-12,Nevada,057,99092,4771,4738,185,4923,70
2021-05-12,Orange,059,3164182,254930,253587,11163,264750,5024
2021-05-12,Placer,061,380077,23033,22652,1444,24096,288
2021-05-12,Plumas,063,18699,698,681,10,691,4
2021-05-12,Riverside,065,2383286,293434,287830,13784,301614,4431
2021-05-12,Sacramento,067,1510023,104983,104592,1707,106299,1621
2021-05-12,San Benito,069,59416,6045,6062,111,6173,63
2021-05-12,San Bernardino,071,2135413,292628,291505,8887,300392,4715
2021-05-12,San Diego,073,3302833,279582,278402,14775,293177,3729
2021-05-12,San Francisco,075,870044,36531,36720,1249,37969,544
2021-05-12,San Joaquin,077,732212,72650,72043,3444,75487,1356
2021-05-12,San Luis Obispo,079,281455,21280,21021,718,21739,255
2021-05-12,San Mateo,081,765935,42151,42038,461,42499,426
2021-05-12,Santa Barbara,083,443738,34349,34218,1113,35331,456
2021-05-12,Santa Clara,085,1922200,118232,118897,738,119635,2005
2021-05-12,Santa Cruz,087,273765,16184,16123,796,16919,207
2021-05-12,Shasta,089,179085,12109,12092,1522,13614,200
2021-05-12,Sierra,091,2930,56,54,12,66,0
2021-05-12,Siskiyou,093,43540,1871,1760,331,2091,13
2021-05-12,Solano,095,438530,32570,32519,539,33058,252
2021-05-12,Sonoma,097,501317,29830,29976,324,30300,320
2021-05-12,Stanislaus,099,539301,55917,55632,5813,61445,919
2021-05-12,Sutter,101,95872,9384,9427,80,9507,112
2021-05-12,Tehama,103,63373,5023,4989,552,5541,62
2021-05-12,Trinity,105,12862,482,327,86,413,3
2021-05-12,Tulare,107,460477,50048,49001,8809,57810,838
2021-05-12,Tuolumne,109,53932,4016,4056,42,4098,63
2021-05-12,Ventura,111,848112,81142,80577,2937,83514,1010
2021-05-12,Yolo,113,214977,13914,13910,222,14132,210
2021-05-12,Yuba,115,75493,5988,5956,119,6075,47
2021-05-11,Alameda,001,1643700,87503,87413,1892,89305,1290
2021-05-11,Alpine,003,1148,87,88,0,88,0
2021-05-11,Amador,005,37829,3656,3657,32,3689,46
2021-05-11,Butte,007,227075,12380,12008,1815,13823,199
2021-05-11,Calaveras,009,45235,2124,2118,13,2131,52
2021-05-11,Colusa,011,21464,1932,1939,295,2234,14
2021-05-11,Contra Costa,013,1133247,68919,68406,1233,69639,806
2021-05-11,Del Norte,015,27424,1387,1347,12,1359,8
2021-05-11,El Dorado,017,186661,10191,10108,732,10840,112
2021-05-11,Fresno,019,978130,102231,101792,8547,110339,1686
2021-05-11,Glenn,021,27897,2416,2387,551,2938,17
2021-05-11,Humboldt,023,135768,4070,3964,33,3997,37
2021-05-11,Imperial,025,180216,28492,28413,2665,31078,722
2021-05-11,Inyo,027,18085,1403,1402,12,1414,36
2021-05-11,Kern,029,883053,96959,95938,10650,106588,1310
2021-05-11,Kings,031,150075,23096,22887,1068,23955,246
2021-05-11,Lake,033,64148,3498,3473,9,3482,43
2021-05-11,Lassen,035,31185,5186,5148,106,5254,6
2021-05-11,Los Angeles,037,10098052,1204641,1195100,40321,1235421,24048
2021-05-11,Madera,039,155013,16553,16459,916,17375,238
2021-05-11,Marin,041,260295,14041,13987,245,14232,227
2021-05-11,Mariposa,043,17540,428,421,11,432,5
2021-05-11,Mendocino,045,87422,3911,3821,81,3902,46
2021-05-11,Merced,047,269075,30816,30893,1023,31916,449
2021-05-11,Modoc,049,8938,368,362,123,485,3
2021-05-11,Mono,051,14174,1254,1265,17,1282,3
2021-05-11,Monterey,053,433212,43070,42934,1830,44764,380
2021-05-11,Napa,055,140530,9841,9870,32,9902,81
2021-05-11,Nevada,057,99092,4767,4737,185,4922,70
2021-05-11,Orange,059,3164182,254866,253545,11156,264701,5017
2021-05-11,Placer,061,380077,23011,22615,1440,24055,287
2021-05-11,Plumas,063,18699,696,679,10,689,4
2021-05-11,Riverside,065,2383286,293372,287757,13779,301536,4429
2021-05-11,Sacramento,067,1510023,104884,104496,1704,106200,1616
2021-05-11,San Benito,069,59416,6042,6058,111,6169,63
2021-05-11,San Bernardino,071,2135413,292568,291421,8885,300306,4707
2021-05-11,San Diego,073,3302833,279447,278308,14756,293064,3725
2021-05-11,San Francisco,075,870044,36511,36707,1249,37956,543
2021-05-11,San Joaquin,077,732212,72602,71999,3441,75440,1356
2021-05-11,San Luis Obispo,079,281455,21273,21008,716,21724,255
2021-05-11,San Mateo,081,765935,42132,41985,460,42445,425
2021-05-11,Santa Barbara,083,443738,34339,34207,1113,35320,456
2021-05-11,Santa Clara,085,1922200,118185,118857,737,119594,2005
2021-05-11,Santa Cruz,087,273765,16180,16113,796,16909,206
2021-05-11,Shasta,089,179085,12086,12050,1516,13566,200
2021-05-11,Sierra,091,2930,56,54,12,66,0
2021-05-11,Siskiyou,093,43540,1861,1756,329,2085,13
2021-05-11,Solano,095,438530,32552,32499,537,33036,250
2021-05-11,Sonoma,097,501317,29815,29966,324,30290,318
2021-05-11,Stanislaus,099,539301,55869,55589,5809,61398,909
2021-05-11,Sutter,101,95872,9377,9417,80,9497,112
2021-05-11,Tehama,103,63373,5019,4985,551,5536,62
2021-05-11,Trinity,105,12862,482,327,85,412,3
2021-05-11,Tulare,107,460477,50021,48974,8795,57769,837
2021-05-11,Tuolumne,109,53932,4015,4056,42,4098,63
2021-05-11,Ventura,111,848112,81118,80544,2934,83478,1008
2021-05-11,Yolo,113,214977,13901,13902,219,14121,210
2021-05-11,Yuba,115,75493,5979,5950,119,6069,46
2021-05-10,Alameda,001,1643700,87435,87366,1891,89257,1284
2021-05-10,Alpine,003,1148,87,88,0,88,0
2021-05-10,Amador,005,37829,3655,3657,32,3689,46
2021-05-10,Butte,007,227075,12364,11993,1811,13804,199
2021-05-10,Calaveras,009,45235,2117,2118,13,2131,52
2021-05-10,Colusa,011,21464,1932,1939,295,2234,14
2021-05-10,Contra Costa,013,1133247,68855,68357,1233,69590,806
2021-05-10,Del Norte,015,27424,1384,1339,12,1351,8
2021-05-10,El Dorado,017,186661,10177,10093,732,10825,113
2021-05-10,Fresno,019,978130,102199,101755,8540,110295,1682
2021-05-10,Glenn,021,27897,2415,2384,550,2934,17
2021-05-10,Humboldt,023,135768,4040,3961,33,3994,36
2021-05-10,Imperial,025,180216,28478,28397,2661,31058,722
2021-05-10,Inyo,027,18085,1403,1401,12,1413,36
2021-05-10,Kern,029,883053,96916,95920,10636,106556,1310
2021-05-10,Kings,031,150075,23085,22884,1067,23951,246
2021-05-10,Lake,033,64148,3490,3471,9,3480,43
2021-05-10,Lassen,035,31185,5182,5148,106,5254,5
2021-05-10,Los Angeles,037,10098052,1204374,1194976,40306,1235282,24030
2021-05-10,Madera,039,155013,16543,16450,916,17366,238
2021-05-10,Marin,041,260295,14038,13981,245,14226,228
2021-05-10,Mariposa,043,17540,427,420,11,431,5
2021-05-10,Mendocino,045,87422,3905,3818,81,3899,46
2021-05-10,Merced,047,269075,30805,30880,1023,31903,448
2021-05-10,Modoc,049,8938,368,361,123,484,3
2021-05-10,Mono,051,14174,1254,1265,17,1282,3
2021-05-10,Monterey,053,433212,43064,42927,1825,44752,380
2021-05-10,Napa,055,140530,9839,9860,32,9892,81
2021-05-10,Nevada,057,99092,4760,4735,185,4920,70
2021-05-10,Orange,059,3164182,254813,253484,11150,264634,5008
2021-05-10,Placer,061,380077,22989,22590,1437,24027,286
2021-05-10,Plumas,063,18699,695,679,10,689,4
2021-05-10,Riverside,065,2383286,293303,287689,13773,301462,4427
2021-05-10,Sacramento,067,1510023,104773,104378,1699,106077,1613
2021-05-10,San Benito,069,59416,6041,6058,111,6169,63
2021-05-10,San Bernardino,071,2135413,292517,291360,8884,300244,4707
2021-05-10,San Diego,073,3302833,279283,278183,14729,292912,3725
2021-05-10,San Francisco,075,870044,36492,36683,1249,37932,543
2021-05-10,San Joaquin,077,732212,72565,71954,3427,75381,1356
2021-05-10,San Luis Obispo,079,281455,21255,20993,715,21708,256
2021-05-10,San Mateo,081,765935,42115,41926,460,42386,424
2021-05-10,Santa Barbara,083,443738,34331,34201,1113,35314,456
2021-05-10,Santa Clara,085,1922200,118126,118822,737,119559,2003
2021-05-10,Santa Cruz,087,273765,16175,16114,796,16910,206
2021-05-10,Shasta,089,179085,12072,12036,1512,13548,200
2021-05-10,Sierra,091,2930,56,54,12,66,0
2021-05-10,Siskiyou,093,43540,1851,1752,327,2079,13
2021-05-10,Solano,095,438530,32532,32466,535,33001,250
2021-05-10,Sonoma,097,501317,29799,29955,323,30278,318
2021-05-10,Stanislaus,099,539301,55795,55541,5803,61344,898
2021-05-10,Sutter,101,95872,9371,9412,80,9492,111
2021-05-10,Tehama,103,63373,5015,4980,551,5531,62
2021-05-10,Trinity,105,12862,482,327,83,410,3
2021-05-10,Tulare,107,460477,49998,48956,8789,57745,837
2021-05-10,Tuolumne,109,53932,4011,4054,41,4095,63
2021-05-10,Ventura,111,848112,81102,80501,2933,83434,1008
2021-05-10,Yolo,113,214977,13889,13898,217,14115,209
2021-05-10,Yuba,115,75493,5977,5942,119,6061,46
2021-05-09,Alameda,001,1643700,87365,87292,1888,89180,1284
2021-05-09,Alpine,003,1148,87,88,0,88,0
2021-05-09,Amador,005,37829,3653,3655,32,3687,46
2021-05-09,Butte,007,227075,12346,11985,1807,13792,199
2021-05-09,Calaveras,009,45235,2116,2116,13,2129,52
2021-05-09,Colusa,011,21464,1931,1940,295,2235,14
2021-05-09,Contra Costa,013,1133247,68792,68302,1231,69533,806
2021-05-09,Del Norte,015,27424,1377,1338,12,1350,8
2021-05-09,El Dorado,017,186661,10163,10089,728,10817,113
2021-05-09,Fresno,019,978130,102161,101729,8531,110260,1682
2021-05-09,Glenn,021,27897,2408,2382,547,2929,17
2021-05-09,Humboldt,023,135768,4020,3950,33,3983,36
2021-05-09,Imperial,025,180216,28455,28388,2653,31041,722
2021-05-09,Inyo,027,18085,1403,1401,11,1412,36
2021-05-09,Kern,029,883053,96888,95903,10626,106529,1310
2021-05-09,Kings,031,150075,23076,22878,1067,23945,246
2021-05-09,Lake,033,64148,3486,3471,9,3480,43
2021-05-09,Lassen,035,31185,5180,5147,106,5253,5
2021-05-09,Los Angeles,037,10098052,1204116,1194820,40291,1235111,24026
2021-05-09,Madera,039,155013,16534,16444,910,17354,238
2021-05-09,Marin,041,260295,14027,13979,244,14223,228
2021-05-09,Mariposa,043,17540,424,420,11,431,5
2021-05-09,Mendocino,045,87422,3895,3814,81,3895,46
2021-05-09,Merced,047,269075,30782,30883,1023,31906,448
2021-05-09,Modoc,049,8938,368,360,123,483,3
2021-05-09,Mono,051,14174,1254,1264,17,1281,3
2021-05-09,Monterey,053,433212,43046,42918,1825,44743,380
2021-05-09,Napa,055,140530,9828,9857,32,9889,81
2021-05-09,Nevada,057,99092,4753,4727,185,4912,70
2021-05-09,Orange,059,3164182,254759,253451,11142,264593,5008
2021-05-09,Placer,061,380077,22963,22566,1434,24000,286
2021-05-09,Plumas,063,18699,694,679,10,689,4
2021-05-09,Riverside,065,2383286,293223,287644,13767,301411,4427
2021-05-09,Sacramento,067,1510023,104624,104309,1693,106002,1612
2021-05-09,San Benito,069,59416,6039,6056,111,6167,63
2021-05-09,San Bernardino,071,2135413,292434,291337,8878,300215,4707
2021-05-09,San Diego,073,3302833,279116,277950,14707,292657,3725
2021-05-09,San Francisco,075,870044,36466,36669,1247,37916,543
2021-05-09,San Joaquin,077,732212,72519,71927,3426,75353,1356
2021-05-09,San Luis Obispo,079,281455,21244,20999,715,21714,256
2021-05-09,San Mateo,081,765935,42085,41903,460,42363,424
2021-05-09,Santa Barbara,083,443738,34318,34196,1112,35308,456
2021-05-09,Santa Clara,085,1922200,118072,118798,736,119534,2003
2021-05-09,Santa Cruz,087,273765,16169,16094,796,16890,206
2021-05-09,Shasta,089,179085,12042,12034,1507,13541,200
2021-05-09,Sierra,091,2930,56,54,12,66,0
2021-05-09,Siskiyou,093,43540,1844,1741,324,2065,13
2021-05-09,Solano,095,438530,32493,32434,533,32967,250
2021-05-09,Sonoma,097,501317,29785,29953,322,30275,318
2021-05-09,Stanislaus,099,539301,55729,55511,5799,61310,898
2021-05-09,Sutter,101,95872,9365,9413,80,9493,111
2021-05-09,Tehama,103,63373,5010,4979,551,5530,62
2021-05-09,Trinity,105,12862,482,327,83,410,3
2021-05-09,Tulare,107,460477,49971,48948,8784,57732,837
2021-05-09,Tuolumne,109,53932,4009,4053,41,4094,63
2021-05-09,Ventura,111,848112,81087,80487,2932,83419,1008
2021-05-09,Yolo,113,214977,13878,13897,217,14114,209
2021-05-09,Yuba,115,75493,5971,5934,119,6053,46
2021-05-08,Alameda,001,1643700,87323,87213,1884,89097,1284
2021-05-08,Alpine,003,1148,87,88,0,88,0
2021-05-08,Amador,005,37829,3651,3652,32,3684,46
2021-05-08,Butte,007,227075,12334,11962,1806,13768,199
2021-05-08,Calaveras,009,45235,2115,2114,13,2127,52
2021-05-08,Colusa,011,21464,1931,1939,295,2234,14
2021-05-08,Contra Costa,013,1133247,68759,68223,1229,69452,803
2021-05-08,Del Norte,015,27424,1374,1335,12,1347,8
2021-05-08,El Dorado,017,186661,10149,10079,728,10807,113
2021-05-08,Fresno,019,978130,102125,101676,8526,110202,1682
2021-05-08,Glenn,021,27897,2406,2382,545,2927,17
2021-05-08,Humboldt,023,135768,4004,3939,33,3972,36
2021-05-08,Imperial,025,180216,28446,28373,2653,31026,721
2021-05-08,Inyo,027,18085,1403,1402,11,1413,36
2021-05-08,Kern,029,883053,96863,95880,10613,106493,1310
2021-05-08,Kings,031,150075,23073,22872,1066,23938,246
2021-05-08,Lake,033,64148,3485,3470,9,3479,43
2021-05-08,Lassen,035,31185,5179,5145,106,5251,5
2021-05-08,Los Angeles,037,10098052,1203962,1194584,40275,1234859,24022
2021-05-08,Madera,039,155013,16530,16442,910,17352,238
2021-05-08,Marin,041,260295,14024,13974,243,14217,228
2021-05-08,Mariposa,043,17540,424,420,11,431,5
2021-05-08,Mendocino,045,87422,3890,3810,80,3890,46
2021-05-08,Merced,047,269075,30772,30876,1023,31899,448
2021-05-08,Modoc,049,8938,368,360,122,482,3
2021-05-08,Mono,051,14174,1254,1262,17,1279,3
2021-05-08,Monterey,053,433212,43041,42914,1824,44738,380
2021-05-08,Napa,055,140530,9821,9853,32,9885,81
2021-05-08,Nevada,057,99092,4750,4716,185,4901,70
2021-05-08,Orange,059,3164182,254725,253412,11138,264550,5006
2021-05-08,Placer,061,380077,22945,22547,1432,23979,286
2021-05-08,Plumas,063,18699,693,679,10,689,4
2021-05-08,Riverside,065,2383286,293180,287574,13765,301339,4427
2021-05-08,Sacramento,067,1510023,104539,104208,1690,105898,1610
2021-05-08,San Benito,069,59416,6038,6048,111,6159,63
2021-05-08,San Bernardino,071,2135413,292391,291296,8878,300174,4707
2021-05-08,San Diego,073,3302833,279033,277760,14689,292449,3725
2021-05-08,San Francisco,075,870044,36443,36642,1247,37889,543
2021-05-08,San Joaquin,077,732212,72490,71869,3417,75286,1356
2021-05-08,San Luis Obispo,079,281455,21233,20992,715,21707,256
2021-05-08,San Mateo,081,765935,42074,41871,460,42331,424
2021-05-08,Santa Barbara,083,443738,34305,34185,1112,35297,456
2021-05-08,Santa Clara,085,1922200,118041,118751,736,119487,2003
2021-05-08,Santa Cruz,087,273765,16166,16089,796,16885,206
2021-05-08,Shasta,089,179085,12032,12030,1503,13533,200
2021-05-08,Sierra,091,2930,56,54,12,66,0
2021-05-08,Siskiyou,093,43540,1843,1741,320,2061,13
2021-05-08,Solano,095,438530,32469,32395,531,32926,249
2021-05-08,Sonoma,097,501317,29772,29942,322,30264,318
2021-05-08,Stanislaus,099,539301,55698,55467,5795,61262,898
2021-05-08,Sutter,101,95872,9362,9413,80,9493,111
2021-05-08,Tehama,103,63373,5008,4977,551,5528,62
2021-05-08,Trinity,105,12862,482,327,83,410,3
2021-05-08,Tulare,107,460477,49958,48929,8774,57703,837
2021-05-08,Tuolumne,109,53932,4008,4050,41,4091,63
2021-05-08,Ventura,111,848112,81076,80481,2929,83410,1008
2021-05-08,Yolo,113,214977,13875,13894,216,14110,209
2021-05-08,Yuba,115,75493,5963,5928,119,6047,46
2021-05-07,Alameda,001,1643700,87270,87128,1884,89012,1280
2021-05-07,Alpine,003,1148,87,88,0,88,0
2021-05-07,Amador,005,37829,3648,3651,32,3683,46
2021-05-07,Butte,007,227075,12313,11943,1803,13746,199
2021-05-07,Calaveras,009,45235,2113,2114,13,2127,52
2021-05-07,Colusa,011,21464,1931,1937,295,2232,14
2021-05-07,Contra Costa,013,1133247,68712,68156,1227,69383,804
2021-05-07,Del Norte,015,27424,1369,1329,12,1341,8
2021-05-07,El Dorado,017,186661,10136,10065,727,10792,112
2021-05-07,Fresno,019,978130,102092,101625,8525,110150,1684
2021-05-07,Glenn,021,27897,2403,2381,544,2925,17
2021-05-07,Humboldt,023,135768,3989,3919,33,3952,36
2021-05-07,Imperial,025,180216,28438,28352,2653,31005,721
2021-05-07,Inyo,027,18085,1403,1402,11,1413,36
2021-05-07,Kern,029,883053,96850,95839,10601,106440,1308
2021-05-07,Kings,031,150075,23072,22857,1065,23922,246
2021-05-07,Lake,033,64148,3483,3467,9,3476,43
2021-05-07,Lassen,035,31185,5178,5144,105,5249,5
2021-05-07,Los Angeles,037,10098052,1203782,1194294,40268,1234562,24008
2021-05-07,Madera,039,155013,16525,16439,910,17349,238
2021-05-07,Marin,041,260295,14020,13968,243,14211,228
2021-05-07,Mariposa,043,17540,423,419,11,430,5
2021-05-07,Mendocino,045,87422,3884,3805,80,3885,46
2021-05-07,Merced,047,269075,30769,30862,1023,31885,446
2021-05-07,Modoc,049,8938,368,360,122,482,3
2021-05-07,Mono,051,14174,1253,1261,17,1278,3
2021-05-07,Monterey,053,433212,43035,42909,1822,44731,380
2021-05-07,Napa,055,140530,9820,9849,32,9881,81
2021-05-07,Nevada,057,99092,4746,4704,185,4889,70
2021-05-07,Orange,059,3164182,254685,253338,11130,264468,5000
2021-05-07,Placer,061,380077,22925,22524,1430,23954,286
2021-05-07,Plumas,063,18699,693,678,10,688,4
2021-05-07,Riverside,065,2383286,293122,287479,13764,301243,4426
2021-05-07,Sacramento,067,1510023,104467,104068,1685,105753,1609
2021-05-07,San Benito,069,59416,6037,6048,111,6159,63
2021-05-07,San Bernardino,071,2135413,292349,291185,8873,300058,4697
2021-05-07,San Diego,073,3302833,278947,277534,14673,292207,3718
2021-05-07,San Francisco,075,870044,36430,36616,1246,37862,543
2021-05-07,San Joaquin,077,732212,72449,71804,3415,75219,1351
2021-05-07,San Luis Obispo,079,281455,21226,20979,715,21694,256
2021-05-07,San Mateo,081,765935,42059,41844,460,42304,424
2021-05-07,Santa Barbara,083,443738,34295,34166,1112,35278,453
2021-05-07,Santa Clara,085,1922200,118008,118691,735,119426,2002
2021-05-07,Santa Cruz,087,273765,16163,16074,796,16870,206
2021-05-07,Shasta,089,179085,12010,12005,1501,13506,200
2021-05-07,Sierra,091,2930,56,54,12,66,0
2021-05-07,Siskiyou,093,43540,1840,1723,320,2043,13
2021-05-07,Solano,095,438530,32441,32352,529,32881,249
2021-05-07,Sonoma,097,501317,29754,29925,320,30245,318
2021-05-07,Stanislaus,099,539301,55658,55407,5790,61197,896
2021-05-07,Sutter,101,95872,9362,9407,80,9487,111
2021-05-07,Tehama,103,63373,5001,4974,551,5525,57
2021-05-07,Trinity,105,12862,482,327,83,410,3
2021-05-07,Tulare,107,460477,49941,48913,8769,57682,837
2021-05-07,Tuolumne,109,53932,4006,4048,41,4089,63
2021-05-07,Ventura,111,848112,81052,80444,2929,83373,1008
2021-05-07,Yolo,113,214977,13869,13875,215,14090,209
2021-05-07,Yuba,115,75493,5953,5910,119,6029,46
2021-05-06,Alameda,001,1643700,87194,87028,1881,88909,1278
2021-05-06,Alpine,003,1148,87,88,0,88,0
2021-05-06,Amador,005,37829,3646,3650,32,3682,46
2021-05-06,Butte,007,227075,12293,11929,1798,13727,198
2021-05-06,Calaveras,009,45235,2113,2111,13,2124,52
2021-05-06,Colusa,011,21464,1931,1935,295,2230,14
2021-05-06,Contra Costa,013,1133247,68657,68076,1224,69300,802
2021-05-06,Del Norte,015,27424,1361,1324,12,1336,6
2021-05-06,El Dorado,017,186661,10129,10048,727,10775,112
2021-05-06,Fresno,019,978130,102048,101536,8521,110057,1680
2021-05-06,Glenn,021,27897,2402,2380,543,2923,17
2021-05-06,Humboldt,023,135768,3964,3898,33,3931,36
2021-05-06,Imperial,025,180216,28427,28311,2652,30963,720
2021-05-06,Inyo,027,18085,1403,1401,11,1412,36
2021-05-06,Kern,029,883053,96825,95801,10584,106385,1307
2021-05-06,Kings,031,150075,23065,22848,1064,23912,246
2021-05-06,Lake,033,64148,3482,3465,9,3474,43
2021-05-06,Lassen,035,31185,5177,5143,105,5248,1
2021-05-06,Los Angeles,037,10098052,1203540,1193954,40252,1234206,23991
2021-05-06,Madera,039,155013,16517,16430,910,17340,238
2021-05-06,Marin,041,260295,14016,13956,243,14199,228
2021-05-06,Mariposa,043,17540,422,419,11,430,5
2021-05-06,Mendocino,045,87422,3873,3802,80,3882,46
2021-05-06,Merced,047,269075,30754,30863,1022,31885,444
2021-05-06,Modoc,049,8938,368,360,122,482,3
2021-05-06,Mono,051,14174,1251,1261,17,1278,3
2021-05-06,Monterey,053,433212,43020,42899,1822,44721,379
2021-05-06,Napa,055,140530,9814,9843,32,9875,81
2021-05-06,Nevada,057,99092,4745,4687,185,4872,70
2021-05-06,Orange,059,3164182,254617,253286,11124,264410,4991
2021-05-06,Placer,061,380077,22903,22493,1430,23923,286
2021-05-06,Plumas,063,18699,693,678,10,688,4
2021-05-06,Riverside,065,2383286,293049,287399,13759,301158,4422
2021-05-06,Sacramento,067,1510023,104351,103956,1682,105638,1609
2021-05-06,San Benito,069,59416,6036,6045,111,6156,63
2021-05-06,San Bernardino,071,2135413,292279,291085,8872,299957,4683
2021-05-06,San Diego,073,3302833,278820,277324,14650,291974,3716
2021-05-06,San Francisco,075,870044,36415,36599,1246,37845,543
2021-05-06,San Joaquin,077,732212,72394,71729,3412,75141,1350
2021-05-06,San Luis Obispo,079,281455,21214,20965,713,21678,256
2021-05-06,San Mateo,081,765935,42040,41802,459,42261,424
2021-05-06,Santa Barbara,083,443738,34282,34152,1112,35264,453
2021-05-06,Santa Clara,085,1922200,117967,118591,735,119326,2001
2021-05-06,Santa Cruz,087,273765,16156,16050,796,16846,206
2021-05-06,Shasta,089,179085,11988,11983,1495,13478,199
2021-05-06,Sierra,091,2930,56,54,12,66,0
2021-05-06,Siskiyou,093,43540,1830,1711,319,2030,12
2021-05-06,Solano,095,438530,32415,32320,521,32841,249
2021-05-06,Sonoma,097,501317,29746,29911,320,30231,318
2021-05-06,Stanislaus,099,539301,55602,55323,5785,61108,834
2021-05-06,Sutter,101,95872,9356,9396,80,9476,111
2021-05-06,Tehama,103,63373,4996,4970,551,5521,53
2021-05-06,Trinity,105,12862,482,327,83,410,3
2021-05-06,Tulare,107,460477,49916,48890,8754,57644,836
2021-05-06,Tuolumne,109,53932,4002,4047,41,4088,63
2021-05-06,Ventura,111,848112,81021,80411,2926,83337,1005
2021-05-06,Yolo,113,214977,13861,13871,212,14083,209
2021-05-06,Yuba,115,75493,5941,5901,119,6020,46
2021-05-05,Alameda,001,1643700,87133,86950,1879,88829,1278
2021-05-05,Alpine,003,1148,87,88,0,88,0
2021-05-05,Amador,005,37829,3643,3650,32,3682,46
2021-05-05,Butte,007,227075,12275,11907,1795,13702,198
2021-05-05,Calaveras,009,45235,2109,2103,13,2116,52
2021-05-05,Colusa,011,21464,1930,1933,295,2228,14
2021-05-05,Contra Costa,013,1133247,68592,67997,1220,69217,803
2021-05-05,Del Norte,015,27424,1358,1317,12,1329,6
2021-05-05,El Dorado,017,186661,10118,10020,726,10746,111
2021-05-05,Fresno,019,978130,101999,101491,8512,110003,1680
2021-05-05,Glenn,021,27897,2399,2380,542,2922,17
2021-05-05,Humboldt,023,135768,3945,3886,32,3918,36
2021-05-05,Imperial,025,180216,28386,28295,2645,30940,720
2021-05-05,Inyo,027,18085,1402,1401,11,1412,36
2021-05-05,Kern,029,883053,96781,95753,10580,106333,1304
2021-05-05,Kings,031,150075,23059,22840,1063,23903,246
2021-05-05,Lake,033,64148,3479,3458,9,3467,43
2021-05-05,Lassen,035,31185,5177,5143,104,5247,1
2021-05-05,Los Angeles,037,10098052,1203273,1193608,40238,1233846,23977
2021-05-05,Madera,039,155013,16515,16423,910,17333,235
2021-05-05,Marin,041,260295,14008,13950,242,14192,228
2021-05-05,Mariposa,043,17540,422,418,11,429,5
2021-05-05,Mendocino,045,87422,3869,3799,80,3879,46
2021-05-05,Merced,047,269075,30733,30844,1022,31866,444
2021-05-05,Modoc,049,8938,367,361,121,482,3
2021-05-05,Mono,051,14174,1251,1260,17,1277,3
2021-05-05,Monterey,053,433212,43007,42870,1819,44689,379
2021-05-05,Napa,055,140530,9808,9833,32,9865,81
2021-05-05,Nevada,057,99092,4742,4666,185,4851,70
2021-05-05,Orange,059,3164182,254559,253237,11119,264356,4978
2021-05-05,Placer,061,380077,22871,22362,1426,23788,287
2021-05-05,Plumas,063,18699,693,677,10,687,4
2021-05-05,Riverside,065,2383286,292954,287353,13750,301103,4414
2021-05-05,Sacramento,067,1510023,104263,103476,1677,105153,1607
2021-05-05,San Benito,069,59416,6027,6046,111,6157,63
2021-05-05,San Bernardino,071,2135413,292204,291008,8868,299876,4677
2021-05-05,San Diego,073,3302833,278683,277098,14631,291729,3716
2021-05-05,San Francisco,075,870044,36400,36577,1245,37822,543
2021-05-05,San Joaquin,077,732212,72342,71638,3409,75047,1345
2021-05-05,San Luis Obispo,079,281455,21206,20958,713,21671,256
2021-05-05,San Mateo,081,765935,42011,41755,458,42213,415
2021-05-05,Santa Barbara,083,443738,34267,34139,1111,35250,453
2021-05-05,Santa Clara,085,1922200,117937,118482,732,119214,1992
2021-05-05,Santa Cruz,087,273765,16150,16013,796,16809,207
2021-05-05,Shasta,089,179085,11972,11939,1491,13430,200
2021-05-05,Sierra,091,2930,56,54,12,66,0
2021-05-05,Siskiyou,093,43540,1813,1706,311,2017,11
2021-05-05,Solano,095,438530,32380,32250,519,32769,249
2021-05-05,Sonoma,097,501317,29733,29879,320,30199,318
2021-05-05,Stanislaus,099,539301,55545,55231,5783,61014,807
2021-05-05,Sutter,101,95872,9350,9387,80,9467,111
2021-05-05,Tehama,103,63373,4992,4968,551,5519,53
2021-05-05,Trinity,105,12862,482,326,83,409,3
2021-05-05,Tulare,107,460477,49892,48875,8747,57622,835
2021-05-05,Tuolumne,109,53932,3999,4040,41,4081,63
2021-05-05,Ventura,111,848112,80993,80372,2922,83294,1005
2021-05-05,Yolo,113,214977,13857,13846,210,14056,209
2021-05-05,Yuba,115,75493,5931,5895,118,6013,44
2021-05-04,Alameda,001,1643700,87041,86894,1879,88773,1277
2021-05-04,Alpine,003,1148,87,88,0,88,0
2021-05-04,Amador,005,37829,3643,3650,32,3682,46
2021-05-04,Butte,007,227075,12251,11883,1794,13677,198
2021-05-04,Calaveras,009,45235,2105,2100,13,2113,52
2021-05-04,Colusa,011,21464,1929,1933,295,2228,14
2021-05-04,Contra Costa,013,1133247,68512,67931,1218,69149,799
2021-05-04,Del Norte,015,27424,1358,1314,12,1326,6
2021-05-04,El Dorado,017,186661,10107,10009,722,10731,110
2021-05-04,Fresno,019,978130,101944,101451,8505,109956,1677
2021-05-04,Glenn,021,27897,2396,2379,539,2918,17
2021-05-04,Humboldt,023,135768,3919,3877,32,3909,36
2021-05-04,Imperial,025,180216,28367,28276,2642,30918,720
2021-05-04,Inyo,027,18085,1402,1399,11,1410,36
2021-05-04,Kern,029,883053,96745,95720,10562,106282,1301
2021-05-04,Kings,031,150075,23045,22822,1060,23882,246
2021-05-04,Lake,033,64148,3478,3454,9,3463,43
2021-05-04,Lassen,035,31185,5176,5142,104,5246,1
2021-05-04,Los Angeles,037,10098052,1202983,1193453,40225,1233678,23957
2021-05-04,Madera,039,155013,16514,16418,910,17328,235
2021-05-04,Marin,041,260295,14000,13935,242,14177,228
2021-05-04,Mariposa,043,17540,422,418,11,429,5
2021-05-04,Mendocino,045,87422,3864,3794,80,3874,46
2021-05-04,Merced,047,269075,30716,30829,1022,31851,444
2021-05-04,Modoc,049,8938,366,360,120,480,3
2021-05-04,Mono,051,14174,1251,1260,17,1277,3
2021-05-04,Monterey,053,433212,42995,42845,1818,44663,380
2021-05-04,Napa,055,140530,9799,9824,32,9856,81
2021-05-04,Nevada,057,99092,4735,4656,185,4841,70
2021-05-04,Orange,059,3164182,254491,253177,11111,264288,4977
2021-05-04,Placer,061,380077,22843,22326,1423,23749,287
2021-05-04,Plumas,063,18699,692,675,10,685,4
2021-05-04,Riverside,065,2383286,292870,287285,13743,301028,4411
2021-05-04,Sacramento,067,1510023,104134,103383,1672,105055,1604
2021-05-04,San Benito,069,59416,6026,6039,111,6150,63
2021-05-04,San Bernardino,071,2135413,292127,290934,8861,299795,4668
2021-05-04,San Diego,073,3302833,278516,276879,14614,291493,3713
2021-05-04,San Francisco,075,870044,36382,36550,1245,37795,541
2021-05-04,San Joaquin,077,732212,72281,71582,3404,74986,1342
2021-05-04,San Luis Obispo,079,281455,21200,20923,711,21634,255
2021-05-04,San Mateo,081,765935,41985,41708,458,42166,415
2021-05-04,Santa Barbara,083,443738,34252,34131,1110,35241,453
2021-05-04,Santa Clara,085,1922200,117874,118431,731,119162,1988
2021-05-04,Santa Cruz,087,273765,16144,16005,796,16801,207
2021-05-04,Shasta,089,179085,11952,11923,1485,13408,198
2021-05-04,Sierra,091,2930,56,54,12,66,0
2021-05-04,Siskiyou,093,43540,1806,1694,309,2003,11
2021-05-04,Solano,095,438530,32339,32220,517,32737,249
2021-05-04,Sonoma,097,501317,29713,29867,319,30186,318
2021-05-04,Stanislaus,099,539301,55489,55165,5780,60945,807
2021-05-04,Sutter,101,95872,9345,9375,80,9455,111
2021-05-04,Tehama,103,63373,4989,4959,550,5509,53
2021-05-04,Trinity,105,12862,482,326,83,409,3
2021-05-04,Tulare,107,460477,49865,48857,8739,57596,835
2021-05-04,Tuolumne,109,53932,3997,4041,41,4082,61
2021-05-04,Ventura,111,848112,80964,80351,2920,83271,1005
2021-05-04,Yolo,113,214977,13844,13820,208,14028,208
2021-05-04,Yuba,115,75493,5925,5891,118,6009,44
2021-05-03,Alameda,001,1643700,86965,86845,1874,88719,1272
2021-05-03,Alpine,003,1148,87,88,0,88,0
2021-05-03,Amador,005,37829,3643,3651,32,3683,46
2021-05-03,Butte,007,227075,12241,11864,1791,13655,198
2021-05-03,Calaveras,009,45235,2103,2099,13,2112,50
2021-05-03,Colusa,011,21464,1928,1931,293,2224,14
2021-05-03,Contra Costa,013,1133247,68453,67895,1214,69109,799
2021-05-03,Del Norte,015,27424,1353,1306,11,1317,6
2021-05-03,El Dorado,017,186661,10089,9984,717,10701,110
2021-05-03,Fresno,019,978130,101888,101405,8495,109900,1678
2021-05-03,Glenn,021,27897,2396,2375,538,2913,17
2021-05-03,Humboldt,023,135768,3904,3865,32,3897,36
2021-05-03,Imperial,025,180216,28345,28280,2639,30919,720
2021-05-03,Inyo,027,18085,1401,1398,11,1409,36
2021-05-03,Kern,029,883053,96708,95693,10551,106244,1299
2021-05-03,Kings,031,150075,23036,22821,1060,23881,246
2021-05-03,Lake,033,64148,3476,3446,9,3455,43
2021-05-03,Lassen,035,31185,5175,5142,104,5246,1
2021-05-03,Los Angeles,037,10098052,1202715,1193261,40199,1233460,23942
2021-05-03,Madera,039,155013,16509,16414,909,17323,235
2021-05-03,Marin,041,260295,13994,13927,242,14169,228
2021-05-03,Mariposa,043,17540,422,418,11,429,5
2021-05-03,Mendocino,045,87422,3857,3792,80,3872,46
2021-05-03,Merced,047,269075,30705,30814,1020,31834,444
2021-05-03,Modoc,049,8938,366,360,120,480,3
2021-05-03,Mono,051,14174,1251,1259,17,1276,3
2021-05-03,Monterey,053,433212,42983,42837,1816,44653,380
2021-05-03,Napa,055,140530,9794,9815,32,9847,81
2021-05-03,Nevada,057,99092,4727,4650,185,4835,70
2021-05-03,Orange,059,3164182,254433,253107,11102,264209,4968
2021-05-03,Placer,061,380077,22812,22289,1417,23706,287
2021-05-03,Plumas,063,18699,691,675,10,685,4
2021-05-03,Riverside,065,2383286,292796,287233,13742,300975,4412
2021-05-03,Sacramento,067,1510023,103981,103303,1662,104965,1602
2021-05-03,San Benito,069,59416,6025,6038,111,6149,63
2021-05-03,San Bernardino,071,2135413,292059,290886,8858,299744,4659
2021-05-03,San Diego,073,3302833,278353,276693,14589,291282,3712
2021-05-03,San Francisco,075,870044,36356,36538,1245,37783,541
2021-05-03,San Joaquin,077,732212,72231,71504,3401,74905,1325
2021-05-03,San Luis Obispo,079,281455,21184,20915,708,21623,254
2021-05-03,San Mateo,081,765935,41962,41689,457,42146,413
2021-05-03,Santa Barbara,083,443738,34240,34119,1110,35229,453
2021-05-03,Santa Clara,085,1922200,117820,118373,730,119103,1988
2021-05-03,Santa Cruz,087,273765,16141,16000,796,16796,207
2021-05-03,Shasta,089,179085,11929,11890,1480,13370,197
2021-05-03,Sierra,091,2930,56,54,12,66,0
2021-05-03,Siskiyou,093,43540,1800,1683,303,1986,11
2021-05-03,Solano,095,438530,32298,32201,516,32717,249
2021-05-03,Sonoma,097,501317,29701,29855,316,30171,318
2021-05-03,Stanislaus,099,539301,55423,55116,5771,60887,774
2021-05-03,Sutter,101,95872,9333,9370,80,9450,111
2021-05-03,Tehama,103,63373,4981,4952,550,5502,53
2021-05-03,Trinity,105,12862,482,326,83,409,3
2021-05-03,Tulare,107,460477,49847,48844,8729,57573,835
2021-05-03,Tuolumne,109,53932,3996,4038,41,4079,61
2021-05-03,Ventura,111,848112,80942,80291,2920,83211,1005
2021-05-03,Yolo,113,214977,13830,13809,207,14016,208
2021-05-03,Yuba,115,75493,5920,5880,118,5998,44
2021-05-02,Alameda,001,1643700,86880,86784,1872,88656,1272
2021-05-02,Alpine,003,1148,87,88,0,88,0
2021-05-02,Amador,005,37829,3643,3650,32,3682,46
2021-05-02,Butte,007,227075,12217,11859,1789,13648,198
2021-05-02,Calaveras,009,45235,2099,2098,13,2111,50
2021-05-02,Colusa,011,21464,1927,1931,292,2223,14
2021-05-02,Contra Costa,013,1133247,68368,67843,1212,69055,800
2021-05-02,Del Norte,015,27424,1346,1305,11,1316,6
2021-05-02,El Dorado,017,186661,10074,9962,716,10678,110
2021-05-02,Fresno,019,978130,101816,101372,8484,109856,1678
2021-05-02,Glenn,021,27897,2395,2374,536,2910,17
2021-05-02,Humboldt,023,135768,3892,3858,31,3889,36
2021-05-02,Imperial,025,180216,28311,28275,2630,30905,721
2021-05-02,Inyo,027,18085,1399,1398,11,1409,36
2021-05-02,Kern,029,883053,96650,95668,10544,106212,1299
2021-05-02,Kings,031,150075,23018,22816,1059,23875,246
2021-05-02,Lake,033,64148,3474,3443,9,3452,43
2021-05-02,Lassen,035,31185,5174,5142,103,5245,1
2021-05-02,Los Angeles,037,10098052,1202363,1193056,40178,1233234,23943
2021-05-02,Madera,039,155013,16503,16410,909,17319,235
2021-05-02,Marin,041,260295,13984,13917,242,14159,228
2021-05-02,Mariposa,043,17540,422,419,11,430,5
2021-05-02,Mendocino,045,87422,3852,3787,80,3867,46
2021-05-02,Merced,047,269075,30685,30793,1016,31809,444
2021-05-02,Modoc,049,8938,365,360,120,480,3
2021-05-02,Mono,051,14174,1250,1259,17,1276,3
2021-05-02,Monterey,053,433212,42969,42837,1815,44652,380
2021-05-02,Napa,055,140530,9790,9805,32,9837,81
2021-05-02,Nevada,057,99092,4711,4635,185,4820,70
2021-05-02,Orange,059,3164182,254359,253025,11088,264113,4968
2021-05-02,Placer,061,380077,22783,22264,1414,23678,287
2021-05-02,Plumas,063,18699,691,675,10,685,4
2021-05-02,Riverside,065,2383286,292696,287197,13732,300929,4412
2021-05-02,Sacramento,067,1510023,103842,103153,1654,104807,1602
2021-05-02,San Benito,069,59416,6020,6037,111,6148,63
2021-05-02,San Bernardino,071,2135413,291960,290859,8856,299715,4655
2021-05-02,San Diego,073,3302833,278157,276521,14562,291083,3712
2021-05-02,San Francisco,075,870044,36330,36522,1245,37767,541
2021-05-02,San Joaquin,077,732212,72167,71447,3395,74842,1325
2021-05-02,San Luis Obispo,079,281455,21163,20910,707,21617,254
2021-05-02,San Mateo,081,765935,41946,41656,456,42112,412
2021-05-02,Santa Barbara,083,443738,34226,34106,1110,35216,453
2021-05-02,Santa Clara,085,1922200,117746,118321,730,119051,1988
2021-05-02,Santa Cruz,087,273765,16136,15995,795,16790,207
2021-05-02,Shasta,089,179085,11913,11885,1472,13357,197
2021-05-02,Sierra,091,2930,56,54,12,66,0
2021-05-02,Siskiyou,093,43540,1789,1661,302,1963,11
2021-05-02,Solano,095,438530,32259,32151,512,32663,249
2021-05-02,Sonoma,097,501317,29679,29842,316,30158,318
2021-05-02,Stanislaus,099,539301,55349,55057,5764,60821,774
2021-05-02,Sutter,101,95872,9327,9363,80,9443,111
2021-05-02,Tehama,103,63373,4976,4950,548,5498,53
2021-05-02,Trinity,105,12862,482,326,83,409,3
2021-05-02,Tulare,107,460477,49829,48834,8721,57555,835
2021-05-02,Tuolumne,109,53932,3993,4038,41,4079,61
2021-05-02,Ventura,111,848112,80904,80284,2919,83203,1005
2021-05-02,Yolo,113,214977,13818,13799,206,14005,208
2021-05-02,Yuba,115,75493,5910,5879,118,5997,44
2021-05-01,Alameda,001,1643700,86837,86704,1869,88573,1270
2021-05-01,Alpine,003,1148,87,88,0,88,0
2021-05-01,Amador,005,37829,3643,3650,32,3682,46
2021-05-01,Butte,007,227075,12203,11845,1784,13629,198
2021-05-01,Calaveras,009,45235,2097,2096,13,2109,50
2021-05-01,Colusa,011,21464,1926,1931,292,2223,14
2021-05-01,Contra Costa,013,1133247,68316,67779,1209,68988,800
2021-05-01,Del Norte,015,27424,1345,1292,11,1303,6
2021-05-01,El Dorado,017,186661,10060,9944,714,10658,110
2021-05-01,Fresno,019,978130,101771,101326,8478,109804,1678
2021-05-01,Glenn,021,27897,2392,2369,535,2904,17
2021-05-01,Humboldt,023,135768,3878,3845,31,3876,36
2021-05-01,Imperial,025,180216,28304,28262,2630,30892,721
2021-05-01,Inyo,027,18085,1399,1397,11,1408,36
2021-05-01,Kern,029,883053,96623,95645,10533,106178,1299
2021-05-01,Kings,031,150075,23015,22797,1058,23855,246
2021-05-01,Lake,033,64148,3472,3441,9,3450,43
2021-05-01,Lassen,035,31185,5172,5142,103,5245,1
2021-05-01,Los Angeles,037,10098052,1202193,1192781,40164,1232945,23946
2021-05-01,Madera,039,155013,16499,16408,909,17317,235
2021-05-01,Marin,041,260295,13976,13902,242,14144,228
2021-05-01,Mariposa,043,17540,422,418,11,429,5
2021-05-01,Mendocino,045,87422,3850,3782,80,3862,46
2021-05-01,Merced,047,269075,30668,30771,1015,31786,444
2021-05-01,Modoc,049,8938,365,361,120,481,3
2021-05-01,Mono,051,14174,1250,1258,17,1275,3
2021-05-01,Monterey,053,433212,42963,42828,1815,44643,379
2021-05-01,Napa,055,140530,9787,9800,32,9832,81
2021-05-01,Nevada,057,99092,4706,4625,185,4810,70
2021-05-01,Orange,059,3164182,254316,252969,11078,264047,4964
2021-05-01,Placer,061,380077,22757,22240,1412,23652,287
2021-05-01,Plumas,063,18699,690,675,10,685,4
2021-05-01,Riverside,065,2383286,292657,287129,13730,300859,4412
2021-05-01,Sacramento,067,1510023,103761,103043,1653,104696,1602
2021-05-01,San Benito,069,59416,6017,6030,111,6141,63
2021-05-01,San Bernardino,071,2135413,291917,290802,8855,299657,4652
2021-05-01,San Diego,073,3302833,278033,276367,14541,290908,3706
2021-05-01,San Francisco,075,870044,36315,36496,1245,37741,541
2021-05-01,San Joaquin,077,732212,72118,71389,3393,74782,1325
2021-05-01,San Luis Obispo,079,281455,21158,20896,707,21603,254
2021-05-01,San Mateo,081,765935,41917,41617,455,42072,411
2021-05-01,Santa Barbara,083,443738,34221,34085,1109,35194,453
2021-05-01,Santa Clara,085,1922200,117694,118265,728,118993,1988
2021-05-01,Santa Cruz,087,273765,16133,15984,795,16779,207
2021-05-01,Shasta,089,179085,11893,11878,1465,13343,197
2021-05-01,Sierra,091,2930,56,53,12,65,0
2021-05-01,Siskiyou,093,43540,1781,1653,301,1954,11
2021-05-01,Solano,095,438530,32229,32124,504,32628,249
2021-05-01,Sonoma,097,501317,29676,29835,316,30151,318
2021-05-01,Stanislaus,099,539301,55314,55005,5758,60763,774
2021-05-01,Sutter,101,95872,9324,9358,80,9438,110
2021-05-01,Tehama,103,63373,4975,4950,547,5497,53
2021-05-01,Trinity,105,12862,482,326,82,408,3
2021-05-01,Tulare,107,460477,49822,48818,8715,57533,835
2021-05-01,Tuolumne,109,53932,3987,4035,41,4076,61
2021-05-01,Ventura,111,848112,80886,80268,2919,83187,1005
2021-05-01,Yolo,113,214977,13811,13784,204,13988,208
2021-05-01,Yuba,115,75493,5908,5875,118,5993,44
2021-04-30,Alameda,001,1643700,86776,86602,1866,88468,1268
2021-04-30,Alpine,003,1148,87,88,0,88,0
2021-04-30,Amador,005,37829,3641,3650,32,3682,46
2021-04-30,Butte,007,227075,12184,11812,1780,13592,197
2021-04-30,Calaveras,009,45235,2096,2087,13,2100,50
2021-04-30,Colusa,011,21464,1926,1931,291,2222,14
2021-04-30,Contra Costa,013,1133247,68268,67684,1206,68890,800
2021-04-30,Del Norte,015,27424,1333,1276,11,1287,6
2021-04-30,El Dorado,017,186661,10046,9906,714,10620,110
2021-04-30,Fresno,019,978130,101725,101263,8474,109737,1670
2021-04-30,Glenn,021,27897,2391,2369,535,2904,17
2021-04-30,Humboldt,023,135768,3865,3834,31,3865,36
2021-04-30,Imperial,025,180216,28295,28244,2627,30871,721
2021-04-30,Inyo,027,18085,1399,1397,11,1408,36
2021-04-30,Kern,029,883053,96606,95605,10529,106134,1298
2021-04-30,Kings,031,150075,23012,22793,1057,23850,246
2021-04-30,Lake,033,64148,3468,3440,9,3449,43
2021-04-30,Lassen,035,31185,5171,5140,103,5243,1
2021-04-30,Los Angeles,037,10098052,1201982,1192393,40151,1232544,23919
2021-04-30,Madera,039,155013,16493,16395,909,17304,235
2021-04-30,Marin,041,260295,13968,13895,240,14135,228
2021-04-30,Mariposa,043,17540,422,417,11,428,5
2021-04-30,Mendocino,045,87422,3846,3777,80,3857,46
2021-04-30,Merced,047,269075,30655,30740,1014,31754,444
2021-04-30,Modoc,049,8938,364,360,120,480,3
2021-04-30,Mono,051,14174,1250,1258,17,1275,3
2021-04-30,Monterey,053,433212,42949,42810,1814,44624,379
2021-04-30,Napa,055,140530,9783,9792,32,9824,81
2021-04-30,Nevada,057,99092,4698,4608,185,4793,70
2021-04-30,Orange,059,3164182,254258,252883,11072,263955,4956
2021-04-30,Placer,061,380077,22738,22190,1408,23598,287
2021-04-30,Plumas,063,18699,690,677,10,687,4
2021-04-30,Riverside,065,2383286,292599,287030,13723,300753,4412
2021-04-30,Sacramento,067,1510023,103660,102864,1649,104513,1596
2021-04-30,San Benito,069,59416,6013,6024,110,6134,63
2021-04-30,San Bernardino,071,2135413,291857,290704,8854,299558,4640
2021-04-30,San Diego,073,3302833,277937,276157,14530,290687,3702
2021-04-30,San Francisco,075,870044,36304,36453,1244,37697,538
2021-04-30,San Joaquin,077,732212,72066,71311,3390,74701,1306
2021-04-30,San Luis Obispo,079,281455,21152,20884,707,21591,255
2021-04-30,San Mateo,081,765935,41903,41583,454,42037,380
2021-04-30,Santa Barbara,083,443738,34208,34061,1109,35170,451
2021-04-30,Santa Clara,085,1922200,117636,118170,724,118894,1988
2021-04-30,Santa Cruz,087,273765,16128,15975,795,16770,207
2021-04-30,Shasta,089,179085,11872,11848,1462,13310,197
2021-04-30,Sierra,091,2930,56,53,12,65,0
2021-04-30,Siskiyou,093,43540,1770,1628,298,1926,11
2021-04-30,Solano,095,438530,32197,32050,501,32551,249
2021-04-30,Sonoma,097,501317,29666,29816,314,30130,318
2021-04-30,Stanislaus,099,539301,55263,54938,5755,60693,774
2021-04-30,Sutter,101,95872,9322,9353,80,9433,110
2021-04-30,Tehama,103,63373,4972,4944,547,5491,53
2021-04-30,Trinity,105,12862,482,326,82,408,3
2021-04-30,Tulare,107,460477,49812,48797,8699,57496,836
2021-04-30,Tuolumne,109,53932,3986,4033,41,4074,61
2021-04-30,Ventura,111,848112,80846,80232,2914,83146,1004
2021-04-30,Yolo,113,214977,13799,13756,204,13960,208
2021-04-30,Yuba,115,75493,5900,5870,118,5988,44
2021-04-29,Alameda,001,1643700,86709,86490,1865,88355,1263
2021-04-29,Alpine,003,1148,87,88,0,88,0
2021-04-29,Amador,005,37829,3641,3649,32,3681,46
2021-04-29,Butte,007,227075,12169,11787,1778,13565,196
2021-04-29,Calaveras,009,45235,2093,2082,13,2095,50
2021-04-29,Colusa,011,21464,1926,1929,291,2220,14
2021-04-29,Contra Costa,013,1133247,68213,67606,1203,68809,795
2021-04-29,Del Norte,015,27424,1329,1271,11,1282,6
2021-04-29,El Dorado,017,186661,10027,9884,711,10595,107
2021-04-29,Fresno,019,978130,101671,101189,8463,109652,1667
2021-04-29,Glenn,021,27897,2388,2369,535,2904,17
2021-04-29,Humboldt,023,135768,3851,3815,31,3846,36
2021-04-29,Imperial,025,180216,28283,28235,2626,30861,720
2021-04-29,Inyo,027,18085,1399,1396,11,1407,36
2021-04-29,Kern,029,883053,96573,95547,10525,106072,1295
2021-04-29,Kings,031,150075,23002,22777,1052,23829,245
2021-04-29,Lake,033,64148,3460,3438,9,3447,43
2021-04-29,Lassen,035,31185,5171,5140,103,5243,1
2021-04-29,Los Angeles,037,10098052,1201704,1192068,40130,1232198,23899
2021-04-29,Madera,039,155013,16488,16383,908,17291,235
2021-04-29,Marin,041,260295,13964,13884,232,14116,228
2021-04-29,Mariposa,043,17540,421,416,11,427,5
2021-04-29,Mendocino,045,87422,3840,3774,80,3854,46
2021-04-29,Merced,047,269075,30636,30706,1013,31719,444
2021-04-29,Modoc,049,8938,364,360,120,480,3
2021-04-29,Mono,051,14174,1247,1259,17,1276,3
2021-04-29,Monterey,053,433212,42932,42797,1813,44610,379
2021-04-29,Napa,055,140530,9769,9789,32,9821,81
2021-04-29,Nevada,057,99092,4687,4590,185,4775,70
2021-04-29,Orange,059,3164182,254188,252823,11057,263880,4934
2021-04-29,Placer,061,380077,22713,22161,1406,23567,286
2021-04-29,Plumas,063,18699,689,676,10,686,4
2021-04-29,Riverside,065,2383286,292531,286947,13721,300668,4409
2021-04-29,Sacramento,067,1510023,103527,102686,1639,104325,1593
2021-04-29,San Benito,069,59416,6012,6023,110,6133,63
2021-04-29,San Bernardino,071,2135413,291785,290606,8849,299455,4609
2021-04-29,San Diego,073,3302833,277786,275961,14513,290474,3700
2021-04-29,San Francisco,075,870044,36279,36412,1244,37656,537
2021-04-29,San Joaquin,077,732212,72000,71225,3385,74610,1301
2021-04-29,San Luis Obispo,079,281455,21141,20876,707,21583,255
2021-04-29,San Mateo,081,765935,41875,41538,453,41991,358
2021-04-29,Santa Barbara,083,443738,34192,34039,1107,35146,448
2021-04-29,Santa Clara,085,1922200,117581,118082,721,118803,1984
2021-04-29,Santa Cruz,087,273765,16122,15961,795,16756,205
2021-04-29,Shasta,089,179085,11841,11836,1454,13290,193
2021-04-29,Sierra,091,2930,56,53,12,65,0
2021-04-29,Siskiyou,093,43540,1761,1615,295,1910,11
2021-04-29,Solano,095,438530,32156,32002,497,32499,248
2021-04-29,Sonoma,097,501317,29651,29785,311,30096,318
2021-04-29,Stanislaus,099,539301,55196,54836,5750,60586,774
2021-04-29,Sutter,101,95872,9315,9346,80,9426,110
2021-04-29,Tehama,103,63373,4964,4939,547,5486,53
2021-04-29,Trinity,105,12862,482,326,82,408,3
2021-04-29,Tulare,107,460477,49794,48785,8688,57473,832
2021-04-29,Tuolumne,109,53932,3985,4030,41,4071,58
2021-04-29,Ventura,111,848112,80812,80188,2912,83100,1002
2021-04-29,Yolo,113,214977,13779,13745,203,13948,205
2021-04-29,Yuba,115,75493,5890,5865,118,5983,44
2021-04-28,Alameda,001,1643700,86637,86390,1861,88251,1260
2021-04-28,Alpine,003,1148,87,88,0,88,0
2021-04-28,Amador,005,37829,3641,3646,32,3678,46
2021-04-28,Butte,007,227075,12149,11762,1773,13535,196
2021-04-28,Calaveras,009,45235,2089,2078,12,2090,50
2021-04-28,Colusa,011,21464,1923,1927,290,2217,14
2021-04-28,Contra Costa,013,1133247,68153,67539,1201,68740,795
2021-04-28,Del Norte,015,27424,1321,1267,11,1278,6
2021-04-28,El Dorado,017,186661,10002,9873,711,10584,107
2021-04-28,Fresno,019,978130,101624,101161,8453,109614,1666
2021-04-28,Glenn,021,27897,2385,2368,535,2903,17
2021-04-28,Humboldt,023,135768,3835,3796,31,3827,36
2021-04-28,Imperial,025,180216,28269,28177,2625,30802,720
2021-04-28,Inyo,027,18085,1399,1396,10,1406,36
2021-04-28,Kern,029,883053,96544,95494,10516,106010,1295
2021-04-28,Kings,031,150075,22990,22767,1050,23817,245
2021-04-28,Lake,033,64148,3457,3433,9,3442,43
2021-04-28,Lassen,035,31185,5171,5138,103,5241,1
2021-04-28,Los Angeles,037,10098052,1201402,1191729,40103,1231832,23858
2021-04-28,Madera,039,155013,16484,16372,908,17280,235
2021-04-28,Marin,041,260295,13953,13866,232,14098,227
2021-04-28,Mariposa,043,17540,418,415,11,426,5
2021-04-28,Mendocino,045,87422,3834,3770,78,3848,46
2021-04-28,Merced,047,269075,30618,30649,1013,31662,443
2021-04-28,Modoc,049,8938,364,360,120,480,3
2021-04-28,Mono,051,14174,1247,1258,17,1275,3
2021-04-28,Monterey,053,433212,42927,42776,1813,44589,379
2021-04-28,Napa,055,140530,9758,9777,32,9809,81
2021-04-28,Nevada,057,99092,4667,4570,185,4755,70
2021-04-28,Orange,059,3164182,254108,252747,11045,263792,4931
2021-04-28,Placer,061,380077,22686,22115,1405,23520,285
2021-04-28,Plumas,063,18699,689,676,10,686,4
2021-04-28,Riverside,065,2383286,292475,286868,13715,300583,4407
2021-04-28,Sacramento,067,1510023,103406,102613,1635,104248,1591
2021-04-28,San Benito,069,59416,6010,6021,110,6131,63
2021-04-28,San Bernardino,071,2135413,291706,290548,8839,299387,4582
2021-04-28,San Diego,073,3302833,277632,275821,14499,290320,3698
2021-04-28,San Francisco,075,870044,36249,36382,1243,37625,534
2021-04-28,San Joaquin,077,732212,71920,71171,3377,74548,1301
2021-04-28,San Luis Obispo,079,281455,21133,20851,707,21558,255
2021-04-28,San Mateo,081,765935,41850,41498,451,41949,358
2021-04-28,Santa Barbara,083,443738,34178,34003,1107,35110,448
2021-04-28,Santa Clara,085,1922200,117512,117997,719,118716,1969
2021-04-28,Santa Cruz,087,273765,16118,15943,794,16737,205
2021-04-28,Shasta,089,179085,11825,11815,1447,13262,192
2021-04-28,Sierra,091,2930,56,51,12,63,0
2021-04-28,Siskiyou,093,43540,1748,1603,292,1895,11
2021-04-28,Solano,095,438530,32124,31982,492,32474,248
2021-04-28,Sonoma,097,501317,29637,29773,307,30080,318
2021-04-28,Stanislaus,099,539301,55141,54745,5747,60492,774
2021-04-28,Sutter,101,95872,9310,9343,80,9423,110
2021-04-28,Tehama,103,63373,4959,4930,546,5476,53
2021-04-28,Trinity,105,12862,482,326,82,408,3
2021-04-28,Tulare,107,460477,49776,48754,8673,57427,832
2021-04-28,Tuolumne,109,53932,3982,4029,41,4070,58
2021-04-28,Ventura,111,848112,80777,80172,2910,83082,1000
2021-04-28,Yolo,113,214977,13765,13721,202,13923,205
2021-04-28,Yuba,115,75493,5884,5857,118,5975,44
2021-04-27,Alameda,001,1643700,86547,86301,1855,88156,1260
2021-04-27,Alpine,003,1148,87,88,0,88,0
2021-04-27,Amador,005,37829,3641,3645,32,3677,46
2021-04-27,Butte,007,227075,12124,11738,1767,13505,196
2021-04-27,Calaveras,009,45235,2087,2076,12,2088,50
2021-04-27,Colusa,011,21464,1922,1926,290,2216,14
2021-04-27,Contra Costa,013,1133247,68084,67470,1197,68667,791
2021-04-27,Del Norte,015,27424,1309,1266,11,1277,6
2021-04-27,El Dorado,017,186661,9973,9866,708,10574,106
2021-04-27,Fresno,019,978130,101559,101138,8443,109581,1663
2021-04-27,Glenn,021,27897,2385,2368,535,2903,17
2021-04-27,Humboldt,023,135768,3823,3780,31,3811,35
2021-04-27,Imperial,025,180216,28253,28149,2619,30768,720
2021-04-27,Inyo,027,18085,1399,1396,10,1406,36
2021-04-27,Kern,029,883053,96487,95466,10506,105972,1295
2021-04-27,Kings,031,150075,22975,22759,1048,23807,244
2021-04-27,Lake,033,64148,3456,3431,9,3440,43
2021-04-27,Lassen,035,31185,5171,5137,103,5240,1
2021-04-27,Los Angeles,037,10098052,1201079,1191504,40073,1231577,23825
2021-04-27,Madera,039,155013,16477,16365,908,17273,235
2021-04-27,Marin,041,260295,13932,13855,232,14087,227
2021-04-27,Mariposa,043,17540,417,413,11,424,5
2021-04-27,Mendocino,045,87422,3830,3765,78,3843,46
2021-04-27,Merced,047,269075,30577,30620,1013,31633,443
2021-04-27,Modoc,049,8938,363,360,120,480,3
2021-04-27,Mono,051,14174,1247,1257,17,1274,3
2021-04-27,Monterey,053,433212,42909,42752,1810,44562,379
2021-04-27,Napa,055,140530,9751,9774,30,9804,81
2021-04-27,Nevada,057,99092,4652,4557,185,4742,70
2021-04-27,Orange,059,3164182,254038,252667,11040,263707,4925
2021-04-27,Placer,061,380077,22656,22050,1401,23451,285
2021-04-27,Plumas,063,18699,688,675,10,685,4
2021-04-27,Riverside,065,2383286,292399,286820,13711,300531,4405
2021-04-27,Sacramento,067,1510023,103277,102595,1625,104220,1589
2021-04-27,San Benito,069,59416,6005,6016,110,6126,63
2021-04-27,San Bernardino,071,2135413,291639,290461,8834,299295,4575
2021-04-27,San Diego,073,3302833,277475,275685,14479,290164,3692
2021-04-27,San Francisco,075,870044,36221,36358,1242,37600,533
2021-04-27,San Joaquin,077,732212,71866,71104,3371,74475,1301
2021-04-27,San Luis Obispo,079,281455,21126,20841,707,21548,255
2021-04-27,San Mateo,081,765935,41815,41474,450,41924,358
2021-04-27,Santa Barbara,083,443738,34154,33973,1106,35079,448
2021-04-27,Santa Clara,085,1922200,117462,117945,718,118663,1969
2021-04-27,Santa Cruz,087,273765,16111,15905,793,16698,205
2021-04-27,Shasta,089,179085,11797,11802,1440,13242,192
2021-04-27,Sierra,091,2930,56,51,12,63,0
2021-04-27,Siskiyou,093,43540,1733,1597,291,1888,11
2021-04-27,Solano,095,438530,32076,31964,491,32455,248
2021-04-27,Sonoma,097,501317,29619,29761,306,30067,318
2021-04-27,Stanislaus,099,539301,55071,54695,5739,60434,752
2021-04-27,Sutter,101,95872,9305,9342,80,9422,110
2021-04-27,Tehama,103,63373,4956,4922,542,5464,53
2021-04-27,Trinity,105,12862,482,326,82,408,3
2021-04-27,Tulare,107,460477,49759,48744,8664,57408,832
2021-04-27,Tuolumne,109,53932,3979,4028,41,4069,58
2021-04-27,Ventura,111,848112,80748,80152,2908,83060,1000
2021-04-27,Yolo,113,214977,13751,13697,201,13898,205
2021-04-27,Yuba,115,75493,5884,5853,118,5971,44
2021-04-26,Alameda,001,1643700,86453,86230,1852,88082,1256
2021-04-26,Alpine,003,1148,87,88,0,88,0
2021-04-26,Amador,005,37829,3640,3645,32,3677,46
2021-04-26,Butte,007,227075,12100,11720,1763,13483,196
2021-04-26,Calaveras,009,45235,2081,2074,12,2086,50
2021-04-26,Colusa,011,21464,1922,1925,289,2214,14
2021-04-26,Contra Costa,013,1133247,68017,67392,1193,68585,789
2021-04-26,Del Norte,015,27424,1300,1263,11,1274,6
2021-04-26,El Dorado,017,186661,9952,9849,707,10556,106
2021-04-26,Fresno,019,978130,101504,101099,8430,109529,1662
2021-04-26,Glenn,021,27897,2383,2367,535,2902,17
2021-04-26,Humboldt,023,135768,3813,3764,30,3794,35
2021-04-26,Imperial,025,180216,28240,28148,2616,30764,720
2021-04-26,Inyo,027,18085,1398,1396,10,1406,36
2021-04-26,Kern,029,883053,96460,95429,10500,105929,1295
2021-04-26,Kings,031,150075,22972,22756,1045,23801,244
2021-04-26,Lake,033,64148,3451,3428,9,3437,43
2021-04-26,Lassen,035,31185,5171,5138,103,5241,1
2021-04-26,Los Angeles,037,10098052,1200750,1191253,40054,1231307,23802
2021-04-26,Madera,039,155013,16465,16353,907,17260,231
2021-04-26,Marin,041,260295,13917,13849,232,14081,227
2021-04-26,Mariposa,043,17540,416,410,11,421,5
2021-04-26,Mendocino,045,87422,3828,3757,77,3834,46
2021-04-26,Merced,047,269075,30560,30611,1010,31621,443
2021-04-26,Modoc,049,8938,363,360,120,480,3
2021-04-26,Mono,051,14174,1247,1258,17,1275,3
2021-04-26,Monterey,053,433212,42893,42740,1809,44549,379
2021-04-26,Napa,055,140530,9739,9769,30,9799,79
2021-04-26,Nevada,057,99092,4631,4548,185,4733,70
2021-04-26,Orange,059,3164182,253955,252592,11030,263622,4919
2021-04-26,Placer,061,380077,22628,22032,1396,23428,285
2021-04-26,Plumas,063,18699,688,670,10,680,4
2021-04-26,Riverside,065,2383286,292337,286724,13703,300427,4401
2021-04-26,Sacramento,067,1510023,103105,102459,1613,104072,1587
2021-04-26,San Benito,069,59416,6003,6013,110,6123,63
2021-04-26,San Bernardino,071,2135413,291587,290394,8833,299227,4572
2021-04-26,San Diego,073,3302833,277300,275541,14451,289992,3692
2021-04-26,San Francisco,075,870044,36193,36330,1241,37571,532
2021-04-26,San Joaquin,077,732212,71800,71050,3363,74413,1301
2021-04-26,San Luis Obispo,079,281455,21118,20830,706,21536,255
2021-04-26,San Mateo,081,765935,41785,41457,450,41907,357
2021-04-26,Santa Barbara,083,443738,34123,33948,1106,35054,448
2021-04-26,Santa Clara,085,1922200,117362,117874,715,118589,1968
2021-04-26,Santa Cruz,087,273765,16102,15877,793,16670,205
2021-04-26,Shasta,089,179085,11780,11787,1434,13221,192
2021-04-26,Sierra,091,2930,55,51,12,63,0
2021-04-26,Siskiyou,093,43540,1723,1592,288,1880,11
2021-04-26,Solano,095,438530,32031,31913,489,32402,247
2021-04-26,Sonoma,097,501317,29596,29755,304,30059,318
2021-04-26,Stanislaus,099,539301,54981,54638,5733,60371,744
2021-04-26,Sutter,101,95872,9300,9328,80,9408,110
2021-04-26,Tehama,103,63373,4951,4920,539,5459,53
2021-04-26,Trinity,105,12862,482,326,82,408,3
2021-04-26,Tulare,107,460477,49739,48735,8655,57390,831
2021-04-26,Tuolumne,109,53932,3978,4024,41,4065,58
2021-04-26,Ventura,111,848112,80723,80137,2905,83042,999
2021-04-26,Yolo,113,214977,13731,13684,198,13882,205
2021-04-26,Yuba,115,75493,5882,5851,118,5969,44
2021-04-25,Alameda,001,1643700,86352,86162,1846,88008,1256
2021-04-25,Alpine,003,1148,87,87,0,87,0
2021-04-25,Amador,005,37829,3639,3643,32,3675,46
2021-04-25,Butte,007,227075,12071,11709,1756,13465,196
2021-04-25,Calaveras,009,45235,2076,2072,11,2083,50
2021-04-25,Colusa,011,21464,1921,1924,289,2213,14
2021-04-25,Contra Costa,013,1133247,67925,67316,1192,68508,789
2021-04-25,Del Norte,015,27424,1294,1259,11,1270,6
2021-04-25,El Dorado,017,186661,9935,9837,705,10542,106
2021-04-25,Fresno,019,978130,101445,101061,8418,109479,1662
2021-04-25,Glenn,021,27897,2383,2366,535,2901,17
2021-04-25,Humboldt,023,135768,3800,3751,30,3781,35
2021-04-25,Imperial,025,180216,28214,28136,2614,30750,720
2021-04-25,Inyo,027,18085,1398,1396,10,1406,36
2021-04-25,Kern,029,883053,96394,95398,10488,105886,1295
2021-04-25,Kings,031,150075,22958,22755,1043,23798,244
2021-04-25,Lake,033,64148,3449,3427,9,3436,43
2021-04-25,Lassen,035,31185,5169,5138,103,5241,1
2021-04-25,Los Angeles,037,10098052,1200414,1190970,40034,1231004,23799
2021-04-25,Madera,039,155013,16453,16346,907,17253,231
2021-04-25,Marin,041,260295,13908,13852,232,14084,227
2021-04-25,Mariposa,043,17540,416,410,11,421,5
2021-04-25,Mendocino,045,87422,3821,3757,77,3834,46
2021-04-25,Merced,047,269075,30526,30586,1009,31595,443
2021-04-25,Modoc,049,8938,363,360,120,480,3
2021-04-25,Mono,051,14174,1247,1257,17,1274,3
2021-04-25,Monterey,053,433212,42880,42737,1807,44544,379
2021-04-25,Napa,055,140530,9734,9762,30,9792,79
2021-04-25,Nevada,057,99092,4619,4536,185,4721,70
2021-04-25,Orange,059,3164182,253879,252531,11024,263555,4919
2021-04-25,Placer,061,380077,22582,22011,1388,23399,285
2021-04-25,Plumas,063,18699,687,670,10,680,4
2021-04-25,Riverside,065,2383286,292244,286651,13697,300348,4401
2021-04-25,Sacramento,067,1510023,102937,102319,1603,103922,1587
2021-04-25,San Benito,069,59416,6001,6014,109,6123,63
2021-04-25,San Bernardino,071,2135413,291512,290357,8825,299182,4571
2021-04-25,San Diego,073,3302833,277087,275412,14418,289830,3692
2021-04-25,San Francisco,075,870044,36162,36310,1241,37551,532
2021-04-25,San Joaquin,077,732212,71705,70987,3353,74340,1301
2021-04-25,San Luis Obispo,079,281455,21099,20820,704,21524,255
2021-04-25,San Mateo,081,765935,41750,41465,449,41914,356
2021-04-25,Santa Barbara,083,443738,34097,33931,1106,35037,448
2021-04-25,Santa Clara,085,1922200,117283,117778,713,118491,1968
2021-04-25,Santa Cruz,087,273765,16096,15868,791,16659,205
2021-04-25,Shasta,089,179085,11757,11784,1429,13213,192
2021-04-25,Sierra,091,2930,55,51,12,63,0
2021-04-25,Siskiyou,093,43540,1712,1580,286,1866,11
2021-04-25,Solano,095,438530,31984,31864,481,32345,247
2021-04-25,Sonoma,097,501317,29578,29756,304,30060,318
2021-04-25,Stanislaus,099,539301,54885,54543,5725,60268,744
2021-04-25,Sutter,101,95872,9294,9326,80,9406,110
2021-04-25,Tehama,103,63373,4947,4916,537,5453,53
2021-04-25,Trinity,105,12862,482,326,82,408,3
2021-04-25,Tulare,107,460477,49723,48728,8642,57370,831
2021-04-25,Tuolumne,109,53932,3976,4022,41,4063,58
2021-04-25,Ventura,111,848112,80699,80110,2905,83015,999
2021-04-25,Yolo,113,214977,13705,13667,197,13864,205
2021-04-25,Yuba,115,75493,5879,5849,117,5966,44
2021-04-24,Alameda,001,1643700,86297,86016,1844,87860,1257
2021-04-24,Alpine,003,1148,87,86,0,86,0
2021-04-24,Amador,005,37829,3638,3640,32,3672,46
2021-04-24,Butte,007,227075,12055,11678,1754,13432,196
2021-04-24,Calaveras,009,45235,2072,2067,11,2078,50
2021-04-24,Colusa,011,21464,1920,1921,289,2210,14
2021-04-24,Contra Costa,013,1133247,67854,67222,1190,68412,789
2021-04-24,Del Norte,015,27424,1289,1255,11,1266,6
2021-04-24,El Dorado,017,186661,9924,9814,704,10518,106
2021-04-24,Fresno,019,978130,101414,100991,8412,109403,1662
2021-04-24,Glenn,021,27897,2383,2363,535,2898,17
2021-04-24,Humboldt,023,135768,3786,3722,30,3752,35
2021-04-24,Imperial,025,180216,28207,28124,2613,30737,720
2021-04-24,Inyo,027,18085,1397,1396,10,1406,36
2021-04-24,Kern,029,883053,96375,95365,10478,105843,1295
2021-04-24,Kings,031,150075,22955,22749,1043,23792,244
2021-04-24,Lake,033,64148,3448,3426,9,3435,43
2021-04-24,Lassen,035,31185,5168,5137,103,5240,1
2021-04-24,Los Angeles,037,10098052,1200182,1190603,40018,1230621,23802
2021-04-24,Madera,039,155013,16450,16338,907,17245,231
2021-04-24,Marin,041,260295,13900,13847,232,14079,227
2021-04-24,Mariposa,043,17540,416,409,11,420,5
2021-04-24,Mendocino,045,87422,3819,3754,75,3829,46
2021-04-24,Merced,047,269075,30506,30559,1009,31568,443
2021-04-24,Modoc,049,8938,363,360,120,480,3
2021-04-24,Mono,051,14174,1247,1256,17,1273,3
2021-04-24,Monterey,053,433212,42868,42727,1806,44533,379
2021-04-24,Napa,055,140530,9728,9756,30,9786,79
2021-04-24,Nevada,057,99092,4612,4522,185,4707,70
2021-04-24,Orange,059,3164182,253835,252441,11018,263459,4910
2021-04-24,Placer,061,380077,22569,21983,1387,23370,285
2021-04-24,Plumas,063,18699,686,670,10,680,4
2021-04-24,Riverside,065,2383286,292176,286552,13693,300245,4400
2021-04-24,Sacramento,067,1510023,102854,102179,1596,103775,1587
2021-04-24,San Benito,069,59416,5999,6007,109,6116,63
2021-04-24,San Bernardino,071,2135413,291464,290264,8824,299088,4568
2021-04-24,San Diego,073,3302833,276984,275252,14398,289650,3688
2021-04-24,San Francisco,075,870044,36133,36285,1236,37521,532
2021-04-24,San Joaquin,077,732212,71662,70911,3350,74261,1301
2021-04-24,San Luis Obispo,079,281455,21089,20797,703,21500,255
2021-04-24,San Mateo,081,765935,41737,41424,447,41871,355
2021-04-24,Santa Barbara,083,443738,34082,33911,1105,35016,448
2021-04-24,Santa Clara,085,1922200,117228,117674,711,118385,1968
2021-04-24,Santa Cruz,087,273765,16088,15840,791,16631,205
2021-04-24,Shasta,089,179085,11739,11770,1426,13196,192
2021-04-24,Sierra,091,2930,55,51,12,63,0
2021-04-24,Siskiyou,093,43540,1702,1574,285,1859,11
2021-04-24,Solano,095,438530,31961,31821,478,32299,247
2021-04-24,Sonoma,097,501317,29576,29739,304,30043,318
2021-04-24,Stanislaus,099,539301,54836,54455,5722,60177,744
2021-04-24,Sutter,101,95872,9291,9316,80,9396,110
2021-04-24,Tehama,103,63373,4942,4907,537,5444,53
2021-04-24,Trinity,105,12862,482,326,82,408,3
2021-04-24,Tulare,107,460477,49712,48705,8632,57337,830
2021-04-24,Tuolumne,109,53932,3972,4020,41,4061,58
2021-04-24,Ventura,111,848112,80686,80097,2903,83000,999
2021-04-24,Yolo,113,214977,13694,13653,197,13850,205
2021-04-24,Yuba,115,75493,5877,5837,117,5954,44
2021-04-23,Alameda,001,1643700,86223,85935,1841,87776,1256
2021-04-23,Alpine,003,1148,86,86,0,86,0
2021-04-23,Amador,005,37829,3637,3637,32,3669,46
2021-04-23,Butte,007,227075,12034,11672,1749,13421,196
2021-04-23,Calaveras,009,45235,2069,2064,11,2075,50
2021-04-23,Colusa,011,21464,1919,1921,289,2210,14
2021-04-23,Contra Costa,013,1133247,67800,67164,1188,68352,785
2021-04-23,Del Norte,015,27424,1288,1254,11,1265,6
2021-04-23,El Dorado,017,186661,9907,9788,701,10489,106
2021-04-23,Fresno,019,978130,101373,100928,8406,109334,1662
2021-04-23,Glenn,021,27897,2383,2361,534,2895,17
2021-04-23,Humboldt,023,135768,3776,3698,30,3728,35
2021-04-23,Imperial,025,180216,28192,28108,2612,30720,720
2021-04-23,Inyo,027,18085,1397,1395,10,1405,36
2021-04-23,Kern,029,883053,96350,95330,10472,105802,1295
2021-04-23,Kings,031,150075,22952,22735,1043,23778,244
2021-04-23,Lake,033,64148,3446,3425,9,3434,43
2021-04-23,Lassen,035,31185,5168,5141,103,5244,1
2021-04-23,Los Angeles,037,10098052,1199912,1190264,39994,1230258,23785
2021-04-23,Madera,039,155013,16441,16328,907,17235,231
2021-04-23,Marin,041,260295,13895,13838,232,14070,227
2021-04-23,Mariposa,043,17540,415,405,11,416,5
2021-04-23,Mendocino,045,87422,3817,3745,74,3819,46
2021-04-23,Merced,047,269075,30489,30530,1008,31538,443
2021-04-23,Modoc,049,8938,363,360,120,480,3
2021-04-23,Mono,051,14174,1245,1256,17,1273,3
2021-04-23,Monterey,053,433212,42862,42722,1806,44528,377
2021-04-23,Napa,055,140530,9723,9752,30,9782,79
2021-04-23,Nevada,057,99092,4603,4510,185,4695,70
2021-04-23,Orange,059,3164182,253791,252399,11011,263410,4904
2021-04-23,Placer,061,380077,22546,21959,1386,23345,282
2021-04-23,Plumas,063,18699,685,670,10,680,4
2021-04-23,Riverside,065,2383286,292117,286456,13688,300144,4399
2021-04-23,Sacramento,067,1510023,102767,102041,1593,103634,1586
2021-04-23,San Benito,069,59416,5997,6005,109,6114,63
2021-04-23,San Bernardino,071,2135413,291413,290189,8823,299012,4568
2021-04-23,San Diego,073,3302833,276845,275097,14375,289472,3684
2021-04-23,San Francisco,075,870044,36117,36252,1235,37487,532
2021-04-23,San Joaquin,077,732212,71606,70840,3347,74187,1295
2021-04-23,San Luis Obispo,079,281455,21080,20781,702,21483,255
2021-04-23,San Mateo,081,765935,41711,41386,447,41833,355
2021-04-23,Santa Barbara,083,443738,34072,33895,1103,34998,447
2021-04-23,Santa Clara,085,1922200,117166,117593,710,118303,1965
2021-04-23,Santa Cruz,087,273765,16081,15802,791,16593,205
2021-04-23,Shasta,089,179085,11732,11759,1425,13184,192
2021-04-23,Sierra,091,2930,55,51,12,63,0
2021-04-23,Siskiyou,093,43540,1690,1567,284,1851,11
2021-04-23,Solano,095,438530,31929,31784,474,32258,247
2021-04-23,Sonoma,097,501317,29562,29727,304,30031,318
2021-04-23,Stanislaus,099,539301,54774,54391,5714,60105,744
2021-04-23,Sutter,101,95872,9289,9312,80,9392,110
2021-04-23,Tehama,103,63373,4939,4906,537,5443,53
2021-04-23,Trinity,105,12862,482,326,82,408,3
2021-04-23,Tulare,107,460477,49695,48694,8625,57319,829
2021-04-23,Tuolumne,109,53932,3971,4020,41,4061,58
2021-04-23,Ventura,111,848112,80667,80095,2903,82998,996
2021-04-23,Yolo,113,214977,13682,13647,197,13844,205
2021-04-23,Yuba,115,75493,5874,5828,117,5945,44
2021-04-22,Alameda,001,1643700,86132,85829,1840,87669,1253
2021-04-22,Alpine,003,1148,86,86,0,86,0
2021-04-22,Amador,005,37829,3636,3633,32,3665,46
2021-04-22,Butte,007,227075,12020,11656,1746,13402,196
2021-04-22,Calaveras,009,45235,2067,2059,11,2070,50
2021-04-22,Colusa,011,21464,1917,1920,287,2207,14
2021-04-22,Contra Costa,013,1133247,67728,67029,1184,68213,782
2021-04-22,Del Norte,015,27424,1283,1252,11,1263,6
2021-04-22,El Dorado,017,186661,9895,9773,698,10471,106
2021-04-22,Fresno,019,978130,101328,100864,8395,109259,1657
2021-04-22,Glenn,021,27897,2382,2361,534,2895,17
2021-04-22,Humboldt,023,135768,3767,3680,30,3710,35
2021-04-22,Imperial,025,180216,28171,28096,2609,30705,720
2021-04-22,Inyo,027,18085,1396,1394,10,1404,36
2021-04-22,Kern,029,883053,96307,95292,10457,105749,1299
2021-04-22,Kings,031,150075,22942,22725,1043,23768,243
2021-04-22,Lake,033,64148,3444,3423,9,3432,43
2021-04-22,Lassen,035,31185,5168,5155,103,5258,1
2021-04-22,Los Angeles,037,10098052,1199590,1189878,39973,1229851,23762
2021-04-22,Madera,039,155013,16422,16316,907,17223,231
2021-04-22,Marin,041,260295,13887,13832,232,14064,227
2021-04-22,Mariposa,043,17540,414,403,11,414,5
2021-04-22,Mendocino,045,87422,3811,3729,74,3803,46
2021-04-22,Merced,047,269075,30454,30490,1007,31497,443
2021-04-22,Modoc,049,8938,363,360,120,480,3
2021-04-22,Mono,051,14174,1245,1254,17,1271,3
2021-04-22,Monterey,053,433212,42855,42708,1804,44512,377
2021-04-22,Napa,055,140530,9713,9734,30,9764,79
2021-04-22,Nevada,057,99092,4593,4504,183,4687,70
2021-04-22,Orange,059,3164182,253718,252307,10998,263305,4898
2021-04-22,Placer,061,380077,22516,21916,1382,23298,282
2021-04-22,Plumas,063,18699,684,670,10,680,4
2021-04-22,Riverside,065,2383286,292018,286362,13679,300041,4398
2021-04-22,Sacramento,067,1510023,102618,101870,1584,103454,1585
2021-04-22,San Benito,069,59416,5993,5998,109,6107,63
2021-04-22,San Bernardino,071,2135413,291344,290125,8814,298939,4571
2021-04-22,San Diego,073,3302833,276679,275913,14353,290266,3684
2021-04-22,San Francisco,075,870044,36094,36218,1232,37450,532
2021-04-22,San Joaquin,077,732212,71547,70751,3340,74091,1295
2021-04-22,San Luis Obispo,079,281455,21066,20761,702,21463,255
2021-04-22,San Mateo,081,765935,41685,41345,445,41790,355
2021-04-22,Santa Barbara,083,443738,34049,33870,1102,34972,446
2021-04-22,Santa Clara,085,1922200,117078,117457,706,118163,1954
2021-04-22,Santa Cruz,087,273765,16078,15737,790,16527,205
2021-04-22,Shasta,089,179085,11717,11738,1423,13161,192
2021-04-22,Sierra,091,2930,55,51,12,63,0
2021-04-22,Siskiyou,093,43540,1686,1564,283,1847,11
2021-04-22,Solano,095,438530,31884,31731,471,32202,247
2021-04-22,Sonoma,097,501317,29547,29705,300,30005,318
2021-04-22,Stanislaus,099,539301,54701,54313,5708,60021,744
2021-04-22,Sutter,101,95872,9285,9302,80,9382,110
2021-04-22,Tehama,103,63373,4933,4896,533,5429,53
2021-04-22,Trinity,105,12862,482,326,82,408,3
2021-04-22,Tulare,107,460477,49675,48669,8616,57285,828
2021-04-22,Tuolumne,109,53932,3967,4020,41,4061,58
2021-04-22,Ventura,111,848112,80641,80073,2901,82974,996
2021-04-22,Yolo,113,214977,13661,13616,197,13813,205
2021-04-22,Yuba,115,75493,5864,5825,117,5942,44
2021-04-21,Alameda,001,1643700,86053,85762,1838,87600,1249
2021-04-21,Alpine,003,1148,86,86,0,86,0
2021-04-21,Amador,005,37829,3633,3632,32,3664,46
2021-04-21,Butte,007,227075,12000,11643,1744,13387,196
2021-04-21,Calaveras,009,45235,2059,2057,11,2068,50
2021-04-21,Colusa,011,21464,1915,1920,286,2206,14
2021-04-21,Contra Costa,013,1133247,67662,66981,1183,68164,782
2021-04-21,Del Norte,015,27424,1279,1252,11,1263,6
2021-04-21,El Dorado,017,186661,9878,9760,695,10455,106
2021-04-21,Fresno,019,978130,101272,100838,8389,109227,1654
2021-04-21,Glenn,021,27897,2381,2361,534,2895,17
2021-04-21,Humboldt,023,135768,3748,3642,30,3672,35
2021-04-21,Imperial,025,180216,28159,28052,2608,30660,719
2021-04-21,Inyo,027,18085,1396,1392,10,1402,36
2021-04-21,Kern,029,883053,96261,95257,10447,105704,1297
2021-04-21,Kings,031,150075,22935,22713,1042,23755,243
2021-04-21,Lake,033,64148,3441,3421,9,3430,43
2021-04-21,Lassen,035,31185,5167,5156,103,5259,1
2021-04-21,Los Angeles,037,10098052,1199248,1189530,39954,1229484,23729
2021-04-21,Madera,039,155013,16417,16309,907,17216,231
2021-04-21,Marin,041,260295,13872,13822,232,14054,227
2021-04-21,Mariposa,043,17540,413,402,11,413,5
2021-04-21,Mendocino,045,87422,3809,3729,74,3803,46
2021-04-21,Merced,047,269075,30434,30471,1005,31476,442
2021-04-21,Modoc,049,8938,363,360,120,480,3
2021-04-21,Mono,051,14174,1245,1254,17,1271,3
2021-04-21,Monterey,053,433212,42840,42699,1802,44501,377
2021-04-21,Napa,055,140530,9707,9727,30,9757,79
2021-04-21,Nevada,057,99092,4579,4499,183,4682,70
2021-04-21,Orange,059,3164182,253641,252243,10985,263228,4889
2021-04-21,Placer,061,380077,22485,21896,1377,23273,282
2021-04-21,Plumas,063,18699,684,670,10,680,4
2021-04-21,Riverside,065,2383286,291924,286299,13672,299971,4388
2021-04-21,Sacramento,067,1510023,102489,101803,1578,103381,1579
2021-04-21,San Benito,069,59416,5990,5998,109,6107,63
2021-04-21,San Bernardino,071,2135413,291268,290049,8812,298861,4572
2021-04-21,San Diego,073,3302833,276470,275632,14315,289947,3681
2021-04-21,San Francisco,075,870044,36074,36194,1231,37425,529
2021-04-21,San Joaquin,077,732212,71492,70687,3330,74017,1295
2021-04-21,San Luis Obispo,079,281455,21051,20724,701,21425,255
2021-04-21,San Mateo,081,765935,41654,41318,444,41762,355
2021-04-21,Santa Barbara,083,443738,34030,33830,1101,34931,445
2021-04-21,Santa Clara,085,1922200,117000,117318,700,118018,1946
2021-04-21,Santa Cruz,087,273765,16069,15698,790,16488,204
2021-04-21,Shasta,089,179085,11698,11722,1421,13143,192
2021-04-21,Sierra,091,2930,55,51,12,63,0
2021-04-21,Siskiyou,093,43540,1679,1557,283,1840,11
2021-04-21,Solano,095,438530,31845,31712,470,32182,244
2021-04-21,Sonoma,097,501317,29535,29697,299,29996,318
2021-04-21,Stanislaus,099,539301,54640,54290,5702,59992,742
2021-04-21,Sutter,101,95872,9277,9297,80,9377,110
2021-04-21,Tehama,103,63373,4926,4893,532,5425,53
2021-04-21,Trinity,105,12862,482,326,82,408,3
2021-04-21,Tulare,107,460477,49660,48653,8603,57256,828
2021-04-21,Tuolumne,109,53932,3964,4019,41,4060,58
2021-04-21,Ventura,111,848112,80609,80039,2898,82937,996
2021-04-21,Yolo,113,214977,13641,13606,196,13802,200
2021-04-21,Yuba,115,75493,5857,5822,116,5938,44
2021-04-20,Alameda,001,1643700,85958,85652,1836,87488,1248
2021-04-20,Alpine,003,1148,85,85,0,85,0
2021-04-20,Amador,005,37829,3632,3631,32,3663,46
2021-04-20,Butte,007,227075,11981,11619,1742,13361,196
2021-04-20,Calaveras,009,45235,2058,2053,11,2064,50
2021-04-20,Colusa,011,21464,1915,1915,285,2200,14
2021-04-20,Contra Costa,013,1133247,67578,66889,1180,68069,782
2021-04-20,Del Norte,015,27424,1278,1250,11,1261,6
2021-04-20,El Dorado,017,186661,9850,9743,693,10436,106
2021-04-20,Fresno,019,978130,101214,100768,8379,109147,1650
2021-04-20,Glenn,021,27897,2379,2359,533,2892,17
2021-04-20,Humboldt,023,135768,3730,3612,30,3642,35
2021-04-20,Imperial,025,180216,28140,28024,2604,30628,719
2021-04-20,Inyo,027,18085,1396,1393,10,1403,36
2021-04-20,Kern,029,883053,96225,95223,10431,105654,1295
2021-04-20,Kings,031,150075,22929,22693,1039,23732,243
2021-04-20,Lake,033,64148,3439,3418,9,3427,43
2021-04-20,Lassen,035,31185,5167,5155,103,5258,1
2021-04-20,Los Angeles,037,10098052,1198901,1189256,39924,1229180,23694
2021-04-20,Madera,039,155013,16411,16301,907,17208,231
2021-04-20,Marin,041,260295,13858,13807,232,14039,227
2021-04-20,Mariposa,043,17540,412,402,11,413,5
2021-04-20,Mendocino,045,87422,3808,3726,74,3800,46
2021-04-20,Merced,047,269075,30407,30439,1004,31443,441
2021-04-20,Modoc,049,8938,363,359,120,479,3
2021-04-20,Mono,051,14174,1244,1254,17,1271,3
2021-04-20,Monterey,053,433212,42829,42663,1800,44463,363
2021-04-20,Napa,055,140530,9703,9711,30,9741,79
2021-04-20,Nevada,057,99092,4561,4485,183,4668,70
2021-04-20,Orange,059,3164182,253551,252134,10973,263107,4887
2021-04-20,Placer,061,380077,22451,21846,1373,23219,282
2021-04-20,Plumas,063,18699,683,670,10,680,4
2021-04-20,Riverside,065,2383286,291827,286194,13667,299861,4388
2021-04-20,Sacramento,067,1510023,102351,101629,1570,103199,1574
2021-04-20,San Benito,069,59416,5987,5988,109,6097,63
2021-04-20,San Bernardino,071,2135413,291187,289905,8810,298715,4569
2021-04-20,San Diego,073,3302833,276239,275369,14282,289651,3674
2021-04-20,San Francisco,075,870044,36054,36117,1230,37347,529
2021-04-20,San Joaquin,077,732212,71419,70590,3321,73911,1289
2021-04-20,San Luis Obispo,079,281455,21028,20691,693,21384,254
2021-04-20,San Mateo,081,765935,41623,41251,444,41695,355
2021-04-20,Santa Barbara,083,443738,34011,33803,1101,34904,445
2021-04-20,Santa Clara,085,1922200,116902,117228,696,117924,1944
2021-04-20,Santa Cruz,087,273765,16057,15647,790,16437,204
2021-04-20,Shasta,089,179085,11682,11677,1418,13095,189
2021-04-20,Sierra,091,2930,55,51,12,63,0
2021-04-20,Siskiyou,093,43540,1671,1551,282,1833,10
2021-04-20,Solano,095,438530,31789,31673,466,32139,243
2021-04-20,Sonoma,097,501317,29526,29676,297,29973,311
2021-04-20,Stanislaus,099,539301,54575,54236,5689,59925,735
2021-04-20,Sutter,101,95872,9273,9279,80,9359,109
2021-04-20,Tehama,103,63373,4921,4887,531,5418,52
2021-04-20,Trinity,105,12862,482,326,82,408,3
2021-04-20,Tulare,107,460477,49638,48650,8595,57245,831
2021-04-20,Tuolumne,109,53932,3964,4014,41,4055,58
2021-04-20,Ventura,111,848112,80581,80018,2896,82914,995
2021-04-20,Yolo,113,214977,13621,13581,195,13776,200
2021-04-20,Yuba,115,75493,5847,5814,116,5930,44
2021-04-19,Alameda,001,1643700,85840,85583,1832,87415,1247
2021-04-19,Alpine,003,1148,85,85,0,85,0
2021-04-19,Amador,005,37829,3631,3629,32,3661,46
2021-04-19,Butte,007,227075,11963,11601,1737,13338,196
2021-04-19,Calaveras,009,45235,2056,2050,11,2061,50
2021-04-19,Colusa,011,21464,1915,1913,284,2197,14
2021-04-19,Contra Costa,013,1133247,67500,66833,1178,68011,782
2021-04-19,Del Norte,015,27424,1276,1247,11,1258,6
2021-04-19,El Dorado,017,186661,9834,9726,688,10414,106
2021-04-19,Fresno,019,978130,101146,100702,8367,109069,1646
2021-04-19,Glenn,021,27897,2379,2358,532,2890,17
2021-04-19,Humboldt,023,135768,3710,3602,28,3630,35
2021-04-19,Imperial,025,180216,28119,27995,2604,30599,719
2021-04-19,Inyo,027,18085,1396,1392,10,1402,36
2021-04-19,Kern,029,883053,96195,95162,10416,105578,1290
2021-04-19,Kings,031,150075,22914,22688,1039,23727,243
2021-04-19,Lake,033,64148,3438,3416,9,3425,43
2021-04-19,Lassen,035,31185,5166,5156,103,5259,1
2021-04-19,Los Angeles,037,10098052,1198522,1188945,39899,1228844,23666
2021-04-19,Madera,039,155013,16400,16289,906,17195,231
2021-04-19,Marin,041,260295,13847,13804,231,14035,226
2021-04-19,Mariposa,043,17540,411,401,11,412,5
2021-04-19,Mendocino,045,87422,3806,3722,74,3796,46
2021-04-19,Merced,047,269075,30378,30422,1003,31425,441
2021-04-19,Modoc,049,8938,363,359,120,479,3
2021-04-19,Mono,051,14174,1243,1254,17,1271,3
2021-04-19,Monterey,053,433212,42816,42642,1795,44437,356
2021-04-19,Napa,055,140530,9695,9680,30,9710,79
2021-04-19,Nevada,057,99092,4545,4477,183,4660,70
2021-04-19,Orange,059,3164182,253433,252013,10958,262971,4883
2021-04-19,Placer,061,380077,22428,21814,1369,23183,282
2021-04-19,Plumas,063,18699,683,665,10,675,4
2021-04-19,Riverside,065,2383286,291732,286087,13657,299744,4371
2021-04-19,Sacramento,067,1510023,102216,101482,1560,103042,1572
2021-04-19,San Benito,069,59416,5979,5989,109,6098,63
2021-04-19,San Bernardino,071,2135413,291102,289738,8804,298542,4561
2021-04-19,San Diego,073,3302833,275991,275113,14249,289362,3674
2021-04-19,San Francisco,075,870044,36017,36094,1228,37322,529
2021-04-19,San Joaquin,077,732212,71339,70514,3315,73829,1289
2021-04-19,San Luis Obispo,079,281455,21002,20669,687,21356,254
2021-04-19,San Mateo,081,765935,41590,41226,443,41669,355
2021-04-19,Santa Barbara,083,443738,33997,33786,1101,34887,446
2021-04-19,Santa Clara,085,1922200,116791,117099,692,117791,1944
2021-04-19,Santa Cruz,087,273765,16045,15600,790,16390,204
2021-04-19,Shasta,089,179085,11667,11662,1410,13072,189
2021-04-19,Sierra,091,2930,55,51,12,63,0
2021-04-19,Siskiyou,093,43540,1661,1544,282,1826,10
2021-04-19,Solano,095,438530,31750,31643,461,32104,239
2021-04-19,Sonoma,097,501317,29507,29667,297,29964,311
2021-04-19,Stanislaus,099,539301,54499,54179,5685,59864,728
2021-04-19,Sutter,101,95872,9262,9269,80,9349,109
2021-04-19,Tehama,103,63373,4915,4878,531,5409,52
2021-04-19,Trinity,105,12862,482,326,81,407,3
2021-04-19,Tulare,107,460477,49622,48630,8582,57212,831
2021-04-19,Tuolumne,109,53932,3963,4010,41,4051,58
2021-04-19,Ventura,111,848112,80555,80000,2894,82894,996
2021-04-19,Yolo,113,214977,13608,13572,193,13765,200
2021-04-19,Yuba,115,75493,5840,5804,115,5919,44
2021-04-18,Alameda,001,1643700,85725,85481,1824,87305,1247
2021-04-18,Alpine,003,1148,85,85,0,85,0
2021-04-18,Amador,005,37829,3628,3627,32,3659,46
2021-04-18,Butte,007,227075,11945,11591,1732,13323,196
2021-04-18,Calaveras,009,45235,2050,2047,11,2058,50
2021-04-18,Colusa,011,21464,1911,1912,283,2195,14
2021-04-18,Contra Costa,013,1133247,67397,66750,1174,67924,782
2021-04-18,Del Norte,015,27424,1276,1240,11,1251,6
2021-04-18,El Dorado,017,186661,9811,9710,686,10396,106
2021-04-18,Fresno,019,978130,101088,100621,8361,108982,1646
2021-04-18,Glenn,021,27897,2374,2358,532,2890,17
2021-04-18,Humboldt,023,135768,3682,3590,28,3618,35
2021-04-18,Imperial,025,180216,28104,27991,2599,30590,719
2021-04-18,Inyo,027,18085,1395,1392,10,1402,36
2021-04-18,Kern,029,883053,96159,95129,10401,105530,1290
2021-04-18,Kings,031,150075,22905,22685,1039,23724,243
2021-04-18,Lake,033,64148,3437,3413,9,3422,43
2021-04-18,Lassen,035,31185,5163,5156,103,5259,1
2021-04-18,Los Angeles,037,10098052,1198062,1188620,39876,1228496,23648
2021-04-18,Madera,039,155013,16389,16277,905,17182,231
2021-04-18,Marin,041,260295,13840,13801,230,14031,226
2021-04-18,Mariposa,043,17540,410,400,10,410,5
2021-04-18,Mendocino,045,87422,3803,3722,74,3796,46
2021-04-18,Merced,047,269075,30341,30405,1002,31407,441
2021-04-18,Modoc,049,8938,363,359,120,479,3
2021-04-18,Mono,051,14174,1243,1254,17,1271,3
2021-04-18,Monterey,053,433212,42804,42638,1794,44432,356
2021-04-18,Napa,055,140530,9679,9674,30,9704,79
2021-04-18,Nevada,057,99092,4530,4464,183,4647,70
2021-04-18,Orange,059,3164182,253319,251940,10951,262891,4883
2021-04-18,Placer,061,380077,22385,21783,1364,23147,282
2021-04-18,Plumas,063,18699,682,665,10,675,4
2021-04-18,Riverside,065,2383286,291642,286043,13653,299696,4371
2021-04-18,Sacramento,067,1510023,102040,101354,1554,102908,1572
2021-04-18,San Benito,069,59416,5977,5989,109,6098,63
2021-04-18,San Bernardino,071,2135413,291009,289691,8795,298486,4556
2021-04-18,San Diego,073,3302833,275712,274961,14214,289175,3674
2021-04-18,San Francisco,075,870044,35980,36073,1224,37297,525
2021-04-18,San Joaquin,077,732212,71258,70466,3306,73772,1289
2021-04-18,San Luis Obispo,079,281455,20980,20656,681,21337,254
2021-04-18,San Mateo,081,765935,41561,41201,442,41643,352
2021-04-18,Santa Barbara,083,443738,33962,33769,1100,34869,446
2021-04-18,Santa Clara,085,1922200,116624,116996,687,117683,1944
2021-04-18,Santa Cruz,087,273765,16035,15580,789,16369,204
2021-04-18,Shasta,089,179085,11646,11658,1407,13065,189
2021-04-18,Sierra,091,2930,55,51,12,63,0
2021-04-18,Siskiyou,093,43540,1650,1538,281,1819,10
2021-04-18,Solano,095,438530,31700,31606,460,32066,239
2021-04-18,Sonoma,097,501317,29491,29660,295,29955,311
2021-04-18,Stanislaus,099,539301,54417,54132,5679,59811,728
2021-04-18,Sutter,101,95872,9248,9261,80,9341,109
2021-04-18,Tehama,103,63373,4906,4877,530,5407,52
2021-04-18,Trinity,105,12862,482,326,81,407,3
2021-04-18,Tulare,107,460477,49609,48618,8577,57195,829
2021-04-18,Tuolumne,109,53932,3962,4008,40,4048,58
2021-04-18,Ventura,111,848112,80524,79984,2891,82875,996
2021-04-18,Yolo,113,214977,13596,13562,191,13753,200
2021-04-18,Yuba,115,75493,5833,5804,115,5919,44
2021-04-17,Alameda,001,1643700,85652,85367,1822,87189,1247
2021-04-17,Alpine,003,1148,85,85,0,85,0
2021-04-17,Amador,005,37829,3626,3625,32,3657,46
2021-04-17,Butte,007,227075,11925,11573,1728,13301,196
2021-04-17,Calaveras,009,45235,2048,2045,11,2056,50
2021-04-17,Colusa,011,21464,1911,1912,283,2195,14
2021-04-17,Contra Costa,013,1133247,67349,66657,1166,67823,782
2021-04-17,Del Norte,015,27424,1276,1238,11,1249,6
2021-04-17,El Dorado,017,186661,9796,9692,683,10375,106
2021-04-17,Fresno,019,978130,101055,100562,8356,108918,1646
2021-04-17,Glenn,021,27897,2374,2357,532,2889,17
2021-04-17,Humboldt,023,135768,3658,3579,28,3607,35
2021-04-17,Imperial,025,180216,28093,27987,2599,30586,719
2021-04-17,Inyo,027,18085,1392,1392,10,1402,36
2021-04-17,Kern,029,883053,96141,95102,10397,105499,1290
2021-04-17,Kings,031,150075,22900,22678,1038,23716,243
2021-04-17,Lake,033,64148,3436,3409,9,3418,43
2021-04-17,Lassen,035,31185,5163,5154,103,5257,1
2021-04-17,Los Angeles,037,10098052,1197802,1188262,39846,1228108,23653
2021-04-17,Madera,039,155013,16385,16260,904,17164,231
2021-04-17,Marin,041,260295,13836,13797,230,14027,226
2021-04-17,Mariposa,043,17540,409,398,10,408,5
2021-04-17,Mendocino,045,87422,3800,3721,74,3795,46
2021-04-17,Merced,047,269075,30325,30392,1001,31393,441
2021-04-17,Modoc,049,8938,363,357,120,477,3
2021-04-17,Mono,051,14174,1243,1253,17,1270,3
2021-04-17,Monterey,053,433212,42795,42630,1792,44422,356
2021-04-17,Napa,055,140530,9675,9666,30,9696,79
2021-04-17,Nevada,057,99092,4522,4457,183,4640,70
2021-04-17,Orange,059,3164182,253250,251873,10939,262812,4878
2021-04-17,Placer,061,380077,22362,21736,1359,23095,282
2021-04-17,Plumas,063,18699,681,666,10,676,4
2021-04-17,Riverside,065,2383286,291573,285963,13645,299608,4371
2021-04-17,Sacramento,067,1510023,101930,101172,1543,102715,1572
2021-04-17,San Benito,069,59416,5971,5986,109,6095,63
2021-04-17,San Bernardino,071,2135413,290954,289624,8792,298416,4555
2021-04-17,San Diego,073,3302833,275565,274812,14180,288992,3674
2021-04-17,San Francisco,075,870044,35958,36032,1221,37253,523
2021-04-17,San Joaquin,077,732212,71218,70372,3296,73668,1288
2021-04-17,San Luis Obispo,079,281455,20967,20642,678,21320,254
2021-04-17,San Mateo,081,765935,41538,41157,442,41599,352
2021-04-17,Santa Barbara,083,443738,33931,33738,1098,34836,446
2021-04-17,Santa Clara,085,1922200,116532,116887,685,117572,1944
2021-04-17,Santa Cruz,087,273765,16029,15571,789,16360,204
2021-04-17,Shasta,089,179085,11631,11647,1406,13053,189
2021-04-17,Sierra,091,2930,55,51,12,63,0
2021-04-17,Siskiyou,093,43540,1645,1539,278,1817,10
2021-04-17,Solano,095,438530,31669,31541,457,31998,239
2021-04-17,Sonoma,097,501317,29484,29637,295,29932,311
2021-04-17,Stanislaus,099,539301,54380,54058,5674,59732,728
2021-04-17,Sutter,101,95872,9242,9252,80,9332,109
2021-04-17,Tehama,103,63373,4900,4875,529,5404,52
2021-04-17,Trinity,105,12862,482,326,81,407,3
2021-04-17,Tulare,107,460477,49597,48603,8573,57176,829
2021-04-17,Tuolumne,109,53932,3960,4005,40,4045,58
2021-04-17,Ventura,111,848112,80503,79964,2891,82855,996
2021-04-17,Yolo,113,214977,13586,13580,191,13771,200
2021-04-17,Yuba,115,75493,5828,5802,114,5916,44
2021-04-16,Alameda,001,1643700,85572,85243,1820,87063,1245
2021-04-16,Alpine,003,1148,85,85,0,85,0
2021-04-16,Amador,005,37829,3621,3621,32,3653,46
2021-04-16,Butte,007,227075,11913,11549,1726,13275,196
2021-04-16,Calaveras,009,45235,2046,2042,11,2053,50
2021-04-16,Colusa,011,21464,1909,1911,283,2194,14
2021-04-16,Contra Costa,013,1133247,67295,66569,1163,67732,782
2021-04-16,Del Norte,015,27424,1275,1237,11,1248,6
2021-04-16,El Dorado,017,186661,9776,9665,679,10344,106
2021-04-16,Fresno,019,978130,101005,100500,8350,108850,1643
2021-04-16,Glenn,021,27897,2374,2355,532,2887,17
2021-04-16,Humboldt,023,135768,3637,3570,27,3597,35
2021-04-16,Imperial,025,180216,28083,27962,2599,30561,719
2021-04-16,Inyo,027,18085,1392,1392,10,1402,36
2021-04-16,Kern,029,883053,96112,95066,10394,105460,1288
2021-04-16,Kings,031,150075,22896,22667,1037,23704,243
2021-04-16,Lake,033,64148,3430,3406,9,3415,43
2021-04-16,Lassen,035,31185,5162,5155,103,5258,1
2021-04-16,Los Angeles,037,10098052,1197501,1187818,39810,1227628,23627
2021-04-16,Madera,039,155013,16379,16250,903,17153,231
2021-04-16,Marin,041,260295,13833,13788,230,14018,226
2021-04-16,Mariposa,043,17540,408,396,9,405,5
2021-04-16,Mendocino,045,87422,3798,3719,74,3793,46
2021-04-16,Merced,047,269075,30310,30355,1001,31356,438
2021-04-16,Modoc,049,8938,363,355,120,475,3
2021-04-16,Mono,051,14174,1243,1253,17,1270,3
2021-04-16,Monterey,053,433212,42784,42620,1789,44409,351
2021-04-16,Napa,055,140530,9667,9653,30,9683,79
2021-04-16,Nevada,057,99092,4513,4443,183,4626,70
2021-04-16,Orange,059,3164182,253186,251770,10930,262700,4873
2021-04-16,Placer,061,380077,22335,21680,1355,23035,282
2021-04-16,Plumas,063,18699,680,665,10,675,4
2021-04-16,Riverside,065,2383286,291496,285818,13643,299461,4369
2021-04-16,Sacramento,067,1510023,101833,100993,1538,102531,1572
2021-04-16,San Benito,069,59416,5969,5982,109,6091,63
2021-04-16,San Bernardino,071,2135413,290907,289424,8791,298215,4550
2021-04-16,San Diego,073,3302833,275411,274567,14162,288729,3662
2021-04-16,San Francisco,075,870044,35932,35993,1218,37211,517
2021-04-16,San Joaquin,077,732212,71151,70280,3288,73568,1288
2021-04-16,San Luis Obispo,079,281455,20955,20623,677,21300,253
2021-04-16,San Mateo,081,765935,41509,41107,441,41548,352
2021-04-16,Santa Barbara,083,443738,33913,33703,1098,34801,446
2021-04-16,Santa Clara,085,1922200,116432,116693,682,117375,1941
2021-04-16,Santa Cruz,087,273765,16027,15539,789,16328,204
2021-04-16,Shasta,089,179085,11619,11623,1405,13028,189
2021-04-16,Sierra,091,2930,55,51,12,63,0
2021-04-16,Siskiyou,093,43540,1641,1530,276,1806,10
2021-04-16,Solano,095,438530,31630,31470,454,31924,239
2021-04-16,Sonoma,097,501317,29473,29617,295,29912,311
2021-04-16,Stanislaus,099,539301,54332,53983,5672,59655,728
2021-04-16,Sutter,101,95872,9236,9247,80,9327,109
2021-04-16,Tehama,103,63373,4899,4866,529,5395,52
2021-04-16,Trinity,105,12862,482,326,81,407,3
2021-04-16,Tulare,107,460477,49585,48583,8569,57152,830
2021-04-16,Tuolumne,109,53932,3957,4005,40,4045,58
2021-04-16,Ventura,111,848112,80478,79942,2886,82828,994
2021-04-16,Yolo,113,214977,13573,13559,189,13748,198
2021-04-16,Yuba,115,75493,5825,5795,113,5908,44
2021-04-15,Alameda,001,1643700,85465,85089,1818,86907,1246
2021-04-15,Alpine,003,1148,85,85,0,85,0
2021-04-15,Amador,005,37829,3620,3616,32,3648,46
2021-04-15,Butte,007,227075,11898,11529,1722,13251,196
2021-04-15,Calaveras,009,45235,2045,2039,11,2050,50
2021-04-15,Colusa,011,21464,1907,1909,282,2191,14
2021-04-15,Contra Costa,013,1133247,67222,66480,1159,67639,781
2021-04-15,Del Norte,015,27424,1268,1235,11,1246,6
2021-04-15,El Dorado,017,186661,9761,9639,677,10316,106
2021-04-15,Fresno,019,978130,100943,100431,8344,108775,1642
2021-04-15,Glenn,021,27897,2374,2354,532,2886,17
2021-04-15,Humboldt,023,135768,3616,3561,27,3588,35
2021-04-15,Imperial,025,180216,28055,27920,2596,30516,718
2021-04-15,Inyo,027,18085,1392,1393,10,1403,36
2021-04-15,Kern,029,883053,96079,94989,10381,105370,1289
2021-04-15,Kings,031,150075,22882,22648,1037,23685,242
2021-04-15,Lake,033,64148,3429,3399,9,3408,43
2021-04-15,Lassen,035,31185,5161,5152,103,5255,1
2021-04-15,Los Angeles,037,10098052,1197096,1187274,39774,1227048,23598
2021-04-15,Madera,039,155013,16364,16234,903,17137,231
2021-04-15,Marin,041,260295,13829,13783,229,14012,226
2021-04-15,Mariposa,043,17540,406,395,9,404,5
2021-04-15,Mendocino,045,87422,3797,3714,74,3788,46
2021-04-15,Merced,047,269075,30284,30325,1000,31325,437
2021-04-15,Modoc,049,8938,363,355,120,475,3
2021-04-15,Mono,051,14174,1242,1253,17,1270,3
2021-04-15,Monterey,053,433212,42774,42604,1787,44391,347
2021-04-15,Napa,055,140530,9659,9645,30,9675,79
2021-04-15,Nevada,057,99092,4501,4434,182,4616,70
2021-04-15,Orange,059,3164182,253091,251679,10918,262597,4857
2021-04-15,Placer,061,380077,22304,21614,1348,22962,281
2021-04-15,Plumas,063,18699,678,665,10,675,4
2021-04-15,Riverside,065,2383286,291392,285698,13636,299334,4363
2021-04-15,Sacramento,067,1510023,101703,100782,1524,102306,1570
2021-04-15,San Benito,069,59416,5966,5969,108,6077,63
2021-04-15,San Bernardino,071,2135413,290817,289288,8784,298072,4544
2021-04-15,San Diego,073,3302833,275164,274250,14103,288353,3653
2021-04-15,San Francisco,075,870044,35913,35947,1216,37163,510
2021-04-15,San Joaquin,077,732212,71070,70189,3280,73469,1288
2021-04-15,San Luis Obispo,079,281455,20939,20591,674,21265,253
2021-04-15,San Mateo,081,765935,41470,41050,440,41490,352
2021-04-15,Santa Barbara,083,443738,33895,33672,1094,34766,446
2021-04-15,Santa Clara,085,1922200,116326,116602,678,117280,1927
2021-04-15,Santa Cruz,087,273765,16017,15509,789,16298,203
2021-04-15,Shasta,089,179085,11605,11597,1401,12998,191
2021-04-15,Sierra,091,2930,55,51,12,63,0
2021-04-15,Siskiyou,093,43540,1635,1524,275,1799,10
2021-04-15,Solano,095,438530,31592,31394,453,31847,239
2021-04-15,Sonoma,097,501317,29459,29587,295,29882,311
2021-04-15,Stanislaus,099,539301,54278,53918,5663,59581,728
2021-04-15,Sutter,101,95872,9229,9237,80,9317,109
2021-04-15,Tehama,103,63373,4898,4854,528,5382,52
2021-04-15,Trinity,105,12862,482,326,81,407,3
2021-04-15,Tulare,107,460477,49564,48556,8569,57125,829
2021-04-15,Tuolumne,109,53932,3957,4003,40,4043,57
2021-04-15,Ventura,111,848112,80459,79917,2884,82801,989
2021-04-15,Yolo,113,214977,13554,13547,187,13734,198
2021-04-15,Yuba,115,75493,5822,5788,113,5901,44
2021-04-14,Alameda,001,1643700,85368,85009,1817,86826,1247
2021-04-14,Alpine,003,1148,85,85,0,85,0
2021-04-14,Amador,005,37829,3619,3613,32,3645,46
2021-04-14,Butte,007,227075,11885,11513,1721,13234,196
2021-04-14,Calaveras,009,45235,2044,2037,11,2048,50
2021-04-14,Colusa,011,21464,1907,1905,282,2187,14
2021-04-14,Contra Costa,013,1133247,67136,66400,1153,67553,781
2021-04-14,Del Norte,015,27424,1268,1228,11,1239,6
2021-04-14,El Dorado,017,186661,9746,9625,672,10297,106
2021-04-14,Fresno,019,978130,100886,100376,8332,108708,1640
2021-04-14,Glenn,021,27897,2374,2353,532,2885,17
2021-04-14,Humboldt,023,135768,3594,3551,26,3577,35
2021-04-14,Imperial,025,180216,28033,27907,2594,30501,718
2021-04-14,Inyo,027,18085,1392,1392,10,1402,36
2021-04-14,Kern,029,883053,96054,94947,10374,105321,1287
2021-04-14,Kings,031,150075,22873,22641,1035,23676,243
2021-04-14,Lake,033,64148,3424,3396,9,3405,43
2021-04-14,Lassen,035,31185,5160,5151,103,5254,1
2021-04-14,Los Angeles,037,10098052,1196697,1186821,39729,1226550,23579
2021-04-14,Madera,039,155013,16355,16218,903,17121,231
2021-04-14,Marin,041,260295,13827,13768,228,13996,226
2021-04-14,Mariposa,043,17540,405,394,9,403,5
2021-04-14,Mendocino,045,87422,3792,3711,74,3785,46
2021-04-14,Merced,047,269075,30268,30296,998,31294,436
2021-04-14,Modoc,049,8938,363,355,120,475,3
2021-04-14,Mono,051,14174,1241,1252,17,1269,3
2021-04-14,Monterey,053,433212,42758,42595,1783,44378,347
2021-04-14,Napa,055,140530,9648,9643,30,9673,79
2021-04-14,Nevada,057,99092,4494,4421,182,4603,70
2021-04-14,Orange,059,3164182,252986,251568,10899,262467,4849
2021-04-14,Placer,061,380077,22271,21575,1347,22922,280
2021-04-14,Plumas,063,18699,678,665,10,675,4
2021-04-14,Riverside,065,2383286,291282,285583,13630,299213,4358
2021-04-14,Sacramento,067,1510023,101528,100645,1510,102155,1570
2021-04-14,San Benito,069,59416,5964,5960,108,6068,62
2021-04-14,San Bernardino,071,2135413,290749,289078,8782,297860,4523
2021-04-14,San Diego,073,3302833,274953,273969,14074,288043,3648
2021-04-14,San Francisco,075,870044,35875,35898,1215,37113,510
2021-04-14,San Joaquin,077,732212,71000,70095,3274,73369,1288
2021-04-14,San Luis Obispo,079,281455,20916,20561,664,21225,253
2021-04-14,San Mateo,081,765935,41430,40982,437,41419,352
2021-04-14,Santa Barbara,083,443738,33866,33650,1094,34744,445
2021-04-14,Santa Clara,085,1922200,116209,116488,675,117163,1922
2021-04-14,Santa Cruz,087,273765,16007,15481,789,16270,203
2021-04-14,Shasta,089,179085,11579,11581,1399,12980,190
2021-04-14,Sierra,091,2930,55,51,12,63,0
2021-04-14,Siskiyou,093,43540,1627,1518,274,1792,10
2021-04-14,Solano,095,438530,31539,31357,446,31803,239
2021-04-14,Sonoma,097,501317,29451,29572,293,29865,311
2021-04-14,Stanislaus,099,539301,54207,53836,5654,59490,727
2021-04-14,Sutter,101,95872,9221,9230,80,9310,106
2021-04-14,Tehama,103,63373,4892,4853,527,5380,52
2021-04-14,Trinity,105,12862,482,326,81,407,3
2021-04-14,Tulare,107,460477,49538,48527,8566,57093,827
2021-04-14,Tuolumne,109,53932,3956,3997,40,4037,57
2021-04-14,Ventura,111,848112,80423,79891,2882,82773,986
2021-04-14,Yolo,113,214977,13538,13530,185,13715,198
2021-04-14,Yuba,115,75493,5820,5778,113,5891,44
2021-04-13,Alameda,001,1643700,85262,84921,1814,86735,1239
2021-04-13,Alpine,003,1148,85,85,0,85,0
2021-04-13,Amador,005,37829,3616,3609,32,3641,46
2021-04-13,Butte,007,227075,11867,11497,1718,13215,196
2021-04-13,Calaveras,009,45235,2042,2035,11,2046,50
2021-04-13,Colusa,011,21464,1905,1905,280,2185,14
2021-04-13,Contra Costa,013,1133247,67048,66304,1153,67457,778
2021-04-13,Del Norte,015,27424,1263,1221,11,1232,6
2021-04-13,El Dorado,017,186661,9720,9609,669,10278,106
2021-04-13,Fresno,019,978130,100805,100357,8326,108683,1636
2021-04-13,Glenn,021,27897,2373,2351,532,2883,17
2021-04-13,Humboldt,023,135768,3577,3540,26,3566,35
2021-04-13,Imperial,025,180216,28014,27887,2586,30473,718
2021-04-13,Inyo,027,18085,1392,1391,10,1401,36
2021-04-13,Kern,029,883053,96010,94908,10362,105270,1285
2021-04-13,Kings,031,150075,22857,22636,1034,23670,243
2021-04-13,Lake,033,64148,3421,3390,9,3399,43
2021-04-13,Lassen,035,31185,5159,5147,103,5250,1
2021-04-13,Los Angeles,037,10098052,1196243,1186482,39688,1226170,23526
2021-04-13,Madera,039,155013,16345,16207,901,17108,231
2021-04-13,Marin,041,260295,13819,13760,227,13987,224
2021-04-13,Mariposa,043,17540,404,394,6,400,5
2021-04-13,Mendocino,045,87422,3786,3702,74,3776,46
2021-04-13,Merced,047,269075,30238,30276,995,31271,435
2021-04-13,Modoc,049,8938,363,355,120,475,3
2021-04-13,Mono,051,14174,1241,1251,17,1268,3
2021-04-13,Monterey,053,433212,42747,42577,1783,44360,347
2021-04-13,Napa,055,140530,9638,9627,30,9657,79
2021-04-13,Nevada,057,99092,4482,4415,182,4597,69
2021-04-13,Orange,059,3164182,252891,251491,10882,262373,4836
2021-04-13,Placer,061,380077,22234,21534,1344,22878,280
2021-04-13,Plumas,063,18699,677,665,10,675,4
2021-04-13,Riverside,065,2383286,291163,285505,13624,299129,4348
2021-04-13,Sacramento,067,1510023,101353,100551,1505,102056,1569
2021-04-13,San Benito,069,59416,5961,5946,108,6054,62
2021-04-13,San Bernardino,071,2135413,290633,288929,8776,297705,4521
2021-04-13,San Diego,073,3302833,274699,273709,14039,287748,3623
2021-04-13,San Francisco,075,870044,35839,35869,1211,37080,506
2021-04-13,San Joaquin,077,732212,70892,70034,3266,73300,1288
2021-04-13,San Luis Obispo,079,281455,20889,20536,654,21190,253
2021-04-13,San Mateo,081,765935,41385,40955,437,41392,353
2021-04-13,Santa Barbara,083,443738,33843,33613,1091,34704,444
2021-04-13,Santa Clara,085,1922200,116080,116363,674,117037,1923
2021-04-13,Santa Cruz,087,273765,16000,15449,789,16238,203
2021-04-13,Shasta,089,179085,11559,11536,1396,12932,189
2021-04-13,Sierra,091,2930,55,51,12,63,0
2021-04-13,Siskiyou,093,43540,1619,1511,271,1782,10
2021-04-13,Solano,095,438530,31490,31335,442,31777,239
2021-04-13,Sonoma,097,501317,29443,29544,292,29836,311
2021-04-13,Stanislaus,099,539301,54135,53797,5645,59442,722
2021-04-13,Sutter,101,95872,9217,9226,80,9306,106
2021-04-13,Tehama,103,63373,4885,4850,524,5374,52
2021-04-13,Trinity,105,12862,482,326,81,407,3
2021-04-13,Tulare,107,460477,49525,48511,8563,57074,825
2021-04-13,Tuolumne,109,53932,3954,3995,40,4035,57
2021-04-13,Ventura,111,848112,80391,79854,2880,82734,986
2021-04-13,Yolo,113,214977,13526,13516,184,13700,198
2021-04-13,Yuba,115,75493,5811,5776,113,5889,44
2021-04-12,Alameda,001,1643700,85160,84817,1812,86629,1238
2021-04-12,Alpine,003,1148,85,85,0,85,0
2021-04-12,Amador,005,37829,3615,3607,32,3639,46
2021-04-12,Butte,007,227075,11852,11488,1714,13202,193
2021-04-12,Calaveras,009,45235,2038,2033,11,2044,50
2021-04-12,Colusa,011,21464,1903,1904,278,2182,14
2021-04-12,Contra Costa,013,1133247,66968,66176,1153,67329,777
2021-04-12,Del Norte,015,27424,1260,1216,11,1227,6
2021-04-12,El Dorado,017,186661,9703,9588,667,10255,106
2021-04-12,Fresno,019,978130,100744,100277,8303,108580,1633
2021-04-12,Glenn,021,27897,2372,2349,532,2881,17
2021-04-12,Humboldt,023,135768,3563,3533,25,3558,35
2021-04-12,Imperial,025,180216,27984,27851,2582,30433,717
2021-04-12,Inyo,027,18085,1392,1390,10,1400,36
2021-04-12,Kern,029,883053,95973,94861,10352,105213,1283
2021-04-12,Kings,031,150075,22849,22621,1033,23654,241
2021-04-12,Lake,033,64148,3417,3380,9,3389,43
2021-04-12,Lassen,035,31185,5158,5147,103,5250,1
2021-04-12,Los Angeles,037,10098052,1195740,1186145,39651,1225796,23505
2021-04-12,Madera,039,155013,16333,16174,899,17073,231
2021-04-12,Marin,041,260295,13806,13751,225,13976,224
2021-04-12,Mariposa,043,17540,403,394,6,400,5
2021-04-12,Mendocino,045,87422,3785,3699,74,3773,46
2021-04-12,Merced,047,269075,30207,30261,992,31253,435
2021-04-12,Modoc,049,8938,361,352,120,472,3
2021-04-12,Mono,051,14174,1241,1251,17,1268,3
2021-04-12,Monterey,053,433212,42733,42555,1781,44336,346
2021-04-12,Napa,055,140530,9624,9603,30,9633,80
2021-04-12,Nevada,057,99092,4471,4408,182,4590,69
2021-04-12,Orange,059,3164182,252804,251350,10861,262211,4826
2021-04-12,Placer,061,380077,22183,21475,1341,22816,278
2021-04-12,Plumas,063,18699,675,666,10,676,4
2021-04-12,Riverside,065,2383286,291052,285361,13618,298979,4336
2021-04-12,Sacramento,067,1510023,101179,100394,1500,101894,1566
2021-04-12,San Benito,069,59416,5953,5942,107,6049,62
2021-04-12,San Bernardino,071,2135413,290526,288736,8764,297500,4493
2021-04-12,San Diego,073,3302833,274438,273431,14010,287441,3621
2021-04-12,San Francisco,075,870044,35805,35841,1210,37051,506
2021-04-12,San Joaquin,077,732212,70820,69968,3259,73227,1288
2021-04-12,San Luis Obispo,079,281455,20844,20515,641,21156,253
2021-04-12,San Mateo,081,765935,41343,40920,433,41353,353
2021-04-12,Santa Barbara,083,443738,33811,33606,1091,34697,444
2021-04-12,Santa Clara,085,1922200,115952,116252,672,116924,1923
2021-04-12,Santa Cruz,087,273765,15980,15406,789,16195,203
2021-04-12,Shasta,089,179085,11542,11509,1392,12901,189
2021-04-12,Sierra,091,2930,55,51,12,63,0
2021-04-12,Siskiyou,093,43540,1608,1511,268,1779,7
2021-04-12,Solano,095,438530,31448,31305,439,31744,238
2021-04-12,Sonoma,097,501317,29415,29500,292,29792,310
2021-04-12,Stanislaus,099,539301,54069,53722,5638,59360,707
2021-04-12,Sutter,101,95872,9206,9221,80,9301,106
2021-04-12,Tehama,103,63373,4876,4834,520,5354,52
2021-04-12,Trinity,105,12862,482,324,81,405,3
2021-04-12,Tulare,107,460477,49505,48495,8553,57048,824
2021-04-12,Tuolumne,109,53932,3950,3993,40,4033,57
2021-04-12,Ventura,111,848112,80358,79818,2878,82696,985
2021-04-12,Yolo,113,214977,13512,13510,183,13693,198
2021-04-12,Yuba,115,75493,5805,5773,113,5886,43
2021-04-11,Alameda,001,1643700,85023,84756,1807,86563,1238
2021-04-11,Alpine,003,1148,85,85,0,85,0
2021-04-11,Amador,005,37829,3613,3605,32,3637,46
2021-04-11,Butte,007,227075,11817,11487,1710,13197,193
2021-04-11,Calaveras,009,45235,2034,2036,11,2047,50
2021-04-11,Colusa,011,21464,1902,1904,277,2181,14
2021-04-11,Contra Costa,013,1133247,66859,66107,1151,67258,777
2021-04-11,Del Norte,015,27424,1254,1214,11,1225,6
2021-04-11,El Dorado,017,186661,9689,9575,664,10239,106
2021-04-11,Fresno,019,978130,100676,100230,8293,108523,1633
2021-04-11,Glenn,021,27897,2368,2348,532,2880,17
2021-04-11,Humboldt,023,135768,3553,3523,25,3548,35
2021-04-11,Imperial,025,180216,27960,27841,2580,30421,717
2021-04-11,Inyo,027,18085,1392,1390,10,1400,36
2021-04-11,Kern,029,883053,95912,94830,10344,105174,1283
2021-04-11,Kings,031,150075,22840,22618,1030,23648,241
2021-04-11,Lake,033,64148,3413,3377,9,3386,43
2021-04-11,Lassen,035,31185,5154,5147,103,5250,1
2021-04-11,Los Angeles,037,10098052,1195228,1185757,39609,1225366,23503
2021-04-11,Madera,039,155013,16314,16166,898,17064,231
2021-04-11,Marin,041,260295,13799,13741,224,13965,226
2021-04-11,Mariposa,043,17540,403,394,6,400,5
2021-04-11,Mendocino,045,87422,3783,3696,74,3770,46
2021-04-11,Merced,047,269075,30169,30249,991,31240,435
2021-04-11,Modoc,049,8938,360,352,118,470,3
2021-04-11,Mono,051,14174,1240,1250,17,1267,3
2021-04-11,Monterey,053,433212,42727,42547,1774,44321,346
2021-04-11,Napa,055,140530,9613,9592,30,9622,80
2021-04-11,Nevada,057,99092,4457,4394,182,4576,69
2021-04-11,Orange,059,3164182,252677,251233,10850,262083,4826
2021-04-11,Placer,061,380077,22126,21458,1336,22794,278
2021-04-11,Plumas,063,18699,675,666,10,676,4
2021-04-11,Riverside,065,2383286,290918,285269,13608,298877,4336
2021-04-11,Sacramento,067,1510023,101008,100296,1488,101784,1566
2021-04-11,San Benito,069,59416,5945,5941,106,6047,62
2021-04-11,San Bernardino,071,2135413,290419,288686,8758,297444,4492
2021-04-11,San Diego,073,3302833,274140,273287,13951,287238,3621
2021-04-11,San Francisco,075,870044,35769,35815,1207,37022,498
2021-04-11,San Joaquin,077,732212,70734,69939,3248,73187,1288
2021-04-11,San Luis Obispo,079,281455,20818,20501,638,21139,253
2021-04-11,San Mateo,081,765935,41285,40901,432,41333,353
2021-04-11,Santa Barbara,083,443738,33776,33591,1090,34681,444
2021-04-11,Santa Clara,085,1922200,115816,116161,669,116830,1923
2021-04-11,Santa Cruz,087,273765,15968,15382,789,16171,203
2021-04-11,Shasta,089,179085,11498,11504,1391,12895,189
2021-04-11,Sierra,091,2930,55,51,12,63,0
2021-04-11,Siskiyou,093,43540,1601,1509,265,1774,7
2021-04-11,Solano,095,438530,31394,31268,435,31703,238
2021-04-11,Sonoma,097,501317,29389,29496,288,29784,310
2021-04-11,Stanislaus,099,539301,53986,53683,5629,59312,707
2021-04-11,Sutter,101,95872,9197,9222,80,9302,106
2021-04-11,Tehama,103,63373,4873,4832,519,5351,52
2021-04-11,Trinity,105,12862,482,324,81,405,3
2021-04-11,Tulare,107,460477,49491,48479,8546,57025,824
2021-04-11,Tuolumne,109,53932,3948,3993,40,4033,57
2021-04-11,Ventura,111,848112,80310,79800,2873,82673,985
2021-04-11,Yolo,113,214977,13492,13496,181,13677,198
2021-04-11,Yuba,115,75493,5795,5768,113,5881,43
2021-04-10,Alameda,001,1643700,84959,84626,1807,86433,1238
2021-04-10,Alpine,003,1148,85,85,0,85,0
2021-04-10,Amador,005,37829,3611,3603,32,3635,46
2021-04-10,Butte,007,227075,11806,11482,1709,13191,193
2021-04-10,Calaveras,009,45235,2032,2032,11,2043,50
2021-04-10,Colusa,011,21464,1902,1902,277,2179,14
2021-04-10,Contra Costa,013,1133247,66798,66001,1148,67149,778
2021-04-10,Del Norte,015,27424,1251,1212,11,1223,6
2021-04-10,El Dorado,017,186661,9677,9549,661,10210,106
2021-04-10,Fresno,019,978130,100643,100135,8286,108421,1633
2021-04-10,Glenn,021,27897,2368,2343,532,2875,17
2021-04-10,Humboldt,023,135768,3543,3508,25,3533,35
2021-04-10,Imperial,025,180216,27946,27816,2580,30396,717
2021-04-10,Inyo,027,18085,1392,1387,10,1397,36
2021-04-10,Kern,029,883053,95898,94802,10338,105140,1284
2021-04-10,Kings,031,150075,22836,22614,1028,23642,241
2021-04-10,Lake,033,64148,3408,3368,9,3377,43
2021-04-10,Lassen,035,31185,5154,5146,102,5248,1
2021-04-10,Los Angeles,037,10098052,1194953,1185246,39592,1224838,23493
2021-04-10,Madera,039,155013,16306,16143,897,17040,231
2021-04-10,Marin,041,260295,13794,13731,224,13955,226
2021-04-10,Mariposa,043,17540,400,393,6,399,5
2021-04-10,Mendocino,045,87422,3781,3696,74,3770,46
2021-04-10,Merced,047,269075,30150,30225,990,31215,435
2021-04-10,Modoc,049,8938,360,352,118,470,3
2021-04-10,Mono,051,14174,1240,1249,17,1266,3
2021-04-10,Monterey,053,433212,42716,42527,1773,44300,346
2021-04-10,Napa,055,140530,9606,9569,30,9599,79
2021-04-10,Nevada,057,99092,4450,4379,182,4561,69
2021-04-10,Orange,059,3164182,252584,251139,10844,261983,4818
2021-04-10,Placer,061,380077,22095,21402,1330,22732,278
2021-04-10,Plumas,063,18699,675,666,10,676,4
2021-04-10,Riverside,065,2383286,290838,285082,13600,298682,4336
2021-04-10,Sacramento,067,1510023,100905,100048,1486,101534,1566
2021-04-10,San Benito,069,59416,5934,5932,105,6037,62
2021-04-10,San Bernardino,071,2135413,290355,288590,8751,297341,4489
2021-04-10,San Diego,073,3302833,273924,273058,13931,286989,3613
2021-04-10,San Francisco,075,870044,35739,35774,1204,36978,498
2021-04-10,San Joaquin,077,732212,70699,69852,3238,73090,1288
2021-04-10,San Luis Obispo,079,281455,20802,20461,637,21098,253
2021-04-10,San Mateo,081,765935,41252,40878,432,41310,350
2021-04-10,Santa Barbara,083,443738,33748,33541,1088,34629,444
2021-04-10,Santa Clara,085,1922200,115720,116015,668,116683,1923
2021-04-10,Santa Cruz,087,273765,15962,15360,789,16149,203
2021-04-10,Shasta,089,179085,11489,11492,1388,12880,189
2021-04-10,Sierra,091,2930,55,51,12,63,0
2021-04-10,Siskiyou,093,43540,1598,1512,265,1777,7
2021-04-10,Solano,095,438530,31360,31218,431,31649,238
2021-04-10,Sonoma,097,501317,29374,29469,288,29757,310
2021-04-10,Stanislaus,099,539301,53951,53596,5623,59219,707
2021-04-10,Sutter,101,95872,9195,9214,80,9294,106
2021-04-10,Tehama,103,63373,4871,4820,517,5337,52
2021-04-10,Trinity,105,12862,482,324,81,405,3
2021-04-10,Tulare,107,460477,49482,48470,8540,57010,824
2021-04-10,Tuolumne,109,53932,3945,3991,40,4031,57
2021-04-10,Ventura,111,848112,80282,79758,2871,82629,985
2021-04-10,Yolo,113,214977,13484,13494,180,13674,198
2021-04-10,Yuba,115,75493,5792,5757,112,5869,43
2021-04-09,Alameda,001,1643700,84892,84404,1799,86203,1237
2021-04-09,Alpine,003,1148,85,85,0,85,0
2021-04-09,Amador,005,37829,3610,3600,32,3632,46
2021-04-09,Butte,007,227075,11796,11454,1708,13162,193
2021-04-09,Calaveras,009,45235,2031,2028,11,2039,50
2021-04-09,Colusa,011,21464,1902,1898,277,2175,14
2021-04-09,Contra Costa,013,1133247,66705,65857,1142,66999,777
2021-04-09,Del Norte,015,27424,1250,1207,11,1218,6
2021-04-09,El Dorado,017,186661,9655,9528,657,10185,106
2021-04-09,Fresno,019,978130,100609,100027,8281,108308,1630
2021-04-09,Glenn,021,27897,2368,2337,532,2869,17
2021-04-09,Humboldt,023,135768,3534,3496,25,3521,35
2021-04-09,Imperial,025,180216,27931,27764,2578,30342,717
2021-04-09,Inyo,027,18085,1391,1386,10,1396,36
2021-04-09,Kern,029,883053,95860,94675,10336,105011,1282
2021-04-09,Kings,031,150075,22827,22595,1025,23620,242
2021-04-09,Lake,033,64148,3404,3362,9,3371,43
2021-04-09,Lassen,035,31185,5154,5140,102,5242,1
2021-04-09,Los Angeles,037,10098052,1194584,1184501,39564,1224065,23458
2021-04-09,Madera,039,155013,16303,16118,897,17015,231
2021-04-09,Marin,041,260295,13787,13721,224,13945,226
2021-04-09,Mariposa,043,17540,400,393,6,399,5
2021-04-09,Mendocino,045,87422,3779,3693,74,3767,46
2021-04-09,Merced,047,269075,30121,30179,989,31168,435
2021-04-09,Modoc,049,8938,359,352,118,470,3
2021-04-09,Mono,051,14174,1240,1247,17,1264,3
2021-04-09,Monterey,053,433212,42707,42481,1769,44250,344
2021-04-09,Napa,055,140530,9587,9574,30,9604,80
2021-04-09,Nevada,057,99092,4442,4373,182,4555,69
2021-04-09,Orange,059,3164182,252510,250852,10839,261691,4813
2021-04-09,Placer,061,380077,22064,21327,1322,22649,278
2021-04-09,Plumas,063,18699,674,666,10,676,4
2021-04-09,Riverside,065,2383286,290755,284562,13594,298156,4325
2021-04-09,Sacramento,067,1510023,100749,99722,1480,101202,1564
2021-04-09,San Benito,069,59416,5929,5925,104,6029,62
2021-04-09,San Bernardino,071,2135413,290286,288000,8748,296748,4467
2021-04-09,San Diego,073,3302833,273726,272697,13889,286586,3600
2021-04-09,San Francisco,075,870044,35698,35716,1199,36915,497
2021-04-09,San Joaquin,077,732212,70635,69675,3226,72901,1281
2021-04-09,San Luis Obispo,079,281455,20787,20427,637,21064,252
2021-04-09,San Mateo,081,765935,41216,40800,431,41231,350
2021-04-09,Santa Barbara,083,443738,33725,33424,1085,34509,444
2021-04-09,Santa Clara,085,1922200,115636,115749,666,116415,1923
2021-04-09,Santa Cruz,087,273765,15957,15331,789,16120,203
2021-04-09,Shasta,089,179085,11479,11478,1385,12863,188
2021-04-09,Sierra,091,2930,55,51,12,63,0
2021-04-09,Siskiyou,093,43540,1595,1510,264,1774,7
2021-04-09,Solano,095,438530,31327,31166,426,31592,238
2021-04-09,Sonoma,097,501317,29361,29433,288,29721,310
2021-04-09,Stanislaus,099,539301,53896,53504,5614,59118,705
2021-04-09,Sutter,101,95872,9188,9201,80,9281,106
2021-04-09,Tehama,103,63373,4865,4806,517,5323,52
2021-04-09,Trinity,105,12862,481,324,81,405,3
2021-04-09,Tulare,107,460477,49478,48430,8534,56964,824
2021-04-09,Tuolumne,109,53932,3944,3986,40,4026,57
2021-04-09,Ventura,111,848112,80254,79698,2871,82569,987
2021-04-09,Yolo,113,214977,13472,13478,178,13656,198
2021-04-09,Yuba,115,75493,5785,5754,112,5866,43
2021-04-08,Alameda,001,1643700,84785,84213,1796,86009,1232
2021-04-08,Alpine,003,1148,85,85,0,85,0
2021-04-08,Amador,005,37829,3606,3595,32,3627,46
2021-04-08,Butte,007,227075,11785,11414,1707,13121,193
2021-04-08,Calaveras,009,45235,2029,2027,11,2038,50
2021-04-08,Colusa,011,21464,1901,1897,277,2174,14
2021-04-08,Contra Costa,013,1133247,66596,65706,1139,66845,775
2021-04-08,Del Norte,015,27424,1244,1201,11,1212,6
2021-04-08,El Dorado,017,186661,9639,9513,652,10165,106
2021-04-08,Fresno,019,978130,100546,99935,8274,108209,1627
2021-04-08,Glenn,021,27897,2367,2337,532,2869,17
2021-04-08,Humboldt,023,135768,3524,3486,25,3511,35
2021-04-08,Imperial,025,180216,27903,27744,2575,30319,713
2021-04-08,Inyo,027,18085,1390,1386,10,1396,36
2021-04-08,Kern,029,883053,95814,94493,10323,104816,1281
2021-04-08,Kings,031,150075,22820,22589,1023,23612,243
2021-04-08,Lake,033,64148,3397,3360,9,3369,43
2021-04-08,Lassen,035,31185,5153,5136,102,5238,1
2021-04-08,Los Angeles,037,10098052,1194085,1184443,39526,1223969,23416
2021-04-08,Madera,039,155013,16291,16103,897,17000,231
2021-04-08,Marin,041,260295,13780,13704,224,13928,226
2021-04-08,Mariposa,043,17540,399,393,6,399,5
2021-04-08,Mendocino,045,87422,3777,3690,74,3764,45
2021-04-08,Merced,047,269075,30099,30163,989,31152,430
2021-04-08,Modoc,049,8938,359,352,118,470,3
2021-04-08,Mono,051,14174,1238,1247,17,1264,3
2021-04-08,Monterey,053,433212,42685,42437,1764,44201,342
2021-04-08,Napa,055,140530,9571,9569,30,9599,80
2021-04-08,Nevada,057,99092,4431,4367,182,4549,69
2021-04-08,Orange,059,3164182,252400,250529,10824,261353,4797
2021-04-08,Placer,061,380077,22022,21258,1313,22571,277
2021-04-08,Plumas,063,18699,674,665,10,675,4
2021-04-08,Riverside,065,2383286,290641,283853,13589,297442,4296
2021-04-08,Sacramento,067,1510023,100610,99319,1469,100788,1561
2021-04-08,San Benito,069,59416,5926,5914,102,6016,62
2021-04-08,San Bernardino,071,2135413,290189,287190,8745,295935,4445
2021-04-08,San Diego,073,3302833,273496,272495,13853,286348,3592
2021-04-08,San Francisco,075,870044,35674,35657,1198,36855,494
2021-04-08,San Joaquin,077,732212,70563,69479,3220,72699,1279
2021-04-08,San Luis Obispo,079,281455,20768,20402,635,21037,252
2021-04-08,San Mateo,081,765935,41176,40749,431,41180,350
2021-04-08,Santa Barbara,083,443738,33701,33309,1084,34393,444
2021-04-08,Santa Clara,085,1922200,115530,115487,665,116152,1905
2021-04-08,Santa Cruz,087,273765,15950,15296,789,16085,203
2021-04-08,Shasta,089,179085,11469,11466,1381,12847,186
2021-04-08,Sierra,091,2930,55,51,12,63,0
2021-04-08,Siskiyou,093,43540,1592,1511,264,1775,7
2021-04-08,Solano,095,438530,31277,31120,426,31546,238
2021-04-08,Sonoma,097,501317,29341,29410,287,29697,310
2021-04-08,Stanislaus,099,539301,53818,53401,5604,59005,706
2021-04-08,Sutter,101,95872,9184,9195,80,9275,106
2021-04-08,Tehama,103,63373,4861,4802,517,5319,52
2021-04-08,Trinity,105,12862,481,324,81,405,3
2021-04-08,Tulare,107,460477,49465,48409,8524,56933,821
2021-04-08,Tuolumne,109,53932,3944,3986,40,4026,57
2021-04-08,Ventura,111,848112,80217,79626,2867,82493,986
2021-04-08,Yolo,113,214977,13463,13468,177,13645,198
2021-04-08,Yuba,115,75493,5781,5743,112,5855,43
2021-04-07,Alameda,001,1643700,84701,84130,1794,85924,1224
2021-04-07,Alpine,003,1148,85,85,0,85,0
2021-04-07,Amador,005,37829,3603,3590,32,3622,46
2021-04-07,Butte,007,227075,11781,11405,1704,13109,193
2021-04-07,Calaveras,009,45235,2028,2022,11,2033,50
2021-04-07,Colusa,011,21464,1897,1894,276,2170,14
2021-04-07,Contra Costa,013,1133247,66510,65619,1138,66757,775
2021-04-07,Del Norte,015,27424,1242,1198,11,1209,6
2021-04-07,El Dorado,017,186661,9618,9500,646,10146,106
2021-04-07,Fresno,019,978130,100481,99865,8263,108128,1627
2021-04-07,Glenn,021,27897,2365,2337,531,2868,17
2021-04-07,Humboldt,023,135768,3511,3484,25,3509,35
2021-04-07,Imperial,025,180216,27879,27704,2569,30273,713
2021-04-07,Inyo,027,18085,1389,1386,10,1396,36
2021-04-07,Kern,029,883053,95778,94456,10308,104764,1275
2021-04-07,Kings,031,150075,22818,22589,1023,23612,243
2021-04-07,Lake,033,64148,3395,3358,9,3367,43
2021-04-07,Lassen,035,31185,5153,5137,102,5239,1
2021-04-07,Los Angeles,037,10098052,1193644,1183862,39506,1223368,23372
2021-04-07,Madera,039,155013,16272,16090,896,16986,231
2021-04-07,Marin,041,260295,13769,13688,223,13911,225
2021-04-07,Mariposa,043,17540,398,391,6,397,5
2021-04-07,Mendocino,045,87422,3776,3691,74,3765,45
2021-04-07,Merced,047,269075,30076,30132,985,31117,430
2021-04-07,Modoc,049,8938,359,351,118,469,3
2021-04-07,Mono,051,14174,1238,1246,17,1263,3
2021-04-07,Monterey,053,433212,42667,42427,1763,44190,341
2021-04-07,Napa,055,140530,9557,9556,30,9586,80
2021-04-07,Nevada,057,99092,4425,4364,182,4546,69
2021-04-07,Orange,059,3164182,252275,250378,10802,261180,4778
2021-04-07,Placer,061,380077,21978,21227,1305,22532,276
2021-04-07,Plumas,063,18699,674,665,10,675,4
2021-04-07,Riverside,065,2383286,290521,283749,13579,297328,4285
2021-04-07,Sacramento,067,1510023,100442,99202,1463,100665,1544
2021-04-07,San Benito,069,59416,5921,5912,101,6013,62
2021-04-07,San Bernardino,071,2135413,290070,286978,8740,295718,4433
2021-04-07,San Diego,073,3302833,273270,272195,13824,286019,3588
2021-04-07,San Francisco,075,870044,35634,35618,1194,36812,493
2021-04-07,San Joaquin,077,732212,70492,69375,3215,72590,1278
2021-04-07,San Luis Obispo,079,281455,20742,20373,632,21005,252
2021-04-07,San Mateo,081,765935,41132,40693,431,41124,350
2021-04-07,Santa Barbara,083,443738,33675,33289,1081,34370,444
2021-04-07,Santa Clara,085,1922200,115398,115311,663,115974,1900
2021-04-07,Santa Cruz,087,273765,15939,15275,789,16064,203
2021-04-07,Shasta,089,179085,11457,11456,1377,12833,184
2021-04-07,Sierra,091,2930,55,51,12,63,0
2021-04-07,Siskiyou,093,43540,1586,1512,263,1775,7
2021-04-07,Solano,095,438530,31226,31097,425,31522,238
2021-04-07,Sonoma,097,501317,29323,29394,286,29680,310
2021-04-07,Stanislaus,099,539301,53750,53344,5594,58938,686
2021-04-07,Sutter,101,95872,9181,9188,80,9268,106
2021-04-07,Tehama,103,63373,4853,4802,515,5317,52
2021-04-07,Trinity,105,12862,481,322,81,403,3
2021-04-07,Tulare,107,460477,49450,48386,8514,56900,820
2021-04-07,Tuolumne,109,53932,3942,3982,40,4022,57
2021-04-07,Ventura,111,848112,80183,79595,2865,82460,986
2021-04-07,Yolo,113,214977,13448,13450,175,13625,198
2021-04-07,Yuba,115,75493,5777,5737,112,5849,43
2021-04-06,Alameda,001,1643700,84588,84091,1791,85882,1223
2021-04-06,Alpine,003,1148,85,85,0,85,0
2021-04-06,Amador,005,37829,3602,3587,32,3619,45
2021-04-06,Butte,007,227075,11766,11396,1702,13098,193
2021-04-06,Calaveras,009,45235,2024,2021,11,2032,50
2021-04-06,Colusa,011,21464,1895,1894,274,2168,14
2021-04-06,Contra Costa,013,1133247,66432,65575,1137,66712,774
2021-04-06,Del Norte,015,27424,1237,1197,11,1208,6
2021-04-06,El Dorado,017,186661,9588,9489,644,10133,106
2021-04-06,Fresno,019,978130,100416,99814,8257,108071,1626
2021-04-06,Glenn,021,27897,2364,2335,530,2865,17
2021-04-06,Humboldt,023,135768,3502,3477,25,3502,35
2021-04-06,Imperial,025,180216,27846,27661,2560,30221,713
2021-04-06,Inyo,027,18085,1389,1379,10,1389,36
2021-04-06,Kern,029,883053,95734,94422,10302,104724,1259
2021-04-06,Kings,031,150075,22812,22587,1023,23610,240
2021-04-06,Lake,033,64148,3392,3358,9,3367,43
2021-04-06,Lassen,035,31185,5151,5137,102,5239,1
2021-04-06,Los Angeles,037,10098052,1193132,1183499,39467,1222966,23323
2021-04-06,Madera,039,155013,16252,16085,891,16976,230
2021-04-06,Marin,041,260295,13760,13675,219,13894,224
2021-04-06,Mariposa,043,17540,398,390,6,396,5
2021-04-06,Mendocino,045,87422,3774,3686,74,3760,45
2021-04-06,Merced,047,269075,30046,30100,980,31080,430
2021-04-06,Modoc,049,8938,358,351,118,469,3
2021-04-06,Mono,051,14174,1238,1246,17,1263,3
2021-04-06,Monterey,053,433212,42658,42412,1762,44174,341
2021-04-06,Napa,055,140530,9538,9509,30,9539,78
2021-04-06,Nevada,057,99092,4415,4356,180,4536,69
2021-04-06,Orange,059,3164182,252166,250304,10789,261093,4771
2021-04-06,Placer,061,380077,21930,21184,1303,22487,276
2021-04-06,Plumas,063,18699,674,665,10,675,4
2021-04-06,Riverside,065,2383286,290340,283622,13568,297190,4264
2021-04-06,Sacramento,067,1510023,100234,99110,1457,100567,1537
2021-04-06,San Benito,069,59416,5912,5907,101,6008,62
2021-04-06,San Bernardino,071,2135413,289957,286792,8730,295522,4428
2021-04-06,San Diego,073,3302833,273008,271867,13796,285663,3585
2021-04-06,San Francisco,075,870044,35591,35572,1194,36766,488
2021-04-06,San Joaquin,077,732212,70409,69316,3203,72519,1278
2021-04-06,San Luis Obispo,079,281455,20720,20350,629,20979,252
2021-04-06,San Mateo,081,765935,41084,40649,430,41079,350
2021-04-06,Santa Barbara,083,443738,33657,33257,1080,34337,443
2021-04-06,Santa Clara,085,1922200,115227,115184,662,115846,1900
2021-04-06,Santa Cruz,087,273765,15929,15252,789,16041,203
2021-04-06,Shasta,089,179085,11436,11443,1375,12818,184
2021-04-06,Sierra,091,2930,55,51,12,63,0
2021-04-06,Siskiyou,093,43540,1582,1510,262,1772,7
2021-04-06,Solano,095,438530,31179,31078,424,31502,237
2021-04-06,Sonoma,097,501317,29297,29386,284,29670,311
2021-04-06,Stanislaus,099,539301,53694,53304,5588,58892,686
2021-04-06,Sutter,101,95872,9171,9179,80,9259,106
2021-04-06,Tehama,103,63373,4844,4798,515,5313,52
2021-04-06,Trinity,105,12862,481,321,81,402,3
2021-04-06,Tulare,107,460477,49407,48372,8510,56882,819
2021-04-06,Tuolumne,109,53932,3942,3981,40,4021,57
2021-04-06,Ventura,111,848112,80146,79556,2863,82419,983
2021-04-06,Yolo,113,214977,13435,13443,174,13617,198
2021-04-06,Yuba,115,75493,5773,5733,111,5844,43
2021-04-05,Alameda,001,1643700,84472,84007,1787,85794,1219
2021-04-05,Alpine,003,1148,85,85,0,85,0
2021-04-05,Amador,005,37829,3599,3584,32,3616,45
2021-04-05,Butte,007,227075,11751,11384,1702,13086,193
2021-04-05,Calaveras,009,45235,2022,2019,11,2030,50
2021-04-05,Colusa,011,21464,1895,1894,273,2167,14
2021-04-05,Contra Costa,013,1133247,66365,65457,1135,66592,774
2021-04-05,Del Norte,015,27424,1235,1189,11,1200,6
2021-04-05,El Dorado,017,186661,9573,9463,644,10107,106
2021-04-05,Fresno,019,978130,100328,99755,8249,108004,1622
2021-04-05,Glenn,021,27897,2363,2335,530,2865,17
2021-04-05,Humboldt,023,135768,3493,3475,25,3500,35
2021-04-05,Imperial,025,180216,27814,27604,2555,30159,710
2021-04-05,Inyo,027,18085,1386,1377,10,1387,36
2021-04-05,Kern,029,883053,95679,94401,10277,104678,1249
2021-04-05,Kings,031,150075,22808,22580,1023,23603,239
2021-04-05,Lake,033,64148,3384,3359,9,3368,43
2021-04-05,Lassen,035,31185,5151,5138,101,5239,1
2021-04-05,Los Angeles,037,10098052,1192596,1183200,39419,1222619,23302
2021-04-05,Madera,039,155013,16237,16065,890,16955,230
2021-04-05,Marin,041,260295,13746,13666,215,13881,221
2021-04-05,Mariposa,043,17540,398,390,6,396,5
2021-04-05,Mendocino,045,87422,3772,3687,74,3761,45
2021-04-05,Merced,047,269075,30021,30068,978,31046,427
2021-04-05,Modoc,049,8938,356,346,118,464,3
2021-04-05,Mono,051,14174,1238,1246,17,1263,3
2021-04-05,Monterey,053,433212,42645,42396,1758,44154,341
2021-04-05,Napa,055,140530,9515,9492,30,9522,78
2021-04-05,Nevada,057,99092,4404,4346,180,4526,69
2021-04-05,Orange,059,3164182,252051,250177,10765,260942,4759
2021-04-05,Placer,061,380077,21884,21133,1296,22429,276
2021-04-05,Plumas,063,18699,674,666,10,676,4
2021-04-05,Riverside,065,2383286,290203,283549,13556,297105,4237
2021-04-05,Sacramento,067,1510023,100072,98908,1449,100357,1533
2021-04-05,San Benito,069,59416,5906,5904,101,6005,61
2021-04-05,San Bernardino,071,2135413,289847,286597,8727,295324,4425
2021-04-05,San Diego,073,3302833,272759,271655,13755,285410,3583
2021-04-05,San Francisco,075,870044,35560,35538,1194,36732,488
2021-04-05,San Joaquin,077,732212,70320,69214,3194,72408,1268
2021-04-05,San Luis Obispo,079,281455,20683,20333,629,20962,252
2021-04-05,San Mateo,081,765935,41040,40609,429,41038,350
2021-04-05,Santa Barbara,083,443738,33622,33235,1080,34315,443
2021-04-05,Santa Clara,085,1922200,115060,115091,659,115750,1893
2021-04-05,Santa Cruz,087,273765,15922,15228,789,16017,201
2021-04-05,Shasta,089,179085,11415,11435,1372,12807,184
2021-04-05,Sierra,091,2930,55,50,12,62,0
2021-04-05,Siskiyou,093,43540,1579,1509,260,1769,7
2021-04-05,Solano,095,438530,31139,31026,422,31448,237
2021-04-05,Sonoma,097,501317,29265,29361,282,29643,311
2021-04-05,Stanislaus,099,539301,53614,53238,5585,58823,686
2021-04-05,Sutter,101,95872,9164,9169,80,9249,106
2021-04-05,Tehama,103,63373,4838,4794,515,5309,52
2021-04-05,Trinity,105,12862,480,321,81,402,3
2021-04-05,Tulare,107,460477,49395,48356,8503,56859,818
2021-04-05,Tuolumne,109,53932,3941,3980,40,4020,57
2021-04-05,Ventura,111,848112,80115,79549,2860,82409,983
2021-04-05,Yolo,113,214977,13421,13427,173,13600,198
2021-04-05,Yuba,115,75493,5768,5728,110,5838,43
2021-04-04,Alameda,001,1643700,84353,83951,1783,85734,1219
2021-04-04,Alpine,003,1148,85,85,0,85,0
2021-04-04,Amador,005,37829,3593,3582,32,3614,45
2021-04-04,Butte,007,227075,11736,11375,1701,13076,193
2021-04-04,Calaveras,009,45235,2018,2020,11,2031,50
2021-04-04,Colusa,011,21464,1894,1893,273,2166,14
2021-04-04,Contra Costa,013,1133247,66259,65408,1130,66538,774
2021-04-04,Del Norte,015,27424,1227,1186,11,1197,6
2021-04-04,El Dorado,017,186661,9554,9455,641,10096,106
2021-04-04,Fresno,019,978130,100254,99702,8237,107939,1622
2021-04-04,Glenn,021,27897,2360,2335,529,2864,17
2021-04-04,Humboldt,023,135768,3482,3472,25,3497,35
2021-04-04,Imperial,025,180216,27758,27588,2553,30141,710
2021-04-04,Inyo,027,18085,1382,1377,10,1387,36
2021-04-04,Kern,029,883053,95635,94388,10256,104644,1247
2021-04-04,Kings,031,150075,22806,22580,1022,23602,239
2021-04-04,Lake,033,64148,3378,3355,8,3363,43
2021-04-04,Lassen,035,31185,5149,5138,101,5239,1
2021-04-04,Los Angeles,037,10098052,1192051,1182872,39375,1222247,23301
2021-04-04,Madera,039,155013,16211,16052,886,16938,230
2021-04-04,Marin,041,260295,13733,13663,214,13877,221
2021-04-04,Mariposa,043,17540,398,390,6,396,5
2021-04-04,Mendocino,045,87422,3769,3684,74,3758,45
2021-04-04,Merced,047,269075,29978,30048,975,31023,427
2021-04-04,Modoc,049,8938,356,346,118,464,3
2021-04-04,Mono,051,14174,1237,1245,17,1262,3
2021-04-04,Monterey,053,433212,42628,42391,1757,44148,341
2021-04-04,Napa,055,140530,9503,9486,30,9516,78
2021-04-04,Nevada,057,99092,4392,4337,180,4517,69
2021-04-04,Orange,059,3164182,251916,250117,10749,260866,4759
2021-04-04,Placer,061,380077,21837,21104,1278,22382,276
2021-04-04,Plumas,063,18699,674,666,10,676,4
2021-04-04,Riverside,065,2383286,290077,283537,13552,297089,4237
2021-04-04,Sacramento,067,1510023,99873,98821,1440,100261,1531
2021-04-04,San Benito,069,59416,5896,5901,97,5998,61
2021-04-04,San Bernardino,071,2135413,289707,286561,8719,295280,4423
2021-04-04,San Diego,073,3302833,272447,271528,13714,285242,3583
2021-04-04,San Francisco,075,870044,35506,35525,1191,36716,488
2021-04-04,San Joaquin,077,732212,70219,69147,3182,72329,1268
2021-04-04,San Luis Obispo,079,281455,20651,20328,621,20949,252
2021-04-04,San Mateo,081,765935,40997,40587,427,41014,350
2021-04-04,Santa Barbara,083,443738,33586,33213,1080,34293,443
2021-04-04,Santa Clara,085,1922200,114894,114976,652,115628,1893
2021-04-04,Santa Cruz,087,273765,15913,15219,789,16008,201
2021-04-04,Shasta,089,179085,11389,11433,1371,12804,184
2021-04-04,Sierra,091,2930,55,50,12,62,0
2021-04-04,Siskiyou,093,43540,1576,1509,256,1765,7
2021-04-04,Solano,095,438530,31092,31002,420,31422,237
2021-04-04,Sonoma,097,501317,29233,29340,280,29620,311
2021-04-04,Stanislaus,099,539301,53521,53181,5577,58758,686
2021-04-04,Sutter,101,95872,9157,9164,80,9244,106
2021-04-04,Tehama,103,63373,4825,4792,514,5306,52
2021-04-04,Trinity,105,12862,478,321,81,402,3
2021-04-04,Tulare,107,460477,49381,48343,8495,56838,818
2021-04-04,Tuolumne,109,53932,3933,3980,40,4020,57
2021-04-04,Ventura,111,848112,80072,79526,2858,82384,983
2021-04-04,Yolo,113,214977,13400,13425,172,13597,198
2021-04-04,Yuba,115,75493,5761,5722,110,5832,43
2021-04-03,Alameda,001,1643700,84286,83861,1781,85642,1218
2021-04-03,Alpine,003,1148,85,85,0,85,0
2021-04-03,Amador,005,37829,3590,3577,32,3609,45
2021-04-03,Butte,007,227075,11732,11359,1697,13056,193
2021-04-03,Calaveras,009,45235,2016,2019,11,2030,50
2021-04-03,Colusa,011,21464,1894,1891,273,2164,14
2021-04-03,Contra Costa,013,1133247,66187,65338,1130,66468,774
2021-04-03,Del Norte,015,27424,1222,1183,11,1194,6
2021-04-03,El Dorado,017,186661,9545,9448,640,10088,106
2021-04-03,Fresno,019,978130,100197,99602,8231,107833,1622
2021-04-03,Glenn,021,27897,2359,2334,528,2862,17
2021-04-03,Humboldt,023,135768,3480,3467,25,3492,35
2021-04-03,Imperial,025,180216,27742,27572,2550,30122,710
2021-04-03,Inyo,027,18085,1381,1376,10,1386,36
2021-04-03,Kern,029,883053,95609,94369,10240,104609,1243
2021-04-03,Kings,031,150075,22804,22580,1022,23602,239
2021-04-03,Lake,033,64148,3377,3350,8,3358,43
2021-04-03,Lassen,035,31185,5148,5136,101,5237,1
2021-04-03,Los Angeles,037,10098052,1191744,1182402,39358,1221760,23301
2021-04-03,Madera,039,155013,16202,16051,884,16935,230
2021-04-03,Marin,041,260295,13725,13658,213,13871,221
2021-04-03,Mariposa,043,17540,398,390,5,395,5
2021-04-03,Mendocino,045,87422,3768,3684,74,3758,45
2021-04-03,Merced,047,269075,29963,30031,975,31006,427
2021-04-03,Modoc,049,8938,356,346,118,464,3
2021-04-03,Mono,051,14174,1237,1245,17,1262,3
2021-04-03,Monterey,053,433212,42615,42376,1755,44131,341
2021-04-03,Napa,055,140530,9494,9473,30,9503,78
2021-04-03,Nevada,057,99092,4388,4323,180,4503,69
2021-04-03,Orange,059,3164182,251835,249982,10731,260713,4755
2021-04-03,Placer,061,380077,21806,21060,1274,22334,276
2021-04-03,Plumas,063,18699,674,666,10,676,4
2021-04-03,Riverside,065,2383286,289999,283423,13549,296972,4237
2021-04-03,Sacramento,067,1510023,99765,98660,1434,100094,1531
2021-04-03,San Benito,069,59416,5893,5893,96,5989,61
2021-04-03,San Bernardino,071,2135413,289643,286473,8713,295186,4422
2021-04-03,San Diego,073,3302833,272278,271335,13697,285032,3571
2021-04-03,San Francisco,075,870044,35487,35488,1189,36677,489
2021-04-03,San Joaquin,077,732212,70178,69100,3166,72266,1268
2021-04-03,San Luis Obispo,079,281455,20632,20301,621,20922,252
2021-04-03,San Mateo,081,765935,40972,40560,427,40987,350
2021-04-03,Santa Barbara,083,443738,33560,33172,1079,34251,443
2021-04-03,Santa Clara,085,1922200,114786,114865,650,115515,1893
2021-04-03,Santa Cruz,087,273765,15906,15205,789,15994,201
2021-04-03,Shasta,089,179085,11381,11418,1371,12789,184
2021-04-03,Sierra,091,2930,55,50,12,62,0
2021-04-03,Siskiyou,093,43540,1575,1509,256,1765,7
2021-04-03,Solano,095,438530,31071,30970,417,31387,237
2021-04-03,Sonoma,097,501317,29217,29315,279,29594,311
2021-04-03,Stanislaus,099,539301,53486,53137,5571,58708,686
2021-04-03,Sutter,101,95872,9151,9158,80,9238,106
2021-04-03,Tehama,103,63373,4817,4788,514,5302,52
2021-04-03,Trinity,105,12862,478,321,81,402,3
2021-04-03,Tulare,107,460477,49371,48327,8491,56818,818
2021-04-03,Tuolumne,109,53932,3933,3980,40,4020,57
2021-04-03,Ventura,111,848112,80051,79489,2856,82345,983
2021-04-03,Yolo,113,214977,13394,13414,172,13586,198
2021-04-03,Yuba,115,75493,5755,5716,110,5826,43
2021-04-02,Alameda,001,1643700,84213,83776,1778,85554,1217
2021-04-02,Alpine,003,1148,85,85,0,85,0
2021-04-02,Amador,005,37829,3586,3573,31,3604,45
2021-04-02,Butte,007,227075,11723,11350,1697,13047,193
2021-04-02,Calaveras,009,45235,2014,2010,11,2021,50
2021-04-02,Colusa,011,21464,1894,1891,273,2164,14
2021-04-02,Contra Costa,013,1133247,66123,65299,1129,66428,774
2021-04-02,Del Norte,015,27424,1219,1174,11,1185,6
2021-04-02,El Dorado,017,186661,9532,9437,637,10074,106
2021-04-02,Fresno,019,978130,100143,99551,8220,107771,1620
2021-04-02,Glenn,021,27897,2359,2331,528,2859,17
2021-04-02,Humboldt,023,135768,3476,3465,25,3490,35
2021-04-02,Imperial,025,180216,27730,27553,2544,30097,710
2021-04-02,Inyo,027,18085,1381,1377,10,1387,36
2021-04-02,Kern,029,883053,95591,94348,10237,104585,1233
2021-04-02,Kings,031,150075,22804,22571,1019,23590,239
2021-04-02,Lake,033,64148,3375,3348,8,3356,43
2021-04-02,Lassen,035,31185,5148,5134,101,5235,1
2021-04-02,Los Angeles,037,10098052,1191433,1181682,39337,1221019,23264
2021-04-02,Madera,039,155013,16193,16036,883,16919,230
2021-04-02,Marin,041,260295,13717,13649,213,13862,221
2021-04-02,Mariposa,043,17540,396,390,5,395,5
2021-04-02,Mendocino,045,87422,3765,3682,74,3756,45
2021-04-02,Merced,047,269075,29938,29998,975,30973,426
2021-04-02,Modoc,049,8938,353,346,118,464,3
2021-04-02,Mono,051,14174,1237,1246,17,1263,3
2021-04-02,Monterey,053,433212,42605,42359,1752,44111,341
2021-04-02,Napa,055,140530,9479,9453,30,9483,78
2021-04-02,Nevada,057,99092,4384,4323,180,4503,69
2021-04-02,Orange,059,3164182,251740,249891,10719,260610,4748
2021-04-02,Placer,061,380077,21770,21035,1268,22303,275
2021-04-02,Plumas,063,18699,674,666,10,676,4
2021-04-02,Riverside,065,2383286,289913,283328,13540,296868,4213
2021-04-02,Sacramento,067,1510023,99658,98648,1427,100075,1527
2021-04-02,San Benito,069,59416,5891,5888,94,5982,61
2021-04-02,San Bernardino,071,2135413,289571,286308,8709,295017,4417
2021-04-02,San Diego,073,3302833,272091,271036,13671,284707,3568
2021-04-02,San Francisco,075,870044,35452,35451,1187,36638,488
2021-04-02,San Joaquin,077,732212,70113,68996,3151,72147,1268
2021-04-02,San Luis Obispo,079,281455,20615,20271,620,20891,252
2021-04-02,San Mateo,081,765935,40930,40514,427,40941,350
2021-04-02,Santa Barbara,083,443738,33532,33145,1079,34224,443
2021-04-02,Santa Clara,085,1922200,114675,114777,648,115425,1882
2021-04-02,Santa Cruz,087,273765,15898,15216,789,16005,202
2021-04-02,Shasta,089,179085,11376,11377,1364,12741,181
2021-04-02,Sierra,091,2930,55,50,12,62,0
2021-04-02,Siskiyou,093,43540,1575,1508,255,1763,7
2021-04-02,Solano,095,438530,31042,30951,414,31365,237
2021-04-02,Sonoma,097,501317,29196,29288,278,29566,311
2021-04-02,Stanislaus,099,539301,53441,53073,5565,58638,687
2021-04-02,Sutter,101,95872,9143,9131,80,9211,106
2021-04-02,Tehama,103,63373,4810,4775,513,5288,52
2021-04-02,Trinity,105,12862,478,320,81,401,3
2021-04-02,Tulare,107,460477,49365,48306,8485,56791,818
2021-04-02,Tuolumne,109,53932,3930,3980,40,4020,57
2021-04-02,Ventura,111,848112,80024,79434,2854,82288,982
2021-04-02,Yolo,113,214977,13384,13381,172,13553,197
2021-04-02,Yuba,115,75493,5751,5709,110,5819,44
2021-04-01,Alameda,001,1643700,84134,83574,1773,85347,1216
2021-04-01,Alpine,003,1148,85,85,0,85,0
2021-04-01,Amador,005,37829,3582,3558,31,3589,45
2021-04-01,Butte,007,227075,11705,11328,1695,13023,193
2021-04-01,Calaveras,009,45235,2011,2006,11,2017,50
2021-04-01,Colusa,011,21464,1891,1890,273,2163,14
2021-04-01,Contra Costa,013,1133247,66064,65176,1127,66303,771
2021-04-01,Del Norte,015,27424,1214,1138,11,1149,6
2021-04-01,El Dorado,017,186661,9523,9393,633,10026,106
2021-04-01,Fresno,019,978130,100090,99317,8212,107529,1616
2021-04-01,Glenn,021,27897,2359,2322,527,2849,17
2021-04-01,Humboldt,023,135768,3472,3464,25,3489,35
2021-04-01,Imperial,025,180216,27700,27520,2539,30059,710
2021-04-01,Inyo,027,18085,1380,1374,10,1384,36
2021-04-01,Kern,029,883053,95555,94244,10225,104469,1233
2021-04-01,Kings,031,150075,22797,22560,1018,23578,239
2021-04-01,Lake,033,64148,3370,3337,8,3345,43
2021-04-01,Lassen,035,31185,5147,5132,101,5233,1
2021-04-01,Los Angeles,037,10098052,1190940,1181101,39308,1220409,23220
2021-04-01,Madera,039,155013,16177,16023,883,16906,230
2021-04-01,Marin,041,260295,13707,13635,213,13848,221
2021-04-01,Mariposa,043,17540,394,389,5,394,5
2021-04-01,Mendocino,045,87422,3765,3680,74,3754,45
2021-04-01,Merced,047,269075,29905,29820,975,30795,425
2021-04-01,Modoc,049,8938,352,346,118,464,3
2021-04-01,Mono,051,14174,1237,1245,17,1262,3
2021-04-01,Monterey,053,433212,42597,42324,1750,44074,339
2021-04-01,Napa,055,140530,9467,9410,30,9440,78
2021-04-01,Nevada,057,99092,4374,4288,179,4467,68
2021-04-01,Orange,059,3164182,251620,249617,10702,260319,4742
2021-04-01,Placer,061,380077,21731,20909,1256,22165,274
2021-04-01,Plumas,063,18699,674,664,10,674,4
2021-04-01,Riverside,065,2383286,289808,283128,13537,296665,4193
2021-04-01,Sacramento,067,1510023,99514,97952,1414,99366,1521
2021-04-01,San Benito,069,59416,5883,5878,93,5971,61
2021-04-01,San Bernardino,071,2135413,289455,286086,8700,294786,4404
2021-04-01,San Diego,073,3302833,271868,270540,13641,284181,3555
2021-04-01,San Francisco,075,870044,35431,35386,1184,36570,488
2021-04-01,San Joaquin,077,732212,70031,68802,3143,71945,1262
2021-04-01,San Luis Obispo,079,281455,20586,20235,619,20854,252
2021-04-01,San Mateo,081,765935,40889,40454,427,40881,350
2021-04-01,Santa Barbara,083,443738,33485,33096,1074,34170,443
2021-04-01,Santa Clara,085,1922200,114562,114606,647,115253,1874
2021-04-01,Santa Cruz,087,273765,15883,15271,789,16060,202
2021-04-01,Shasta,089,179085,11361,11355,1359,12714,181
2021-04-01,Sierra,091,2930,55,50,12,62,0
2021-04-01,Siskiyou,093,43540,1573,1507,254,1761,7
2021-04-01,Solano,095,438530,31009,30850,411,31261,237
2021-04-01,Sonoma,097,501317,29165,29241,271,29512,311
2021-04-01,Stanislaus,099,539301,53379,52825,5559,58384,687
2021-04-01,Sutter,101,95872,9131,9105,80,9185,106
2021-04-01,Tehama,103,63373,4804,4764,510,5274,52
2021-04-01,Trinity,105,12862,478,319,81,400,3
2021-04-01,Tulare,107,460477,49342,48279,8475,56754,817
2021-04-01,Tuolumne,109,53932,3928,3978,40,4018,57
2021-04-01,Ventura,111,848112,80000,79369,2853,82222,977
2021-04-01,Yolo,113,214977,13371,13342,172,13514,197
2021-04-01,Yuba,115,75493,5746,5694,110,5804,44
2021-03-31,Alameda,001,1643700,84052,83475,1768,85243,1215
2021-03-31,Alpine,003,1148,85,85,0,85,0
2021-03-31,Amador,005,37829,3579,3556,31,3587,45
2021-03-31,Butte,007,227075,11695,11321,1692,13013,193
2021-03-31,Calaveras,009,45235,2009,2005,11,2016,50
2021-03-31,Colusa,011,21464,1891,1890,273,2163,14
2021-03-31,Contra Costa,013,1133247,65979,65109,1126,66235,769
2021-03-31,Del Norte,015,27424,1205,1129,11,1140,6
2021-03-31,El Dorado,017,186661,9506,9390,633,10023,106
2021-03-31,Fresno,019,978130,99997,99240,8196,107436,1616
2021-03-31,Glenn,021,27897,2355,2318,525,2843,17
2021-03-31,Humboldt,023,135768,3466,3460,25,3485,35
2021-03-31,Imperial,025,180216,27680,27506,2538,30044,710
2021-03-31,Inyo,027,18085,1377,1373,9,1382,35
2021-03-31,Kern,029,883053,95512,94205,10216,104421,1229
2021-03-31,Kings,031,150075,22794,22540,1018,23558,239
2021-03-31,Lake,033,64148,3366,3332,8,3340,43
2021-03-31,Lassen,035,31185,5143,5132,101,5233,1
2021-03-31,Los Angeles,037,10098052,1190471,1180538,39270,1219808,23171
2021-03-31,Madera,039,155013,16163,16015,882,16897,229
2021-03-31,Marin,041,260295,13696,13624,213,13837,221
2021-03-31,Mariposa,043,17540,394,389,5,394,5
2021-03-31,Mendocino,045,87422,3759,3675,74,3749,45
2021-03-31,Merced,047,269075,29876,29780,975,30755,423
2021-03-31,Modoc,049,8938,352,346,118,464,3
2021-03-31,Mono,051,14174,1237,1245,17,1262,3
2021-03-31,Monterey,053,433212,42580,42309,1748,44057,338
2021-03-31,Napa,055,140530,9449,9401,30,9431,78
2021-03-31,Nevada,057,99092,4368,4283,179,4462,68
2021-03-31,Orange,059,3164182,251509,249518,10687,260205,4731
2021-03-31,Placer,061,380077,21681,20885,1249,22134,271
2021-03-31,Plumas,063,18699,673,663,10,673,4
2021-03-31,Riverside,065,2383286,289706,283006,13526,296532,4171
2021-03-31,Sacramento,067,1510023,99339,97760,1407,99167,1519
2021-03-31,San Benito,069,59416,5873,5875,93,5968,61
2021-03-31,San Bernardino,071,2135413,289361,285916,8697,294613,4356
2021-03-31,San Diego,073,3302833,271636,270288,13606,283894,3555
2021-03-31,San Francisco,075,870044,35386,35347,1183,36530,474
2021-03-31,San Joaquin,077,732212,69942,68685,3127,71812,1259
2021-03-31,San Luis Obispo,079,281455,20564,20215,618,20833,251
2021-03-31,San Mateo,081,765935,40859,40423,427,40850,350
2021-03-31,Santa Barbara,083,443738,33453,33052,1072,34124,443
2021-03-31,Santa Clara,085,1922200,114435,114499,647,115146,1874
2021-03-31,Santa Cruz,087,273765,15870,15295,788,16083,201
2021-03-31,Shasta,089,179085,11349,11327,1351,12678,179
2021-03-31,Sierra,091,2930,55,50,12,62,0
2021-03-31,Siskiyou,093,43540,1572,1505,254,1759,7
2021-03-31,Solano,095,438530,30963,30824,410,31234,235
2021-03-31,Sonoma,097,501317,29138,29216,271,29487,311
2021-03-31,Stanislaus,099,539301,53311,52782,5547,58329,687
2021-03-31,Sutter,101,95872,9120,9111,80,9191,106
2021-03-31,Tehama,103,63373,4799,4762,508,5270,52
2021-03-31,Trinity,105,12862,478,319,81,400,3
2021-03-31,Tulare,107,460477,49322,48261,8459,56720,816
2021-03-31,Tuolumne,109,53932,3927,3976,40,4016,57
2021-03-31,Ventura,111,848112,79968,79326,2849,82175,969
2021-03-31,Yolo,113,214977,13354,13359,171,13530,197
2021-03-31,Yuba,115,75493,5739,5686,110,5796,44
2021-03-30,Alameda,001,1643700,83952,83395,1765,85160,1211
2021-03-30,Alpine,003,1148,85,85,0,85,0
2021-03-30,Amador,005,37829,3576,3551,31,3582,45
2021-03-30,Butte,007,227075,11683,11296,1689,12985,193
2021-03-30,Calaveras,009,45235,2005,1997,11,2008,50
2021-03-30,Colusa,011,21464,1890,1890,272,2162,14
2021-03-30,Contra Costa,013,1133247,65890,65041,1124,66165,767
2021-03-30,Del Norte,015,27424,1197,1118,10,1128,6
2021-03-30,El Dorado,017,186661,9487,9381,630,10011,105
2021-03-30,Fresno,019,978130,99932,99156,8183,107339,1609
2021-03-30,Glenn,021,27897,2355,2310,524,2834,17
2021-03-30,Humboldt,023,135768,3464,3461,25,3486,35
2021-03-30,Imperial,025,180216,27652,27471,2536,30007,706
2021-03-30,Inyo,027,18085,1377,1374,9,1383,35
2021-03-30,Kern,029,883053,95470,94151,10207,104358,1221
2021-03-30,Kings,031,150075,22790,22530,1016,23546,238
2021-03-30,Lake,033,64148,3360,3330,8,3338,43
2021-03-30,Lassen,035,31185,5143,5132,101,5233,1
2021-03-30,Los Angeles,037,10098052,1189975,1180044,39248,1219292,23136
2021-03-30,Madera,039,155013,16153,16003,878,16881,229
2021-03-30,Marin,041,260295,13687,13611,205,13816,221
2021-03-30,Mariposa,043,17540,394,388,5,393,5
2021-03-30,Mendocino,045,87422,3757,3670,74,3744,45
2021-03-30,Merced,047,269075,29839,29731,975,30706,423
2021-03-30,Modoc,049,8938,351,346,118,464,3
2021-03-30,Mono,051,14174,1236,1245,17,1262,3
2021-03-30,Monterey,053,433212,42554,42308,1746,44054,338
2021-03-30,Napa,055,140530,9434,9391,30,9421,78
2021-03-30,Nevada,057,99092,4356,4266,178,4444,68
2021-03-30,Orange,059,3164182,251381,249412,10660,260072,4727
2021-03-30,Placer,061,380077,21641,20866,1243,22109,271
2021-03-30,Plumas,063,18699,673,661,10,671,4
2021-03-30,Riverside,065,2383286,289581,282930,13517,296447,4154
2021-03-30,Sacramento,067,1510023,99202,97718,1404,99122,1516
2021-03-30,San Benito,069,59416,5867,5870,93,5963,61
2021-03-30,San Bernardino,071,2135413,289252,285758,8688,294446,4343
2021-03-30,San Diego,073,3302833,271397,269998,13568,283566,3555
2021-03-30,San Francisco,075,870044,35336,35325,1182,36507,474
2021-03-30,San Joaquin,077,732212,69854,68613,3117,71730,1232
2021-03-30,San Luis Obispo,079,281455,20544,20194,618,20812,251
2021-03-30,San Mateo,081,765935,40815,40377,427,40804,349
2021-03-30,Santa Barbara,083,443738,33428,33016,1072,34088,441
2021-03-30,Santa Clara,085,1922200,114313,114413,646,115059,1873
2021-03-30,Santa Cruz,087,273765,15864,15278,788,16066,201
2021-03-30,Shasta,089,179085,11341,11316,1350,12666,184
2021-03-30,Sierra,091,2930,55,50,12,62,0
2021-03-30,Siskiyou,093,43540,1571,1501,254,1755,7
2021-03-30,Solano,095,438530,30933,30802,409,31211,232
2021-03-30,Sonoma,097,501317,29106,29198,271,29469,311
2021-03-30,Stanislaus,099,539301,53233,52690,5539,58229,677
2021-03-30,Sutter,101,95872,9116,9107,79,9186,106
2021-03-30,Tehama,103,63373,4790,4748,507,5255,52
2021-03-30,Trinity,105,12862,478,316,81,397,3
2021-03-30,Tulare,107,460477,49307,48249,8450,56699,815
2021-03-30,Tuolumne,109,53932,3922,3972,40,4012,57
2021-03-30,Ventura,111,848112,79924,79282,2846,82128,958
2021-03-30,Yolo,113,214977,13341,13353,171,13524,195
2021-03-30,Yuba,115,75493,5728,5679,104,5783,42
2021-03-29,Alameda,001,1643700,83852,83338,1763,85101,1211
2021-03-29,Alpine,003,1148,85,85,0,85,0
2021-03-29,Amador,005,37829,3570,3549,31,3580,45
2021-03-29,Butte,007,227075,11675,11291,1686,12977,191
2021-03-29,Calaveras,009,45235,2003,1998,11,2009,50
2021-03-29,Colusa,011,21464,1890,1889,271,2160,14
2021-03-29,Contra Costa,013,1133247,65821,64971,1123,66094,767
2021-03-29,Del Norte,015,27424,1192,1116,9,1125,6
2021-03-29,El Dorado,017,186661,9467,9374,625,9999,105
2021-03-29,Fresno,019,978130,99849,99085,8168,107253,1606
2021-03-29,Glenn,021,27897,2348,2310,524,2834,17
2021-03-29,Humboldt,023,135768,3459,3459,25,3484,34
2021-03-29,Imperial,025,180216,27631,27442,2534,29976,704
2021-03-29,Inyo,027,18085,1377,1372,9,1381,35
2021-03-29,Kern,029,883053,95423,94098,10188,104286,1220
2021-03-29,Kings,031,150075,22778,22522,1015,23537,238
2021-03-29,Lake,033,64148,3357,3325,8,3333,43
2021-03-29,Lassen,035,31185,5143,5131,101,5232,1
2021-03-29,Los Angeles,037,10098052,1189478,1179736,39208,1218944,23108
2021-03-29,Madera,039,155013,16133,15987,876,16863,210
2021-03-29,Marin,041,260295,13675,13600,202,13802,220
2021-03-29,Mariposa,043,17540,393,388,5,393,5
2021-03-29,Mendocino,045,87422,3754,3667,74,3741,45
2021-03-29,Merced,047,269075,29815,29699,975,30674,422
2021-03-29,Modoc,049,8938,350,344,118,462,3
2021-03-29,Mono,051,14174,1235,1243,17,1260,3
2021-03-29,Monterey,053,433212,42538,42305,1741,44046,337
2021-03-29,Napa,055,140530,9418,9379,30,9409,78
2021-03-29,Nevada,057,99092,4349,4258,178,4436,68
2021-03-29,Orange,059,3164182,251271,249295,10648,259943,4713
2021-03-29,Placer,061,380077,21606,20827,1236,22063,267
2021-03-29,Plumas,063,18699,672,660,10,670,4
2021-03-29,Riverside,065,2383286,289478,282867,13516,296383,4133
2021-03-29,Sacramento,067,1510023,99009,97577,1396,98973,1514
2021-03-29,San Benito,069,59416,5860,5865,93,5958,61
2021-03-29,San Bernardino,071,2135413,289155,285615,8684,294299,4335
2021-03-29,San Diego,073,3302833,271131,269771,13542,283313,3547
2021-03-29,San Francisco,075,870044,35301,35291,1179,36470,474
2021-03-29,San Joaquin,077,732212,69768,68537,3104,71641,1211
2021-03-29,San Luis Obispo,079,281455,20509,20176,617,20793,250
2021-03-29,San Mateo,081,765935,40773,40357,426,40783,348
2021-03-29,Santa Barbara,083,443738,33394,32983,1071,34054,439
2021-03-29,Santa Clara,085,1922200,114204,114335,641,114976,1871
2021-03-29,Santa Cruz,087,273765,15853,15249,787,16036,201
2021-03-29,Shasta,089,179085,11323,11313,1348,12661,183
2021-03-29,Sierra,091,2930,55,50,12,62,0
2021-03-29,Siskiyou,093,43540,1569,1497,254,1751,6
2021-03-29,Solano,095,438530,30894,30762,407,31169,232
2021-03-29,Sonoma,097,501317,29083,29184,268,29452,310
2021-03-29,Stanislaus,099,539301,53149,52614,5532,58146,677
2021-03-29,Sutter,101,95872,9109,9105,79,9184,106
2021-03-29,Tehama,103,63373,4782,4742,506,5248,52
2021-03-29,Trinity,105,12862,478,314,81,395,3
2021-03-29,Tulare,107,460477,49279,48226,8439,56665,815
2021-03-29,Tuolumne,109,53932,3920,3969,40,4009,57
2021-03-29,Ventura,111,848112,79882,79252,2846,82098,956
2021-03-29,Yolo,113,214977,13322,13346,171,13517,195
2021-03-29,Yuba,115,75493,5721,5671,103,5774,42
2021-03-28,Alameda,001,1643700,83731,83239,1761,85000,1212
2021-03-28,Alpine,003,1148,85,85,0,85,0
2021-03-28,Amador,005,37829,3566,3541,31,3572,45
2021-03-28,Butte,007,227075,11662,11285,1684,12969,191
2021-03-28,Calaveras,009,45235,2001,1995,11,2006,50
2021-03-28,Colusa,011,21464,1889,1889,271,2160,14
2021-03-28,Contra Costa,013,1133247,65747,64878,1119,65997,767
2021-03-28,Del Norte,015,27424,1185,1107,7,1114,6
2021-03-28,El Dorado,017,186661,9452,9371,623,9994,105
2021-03-28,Fresno,019,978130,99766,99004,8156,107160,1606
2021-03-28,Glenn,021,27897,2344,2309,522,2831,17
2021-03-28,Humboldt,023,135768,3456,3452,24,3476,34
2021-03-28,Imperial,025,180216,27604,27426,2531,29957,704
2021-03-28,Inyo,027,18085,1376,1372,9,1381,35
2021-03-28,Kern,029,883053,95378,94084,10177,104261,1219
2021-03-28,Kings,031,150075,22773,22514,1012,23526,238
2021-03-28,Lake,033,64148,3352,3320,8,3328,43
2021-03-28,Lassen,035,31185,5143,5131,100,5231,1
2021-03-28,Los Angeles,037,10098052,1188926,1179316,39150,1218466,23101
2021-03-28,Madera,039,155013,16118,15973,875,16848,210
2021-03-28,Marin,041,260295,13662,13594,200,13794,221
2021-03-28,Mariposa,043,17540,393,388,5,393,5
2021-03-28,Mendocino,045,87422,3752,3666,74,3740,45
2021-03-28,Merced,047,269075,29758,29679,975,30654,422
2021-03-28,Modoc,049,8938,350,344,118,462,3
2021-03-28,Mono,051,14174,1234,1242,17,1259,3
2021-03-28,Monterey,053,433212,42515,42294,1737,44031,337
2021-03-28,Napa,055,140530,9404,9368,30,9398,78
2021-03-28,Nevada,057,99092,4335,4239,178,4417,68
2021-03-28,Orange,059,3164182,251116,249238,10638,259876,4713
2021-03-28,Placer,061,380077,21562,20796,1230,22026,267
2021-03-28,Plumas,063,18699,670,657,10,667,4
2021-03-28,Riverside,065,2383286,289364,282811,13508,296319,4132
2021-03-28,Sacramento,067,1510023,98835,97425,1390,98815,1514
2021-03-28,San Benito,069,59416,5855,5862,93,5955,61
2021-03-28,San Bernardino,071,2135413,289035,285570,8676,294246,4332
2021-03-28,San Diego,073,3302833,270855,269476,13513,282989,3547
2021-03-28,San Francisco,075,870044,35255,35286,1175,36461,474
2021-03-28,San Joaquin,077,732212,69644,68459,3085,71544,1211
2021-03-28,San Luis Obispo,079,281455,20474,20172,614,20786,250
2021-03-28,San Mateo,081,765935,40728,40305,426,40731,348
2021-03-28,Santa Barbara,083,443738,33352,32953,1070,34023,439
2021-03-28,Santa Clara,085,1922200,114104,114232,637,114869,1871
2021-03-28,Santa Cruz,087,273765,15838,15238,786,16024,201
2021-03-28,Shasta,089,179085,11297,11308,1337,12645,183
2021-03-28,Sierra,091,2930,55,50,12,62,0
2021-03-28,Siskiyou,093,43540,1569,1497,253,1750,6
2021-03-28,Solano,095,438530,30857,30719,405,31124,232
2021-03-28,Sonoma,097,501317,29047,29161,266,29427,310
2021-03-28,Stanislaus,099,539301,53061,52567,5519,58086,678
2021-03-28,Sutter,101,95872,9100,9094,79,9173,106
2021-03-28,Tehama,103,63373,4772,4740,504,5244,52
2021-03-28,Trinity,105,12862,476,314,80,394,3
2021-03-28,Tulare,107,460477,49250,48218,8433,56651,815
2021-03-28,Tuolumne,109,53932,3917,3969,39,4008,57
2021-03-28,Ventura,111,848112,79831,79222,2841,82063,956
2021-03-28,Yolo,113,214977,13305,13325,170,13495,194
2021-03-28,Yuba,115,75493,5717,5662,103,5765,42
2021-03-27,Alameda,001,1643700,83660,83169,1757,84926,1211
2021-03-27,Alpine,003,1148,85,85,0,85,0
2021-03-27,Amador,005,37829,3561,3538,31,3569,45
2021-03-27,Butte,007,227075,11655,11278,1683,12961,191
2021-03-27,Calaveras,009,45235,1998,1992,11,2003,50
2021-03-27,Colusa,011,21464,1889,1889,271,2160,14
2021-03-27,Contra Costa,013,1133247,65677,64804,1116,65920,767
2021-03-27,Del Norte,015,27424,1175,1104,7,1111,6
2021-03-27,El Dorado,017,186661,9438,9367,623,9990,105
2021-03-27,Fresno,019,978130,99713,98901,8150,107051,1606
2021-03-27,Glenn,021,27897,2343,2308,522,2830,17
2021-03-27,Humboldt,023,135768,3451,3442,24,3466,34
2021-03-27,Imperial,025,180216,27592,27406,2528,29934,704
2021-03-27,Inyo,027,18085,1374,1372,9,1381,35
2021-03-27,Kern,029,883053,95358,94041,10166,104207,1217
2021-03-27,Kings,031,150075,22770,22502,1012,23514,238
2021-03-27,Lake,033,64148,3350,3317,8,3325,43
2021-03-27,Lassen,035,31185,5143,5129,100,5229,1
2021-03-27,Los Angeles,037,10098052,1188612,1178831,39124,1217955,23103
2021-03-27,Madera,039,155013,16111,15968,873,16841,210
2021-03-27,Marin,041,260295,13657,13579,200,13779,222
2021-03-27,Mariposa,043,17540,393,386,5,391,5
2021-03-27,Mendocino,045,87422,3750,3666,74,3740,45
2021-03-27,Merced,047,269075,29725,29647,973,30620,422
2021-03-27,Modoc,049,8938,350,344,118,462,3
2021-03-27,Mono,051,14174,1232,1241,17,1258,3
2021-03-27,Monterey,053,433212,42505,42271,1737,44008,337
2021-03-27,Napa,055,140530,9392,9360,30,9390,78
2021-03-27,Nevada,057,99092,4325,4231,178,4409,68
2021-03-27,Orange,059,3164182,251021,249160,10622,259782,4698
2021-03-27,Placer,061,380077,21542,20717,1223,21940,267
2021-03-27,Plumas,063,18699,669,655,10,665,4
2021-03-27,Riverside,065,2383286,289302,282707,13500,296207,4132
2021-03-27,Sacramento,067,1510023,98745,97247,1388,98635,1513
2021-03-27,San Benito,069,59416,5853,5862,91,5953,61
2021-03-27,San Bernardino,071,2135413,288973,285480,8675,294155,4325
2021-03-27,San Diego,073,3302833,270684,269271,13491,282762,3540
2021-03-27,San Francisco,075,870044,35232,35244,1173,36417,474
2021-03-27,San Joaquin,077,732212,69584,68365,3077,71442,1211
2021-03-27,San Luis Obispo,079,281455,20463,20153,611,20764,250
2021-03-27,San Mateo,081,765935,40705,40264,426,40690,348
2021-03-27,Santa Barbara,083,443738,33329,32921,1070,33991,439
2021-03-27,Santa Clara,085,1922200,114008,114124,635,114759,1871
2021-03-27,Santa Cruz,087,273765,15832,15215,786,16001,201
2021-03-27,Shasta,089,179085,11286,11288,1335,12623,183
2021-03-27,Sierra,091,2930,55,50,12,62,0
2021-03-27,Siskiyou,093,43540,1569,1497,253,1750,6
2021-03-27,Solano,095,438530,30829,30669,404,31073,232
2021-03-27,Sonoma,097,501317,29032,29133,264,29397,310
2021-03-27,Stanislaus,099,539301,52996,52497,5511,58008,678
2021-03-27,Sutter,101,95872,9093,9093,79,9172,106
2021-03-27,Tehama,103,63373,4766,4738,502,5240,52
2021-03-27,Trinity,105,12862,476,313,80,393,3
2021-03-27,Tulare,107,460477,49234,48203,8426,56629,813
2021-03-27,Tuolumne,109,53932,3914,3968,39,4007,57
2021-03-27,Ventura,111,848112,79804,79184,2839,82023,956
2021-03-27,Yolo,113,214977,13300,13317,169,13486,194
2021-03-27,Yuba,115,75493,5715,5657,103,5760,42
2021-03-26,Alameda,001,1643700,83598,83043,1755,84798,1208
2021-03-26,Alpine,003,1148,85,85,0,85,0
2021-03-26,Amador,005,37829,3556,3532,31,3563,45
2021-03-26,Butte,007,227075,11644,11278,1683,12961,191
2021-03-26,Calaveras,009,45235,1995,1989,11,2000,50
2021-03-26,Colusa,011,21464,1889,1889,271,2160,14
2021-03-26,Contra Costa,013,1133247,65617,64699,1113,65812,761
2021-03-26,Del Norte,015,27424,1172,1101,7,1108,6
2021-03-26,El Dorado,017,186661,9433,9353,623,9976,105
2021-03-26,Fresno,019,978130,99651,98731,8140,106871,1601
2021-03-26,Glenn,021,27897,2343,2307,521,2828,17
2021-03-26,Humboldt,023,135768,3449,3431,24,3455,34
2021-03-26,Imperial,025,180216,27568,27374,2528,29902,701
2021-03-26,Inyo,027,18085,1373,1369,9,1378,35
2021-03-26,Kern,029,883053,95332,93949,10160,104109,1211
2021-03-26,Kings,031,150075,22762,22493,1010,23503,239
2021-03-26,Lake,033,64148,3349,3314,8,3322,43
2021-03-26,Lassen,035,31185,5142,5131,100,5231,1
2021-03-26,Los Angeles,037,10098052,1188276,1178213,39111,1217324,23080
2021-03-26,Madera,039,155013,16101,15952,873,16825,210
2021-03-26,Marin,041,260295,13651,13553,195,13748,221
2021-03-26,Mariposa,043,17540,393,386,5,391,5
2021-03-26,Mendocino,045,87422,3749,3664,74,3738,45
2021-03-26,Merced,047,269075,29702,29613,972,30585,419
2021-03-26,Modoc,049,8938,350,344,118,462,3
2021-03-26,Mono,051,14174,1231,1236,17,1253,3
2021-03-26,Monterey,053,433212,42492,42241,1733,43974,338
2021-03-26,Napa,055,140530,9382,9349,30,9379,78
2021-03-26,Nevada,057,99092,4305,4222,178,4400,83
2021-03-26,Orange,059,3164182,250958,248995,10608,259603,4671
2021-03-26,Placer,061,380077,21516,20679,1222,21901,259
2021-03-26,Plumas,063,18699,668,654,10,664,4
2021-03-26,Riverside,065,2383286,289224,282602,13494,296096,4109
2021-03-26,Sacramento,067,1510023,98644,97040,1383,98423,1509
2021-03-26,San Benito,069,59416,5850,5855,91,5946,61
2021-03-26,San Bernardino,071,2135413,288917,285313,8673,293986,4288
2021-03-26,San Diego,073,3302833,270506,269045,13465,282510,3525
2021-03-26,San Francisco,075,870044,35206,35186,1173,36359,472
2021-03-26,San Joaquin,077,732212,69521,68249,3073,71322,1202
2021-03-26,San Luis Obispo,079,281455,20450,20118,611,20729,250
2021-03-26,San Mateo,081,765935,40670,40199,426,40625,348
2021-03-26,Santa Barbara,083,443738,33299,32895,1069,33964,439
2021-03-26,Santa Clara,085,1922200,113910,113959,634,114593,1868
2021-03-26,Santa Cruz,087,273765,15817,15199,785,15984,201
2021-03-26,Shasta,089,179085,11277,11276,1329,12605,182
2021-03-26,Sierra,091,2930,55,50,12,62,0
2021-03-26,Siskiyou,093,43540,1569,1493,252,1745,6
2021-03-26,Solano,095,438530,30804,30640,404,31044,205
2021-03-26,Sonoma,097,501317,29016,29101,261,29362,310
2021-03-26,Stanislaus,099,539301,52928,52420,5507,57927,678
2021-03-26,Sutter,101,95872,9090,9082,79,9161,104
2021-03-26,Tehama,103,63373,4765,4722,501,5223,51
2021-03-26,Trinity,105,12862,476,311,80,391,3
2021-03-26,Tulare,107,460477,49219,48179,8419,56598,813
2021-03-26,Tuolumne,109,53932,3913,3965,39,4004,57
2021-03-26,Ventura,111,848112,79770,79122,2837,81959,953
2021-03-26,Yolo,113,214977,13293,13299,167,13466,194
2021-03-26,Yuba,115,75493,5705,5653,103,5756,42
2021-03-25,Alameda,001,1643700,83504,82945,1753,84698,1206
2021-03-25,Alpine,003,1148,85,84,0,84,0
2021-03-25,Amador,005,37829,3554,3530,31,3561,45
2021-03-25,Butte,007,227075,11634,11270,1683,12953,188
2021-03-25,Calaveras,009,45235,1994,1982,11,1993,50
2021-03-25,Colusa,011,21464,1889,1888,271,2159,14
2021-03-25,Contra Costa,013,1133247,65550,64606,1110,65716,757
2021-03-25,Del Norte,015,27424,1166,1095,7,1102,6
2021-03-25,El Dorado,017,186661,9423,9331,623,9954,105
2021-03-25,Fresno,019,978130,99533,98602,8127,106729,1593
2021-03-25,Glenn,021,27897,2342,2302,520,2822,17
2021-03-25,Humboldt,023,135768,3444,3423,24,3447,34
2021-03-25,Imperial,025,180216,27552,27352,2527,29879,699
2021-03-25,Inyo,027,18085,1373,1369,9,1378,35
2021-03-25,Kern,029,883053,95300,93857,10155,104012,1206
2021-03-25,Kings,031,150075,22752,22472,1010,23482,237
2021-03-25,Lake,033,64148,3344,3312,8,3320,43
2021-03-25,Lassen,035,31185,5142,5129,100,5229,1
2021-03-25,Los Angeles,037,10098052,1187838,1177490,39078,1216568,23051
2021-03-25,Madera,039,155013,16082,15937,871,16808,210
2021-03-25,Marin,041,260295,13641,13538,192,13730,219
2021-03-25,Mariposa,043,17540,393,386,5,391,5
2021-03-25,Mendocino,045,87422,3748,3664,74,3738,45
2021-03-25,Merced,047,269075,29668,29576,965,30541,416
2021-03-25,Modoc,049,8938,350,343,118,461,3
2021-03-25,Mono,051,14174,1231,1235,17,1252,3
2021-03-25,Monterey,053,433212,42471,42220,1728,43948,336
2021-03-25,Napa,055,140530,9363,9321,30,9351,78
2021-03-25,Nevada,057,99092,4287,4202,176,4378,84
2021-03-25,Orange,059,3164182,250844,248871,10588,259459,4655
2021-03-25,Placer,061,380077,21475,20639,1215,21854,252
2021-03-25,Plumas,063,18699,668,654,10,664,4
2021-03-25,Riverside,065,2383286,289127,282492,13483,295975,4078
2021-03-25,Sacramento,067,1510023,98498,96823,1381,98204,1505
2021-03-25,San Benito,069,59416,5847,5850,91,5941,61
2021-03-25,San Bernardino,071,2135413,288836,285134,8668,293802,4222
2021-03-25,San Diego,073,3302833,270278,268623,13434,282057,3520
2021-03-25,San Francisco,075,870044,35166,35154,1171,36325,468
2021-03-25,San Joaquin,077,732212,69424,68089,3035,71124,1196
2021-03-25,San Luis Obispo,079,281455,20432,20076,611,20687,250
2021-03-25,San Mateo,081,765935,40630,40147,426,40573,348
2021-03-25,Santa Barbara,083,443738,33272,32857,1069,33926,439
2021-03-25,Santa Clara,085,1922200,113806,113877,632,114509,1868
2021-03-25,Santa Cruz,087,273765,15796,15170,785,15955,201
2021-03-25,Shasta,089,179085,11260,11262,1326,12588,181
2021-03-25,Sierra,091,2930,55,50,12,62,0
2021-03-25,Siskiyou,093,43540,1567,1491,251,1742,6
2021-03-25,Solano,095,438530,30743,30583,402,30985,193
2021-03-25,Sonoma,097,501317,28982,29060,257,29317,310
2021-03-25,Stanislaus,099,539301,52861,52321,5500,57821,678
2021-03-25,Sutter,101,95872,9081,9069,79,9148,104
2021-03-25,Tehama,103,63373,4763,4719,500,5219,52
2021-03-25,Trinity,105,12862,476,310,80,390,3
2021-03-25,Tulare,107,460477,49192,48148,8407,56555,811
2021-03-25,Tuolumne,109,53932,3912,3962,39,4001,57
2021-03-25,Ventura,111,848112,79729,79045,2833,81878,952
2021-03-25,Yolo,113,214977,13287,13287,167,13454,194
2021-03-25,Yuba,115,75493,5699,5647,97,5744,42
2021-03-24,Alameda,001,1643700,83411,82871,1750,84621,1199
2021-03-24,Alpine,003,1148,85,84,0,84,0
2021-03-24,Amador,005,37829,3548,3529,31,3560,45
2021-03-24,Butte,007,227075,11624,11252,1679,12931,187
2021-03-24,Calaveras,009,45235,1991,1975,11,1986,50
2021-03-24,Colusa,011,21464,1889,1886,271,2157,14
2021-03-24,Contra Costa,013,1133247,65470,64539,1109,65648,755
2021-03-24,Del Norte,015,27424,1161,1087,7,1094,6
2021-03-24,El Dorado,017,186661,9417,9319,622,9941,105
2021-03-24,Fresno,019,978130,99443,98437,8112,106549,1585
2021-03-24,Glenn,021,27897,2341,2297,519,2816,17
2021-03-24,Humboldt,023,135768,3441,3414,24,3438,34
2021-03-24,Imperial,025,180216,27543,27325,2527,29852,699
2021-03-24,Inyo,027,18085,1373,1368,9,1377,35
2021-03-24,Kern,029,883053,95252,93800,10146,103946,1198
2021-03-24,Kings,031,150075,22737,22456,1008,23464,237
2021-03-24,Lake,033,64148,3340,3307,8,3315,43
2021-03-24,Lassen,035,31185,5140,5130,99,5229,1
2021-03-24,Los Angeles,037,10098052,1187351,1177015,39045,1216060,22993
2021-03-24,Madera,039,155013,16073,15918,870,16788,210
2021-03-24,Marin,041,260295,13627,13526,190,13716,219
2021-03-24,Mariposa,043,17540,393,384,5,389,5
2021-03-24,Mendocino,045,87422,3745,3660,74,3734,45
2021-03-24,Merced,047,269075,29627,29525,965,30490,415
2021-03-24,Modoc,049,8938,349,341,118,459,3
2021-03-24,Mono,051,14174,1230,1243,17,1260,3
2021-03-24,Monterey,053,433212,42449,42201,1725,43926,335
2021-03-24,Napa,055,140530,9343,9310,30,9340,78
2021-03-24,Nevada,057,99092,4272,4191,175,4366,85
2021-03-24,Orange,059,3164182,250731,248775,10570,259345,4638
2021-03-24,Placer,061,380077,21445,20606,1207,21813,250
2021-03-24,Plumas,063,18699,666,652,10,662,4
2021-03-24,Riverside,065,2383286,289043,282410,13480,295890,4058
2021-03-24,Sacramento,067,1510023,98323,96628,1370,97998,1500
2021-03-24,San Benito,069,59416,5846,5847,91,5938,61
2021-03-24,San Bernardino,071,2135413,288748,284983,8666,293649,4170
2021-03-24,San Diego,073,3302833,270064,268413,13406,281819,3509
2021-03-24,San Francisco,075,870044,35139,35103,1168,36271,462
2021-03-24,San Joaquin,077,732212,69353,67978,3023,71001,1196
2021-03-24,San Luis Obispo,079,281455,20402,20021,610,20631,250
2021-03-24,San Mateo,081,765935,40580,40083,426,40509,348
2021-03-24,Santa Barbara,083,443738,33244,32810,1069,33879,438
2021-03-24,Santa Clara,085,1922200,113690,113757,629,114386,1851
2021-03-24,Santa Cruz,087,273765,15782,15138,784,15922,202
2021-03-24,Shasta,089,179085,11241,11243,1324,12567,181
2021-03-24,Sierra,091,2930,55,50,12,62,0
2021-03-24,Siskiyou,093,43540,1565,1490,251,1741,6
2021-03-24,Solano,095,438530,30706,30552,401,30953,178
2021-03-24,Sonoma,097,501317,28962,29034,253,29287,310
2021-03-24,Stanislaus,099,539301,52785,52259,5491,57750,677
2021-03-24,Sutter,101,95872,9065,9049,79,9128,104
2021-03-24,Tehama,103,63373,4757,4719,499,5218,49
2021-03-24,Trinity,105,12862,475,310,80,390,3
2021-03-24,Tulare,107,460477,49181,48109,8394,56503,808
2021-03-24,Tuolumne,109,53932,3910,3961,39,4000,57
2021-03-24,Ventura,111,848112,79677,78993,2826,81819,944
2021-03-24,Yolo,113,214977,13275,13269,167,13436,194
2021-03-24,Yuba,115,75493,5693,5634,94,5728,42
2021-03-23,Alameda,001,1643700,83309,82799,1746,84545,1190
2021-03-23,Alpine,003,1148,85,84,0,84,0
2021-03-23,Amador,005,37829,3542,3524,31,3555,45
2021-03-23,Butte,007,227075,11612,11227,1678,12905,187
2021-03-23,Calaveras,009,45235,1989,1971,11,1982,50
2021-03-23,Colusa,011,21464,1887,1885,270,2155,14
2021-03-23,Contra Costa,013,1133247,65370,64491,1108,65599,750
2021-03-23,Del Norte,015,27424,1156,1082,7,1089,6
2021-03-23,El Dorado,017,186661,9407,9318,619,9937,105
2021-03-23,Fresno,019,978130,99329,98362,8088,106450,1575
2021-03-23,Glenn,021,27897,2336,2293,517,2810,17
2021-03-23,Humboldt,023,135768,3432,3405,24,3429,34
2021-03-23,Imperial,025,180216,27535,27320,2527,29847,699
2021-03-23,Inyo,027,18085,1371,1364,9,1373,35
2021-03-23,Kern,029,883053,95145,93728,10139,103867,1191
2021-03-23,Kings,031,150075,22726,22439,1006,23445,237
2021-03-23,Lake,033,64148,3338,3294,8,3302,43
2021-03-23,Lassen,035,31185,5140,5130,99,5229,1
2021-03-23,Los Angeles,037,10098052,1186830,1176572,39008,1215580,22904
2021-03-23,Madera,039,155013,16057,15908,869,16777,210
2021-03-23,Marin,041,260295,13604,13514,188,13702,221
2021-03-23,Mariposa,043,17540,392,384,5,389,5
2021-03-23,Mendocino,045,87422,3743,3652,74,3726,45
2021-03-23,Merced,047,269075,29594,29485,965,30450,415
2021-03-23,Modoc,049,8938,348,342,118,460,3
2021-03-23,Mono,051,14174,1229,1263,17,1280,3
2021-03-23,Monterey,053,433212,42438,42180,1723,43903,335
2021-03-23,Napa,055,140530,9318,9299,30,9329,78
2021-03-23,Nevada,057,99092,4253,4179,174,4353,89
2021-03-23,Orange,059,3164182,250605,248661,10552,259213,4626
2021-03-23,Placer,061,380077,21410,20567,1203,21770,248
2021-03-23,Plumas,063,18699,666,652,10,662,4
2021-03-23,Riverside,065,2383286,288943,282317,13474,295791,4035
2021-03-23,Sacramento,067,1510023,98131,96521,1366,97887,1496
2021-03-23,San Benito,069,59416,5841,5845,90,5935,61
2021-03-23,San Bernardino,071,2135413,288663,284875,8658,293533,4134
2021-03-23,San Diego,073,3302833,269819,268156,13374,281530,3498
2021-03-23,San Francisco,075,870044,35081,35071,1163,36234,462
2021-03-23,San Joaquin,077,732212,69257,67903,3005,70908,1182
2021-03-23,San Luis Obispo,079,281455,20362,20009,609,20618,250
2021-03-23,San Mateo,081,765935,40524,40032,425,40457,348
2021-03-23,Santa Barbara,083,443738,33206,32771,1068,33839,438
2021-03-23,Santa Clara,085,1922200,113574,113645,626,114271,1848
2021-03-23,Santa Cruz,087,273765,15767,15106,784,15890,201
2021-03-23,Shasta,089,179085,11228,11234,1323,12557,175
2021-03-23,Sierra,091,2930,55,50,12,62,0
2021-03-23,Siskiyou,093,43540,1560,1485,249,1734,6
2021-03-23,Solano,095,438530,30665,30524,400,30924,178
2021-03-23,Sonoma,097,501317,28925,29020,252,29272,310
2021-03-23,Stanislaus,099,539301,52686,52148,5484,57632,677
2021-03-23,Sutter,101,95872,9057,9039,79,9118,104
2021-03-23,Tehama,103,63373,4748,4707,498,5205,46
2021-03-23,Trinity,105,12862,475,310,80,390,3
2021-03-23,Tulare,107,460477,49154,48095,8378,56473,808
2021-03-23,Tuolumne,109,53932,3907,3957,39,3996,57
2021-03-23,Ventura,111,848112,79616,78930,2823,81753,932
2021-03-23,Yolo,113,214977,13264,13255,167,13422,194
2021-03-23,Yuba,115,75493,5688,5628,94,5722,42
2021-03-22,Alameda,001,1643700,83218,82748,1741,84489,1189
2021-03-22,Alpine,003,1148,84,83,0,83,0
2021-03-22,Amador,005,37829,3534,3522,31,3553,44
2021-03-22,Butte,007,227075,11603,11211,1676,12887,185
2021-03-22,Calaveras,009,45235,1985,1963,11,1974,49
2021-03-22,Colusa,011,21464,1885,1885,270,2155,13
2021-03-22,Contra Costa,013,1133247,65275,64432,1106,65538,740
2021-03-22,Del Norte,015,27424,1150,1082,7,1089,6
2021-03-22,El Dorado,017,186661,9391,9310,615,9925,105
2021-03-22,Fresno,019,978130,99231,98276,8076,106352,1556
2021-03-22,Glenn,021,27897,2328,2291,517,2808,17
2021-03-22,Humboldt,023,135768,3427,3403,24,3427,34
2021-03-22,Imperial,025,180216,27520,27302,2524,29826,699
2021-03-22,Inyo,027,18085,1368,1363,9,1372,35
2021-03-22,Kern,029,883053,95074,93675,10123,103798,1178
2021-03-22,Kings,031,150075,22713,22433,1001,23434,236
2021-03-22,Lake,033,64148,3337,3290,8,3298,43
2021-03-22,Lassen,035,31185,5138,5129,99,5228,1
2021-03-22,Los Angeles,037,10098052,1186313,1176205,38978,1215183,22843
2021-03-22,Madera,039,155013,16042,15904,869,16773,210
2021-03-22,Marin,041,260295,13595,13501,187,13688,221
2021-03-22,Mariposa,043,17540,391,381,5,386,5
2021-03-22,Mendocino,045,87422,3741,3653,74,3727,45
2021-03-22,Merced,047,269075,29551,29468,962,30430,413
2021-03-22,Modoc,049,8938,346,342,118,460,3
2021-03-22,Mono,051,14174,1224,1263,17,1280,3
2021-03-22,Monterey,053,433212,42422,42161,1721,43882,335
2021-03-22,Napa,055,140530,9307,9288,30,9318,77
2021-03-22,Nevada,057,99092,4243,4174,170,4344,89
2021-03-22,Orange,059,3164182,250456,248517,10518,259035,4599
2021-03-22,Placer,061,380077,21375,20543,1198,21741,242
2021-03-22,Plumas,063,18699,666,652,10,662,4
2021-03-22,Riverside,065,2383286,288843,282242,13463,295705,4009
2021-03-22,Sacramento,067,1510023,97953,96385,1356,97741,1493
2021-03-22,San Benito,069,59416,5838,5844,89,5933,61
2021-03-22,San Bernardino,071,2135413,288575,284771,8646,293417,4107
2021-03-22,San Diego,073,3302833,269607,267913,13354,281267,3494
2021-03-22,San Francisco,075,870044,35039,35040,1159,36199,462
2021-03-22,San Joaquin,077,732212,69165,67815,2988,70803,1182
2021-03-22,San Luis Obispo,079,281455,20338,20000,608,20608,250
2021-03-22,San Mateo,081,765935,40473,40024,424,40448,348
2021-03-22,Santa Barbara,083,443738,33161,32756,1066,33822,437
2021-03-22,Santa Clara,085,1922200,113454,113575,626,114201,1845
2021-03-22,Santa Cruz,087,273765,15755,15077,783,15860,201
2021-03-22,Shasta,089,179085,11214,11218,1322,12540,150
2021-03-22,Sierra,091,2930,55,50,12,62,0
2021-03-22,Siskiyou,093,43540,1559,1487,248,1735,5
2021-03-22,Solano,095,438530,30625,30490,396,30886,171
2021-03-22,Sonoma,097,501317,28896,29010,248,29258,310
2021-03-22,Stanislaus,099,539301,52602,52083,5479,57562,677
2021-03-22,Sutter,101,95872,9044,9024,79,9103,104
2021-03-22,Tehama,103,63373,4740,4704,498,5202,45
2021-03-22,Trinity,105,12862,475,310,80,390,3
2021-03-22,Tulare,107,460477,49139,48074,8358,56432,807
2021-03-22,Tuolumne,109,53932,3904,3954,39,3993,57
2021-03-22,Ventura,111,848112,79570,78890,2820,81710,927
2021-03-22,Yolo,113,214977,13252,13243,166,13409,190
2021-03-22,Yuba,115,75493,5677,5627,92,5719,42
2021-03-21,Alameda,001,1643700,83131,82684,1738,84422,1187
2021-03-21,Alpine,003,1148,84,83,0,83,0
2021-03-21,Amador,005,37829,3530,3519,31,3550,44
2021-03-21,Butte,007,227075,11587,11208,1671,12879,185
2021-03-21,Calaveras,009,45235,1979,1962,11,1973,49
2021-03-21,Colusa,011,21464,1885,1885,270,2155,13
2021-03-21,Contra Costa,013,1133247,65193,64382,1102,65484,740
2021-03-21,Del Norte,015,27424,1135,1076,7,1083,6
2021-03-21,El Dorado,017,186661,9381,9302,610,9912,105
2021-03-21,Fresno,019,978130,99117,98211,8053,106264,1556
2021-03-21,Glenn,021,27897,2325,2288,516,2804,17
2021-03-21,Humboldt,023,135768,3422,3402,24,3426,34
2021-03-21,Imperial,025,180216,27503,27267,2519,29786,699
2021-03-21,Inyo,027,18085,1368,1363,9,1372,35
2021-03-21,Kern,029,883053,95008,93649,10114,103763,1170
2021-03-21,Kings,031,150075,22696,22422,1001,23423,236
2021-03-21,Lake,033,64148,3333,3286,8,3294,43
2021-03-21,Lassen,035,31185,5138,5129,99,5228,1
2021-03-21,Los Angeles,037,10098052,1185777,1175684,38931,1214615,22834
2021-03-21,Madera,039,155013,16022,15895,867,16762,210
2021-03-21,Marin,041,260295,13579,13495,186,13681,220
2021-03-21,Mariposa,043,17540,391,381,5,386,5
2021-03-21,Mendocino,045,87422,3738,3651,74,3725,45
2021-03-21,Merced,047,269075,29491,29446,956,30402,413
2021-03-21,Modoc,049,8938,346,341,118,459,3
2021-03-21,Mono,051,14174,1219,1263,17,1280,3
2021-03-21,Monterey,053,433212,42397,42153,1718,43871,335
2021-03-21,Napa,055,140530,9286,9282,30,9312,77
2021-03-21,Nevada,057,99092,4230,4169,170,4339,89
2021-03-21,Orange,059,3164182,250323,248442,10491,258933,4598
2021-03-21,Placer,061,380077,21339,20520,1190,21710,242
2021-03-21,Plumas,063,18699,666,653,10,663,4
2021-03-21,Riverside,065,2383286,288735,282187,13452,295639,4009
2021-03-21,Sacramento,067,1510023,97759,96269,1349,97618,1489
2021-03-21,San Benito,069,59416,5832,5842,89,5931,61
2021-03-21,San Bernardino,071,2135413,288485,284732,8640,293372,4094
2021-03-21,San Diego,073,3302833,269347,267724,13328,281052,3494
2021-03-21,San Francisco,075,870044,34992,35012,1153,36165,460
2021-03-21,San Joaquin,077,732212,69043,67729,2970,70699,1182
2021-03-21,San Luis Obispo,079,281455,20306,19979,606,20585,250
2021-03-21,San Mateo,081,765935,40428,39988,423,40411,344
2021-03-21,Santa Barbara,083,443738,33122,32743,1065,33808,437
2021-03-21,Santa Clara,085,1922200,113325,113487,623,114110,1840
2021-03-21,Santa Cruz,087,273765,15748,15064,783,15847,199
2021-03-21,Shasta,089,179085,11194,11215,1321,12536,150
2021-03-21,Sierra,091,2930,55,50,12,62,0
2021-03-21,Siskiyou,093,43540,1559,1486,247,1733,5
2021-03-21,Solano,095,438530,30586,30474,393,30867,171
2021-03-21,Sonoma,097,501317,28867,28986,247,29233,310
2021-03-21,Stanislaus,099,539301,52512,52014,5477,57491,677
2021-03-21,Sutter,101,95872,9031,9021,79,9100,104
2021-03-21,Tehama,103,63373,4736,4701,498,5199,45
2021-03-21,Trinity,105,12862,473,310,80,390,3
2021-03-21,Tulare,107,460477,49123,48060,8346,56406,807
2021-03-21,Tuolumne,109,53932,3902,3953,39,3992,57
2021-03-21,Ventura,111,848112,79507,78863,2815,81678,927
2021-03-21,Yolo,113,214977,13230,13235,166,13401,190
2021-03-21,Yuba,115,75493,5667,5624,92,5716,42
2021-03-20,Alameda,001,1643700,83063,82614,1736,84350,1178
2021-03-20,Alpine,003,1148,84,83,0,83,0
2021-03-20,Amador,005,37829,3528,3518,31,3549,44
2021-03-20,Butte,007,227075,11581,11199,1669,12868,185
2021-03-20,Calaveras,009,45235,1975,1961,11,1972,49
2021-03-20,Colusa,011,21464,1885,1883,270,2153,12
2021-03-20,Contra Costa,013,1133247,65133,64313,1102,65415,713
2021-03-20,Del Norte,015,27424,1134,1075,7,1082,6
2021-03-20,El Dorado,017,186661,9375,9290,610,9900,105
2021-03-20,Fresno,019,978130,99057,98112,8046,106158,1532
2021-03-20,Glenn,021,27897,2324,2288,514,2802,17
2021-03-20,Humboldt,023,135768,3415,3399,24,3423,33
2021-03-20,Imperial,025,180216,27497,27239,2517,29756,695
2021-03-20,Inyo,027,18085,1368,1362,9,1371,35
2021-03-20,Kern,029,883053,94979,93606,10110,103716,1155
2021-03-20,Kings,031,150075,22691,22415,1000,23415,236
2021-03-20,Lake,033,64148,3329,3280,8,3288,43
2021-03-20,Lassen,035,31185,5138,5128,99,5227,1
2021-03-20,Los Angeles,037,10098052,1185478,1175290,38907,1214197,22810
2021-03-20,Madera,039,155013,16014,15891,866,16757,210
2021-03-20,Marin,041,260295,13567,13470,182,13652,220
2021-03-20,Mariposa,043,17540,390,381,5,386,5
2021-03-20,Mendocino,045,87422,3737,3639,74,3713,43
2021-03-20,Merced,047,269075,29460,29411,953,30364,412
2021-03-20,Modoc,049,8938,345,341,118,459,3
2021-03-20,Mono,051,14174,1219,1256,17,1273,3
2021-03-20,Monterey,053,433212,42388,42146,1717,43863,334
2021-03-20,Napa,055,140530,9278,9274,30,9304,77
2021-03-20,Nevada,057,99092,4219,4164,169,4333,89
2021-03-20,Orange,059,3164182,250242,248348,10481,258829,4522
2021-03-20,Placer,061,380077,21316,20505,1188,21693,242
2021-03-20,Plumas,063,18699,663,652,10,662,4
2021-03-20,Riverside,065,2383286,288660,282081,13448,295529,4000
2021-03-20,Sacramento,067,1510023,97648,96126,1346,97472,1488
2021-03-20,San Benito,069,59416,5828,5840,89,5929,61
2021-03-20,San Bernardino,071,2135413,288419,284690,8636,293326,3965
2021-03-20,San Diego,073,3302833,269176,267532,13321,280853,3493
2021-03-20,San Francisco,075,870044,34969,34968,1146,36114,453
2021-03-20,San Joaquin,077,732212,69002,67662,2963,70625,1161
2021-03-20,San Luis Obispo,079,281455,20290,19951,600,20551,250
2021-03-20,San Mateo,081,765935,40394,39958,422,40380,344
2021-03-20,Santa Barbara,083,443738,33097,32723,1064,33787,434
2021-03-20,Santa Clara,085,1922200,113233,113384,622,114006,1799
2021-03-20,Santa Cruz,087,273765,15732,15053,783,15836,199
2021-03-20,Shasta,089,179085,11188,11211,1321,12532,147
2021-03-20,Sierra,091,2930,55,50,12,62,0
2021-03-20,Siskiyou,093,43540,1559,1483,247,1730,5
2021-03-20,Solano,095,438530,30556,30439,393,30832,170
2021-03-20,Sonoma,097,501317,28852,28962,247,29209,309
2021-03-20,Stanislaus,099,539301,52456,51925,5470,57395,673
2021-03-20,Sutter,101,95872,9023,9014,79,9093,103
2021-03-20,Tehama,103,63373,4731,4696,496,5192,33
2021-03-20,Trinity,105,12862,472,310,80,390,3
2021-03-20,Tulare,107,460477,49108,48030,8329,56359,804
2021-03-20,Tuolumne,109,53932,3899,3950,39,3989,57
2021-03-20,Ventura,111,848112,79472,78818,2813,81631,922
2021-03-20,Yolo,113,214977,13226,13226,166,13392,190
2021-03-20,Yuba,115,75493,5664,5621,91,5712,42
2021-03-19,Alameda,001,1643700,82991,82499,1735,84234,1187
2021-03-19,Alpine,003,1148,83,82,0,82,0
2021-03-19,Amador,005,37829,3525,3515,31,3546,44
2021-03-19,Butte,007,227075,11573,11191,1666,12857,185
2021-03-19,Calaveras,009,45235,1974,1957,11,1968,49
2021-03-19,Colusa,011,21464,1884,1883,270,2153,12
2021-03-19,Contra Costa,013,1133247,65074,64195,1099,65294,737
2021-03-19,Del Norte,015,27424,1128,1071,5,1076,6
2021-03-19,El Dorado,017,186661,9366,9274,610,9884,105
2021-03-19,Fresno,019,978130,98973,97969,8033,106002,1527
2021-03-19,Glenn,021,27897,2324,2282,514,2796,17
2021-03-19,Humboldt,023,135768,3406,3388,24,3412,33
2021-03-19,Imperial,025,180216,27485,27218,2514,29732,695
2021-03-19,Inyo,027,18085,1366,1356,9,1365,35
2021-03-19,Kern,029,883053,94946,93534,10097,103631,1152
2021-03-19,Kings,031,150075,22682,22369,997,23366,235
2021-03-19,Lake,033,64148,3323,3262,8,3270,43
2021-03-19,Lassen,035,31185,5138,5126,99,5225,1
2021-03-19,Los Angeles,037,10098052,1185138,1174818,38890,1213708,22752
2021-03-19,Madera,039,155013,16007,15877,865,16742,210
2021-03-19,Marin,041,260295,13555,13441,182,13623,220
2021-03-19,Mariposa,043,17540,389,380,5,385,5
2021-03-19,Mendocino,045,87422,3736,3639,74,3713,45
2021-03-19,Merced,047,269075,29433,29376,951,30327,412
2021-03-19,Modoc,049,8938,345,341,118,459,3
2021-03-19,Mono,051,14174,1217,1244,17,1261,3
2021-03-19,Monterey,053,433212,42379,42125,1715,43840,335
2021-03-19,Napa,055,140530,9266,9256,30,9286,77
2021-03-19,Nevada,057,99092,4208,4156,169,4325,88
2021-03-19,Orange,059,3164182,250142,248146,10472,258618,4501
2021-03-19,Placer,061,380077,21298,20451,1186,21637,242
2021-03-19,Plumas,063,18699,663,650,10,660,4
2021-03-19,Riverside,065,2383286,288577,281937,13443,295380,3989
2021-03-19,Sacramento,067,1510023,97545,95934,1343,97277,1486
2021-03-19,San Benito,069,59416,5828,5845,89,5934,61
2021-03-19,San Bernardino,071,2135413,288348,284501,8634,293135,4017
2021-03-19,San Diego,073,3302833,269041,267173,13311,280484,3491
2021-03-19,San Francisco,075,870044,34924,34936,1143,36079,461
2021-03-19,San Joaquin,077,732212,68932,67515,2949,70464,1180
2021-03-19,San Luis Obispo,079,281455,20270,19913,598,20511,249
2021-03-19,San Mateo,081,765935,40370,39893,422,40315,344
2021-03-19,Santa Barbara,083,443738,33067,32685,1063,33748,435
2021-03-19,Santa Clara,085,1922200,113158,113232,621,113853,1797
2021-03-19,Santa Cruz,087,273765,15725,15026,783,15809,199
2021-03-19,Shasta,089,179085,11181,11104,1319,12423,103
2021-03-19,Sierra,091,2930,54,49,12,61,0
2021-03-19,Siskiyou,093,43540,1559,1480,246,1726,5
2021-03-19,Solano,095,438530,30526,30395,391,30786,172
2021-03-19,Sonoma,097,501317,28831,28932,245,29177,292
2021-03-19,Stanislaus,099,539301,52398,51755,5467,57222,679
2021-03-19,Sutter,101,95872,9021,9005,79,9084,103
2021-03-19,Tehama,103,63373,4724,4685,496,5181,33
2021-03-19,Trinity,105,12862,472,310,80,390,3
2021-03-19,Tulare,107,460477,49085,47989,8306,56295,805
2021-03-19,Tuolumne,109,53932,3896,3946,39,3985,57
2021-03-19,Ventura,111,848112,79439,78753,2809,81562,920
2021-03-19,Yolo,113,214977,13218,13197,166,13363,189
2021-03-19,Yuba,115,75493,5661,5615,90,5705,42
2021-03-18,Alameda,001,1643700,82910,82419,1732,84151,1189
2021-03-18,Alpine,003,1148,83,82,0,82,0
2021-03-18,Amador,005,37829,3521,3513,31,3544,44
2021-03-18,Butte,007,227075,11562,11179,1664,12843,185
2021-03-18,Calaveras,009,45235,1972,1954,11,1965,49
2021-03-18,Colusa,011,21464,1884,1882,270,2152,12
2021-03-18,Contra Costa,013,1133247,65001,64103,1096,65199,739
2021-03-18,Del Norte,015,27424,1119,1059,5,1064,6
2021-03-18,El Dorado,017,186661,9353,9261,609,9870,105
2021-03-18,Fresno,019,978130,98876,97856,8018,105874,1527
2021-03-18,Glenn,021,27897,2320,2275,513,2788,17
2021-03-18,Humboldt,023,135768,3398,3381,24,3405,34
2021-03-18,Imperial,025,180216,27470,27190,2509,29699,695
2021-03-18,Inyo,027,18085,1363,1354,9,1363,35
2021-03-18,Kern,029,883053,94889,93458,10083,103541,1158
2021-03-18,Kings,031,150075,22675,22354,996,23350,235
2021-03-18,Lake,033,64148,3320,3260,8,3268,43
2021-03-18,Lassen,035,31185,5137,5126,99,5225,1
2021-03-18,Los Angeles,037,10098052,1184705,1174205,38862,1213067,22689
2021-03-18,Madera,039,155013,15995,15860,862,16722,211
2021-03-18,Marin,041,260295,13537,13435,181,13616,219
2021-03-18,Mariposa,043,17540,387,380,5,385,5
2021-03-18,Mendocino,045,87422,3726,3630,74,3704,45
2021-03-18,Merced,047,269075,29398,29317,951,30268,410
2021-03-18,Modoc,049,8938,345,341,118,459,3
2021-03-18,Mono,051,14174,1213,1215,16,1231,3
2021-03-18,Monterey,053,433212,42367,42105,1715,43820,335
2021-03-18,Napa,055,140530,9257,9243,30,9273,77
2021-03-18,Nevada,057,99092,4201,4154,169,4323,74
2021-03-18,Orange,059,3164182,250039,248050,10460,258510,4514
2021-03-18,Placer,061,380077,21266,20421,1183,21604,243
2021-03-18,Plumas,063,18699,661,648,10,658,4
2021-03-18,Riverside,065,2383286,288496,281789,13436,295225,3957
2021-03-18,Sacramento,067,1510023,97397,95819,1339,97158,1481
2021-03-18,San Benito,069,59416,5826,5842,89,5931,61
2021-03-18,San Bernardino,071,2135413,288265,284294,8604,292898,4076
2021-03-18,San Diego,073,3302833,268888,266752,13301,280053,3478
2021-03-18,San Francisco,075,870044,34885,34904,1142,36046,461
2021-03-18,San Joaquin,077,732212,68832,67301,2937,70238,1169
2021-03-18,San Luis Obispo,079,281455,20241,19894,597,20491,249
2021-03-18,San Mateo,081,765935,40329,39874,422,40296,344
2021-03-18,Santa Barbara,083,443738,33026,32640,1063,33703,434
2021-03-18,Santa Clara,085,1922200,113041,113119,617,113736,1808
2021-03-18,Santa Cruz,087,273765,15715,14998,783,15781,198
2021-03-18,Shasta,089,179085,11167,11059,1317,12376,100
2021-03-18,Sierra,091,2930,54,49,12,61,0
2021-03-18,Siskiyou,093,43540,1556,1480,245,1725,5
2021-03-18,Solano,095,438530,30484,30352,388,30740,172
2021-03-18,Sonoma,097,501317,28810,28915,243,29158,292
2021-03-18,Stanislaus,099,539301,52326,51615,5463,57078,682
2021-03-18,Sutter,101,95872,9009,8999,79,9078,103
2021-03-18,Tehama,103,63373,4718,4683,495,5178,35
2021-03-18,Trinity,105,12862,472,310,80,390,3
2021-03-18,Tulare,107,460477,49066,47964,8291,56255,805
2021-03-18,Tuolumne,109,53932,3895,3942,39,3981,57
2021-03-18,Ventura,111,848112,79379,78697,2809,81506,918
2021-03-18,Yolo,113,214977,13205,13183,166,13349,191
2021-03-18,Yuba,115,75493,5657,5612,90,5702,42
2021-03-17,Alameda,001,1643700,82834,82353,1727,84080,1185
2021-03-17,Alpine,003,1148,83,82,0,82,0
2021-03-17,Amador,005,37829,3519,3511,31,3542,44
2021-03-17,Butte,007,227075,11553,11170,1662,12832,185
2021-03-17,Calaveras,009,45235,1969,1946,11,1957,49
2021-03-17,Colusa,011,21464,1883,1882,270,2152,12
2021-03-17,Contra Costa,013,1133247,64932,64026,1095,65121,737
2021-03-17,Del Norte,015,27424,1115,1053,5,1058,6
2021-03-17,El Dorado,017,186661,9343,9252,609,9861,105
2021-03-17,Fresno,019,978130,98765,97727,8000,105727,1507
2021-03-17,Glenn,021,27897,2313,2269,512,2781,17
2021-03-17,Humboldt,023,135768,3390,3365,24,3389,33
2021-03-17,Imperial,025,180216,27453,27168,2506,29674,691
2021-03-17,Inyo,027,18085,1361,1351,9,1360,35
2021-03-17,Kern,029,883053,94833,93392,10070,103462,1149
2021-03-17,Kings,031,150075,22659,22336,995,23331,233
2021-03-17,Lake,033,64148,3313,3251,8,3259,43
2021-03-17,Lassen,035,31185,5136,5125,99,5224,1
2021-03-17,Los Angeles,037,10098052,1184251,1173416,38829,1212245,22602
2021-03-17,Madera,039,155013,15988,15835,862,16697,214
2021-03-17,Marin,041,260295,13520,13428,180,13608,218
2021-03-17,Mariposa,043,17540,387,379,5,384,5
2021-03-17,Mendocino,045,87422,3722,3625,74,3699,44
2021-03-17,Merced,047,269075,29370,29250,947,30197,408
2021-03-17,Modoc,049,8938,345,341,118,459,3
2021-03-17,Mono,051,14174,1211,1212,16,1228,3
2021-03-17,Monterey,053,433212,42349,42061,1712,43773,334
2021-03-17,Napa,055,140530,9242,9219,30,9249,76
2021-03-17,Nevada,057,99092,4191,4145,169,4314,74
2021-03-17,Orange,059,3164182,249921,247943,10432,258375,4502
2021-03-17,Placer,061,380077,21238,20369,1182,21551,243
2021-03-17,Plumas,063,18699,660,645,10,655,4
2021-03-17,Riverside,065,2383286,288381,281649,13428,295077,3925
2021-03-17,Sacramento,067,1510023,97269,95650,1334,96984,1477
2021-03-17,San Benito,069,59416,5823,5841,89,5930,61
2021-03-17,San Bernardino,071,2135413,288148,284170,8599,292769,4049
2021-03-17,San Diego,073,3302833,268677,266313,13283,279596,3470
2021-03-17,San Francisco,075,870044,34850,34873,1141,36014,457
2021-03-17,San Joaquin,077,732212,68747,67093,2921,70014,1164
2021-03-17,San Luis Obispo,079,281455,20218,19858,593,20451,249
2021-03-17,San Mateo,081,765935,40299,39838,421,40259,344
2021-03-17,Santa Barbara,083,443738,33004,32585,1062,33647,433
2021-03-17,Santa Clara,085,1922200,112948,112983,616,113599,1805
2021-03-17,Santa Cruz,087,273765,15707,14967,783,15750,199
2021-03-17,Shasta,089,179085,11162,11045,1314,12359,100
2021-03-17,Sierra,091,2930,54,49,12,61,0
2021-03-17,Siskiyou,093,43540,1555,1479,244,1723,5
2021-03-17,Solano,095,438530,30458,30320,386,30706,171
2021-03-17,Sonoma,097,501317,28786,28877,242,29119,292
2021-03-17,Stanislaus,099,539301,52251,51524,5456,56980,682
2021-03-17,Sutter,101,95872,8999,8982,79,9061,103
2021-03-17,Tehama,103,63373,4713,4670,495,5165,34
2021-03-17,Trinity,105,12862,472,308,80,388,3
2021-03-17,Tulare,107,460477,49046,47929,8281,56210,805
2021-03-17,Tuolumne,109,53932,3892,3938,39,3977,57
2021-03-17,Ventura,111,848112,79323,78648,2806,81454,916
2021-03-17,Yolo,113,214977,13188,13169,166,13335,190
2021-03-17,Yuba,115,75493,5654,5603,90,5693,42
2021-03-16,Alameda,001,1643700,82723,82259,1725,83984,1177
2021-03-16,Alpine,003,1148,83,82,0,82,0
2021-03-16,Amador,005,37829,3517,3510,31,3541,44
2021-03-16,Butte,007,227075,11541,11154,1661,12815,184
2021-03-16,Calaveras,009,45235,1964,1945,11,1956,49
2021-03-16,Colusa,011,21464,1882,1882,270,2152,12
2021-03-16,Contra Costa,013,1133247,64849,63951,1092,65043,736
2021-03-16,Del Norte,015,27424,1107,1048,5,1053,6
2021-03-16,El Dorado,017,186661,9328,9249,609,9858,105
2021-03-16,Fresno,019,978130,98627,97638,7980,105618,1498
2021-03-16,Glenn,021,27897,2305,2267,508,2775,17
2021-03-16,Humboldt,023,135768,3386,3351,24,3375,33
2021-03-16,Imperial,025,180216,27442,27143,2503,29646,689
2021-03-16,Inyo,027,18085,1360,1346,9,1355,35
2021-03-16,Kern,029,883053,94767,93340,10055,103395,1144
2021-03-16,Kings,031,150075,22623,22320,994,23314,233
2021-03-16,Lake,033,64148,3305,3246,8,3254,43
2021-03-16,Lassen,035,31185,5135,5126,99,5225,1
2021-03-16,Los Angeles,037,10098052,1183718,1172676,38791,1211467,22527
2021-03-16,Madera,039,155013,15972,15822,860,16682,214
2021-03-16,Marin,041,260295,13502,13419,180,13599,218
2021-03-16,Mariposa,043,17540,384,379,5,384,5
2021-03-16,Mendocino,045,87422,3717,3623,74,3697,44
2021-03-16,Merced,047,269075,29317,29198,946,30144,407
2021-03-16,Modoc,049,8938,345,341,118,459,3
2021-03-16,Mono,051,14174,1210,1207,16,1223,3
2021-03-16,Monterey,053,433212,42330,42023,1712,43735,334
2021-03-16,Napa,055,140530,9232,9209,30,9239,75
2021-03-16,Nevada,057,99092,4182,4132,168,4300,67
2021-03-16,Orange,059,3164182,249782,247843,10413,258256,4479
2021-03-16,Placer,061,380077,21206,20339,1178,21517,240
2021-03-16,Plumas,063,18699,659,643,10,653,4
2021-03-16,Riverside,065,2383286,288267,281540,13416,294956,3893
2021-03-16,Sacramento,067,1510023,97126,95522,1330,96852,1466
2021-03-16,San Benito,069,59416,5818,5831,89,5920,61
2021-03-16,San Bernardino,071,2135413,288018,283980,8592,292572,4032
2021-03-16,San Diego,073,3302833,268445,265903,13270,279173,3462
2021-03-16,San Francisco,075,870044,34821,34833,1136,35969,456
2021-03-16,San Joaquin,077,732212,68645,66856,2909,69765,1163
2021-03-16,San Luis Obispo,079,281455,20188,19832,591,20423,248
2021-03-16,San Mateo,081,765935,40265,39806,419,40225,344
2021-03-16,Santa Barbara,083,443738,32972,32556,1061,33617,433
2021-03-16,Santa Clara,085,1922200,112830,112845,613,113458,1797
2021-03-16,Santa Cruz,087,273765,15701,14926,783,15709,199
2021-03-16,Shasta,089,179085,11146,11035,1312,12347,100
2021-03-16,Sierra,091,2930,53,49,12,61,0
2021-03-16,Siskiyou,093,43540,1552,1477,244,1721,5
2021-03-16,Solano,095,438530,30424,30298,384,30682,171
2021-03-16,Sonoma,097,501317,28753,28850,240,29090,291
2021-03-16,Stanislaus,099,539301,52171,51410,5449,56859,683
2021-03-16,Sutter,101,95872,8991,8970,79,9049,102
2021-03-16,Tehama,103,63373,4710,4660,494,5154,34
2021-03-16,Trinity,105,12862,472,308,79,387,3
2021-03-16,Tulare,107,460477,48998,47895,8273,56168,803
2021-03-16,Tuolumne,109,53932,3889,3938,39,3977,57
2021-03-16,Ventura,111,848112,79257,78671,2799,81470,916
2021-03-16,Yolo,113,214977,13173,13162,166,13328,190
2021-03-16,Yuba,115,75493,5651,5596,89,5685,42
2021-03-15,Alameda,001,1643700,82634,82159,1725,83884,1167
2021-03-15,Alpine,003,1148,83,82,0,82,0
2021-03-15,Amador,005,37829,3516,3506,31,3537,44
2021-03-15,Butte,007,227075,11528,11141,1657,12798,185
2021-03-15,Calaveras,009,45235,1963,1941,11,1952,49
2021-03-15,Colusa,011,21464,1882,1883,270,2153,12
2021-03-15,Contra Costa,013,1133247,64787,63847,1091,64938,732
2021-03-15,Del Norte,015,27424,1104,1048,5,1053,6
2021-03-15,El Dorado,017,186661,9322,9235,609,9844,103
2021-03-15,Fresno,019,978130,98500,97520,7965,105485,1496
2021-03-15,Glenn,021,27897,2300,2261,505,2766,15
2021-03-15,Humboldt,023,135768,3380,3337,24,3361,32
2021-03-15,Imperial,025,180216,27422,27122,2500,29622,684
2021-03-15,Inyo,027,18085,1360,1346,9,1355,35
2021-03-15,Kern,029,883053,94707,93266,10048,103314,1141
2021-03-15,Kings,031,150075,22606,22294,988,23282,233
2021-03-15,Lake,033,64148,3293,3237,8,3245,43
2021-03-15,Lassen,035,31185,5135,5125,99,5224,1
2021-03-15,Los Angeles,037,10098052,1183147,1172445,38759,1211204,22477
2021-03-15,Madera,039,155013,15961,15806,858,16664,214
2021-03-15,Marin,041,260295,13496,13408,179,13587,218
2021-03-15,Mariposa,043,17540,384,376,5,381,5
2021-03-15,Mendocino,045,87422,3713,3615,74,3689,44
2021-03-15,Merced,047,269075,29279,29169,944,30113,407
2021-03-15,Modoc,049,8938,345,340,118,458,3
2021-03-15,Mono,051,14174,1209,1206,16,1222,3
2021-03-15,Monterey,053,433212,42301,42011,1709,43720,333
2021-03-15,Napa,055,140530,9221,9196,30,9226,75
2021-03-15,Nevada,057,99092,4177,4123,167,4290,66
2021-03-15,Orange,059,3164182,249669,247697,10394,258091,4481
2021-03-15,Placer,061,380077,21183,20308,1178,21486,238
2021-03-15,Plumas,063,18699,659,642,10,652,4
2021-03-15,Riverside,065,2383286,288115,281367,13406,294773,3856
2021-03-15,Sacramento,067,1510023,96973,95414,1324,96738,1463
2021-03-15,San Benito,069,59416,5815,5831,89,5920,61
2021-03-15,San Bernardino,071,2135413,287927,283815,8584,292399,4004
2021-03-15,San Diego,073,3302833,268196,265646,13254,278900,3452
2021-03-15,San Francisco,075,870044,34786,34820,1132,35952,456
2021-03-15,San Joaquin,077,732212,68542,66622,2897,69519,1140
2021-03-15,San Luis Obispo,079,281455,20157,19813,587,20400,247
2021-03-15,San Mateo,081,765935,40211,39765,419,40184,344
2021-03-15,Santa Barbara,083,443738,32949,32529,1058,33587,431
2021-03-15,Santa Clara,085,1922200,112729,112729,611,113340,1798
2021-03-15,Santa Cruz,087,273765,15695,14899,782,15681,200
2021-03-15,Shasta,089,179085,11130,11019,1307,12326,92
2021-03-15,Sierra,091,2930,53,49,12,61,0
2021-03-15,Siskiyou,093,43540,1552,1475,244,1719,5
2021-03-15,Solano,095,438530,30395,30258,383,30641,171
2021-03-15,Sonoma,097,501317,28735,28814,237,29051,285
2021-03-15,Stanislaus,099,539301,52092,51357,5442,56799,683
2021-03-15,Sutter,101,95872,8985,8962,79,9041,102
2021-03-15,Tehama,103,63373,4695,4650,493,5143,34
2021-03-15,Trinity,105,12862,472,308,79,387,3
2021-03-15,Tulare,107,460477,48968,47857,8258,56115,800
2021-03-15,Tuolumne,109,53932,3887,3937,38,3975,57
2021-03-15,Ventura,111,848112,79201,78626,2798,81424,910
2021-03-15,Yolo,113,214977,13154,13131,166,13297,190
2021-03-15,Yuba,115,75493,5646,5585,88,5673,42
2021-03-14,Alameda,001,1643700,82549,82116,1722,83838,1168
2021-03-14,Alpine,003,1148,83,82,0,82,0
2021-03-14,Amador,005,37829,3511,3504,31,3535,44
2021-03-14,Butte,007,227075,11515,11140,1653,12793,185
2021-03-14,Calaveras,009,45235,1959,1939,11,1950,49
2021-03-14,Colusa,011,21464,1882,1883,270,2153,12
2021-03-14,Contra Costa,013,1133247,64683,63808,1090,64898,731
2021-03-14,Del Norte,015,27424,1090,1048,5,1053,6
2021-03-14,El Dorado,017,186661,9312,9231,609,9840,103
2021-03-14,Fresno,019,978130,98392,97461,7947,105408,1496
2021-03-14,Glenn,021,27897,2295,2260,502,2762,15
2021-03-14,Humboldt,023,135768,3366,3335,24,3359,32
2021-03-14,Imperial,025,180216,27407,27122,2495,29617,685
2021-03-14,Inyo,027,18085,1356,1346,9,1355,35
2021-03-14,Kern,029,883053,94624,93252,10030,103282,1141
2021-03-14,Kings,031,150075,22587,22292,986,23278,232
2021-03-14,Lake,033,64148,3288,3237,8,3245,43
2021-03-14,Lassen,035,31185,5133,5125,99,5224,1
2021-03-14,Los Angeles,037,10098052,1182570,1172100,38729,1210829,22476
2021-03-14,Madera,039,155013,15936,15804,858,16662,214
2021-03-14,Marin,041,260295,13480,13405,177,13582,218
2021-03-14,Mariposa,043,17540,382,376,5,381,5
2021-03-14,Mendocino,045,87422,3708,3613,74,3687,44
2021-03-14,Merced,047,269075,29211,29149,940,30089,407
2021-03-14,Modoc,049,8938,345,340,118,458,3
2021-03-14,Mono,051,14174,1203,1206,16,1222,3
2021-03-14,Monterey,053,433212,42277,42007,1706,43713,333
2021-03-14,Napa,055,140530,9203,9194,30,9224,75
2021-03-14,Nevada,057,99092,4171,4122,165,4287,66
2021-03-14,Orange,059,3164182,249537,247656,10375,258031,4460
2021-03-14,Placer,061,380077,21148,20288,1170,21458,238
2021-03-14,Plumas,063,18699,657,642,10,652,4
2021-03-14,Riverside,065,2383286,287957,281332,13398,294730,3845
2021-03-14,Sacramento,067,1510023,96795,95343,1319,96662,1462
2021-03-14,San Benito,069,59416,5806,5829,89,5918,61
2021-03-14,San Bernardino,071,2135413,287804,283791,8573,292364,3996
2021-03-14,San Diego,073,3302833,267961,265468,13241,278709,3452
2021-03-14,San Francisco,075,870044,34747,34810,1129,35939,455
2021-03-14,San Joaquin,077,732212,68414,66563,2880,69443,1140
2021-03-14,San Luis Obispo,079,281455,20129,19806,585,20391,247
2021-03-14,San Mateo,081,765935,40172,39744,419,40163,342
2021-03-14,Santa Barbara,083,443738,32905,32514,1056,33570,431
2021-03-14,Santa Clara,085,1922200,112601,112648,610,113258,1796
2021-03-14,Santa Cruz,087,273765,15679,14887,780,15667,200
2021-03-14,Shasta,089,179085,11114,11019,1300,12319,92
2021-03-14,Sierra,091,2930,53,49,12,61,0
2021-03-14,Siskiyou,093,43540,1549,1473,244,1717,5
2021-03-14,Solano,095,438530,30363,30230,378,30608,171
2021-03-14,Sonoma,097,501317,28700,28798,233,29031,284
2021-03-14,Stanislaus,099,539301,51972,51306,5434,56740,690
2021-03-14,Sutter,101,95872,8969,8958,79,9037,102
2021-03-14,Tehama,103,63373,4688,4650,492,5142,34
2021-03-14,Trinity,105,12862,471,308,78,386,3
2021-03-14,Tulare,107,460477,48935,47845,8237,56082,800
2021-03-14,Tuolumne,109,53932,3885,3937,38,3975,57
2021-03-14,Ventura,111,848112,79153,78611,2792,81403,910
2021-03-14,Yolo,113,214977,13131,13128,163,13291,189
2021-03-14,Yuba,115,75493,5636,5583,88,5671,42
2021-03-13,Alameda,001,1643700,82489,82010,1722,83732,1168
2021-03-13,Alpine,003,1148,83,82,0,82,0
2021-03-13,Amador,005,37829,3508,3504,31,3535,44
2021-03-13,Butte,007,227075,11506,11131,1652,12783,185
2021-03-13,Calaveras,009,45235,1958,1939,11,1950,49
2021-03-13,Colusa,011,21464,1882,1882,270,2152,12
2021-03-13,Contra Costa,013,1133247,64622,63689,1090,64779,731
2021-03-13,Del Norte,015,27424,1086,1041,5,1046,6
2021-03-13,El Dorado,017,186661,9304,9221,609,9830,103
2021-03-13,Fresno,019,978130,98333,97324,7927,105251,1495
2021-03-13,Glenn,021,27897,2294,2260,501,2761,15
2021-03-13,Humboldt,023,135768,3359,3325,24,3349,32
2021-03-13,Imperial,025,180216,27401,27099,2491,29590,677
2021-03-13,Inyo,027,18085,1355,1344,9,1353,35
2021-03-13,Kern,029,883053,94585,93197,10024,103221,1140
2021-03-13,Kings,031,150075,22571,22265,985,23250,232
2021-03-13,Lake,033,64148,3281,3234,7,3241,43
2021-03-13,Lassen,035,31185,5133,5125,99,5224,1
2021-03-13,Los Angeles,037,10098052,1182252,1171505,38687,1210192,22451
2021-03-13,Madera,039,155013,15924,15780,858,16638,214
2021-03-13,Marin,041,260295,13474,13391,175,13566,218
2021-03-13,Mariposa,043,17540,381,376,5,381,5
2021-03-13,Mendocino,045,87422,3704,3611,74,3685,44
2021-03-13,Merced,047,269075,29180,29106,940,30046,406
2021-03-13,Modoc,049,8938,345,340,117,457,3
2021-03-13,Mono,051,14174,1203,1207,16,1223,3
2021-03-13,Monterey,053,433212,42267,41989,1704,43693,332
2021-03-13,Napa,055,140530,9197,9190,30,9220,75
2021-03-13,Nevada,057,99092,4164,4111,164,4275,66
2021-03-13,Orange,059,3164182,249456,247514,10359,257873,4423
2021-03-13,Placer,061,380077,21127,20238,1167,21405,239
2021-03-13,Plumas,063,18699,655,642,10,652,4
2021-03-13,Riverside,065,2383286,287865,281191,13390,294581,3848
2021-03-13,Sacramento,067,1510023,96708,95192,1317,96509,1461
2021-03-13,San Benito,069,59416,5803,5823,89,5912,61
2021-03-13,San Bernardino,071,2135413,287750,283727,8567,292294,3972
2021-03-13,San Diego,073,3302833,267806,265270,13227,278497,3444
2021-03-13,San Francisco,075,870044,34730,34784,1120,35904,455
2021-03-13,San Joaquin,077,732212,68358,66480,2858,69338,1141
2021-03-13,San Luis Obispo,079,281455,20111,19789,584,20373,247
2021-03-13,San Mateo,081,765935,40145,39689,418,40107,341
2021-03-13,Santa Barbara,083,443738,32880,32486,1055,33541,431
2021-03-13,Santa Clara,085,1922200,112516,112531,609,113140,1790
2021-03-13,Santa Cruz,087,273765,15672,14875,780,15655,199
2021-03-13,Shasta,089,179085,11106,11021,1297,12318,108
2021-03-13,Sierra,091,2930,52,49,12,61,0
2021-03-13,Siskiyou,093,43540,1547,1470,244,1714,5
2021-03-13,Solano,095,438530,30346,30198,378,30576,171
2021-03-13,Sonoma,097,501317,28680,28762,229,28991,285
2021-03-13,Stanislaus,099,539301,51921,51257,5430,56687,695
2021-03-13,Sutter,101,95872,8962,8948,79,9027,102
2021-03-13,Tehama,103,63373,4686,4647,492,5139,33
2021-03-13,Trinity,105,12862,471,306,78,384,3
2021-03-13,Tulare,107,460477,48909,47818,8229,56047,798
2021-03-13,Tuolumne,109,53932,3882,3937,38,3975,57
2021-03-13,Ventura,111,848112,79101,78693,2792,81485,906
2021-03-13,Yolo,113,214977,13122,13087,163,13250,189
2021-03-13,Yuba,115,75493,5635,5577,88,5665,42
2021-03-12,Alameda,001,1643700,82412,81898,1721,83619,1164
2021-03-12,Alpine,003,1148,83,82,0,82,0
2021-03-12,Amador,005,37829,3505,3503,31,3534,44
2021-03-12,Butte,007,227075,11496,11126,1650,12776,184
2021-03-12,Calaveras,009,45235,1958,1916,11,1927,49
2021-03-12,Colusa,011,21464,1882,1883,270,2153,12
2021-03-12,Contra Costa,013,1133247,64546,63583,1090,64673,728
2021-03-12,Del Norte,015,27424,1080,1033,5,1038,6
2021-03-12,El Dorado,017,186661,9295,9219,609,9828,103
2021-03-12,Fresno,019,978130,98236,97185,7916,105101,1489
2021-03-12,Glenn,021,27897,2293,2258,500,2758,15
2021-03-12,Humboldt,023,135768,3354,3315,24,3339,32
2021-03-12,Imperial,025,180216,27390,27071,2489,29560,677
2021-03-12,Inyo,027,18085,1353,1339,9,1348,35
2021-03-12,Kern,029,883053,94551,93142,10008,103150,1132
2021-03-12,Kings,031,150075,22552,22233,985,23218,232
2021-03-12,Lake,033,64148,3275,3226,6,3232,43
2021-03-12,Lassen,035,31185,5133,5125,98,5223,1
2021-03-12,Los Angeles,037,10098052,1181857,1170860,38670,1209530,22409
2021-03-12,Madera,039,155013,15912,15761,855,16616,214
2021-03-12,Marin,041,260295,13467,13375,175,13550,218
2021-03-12,Mariposa,043,17540,379,376,5,381,5
2021-03-12,Mendocino,045,87422,3701,3605,74,3679,43
2021-03-12,Merced,047,269075,29149,29064,940,30004,403
2021-03-12,Modoc,049,8938,345,340,117,457,3
2021-03-12,Mono,051,14174,1202,1206,16,1222,3
2021-03-12,Monterey,053,433212,42253,41964,1699,43663,329
2021-03-12,Napa,055,140530,9188,9180,30,9210,75
2021-03-12,Nevada,057,99092,4154,4101,164,4265,66
2021-03-12,Orange,059,3164182,249364,247388,10348,257736,4401
2021-03-12,Placer,061,380077,21094,20210,1162,21372,239
2021-03-12,Plumas,063,18699,654,641,10,651,4
2021-03-12,Riverside,065,2383286,287766,281037,13383,294420,3854
2021-03-12,Sacramento,067,1510023,96584,95061,1311,96372,1460
2021-03-12,San Benito,069,59416,5800,5817,89,5906,61
2021-03-12,San Bernardino,071,2135413,287694,283558,8562,292120,3917
2021-03-12,San Diego,073,3302833,267643,264886,13219,278105,3434
2021-03-12,San Francisco,075,870044,34709,34758,1117,35875,452
2021-03-12,San Joaquin,077,732212,68287,66482,2849,69331,1144
2021-03-12,San Luis Obispo,079,281455,20098,19769,582,20351,247
2021-03-12,San Mateo,081,765935,40109,39638,416,40054,341
2021-03-12,Santa Barbara,083,443738,32857,32457,1052,33509,429
2021-03-12,Santa Clara,085,1922200,112421,112396,608,113004,1766
2021-03-12,Santa Cruz,087,273765,15660,14846,778,15624,195
2021-03-12,Shasta,089,179085,11097,11143,1295,12438,153
2021-03-12,Sierra,091,2930,52,49,12,61,0
2021-03-12,Siskiyou,093,43540,1547,1468,243,1711,5
2021-03-12,Solano,095,438530,30327,30180,377,30557,171
2021-03-12,Sonoma,097,501317,28653,28714,229,28943,285
2021-03-12,Stanislaus,099,539301,51862,51146,5424,56570,701
2021-03-12,Sutter,101,95872,8956,8940,79,9019,101
2021-03-12,Tehama,103,63373,4682,4638,491,5129,33
2021-03-12,Trinity,105,12862,470,306,78,384,3
2021-03-12,Tulare,107,460477,48884,47772,8223,55995,798
2021-03-12,Tuolumne,109,53932,3881,3936,38,3974,57
2021-03-12,Ventura,111,848112,79055,78698,2788,81486,899
2021-03-12,Yolo,113,214977,13112,13061,156,13217,189
2021-03-12,Yuba,115,75493,5628,5563,87,5650,42
2021-03-11,Alameda,001,1643700,82321,81809,1716,83525,1164
2021-03-11,Alpine,003,1148,83,78,0,78,0
2021-03-11,Amador,005,37829,3504,3498,31,3529,42
2021-03-11,Butte,007,227075,11485,11110,1648,12758,185
2021-03-11,Calaveras,009,45235,1955,1915,11,1926,49
2021-03-11,Colusa,011,21464,1882,1883,270,2153,12
2021-03-11,Contra Costa,013,1133247,64473,63469,1088,64557,728
2021-03-11,Del Norte,015,27424,1075,1027,5,1032,6
2021-03-11,El Dorado,017,186661,9281,9211,609,9820,101
2021-03-11,Fresno,019,978130,98120,97026,7887,104913,1481
2021-03-11,Glenn,021,27897,2290,2255,500,2755,15
2021-03-11,Humboldt,023,135768,3337,3302,24,3326,32
2021-03-11,Imperial,025,180216,27383,27045,2486,29531,675
2021-03-11,Inyo,027,18085,1348,1335,9,1344,35
2021-03-11,Kern,029,883053,94495,93052,9969,103021,1121
2021-03-11,Kings,031,150075,22537,22183,982,23165,230
2021-03-11,Lake,033,64148,3271,3214,6,3220,42
2021-03-11,Lassen,035,31185,5132,5124,98,5222,1
2021-03-11,Los Angeles,037,10098052,1181324,1170111,38639,1208750,22316
2021-03-11,Madera,039,155013,15901,15725,853,16578,214
2021-03-11,Marin,041,260295,13455,13356,174,13530,217
2021-03-11,Mariposa,043,17540,379,376,5,381,5
2021-03-11,Mendocino,045,87422,3694,3604,74,3678,42
2021-03-11,Merced,047,269075,29101,29001,939,29940,401
2021-03-11,Modoc,049,8938,345,340,117,457,3
2021-03-11,Mono,051,14174,1201,1206,16,1222,3
2021-03-11,Monterey,053,433212,42230,41936,1693,43629,329
2021-03-11,Napa,055,140530,9175,9173,30,9203,75
2021-03-11,Nevada,057,99092,4142,4085,162,4247,66
2021-03-11,Orange,059,3164182,249226,247217,10331,257548,4373
2021-03-11,Placer,061,380077,21052,20178,1158,21336,239
2021-03-11,Plumas,063,18699,653,640,10,650,4
2021-03-11,Riverside,065,2383286,287595,280881,13370,294251,3842
2021-03-11,Sacramento,067,1510023,96443,94912,1308,96220,1455
2021-03-11,San Benito,069,59416,5797,5816,89,5905,61
2021-03-11,San Bernardino,071,2135413,287598,283312,8556,291868,3869
2021-03-11,San Diego,073,3302833,267478,264524,13203,277727,3422
2021-03-11,San Francisco,075,870044,34673,34722,1111,35833,452
2021-03-11,San Joaquin,077,732212,68175,66522,2841,69363,1157
2021-03-11,San Luis Obispo,079,281455,20073,19748,581,20329,247
2021-03-11,San Mateo,081,765935,40072,39590,415,40005,341
2021-03-11,Santa Barbara,083,443738,32829,32408,1047,33455,430
2021-03-11,Santa Clara,085,1922200,112292,112246,605,112851,1765
2021-03-11,Santa Cruz,087,273765,15648,14812,777,15589,193
2021-03-11,Shasta,089,179085,11087,11139,1290,12429,158
2021-03-11,Sierra,091,2930,52,48,12,60,0
2021-03-11,Siskiyou,093,43540,1544,1466,242,1708,5
2021-03-11,Solano,095,438530,30299,30138,376,30514,171
2021-03-11,Sonoma,097,501317,28624,28677,229,28906,285
2021-03-11,Stanislaus,099,539301,51777,51038,5416,56454,707
2021-03-11,Sutter,101,95872,8950,8933,79,9012,101
2021-03-11,Tehama,103,63373,4674,4632,491,5123,33
2021-03-11,Trinity,105,12862,469,304,77,381,3
2021-03-11,Tulare,107,460477,48847,47709,8212,55921,797
2021-03-11,Tuolumne,109,53932,3879,3934,38,3972,57
2021-03-11,Ventura,111,848112,79005,78697,2784,81481,889
2021-03-11,Yolo,113,214977,13094,13041,155,13196,190
2021-03-11,Yuba,115,75493,5624,5553,87,5640,42
2021-03-10,Alameda,001,1643700,82215,81701,1711,83412,1160
2021-03-10,Alpine,003,1148,82,78,0,78,0
2021-03-10,Amador,005,37829,3502,3496,31,3527,42
2021-03-10,Butte,007,227075,11475,11096,1648,12744,185
2021-03-10,Calaveras,009,45235,1949,1913,11,1924,48
2021-03-10,Colusa,011,21464,1882,1882,270,2152,12
2021-03-10,Contra Costa,013,1133247,64373,63372,1084,64456,725
2021-03-10,Del Norte,015,27424,1073,1020,5,1025,5
2021-03-10,El Dorado,017,186661,9268,9203,609,9812,100
2021-03-10,Fresno,019,978130,98013,96866,7871,104737,1471
2021-03-10,Glenn,021,27897,2287,2253,498,2751,15
2021-03-10,Humboldt,023,135768,3327,3296,23,3319,32
2021-03-10,Imperial,025,180216,27368,27051,2486,29537,675
2021-03-10,Inyo,027,18085,1348,1328,9,1337,35
2021-03-10,Kern,029,883053,94429,92965,9948,102913,1102
2021-03-10,Kings,031,150075,22518,22166,981,23147,226
2021-03-10,Lake,033,64148,3261,3207,6,3213,42
2021-03-10,Lassen,035,31185,5132,5120,98,5218,1
2021-03-10,Los Angeles,037,10098052,1180777,1169079,38614,1207693,22199
2021-03-10,Madera,039,155013,15880,15705,850,16555,212
2021-03-10,Marin,041,260295,13445,13348,173,13521,216
2021-03-10,Mariposa,043,17540,379,376,5,381,5
2021-03-10,Mendocino,045,87422,3689,3602,74,3676,42
2021-03-10,Merced,047,269075,29063,28927,936,29863,401
2021-03-10,Modoc,049,8938,344,338,117,455,3
2021-03-10,Mono,051,14174,1197,1204,16,1220,3
2021-03-10,Monterey,053,433212,42208,41920,1689,43609,329
2021-03-10,Napa,055,140530,9166,9165,30,9195,75
2021-03-10,Nevada,057,99092,4138,4074,162,4236,66
2021-03-10,Orange,059,3164182,249077,247075,10316,257391,4342
2021-03-10,Placer,061,380077,21018,20144,1152,21296,239
2021-03-10,Plumas,063,18699,652,639,10,649,4
2021-03-10,Riverside,065,2383286,287454,280708,13356,294064,3822
2021-03-10,Sacramento,067,1510023,96313,94796,1302,96098,1452
2021-03-10,San Benito,069,59416,5788,5811,89,5900,61
2021-03-10,San Bernardino,071,2135413,287505,283140,8550,291690,3841
2021-03-10,San Diego,073,3302833,267256,264094,13191,277285,3413
2021-03-10,San Francisco,075,870044,34638,34688,1103,35791,450
2021-03-10,San Joaquin,077,732212,68073,66483,2824,69307,1156
2021-03-10,San Luis Obispo,079,281455,20049,19710,577,20287,247
2021-03-10,San Mateo,081,765935,40048,39571,415,39986,338
2021-03-10,Santa Barbara,083,443738,32802,32356,1044,33400,429
2021-03-10,Santa Clara,085,1922200,112183,112103,601,112704,1759
2021-03-10,Santa Cruz,087,273765,15633,14790,776,15566,192
2021-03-10,Shasta,089,179085,11077,11125,1287,12412,155
2021-03-10,Sierra,091,2930,52,48,12,60,0
2021-03-10,Siskiyou,093,43540,1542,1458,242,1700,5
2021-03-10,Solano,095,438530,30269,30111,375,30486,170
2021-03-10,Sonoma,097,501317,28589,28638,228,28866,286
2021-03-10,Stanislaus,099,539301,51690,50968,5397,56365,706
2021-03-10,Sutter,101,95872,8939,8918,79,8997,101
2021-03-10,Tehama,103,63373,4663,4623,490,5113,33
2021-03-10,Trinity,105,12862,469,304,77,381,3
2021-03-10,Tulare,107,460477,48799,47659,8194,55853,793
2021-03-10,Tuolumne,109,53932,3878,3931,38,3969,57
2021-03-10,Ventura,111,848112,78928,78609,2782,81391,878
2021-03-10,Yolo,113,214977,13070,13021,155,13176,189
2021-03-10,Yuba,115,75493,5611,5545,86,5631,42
2021-03-09,Alameda,001,1643700,82128,81618,1711,83329,1151
2021-03-09,Alpine,003,1148,82,78,0,78,0
2021-03-09,Amador,005,37829,3500,3494,31,3525,42
2021-03-09,Butte,007,227075,11462,11092,1647,12739,185
2021-03-09,Calaveras,009,45235,1947,1913,11,1924,48
2021-03-09,Colusa,011,21464,1882,1880,270,2150,11
2021-03-09,Contra Costa,013,1133247,64283,63314,1082,64396,723
2021-03-09,Del Norte,015,27424,1065,1017,5,1022,5
2021-03-09,El Dorado,017,186661,9260,9198,609,9807,98
2021-03-09,Fresno,019,978130,97894,96744,7845,104589,1463
2021-03-09,Glenn,021,27897,2283,2251,496,2747,15
2021-03-09,Humboldt,023,135768,3315,3288,22,3310,32
2021-03-09,Imperial,025,180216,27358,27045,2482,29527,675
2021-03-09,Inyo,027,18085,1346,1324,9,1333,35
2021-03-09,Kern,029,883053,94350,92924,9930,102854,1088
2021-03-09,Kings,031,150075,22493,22143,979,23122,226
2021-03-09,Lake,033,64148,3255,3202,6,3208,42
2021-03-09,Lassen,035,31185,5132,5120,98,5218,1
2021-03-09,Los Angeles,037,10098052,1180180,1167967,38581,1206548,22080
2021-03-09,Madera,039,155013,15869,15701,848,16549,211
2021-03-09,Marin,041,260295,13427,13335,171,13506,214
2021-03-09,Mariposa,043,17540,379,376,5,381,5
2021-03-09,Mendocino,045,87422,3685,3595,74,3669,42
2021-03-09,Merced,047,269075,29003,28876,933,29809,399
2021-03-09,Modoc,049,8938,344,338,116,454,3
2021-03-09,Mono,051,14174,1196,1203,16,1219,3
2021-03-09,Monterey,053,433212,42189,41894,1681,43575,329
2021-03-09,Napa,055,140530,9152,9155,30,9185,75
2021-03-09,Nevada,057,99092,4130,4062,162,4224,66
2021-03-09,Orange,059,3164182,248935,246989,10297,257286,4310
2021-03-09,Placer,061,380077,20976,20122,1147,21269,239
2021-03-09,Plumas,063,18699,649,639,10,649,4
2021-03-09,Riverside,065,2383286,287321,280562,13352,293914,3821
2021-03-09,Sacramento,067,1510023,96146,94720,1296,96016,1442
2021-03-09,San Benito,069,59416,5784,5800,89,5889,61
2021-03-09,San Bernardino,071,2135413,287390,282971,8544,291515,3823
2021-03-09,San Diego,073,3302833,267024,263745,13170,276915,3405
2021-03-09,San Francisco,075,870044,34607,34654,1099,35753,450
2021-03-09,San Joaquin,077,732212,67946,66383,2814,69197,1150
2021-03-09,San Luis Obispo,079,281455,20032,19672,570,20242,245
2021-03-09,San Mateo,081,765935,40000,39535,413,39948,336
2021-03-09,Santa Barbara,083,443738,32761,32314,1042,33356,428
2021-03-09,Santa Clara,085,1922200,112072,111963,596,112559,1756
2021-03-09,Santa Cruz,087,273765,15611,14764,775,15539,188
2021-03-09,Shasta,089,179085,11070,11113,1282,12395,155
2021-03-09,Sierra,091,2930,52,48,12,60,0
2021-03-09,Siskiyou,093,43540,1538,1447,240,1687,5
2021-03-09,Solano,095,438530,30233,30090,373,30463,169
2021-03-09,Sonoma,097,501317,28539,28601,225,28826,284
2021-03-09,Stanislaus,099,539301,51592,50884,5388,56272,703
2021-03-09,Sutter,101,95872,8926,8914,79,8993,101
2021-03-09,Tehama,103,63373,4658,4620,490,5110,33
2021-03-09,Trinity,105,12862,469,304,77,381,3
2021-03-09,Tulare,107,460477,48772,47637,8175,55812,792
2021-03-09,Tuolumne,109,53932,3876,3929,38,3967,56
2021-03-09,Ventura,111,848112,78865,78526,2780,81306,863
2021-03-09,Yolo,113,214977,13058,13015,153,13168,189
2021-03-09,Yuba,115,75493,5604,5539,86,5625,42
2021-03-08,Alameda,001,1643700,82017,81543,1710,83253,1142
2021-03-08,Alpine,003,1148,82,78,0,78,0
2021-03-08,Amador,005,37829,3497,3490,31,3521,42
2021-03-08,Butte,007,227075,11449,11082,1646,12728,185
2021-03-08,Calaveras,009,45235,1943,1909,11,1920,48
2021-03-08,Colusa,011,21464,1882,1877,270,2147,11
2021-03-08,Contra Costa,013,1133247,64187,63240,1082,64322,719
2021-03-08,Del Norte,015,27424,1060,1012,5,1017,5
2021-03-08,El Dorado,017,186661,9257,9188,608,9796,97
2021-03-08,Fresno,019,978130,97796,96665,7824,104489,1442
2021-03-08,Glenn,021,27897,2282,2249,496,2745,15
2021-03-08,Humboldt,023,135768,3301,3278,22,3300,31
2021-03-08,Imperial,025,180216,27350,27033,2479,29512,663
2021-03-08,Inyo,027,18085,1344,1320,9,1329,35
2021-03-08,Kern,029,883053,94284,92857,9910,102767,1087
2021-03-08,Kings,031,150075,22472,22130,977,23107,226
2021-03-08,Lake,033,64148,3243,3195,6,3201,42
2021-03-08,Lassen,035,31185,5132,5119,98,5217,1
2021-03-08,Los Angeles,037,10098052,1179560,1163409,38549,1201958,21868
2021-03-08,Madera,039,155013,15859,15691,846,16537,211
2021-03-08,Marin,041,260295,13407,13328,169,13497,214
2021-03-08,Mariposa,043,17540,379,376,5,381,5
2021-03-08,Mendocino,045,87422,3683,3590,73,3663,42
2021-03-08,Merced,047,269075,28943,28841,932,29773,398
2021-03-08,Modoc,049,8938,344,338,116,454,3
2021-03-08,Mono,051,14174,1195,1200,16,1216,3
2021-03-08,Monterey,053,433212,42168,41863,1680,43543,328
2021-03-08,Napa,055,140530,9149,9146,30,9176,75
2021-03-08,Nevada,057,99092,4122,4059,162,4221,66
2021-03-08,Orange,059,3164182,248762,246900,10266,257166,4243
2021-03-08,Placer,061,380077,20941,20102,1136,21238,239
2021-03-08,Plumas,063,18699,648,635,10,645,4
2021-03-08,Riverside,065,2383286,287169,280463,13342,293805,3783
2021-03-08,Sacramento,067,1510023,95977,94654,1291,95945,1438
2021-03-08,San Benito,069,59416,5781,5797,89,5886,61
2021-03-08,San Bernardino,071,2135413,287279,282894,8537,291431,3811
2021-03-08,San Diego,073,3302833,266783,263272,13155,276427,3390
2021-03-08,San Francisco,075,870044,34581,34634,1095,35729,446
2021-03-08,San Joaquin,077,732212,67830,66307,2805,69112,1139
2021-03-08,San Luis Obispo,079,281455,19989,19656,567,20223,245
2021-03-08,San Mateo,081,765935,39951,39492,411,39903,335
2021-03-08,Santa Barbara,083,443738,32729,32293,1042,33335,427
2021-03-08,Santa Clara,085,1922200,111944,111882,594,112476,1756
2021-03-08,Santa Cruz,087,273765,15591,14729,775,15504,188
2021-03-08,Shasta,089,179085,11062,11088,1277,12365,155
2021-03-08,Sierra,091,2930,52,48,12,60,0
2021-03-08,Siskiyou,093,43540,1537,1440,240,1680,5
2021-03-08,Solano,095,438530,30193,30068,371,30439,169
2021-03-08,Sonoma,097,501317,28495,28571,224,28795,284
2021-03-08,Stanislaus,099,539301,51513,50825,5383,56208,690
2021-03-08,Sutter,101,95872,8923,8905,79,8984,100
2021-03-08,Tehama,103,63373,4654,4615,490,5105,33
2021-03-08,Trinity,105,12862,468,302,77,379,3
2021-03-08,Tulare,107,460477,48731,47587,8150,55737,791
2021-03-08,Tuolumne,109,53932,3875,3921,38,3959,56
2021-03-08,Ventura,111,848112,78792,78526,2772,81298,852
2021-03-08,Yolo,113,214977,13035,13000,153,13153,189
2021-03-08,Yuba,115,75493,5594,5530,86,5616,42
2021-03-07,Alameda,001,1643700,81897,81413,1709,83122,1145
2021-03-07,Alpine,003,1148,82,78,0,78,0
2021-03-07,Amador,005,37829,3494,3489,31,3520,42
2021-03-07,Butte,007,227075,11433,11075,1645,12720,185
2021-03-07,Calaveras,009,45235,1939,1906,11,1917,48
2021-03-07,Colusa,011,21464,1882,1876,270,2146,11
2021-03-07,Contra Costa,013,1133247,64088,63148,1080,64228,719
2021-03-07,Del Norte,015,27424,1055,1010,5,1015,5
2021-03-07,El Dorado,017,186661,9254,9184,607,9791,97
2021-03-07,Fresno,019,978130,97618,96549,7802,104351,1442
2021-03-07,Glenn,021,27897,2280,2244,496,2740,15
2021-03-07,Humboldt,023,135768,3291,3274,22,3296,31
2021-03-07,Imperial,025,180216,27341,27019,2477,29496,658
2021-03-07,Inyo,027,18085,1341,1320,9,1329,35
2021-03-07,Kern,029,883053,94197,92746,9880,102626,1086
2021-03-07,Kings,031,150075,22450,22103,977,23080,224
2021-03-07,Lake,033,64148,3237,3192,6,3198,42
2021-03-07,Lassen,035,31185,5131,5119,98,5217,1
2021-03-07,Los Angeles,037,10098052,1178833,1162749,38515,1201264,21857
2021-03-07,Madera,039,155013,15840,15675,846,16521,211
2021-03-07,Marin,041,260295,13399,13313,167,13480,214
2021-03-07,Mariposa,043,17540,378,376,5,381,5
2021-03-07,Mendocino,045,87422,3679,3581,73,3654,42
2021-03-07,Merced,047,269075,28869,28829,928,29757,399
2021-03-07,Modoc,049,8938,344,338,116,454,3
2021-03-07,Mono,051,14174,1193,1199,16,1215,3
2021-03-07,Monterey,053,433212,42147,41858,1677,43535,328
2021-03-07,Napa,055,140530,9139,9137,30,9167,75
2021-03-07,Nevada,057,99092,4108,4052,161,4213,66
2021-03-07,Orange,059,3164182,248570,246771,10239,257010,4218
2021-03-07,Placer,061,380077,20900,20070,1132,21202,239
2021-03-07,Plumas,063,18699,647,635,10,645,4
2021-03-07,Riverside,065,2383286,287021,280379,13333,293712,3779
2021-03-07,Sacramento,067,1510023,95800,94513,1285,95798,1437
2021-03-07,San Benito,069,59416,5774,5795,89,5884,61
2021-03-07,San Bernardino,071,2135413,287128,282860,8532,291392,3810
2021-03-07,San Diego,073,3302833,266501,262965,13131,276096,3390
2021-03-07,San Francisco,075,870044,34547,34594,1090,35684,445
2021-03-07,San Joaquin,077,732212,67694,66252,2792,69044,1139
2021-03-07,San Luis Obispo,079,281455,19952,19614,565,20179,245
2021-03-07,San Mateo,081,765935,39911,39436,408,39844,329
2021-03-07,Santa Barbara,083,443738,32683,32218,1041,33259,425
2021-03-07,Santa Clara,085,1922200,111799,111745,590,112335,1752
2021-03-07,Santa Cruz,087,273765,15569,14715,774,15489,189
2021-03-07,Shasta,089,179085,11049,11083,1269,12352,156
2021-03-07,Sierra,091,2930,51,48,12,60,0
2021-03-07,Siskiyou,093,43540,1536,1435,236,1671,5
2021-03-07,Solano,095,438530,30156,30027,371,30398,169
2021-03-07,Sonoma,097,501317,28446,28533,222,28755,284
2021-03-07,Stanislaus,099,539301,51381,50783,5367,56150,699
2021-03-07,Sutter,101,95872,8913,8900,79,8979,100
2021-03-07,Tehama,103,63373,4647,4614,489,5103,33
2021-03-07,Trinity,105,12862,468,302,77,379,3
2021-03-07,Tulare,107,460477,48672,47569,8119,55688,790
2021-03-07,Tuolumne,109,53932,3874,3922,37,3959,56
2021-03-07,Ventura,111,848112,78700,78487,2770,81257,851
2021-03-07,Yolo,113,214977,13016,12988,153,13141,189
2021-03-07,Yuba,115,75493,5589,5516,86,5602,42
2021-03-06,Alameda,001,1643700,81840,81310,1708,83018,1143
2021-03-06,Alpine,003,1148,82,78,0,78,0
2021-03-06,Amador,005,37829,3490,3487,31,3518,42
2021-03-06,Butte,007,227075,11428,11065,1644,12709,185
2021-03-06,Calaveras,009,45235,1935,1904,11,1915,48
2021-03-06,Colusa,011,21464,1880,1874,270,2144,11
2021-03-06,Contra Costa,013,1133247,64026,63040,1076,64116,719
2021-03-06,Del Norte,015,27424,1050,1000,5,1005,5
2021-03-06,El Dorado,017,186661,9250,9166,607,9773,97
2021-03-06,Fresno,019,978130,97523,96366,7791,104157,1440
2021-03-06,Glenn,021,27897,2280,2241,496,2737,15
2021-03-06,Humboldt,023,135768,3281,3260,22,3282,31
2021-03-06,Imperial,025,180216,27336,27009,2472,29481,658
2021-03-06,Inyo,027,18085,1338,1312,9,1321,35
2021-03-06,Kern,029,883053,94151,92684,9860,102544,1082
2021-03-06,Kings,031,150075,22435,22094,977,23071,224
2021-03-06,Lake,033,64148,3235,3189,6,3195,42
2021-03-06,Lassen,035,31185,5131,5119,98,5217,1
2021-03-06,Los Angeles,037,10098052,1178393,1161745,38487,1200232,21843
2021-03-06,Madera,039,155013,15831,15646,845,16491,211
2021-03-06,Marin,041,260295,13390,13289,167,13456,213
2021-03-06,Mariposa,043,17540,378,376,5,381,5
2021-03-06,Mendocino,045,87422,3677,3579,73,3652,42
2021-03-06,Merced,047,269075,28826,28771,928,29699,399
2021-03-06,Modoc,049,8938,343,338,116,454,3
2021-03-06,Mono,051,14174,1192,1198,16,1214,3
2021-03-06,Monterey,053,433212,42142,41838,1674,43512,327
2021-03-06,Napa,055,140530,9131,9129,30,9159,75
2021-03-06,Nevada,057,99092,4102,4044,161,4205,66
2021-03-06,Orange,059,3164182,248479,246634,10225,256859,4165
2021-03-06,Placer,061,380077,20877,20030,1130,21160,239
2021-03-06,Plumas,063,18699,647,634,10,644,4
2021-03-06,Riverside,065,2383286,286927,280225,13325,293550,3781
2021-03-06,Sacramento,067,1510023,95712,94332,1276,95608,1436
2021-03-06,San Benito,069,59416,5769,5793,89,5882,61
2021-03-06,San Bernardino,071,2135413,287044,282737,8530,291267,3791
2021-03-06,San Diego,073,3302833,266314,262778,13114,275892,3385
2021-03-06,San Francisco,075,870044,34515,34560,1086,35646,435
2021-03-06,San Joaquin,077,732212,67620,66162,2782,68944,1138
2021-03-06,San Luis Obispo,079,281455,19932,19592,563,20155,245
2021-03-06,San Mateo,081,765935,39886,39384,408,39792,329
2021-03-06,Santa Barbara,083,443738,32653,32176,1041,33217,424
2021-03-06,Santa Clara,085,1922200,111704,111570,587,112157,1749
2021-03-06,Santa Cruz,087,273765,15558,14701,774,15475,188
2021-03-06,Shasta,089,179085,11040,11076,1267,12343,158
2021-03-06,Sierra,091,2930,51,48,12,60,0
2021-03-06,Siskiyou,093,43540,1534,1432,236,1668,5
2021-03-06,Solano,095,438530,30127,30000,370,30370,169
2021-03-06,Sonoma,097,501317,28423,28484,220,28704,284
2021-03-06,Stanislaus,099,539301,51311,50691,5361,56052,711
2021-03-06,Sutter,101,95872,8907,8887,79,8966,100
2021-03-06,Tehama,103,63373,4645,4610,486,5096,33
2021-03-06,Trinity,105,12862,468,302,77,379,3
2021-03-06,Tulare,107,460477,48640,47515,8091,55606,789
2021-03-06,Tuolumne,109,53932,3872,3920,37,3957,56
2021-03-06,Ventura,111,848112,78644,78439,2769,81208,848
2021-03-06,Yolo,113,214977,13010,12951,152,13103,189
2021-03-06,Yuba,115,75493,5580,5504,86,5590,42
2021-03-05,Alameda,001,1643700,81754,81215,1707,82922,1141
2021-03-05,Alpine,003,1148,82,78,0,78,0
2021-03-05,Amador,005,37829,3489,3484,31,3515,42
2021-03-05,Butte,007,227075,11417,11050,1643,12693,185
2021-03-05,Calaveras,009,45235,1932,1902,11,1913,48
2021-03-05,Colusa,011,21464,1880,1874,270,2144,11
2021-03-05,Contra Costa,013,1133247,63946,62886,1073,63959,711
2021-03-05,Del Norte,015,27424,1046,995,5,1000,5
2021-03-05,El Dorado,017,186661,9245,9150,606,9756,97
2021-03-05,Fresno,019,978130,97415,96184,7772,103956,1432
2021-03-05,Glenn,021,27897,2277,2241,495,2736,15
2021-03-05,Humboldt,023,135768,3274,3234,22,3256,31
2021-03-05,Imperial,025,180216,27326,26970,2463,29433,651
2021-03-05,Inyo,027,18085,1334,1309,9,1318,35
2021-03-05,Kern,029,883053,94110,92601,9847,102448,1076
2021-03-05,Kings,031,150075,22417,22063,976,23039,224
2021-03-05,Lake,033,64148,3233,3185,6,3191,42
2021-03-05,Lassen,035,31185,5131,5117,96,5213,1
2021-03-05,Los Angeles,037,10098052,1177902,1160688,38458,1199146,21745
2021-03-05,Madera,039,155013,15821,15624,843,16467,211
2021-03-05,Marin,041,260295,13378,13275,166,13441,215
2021-03-05,Mariposa,043,17540,378,375,5,380,4
2021-03-05,Mendocino,045,87422,3674,3577,73,3650,42
2021-03-05,Merced,047,269075,28793,28734,927,29661,399
2021-03-05,Modoc,049,8938,343,337,116,453,3
2021-03-05,Mono,051,14174,1191,1197,16,1213,3
2021-03-05,Monterey,053,433212,42129,41802,1674,43476,325
2021-03-05,Napa,055,140530,9123,9109,30,9139,75
2021-03-05,Nevada,057,99092,4099,4033,161,4194,66
2021-03-05,Orange,059,3164182,248366,246489,10212,256701,4108
2021-03-05,Placer,061,380077,20851,19973,1126,21099,239
2021-03-05,Plumas,063,18699,647,635,10,645,4
2021-03-05,Riverside,065,2383286,286816,280075,13320,293395,3781
2021-03-05,Sacramento,067,1510023,95616,94182,1269,95451,1430
2021-03-05,San Benito,069,59416,5766,5790,89,5879,61
2021-03-05,San Bernardino,071,2135413,286951,282640,8526,291166,3774
2021-03-05,San Diego,073,3302833,266081,262357,13097,275454,3371
2021-03-05,San Francisco,075,870044,34475,34526,1082,35608,430
2021-03-05,San Joaquin,077,732212,67540,66041,2773,68814,1133
2021-03-05,San Luis Obispo,079,281455,19911,19557,561,20118,244
2021-03-05,San Mateo,081,765935,39854,39305,408,39713,326
2021-03-05,Santa Barbara,083,443738,32616,32139,1036,33175,424
2021-03-05,Santa Clara,085,1922200,111609,111384,587,111971,1745
2021-03-05,Santa Cruz,087,273765,15547,14694,774,15468,188
2021-03-05,Shasta,089,179085,11028,11062,1261,12323,148
2021-03-05,Sierra,091,2930,51,48,12,60,0
2021-03-05,Siskiyou,093,43540,1529,1429,235,1664,5
2021-03-05,Solano,095,438530,30110,29951,368,30319,168
2021-03-05,Sonoma,097,501317,28397,28417,220,28637,279
2021-03-05,Stanislaus,099,539301,51260,50606,5351,55957,721
2021-03-05,Sutter,101,95872,8900,8876,79,8955,100
2021-03-05,Tehama,103,63373,4636,4606,486,5092,33
2021-03-05,Trinity,105,12862,468,302,77,379,3
2021-03-05,Tulare,107,460477,48611,47469,8072,55541,789
2021-03-05,Tuolumne,109,53932,3870,3917,37,3954,56
2021-03-05,Ventura,111,848112,78577,78368,2768,81136,839
2021-03-05,Yolo,113,214977,12998,12920,151,13071,188
2021-03-05,Yuba,115,75493,5568,5496,86,5582,42
2021-03-04,Alameda,001,1643700,81645,81115,1706,82821,1136
2021-03-04,Alpine,003,1148,82,78,0,78,0
2021-03-04,Amador,005,37829,3488,3480,31,3511,42
2021-03-04,Butte,007,227075,11410,11033,1642,12675,185
2021-03-04,Calaveras,009,45235,1931,1896,11,1907,48
2021-03-04,Colusa,011,21464,1878,1873,265,2138,11
2021-03-04,Contra Costa,013,1133247,63846,62789,1071,63860,708
2021-03-04,Del Norte,015,27424,1038,989,5,994,5
2021-03-04,El Dorado,017,186661,9230,9133,606,9739,97
2021-03-04,Fresno,019,978130,97251,96023,7753,103776,1422
2021-03-04,Glenn,021,27897,2270,2236,494,2730,15
2021-03-04,Humboldt,023,135768,3260,3212,22,3234,31
2021-03-04,Imperial,025,180216,27313,26946,2460,29406,646
2021-03-04,Inyo,027,18085,1331,1300,9,1309,35
2021-03-04,Kern,029,883053,94021,92525,9828,102353,1070
2021-03-04,Kings,031,150075,22391,22025,973,22998,224
2021-03-04,Lake,033,64148,3225,3181,6,3187,42
2021-03-04,Lassen,035,31185,5131,5116,96,5212,1
2021-03-04,Los Angeles,037,10098052,1177290,1159405,38408,1197813,21610
2021-03-04,Madera,039,155013,15786,15596,840,16436,208
2021-03-04,Marin,041,260295,13362,13240,163,13403,215
2021-03-04,Mariposa,043,17540,378,376,5,381,4
2021-03-04,Mendocino,045,87422,3671,3569,73,3642,42
2021-03-04,Merced,047,269075,28742,28671,925,29596,396
2021-03-04,Modoc,049,8938,342,336,116,452,3
2021-03-04,Mono,051,14174,1191,1197,16,1213,3
2021-03-04,Monterey,053,433212,42109,41771,1672,43443,325
2021-03-04,Napa,055,140530,9115,9094,30,9124,74
2021-03-04,Nevada,057,99092,4089,4020,161,4181,66
2021-03-04,Orange,059,3164182,248209,246354,10195,256549,4096
2021-03-04,Placer,061,380077,20819,19900,1120,21020,239
2021-03-04,Plumas,063,18699,647,634,10,644,4
2021-03-04,Riverside,065,2383286,286686,279871,13307,293178,3766
2021-03-04,Sacramento,067,1510023,95481,93982,1266,95248,1426
2021-03-04,San Benito,069,59416,5766,5781,89,5870,61
2021-03-04,San Bernardino,071,2135413,286820,282407,8522,290929,3757
2021-03-04,San Diego,073,3302833,265820,261858,13053,274911,3359
2021-03-04,San Francisco,075,870044,34440,34480,1079,35559,426
2021-03-04,San Joaquin,077,732212,67446,65931,2764,68695,1129
2021-03-04,San Luis Obispo,079,281455,19874,19520,559,20079,243
2021-03-04,San Mateo,081,765935,39810,39225,407,39632,322
2021-03-04,Santa Barbara,083,443738,32579,32090,1035,33125,423
2021-03-04,Santa Clara,085,1922200,111475,111194,585,111779,1723
2021-03-04,Santa Cruz,087,273765,15528,14669,774,15443,186
2021-03-04,Shasta,089,179085,11025,11050,1252,12302,150
2021-03-04,Sierra,091,2930,51,48,12,60,0
2021-03-04,Siskiyou,093,43540,1522,1427,235,1662,5
2021-03-04,Solano,095,438530,30083,29905,367,30272,168
2021-03-04,Sonoma,097,501317,28342,28379,219,28598,279
2021-03-04,Stanislaus,099,539301,51173,50521,5343,55864,731
2021-03-04,Sutter,101,95872,8888,8849,79,8928,100
2021-03-04,Tehama,103,63373,4628,4604,486,5090,33
2021-03-04,Trinity,105,12862,468,302,77,379,3
2021-03-04,Tulare,107,460477,48566,47398,8047,55445,784
2021-03-04,Tuolumne,109,53932,3864,3916,37,3953,56
2021-03-04,Ventura,111,848112,78487,78184,2765,80949,831
2021-03-04,Yolo,113,214977,12978,12895,151,13046,189
2021-03-04,Yuba,115,75493,5556,5483,86,5569,41
2021-03-03,Alameda,001,1643700,81525,80972,1705,82677,1127
2021-03-03,Alpine,003,1148,82,77,0,77,0
2021-03-03,Amador,005,37829,3486,3478,30,3508,42
2021-03-03,Butte,007,227075,11402,11014,1641,12655,184
2021-03-03,Calaveras,009,45235,1930,1893,11,1904,48
2021-03-03,Colusa,011,21464,1877,1873,265,2138,11
2021-03-03,Contra Costa,013,1133247,63748,62668,1068,63736,708
2021-03-03,Del Norte,015,27424,1035,988,5,993,5
2021-03-03,El Dorado,017,186661,9220,9121,606,9727,97
2021-03-03,Fresno,019,978130,97107,95893,7736,103629,1415
2021-03-03,Glenn,021,27897,2270,2233,494,2727,15
2021-03-03,Humboldt,023,135768,3249,3196,22,3218,30
2021-03-03,Imperial,025,180216,27297,26939,2456,29395,640
2021-03-03,Inyo,027,18085,1323,1294,9,1303,35
2021-03-03,Kern,029,883053,93945,92434,9811,102245,1063
2021-03-03,Kings,031,150075,22375,22009,972,22981,223
2021-03-03,Lake,033,64148,3218,3175,6,3181,40
2021-03-03,Lassen,035,31185,5131,5115,96,5211,1
2021-03-03,Los Angeles,037,10098052,1176651,1157911,38369,1196280,21500
2021-03-03,Madera,039,155013,15767,15553,834,16387,203
2021-03-03,Marin,041,260295,13348,13216,163,13379,214
2021-03-03,Mariposa,043,17540,377,376,5,381,4
2021-03-03,Mendocino,045,87422,3663,3564,73,3637,42
2021-03-03,Merced,047,269075,28690,28625,925,29550,393
2021-03-03,Modoc,049,8938,342,333,115,448,3
2021-03-03,Mono,051,14174,1191,1191,16,1207,3
2021-03-03,Monterey,053,433212,42077,41731,1669,43400,325
2021-03-03,Napa,055,140530,9107,9090,30,9120,72
2021-03-03,Nevada,057,99092,4079,4009,161,4170,66
2021-03-03,Orange,059,3164182,248064,246120,10181,256301,4072
2021-03-03,Placer,061,380077,20793,19851,1117,20968,239
2021-03-03,Plumas,063,18699,646,631,10,641,4
2021-03-03,Riverside,065,2383286,286553,279626,13301,292927,3735
2021-03-03,Sacramento,067,1510023,95320,93819,1258,95077,1419
2021-03-03,San Benito,069,59416,5765,5774,89,5863,61
2021-03-03,San Bernardino,071,2135413,286679,282138,8516,290654,3664
2021-03-03,San Diego,073,3302833,265556,261350,13022,274372,3342
2021-03-03,San Francisco,075,870044,34408,34443,1076,35519,426
2021-03-03,San Joaquin,077,732212,67333,65855,2757,68612,1115
2021-03-03,San Luis Obispo,079,281455,19848,19479,556,20035,241
2021-03-03,San Mateo,081,765935,39764,39189,406,39595,319
2021-03-03,Santa Barbara,083,443738,32541,32027,1035,33062,421
2021-03-03,Santa Clara,085,1922200,111321,110991,583,111574,1720
2021-03-03,Santa Cruz,087,273765,15517,14645,774,15419,185
2021-03-03,Shasta,089,179085,11015,11023,1245,12268,150
2021-03-03,Sierra,091,2930,51,48,12,60,0
2021-03-03,Siskiyou,093,43540,1520,1424,235,1659,5
2021-03-03,Solano,095,438530,30047,29866,366,30232,167
2021-03-03,Sonoma,097,501317,28303,28307,218,28525,279
2021-03-03,Stanislaus,099,539301,51095,50438,5336,55774,730
2021-03-03,Sutter,101,95872,8880,8840,79,8919,99
2021-03-03,Tehama,103,63373,4626,4601,486,5087,32
2021-03-03,Trinity,105,12862,468,302,77,379,3
2021-03-03,Tulare,107,460477,48515,47348,8018,55366,778
2021-03-03,Tuolumne,109,53932,3862,3914,36,3950,56
2021-03-03,Ventura,111,848112,78403,78057,2760,80817,822
2021-03-03,Yolo,113,214977,12965,12890,151,13041,189
2021-03-03,Yuba,115,75493,5543,5479,86,5565,41
2021-03-02,Alameda,001,1643700,81403,80904,1703,82607,1116
2021-03-02,Alpine,003,1148,82,77,0,77,0
2021-03-02,Amador,005,37829,3484,3474,30,3504,42
2021-03-02,Butte,007,227075,11392,11007,1638,12645,182
2021-03-02,Calaveras,009,45235,1922,1890,11,1901,48
2021-03-02,Colusa,011,21464,1877,1872,264,2136,11
2021-03-02,Contra Costa,013,1133247,63637,62557,1064,63621,694
2021-03-02,Del Norte,015,27424,1028,983,5,988,5
2021-03-02,El Dorado,017,186661,9212,9116,606,9722,98
2021-03-02,Fresno,019,978130,96961,95785,7710,103495,1410
2021-03-02,Glenn,021,27897,2264,2232,493,2725,15
2021-03-02,Humboldt,023,135768,3230,3184,22,3206,30
2021-03-02,Imperial,025,180216,27287,26926,2454,29380,637
2021-03-02,Inyo,027,18085,1319,1292,9,1301,35
2021-03-02,Kern,029,883053,93839,92313,9784,102097,1046
2021-03-02,Kings,031,150075,22323,21999,969,22968,217
2021-03-02,Lake,033,64148,3212,3169,6,3175,40
2021-03-02,Lassen,035,31185,5126,5115,95,5210,1
2021-03-02,Los Angeles,037,10098052,1176014,1156826,38324,1195150,21395
2021-03-02,Madera,039,155013,15747,15523,831,16354,194
2021-03-02,Marin,041,260295,13325,13186,162,13348,214
2021-03-02,Mariposa,043,17540,377,376,5,381,4
2021-03-02,Mendocino,045,87422,3660,3562,72,3634,41
2021-03-02,Merced,047,269075,28633,28598,925,29523,389
2021-03-02,Modoc,049,8938,342,332,115,447,3
2021-03-02,Mono,051,14174,1190,1191,16,1207,3
2021-03-02,Monterey,053,433212,42050,41716,1669,43385,325
2021-03-02,Napa,055,140530,9096,9080,30,9110,71
2021-03-02,Nevada,057,99092,4070,3983,160,4143,66
2021-03-02,Orange,059,3164182,247919,246004,10163,256167,4037
2021-03-02,Placer,061,380077,20740,19828,1114,20942,239
2021-03-02,Plumas,063,18699,643,628,10,638,4
2021-03-02,Riverside,065,2383286,286381,279486,13293,292779,3721
2021-03-02,Sacramento,067,1510023,95153,93690,1257,94947,1411
2021-03-02,San Benito,069,59416,5758,5770,89,5859,60
2021-03-02,San Bernardino,071,2135413,286545,281919,8510,290429,3604
2021-03-02,San Diego,073,3302833,265312,260998,13000,273998,3317
2021-03-02,San Francisco,075,870044,34368,34387,1072,35459,424
2021-03-02,San Joaquin,077,732212,67225,65769,2740,68509,1111
2021-03-02,San Luis Obispo,079,281455,19816,19452,556,20008,241
2021-03-02,San Mateo,081,765935,39712,39148,405,39553,317
2021-03-02,Santa Barbara,083,443738,32492,31964,1031,32995,416
2021-03-02,Santa Clara,085,1922200,111142,110832,582,111414,1706
2021-03-02,Santa Cruz,087,273765,15503,14611,772,15383,185
2021-03-02,Shasta,089,179085,11001,11012,1234,12246,149
2021-03-02,Sierra,091,2930,51,48,12,60,0
2021-03-02,Siskiyou,093,43540,1516,1412,233,1645,5
2021-03-02,Solano,095,438530,30014,29827,364,30191,167
2021-03-02,Sonoma,097,501317,28248,28261,218,28479,279
2021-03-02,Stanislaus,099,539301,51008,50359,5324,55683,724
2021-03-02,Sutter,101,95872,8871,8832,79,8911,99
2021-03-02,Tehama,103,63373,4622,4597,485,5082,32
2021-03-02,Trinity,105,12862,468,301,77,378,3
2021-03-02,Tulare,107,460477,48452,47326,7998,55324,783
2021-03-02,Tuolumne,109,53932,3858,3908,36,3944,53
2021-03-02,Ventura,111,848112,78310,77952,2756,80708,780
2021-03-02,Yolo,113,214977,12949,12867,151,13018,189
2021-03-02,Yuba,115,75493,5535,5475,86,5561,41
2021-03-01,Alameda,001,1643700,81276,80805,1701,82506,1105
2021-03-01,Alpine,003,1148,80,77,0,77,0
2021-03-01,Amador,005,37829,3481,3469,30,3499,42
2021-03-01,Butte,007,227075,11377,10981,1634,12615,180
2021-03-01,Calaveras,009,45235,1917,1885,11,1896,46
2021-03-01,Colusa,011,21464,1876,1871,264,2135,11
2021-03-01,Contra Costa,013,1133247,63529,62458,1063,63521,694
2021-03-01,Del Norte,015,27424,1023,982,5,987,5
2021-03-01,El Dorado,017,186661,9188,9085,606,9691,98
2021-03-01,Fresno,019,978130,96823,95677,7687,103364,1405
2021-03-01,Glenn,021,27897,2259,2232,492,2724,15
2021-03-01,Humboldt,023,135768,3211,3179,22,3201,30
2021-03-01,Imperial,025,180216,27277,26913,2446,29359,636
2021-03-01,Inyo,027,18085,1316,1285,9,1294,35
2021-03-01,Kern,029,883053,93750,92219,9758,101977,1041
2021-03-01,Kings,031,150075,22306,21988,963,22951,217
2021-03-01,Lake,033,64148,3207,3164,6,3170,40
2021-03-01,Lassen,035,31185,5124,5111,95,5206,1
2021-03-01,Los Angeles,037,10098052,1175354,1155984,38284,1194268,21293
2021-03-01,Madera,039,155013,15718,15505,821,16326,194
2021-03-01,Marin,041,260295,13297,13161,161,13322,214
2021-03-01,Mariposa,043,17540,377,375,5,380,4
2021-03-01,Mendocino,045,87422,3653,3561,72,3633,41
2021-03-01,Merced,047,269075,28588,28575,921,29496,385
2021-03-01,Modoc,049,8938,339,331,114,445,3
2021-03-01,Mono,051,14174,1189,1192,16,1208,3
2021-03-01,Monterey,053,433212,42025,41697,1667,43364,324
2021-03-01,Napa,055,140530,9088,9056,30,9086,70
2021-03-01,Nevada,057,99092,4051,3979,160,4139,66
2021-03-01,Orange,059,3164182,247726,245852,10149,256001,3976
2021-03-01,Placer,061,380077,20701,19803,1111,20914,239
2021-03-01,Plumas,063,18699,643,628,10,638,4
2021-03-01,Riverside,065,2383286,286162,279323,13286,292609,3680
2021-03-01,Sacramento,067,1510023,95008,93546,1255,94801,1401
2021-03-01,San Benito,069,59416,5753,5772,89,5861,57
2021-03-01,San Bernardino,071,2135413,286401,281685,8506,290191,3603
2021-03-01,San Diego,073,3302833,264995,260622,12967,273589,3303
2021-03-01,San Francisco,075,870044,34324,34318,1064,35382,424
2021-03-01,San Joaquin,077,732212,67116,65699,2730,68429,1097
2021-03-01,San Luis Obispo,079,281455,19794,19429,554,19983,239
2021-03-01,San Mateo,081,765935,39660,39096,405,39501,314
2021-03-01,Santa Barbara,083,443738,32449,31909,1030,32939,413
2021-03-01,Santa Clara,085,1922200,110983,110684,579,111263,1704
2021-03-01,Santa Cruz,087,273765,15484,14575,771,15346,185
2021-03-01,Shasta,089,179085,10989,10990,1231,12221,149
2021-03-01,Sierra,091,2930,51,48,12,60,0
2021-03-01,Siskiyou,093,43540,1512,1408,231,1639,5
2021-03-01,Solano,095,438530,29971,29779,363,30142,166
2021-03-01,Sonoma,097,501317,28200,28222,216,28438,278
2021-03-01,Stanislaus,099,539301,50934,50293,5318,55611,722
2021-03-01,Sutter,101,95872,8860,8825,79,8904,99
2021-03-01,Tehama,103,63373,4616,4595,485,5080,32
2021-03-01,Trinity,105,12862,468,298,76,374,3
2021-03-01,Tulare,107,460477,48414,47275,7964,55239,781
2021-03-01,Tuolumne,109,53932,3855,3907,36,3943,53
2021-03-01,Ventura,111,848112,78229,77849,2755,80604,775
2021-03-01,Yolo,113,214977,12932,12854,149,13003,188
2021-03-01,Yuba,115,75493,5523,5466,86,5552,41
2021-02-28,Alameda,001,1643700,81155,80727,1699,82426,1105
2021-02-28,Alpine,003,1148,80,77,0,77,0
2021-02-28,Amador,005,37829,3476,3466,29,3495,42
2021-02-28,Butte,007,227075,11362,10970,1634,12604,180
2021-02-28,Calaveras,009,45235,1913,1881,11,1892,46
2021-02-28,Colusa,011,21464,1876,1871,263,2134,11
2021-02-28,Contra Costa,013,1133247,63402,62386,1058,63444,694
2021-02-28,Del Norte,015,27424,1021,981,5,986,5
2021-02-28,El Dorado,017,186661,9177,9082,606,9688,98
2021-02-28,Fresno,019,978130,96641,95548,7653,103201,1405
2021-02-28,Glenn,021,27897,2257,2230,490,2720,15
2021-02-28,Humboldt,023,135768,3188,3179,22,3201,30
2021-02-28,Imperial,025,180216,27251,26909,2442,29351,636
2021-02-28,Inyo,027,18085,1311,1282,9,1291,35
2021-02-28,Kern,029,883053,93634,92169,9738,101907,1012
2021-02-28,Kings,031,150075,22285,21967,962,22929,217
2021-02-28,Lake,033,64148,3202,3164,6,3170,40
2021-02-28,Lassen,035,31185,5123,5106,95,5201,1
2021-02-28,Los Angeles,037,10098052,1174566,1155141,38222,1193363,21261
2021-02-28,Madera,039,155013,15676,15496,818,16314,199
2021-02-28,Marin,041,260295,13274,13152,159,13311,214
2021-02-28,Mariposa,043,17540,377,374,5,379,4
2021-02-28,Mendocino,045,87422,3647,3558,72,3630,41
2021-02-28,Merced,047,269075,28525,28546,920,29466,384
2021-02-28,Modoc,049,8938,339,331,114,445,3
2021-02-28,Mono,051,14174,1186,1192,16,1208,3
2021-02-28,Monterey,053,433212,41993,41683,1665,43348,323
2021-02-28,Napa,055,140530,9069,9053,30,9083,70
2021-02-28,Nevada,057,99092,4038,3972,160,4132,66
2021-02-28,Orange,059,3164182,247529,245706,10142,255848,3970
2021-02-28,Placer,061,380077,20655,19775,1109,20884,239
2021-02-28,Plumas,063,18699,643,628,10,638,4
2021-02-28,Riverside,065,2383286,285929,279214,13275,292489,3661
2021-02-28,Sacramento,067,1510023,94824,93463,1250,94713,1398
2021-02-28,San Benito,069,59416,5742,5772,89,5861,57
2021-02-28,San Bernardino,071,2135413,286259,281620,8494,290114,3595
2021-02-28,San Diego,073,3302833,264698,260353,12933,273286,3303
2021-02-28,San Francisco,075,870044,34282,34291,1058,35349,417
2021-02-28,San Joaquin,077,732212,67008,65662,2721,68383,1097
2021-02-28,San Luis Obispo,079,281455,19758,19422,552,19974,237
2021-02-28,San Mateo,081,765935,39607,39059,404,39463,314
2021-02-28,Santa Barbara,083,443738,32397,31877,1030,32907,413
2021-02-28,Santa Clara,085,1922200,110784,110556,576,111132,1704
2021-02-28,Santa Cruz,087,273765,15455,14571,768,15339,185
2021-02-28,Shasta,089,179085,10968,10990,1227,12217,149
2021-02-28,Sierra,091,2930,51,48,12,60,0
2021-02-28,Siskiyou,093,43540,1504,1408,231,1639,5
2021-02-28,Solano,095,438530,29916,29758,357,30115,166
2021-02-28,Sonoma,097,501317,28137,28193,215,28408,279
2021-02-28,Stanislaus,099,539301,50843,50228,5306,55534,728
2021-02-28,Sutter,101,95872,8845,8825,79,8904,99
2021-02-28,Tehama,103,63373,4611,4590,485,5075,32
2021-02-28,Trinity,105,12862,468,298,76,374,3
2021-02-28,Tulare,107,460477,48352,47258,7933,55191,780
2021-02-28,Tuolumne,109,53932,3850,3905,36,3941,53
2021-02-28,Ventura,111,848112,78117,77749,2752,80501,775
2021-02-28,Yolo,113,214977,12909,12851,149,13000,188
2021-02-28,Yuba,115,75493,5513,5461,86,5547,41
2021-02-27,Alameda,001,1643700,81082,80565,1697,82262,1108
2021-02-27,Alpine,003,1148,80,77,0,77,0
2021-02-27,Amador,005,37829,3474,3463,29,3492,42
2021-02-27,Butte,007,227075,11350,10962,1634,12596,180
2021-02-27,Calaveras,009,45235,1908,1875,11,1886,46
2021-02-27,Colusa,011,21464,1875,1869,263,2132,11
2021-02-27,Contra Costa,013,1133247,63332,62248,1055,63303,693
2021-02-27,Del Norte,015,27424,1019,978,5,983,5
2021-02-27,El Dorado,017,186661,9173,9072,606,9678,98
2021-02-27,Fresno,019,978130,96564,95393,7642,103035,1400
2021-02-27,Glenn,021,27897,2256,2225,489,2714,15
2021-02-27,Humboldt,023,135768,3182,3167,22,3189,30
2021-02-27,Imperial,025,180216,27243,26903,2440,29343,633
2021-02-27,Inyo,027,18085,1308,1275,9,1284,35
2021-02-27,Kern,029,883053,93573,92053,9723,101776,996
2021-02-27,Kings,031,150075,22275,21955,959,22914,216
2021-02-27,Lake,033,64148,3199,3156,6,3162,40
2021-02-27,Lassen,035,31185,5123,5106,95,5201,1
2021-02-27,Los Angeles,037,10098052,1174064,1154275,38195,1192470,21158
2021-02-27,Madera,039,155013,15659,15467,817,16284,199
2021-02-27,Marin,041,260295,13250,13134,159,13293,214
2021-02-27,Mariposa,043,17540,377,374,5,379,4
2021-02-27,Mendocino,045,87422,3644,3555,72,3627,41
2021-02-27,Merced,047,269075,28483,28501,912,29413,384
2021-02-27,Modoc,049,8938,339,331,113,444,3
2021-02-27,Mono,051,14174,1184,1191,16,1207,3
2021-02-27,Monterey,053,433212,41984,41665,1664,43329,322
2021-02-27,Napa,055,140530,9058,9038,30,9068,71
2021-02-27,Nevada,057,99092,4032,3960,160,4120,66
2021-02-27,Orange,059,3164182,247402,245542,10131,255673,3960
2021-02-27,Placer,061,380077,20619,19726,1106,20832,239
2021-02-27,Plumas,063,18699,643,628,10,638,4
2021-02-27,Riverside,065,2383286,285819,279048,13265,292313,3663
2021-02-27,Sacramento,067,1510023,94741,93281,1240,94521,1396
2021-02-27,San Benito,069,59416,5741,5767,88,5855,57
2021-02-27,San Bernardino,071,2135413,286180,281471,8489,289960,3527
2021-02-27,San Diego,073,3302833,264508,260091,12895,272986,3284
2021-02-27,San Francisco,075,870044,34248,34260,1055,35315,413
2021-02-27,San Joaquin,077,732212,66962,65578,2719,68297,1100
2021-02-27,San Luis Obispo,079,281455,19737,19411,551,19962,237
2021-02-27,San Mateo,081,765935,39566,38998,403,39401,313
2021-02-27,Santa Barbara,083,443738,32363,31805,1029,32834,411
2021-02-27,Santa Clara,085,1922200,110636,110361,574,110935,1703
2021-02-27,Santa Cruz,087,273765,15446,14552,767,15319,185
2021-02-27,Shasta,089,179085,10962,10985,1223,12208,149
2021-02-27,Sierra,091,2930,51,48,12,60,0
2021-02-27,Siskiyou,093,43540,1502,1407,230,1637,5
2021-02-27,Solano,095,438530,29888,29718,356,30074,165
2021-02-27,Sonoma,097,501317,28093,28141,210,28351,281
2021-02-27,Stanislaus,099,539301,50788,50147,5296,55443,733
2021-02-27,Sutter,101,95872,8840,8820,79,8899,99
2021-02-27,Tehama,103,63373,4606,4584,484,5068,32
2021-02-27,Trinity,105,12862,468,298,76,374,3
2021-02-27,Tulare,107,460477,48315,47209,7907,55116,770
2021-02-27,Tuolumne,109,53932,3847,3899,36,3935,53
2021-02-27,Ventura,111,848112,78044,77623,2749,80372,771
2021-02-27,Yolo,113,214977,12897,12834,149,12983,188
2021-02-27,Yuba,115,75493,5510,5450,86,5536,39
2021-02-26,Alameda,001,1643700,80987,80387,1692,82079,1106
2021-02-26,Alpine,003,1148,80,77,0,77,0
2021-02-26,Amador,005,37829,3468,3457,29,3486,42
2021-02-26,Butte,007,227075,11340,10941,1634,12575,180
2021-02-26,Calaveras,009,45235,1906,1873,11,1884,46
2021-02-26,Colusa,011,21464,1875,1865,263,2128,11
2021-02-26,Contra Costa,013,1133247,63250,62114,1055,63169,685
2021-02-26,Del Norte,015,27424,1015,968,5,973,5
2021-02-26,El Dorado,017,186661,9168,9038,604,9642,98
2021-02-26,Fresno,019,978130,96462,95202,7634,102836,1391
2021-02-26,Glenn,021,27897,2253,2220,489,2709,15
2021-02-26,Humboldt,023,135768,3176,3152,22,3174,30
2021-02-26,Imperial,025,180216,27236,26888,2438,29326,631
2021-02-26,Inyo,027,18085,1306,1271,9,1280,34
2021-02-26,Kern,029,883053,93494,91884,9707,101591,997
2021-02-26,Kings,031,150075,22259,21917,956,22873,216
2021-02-26,Lake,033,64148,3194,3153,6,3159,40
2021-02-26,Lassen,035,31185,5123,5102,95,5197,1
2021-02-26,Los Angeles,037,10098052,1173487,1153131,38135,1191266,21070
2021-02-26,Madera,039,155013,15643,15436,815,16251,199
2021-02-26,Marin,041,260295,13237,13091,159,13250,214
2021-02-26,Mariposa,043,17540,377,375,5,380,4
2021-02-26,Mendocino,045,87422,3639,3549,72,3621,41
2021-02-26,Merced,047,269075,28449,28455,911,29366,382
2021-02-26,Modoc,049,8938,338,330,113,443,3
2021-02-26,Mono,051,14174,1182,1191,16,1207,3
2021-02-26,Monterey,053,433212,41958,41607,1663,43270,322
2021-02-26,Napa,055,140530,9052,9014,30,9044,70
2021-02-26,Nevada,057,99092,4021,3952,160,4112,66
2021-02-26,Orange,059,3164182,247263,245278,10121,255399,3918
2021-02-26,Placer,061,380077,20593,19712,1100,20812,239
2021-02-26,Plumas,063,18699,643,628,10,638,4
2021-02-26,Riverside,065,2383286,285675,278772,13259,292031,3653
2021-02-26,Sacramento,067,1510023,94618,93180,1237,94417,1390
2021-02-26,San Benito,069,59416,5740,5759,88,5847,57
2021-02-26,San Bernardino,071,2135413,286080,281132,8487,289619,3461
2021-02-26,San Diego,073,3302833,264280,259641,12874,272515,3271
2021-02-26,San Francisco,075,870044,34218,34213,1052,35265,413
2021-02-26,San Joaquin,077,732212,66881,65492,2713,68205,1070
2021-02-26,San Luis Obispo,079,281455,19721,19359,549,19908,234
2021-02-26,San Mateo,081,765935,39521,38922,403,39325,313
2021-02-26,Santa Barbara,083,443738,32319,31724,1028,32752,410
2021-02-26,Santa Clara,085,1922200,110504,110168,572,110740,1700
2021-02-26,Santa Cruz,087,273765,15434,14528,766,15294,185
2021-02-26,Shasta,089,179085,10955,10972,1214,12186,149
2021-02-26,Sierra,091,2930,51,47,12,59,0
2021-02-26,Siskiyou,093,43540,1502,1401,229,1630,5
2021-02-26,Solano,095,438530,29854,29651,355,30006,165
2021-02-26,Sonoma,097,501317,28064,28063,209,28272,280
2021-02-26,Stanislaus,099,539301,50732,50054,5288,55342,737
2021-02-26,Sutter,101,95872,8831,8806,79,8885,99
2021-02-26,Tehama,103,63373,4604,4581,484,5065,32
2021-02-26,Trinity,105,12862,467,298,76,374,3
2021-02-26,Tulare,107,460477,48279,47135,7878,55013,770
2021-02-26,Tuolumne,109,53932,3846,3896,36,3932,53
2021-02-26,Ventura,111,848112,77944,77534,2745,80279,765
2021-02-26,Yolo,113,214977,12890,12816,149,12965,188
2021-02-26,Yuba,115,75493,5505,5438,86,5524,39
2021-02-25,Alameda,001,1643700,80866,80181,1691,81872,1093
2021-02-25,Alpine,003,1148,80,77,0,77,0
2021-02-25,Amador,005,37829,3465,3448,29,3477,41
2021-02-25,Butte,007,227075,11319,10922,1629,12551,178
2021-02-25,Calaveras,009,45235,1898,1868,11,1879,46
2021-02-25,Colusa,011,21464,1872,1863,262,2125,11
2021-02-25,Contra Costa,013,1133247,63148,61910,1055,62965,686
2021-02-25,Del Norte,015,27424,1005,966,5,971,5
2021-02-25,El Dorado,017,186661,9152,9012,604,9616,98
2021-02-25,Fresno,019,978130,96318,95015,7613,102628,1377
2021-02-25,Glenn,021,27897,2250,2219,488,2707,15
2021-02-25,Humboldt,023,135768,3169,3129,22,3151,30
2021-02-25,Imperial,025,180216,27229,26855,2434,29289,628
2021-02-25,Inyo,027,18085,1300,1264,9,1273,33
2021-02-25,Kern,029,883053,93378,91735,9682,101417,992
2021-02-25,Kings,031,150075,22250,21900,953,22853,216
2021-02-25,Lake,033,64148,3185,3141,6,3147,40
2021-02-25,Lassen,035,31185,5122,5097,94,5191,1
2021-02-25,Los Angeles,037,10098052,1172741,1151846,38077,1189923,20931
2021-02-25,Madera,039,155013,15608,15414,811,16225,194
2021-02-25,Marin,041,260295,13214,13067,159,13226,214
2021-02-25,Mariposa,043,17540,377,375,5,380,4
2021-02-25,Mendocino,045,87422,3634,3542,72,3614,41
2021-02-25,Merced,047,269075,28400,28383,909,29292,382
2021-02-25,Modoc,049,8938,338,329,113,442,3
2021-02-25,Mono,051,14174,1181,1190,16,1206,3
2021-02-25,Monterey,053,433212,41933,41564,1658,43222,321
2021-02-25,Napa,055,140530,9026,8998,30,9028,70
2021-02-25,Nevada,057,99092,4004,3940,159,4099,66
2021-02-25,Orange,059,3164182,247090,245000,10111,255111,3882
2021-02-25,Placer,061,380077,20554,19661,1098,20759,239
2021-02-25,Plumas,063,18699,643,626,10,636,4
2021-02-25,Riverside,065,2383286,285487,278544,13239,291783,3646
2021-02-25,Sacramento,067,1510023,94460,92961,1225,94186,1386
2021-02-25,San Benito,069,59416,5735,5752,88,5840,58
2021-02-25,San Bernardino,071,2135413,285945,280946,8479,289425,3409
2021-02-25,San Diego,073,3302833,263986,258979,12844,271823,3260
2021-02-25,San Francisco,075,870044,34175,34138,1050,35188,408
2021-02-25,San Joaquin,077,732212,66797,65389,2701,68090,1047
2021-02-25,San Luis Obispo,079,281455,19700,19335,547,19882,234
2021-02-25,San Mateo,081,765935,39474,38872,403,39275,300
2021-02-25,Santa Barbara,083,443738,32242,31631,1027,32658,408
2021-02-25,Santa Clara,085,1922200,110339,109923,571,110494,1677
2021-02-25,Santa Cruz,087,273765,15415,14492,765,15257,185
2021-02-25,Shasta,089,179085,10943,10947,1209,12156,148
2021-02-25,Sierra,091,2930,51,47,12,59,0
2021-02-25,Siskiyou,093,43540,1497,1390,226,1616,4
2021-02-25,Solano,095,438530,29822,29616,355,29971,161
2021-02-25,Sonoma,097,501317,28010,28004,206,28210,278
2021-02-25,Stanislaus,099,539301,50641,49964,5278,55242,738
2021-02-25,Sutter,101,95872,8817,8789,78,8867,99
2021-02-25,Tehama,103,63373,4601,4578,482,5060,32
2021-02-25,Trinity,105,12862,467,297,76,373,3
2021-02-25,Tulare,107,460477,48229,47052,7852,54904,765
2021-02-25,Tuolumne,109,53932,3843,3894,36,3930,53
2021-02-25,Ventura,111,848112,77836,77395,2739,80134,751
2021-02-25,Yolo,113,214977,12873,12787,149,12936,188
2021-02-25,Yuba,115,75493,5498,5429,86,5515,39
2021-02-24,Alameda,001,1643700,80746,80070,1687,81757,1082
2021-02-24,Alpine,003,1148,79,77,0,77,0
2021-02-24,Amador,005,37829,3460,3444,29,3473,41
2021-02-24,Butte,007,227075,11306,10915,1625,12540,178
2021-02-24,Calaveras,009,45235,1894,1864,11,1875,31
2021-02-24,Colusa,011,21464,1870,1863,262,2125,11
2021-02-24,Contra Costa,013,1133247,63040,61776,1055,62831,663
2021-02-24,Del Norte,015,27424,1004,960,4,964,5
2021-02-24,El Dorado,017,186661,9139,8993,604,9597,98
2021-02-24,Fresno,019,978130,96169,94794,7597,102391,1369
2021-02-24,Glenn,021,27897,2249,2210,488,2698,14
2021-02-24,Humboldt,023,135768,3157,3123,22,3145,29
2021-02-24,Imperial,025,180216,27216,26843,2429,29272,596
2021-02-24,Inyo,027,18085,1295,1253,9,1262,32
2021-02-24,Kern,029,883053,93245,91525,9666,101191,992
2021-02-24,Kings,031,150075,22225,21871,951,22822,216
2021-02-24,Lake,033,64148,3178,3134,6,3140,40
2021-02-24,Lassen,035,31185,5118,5095,93,5188,1
2021-02-24,Los Angeles,037,10098052,1171979,1150322,38038,1188360,20817
2021-02-24,Madera,039,155013,15581,15390,811,16201,194
2021-02-24,Marin,041,260295,13191,13044,158,13202,214
2021-02-24,Mariposa,043,17540,377,374,5,379,4
2021-02-24,Mendocino,045,87422,3627,3540,72,3612,41
2021-02-24,Merced,047,269075,28362,28295,905,29200,383
2021-02-24,Modoc,049,8938,337,329,113,442,3
2021-02-24,Mono,051,14174,1179,1189,16,1205,3
2021-02-24,Monterey,053,433212,41908,41495,1656,43151,320
2021-02-24,Napa,055,140530,9009,8976,30,9006,70
2021-02-24,Nevada,057,99092,3994,3927,159,4086,66
2021-02-24,Orange,059,3164182,246871,244743,10098,254841,3835
2021-02-24,Placer,061,380077,20515,19648,1092,20740,239
2021-02-24,Plumas,063,18699,641,626,10,636,4
2021-02-24,Riverside,065,2383286,285259,278293,13230,291523,3603
2021-02-24,Sacramento,067,1510023,94306,92742,1220,93962,1375
2021-02-24,San Benito,069,59416,5734,5743,88,5831,57
2021-02-24,San Bernardino,071,2135413,285793,280583,8475,289058,3360
2021-02-24,San Diego,073,3302833,263690,258460,12828,271288,3230
2021-02-24,San Francisco,075,870044,34129,34061,1047,35108,406
2021-02-24,San Joaquin,077,732212,66687,65274,2699,67973,1019
2021-02-24,San Luis Obispo,079,281455,19677,19309,545,19854,233
2021-02-24,San Mateo,081,765935,39437,38763,403,39166,300
2021-02-24,Santa Barbara,083,443738,32190,31563,1024,32587,405
2021-02-24,Santa Clara,085,1922200,110191,109671,570,110241,1674
2021-02-24,Santa Cruz,087,273765,15394,14458,765,15223,185
2021-02-24,Shasta,089,179085,10930,10922,1206,12128,148
2021-02-24,Sierra,091,2930,51,47,12,59,0
2021-02-24,Siskiyou,093,43540,1490,1385,222,1607,4
2021-02-24,Solano,095,438530,29783,29577,353,29930,158
2021-02-24,Sonoma,097,501317,27946,27954,202,28156,278
2021-02-24,Stanislaus,099,539301,50570,49851,5271,55122,732
2021-02-24,Sutter,101,95872,8807,8778,78,8856,99
2021-02-24,Tehama,103,63373,4598,4566,482,5048,31
2021-02-24,Trinity,105,12862,467,294,75,369,3
2021-02-24,Tulare,107,460477,48173,46976,7824,54800,759
2021-02-24,Tuolumne,109,53932,3840,3887,36,3923,53
2021-02-24,Ventura,111,848112,77728,77238,2738,79976,718
2021-02-24,Yolo,113,214977,12860,12760,149,12909,188
2021-02-24,Yuba,115,75493,5487,5425,84,5509,39
2021-02-23,Alameda,001,1643700,80608,79948,1685,81633,1070
2021-02-23,Alpine,003,1148,78,77,0,77,0
2021-02-23,Amador,005,37829,3458,3440,29,3469,41
2021-02-23,Butte,007,227075,11290,10887,1622,12509,176
2021-02-23,Calaveras,009,45235,1893,1863,11,1874,21
2021-02-23,Colusa,011,21464,1867,1862,262,2124,11
2021-02-23,Contra Costa,013,1133247,62906,61613,1052,62665,661
2021-02-23,Del Norte,015,27424,1002,953,4,957,3
2021-02-23,El Dorado,017,186661,9126,8969,604,9573,96
2021-02-23,Fresno,019,978130,96008,94741,7583,102324,1356
2021-02-23,Glenn,021,27897,2247,2209,488,2697,14
2021-02-23,Humboldt,023,135768,3140,3108,22,3130,29
2021-02-23,Imperial,025,180216,27196,26816,2424,29240,591
2021-02-23,Inyo,027,18085,1291,1250,9,1259,32
2021-02-23,Kern,029,883053,93106,91390,9638,101028,982
2021-02-23,Kings,031,150075,22210,21839,947,22786,216
2021-02-23,Lake,033,64148,3170,3121,6,3127,40
2021-02-23,Lassen,035,31185,5115,5092,93,5185,1
2021-02-23,Los Angeles,037,10098052,1171106,1148965,37986,1186951,19887
2021-02-23,Madera,039,155013,15567,15352,805,16157,193
2021-02-23,Marin,041,260295,13171,13015,157,13172,214
2021-02-23,Mariposa,043,17540,377,374,5,379,4
2021-02-23,Mendocino,045,87422,3625,3540,71,3611,41
2021-02-23,Merced,047,269075,28282,28209,898,29107,381
2021-02-23,Modoc,049,8938,336,328,112,440,3
2021-02-23,Mono,051,14174,1179,1189,16,1205,3
2021-02-23,Monterey,053,433212,41869,41439,1651,43090,317
2021-02-23,Napa,055,140530,8997,8967,30,8997,70
2021-02-23,Nevada,057,99092,3986,3912,159,4071,66
2021-02-23,Orange,059,3164182,246673,244566,10080,254646,3843
2021-02-23,Placer,061,380077,20490,19608,1088,20696,238
2021-02-23,Plumas,063,18699,640,626,10,636,4
2021-02-23,Riverside,065,2383286,285022,278075,13216,291291,3599
2021-02-23,Sacramento,067,1510023,94149,92632,1214,93846,1370
2021-02-23,San Benito,069,59416,5728,5731,87,5818,57
2021-02-23,San Bernardino,071,2135413,285605,280279,8470,288749,3283
2021-02-23,San Diego,073,3302833,263313,257802,12798,270600,3218
2021-02-23,San Francisco,075,870044,34080,33994,1046,35040,405
2021-02-23,San Joaquin,077,732212,66587,65141,2692,67833,1004
2021-02-23,San Luis Obispo,079,281455,19648,19233,544,19777,230
2021-02-23,San Mateo,081,765935,39376,38662,403,39065,299
2021-02-23,Santa Barbara,083,443738,32135,31483,1023,32506,402
2021-02-23,Santa Clara,085,1922200,109994,109449,567,110016,1661
2021-02-23,Santa Cruz,087,273765,15365,14435,763,15198,178
2021-02-23,Shasta,089,179085,10918,10903,1202,12105,146
2021-02-23,Sierra,091,2930,51,47,12,59,0
2021-02-23,Siskiyou,093,43540,1485,1380,220,1600,4
2021-02-23,Solano,095,438530,29743,29545,350,29895,154
2021-02-23,Sonoma,097,501317,27903,27882,199,28081,278
2021-02-23,Stanislaus,099,539301,50492,49749,5255,55004,722
2021-02-23,Sutter,101,95872,8794,8766,78,8844,98
2021-02-23,Tehama,103,63373,4592,4556,481,5037,30
2021-02-23,Trinity,105,12862,467,292,74,366,3
2021-02-23,Tulare,107,460477,48095,46937,7791,54728,757
2021-02-23,Tuolumne,109,53932,3836,3864,36,3900,53
2021-02-23,Ventura,111,848112,77612,77093,2729,79822,689
2021-02-23,Yolo,113,214977,12831,12729,149,12878,188
2021-02-23,Yuba,115,75493,5474,5417,83,5500,38
2021-02-22,Alameda,001,1643700,80457,79796,1681,81477,1062
2021-02-22,Alpine,003,1148,78,77,0,77,0
2021-02-22,Amador,005,37829,3453,3438,29,3467,39
2021-02-22,Butte,007,227075,11277,10855,1617,12472,176
2021-02-22,Calaveras,009,45235,1891,1862,11,1873,21
2021-02-22,Colusa,011,21464,1867,1860,262,2122,11
2021-02-22,Contra Costa,013,1133247,62778,61478,1051,62529,661
2021-02-22,Del Norte,015,27424,1001,948,4,952,3
2021-02-22,El Dorado,017,186661,9109,8940,604,9544,96
2021-02-22,Fresno,019,978130,95845,94584,7566,102150,1351
2021-02-22,Glenn,021,27897,2242,2207,486,2693,14
2021-02-22,Humboldt,023,135768,3128,3095,22,3117,29
2021-02-22,Imperial,025,180216,27174,26778,2417,29195,590
2021-02-22,Inyo,027,18085,1286,1248,9,1257,32
2021-02-22,Kern,029,883053,92989,91201,9616,100817,982
2021-02-22,Kings,031,150075,22187,21801,944,22745,214
2021-02-22,Lake,033,64148,3164,3107,6,3113,40
2021-02-22,Lassen,035,31185,5115,5088,92,5180,1
2021-02-22,Los Angeles,037,10098052,1170245,1147541,37930,1185471,19730
2021-02-22,Madera,039,155013,15542,15325,801,16126,193
2021-02-22,Marin,041,260295,13146,12991,154,13145,213
2021-02-22,Mariposa,043,17540,376,374,5,379,4
2021-02-22,Mendocino,045,87422,3619,3535,71,3606,41
2021-02-22,Merced,047,269075,28219,28166,895,29061,379
2021-02-22,Modoc,049,8938,336,329,112,441,3
2021-02-22,Mono,051,14174,1175,1189,16,1205,3
2021-02-22,Monterey,053,433212,41824,41397,1645,43042,311
2021-02-22,Napa,055,140530,8970,8950,30,8980,69
2021-02-22,Nevada,057,99092,3977,3900,157,4057,66
2021-02-22,Orange,059,3164182,246437,244118,10062,254180,3843
2021-02-22,Placer,061,380077,20453,19587,1080,20667,238
2021-02-22,Plumas,063,18699,640,625,10,635,4
2021-02-22,Riverside,065,2383286,284760,277730,13208,290938,3567
2021-02-22,Sacramento,067,1510023,93982,92476,1204,93680,1359
2021-02-22,San Benito,069,59416,5726,5723,87,5810,57
2021-02-22,San Bernardino,071,2135413,285428,279984,8457,288441,3259
2021-02-22,San Diego,073,3302833,262903,257348,12765,270113,3189
2021-02-22,San Francisco,075,870044,34020,33947,1041,34988,405
2021-02-22,San Joaquin,077,732212,66491,65060,2679,67739,1001
2021-02-22,San Luis Obispo,079,281455,19611,19198,542,19740,229
2021-02-22,San Mateo,081,765935,39319,38542,400,38942,282
2021-02-22,Santa Barbara,083,443738,32069,31421,1020,32441,399
2021-02-22,Santa Clara,085,1922200,109785,109213,556,109769,1655
2021-02-22,Santa Cruz,087,273765,15339,14417,763,15180,176
2021-02-22,Shasta,089,179085,10903,10872,1197,12069,145
2021-02-22,Sierra,091,2930,51,47,12,59,0
2021-02-22,Siskiyou,093,43540,1479,1373,219,1592,4
2021-02-22,Solano,095,438530,29704,29508,349,29857,150
2021-02-22,Sonoma,097,501317,27858,27845,198,28043,278
2021-02-22,Stanislaus,099,539301,50390,49630,5237,54867,722
2021-02-22,Sutter,101,95872,8786,8698,78,8776,98
2021-02-22,Tehama,103,63373,4589,4550,480,5030,30
2021-02-22,Trinity,105,12862,467,287,73,360,3
2021-02-22,Tulare,107,460477,48033,46879,7759,54638,751
2021-02-22,Tuolumne,109,53932,3832,3856,36,3892,53
2021-02-22,Ventura,111,848112,77484,76947,2724,79671,677
2021-02-22,Yolo,113,214977,12804,12689,149,12838,183
2021-02-22,Yuba,115,75493,5471,5404,82,5486,38
2021-02-21,Alameda,001,1643700,80263,79649,1677,81326,1061
2021-02-21,Alpine,003,1148,78,77,0,77,0
2021-02-21,Amador,005,37829,3445,3435,29,3464,39
2021-02-21,Butte,007,227075,11259,10855,1615,12470,176
2021-02-21,Calaveras,009,45235,1890,1860,11,1871,21
2021-02-21,Colusa,011,21464,1866,1860,258,2118,11
2021-02-21,Contra Costa,013,1133247,62623,61364,1048,62412,661
2021-02-21,Del Norte,015,27424,995,942,4,946,3
2021-02-21,El Dorado,017,186661,9091,8927,603,9530,96
2021-02-21,Fresno,019,978130,95702,94374,7550,101924,1349
2021-02-21,Glenn,021,27897,2240,2201,484,2685,14
2021-02-21,Humboldt,023,135768,3116,3096,22,3118,29
2021-02-21,Imperial,025,180216,27160,26779,2415,29194,590
2021-02-21,Inyo,027,18085,1280,1232,9,1241,32
2021-02-21,Kern,029,883053,92864,91141,9578,100719,980
2021-02-21,Kings,031,150075,22151,21784,942,22726,213
2021-02-21,Lake,033,64148,3156,3100,6,3106,40
2021-02-21,Lassen,035,31185,5107,5077,92,5169,1
2021-02-21,Los Angeles,037,10098052,1169203,1146756,37886,1184642,19711
2021-02-21,Madera,039,155013,15509,15298,798,16096,192
2021-02-21,Marin,041,260295,13117,12968,154,13122,212
2021-02-21,Mariposa,043,17540,376,373,5,378,4
2021-02-21,Mendocino,045,87422,3614,3535,71,3606,41
2021-02-21,Merced,047,269075,28145,28106,880,28986,379
2021-02-21,Modoc,049,8938,333,329,112,441,3
2021-02-21,Mono,051,14174,1175,1189,16,1205,3
2021-02-21,Monterey,053,433212,41768,41373,1638,43011,309
2021-02-21,Napa,055,140530,8956,8929,30,8959,69
2021-02-21,Nevada,057,99092,3964,3895,157,4052,66
2021-02-21,Orange,059,3164182,246140,243985,10045,254030,3801
2021-02-21,Placer,061,380077,20417,19553,1076,20629,238
2021-02-21,Plumas,063,18699,640,625,10,635,4
2021-02-21,Riverside,065,2383286,284527,277555,13195,290750,3564
2021-02-21,Sacramento,067,1510023,93772,92288,1194,93482,1354
2021-02-21,San Benito,069,59416,5716,5716,84,5800,57
2021-02-21,San Bernardino,071,2135413,285204,279870,8443,288313,3247
2021-02-21,San Diego,073,3302833,262469,257027,12719,269746,3190
2021-02-21,San Francisco,075,870044,33956,33891,1037,34928,405
2021-02-21,San Joaquin,077,732212,66352,64997,2667,67664,1001
2021-02-21,San Luis Obispo,079,281455,19578,19178,540,19718,229
2021-02-21,San Mateo,081,765935,39257,38448,396,38844,282
2021-02-21,Santa Barbara,083,443738,32007,31374,1017,32391,399
2021-02-21,Santa Clara,085,1922200,109561,108992,548,109540,1654
2021-02-21,Santa Cruz,087,273765,15316,14401,762,15163,176
2021-02-21,Shasta,089,179085,10889,10867,1192,12059,145
2021-02-21,Sierra,091,2930,51,47,12,59,0
2021-02-21,Siskiyou,093,43540,1473,1371,219,1590,4
2021-02-21,Solano,095,438530,29649,29471,348,29819,150
2021-02-21,Sonoma,097,501317,27794,27793,191,27984,278
2021-02-21,Stanislaus,099,539301,50277,49527,5223,54750,726
2021-02-21,Sutter,101,95872,8769,8687,77,8764,97
2021-02-21,Tehama,103,63373,4580,4547,480,5027,30
2021-02-21,Trinity,105,12862,465,286,73,359,3
2021-02-21,Tulare,107,460477,47965,46830,7724,54554,749
2021-02-21,Tuolumne,109,53932,3818,3828,36,3864,53
2021-02-21,Ventura,111,848112,77335,76862,2711,79573,677
2021-02-21,Yolo,113,214977,12773,12670,148,12818,183
2021-02-21,Yuba,115,75493,5463,5396,81,5477,38
2021-02-20,Alameda,001,1643700,80172,79496,1672,81168,1055
2021-02-20,Alpine,003,1148,78,77,0,77,0
2021-02-20,Amador,005,37829,3443,3432,29,3461,39
2021-02-20,Butte,007,227075,11251,10838,1614,12452,176
2021-02-20,Calaveras,009,45235,1889,1858,11,1869,21
2021-02-20,Colusa,011,21464,1865,1858,258,2116,11
2021-02-20,Contra Costa,013,1133247,62539,61205,1046,62251,663
2021-02-20,Del Norte,015,27424,991,937,4,941,3
2021-02-20,El Dorado,017,186661,9081,8911,602,9513,96
2021-02-20,Fresno,019,978130,95619,94234,7530,101764,1341
2021-02-20,Glenn,021,27897,2236,2199,483,2682,14
2021-02-20,Humboldt,023,135768,3108,3073,22,3095,29
2021-02-20,Imperial,025,180216,27150,26771,2415,29186,590
2021-02-20,Inyo,027,18085,1276,1226,9,1235,32
2021-02-20,Kern,029,883053,92793,91025,9546,100571,968
2021-02-20,Kings,031,150075,22133,21773,941,22714,212
2021-02-20,Lake,033,64148,3149,3089,6,3095,40
2021-02-20,Lassen,035,31185,5105,5067,92,5159,1
2021-02-20,Los Angeles,037,10098052,1168633,1145594,37846,1183440,19630
2021-02-20,Madera,039,155013,15489,15274,797,16071,191
2021-02-20,Marin,041,260295,13096,12945,152,13097,211
2021-02-20,Mariposa,043,17540,376,372,5,377,4
2021-02-20,Mendocino,045,87422,3612,3533,71,3604,40
2021-02-20,Merced,047,269075,28102,28066,877,28943,379
2021-02-20,Modoc,049,8938,333,328,112,440,3
2021-02-20,Mono,051,14174,1174,1187,16,1203,3
2021-02-20,Monterey,053,433212,41746,41313,1636,42949,309
2021-02-20,Napa,055,140530,8947,8910,30,8940,69
2021-02-20,Nevada,057,99092,3954,3887,156,4043,66
2021-02-20,Orange,059,3164182,245971,243761,10031,253792,3755
2021-02-20,Placer,061,380077,20376,19509,1072,20581,236
2021-02-20,Plumas,063,18699,640,626,10,636,4
2021-02-20,Riverside,065,2383286,284373,277267,13186,290453,3559
2021-02-20,Sacramento,067,1510023,93649,92057,1192,93249,1352
2021-02-20,San Benito,069,59416,5705,5709,84,5793,57
2021-02-20,San Bernardino,071,2135413,285102,279608,8438,288046,3203
2021-02-20,San Diego,073,3302833,262227,256510,12690,269200,3188
2021-02-20,San Francisco,075,870044,33914,33820,1029,34849,399
2021-02-20,San Joaquin,077,732212,66282,64916,2662,67578,1001
2021-02-20,San Luis Obispo,079,281455,19554,19138,539,19677,229
2021-02-20,San Mateo,081,765935,39213,38371,395,38766,282
2021-02-20,Santa Barbara,083,443738,31973,31289,1016,32305,396
2021-02-20,Santa Clara,085,1922200,109383,108728,545,109273,1649
2021-02-20,Santa Cruz,087,273765,15305,14378,760,15138,176
2021-02-20,Shasta,089,179085,10875,10850,1187,12037,146
2021-02-20,Sierra,091,2930,51,47,12,59,0
2021-02-20,Siskiyou,093,43540,1470,1366,219,1585,4
2021-02-20,Solano,095,438530,29635,29440,346,29786,150
2021-02-20,Sonoma,097,501317,27765,27703,189,27892,278
2021-02-20,Stanislaus,099,539301,50226,49445,5209,54654,733
2021-02-20,Sutter,101,95872,8763,8681,77,8758,97
2021-02-20,Tehama,103,63373,4575,4545,480,5025,30
2021-02-20,Trinity,105,12862,464,285,72,357,3
2021-02-20,Tulare,107,460477,47929,46769,7702,54471,739
2021-02-20,Tuolumne,109,53932,3813,3823,36,3859,53
2021-02-20,Ventura,111,848112,77240,76757,2708,79465,671
2021-02-20,Yolo,113,214977,12759,12639,148,12787,183
2021-02-20,Yuba,115,75493,5460,5386,81,5467,38
2021-02-19,Alameda,001,1643700,80072,79318,1668,80986,1047
2021-02-19,Alpine,003,1148,78,77,0,77,0
2021-02-19,Amador,005,37829,3439,3427,29,3456,39
2021-02-19,Butte,007,227075,11237,10823,1607,12430,176
2021-02-19,Calaveras,009,45235,1888,1856,11,1867,21
2021-02-19,Colusa,011,21464,1865,1858,258,2116,11
2021-02-19,Contra Costa,013,1133247,62427,61017,1043,62060,651
2021-02-19,Del Norte,015,27424,986,932,4,936,2
2021-02-19,El Dorado,017,186661,9072,8882,601,9483,96
2021-02-19,Fresno,019,978130,95489,93973,7514,101487,1330
2021-02-19,Glenn,021,27897,2231,2199,482,2681,14
2021-02-19,Humboldt,023,135768,3096,3037,22,3059,29
2021-02-19,Imperial,025,180216,27144,26751,2412,29163,589
2021-02-19,Inyo,027,18085,1271,1212,9,1221,32
2021-02-19,Kern,029,883053,92724,90807,9506,100313,963
2021-02-19,Kings,031,150075,22119,21724,939,22663,211
2021-02-19,Lake,033,64148,3143,3078,6,3084,40
2021-02-19,Lassen,035,31185,5104,5057,92,5149,1
2021-02-19,Los Angeles,037,10098052,1167881,1143828,37806,1181634,19498
2021-02-19,Madera,039,155013,15472,15222,795,16017,188
2021-02-19,Marin,041,260295,13078,12919,151,13070,210
2021-02-19,Mariposa,043,17540,376,371,5,376,4
2021-02-19,Mendocino,045,87422,3610,3526,71,3597,39
2021-02-19,Merced,047,269075,28072,27985,874,28859,376
2021-02-19,Modoc,049,8938,333,328,112,440,3
2021-02-19,Mono,051,14174,1174,1186,16,1202,3
2021-02-19,Monterey,053,433212,41719,41209,1632,42841,309
2021-02-19,Napa,055,140530,8934,8899,30,8929,69
2021-02-19,Nevada,057,99092,3948,3863,156,4019,66
2021-02-19,Orange,059,3164182,245795,243397,10019,253416,3715
2021-02-19,Placer,061,380077,20354,19457,1072,20529,236
2021-02-19,Plumas,063,18699,638,624,10,634,4
2021-02-19,Riverside,065,2383286,284204,276941,13169,290110,3541
2021-02-19,Sacramento,067,1510023,93529,91815,1188,93003,1351
2021-02-19,San Benito,069,59416,5700,5699,84,5783,57
2021-02-19,San Bernardino,071,2135413,284966,279209,8433,287642,3117
2021-02-19,San Diego,073,3302833,261936,255799,12667,268466,3169
2021-02-19,San Francisco,075,870044,33866,33746,1023,34769,387
2021-02-19,San Joaquin,077,732212,66206,64774,2654,67428,988
2021-02-19,San Luis Obispo,079,281455,19523,19061,537,19598,230
2021-02-19,San Mateo,081,765935,39155,38256,393,38649,282
2021-02-19,Santa Barbara,083,443738,31909,31204,1015,32219,392
2021-02-19,Santa Clara,085,1922200,109171,108400,543,108943,1634
2021-02-19,Santa Cruz,087,273765,15290,14354,760,15114,176
2021-02-19,Shasta,089,179085,10864,10833,1184,12017,140
2021-02-19,Sierra,091,2930,51,47,12,59,0
2021-02-19,Siskiyou,093,43540,1466,1363,217,1580,4
2021-02-19,Solano,095,438530,29610,29383,345,29728,150
2021-02-19,Sonoma,097,501317,27718,27595,187,27782,280
2021-02-19,Stanislaus,099,539301,50164,49282,5193,54475,739
2021-02-19,Sutter,101,95872,8753,8665,77,8742,96
2021-02-19,Tehama,103,63373,4573,4535,480,5015,30
2021-02-19,Trinity,105,12862,462,282,70,352,3
2021-02-19,Tulare,107,460477,47884,46662,7677,54339,736
2021-02-19,Tuolumne,109,53932,3806,3817,36,3853,52
2021-02-19,Ventura,111,848112,77161,76582,2705,79287,667
2021-02-19,Yolo,113,214977,12743,12606,148,12754,183
2021-02-19,Yuba,115,75493,5450,5376,81,5457,38
2021-02-18,Alameda,001,1643700,79938,79111,1661,80772,1012
2021-02-18,Alpine,003,1148,78,77,0,77,0
2021-02-18,Amador,005,37829,3435,3417,28,3445,38
2021-02-18,Butte,007,227075,11219,10791,1605,12396,175
2021-02-18,Calaveras,009,45235,1883,1873,11,1884,21
2021-02-18,Colusa,011,21464,1863,1856,256,2112,11
2021-02-18,Contra Costa,013,1133247,62313,60868,1041,61909,640
2021-02-18,Del Norte,015,27424,981,929,4,933,2
2021-02-18,El Dorado,017,186661,9057,8850,600,9450,94
2021-02-18,Fresno,019,978130,95320,93734,7489,101223,1323
2021-02-18,Glenn,021,27897,2225,2195,482,2677,14
2021-02-18,Humboldt,023,135768,3084,3023,22,3045,29
2021-02-18,Imperial,025,180216,27118,26731,2405,29136,591
2021-02-18,Inyo,027,18085,1267,1213,8,1221,32
2021-02-18,Kern,029,883053,92570,90655,9476,100131,961
2021-02-18,Kings,031,150075,22095,21648,938,22586,211
2021-02-18,Lake,033,64148,3138,3066,6,3072,40
2021-02-18,Lassen,035,31185,5095,5052,92,5144,1
2021-02-18,Los Angeles,037,10098052,1166928,1141930,37743,1179673,19358
2021-02-18,Madera,039,155013,15450,15175,790,15965,188
2021-02-18,Marin,041,260295,13065,12895,150,13045,209
2021-02-18,Mariposa,043,17540,375,369,5,374,4
2021-02-18,Mendocino,045,87422,3607,3519,70,3589,39
2021-02-18,Merced,047,269075,28023,27870,868,28738,372
2021-02-18,Modoc,049,8938,331,327,111,438,3
2021-02-18,Mono,051,14174,1174,1182,16,1198,3
2021-02-18,Monterey,053,433212,41661,41091,1623,42714,307
2021-02-18,Napa,055,140530,8917,8877,30,8907,68
2021-02-18,Nevada,057,99092,3939,3836,155,3991,66
2021-02-18,Orange,059,3164182,245572,243098,10002,253100,3673
2021-02-18,Placer,061,380077,20327,19429,1071,20500,232
2021-02-18,Plumas,063,18699,638,624,10,634,4
2021-02-18,Riverside,065,2383286,283916,276595,13148,289743,3510
2021-02-18,Sacramento,067,1510023,93367,91476,1182,92658,1334
2021-02-18,San Benito,069,59416,5697,5697,83,5780,58
2021-02-18,San Bernardino,071,2135413,284757,278887,8419,287306,3066
2021-02-18,San Diego,073,3302833,261581,254987,12644,267631,3135
2021-02-18,San Francisco,075,870044,33808,33650,1020,34670,386
2021-02-18,San Joaquin,077,732212,66123,64634,2644,67278,982
2021-02-18,San Luis Obispo,079,281455,19481,18987,534,19521,230
2021-02-18,San Mateo,081,765935,39093,38185,389,38574,282
2021-02-18,Santa Barbara,083,443738,31831,31054,1008,32062,387
2021-02-18,Santa Clara,085,1922200,108946,108210,540,108750,1605
2021-02-18,Santa Cruz,087,273765,15264,14314,760,15074,176
2021-02-18,Shasta,089,179085,10846,10811,1181,11992,139
2021-02-18,Sierra,091,2930,50,47,12,59,0
2021-02-18,Siskiyou,093,43540,1461,1359,216,1575,4
2021-02-18,Solano,095,438530,29584,29349,344,29693,150
2021-02-18,Sonoma,097,501317,27651,27512,186,27698,281
2021-02-18,Stanislaus,099,539301,50064,49150,5176,54326,738
2021-02-18,Sutter,101,95872,8745,8654,77,8731,96
2021-02-18,Tehama,103,63373,4570,4528,480,5008,30
2021-02-18,Trinity,105,12862,461,282,70,352,3
2021-02-18,Tulare,107,460477,47821,46591,7638,54229,728
2021-02-18,Tuolumne,109,53932,3769,3811,36,3847,52
2021-02-18,Ventura,111,848112,77029,76442,2697,79139,659
2021-02-18,Yolo,113,214977,12717,12549,148,12697,183
2021-02-18,Yuba,115,75493,5433,5358,81,5439,38
2021-02-17,Alameda,001,1643700,79776,78895,1659,80554,1002
2021-02-17,Alpine,003,1148,78,77,0,77,0
2021-02-17,Amador,005,37829,3431,3415,28,3443,38
2021-02-17,Butte,007,227075,11201,10770,1601,12371,174
2021-02-17,Calaveras,009,45235,1883,1876,11,1887,21
2021-02-17,Colusa,011,21464,1860,1854,256,2110,10
2021-02-17,Contra Costa,013,1133247,62175,60723,1038,61761,635
2021-02-17,Del Norte,015,27424,974,920,4,924,2
2021-02-17,El Dorado,017,186661,9046,8847,600,9447,94
2021-02-17,Fresno,019,978130,95181,93555,7462,101017,1307
2021-02-17,Glenn,021,27897,2224,2189,481,2670,14
2021-02-17,Humboldt,023,135768,3069,3006,22,3028,29
2021-02-17,Imperial,025,180216,27104,26726,2401,29127,580
2021-02-17,Inyo,027,18085,1259,1197,8,1205,32
2021-02-17,Kern,029,883053,92452,90454,9432,99886,962
2021-02-17,Kings,031,150075,22057,21617,934,22551,211
2021-02-17,Lake,033,64148,3128,3057,2,3059,38
2021-02-17,Lassen,035,31185,5090,5052,91,5143,1
2021-02-17,Los Angeles,037,10098052,1165872,1139786,37681,1177467,19213
2021-02-17,Madera,039,155013,15425,15135,781,15916,177
2021-02-17,Marin,041,260295,13040,12881,150,13031,207
2021-02-17,Mariposa,043,17540,375,368,4,372,4
2021-02-17,Mendocino,045,87422,3605,3494,69,3563,39
2021-02-17,Merced,047,269075,27968,27824,859,28683,372
2021-02-17,Modoc,049,8938,331,327,111,438,3
2021-02-17,Mono,051,14174,1174,1180,16,1196,3
2021-02-17,Monterey,053,433212,41606,41014,1612,42626,304
2021-02-17,Napa,055,140530,8903,8865,30,8895,68
2021-02-17,Nevada,057,99092,3920,3822,152,3974,52
2021-02-17,Orange,059,3164182,245311,242716,9969,252685,3626
2021-02-17,Placer,061,380077,20293,19405,1067,20472,230
2021-02-17,Plumas,063,18699,637,623,10,633,4
2021-02-17,Riverside,065,2383286,283628,276289,13127,289416,3491
2021-02-17,Sacramento,067,1510023,93208,91309,1175,92484,1326
2021-02-17,San Benito,069,59416,5691,5661,83,5744,57
2021-02-17,San Bernardino,071,2135413,284554,278461,8399,286860,3020
2021-02-17,San Diego,073,3302833,261203,254177,12623,266800,3099
2021-02-17,San Francisco,075,870044,33732,33558,1015,34573,379
2021-02-17,San Joaquin,077,732212,66017,64556,2638,67194,979
2021-02-17,San Luis Obispo,079,281455,19436,18964,534,19498,230
2021-02-17,San Mateo,081,765935,39029,38124,389,38513,282
2021-02-17,Santa Barbara,083,443738,31763,30927,1007,31934,384
2021-02-17,Santa Clara,085,1922200,108714,107949,538,108487,1592
2021-02-17,Santa Cruz,087,273765,15231,14268,757,15025,174
2021-02-17,Shasta,089,179085,10826,10770,1180,11950,139
2021-02-17,Sierra,091,2930,50,47,12,59,0
2021-02-17,Siskiyou,093,43540,1455,1352,213,1565,4
2021-02-17,Solano,095,438530,29527,29288,344,29632,149
2021-02-17,Sonoma,097,501317,27579,27408,181,27589,281
2021-02-17,Stanislaus,099,539301,49951,49050,5160,54210,730
2021-02-17,Sutter,101,95872,8735,8681,77,8758,95
2021-02-17,Tehama,103,63373,4567,4511,480,4991,30
2021-02-17,Trinity,105,12862,461,277,68,345,3
2021-02-17,Tulare,107,460477,47756,46495,7613,54108,726
2021-02-17,Tuolumne,109,53932,3760,3806,36,3842,49
2021-02-17,Ventura,111,848112,76907,76234,2691,78925,646
2021-02-17,Yolo,113,214977,12698,12506,146,12652,182
2021-02-17,Yuba,115,75493,5424,5345,81,5426,38
2021-02-16,Alameda,001,1643700,79607,78756,1656,80412,997
2021-02-16,Alpine,003,1148,78,76,0,76,0
2021-02-16,Amador,005,37829,3424,3413,28,3441,39
2021-02-16,Butte,007,227075,11176,10748,1598,12346,164
2021-02-16,Calaveras,009,45235,1881,1872,11,1883,21
2021-02-16,Colusa,011,21464,1857,1852,254,2106,10
2021-02-16,Contra Costa,013,1133247,62024,60564,1033,61597,631
2021-02-16,Del Norte,015,27424,966,913,4,917,2
2021-02-16,El Dorado,017,186661,9036,8836,598,9434,94
2021-02-16,Fresno,019,978130,95016,93363,7432,100795,1293
2021-02-16,Glenn,021,27897,2220,2189,477,2666,14
2021-02-16,Humboldt,023,135768,3046,2994,21,3015,29
2021-02-16,Imperial,025,180216,27091,26711,2397,29108,580
2021-02-16,Inyo,027,18085,1251,1191,8,1199,32
2021-02-16,Kern,029,883053,92320,90267,9402,99669,959
2021-02-16,Kings,031,150075,22011,21583,930,22513,206
2021-02-16,Lake,033,64148,3121,3041,2,3043,38
2021-02-16,Lassen,035,31185,5078,5047,91,5138,1
2021-02-16,Los Angeles,037,10098052,1164619,1138262,37621,1175883,19044
2021-02-16,Madera,039,155013,15387,15120,776,15896,172
2021-02-16,Marin,041,260295,13012,12832,150,12982,205
2021-02-16,Mariposa,043,17540,375,367,4,371,4
2021-02-16,Mendocino,045,87422,3601,3489,69,3558,39
2021-02-16,Merced,047,269075,27887,27724,853,28577,368
2021-02-16,Modoc,049,8938,331,326,111,437,3
2021-02-16,Mono,051,14174,1174,1180,16,1196,3
2021-02-16,Monterey,053,433212,41530,40962,1603,42565,303
2021-02-16,Napa,055,140530,8890,8854,30,8884,66
2021-02-16,Nevada,057,99092,3907,3774,151,3925,47
2021-02-16,Orange,059,3164182,244990,242382,9953,252335,3612
2021-02-16,Placer,061,380077,20260,19367,1064,20431,230
2021-02-16,Plumas,063,18699,637,619,10,629,4
2021-02-16,Riverside,065,2383286,283321,275954,13105,289059,3471
2021-02-16,Sacramento,067,1510023,92954,91246,1169,92415,1305
2021-02-16,San Benito,069,59416,5683,5659,82,5741,56
2021-02-16,San Bernardino,071,2135413,284331,277947,8390,286337,2978
2021-02-16,San Diego,073,3302833,260738,253638,12584,266222,3042
2021-02-16,San Francisco,075,870044,33660,33491,1010,34501,373
2021-02-16,San Joaquin,077,732212,65887,64448,2635,67083,979
2021-02-16,San Luis Obispo,079,281455,19391,18925,531,19456,229
2021-02-16,San Mateo,081,765935,38970,38041,387,38428,277
2021-02-16,Santa Barbara,083,443738,31689,30865,1004,31869,378
2021-02-16,Santa Clara,085,1922200,108462,107754,535,108289,1591
2021-02-16,Santa Cruz,087,273765,15211,14256,756,15012,174
2021-02-16,Shasta,089,179085,10811,10736,1178,11914,139
2021-02-16,Sierra,091,2930,50,47,12,59,0
2021-02-16,Siskiyou,093,43540,1451,1351,213,1564,4
2021-02-16,Solano,095,438530,29489,29246,343,29589,148
2021-02-16,Sonoma,097,501317,27520,27380,175,27555,279
2021-02-16,Stanislaus,099,539301,49827,48927,5146,54073,716
2021-02-16,Sutter,101,95872,8712,8671,77,8748,95
2021-02-16,Tehama,103,63373,4558,4501,478,4979,30
2021-02-16,Trinity,105,12862,457,275,68,343,3
2021-02-16,Tulare,107,460477,47692,46444,7570,54014,716
2021-02-16,Tuolumne,109,53932,3758,3796,36,3832,49
2021-02-16,Ventura,111,848112,76765,76043,2688,78731,631
2021-02-16,Yolo,113,214977,12669,12457,146,12603,175
2021-02-16,Yuba,115,75493,5417,5332,80,5412,38
2021-02-15,Alameda,001,1643700,79410,78647,1645,80292,996
2021-02-15,Alpine,003,1148,78,76,0,76,0
2021-02-15,Amador,005,37829,3420,3409,28,3437,39
2021-02-15,Butte,007,227075,11158,10723,1594,12317,155
2021-02-15,Calaveras,009,45235,1877,1871,11,1882,21
2021-02-15,Colusa,011,21464,1857,1849,250,2099,10
2021-02-15,Contra Costa,013,1133247,61853,60444,1028,61472,631
2021-02-15,Del Norte,015,27424,962,913,4,917,2
2021-02-15,El Dorado,017,186661,9019,8816,598,9414,94
2021-02-15,Fresno,019,978130,94817,93231,7393,100624,1288
2021-02-15,Glenn,021,27897,2218,2185,476,2661,14
2021-02-15,Humboldt,023,135768,3039,2997,21,3018,29
2021-02-15,Imperial,025,180216,27071,26700,2394,29094,580
2021-02-15,Inyo,027,18085,1232,1184,8,1192,32
2021-02-15,Kern,029,883053,92176,90181,9372,99553,959
2021-02-15,Kings,031,150075,21966,21574,925,22499,205
2021-02-15,Lake,033,64148,3107,3030,1,3031,38
2021-02-15,Lassen,035,31185,5076,5047,90,5137,1
2021-02-15,Los Angeles,037,10098052,1163231,1137164,37560,1174724,18925
2021-02-15,Madera,039,155013,15356,15108,774,15882,106
2021-02-15,Marin,041,260295,12991,12810,147,12957,203
2021-02-15,Mariposa,043,17540,373,367,4,371,4
2021-02-15,Mendocino,045,87422,3589,3481,69,3550,39
2021-02-15,Merced,047,269075,27813,27656,846,28502,368
2021-02-15,Modoc,049,8938,331,326,111,437,3
2021-02-15,Mono,051,14174,1171,1178,16,1194,3
2021-02-15,Monterey,053,433212,41466,40911,1591,42502,302
2021-02-15,Napa,055,140530,8876,8837,30,8867,57
2021-02-15,Nevada,057,99092,3890,3767,150,3917,47
2021-02-15,Orange,059,3164182,244671,242176,9925,252101,3586
2021-02-15,Placer,061,380077,20234,19361,1063,20424,230
2021-02-15,Plumas,063,18699,637,620,10,630,4
2021-02-15,Riverside,065,2383286,282968,275771,13086,288857,3468
2021-02-15,Sacramento,067,1510023,92627,91091,1164,92255,1304
2021-02-15,San Benito,069,59416,5677,5649,82,5731,56
2021-02-15,San Bernardino,071,2135413,284080,277869,8382,286251,2945
2021-02-15,San Diego,073,3302833,260225,252940,12553,265493,3037
2021-02-15,San Francisco,075,870044,33587,33454,1004,34458,373
2021-02-15,San Joaquin,077,732212,65722,64382,2628,67010,979
2021-02-15,San Luis Obispo,079,281455,19338,18891,529,19420,227
2021-02-15,San Mateo,081,765935,38891,37969,384,38353,277
2021-02-15,Santa Barbara,083,443738,31586,30810,1001,31811,378
2021-02-15,Santa Clara,085,1922200,108232,107630,533,108163,1588
2021-02-15,Santa Cruz,087,273765,15179,14239,753,14992,175
2021-02-15,Shasta,089,179085,10791,10730,1173,11903,139
2021-02-15,Sierra,091,2930,50,47,12,59,0
2021-02-15,Siskiyou,093,43540,1443,1345,212,1557,4
2021-02-15,Solano,095,438530,29434,29225,343,29568,148
2021-02-15,Sonoma,097,501317,27436,27359,171,27530,276
2021-02-15,Stanislaus,099,539301,49700,48808,5133,53941,716
2021-02-15,Sutter,101,95872,8697,8652,77,8729,95
2021-02-15,Tehama,103,63373,4549,4492,477,4969,30
2021-02-15,Trinity,105,12862,456,274,68,342,3
2021-02-15,Tulare,107,460477,47621,46344,7531,53875,715
2021-02-15,Tuolumne,109,53932,3748,3794,36,3830,49
2021-02-15,Ventura,111,848112,76610,75889,2685,78574,629
2021-02-15,Yolo,113,214977,12633,12412,145,12557,175
2021-02-15,Yuba,115,75493,5400,5320,79,5399,38
2021-02-14,Alameda,001,1643700,79258,78442,1644,80086,995
2021-02-14,Alpine,003,1148,78,76,0,76,0
2021-02-14,Amador,005,37829,3415,3398,28,3426,39
2021-02-14,Butte,007,227075,11134,10717,1591,12308,155
2021-02-14,Calaveras,009,45235,1873,1866,11,1877,21
2021-02-14,Colusa,011,21464,1853,1845,247,2092,10
2021-02-14,Contra Costa,013,1133247,61703,60272,1025,61297,631
2021-02-14,Del Norte,015,27424,958,911,4,915,2
2021-02-14,El Dorado,017,186661,8987,8790,597,9387,94
2021-02-14,Fresno,019,978130,94646,93065,7370,100435,1287
2021-02-14,Glenn,021,27897,2215,2184,476,2660,14
2021-02-14,Humboldt,023,135768,3026,2992,21,3013,29
2021-02-14,Imperial,025,180216,27064,26696,2393,29089,580
2021-02-14,Inyo,027,18085,1226,1177,8,1185,32
2021-02-14,Kern,029,883053,92016,90038,9319,99357,959
2021-02-14,Kings,031,150075,21940,21538,923,22461,205
2021-02-14,Lake,033,64148,3096,3030,1,3031,38
2021-02-14,Lassen,035,31185,5072,5037,90,5127,1
2021-02-14,Los Angeles,037,10098052,1161884,1135450,37480,1172930,18898
2021-02-14,Madera,039,155013,15324,15089,770,15859,106
2021-02-14,Marin,041,260295,12967,12784,147,12931,201
2021-02-14,Mariposa,043,17540,373,365,4,369,4
2021-02-14,Mendocino,045,87422,3583,3475,69,3544,39
2021-02-14,Merced,047,269075,27731,27601,841,28442,368
2021-02-14,Modoc,049,8938,331,326,111,437,3
2021-02-14,Mono,051,14174,1170,1180,16,1196,3
2021-02-14,Monterey,053,433212,41415,40842,1586,42428,302
2021-02-14,Napa,055,140530,8856,8826,30,8856,57
2021-02-14,Nevada,057,99092,3874,3761,150,3911,47
2021-02-14,Orange,059,3164182,244362,241859,9907,251766,3564
2021-02-14,Placer,061,380077,20195,19313,1058,20371,230
2021-02-14,Plumas,063,18699,636,620,10,630,4
2021-02-14,Riverside,065,2383286,282637,275518,13067,288585,3471
2021-02-14,Sacramento,067,1510023,92420,90856,1160,92016,1304
2021-02-14,San Benito,069,59416,5668,5641,81,5722,56
2021-02-14,San Bernardino,071,2135413,283774,277664,8362,286026,2929
2021-02-14,San Diego,073,3302833,259733,252247,12506,264753,3037
2021-02-14,San Francisco,075,870044,33513,33374,996,34370,372
2021-02-14,San Joaquin,077,732212,65624,64243,2614,66857,979
2021-02-14,San Luis Obispo,079,281455,19300,18868,526,19394,225
2021-02-14,San Mateo,081,765935,38806,37859,384,38243,277
2021-02-14,Santa Barbara,083,443738,31494,30744,997,31741,377
2021-02-14,Santa Clara,085,1922200,108033,107412,529,107941,1582
2021-02-14,Santa Cruz,087,273765,15151,14225,748,14973,175
2021-02-14,Shasta,089,179085,10759,10720,1169,11889,139
2021-02-14,Sierra,091,2930,50,47,12,59,0
2021-02-14,Siskiyou,093,43540,1439,1340,212,1552,4
2021-02-14,Solano,095,438530,29392,29150,340,29490,148
2021-02-14,Sonoma,097,501317,27361,27266,169,27435,276
2021-02-14,Stanislaus,099,539301,49590,48672,5118,53790,716
2021-02-14,Sutter,101,95872,8674,8642,77,8719,95
2021-02-14,Tehama,103,63373,4543,4490,474,4964,30
2021-02-14,Trinity,105,12862,456,272,68,340,3
2021-02-14,Tulare,107,460477,47536,46263,7482,53745,715
2021-02-14,Tuolumne,109,53932,3747,3764,36,3800,49
2021-02-14,Ventura,111,848112,76441,75742,2674,78416,629
2021-02-14,Yolo,113,214977,12604,12399,144,12543,175
2021-02-14,Yuba,115,75493,5390,5314,79,5393,38
2021-02-13,Alameda,001,1643700,79136,78246,1641,79887,995
2021-02-13,Alpine,003,1148,78,76,0,76,0
2021-02-13,Amador,005,37829,3412,3387,28,3415,38
2021-02-13,Butte,007,227075,11118,10699,1589,12288,155
2021-02-13,Calaveras,009,45235,1870,1863,11,1874,21
2021-02-13,Colusa,011,21464,1853,1837,247,2084,10
2021-02-13,Contra Costa,013,1133247,61582,60100,1025,61125,629
2021-02-13,Del Norte,015,27424,956,908,4,912,2
2021-02-13,El Dorado,017,186661,8975,8758,596,9354,93
2021-02-13,Fresno,019,978130,94532,92807,7348,100155,1287
2021-02-13,Glenn,021,27897,2214,2182,474,2656,14
2021-02-13,Humboldt,023,135768,3013,2974,20,2994,29
2021-02-13,Imperial,025,180216,27057,26680,2391,29071,580
2021-02-13,Inyo,027,18085,1222,1168,8,1176,32
2021-02-13,Kern,029,883053,91927,89915,9293,99208,957
2021-02-13,Kings,031,150075,21925,21513,921,22434,205
2021-02-13,Lake,033,64148,3087,3025,1,3026,37
2021-02-13,Lassen,035,31185,5069,5028,90,5118,1
2021-02-13,Los Angeles,037,10098052,1161025,1133752,37434,1171186,18822
2021-02-13,Madera,039,155013,15315,15053,766,15819,106
2021-02-13,Marin,041,260295,12943,12757,147,12904,201
2021-02-13,Mariposa,043,17540,373,365,4,369,4
2021-02-13,Mendocino,045,87422,3573,3466,69,3535,38
2021-02-13,Merced,047,269075,27687,27541,838,28379,368
2021-02-13,Modoc,049,8938,331,325,111,436,3
2021-02-13,Mono,051,14174,1170,1176,16,1192,3
2021-02-13,Monterey,053,433212,41383,40731,1585,42316,301
2021-02-13,Napa,055,140530,8847,8809,30,8839,57
2021-02-13,Nevada,057,99092,3865,3742,149,3891,47
2021-02-13,Orange,059,3164182,244156,241545,9888,251433,3520
2021-02-13,Placer,061,380077,20175,19214,1058,20272,230
2021-02-13,Plumas,063,18699,636,616,10,626,4
2021-02-13,Riverside,065,2383286,282408,275276,13058,288334,3462
2021-02-13,Sacramento,067,1510023,92253,90401,1157,91558,1302
2021-02-13,San Benito,069,59416,5651,5633,81,5714,56
2021-02-13,San Bernardino,071,2135413,283622,277405,8349,285754,2899
2021-02-13,San Diego,073,3302833,259401,251679,12494,264173,3009
2021-02-13,San Francisco,075,870044,33463,33291,986,34277,364
2021-02-13,San Joaquin,077,732212,65555,64105,2604,66709,977
2021-02-13,San Luis Obispo,079,281455,19272,18803,520,19323,225
2021-02-13,San Mateo,081,765935,38753,37745,384,38129,277
2021-02-13,Santa Barbara,083,443738,31442,30594,996,31590,374
2021-02-13,Santa Clara,085,1922200,107844,107125,526,107651,1570
2021-02-13,Santa Cruz,087,273765,15124,14198,747,14945,173
2021-02-13,Shasta,089,179085,10746,10713,1164,11877,139
2021-02-13,Sierra,091,2930,50,47,12,59,0
2021-02-13,Siskiyou,093,43540,1436,1336,212,1548,4
2021-02-13,Solano,095,438530,29356,29084,340,29424,148
2021-02-13,Sonoma,097,501317,27313,27157,167,27324,276
2021-02-13,Stanislaus,099,539301,49519,48568,5112,53680,697
2021-02-13,Sutter,101,95872,8662,8626,77,8703,94
2021-02-13,Tehama,103,63373,4533,4484,473,4957,30
2021-02-13,Trinity,105,12862,455,272,67,339,3
2021-02-13,Tulare,107,460477,47485,46162,7451,53613,709
2021-02-13,Tuolumne,109,53932,3746,3752,36,3788,49
2021-02-13,Ventura,111,848112,76301,75481,2668,78149,618
2021-02-13,Yolo,113,214977,12591,12374,143,12517,175
2021-02-13,Yuba,115,75493,5382,5289,79,5368,38
2021-02-12,Alameda,001,1643700,78987,77958,1635,79593,974
2021-02-12,Alpine,003,1148,78,76,0,76,0
2021-02-12,Amador,005,37829,3408,3381,28,3409,38
2021-02-12,Butte,007,227075,11105,10655,1582,12237,155
2021-02-12,Calaveras,009,45235,1867,1860,11,1871,21
2021-02-12,Colusa,011,21464,1853,1836,247,2083,10
2021-02-12,Contra Costa,013,1133247,61432,59878,1021,60899,620
2021-02-12,Del Norte,015,27424,946,901,4,905,2
2021-02-12,El Dorado,017,186661,8960,8725,593,9318,92
2021-02-12,Fresno,019,978130,94378,92520,7328,99848,1273
2021-02-12,Glenn,021,27897,2211,2175,474,2649,14
2021-02-12,Humboldt,023,135768,3005,2961,20,2981,29
2021-02-12,Imperial,025,180216,27050,26646,2388,29034,585
2021-02-12,Inyo,027,18085,1216,1156,8,1164,32
2021-02-12,Kern,029,883053,91813,89532,9261,98793,949
2021-02-12,Kings,031,150075,21893,21462,916,22378,202
2021-02-12,Lake,033,64148,3082,3012,1,3013,36
2021-02-12,Lassen,035,31185,5067,5015,90,5105,1
2021-02-12,Los Angeles,037,10098052,1159814,1131185,37367,1168552,18637
2021-02-12,Madera,039,155013,15288,15022,763,15785,106
2021-02-12,Marin,041,260295,12917,12720,147,12867,200
2021-02-12,Mariposa,043,17540,372,365,4,369,4
2021-02-12,Mendocino,045,87422,3571,3447,69,3516,38
2021-02-12,Merced,047,269075,27636,27453,835,28288,367
2021-02-12,Modoc,049,8938,331,324,111,435,3
2021-02-12,Mono,051,14174,1169,1172,16,1188,3
2021-02-12,Monterey,053,433212,41335,40633,1576,42209,297
2021-02-12,Napa,055,140530,8835,8785,30,8815,55
2021-02-12,Nevada,057,99092,3860,3728,149,3877,47
2021-02-12,Orange,059,3164182,243917,241075,9873,250948,3505
2021-02-12,Placer,061,380077,20133,19174,1053,20227,230
2021-02-12,Plumas,063,18699,635,614,10,624,4
2021-02-12,Riverside,065,2383286,282130,274792,13043,287835,3438
2021-02-12,Sacramento,067,1510023,92051,90252,1156,91408,1295
2021-02-12,San Benito,069,59416,5635,5622,80,5702,56
2021-02-12,San Bernardino,071,2135413,283432,276890,8338,285228,2827
2021-02-12,San Diego,073,3302833,259013,250788,12468,263256,2979
2021-02-12,San Francisco,075,870044,33403,33179,982,34161,359
2021-02-12,San Joaquin,077,732212,65459,63966,2596,66562,975
2021-02-12,San Luis Obispo,079,281455,19231,18687,519,19206,224
2021-02-12,San Mateo,081,765935,38681,37560,384,37944,254
2021-02-12,Santa Barbara,083,443738,31371,30454,991,31445,372
2021-02-12,Santa Clara,085,1922200,107672,106759,523,107282,1543
2021-02-12,Santa Cruz,087,273765,15104,14147,747,14894,170
2021-02-12,Shasta,089,179085,10728,10693,1154,11847,142
2021-02-12,Sierra,091,2930,49,45,12,57,0
2021-02-12,Siskiyou,093,43540,1432,1324,209,1533,4
2021-02-12,Solano,095,438530,29324,28996,337,29333,147
2021-02-12,Sonoma,097,501317,27258,27064,163,27227,275
2021-02-12,Stanislaus,099,539301,49431,48418,5090,53508,697
2021-02-12,Sutter,101,95872,8649,8609,77,8686,93
2021-02-12,Tehama,103,63373,4526,4470,472,4942,27
2021-02-12,Trinity,105,12862,455,269,67,336,3
2021-02-12,Tulare,107,460477,47407,46016,7425,53441,710
2021-02-12,Tuolumne,109,53932,3743,3736,35,3771,49
2021-02-12,Ventura,111,848112,76131,75210,2662,77872,605
2021-02-12,Yolo,113,214977,12570,12340,143,12483,175
2021-02-12,Yuba,115,75493,5374,5274,79,5353,38
2021-02-11,Alameda,001,1643700,78761,77564,1630,79194,960
2021-02-11,Alpine,003,1148,77,76,0,76,0
2021-02-11,Amador,005,37829,3404,3368,28,3396,35
2021-02-11,Butte,007,227075,11082,10624,1581,12205,155
2021-02-11,Calaveras,009,45235,1864,1856,11,1867,21
2021-02-11,Colusa,011,21464,1848,1823,245,2068,10
2021-02-11,Contra Costa,013,1133247,61265,59633,1017,60650,605
2021-02-11,Del Norte,015,27424,941,894,4,898,2
2021-02-11,El Dorado,017,186661,8939,8698,593,9291,92
2021-02-11,Fresno,019,978130,94225,92168,7305,99473,1255
2021-02-11,Glenn,021,27897,2206,2166,473,2639,14
2021-02-11,Humboldt,023,135768,2992,2954,19,2973,29
2021-02-11,Imperial,025,180216,27026,26545,2386,28931,578
2021-02-11,Inyo,027,18085,1207,1144,8,1152,32
2021-02-11,Kern,029,883053,91622,89224,9218,98442,941
2021-02-11,Kings,031,150075,21863,21373,913,22286,202
2021-02-11,Lake,033,64148,3072,3002,1,3003,36
2021-02-11,Lassen,035,31185,5056,5004,87,5091,1
2021-02-11,Los Angeles,037,10098052,1158185,1128437,37298,1165735,18500
2021-02-11,Madera,039,155013,15267,14984,761,15745,106
2021-02-11,Marin,041,260295,12880,12682,147,12829,200
2021-02-11,Mariposa,043,17540,372,361,4,365,4
2021-02-11,Mendocino,045,87422,3564,3420,69,3489,38
2021-02-11,Merced,047,269075,27570,27325,831,28156,363
2021-02-11,Modoc,049,8938,330,317,111,428,3
2021-02-11,Mono,051,14174,1165,1173,16,1189,3
2021-02-11,Monterey,053,433212,41229,40469,1570,42039,295
2021-02-11,Napa,055,140530,8814,8777,30,8807,55
2021-02-11,Nevada,057,99092,3844,3720,149,3869,47
2021-02-11,Orange,059,3164182,243550,240590,9849,250439,3476
2021-02-11,Placer,061,380077,20093,19118,1052,20170,224
2021-02-11,Plumas,063,18699,634,592,10,602,4
2021-02-11,Riverside,065,2383286,281763,274313,13028,287341,3394
2021-02-11,Sacramento,067,1510023,91808,89988,1150,91138,1286
2021-02-11,San Benito,069,59416,5626,5609,80,5689,56
2021-02-11,San Bernardino,071,2135413,283134,276349,8324,284673,2774
2021-02-11,San Diego,073,3302833,258460,249971,12434,262405,2955
2021-02-11,San Francisco,075,870044,33320,33076,973,34049,356
2021-02-11,San Joaquin,077,732212,65291,63719,2586,66305,971
2021-02-11,San Luis Obispo,079,281455,19166,18615,515,19130,219
2021-02-11,San Mateo,081,765935,38589,37439,382,37821,253
2021-02-11,Santa Barbara,083,443738,31273,30375,986,31361,370
2021-02-11,Santa Clara,085,1922200,107412,106392,518,106910,1507
2021-02-11,Santa Cruz,087,273765,15081,14088,742,14830,165
2021-02-11,Shasta,089,179085,10704,10672,1150,11822,140
2021-02-11,Sierra,091,2930,49,45,12,57,0
2021-02-11,Siskiyou,093,43540,1417,1320,209,1529,4
2021-02-11,Solano,095,438530,29271,28885,337,29222,138
2021-02-11,Sonoma,097,501317,27173,26971,160,27131,272
2021-02-11,Stanislaus,099,539301,49286,48205,5078,53283,697
2021-02-11,Sutter,101,95872,8635,8590,76,8666,93
2021-02-11,Tehama,103,63373,4520,4463,472,4935,26
2021-02-11,Trinity,105,12862,455,269,67,336,3
2021-02-11,Tulare,107,460477,47312,45897,7385,53282,706
2021-02-11,Tuolumne,109,53932,3706,3716,35,3751,48
2021-02-11,Ventura,111,848112,75929,74959,2653,77612,590
2021-02-11,Yolo,113,214977,12546,12303,143,12446,173
2021-02-11,Yuba,115,75493,5360,5261,78,5339,38
2021-02-10,Alameda,001,1643700,78560,77344,1629,78973,944
2021-02-10,Alpine,003,1148,77,76,0,76,0
2021-02-10,Amador,005,37829,3392,3348,28,3376,35
2021-02-10,Butte,007,227075,11054,10594,1580,12174,155
2021-02-10,Calaveras,009,45235,1862,1850,11,1861,21
2021-02-10,Colusa,011,21464,1841,1815,243,2058,10
2021-02-10,Contra Costa,013,1133247,61090,59488,1015,60503,590
2021-02-10,Del Norte,015,27424,935,888,4,892,2
2021-02-10,El Dorado,017,186661,8908,8682,589,9271,87
2021-02-10,Fresno,019,978130,94050,91876,7280,99156,1247
2021-02-10,Glenn,021,27897,2202,2160,471,2631,14
2021-02-10,Humboldt,023,135768,2984,2924,19,2943,29
2021-02-10,Imperial,025,180216,26988,26522,2383,28905,578
2021-02-10,Inyo,027,18085,1195,1138,8,1146,30
2021-02-10,Kern,029,883053,91415,88933,9164,98097,926
2021-02-10,Kings,031,150075,21820,21294,911,22205,197
2021-02-10,Lake,033,64148,3059,2975,1,2976,36
2021-02-10,Lassen,035,31185,5052,4993,87,5080,1
2021-02-10,Los Angeles,037,10098052,1156436,1125437,37171,1162608,18338
2021-02-10,Madera,039,155013,15228,14925,759,15684,105
2021-02-10,Marin,041,260295,12843,12651,147,12798,199
2021-02-10,Mariposa,043,17540,370,360,4,364,4
2021-02-10,Mendocino,045,87422,3549,3395,69,3464,38
2021-02-10,Merced,047,269075,27487,27246,820,28066,359
2021-02-10,Modoc,049,8938,329,315,109,424,3
2021-02-10,Mono,051,14174,1160,1170,16,1186,3
2021-02-10,Monterey,053,433212,41152,40366,1556,41922,288
2021-02-10,Napa,055,140530,8795,8769,30,8799,55
2021-02-10,Nevada,057,99092,3829,3693,147,3840,47
2021-02-10,Orange,059,3164182,243132,239974,9818,249792,3439
2021-02-10,Placer,061,380077,20053,19062,1047,20109,220
2021-02-10,Plumas,063,18699,631,589,10,599,2
2021-02-10,Riverside,065,2383286,281335,273721,13018,286739,3374
2021-02-10,Sacramento,067,1510023,91557,89653,1146,90799,1275
2021-02-10,San Benito,069,59416,5612,5591,80,5671,55
2021-02-10,San Bernardino,071,2135413,282780,275616,8308,283924,2696
2021-02-10,San Diego,073,3302833,257878,248858,12396,261254,2904
2021-02-10,San Francisco,075,870044,33237,32955,970,33925,351
2021-02-10,San Joaquin,077,732212,65149,63484,2572,66056,954
2021-02-10,San Luis Obispo,079,281455,19087,18549,513,19062,216
2021-02-10,San Mateo,081,765935,38498,37323,382,37705,245
2021-02-10,Santa Barbara,083,443738,31182,30216,981,31197,359
2021-02-10,Santa Clara,085,1922200,107172,106048,515,106563,1489
2021-02-10,Santa Cruz,087,273765,15045,14007,740,14747,165
2021-02-10,Shasta,089,179085,10681,10645,1147,11792,142
2021-02-10,Sierra,091,2930,49,45,12,57,0
2021-02-10,Siskiyou,093,43540,1412,1314,208,1522,4
2021-02-10,Solano,095,438530,29196,28835,335,29170,137
2021-02-10,Sonoma,097,501317,27077,26881,158,27039,271
2021-02-10,Stanislaus,099,539301,49169,48016,5062,53078,696
2021-02-10,Sutter,101,95872,8618,8571,76,8647,93
2021-02-10,Tehama,103,63373,4512,4445,472,4917,23
2021-02-10,Trinity,105,12862,452,268,67,335,3
2021-02-10,Tulare,107,460477,47194,45782,7347,53129,696
2021-02-10,Tuolumne,109,53932,3698,3691,35,3726,48
2021-02-10,Ventura,111,848112,75701,74651,2636,77287,580
2021-02-10,Yolo,113,214977,12522,12276,143,12419,174
2021-02-10,Yuba,115,75493,5342,5241,78,5319,38
2021-02-09,Alameda,001,1643700,78298,77018,1625,78643,936
2021-02-09,Alpine,003,1148,77,76,0,76,0
2021-02-09,Amador,005,37829,3384,3347,28,3375,35
2021-02-09,Butte,007,227075,11028,10563,1577,12140,153
2021-02-09,Calaveras,009,45235,1858,1847,11,1858,21
2021-02-09,Colusa,011,21464,1832,1812,238,2050,10
2021-02-09,Contra Costa,013,1133247,60900,59307,1009,60316,583
2021-02-09,Del Norte,015,27424,929,886,4,890,2
2021-02-09,El Dorado,017,186661,8880,8663,587,9250,87
2021-02-09,Fresno,019,978130,93808,91730,7252,98982,1211
2021-02-09,Glenn,021,27897,2198,2156,471,2627,14
2021-02-09,Humboldt,023,135768,2976,2904,19,2923,29
2021-02-09,Imperial,025,180216,26958,26509,2380,28889,568
2021-02-09,Inyo,027,18085,1187,1137,8,1145,30
2021-02-09,Kern,029,883053,91163,88684,9118,97802,920
2021-02-09,Kings,031,150075,21778,21275,909,22184,196
2021-02-09,Lake,033,64148,3048,2955,1,2956,36
2021-02-09,Lassen,035,31185,5045,4983,87,5070,1
2021-02-09,Los Angeles,037,10098052,1154457,1122745,37090,1159835,18198
2021-02-09,Madera,039,155013,15208,14912,756,15668,105
2021-02-09,Marin,041,260295,12811,12623,146,12769,197
2021-02-09,Mariposa,043,17540,368,355,4,359,4
2021-02-09,Mendocino,045,87422,3531,3369,69,3438,38
2021-02-09,Merced,047,269075,27389,27166,815,27981,354
2021-02-09,Modoc,049,8938,328,316,109,425,3
2021-02-09,Mono,051,14174,1159,1167,16,1183,3
2021-02-09,Monterey,053,433212,41044,40279,1543,41822,285
2021-02-09,Napa,055,140530,8782,8749,30,8779,55
2021-02-09,Nevada,057,99092,3812,3687,147,3834,44
2021-02-09,Orange,059,3164182,242721,239169,9787,248956,3406
2021-02-09,Placer,061,380077,19988,19008,1040,20048,220
2021-02-09,Plumas,063,18699,631,584,10,594,2
2021-02-09,Riverside,065,2383286,280841,273465,13001,286466,3334
2021-02-09,Sacramento,067,1510023,91247,89378,1145,90523,1265
2021-02-09,San Benito,069,59416,5600,5566,79,5645,54
2021-02-09,San Bernardino,071,2135413,282409,274998,8295,283293,2613
2021-02-09,San Diego,073,3302833,257220,248048,12353,260401,2853
2021-02-09,San Francisco,075,870044,33157,32782,960,33742,349
2021-02-09,San Joaquin,077,732212,64974,63341,2567,65908,937
2021-02-09,San Luis Obispo,079,281455,19028,18489,512,19001,216
2021-02-09,San Mateo,081,765935,38367,37227,381,37608,235
2021-02-09,Santa Barbara,083,443738,31070,30118,975,31093,351
2021-02-09,Santa Clara,085,1922200,106866,105762,512,106274,1463
2021-02-09,Santa Cruz,087,273765,14994,13958,735,14693,162
2021-02-09,Shasta,089,179085,10653,10595,1145,11740,139
2021-02-09,Sierra,091,2930,49,44,12,56,0
2021-02-09,Siskiyou,093,43540,1404,1306,206,1512,4
2021-02-09,Solano,095,438530,29117,28769,332,29101,131
2021-02-09,Sonoma,097,501317,26987,26826,156,26982,267
2021-02-09,Stanislaus,099,539301,49009,47906,5047,52953,679
2021-02-09,Sutter,101,95872,8602,8541,76,8617,92
2021-02-09,Tehama,103,63373,4505,4416,471,4887,22
2021-02-09,Trinity,105,12862,452,266,67,333,3
2021-02-09,Tulare,107,460477,47060,45704,7295,52999,686
2021-02-09,Tuolumne,109,53932,3679,3673,35,3708,48
2021-02-09,Ventura,111,848112,75450,74333,2628,76961,567
2021-02-09,Yolo,113,214977,12480,12220,143,12363,174
2021-02-09,Yuba,115,75493,5333,5235,78,5313,35
2021-02-08,Alameda,001,1643700,78037,76735,1620,78355,924
2021-02-08,Alpine,003,1148,77,73,0,73,0
2021-02-08,Amador,005,37829,3377,3344,27,3371,33
2021-02-08,Butte,007,227075,11006,10524,1573,12097,152
2021-02-08,Calaveras,009,45235,1857,1840,11,1851,21
2021-02-08,Colusa,011,21464,1824,1802,234,2036,10
2021-02-08,Contra Costa,013,1133247,60689,59039,1007,60046,567
2021-02-08,Del Norte,015,27424,926,885,4,889,2
2021-02-08,El Dorado,017,186661,8848,8627,584,9211,86
2021-02-08,Fresno,019,978130,93595,91430,7227,98657,1207
2021-02-08,Glenn,021,27897,2194,2148,469,2617,14
2021-02-08,Humboldt,023,135768,2968,2902,19,2921,29
2021-02-08,Imperial,025,180216,26936,26526,2378,28904,567
2021-02-08,Inyo,027,18085,1174,1126,8,1134,30
2021-02-08,Kern,029,883053,90946,88380,9057,97437,920
2021-02-08,Kings,031,150075,21716,21232,906,22138,195
2021-02-08,Lake,033,64148,3029,2949,1,2950,36
2021-02-08,Lassen,035,31185,5032,4976,87,5063,1
2021-02-08,Los Angeles,037,10098052,1152360,1120179,36969,1157148,17977
2021-02-08,Madera,039,155013,15172,14887,749,15636,93
2021-02-08,Marin,041,260295,12781,12591,146,12737,194
2021-02-08,Mariposa,043,17540,368,355,4,359,4
2021-02-08,Mendocino,045,87422,3517,3355,69,3424,38
2021-02-08,Merced,047,269075,27306,27082,810,27892,346
2021-02-08,Modoc,049,8938,326,318,109,427,3
2021-02-08,Mono,051,14174,1159,1165,16,1181,3
2021-02-08,Monterey,053,433212,40924,40186,1524,41710,283
2021-02-08,Napa,055,140530,8767,8719,30,8749,55
2021-02-08,Nevada,057,99092,3800,3671,147,3818,44
2021-02-08,Orange,059,3164182,242254,238715,9764,248479,3361
2021-02-08,Placer,061,380077,19947,18944,1034,19978,211
2021-02-08,Plumas,063,18699,630,584,10,594,2
2021-02-08,Riverside,065,2383286,280273,272904,12975,285879,3301
2021-02-08,Sacramento,067,1510023,90961,89267,1142,90409,1247
2021-02-08,San Benito,069,59416,5595,5553,78,5631,52
2021-02-08,San Bernardino,071,2135413,282006,274661,8289,282950,2587
2021-02-08,San Diego,073,3302833,256477,247259,12312,259571,2821
2021-02-08,San Francisco,075,870044,33063,32679,952,33631,348
2021-02-08,San Joaquin,077,732212,64813,63148,2557,65705,929
2021-02-08,San Luis Obispo,079,281455,18971,18421,507,18928,214
2021-02-08,San Mateo,081,765935,38258,37084,381,37465,232
2021-02-08,Santa Barbara,083,443738,30955,29978,968,30946,340
2021-02-08,Santa Clara,085,1922200,106543,105413,504,105917,1456
2021-02-08,Santa Cruz,087,273765,14955,13921,729,14650,161
2021-02-08,Shasta,089,179085,10626,10574,1139,11713,137
2021-02-08,Sierra,091,2930,49,44,12,56,0
2021-02-08,Siskiyou,093,43540,1401,1303,206,1509,4
2021-02-08,Solano,095,438530,29051,28644,330,28974,130
2021-02-08,Sonoma,097,501317,26896,26760,155,26915,259
2021-02-08,Stanislaus,099,539301,48854,47704,5019,52723,679
2021-02-08,Sutter,101,95872,8583,8526,76,8602,92
2021-02-08,Tehama,103,63373,4495,4403,468,4871,22
2021-02-08,Trinity,105,12862,450,266,67,333,3
2021-02-08,Tulare,107,460477,46952,45617,7255,52872,673
2021-02-08,Tuolumne,109,53932,3671,3647,35,3682,48
2021-02-08,Ventura,111,848112,75193,74068,2623,76691,565
2021-02-08,Yolo,113,214977,12448,12169,142,12311,162
2021-02-08,Yuba,115,75493,5317,5215,78,5293,35
2021-02-07,Alameda,001,1643700,77736,76500,1612,78112,924
2021-02-07,Alpine,003,1148,74,72,0,72,0
2021-02-07,Amador,005,37829,3356,3343,27,3370,33
2021-02-07,Butte,007,227075,10974,10513,1565,12078,152
2021-02-07,Calaveras,009,45235,1853,1837,11,1848,21
2021-02-07,Colusa,011,21464,1813,1795,232,2027,10
2021-02-07,Contra Costa,013,1133247,60445,58836,1002,59838,566
2021-02-07,Del Norte,015,27424,922,881,4,885,2
2021-02-07,El Dorado,017,186661,8819,8596,582,9178,86
2021-02-07,Fresno,019,978130,93365,91184,7189,98373,1207
2021-02-07,Glenn,021,27897,2190,2141,464,2605,14
2021-02-07,Humboldt,023,135768,2947,2895,19,2914,28
2021-02-07,Imperial,025,180216,26907,26518,2373,28891,567
2021-02-07,Inyo,027,18085,1163,1124,8,1132,27
2021-02-07,Kern,029,883053,90698,88146,8999,97145,920
2021-02-07,Kings,031,150075,21655,21180,903,22083,192
2021-02-07,Lake,033,64148,3014,2940,1,2941,36
2021-02-07,Lassen,035,31185,5021,4973,87,5060,1
2021-02-07,Los Angeles,037,10098052,1149601,1117551,36844,1154395,17889
2021-02-07,Madera,039,155013,15138,14850,745,15595,93
2021-02-07,Marin,041,260295,12748,12571,144,12715,194
2021-02-07,Mariposa,043,17540,367,355,4,359,4
2021-02-07,Mendocino,045,87422,3500,3348,69,3417,38
2021-02-07,Merced,047,269075,27194,26977,798,27775,346
2021-02-07,Modoc,049,8938,326,317,105,422,3
2021-02-07,Mono,051,14174,1156,1165,16,1181,3
2021-02-07,Monterey,053,433212,40788,40113,1505,41618,283
2021-02-07,Napa,055,140530,8744,8701,30,8731,55
2021-02-07,Nevada,057,99092,3789,3643,147,3790,44
2021-02-07,Orange,059,3164182,241656,238155,9731,247886,3336
2021-02-07,Placer,061,380077,19900,18903,1021,19924,211
2021-02-07,Plumas,063,18699,630,584,10,594,2
2021-02-07,Riverside,065,2383286,279744,272301,12954,285255,3267
2021-02-07,Sacramento,067,1510023,90628,88919,1135,90054,1246
2021-02-07,San Benito,069,59416,5576,5548,77,5625,52
2021-02-07,San Bernardino,071,2135413,281413,274316,8264,282580,2587
2021-02-07,San Diego,073,3302833,255691,246561,12248,258809,2821
2021-02-07,San Francisco,075,870044,32943,32609,940,33549,348
2021-02-07,San Joaquin,077,732212,64539,63051,2543,65594,929
2021-02-07,San Luis Obispo,079,281455,18899,18349,500,18849,214
2021-02-07,San Mateo,081,765935,38124,36984,379,37363,232
2021-02-07,Santa Barbara,083,443738,30815,29815,956,30771,340
2021-02-07,Santa Clara,085,1922200,106204,105118,494,105612,1450
2021-02-07,Santa Cruz,087,273765,14901,13887,724,14611,161
2021-02-07,Shasta,089,179085,10606,10570,1131,11701,137
2021-02-07,Sierra,091,2930,49,43,12,55,0
2021-02-07,Siskiyou,093,43540,1394,1295,204,1499,4
2021-02-07,Solano,095,438530,28940,28567,329,28896,130
2021-02-07,Sonoma,097,501317,26789,26684,151,26835,257
2021-02-07,Stanislaus,099,539301,48664,47551,4987,52538,679
2021-02-07,Sutter,101,95872,8555,8515,76,8591,92
2021-02-07,Tehama,103,63373,4479,4396,467,4863,22
2021-02-07,Trinity,105,12862,447,264,65,329,3
2021-02-07,Tulare,107,460477,46830,45520,7177,52697,671
2021-02-07,Tuolumne,109,53932,3647,3619,34,3653,48
2021-02-07,Ventura,111,848112,74882,73759,2611,76370,561
2021-02-07,Yolo,113,214977,12403,12135,142,12277,162
2021-02-07,Yuba,115,75493,5302,5198,76,5274,35
2021-02-06,Alameda,001,1643700,77583,76170,1601,77771,922
2021-02-06,Alpine,003,1148,74,72,0,72,0
2021-02-06,Amador,005,37829,3350,3306,27,3333,33
2021-02-06,Butte,007,227075,10957,10480,1561,12041,150
2021-02-06,Calaveras,009,45235,1851,1832,11,1843,21
2021-02-06,Colusa,011,21464,1811,1791,231,2022,10
2021-02-06,Contra Costa,013,1133247,60298,58567,996,59563,566
2021-02-06,Del Norte,015,27424,918,879,4,883,2
2021-02-06,El Dorado,017,186661,8812,8575,578,9153,86
2021-02-06,Fresno,019,978130,93252,90944,7168,98112,1207
2021-02-06,Glenn,021,27897,2188,2136,463,2599,14
2021-02-06,Humboldt,023,135768,2936,2880,19,2899,28
2021-02-06,Imperial,025,180216,26895,26514,2372,28886,567
2021-02-06,Inyo,027,18085,1160,1113,8,1121,27
2021-02-06,Kern,029,883053,90544,87919,8953,96872,912
2021-02-06,Kings,031,150075,21624,21156,903,22059,190
2021-02-06,Lake,033,64148,3009,2920,1,2921,34
2021-02-06,Lassen,035,31185,5017,4964,86,5050,1
2021-02-06,Los Angeles,037,10098052,1148245,1114718,36747,1151465,17793
2021-02-06,Madera,039,155013,15117,14807,743,15550,93
2021-02-06,Marin,041,260295,12728,12531,144,12675,194
2021-02-06,Mariposa,043,17540,366,355,3,358,4
2021-02-06,Mendocino,045,87422,3482,3316,68,3384,38
2021-02-06,Merced,047,269075,27108,26881,790,27671,346
2021-02-06,Modoc,049,8938,326,313,105,418,3
2021-02-06,Mono,051,14174,1155,1159,16,1175,3
2021-02-06,Monterey,053,433212,40730,39995,1497,41492,282
2021-02-06,Napa,055,140530,8731,8639,30,8669,55
2021-02-06,Nevada,057,99092,3777,3624,147,3771,43
2021-02-06,Orange,059,3164182,241292,237391,9697,247088,3293
2021-02-06,Placer,061,380077,19863,18836,1018,19854,211
2021-02-06,Plumas,063,18699,630,584,10,594,2
2021-02-06,Riverside,065,2383286,279376,271741,12935,284676,3243
2021-02-06,Sacramento,067,1510023,90411,88532,1125,89657,1237
2021-02-06,San Benito,069,59416,5558,5516,77,5593,52
2021-02-06,San Bernardino,071,2135413,281104,273718,8242,281960,2564
2021-02-06,San Diego,073,3302833,255195,245331,12213,257544,2812
2021-02-06,San Francisco,075,870044,32869,32437,930,33367,346
2021-02-06,San Joaquin,077,732212,64460,62840,2532,65372,906
2021-02-06,San Luis Obispo,079,281455,18857,18284,496,18780,214
2021-02-06,San Mateo,081,765935,38056,36824,376,37200,232
2021-02-06,Santa Barbara,083,443738,30739,29645,954,30599,337
2021-02-06,Santa Clara,085,1922200,105982,104639,489,105128,1439
2021-02-06,Santa Cruz,087,273765,14870,13845,720,14565,161
2021-02-06,Shasta,089,179085,10595,10561,1129,11690,137
2021-02-06,Sierra,091,2930,49,43,12,55,0
2021-02-06,Siskiyou,093,43540,1391,1289,203,1492,4
2021-02-06,Solano,095,438530,28904,28446,328,28774,129
2021-02-06,Sonoma,097,501317,26752,26564,149,26713,257
2021-02-06,Stanislaus,099,539301,48568,47325,4972,52297,679
2021-02-06,Sutter,101,95872,8547,8485,76,8561,92
2021-02-06,Tehama,103,63373,4469,4380,466,4846,22
2021-02-06,Trinity,105,12862,447,263,65,328,3
2021-02-06,Tulare,107,460477,46762,45349,7132,52481,664
2021-02-06,Tuolumne,109,53932,3640,3612,34,3646,48
2021-02-06,Ventura,111,848112,74702,73431,2605,76036,552
2021-02-06,Yolo,113,214977,12380,12061,142,12203,161
2021-02-06,Yuba,115,75493,5292,5177,75,5252,35
2021-02-05,Alameda,001,1643700,77354,75716,1599,77315,916
2021-02-05,Alpine,003,1148,74,72,0,72,0
2021-02-05,Amador,005,37829,3345,3299,26,3325,33
2021-02-05,Butte,007,227075,10938,10421,1554,11975,150
2021-02-05,Calaveras,009,45235,1847,1818,11,1829,21
2021-02-05,Colusa,011,21464,1807,1785,231,2016,10
2021-02-05,Contra Costa,013,1133247,60137,58195,994,59189,560
2021-02-05,Del Norte,015,27424,917,874,4,878,2
2021-02-05,El Dorado,017,186661,8793,8527,576,9103,86
2021-02-05,Fresno,019,978130,93050,90513,7147,97660,1194
2021-02-05,Glenn,021,27897,2185,2122,458,2580,14
2021-02-05,Humboldt,023,135768,2926,2857,19,2876,28
2021-02-05,Imperial,025,180216,26876,26474,2371,28845,557
2021-02-05,Inyo,027,18085,1156,1104,8,1112,27
2021-02-05,Kern,029,883053,90375,87470,8887,96357,906
2021-02-05,Kings,031,150075,21586,21021,900,21921,190
2021-02-05,Lake,033,64148,2997,2906,1,2907,33
2021-02-05,Lassen,035,31185,5013,4936,86,5022,1
2021-02-05,Los Angeles,037,10098052,1146146,1110384,36615,1146999,17608
2021-02-05,Madera,039,155013,15083,14752,738,15490,95
2021-02-05,Marin,041,260295,12693,12479,144,12623,193
2021-02-05,Mariposa,043,17540,366,352,3,355,4
2021-02-05,Mendocino,045,87422,3468,3272,68,3340,38
2021-02-05,Merced,047,269075,27048,26760,789,27549,345
2021-02-05,Modoc,049,8938,326,312,105,417,3
2021-02-05,Mono,051,14174,1154,1157,16,1173,3
2021-02-05,Monterey,053,433212,40663,39840,1486,41326,281
2021-02-05,Napa,055,140530,8717,8598,30,8628,55
2021-02-05,Nevada,057,99092,3774,3607,147,3754,43
2021-02-05,Orange,059,3164182,240865,236335,9670,246005,3260
2021-02-05,Placer,061,380077,19827,18756,1016,19772,211
2021-02-05,Plumas,063,18699,628,578,10,588,2
2021-02-05,Riverside,065,2383286,278960,270666,12916,283582,3235
2021-02-05,Sacramento,067,1510023,90230,87992,1118,89110,1231
2021-02-05,San Benito,069,59416,5547,5502,77,5579,51
2021-02-05,San Bernardino,071,2135413,280759,272938,8226,281164,2495
2021-02-05,San Diego,073,3302833,254619,244066,12178,256244,2777
2021-02-05,San Francisco,075,870044,32779,32229,919,33148,337
2021-02-05,San Joaquin,077,732212,64311,62565,2524,65089,902
2021-02-05,San Luis Obispo,079,281455,18796,18152,492,18644,213
2021-02-05,San Mateo,081,765935,37973,36582,375,36957,227
2021-02-05,Santa Barbara,083,443738,30642,29455,941,30396,334
2021-02-05,Santa Clara,085,1922200,105734,104112,487,104599,1421
2021-02-05,Santa Cruz,087,273765,14849,13776,718,14494,161
2021-02-05,Shasta,089,179085,10579,10507,1122,11629,136
2021-02-05,Sierra,091,2930,49,42,12,54,0
2021-02-05,Siskiyou,093,43540,1384,1276,201,1477,4
2021-02-05,Solano,095,438530,28854,28283,328,28611,127
2021-02-05,Sonoma,097,501317,26683,26423,146,26569,252
2021-02-05,Stanislaus,099,539301,48423,47024,4954,51978,678
2021-02-05,Sutter,101,95872,8527,8443,76,8519,92
2021-02-05,Tehama,103,63373,4460,4355,465,4820,22
2021-02-05,Trinity,105,12862,446,260,65,325,3
2021-02-05,Tulare,107,460477,46685,45138,7084,52222,663
2021-02-05,Tuolumne,109,53932,3614,3595,34,3629,45
2021-02-05,Ventura,111,848112,74457,72953,2593,75546,546
2021-02-05,Yolo,113,214977,12362,12025,139,12164,162
2021-02-05,Yuba,115,75493,5275,5145,75,5220,35
2021-02-04,Alameda,001,1643700,77069,75422,1593,77015,899
2021-02-04,Alpine,003,1148,73,72,0,72,0
2021-02-04,Amador,005,37829,3342,3288,26,3314,33
2021-02-04,Butte,007,227075,10905,10386,1546,11932,147
2021-02-04,Calaveras,009,45235,1845,1808,11,1819,21
2021-02-04,Colusa,011,21464,1803,1777,229,2006,10
2021-02-04,Contra Costa,013,1133247,59949,57991,990,58981,550
2021-02-04,Del Norte,015,27424,911,870,4,874,2
2021-02-04,El Dorado,017,186661,8767,8490,573,9063,86
2021-02-04,Fresno,019,978130,92835,90126,7120,97246,1114
2021-02-04,Glenn,021,27897,2180,2102,457,2559,14
2021-02-04,Humboldt,023,135768,2916,2827,19,2846,28
2021-02-04,Imperial,025,180216,26831,26411,2369,28780,556
2021-02-04,Inyo,027,18085,1144,1084,8,1092,27
2021-02-04,Kern,029,883053,90101,87156,8811,95967,898
2021-02-04,Kings,031,150075,21536,20918,894,21812,187
2021-02-04,Lake,033,64148,2985,2882,1,2883,34
2021-02-04,Lassen,035,31185,5010,4927,86,5013,1
2021-02-04,Los Angeles,037,10098052,1143349,1106323,36490,1142813,17396
2021-02-04,Madera,039,155013,15053,14706,735,15441,95
2021-02-04,Marin,041,260295,12658,12431,144,12575,192
2021-02-04,Mariposa,043,17540,366,348,3,351,4
2021-02-04,Mendocino,045,87422,3450,3240,66,3306,38
2021-02-04,Merced,047,269075,26953,26629,786,27415,345
2021-02-04,Modoc,049,8938,326,309,105,414,3
2021-02-04,Mono,051,14174,1152,1153,16,1169,3
2021-02-04,Monterey,053,433212,40552,39619,1469,41088,279
2021-02-04,Napa,055,140530,8688,8573,30,8603,55
2021-02-04,Nevada,057,99092,3754,3590,146,3736,37
2021-02-04,Orange,059,3164182,240223,235677,9628,245305,3238
2021-02-04,Placer,061,380077,19767,18711,1007,19718,210
2021-02-04,Plumas,063,18699,625,562,10,572,2
2021-02-04,Riverside,065,2383286,278197,269851,12877,282728,3230
2021-02-04,Sacramento,067,1510023,89929,87658,1108,88766,1222
2021-02-04,San Benito,069,59416,5533,5488,76,5564,51
2021-02-04,San Bernardino,071,2135413,280210,272223,8206,280429,2409
2021-02-04,San Diego,073,3302833,253831,242613,12112,254725,2738
2021-02-04,San Francisco,075,870044,32665,32116,910,33026,326
2021-02-04,San Joaquin,077,732212,64086,62374,2516,64890,883
2021-02-04,San Luis Obispo,079,281455,18729,18058,490,18548,211
2021-02-04,San Mateo,081,765935,37852,36437,372,36809,226
2021-02-04,Santa Barbara,083,443738,30507,29344,924,30268,322
2021-02-04,Santa Clara,085,1922200,105391,103781,484,104265,1404
2021-02-04,Santa Cruz,087,273765,14816,13713,710,14423,156
2021-02-04,Shasta,089,179085,10553,10466,1117,11583,131
2021-02-04,Sierra,091,2930,49,42,12,54,0
2021-02-04,Siskiyou,093,43540,1375,1273,201,1474,4
2021-02-04,Solano,095,438530,28751,28192,327,28519,120
2021-02-04,Sonoma,097,501317,26601,26276,143,26419,249
2021-02-04,Stanislaus,099,539301,48262,46822,4935,51757,678
2021-02-04,Sutter,101,95872,8507,8401,76,8477,92
2021-02-04,Tehama,103,63373,4443,4327,464,4791,21
2021-02-04,Trinity,105,12862,445,260,64,324,3
2021-02-04,Tulare,107,460477,46558,44983,7026,52009,656
2021-02-04,Tuolumne,109,53932,3574,3585,34,3619,45
2021-02-04,Ventura,111,848112,74125,72595,2580,75175,537
2021-02-04,Yolo,113,214977,12328,11982,138,12120,161
2021-02-04,Yuba,115,75493,5249,5135,75,5210,34
2021-02-03,Alameda,001,1643700,76745,74968,1590,76558,880
2021-02-03,Alpine,003,1148,73,72,0,72,0
2021-02-03,Amador,005,37829,3338,3281,26,3307,33
2021-02-03,Butte,007,227075,10873,10355,1539,11894,144
2021-02-03,Calaveras,009,45235,1830,1799,11,1810,21
2021-02-03,Colusa,011,21464,1798,1773,228,2001,10
2021-02-03,Contra Costa,013,1133247,59708,57762,978,58740,537
2021-02-03,Del Norte,015,27424,906,869,4,873,2
2021-02-03,El Dorado,017,186661,8746,8428,572,9000,86
2021-02-03,Fresno,019,978130,92613,89748,7081,96829,1015
2021-02-03,Glenn,021,27897,2170,2098,456,2554,14
2021-02-03,Humboldt,023,135768,2906,2800,19,2819,27
2021-02-03,Imperial,025,180216,26795,26363,2363,28726,547
2021-02-03,Inyo,027,18085,1134,1071,8,1079,27
2021-02-03,Kern,029,883053,89858,86771,8770,95541,877
2021-02-03,Kings,031,150075,21475,20831,892,21723,172
2021-02-03,Lake,033,64148,2967,2869,1,2870,33
2021-02-03,Lassen,035,31185,4998,4910,86,4996,1
2021-02-03,Los Angeles,037,10098052,1140264,1101890,36371,1138261,17163
2021-02-03,Madera,039,155013,15013,14605,733,15338,94
2021-02-03,Marin,041,260295,12623,12406,144,12550,190
2021-02-03,Mariposa,043,17540,365,347,3,350,4
2021-02-03,Mendocino,045,87422,3424,3236,65,3301,38
2021-02-03,Merced,047,269075,26838,26520,782,27302,343
2021-02-03,Modoc,049,8938,325,308,105,413,3
2021-02-03,Mono,051,14174,1145,1146,16,1162,3
2021-02-03,Monterey,053,433212,40425,39500,1452,40952,279
2021-02-03,Napa,055,140530,8653,8534,30,8564,54
2021-02-03,Nevada,057,99092,3740,3572,146,3718,35
2021-02-03,Orange,059,3164182,239479,234738,9596,244334,3189
2021-02-03,Placer,061,380077,19712,18646,1005,19651,210
2021-02-03,Plumas,063,18699,625,559,10,569,2
2021-02-03,Riverside,065,2383286,277454,269019,12847,281866,3195
2021-02-03,Sacramento,067,1510023,89606,87415,1104,88519,1212
2021-02-03,San Benito,069,59416,5515,5463,73,5536,51
2021-02-03,San Bernardino,071,2135413,279724,271477,8183,279660,2308
2021-02-03,San Diego,073,3302833,252929,241015,12066,253081,2683
2021-02-03,San Francisco,075,870044,32535,31983,905,32888,325
2021-02-03,San Joaquin,077,732212,63858,61976,2506,64482,880
2021-02-03,San Luis Obispo,079,281455,18651,17922,487,18409,206
2021-02-03,San Mateo,081,765935,37714,36227,368,36595,225
2021-02-03,Santa Barbara,083,443738,30358,29121,915,30036,315
2021-02-03,Santa Clara,085,1922200,105075,103278,482,103760,1364
2021-02-03,Santa Cruz,087,273765,14761,13611,704,14315,154
2021-02-03,Shasta,089,179085,10510,10422,1112,11534,130
2021-02-03,Sierra,091,2930,49,42,12,54,0
2021-02-03,Siskiyou,093,43540,1364,1268,200,1468,4
2021-02-03,Solano,095,438530,28629,28057,327,28384,119
2021-02-03,Sonoma,097,501317,26517,26155,142,26297,248
2021-02-03,Stanislaus,099,539301,48086,46598,4916,51514,662
2021-02-03,Sutter,101,95872,8482,8379,76,8455,90
2021-02-03,Tehama,103,63373,4425,4309,461,4770,21
2021-02-03,Trinity,105,12862,445,260,63,323,3
2021-02-03,Tulare,107,460477,46387,44838,6970,51808,640
2021-02-03,Tuolumne,109,53932,3563,3568,34,3602,45
2021-02-03,Ventura,111,848112,73788,72124,2570,74694,526
2021-02-03,Yolo,113,214977,12303,11933,138,12071,161
2021-02-03,Yuba,115,75493,5231,5124,75,5199,34
2021-02-02,Alameda,001,1643700,76402,74642,1578,76220,869
2021-02-02,Alpine,003,1148,73,72,0,72,0
2021-02-02,Amador,005,37829,3307,3275,26,3301,33
2021-02-02,Butte,007,227075,10847,10307,1530,11837,141
2021-02-02,Calaveras,009,45235,1820,1786,11,1797,21
2021-02-02,Colusa,011,21464,1790,1769,223,1992,9
2021-02-02,Contra Costa,013,1133247,59428,57551,975,58526,536
2021-02-02,Del Norte,015,27424,900,868,4,872,2
2021-02-02,El Dorado,017,186661,8706,8405,572,8977,84
2021-02-02,Fresno,019,978130,92312,89542,7046,96588,1009
2021-02-02,Glenn,021,27897,2158,2090,453,2543,14
2021-02-02,Humboldt,023,135768,2894,2784,19,2803,25
2021-02-02,Imperial,025,180216,26742,26317,2357,28674,535
2021-02-02,Inyo,027,18085,1131,1074,8,1082,27
2021-02-02,Kern,029,883053,89555,86485,8694,95179,867
2021-02-02,Kings,031,150075,21397,20785,884,21669,172
2021-02-02,Lake,033,64148,2947,2857,1,2858,33
2021-02-02,Lassen,035,31185,4991,4908,86,4994,1
2021-02-02,Los Angeles,037,10098052,1136880,1097573,36210,1133783,16913
2021-02-02,Madera,039,155013,14962,14595,728,15323,94
2021-02-02,Marin,041,260295,12593,12367,144,12511,189
2021-02-02,Mariposa,043,17540,362,345,3,348,4
2021-02-02,Mendocino,045,87422,3391,3210,65,3275,38
2021-02-02,Merced,047,269075,26741,26427,776,27203,340
2021-02-02,Modoc,049,8938,320,306,105,411,3
2021-02-02,Mono,051,14174,1143,1147,16,1163,3
2021-02-02,Monterey,053,433212,40290,39371,1438,40809,278
2021-02-02,Napa,055,140530,8624,8505,30,8535,53
2021-02-02,Nevada,057,99092,3725,3548,146,3694,20
2021-02-02,Orange,059,3164182,238676,233783,9561,243344,3152
2021-02-02,Placer,061,380077,19653,18615,1001,19616,205
2021-02-02,Plumas,063,18699,625,560,10,570,2
2021-02-02,Riverside,065,2383286,276597,267901,12813,280714,3169
2021-02-02,Sacramento,067,1510023,89316,87107,1093,88200,1202
2021-02-02,San Benito,069,59416,5501,5444,72,5516,50
2021-02-02,San Bernardino,071,2135413,279047,270486,8154,278640,2244
2021-02-02,San Diego,073,3302833,251890,240047,11979,252026,2629
2021-02-02,San Francisco,075,870044,32381,31788,895,32683,324
2021-02-02,San Joaquin,077,732212,63637,61708,2493,64201,878
2021-02-02,San Luis Obispo,079,281455,18557,17811,485,18296,201
2021-02-02,San Mateo,081,765935,37550,36004,362,36366,225
2021-02-02,Santa Barbara,083,443738,30187,28951,908,29859,304
2021-02-02,Santa Clara,085,1922200,104610,102872,477,103349,1349
2021-02-02,Santa Cruz,087,273765,14702,13572,700,14272,150
2021-02-02,Shasta,089,179085,10484,10371,1102,11473,128
2021-02-02,Sierra,091,2930,49,42,12,54,0
2021-02-02,Siskiyou,093,43540,1357,1252,197,1449,4
2021-02-02,Solano,095,438530,28533,27963,323,28286,118
2021-02-02,Sonoma,097,501317,26401,26054,142,26196,247
2021-02-02,Stanislaus,099,539301,47867,46306,4884,51190,641
2021-02-02,Sutter,101,95872,8459,8340,76,8416,89
2021-02-02,Tehama,103,63373,4411,4289,460,4749,21
2021-02-02,Trinity,105,12862,445,260,63,323,3
2021-02-02,Tulare,107,460477,46231,44720,6905,51625,625
2021-02-02,Tuolumne,109,53932,3551,3548,34,3582,39
2021-02-02,Ventura,111,848112,73372,71557,2560,74117,514
2021-02-02,Yolo,113,214977,12258,11886,136,12022,158
2021-02-02,Yuba,115,75493,5213,5111,74,5185,34
2021-02-01,Alameda,001,1643700,76046,74374,1573,75947,858
2021-02-01,Alpine,003,1148,73,72,0,72,0
2021-02-01,Amador,005,37829,3296,3234,26,3260,32
2021-02-01,Butte,007,227075,10803,10263,1526,11789,141
2021-02-01,Calaveras,009,45235,1813,1785,11,1796,21
2021-02-01,Colusa,011,21464,1785,1763,214,1977,9
2021-02-01,Contra Costa,013,1133247,59186,57324,974,58298,531
2021-02-01,Del Norte,015,27424,896,865,4,869,2
2021-02-01,El Dorado,017,186661,8667,8337,572,8909,83
2021-02-01,Fresno,019,978130,91980,89272,7011,96283,994
2021-02-01,Glenn,021,27897,2142,2086,445,2531,14
2021-02-01,Humboldt,023,135768,2873,2773,18,2791,25
2021-02-01,Imperial,025,180216,26699,26224,2355,28579,530
2021-02-01,Inyo,027,18085,1121,1072,8,1080,27
2021-02-01,Kern,029,883053,89158,86170,8626,94796,862
2021-02-01,Kings,031,150075,21306,20746,876,21622,172
2021-02-01,Lake,033,64148,2931,2843,1,2844,33
2021-02-01,Lassen,035,31185,4971,4907,86,4993,1
2021-02-01,Los Angeles,037,10098052,1133052,1094341,36045,1130386,16695
2021-02-01,Madera,039,155013,14927,14572,725,15297,94
2021-02-01,Marin,041,260295,12554,12341,143,12484,188
2021-02-01,Mariposa,043,17540,360,344,3,347,4
2021-02-01,Mendocino,045,87422,3358,3192,65,3257,37
2021-02-01,Merced,047,269075,26617,26282,767,27049,337
2021-02-01,Modoc,049,8938,314,303,101,404,1
2021-02-01,Mono,051,14174,1140,1145,16,1161,3
2021-02-01,Monterey,053,433212,40106,39196,1417,40613,278
2021-02-01,Napa,055,140530,8591,8449,30,8479,52
2021-02-01,Nevada,057,99092,3708,3535,145,3680,20
2021-02-01,Orange,059,3164182,237762,233155,9516,242671,3100
2021-02-01,Placer,061,380077,19586,18574,994,19568,204
2021-02-01,Plumas,063,18699,623,554,10,564,2
2021-02-01,Riverside,065,2383286,275657,267025,12778,279803,3092
2021-02-01,Sacramento,067,1510023,88913,86856,1082,87938,1193
2021-02-01,San Benito,069,59416,5483,5432,72,5504,48
2021-02-01,San Bernardino,071,2135413,278352,270012,8115,278127,2172
2021-02-01,San Diego,073,3302833,250665,239121,11903,251024,2619
2021-02-01,San Francisco,075,870044,32246,31703,883,32586,324
2021-02-01,San Joaquin,077,732212,63431,61542,2482,64024,877
2021-02-01,San Luis Obispo,079,281455,18437,17690,478,18168,199
2021-02-01,San Mateo,081,765935,37401,35843,362,36205,220
2021-02-01,Santa Barbara,083,443738,30018,28837,900,29737,297
2021-02-01,Santa Clara,085,1922200,104193,102462,476,102938,1343
2021-02-01,Santa Cruz,087,273765,14649,13524,698,14222,149
2021-02-01,Shasta,089,179085,10459,10329,1096,11425,112
2021-02-01,Sierra,091,2930,49,42,12,54,0
2021-02-01,Siskiyou,093,43540,1350,1238,194,1432,4
2021-02-01,Solano,095,438530,28428,27844,322,28166,117
2021-02-01,Sonoma,097,501317,26313,26011,141,26152,243
2021-02-01,Stanislaus,099,539301,47610,46112,4856,50968,642
2021-02-01,Sutter,101,95872,8420,8313,76,8389,89
2021-02-01,Tehama,103,63373,4385,4263,460,4723,21
2021-02-01,Trinity,105,12862,443,260,63,323,3
2021-02-01,Tulare,107,460477,46086,44569,6825,51394,618
2021-02-01,Tuolumne,109,53932,3543,3534,34,3568,39
2021-02-01,Ventura,111,848112,72967,71104,2543,73647,502
2021-02-01,Yolo,113,214977,12211,11824,135,11959,151
2021-02-01,Yuba,115,75493,5199,5084,73,5157,33
2021-01-31,Alameda,001,1643700,75621,73979,1565,75544,857
2021-01-31,Alpine,003,1148,73,72,0,72,0
2021-01-31,Amador,005,37829,3286,3212,25,3237,32
2021-01-31,Butte,007,227075,10758,10215,1516,11731,140
2021-01-31,Calaveras,009,45235,1793,1778,11,1789,21
2021-01-31,Colusa,011,21464,1779,1754,209,1963,9
2021-01-31,Contra Costa,013,1133247,58854,57079,974,58053,531
2021-01-31,Del Norte,015,27424,894,865,4,869,2
2021-01-31,El Dorado,017,186661,8629,8317,570,8887,83
2021-01-31,Fresno,019,978130,91668,88852,6957,95809,994
2021-01-31,Glenn,021,27897,2132,2083,444,2527,14
2021-01-31,Humboldt,023,135768,2857,2767,18,2785,25
2021-01-31,Imperial,025,180216,26626,26206,2346,28552,530
2021-01-31,Inyo,027,18085,1108,1072,8,1080,27
2021-01-31,Kern,029,883053,88661,85872,8542,94414,861
2021-01-31,Kings,031,150075,21222,20709,864,21573,172
2021-01-31,Lake,033,64148,2910,2826,1,2827,33
2021-01-31,Lassen,035,31185,4955,4900,86,4986,1
2021-01-31,Los Angeles,037,10098052,1128421,1090304,35844,1126148,16609
2021-01-31,Madera,039,155013,14873,14496,717,15213,94
2021-01-31,Marin,041,260295,12507,12297,139,12436,185
2021-01-31,Mariposa,043,17540,358,344,3,347,4
2021-01-31,Mendocino,045,87422,3335,3181,64,3245,37
2021-01-31,Merced,047,269075,26474,26222,762,26984,337
2021-01-31,Modoc,049,8938,311,304,99,403,1
2021-01-31,Mono,051,14174,1137,1146,16,1162,3
2021-01-31,Monterey,053,433212,39927,39035,1390,40425,278
2021-01-31,Napa,055,140530,8550,8404,30,8434,52
2021-01-31,Nevada,057,99092,3686,3518,143,3661,20
2021-01-31,Orange,059,3164182,236745,232347,9476,241823,3053
2021-01-31,Placer,061,380077,19509,18506,983,19489,204
2021-01-31,Plumas,063,18699,622,554,10,564,2
2021-01-31,Riverside,065,2383286,274640,266145,12731,278876,3074
2021-01-31,Sacramento,067,1510023,88472,86560,1068,87628,1186
2021-01-31,San Benito,069,59416,5461,5425,70,5495,48
2021-01-31,San Bernardino,071,2135413,277350,269533,8086,277619,2156
2021-01-31,San Diego,073,3302833,249352,238039,11789,249828,2619
2021-01-31,San Francisco,075,870044,32057,31563,872,32435,323
2021-01-31,San Joaquin,077,732212,63030,61379,2473,63852,877
2021-01-31,San Luis Obispo,079,281455,18304,17615,473,18088,199
2021-01-31,San Mateo,081,765935,37211,35659,359,36018,219
2021-01-31,Santa Barbara,083,443738,29774,28570,891,29461,297
2021-01-31,Santa Clara,085,1922200,103658,101986,467,102453,1330
2021-01-31,Santa Cruz,087,273765,14554,13469,684,14153,149
2021-01-31,Shasta,089,179085,10414,10313,1088,11401,112
2021-01-31,Sierra,091,2930,48,43,12,55,0
2021-01-31,Siskiyou,093,43540,1340,1238,194,1432,4
2021-01-31,Solano,095,438530,28298,27678,322,28000,118
2021-01-31,Sonoma,097,501317,26210,25925,140,26065,243
2021-01-31,Stanislaus,099,539301,47326,45971,4826,50797,642
2021-01-31,Sutter,101,95872,8375,8289,76,8365,89
2021-01-31,Tehama,103,63373,4363,4256,459,4715,21
2021-01-31,Trinity,105,12862,441,260,63,323,3
2021-01-31,Tulare,107,460477,45918,44440,6746,51186,618
2021-01-31,Tuolumne,109,53932,3505,3519,34,3553,39
2021-01-31,Ventura,111,848112,72372,70635,2530,73165,502
2021-01-31,Yolo,113,214977,12151,11771,135,11906,151
2021-01-31,Yuba,115,75493,5179,5071,73,5144,33
2021-01-30,Alameda,001,1643700,75417,73622,1560,75182,850
2021-01-30,Alpine,003,1148,73,72,0,72,0
2021-01-30,Amador,005,37829,3282,3181,25,3206,32
2021-01-30,Butte,007,227075,10724,10177,1507,11684,139
2021-01-30,Calaveras,009,45235,1780,1763,11,1774,21
2021-01-30,Colusa,011,21464,1777,1748,209,1957,9
2021-01-30,Contra Costa,013,1133247,58675,56763,970,57733,531
2021-01-30,Del Norte,015,27424,893,865,4,869,2
2021-01-30,El Dorado,017,186661,8609,8299,569,8868,83
2021-01-30,Fresno,019,978130,91488,88476,6937,95413,964
2021-01-30,Glenn,021,27897,2129,2074,442,2516,14
2021-01-30,Humboldt,023,135768,2846,2742,18,2760,24
2021-01-30,Imperial,025,180216,26602,26160,2344,28504,530
2021-01-30,Inyo,027,18085,1104,1068,8,1076,27
2021-01-30,Kern,029,883053,88460,85572,8477,94049,848
2021-01-30,Kings,031,150075,21151,20605,859,21464,169
2021-01-30,Lake,033,64148,2904,2809,1,2810,33
2021-01-30,Lassen,035,31185,4951,4890,86,4976,1
2021-01-30,Los Angeles,037,10098052,1126022,1084763,35703,1120466,16484
2021-01-30,Madera,039,155013,14831,14443,712,15155,94
2021-01-30,Marin,041,260295,12480,12225,138,12363,185
2021-01-30,Mariposa,043,17540,356,344,3,347,4
2021-01-30,Mendocino,045,87422,3321,3153,63,3216,36
2021-01-30,Merced,047,269075,26400,26078,760,26838,335
2021-01-30,Modoc,049,8938,311,303,99,402,1
2021-01-30,Mono,051,14174,1137,1143,16,1159,3
2021-01-30,Monterey,053,433212,39867,38847,1388,40235,277
2021-01-30,Napa,055,140530,8534,8342,30,8372,52
2021-01-30,Nevada,057,99092,3667,3499,143,3642,20
2021-01-30,Orange,059,3164182,236200,231358,9439,240797,3013
2021-01-30,Placer,061,380077,19456,18430,977,19407,205
2021-01-30,Plumas,063,18699,620,554,10,564,2
2021-01-30,Riverside,065,2383286,274044,265137,12700,277837,3061
2021-01-30,Sacramento,067,1510023,88281,86388,1063,87451,1184
2021-01-30,San Benito,069,59416,5443,5401,69,5470,48
2021-01-30,San Bernardino,071,2135413,276922,268660,8066,276726,2122
2021-01-30,San Diego,073,3302833,248587,236765,11744,248509,2603
2021-01-30,San Francisco,075,870044,31956,31427,869,32296,316
2021-01-30,San Joaquin,077,732212,62898,61120,2464,63584,864
2021-01-30,San Luis Obispo,079,281455,18224,17522,472,17994,198
2021-01-30,San Mateo,081,765935,37072,35451,358,35809,219
2021-01-30,Santa Barbara,083,443738,29632,28342,889,29231,296
2021-01-30,Santa Clara,085,1922200,103329,101471,465,101936,1307
2021-01-30,Santa Cruz,087,273765,14514,13383,683,14066,149
2021-01-30,Shasta,089,179085,10395,10283,1085,11368,112
2021-01-30,Sierra,091,2930,48,43,12,55,0
2021-01-30,Siskiyou,093,43540,1337,1236,193,1429,4
2021-01-30,Solano,095,438530,28215,27511,321,27832,118
2021-01-30,Sonoma,097,501317,26162,25810,137,25947,243
2021-01-30,Stanislaus,099,539301,47196,45697,4799,50496,642
2021-01-30,Sutter,101,95872,8359,8226,76,8302,87
2021-01-30,Tehama,103,63373,4350,4229,458,4687,21
2021-01-30,Trinity,105,12862,441,259,63,322,3
2021-01-30,Tulare,107,460477,45782,44203,6710,50913,615
2021-01-30,Tuolumne,109,53932,3501,3508,34,3542,36
2021-01-30,Ventura,111,848112,72060,69931,2516,72447,493
2021-01-30,Yolo,113,214977,12137,11698,134,11832,151
2021-01-30,Yuba,115,75493,5169,5042,72,5114,33
2021-01-29,Alameda,001,1643700,75150,73210,1553,74763,841
2021-01-29,Alpine,003,1148,73,72,0,72,0
2021-01-29,Amador,005,37829,3270,3134,24,3158,32
2021-01-29,Butte,007,227075,10692,10122,1498,11620,138
2021-01-29,Calaveras,009,45235,1769,1757,11,1768,21
2021-01-29,Colusa,011,21464,1773,1734,208,1942,8
2021-01-29,Contra Costa,013,1133247,58508,56318,968,57286,529
2021-01-29,Del Norte,015,27424,892,865,4,869,2
2021-01-29,El Dorado,017,186661,8592,8231,568,8799,83
2021-01-29,Fresno,019,978130,91274,87936,6900,94836,962
2021-01-29,Glenn,021,27897,2124,2061,441,2502,14
2021-01-29,Humboldt,023,135768,2833,2707,18,2725,24
2021-01-29,Imperial,025,180216,26587,26045,2341,28386,521
2021-01-29,Inyo,027,18085,1092,1048,8,1056,27
2021-01-29,Kern,029,883053,88233,85044,8426,93470,836
2021-01-29,Kings,031,150075,21112,20466,854,21320,169
2021-01-29,Lake,033,64148,2894,2792,1,2793,32
2021-01-29,Lassen,035,31185,4948,4874,86,4960,1
2021-01-29,Los Angeles,037,10098052,1122526,1078329,35553,1113882,16190
2021-01-29,Madera,039,155013,14784,14377,712,15089,94
2021-01-29,Marin,041,260295,12435,12145,137,12282,185
2021-01-29,Mariposa,043,17540,355,342,3,345,4
2021-01-29,Mendocino,045,87422,3312,3131,62,3193,36
2021-01-29,Merced,047,269075,26326,25865,755,26620,334
2021-01-29,Modoc,049,8938,310,297,99,396,1
2021-01-29,Mono,051,14174,1135,1139,16,1155,3
2021-01-29,Monterey,053,433212,39754,38539,1380,39919,277
2021-01-29,Napa,055,140530,8503,8276,30,8306,52
2021-01-29,Nevada,057,99092,3658,3487,142,3629,20
2021-01-29,Orange,059,3164182,235524,229917,9402,239319,2967
2021-01-29,Placer,061,380077,19403,18367,973,19340,203
2021-01-29,Plumas,063,18699,619,548,10,558,2
2021-01-29,Riverside,065,2383286,273243,263504,12668,276172,3008
2021-01-29,Sacramento,067,1510023,88027,86320,1058,87378,1169
2021-01-29,San Benito,069,59416,5435,5386,69,5455,48
2021-01-29,San Bernardino,071,2135413,276404,267490,8028,275518,2095
2021-01-29,San Diego,073,3302833,247645,234637,11666,246303,2571
2021-01-29,San Francisco,075,870044,31817,31294,861,32155,307
2021-01-29,San Joaquin,077,732212,62754,60899,2450,63349,858
2021-01-29,San Luis Obispo,079,281455,18164,17440,467,17907,193
2021-01-29,San Mateo,081,765935,36939,35223,355,35578,218
2021-01-29,Santa Barbara,083,443738,29499,28105,883,28988,291
2021-01-29,Santa Clara,085,1922200,102974,101010,463,101473,1273
2021-01-29,Santa Cruz,087,273765,14461,13311,680,13991,148
2021-01-29,Shasta,089,179085,10379,10220,1081,11301,112
2021-01-29,Sierra,091,2930,48,43,12,55,0
2021-01-29,Siskiyou,093,43540,1336,1227,193,1420,4
2021-01-29,Solano,095,438530,28132,27352,319,27671,116
2021-01-29,Sonoma,097,501317,26106,25710,136,25846,243
2021-01-29,Stanislaus,099,539301,47053,45466,4777,50243,642
2021-01-29,Sutter,101,95872,8340,8181,76,8257,87
2021-01-29,Tehama,103,63373,4338,4191,456,4647,20
2021-01-29,Trinity,105,12862,441,260,63,323,3
2021-01-29,Tulare,107,460477,45675,43925,6671,50596,606
2021-01-29,Tuolumne,109,53932,3491,3483,34,3517,36
2021-01-29,Ventura,111,848112,71638,69511,2503,72014,484
2021-01-29,Yolo,113,214977,12099,11612,134,11746,151
2021-01-29,Yuba,115,75493,5153,5018,72,5090,32
2021-01-28,Alameda,001,1643700,74727,72758,1545,74303,833
2021-01-28,Alpine,003,1148,73,72,0,72,0
2021-01-28,Amador,005,37829,3233,3124,24,3148,31
2021-01-28,Butte,007,227075,10651,10037,1488,11525,138
2021-01-28,Calaveras,009,45235,1756,1747,10,1757,21
2021-01-28,Colusa,011,21464,1766,1731,204,1935,8
2021-01-28,Contra Costa,013,1133247,58265,55999,958,56957,525
2021-01-28,Del Norte,015,27424,891,862,4,866,2
2021-01-28,El Dorado,017,186661,8577,8198,563,8761,79
2021-01-28,Fresno,019,978130,90988,87401,6853,94254,949
2021-01-28,Glenn,021,27897,2119,2043,434,2477,14
2021-01-28,Humboldt,023,135768,2816,2686,18,2704,24
2021-01-28,Imperial,025,180216,26543,25984,2334,28318,517
2021-01-28,Inyo,027,18085,1087,1039,8,1047,27
2021-01-28,Kern,029,883053,87904,84708,8343,93051,817
2021-01-28,Kings,031,150075,21052,20328,851,21179,167
2021-01-28,Lake,033,64148,2879,2772,1,2773,32
2021-01-28,Lassen,035,31185,4942,4865,86,4951,1
2021-01-28,Los Angeles,037,10098052,1118611,1072412,35367,1107779,15967
2021-01-28,Madera,039,155013,14729,14301,708,15009,94
2021-01-28,Marin,041,260295,12386,12079,136,12215,183
2021-01-28,Mariposa,043,17540,355,334,3,337,4
2021-01-28,Mendocino,045,87422,3295,3110,62,3172,36
2021-01-28,Merced,047,269075,26204,25620,743,26363,328
2021-01-28,Modoc,049,8938,309,297,99,396,0
2021-01-28,Mono,051,14174,1133,1131,16,1147,3
2021-01-28,Monterey,053,433212,39560,38312,1361,39673,274
2021-01-28,Napa,055,140530,8456,8233,30,8263,50
2021-01-28,Nevada,057,99092,3643,3452,141,3593,19
2021-01-28,Orange,059,3164182,234549,228636,9372,238008,2860
2021-01-28,Placer,061,380077,19343,18246,970,19216,198
2021-01-28,Plumas,063,18699,618,547,10,557,2
2021-01-28,Riverside,065,2383286,272463,262342,12620,274962,2981
2021-01-28,Sacramento,067,1510023,87662,85698,1047,86745,1149
2021-01-28,San Benito,069,59416,5417,5344,68,5412,47
2021-01-28,San Bernardino,071,2135413,275702,266456,8007,274463,2057
2021-01-28,San Diego,073,3302833,246492,232967,11577,244544,2534
2021-01-28,San Francisco,075,870044,31680,31193,845,32038,290
2021-01-28,San Joaquin,077,732212,62492,60627,2436,63063,854
2021-01-28,San Luis Obispo,079,281455,18064,17279,465,17744,189
2021-01-28,San Mateo,081,765935,36770,34931,339,35270,218
2021-01-28,Santa Barbara,083,443738,29276,27674,870,28544,284
2021-01-28,Santa Clara,085,1922200,102518,100470,461,100931,1219
2021-01-28,Santa Cruz,087,273765,14372,13188,674,13862,145
2021-01-28,Shasta,089,179085,10345,10176,1073,11249,110
2021-01-28,Sierra,091,2930,48,43,12,55,0
2021-01-28,Siskiyou,093,43540,1329,1218,191,1409,4
2021-01-28,Solano,095,438530,27972,27163,318,27481,114
2021-01-28,Sonoma,097,501317,26014,25564,136,25700,236
2021-01-28,Stanislaus,099,539301,46845,45162,4758,49920,640
2021-01-28,Sutter,101,95872,8293,8136,76,8212,85
2021-01-28,Tehama,103,63373,4315,4163,453,4616,20
2021-01-28,Trinity,105,12862,439,260,63,323,3
2021-01-28,Tulare,107,460477,45520,43742,6596,50338,595
2021-01-28,Tuolumne,109,53932,3477,3472,34,3506,32
2021-01-28,Ventura,111,848112,71126,68896,2487,71383,475
2021-01-28,Yolo,113,214977,12057,11500,130,11630,151
2021-01-28,Yuba,115,75493,5137,4994,71,5065,32
2021-01-27,Alameda,001,1643700,74308,72188,1538,73726,815
2021-01-27,Alpine,003,1148,73,72,0,72,0
2021-01-27,Amador,005,37829,3217,3116,24,3140,31
2021-01-27,Butte,007,227075,10612,9988,1476,11464,138
2021-01-27,Calaveras,009,45235,1747,1737,10,1747,21
2021-01-27,Colusa,011,21464,1760,1724,202,1926,8
2021-01-27,Contra Costa,013,1133247,57971,55578,955,56533,507
2021-01-27,Del Norte,015,27424,890,859,4,863,2
2021-01-27,El Dorado,017,186661,8551,8141,562,8703,76
2021-01-27,Fresno,019,978130,90696,86886,6811,93697,938
2021-01-27,Glenn,021,27897,2115,2042,433,2475,14
2021-01-27,Humboldt,023,135768,2794,2630,18,2648,24
2021-01-27,Imperial,025,180216,26489,25861,2322,28183,504
2021-01-27,Inyo,027,18085,1083,1023,8,1031,27
2021-01-27,Kern,029,883053,87594,84244,8273,92517,809
2021-01-27,Kings,031,150075,20946,20211,843,21054,167
2021-01-27,Lake,033,64148,2859,2750,1,2751,32
2021-01-27,Lassen,035,31185,4936,4851,86,4937,1
2021-01-27,Los Angeles,037,10098052,1113799,1066569,35164,1101733,15757
2021-01-27,Madera,039,155013,14687,14194,703,14897,86
2021-01-27,Marin,041,260295,12348,12028,135,12163,180
2021-01-27,Mariposa,043,17540,355,333,3,336,4
2021-01-27,Mendocino,045,87422,3275,3095,62,3157,36
2021-01-27,Merced,047,269075,26045,25439,732,26171,315
2021-01-27,Modoc,049,8938,309,297,96,393,0
2021-01-27,Mono,051,14174,1131,1131,16,1147,3
2021-01-27,Monterey,053,433212,39353,38139,1342,39481,268
2021-01-27,Napa,055,140530,8383,8187,30,8217,46
2021-01-27,Nevada,057,99092,3621,3431,141,3572,18
2021-01-27,Orange,059,3164182,233433,227110,9320,236430,2832
2021-01-27,Placer,061,380077,19273,18106,959,19065,198
2021-01-27,Plumas,063,18699,618,544,10,554,2
2021-01-27,Riverside,065,2383286,271268,260796,12569,273365,2931
2021-01-27,Sacramento,067,1510023,87302,85428,1035,86463,1142
2021-01-27,San Benito,069,59416,5402,5284,68,5352,47
2021-01-27,San Bernardino,071,2135413,274848,265153,7974,273127,2019
2021-01-27,San Diego,073,3302833,245163,231478,11472,242950,2465
2021-01-27,San Francisco,075,870044,31535,31082,838,31920,287
2021-01-27,San Joaquin,077,732212,62222,60131,2417,62548,853
2021-01-27,San Luis Obispo,079,281455,17956,17119,461,17580,188
2021-01-27,San Mateo,081,765935,36615,34619,336,34955,216
2021-01-27,Santa Barbara,083,443738,29099,27435,864,28299,282
2021-01-27,Santa Clara,085,1922200,102103,99732,457,100189,1184
2021-01-27,Santa Cruz,087,273765,14302,13111,671,13782,143
2021-01-27,Shasta,089,179085,10311,10106,1067,11173,105
2021-01-27,Sierra,091,2930,48,44,12,56,0
2021-01-27,Siskiyou,093,43540,1324,1214,188,1402,4
2021-01-27,Solano,095,438530,27795,26982,311,27293,112
2021-01-27,Sonoma,097,501317,25916,25361,132,25493,237
2021-01-27,Stanislaus,099,539301,46661,44874,4733,49607,624
2021-01-27,Sutter,101,95872,8250,8093,76,8169,83
2021-01-27,Tehama,103,63373,4295,4133,449,4582,20
2021-01-27,Trinity,105,12862,439,260,63,323,3
2021-01-27,Tulare,107,460477,45333,43462,6526,49988,583
2021-01-27,Tuolumne,109,53932,3467,3464,34,3498,32
2021-01-27,Ventura,111,848112,70652,68291,2462,70753,468
2021-01-27,Yolo,113,214977,12010,11427,128,11555,151
2021-01-27,Yuba,115,75493,5121,4968,71,5039,32
2021-01-26,Alameda,001,1643700,73932,71851,1521,73372,789
2021-01-26,Alpine,003,1148,73,72,0,72,0
2021-01-26,Amador,005,37829,3206,3113,24,3137,31
2021-01-26,Butte,007,227075,10570,9943,1470,11413,136
2021-01-26,Calaveras,009,45235,1737,1723,10,1733,21
2021-01-26,Colusa,011,21464,1753,1719,199,1918,8
2021-01-26,Contra Costa,013,1133247,57698,55337,947,56284,491
2021-01-26,Del Norte,015,27424,889,856,4,860,2
2021-01-26,El Dorado,017,186661,8527,8115,560,8675,71
2021-01-26,Fresno,019,978130,90338,86673,6768,93441,923
2021-01-26,Glenn,021,27897,2105,2034,428,2462,13
2021-01-26,Humboldt,023,135768,2773,2612,17,2629,24
2021-01-26,Imperial,025,180216,26417,25812,2310,28122,498
2021-01-26,Inyo,027,18085,1077,1018,8,1026,27
2021-01-26,Kern,029,883053,87171,83868,8198,92066,790
2021-01-26,Kings,031,150075,20888,20156,838,20994,159
2021-01-26,Lake,033,64148,2851,2748,1,2749,32
2021-01-26,Lassen,035,31185,4930,4844,86,4930,1
2021-01-26,Los Angeles,037,10098052,1108510,1060492,34965,1095457,15458
2021-01-26,Madera,039,155013,14630,14130,697,14827,86
2021-01-26,Marin,041,260295,12304,11993,133,12126,179
2021-01-26,Mariposa,043,17540,353,332,3,335,3
2021-01-26,Mendocino,045,87422,3249,3076,61,3137,36
2021-01-26,Merced,047,269075,25905,25359,724,26083,309
2021-01-26,Modoc,049,8938,302,291,95,386,0
2021-01-26,Mono,051,14174,1129,1120,16,1136,3
2021-01-26,Monterey,053,433212,39159,37963,1322,39285,255
2021-01-26,Napa,055,140530,8326,8145,30,8175,43
2021-01-26,Nevada,057,99092,3614,3410,140,3550,18
2021-01-26,Orange,059,3164182,232310,225987,9274,235261,2760
2021-01-26,Placer,061,380077,19197,18016,957,18973,193
2021-01-26,Plumas,063,18699,616,536,10,546,2
2021-01-26,Riverside,065,2383286,269899,259399,12506,271905,2898
2021-01-26,Sacramento,067,1510023,86942,85062,1028,86090,1127
2021-01-26,San Benito,069,59416,5388,5251,67,5318,45
2021-01-26,San Bernardino,071,2135413,273853,263736,7932,271668,1970
2021-01-26,San Diego,073,3302833,243667,230063,11370,241433,2421
2021-01-26,San Francisco,075,870044,31403,30874,819,31693,286
2021-01-26,San Joaquin,077,732212,61970,59889,2401,62290,847
2021-01-26,San Luis Obispo,079,281455,17875,17016,458,17474,186
2021-01-26,San Mateo,081,765935,36421,34441,325,34766,213
2021-01-26,Santa Barbara,083,443738,28923,27321,852,28173,273
2021-01-26,Santa Clara,085,1922200,101624,99215,454,99669,1171
2021-01-26,Santa Cruz,087,273765,14236,13045,665,13710,134
2021-01-26,Shasta,089,179085,10276,10036,1059,11095,103
2021-01-26,Sierra,091,2930,48,43,12,55,0
2021-01-26,Siskiyou,093,43540,1309,1208,186,1394,4
2021-01-26,Solano,095,438530,27639,26858,304,27162,110
2021-01-26,Sonoma,097,501317,25797,25273,130,25403,236
2021-01-26,Stanislaus,099,539301,46479,44703,4693,49396,599
2021-01-26,Sutter,101,95872,8207,8067,76,8143,83
2021-01-26,Tehama,103,63373,4262,4115,449,4564,20
2021-01-26,Trinity,105,12862,439,260,63,323,3
2021-01-26,Tulare,107,460477,45130,43394,6458,49852,579
2021-01-26,Tuolumne,109,53932,3457,3451,34,3485,30
2021-01-26,Ventura,111,848112,70120,67526,2436,69962,448
2021-01-26,Yolo,113,214977,11966,11361,125,11486,148
2021-01-26,Yuba,115,75493,5096,4944,69,5013,31
2021-01-25,Alameda,001,1643700,73506,71255,1511,72766,780
2021-01-25,Alpine,003,1148,73,72,0,72,0
2021-01-25,Amador,005,37829,3166,3074,24,3098,30
2021-01-25,Butte,007,227075,10505,9865,1462,11327,133
2021-01-25,Calaveras,009,45235,1722,1713,10,1723,21
2021-01-25,Colusa,011,21464,1741,1709,195,1904,8
2021-01-25,Contra Costa,013,1133247,57345,54989,940,55929,488
2021-01-25,Del Norte,015,27424,889,855,4,859,2
2021-01-25,El Dorado,017,186661,8502,8060,559,8619,66
2021-01-25,Fresno,019,978130,89968,86336,6736,93072,913
2021-01-25,Glenn,021,27897,2096,2028,428,2456,13
2021-01-25,Humboldt,023,135768,2739,2587,17,2604,24
2021-01-25,Imperial,025,180216,26369,25745,2303,28048,491
2021-01-25,Inyo,027,18085,1071,1015,8,1023,27
2021-01-25,Kern,029,883053,86786,83401,8113,91514,787
2021-01-25,Kings,031,150075,20768,20067,834,20901,159
2021-01-25,Lake,033,64148,2833,2729,1,2730,32
2021-01-25,Lassen,035,31185,4903,4835,86,4921,1
2021-01-25,Los Angeles,037,10098052,1102545,1055181,34745,1089926,15163
2021-01-25,Madera,039,155013,14575,14068,692,14760,86
2021-01-25,Marin,041,260295,12255,11923,129,12052,177
2021-01-25,Mariposa,043,17540,350,331,3,334,3
2021-01-25,Mendocino,045,87422,3238,3054,61,3115,35
2021-01-25,Merced,047,269075,25766,25181,715,25896,305
2021-01-25,Modoc,049,8938,301,288,91,379,0
2021-01-25,Mono,051,14174,1126,1114,15,1129,3
2021-01-25,Monterey,053,433212,38907,37726,1303,39029,255
2021-01-25,Napa,055,140530,8292,8057,29,8086,43
2021-01-25,Nevada,057,99092,3600,3365,140,3505,18
2021-01-25,Orange,059,3164182,231101,225105,9229,234334,2696
2021-01-25,Placer,061,380077,19107,17936,942,18878,193
2021-01-25,Plumas,063,18699,613,533,10,543,2
2021-01-25,Riverside,065,2383286,268162,258082,12453,270535,2789
2021-01-25,Sacramento,067,1510023,86500,84653,1020,85673,1118
2021-01-25,San Benito,069,59416,5353,5238,66,5304,43
2021-01-25,San Bernardino,071,2135413,272927,263174,7896,271070,1947
2021-01-25,San Diego,073,3302833,242054,228630,11298,239928,2375
2021-01-25,San Francisco,075,870044,31257,30734,796,31530,288
2021-01-25,San Joaquin,077,732212,61679,59291,2376,61667,838
2021-01-25,San Luis Obispo,079,281455,17741,16868,453,17321,179
2021-01-25,San Mateo,081,765935,36188,34187,319,34506,213
2021-01-25,Santa Barbara,083,443738,28689,27065,842,27907,269
2021-01-25,Santa Clara,085,1922200,101100,98647,446,99093,1143
2021-01-25,Santa Cruz,087,273765,14149,12973,661,13634,133
2021-01-25,Shasta,089,179085,10235,9991,1048,11039,103
2021-01-25,Sierra,091,2930,48,42,12,54,0
2021-01-25,Siskiyou,093,43540,1301,1205,183,1388,4
2021-01-25,Solano,095,438530,27471,26648,303,26951,109
2021-01-25,Sonoma,097,501317,25690,25160,128,25288,233
2021-01-25,Stanislaus,099,539301,46233,44293,4651,48944,599
2021-01-25,Sutter,101,95872,8164,8023,76,8099,83
2021-01-25,Tehama,103,63373,4235,4082,445,4527,20
2021-01-25,Trinity,105,12862,439,262,63,325,3
2021-01-25,Tulare,107,460477,44913,43124,6356,49480,578
2021-01-25,Tuolumne,109,53932,3448,3422,34,3456,29
2021-01-25,Ventura,111,848112,69499,66910,2420,69330,439
2021-01-25,Yolo,113,214977,11882,11276,124,11400,140
2021-01-25,Yuba,115,75493,5075,4900,67,4967,31
2021-01-24,Alameda,001,1643700,73004,70823,1500,72323,780
2021-01-24,Alpine,003,1148,73,72,0,72,0
2021-01-24,Amador,005,37829,3133,3054,24,3078,30
2021-01-24,Butte,007,227075,10421,9820,1446,11266,133
2021-01-24,Calaveras,009,45235,1709,1704,10,1714,21
2021-01-24,Colusa,011,21464,1730,1689,189,1878,8
2021-01-24,Contra Costa,013,1133247,56959,54694,928,55622,488
2021-01-24,Del Norte,015,27424,885,855,4,859,2
2021-01-24,El Dorado,017,186661,8467,8003,555,8558,66
2021-01-24,Fresno,019,978130,89529,85808,6697,92505,911
2021-01-24,Glenn,021,27897,2088,2026,427,2453,13
2021-01-24,Humboldt,023,135768,2700,2562,17,2579,24
2021-01-24,Imperial,025,180216,26273,25707,2282,27989,488
2021-01-24,Inyo,027,18085,1055,1007,8,1015,27
2021-01-24,Kern,029,883053,86351,83125,8006,91131,785
2021-01-24,Kings,031,150075,20640,19988,818,20806,159
2021-01-24,Lake,033,64148,2816,2724,0,2724,32
2021-01-24,Lassen,035,31185,4892,4828,83,4911,1
2021-01-24,Los Angeles,037,10098052,1096127,1048757,34441,1083198,15119
2021-01-24,Madera,039,155013,14492,14000,686,14686,86
2021-01-24,Marin,041,260295,12191,11872,128,12000,177
2021-01-24,Mariposa,043,17540,346,322,3,325,3
2021-01-24,Mendocino,045,87422,3217,3037,60,3097,33
2021-01-24,Merced,047,269075,25555,25047,706,25753,305
2021-01-24,Modoc,049,8938,301,285,91,376,0
2021-01-24,Mono,051,14174,1119,1113,15,1128,3
2021-01-24,Monterey,053,433212,38635,37527,1269,38796,254
2021-01-24,Napa,055,140530,8250,8005,29,8034,43
2021-01-24,Nevada,057,99092,3558,3349,138,3487,18
2021-01-24,Orange,059,3164182,229668,223853,9160,233013,2632
2021-01-24,Placer,061,380077,18994,17839,922,18761,193
2021-01-24,Plumas,063,18699,610,532,10,542,2
2021-01-24,Riverside,065,2383286,266522,256767,12377,269144,2761
2021-01-24,Sacramento,067,1510023,85947,84110,1012,85122,1112
2021-01-24,San Benito,069,59416,5311,5223,63,5286,43
2021-01-24,San Bernardino,071,2135413,271615,262370,7844,270214,1935
2021-01-24,San Diego,073,3302833,240360,227193,11167,238360,2375
2021-01-24,San Francisco,075,870044,31067,30559,775,31334,275
2021-01-24,San Joaquin,077,732212,61254,59021,2362,61383,838
2021-01-24,San Luis Obispo,079,281455,17617,16758,451,17209,179
2021-01-24,San Mateo,081,765935,35943,33956,314,34270,213
2021-01-24,Santa Barbara,083,443738,28374,26735,832,27567,269
2021-01-24,Santa Clara,085,1922200,100465,98103,441,98544,1109
2021-01-24,Santa Cruz,087,273765,14063,12905,653,13558,133
2021-01-24,Shasta,089,179085,10164,9978,1039,11017,103
2021-01-24,Sierra,091,2930,47,42,12,54,0
2021-01-24,Siskiyou,093,43540,1294,1195,183,1378,4
2021-01-24,Solano,095,438530,27286,26515,299,26814,109
2021-01-24,Sonoma,097,501317,25528,25045,127,25172,233
2021-01-24,Stanislaus,099,539301,45924,44031,4592,48623,599
2021-01-24,Sutter,101,95872,8100,7980,76,8056,83
2021-01-24,Tehama,103,63373,4195,4062,442,4504,20
2021-01-24,Trinity,105,12862,439,262,63,325,3
2021-01-24,Tulare,107,460477,44693,43006,6267,49273,577
2021-01-24,Tuolumne,109,53932,3437,3416,34,3450,29
2021-01-24,Ventura,111,848112,68809,66347,2398,68745,439
2021-01-24,Yolo,113,214977,11799,11210,120,11330,140
2021-01-24,Yuba,115,75493,5035,4875,66,4941,31
2021-01-23,Alameda,001,1643700,72756,70080,1494,71574,780
2021-01-23,Alpine,003,1148,73,72,0,72,0
2021-01-23,Amador,005,37829,3130,3049,24,3073,30
2021-01-23,Butte,007,227075,10392,9757,1443,11200,133
2021-01-23,Calaveras,009,45235,1706,1695,10,1705,21
2021-01-23,Colusa,011,21464,1726,1672,188,1860,8
2021-01-23,Contra Costa,013,1133247,56745,54162,922,55084,487
2021-01-23,Del Norte,015,27424,883,855,4,859,2
2021-01-23,El Dorado,017,186661,8451,7984,553,8537,66
2021-01-23,Fresno,019,978130,89342,85274,6669,91943,910
2021-01-23,Glenn,021,27897,2085,2015,423,2438,13
2021-01-23,Humboldt,023,135768,2681,2493,16,2509,23
2021-01-23,Imperial,025,180216,26239,25581,2270,27851,487
2021-01-23,Inyo,027,18085,1046,987,8,995,27
2021-01-23,Kern,029,883053,86108,82602,7938,90540,783
2021-01-23,Kings,031,150075,20596,19904,816,20720,159
2021-01-23,Lake,033,64148,2807,2673,0,2673,32
2021-01-23,Lassen,035,31185,4891,4816,80,4896,1
2021-01-23,Los Angeles,037,10098052,1092889,1040961,34283,1075244,15034
2021-01-23,Madera,039,155013,14455,13858,683,14541,86
2021-01-23,Marin,041,260295,12135,11796,126,11922,177
2021-01-23,Mariposa,043,17540,346,323,3,326,3
2021-01-23,Mendocino,045,87422,3203,2991,60,3051,32
2021-01-23,Merced,047,269075,25463,24787,692,25479,303
2021-01-23,Modoc,049,8938,301,285,91,376,0
2021-01-23,Mono,051,14174,1117,1111,15,1126,3
2021-01-23,Monterey,053,433212,38552,37165,1264,38429,253
2021-01-23,Napa,055,140530,8225,7893,29,7922,43
2021-01-23,Nevada,057,99092,3547,3332,137,3469,18
2021-01-23,Orange,059,3164182,228899,221722,9120,230842,2618
2021-01-23,Placer,061,380077,18944,17617,917,18534,193
2021-01-23,Plumas,063,18699,609,528,10,538,2
2021-01-23,Riverside,065,2383286,265623,253636,12327,265963,2733
2021-01-23,Sacramento,067,1510023,85719,83408,1009,84417,1108
2021-01-23,San Benito,069,59416,5287,5166,62,5228,43
2021-01-23,San Bernardino,071,2135413,271058,260381,7814,268195,1922
2021-01-23,San Diego,073,3302833,239299,225556,11095,236651,2344
2021-01-23,San Francisco,075,870044,30962,30308,745,31053,268
2021-01-23,San Joaquin,077,732212,61126,58164,2352,60516,836
2021-01-23,San Luis Obispo,079,281455,17553,16652,448,17100,176
2021-01-23,San Mateo,081,765935,35767,33696,303,33999,213
2021-01-23,Santa Barbara,083,443738,28189,26234,823,27057,264
2021-01-23,Santa Clara,085,1922200,100106,97189,440,97629,1086
2021-01-23,Santa Cruz,087,273765,14005,12771,650,13421,127
2021-01-23,Shasta,089,179085,10135,9951,1038,10989,103
2021-01-23,Sierra,091,2930,47,41,12,53,0
2021-01-23,Siskiyou,093,43540,1285,1190,182,1372,4
2021-01-23,Solano,095,438530,27193,26261,297,26558,107
2021-01-23,Sonoma,097,501317,25448,24790,127,24917,232
2021-01-23,Stanislaus,099,539301,45757,43723,4561,48284,599
2021-01-23,Sutter,101,95872,8082,7943,75,8018,80
2021-01-23,Tehama,103,63373,4176,4006,441,4447,20
2021-01-23,Trinity,105,12862,439,262,63,325,3
2021-01-23,Tulare,107,460477,44540,42661,6207,48868,575
2021-01-23,Tuolumne,109,53932,3430,3407,34,3441,29
2021-01-23,Ventura,111,848112,68353,65581,2375,67956,438
2021-01-23,Yolo,113,214977,11758,11087,118,11205,141
2021-01-23,Yuba,115,75493,5023,4831,65,4896,30
2021-01-22,Alameda,001,1643700,72438,69693,1487,71180,751
2021-01-22,Alpine,003,1148,73,71,0,71,0
2021-01-22,Amador,005,37829,3125,3042,24,3066,30
2021-01-22,Butte,007,227075,10348,9711,1430,11141,133
2021-01-22,Calaveras,009,45235,1697,1672,10,1682,21
2021-01-22,Colusa,011,21464,1724,1668,188,1856,7
2021-01-22,Contra Costa,013,1133247,56507,53887,916,54803,485
2021-01-22,Del Norte,015,27424,882,852,4,856,2
2021-01-22,El Dorado,017,186661,8418,7877,550,8427,64
2021-01-22,Fresno,019,978130,89002,84744,6641,91385,892
2021-01-22,Glenn,021,27897,2080,1985,417,2402,13
2021-01-22,Humboldt,023,135768,2657,2452,16,2468,23
2021-01-22,Imperial,025,180216,26205,25562,2255,27817,474
2021-01-22,Inyo,027,18085,1035,961,8,969,26
2021-01-22,Kern,029,883053,85811,82101,7862,89963,771
2021-01-22,Kings,031,150075,20520,19760,812,20572,159
2021-01-22,Lake,033,64148,2795,2681,0,2681,32
2021-01-22,Lassen,035,31185,4882,4765,79,4844,1
2021-01-22,Los Angeles,037,10098052,1088418,1031177,34097,1065274,14777
2021-01-22,Madera,039,155013,14395,13781,682,14463,86
2021-01-22,Marin,041,260295,12098,11769,124,11893,177
2021-01-22,Mariposa,043,17540,346,323,3,326,3
2021-01-22,Mendocino,045,87422,3178,2994,59,3053,32
2021-01-22,Merced,047,269075,25340,24616,685,25301,290
2021-01-22,Modoc,049,8938,301,285,91,376,0
2021-01-22,Mono,051,14174,1117,1108,15,1123,3
2021-01-22,Monterey,053,433212,38399,36909,1259,38168,253
2021-01-22,Napa,055,140530,8180,7828,29,7857,40
2021-01-22,Nevada,057,99092,3522,3296,136,3432,18
2021-01-22,Orange,059,3164182,227946,220384,9073,229457,2542
2021-01-22,Placer,061,380077,18887,17636,902,18538,193
2021-01-22,Plumas,063,18699,607,522,10,532,2
2021-01-22,Riverside,065,2383286,264479,252440,12261,264701,2710
2021-01-22,Sacramento,067,1510023,85388,82861,1001,83862,1094
2021-01-22,San Benito,069,59416,5261,5143,62,5205,43
2021-01-22,San Bernardino,071,2135413,270255,259121,7784,266905,1849
2021-01-22,San Diego,073,3302833,238059,222576,11030,233606,2301
2021-01-22,San Francisco,075,870044,30848,30027,728,30755,266
2021-01-22,San Joaquin,077,732212,60942,58485,2340,60825,812
2021-01-22,San Luis Obispo,079,281455,17463,16336,445,16781,172
2021-01-22,San Mateo,081,765935,35545,33401,300,33701,211
2021-01-22,Santa Barbara,083,443738,27989,25989,812,26801,256
2021-01-22,Santa Clara,085,1922200,99660,96435,437,96872,1062
2021-01-22,Santa Cruz,087,273765,13947,12687,646,13333,123
2021-01-22,Shasta,089,179085,10115,9866,1036,10902,103
2021-01-22,Sierra,091,2930,47,40,12,52,0
2021-01-22,Siskiyou,093,43540,1281,1182,180,1362,4
2021-01-22,Solano,095,438530,27102,26048,295,26343,107
2021-01-22,Sonoma,097,501317,25363,24659,127,24786,232
2021-01-22,Stanislaus,099,539301,45591,43489,4535,48024,599
2021-01-22,Sutter,101,95872,8057,7878,75,7953,80
2021-01-22,Tehama,103,63373,4162,3993,439,4432,19
2021-01-22,Trinity,105,12862,438,263,63,326,3
2021-01-22,Tulare,107,460477,44361,42307,6140,48447,573
2021-01-22,Tuolumne,109,53932,3402,3379,34,3413,29
2021-01-22,Ventura,111,848112,67840,64404,2356,66760,426
2021-01-22,Yolo,113,214977,11725,11014,116,11130,141
2021-01-22,Yuba,115,75493,4999,4789,63,4852,29
2021-01-21,Alameda,001,1643700,72002,69314,1470,70784,739
2021-01-21,Alpine,003,1148,73,71,0,71,0
2021-01-21,Amador,005,37829,3103,3038,24,3062,29
2021-01-21,Butte,007,227075,10284,9643,1423,11066,130
2021-01-21,Calaveras,009,45235,1689,1647,10,1657,21
2021-01-21,Colusa,011,21464,1717,1662,186,1848,7
2021-01-21,Contra Costa,013,1133247,56117,53595,904,54499,478
2021-01-21,Del Norte,015,27424,880,850,3,853,2
2021-01-21,El Dorado,017,186661,8369,7823,547,8370,58
2021-01-21,Fresno,019,978130,88598,84137,6601,90738,889
2021-01-21,Glenn,021,27897,2072,1964,412,2376,13
2021-01-21,Humboldt,023,135768,2634,2423,16,2439,23
2021-01-21,Imperial,025,180216,26119,25509,2243,27752,463
2021-01-21,Inyo,027,18085,1026,946,8,954,26
2021-01-21,Kern,029,883053,85398,81328,7747,89075,769
2021-01-21,Kings,031,150075,20449,19633,795,20428,158
2021-01-21,Lake,033,64148,2781,2669,0,2669,32
2021-01-21,Lassen,035,31185,4875,4763,79,4842,1
2021-01-21,Los Angeles,037,10098052,1081751,1023055,33784,1056839,14537
2021-01-21,Madera,039,155013,14331,13664,674,14338,86
2021-01-21,Marin,041,260295,12044,11732,122,11854,173
2021-01-21,Mariposa,043,17540,342,322,3,325,3
2021-01-21,Mendocino,045,87422,3155,2967,57,3024,32
2021-01-21,Merced,047,269075,25185,24426,678,25104,245
2021-01-21,Modoc,049,8938,298,284,90,374,0
2021-01-21,Mono,051,14174,1112,1104,15,1119,3
2021-01-21,Monterey,053,433212,38118,36149,1250,37399,253
2021-01-21,Napa,055,140530,8116,7774,29,7803,40
2021-01-21,Nevada,057,99092,3493,3274,135,3409,18
2021-01-21,Orange,059,3164182,226570,218867,9019,227886,2540
2021-01-21,Placer,061,380077,18809,17553,898,18451,190
2021-01-21,Plumas,063,18699,603,518,10,528,2
2021-01-21,Riverside,065,2383286,262763,251007,12183,263190,2676
2021-01-21,Sacramento,067,1510023,84909,82303,981,83284,1084
2021-01-21,San Benito,069,59416,5231,5100,57,5157,43
2021-01-21,San Bernardino,071,2135413,268937,257754,7719,265473,1832
2021-01-21,San Diego,073,3302833,236284,219729,10923,230652,2222
2021-01-21,San Francisco,075,870044,30676,29801,694,30495,266
2021-01-21,San Joaquin,077,732212,60636,58270,2322,60592,806
2021-01-21,San Luis Obispo,079,281455,17377,16153,437,16590,169
2021-01-21,San Mateo,081,765935,35299,33156,287,33443,210
2021-01-21,Santa Barbara,083,443738,27701,25654,799,26453,253
2021-01-21,Santa Clara,085,1922200,99073,96028,432,96460,1062
2021-01-21,Santa Cruz,087,273765,13863,12548,636,13184,119
2021-01-21,Shasta,089,179085,10072,9795,1021,10816,98
2021-01-21,Sierra,091,2930,47,40,12,52,0
2021-01-21,Siskiyou,093,43540,1278,1178,178,1356,4
2021-01-21,Solano,095,438530,26923,25885,291,26176,106
2021-01-21,Sonoma,097,501317,25223,24440,125,24565,230
2021-01-21,Stanislaus,099,539301,45293,43223,4491,47714,599
2021-01-21,Sutter,101,95872,8023,7822,75,7897,80
2021-01-21,Tehama,103,63373,4123,3938,438,4376,19
2021-01-21,Trinity,105,12862,438,261,63,324,3
2021-01-21,Tulare,107,460477,44150,42082,6066,48148,569
2021-01-21,Tuolumne,109,53932,3392,3365,33,3398,29
2021-01-21,Ventura,111,848112,67141,63995,2336,66331,420
2021-01-21,Yolo,113,214977,11634,10940,108,11048,141
2021-01-21,Yuba,115,75493,4967,4757,62,4819,29
2021-01-20,Alameda,001,1643700,71529,68785,1454,70239,702
2021-01-20,Alpine,003,1148,73,71,0,71,0
2021-01-20,Amador,005,37829,3072,3036,24,3060,29
2021-01-20,Butte,007,227075,10228,9582,1413,10995,130
2021-01-20,Calaveras,009,45235,1667,1637,9,1646,21
2021-01-20,Colusa,011,21464,1700,1630,181,1811,7
2021-01-20,Contra Costa,013,1133247,55692,53108,895,54003,461
2021-01-20,Del Norte,015,27424,879,848,3,851,2
2021-01-20,El Dorado,017,186661,8319,7785,544,8329,53
2021-01-20,Fresno,019,978130,88179,83591,6547,90138,872
2021-01-20,Glenn,021,27897,2053,1955,410,2365,13
2021-01-20,Humboldt,023,135768,2591,2390,16,2406,22
2021-01-20,Imperial,025,180216,26047,25380,2209,27589,461
2021-01-20,Inyo,027,18085,1016,901,8,909,26
2021-01-20,Kern,029,883053,84948,80701,7641,88342,754
2021-01-20,Kings,031,150075,20359,19522,787,20309,146
2021-01-20,Lake,033,64148,2761,2646,0,2646,31
2021-01-20,Lassen,035,31185,4867,4758,77,4835,1
2021-01-20,Los Angeles,037,10098052,1074250,1015608,33505,1049113,14299
2021-01-20,Madera,039,155013,14266,13585,670,14255,86
2021-01-20,Marin,041,260295,11988,11684,120,11804,171
2021-01-20,Mariposa,043,17540,340,322,3,325,3
2021-01-20,Mendocino,045,87422,3140,2957,57,3014,32
2021-01-20,Merced,047,269075,25012,24220,656,24876,243
2021-01-20,Modoc,049,8938,297,282,90,372,0
2021-01-20,Mono,051,14174,1105,1105,14,1119,3
2021-01-20,Monterey,053,433212,37806,35960,1230,37190,249
2021-01-20,Napa,055,140530,8047,7731,29,7760,40
2021-01-20,Nevada,057,99092,3461,3238,135,3373,18
2021-01-20,Orange,059,3164182,225034,216893,8958,225851,2500
2021-01-20,Placer,061,380077,18715,17455,880,18335,186
2021-01-20,Plumas,063,18699,601,512,10,522,2
2021-01-20,Riverside,065,2383286,260719,248686,12100,260786,2615
2021-01-20,Sacramento,067,1510023,84349,81687,971,82658,1072
2021-01-20,San Benito,069,59416,5200,5036,56,5092,35
2021-01-20,San Bernardino,071,2135413,267615,255921,7672,263593,1801
2021-01-20,San Diego,073,3302833,234429,218553,10819,229372,2174
2021-01-20,San Francisco,075,870044,30489,29665,673,30338,262
2021-01-20,San Joaquin,077,732212,60232,58025,2313,60338,783
2021-01-20,San Luis Obispo,079,281455,17195,15936,428,16364,164
2021-01-20,San Mateo,081,765935,35072,32929,286,33215,210
2021-01-20,Santa Barbara,083,443738,27383,25312,787,26099,248
2021-01-20,Santa Clara,085,1922200,98428,94995,430,95425,1040
2021-01-20,Santa Cruz,087,273765,13756,12460,623,13083,107
2021-01-20,Shasta,089,179085,10020,9697,1011,10708,98
2021-01-20,Sierra,091,2930,47,40,12,52,0
2021-01-20,Siskiyou,093,43540,1271,1163,177,1340,4
2021-01-20,Solano,095,438530,26730,25659,287,25946,106
2021-01-20,Sonoma,097,501317,25087,24262,123,24385,223
2021-01-20,Stanislaus,099,539301,45013,42955,4453,47408,585
2021-01-20,Sutter,101,95872,7972,7772,73,7845,80
2021-01-20,Tehama,103,63373,4097,3892,435,4327,19
2021-01-20,Trinity,105,12862,438,260,63,323,3
2021-01-20,Tulare,107,460477,43893,41799,5976,47775,559
2021-01-20,Tuolumne,109,53932,3378,3355,32,3387,29
2021-01-20,Ventura,111,848112,66180,63413,2307,65720,395
2021-01-20,Yolo,113,214977,11569,10852,105,10957,141
2021-01-20,Yuba,115,75493,4940,4729,62,4791,29
2021-01-19,Alameda,001,1643700,70888,68434,1445,69879,680
2021-01-19,Alpine,003,1148,73,71,0,71,0
2021-01-19,Amador,005,37829,3063,3024,24,3048,28
2021-01-19,Butte,007,227075,10165,9528,1399,10927,129
2021-01-19,Calaveras,009,45235,1652,1621,8,1629,21
2021-01-19,Colusa,011,21464,1678,1617,178,1795,7
2021-01-19,Contra Costa,013,1133247,55229,52730,885,53615,448
2021-01-19,Del Norte,015,27424,877,843,3,846,2
2021-01-19,El Dorado,017,186661,8258,7743,536,8279,47
2021-01-19,Fresno,019,978130,87657,83200,6497,89697,857
2021-01-19,Glenn,021,27897,2041,1948,405,2353,13
2021-01-19,Humboldt,023,135768,2567,2359,13,2372,22
2021-01-19,Imperial,025,180216,25966,25333,2192,27525,452
2021-01-19,Inyo,027,18085,1008,891,8,899,26
2021-01-19,Kern,029,883053,84360,80272,7536,87808,742
2021-01-19,Kings,031,150075,20220,19375,777,20152,143
2021-01-19,Lake,033,64148,2748,2625,0,2625,31
2021-01-19,Lassen,035,31185,4860,4753,77,4830,1
2021-01-19,Los Angeles,037,10098052,1065577,1010375,33238,1043613,14014
2021-01-19,Madera,039,155013,14155,13528,665,14193,86
2021-01-19,Marin,041,260295,11933,11654,116,11770,169
2021-01-19,Mariposa,043,17540,340,322,3,325,3
2021-01-19,Mendocino,045,87422,3123,2930,57,2987,32
2021-01-19,Merced,047,269075,24800,24108,647,24755,242
2021-01-19,Modoc,049,8938,296,281,90,371,0
2021-01-19,Mono,051,14174,1104,1106,14,1120,3
2021-01-19,Monterey,053,433212,37505,35840,1209,37049,248
2021-01-19,Napa,055,140530,7989,7672,29,7701,38
2021-01-19,Nevada,057,99092,3443,3216,133,3349,18
2021-01-19,Orange,059,3164182,223301,215244,8891,224135,2468
2021-01-19,Placer,061,380077,18618,17348,870,18218,182
2021-01-19,Plumas,063,18699,594,509,10,519,2
2021-01-19,Riverside,065,2383286,258632,246248,12022,258270,2585
2021-01-19,Sacramento,067,1510023,83812,81183,951,82134,1053
2021-01-19,San Benito,069,59416,5154,4988,55,5043,35
2021-01-19,San Bernardino,071,2135413,265910,253651,7618,261269,1777
2021-01-19,San Diego,073,3302833,232006,216833,10721,227554,2109
2021-01-19,San Francisco,075,870044,30270,29502,642,30144,261
2021-01-19,San Joaquin,077,732212,59852,57655,2302,59957,782
2021-01-19,San Luis Obispo,079,281455,16932,15855,425,16280,161
2021-01-19,San Mateo,081,765935,34787,32730,275,33005,208
2021-01-19,Santa Barbara,083,443738,26999,24991,771,25762,236
2021-01-19,Santa Clara,085,1922200,97693,94483,429,94912,1010
2021-01-19,Santa Cruz,087,273765,13639,12410,615,13025,106
2021-01-19,Shasta,089,179085,9984,9614,1001,10615,93
2021-01-19,Sierra,091,2930,47,40,10,50,0
2021-01-19,Siskiyou,093,43540,1263,1149,175,1324,4
2021-01-19,Solano,095,438530,26482,25520,286,25806,106
2021-01-19,Sonoma,097,501317,24907,24133,121,24254,223
2021-01-19,Stanislaus,099,539301,44665,42723,4408,47131,561
2021-01-19,Sutter,101,95872,7922,7709,67,7776,80
2021-01-19,Tehama,103,63373,4067,3876,433,4309,19
2021-01-19,Trinity,105,12862,437,260,63,323,3
2021-01-19,Tulare,107,460477,43614,41559,5881,47440,549
2021-01-19,Tuolumne,109,53932,3351,3328,32,3360,29
2021-01-19,Ventura,111,848112,65496,62656,2280,64936,383
2021-01-19,Yolo,113,214977,11484,10789,105,10894,134
2021-01-19,Yuba,115,75493,4906,4695,61,4756,29
2021-01-18,Alameda,001,1643700,70256,67938,1428,69366,680
2021-01-18,Alpine,003,1148,73,71,0,71,0
2021-01-18,Amador,005,37829,3049,3016,24,3040,28
2021-01-18,Butte,007,227075,10079,9474,1387,10861,129
2021-01-18,Calaveras,009,45235,1631,1617,7,1624,21
2021-01-18,Colusa,011,21464,1662,1608,176,1784,7
2021-01-18,Contra Costa,013,1133247,54720,52323,877,53200,448
2021-01-18,Del Norte,015,27424,876,840,3,843,2
2021-01-18,El Dorado,017,186661,8192,7707,534,8241,47
2021-01-18,Fresno,019,978130,87047,82485,6431,88916,857
2021-01-18,Glenn,021,27897,2024,1935,401,2336,13
2021-01-18,Humboldt,023,135768,2529,2343,13,2356,22
2021-01-18,Imperial,025,180216,25899,25317,2168,27485,452
2021-01-18,Inyo,027,18085,996,872,8,880,26
2021-01-18,Kern,029,883053,83723,79930,7445,87375,740
2021-01-18,Kings,031,150075,20050,19267,765,20032,141
2021-01-18,Lake,033,64148,2731,2591,0,2591,30
2021-01-18,Lassen,035,31185,4824,4749,76,4825,1
2021-01-18,Los Angeles,037,10098052,1056066,1002614,32954,1035568,13828
2021-01-18,Madera,039,155013,14053,13443,656,14099,85
2021-01-18,Marin,041,260295,11887,11607,114,11721,165
2021-01-18,Mariposa,043,17540,337,320,2,322,3
2021-01-18,Mendocino,045,87422,3100,2919,57,2976,31
2021-01-18,Merced,047,269075,24555,23927,631,24558,242
2021-01-18,Modoc,049,8938,293,281,87,368,0
2021-01-18,Mono,051,14174,1101,1101,14,1115,3
2021-01-18,Monterey,053,433212,37063,35549,1195,36744,247
2021-01-18,Napa,055,140530,7916,7601,29,7630,38
2021-01-18,Nevada,057,99092,3405,3199,133,3332,17
2021-01-18,Orange,059,3164182,221411,213866,8837,222703,2405
2021-01-18,Placer,061,380077,18502,17263,861,18124,182
2021-01-18,Plumas,063,18699,591,506,10,516,2
2021-01-18,Riverside,065,2383286,256321,244151,11929,256080,2568
2021-01-18,Sacramento,067,1510023,83142,80546,935,81481,1046
2021-01-18,San Benito,069,59416,5106,4963,53,5016,35
2021-01-18,San Bernardino,071,2135413,264192,252808,7563,260371,1775
2021-01-18,San Diego,073,3302833,229358,214335,10592,224927,2103
2021-01-18,San Francisco,075,870044,30063,29321,618,29939,259
2021-01-18,San Joaquin,077,732212,59340,57405,2281,59686,782
2021-01-18,San Luis Obispo,079,281455,16745,15742,415,16157,158
2021-01-18,San Mateo,081,765935,34475,32515,256,32771,208
2021-01-18,Santa Barbara,083,443738,26620,24638,758,25396,235
2021-01-18,Santa Clara,085,1922200,96906,93688,425,94113,992
2021-01-18,Santa Cruz,087,273765,13506,12298,602,12900,106
2021-01-18,Shasta,089,179085,9945,9600,991,10591,92
2021-01-18,Sierra,091,2930,46,40,10,50,0
2021-01-18,Siskiyou,093,43540,1250,1144,174,1318,4
2021-01-18,Solano,095,438530,26204,25344,282,25626,105
2021-01-18,Sonoma,097,501317,24638,24068,120,24188,223
2021-01-18,Stanislaus,099,539301,44308,42413,4352,46765,562
2021-01-18,Sutter,101,95872,7865,7680,65,7745,78
2021-01-18,Tehama,103,63373,4022,3854,426,4280,19
2021-01-18,Trinity,105,12862,437,260,63,323,3
2021-01-18,Tulare,107,460477,43324,41196,5775,46971,549
2021-01-18,Tuolumne,109,53932,3327,3318,31,3349,28
2021-01-18,Ventura,111,848112,65063,61859,2258,64117,379
2021-01-18,Yolo,113,214977,11362,10620,102,10722,134
2021-01-18,Yuba,115,75493,4879,4671,59,4730,29
2021-01-17,Alameda,001,1643700,69692,67375,1410,68785,676
2021-01-17,Alpine,003,1148,73,71,0,71,0
2021-01-17,Amador,005,37829,3042,3001,24,3025,28
2021-01-17,Butte,007,227075,10004,9411,1363,10774,129
2021-01-17,Calaveras,009,45235,1618,1608,7,1615,21
2021-01-17,Colusa,011,21464,1649,1588,172,1760,7
2021-01-17,Contra Costa,013,1133247,54213,51932,866,52798,447
2021-01-17,Del Norte,015,27424,876,838,3,841,2
2021-01-17,El Dorado,017,186661,8137,7659,523,8182,47
2021-01-17,Fresno,019,978130,86493,82039,6356,88395,857
2021-01-17,Glenn,021,27897,2013,1924,396,2320,9
2021-01-17,Humboldt,023,135768,2493,2322,11,2333,22
2021-01-17,Imperial,025,180216,25830,25253,2127,27380,451
2021-01-17,Inyo,027,18085,990,864,8,872,26
2021-01-17,Kern,029,883053,83174,79489,7359,86848,738
2021-01-17,Kings,031,150075,19914,19201,751,19952,131
2021-01-17,Lake,033,64148,2717,2572,0,2572,30
2021-01-17,Lassen,035,31185,4816,4740,75,4815,1
2021-01-17,Los Angeles,037,10098052,1049408,993028,32564,1025592,13741
2021-01-17,Madera,039,155013,13963,13328,652,13980,85
2021-01-17,Marin,041,260295,11838,11552,112,11664,164
2021-01-17,Mariposa,043,17540,337,319,2,321,3
2021-01-17,Mendocino,045,87422,3072,2912,56,2968,31
2021-01-17,Merced,047,269075,24343,23800,613,24413,242
2021-01-17,Modoc,049,8938,292,279,87,366,0
2021-01-17,Mono,051,14174,1094,1091,13,1104,3
2021-01-17,Monterey,053,433212,36819,35340,1169,36509,244
2021-01-17,Napa,055,140530,7860,7521,29,7550,38
2021-01-17,Nevada,057,99092,3380,3176,131,3307,17
2021-01-17,Orange,059,3164182,219417,212389,8764,221153,2359
2021-01-17,Placer,061,380077,18396,17194,846,18040,181
2021-01-17,Plumas,063,18699,589,505,9,514,2
2021-01-17,Riverside,065,2383286,254211,242206,11813,254019,2534
2021-01-17,Sacramento,067,1510023,82542,80154,923,81077,1045
2021-01-17,San Benito,069,59416,5068,4941,53,4994,35
2021-01-17,San Bernardino,071,2135413,262094,251487,7476,258963,1775
2021-01-17,San Diego,073,3302833,227164,211785,10485,222270,2103
2021-01-17,San Francisco,075,870044,29874,29139,581,29720,255
2021-01-17,San Joaquin,077,732212,58983,57094,2267,59361,780
2021-01-17,San Luis Obispo,079,281455,16623,15658,406,16064,157
2021-01-17,San Mateo,081,765935,34223,32186,233,32419,208
2021-01-17,Santa Barbara,083,443738,26159,24401,746,25147,235
2021-01-17,Santa Clara,085,1922200,96146,92752,422,93174,976
2021-01-17,Santa Cruz,087,273765,13394,12196,599,12795,106
2021-01-17,Shasta,089,179085,9887,9588,983,10571,92
2021-01-17,Sierra,091,2930,46,38,9,47,0
2021-01-17,Siskiyou,093,43540,1243,1136,171,1307,4
2021-01-17,Solano,095,438530,25978,25216,280,25496,105
2021-01-17,Sonoma,097,501317,24464,23871,120,23991,223
2021-01-17,Stanislaus,099,539301,43988,42221,4289,46510,562
2021-01-17,Sutter,101,95872,7802,7604,64,7668,77
2021-01-17,Tehama,103,63373,3991,3837,422,4259,18
2021-01-17,Trinity,105,12862,437,261,63,324,3
2021-01-17,Tulare,107,460477,43037,41016,5659,46675,549
2021-01-17,Tuolumne,109,53932,3310,3287,31,3318,27
2021-01-17,Ventura,111,848112,64212,61257,2211,63468,376
2021-01-17,Yolo,113,214977,11263,10519,100,10619,134
2021-01-17,Yuba,115,75493,4832,4640,56,4696,28
2021-01-16,Alameda,001,1643700,69370,66583,1398,67981,673
2021-01-16,Alpine,003,1148,73,71,0,71,0
2021-01-16,Amador,005,37829,3039,2986,24,3010,28
2021-01-16,Butte,007,227075,9973,9359,1343,10702,129
2021-01-16,Calaveras,009,45235,1605,1596,7,1603,21
2021-01-16,Colusa,011,21464,1638,1578,172,1750,7
2021-01-16,Contra Costa,013,1133247,53934,51363,859,52222,443
2021-01-16,Del Norte,015,27424,871,833,3,836,2
2021-01-16,El Dorado,017,186661,8115,7575,522,8097,47
2021-01-16,Fresno,019,978130,86218,81294,6302,87596,846
2021-01-16,Glenn,021,27897,2009,1894,393,2287,9
2021-01-16,Humboldt,023,135768,2473,2294,9,2303,22
2021-01-16,Imperial,025,180216,25792,25140,2120,27260,451
2021-01-16,Inyo,027,18085,986,845,8,853,25
2021-01-16,Kern,029,883053,82807,78865,7305,86170,733
2021-01-16,Kings,031,150075,19858,19072,748,19820,131
2021-01-16,Lake,033,64148,2705,2504,0,2504,30
2021-01-16,Lassen,035,31185,4804,4719,75,4794,1
2021-01-16,Los Angeles,037,10098052,1045322,982684,32330,1015014,13654
2021-01-16,Madera,039,155013,13897,13193,647,13840,85
2021-01-16,Marin,041,260295,11796,11482,112,11594,164
2021-01-16,Mariposa,043,17540,336,317,2,319,3
2021-01-16,Mendocino,045,87422,3058,2890,53,2943,31
2021-01-16,Merced,047,269075,24256,23478,599,24077,242
2021-01-16,Modoc,049,8938,292,278,87,365,0
2021-01-16,Mono,051,14174,1092,1079,13,1092,3
2021-01-16,Monterey,053,433212,36708,34972,1153,36125,243
2021-01-16,Napa,055,140530,7821,7356,29,7385,39
2021-01-16,Nevada,057,99092,3347,3144,131,3275,17
2021-01-16,Orange,059,3164182,218384,210111,8708,218819,2312
2021-01-16,Placer,061,380077,18332,16995,844,17839,177
2021-01-16,Plumas,063,18699,587,502,9,511,2
2021-01-16,Riverside,065,2383286,252853,239412,11698,251110,2506
2021-01-16,Sacramento,067,1510023,82168,79122,906,80028,1033
2021-01-16,San Benito,069,59416,5035,4875,53,4928,35
2021-01-16,San Bernardino,071,2135413,261266,249401,7409,256810,1755
2021-01-16,San Diego,073,3302833,225866,209895,10388,220283,2065
2021-01-16,San Francisco,075,870044,29745,28853,550,29403,244
2021-01-16,San Joaquin,077,732212,58740,56642,2234,58876,776
2021-01-16,San Luis Obispo,079,281455,16522,15466,404,15870,152
2021-01-16,San Mateo,081,765935,34058,31805,227,32032,208
2021-01-16,Santa Barbara,083,443738,25958,24088,742,24830,229
2021-01-16,Santa Clara,085,1922200,95651,91584,415,91999,954
2021-01-16,Santa Cruz,087,273765,13335,12026,597,12623,106
2021-01-16,Shasta,089,179085,9854,9547,979,10526,92
2021-01-16,Sierra,091,2930,45,38,9,47,0
2021-01-16,Siskiyou,093,43540,1238,1124,171,1295,4
2021-01-16,Solano,095,438530,25869,24732,276,25008,103
2021-01-16,Sonoma,097,501317,24373,23607,119,23726,223
2021-01-16,Stanislaus,099,539301,43800,41809,4239,46048,562
2021-01-16,Sutter,101,95872,7770,7560,64,7624,76
2021-01-16,Tehama,103,63373,3977,3783,422,4205,18
2021-01-16,Trinity,105,12862,437,261,63,324,3
2021-01-16,Tulare,107,460477,42858,40655,5586,46241,542
2021-01-16,Tuolumne,109,53932,3302,3269,31,3300,27
2021-01-16,Ventura,111,848112,63659,60368,2181,62549,369
2021-01-16,Yolo,113,214977,11212,10406,99,10505,134
2021-01-16,Yuba,115,75493,4804,4602,56,4658,27
2021-01-15,Alameda,001,1643700,68944,65416,1387,66803,672
2021-01-15,Alpine,003,1148,73,71,0,71,0
2021-01-15,Amador,005,37829,3032,2953,24,2977,28
2021-01-15,Butte,007,227075,9931,9233,1329,10562,129
2021-01-15,Calaveras,009,45235,1598,1538,7,1545,21
2021-01-15,Colusa,011,21464,1627,1541,167,1708,7
2021-01-15,Contra Costa,013,1133247,53598,50408,852,51260,428
2021-01-15,Del Norte,015,27424,867,828,2,830,2
2021-01-15,El Dorado,017,186661,8065,7439,514,7953,47
2021-01-15,Fresno,019,978130,85680,79950,6265,86215,832
2021-01-15,Glenn,021,27897,2005,1824,390,2214,9
2021-01-15,Humboldt,023,135768,2446,2218,8,2226,22
2021-01-15,Imperial,025,180216,25756,24944,2114,27058,446
2021-01-15,Inyo,027,18085,969,814,8,822,25
2021-01-15,Kern,029,883053,82391,77873,7240,85113,719
2021-01-15,Kings,031,150075,19749,18661,742,19403,131
2021-01-15,Lake,033,64148,2679,2434,0,2434,28
2021-01-15,Lassen,035,31185,4793,4693,73,4766,1
2021-01-15,Los Angeles,037,10098052,1038269,968979,32048,1001027,13404
2021-01-15,Madera,039,155013,13807,12883,643,13526,85
2021-01-15,Marin,041,260295,11740,11310,112,11422,160
2021-01-15,Mariposa,043,17540,334,307,2,309,3
2021-01-15,Mendocino,045,87422,3047,2835,53,2888,31
2021-01-15,Merced,047,269075,24143,23060,595,23655,239
2021-01-15,Modoc,049,8938,292,278,85,363,0
2021-01-15,Mono,051,14174,1089,1057,13,1070,3
2021-01-15,Monterey,053,433212,36491,34460,1096,35556,243
2021-01-15,Napa,055,140530,7759,7231,29,7260,38
2021-01-15,Nevada,057,99092,3334,3099,128,3227,17
2021-01-15,Orange,059,3164182,217030,207129,8656,215785,2254
2021-01-15,Placer,061,380077,18227,16712,835,17547,173
2021-01-15,Plumas,063,18699,584,499,9,508,2
2021-01-15,Riverside,065,2383286,250991,235235,11619,246854,2458
2021-01-15,Sacramento,067,1510023,81745,80279,898,81177,1023
2021-01-15,San Benito,069,59416,4996,4766,51,4817,35
2021-01-15,San Bernardino,071,2135413,260083,246182,7348,253530,1726
2021-01-15,San Diego,073,3302833,224117,206868,10323,217191,2037
2021-01-15,San Francisco,075,870044,29571,28574,530,29104,242
2021-01-15,San Joaquin,077,732212,58512,55885,2220,58105,748
2021-01-15,San Luis Obispo,079,281455,16388,15129,399,15528,148
2021-01-15,San Mateo,081,765935,33813,31291,223,31514,208
2021-01-15,Santa Barbara,083,443738,25675,23487,738,24225,226
2021-01-15,Santa Clara,085,1922200,94990,90103,410,90513,942
2021-01-15,Santa Cruz,087,273765,13226,11776,584,12360,105
2021-01-15,Shasta,089,179085,9815,9459,972,10431,91
2021-01-15,Sierra,091,2930,44,36,7,43,0
2021-01-15,Siskiyou,093,43540,1234,1119,171,1290,4
2021-01-15,Solano,095,438530,25721,24222,274,24496,103
2021-01-15,Sonoma,097,501317,24242,23204,118,23322,222
2021-01-15,Stanislaus,099,539301,43550,41178,4197,45375,562
2021-01-15,Sutter,101,95872,7723,7484,63,7547,75
2021-01-15,Tehama,103,63373,3955,3714,421,4135,17
2021-01-15,Trinity,105,12862,437,262,63,325,3
2021-01-15,Tulare,107,460477,42616,39951,5503,45454,535
2021-01-15,Tuolumne,109,53932,3286,3231,31,3262,27
2021-01-15,Ventura,111,848112,62916,59061,2148,61209,353
2021-01-15,Yolo,113,214977,11154,10240,98,10338,134
2021-01-15,Yuba,115,75493,4784,4549,56,4605,27
2021-01-14,Alameda,001,1643700,68317,64364,1372,65736,686
2021-01-14,Alpine,003,1148,73,71,0,71,0
2021-01-14,Amador,005,37829,3026,2940,24,2964,28
2021-01-14,Butte,007,227075,9843,9127,1307,10434,129
2021-01-14,Calaveras,009,45235,1581,1513,7,1520,21
2021-01-14,Colusa,011,21464,1612,1535,161,1696,7
2021-01-14,Contra Costa,013,1133247,53055,49545,840,50385,415
2021-01-14,Del Norte,015,27424,861,821,2,823,2
2021-01-14,El Dorado,017,186661,7991,7321,507,7828,45
2021-01-14,Fresno,019,978130,85046,79033,6185,85218,814
2021-01-14,Glenn,021,27897,1993,1798,385,2183,9
2021-01-14,Humboldt,023,135768,2403,2169,8,2177,22
2021-01-14,Imperial,025,180216,25650,24882,2084,26966,447
2021-01-14,Inyo,027,18085,962,790,8,798,25
2021-01-14,Kern,029,883053,81719,77070,7139,84209,705
2021-01-14,Kings,031,150075,19619,18405,738,19143,108
2021-01-14,Lake,033,64148,2640,2378,0,2378,27
2021-01-14,Lassen,035,31185,4783,4673,71,4744,1
2021-01-14,Los Angeles,037,10098052,1028240,954652,31683,986335,13147
2021-01-14,Madera,039,155013,13692,12742,634,13376,85
2021-01-14,Marin,041,260295,11664,11155,111,11266,159
2021-01-14,Mariposa,043,17540,331,302,2,304,3
2021-01-14,Mendocino,045,87422,3033,2801,51,2852,31
2021-01-14,Merced,047,269075,23917,22780,585,23365,239
2021-01-14,Modoc,049,8938,292,273,85,358,0
2021-01-14,Mono,051,14174,1081,1020,13,1033,3
2021-01-14,Monterey,053,433212,36070,34105,1074,35179,242
2021-01-14,Napa,055,140530,7673,7117,29,7146,38
2021-01-14,Nevada,057,99092,3307,3075,126,3201,17
2021-01-14,Orange,059,3164182,215123,204442,8572,213014,2162
2021-01-14,Placer,061,380077,18066,16488,828,17316,169
2021-01-14,Plumas,063,18699,576,496,9,505,2
2021-01-14,Riverside,065,2383286,248344,231684,11518,243202,2357
2021-01-14,Sacramento,067,1510023,81106,79137,875,80012,1007
2021-01-14,San Benito,069,59416,4960,4678,50,4728,35
2021-01-14,San Bernardino,071,2135413,258099,243379,7277,250656,1750
2021-01-14,San Diego,073,3302833,221722,204173,10203,214376,2005
2021-01-14,San Francisco,075,870044,29324,28200,484,28684,238
2021-01-14,San Joaquin,077,732212,57993,55058,2207,57265,739
2021-01-14,San Luis Obispo,079,281455,16226,14851,390,15241,146
2021-01-14,San Mateo,081,765935,33444,30694,214,30908,208
2021-01-14,Santa Barbara,083,443738,25254,23126,721,23847,219
2021-01-14,Santa Clara,085,1922200,94079,88505,404,88909,910
2021-01-14,Santa Cruz,087,273765,13079,11583,569,12152,109
2021-01-14,Shasta,089,179085,9766,9334,956,10290,90
2021-01-14,Sierra,091,2930,44,35,6,41,0
2021-01-14,Siskiyou,093,43540,1222,1108,168,1276,3
2021-01-14,Solano,095,438530,25460,23782,270,24052,103
2021-01-14,Sonoma,097,501317,24002,22910,118,23028,202
2021-01-14,Stanislaus,099,539301,43223,40597,4156,44753,574
2021-01-14,Sutter,101,95872,7664,7416,60,7476,74
2021-01-14,Tehama,103,63373,3926,3664,417,4081,17
2021-01-14,Trinity,105,12862,437,261,62,323,3
2021-01-14,Tulare,107,460477,42232,39565,5394,44959,533
2021-01-14,Tuolumne,109,53932,3265,3215,31,3246,28
2021-01-14,Ventura,111,848112,62042,57941,2111,60052,347
2021-01-14,Yolo,113,214977,11051,10097,92,10189,135
2021-01-14,Yuba,115,75493,4752,4496,56,4552,27
2021-01-13,Alameda,001,1643700,67566,63568,1354,64922,690
2021-01-13,Alpine,003,1148,73,71,0,71,0
2021-01-13,Amador,005,37829,3012,2914,24,2938,26
2021-01-13,Butte,007,227075,9762,9013,1292,10305,126
2021-01-13,Calaveras,009,45235,1559,1493,7,1500,21
2021-01-13,Colusa,011,21464,1602,1524,153,1677,7
2021-01-13,Contra Costa,013,1133247,52482,48877,829,49706,403
2021-01-13,Del Norte,015,27424,857,820,2,822,2
2021-01-13,El Dorado,017,186661,7897,7247,499,7746,43
2021-01-13,Fresno,019,978130,84327,78278,6144,84422,804
2021-01-13,Glenn,021,27897,1977,1792,376,2168,9
2021-01-13,Humboldt,023,135768,2370,2114,8,2122,22
2021-01-13,Imperial,025,180216,25526,24717,2052,26769,463
2021-01-13,Inyo,027,18085,950,785,8,793,25
2021-01-13,Kern,029,883053,81062,76049,7049,83098,704
2021-01-13,Kings,031,150075,19452,18121,717,18838,108
2021-01-13,Lake,033,64148,2599,2305,0,2305,27
2021-01-13,Lassen,035,31185,4776,4663,70,4733,1
2021-01-13,Los Angeles,037,10098052,1017448,937985,31285,969270,12873
2021-01-13,Madera,039,155013,13576,12570,629,13199,85
2021-01-13,Marin,041,260295,11612,11039,111,11150,161
2021-01-13,Mariposa,043,17540,329,304,2,306,3
2021-01-13,Mendocino,045,87422,3013,2790,51,2841,31
2021-01-13,Merced,047,269075,23678,22497,571,23068,241
2021-01-13,Modoc,049,8938,291,274,82,356,0
2021-01-13,Mono,051,14174,1077,1017,13,1030,3
2021-01-13,Monterey,053,433212,35645,33748,1050,34798,241
2021-01-13,Napa,055,140530,7559,7028,29,7057,36
2021-01-13,Nevada,057,99092,3283,3037,123,3160,17
2021-01-13,Orange,059,3164182,213051,201158,8502,209660,2172
2021-01-13,Placer,061,380077,17941,16272,814,17086,172
2021-01-13,Plumas,063,18699,574,490,9,499,2
2021-01-13,Riverside,065,2383286,245197,228192,11405,239597,2278
2021-01-13,Sacramento,067,1510023,80445,78268,868,79136,996
2021-01-13,San Benito,069,59416,4904,4583,49,4632,35
2021-01-13,San Bernardino,071,2135413,255712,240191,7202,247393,1759
2021-01-13,San Diego,073,3302833,219108,201578,10100,211678,1952
2021-01-13,San Francisco,075,870044,29085,27863,464,28327,238
2021-01-13,San Joaquin,077,732212,57371,54373,2179,56552,738
2021-01-13,San Luis Obispo,079,281455,16071,14625,379,15004,140
2021-01-13,San Mateo,081,765935,33105,30195,212,30407,207
2021-01-13,Santa Barbara,083,443738,24812,22714,705,23419,216
2021-01-13,Santa Clara,085,1922200,93106,87187,400,87587,911
2021-01-13,Santa Cruz,087,273765,12906,11423,555,11978,110
2021-01-13,Shasta,089,179085,9702,9180,942,10122,93
2021-01-13,Sierra,091,2930,44,33,6,39,0
2021-01-13,Siskiyou,093,43540,1216,1102,164,1266,3
2021-01-13,Solano,095,438530,25182,23503,267,23770,105
2021-01-13,Sonoma,097,501317,23751,22610,117,22727,206
2021-01-13,Stanislaus,099,539301,42831,40167,4103,44270,574
2021-01-13,Sutter,101,95872,7618,7350,59,7409,73
2021-01-13,Tehama,103,63373,3875,3589,412,4001,17
2021-01-13,Trinity,105,12862,437,260,62,322,3
2021-01-13,Tulare,107,460477,41829,39129,5294,44423,522
2021-01-13,Tuolumne,109,53932,3251,3196,31,3227,28
2021-01-13,Ventura,111,848112,61030,56453,2071,58524,338
2021-01-13,Yolo,113,214977,10952,9933,89,10022,135
2021-01-13,Yuba,115,75493,4707,4448,53,4501,27
2021-01-12,Alameda,001,1643700,66740,62642,1336,63978,677
2021-01-12,Alpine,003,1148,73,71,0,71,0
2021-01-12,Amador,005,37829,2995,2897,24,2921,26
2021-01-12,Butte,007,227075,9674,8883,1277,10160,124
2021-01-12,Calaveras,009,45235,1523,1475,7,1482,21
2021-01-12,Colusa,011,21464,1590,1510,149,1659,7
2021-01-12,Contra Costa,013,1133247,51840,48242,815,49057,399
2021-01-12,Del Norte,015,27424,852,816,2,818,2
2021-01-12,El Dorado,017,186661,7813,7156,488,7644,41
2021-01-12,Fresno,019,978130,83455,77651,6076,83727,796
2021-01-12,Glenn,021,27897,1952,1781,372,2153,9
2021-01-12,Humboldt,023,135768,2316,2077,7,2084,22
2021-01-12,Imperial,025,180216,25434,24566,2011,26577,457
2021-01-12,Inyo,027,18085,932,773,8,781,25
2021-01-12,Kern,029,883053,80354,75320,6954,82274,689
2021-01-12,Kings,031,150075,19241,18072,707,18779,108
2021-01-12,Lake,033,64148,2551,2260,0,2260,27
2021-01-12,Lassen,035,31185,4754,4659,68,4727,1
2021-01-12,Los Angeles,037,10098052,1005786,926295,30888,957183,12610
2021-01-12,Madera,039,155013,13428,12485,620,13105,85
2021-01-12,Marin,041,260295,11505,10960,111,11071,157
2021-01-12,Mariposa,043,17540,326,302,2,304,3
2021-01-12,Mendocino,045,87422,2993,2762,47,2809,31
2021-01-12,Merced,047,269075,23427,22172,549,22721,239
2021-01-12,Modoc,049,8938,289,274,82,356,0
2021-01-12,Mono,051,14174,1067,1008,13,1021,3
2021-01-12,Monterey,053,433212,35154,33381,1033,34414,240
2021-01-12,Napa,055,140530,7476,6936,29,6965,36
2021-01-12,Nevada,057,99092,3255,3014,121,3135,17
2021-01-12,Orange,059,3164182,210780,198260,8416,206676,2142
2021-01-12,Placer,061,380077,17771,16087,808,16895,163
2021-01-12,Plumas,063,18699,568,483,9,492,2
2021-01-12,Riverside,065,2383286,242066,225580,11266,236846,2266
2021-01-12,Sacramento,067,1510023,79717,77201,860,78061,985
2021-01-12,San Benito,069,59416,4835,4515,49,4564,35
2021-01-12,San Bernardino,071,2135413,253127,237008,7133,244141,1739
2021-01-12,San Diego,073,3302833,216194,198317,9983,208300,1898
2021-01-12,San Francisco,075,870044,28808,27531,431,27962,238
2021-01-12,San Joaquin,077,732212,56730,53630,2151,55781,725
2021-01-12,San Luis Obispo,079,281455,15826,14367,371,14738,132
2021-01-12,San Mateo,081,765935,32714,29747,200,29947,206
2021-01-12,Santa Barbara,083,443738,24390,22182,685,22867,209
2021-01-12,Santa Clara,085,1922200,91992,86075,392,86467,904
2021-01-12,Santa Cruz,087,273765,12691,11267,540,11807,110
2021-01-12,Shasta,089,179085,9629,9086,929,10015,84
2021-01-12,Sierra,091,2930,43,33,6,39,0
2021-01-12,Siskiyou,093,43540,1206,1091,157,1248,3
2021-01-12,Solano,095,438530,24880,23160,263,23423,102
2021-01-12,Sonoma,097,501317,23446,22403,117,22520,205
2021-01-12,Stanislaus,099,539301,42392,39615,4068,43683,571
2021-01-12,Sutter,101,95872,7555,7276,58,7334,73
2021-01-12,Tehama,103,63373,3837,3567,407,3974,17
2021-01-12,Trinity,105,12862,437,258,62,320,3
2021-01-12,Tulare,107,460477,41369,38797,5178,43975,509
2021-01-12,Tuolumne,109,53932,3218,3178,31,3209,28
2021-01-12,Ventura,111,848112,60056,55342,2039,57381,324
2021-01-12,Yolo,113,214977,10816,9857,85,9942,133
2021-01-12,Yuba,115,75493,4662,4389,53,4442,27
2021-01-11,Alameda,001,1643700,65886,61949,1318,63267,652
2021-01-11,Alpine,003,1148,73,70,0,70,0
2021-01-11,Amador,005,37829,2981,2867,24,2891,24
2021-01-11,Butte,007,227075,9561,8757,1259,10016,119
2021-01-11,Calaveras,009,45235,1504,1460,7,1467,21
2021-01-11,Colusa,011,21464,1571,1494,144,1638,7
2021-01-11,Contra Costa,013,1133247,51159,47728,804,48532,398
2021-01-11,Del Norte,015,27424,848,810,2,812,2
2021-01-11,El Dorado,017,186661,7719,6987,481,7468,36
2021-01-11,Fresno,019,978130,82576,76581,6000,82581,775
2021-01-11,Glenn,021,27897,1925,1763,366,2129,9
2021-01-11,Humboldt,023,135768,2277,2069,7,2076,22
2021-01-11,Imperial,025,180216,25323,24418,1974,26392,453
2021-01-11,Inyo,027,18085,913,763,8,771,25
2021-01-11,Kern,029,883053,79494,74489,6855,81344,682
2021-01-11,Kings,031,150075,18978,17909,698,18607,108
2021-01-11,Lake,033,64148,2500,2205,0,2205,26
2021-01-11,Lassen,035,31185,4731,4647,68,4715,1
2021-01-11,Los Angeles,037,10098052,992557,914434,30432,944866,12304
2021-01-11,Madera,039,155013,13291,12366,609,12975,85
2021-01-11,Marin,041,260295,11406,10814,110,10924,156
2021-01-11,Mariposa,043,17540,319,296,2,298,3
2021-01-11,Mendocino,045,87422,2965,2728,47,2775,31
2021-01-11,Merced,047,269075,23104,21884,535,22419,238
2021-01-11,Modoc,049,8938,288,271,81,352,0
2021-01-11,Mono,051,14174,1061,1006,13,1019,3
2021-01-11,Monterey,053,433212,34615,32858,971,33829,239
2021-01-11,Napa,055,140530,7374,6822,29,6851,36
2021-01-11,Nevada,057,99092,3227,2980,121,3101,17
2021-01-11,Orange,059,3164182,208196,196340,8317,204657,2113
2021-01-11,Placer,061,380077,17592,15919,799,16718,163
2021-01-11,Plumas,063,18699,564,477,9,486,2
2021-01-11,Riverside,065,2383286,238560,222907,11122,234029,2222
2021-01-11,Sacramento,067,1510023,78784,76009,844,76853,974
2021-01-11,San Benito,069,59416,4763,4482,42,4524,34
2021-01-11,San Bernardino,071,2135413,250329,235543,7036,242579,1739
2021-01-11,San Diego,073,3302833,212925,194793,9823,204616,1857
2021-01-11,San Francisco,075,870044,28529,27264,411,27675,238
2021-01-11,San Joaquin,077,732212,56121,53002,2122,55124,725
2021-01-11,San Luis Obispo,079,281455,15455,14213,364,14577,126
2021-01-11,San Mateo,081,765935,32270,29355,188,29543,206
2021-01-11,Santa Barbara,083,443738,23939,21740,673,22413,200
2021-01-11,Santa Clara,085,1922200,90748,84851,384,85235,877
2021-01-11,Santa Cruz,087,273765,12511,11093,517,11610,106
2021-01-11,Shasta,089,179085,9531,8977,916,9893,81
2021-01-11,Sierra,091,2930,41,33,6,39,0
2021-01-11,Siskiyou,093,43540,1197,1087,155,1242,3
2021-01-11,Solano,095,438530,24559,22893,257,23150,101
2021-01-11,Sonoma,097,501317,23199,22191,117,22308,205
2021-01-11,Stanislaus,099,539301,41901,39149,4019,43168,571
2021-01-11,Sutter,101,95872,7496,7204,57,7261,71
2021-01-11,Tehama,103,63373,3775,3524,386,3910,17
2021-01-11,Trinity,105,12862,437,256,62,318,2
2021-01-11,Tulare,107,460477,40954,38380,5098,43478,497
2021-01-11,Tuolumne,109,53932,3207,3165,31,3196,27
2021-01-11,Ventura,111,848112,58919,54202,2015,56217,320
2021-01-11,Yolo,113,214977,10609,9699,84,9783,129
2021-01-11,Yuba,115,75493,4624,4349,46,4395,27
2021-01-10,Alameda,001,1643700,64908,61111,1290,62401,650
2021-01-10,Alpine,003,1148,73,70,0,70,0
2021-01-10,Amador,005,37829,2957,2861,24,2885,24
2021-01-10,Butte,007,227075,9440,8665,1233,9898,119
2021-01-10,Calaveras,009,45235,1481,1449,7,1456,21
2021-01-10,Colusa,011,21464,1549,1478,142,1620,7
2021-01-10,Contra Costa,013,1133247,50362,47109,785,47894,398
2021-01-10,Del Norte,015,27424,846,809,2,811,2
2021-01-10,El Dorado,017,186661,7630,6904,464,7368,36
2021-01-10,Fresno,019,978130,81765,75621,5878,81499,775
2021-01-10,Glenn,021,27897,1906,1746,358,2104,9
2021-01-10,Humboldt,023,135768,2216,2049,7,2056,22
2021-01-10,Imperial,025,180216,25165,24233,1924,26157,453
2021-01-10,Inyo,027,18085,886,748,8,756,25
2021-01-10,Kern,029,883053,78662,73712,6725,80437,679
2021-01-10,Kings,031,150075,18759,17812,691,18503,108
2021-01-10,Lake,033,64148,2445,2174,0,2174,26
2021-01-10,Lassen,035,31185,4709,4642,68,4710,1
2021-01-10,Los Angeles,037,10098052,977940,901783,29819,931602,12170
2021-01-10,Madera,039,155013,13100,12179,592,12771,85
2021-01-10,Marin,041,260295,11282,10737,109,10846,155
2021-01-10,Mariposa,043,17540,319,291,2,293,3
2021-01-10,Mendocino,045,87422,2934,2706,43,2749,31
2021-01-10,Merced,047,269075,22833,21691,524,22215,238
2021-01-10,Modoc,049,8938,288,271,79,350,0
2021-01-10,Mono,051,14174,1043,965,13,978,3
2021-01-10,Monterey,053,433212,34175,32571,939,33510,237
2021-01-10,Napa,055,140530,7272,6687,27,6714,36
2021-01-10,Nevada,057,99092,3208,2959,117,3076,17
2021-01-10,Orange,059,3164182,205410,193766,8195,201961,2104
2021-01-10,Placer,061,380077,17403,15779,779,16558,163
2021-01-10,Plumas,063,18699,554,477,9,486,2
2021-01-10,Riverside,065,2383286,235199,219486,10933,230419,2216
2021-01-10,Sacramento,067,1510023,77822,75394,817,76211,965
2021-01-10,San Benito,069,59416,4661,4434,41,4475,34
2021-01-10,San Bernardino,071,2135413,246919,232171,6933,239104,1736
2021-01-10,San Diego,073,3302833,209257,191886,9656,201542,1857
2021-01-10,San Francisco,075,870044,28148,27054,380,27434,238
2021-01-10,San Joaquin,077,732212,55310,52535,2089,54624,725
2021-01-10,San Luis Obispo,079,281455,15126,13968,352,14320,122
2021-01-10,San Mateo,081,765935,31780,28972,174,29146,206
2021-01-10,Santa Barbara,083,443738,23380,21290,658,21948,200
2021-01-10,Santa Clara,085,1922200,89564,83779,375,84154,858
2021-01-10,Santa Cruz,087,273765,12298,10951,499,11450,106
2021-01-10,Shasta,089,179085,9419,8936,901,9837,81
2021-01-10,Sierra,091,2930,40,32,6,38,0
2021-01-10,Siskiyou,093,43540,1191,1075,152,1227,3
2021-01-10,Solano,095,438530,24158,22621,254,22875,101
2021-01-10,Sonoma,097,501317,22923,21925,116,22041,204
2021-01-10,Stanislaus,099,539301,41327,38809,3942,42751,571
2021-01-10,Sutter,101,95872,7435,7133,54,7187,71
2021-01-10,Tehama,103,63373,3702,3504,374,3878,17
2021-01-10,Trinity,105,12862,437,253,60,313,2
2021-01-10,Tulare,107,460477,40539,38012,4980,42992,497
2021-01-10,Tuolumne,109,53932,3173,3143,30,3173,27
2021-01-10,Ventura,111,848112,57650,53095,1972,55067,319
2021-01-10,Yolo,113,214977,10457,9610,84,9694,129
2021-01-10,Yuba,115,75493,4571,4300,43,4343,27
2021-01-09,Alameda,001,1643700,64364,60125,1274,61399,649
2021-01-09,Alpine,003,1148,73,70,0,70,0
2021-01-09,Amador,005,37829,2950,2809,24,2833,24
2021-01-09,Butte,007,227075,9361,8552,1209,9761,118
2021-01-09,Calaveras,009,45235,1471,1425,7,1432,21
2021-01-09,Colusa,011,21464,1542,1468,141,1609,7
2021-01-09,Contra Costa,013,1133247,50008,46406,770,47176,393
2021-01-09,Del Norte,015,27424,844,802,2,804,2
2021-01-09,El Dorado,017,186661,7596,6800,461,7261,36
2021-01-09,Fresno,019,978130,81355,74816,5838,80654,773
2021-01-09,Glenn,021,27897,1891,1707,355,2062,9
2021-01-09,Humboldt,023,135768,2198,2026,7,2033,22
2021-01-09,Imperial,025,180216,25096,24028,1911,25939,448
2021-01-09,Inyo,027,18085,877,734,8,742,25
2021-01-09,Kern,029,883053,78193,73015,6648,79663,677
2021-01-09,Kings,031,150075,18664,17679,687,18366,108
2021-01-09,Lake,033,64148,2409,2144,0,2144,26
2021-01-09,Lassen,035,31185,4697,4613,68,4681,1
2021-01-09,Los Angeles,037,10098052,972359,887949,29390,917339,12011
2021-01-09,Madera,039,155013,13005,12063,586,12649,85
2021-01-09,Marin,041,260295,11221,10634,108,10742,154
2021-01-09,Mariposa,043,17540,316,287,2,289,3
2021-01-09,Mendocino,045,87422,2916,2664,43,2707,31
2021-01-09,Merced,047,269075,22691,21357,515,21872,237
2021-01-09,Modoc,049,8938,288,271,78,349,0
2021-01-09,Mono,051,14174,1038,964,13,977,3
2021-01-09,Monterey,053,433212,34025,31948,929,32877,235
2021-01-09,Napa,055,140530,7202,6594,24,6618,36
2021-01-09,Nevada,057,99092,3186,2932,114,3046,17
2021-01-09,Orange,059,3164182,203891,191004,8103,199107,2034
2021-01-09,Placer,061,380077,17296,15609,777,16386,162
2021-01-09,Plumas,063,18699,552,477,9,486,2
2021-01-09,Riverside,065,2383286,233444,216076,10797,226873,2201
2021-01-09,Sacramento,067,1510023,77289,74482,812,75294,953
2021-01-09,San Benito,069,59416,4609,4335,41,4376,34
2021-01-09,San Bernardino,071,2135413,245695,228857,6866,235723,1714
2021-01-09,San Diego,073,3302833,207563,188598,9536,198134,1824
2021-01-09,San Francisco,075,870044,27978,26708,339,27047,235
2021-01-09,San Joaquin,077,732212,54982,51927,2070,53997,724
2021-01-09,San Luis Obispo,079,281455,15002,13647,341,13988,121
2021-01-09,San Mateo,081,765935,31481,28512,167,28679,205
2021-01-09,Santa Barbara,083,443738,23168,20971,653,21624,197
2021-01-09,Santa Clara,085,1922200,88724,82269,363,82632,808
2021-01-09,Santa Cruz,087,273765,12203,10717,493,11210,107
2021-01-09,Shasta,089,179085,9386,8893,897,9790,81
2021-01-09,Sierra,091,2930,38,32,6,38,0
2021-01-09,Siskiyou,093,43540,1187,1062,147,1209,3
2021-01-09,Solano,095,438530,23999,22226,252,22478,101
2021-01-09,Sonoma,097,501317,22801,21393,116,21509,202
2021-01-09,Stanislaus,099,539301,41036,38403,3908,42311,567
2021-01-09,Sutter,101,95872,7399,7072,53,7125,69
2021-01-09,Tehama,103,63373,3670,3451,363,3814,15
2021-01-09,Trinity,105,12862,437,252,60,312,2
2021-01-09,Tulare,107,460477,40288,37684,4916,42600,496
2021-01-09,Tuolumne,109,53932,3165,3117,29,3146,26
2021-01-09,Ventura,111,848112,56822,51988,1946,53934,306
2021-01-09,Yolo,113,214977,10386,9524,83,9607,129
2021-01-09,Yuba,115,75493,4540,4265,43,4308,27
2021-01-08,Alameda,001,1643700,63802,59172,1265,60437,646
2021-01-08,Alpine,003,1148,73,70,0,70,0
2021-01-08,Amador,005,37829,2943,2792,24,2816,24
2021-01-08,Butte,007,227075,9301,8430,1195,9625,115
2021-01-08,Calaveras,009,45235,1457,1385,7,1392,21
2021-01-08,Colusa,011,21464,1530,1448,140,1588,7
2021-01-08,Contra Costa,013,1133247,49472,45667,766,46433,381
2021-01-08,Del Norte,015,27424,842,795,2,797,2
2021-01-08,El Dorado,017,186661,7526,6690,449,7139,36
2021-01-08,Fresno,019,978130,80543,73689,5780,79469,771
2021-01-08,Glenn,021,27897,1876,1680,350,2030,9
2021-01-08,Humboldt,023,135768,2174,1988,7,1995,22
2021-01-08,Imperial,025,180216,25031,23751,1896,25647,446
2021-01-08,Inyo,027,18085,862,682,8,690,24
2021-01-08,Kern,029,883053,77629,71978,6575,78553,674
2021-01-08,Kings,031,150075,18536,17441,682,18123,108
2021-01-08,Lake,033,64148,2381,2098,0,2098,26
2021-01-08,Lassen,035,31185,4689,4598,66,4664,1
2021-01-08,Los Angeles,037,10098052,961545,871188,28974,900162,11796
2021-01-08,Madera,039,155013,12855,11846,577,12423,85
2021-01-08,Marin,041,260295,11129,10531,108,10639,153
2021-01-08,Mariposa,043,17540,315,273,2,275,3
2021-01-08,Mendocino,045,87422,2897,2634,40,2674,31
2021-01-08,Merced,047,269075,22496,20862,510,21372,236
2021-01-08,Modoc,049,8938,288,266,78,344,0
2021-01-08,Mono,051,14174,1028,951,13,964,3
2021-01-08,Monterey,053,433212,33773,31543,919,32462,224
2021-01-08,Napa,055,140530,7132,6544,24,6568,32
2021-01-08,Nevada,057,99092,3164,2888,114,3002,17
2021-01-08,Orange,059,3164182,201891,186608,8017,194625,1991
2021-01-08,Placer,061,380077,17163,15401,770,16171,161
2021-01-08,Plumas,063,18699,546,465,9,474,2
2021-01-08,Riverside,065,2383286,231038,212122,10674,222796,2184
2021-01-08,Sacramento,067,1510023,76716,73245,806,74051,939
2021-01-08,San Benito,069,59416,4572,4225,40,4265,33
2021-01-08,San Bernardino,071,2135413,243815,224267,6795,231062,1703
2021-01-08,San Diego,073,3302833,205025,185060,9442,194502,1771
2021-01-08,San Francisco,075,870044,27727,26378,317,26695,207
2021-01-08,San Joaquin,077,732212,54657,50990,2042,53032,710
2021-01-08,San Luis Obispo,079,281455,14869,13286,329,13615,119
2021-01-08,San Mateo,081,765935,31132,28072,165,28237,204
2021-01-08,Santa Barbara,083,443738,22882,20461,648,21109,189
2021-01-08,Santa Clara,085,1922200,87780,80561,360,80921,789
2021-01-08,Santa Cruz,087,273765,12061,10486,485,10971,106
2021-01-08,Shasta,089,179085,9336,8772,882,9654,81
2021-01-08,Sierra,091,2930,38,31,6,37,0
2021-01-08,Siskiyou,093,43540,1184,1027,146,1173,3
2021-01-08,Solano,095,438530,23828,21832,249,22081,100
2021-01-08,Sonoma,097,501317,22659,21178,116,21294,201
2021-01-08,Stanislaus,099,539301,40737,37858,3874,41732,566
2021-01-08,Sutter,101,95872,7349,6982,53,7035,68
2021-01-08,Tehama,103,63373,3646,3406,360,3766,15
2021-01-08,Trinity,105,12862,437,247,60,307,2
2021-01-08,Tulare,107,460477,40020,36946,4821,41767,491
2021-01-08,Tuolumne,109,53932,3157,3099,29,3128,19
2021-01-08,Ventura,111,848112,55956,50553,1922,52475,294
2021-01-08,Yolo,113,214977,10297,9391,83,9474,129
2021-01-08,Yuba,115,75493,4498,4195,42,4237,26
2021-01-07,Alameda,001,1643700,62943,57921,1238,59159,632
2021-01-07,Alpine,003,1148,71,70,0,70,0
2021-01-07,Amador,005,37829,2930,2740,23,2763,24
2021-01-07,Butte,007,227075,9204,8278,1174,9452,112
2021-01-07,Calaveras,009,45235,1440,1342,6,1348,21
2021-01-07,Colusa,011,21464,1518,1420,133,1553,7
2021-01-07,Contra Costa,013,1133247,48695,44756,752,45508,376
2021-01-07,Del Norte,015,27424,840,791,2,793,2
2021-01-07,El Dorado,017,186661,7425,6545,439,6984,36
2021-01-07,Fresno,019,978130,79587,72557,5680,78237,765
2021-01-07,Glenn,021,27897,1858,1639,340,1979,9
2021-01-07,Humboldt,023,135768,2147,1954,7,1961,22
2021-01-07,Imperial,025,180216,24851,23608,1845,25453,431
2021-01-07,Inyo,027,18085,850,656,8,664,20
2021-01-07,Kern,029,883053,76767,70953,6427,77380,660
2021-01-07,Kings,031,150075,18410,17238,672,17910,108
2021-01-07,Lake,033,64148,2328,2054,0,2054,26
2021-01-07,Lassen,035,31185,4684,4581,64,4645,1
2021-01-07,Los Angeles,037,10098052,946622,853187,28446,881633,11480
2021-01-07,Madera,039,155013,12700,11644,567,12211,76
2021-01-07,Marin,041,260295,11040,10364,106,10470,153
2021-01-07,Mariposa,043,17540,313,264,2,266,3
2021-01-07,Mendocino,045,87422,2843,2585,35,2620,30
2021-01-07,Merced,047,269075,22174,20510,494,21004,234
2021-01-07,Modoc,049,8938,288,265,78,343,0
2021-01-07,Mono,051,14174,1017,905,13,918,3
2021-01-07,Monterey,053,433212,33268,30903,896,31799,222
2021-01-07,Napa,055,140530,7023,6408,24,6432,32
2021-01-07,Nevada,057,99092,3130,2847,109,2956,17
2021-01-07,Orange,059,3164182,199064,181922,7917,189839,1974
2021-01-07,Placer,061,380077,16985,15155,742,15897,144
2021-01-07,Plumas,063,18699,544,454,9,463,2
2021-01-07,Riverside,065,2383286,227580,208177,10524,218701,2156
2021-01-07,Sacramento,067,1510023,75811,72342,785,73127,919
2021-01-07,San Benito,069,59416,4511,4112,38,4150,33
2021-01-07,San Bernardino,071,2135413,240376,219691,6711,226402,1666
2021-01-07,San Diego,073,3302833,201719,180510,9264,189774,1738
2021-01-07,San Francisco,075,870044,27402,25885,304,26189,202
2021-01-07,San Joaquin,077,732212,53987,50156,2013,52169,689
2021-01-07,San Luis Obispo,079,281455,14631,12810,316,13126,118
2021-01-07,San Mateo,081,765935,30622,27494,162,27656,201
2021-01-07,Santa Barbara,083,443738,22455,19931,637,20568,187
2021-01-07,Santa Clara,085,1922200,86661,78808,356,79164,775
2021-01-07,Santa Cruz,087,273765,11852,10228,477,10705,104
2021-01-07,Shasta,089,179085,9248,8612,874,9486,81
2021-01-07,Sierra,091,2930,38,31,6,37,0
2021-01-07,Siskiyou,093,43540,1179,1010,145,1155,3
2021-01-07,Solano,095,438530,23438,21384,245,21629,100
2021-01-07,Sonoma,097,501317,22398,20857,115,20972,200
2021-01-07,Stanislaus,099,539301,40320,37296,3822,41118,553
2021-01-07,Sutter,101,95872,7290,6890,52,6942,65
2021-01-07,Tehama,103,63373,3622,3330,352,3682,15
2021-01-07,Trinity,105,12862,437,247,60,307,2
2021-01-07,Tulare,107,460477,39633,36397,4691,41088,482
2021-01-07,Tuolumne,109,53932,3137,3068,28,3096,14
2021-01-07,Ventura,111,848112,54795,49083,1894,50977,288
2021-01-07,Yolo,113,214977,10155,9207,81,9288,128
2021-01-07,Yuba,115,75493,4458,4128,42,4170,25
2021-01-06,Alameda,001,1643700,62090,57081,1211,58292,616
2021-01-06,Alpine,003,1148,71,70,0,70,0
2021-01-06,Amador,005,37829,2909,2717,22,2739,24
2021-01-06,Butte,007,227075,9092,8147,1155,9302,110
2021-01-06,Calaveras,009,45235,1417,1321,6,1327,21
2021-01-06,Colusa,011,21464,1498,1385,128,1513,7
2021-01-06,Contra Costa,013,1133247,47899,44054,736,44790,358
2021-01-06,Del Norte,015,27424,834,780,2,782,2
2021-01-06,El Dorado,017,186661,7313,6397,425,6822,35
2021-01-06,Fresno,019,978130,78741,71404,5578,76982,752
2021-01-06,Glenn,021,27897,1832,1622,336,1958,9
2021-01-06,Humboldt,023,135768,2121,1912,7,1919,22
2021-01-06,Imperial,025,180216,24604,23400,1802,25202,431
2021-01-06,Inyo,027,18085,834,630,8,638,20
2021-01-06,Kern,029,883053,75824,69893,6301,76194,646
2021-01-06,Kings,031,150075,18212,17019,653,17672,108
2021-01-06,Lake,033,64148,2294,2033,0,2033,26
2021-01-06,Lassen,035,31185,4672,4560,60,4620,1
2021-01-06,Los Angeles,037,10098052,930659,835052,27764,862816,11285
2021-01-06,Madera,039,155013,12566,11407,560,11967,67
2021-01-06,Marin,041,260295,10917,10282,105,10387,153
2021-01-06,Mariposa,043,17540,310,259,2,261,3
2021-01-06,Mendocino,045,87422,2813,2561,35,2596,30
2021-01-06,Merced,047,269075,21839,20258,479,20737,232
2021-01-06,Modoc,049,8938,288,263,78,341,0
2021-01-06,Mono,051,14174,986,905,13,918,3
2021-01-06,Monterey,053,433212,32667,30387,865,31252,222
2021-01-06,Napa,055,140530,6893,6342,24,6366,32
2021-01-06,Nevada,057,99092,3110,2805,108,2913,15
2021-01-06,Orange,059,3164182,195626,177686,7776,185462,1935
2021-01-06,Placer,061,380077,16797,14940,724,15664,134
2021-01-06,Plumas,063,18699,536,445,9,454,2
2021-01-06,Riverside,065,2383286,223566,203714,10338,214052,2121
2021-01-06,Sacramento,067,1510023,74787,71572,768,72340,909
2021-01-06,San Benito,069,59416,4435,4031,37,4068,32
2021-01-06,San Bernardino,071,2135413,236690,215286,6608,221894,1634
2021-01-06,San Diego,073,3302833,198218,176660,9093,185753,1691
2021-01-06,San Francisco,075,870044,27036,25424,296,25720,199
2021-01-06,San Joaquin,077,732212,53254,49286,1971,51257,673
2021-01-06,San Luis Obispo,079,281455,14237,12305,309,12614,115
2021-01-06,San Mateo,081,765935,30197,27050,159,27209,200
2021-01-06,Santa Barbara,083,443738,21966,19453,628,20081,177
2021-01-06,Santa Clara,085,1922200,85340,77485,349,77834,746
2021-01-06,Santa Cruz,087,273765,11633,9954,459,10413,97
2021-01-06,Shasta,089,179085,9178,8482,867,9349,78
2021-01-06,Sierra,091,2930,37,31,6,37,0
2021-01-06,Siskiyou,093,43540,1167,998,141,1139,3
2021-01-06,Solano,095,438530,23060,21102,242,21344,99
2021-01-06,Sonoma,097,501317,22091,20558,115,20673,196
2021-01-06,Stanislaus,099,539301,39753,36751,3762,40513,553
2021-01-06,Sutter,101,95872,7209,6839,51,6890,59
2021-01-06,Tehama,103,63373,3593,3306,346,3652,15
2021-01-06,Trinity,105,12862,437,246,60,306,2
2021-01-06,Tulare,107,460477,39140,35882,4596,40478,465
2021-01-06,Tuolumne,109,53932,3116,3008,28,3036,14
2021-01-06,Ventura,111,848112,53551,47428,1870,49298,280
2021-01-06,Yolo,113,214977,9991,9083,78,9161,127
2021-01-06,Yuba,115,75493,4408,4097,42,4139,25
2021-01-05,Alameda,001,1643700,60973,56432,1181,57613,602
2021-01-05,Alpine,003,1148,71,70,0,70,0
2021-01-05,Amador,005,37829,2869,2695,22,2717,24
2021-01-05,Butte,007,227075,8952,8008,1128,9136,107
2021-01-05,Calaveras,009,45235,1370,1292,6,1298,21
2021-01-05,Colusa,011,21464,1476,1376,122,1498,7
2021-01-05,Contra Costa,013,1133247,47039,43442,724,44166,353
2021-01-05,Del Norte,015,27424,828,770,2,772,2
2021-01-05,El Dorado,017,186661,7195,6270,404,6674,32
2021-01-05,Fresno,019,978130,77521,70971,5488,76459,741
2021-01-05,Glenn,021,27897,1809,1608,320,1928,9
2021-01-05,Humboldt,023,135768,2085,1884,7,1891,22
2021-01-05,Imperial,025,180216,24433,23165,1761,24926,421
2021-01-05,Inyo,027,18085,820,627,8,635,20
2021-01-05,Kern,029,883053,74746,68257,6166,74423,624
2021-01-05,Kings,031,150075,18014,16860,631,17491,108
2021-01-05,Lake,033,64148,2248,2015,0,2015,25
2021-01-05,Lassen,035,31185,4657,4554,56,4610,1
2021-01-05,Los Angeles,037,10098052,911916,823783,27110,850893,11028
2021-01-05,Madera,039,155013,12396,11359,548,11907,67
2021-01-05,Marin,041,260295,10769,10214,104,10318,151
2021-01-05,Mariposa,043,17540,304,257,2,259,3
2021-01-05,Mendocino,045,87422,2777,2501,35,2536,30
2021-01-05,Merced,047,269075,21487,20051,467,20518,230
2021-01-05,Modoc,049,8938,288,254,78,332,0
2021-01-05,Mono,051,14174,980,896,13,909,3
2021-01-05,Monterey,053,433212,32120,30045,832,30877,213
2021-01-05,Napa,055,140530,6807,6264,24,6288,29
2021-01-05,Nevada,057,99092,3082,2781,106,2887,15
2021-01-05,Orange,059,3164182,192000,174869,7586,182455,1918
2021-01-05,Placer,061,380077,16574,14723,701,15424,133
2021-01-05,Plumas,063,18699,529,428,9,437,2
2021-01-05,Riverside,065,2383286,219441,200439,10169,210608,2069
2021-01-05,Sacramento,067,1510023,73858,70677,742,71419,888
2021-01-05,San Benito,069,59416,4333,3961,35,3996,28
2021-01-05,San Bernardino,071,2135413,232726,212522,6492,219014,1615
2021-01-05,San Diego,073,3302833,194078,172845,8879,181724,1654
2021-01-05,San Francisco,075,870044,26665,24989,280,25269,196
2021-01-05,San Joaquin,077,732212,52396,48969,1927,50896,663
2021-01-05,San Luis Obispo,079,281455,13839,12027,299,12326,106
2021-01-05,San Mateo,081,765935,29716,26486,157,26643,198
2021-01-05,Santa Barbara,083,443738,21519,19063,620,19683,172
2021-01-05,Santa Clara,085,1922200,83792,76355,337,76692,729
2021-01-05,Santa Cruz,087,273765,11360,9753,435,10188,93
2021-01-05,Shasta,089,179085,9071,8345,849,9194,73
2021-01-05,Sierra,091,2930,37,31,6,37,0
2021-01-05,Siskiyou,093,43540,1155,985,139,1124,3
2021-01-05,Solano,095,438530,22651,20860,237,21097,97
2021-01-05,Sonoma,097,501317,21732,20247,114,20361,194
2021-01-05,Stanislaus,099,539301,39209,36363,3711,40074,553
2021-01-05,Sutter,101,95872,7112,6769,50,6819,59
2021-01-05,Tehama,103,63373,3541,3255,342,3597,9
2021-01-05,Trinity,105,12862,437,246,60,306,2
2021-01-05,Tulare,107,460477,38565,35585,4455,40040,455
2021-01-05,Tuolumne,109,53932,3093,2996,23,3019,13
2021-01-05,Ventura,111,848112,52307,46456,1848,48304,264
2021-01-05,Yolo,113,214977,9813,8980,76,9056,127
2021-01-05,Yuba,115,75493,4349,4053,41,4094,21
2021-01-04,Alameda,001,1643700,59755,55899,1147,57046,583
2021-01-04,Alpine,003,1148,71,68,0,68,0
2021-01-04,Amador,005,37829,2829,2596,22,2618,24
2021-01-04,Butte,007,227075,8793,7893,1107,9000,105
2021-01-04,Calaveras,009,45235,1329,1276,5,1281,21
2021-01-04,Colusa,011,21464,1451,1368,108,1476,7
2021-01-04,Contra Costa,013,1133247,46180,43019,700,43719,353
2021-01-04,Del Norte,015,27424,817,770,2,772,2
2021-01-04,El Dorado,017,186661,7061,6152,390,6542,27
2021-01-04,Fresno,019,978130,76254,69871,5390,75261,726
2021-01-04,Glenn,021,27897,1776,1590,315,1905,9
2021-01-04,Humboldt,023,135768,2048,1845,7,1852,22
2021-01-04,Imperial,025,180216,24286,23035,1710,24745,420
2021-01-04,Inyo,027,18085,794,623,8,631,20
2021-01-04,Kern,029,883053,73663,67418,5972,73390,623
2021-01-04,Kings,031,150075,17738,16801,607,17408,108
2021-01-04,Lake,033,64148,2212,1984,0,1984,25
2021-01-04,Lassen,035,31185,4635,4550,55,4605,1
2021-01-04,Los Angeles,037,10098052,891774,813022,26269,839291,10790
2021-01-04,Madera,039,155013,12180,11204,527,11731,67
2021-01-04,Marin,041,260295,10629,10115,102,10217,151
2021-01-04,Mariposa,043,17540,298,253,2,255,3
2021-01-04,Mendocino,045,87422,2737,2460,31,2491,28
2021-01-04,Merced,047,269075,21074,19804,448,20252,230
2021-01-04,Modoc,049,8938,272,250,76,326,0
2021-01-04,Mono,051,14174,969,895,13,908,3
2021-01-04,Monterey,053,433212,31506,29659,811,30470,212
2021-01-04,Napa,055,140530,6666,6187,24,6211,29
2021-01-04,Nevada,057,99092,3044,2765,103,2868,15
2021-01-04,Orange,059,3164182,188115,172458,7464,179922,1918
2021-01-04,Placer,061,380077,16315,14622,688,15310,133
2021-01-04,Plumas,063,18699,519,419,9,428,1
2021-01-04,Riverside,065,2383286,214893,196809,9983,206792,2066
2021-01-04,Sacramento,067,1510023,72804,70164,733,70897,870
2021-01-04,San Benito,069,59416,4220,3914,35,3949,28
2021-01-04,San Bernardino,071,2135413,228458,210868,6344,217212,1615
2021-01-04,San Diego,073,3302833,189504,171031,8683,179714,1598
2021-01-04,San Francisco,075,870044,26279,24753,274,25027,191
2021-01-04,San Joaquin,077,732212,51505,48644,1886,50530,661
2021-01-04,San Luis Obispo,079,281455,13352,11945,292,12237,96
2021-01-04,San Mateo,081,765935,29152,26150,152,26302,198
2021-01-04,Santa Barbara,083,443738,20996,18735,591,19326,165
2021-01-04,Santa Clara,085,1922200,82036,75297,330,75627,727
2021-01-04,Santa Cruz,087,273765,11072,9680,418,10098,85
2021-01-04,Shasta,089,179085,8966,8224,832,9056,72
2021-01-04,Sierra,091,2930,36,30,6,36,0
2021-01-04,Siskiyou,093,43540,1139,980,136,1116,3
2021-01-04,Solano,095,438530,22149,20588,229,20817,97
2021-01-04,Sonoma,097,501317,21394,20210,113,20323,194
2021-01-04,Stanislaus,099,539301,38646,36141,3656,39797,553
2021-01-04,Sutter,101,95872,7016,6712,49,6761,56
2021-01-04,Tehama,103,63373,3472,3190,337,3527,9
2021-01-04,Trinity,105,12862,434,245,60,305,2
2021-01-04,Tulare,107,460477,38026,35060,4355,39415,455
2021-01-04,Tuolumne,109,53932,3068,2987,23,3010,13
2021-01-04,Ventura,111,848112,50804,45014,1828,46842,255
2021-01-04,Yolo,113,214977,9618,8834,75,8909,121
2021-01-04,Yuba,115,75493,4294,4023,41,4064,21
2021-01-03,Alameda,001,1643700,58506,55082,1120,56202,580
2021-01-03,Alpine,003,1148,69,68,0,68,0
2021-01-03,Amador,005,37829,2772,2565,22,2587,24
2021-01-03,Butte,007,227075,8599,7837,1061,8898,105
2021-01-03,Calaveras,009,45235,1292,1249,3,1252,21
2021-01-03,Colusa,011,21464,1423,1337,102,1439,7
2021-01-03,Contra Costa,013,1133247,45294,42432,679,43111,352
2021-01-03,Del Norte,015,27424,806,768,2,770,2
2021-01-03,El Dorado,017,186661,6933,6034,373,6407,27
2021-01-03,Fresno,019,978130,75105,69326,5273,74599,719
2021-01-03,Glenn,021,27897,1751,1581,309,1890,9
2021-01-03,Humboldt,023,135768,2011,1833,7,1840,21
2021-01-03,Imperial,025,180216,24045,22951,1632,24583,419
2021-01-03,Inyo,027,18085,775,615,8,623,20
2021-01-03,Kern,029,883053,72402,66895,5797,72692,609
2021-01-03,Kings,031,150075,17462,16593,578,17171,108
2021-01-03,Lake,033,64148,2166,1976,0,1976,24
2021-01-03,Lassen,035,31185,4602,4531,54,4585,1
2021-01-03,Los Angeles,037,10098052,869715,792168,25231,817399,10633
2021-01-03,Madera,039,155013,11952,11152,504,11656,67
2021-01-03,Marin,041,260295,10479,10034,98,10132,150
2021-01-03,Mariposa,043,17540,291,248,2,250,3
2021-01-03,Mendocino,045,87422,2697,2445,29,2474,24
2021-01-03,Merced,047,269075,20607,19600,422,20022,230
2021-01-03,Modoc,049,8938,268,245,75,320,0
2021-01-03,Mono,051,14174,944,893,13,906,3
2021-01-03,Monterey,053,433212,30916,29357,776,30133,191
2021-01-03,Napa,055,140530,6565,6094,24,6118,29
2021-01-03,Nevada,057,99092,2983,2742,100,2842,15
2021-01-03,Orange,059,3164182,183925,169881,7275,177156,1919
2021-01-03,Placer,061,380077,16064,14319,665,14984,133
2021-01-03,Plumas,063,18699,506,416,9,425,1
2021-01-03,Riverside,065,2383286,210019,195048,9736,204784,2005
2021-01-03,Sacramento,067,1510023,71598,68558,712,69270,859
2021-01-03,San Benito,069,59416,4124,3882,34,3916,28
2021-01-03,San Bernardino,071,2135413,223181,208294,6173,214467,1592
2021-01-03,San Diego,073,3302833,184244,168018,8454,176472,1592
2021-01-03,San Francisco,075,870044,25788,24588,255,24843,193
2021-01-03,San Joaquin,077,732212,50396,47899,1831,49730,661
2021-01-03,San Luis Obispo,079,281455,12884,11636,284,11920,95
2021-01-03,San Mateo,081,765935,28558,25770,145,25915,196
2021-01-03,Santa Barbara,083,443738,20263,18267,576,18843,164
2021-01-03,Santa Clara,085,1922200,80446,74534,324,74858,720
2021-01-03,Santa Cruz,087,273765,10767,9528,403,9931,84
2021-01-03,Shasta,089,179085,8839,8192,792,8984,72
2021-01-03,Sierra,091,2930,36,30,6,36,0
2021-01-03,Siskiyou,093,43540,1106,976,127,1103,3
2021-01-03,Solano,095,438530,21616,20105,223,20328,97
2021-01-03,Sonoma,097,501317,21008,19982,111,20093,193
2021-01-03,Stanislaus,099,539301,37939,35762,3573,39335,553
2021-01-03,Sutter,101,95872,6919,6664,48,6712,53
2021-01-03,Tehama,103,63373,3418,3176,329,3505,9
2021-01-03,Trinity,105,12862,429,243,58,301,2
2021-01-03,Tulare,107,460477,37449,34747,4210,38957,455
2021-01-03,Tuolumne,109,53932,3007,2978,20,2998,13
2021-01-03,Ventura,111,848112,48978,43748,1811,45559,254
2021-01-03,Yolo,113,214977,9457,8674,74,8748,121
2021-01-03,Yuba,115,75493,4243,3966,40,4006,20
2021-01-02,Alameda,001,1643700,57887,54518,1089,55607,581
2021-01-02,Alpine,003,1148,69,68,0,68,0
2021-01-02,Amador,005,37829,2753,2540,22,2562,24
2021-01-02,Butte,007,227075,8493,7750,1040,8790,105
2021-01-02,Calaveras,009,45235,1272,1230,3,1233,21
2021-01-02,Colusa,011,21464,1412,1332,101,1433,7
2021-01-02,Contra Costa,013,1133247,44748,41993,671,42664,352
2021-01-02,Del Norte,015,27424,804,764,2,766,2
2021-01-02,El Dorado,017,186661,6878,5959,369,6328,27
2021-01-02,Fresno,019,978130,74561,68740,5162,73902,717
2021-01-02,Glenn,021,27897,1734,1546,308,1854,9
2021-01-02,Humboldt,023,135768,1984,1815,7,1822,21
2021-01-02,Imperial,025,180216,23957,22867,1600,24467,420
2021-01-02,Inyo,027,18085,764,609,8,617,20
2021-01-02,Kern,029,883053,71682,66457,5685,72142,610
2021-01-02,Kings,031,150075,17368,16515,574,17089,108
2021-01-02,Lake,033,64148,2129,1925,0,1925,24
2021-01-02,Lassen,035,31185,4591,4457,53,4510,1
2021-01-02,Los Angeles,037,10098052,861346,791892,24552,816444,10633
2021-01-02,Madera,039,155013,11837,11039,492,11531,67
2021-01-02,Marin,041,260295,10431,9924,95,10019,151
2021-01-02,Mariposa,043,17540,284,243,2,245,3
2021-01-02,Mendocino,045,87422,2654,2428,28,2456,24
2021-01-02,Merced,047,269075,20465,19395,405,19800,230
2021-01-02,Modoc,049,8938,267,245,75,320,0
2021-01-02,Mono,051,14174,933,884,13,897,3
2021-01-02,Monterey,053,433212,30700,28991,764,29755,191
2021-01-02,Napa,055,140530,6506,5994,24,6018,29
2021-01-02,Nevada,057,99092,2954,2706,96,2802,15
2021-01-02,Orange,059,3164182,181703,168457,7127,175584,1918
2021-01-02,Placer,061,380077,15891,14182,656,14838,133
2021-01-02,Plumas,063,18699,503,413,9,422,1
2021-01-02,Riverside,065,2383286,207373,192069,9510,201579,2008
2021-01-02,Sacramento,067,1510023,70962,67810,694,68504,858
2021-01-02,San Benito,069,59416,4042,3829,34,3863,28
2021-01-02,San Bernardino,071,2135413,221519,206939,6051,212990,1597
2021-01-02,San Diego,073,3302833,181645,164498,8257,172755,1592
2021-01-02,San Francisco,075,870044,25535,24414,247,24661,194
2021-01-02,San Joaquin,077,732212,49993,47310,1803,49113,662
2021-01-02,San Luis Obispo,079,281455,12750,11467,278,11745,95
2021-01-02,San Mateo,081,765935,28221,25483,137,25620,196
2021-01-02,Santa Barbara,083,443738,19974,18135,573,18708,164
2021-01-02,Santa Clara,085,1922200,79270,73662,318,73980,720
2021-01-02,Santa Cruz,087,273765,10612,9340,395,9735,85
2021-01-02,Shasta,089,179085,8773,8154,781,8935,72
2021-01-02,Sierra,091,2930,36,28,6,34,0
2021-01-02,Siskiyou,093,43540,1095,949,125,1074,3
2021-01-02,Solano,095,438530,21414,19805,214,20019,97
2021-01-02,Sonoma,097,501317,20839,19761,111,19872,194
2021-01-02,Stanislaus,099,539301,37606,35431,3509,38940,553
2021-01-02,Sutter,101,95872,6867,6621,48,6669,53
2021-01-02,Tehama,103,63373,3390,3146,325,3471,9
2021-01-02,Trinity,105,12862,426,243,58,301,2
2021-01-02,Tulare,107,460477,37121,34479,4136,38615,455
2021-01-02,Tuolumne,109,53932,2993,2942,18,2960,13
2021-01-02,Ventura,111,848112,47823,43397,1778,45175,254
2021-01-02,Yolo,113,214977,9360,8571,72,8643,122
2021-01-02,Yuba,115,75493,4205,3930,40,3970,21
2021-01-01,Alameda,001,1643700,57240,53518,1075,54593,579
2021-01-01,Alpine,003,1148,69,68,0,68,0
2021-01-01,Amador,005,37829,2727,2513,20,2533,24
2021-01-01,Butte,007,227075,8391,7589,1018,8607,105
2021-01-01,Calaveras,009,45235,1257,1186,3,1189,21
2021-01-01,Colusa,011,21464,1402,1314,99,1413,7
2021-01-01,Contra Costa,013,1133247,44274,41412,651,42063,351
2021-01-01,Del Norte,015,27424,799,758,2,760,2
2021-01-01,El Dorado,017,186661,6785,5832,361,6193,27
2021-01-01,Fresno,019,978130,73488,67484,5078,72562,717
2021-01-01,Glenn,021,27897,1717,1520,299,1819,9
2021-01-01,Humboldt,023,135768,1945,1783,7,1790,21
2021-01-01,Imperial,025,180216,23861,22715,1549,24264,418
2021-01-01,Inyo,027,18085,739,606,8,614,20
2021-01-01,Kern,029,883053,70856,65571,5578,71149,609
2021-01-01,Kings,031,150075,17185,16358,567,16925,108
2021-01-01,Lake,033,64148,2091,1888,0,1888,24
2021-01-01,Lassen,035,31185,4585,4377,53,4430,1
2021-01-01,Los Angeles,037,10098052,847128,775578,23880,799458,10515
2021-01-01,Madera,039,155013,11682,10752,483,11235,66
2021-01-01,Marin,041,260295,10333,9821,94,9915,148
2021-01-01,Mariposa,043,17540,276,236,2,238,3
2021-01-01,Mendocino,045,87422,2600,2400,28,2428,24
2021-01-01,Merced,047,269075,20281,19118,389,19507,229
2021-01-01,Modoc,049,8938,267,241,75,316,0
2021-01-01,Mono,051,14174,915,884,12,896,3
2021-01-01,Monterey,053,433212,30462,28465,755,29220,191
2021-01-01,Napa,055,140530,6421,5899,24,5923,28
2021-01-01,Nevada,057,99092,2930,2663,96,2759,15
2021-01-01,Orange,059,3164182,178908,165440,6984,172424,1893
2021-01-01,Placer,061,380077,15701,13987,641,14628,133
2021-01-01,Plumas,063,18699,498,412,9,421,1
2021-01-01,Riverside,065,2383286,204183,188674,9257,197931,1990
2021-01-01,Sacramento,067,1510023,70364,66956,677,67633,848
2021-01-01,San Benito,069,59416,4005,3773,34,3807,28
2021-01-01,San Bernardino,071,2135413,218755,203651,5921,209572,1590
2021-01-01,San Diego,073,3302833,178572,160071,8078,168149,1592
2021-01-01,San Francisco,075,870044,25257,24145,236,24381,187
2021-01-01,San Joaquin,077,732212,49669,46640,1759,48399,657
2021-01-01,San Luis Obispo,079,281455,12521,11160,270,11430,94
2021-01-01,San Mateo,081,765935,27772,25041,133,25174,194
2021-01-01,Santa Barbara,083,443738,19654,17759,563,18322,164
2021-01-01,Santa Clara,085,1922200,78048,71904,314,72218,680
2021-01-01,Santa Cruz,087,273765,10432,9146,385,9531,84
2021-01-01,Shasta,089,179085,8692,8102,764,8866,72
2021-01-01,Sierra,091,2930,36,26,6,32,0
2021-01-01,Siskiyou,093,43540,1081,944,120,1064,3
2021-01-01,Solano,095,438530,21200,19393,212,19605,97
2021-01-01,Sonoma,097,501317,20643,19513,111,19624,189
2021-01-01,Stanislaus,099,539301,37318,34978,3447,38425,553
2021-01-01,Sutter,101,95872,6810,6553,47,6600,52
2021-01-01,Tehama,103,63373,3332,3079,318,3397,9
2021-01-01,Trinity,105,12862,426,243,58,301,2
2021-01-01,Tulare,107,460477,36712,33994,4048,38042,454
2021-01-01,Tuolumne,109,53932,2976,2909,18,2927,13
2021-01-01,Ventura,111,848112,46330,42026,1752,43778,253
2021-01-01,Yolo,113,214977,9250,8461,69,8530,120
2021-01-01,Yuba,115,75493,4151,3845,39,3884,19
2020-12-31,Alameda,001,1643700,56692,52475,1043,53518,579
2020-12-31,Alpine,003,1148,69,66,0,66,0
2020-12-31,Amador,005,37829,2713,2493,20,2513,24
2020-12-31,Butte,007,227075,8316,7405,997,8402,105
2020-12-31,Calaveras,009,45235,1246,1161,3,1164,21
2020-12-31,Colusa,011,21464,1390,1301,96,1397,7
2020-12-31,Contra Costa,013,1133247,43870,40512,635,41147,336
2020-12-31,Del Norte,015,27424,798,748,2,750,2
2020-12-31,El Dorado,017,186661,6733,5662,352,6014,26
2020-12-31,Fresno,019,978130,73057,66442,5016,71458,711
2020-12-31,Glenn,021,27897,1689,1484,291,1775,9
2020-12-31,Humboldt,023,135768,1928,1713,7,1720,21
2020-12-31,Imperial,025,180216,23791,22494,1532,24026,417
2020-12-31,Inyo,027,18085,731,591,8,599,20
2020-12-31,Kern,029,883053,70381,64904,5490,70394,609
2020-12-31,Kings,031,150075,17110,16077,558,16635,108
2020-12-31,Lake,033,64148,2070,1848,0,1848,23
2020-12-31,Lassen,035,31185,4579,4340,52,4392,1
2020-12-31,Los Angeles,037,10098052,841783,755844,23428,779272,10320
2020-12-31,Madera,039,155013,11597,10609,475,11084,64
2020-12-31,Marin,041,260295,10281,9731,92,9823,148
2020-12-31,Mariposa,043,17540,274,217,2,219,3
2020-12-31,Mendocino,045,87422,2585,2367,24,2391,24
2020-12-31,Merced,047,269075,20191,18808,379,19187,226
2020-12-31,Modoc,049,8938,267,238,75,313,0
2020-12-31,Mono,051,14174,907,868,12,880,3
2020-12-31,Monterey,053,433212,30232,27720,743,28463,188
2020-12-31,Napa,055,140530,6358,5801,24,5825,28
2020-12-31,Nevada,057,99092,2907,2619,95,2714,15
2020-12-31,Orange,059,3164182,177007,161586,6855,168441,1866
2020-12-31,Placer,061,380077,15545,13708,638,14346,126
2020-12-31,Plumas,063,18699,494,401,8,409,1
2020-12-31,Riverside,065,2383286,202501,184193,9128,193321,1958
2020-12-31,Sacramento,067,1510023,69834,65817,667,66484,830
2020-12-31,San Benito,069,59416,3981,3673,34,3707,28
2020-12-31,San Bernardino,071,2135413,217061,199115,5848,204963,1586
2020-12-31,San Diego,073,3302833,176809,155593,7979,163572,1534
2020-12-31,San Francisco,075,870044,25022,23740,229,23969,183
2020-12-31,San Joaquin,077,732212,49317,45764,1721,47485,646
2020-12-31,San Luis Obispo,079,281455,12406,10846,270,11116,89
2020-12-31,San Mateo,081,765935,27442,24570,127,24697,192
2020-12-31,Santa Barbara,083,443738,19410,17434,556,17990,161
2020-12-31,Santa Clara,085,1922200,77171,70032,309,70341,665
2020-12-31,Santa Cruz,087,273765,10314,8909,373,9282,84
2020-12-31,Shasta,089,179085,8626,7996,754,8750,69
2020-12-31,Sierra,091,2930,36,26,6,32,0
2020-12-31,Siskiyou,093,43540,1065,940,117,1057,3
2020-12-31,Solano,095,438530,20970,18942,211,19153,97
2020-12-31,Sonoma,097,501317,20522,19129,110,19239,188
2020-12-31,Stanislaus,099,539301,37010,34398,3400,37798,552
2020-12-31,Sutter,101,95872,6779,6432,47,6479,51
2020-12-31,Tehama,103,63373,3294,3036,317,3353,9
2020-12-31,Trinity,105,12862,425,241,58,299,2
2020-12-31,Tulare,107,460477,36509,33412,3987,37399,446
2020-12-31,Tuolumne,109,53932,2967,2902,18,2920,12
2020-12-31,Ventura,111,848112,45820,40854,1735,42589,251
2020-12-31,Yolo,113,214977,9161,8295,68,8363,117
2020-12-31,Yuba,115,75493,4114,3799,38,3837,18
2020-12-30,Alameda,001,1643700,55910,50158,990,51148,573
2020-12-30,Alpine,003,1148,69,66,0,66,0
2020-12-30,Amador,005,37829,2693,2418,19,2437,24
2020-12-30,Butte,007,227075,8155,7140,977,8117,103
2020-12-30,Calaveras,009,45235,1221,1135,3,1138,21
2020-12-30,Colusa,011,21464,1372,1289,90,1379,7
2020-12-30,Contra Costa,013,1133247,43321,39601,622,40223,337
2020-12-30,Del Norte,015,27424,793,726,2,728,2
2020-12-30,El Dorado,017,186661,6632,5595,342,5937,27
2020-12-30,Fresno,019,978130,72212,65566,4866,70432,711
2020-12-30,Glenn,021,27897,1658,1471,279,1750,9
2020-12-30,Humboldt,023,135768,1894,1654,7,1661,22
2020-12-30,Imperial,025,180216,23625,22098,1456,23554,412
2020-12-30,Inyo,027,18085,725,572,8,580,20
2020-12-30,Kern,029,883053,69653,63292,5346,68638,604
2020-12-30,Kings,031,150075,16991,15862,549,16411,108
2020-12-30,Lake,033,64148,2051,1731,0,1731,23
2020-12-30,Lassen,035,31185,4570,4300,52,4352,1
2020-12-30,Los Angeles,037,10098052,830865,741907,22758,764665,10046
2020-12-30,Madera,039,155013,11487,10249,464,10713,65
2020-12-30,Marin,041,260295,10187,9569,85,9654,148
2020-12-30,Mariposa,043,17540,270,214,2,216,3
2020-12-30,Mendocino,045,87422,2567,2291,21,2312,24
2020-12-30,Merced,047,269075,19901,18519,369,18888,225
2020-12-30,Modoc,049,8938,264,234,75,309,0
2020-12-30,Mono,051,14174,904,868,12,880,3
2020-12-30,Monterey,053,433212,29602,26977,721,27698,186
2020-12-30,Napa,055,140530,6253,5754,24,5778,28
2020-12-30,Nevada,057,99092,2872,2595,93,2688,15
2020-12-30,Orange,059,3164182,174349,153951,6668,160619,1863
2020-12-30,Placer,061,380077,15313,13540,626,14166,127
2020-12-30,Plumas,063,18699,489,397,8,405,1
2020-12-30,Riverside,065,2383286,199553,176402,8945,185347,1919
2020-12-30,Sacramento,067,1510023,68961,64119,650,64769,847
2020-12-30,San Benito,069,59416,3899,3464,30,3494,29
2020-12-30,San Bernardino,071,2135413,214493,192648,5763,198411,1591
2020-12-30,San Diego,073,3302833,173176,152510,7804,160314,1472
2020-12-30,San Francisco,075,870044,24746,23099,224,23323,182
2020-12-30,San Joaquin,077,732212,48596,44465,1680,46145,634
2020-12-30,San Luis Obispo,079,281455,12137,10542,262,10804,89
2020-12-30,San Mateo,081,765935,27013,24150,123,24273,190
2020-12-30,Santa Barbara,083,443738,19008,16895,535,17430,161
2020-12-30,Santa Clara,085,1922200,75962,67218,305,67523,661
2020-12-30,Santa Cruz,087,273765,10140,8787,364,9151,86
2020-12-30,Shasta,089,179085,8512,7818,740,8558,69
2020-12-30,Sierra,091,2930,36,25,6,31,0
2020-12-30,Siskiyou,093,43540,1058,913,109,1022,3
2020-12-30,Solano,095,438530,20581,18300,208,18508,96
2020-12-30,Sonoma,097,501317,20266,18947,110,19057,191
2020-12-30,Stanislaus,099,539301,36547,33730,3325,37055,526
2020-12-30,Sutter,101,95872,6719,6328,45,6373,51
2020-12-30,Tehama,103,63373,3250,2969,313,3282,9
2020-12-30,Trinity,105,12862,424,231,57,288,2
2020-12-30,Tulare,107,460477,35979,32413,3928,36341,430
2020-12-30,Tuolumne,109,53932,2957,2772,16,2788,12
2020-12-30,Ventura,111,848112,44533,39039,1711,40750,251
2020-12-30,Yolo,113,214977,9053,8067,66,8133,117
2020-12-30,Yuba,115,75493,4046,3612,38,3650,18
2020-12-29,Alameda,001,1643700,54839,50946,955,51901,552
2020-12-29,Alpine,003,1148,69,65,0,65,0
2020-12-29,Amador,005,37829,2641,2388,18,2406,23
2020-12-29,Butte,007,227075,7982,7178,953,8131,98
2020-12-29,Calaveras,009,45235,1177,1111,2,1113,21
2020-12-29,Colusa,011,21464,1351,1272,85,1357,7
2020-12-29,Contra Costa,013,1133247,42550,39225,596,39821,325
2020-12-29,Del Norte,015,27424,786,724,2,726,2
2020-12-29,El Dorado,017,186661,6502,5551,329,5880,22
2020-12-29,Fresno,019,978130,70838,65149,4716,69865,688
2020-12-29,Glenn,021,27897,1624,1454,272,1726,9
2020-12-29,Humboldt,023,135768,1846,1616,7,1623,19
2020-12-29,Imperial,025,180216,23410,22105,1374,23479,407
2020-12-29,Inyo,027,18085,707,571,8,579,19
2020-12-29,Kern,029,883053,68487,63096,5178,68274,589
2020-12-29,Kings,031,150075,16822,15777,537,16314,108
2020-12-29,Lake,033,64148,2020,1805,0,1805,22
2020-12-29,Lassen,035,31185,4555,4288,52,4340,1
2020-12-29,Los Angeles,037,10098052,810657,731907,21931,753838,9786
2020-12-29,Madera,039,155013,11185,10251,451,10702,64
2020-12-29,Marin,041,260295,10044,9595,81,9676,146
2020-12-29,Mariposa,043,17540,262,212,2,214,3
2020-12-29,Mendocino,045,87422,2524,2249,20,2269,24
2020-12-29,Merced,047,269075,19551,18464,353,18817,221
2020-12-29,Modoc,049,8938,261,232,75,307,0
2020-12-29,Mono,051,14174,895,868,12,880,3
2020-12-29,Monterey,053,433212,28951,26894,696,27590,185
2020-12-29,Napa,055,140530,6135,5663,24,5687,28
2020-12-29,Nevada,057,99092,2824,2550,92,2642,15
2020-12-29,Orange,059,3164182,170578,154411,6505,160916,1839
2020-12-29,Placer,061,380077,15100,13392,605,13997,126
2020-12-29,Plumas,063,18699,480,395,8,403,1
2020-12-29,Riverside,065,2383286,194955,177624,8696,186320,1904
2020-12-29,Sacramento,067,1510023,67910,65078,638,65716,820
2020-12-29,San Benito,069,59416,3780,3474,29,3503,25
2020-12-29,San Bernardino,071,2135413,209657,190476,5627,196103,1557
2020-12-29,San Diego,073,3302833,168953,150062,7573,157635,1435
2020-12-29,San Francisco,075,870044,24406,22996,217,23213,178
2020-12-29,San Joaquin,077,732212,47656,44699,1627,46326,622
2020-12-29,San Luis Obispo,079,281455,11841,10387,254,10641,80
2020-12-29,San Mateo,081,765935,26471,23773,111,23884,189
2020-12-29,Santa Barbara,083,443738,18539,16797,509,17306,155
2020-12-29,Santa Clara,085,1922200,74462,67581,301,67882,621
2020-12-29,Santa Cruz,087,273765,9874,8492,355,8847,84
2020-12-29,Shasta,089,179085,8408,7782,725,8507,65
2020-12-29,Sierra,091,2930,34,24,5,29,0
2020-12-29,Siskiyou,093,43540,1043,926,107,1033,3
2020-12-29,Solano,095,438530,20205,18412,203,18615,96
2020-12-29,Sonoma,097,501317,19934,18790,108,18898,187
2020-12-29,Stanislaus,099,539301,36069,33775,3255,37030,508
2020-12-29,Sutter,101,95872,6652,6302,45,6347,50
2020-12-29,Tehama,103,63373,3180,2962,301,3263,9
2020-12-29,Trinity,105,12862,423,241,57,298,2
2020-12-29,Tulare,107,460477,35352,32545,3805,36350,419
2020-12-29,Tuolumne,109,53932,2915,2797,16,2813,12
2020-12-29,Ventura,111,848112,43278,38669,1685,40354,235
2020-12-29,Yolo,113,214977,8923,8124,64,8188,111
2020-12-29,Yuba,115,75493,3967,3723,38,3761,18
2020-12-28,Alameda,001,1643700,53796,50405,935,51340,551
2020-12-28,Alpine,003,1148,68,65,0,65,0
2020-12-28,Amador,005,37829,2571,2255,18,2273,23
2020-12-28,Butte,007,227075,7816,7053,923,7976,86
2020-12-28,Calaveras,009,45235,1154,1102,2,1104,21
2020-12-28,Colusa,011,21464,1325,1255,74,1329,7
2020-12-28,Contra Costa,013,1133247,41608,38872,567,39439,324
2020-12-28,Del Norte,015,27424,777,718,2,720,2
2020-12-28,El Dorado,017,186661,6346,5441,317,5758,18
2020-12-28,Fresno,019,978130,69573,64274,4566,68840,679
2020-12-28,Glenn,021,27897,1590,1435,260,1695,9
2020-12-28,Humboldt,023,135768,1811,1579,7,1586,19
2020-12-28,Imperial,025,180216,23154,22003,1300,23303,405
2020-12-28,Inyo,027,18085,701,569,8,577,19
2020-12-28,Kern,029,883053,67421,62392,4978,67370,579
2020-12-28,Kings,031,150075,16605,15733,520,16253,108
2020-12-28,Lake,033,64148,1980,1785,0,1785,22
2020-12-28,Lassen,035,31185,4448,4284,51,4335,1
2020-12-28,Los Angeles,037,10098052,788300,720699,21146,741845,9544
2020-12-28,Madera,039,155013,11012,10123,431,10554,64
2020-12-28,Marin,041,260295,9937,9546,75,9621,145
2020-12-28,Mariposa,043,17540,238,211,2,213,3
2020-12-28,Mendocino,045,87422,2489,2214,20,2234,23
2020-12-28,Merced,047,269075,19231,18245,335,18580,213
2020-12-28,Modoc,049,8938,256,220,73,293,0
2020-12-28,Mono,051,14174,891,848,12,860,3
2020-12-28,Monterey,053,433212,28103,26529,687,27216,182
2020-12-28,Napa,055,140530,6025,5576,24,5600,26
2020-12-28,Nevada,057,99092,2776,2532,88,2620,15
2020-12-28,Orange,059,3164182,166477,152089,6330,158419,1839
2020-12-28,Placer,061,380077,14760,13234,578,13812,126
2020-12-28,Plumas,063,18699,476,391,8,399,0
2020-12-28,Riverside,065,2383286,190060,174029,8409,182438,1855
2020-12-28,Sacramento,067,1510023,66675,64322,614,64936,813
2020-12-28,San Benito,069,59416,3711,3429,29,3458,24
2020-12-28,San Bernardino,071,2135413,204564,188919,5514,194433,1552
2020-12-28,San Diego,073,3302833,164209,147528,7391,154919,1404
2020-12-28,San Francisco,075,870044,24046,22726,212,22938,178
2020-12-28,San Joaquin,077,732212,46717,44172,1595,45767,618
2020-12-28,San Luis Obispo,079,281455,11491,10260,250,10510,76
2020-12-28,San Mateo,081,765935,25997,23467,107,23574,189
2020-12-28,Santa Barbara,083,443738,18071,16579,497,17076,155
2020-12-28,Santa Clara,085,1922200,72981,66418,294,66712,619
2020-12-28,Santa Cruz,087,273765,9616,8310,345,8655,81
2020-12-28,Shasta,089,179085,8291,7688,712,8400,65
2020-12-28,Sierra,091,2930,32,24,4,28,0
2020-12-28,Siskiyou,093,43540,1027,915,102,1017,3
2020-12-28,Solano,095,438530,19645,18171,196,18367,96
2020-12-28,Sonoma,097,501317,19587,18667,106,18773,185
2020-12-28,Stanislaus,099,539301,35523,33473,3196,36669,507
2020-12-28,Sutter,101,95872,6572,6253,45,6298,49
2020-12-28,Tehama,103,63373,3127,2934,294,3228,9
2020-12-28,Trinity,105,12862,421,240,57,297,2
2020-12-28,Tulare,107,460477,34703,32010,3704,35714,404
2020-12-28,Tuolumne,109,53932,2898,2777,16,2793,12
2020-12-28,Ventura,111,848112,41608,37151,1640,38791,230
2020-12-28,Yolo,113,214977,8770,8031,63,8094,111
2020-12-28,Yuba,115,75493,3912,3679,37,3716,18
2020-12-27,Alameda,001,1643700,52555,49764,908,50672,551
2020-12-27,Alpine,003,1148,66,65,0,65,0
2020-12-27,Amador,005,37829,2451,2218,18,2236,23
2020-12-27,Butte,007,227075,7661,7016,885,7901,86
2020-12-27,Calaveras,009,45235,1108,1097,2,1099,21
2020-12-27,Colusa,011,21464,1300,1253,71,1324,7
2020-12-27,Contra Costa,013,1133247,40662,38428,543,38971,324
2020-12-27,Del Norte,015,27424,753,712,2,714,2
2020-12-27,El Dorado,017,186661,6132,5388,294,5682,18
2020-12-27,Fresno,019,978130,68328,63811,4361,68172,679
2020-12-27,Glenn,021,27897,1562,1434,246,1680,9
2020-12-27,Humboldt,023,135768,1767,1575,7,1582,17
2020-12-27,Imperial,025,180216,22875,21934,1193,23127,405
2020-12-27,Inyo,027,18085,682,565,7,572,18
2020-12-27,Kern,029,883053,66140,61914,4813,66727,568
2020-12-27,Kings,031,150075,16369,15593,486,16079,108
2020-12-27,Lake,033,64148,1931,1769,0,1769,22
2020-12-27,Lassen,035,31185,4371,4230,44,4274,1
2020-12-27,Los Angeles,037,10098052,766773,707260,20281,727541,9476
2020-12-27,Madera,039,155013,10755,10005,421,10426,64
2020-12-27,Marin,041,260295,9818,9477,73,9550,144
2020-12-27,Mariposa,043,17540,231,208,2,210,3
2020-12-27,Mendocino,045,87422,2442,2209,20,2229,23
2020-12-27,Merced,047,269075,18864,18075,319,18394,213
2020-12-27,Modoc,049,8938,247,221,69,290,0
2020-12-27,Mono,051,14174,879,849,12,861,3
2020-12-27,Monterey,053,433212,27540,26322,670,26992,181
2020-12-27,Napa,055,140530,5891,5496,24,5520,26
2020-12-27,Nevada,057,99092,2740,2519,88,2607,15
2020-12-27,Orange,059,3164182,162075,149276,6142,155418,1839
2020-12-27,Placer,061,380077,14465,13017,546,13563,126
2020-12-27,Plumas,063,18699,470,390,8,398,0
2020-12-27,Riverside,065,2383286,185145,171995,8109,180104,1836
2020-12-27,Sacramento,067,1510023,65464,63416,592,64008,811
2020-12-27,San Benito,069,59416,3626,3394,29,3423,24
2020-12-27,San Bernardino,071,2135413,199473,186776,5377,192153,1551
2020-12-27,San Diego,073,3302833,159802,145777,7204,152981,1402
2020-12-27,San Francisco,075,870044,23692,22514,204,22718,178
2020-12-27,San Joaquin,077,732212,45667,43529,1546,45075,618
2020-12-27,San Luis Obispo,079,281455,11083,10154,245,10399,76
2020-12-27,San Mateo,081,765935,25433,23136,104,23240,187
2020-12-27,Santa Barbara,083,443738,17542,16364,470,16834,155
2020-12-27,Santa Clara,085,1922200,71286,65288,288,65576,619
2020-12-27,Santa Cruz,087,273765,9358,8234,337,8571,81
2020-12-27,Shasta,089,179085,8164,7671,690,8361,65
2020-12-27,Sierra,091,2930,32,24,3,27,0
2020-12-27,Siskiyou,093,43540,1017,914,97,1011,3
2020-12-27,Solano,095,438530,19163,17840,191,18031,96
2020-12-27,Sonoma,097,501317,19296,18487,105,18592,185
2020-12-27,Stanislaus,099,539301,34911,33076,3113,36189,506
2020-12-27,Sutter,101,95872,6491,6218,43,6261,48
2020-12-27,Tehama,103,63373,3055,2922,278,3200,9
2020-12-27,Trinity,105,12862,414,240,55,295,2
2020-12-27,Tulare,107,460477,34101,31864,3586,35450,400
2020-12-27,Tuolumne,109,53932,2792,2750,14,2764,12
2020-12-27,Ventura,111,848112,40546,36661,1589,38250,230
2020-12-27,Yolo,113,214977,8581,7919,59,7978,111
2020-12-27,Yuba,115,75493,3849,3665,35,3700,18
2020-12-26,Alameda,001,1643700,51932,49084,895,49979,551
2020-12-26,Alpine,003,1148,66,65,0,65,0
2020-12-26,Amador,005,37829,2437,2189,18,2207,23
2020-12-26,Butte,007,227075,7567,6968,861,7829,86
2020-12-26,Calaveras,009,45235,1102,1084,2,1086,21
2020-12-26,Colusa,011,21464,1290,1240,71,1311,7
2020-12-26,Contra Costa,013,1133247,40184,38008,526,38534,324
2020-12-26,Del Norte,015,27424,748,709,2,711,2
2020-12-26,El Dorado,017,186661,6077,5279,290,5569,18
2020-12-26,Fresno,019,978130,67859,63080,4298,67378,679
2020-12-26,Glenn,021,27897,1541,1413,241,1654,9
2020-12-26,Humboldt,023,135768,1729,1545,7,1552,17
2020-12-26,Imperial,025,180216,22780,21734,1140,22874,405
2020-12-26,Inyo,027,18085,667,554,7,561,18
2020-12-26,Kern,029,883053,65469,61174,4666,65840,564
2020-12-26,Kings,031,150075,16251,15517,482,15999,108
2020-12-26,Lake,033,64148,1891,1710,0,1710,22
2020-12-26,Lassen,035,31185,4350,3981,44,4025,1
2020-12-26,Los Angeles,037,10098052,758200,694149,19792,713941,9424
2020-12-26,Madera,039,155013,10679,9908,409,10317,64
2020-12-26,Marin,041,260295,9777,9413,70,9483,143
2020-12-26,Mariposa,043,17540,230,206,2,208,3
2020-12-26,Mendocino,045,87422,2396,2194,20,2214,23
2020-12-26,Merced,047,269075,18706,17890,314,18204,213
2020-12-26,Modoc,049,8938,244,222,69,291,0
2020-12-26,Mono,051,14174,873,850,12,862,3
2020-12-26,Monterey,053,433212,27402,26010,661,26671,182
2020-12-26,Napa,055,140530,5833,5427,24,5451,26
2020-12-26,Nevada,057,99092,2712,2480,88,2568,15
2020-12-26,Orange,059,3164182,159853,147304,6051,153355,1838
2020-12-26,Placer,061,380077,14293,12816,531,13347,122
2020-12-26,Plumas,063,18699,467,381,8,389,0
2020-12-26,Riverside,065,2383286,182659,169360,7951,177311,1834
2020-12-26,Sacramento,067,1510023,64839,62435,582,63017,807
2020-12-26,San Benito,069,59416,3553,3330,29,3359,24
2020-12-26,San Bernardino,071,2135413,197793,185111,5295,190406,1551
2020-12-26,San Diego,073,3302833,157277,142644,7057,149701,1402
2020-12-26,San Francisco,075,870044,23451,22319,204,22523,177
2020-12-26,San Joaquin,077,732212,45279,42887,1500,44387,618
2020-12-26,San Luis Obispo,079,281455,10996,9945,240,10185,76
2020-12-26,San Mateo,081,765935,25095,22908,99,23007,187
2020-12-26,Santa Barbara,083,443738,17303,16159,464,16623,155
2020-12-26,Santa Clara,085,1922200,70171,64185,286,64471,618
2020-12-26,Santa Cruz,087,273765,9227,8113,328,8441,81
2020-12-26,Shasta,089,179085,8104,7641,678,8319,65
2020-12-26,Sierra,091,2930,32,24,3,27,0
2020-12-26,Siskiyou,093,43540,1010,909,94,1003,2
2020-12-26,Solano,095,438530,18923,17528,191,17719,96
2020-12-26,Sonoma,097,501317,19093,18261,103,18364,184
2020-12-26,Stanislaus,099,539301,34612,32678,3060,35738,505
2020-12-26,Sutter,101,95872,6433,6121,43,6164,48
2020-12-26,Tehama,103,63373,3026,2884,272,3156,9
2020-12-26,Trinity,105,12862,412,237,54,291,2
2020-12-26,Tulare,107,460477,33791,31665,3523,35188,398
2020-12-26,Tuolumne,109,53932,2781,2703,14,2717,12
2020-12-26,Ventura,111,848112,39581,36064,1559,37623,230
2020-12-26,Yolo,113,214977,8479,7785,57,7842,111
2020-12-26,Yuba,115,75493,3817,3599,35,3634,18
2020-12-25,Alameda,001,1643700,51361,48365,880,49245,542
2020-12-25,Alpine,003,1148,66,64,0,64,0
2020-12-25,Amador,005,37829,2394,2172,18,2190,23
2020-12-25,Butte,007,227075,7468,6873,842,7715,85
2020-12-25,Calaveras,009,45235,1099,1062,2,1064,21
2020-12-25,Colusa,011,21464,1277,1219,70,1289,7
2020-12-25,Contra Costa,013,1133247,39698,37480,502,37982,324
2020-12-25,Del Norte,015,27424,746,692,2,694,2
2020-12-25,El Dorado,017,186661,6012,5170,277,5447,16
2020-12-25,Fresno,019,978130,66997,62251,4217,66468,679
2020-12-25,Glenn,021,27897,1525,1390,234,1624,9
2020-12-25,Humboldt,023,135768,1689,1532,7,1539,16
2020-12-25,Imperial,025,180216,22677,21646,1128,22774,405
2020-12-25,Inyo,027,18085,657,546,7,553,18
2020-12-25,Kern,029,883053,64739,60417,4520,64937,562
2020-12-25,Kings,031,150075,16140,15460,478,15938,108
2020-12-25,Lake,033,64148,1872,1669,0,1669,20
2020-12-25,Lassen,035,31185,4335,3926,44,3970,1
2020-12-25,Los Angeles,037,10098052,744532,665600,19139,684739,9292
2020-12-25,Madera,039,155013,10515,9770,403,10173,64
2020-12-25,Marin,041,260295,9724,9375,68,9443,143
2020-12-25,Mariposa,043,17540,224,203,2,205,3
2020-12-25,Mendocino,045,87422,2353,2176,20,2196,23
2020-12-25,Merced,047,269075,18545,17726,306,18032,213
2020-12-25,Modoc,049,8938,243,221,69,290,0
2020-12-25,Mono,051,14174,871,843,12,855,3
2020-12-25,Monterey,053,433212,27125,25788,652,26440,182
2020-12-25,Napa,055,140530,5756,5351,24,5375,26
2020-12-25,Nevada,057,99092,2686,2458,86,2544,15
2020-12-25,Orange,059,3164182,157161,144542,5860,150402,1814
2020-12-25,Placer,061,380077,14108,12660,509,13169,122
2020-12-25,Plumas,063,18699,460,381,8,389,0
2020-12-25,Riverside,065,2383286,179377,166690,7640,174330,1825
2020-12-25,Sacramento,067,1510023,64148,61630,557,62187,796
2020-12-25,San Benito,069,59416,3512,3281,27,3308,24
2020-12-25,San Bernardino,071,2135413,195195,181812,5180,186992,1546
2020-12-25,San Diego,073,3302833,154797,139958,6879,146837,1402
2020-12-25,San Francisco,075,870044,23169,22130,199,22329,175
2020-12-25,San Joaquin,077,732212,44979,42089,1447,43536,614
2020-12-25,San Luis Obispo,079,281455,10813,9749,233,9982,76
2020-12-25,San Mateo,081,765935,24773,22568,97,22665,187
2020-12-25,Santa Barbara,083,443738,17079,15936,457,16393,155
2020-12-25,Santa Clara,085,1922200,69034,63173,277,63450,612
2020-12-25,Santa Cruz,087,273765,9077,8018,307,8325,81
2020-12-25,Shasta,089,179085,8030,7612,655,8267,65
2020-12-25,Sierra,091,2930,32,24,3,27,0
2020-12-25,Siskiyou,093,43540,1004,905,92,997,2
2020-12-25,Solano,095,438530,18744,17280,189,17469,96
2020-12-25,Sonoma,097,501317,18918,18035,101,18136,184
2020-12-25,Stanislaus,099,539301,34330,32290,3005,35295,498
2020-12-25,Sutter,101,95872,6374,6051,42,6093,47
2020-12-25,Tehama,103,63373,2978,2839,259,3098,9
2020-12-25,Trinity,105,12862,408,236,54,290,2
2020-12-25,Tulare,107,460477,33380,31323,3455,34778,398
2020-12-25,Tuolumne,109,53932,2762,2674,14,2688,12
2020-12-25,Ventura,111,848112,38425,35514,1511,37025,230
2020-12-25,Yolo,113,214977,8387,7700,55,7755,111
2020-12-25,Yuba,115,75493,3777,3549,34,3583,17
2020-12-24,Alameda,001,1643700,51006,47527,862,48389,541
2020-12-24,Alpine,003,1148,66,64,0,64,0
2020-12-24,Amador,005,37829,2381,2145,18,2163,23
2020-12-24,Butte,007,227075,7430,6716,826,7542,84
2020-12-24,Calaveras,009,45235,1096,1032,2,1034,21
2020-12-24,Colusa,011,21464,1272,1188,68,1256,7
2020-12-24,Contra Costa,013,1133247,39446,36623,489,37112,311
2020-12-24,Del Norte,015,27424,745,678,2,680,2
2020-12-24,El Dorado,017,186661,5986,5042,269,5311,16
2020-12-24,Fresno,019,978130,66775,61435,4203,65638,663
2020-12-24,Glenn,021,27897,1514,1363,226,1589,9
2020-12-24,Humboldt,023,135768,1666,1516,7,1523,16
2020-12-24,Imperial,025,180216,22614,21545,1118,22663,402
2020-12-24,Inyo,027,18085,655,532,7,539,17
2020-12-24,Kern,029,883053,64451,59601,4507,64108,556
2020-12-24,Kings,031,150075,16100,15211,477,15688,108
2020-12-24,Lake,033,64148,1850,1629,0,1629,20
2020-12-24,Lassen,035,31185,4322,3894,44,3938,1
2020-12-24,Los Angeles,037,10098052,740341,664840,18895,683735,9288
2020-12-24,Madera,039,155013,10466,9547,395,9942,63
2020-12-24,Marin,041,260295,9685,9287,68,9355,143
2020-12-24,Mariposa,043,17540,220,197,2,199,3
2020-12-24,Mendocino,045,87422,2342,2150,20,2170,23
2020-12-24,Merced,047,269075,18475,17485,302,17787,212
2020-12-24,Modoc,049,8938,243,220,68,288,0
2020-12-24,Mono,051,14174,869,817,12,829,3
2020-12-24,Monterey,053,433212,27012,25131,645,25776,180
2020-12-24,Napa,055,140530,5701,5265,24,5289,26
2020-12-24,Nevada,057,99092,2662,2429,86,2515,15
2020-12-24,Orange,059,3164182,155667,141205,5809,147014,1775
2020-12-24,Placer,061,380077,14018,12457,502,12959,121
2020-12-24,Plumas,063,18699,457,376,8,384,0
2020-12-24,Riverside,065,2383286,178441,162435,7600,170035,1816
2020-12-24,Sacramento,067,1510023,63873,60596,555,61151,788
2020-12-24,San Benito,069,59416,3481,3183,27,3210,24
2020-12-24,San Bernardino,071,2135413,194105,176866,5147,182013,1533
2020-12-24,San Diego,073,3302833,153713,136952,6847,143799,1382
2020-12-24,San Francisco,075,870044,22996,21830,196,22026,175
2020-12-24,San Joaquin,077,732212,44812,41324,1429,42753,611
2020-12-24,San Luis Obispo,079,281455,10744,9504,231,9735,77
2020-12-24,San Mateo,081,765935,24578,22093,97,22190,186
2020-12-24,Santa Barbara,083,443738,16974,15644,449,16093,153
2020-12-24,Santa Clara,085,1922200,68345,61742,270,62012,591
2020-12-24,Santa Cruz,087,273765,8998,7856,295,8151,82
2020-12-24,Shasta,089,179085,7989,7540,638,8178,65
2020-12-24,Sierra,091,2930,29,23,1,24,0
2020-12-24,Siskiyou,093,43540,999,900,86,986,2
2020-12-24,Solano,095,438530,18603,16872,184,17056,96
2020-12-24,Sonoma,097,501317,18817,17710,101,17811,183
2020-12-24,Stanislaus,099,539301,34128,31848,2978,34826,498
2020-12-24,Sutter,101,95872,6333,5960,41,6001,47
2020-12-24,Tehama,103,63373,2960,2779,257,3036,9
2020-12-24,Trinity,105,12862,407,235,54,289,2
2020-12-24,Tulare,107,460477,33232,30827,3429,34256,390
2020-12-24,Tuolumne,109,53932,2754,2653,14,2667,12
2020-12-24,Ventura,111,848112,38145,34400,1504,35904,224
2020-12-24,Yolo,113,214977,8345,7566,54,7620,113
2020-12-24,Yuba,115,75493,3746,3483,34,3517,16
2020-12-23,Alameda,001,1643700,50428,46753,835,47588,537
2020-12-23,Alpine,003,1148,66,64,0,64,0
2020-12-23,Amador,005,37829,2312,2108,17,2125,23
2020-12-23,Butte,007,227075,7341,6588,799,7387,84
2020-12-23,Calaveras,009,45235,1088,1002,1,1003,21
2020-12-23,Colusa,011,21464,1261,1167,67,1234,7
2020-12-23,Contra Costa,013,1133247,39049,36190,475,36665,311
2020-12-23,Del Norte,015,27424,737,670,2,672,2
2020-12-23,El Dorado,017,186661,5911,4967,261,5228,14
2020-12-23,Fresno,019,978130,66164,60488,4138,64626,654
2020-12-23,Glenn,021,27897,1500,1349,222,1571,9
2020-12-23,Humboldt,023,135768,1641,1458,7,1465,16
2020-12-23,Imperial,025,180216,22519,21323,1089,22412,399
2020-12-23,Inyo,027,18085,642,517,7,524,17
2020-12-23,Kern,029,883053,63932,58656,4416,63072,549
2020-12-23,Kings,031,150075,16023,14923,474,15397,105
2020-12-23,Lake,033,64148,1833,1595,0,1595,20
2020-12-23,Lassen,035,31185,4312,3865,41,3906,1
2020-12-23,Los Angeles,037,10098052,731271,651958,18377,670335,9146
2020-12-23,Madera,039,155013,10309,9371,380,9751,63
2020-12-23,Marin,041,260295,9626,9199,65,9264,142
2020-12-23,Mariposa,043,17540,218,194,2,196,3
2020-12-23,Mendocino,045,87422,2330,2121,20,2141,23
2020-12-23,Merced,047,269075,18319,17250,294,17544,203
2020-12-23,Modoc,049,8938,239,197,67,264,0
2020-12-23,Mono,051,14174,866,814,12,826,3
2020-12-23,Monterey,053,433212,26712,24856,640,25496,176
2020-12-23,Napa,055,140530,5634,5172,24,5196,25
2020-12-23,Nevada,057,99092,2617,2406,85,2491,15
2020-12-23,Orange,059,3164182,153212,138050,5648,143698,1771
2020-12-23,Placer,061,380077,13808,12213,494,12707,111
2020-12-23,Plumas,063,18699,450,369,8,377,0
2020-12-23,Riverside,065,2383286,176170,158110,7446,165556,1790
2020-12-23,Sacramento,067,1510023,63224,59661,542,60203,779
2020-12-23,San Benito,069,59416,3427,3073,25,3098,24
2020-12-23,San Bernardino,071,2135413,192040,172888,5079,177967,1509
2020-12-23,San Diego,073,3302833,151287,134695,6710,141405,1350
2020-12-23,San Francisco,075,870044,22775,21498,193,21691,174
2020-12-23,San Joaquin,077,732212,44286,35664,1387,37051,602
2020-12-23,San Luis Obispo,079,281455,10602,9267,226,9493,74
2020-12-23,San Mateo,081,765935,24276,21780,95,21875,186
2020-12-23,Santa Barbara,083,443738,16766,15399,424,15823,152
2020-12-23,Santa Clara,085,1922200,67398,60455,265,60720,579
2020-12-23,Santa Cruz,087,273765,8839,7637,277,7914,75
2020-12-23,Shasta,089,179085,7917,7487,632,8119,66
2020-12-23,Sierra,091,2930,27,23,1,24,0
2020-12-23,Siskiyou,093,43540,978,891,85,976,2
2020-12-23,Solano,095,438530,18389,16626,179,16805,95
2020-12-23,Sonoma,097,501317,18612,17397,101,17498,182
2020-12-23,Stanislaus,099,539301,33776,31492,2926,34418,499
2020-12-23,Sutter,101,95872,6266,5871,41,5912,46
2020-12-23,Tehama,103,63373,2942,2737,250,2987,9
2020-12-23,Trinity,105,12862,407,234,53,287,2
2020-12-23,Tulare,107,460477,32920,30315,3389,33704,385
2020-12-23,Tuolumne,109,53932,2715,2540,14,2554,12
2020-12-23,Ventura,111,848112,37747,33377,1475,34852,216
2020-12-23,Yolo,113,214977,8266,7508,54,7562,112
2020-12-23,Yuba,115,75493,3686,3438,34,3472,14
2020-12-22,Alameda,001,1643700,49542,45751,805,46556,534
2020-12-22,Alpine,003,1148,66,64,0,64,0
2020-12-22,Amador,005,37829,2301,1839,17,1856,23
2020-12-22,Butte,007,227075,7212,6467,784,7251,85
2020-12-22,Calaveras,009,45235,1061,988,0,988,21
2020-12-22,Colusa,011,21464,1238,1150,64,1214,7
2020-12-22,Contra Costa,013,1133247,38424,35681,461,36142,301
2020-12-22,Del Norte,015,27424,727,666,2,668,2
2020-12-22,El Dorado,017,186661,5788,4885,249,5134,12
2020-12-22,Fresno,019,978130,65132,59640,4036,63676,640
2020-12-22,Glenn,021,27897,1477,1337,211,1548,9
2020-12-22,Humboldt,023,135768,1608,1440,7,1447,16
2020-12-22,Imperial,025,180216,22330,21128,1048,22176,398
2020-12-22,Inyo,027,18085,621,506,7,513,17
2020-12-22,Kern,029,883053,62979,57816,4281,62097,547
2020-12-22,Kings,031,150075,15881,14855,468,15323,102
2020-12-22,Lake,033,64148,1809,1569,0,1569,20
2020-12-22,Lassen,035,31185,4170,3848,39,3887,1
2020-12-22,Los Angeles,037,10098052,713998,635931,17721,653652,9013
2020-12-22,Madera,039,155013,10195,9187,365,9552,63
2020-12-22,Marin,041,260295,9560,9115,64,9179,142
2020-12-22,Mariposa,043,17540,215,194,2,196,3
2020-12-22,Mendocino,045,87422,2297,2092,19,2111,23
2020-12-22,Merced,047,269075,18073,17012,289,17301,201
2020-12-22,Modoc,049,8938,231,182,66,248,0
2020-12-22,Mono,051,14174,860,786,12,798,3
2020-12-22,Monterey,053,433212,26041,24152,619,24771,176
2020-12-22,Napa,055,140530,5545,5059,24,5083,23
2020-12-22,Nevada,057,99092,2589,2367,84,2451,14
2020-12-22,Orange,059,3164182,149877,134850,5480,140330,1774
2020-12-22,Placer,061,380077,13564,11943,474,12417,105
2020-12-22,Plumas,063,18699,444,360,8,368,0
2020-12-22,Riverside,065,2383286,172361,155059,7180,162239,1777
2020-12-22,Sacramento,067,1510023,62296,57966,523,58489,772
2020-12-22,San Benito,069,59416,3349,2998,25,3023,24
2020-12-22,San Bernardino,071,2135413,187430,169266,4935,174201,1500
2020-12-22,San Diego,073,3302833,147928,132097,6548,138645,1311
2020-12-22,San Francisco,075,870044,22503,21232,189,21421,174
2020-12-22,San Joaquin,077,732212,43523,39423,1339,40762,592
2020-12-22,San Luis Obispo,079,281455,10256,9174,221,9395,69
2020-12-22,San Mateo,081,765935,23950,21382,79,21461,186
2020-12-22,Santa Barbara,083,443738,16500,15189,414,15603,150
2020-12-22,Santa Clara,085,1922200,66220,59192,258,59450,569
2020-12-22,Santa Cruz,087,273765,8656,7471,251,7722,72
2020-12-22,Shasta,089,179085,7838,7371,615,7986,64
2020-12-22,Sierra,091,2930,27,23,0,23,0
2020-12-22,Siskiyou,093,43540,972,880,84,964,2
2020-12-22,Solano,095,438530,17986,16229,176,16405,95
2020-12-22,Sonoma,097,501317,18291,17216,101,17317,180
2020-12-22,Stanislaus,099,539301,33392,30914,2852,33766,499
2020-12-22,Sutter,101,95872,6207,5791,40,5831,46
2020-12-22,Tehama,103,63373,2893,2688,244,2932,9
2020-12-22,Trinity,105,12862,406,231,53,284,2
2020-12-22,Tulare,107,460477,32454,30025,3325,33350,377
2020-12-22,Tuolumne,109,53932,2664,2526,14,2540,12
2020-12-22,Ventura,111,848112,36981,32488,1432,33920,213
2020-12-22,Yolo,113,214977,8154,7388,53,7441,113
2020-12-22,Yuba,115,75493,3638,3379,34,3413,14
2020-12-21,Alameda,001,1643700,48640,44756,779,45535,518
2020-12-21,Alpine,003,1148,65,64,0,64,0
2020-12-21,Amador,005,37829,2224,1815,17,1832,23
2020-12-21,Butte,007,227075,7057,6335,761,7096,81
2020-12-21,Calaveras,009,45235,1031,963,0,963,21
2020-12-21,Colusa,011,21464,1211,1135,59,1194,7
2020-12-21,Contra Costa,013,1133247,37675,35207,425,35632,300
2020-12-21,Del Norte,015,27424,712,660,2,662,2
2020-12-21,El Dorado,017,186661,5643,4805,237,5042,10
2020-12-21,Fresno,019,978130,63983,58568,3895,62463,634
2020-12-21,Glenn,021,27897,1445,1323,203,1526,9
2020-12-21,Humboldt,023,135768,1585,1419,7,1426,16
2020-12-21,Imperial,025,180216,22065,20994,1006,22000,395
2020-12-21,Inyo,027,18085,600,482,7,489,17
2020-12-21,Kern,029,883053,62090,56836,4147,60983,541
2020-12-21,Kings,031,150075,15631,14760,453,15213,100
2020-12-21,Lake,033,64148,1761,1538,0,1538,20
2020-12-21,Lassen,035,31185,4010,3798,37,3835,1
2020-12-21,Los Angeles,037,10098052,694900,624129,17059,641188,8918
2020-12-21,Madera,039,155013,10005,9069,344,9413,63
2020-12-21,Marin,041,260295,9490,9035,64,9099,142
2020-12-21,Mariposa,043,17540,210,186,2,188,3
2020-12-21,Mendocino,045,87422,2266,2066,19,2085,23
2020-12-21,Merced,047,269075,17823,16710,274,16984,198
2020-12-21,Modoc,049,8938,217,181,65,246,0
2020-12-21,Mono,051,14174,848,781,12,793,3
2020-12-21,Monterey,053,433212,25509,23673,605,24278,174
2020-12-21,Napa,055,140530,5459,4952,24,4976,23
2020-12-21,Nevada,057,99092,2556,2337,84,2421,13
2020-12-21,Orange,059,3164182,146474,130444,5327,135771,1772
2020-12-21,Placer,061,380077,13332,11715,455,12170,105
2020-12-21,Plumas,063,18699,440,353,8,361,0
2020-12-21,Riverside,065,2383286,168140,151713,6861,158574,1743
2020-12-21,Sacramento,067,1510023,61277,57064,506,57570,759
2020-12-21,San Benito,069,59416,3280,2921,25,2946,22
2020-12-21,San Bernardino,071,2135413,182617,165086,4769,169855,1476
2020-12-21,San Diego,073,3302833,144477,129716,6384,136100,1284
2020-12-21,San Francisco,075,870044,22211,21086,187,21273,174
2020-12-21,San Joaquin,077,732212,42725,38811,1289,40100,586
2020-12-21,San Luis Obispo,079,281455,10067,9006,216,9222,64
2020-12-21,San Mateo,081,765935,23546,21035,76,21111,185
2020-12-21,Santa Barbara,083,443738,16226,14988,409,15397,149
2020-12-21,Santa Clara,085,1922200,65027,57699,246,57945,570
2020-12-21,Santa Cruz,087,273765,8449,7315,238,7553,69
2020-12-21,Shasta,089,179085,7773,7299,605,7904,64
2020-12-21,Sierra,091,2930,24,23,0,23,0
2020-12-21,Siskiyou,093,43540,965,878,83,961,2
2020-12-21,Solano,095,438530,17527,15878,171,16049,95
2020-12-21,Sonoma,097,501317,18018,17075,98,17173,176
2020-12-21,Stanislaus,099,539301,32935,30437,2776,33213,499
2020-12-21,Sutter,101,95872,6112,5708,40,5748,46
2020-12-21,Tehama,103,63373,2828,2656,235,2891,9
2020-12-21,Trinity,105,12862,404,226,51,277,2
2020-12-21,Tulare,107,460477,31968,29482,3234,32716,373
2020-12-21,Tuolumne,109,53932,2639,2423,12,2435,12
2020-12-21,Ventura,111,848112,35901,31759,1395,33154,212
2020-12-21,Yolo,113,214977,8017,7266,49,7315,109
2020-12-21,Yuba,115,75493,3580,3329,34,3363,14
2020-12-20,Alameda,001,1643700,47757,44004,758,44762,516
2020-12-20,Alpine,003,1148,65,64,0,64,0
2020-12-20,Amador,005,37829,2166,1771,17,1788,23
2020-12-20,Butte,007,227075,6910,6228,725,6953,81
2020-12-20,Calaveras,009,45235,1007,926,0,926,21
2020-12-20,Colusa,011,21464,1183,1121,53,1174,7
2020-12-20,Contra Costa,013,1133247,37074,34798,407,35205,301
2020-12-20,Del Norte,015,27424,690,652,2,654,2
2020-12-20,El Dorado,017,186661,5518,4697,228,4925,10
2020-12-20,Fresno,019,978130,62996,57616,3760,61376,634
2020-12-20,Glenn,021,27897,1436,1295,196,1491,9
2020-12-20,Humboldt,023,135768,1548,1386,6,1392,15
2020-12-20,Imperial,025,180216,21825,20882,904,21786,395
2020-12-20,Inyo,027,18085,584,476,7,483,17
2020-12-20,Kern,029,883053,60992,55983,3993,59976,540
2020-12-20,Kings,031,150075,15411,14629,437,15066,100
2020-12-20,Lake,033,64148,1718,1463,0,1463,20
2020-12-20,Lassen,035,31185,3956,3669,35,3704,1
2020-12-20,Los Angeles,037,10098052,676795,612975,16342,629317,8862
2020-12-20,Madera,039,155013,9795,8871,337,9208,63
2020-12-20,Marin,041,260295,9389,8948,61,9009,142
2020-12-20,Mariposa,043,17540,209,179,2,181,3
2020-12-20,Mendocino,045,87422,2241,2033,19,2052,23
2020-12-20,Merced,047,269075,17506,16435,267,16702,198
2020-12-20,Modoc,049,8938,217,181,63,244,0
2020-12-20,Mono,051,14174,830,774,12,786,3
2020-12-20,Monterey,053,433212,25026,23250,567,23817,173
2020-12-20,Napa,055,140530,5338,4865,23,4888,23
2020-12-20,Nevada,057,99092,2510,2289,78,2367,13
2020-12-20,Orange,059,3164182,142984,128780,5179,133959,1763
2020-12-20,Placer,061,380077,13107,11496,437,11933,105
2020-12-20,Plumas,063,18699,432,347,8,355,0
2020-12-20,Riverside,065,2383286,163935,148714,6574,155288,1742
2020-12-20,Sacramento,067,1510023,60278,56017,486,56503,755
2020-12-20,San Benito,069,59416,3209,2885,24,2909,21
2020-12-20,San Bernardino,071,2135413,177609,162810,4612,167422,1458
2020-12-20,San Diego,073,3302833,140759,126465,6214,132679,1280
2020-12-20,San Francisco,075,870044,21893,20937,184,21121,174
2020-12-20,San Joaquin,077,732212,41877,38268,1229,39497,587
2020-12-20,San Luis Obispo,079,281455,9776,8881,210,9091,63
2020-12-20,San Mateo,081,765935,23112,20764,72,20836,185
2020-12-20,Santa Barbara,083,443738,15904,14817,391,15208,148
2020-12-20,Santa Clara,085,1922200,63630,56860,240,57100,566
2020-12-20,Santa Cruz,087,273765,8239,7178,225,7403,69
2020-12-20,Shasta,089,179085,7659,7256,591,7847,64
2020-12-20,Sierra,091,2930,24,22,0,22,0
2020-12-20,Siskiyou,093,43540,956,870,82,952,2
2020-12-20,Solano,095,438530,17144,15533,160,15693,95
2020-12-20,Sonoma,097,501317,17742,16802,97,16899,175
2020-12-20,Stanislaus,099,539301,32404,29995,2676,32671,498
2020-12-20,Sutter,101,95872,6025,5601,40,5641,43
2020-12-20,Tehama,103,63373,2780,2602,216,2818,9
2020-12-20,Trinity,105,12862,396,221,50,271,2
2020-12-20,Tulare,107,460477,31450,29078,3142,32220,373
2020-12-20,Tuolumne,109,53932,2531,2152,11,2163,12
2020-12-20,Ventura,111,848112,35200,31335,1363,32698,210
2020-12-20,Yolo,113,214977,7865,7121,46,7167,109
2020-12-20,Yuba,115,75493,3530,3254,32,3286,12
2020-12-19,Alameda,001,1643700,47309,43109,751,43860,516
2020-12-19,Alpine,003,1148,65,64,0,64,0
2020-12-19,Amador,005,37829,2142,1754,17,1771,23
2020-12-19,Butte,007,227075,6810,6118,703,6821,81
2020-12-19,Calaveras,009,45235,990,900,0,900,21
2020-12-19,Colusa,011,21464,1175,1096,50,1146,7
2020-12-19,Contra Costa,013,1133247,36746,34321,393,34714,301
2020-12-19,Del Norte,015,27424,688,641,1,642,2
2020-12-19,El Dorado,017,186661,5451,4588,220,4808,10
2020-12-19,Fresno,019,978130,62670,55428,3694,59122,634
2020-12-19,Glenn,021,27897,1401,1286,195,1481,9
2020-12-19,Humboldt,023,135768,1531,1357,6,1363,15
2020-12-19,Imperial,025,180216,21732,20711,858,21569,395
2020-12-19,Inyo,027,18085,577,475,7,482,17
2020-12-19,Kern,029,883053,60508,55118,3887,59005,540
2020-12-19,Kings,031,150075,15332,14474,435,14909,100
2020-12-19,Lake,033,64148,1678,1438,0,1438,20
2020-12-19,Lassen,035,31185,3928,3595,35,3630,1
2020-12-19,Los Angeles,037,10098052,669670,599888,15823,615711,8804
2020-12-19,Madera,039,155013,9694,8717,325,9042,63
2020-12-19,Marin,041,260295,9349,8864,61,8925,142
2020-12-19,Mariposa,043,17540,207,177,2,179,3
2020-12-19,Mendocino,045,87422,2216,2008,19,2027,23
2020-12-19,Merced,047,269075,17367,16230,259,16489,198
2020-12-19,Modoc,049,8938,214,181,63,244,0
2020-12-19,Mono,051,14174,823,766,12,778,3
2020-12-19,Monterey,053,433212,24912,22799,562,23361,172
2020-12-19,Napa,055,140530,5276,4772,23,4795,23
2020-12-19,Nevada,057,99092,2488,2260,78,2338,13
2020-12-19,Orange,059,3164182,141057,125574,5031,130605,1733
2020-12-19,Placer,061,380077,12952,11246,431,11677,105
2020-12-19,Plumas,063,18699,429,343,8,351,0
2020-12-19,Riverside,065,2383286,161948,146703,6343,153046,1737
2020-12-19,Sacramento,067,1510023,59743,55169,472,55641,746
2020-12-19,San Benito,069,59416,3161,2820,23,2843,21
2020-12-19,San Bernardino,071,2135413,176025,159883,4504,164387,1433
2020-12-19,San Diego,073,3302833,138992,122972,6075,129047,1280
2020-12-19,San Francisco,075,870044,21738,20643,184,20827,174
2020-12-19,San Joaquin,077,732212,41473,37340,1181,38521,586
2020-12-19,San Luis Obispo,079,281455,9705,8788,207,8995,63
2020-12-19,San Mateo,081,765935,22903,20393,65,20458,182
2020-12-19,Santa Barbara,083,443738,15748,14667,385,15052,148
2020-12-19,Santa Clara,085,1922200,62780,55540,236,55776,558
2020-12-19,Santa Cruz,087,273765,8133,7054,221,7275,68
2020-12-19,Shasta,089,179085,7607,7221,579,7800,63
2020-12-19,Sierra,091,2930,24,23,0,23,0
2020-12-19,Siskiyou,093,43540,952,853,81,934,2
2020-12-19,Solano,095,438530,16966,15204,157,15361,95
2020-12-19,Sonoma,097,501317,17633,16553,97,16650,175
2020-12-19,Stanislaus,099,539301,32077,29555,2604,32159,498
2020-12-19,Sutter,101,95872,5969,5506,40,5546,41
2020-12-19,Tehama,103,63373,2731,2574,214,2788,9
2020-12-19,Trinity,105,12862,395,219,50,269,2
2020-12-19,Tulare,107,460477,31212,28734,3076,31810,375
2020-12-19,Tuolumne,109,53932,2517,2107,11,2118,12
2020-12-19,Ventura,111,848112,34919,30843,1333,32176,209
2020-12-19,Yolo,113,214977,7790,7025,45,7070,109
2020-12-19,Yuba,115,75493,3500,3168,32,3200,11
2020-12-18,Alameda,001,1643700,46774,42196,735,42931,515
2020-12-18,Alpine,003,1148,65,64,0,64,0
2020-12-18,Amador,005,37829,2125,1727,15,1742,20
2020-12-18,Butte,007,227075,6725,5891,678,6569,81
2020-12-18,Calaveras,009,45235,980,870,0,870,21
2020-12-18,Colusa,011,21464,1166,1068,50,1118,7
2020-12-18,Contra Costa,013,1133247,36454,33610,382,33992,300
2020-12-18,Del Norte,015,27424,683,627,0,627,2
2020-12-18,El Dorado,017,186661,5389,4494,211,4705,10
2020-12-18,Fresno,019,978130,61843,52643,3633,56276,613
2020-12-18,Glenn,021,27897,1384,1264,190,1454,9
2020-12-18,Humboldt,023,135768,1516,1331,6,1337,15
2020-12-18,Imperial,025,180216,21649,20430,812,21242,393
2020-12-18,Inyo,027,18085,558,454,7,461,17
2020-12-18,Kern,029,883053,59848,54220,3802,58022,533
2020-12-18,Kings,031,150075,15206,14284,429,14713,98
2020-12-18,Lake,033,64148,1662,1397,0,1397,20
2020-12-18,Lassen,035,31185,3920,3486,35,3521,1
2020-12-18,Los Angeles,037,10098052,657522,586413,15341,601754,8744
2020-12-18,Madera,039,155013,9591,8609,319,8928,63
2020-12-18,Marin,041,260295,9265,8799,61,8860,142
2020-12-18,Mariposa,043,17540,204,176,2,178,3
2020-12-18,Mendocino,045,87422,2198,1977,19,1996,24
2020-12-18,Merced,047,269075,17286,15956,257,16213,195
2020-12-18,Modoc,049,8938,214,179,63,242,0
2020-12-18,Mono,051,14174,815,731,12,743,3
2020-12-18,Monterey,053,433212,24619,22336,557,22893,165
2020-12-18,Napa,055,140530,5227,4688,23,4711,23
2020-12-18,Nevada,057,99092,2471,2220,77,2297,13
2020-12-18,Orange,059,3164182,138626,121681,4882,126563,1725
2020-12-18,Placer,061,380077,12781,10995,423,11418,104
2020-12-18,Plumas,063,18699,423,336,8,344,0
2020-12-18,Riverside,065,2383286,159106,142375,6081,148456,1733
2020-12-18,Sacramento,067,1510023,59117,53980,456,54436,736
2020-12-18,San Benito,069,59416,3112,2744,23,2767,21
2020-12-18,San Bernardino,071,2135413,173726,154272,4370,158642,1430
2020-12-18,San Diego,073,3302833,136814,120463,5936,126399,1253
2020-12-18,San Francisco,075,870044,21571,20315,178,20493,173
2020-12-18,San Joaquin,077,732212,41116,36484,1152,37636,559
2020-12-18,San Luis Obispo,079,281455,9607,8598,202,8800,62
2020-12-18,San Mateo,081,765935,22590,19971,61,20032,182
2020-12-18,Santa Barbara,083,443738,15607,14361,372,14733,148
2020-12-18,Santa Clara,085,1922200,61883,53992,227,54219,539
2020-12-18,Santa Cruz,087,273765,8014,6838,213,7051,68
2020-12-18,Shasta,089,179085,7569,7114,568,7682,62
2020-12-18,Sierra,091,2930,24,23,0,23,0
2020-12-18,Siskiyou,093,43540,950,840,81,921,2
2020-12-18,Solano,095,438530,16809,14667,153,14820,95
2020-12-18,Sonoma,097,501317,17513,16261,97,16358,173
2020-12-18,Stanislaus,099,539301,31801,28967,2567,31534,490
2020-12-18,Sutter,101,95872,5885,5399,40,5439,39
2020-12-18,Tehama,103,63373,2716,2523,204,2727,9
2020-12-18,Trinity,105,12862,394,215,50,265,2
2020-12-18,Tulare,107,460477,30921,28322,2998,31320,370
2020-12-18,Tuolumne,109,53932,2506,2067,11,2078,12
2020-12-18,Ventura,111,848112,34415,29907,1290,31197,209
2020-12-18,Yolo,113,214977,7721,6901,44,6945,109
2020-12-18,Yuba,115,75493,3440,3097,32,3129,11
2020-12-17,Alameda,001,1643700,45969,41548,710,42258,508
2020-12-17,Alpine,003,1148,65,64,0,64,0
2020-12-17,Amador,005,37829,2077,1703,13,1716,19
2020-12-17,Butte,007,227075,6600,5746,659,6405,78
2020-12-17,Calaveras,009,45235,957,848,0,848,21
2020-12-17,Colusa,011,21464,1155,1053,48,1101,7
2020-12-17,Contra Costa,013,1133247,35921,33006,352,33358,293
2020-12-17,Del Norte,015,27424,678,583,0,583,1
2020-12-17,El Dorado,017,186661,5243,4327,198,4525,9
2020-12-17,Fresno,019,978130,60981,49918,3506,53424,597
2020-12-17,Glenn,021,27897,1360,1244,183,1427,9
2020-12-17,Humboldt,023,135768,1483,1322,6,1328,14
2020-12-17,Imperial,025,180216,21488,20208,746,20954,391
2020-12-17,Inyo,027,18085,540,450,6,456,16
2020-12-17,Kern,029,883053,58891,53683,3667,57350,526
2020-12-17,Kings,031,150075,15103,14057,414,14471,98
2020-12-17,Lake,033,64148,1633,1374,0,1374,20
2020-12-17,Lassen,035,31185,3884,3417,35,3452,1
2020-12-17,Los Angeles,037,10098052,641850,571093,14803,585896,8657
2020-12-17,Madera,039,155013,9470,8465,315,8780,62
2020-12-17,Marin,041,260295,9203,8721,59,8780,142
2020-12-17,Mariposa,043,17540,200,172,2,174,3
2020-12-17,Mendocino,045,87422,2164,1942,19,1961,23
2020-12-17,Merced,047,269075,17024,15648,249,15897,192
2020-12-17,Modoc,049,8938,211,179,63,242,0
2020-12-17,Mono,051,14174,801,718,12,730,3
2020-12-17,Monterey,053,433212,24100,21951,542,22493,163
2020-12-17,Napa,055,140530,5115,4612,23,4635,23
2020-12-17,Nevada,057,99092,2430,2173,74,2247,13
2020-12-17,Orange,059,3164182,135259,118367,4750,123117,1725
2020-12-17,Placer,061,380077,12507,10756,409,11165,99
2020-12-17,Plumas,063,18699,414,324,8,332,0
2020-12-17,Riverside,065,2383286,155233,139325,5867,145192,1696
2020-12-17,Sacramento,067,1510023,58210,53189,434,53623,721
2020-12-17,San Benito,069,59416,3043,2645,22,2667,20
2020-12-17,San Bernardino,071,2135413,169779,149838,4254,154092,1425
2020-12-17,San Diego,073,3302833,134013,116852,5780,122632,1239
2020-12-17,San Francisco,075,870044,21281,19939,173,20112,170
2020-12-17,San Joaquin,077,732212,40388,35894,1118,37012,554
2020-12-17,San Luis Obispo,079,281455,9488,8365,201,8566,59
2020-12-17,San Mateo,081,765935,22220,19647,61,19708,181
2020-12-17,Santa Barbara,083,443738,15374,14207,365,14572,147
2020-12-17,Santa Clara,085,1922200,60693,52559,221,52780,527
2020-12-17,Santa Cruz,087,273765,7858,6687,200,6887,64
2020-12-17,Shasta,089,179085,7493,7000,549,7549,62
2020-12-17,Sierra,091,2930,23,23,0,23,0
2020-12-17,Siskiyou,093,43540,942,827,80,907,2
2020-12-17,Solano,095,438530,16495,14361,150,14511,96
2020-12-17,Sonoma,097,501317,17241,15993,96,16089,171
2020-12-17,Stanislaus,099,539301,31382,28582,2507,31089,489
2020-12-17,Sutter,101,95872,5787,5309,38,5347,39
2020-12-17,Tehama,103,63373,2667,2480,198,2678,9
2020-12-17,Trinity,105,12862,389,213,50,263,2
2020-12-17,Tulare,107,460477,30521,27852,2919,30771,358
2020-12-17,Tuolumne,109,53932,2213,1992,11,2003,11
2020-12-17,Ventura,111,848112,33805,29404,1254,30658,208
2020-12-17,Yolo,113,214977,7600,6800,43,6843,105
2020-12-17,Yuba,115,75493,3380,3035,31,3066,12
2020-12-16,Alameda,001,1643700,45114,40751,686,41437,497
2020-12-16,Alpine,003,1148,65,64,0,64,0
2020-12-16,Amador,005,37829,2030,1693,12,1705,19
2020-12-16,Butte,007,227075,6411,5659,631,6290,76
2020-12-16,Calaveras,009,45235,922,821,0,821,21
2020-12-16,Colusa,011,21464,1142,1038,45,1083,7
2020-12-16,Contra Costa,013,1133247,35363,32429,333,32762,293
2020-12-16,Del Norte,015,27424,676,575,0,575,1
2020-12-16,El Dorado,017,186661,5122,4237,189,4426,9
2020-12-16,Fresno,019,978130,60025,49173,3410,52583,584
2020-12-16,Glenn,021,27897,1342,1236,172,1408,9
2020-12-16,Humboldt,023,135768,1451,1308,5,1313,12
2020-12-16,Imperial,025,180216,21306,19980,682,20662,388
2020-12-16,Inyo,027,18085,527,444,6,450,16
2020-12-16,Kern,029,883053,58014,52896,3538,56434,522
2020-12-16,Kings,031,150075,14923,13734,398,14132,99
2020-12-16,Lake,033,64148,1594,1363,0,1363,20
2020-12-16,Lassen,035,31185,3851,3396,34,3430,1
2020-12-16,Los Angeles,037,10098052,625310,557907,14138,572045,8561
2020-12-16,Madera,039,155013,9344,8278,307,8585,62
2020-12-16,Marin,041,260295,9132,8641,59,8700,142
2020-12-16,Mariposa,043,17540,197,175,2,177,3
2020-12-16,Mendocino,045,87422,2129,1929,19,1948,23
2020-12-16,Merced,047,269075,16739,15443,246,15689,190
2020-12-16,Modoc,049,8938,208,178,63,241,0
2020-12-16,Mono,051,14174,782,702,12,714,3
2020-12-16,Monterey,053,433212,23540,21107,531,21638,163
2020-12-16,Napa,055,140530,5017,4544,23,4567,23
2020-12-16,Nevada,057,99092,2394,2149,72,2221,13
2020-12-16,Orange,059,3164182,131780,115260,4585,119845,1712
2020-12-16,Placer,061,380077,12270,10554,388,10942,96
2020-12-16,Plumas,063,18699,405,319,8,327,0
2020-12-16,Riverside,065,2383286,151117,135751,5622,141373,1664
2020-12-16,Sacramento,067,1510023,57238,52166,409,52575,715
2020-12-16,San Benito,069,59416,2953,2582,22,2604,20
2020-12-16,San Bernardino,071,2135413,165172,143565,4120,147685,1403
2020-12-16,San Diego,073,3302833,130909,114248,5626,119874,1217
2020-12-16,San Francisco,075,870044,21022,19624,173,19797,170
2020-12-16,San Joaquin,077,732212,39565,35010,1078,36088,547
2020-12-16,San Luis Obispo,079,281455,9293,8252,192,8444,58
2020-12-16,San Mateo,081,765935,21895,19292,57,19349,179
2020-12-16,Santa Barbara,083,443738,15122,13966,353,14319,144
2020-12-16,Santa Clara,085,1922200,59441,51502,218,51720,523
2020-12-16,Santa Cruz,087,273765,7670,6536,189,6725,63
2020-12-16,Shasta,089,179085,7420,6914,526,7440,62
2020-12-16,Sierra,091,2930,23,23,0,23,0
2020-12-16,Siskiyou,093,43540,934,818,80,898,2
2020-12-16,Solano,095,438530,16024,14157,146,14303,96
2020-12-16,Sonoma,097,501317,16986,15768,96,15864,170
2020-12-16,Stanislaus,099,539301,30889,28279,2436,30715,489
2020-12-16,Sutter,101,95872,5708,5223,38,5261,39
2020-12-16,Tehama,103,63373,2632,2441,174,2615,9
2020-12-16,Trinity,105,12862,383,212,50,262,2
2020-12-16,Tulare,107,460477,30094,27500,2829,30329,352
2020-12-16,Tuolumne,109,53932,2170,1941,11,1952,11
2020-12-16,Ventura,111,848112,33032,28566,1212,29778,203
2020-12-16,Yolo,113,214977,7473,6649,42,6691,103
2020-12-16,Yuba,115,75493,3294,2980,30,3010,11
2020-12-15,Alameda,001,1643700,44258,40026,665,40691,492
2020-12-15,Alpine,003,1148,65,64,0,64,0
2020-12-15,Amador,005,37829,1917,1669,10,1679,19
2020-12-15,Butte,007,227075,6272,5565,603,6168,75
2020-12-15,Calaveras,009,45235,890,799,0,799,21
2020-12-15,Colusa,011,21464,1129,1026,44,1070,7
2020-12-15,Contra Costa,013,1133247,34709,31423,319,31742,281
2020-12-15,Del Norte,015,27424,669,564,0,564,1
2020-12-15,El Dorado,017,186661,5014,4113,175,4288,9
2020-12-15,Fresno,019,978130,58651,47316,3275,50591,574
2020-12-15,Glenn,021,27897,1329,1207,156,1363,9
2020-12-15,Humboldt,023,135768,1431,1276,5,1281,12
2020-12-15,Imperial,025,180216,21081,19756,604,20360,380
2020-12-15,Inyo,027,18085,515,394,6,400,16
2020-12-15,Kern,029,883053,57003,52002,3432,55434,511
2020-12-15,Kings,031,150075,14759,13652,379,14031,97
2020-12-15,Lake,033,64148,1568,1341,0,1341,21
2020-12-15,Lassen,035,31185,3679,3378,33,3411,1
2020-12-15,Los Angeles,037,10098052,608909,536258,13509,549767,8429
2020-12-15,Madera,039,155013,9187,8118,300,8418,60
2020-12-15,Marin,041,260295,9027,8528,58,8586,141
2020-12-15,Mariposa,043,17540,193,171,2,173,3
2020-12-15,Mendocino,045,87422,2102,1883,19,1902,24
2020-12-15,Merced,047,269075,16443,15120,242,15362,190
2020-12-15,Modoc,049,8938,206,179,63,242,0
2020-12-15,Mono,051,14174,766,702,12,714,3
2020-12-15,Monterey,053,433212,22943,19905,470,20375,161
2020-12-15,Napa,055,140530,4914,4440,23,4463,23
2020-12-15,Nevada,057,99092,2361,2117,70,2187,11
2020-12-15,Orange,059,3164182,128150,112893,4436,117329,1689
2020-12-15,Placer,061,380077,12036,10301,366,10667,95
2020-12-15,Plumas,063,18699,400,313,8,321,0
2020-12-15,Riverside,065,2383286,147065,131822,5347,137169,1624
2020-12-15,Sacramento,067,1510023,56220,51076,396,51472,703
2020-12-15,San Benito,069,59416,2874,2520,21,2541,19
2020-12-15,San Bernardino,071,2135413,160709,137548,3971,141519,1351
2020-12-15,San Diego,073,3302833,127342,111441,5463,116904,1194
2020-12-15,San Francisco,075,870044,20715,19283,170,19453,171
2020-12-15,San Joaquin,077,732212,38643,33849,1044,34893,537
2020-12-15,San Luis Obispo,079,281455,9184,8074,189,8263,55
2020-12-15,San Mateo,081,765935,21486,18907,55,18962,178
2020-12-15,Santa Barbara,083,443738,14895,13782,345,14127,144
2020-12-15,Santa Clara,085,1922200,58013,50311,215,50526,505
2020-12-15,Santa Cruz,087,273765,7483,6361,176,6537,59
2020-12-15,Shasta,089,179085,7361,6794,501,7295,54
2020-12-15,Sierra,091,2930,23,23,0,23,0
2020-12-15,Siskiyou,093,43540,926,812,79,891,2
2020-12-15,Solano,095,438530,15670,13796,146,13942,95
2020-12-15,Sonoma,097,501317,16765,15406,96,15502,167
2020-12-15,Stanislaus,099,539301,30392,27823,2357,30180,485
2020-12-15,Sutter,101,95872,5609,5080,37,5117,36
2020-12-15,Tehama,103,63373,2594,2392,168,2560,9
2020-12-15,Trinity,105,12862,375,213,48,261,1
2020-12-15,Tulare,107,460477,29595,27026,2741,29767,342
2020-12-15,Tuolumne,109,53932,2140,1874,11,1885,8
2020-12-15,Ventura,111,848112,32410,27936,1165,29101,201
2020-12-15,Yolo,113,214977,7348,6531,40,6571,104
2020-12-15,Yuba,115,75493,3199,2891,29,2920,11
2020-12-14,Alameda,001,1643700,43358,39252,646,39898,487
2020-12-14,Alpine,003,1148,65,63,0,63,0
2020-12-14,Amador,005,37829,1845,1609,10,1619,19
2020-12-14,Butte,007,227075,6104,5202,586,5788,75
2020-12-14,Calaveras,009,45235,852,718,0,718,21
2020-12-14,Colusa,011,21464,1105,949,43,992,7
2020-12-14,Contra Costa,013,1133247,34018,30594,305,30899,281
2020-12-14,Del Norte,015,27424,663,560,0,560,1
2020-12-14,El Dorado,017,186661,4858,4018,159,4177,9
2020-12-14,Fresno,019,978130,57626,44726,3101,47827,560
2020-12-14,Glenn,021,27897,1303,1186,148,1334,9
2020-12-14,Humboldt,023,135768,1418,1256,5,1261,9
2020-12-14,Imperial,025,180216,20842,19608,530,20138,379
2020-12-14,Inyo,027,18085,502,382,6,388,16
2020-12-14,Kern,029,883053,55966,50538,3311,53849,510
2020-12-14,Kings,031,150075,14574,13491,352,13843,97
2020-12-14,Lake,033,64148,1517,1301,0,1301,21
2020-12-14,Lassen,035,31185,3581,2905,30,2935,1
2020-12-14,Los Angeles,037,10098052,591265,524668,12887,537555,8340
2020-12-14,Madera,039,155013,8923,8011,291,8302,60
2020-12-14,Marin,041,260295,8942,8475,57,8532,141
2020-12-14,Mariposa,043,17540,192,171,2,173,3
2020-12-14,Mendocino,045,87422,2081,1845,19,1864,24
2020-12-14,Merced,047,269075,16038,14572,228,14800,189
2020-12-14,Modoc,049,8938,200,180,61,241,0
2020-12-14,Mono,051,14174,758,685,12,697,3
2020-12-14,Monterey,053,433212,22420,19154,464,19618,155
2020-12-14,Napa,055,140530,4821,4289,23,4312,22
2020-12-14,Nevada,057,99092,2324,2070,67,2137,11
2020-12-14,Orange,059,3164182,124270,108602,4300,112902,1688
2020-12-14,Placer,061,380077,11755,9551,355,9906,95
2020-12-14,Plumas,063,18699,388,309,8,317,0
2020-12-14,Riverside,065,2383286,142943,123715,5085,128800,1588
2020-12-14,Sacramento,067,1510023,55113,50304,371,50675,691
2020-12-14,San Benito,069,59416,2808,2467,20,2487,19
2020-12-14,San Bernardino,071,2135413,156260,129151,3845,132996,1347
2020-12-14,San Diego,073,3302833,123606,109578,5278,114856,1162
2020-12-14,San Francisco,075,870044,20345,18904,168,19072,171
2020-12-14,San Joaquin,077,732212,37808,32522,998,33520,534
2020-12-14,San Luis Obispo,079,281455,8939,7791,185,7976,52
2020-12-14,San Mateo,081,765935,20989,18361,52,18413,178
2020-12-14,Santa Barbara,083,443738,14623,13587,337,13924,144
2020-12-14,Santa Clara,085,1922200,56500,49180,204,49384,502
2020-12-14,Santa Cruz,087,273765,7301,6049,161,6210,54
2020-12-14,Shasta,089,179085,7272,6665,483,7148,54
2020-12-14,Sierra,091,2930,23,21,0,21,0
2020-12-14,Siskiyou,093,43540,903,764,73,837,2
2020-12-14,Solano,095,438530,15315,13352,145,13497,93
2020-12-14,Sonoma,097,501317,16458,14807,95,14902,167
2020-12-14,Stanislaus,099,539301,29864,27311,2311,29622,485
2020-12-14,Sutter,101,95872,5506,5001,30,5031,35
2020-12-14,Tehama,103,63373,2552,2344,165,2509,9
2020-12-14,Trinity,105,12862,371,205,46,251,1
2020-12-14,Tulare,107,460477,29116,25735,2652,28387,341
2020-12-14,Tuolumne,109,53932,2087,1647,11,1658,8
2020-12-14,Ventura,111,848112,31487,27436,1107,28543,202
2020-12-14,Yolo,113,214977,7190,6389,39,6428,95
2020-12-14,Yuba,115,75493,3136,2851,29,2880,11
2020-12-13,Alameda,001,1643700,42157,38064,622,38686,486
2020-12-13,Alpine,003,1148,65,63,0,63,0
2020-12-13,Amador,005,37829,1789,1457,9,1466,19
2020-12-13,Butte,007,227075,5955,5103,548,5651,75
2020-12-13,Calaveras,009,45235,818,710,0,710,21
2020-12-13,Colusa,011,21464,1089,945,40,985,7
2020-12-13,Contra Costa,013,1133247,33291,29667,299,29966,281
2020-12-13,Del Norte,015,27424,611,542,0,542,1
2020-12-13,El Dorado,017,186661,4757,3770,150,3920,9
2020-12-13,Fresno,019,978130,56520,44114,2947,47061,559
2020-12-13,Glenn,021,27897,1290,1171,137,1308,9
2020-12-13,Humboldt,023,135768,1395,1238,4,1242,9
2020-12-13,Imperial,025,180216,20560,19472,410,19882,379
2020-12-13,Inyo,027,18085,481,380,6,386,16
2020-12-13,Kern,029,883053,54937,49051,3156,52207,510
2020-12-13,Kings,031,150075,14294,13357,334,13691,97
2020-12-13,Lake,033,64148,1476,1271,0,1271,21
2020-12-13,Lassen,035,31185,3474,2867,25,2892,1
2020-12-13,Los Angeles,037,10098052,573628,517472,12204,529676,8294
2020-12-13,Madera,039,155013,8738,7909,278,8187,60
2020-12-13,Marin,041,260295,8821,8409,57,8466,141
2020-12-13,Mariposa,043,17540,188,167,2,169,3
2020-12-13,Mendocino,045,87422,2047,1793,19,1812,24
2020-12-13,Merced,047,269075,15685,14384,225,14609,189
2020-12-13,Modoc,049,8938,190,179,56,235,0
2020-12-13,Mono,051,14174,742,675,12,687,3
2020-12-13,Monterey,053,433212,21999,18913,450,19363,153
2020-12-13,Napa,055,140530,4714,4194,23,4217,22
2020-12-13,Nevada,057,99092,2277,2030,65,2095,11
2020-12-13,Orange,059,3164182,120329,104768,4127,108895,1688
2020-12-13,Placer,061,380077,11441,9405,337,9742,95
2020-12-13,Plumas,063,18699,382,291,8,299,0
2020-12-13,Riverside,065,2383286,138818,119691,4825,124516,1581
2020-12-13,Sacramento,067,1510023,53845,49480,342,49822,682
2020-12-13,San Benito,069,59416,2739,2408,19,2427,19
2020-12-13,San Bernardino,071,2135413,151363,126718,3690,130408,1333
2020-12-13,San Diego,073,3302833,120006,107372,5109,112481,1162
2020-12-13,San Francisco,075,870044,20008,18686,159,18845,167
2020-12-13,San Joaquin,077,732212,37006,32170,958,33128,534
2020-12-13,San Luis Obispo,079,281455,8748,7625,177,7802,52
2020-12-13,San Mateo,081,765935,20498,18090,46,18136,177
2020-12-13,Santa Barbara,083,443738,14354,13249,323,13572,144
2020-12-13,Santa Clara,085,1922200,55094,47920,196,48116,499
2020-12-13,Santa Cruz,087,273765,7054,5986,151,6137,54
2020-12-13,Shasta,089,179085,7197,6647,457,7104,54
2020-12-13,Sierra,091,2930,23,21,0,21,0
2020-12-13,Siskiyou,093,43540,890,762,68,830,2
2020-12-13,Solano,095,438530,14880,13276,142,13418,93
2020-12-13,Sonoma,097,501317,16145,14495,94,14589,167
2020-12-13,Stanislaus,099,539301,29307,26569,2260,28829,485
2020-12-13,Sutter,101,95872,5379,4798,26,4824,34
2020-12-13,Tehama,103,63373,2508,2325,150,2475,9
2020-12-13,Trinity,105,12862,365,204,46,250,1
2020-12-13,Tulare,107,460477,28634,25496,2575,28071,340
2020-12-13,Tuolumne,109,53932,2025,1611,11,1622,8
2020-12-13,Ventura,111,848112,30488,26588,1047,27635,202
2020-12-13,Yolo,113,214977,7004,6265,33,6298,95
2020-12-13,Yuba,115,75493,3073,2754,26,2780,11
2020-12-12,Alameda,001,1643700,41714,37027,603,37630,486
2020-12-12,Alpine,003,1148,65,63,0,63,0
2020-12-12,Amador,005,37829,1761,1236,8,1244,19
2020-12-12,Butte,007,227075,5882,4972,534,5506,73
2020-12-12,Calaveras,009,45235,808,708,0,708,21
2020-12-12,Colusa,011,21464,1069,945,39,984,7
2020-12-12,Contra Costa,013,1133247,32944,29506,290,29796,281
2020-12-12,Del Norte,015,27424,603,529,0,529,1
2020-12-12,El Dorado,017,186661,4682,3706,134,3840,9
2020-12-12,Fresno,019,978130,56168,43756,2888,46644,559
2020-12-12,Glenn,021,27897,1282,1143,133,1276,8
2020-12-12,Humboldt,023,135768,1376,1208,4,1212,9
2020-12-12,Imperial,025,180216,20471,18947,355,19302,379
2020-12-12,Inyo,027,18085,475,380,6,386,16
2020-12-12,Kern,029,883053,54418,48194,3069,51263,507
2020-12-12,Kings,031,150075,14205,13205,330,13535,96
2020-12-12,Lake,033,64148,1460,1232,0,1232,21
2020-12-12,Lassen,035,31185,3451,2866,22,2888,1
2020-12-12,Los Angeles,037,10098052,566812,504317,11715,516032,8269
2020-12-12,Madera,039,155013,8611,7765,275,8040,59
2020-12-12,Marin,041,260295,8765,8363,56,8419,141
2020-12-12,Mariposa,043,17540,187,164,2,166,3
2020-12-12,Mendocino,045,87422,2011,1771,19,1790,24
2020-12-12,Merced,047,269075,15593,14181,221,14402,188
2020-12-12,Modoc,049,8938,189,169,53,222,0
2020-12-12,Mono,051,14174,735,640,12,652,3
2020-12-12,Monterey,053,433212,21886,18596,421,19017,151
2020-12-12,Napa,055,140530,4669,4113,23,4136,22
2020-12-12,Nevada,057,99092,2259,1981,63,2044,10
2020-12-12,Orange,059,3164182,118431,100468,3982,104450,1674
2020-12-12,Placer,061,380077,11276,9390,332,9722,95
2020-12-12,Plumas,063,18699,376,291,8,299,0
2020-12-12,Riverside,065,2383286,136757,118335,4624,122959,1579
2020-12-12,Sacramento,067,1510023,53263,48319,329,48648,673
2020-12-12,San Benito,069,59416,2684,2355,19,2374,19
2020-12-12,San Bernardino,071,2135413,149730,125741,3588,129329,1321
2020-12-12,San Diego,073,3302833,118385,104958,5012,109970,1151
2020-12-12,San Francisco,075,870044,19811,18413,155,18568,167
2020-12-12,San Joaquin,077,732212,36678,32200,928,33128,534
2020-12-12,San Luis Obispo,079,281455,8649,7462,171,7633,50
2020-12-12,San Mateo,081,765935,20277,17574,45,17619,177
2020-12-12,Santa Barbara,083,443738,14202,13174,315,13489,144
2020-12-12,Santa Clara,085,1922200,54159,45892,193,46085,498
2020-12-12,Santa Cruz,087,273765,6957,5905,142,6047,54
2020-12-12,Shasta,089,179085,7164,6551,439,6990,54
2020-12-12,Sierra,091,2930,23,21,0,21,0
2020-12-12,Siskiyou,093,43540,888,762,65,827,2
2020-12-12,Solano,095,438530,14686,12748,135,12883,93
2020-12-12,Sonoma,097,501317,16024,14466,94,14560,166
2020-12-12,Stanislaus,099,539301,29002,26246,2211,28457,483
2020-12-12,Sutter,101,95872,5317,4717,26,4743,32
2020-12-12,Tehama,103,63373,2490,2252,145,2397,9
2020-12-12,Trinity,105,12862,363,204,44,248,1
2020-12-12,Tulare,107,460477,28370,25333,2516,27849,341
2020-12-12,Tuolumne,109,53932,1981,1536,11,1547,8
2020-12-12,Ventura,111,848112,30043,25955,1014,26969,202
2020-12-12,Yolo,113,214977,6921,6116,31,6147,95
2020-12-12,Yuba,115,75493,3046,2692,25,2717,10
2020-12-11,Alameda,001,1643700,41147,36281,591,36872,482
2020-12-11,Alpine,003,1148,65,63,0,63,0
2020-12-11,Amador,005,37829,1745,1213,8,1221,19
2020-12-11,Butte,007,227075,5809,4941,515,5456,73
2020-12-11,Calaveras,009,45235,792,697,0,697,21
2020-12-11,Colusa,011,21464,1059,923,37,960,7
2020-12-11,Contra Costa,013,1133247,32513,29036,287,29323,282
2020-12-11,Del Norte,015,27424,595,505,0,505,1
2020-12-11,El Dorado,017,186661,4601,3669,119,3788,9
2020-12-11,Fresno,019,978130,55156,43071,2822,45893,550
2020-12-11,Glenn,021,27897,1266,1135,129,1264,8
2020-12-11,Humboldt,023,135768,1358,1190,4,1194,9
2020-12-11,Imperial,025,180216,20381,18599,311,18910,377
2020-12-11,Inyo,027,18085,465,372,6,378,16
2020-12-11,Kern,029,883053,53740,47664,3006,50670,502
2020-12-11,Kings,031,150075,14061,13118,326,13444,94
2020-12-11,Lake,033,64148,1443,1205,0,1205,21
2020-12-11,Lassen,035,31185,3439,2790,21,2811,1
2020-12-11,Los Angeles,037,10098052,555005,493592,11310,504902,8198
2020-12-11,Madera,039,155013,8519,7648,265,7913,59
2020-12-11,Marin,041,260295,8676,8317,55,8372,141
2020-12-11,Mariposa,043,17540,186,164,2,166,3
2020-12-11,Mendocino,045,87422,1987,1769,19,1788,24
2020-12-11,Merced,047,269075,15473,14038,213,14251,186
2020-12-11,Modoc,049,8938,189,168,52,220,0
2020-12-11,Mono,051,14174,725,631,12,643,3
2020-12-11,Monterey,053,433212,21585,18421,416,18837,150
2020-12-11,Napa,055,140530,4614,4054,23,4077,22
2020-12-11,Nevada,057,99092,2242,1959,60,2019,10
2020-12-11,Orange,059,3164182,116111,98357,3881,102238,1656
2020-12-11,Placer,061,380077,11114,8904,316,9220,93
2020-12-11,Plumas,063,18699,368,286,8,294,0
2020-12-11,Riverside,065,2383286,133682,115329,4406,119735,1573
2020-12-11,Sacramento,067,1510023,52600,47468,321,47789,669
2020-12-11,San Benito,069,59416,2633,2319,19,2338,19
2020-12-11,San Bernardino,071,2135413,147032,123092,3474,126566,1313
2020-12-11,San Diego,073,3302833,116425,102468,4929,107397,1137
2020-12-11,San Francisco,075,870044,19581,18246,154,18400,165
2020-12-11,San Joaquin,077,732212,36329,32044,901,32945,534
2020-12-11,San Luis Obispo,079,281455,8488,7415,169,7584,49
2020-12-11,San Mateo,081,765935,20007,17240,34,17274,177
2020-12-11,Santa Barbara,083,443738,14059,12997,307,13304,144
2020-12-11,Santa Clara,085,1922200,53152,45101,184,45285,494
2020-12-11,Santa Cruz,087,273765,6837,5764,133,5897,50
2020-12-11,Shasta,089,179085,7119,6459,432,6891,54
2020-12-11,Sierra,091,2930,23,19,0,19,0
2020-12-11,Siskiyou,093,43540,881,753,62,815,2
2020-12-11,Solano,095,438530,14499,12554,131,12685,92
2020-12-11,Sonoma,097,501317,15857,14298,92,14390,166
2020-12-11,Stanislaus,099,539301,28730,25928,2164,28092,464
2020-12-11,Sutter,101,95872,5254,4600,25,4625,30
2020-12-11,Tehama,103,63373,2459,2232,141,2373,9
2020-12-11,Trinity,105,12862,360,204,44,248,1
2020-12-11,Tulare,107,460477,28015,24953,2463,27416,338
2020-12-11,Tuolumne,109,53932,1966,1510,11,1521,8
2020-12-11,Ventura,111,848112,29436,24999,992,25991,202
2020-12-11,Yolo,113,214977,6817,6006,30,6036,95
2020-12-11,Yuba,115,75493,2985,2649,23,2672,10
2020-12-10,Alameda,001,1643700,40377,35686,571,36257,477
2020-12-10,Alpine,003,1148,65,63,0,63,0
2020-12-10,Amador,005,37829,1688,1191,8,1199,18
2020-12-10,Butte,007,227075,5694,4863,491,5354,72
2020-12-10,Calaveras,009,45235,774,684,0,684,21
2020-12-10,Colusa,011,21464,1036,909,34,943,7
2020-12-10,Contra Costa,013,1133247,31835,28413,281,28694,276
2020-12-10,Del Norte,015,27424,584,501,0,501,1
2020-12-10,El Dorado,017,186661,4483,3557,114,3671,9
2020-12-10,Fresno,019,978130,54178,42461,2682,45143,540
2020-12-10,Glenn,021,27897,1246,1126,120,1246,8
2020-12-10,Humboldt,023,135768,1338,1140,4,1144,9
2020-12-10,Imperial,025,180216,20169,18333,236,18569,370
2020-12-10,Inyo,027,18085,445,365,6,371,15
2020-12-10,Kern,029,883053,52759,47176,2843,50019,499
2020-12-10,Kings,031,150075,13903,12993,320,13313,92
2020-12-10,Lake,033,64148,1403,1167,0,1167,21
2020-12-10,Lassen,035,31185,3417,2764,17,2781,0
2020-12-10,Los Angeles,037,10098052,541024,480354,10787,491141,8149
2020-12-10,Madera,039,155013,8411,7445,250,7695,59
2020-12-10,Marin,041,260295,8626,8245,54,8299,140
2020-12-10,Mariposa,043,17540,185,160,2,162,3
2020-12-10,Mendocino,045,87422,1961,1748,16,1764,24
2020-12-10,Merced,047,269075,15227,13756,210,13966,186
2020-12-10,Modoc,049,8938,184,165,50,215,0
2020-12-10,Mono,051,14174,720,601,12,613,3
2020-12-10,Monterey,053,433212,21103,18266,406,18672,145
2020-12-10,Napa,055,140530,4528,3974,22,3996,22
2020-12-10,Nevada,057,99092,2206,1919,60,1979,10
2020-12-10,Orange,059,3164182,113007,95297,3721,99018,1651
2020-12-10,Placer,061,380077,10861,8906,299,9205,90
2020-12-10,Plumas,063,18699,357,281,8,289,0
2020-12-10,Riverside,065,2383286,129998,112794,4139,116933,1552
2020-12-10,Sacramento,067,1510023,51699,46471,300,46771,664
2020-12-10,San Benito,069,59416,2572,2268,18,2286,19
2020-12-10,San Bernardino,071,2135413,142789,120186,3300,123486,1306
2020-12-10,San Diego,073,3302833,113900,99601,4780,104381,1114
2020-12-10,San Francisco,075,870044,19273,17945,147,18092,164
2020-12-10,San Joaquin,077,732212,35695,31228,872,32100,534
2020-12-10,San Luis Obispo,079,281455,8325,7245,158,7403,49
2020-12-10,San Mateo,081,765935,19565,16701,24,16725,177
2020-12-10,Santa Barbara,083,443738,13880,12788,299,13087,143
2020-12-10,Santa Clara,085,1922200,51998,43939,170,44109,491
2020-12-10,Santa Cruz,087,273765,6671,5645,121,5766,48
2020-12-10,Shasta,089,179085,7052,6312,407,6719,53
2020-12-10,Sierra,091,2930,23,18,0,18,0
2020-12-10,Siskiyou,093,43540,871,712,61,773,2
2020-12-10,Solano,095,438530,14135,12017,126,12143,90
2020-12-10,Sonoma,097,501317,15602,14282,90,14372,167
2020-12-10,Stanislaus,099,539301,28271,25582,2090,27672,464
2020-12-10,Sutter,101,95872,5124,4528,23,4551,27
2020-12-10,Tehama,103,63373,2415,2190,133,2323,9
2020-12-10,Trinity,105,12862,356,202,42,244,1
2020-12-10,Tulare,107,460477,27558,24506,2400,26906,337
2020-12-10,Tuolumne,109,53932,1723,1451,11,1462,8
2020-12-10,Ventura,111,848112,28586,24075,948,25023,202
2020-12-10,Yolo,113,214977,6696,5896,29,5925,95
2020-12-10,Yuba,115,75493,2921,2604,22,2626,10
2020-12-09,Alameda,001,1643700,39543,35047,550,35597,470
2020-12-09,Alpine,003,1148,65,58,0,58,0
2020-12-09,Amador,005,37829,1645,1121,8,1129,19
2020-12-09,Butte,007,227075,5551,4733,471,5204,70
2020-12-09,Calaveras,009,45235,745,670,0,670,21
2020-12-09,Colusa,011,21464,1021,896,33,929,7
2020-12-09,Contra Costa,013,1133247,31127,28308,269,28577,273
2020-12-09,Del Norte,015,27424,576,481,0,481,2
2020-12-09,El Dorado,017,186661,4348,3449,106,3555,8
2020-12-09,Fresno,019,978130,53176,41954,2529,44483,533
2020-12-09,Glenn,021,27897,1232,1107,114,1221,8
2020-12-09,Humboldt,023,135768,1306,1086,4,1090,10
2020-12-09,Imperial,025,180216,19911,17757,200,17957,368
2020-12-09,Inyo,027,18085,432,356,6,362,15
2020-12-09,Kern,029,883053,51602,46379,2701,49080,494
2020-12-09,Kings,031,150075,13758,12716,312,13028,92
2020-12-09,Lake,033,64148,1374,1158,0,1158,20
2020-12-09,Lassen,035,31185,3348,2331,15,2346,0
2020-12-09,Los Angeles,037,10098052,527521,467971,10255,478226,8075
2020-12-09,Madera,039,155013,8295,7216,247,7463,59
2020-12-09,Marin,041,260295,8563,8182,53,8235,138
2020-12-09,Mariposa,043,17540,183,154,2,156,3
2020-12-09,Mendocino,045,87422,1936,1703,15,1718,24
2020-12-09,Merced,047,269075,14986,13588,204,13792,183
2020-12-09,Modoc,049,8938,179,146,41,187,0
2020-12-09,Mono,051,14174,708,601,12,613,3
2020-12-09,Monterey,053,433212,20703,17891,398,18289,143
2020-12-09,Napa,055,140530,4443,3858,21,3879,21
2020-12-09,Nevada,057,99092,2153,1864,60,1924,10
2020-12-09,Orange,059,3164182,109902,93763,3553,97316,1629
2020-12-09,Placer,061,380077,10600,8588,285,8873,85
2020-12-09,Plumas,063,18699,349,271,8,279,0
2020-12-09,Riverside,065,2383286,126296,110376,3938,114314,1543
2020-12-09,Sacramento,067,1510023,50636,45284,275,45559,659
2020-12-09,San Benito,069,59416,2500,2217,16,2233,19
2020-12-09,San Bernardino,071,2135413,138509,114516,3104,117620,1305
2020-12-09,San Diego,073,3302833,110920,97551,4641,102192,1103
2020-12-09,San Francisco,075,870044,18973,17628,146,17774,163
2020-12-09,San Joaquin,077,732212,34881,30539,848,31387,531
2020-12-09,San Luis Obispo,079,281455,8107,7105,150,7255,47
2020-12-09,San Mateo,081,765935,19115,16422,23,16445,175
2020-12-09,Santa Barbara,083,443738,13680,12630,289,12919,142
2020-12-09,Santa Clara,085,1922200,50821,42912,155,43067,489
2020-12-09,Santa Cruz,087,273765,6510,5527,106,5633,47
2020-12-09,Shasta,089,179085,6987,6105,393,6498,52
2020-12-09,Sierra,091,2930,23,18,0,18,0
2020-12-09,Siskiyou,093,43540,860,713,60,773,2
2020-12-09,Solano,095,438530,13792,11862,118,11980,90
2020-12-09,Sonoma,097,501317,15345,13994,87,14081,164
2020-12-09,Stanislaus,099,539301,27782,25157,2027,27184,463
2020-12-09,Sutter,101,95872,5005,4418,19,4437,24
2020-12-09,Tehama,103,63373,2379,2102,129,2231,9
2020-12-09,Trinity,105,12862,348,199,39,238,0
2020-12-09,Tulare,107,460477,26956,24124,2324,26448,334
2020-12-09,Tuolumne,109,53932,1690,1319,11,1330,8
2020-12-09,Ventura,111,848112,27722,23830,906,24736,201
2020-12-09,Yolo,113,214977,6570,5760,27,5787,95
2020-12-09,Yuba,115,75493,2853,2513,21,2534,10
2020-12-08,Alameda,001,1643700,38642,34373,534,34907,469
2020-12-08,Alpine,003,1148,64,53,0,53,0
2020-12-08,Amador,005,37829,1359,1043,8,1051,17
2020-12-08,Butte,007,227075,5393,4651,431,5082,70
2020-12-08,Calaveras,009,45235,721,657,0,657,21
2020-12-08,Colusa,011,21464,1005,875,32,907,6
2020-12-08,Contra Costa,013,1133247,30432,27926,254,28180,270
2020-12-08,Del Norte,015,27424,562,465,0,465,2
2020-12-08,El Dorado,017,186661,4224,3296,93,3389,8
2020-12-08,Fresno,019,978130,51911,41574,2374,43948,529
2020-12-08,Glenn,021,27897,1212,1094,106,1200,8
2020-12-08,Humboldt,023,135768,1280,1059,4,1063,10
2020-12-08,Imperial,025,180216,19402,17568,193,17761,363
2020-12-08,Inyo,027,18085,408,333,6,339,15
2020-12-08,Kern,029,883053,50311,45116,2549,47665,487
2020-12-08,Kings,031,150075,13604,12623,303,12926,90
2020-12-08,Lake,033,64148,1334,1127,0,1127,20
2020-12-08,Lassen,035,31185,3192,2165,15,2180,0
2020-12-08,Los Angeles,037,10098052,514810,459738,9784,469522,8004
2020-12-08,Madera,039,155013,8166,7082,235,7317,59
2020-12-08,Marin,041,260295,8486,8099,52,8151,137
2020-12-08,Mariposa,043,17540,179,150,2,152,2
2020-12-08,Mendocino,045,87422,1894,1666,15,1681,23
2020-12-08,Merced,047,269075,14674,13380,203,13583,181
2020-12-08,Modoc,049,8938,171,138,38,176,0
2020-12-08,Mono,051,14174,694,597,12,609,3
2020-12-08,Monterey,053,433212,20132,17752,391,18143,134
2020-12-08,Napa,055,140530,4357,3778,19,3797,22
2020-12-08,Nevada,057,99092,2099,1809,57,1866,11
2020-12-08,Orange,059,3164182,106679,91406,3389,94795,1629
2020-12-08,Placer,061,380077,10332,8224,280,8504,82
2020-12-08,Plumas,063,18699,339,258,8,266,0
2020-12-08,Riverside,065,2383286,122927,107620,3761,111381,1514
2020-12-08,Sacramento,067,1510023,49573,44635,261,44896,649
2020-12-08,San Benito,069,59416,2446,2180,16,2196,18
2020-12-08,San Bernardino,071,2135413,134162,110676,2982,113658,1301
2020-12-08,San Diego,073,3302833,107549,95447,4484,99931,1088
2020-12-08,San Francisco,075,870044,18666,17384,144,17528,162
2020-12-08,San Joaquin,077,732212,33987,30225,815,31040,530
2020-12-08,San Luis Obispo,079,281455,7978,6903,139,7042,45
2020-12-08,San Mateo,081,765935,18716,16305,23,16328,175
2020-12-08,Santa Barbara,083,443738,13497,12516,280,12796,141
2020-12-08,Santa Clara,085,1922200,49510,41309,147,41456,484
2020-12-08,Santa Cruz,087,273765,6329,5374,104,5478,45
2020-12-08,Shasta,089,179085,6877,5946,385,6331,50
2020-12-08,Sierra,091,2930,22,18,0,18,0
2020-12-08,Siskiyou,093,43540,846,704,58,762,2
2020-12-08,Solano,095,438530,13386,11669,116,11785,89
2020-12-08,Sonoma,097,501317,15086,13601,86,13687,164
2020-12-08,Stanislaus,099,539301,27290,24793,1962,26755,461
2020-12-08,Sutter,101,95872,4909,4342,18,4360,24
2020-12-08,Tehama,103,63373,2305,2057,121,2178,9
2020-12-08,Trinity,105,12862,339,198,38,236,0
2020-12-08,Tulare,107,460477,26350,23607,2261,25868,330
2020-12-08,Tuolumne,109,53932,1666,1264,11,1275,7
2020-12-08,Ventura,111,848112,27061,23665,864,24529,195
2020-12-08,Yolo,113,214977,6438,5560,27,5587,90
2020-12-08,Yuba,115,75493,2775,2477,21,2498,10
2020-12-07,Alameda,001,1643700,37777,33887,500,34387,466
2020-12-07,Alpine,003,1148,63,53,0,53,0
2020-12-07,Amador,005,37829,1284,993,7,1000,17
2020-12-07,Butte,007,227075,5257,4604,410,5014,67
2020-12-07,Calaveras,009,45235,691,606,0,606,21
2020-12-07,Colusa,011,21464,980,825,27,852,6
2020-12-07,Contra Costa,013,1133247,29824,27307,241,27548,270
2020-12-07,Del Norte,015,27424,547,424,0,424,2
2020-12-07,El Dorado,017,186661,4045,3275,86,3361,8
2020-12-07,Fresno,019,978130,50438,41098,2254,43352,526
2020-12-07,Glenn,021,27897,1193,1085,100,1185,8
2020-12-07,Humboldt,023,135768,1245,1023,4,1027,9
2020-12-07,Imperial,025,180216,18987,17234,183,17417,364
2020-12-07,Inyo,027,18085,392,333,6,339,15
2020-12-07,Kern,029,883053,49285,44409,2415,46824,486
2020-12-07,Kings,031,150075,13461,12412,295,12707,90
2020-12-07,Lake,033,64148,1307,1090,0,1090,20
2020-12-07,Lassen,035,31185,3095,2167,15,2182,0
2020-12-07,Los Angeles,037,10098052,501139,451052,9362,460414,7937
2020-12-07,Madera,039,155013,7902,6935,230,7165,59
2020-12-07,Marin,041,260295,8428,8049,51,8100,136
2020-12-07,Mariposa,043,17540,176,146,2,148,2
2020-12-07,Mendocino,045,87422,1858,1638,14,1652,23
2020-12-07,Merced,047,269075,14316,13250,194,13444,179
2020-12-07,Modoc,049,8938,164,128,35,163,0
2020-12-07,Mono,051,14174,681,590,12,602,3
2020-12-07,Monterey,053,433212,19652,17746,380,18126,132
2020-12-07,Napa,055,140530,4266,3684,19,3703,21
2020-12-07,Nevada,057,99092,2050,1777,56,1833,11
2020-12-07,Orange,059,3164182,103411,89793,3270,93063,1628
2020-12-07,Placer,061,380077,10007,7911,266,8177,82
2020-12-07,Plumas,063,18699,327,256,5,261,0
2020-12-07,Riverside,065,2383286,119727,102363,3580,105943,1491
2020-12-07,Sacramento,067,1510023,48478,43419,244,43663,638
2020-12-07,San Benito,069,59416,2396,2165,15,2180,18
2020-12-07,San Bernardino,071,2135413,130211,108161,2867,111028,1295
2020-12-07,San Diego,073,3302833,104760,94171,4303,98474,1062
2020-12-07,San Francisco,075,870044,18370,17220,137,17357,161
2020-12-07,San Joaquin,077,732212,33112,28188,789,28977,530
2020-12-07,San Luis Obispo,079,281455,7796,6782,132,6914,45
2020-12-07,San Mateo,081,765935,18278,16029,22,16051,175
2020-12-07,Santa Barbara,083,443738,13255,12362,270,12632,141
2020-12-07,Santa Clara,085,1922200,48114,40621,138,40759,484
2020-12-07,Santa Cruz,087,273765,6165,5152,96,5248,41
2020-12-07,Shasta,089,179085,6754,5742,370,6112,50
2020-12-07,Sierra,091,2930,20,18,0,18,0
2020-12-07,Siskiyou,093,43540,820,652,58,710,2
2020-12-07,Solano,095,438530,13048,11354,112,11466,89
2020-12-07,Sonoma,097,501317,14802,13376,86,13462,164
2020-12-07,Stanislaus,099,539301,26716,24479,1909,26388,454
2020-12-07,Sutter,101,95872,4768,4106,18,4124,24
2020-12-07,Tehama,103,63373,2254,2030,116,2146,9
2020-12-07,Trinity,105,12862,335,194,38,232,0
2020-12-07,Tulare,107,460477,25802,22760,2202,24962,328
2020-12-07,Tuolumne,109,53932,1581,1256,10,1266,7
2020-12-07,Ventura,111,848112,26473,23354,828,24182,191
2020-12-07,Yolo,113,214977,6278,5537,26,5563,90
2020-12-07,Yuba,115,75493,2708,2428,19,2447,10
2020-12-06,Alameda,001,1643700,36784,33477,480,33957,465
2020-12-06,Alpine,003,1148,59,53,0,53,0
2020-12-06,Amador,005,37829,1221,952,6,958,17
2020-12-06,Butte,007,227075,5104,4527,377,4904,67
2020-12-06,Calaveras,009,45235,671,606,0,606,21
2020-12-06,Colusa,011,21464,963,824,23,847,6
2020-12-06,Contra Costa,013,1133247,29218,26566,234,26800,270
2020-12-06,Del Norte,015,27424,491,414,0,414,2
2020-12-06,El Dorado,017,186661,3908,3086,81,3167,8
2020-12-06,Fresno,019,978130,49484,40869,2138,43007,526
2020-12-06,Glenn,021,27897,1183,1067,96,1163,8
2020-12-06,Humboldt,023,135768,1220,1004,4,1008,9
2020-12-06,Imperial,025,180216,18680,16922,174,17096,364
2020-12-06,Inyo,027,18085,380,333,6,339,15
2020-12-06,Kern,029,883053,48294,43899,2248,46147,486
2020-12-06,Kings,031,150075,13189,12056,278,12334,90
2020-12-06,Lake,033,64148,1271,1075,0,1075,20
2020-12-06,Lassen,035,31185,2991,2168,13,2181,0
2020-12-06,Los Angeles,037,10098052,487545,443230,8935,452165,7910
2020-12-06,Madera,039,155013,7729,6826,221,7047,59
2020-12-06,Marin,041,260295,8348,8013,48,8061,136
2020-12-06,Mariposa,043,17540,175,144,2,146,2
2020-12-06,Mendocino,045,87422,1818,1614,14,1628,23
2020-12-06,Merced,047,269075,13979,12928,185,13113,179
2020-12-06,Modoc,049,8938,151,125,28,153,0
2020-12-06,Mono,051,14174,659,586,11,597,3
2020-12-06,Monterey,053,433212,19034,17426,370,17796,130
2020-12-06,Napa,055,140530,4154,3644,19,3663,21
2020-12-06,Nevada,057,99092,1991,1710,53,1763,10
2020-12-06,Orange,059,3164182,100340,87737,3141,90878,1627
2020-12-06,Placer,061,380077,9724,7837,247,8084,82
2020-12-06,Plumas,063,18699,314,254,4,258,0
2020-12-06,Riverside,065,2383286,116634,100088,3359,103447,1482
2020-12-06,Sacramento,067,1510023,47237,42808,230,43038,638
2020-12-06,San Benito,069,59416,2359,2135,15,2150,18
2020-12-06,San Bernardino,071,2135413,126062,106927,2713,109640,1286
2020-12-06,San Diego,073,3302833,101727,92173,4149,96322,1062
2020-12-06,San Francisco,075,870044,18047,17107,130,17237,161
2020-12-06,San Joaquin,077,732212,32268,28188,761,28949,530
2020-12-06,San Luis Obispo,079,281455,7631,6723,127,6850,45
2020-12-06,San Mateo,081,765935,17774,15855,20,15875,175
2020-12-06,Santa Barbara,083,443738,13023,12252,261,12513,141
2020-12-06,Santa Clara,085,1922200,46719,39112,133,39245,482
2020-12-06,Santa Cruz,087,273765,5988,5069,90,5159,40
2020-12-06,Shasta,089,179085,6614,5743,349,6092,49
2020-12-06,Sierra,091,2930,20,17,0,17,0
2020-12-06,Siskiyou,093,43540,801,652,56,708,2
2020-12-06,Solano,095,438530,12759,11354,102,11456,88
2020-12-06,Sonoma,097,501317,14514,13238,85,13323,164
2020-12-06,Stanislaus,099,539301,26156,24036,1845,25881,454
2020-12-06,Sutter,101,95872,4652,4009,17,4026,21
2020-12-06,Tehama,103,63373,2196,1982,107,2089,9
2020-12-06,Trinity,105,12862,328,181,36,217,0
2020-12-06,Tulare,107,460477,25270,22756,2135,24891,327
2020-12-06,Tuolumne,109,53932,1485,1210,10,1220,7
2020-12-06,Ventura,111,848112,25931,23035,803,23838,191
2020-12-06,Yolo,113,214977,6117,5465,22,5487,90
2020-12-06,Yuba,115,75493,2664,2340,18,2358,10
2020-12-05,Alameda,001,1643700,36426,32781,469,33250,465
2020-12-05,Alpine,003,1148,58,53,0,53,0
2020-12-05,Amador,005,37829,1197,847,6,853,17
2020-12-05,Butte,007,227075,5036,4455,358,4813,66
2020-12-05,Calaveras,009,45235,659,606,0,606,21
2020-12-05,Colusa,011,21464,945,825,20,845,6
2020-12-05,Contra Costa,013,1133247,28920,26217,226,26443,270
2020-12-05,Del Norte,015,27424,486,408,0,408,2
2020-12-05,El Dorado,017,186661,3843,3061,76,3137,8
2020-12-05,Fresno,019,978130,49165,40568,2084,42652,525
2020-12-05,Glenn,021,27897,1170,1056,90,1146,8
2020-12-05,Humboldt,023,135768,1187,979,4,983,9
2020-12-05,Imperial,025,180216,18506,16544,173,16717,362
2020-12-05,Inyo,027,18085,375,332,6,338,15
2020-12-05,Kern,029,883053,47831,43332,2163,45495,484
2020-12-05,Kings,031,150075,13108,11898,275,12173,90
2020-12-05,Lake,033,64148,1242,1069,0,1069,20
2020-12-05,Lassen,035,31185,2800,2168,11,2179,0
2020-12-05,Los Angeles,037,10098052,481747,433120,8622,441742,7888
2020-12-05,Madera,039,155013,7635,6619,214,6833,59
2020-12-05,Marin,041,260295,8321,7961,48,8009,136
2020-12-05,Mariposa,043,17540,170,143,2,145,2
2020-12-05,Mendocino,045,87422,1779,1585,14,1599,23
2020-12-05,Merced,047,269075,13872,12747,174,12921,180
2020-12-05,Modoc,049,8938,151,118,27,145,0
2020-12-05,Mono,051,14174,654,554,11,565,3
2020-12-05,Monterey,053,433212,18888,17077,366,17443,127
2020-12-05,Napa,055,140530,4084,3565,19,3584,21
2020-12-05,Nevada,057,99092,1976,1642,51,1693,10
2020-12-05,Orange,059,3164182,98869,85735,3044,88779,1612
2020-12-05,Placer,061,380077,9605,7811,238,8049,78
2020-12-05,Plumas,063,18699,307,246,1,247,0
2020-12-05,Riverside,065,2383286,115021,98612,3185,101797,1477
2020-12-05,Sacramento,067,1510023,46572,41878,216,42094,625
2020-12-05,San Benito,069,59416,2315,2073,15,2088,18
2020-12-05,San Bernardino,071,2135413,124533,105382,2585,107967,1283
2020-12-05,San Diego,073,3302833,100375,90470,4068,94538,1055
2020-12-05,San Francisco,075,870044,17861,16786,126,16912,161
2020-12-05,San Joaquin,077,732212,32001,28105,729,28834,523
2020-12-05,San Luis Obispo,079,281455,7564,6623,124,6747,44
2020-12-05,San Mateo,081,765935,17517,15512,20,15532,175
2020-12-05,Santa Barbara,083,443738,12923,12107,255,12362,141
2020-12-05,Santa Clara,085,1922200,45959,38339,128,38467,474
2020-12-05,Santa Cruz,087,273765,5915,4997,89,5086,40
2020-12-05,Shasta,089,179085,6553,5653,338,5991,49
2020-12-05,Sierra,091,2930,20,17,0,17,0
2020-12-05,Siskiyou,093,43540,793,649,55,704,2
2020-12-05,Solano,095,438530,12588,11351,100,11451,87
2020-12-05,Sonoma,097,501317,14418,13137,85,13222,164
2020-12-05,Stanislaus,099,539301,25837,23662,1810,25472,454
2020-12-05,Sutter,101,95872,4587,3937,17,3954,20
2020-12-05,Tehama,103,63373,2181,1926,105,2031,9
2020-12-05,Trinity,105,12862,327,177,36,213,0
2020-12-05,Tulare,107,460477,25051,22660,2077,24737,324
2020-12-05,Tuolumne,109,53932,1428,1180,10,1190,7
2020-12-05,Ventura,111,848112,25559,22710,789,23499,191
2020-12-05,Yolo,113,214977,6038,5351,21,5372,90
2020-12-05,Yuba,115,75493,2627,2275,18,2293,10
2020-12-04,Alameda,001,1643700,35876,31871,456,32327,465
2020-12-04,Alpine,003,1148,58,53,0,53,0
2020-12-04,Amador,005,37829,1183,766,3,769,16
2020-12-04,Butte,007,227075,4964,4336,338,4674,65
2020-12-04,Calaveras,009,45235,654,585,0,585,21
2020-12-04,Colusa,011,21464,931,790,18,808,6
2020-12-04,Contra Costa,013,1133247,28574,25705,214,25919,264
2020-12-04,Del Norte,015,27424,477,401,0,401,2
2020-12-04,El Dorado,017,186661,3755,2933,73,3006,7
2020-12-04,Fresno,019,978130,48455,40108,2016,42124,522
2020-12-04,Glenn,021,27897,1164,1017,82,1099,8
2020-12-04,Humboldt,023,135768,1169,960,4,964,9
2020-12-04,Imperial,025,180216,18259,16484,173,16657,362
2020-12-04,Inyo,027,18085,366,324,6,330,15
2020-12-04,Kern,029,883053,47280,42497,2061,44558,485
2020-12-04,Kings,031,150075,13015,11767,269,12036,88
2020-12-04,Lake,033,64148,1212,1018,0,1018,20
2020-12-04,Lassen,035,31185,2793,2167,10,2177,0
2020-12-04,Los Angeles,037,10098052,473128,424164,8333,432497,7845
2020-12-04,Madera,039,155013,7540,6479,211,6690,58
2020-12-04,Marin,041,260295,8266,7896,45,7941,136
2020-12-04,Mariposa,043,17540,170,136,2,138,2
2020-12-04,Mendocino,045,87422,1760,1563,13,1576,23
2020-12-04,Merced,047,269075,13757,12474,166,12640,177
2020-12-04,Modoc,049,8938,151,115,27,142,0
2020-12-04,Mono,051,14174,649,549,11,560,3
2020-12-04,Monterey,053,433212,18676,16737,357,17094,127
2020-12-04,Napa,055,140530,4030,3432,19,3451,19
2020-12-04,Nevada,057,99092,1951,1560,48,1608,10
2020-12-04,Orange,059,3164182,96940,83738,2980,86718,1597
2020-12-04,Placer,061,380077,9481,7461,225,7686,76
2020-12-04,Plumas,063,18699,300,232,0,232,0
2020-12-04,Riverside,065,2383286,112821,95255,3028,98283,1475
2020-12-04,Sacramento,067,1510023,45807,41061,199,41260,618
2020-12-04,San Benito,069,59416,2282,2006,15,2021,17
2020-12-04,San Bernardino,071,2135413,122260,102418,2477,104895,1290
2020-12-04,San Diego,073,3302833,98891,88183,3981,92164,1047
2020-12-04,San Francisco,075,870044,17671,16499,126,16625,161
2020-12-04,San Joaquin,077,732212,31561,27806,692,28498,522
2020-12-04,San Luis Obispo,079,281455,7480,6473,121,6594,42
2020-12-04,San Mateo,081,765935,17229,15112,19,15131,173
2020-12-04,Santa Barbara,083,443738,12816,11947,249,12196,141
2020-12-04,Santa Clara,085,1922200,45022,37465,122,37587,468
2020-12-04,Santa Cruz,087,273765,5825,4985,87,5072,32
2020-12-04,Shasta,089,179085,6464,5439,329,5768,49
2020-12-04,Sierra,091,2930,19,17,0,17,0
2020-12-04,Siskiyou,093,43540,786,639,52,691,2
2020-12-04,Solano,095,438530,12438,11037,97,11134,87
2020-12-04,Sonoma,097,501317,14270,12962,84,13046,164
2020-12-04,Stanislaus,099,539301,25559,23206,1766,24972,448
2020-12-04,Sutter,101,95872,4515,3791,12,3803,20
2020-12-04,Tehama,103,63373,2141,1876,100,1976,9
2020-12-04,Trinity,105,12862,325,172,36,208,0
2020-12-04,Tulare,107,460477,24758,22273,2005,24278,322
2020-12-04,Tuolumne,109,53932,1397,1134,10,1144,7
2020-12-04,Ventura,111,848112,25182,22024,773,22797,189
2020-12-04,Yolo,113,214977,5965,5294,20,5314,87
2020-12-04,Yuba,115,75493,2583,2225,17,2242,10
2020-12-03,Alameda,001,1643700,35108,31184,439,31623,465
2020-12-03,Alpine,003,1148,57,53,0,53,0
2020-12-03,Amador,005,37829,1132,653,3,656,16
2020-12-03,Butte,007,227075,4869,4305,319,4624,65
2020-12-03,Calaveras,009,45235,634,572,0,572,21
2020-12-03,Colusa,011,21464,918,774,17,791,6
2020-12-03,Contra Costa,013,1133247,28066,25464,207,25671,265
2020-12-03,Del Norte,015,27424,471,388,0,388,2
2020-12-03,El Dorado,017,186661,3629,2740,71,2811,6
2020-12-03,Fresno,019,978130,47701,39680,1944,41624,516
2020-12-03,Glenn,021,27897,1146,997,74,1071,8
2020-12-03,Humboldt,023,135768,1139,923,4,927,9
2020-12-03,Imperial,025,180216,18051,16436,161,16597,359
2020-12-03,Inyo,027,18085,364,321,6,327,15
2020-12-03,Kern,029,883053,46434,42062,1960,44022,483
2020-12-03,Kings,031,150075,12916,11658,258,11916,87
2020-12-03,Lake,033,64148,1197,991,0,991,20
2020-12-03,Lassen,035,31185,2753,2128,9,2137,0
2020-12-03,Los Angeles,037,10098052,463028,415805,7976,423781,7787
2020-12-03,Madera,039,155013,7417,6398,205,6603,58
2020-12-03,Marin,041,260295,8202,7861,41,7902,136
2020-12-03,Mariposa,043,17540,166,132,2,134,2
2020-12-03,Mendocino,045,87422,1743,1547,10,1557,23
2020-12-03,Merced,047,269075,13512,12310,159,12469,177
2020-12-03,Modoc,049,8938,149,114,27,141,0
2020-12-03,Mono,051,14174,627,527,11,538,3
2020-12-03,Monterey,053,433212,18215,16218,348,16566,125
2020-12-03,Napa,055,140530,3916,3360,19,3379,19
2020-12-03,Nevada,057,99092,1873,1472,47,1519,10
2020-12-03,Orange,059,3164182,94406,82187,2912,85099,1591
2020-12-03,Placer,061,380077,9279,7270,209,7479,73
2020-12-03,Plumas,063,18699,285,223,0,223,0
2020-12-03,Riverside,065,2383286,110059,92489,2869,95358,1461
2020-12-03,Sacramento,067,1510023,44749,40280,186,40466,614
2020-12-03,San Benito,069,59416,2236,1967,15,1982,16
2020-12-03,San Bernardino,071,2135413,118932,100787,2394,103181,1283
2020-12-03,San Diego,073,3302833,97076,86144,3863,90007,1040
2020-12-03,San Francisco,075,870044,17447,16236,125,16361,161
2020-12-03,San Joaquin,077,732212,30841,27239,650,27889,522
2020-12-03,San Luis Obispo,079,281455,7312,6388,120,6508,42
2020-12-03,San Mateo,081,765935,16876,14909,19,14928,173
2020-12-03,Santa Barbara,083,443738,12687,11829,243,12072,141
2020-12-03,Santa Clara,085,1922200,43811,36621,116,36737,465
2020-12-03,Santa Cruz,087,273765,5681,4850,83,4933,28
2020-12-03,Shasta,089,179085,6355,5330,322,5652,48
2020-12-03,Sierra,091,2930,19,17,0,17,0
2020-12-03,Siskiyou,093,43540,771,629,49,678,2
2020-12-03,Solano,095,438530,12223,10857,93,10950,87
2020-12-03,Sonoma,097,501317,14029,12772,83,12855,164
2020-12-03,Stanislaus,099,539301,25139,22821,1719,24540,447
2020-12-03,Sutter,101,95872,4431,3727,12,3739,20
2020-12-03,Tehama,103,63373,2089,1832,93,1925,9
2020-12-03,Trinity,105,12862,322,166,36,202,0
2020-12-03,Tulare,107,460477,24355,21993,1914,23907,321
2020-12-03,Tuolumne,109,53932,1355,1105,10,1115,7
2020-12-03,Ventura,111,848112,24479,21555,760,22315,187
2020-12-03,Yolo,113,214977,5827,5069,20,5089,87
2020-12-03,Yuba,115,75493,2512,2182,16,2198,10
2020-12-02,Alameda,001,1643700,34480,30697,429,31126,463
2020-12-02,Alpine,003,1148,56,52,0,52,0
2020-12-02,Amador,005,37829,1060,585,3,588,16
2020-12-02,Butte,007,227075,4747,4243,308,4551,65
2020-12-02,Calaveras,009,45235,618,553,0,553,21
2020-12-02,Colusa,011,21464,902,756,15,771,6
2020-12-02,Contra Costa,013,1133247,27601,25147,195,25342,264
2020-12-02,Del Norte,015,27424,455,384,0,384,2
2020-12-02,El Dorado,017,186661,3528,2638,66,2704,5
2020-12-02,Fresno,019,978130,46945,39324,1846,41170,507
2020-12-02,Glenn,021,27897,1129,995,66,1061,7
2020-12-02,Humboldt,023,135768,1113,899,4,903,9
2020-12-02,Imperial,025,180216,17629,16360,154,16514,356
2020-12-02,Inyo,027,18085,357,314,6,320,15
2020-12-02,Kern,029,883053,45536,41660,1865,43525,479
2020-12-02,Kings,031,150075,12563,11531,244,11775,86
2020-12-02,Lake,033,64148,1167,971,0,971,20
2020-12-02,Lassen,035,31185,2694,2115,9,2124,0
2020-12-02,Los Angeles,037,10098052,452976,408289,7654,415943,7739
2020-12-02,Madera,039,155013,7292,6370,199,6569,57
2020-12-02,Marin,041,260295,8153,7819,39,7858,136
2020-12-02,Mariposa,043,17540,163,131,2,133,2
2020-12-02,Mendocino,045,87422,1710,1524,10,1534,23
2020-12-02,Merced,047,269075,13268,12168,151,12319,173
2020-12-02,Modoc,049,8938,146,113,27,140,0
2020-12-02,Mono,051,14174,618,520,11,531,3
2020-12-02,Monterey,053,433212,17735,16064,309,16373,121
2020-12-02,Napa,055,140530,3813,3298,18,3316,19
2020-12-02,Nevada,057,99092,1811,1430,46,1476,9
2020-12-02,Orange,059,3164182,92207,81046,2833,83879,1569
2020-12-02,Placer,061,380077,9045,6941,196,7137,73
2020-12-02,Plumas,063,18699,272,218,0,218,0
2020-12-02,Riverside,065,2383286,107341,90089,2690,92779,1451
2020-12-02,Sacramento,067,1510023,43709,39334,175,39509,597
2020-12-02,San Benito,069,59416,2171,1921,15,1936,16
2020-12-02,San Bernardino,071,2135413,115361,98567,2289,100856,1240
2020-12-02,San Diego,073,3302833,95160,84640,3748,88388,1035
2020-12-02,San Francisco,075,870044,17209,16058,123,16181,157
2020-12-02,San Joaquin,077,732212,30224,26740,627,27367,519
2020-12-02,San Luis Obispo,079,281455,7213,6324,118,6442,42
2020-12-02,San Mateo,081,765935,16513,14757,18,14775,170
2020-12-02,Santa Barbara,083,443738,12536,11705,231,11936,140
2020-12-02,Santa Clara,085,1922200,42688,35878,116,35994,458
2020-12-02,Santa Cruz,087,273765,5549,4766,80,4846,27
2020-12-02,Shasta,089,179085,6231,5188,305,5493,47
2020-12-02,Sierra,091,2930,19,17,0,17,0
2020-12-02,Siskiyou,093,43540,755,624,47,671,1
2020-12-02,Solano,095,438530,11976,10701,89,10790,87
2020-12-02,Sonoma,097,501317,13789,12635,82,12717,163
2020-12-02,Stanislaus,099,539301,24636,22615,1663,24278,448
2020-12-02,Sutter,101,95872,4272,3604,12,3616,18
2020-12-02,Tehama,103,63373,2045,1800,78,1878,9
2020-12-02,Trinity,105,12862,313,165,35,200,0
2020-12-02,Tulare,107,460477,23972,21789,1836,23625,321
2020-12-02,Tuolumne,109,53932,1314,1076,10,1086,7
2020-12-02,Ventura,111,848112,24066,21208,742,21950,186
2020-12-02,Yolo,113,214977,5719,5053,19,5072,87
2020-12-02,Yuba,115,75493,2434,2119,15,2134,10
2020-12-01,Alameda,001,1643700,33788,30252,419,30671,460
2020-12-01,Alpine,003,1148,56,41,0,41,0
2020-12-01,Amador,005,37829,913,575,2,577,16
2020-12-01,Butte,007,227075,4642,4177,292,4469,65
2020-12-01,Calaveras,009,45235,600,544,0,544,21
2020-12-01,Colusa,011,21464,885,747,15,762,6
2020-12-01,Contra Costa,013,1133247,27029,24788,187,24975,264
2020-12-01,Del Norte,015,27424,427,357,0,357,2
2020-12-01,El Dorado,017,186661,3384,2542,61,2603,4
2020-12-01,Fresno,019,978130,46043,39004,1770,40774,505
2020-12-01,Glenn,021,27897,1108,989,62,1051,7
2020-12-01,Humboldt,023,135768,1083,886,4,890,9
2020-12-01,Imperial,025,180216,17315,16278,151,16429,356
2020-12-01,Inyo,027,18085,351,304,6,310,15
2020-12-01,Kern,029,883053,44734,41345,1738,43083,478
2020-12-01,Kings,031,150075,12248,11415,230,11645,86
2020-12-01,Lake,033,64148,1145,969,0,969,19
2020-12-01,Lassen,035,31185,2528,2047,8,2055,0
2020-12-01,Los Angeles,037,10098052,442598,403266,7344,410610,7704
2020-12-01,Madera,039,155013,7172,6270,189,6459,57
2020-12-01,Marin,041,260295,8082,7787,38,7825,136
2020-12-01,Mariposa,043,17540,158,128,2,130,2
2020-12-01,Mendocino,045,87422,1676,1497,10,1507,23
2020-12-01,Merced,047,269075,13028,12032,142,12174,172
2020-12-01,Modoc,049,8938,141,113,23,136,0
2020-12-01,Mono,051,14174,605,520,11,531,3
2020-12-01,Monterey,053,433212,17227,15835,298,16133,121
2020-12-01,Napa,055,140530,3729,3124,17,3141,19
2020-12-01,Nevada,057,99092,1749,1411,45,1456,9
2020-12-01,Orange,059,3164182,90103,79468,2744,82212,1567
2020-12-01,Placer,061,380077,8720,6794,189,6983,72
2020-12-01,Plumas,063,18699,260,201,0,201,0
2020-12-01,Riverside,065,2383286,104531,88530,2530,91060,1448
2020-12-01,Sacramento,067,1510023,42662,38966,172,39138,589
2020-12-01,San Benito,069,59416,2116,1888,15,1903,15
2020-12-01,San Bernardino,071,2135413,111892,95854,2167,98021,1220
2020-12-01,San Diego,073,3302833,92903,83423,3638,87061,1019
2020-12-01,San Francisco,075,870044,16927,15797,120,15917,157
2020-12-01,San Joaquin,077,732212,29423,26432,605,27037,514
2020-12-01,San Luis Obispo,079,281455,7071,6264,113,6377,40
2020-12-01,San Mateo,081,765935,16188,14495,18,14513,170
2020-12-01,Santa Barbara,083,443738,12397,11611,221,11832,140
2020-12-01,Santa Clara,085,1922200,41432,35397,110,35507,452
2020-12-01,Santa Cruz,087,273765,5391,4638,72,4710,27
2020-12-01,Shasta,089,179085,6106,5077,286,5363,47
2020-12-01,Sierra,091,2930,19,17,0,17,0
2020-12-01,Siskiyou,093,43540,741,608,43,651,1
2020-12-01,Solano,095,438530,11715,10604,84,10688,87
2020-12-01,Sonoma,097,501317,13585,12491,79,12570,163
2020-12-01,Stanislaus,099,539301,24175,22351,1605,23956,447
2020-12-01,Sutter,101,95872,4130,3538,12,3550,17
2020-12-01,Tehama,103,63373,1979,1773,68,1841,9
2020-12-01,Trinity,105,12862,299,165,29,194,0
2020-12-01,Tulare,107,460477,23516,21645,1768,23413,319
2020-12-01,Tuolumne,109,53932,1278,1052,8,1060,7
2020-12-01,Ventura,111,848112,23452,20604,720,21324,186
2020-12-01,Yolo,113,214977,5580,4928,19,4947,86
2020-12-01,Yuba,115,75493,2370,2088,14,2102,10
2020-11-30,Alameda,001,1643700,32968,29972,402,30374,457
2020-11-30,Alpine,003,1148,54,41,0,41,0
2020-11-30,Amador,005,37829,872,559,2,561,16
2020-11-30,Butte,007,227075,4524,4148,276,4424,65
2020-11-30,Calaveras,009,45235,579,478,0,478,21
2020-11-30,Colusa,011,21464,858,737,12,749,6
2020-11-30,Contra Costa,013,1133247,26445,24365,183,24548,264
2020-11-30,Del Norte,015,27424,401,339,0,339,2
2020-11-30,El Dorado,017,186661,3210,2488,55,2543,4
2020-11-30,Fresno,019,978130,44931,38712,1660,40372,500
2020-11-30,Glenn,021,27897,1085,954,57,1011,5
2020-11-30,Humboldt,023,135768,1036,870,4,874,9
2020-11-30,Imperial,025,180216,17058,16212,130,16342,356
2020-11-30,Inyo,027,18085,345,304,5,309,15
2020-11-30,Kern,029,883053,43975,40941,1606,42547,473
2020-11-30,Kings,031,150075,12100,11346,215,11561,85
2020-11-30,Lake,033,64148,1111,939,0,939,18
2020-11-30,Lassen,035,31185,2436,1793,8,1801,0
2020-11-30,Los Angeles,037,10098052,431920,396202,7020,403222,7658
2020-11-30,Madera,039,155013,7007,6210,175,6385,57
2020-11-30,Marin,041,260295,8037,7764,37,7801,136
2020-11-30,Mariposa,043,17540,151,123,2,125,2
2020-11-30,Mendocino,045,87422,1648,1482,10,1492,23
2020-11-30,Merced,047,269075,12753,11913,131,12044,172
2020-11-30,Modoc,049,8938,131,113,23,136,0
2020-11-30,Mono,051,14174,583,519,11,530,3
2020-11-30,Monterey,053,433212,16797,15837,290,16127,119
2020-11-30,Napa,055,140530,3630,3091,17,3108,18
2020-11-30,Nevada,057,99092,1663,1347,42,1389,9
2020-11-30,Orange,059,3164182,87987,78711,2648,81359,1568
2020-11-30,Placer,061,380077,8423,6575,176,6751,72
2020-11-30,Plumas,063,18699,249,192,0,192,0
2020-11-30,Riverside,065,2383286,101540,87722,2385,90107,1446
2020-11-30,Sacramento,067,1510023,41580,37834,163,37997,586
2020-11-30,San Benito,069,59416,2069,1875,14,1889,15
2020-11-30,San Bernardino,071,2135413,108161,92704,2055,94759,1220
2020-11-30,San Diego,073,3302833,90540,82045,3511,85556,997
2020-11-30,San Francisco,075,870044,16629,15638,116,15754,157
2020-11-30,San Joaquin,077,732212,28718,25742,579,26321,509
2020-11-30,San Luis Obispo,079,281455,6937,6224,111,6335,36
2020-11-30,San Mateo,081,765935,15829,14276,18,14294,170
2020-11-30,Santa Barbara,083,443738,12218,11572,213,11785,140
2020-11-30,Santa Clara,085,1922200,40218,35019,109,35128,451
2020-11-30,Santa Cruz,087,273765,5252,4558,69,4627,26
2020-11-30,Shasta,089,179085,5961,4933,258,5191,44
2020-11-30,Sierra,091,2930,19,16,0,16,0
2020-11-30,Siskiyou,093,43540,732,605,39,644,1
2020-11-30,Solano,095,438530,11452,10392,79,10471,87
2020-11-30,Sonoma,097,501317,13339,12232,75,12307,163
2020-11-30,Stanislaus,099,539301,23712,22110,1563,23673,446
2020-11-30,Sutter,101,95872,3974,3430,12,3442,16
2020-11-30,Tehama,103,63373,1929,1724,61,1785,9
2020-11-30,Trinity,105,12862,292,162,29,191,0
2020-11-30,Tulare,107,460477,23127,20833,1675,22508,319
2020-11-30,Tuolumne,109,53932,1234,1027,8,1035,7
2020-11-30,Ventura,111,848112,22698,20308,704,21012,180
2020-11-30,Yolo,113,214977,5463,4894,19,4913,81
2020-11-30,Yuba,115,75493,2311,2028,12,2040,10
2020-11-29,Alameda,001,1643700,32180,29918,380,30298,457
2020-11-29,Alpine,003,1148,51,41,0,41,0
2020-11-29,Amador,005,37829,721,548,2,550,16
2020-11-29,Butte,007,227075,4424,4008,260,4268,65
2020-11-29,Calaveras,009,45235,548,478,0,478,21
2020-11-29,Colusa,011,21464,829,723,8,731,6
2020-11-29,Contra Costa,013,1133247,25938,24165,177,24342,264
2020-11-29,Del Norte,015,27424,395,339,0,339,2
2020-11-29,El Dorado,017,186661,3079,2447,53,2500,4
2020-11-29,Fresno,019,978130,43978,38568,1588,40156,500
2020-11-29,Glenn,021,27897,1062,951,55,1006,4
2020-11-29,Humboldt,023,135768,1007,856,4,860,9
2020-11-29,Imperial,025,180216,16824,16138,105,16243,356
2020-11-29,Inyo,027,18085,328,289,5,294,15
2020-11-29,Kern,029,883053,43212,40596,1458,42054,473
2020-11-29,Kings,031,150075,11949,11247,197,11444,85
2020-11-29,Lake,033,64148,1087,927,0,927,18
2020-11-29,Lassen,035,31185,2333,1793,8,1801,0
2020-11-29,Los Angeles,037,10098052,421510,391162,6729,397891,7642
2020-11-29,Madera,039,155013,6864,6184,169,6353,57
2020-11-29,Marin,041,260295,7971,7739,34,7773,135
2020-11-29,Mariposa,043,17540,147,123,2,125,2
2020-11-29,Mendocino,045,87422,1614,1473,10,1483,23
2020-11-29,Merced,047,269075,12514,11773,122,11895,172
2020-11-29,Modoc,049,8938,127,105,21,126,0
2020-11-29,Mono,051,14174,560,515,10,525,3
2020-11-29,Monterey,053,433212,16484,15621,283,15904,119
2020-11-29,Napa,055,140530,3525,3090,16,3106,18
2020-11-29,Nevada,057,99092,1583,1311,40,1351,9
2020-11-29,Orange,059,3164182,85964,78057,2602,80659,1567
2020-11-29,Placer,061,380077,8125,6535,164,6699,72
2020-11-29,Plumas,063,18699,244,191,0,191,0
2020-11-29,Riverside,065,2383286,99148,87383,2233,89616,1442
2020-11-29,Sacramento,067,1510023,40502,37415,154,37569,585
2020-11-29,San Benito,069,59416,2025,1860,14,1874,15
2020-11-29,San Bernardino,071,2135413,104810,92052,1939,93991,1223
2020-11-29,San Diego,073,3302833,88129,81086,3358,84444,997
2020-11-29,San Francisco,075,870044,16347,15571,111,15682,153
2020-11-29,San Joaquin,077,732212,27969,25740,573,26313,509
2020-11-29,San Luis Obispo,079,281455,6814,6145,111,6256,36
2020-11-29,San Mateo,081,765935,15497,14177,18,14195,169
2020-11-29,Santa Barbara,083,443738,12064,11520,209,11729,140
2020-11-29,Santa Clara,085,1922200,39006,34234,103,34337,451
2020-11-29,Santa Cruz,087,273765,5092,4490,67,4557,26
2020-11-29,Shasta,089,179085,5789,4935,230,5165,43
2020-11-29,Sierra,091,2930,19,16,0,16,0
2020-11-29,Siskiyou,093,43540,709,590,37,627,1
2020-11-29,Solano,095,438530,11219,10393,75,10468,87
2020-11-29,Sonoma,097,501317,13087,12052,71,12123,163
2020-11-29,Stanislaus,099,539301,23216,21701,1529,23230,446
2020-11-29,Sutter,101,95872,3858,3297,12,3309,16
2020-11-29,Tehama,103,63373,1878,1710,47,1757,9
2020-11-29,Trinity,105,12862,289,159,27,186,0
2020-11-29,Tulare,107,460477,22758,20793,1600,22393,319
2020-11-29,Tuolumne,109,53932,1197,988,8,996,7
2020-11-29,Ventura,111,848112,22014,19952,692,20644,179
2020-11-29,Yolo,113,214977,5326,4830,18,4848,80
2020-11-29,Yuba,115,75493,2255,1959,12,1971,10
2020-11-28,Alameda,001,1643700,31870,29368,375,29743,456
2020-11-28,Alpine,003,1148,51,41,0,41,0
2020-11-28,Amador,005,37829,644,536,2,538,16
2020-11-28,Butte,007,227075,4366,3894,256,4150,65
2020-11-28,Calaveras,009,45235,542,478,0,478,21
2020-11-28,Colusa,011,21464,820,711,6,717,6
2020-11-28,Contra Costa,013,1133247,25605,23798,173,23971,264
2020-11-28,Del Norte,015,27424,385,328,0,328,2
2020-11-28,El Dorado,017,186661,3011,2415,47,2462,4
2020-11-28,Fresno,019,978130,43631,38288,1550,39838,500
2020-11-28,Glenn,021,27897,1051,925,51,976,4
2020-11-28,Humboldt,023,135768,972,844,4,848,9
2020-11-28,Imperial,025,180216,16755,16019,103,16122,356
2020-11-28,Inyo,027,18085,320,289,5,294,15
2020-11-28,Kern,029,883053,42849,40255,1370,41625,473
2020-11-28,Kings,031,150075,11884,11070,190,11260,85
2020-11-28,Lake,033,64148,1071,920,0,920,18
2020-11-28,Lassen,035,31185,2266,1714,8,1722,0
2020-11-28,Los Angeles,037,10098052,416590,386194,6572,392766,7625
2020-11-28,Madera,039,155013,6761,6119,162,6281,57
2020-11-28,Marin,041,260295,7941,7696,30,7726,135
2020-11-28,Mariposa,043,17540,144,120,2,122,2
2020-11-28,Mendocino,045,87422,1583,1458,10,1468,22
2020-11-28,Merced,047,269075,12414,11688,116,11804,172
2020-11-28,Modoc,049,8938,124,103,21,124,0
2020-11-28,Mono,051,14174,554,505,10,515,3
2020-11-28,Monterey,053,433212,16318,15328,279,15607,118
2020-11-28,Napa,055,140530,3474,3033,16,3049,18
2020-11-28,Nevada,057,99092,1554,1272,38,1310,9
2020-11-28,Orange,059,3164182,84864,76882,2555,79437,1568
2020-11-28,Placer,061,380077,7965,6497,161,6658,70
2020-11-28,Plumas,063,18699,237,188,0,188,0
2020-11-28,Riverside,065,2383286,97740,86854,2132,88986,1440
2020-11-28,Sacramento,067,1510023,39925,36905,150,37055,580
2020-11-28,San Benito,069,59416,1980,1835,14,1849,15
2020-11-28,San Bernardino,071,2135413,103409,91183,1837,93020,1224
2020-11-28,San Diego,073,3302833,86875,80020,3274,83294,997
2020-11-28,San Francisco,075,870044,16172,15450,104,15554,153
2020-11-28,San Joaquin,077,732212,27768,25742,558,26300,509
2020-11-28,San Luis Obispo,079,281455,6744,6106,107,6213,36
2020-11-28,San Mateo,081,765935,15307,14040,18,14058,169
2020-11-28,Santa Barbara,083,443738,11962,11481,204,11685,140
2020-11-28,Santa Clara,085,1922200,38255,33701,101,33802,449
2020-11-28,Santa Cruz,087,273765,5016,4426,67,4493,26
2020-11-28,Shasta,089,179085,5712,4882,223,5105,43
2020-11-28,Sierra,091,2930,19,16,0,16,0
2020-11-28,Siskiyou,093,43540,699,558,34,592,1
2020-11-28,Solano,095,438530,11097,10252,73,10325,87
2020-11-28,Sonoma,097,501317,12983,12008,62,12070,162
2020-11-28,Stanislaus,099,539301,22977,21574,1495,23069,446
2020-11-28,Sutter,101,95872,3774,3244,12,3256,15
2020-11-28,Tehama,103,63373,1859,1678,43,1721,9
2020-11-28,Trinity,105,12862,286,157,25,182,0
2020-11-28,Tulare,107,460477,22560,20701,1558,22259,319
2020-11-28,Tuolumne,109,53932,1175,976,8,984,7
2020-11-28,Ventura,111,848112,21716,19510,682,20192,179
2020-11-28,Yolo,113,214977,5249,4739,16,4755,80
2020-11-28,Yuba,115,75493,2200,1912,12,1924,10
2020-11-27,Alameda,001,1643700,31427,29064,365,29429,450
2020-11-27,Alpine,003,1148,51,41,0,41,0
2020-11-27,Amador,005,37829,597,498,1,499,16
2020-11-27,Butte,007,227075,4325,3894,250,4144,65
2020-11-27,Calaveras,009,45235,533,478,0,478,21
2020-11-27,Colusa,011,21464,803,694,4,698,6
2020-11-27,Contra Costa,013,1133247,25344,23463,167,23630,264
2020-11-27,Del Norte,015,27424,379,307,0,307,2
2020-11-27,El Dorado,017,186661,2940,2238,44,2282,4
2020-11-27,Fresno,019,978130,43226,37994,1494,39488,500
2020-11-27,Glenn,021,27897,1038,891,46,937,4
2020-11-27,Humboldt,023,135768,953,795,3,798,9
2020-11-27,Imperial,025,180216,16687,15960,95,16055,356
2020-11-27,Inyo,027,18085,314,289,5,294,15
2020-11-27,Kern,029,883053,42426,39707,1300,41007,473
2020-11-27,Kings,031,150075,11799,10667,172,10839,85
2020-11-27,Lake,033,64148,1035,909,0,909,18
2020-11-27,Lassen,035,31185,2254,1714,8,1722,0
2020-11-27,Los Angeles,037,10098052,410067,382740,6426,389166,7606
2020-11-27,Madera,039,155013,6689,6050,157,6207,57
2020-11-27,Marin,041,260295,7899,7660,30,7690,135
2020-11-27,Mariposa,043,17540,142,118,2,120,2
2020-11-27,Mendocino,045,87422,1569,1387,9,1396,22
2020-11-27,Merced,047,269075,12308,11550,109,11659,172
2020-11-27,Modoc,049,8938,123,100,21,121,0
2020-11-27,Mono,051,14174,550,498,10,508,3
2020-11-27,Monterey,053,433212,16150,14753,279,15032,113
2020-11-27,Napa,055,140530,3434,2988,16,3004,18
2020-11-27,Nevada,057,99092,1524,1184,36,1220,9
2020-11-27,Orange,059,3164182,83576,75151,2516,77667,1568
2020-11-27,Placer,061,380077,7806,6283,151,6434,68
2020-11-27,Plumas,063,18699,234,188,0,188,0
2020-11-27,Riverside,065,2383286,96130,85769,1980,87749,1440
2020-11-27,Sacramento,067,1510023,39304,36579,146,36725,579
2020-11-27,San Benito,069,59416,1946,1805,13,1818,15
2020-11-27,San Bernardino,071,2135413,101890,90254,1756,92010,1224
2020-11-27,San Diego,073,3302833,85681,78161,3185,81346,996
2020-11-27,San Francisco,075,870044,16016,15377,102,15479,153
2020-11-27,San Joaquin,077,732212,27544,25741,538,26279,509
2020-11-27,San Luis Obispo,079,281455,6661,6039,104,6143,36
2020-11-27,San Mateo,081,765935,15105,13872,17,13889,169
2020-11-27,Santa Barbara,083,443738,11869,11340,201,11541,140
2020-11-27,Santa Clara,085,1922200,37580,32935,94,33029,449
2020-11-27,Santa Cruz,087,273765,4945,4358,65,4423,26
2020-11-27,Shasta,089,179085,5635,4710,210,4920,43
2020-11-27,Sierra,091,2930,18,16,0,16,0
2020-11-27,Siskiyou,093,43540,684,554,31,585,1
2020-11-27,Solano,095,438530,10978,10044,70,10114,87
2020-11-27,Sonoma,097,501317,12850,11924,60,11984,162
2020-11-27,Stanislaus,099,539301,22748,21185,1466,22651,446
2020-11-27,Sutter,101,95872,3706,3101,12,3113,15
2020-11-27,Tehama,103,63373,1833,1649,39,1688,9
2020-11-27,Trinity,105,12862,282,151,25,176,0
2020-11-27,Tulare,107,460477,22370,20634,1501,22135,319
2020-11-27,Tuolumne,109,53932,1143,881,8,889,7
2020-11-27,Ventura,111,848112,21392,19379,660,20039,179
2020-11-27,Yolo,113,214977,5198,4737,16,4753,79
2020-11-27,Yuba,115,75493,2171,1864,11,1875,10
2020-11-26,Alameda,001,1643700,31011,28797,347,29144,447
2020-11-26,Alpine,003,1148,51,41,0,41,0
2020-11-26,Amador,005,37829,589,488,1,489,16
2020-11-26,Butte,007,227075,4262,3894,244,4138,65
2020-11-26,Calaveras,009,45235,506,478,0,478,21
2020-11-26,Colusa,011,21464,789,694,4,698,6
2020-11-26,Contra Costa,013,1133247,25011,23468,161,23629,264
2020-11-26,Del Norte,015,27424,368,307,0,307,2
2020-11-26,El Dorado,017,186661,2859,2217,42,2259,4
2020-11-26,Fresno,019,978130,42821,37724,1449,39173,500
2020-11-26,Glenn,021,27897,1022,892,44,936,4
2020-11-26,Humboldt,023,135768,930,795,2,797,9
2020-11-26,Imperial,025,180216,16572,15722,92,15814,355
2020-11-26,Inyo,027,18085,312,289,5,294,15
2020-11-26,Kern,029,883053,41976,39123,1240,40363,471
2020-11-26,Kings,031,150075,11744,10475,160,10635,85
2020-11-26,Lake,033,64148,1022,890,0,890,18
2020-11-26,Lassen,035,31185,2239,1714,8,1722,0
2020-11-26,Los Angeles,037,10098052,404904,378340,6192,384532,7581
2020-11-26,Madera,039,155013,6610,6003,152,6155,57
2020-11-26,Marin,041,260295,7861,7610,30,7640,135
2020-11-26,Mariposa,043,17540,137,116,2,118,2
2020-11-26,Mendocino,045,87422,1555,1387,7,1394,22
2020-11-26,Merced,047,269075,12160,11440,107,11547,172
2020-11-26,Modoc,049,8938,121,100,21,121,0
2020-11-26,Mono,051,14174,542,485,10,495,2
2020-11-26,Monterey,053,433212,15914,14750,271,15021,113
2020-11-26,Napa,055,140530,3370,2988,16,3004,18
2020-11-26,Nevada,057,99092,1479,1184,36,1220,9
2020-11-26,Orange,059,3164182,82188,74264,2456,76720,1563
2020-11-26,Placer,061,380077,7642,6278,142,6420,68
2020-11-26,Plumas,063,18699,226,188,0,188,0
2020-11-26,Riverside,065,2383286,94528,85774,1856,87630,1440
2020-11-26,Sacramento,067,1510023,38661,35854,138,35992,580
2020-11-26,San Benito,069,59416,1919,1769,13,1782,15
2020-11-26,San Bernardino,071,2135413,100237,89727,1663,91390,1223
2020-11-26,San Diego,073,3302833,84071,76359,3081,79440,996
2020-11-26,San Francisco,075,870044,15881,15156,98,15254,153
2020-11-26,San Joaquin,077,732212,27288,25738,526,26264,509
2020-11-26,San Luis Obispo,079,281455,6568,5964,101,6065,36
2020-11-26,San Mateo,081,765935,14916,13715,16,13731,169
2020-11-26,Santa Barbara,083,443738,11788,11277,200,11477,139
2020-11-26,Santa Clara,085,1922200,36934,32411,87,32498,446
2020-11-26,Santa Cruz,087,273765,4812,4269,59,4328,26
2020-11-26,Shasta,089,179085,5552,4712,198,4910,43
2020-11-26,Sierra,091,2930,18,15,0,15,0
2020-11-26,Siskiyou,093,43540,674,526,31,557,1
2020-11-26,Solano,095,438530,10833,9941,68,10009,87
2020-11-26,Sonoma,097,501317,12702,11922,58,11980,162
2020-11-26,Stanislaus,099,539301,22516,21186,1426,22612,445
2020-11-26,Sutter,101,95872,3612,3101,11,3112,15
2020-11-26,Tehama,103,63373,1793,1612,36,1648,9
2020-11-26,Trinity,105,12862,278,139,25,164,0
2020-11-26,Tulare,107,460477,22130,20649,1440,22089,319
2020-11-26,Tuolumne,109,53932,1115,871,8,879,7
2020-11-26,Ventura,111,848112,20895,19058,646,19704,179
2020-11-26,Yolo,113,214977,5111,4566,16,4582,76
2020-11-26,Yuba,115,75493,2111,1865,9,1874,10
2020-11-25,Alameda,001,1643700,30796,28378,339,28717,447
2020-11-25,Alpine,003,1148,51,41,0,41,0
2020-11-25,Amador,005,37829,579,484,1,485,16
2020-11-25,Butte,007,227075,4231,3848,241,4089,64
2020-11-25,Calaveras,009,45235,503,475,0,475,21
2020-11-25,Colusa,011,21464,772,693,4,697,6
2020-11-25,Contra Costa,013,1133247,24855,23307,160,23467,263
2020-11-25,Del Norte,015,27424,367,304,0,304,2
2020-11-25,El Dorado,017,186661,2823,2154,42,2196,4
2020-11-25,Fresno,019,978130,42588,37349,1427,38776,494
2020-11-25,Glenn,021,27897,1005,891,42,933,4
2020-11-25,Humboldt,023,135768,922,777,2,779,9
2020-11-25,Imperial,025,180216,16500,15640,91,15731,355
2020-11-25,Inyo,027,18085,310,289,5,294,15
2020-11-25,Kern,029,883053,41820,38878,1223,40101,467
2020-11-25,Kings,031,150075,11709,10417,156,10573,85
2020-11-25,Lake,033,64148,1005,878,0,878,18
2020-11-25,Lassen,035,31185,2196,1701,8,1709,0
2020-11-25,Los Angeles,037,10098052,401875,373919,6091,380010,7545
2020-11-25,Madera,039,155013,6587,5989,149,6138,57
2020-11-25,Marin,041,260295,7832,7601,29,7630,135
2020-11-25,Mariposa,043,17540,136,114,2,116,2
2020-11-25,Mendocino,045,87422,1536,1373,7,1380,22
2020-11-25,Merced,047,269075,12102,11346,107,11453,172
2020-11-25,Modoc,049,8938,121,96,21,117,0
2020-11-25,Mono,051,14174,537,487,10,497,2
2020-11-25,Monterey,053,433212,15799,14695,269,14964,113
2020-11-25,Napa,055,140530,3337,2945,16,2961,17
2020-11-25,Nevada,057,99092,1461,1170,34,1204,9
2020-11-25,Orange,059,3164182,81432,73014,2436,75450,1551
2020-11-25,Placer,061,380077,7566,6221,141,6362,68
2020-11-25,Plumas,063,18699,221,183,0,183,0
2020-11-25,Riverside,065,2383286,93983,85077,1838,86915,1438
2020-11-25,Sacramento,067,1510023,38325,35687,135,35822,574
2020-11-25,San Benito,069,59416,1896,1764,13,1777,15
2020-11-25,San Bernardino,071,2135413,99395,88469,1634,90103,1225
2020-11-25,San Diego,073,3302833,83414,75307,3045,78352,988
2020-11-25,San Francisco,075,870044,15774,15053,96,15149,153
2020-11-25,San Joaquin,077,732212,27160,25556,514,26070,515
2020-11-25,San Luis Obispo,079,281455,6525,5913,101,6014,34
2020-11-25,San Mateo,081,765935,14801,13614,16,13630,170
2020-11-25,Santa Barbara,083,443738,11738,11183,200,11383,138
2020-11-25,Santa Clara,085,1922200,36485,32032,86,32118,442
2020-11-25,Santa Cruz,087,273765,4759,4202,58,4260,25
2020-11-25,Shasta,089,179085,5506,4588,191,4779,43
2020-11-25,Sierra,091,2930,18,15,0,15,0
2020-11-25,Siskiyou,093,43540,667,499,31,530,1
2020-11-25,Solano,095,438530,10728,9832,67,9899,87
2020-11-25,Sonoma,097,501317,12640,11775,57,11832,162
2020-11-25,Stanislaus,099,539301,22384,21022,1399,22421,445
2020-11-25,Sutter,101,95872,3568,3064,11,3075,14
2020-11-25,Tehama,103,63373,1780,1587,30,1617,9
2020-11-25,Trinity,105,12862,276,135,25,160,0
2020-11-25,Tulare,107,460477,22039,20528,1410,21938,318
2020-11-25,Tuolumne,109,53932,1098,842,8,850,7
2020-11-25,Ventura,111,848112,20800,18914,640,19554,179
2020-11-25,Yolo,113,214977,5074,4527,16,4543,76
2020-11-25,Yuba,115,75493,2085,1840,9,1849,10
2020-11-24,Alameda,001,1643700,30320,28030,328,28358,444
2020-11-24,Alpine,003,1148,51,41,0,41,0
2020-11-24,Amador,005,37829,554,470,1,471,16
2020-11-24,Butte,007,227075,4145,3798,233,4031,63
2020-11-24,Calaveras,009,45235,497,466,0,466,21
2020-11-24,Colusa,011,21464,754,682,4,686,6
2020-11-24,Contra Costa,013,1133247,24502,23072,154,23226,259
2020-11-24,Del Norte,015,27424,358,298,0,298,2
2020-11-24,El Dorado,017,186661,2718,2005,41,2046,4
2020-11-24,Fresno,019,978130,42185,37021,1352,38373,493
2020-11-24,Glenn,021,27897,987,883,38,921,4
2020-11-24,Humboldt,023,135768,903,774,2,776,9
2020-11-24,Imperial,025,180216,16396,15600,86,15686,355
2020-11-24,Inyo,027,18085,309,282,5,287,15
2020-11-24,Kern,029,883053,41346,38551,1147,39698,465
2020-11-24,Kings,031,150075,11442,10338,143,10481,85
2020-11-24,Lake,033,64148,988,872,0,872,18
2020-11-24,Lassen,035,31185,2173,1657,8,1665,0
2020-11-24,Los Angeles,037,10098052,395565,370008,5860,375868,7501
2020-11-24,Madera,039,155013,6504,5881,142,6023,57
2020-11-24,Marin,041,260295,7785,7591,29,7620,135
2020-11-24,Mariposa,043,17540,126,114,1,115,2
2020-11-24,Mendocino,045,87422,1514,1346,6,1352,22
2020-11-24,Merced,047,269075,11914,11268,101,11369,171
2020-11-24,Modoc,049,8938,117,91,21,112,0
2020-11-24,Mono,051,14174,533,483,10,493,2
2020-11-24,Monterey,053,433212,15537,14354,260,14614,113
2020-11-24,Napa,055,140530,3270,2904,16,2920,17
2020-11-24,Nevada,057,99092,1397,1156,32,1188,9
2020-11-24,Orange,059,3164182,79991,71975,2359,74334,1547
2020-11-24,Placer,061,380077,7386,6147,134,6281,67
2020-11-24,Plumas,063,18699,218,180,0,180,0
2020-11-24,Riverside,065,2383286,92224,83685,1712,85397,1420
2020-11-24,Sacramento,067,1510023,37645,35097,128,35225,568
2020-11-24,San Benito,069,59416,1865,1740,12,1752,15
2020-11-24,San Bernardino,071,2135413,97055,86645,1533,88178,1226
2020-11-24,San Diego,073,3302833,82004,74363,2974,77337,984
2020-11-24,San Francisco,075,870044,15579,14874,92,14966,153
2020-11-24,San Joaquin,077,732212,26847,25318,487,25805,517
2020-11-24,San Luis Obispo,079,281455,6462,5805,100,5905,34
2020-11-24,San Mateo,081,765935,14592,13558,15,13573,170
2020-11-24,Santa Barbara,083,443738,11632,11154,199,11353,138
2020-11-24,Santa Clara,085,1922200,35697,31564,82,31646,438
2020-11-24,Santa Cruz,087,273765,4646,4132,57,4189,25
2020-11-24,Shasta,089,179085,5406,4410,172,4582,43
2020-11-24,Sierra,091,2930,18,15,0,15,0
2020-11-24,Siskiyou,093,43540,649,473,28,501,1
2020-11-24,Solano,095,438530,10556,9716,66,9782,86
2020-11-24,Sonoma,097,501317,12461,11644,54,11698,162
2020-11-24,Stanislaus,099,539301,22142,20830,1356,22186,438
2020-11-24,Sutter,101,95872,3462,2974,11,2985,14
2020-11-24,Tehama,103,63373,1736,1565,25,1590,9
2020-11-24,Trinity,105,12862,269,129,24,153,0
2020-11-24,Tulare,107,460477,21789,20319,1349,21668,315
2020-11-24,Tuolumne,109,53932,1069,832,8,840,7
2020-11-24,Ventura,111,848112,20419,18637,630,19267,179
2020-11-24,Yolo,113,214977,4988,4420,16,4436,76
2020-11-24,Yuba,115,75493,2034,1804,7,1811,10
2020-11-23,Alameda,001,1643700,29903,27718,316,28034,444
2020-11-23,Alpine,003,1148,49,41,0,41,0
2020-11-23,Amador,005,37829,513,457,1,458,16
2020-11-23,Butte,007,227075,4081,3765,227,3992,61
2020-11-23,Calaveras,009,45235,481,434,0,434,21
2020-11-23,Colusa,011,21464,740,662,4,666,6
2020-11-23,Contra Costa,013,1133247,24234,22674,149,22823,260
2020-11-23,Del Norte,015,27424,336,296,0,296,2
2020-11-23,El Dorado,017,186661,2598,2005,40,2045,4
2020-11-23,Fresno,019,978130,41737,36688,1291,37979,488
2020-11-23,Glenn,021,27897,961,853,38,891,4
2020-11-23,Humboldt,023,135768,890,746,2,748,9
2020-11-23,Imperial,025,180216,16233,15104,81,15185,355
2020-11-23,Inyo,027,18085,302,279,5,284,15
2020-11-23,Kern,029,883053,40833,38245,1084,39329,463
2020-11-23,Kings,031,150075,11022,10204,137,10341,85
2020-11-23,Lake,033,64148,965,840,0,840,18
2020-11-23,Lassen,035,31185,2093,1271,7,1278,0
2020-11-23,Los Angeles,037,10098052,389461,366374,5615,371989,7447
2020-11-23,Madera,039,155013,6379,5787,138,5925,56
2020-11-23,Marin,041,260295,7742,7543,29,7572,135
2020-11-23,Mariposa,043,17540,125,97,1,98,2
2020-11-23,Mendocino,045,87422,1484,1330,6,1336,22
2020-11-23,Merced,047,269075,11726,11148,98,11246,169
2020-11-23,Modoc,049,8938,104,91,20,111,0
2020-11-23,Mono,051,14174,520,480,10,490,2
2020-11-23,Monterey,053,433212,15258,14265,254,14519,112
2020-11-23,Napa,055,140530,3203,2811,16,2827,17
2020-11-23,Nevada,057,99092,1308,1087,32,1119,9
2020-11-23,Orange,059,3164182,78586,71074,2315,73389,1546
2020-11-23,Placer,061,380077,7184,5999,133,6132,66
2020-11-23,Plumas,063,18699,214,172,0,172,0
2020-11-23,Riverside,065,2383286,90447,82175,1648,83823,1415
2020-11-23,Sacramento,067,1510023,37074,34141,122,34263,556
2020-11-23,San Benito,069,59416,1837,1729,11,1740,15
2020-11-23,San Bernardino,071,2135413,94947,84387,1469,85856,1224
2020-11-23,San Diego,073,3302833,80541,72817,2886,75703,968
2020-11-23,San Francisco,075,870044,15421,14646,90,14736,153
2020-11-23,San Joaquin,077,732212,26497,24622,483,25105,517
2020-11-23,San Luis Obispo,079,281455,6380,5772,98,5870,34
2020-11-23,San Mateo,081,765935,14402,13364,15,13379,170
2020-11-23,Santa Barbara,083,443738,11525,10944,195,11139,137
2020-11-23,Santa Clara,085,1922200,35043,31064,79,31143,435
2020-11-23,Santa Cruz,087,273765,4536,4003,53,4056,25
2020-11-23,Shasta,089,179085,5288,4100,160,4260,43
2020-11-23,Sierra,091,2930,17,15,0,15,0
2020-11-23,Siskiyou,093,43540,622,460,28,488,0
2020-11-23,Solano,095,438530,10399,9394,63,9457,86
2020-11-23,Sonoma,097,501317,12288,11507,50,11557,160
2020-11-23,Stanislaus,099,539301,21848,20487,1324,21811,436
2020-11-23,Sutter,101,95872,3325,2840,10,2850,14
2020-11-23,Tehama,103,63373,1687,1526,21,1547,9
2020-11-23,Trinity,105,12862,260,120,22,142,0
2020-11-23,Tulare,107,460477,21496,19818,1284,21102,315
2020-11-23,Tuolumne,109,53932,1029,774,8,782,7
2020-11-23,Ventura,111,848112,20044,18480,617,19097,179
2020-11-23,Yolo,113,214977,4907,4265,15,4280,75
2020-11-23,Yuba,115,75493,1967,1702,7,1709,10
2020-11-22,Alameda,001,1643700,29465,27472,305,27777,444
2020-11-22,Alpine,003,1148,46,41,0,41,0
2020-11-22,Amador,005,37829,501,450,1,451,16
2020-11-22,Butte,007,227075,4031,3712,219,3931,61
2020-11-22,Calaveras,009,45235,473,434,0,434,21
2020-11-22,Colusa,011,21464,722,642,3,645,6
2020-11-22,Contra Costa,013,1133247,23929,22407,144,22551,260
2020-11-22,Del Norte,015,27424,312,271,0,271,2
2020-11-22,El Dorado,017,186661,2488,1917,36,1953,4
2020-11-22,Fresno,019,978130,41253,36315,1236,37551,488
2020-11-22,Glenn,021,27897,939,832,34,866,4
2020-11-22,Humboldt,023,135768,874,729,2,731,9
2020-11-22,Imperial,025,180216,16029,15109,36,15145,355
2020-11-22,Inyo,027,18085,295,279,5,284,15
2020-11-22,Kern,029,883053,40254,37904,1051,38955,463
2020-11-22,Kings,031,150075,10923,10035,128,10163,85
2020-11-22,Lake,033,64148,943,834,0,834,18
2020-11-22,Lassen,035,31185,1928,1211,6,1217,0
2020-11-22,Los Angeles,037,10098052,383178,360341,5373,365714,7438
2020-11-22,Madera,039,155013,6297,5745,127,5872,56
2020-11-22,Marin,041,260295,7708,7506,28,7534,135
2020-11-22,Mariposa,043,17540,124,95,1,96,2
2020-11-22,Mendocino,045,87422,1460,1285,5,1290,22
2020-11-22,Merced,047,269075,11577,10939,98,11037,169
2020-11-22,Modoc,049,8938,103,87,19,106,0
2020-11-22,Mono,051,14174,505,481,10,491,2
2020-11-22,Monterey,053,433212,15017,13887,249,14136,111
2020-11-22,Napa,055,140530,3124,2778,16,2794,17
2020-11-22,Nevada,057,99092,1250,1052,32,1084,9
2020-11-22,Orange,059,3164182,77171,69913,2277,72190,1546
2020-11-22,Placer,061,380077,6958,5880,123,6003,66
2020-11-22,Plumas,063,18699,201,172,0,172,0
2020-11-22,Riverside,065,2383286,88848,81565,1589,83154,1409
2020-11-22,Sacramento,067,1510023,36340,33421,109,33530,555
2020-11-22,San Benito,069,59416,1808,1704,11,1715,15
2020-11-22,San Bernardino,071,2135413,92608,83505,1399,84904,1224
2020-11-22,San Diego,073,3302833,78804,71649,2811,74460,968
2020-11-22,San Francisco,075,870044,15251,14515,89,14604,153
2020-11-22,San Joaquin,077,732212,26197,24619,471,25090,517
2020-11-22,San Luis Obispo,079,281455,6273,5664,97,5761,34
2020-11-22,San Mateo,081,765935,14197,13228,15,13243,170
2020-11-22,Santa Barbara,083,443738,11390,10946,190,11136,137
2020-11-22,Santa Clara,085,1922200,34365,30633,77,30710,434
2020-11-22,Santa Cruz,087,273765,4454,3896,46,3942,25
2020-11-22,Shasta,089,179085,5132,4100,142,4242,43
2020-11-22,Sierra,091,2930,17,13,0,13,0
2020-11-22,Siskiyou,093,43540,591,411,28,439,0
2020-11-22,Solano,095,438530,10225,9363,59,9422,86
2020-11-22,Sonoma,097,501317,12130,11415,48,11463,159
2020-11-22,Stanislaus,099,539301,21523,20223,1294,21517,436
2020-11-22,Sutter,101,95872,3208,2677,10,2687,13
2020-11-22,Tehama,103,63373,1650,1457,17,1474,9
2020-11-22,Trinity,105,12862,254,114,22,136,0
2020-11-22,Tulare,107,460477,21243,19818,1218,21036,314
2020-11-22,Tuolumne,109,53932,1003,689,8,697,7
2020-11-22,Ventura,111,848112,19683,18105,604,18709,179
2020-11-22,Yolo,113,214977,4807,4206,15,4221,75
2020-11-22,Yuba,115,75493,1914,1672,7,1679,10
2020-11-21,Alameda,001,1643700,29278,27424,303,27727,444
2020-11-21,Alpine,003,1148,46,41,0,41,0
2020-11-21,Amador,005,37829,487,450,1,451,16
2020-11-21,Butte,007,227075,3983,3664,216,3880,61
2020-11-21,Calaveras,009,45235,465,434,0,434,21
2020-11-21,Colusa,011,21464,713,642,3,645,6
2020-11-21,Contra Costa,013,1133247,23775,22338,142,22480,260
2020-11-21,Del Norte,015,27424,307,271,0,271,2
2020-11-21,El Dorado,017,186661,2439,1900,35,1935,4
2020-11-21,Fresno,019,978130,40998,35973,1201,37174,482
2020-11-21,Glenn,021,27897,934,829,32,861,4
2020-11-21,Humboldt,023,135768,864,728,2,730,9
2020-11-21,Imperial,025,180216,15949,15053,36,15089,355
2020-11-21,Inyo,027,18085,293,283,5,288,15
2020-11-21,Kern,029,883053,39998,37403,1016,38419,463
2020-11-21,Kings,031,150075,10875,10019,124,10143,85
2020-11-21,Lake,033,64148,930,832,0,832,18
2020-11-21,Lassen,035,31185,1861,1211,6,1217,0
2020-11-21,Los Angeles,037,10098052,379993,357754,5233,362987,7428
2020-11-21,Madera,039,155013,6259,5706,127,5833,56
2020-11-21,Marin,041,260295,7685,7488,27,7515,134
2020-11-21,Mariposa,043,17540,124,92,1,93,2
2020-11-21,Mendocino,045,87422,1429,1282,5,1287,22
2020-11-21,Merced,047,269075,11516,10849,97,10946,169
2020-11-21,Modoc,049,8938,99,87,18,105,0
2020-11-21,Mono,051,14174,500,469,10,479,2
2020-11-21,Monterey,053,433212,14919,13886,244,14130,110
2020-11-21,Napa,055,140530,3090,2757,16,2773,17
2020-11-21,Nevada,057,99092,1238,1018,31,1049,9
2020-11-21,Orange,059,3164182,76369,69021,2247,71268,1543
2020-11-21,Placer,061,380077,6843,5778,120,5898,65
2020-11-21,Plumas,063,18699,196,172,0,172,0
2020-11-21,Riverside,065,2383286,88071,80676,1543,82219,1407
2020-11-21,Sacramento,067,1510023,35944,33133,101,33234,548
2020-11-21,San Benito,069,59416,1789,1691,11,1702,15
2020-11-21,San Bernardino,071,2135413,91731,83206,1323,84529,1222
2020-11-21,San Diego,073,3302833,78025,70711,2756,73467,966
2020-11-21,San Francisco,075,870044,15147,14445,88,14533,153
2020-11-21,San Joaquin,077,732212,26064,24620,456,25076,517
2020-11-21,San Luis Obispo,079,281455,6220,5618,94,5712,34
2020-11-21,San Mateo,081,765935,14096,13138,15,13153,170
2020-11-21,Santa Barbara,083,443738,11338,10922,187,11109,137
2020-11-21,Santa Clara,085,1922200,33981,30377,74,30451,433
2020-11-21,Santa Cruz,087,273765,4397,3898,46,3944,25
2020-11-21,Shasta,089,179085,5059,4095,139,4234,42
2020-11-21,Sierra,091,2930,17,13,0,13,0
2020-11-21,Siskiyou,093,43540,575,403,28,431,0
2020-11-21,Solano,095,438530,10135,9290,56,9346,86
2020-11-21,Sonoma,097,501317,12055,11394,47,11441,158
2020-11-21,Stanislaus,099,539301,21380,20111,1270,21381,435
2020-11-21,Sutter,101,95872,3148,2615,9,2624,13
2020-11-21,Tehama,103,63373,1630,1435,16,1451,9
2020-11-21,Trinity,105,12862,251,110,22,132,0
2020-11-21,Tulare,107,460477,21116,19752,1184,20936,313
2020-11-21,Tuolumne,109,53932,984,690,8,698,7
2020-11-21,Ventura,111,848112,19520,18040,594,18634,177
2020-11-21,Yolo,113,214977,4733,4147,14,4161,75
2020-11-21,Yuba,115,75493,1882,1643,7,1650,10
2020-11-20,Alameda,001,1643700,29064,27221,296,27517,444
2020-11-20,Alpine,003,1148,46,20,0,20,0
2020-11-20,Amador,005,37829,483,446,1,447,16
2020-11-20,Butte,007,227075,3951,3618,212,3830,60
2020-11-20,Calaveras,009,45235,455,424,0,424,21
2020-11-20,Colusa,011,21464,705,631,2,633,6
2020-11-20,Contra Costa,013,1133247,23590,22116,138,22254,260
2020-11-20,Del Norte,015,27424,304,264,0,264,2
2020-11-20,El Dorado,017,186661,2342,1868,33,1901,4
2020-11-20,Fresno,019,978130,40704,35635,1172,36807,480
2020-11-20,Glenn,021,27897,922,826,30,856,4
2020-11-20,Humboldt,023,135768,855,714,1,715,9
2020-11-20,Imperial,025,180216,15885,14864,32,14896,353
2020-11-20,Inyo,027,18085,291,262,5,267,15
2020-11-20,Kern,029,883053,39704,37143,991,38134,462
2020-11-20,Kings,031,150075,10827,9903,123,10026,85
2020-11-20,Lake,033,64148,921,820,0,820,18
2020-11-20,Lassen,035,31185,1776,1212,5,1217,0
2020-11-20,Los Angeles,037,10098052,376096,353554,5072,358626,7398
2020-11-20,Madera,039,155013,6165,5635,126,5761,54
2020-11-20,Marin,041,260295,7661,7467,26,7493,134
2020-11-20,Mariposa,043,17540,116,89,1,90,2
2020-11-20,Mendocino,045,87422,1409,1269,5,1274,22
2020-11-20,Merced,047,269075,11431,10729,97,10826,167
2020-11-20,Modoc,049,8938,99,83,18,101,0
2020-11-20,Mono,051,14174,498,469,10,479,2
2020-11-20,Monterey,053,433212,14794,13738,235,13973,110
2020-11-20,Napa,055,140530,3060,2718,16,2734,17
2020-11-20,Nevada,057,99092,1220,990,30,1020,9
2020-11-20,Orange,059,3164182,75534,68212,2210,70422,1532
2020-11-20,Placer,061,380077,6708,5687,105,5792,66
2020-11-20,Plumas,063,18699,194,163,0,163,0
2020-11-20,Riverside,065,2383286,87059,79613,1483,81096,1405
2020-11-20,Sacramento,067,1510023,35568,32832,94,32926,549
2020-11-20,San Benito,069,59416,1777,1668,11,1679,15
2020-11-20,San Bernardino,071,2135413,90361,81203,1241,82444,1220
2020-11-20,San Diego,073,3302833,77027,69233,2674,71907,960
2020-11-20,San Francisco,075,870044,15044,14327,87,14414,153
2020-11-20,San Joaquin,077,732212,25911,24460,443,24903,515
2020-11-20,San Luis Obispo,079,281455,6165,5524,91,5615,34
2020-11-20,San Mateo,081,765935,13963,12980,14,12994,169
2020-11-20,Santa Barbara,083,443738,11282,10825,181,11006,136
2020-11-20,Santa Clara,085,1922200,33560,30002,69,30071,431
2020-11-20,Santa Cruz,087,273765,4332,3815,46,3861,25
2020-11-20,Shasta,089,179085,4986,3861,134,3995,42
2020-11-20,Sierra,091,2930,17,12,0,12,0
2020-11-20,Siskiyou,093,43540,561,387,27,414,0
2020-11-20,Solano,095,438530,10042,9216,54,9270,85
2020-11-20,Sonoma,097,501317,11971,11316,46,11362,158
2020-11-20,Stanislaus,099,539301,21223,19889,1244,21133,433
2020-11-20,Sutter,101,95872,3098,2580,9,2589,13
2020-11-20,Tehama,103,63373,1613,1410,13,1423,9
2020-11-20,Trinity,105,12862,250,102,22,124,0
2020-11-20,Tulare,107,460477,20983,19568,1146,20714,311
2020-11-20,Tuolumne,109,53932,945,662,8,670,7
2020-11-20,Ventura,111,848112,19352,17741,567,18308,175
2020-11-20,Yolo,113,214977,4654,4081,13,4094,74
2020-11-20,Yuba,115,75493,1854,1611,7,1618,10
2020-11-19,Alameda,001,1643700,28718,26971,288,27259,441
2020-11-19,Alpine,003,1148,43,20,0,20,0
2020-11-19,Amador,005,37829,479,436,1,437,16
2020-11-19,Butte,007,227075,3902,3576,204,3780,60
2020-11-19,Calaveras,009,45235,444,417,0,417,21
2020-11-19,Colusa,011,21464,687,621,2,623,6
2020-11-19,Contra Costa,013,1133247,23319,21886,135,22021,259
2020-11-19,Del Norte,015,27424,296,251,0,251,2
2020-11-19,El Dorado,017,186661,2268,1825,29,1854,4
2020-11-19,Fresno,019,978130,40254,35278,1116,36394,478
2020-11-19,Glenn,021,27897,900,806,29,835,4
2020-11-19,Humboldt,023,135768,835,693,1,694,9
2020-11-19,Imperial,025,180216,15675,14507,32,14539,349
2020-11-19,Inyo,027,18085,289,262,5,267,15
2020-11-19,Kern,029,883053,39284,36779,949,37728,459
2020-11-19,Kings,031,150075,10679,9763,116,9879,85
2020-11-19,Lake,033,64148,907,809,0,809,18
2020-11-19,Lassen,035,31185,1659,1201,3,1204,0
2020-11-19,Los Angeles,037,10098052,371069,349493,4909,354402,7365
2020-11-19,Madera,039,155013,6093,5540,118,5658,54
2020-11-19,Marin,041,260295,7630,7451,26,7477,134
2020-11-19,Mariposa,043,17540,109,88,0,88,2
2020-11-19,Mendocino,045,87422,1388,1237,5,1242,23
2020-11-19,Merced,047,269075,11291,10634,91,10725,167
2020-11-19,Modoc,049,8938,96,82,18,100,0
2020-11-19,Mono,051,14174,490,468,10,478,2
2020-11-19,Monterey,053,433212,14580,13369,224,13593,108
2020-11-19,Napa,055,140530,3006,2641,16,2657,17
2020-11-19,Nevada,057,99092,1179,945,29,974,9
2020-11-19,Orange,059,3164182,74269,66998,2168,69166,1530
2020-11-19,Placer,061,380077,6517,5612,104,5716,65
2020-11-19,Plumas,063,18699,189,158,0,158,0
2020-11-19,Riverside,065,2383286,85576,78535,1412,79947,1402
2020-11-19,Sacramento,067,1510023,35054,32367,92,32459,546
2020-11-19,San Benito,069,59416,1754,1643,11,1654,15
2020-11-19,San Bernardino,071,2135413,88463,79244,1163,80407,1215
2020-11-19,San Diego,073,3302833,75777,68142,2570,70712,952
2020-11-19,San Francisco,075,870044,14888,14178,81,14259,153
2020-11-19,San Joaquin,077,732212,25592,24270,433,24703,516
2020-11-19,San Luis Obispo,079,281455,6088,5410,87,5497,34
2020-11-19,San Mateo,081,765935,13825,12714,14,12728,169
2020-11-19,Santa Barbara,083,443738,11202,10741,178,10919,136
2020-11-19,Santa Clara,085,1922200,33006,29630,68,29698,424
2020-11-19,Santa Cruz,087,273765,4240,3679,44,3723,25
2020-11-19,Shasta,089,179085,4848,3685,124,3809,42
2020-11-19,Sierra,091,2930,17,11,0,11,0
2020-11-19,Siskiyou,093,43540,536,360,26,386,0
2020-11-19,Solano,095,438530,9905,9093,50,9143,84
2020-11-19,Sonoma,097,501317,11801,11205,44,11249,156
2020-11-19,Stanislaus,099,539301,20982,19736,1201,20937,433
2020-11-19,Sutter,101,95872,2999,2509,9,2518,13
2020-11-19,Tehama,103,63373,1578,1373,10,1383,9
2020-11-19,Trinity,105,12862,244,97,22,119,0
2020-11-19,Tulare,107,460477,20762,19384,1083,20467,304
2020-11-19,Tuolumne,109,53932,914,602,8,610,7
2020-11-19,Ventura,111,848112,18999,17300,554,17854,174
2020-11-19,Yolo,113,214977,4560,3973,13,3986,72
2020-11-19,Yuba,115,75493,1814,1568,7,1575,10
2020-11-18,Alameda,001,1643700,28454,26610,283,26893,440
2020-11-18,Alpine,003,1148,42,16,0,16,0
2020-11-18,Amador,005,37829,474,430,1,431,16
2020-11-18,Butte,007,227075,3849,3537,191,3728,59
2020-11-18,Calaveras,009,45235,438,409,0,409,21
2020-11-18,Colusa,011,21464,674,611,2,613,6
2020-11-18,Contra Costa,013,1133247,23055,21685,132,21817,258
2020-11-18,Del Norte,015,27424,284,240,0,240,2
2020-11-18,El Dorado,017,186661,2180,1799,28,1827,4
2020-11-18,Fresno,019,978130,39815,34997,1067,36064,474
2020-11-18,Glenn,021,27897,883,803,27,830,4
2020-11-18,Humboldt,023,135768,820,690,1,691,9
2020-11-18,Imperial,025,180216,15449,14428,32,14460,348
2020-11-18,Inyo,027,18085,287,262,5,267,15
2020-11-18,Kern,029,883053,38894,36537,900,37437,456
2020-11-18,Kings,031,150075,10531,9696,113,9809,85
2020-11-18,Lake,033,64148,895,802,0,802,18
2020-11-18,Lassen,035,31185,1559,1124,3,1127,0
2020-11-18,Los Angeles,037,10098052,366192,344675,4731,349406,7338
2020-11-18,Madera,039,155013,6006,5519,106,5625,54
2020-11-18,Marin,041,260295,7606,7435,26,7461,134
2020-11-18,Mariposa,043,17540,106,88,0,88,2
2020-11-18,Mendocino,045,87422,1368,1237,5,1242,23
2020-11-18,Merced,047,269075,11175,10536,90,10626,166
2020-11-18,Modoc,049,8938,93,77,18,95,0
2020-11-18,Mono,051,14174,485,468,10,478,2
2020-11-18,Monterey,053,433212,14385,13340,210,13550,108
2020-11-18,Napa,055,140530,2961,2607,16,2623,17
2020-11-18,Nevada,057,99092,1139,933,27,960,9
2020-11-18,Orange,059,3164182,73174,66381,2143,68524,1521
2020-11-18,Placer,061,380077,6339,5543,99,5642,64
2020-11-18,Plumas,063,18699,184,143,0,143,0
2020-11-18,Riverside,065,2383286,84113,77739,1311,79050,1387
2020-11-18,Sacramento,067,1510023,34429,31816,84,31900,541
2020-11-18,San Benito,069,59416,1729,1632,10,1642,15
2020-11-18,San Bernardino,071,2135413,86704,77400,1084,78484,1206
2020-11-18,San Diego,073,3302833,74483,67243,2510,69753,945
2020-11-18,San Francisco,075,870044,14744,14057,79,14136,153
2020-11-18,San Joaquin,077,732212,25330,24146,419,24565,517
2020-11-18,San Luis Obispo,079,281455,6012,5322,86,5408,34
2020-11-18,San Mateo,081,765935,13672,12631,13,12644,169
2020-11-18,Santa Barbara,083,443738,11123,10684,171,10855,136
2020-11-18,Santa Clara,085,1922200,32540,29285,64,29349,421
2020-11-18,Santa Cruz,087,273765,4151,3618,42,3660,25
2020-11-18,Shasta,089,179085,4714,3547,120,3667,42
2020-11-18,Sierra,091,2930,17,11,0,11,0
2020-11-18,Siskiyou,093,43540,504,351,25,376,0
2020-11-18,Solano,095,438530,9773,8994,48,9042,84
2020-11-18,Sonoma,097,501317,11694,11129,41,11170,155
2020-11-18,Stanislaus,099,539301,20740,19609,1177,20786,431
2020-11-18,Sutter,101,95872,2881,2442,9,2451,13
2020-11-18,Tehama,103,63373,1540,1338,10,1348,8
2020-11-18,Trinity,105,12862,230,95,21,116,0
2020-11-18,Tulare,107,460477,20551,19286,1032,20318,306
2020-11-18,Tuolumne,109,53932,879,590,8,598,7
2020-11-18,Ventura,111,848112,18674,17169,539,17708,173
2020-11-18,Yolo,113,214977,4487,3929,13,3942,71
2020-11-18,Yuba,115,75493,1760,1540,7,1547,10
2020-11-17,Alameda,001,1643700,28127,26425,272,26697,439
2020-11-17,Alpine,003,1148,40,12,0,12,0
2020-11-17,Amador,005,37829,463,423,1,424,16
2020-11-17,Butte,007,227075,3807,3500,180,3680,59
2020-11-17,Calaveras,009,45235,421,405,0,405,21
2020-11-17,Colusa,011,21464,663,606,1,607,6
2020-11-17,Contra Costa,013,1133247,22784,21557,127,21684,256
2020-11-17,Del Norte,015,27424,278,233,0,233,2
2020-11-17,El Dorado,017,186661,2121,1758,28,1786,4
2020-11-17,Fresno,019,978130,39215,34765,1008,35773,472
2020-11-17,Glenn,021,27897,872,795,26,821,4
2020-11-17,Humboldt,023,135768,798,685,1,686,9
2020-11-17,Imperial,025,180216,15211,14204,30,14234,346
2020-11-17,Inyo,027,18085,286,263,5,268,15
2020-11-17,Kern,029,883053,38445,36164,847,37011,455
2020-11-17,Kings,031,150075,10458,9653,105,9758,85
2020-11-17,Lake,033,64148,875,792,0,792,18
2020-11-17,Lassen,035,31185,1480,1124,3,1127,0
2020-11-17,Los Angeles,037,10098052,361240,340933,4573,345506,7302
2020-11-17,Madera,039,155013,5918,5485,99,5584,54
2020-11-17,Marin,041,260295,7574,7404,25,7429,134
2020-11-17,Mariposa,043,17540,103,87,0,87,2
2020-11-17,Mendocino,045,87422,1347,1216,5,1221,23
2020-11-17,Merced,047,269075,11031,10457,84,10541,162
2020-11-17,Modoc,049,8938,87,71,17,88,0
2020-11-17,Mono,051,14174,480,459,10,469,2
2020-11-17,Monterey,053,433212,14156,13220,200,13420,108
2020-11-17,Napa,055,140530,2907,2568,16,2584,17
2020-11-17,Nevada,057,99092,1098,918,26,944,9
2020-11-17,Orange,059,3164182,72023,65757,2117,67874,1519
2020-11-17,Placer,061,380077,6177,5435,93,5528,63
2020-11-17,Plumas,063,18699,176,142,0,142,0
2020-11-17,Riverside,065,2383286,82727,77079,1220,78299,1379
2020-11-17,Sacramento,067,1510023,33831,31341,80,31421,538
2020-11-17,San Benito,069,59416,1713,1611,4,1615,15
2020-11-17,San Bernardino,071,2135413,84895,76134,995,77129,1188
2020-11-17,San Diego,073,3302833,73230,66321,2454,68775,933
2020-11-17,San Francisco,075,870044,14578,13952,78,14030,153
2020-11-17,San Joaquin,077,732212,25054,23997,399,24396,516
2020-11-17,San Luis Obispo,079,281455,5916,5235,86,5321,34
2020-11-17,San Mateo,081,765935,13512,12491,12,12503,169
2020-11-17,Santa Barbara,083,443738,11038,10597,166,10763,136
2020-11-17,Santa Clara,085,1922200,31992,29013,63,29076,419
2020-11-17,Santa Cruz,087,273765,4065,3548,39,3587,25
2020-11-17,Shasta,089,179085,4556,3457,108,3565,40
2020-11-17,Sierra,091,2930,15,11,0,11,0
2020-11-17,Siskiyou,093,43540,456,333,24,357,0
2020-11-17,Solano,095,438530,9628,8905,47,8952,84
2020-11-17,Sonoma,097,501317,11560,11084,40,11124,155
2020-11-17,Stanislaus,099,539301,20517,19466,1150,20616,425
2020-11-17,Sutter,101,95872,2798,2370,8,2378,12
2020-11-17,Tehama,103,63373,1487,1290,10,1300,7
2020-11-17,Trinity,105,12862,213,83,21,104,0
2020-11-17,Tulare,107,460477,20323,19176,971,20147,305
2020-11-17,Tuolumne,109,53932,840,568,8,576,7
2020-11-17,Ventura,111,848112,18402,16797,521,17318,173
2020-11-17,Yolo,113,214977,4311,3887,12,3899,70
2020-11-17,Yuba,115,75493,1712,1519,7,1526,10
2020-11-16,Alameda,001,1643700,27780,26063,267,26330,436
2020-11-16,Alpine,003,1148,37,12,0,12,0
2020-11-16,Amador,005,37829,455,414,1,415,16
2020-11-16,Butte,007,227075,3768,3490,172,3662,58
2020-11-16,Calaveras,009,45235,413,402,0,402,21
2020-11-16,Colusa,011,21464,654,601,1,602,6
2020-11-16,Contra Costa,013,1133247,22518,21386,122,21508,256
2020-11-16,Del Norte,015,27424,271,225,0,225,2
2020-11-16,El Dorado,017,186661,2061,1694,26,1720,4
2020-11-16,Fresno,019,978130,38725,34593,956,35549,471
2020-11-16,Glenn,021,27897,860,786,25,811,4
2020-11-16,Humboldt,023,135768,782,660,1,661,9
2020-11-16,Imperial,025,180216,14963,14111,30,14141,346
2020-11-16,Inyo,027,18085,283,263,5,268,15
2020-11-16,Kern,029,883053,38050,36049,805,36854,455
2020-11-16,Kings,031,150075,10191,9569,101,9670,85
2020-11-16,Lake,033,64148,864,784,0,784,18
2020-11-16,Lassen,035,31185,1299,1124,3,1127,0
2020-11-16,Los Angeles,037,10098052,356484,338778,4405,343183,7277
2020-11-16,Madera,039,155013,5833,5433,93,5526,54
2020-11-16,Marin,041,260295,7543,7359,24,7383,134
2020-11-16,Mariposa,043,17540,100,86,0,86,2
2020-11-16,Mendocino,045,87422,1322,1209,5,1214,23
2020-11-16,Merced,047,269075,10892,10399,81,10480,162
2020-11-16,Modoc,049,8938,85,71,17,88,0
2020-11-16,Mono,051,14174,478,453,10,463,2
2020-11-16,Monterey,053,433212,13910,13089,190,13279,107
2020-11-16,Napa,055,140530,2833,2536,16,2552,17
2020-11-16,Nevada,057,99092,1055,889,24,913,9
2020-11-16,Orange,059,3164182,70928,65396,2103,67499,1519
2020-11-16,Placer,061,380077,6058,5387,85,5472,63
2020-11-16,Plumas,063,18699,169,127,0,127,0
2020-11-16,Riverside,065,2383286,81352,76449,1156,77605,1379
2020-11-16,Sacramento,067,1510023,33193,30954,73,31027,534
2020-11-16,San Benito,069,59416,1695,1603,3,1606,15
2020-11-16,San Bernardino,071,2135413,83069,74401,929,75330,1186
2020-11-16,San Diego,073,3302833,71919,65603,2382,67985,926
2020-11-16,San Francisco,075,870044,14420,13847,76,13923,153
2020-11-16,San Joaquin,077,732212,24765,23515,389,23904,513
2020-11-16,San Luis Obispo,079,281455,5813,5161,82,5243,34
2020-11-16,San Mateo,081,765935,13352,12398,12,12410,169
2020-11-16,Santa Barbara,083,443738,10973,10565,162,10727,135
2020-11-16,Santa Clara,085,1922200,31430,28673,62,28735,419
2020-11-16,Santa Cruz,087,273765,3992,3520,39,3559,25
2020-11-16,Shasta,089,179085,4408,3284,103,3387,37
2020-11-16,Sierra,091,2930,15,11,0,11,0
2020-11-16,Siskiyou,093,43540,429,294,24,318,0
2020-11-16,Solano,095,438530,9429,8827,47,8874,84
2020-11-16,Sonoma,097,501317,11469,10961,39,11000,155
2020-11-16,Stanislaus,099,539301,20280,19333,1123,20456,425
2020-11-16,Sutter,101,95872,2692,2322,8,2330,12
2020-11-16,Tehama,103,63373,1442,1261,7,1268,7
2020-11-16,Trinity,105,12862,201,67,21,88,0
2020-11-16,Tulare,107,460477,20145,18891,918,19809,305
2020-11-16,Tuolumne,109,53932,803,543,8,551,7
2020-11-16,Ventura,111,848112,18064,16691,513,17204,172
2020-11-16,Yolo,113,214977,4216,3858,12,3870,70
2020-11-16,Yuba,115,75493,1676,1500,6,1506,10
2020-11-15,Alameda,001,1643700,27463,25879,262,26141,436
2020-11-15,Alpine,003,1148,35,12,0,12,0
2020-11-15,Amador,005,37829,443,409,1,410,16
2020-11-15,Butte,007,227075,3714,3452,163,3615,58
2020-11-15,Calaveras,009,45235,398,386,0,386,21
2020-11-15,Colusa,011,21464,645,601,1,602,6
2020-11-15,Contra Costa,013,1133247,22220,21179,121,21300,256
2020-11-15,Del Norte,015,27424,257,224,0,224,2
2020-11-15,El Dorado,017,186661,1999,1683,25,1708,4
2020-11-15,Fresno,019,978130,38214,34297,918,35215,471
2020-11-15,Glenn,021,27897,848,783,24,807,4
2020-11-15,Humboldt,023,135768,754,653,1,654,9
2020-11-15,Imperial,025,180216,14728,13940,30,13970,346
2020-11-15,Inyo,027,18085,273,263,5,268,15
2020-11-15,Kern,029,883053,37644,35911,770,36681,455
2020-11-15,Kings,031,150075,9998,9533,98,9631,85
2020-11-15,Lake,033,64148,854,777,0,777,17
2020-11-15,Lassen,035,31185,1252,1124,3,1127,0
2020-11-15,Los Angeles,037,10098052,351436,336035,4237,340272,7271
2020-11-15,Madera,039,155013,5735,5391,87,5478,54
2020-11-15,Marin,041,260295,7516,7347,24,7371,133
2020-11-15,Mariposa,043,17540,97,86,0,86,2
2020-11-15,Mendocino,045,87422,1303,1197,5,1202,22
2020-11-15,Merced,047,269075,10759,10350,81,10431,162
2020-11-15,Modoc,049,8938,84,68,17,85,0
2020-11-15,Mono,051,14174,476,453,10,463,2
2020-11-15,Monterey,053,433212,13714,12999,177,13176,107
2020-11-15,Napa,055,140530,2774,2509,14,2523,17
2020-11-15,Nevada,057,99092,999,859,24,883,9
2020-11-15,Orange,059,3164182,69884,65008,2087,67095,1519
2020-11-15,Placer,061,380077,5903,5330,77,5407,63
2020-11-15,Plumas,063,18699,163,127,0,127,0
2020-11-15,Riverside,065,2383286,80030,75531,1098,76629,1374
2020-11-15,Sacramento,067,1510023,32567,30601,68,30669,534
2020-11-15,San Benito,069,59416,1670,1589,2,1591,15
2020-11-15,San Bernardino,071,2135413,80920,73769,854,74623,1185
2020-11-15,San Diego,073,3302833,70418,64770,2325,67095,926
2020-11-15,San Francisco,075,870044,14244,13757,75,13832,153
2020-11-15,San Joaquin,077,732212,24555,23516,374,23890,513
2020-11-15,San Luis Obispo,079,281455,5692,5120,80,5200,34
2020-11-15,San Mateo,081,765935,13175,12348,12,12360,169
2020-11-15,Santa Barbara,083,443738,10878,10516,160,10676,135
2020-11-15,Santa Clara,085,1922200,30972,28289,61,28350,418
2020-11-15,Santa Cruz,087,273765,3851,3439,38,3477,25
2020-11-15,Shasta,089,179085,4235,3290,94,3384,37
2020-11-15,Sierra,091,2930,15,11,0,11,0
2020-11-15,Siskiyou,093,43540,410,294,24,318,0
2020-11-15,Solano,095,438530,9268,8713,44,8757,84
2020-11-15,Sonoma,097,501317,11351,10833,38,10871,154
2020-11-15,Stanislaus,099,539301,20006,19228,1098,20326,425
2020-11-15,Sutter,101,95872,2602,2230,8,2238,12
2020-11-15,Tehama,103,63373,1391,1222,6,1228,7
2020-11-15,Trinity,105,12862,191,67,19,86,0
2020-11-15,Tulare,107,460477,19927,18891,866,19757,305
2020-11-15,Tuolumne,109,53932,761,486,8,494,7
2020-11-15,Ventura,111,848112,17790,16564,505,17069,172
2020-11-15,Yolo,113,214977,4113,3819,12,3831,67
2020-11-15,Yuba,115,75493,1635,1470,5,1475,10
2020-11-14,Alameda,001,1643700,27196,25714,260,25974,435
2020-11-14,Alpine,003,1148,35,12,0,12,0
2020-11-14,Amador,005,37829,434,404,0,404,16
2020-11-14,Butte,007,227075,3678,3434,149,3583,58
2020-11-14,Calaveras,009,45235,397,386,0,386,21
2020-11-14,Colusa,011,21464,633,601,1,602,6
2020-11-14,Contra Costa,013,1133247,22078,20975,114,21089,256
2020-11-14,Del Norte,015,27424,250,219,0,219,2
2020-11-14,El Dorado,017,186661,1955,1648,25,1673,4
2020-11-14,Fresno,019,978130,37964,33969,882,34851,471
2020-11-14,Glenn,021,27897,839,772,21,793,3
2020-11-14,Humboldt,023,135768,739,643,1,644,9
2020-11-14,Imperial,025,180216,14635,13932,29,13961,346
2020-11-14,Inyo,027,18085,272,263,5,268,15
2020-11-14,Kern,029,883053,37434,35626,751,36377,454
2020-11-14,Kings,031,150075,9963,9490,95,9585,85
2020-11-14,Lake,033,64148,845,773,0,773,17
2020-11-14,Lassen,035,31185,1238,833,3,836,0
2020-11-14,Los Angeles,037,10098052,348730,333021,4127,337148,7269
2020-11-14,Madera,039,155013,5704,5371,85,5456,54
2020-11-14,Marin,041,260295,7499,7325,24,7349,133
2020-11-14,Mariposa,043,17540,96,86,0,86,2
2020-11-14,Mendocino,045,87422,1287,1181,5,1186,22
2020-11-14,Merced,047,269075,10703,10286,79,10365,161
2020-11-14,Modoc,049,8938,83,64,16,80,0
2020-11-14,Mono,051,14174,476,453,10,463,2
2020-11-14,Monterey,053,433212,13618,12854,167,13021,105
2020-11-14,Napa,055,140530,2740,2473,14,2487,17
2020-11-14,Nevada,057,99092,983,835,24,859,9
2020-11-14,Orange,059,3164182,69262,64340,2076,66416,1517
2020-11-14,Placer,061,380077,5827,5215,71,5286,63
2020-11-14,Plumas,063,18699,158,128,0,128,0
2020-11-14,Riverside,065,2383286,79290,74910,1059,75969,1373
2020-11-14,Sacramento,067,1510023,32241,30298,68,30366,532
2020-11-14,San Benito,069,59416,1655,1573,2,1575,15
2020-11-14,San Bernardino,071,2135413,79985,72868,823,73691,1184
2020-11-14,San Diego,073,3302833,69653,63715,2273,65988,926
2020-11-14,San Francisco,075,870044,14157,13661,74,13735,153
2020-11-14,San Joaquin,077,732212,24462,23516,367,23883,511
2020-11-14,San Luis Obispo,079,281455,5629,5073,75,5148,34
2020-11-14,San Mateo,081,765935,13067,12293,12,12305,169
2020-11-14,Santa Barbara,083,443738,10824,10482,158,10640,135
2020-11-14,Santa Clara,085,1922200,30687,27962,59,28021,416
2020-11-14,Santa Cruz,087,273765,3796,3402,38,3440,25
2020-11-14,Shasta,089,179085,4154,3195,92,3287,37
2020-11-14,Sierra,091,2930,15,11,0,11,0
2020-11-14,Siskiyou,093,43540,397,292,24,316,0
2020-11-14,Solano,095,438530,9189,8655,44,8699,84
2020-11-14,Sonoma,097,501317,11298,10769,38,10807,154
2020-11-14,Stanislaus,099,539301,19863,19068,1076,20144,424
2020-11-14,Sutter,101,95872,2557,2182,8,2190,12
2020-11-14,Tehama,103,63373,1369,1206,5,1211,7
2020-11-14,Trinity,105,12862,186,67,19,86,0
2020-11-14,Tulare,107,460477,19834,18853,838,19691,305
2020-11-14,Tuolumne,109,53932,733,448,8,456,7
2020-11-14,Ventura,111,848112,17644,16297,494,16791,172
2020-11-14,Yolo,113,214977,4069,3765,10,3775,65
2020-11-14,Yuba,115,75493,1606,1453,5,1458,10
2020-11-13,Alameda,001,1643700,26980,25515,255,25770,434
2020-11-13,Alpine,003,1148,35,12,0,12,0
2020-11-13,Amador,005,37829,431,397,0,397,16
2020-11-13,Butte,007,227075,3654,3402,139,3541,58
2020-11-13,Calaveras,009,45235,393,378,0,378,21
2020-11-13,Colusa,011,21464,625,598,1,599,6
2020-11-13,Contra Costa,013,1133247,21904,20799,114,20913,256
2020-11-13,Del Norte,015,27424,247,208,0,208,2
2020-11-13,El Dorado,017,186661,1910,1611,24,1635,4
2020-11-13,Fresno,019,978130,37718,33693,868,34561,470
2020-11-13,Glenn,021,27897,825,755,17,772,3
2020-11-13,Humboldt,023,135768,724,638,1,639,9
2020-11-13,Imperial,025,180216,14564,13790,28,13818,341
2020-11-13,Inyo,027,18085,271,262,5,267,15
2020-11-13,Kern,029,883053,37232,35431,734,36165,453
2020-11-13,Kings,031,150075,9904,9428,94,9522,85
2020-11-13,Lake,033,64148,839,770,0,770,17
2020-11-13,Lassen,035,31185,1229,832,3,835,0
2020-11-13,Los Angeles,037,10098052,345600,329364,4025,333389,7248
2020-11-13,Madera,039,155013,5664,5340,84,5424,54
2020-11-13,Marin,041,260295,7486,7307,23,7330,133
2020-11-13,Mariposa,043,17540,94,86,0,86,2
2020-11-13,Mendocino,045,87422,1275,1173,5,1178,22
2020-11-13,Merced,047,269075,10647,10185,76,10261,159
2020-11-13,Modoc,049,8938,83,63,14,77,0
2020-11-13,Mono,051,14174,476,448,9,457,2
2020-11-13,Monterey,053,433212,13423,12681,155,12836,104
2020-11-13,Napa,055,140530,2701,2440,14,2454,17
2020-11-13,Nevada,057,99092,964,798,24,822,9
2020-11-13,Orange,059,3164182,68662,63804,2056,65860,1514
2020-11-13,Placer,061,380077,5722,5122,65,5187,63
2020-11-13,Plumas,063,18699,152,125,0,125,0
2020-11-13,Riverside,065,2383286,78552,74138,1030,75168,1372
2020-11-13,Sacramento,067,1510023,31922,29787,64,29851,524
2020-11-13,San Benito,069,59416,1643,1553,1,1554,15
2020-11-13,San Bernardino,071,2135413,78937,71895,802,72697,1184
2020-11-13,San Diego,073,3302833,68806,62978,2235,65213,921
2020-11-13,San Francisco,075,870044,14064,13516,72,13588,146
2020-11-13,San Joaquin,077,732212,24367,23314,361,23675,510
2020-11-13,San Luis Obispo,079,281455,5562,4960,72,5032,34
2020-11-13,San Mateo,081,765935,12974,12182,12,12194,169
2020-11-13,Santa Barbara,083,443738,10772,10405,156,10561,134
2020-11-13,Santa Clara,085,1922200,30359,27609,57,27666,415
2020-11-13,Santa Cruz,087,273765,3722,3343,38,3381,25
2020-11-13,Shasta,089,179085,4070,2983,88,3071,37
2020-11-13,Sierra,091,2930,15,11,0,11,0
2020-11-13,Siskiyou,093,43540,392,280,23,303,0
2020-11-13,Solano,095,438530,9099,8525,44,8569,84
2020-11-13,Sonoma,097,501317,11237,10685,36,10721,151
2020-11-13,Stanislaus,099,539301,19737,18936,1049,19985,422
2020-11-13,Sutter,101,95872,2511,2121,7,2128,12
2020-11-13,Tehama,103,63373,1342,1167,5,1172,7
2020-11-13,Trinity,105,12862,184,64,19,83,0
2020-11-13,Tulare,107,460477,19710,18714,798,19512,305
2020-11-13,Tuolumne,109,53932,700,427,8,435,7
2020-11-13,Ventura,111,848112,17498,16172,480,16652,171
2020-11-13,Yolo,113,214977,4018,3716,10,3726,65
2020-11-13,Yuba,115,75493,1579,1435,5,1440,10
2020-11-12,Alameda,001,1643700,26713,25345,255,25600,432
2020-11-12,Alpine,003,1148,34,12,0,12,0
2020-11-12,Amador,005,37829,430,392,0,392,16
2020-11-12,Butte,007,227075,3605,3347,136,3483,58
2020-11-12,Calaveras,009,45235,388,373,0,373,21
2020-11-12,Colusa,011,21464,620,591,1,592,6
2020-11-12,Contra Costa,013,1133247,21695,20619,113,20732,255
2020-11-12,Del Norte,015,27424,239,203,0,203,2
2020-11-12,El Dorado,017,186661,1864,1573,20,1593,4
2020-11-12,Fresno,019,978130,37369,33459,827,34286,468
2020-11-12,Glenn,021,27897,806,727,17,744,3
2020-11-12,Humboldt,023,135768,711,625,1,626,9
2020-11-12,Imperial,025,180216,14399,13619,28,13647,341
2020-11-12,Inyo,027,18085,270,255,5,260,15
2020-11-12,Kern,029,883053,36968,35207,720,35927,451
2020-11-12,Kings,031,150075,9837,9335,93,9428,85
2020-11-12,Lake,033,64148,830,764,0,764,17
2020-11-12,Lassen,035,31185,1160,832,2,834,0
2020-11-12,Los Angeles,037,10098052,341856,327001,3927,330928,7223
2020-11-12,Madera,039,155013,5629,5273,80,5353,54
2020-11-12,Marin,041,260295,7457,7268,23,7291,133
2020-11-12,Mariposa,043,17540,92,84,0,84,2
2020-11-12,Mendocino,045,87422,1256,1142,5,1147,22
2020-11-12,Merced,047,269075,10533,10107,73,10180,158
2020-11-12,Modoc,049,8938,83,63,14,77,0
2020-11-12,Mono,051,14174,475,442,9,451,2
2020-11-12,Monterey,053,433212,13302,12489,141,12630,100
2020-11-12,Napa,055,140530,2639,2398,14,2412,16
2020-11-12,Nevada,057,99092,942,780,23,803,9
2020-11-12,Orange,059,3164182,67918,63232,2037,65269,1514
2020-11-12,Placer,061,380077,5613,5044,56,5100,62
2020-11-12,Plumas,063,18699,148,121,0,121,0
2020-11-12,Riverside,065,2383286,77621,73381,987,74368,1362
2020-11-12,Sacramento,067,1510023,31431,29459,56,29515,520
2020-11-12,San Benito,069,59416,1623,1525,1,1526,15
2020-11-12,San Bernardino,071,2135413,77571,70758,763,71521,1183
2020-11-12,San Diego,073,3302833,67826,62336,2184,64520,918
2020-11-12,San Francisco,075,870044,13965,13289,71,13360,146
2020-11-12,San Joaquin,077,732212,24173,23002,340,23342,509
2020-11-12,San Luis Obispo,079,281455,5498,4898,71,4969,33
2020-11-12,San Mateo,081,765935,12849,12086,11,12097,169
2020-11-12,Santa Barbara,083,443738,10710,10325,151,10476,134
2020-11-12,Santa Clara,085,1922200,29982,27261,56,27317,414
2020-11-12,Santa Cruz,087,273765,3639,3317,36,3353,25
2020-11-12,Shasta,089,179085,3933,2825,77,2902,37
2020-11-12,Sierra,091,2930,15,11,0,11,0
2020-11-12,Siskiyou,093,43540,375,275,19,294,0
2020-11-12,Solano,095,438530,8999,8417,43,8460,85
2020-11-12,Sonoma,097,501317,11135,10602,35,10637,151
2020-11-12,Stanislaus,099,539301,19567,18787,1020,19807,422
2020-11-12,Sutter,101,95872,2428,2075,6,2081,12
2020-11-12,Tehama,103,63373,1314,1117,5,1122,7
2020-11-12,Trinity,105,12862,176,62,18,80,0
2020-11-12,Tulare,107,460477,19597,18545,760,19305,305
2020-11-12,Tuolumne,109,53932,661,353,8,361,7
2020-11-12,Ventura,111,848112,17248,16013,474,16487,158
2020-11-12,Yolo,113,214977,3975,3646,10,3656,63
2020-11-12,Yuba,115,75493,1544,1410,5,1415,10
2020-11-11,Alameda,001,1643700,26469,25140,253,25393,429
2020-11-11,Alpine,003,1148,29,12,0,12,0
2020-11-11,Amador,005,37829,423,389,0,389,16
2020-11-11,Butte,007,227075,3579,3348,123,3471,58
2020-11-11,Calaveras,009,45235,378,373,0,373,21
2020-11-11,Colusa,011,21464,614,591,1,592,6
2020-11-11,Contra Costa,013,1133247,21478,20452,111,20563,255
2020-11-11,Del Norte,015,27424,231,203,0,203,2
2020-11-11,El Dorado,017,186661,1818,1564,19,1583,4
2020-11-11,Fresno,019,978130,37051,33287,792,34079,468
2020-11-11,Glenn,021,27897,790,722,16,738,3
2020-11-11,Humboldt,023,135768,697,623,1,624,9
2020-11-11,Imperial,025,180216,14229,13623,26,13649,340
2020-11-11,Inyo,027,18085,268,255,5,260,15
2020-11-11,Kern,029,883053,36693,35014,703,35717,449
2020-11-11,Kings,031,150075,9731,9263,90,9353,85
2020-11-11,Lake,033,64148,819,763,0,763,17
2020-11-11,Lassen,035,31185,1135,831,2,833,0
2020-11-11,Los Angeles,037,10098052,338488,324567,3844,328411,7220
2020-11-11,Madera,039,155013,5595,5248,79,5327,54
2020-11-11,Marin,041,260295,7435,7268,23,7291,133
2020-11-11,Mariposa,043,17540,92,84,0,84,2
2020-11-11,Mendocino,045,87422,1244,1142,5,1147,22
2020-11-11,Merced,047,269075,10462,10074,71,10145,157
2020-11-11,Modoc,049,8938,79,62,13,75,0
2020-11-11,Mono,051,14174,473,443,9,452,2
2020-11-11,Monterey,053,433212,13159,12417,137,12554,100
2020-11-11,Napa,055,140530,2590,2365,12,2377,15
2020-11-11,Nevada,057,99092,900,741,23,764,9
2020-11-11,Orange,059,3164182,67279,62929,2013,64942,1506
2020-11-11,Placer,061,380077,5529,4981,48,5029,60
2020-11-11,Plumas,063,18699,146,111,0,111,0
2020-11-11,Riverside,065,2383286,76719,72953,941,73894,1361
2020-11-11,Sacramento,067,1510023,30974,28968,54,29022,520
2020-11-11,San Benito,069,59416,1609,1512,1,1513,15
2020-11-11,San Bernardino,071,2135413,76285,70374,737,71111,1182
2020-11-11,San Diego,073,3302833,66891,61746,2123,63869,918
2020-11-11,San Francisco,075,870044,13858,13287,70,13357,146
2020-11-11,San Joaquin,077,732212,24013,23001,335,23336,509
2020-11-11,San Luis Obispo,079,281455,5423,4832,68,4900,33
2020-11-11,San Mateo,081,765935,12735,12008,11,12019,169
2020-11-11,Santa Barbara,083,443738,10644,10278,151,10429,134
2020-11-11,Santa Clara,085,1922200,29631,27075,55,27130,413
2020-11-11,Santa Cruz,087,273765,3571,3247,36,3283,25
2020-11-11,Shasta,089,179085,3810,2766,67,2833,36
2020-11-11,Sierra,091,2930,13,11,0,11,0
2020-11-11,Siskiyou,093,43540,344,261,16,277,0
2020-11-11,Solano,095,438530,8880,8353,41,8394,85
2020-11-11,Sonoma,097,501317,11061,10498,35,10533,150
2020-11-11,Stanislaus,099,539301,19430,18671,990,19661,422
2020-11-11,Sutter,101,95872,2380,2049,5,2054,12
2020-11-11,Tehama,103,63373,1270,1105,4,1109,7
2020-11-11,Trinity,105,12862,165,62,18,80,0
2020-11-11,Tulare,107,460477,19467,18500,730,19230,305
2020-11-11,Tuolumne,109,53932,606,354,7,361,7
2020-11-11,Ventura,111,848112,17033,15801,461,16262,158
2020-11-11,Yolo,113,214977,3924,3606,10,3616,63
2020-11-11,Yuba,115,75493,1529,1400,5,1405,10
2020-11-10,Alameda,001,1643700,26239,25008,250,25258,424
2020-11-10,Alpine,003,1148,29,9,0,9,0
2020-11-10,Amador,005,37829,417,384,0,384,16
2020-11-10,Butte,007,227075,3543,3327,119,3446,58
2020-11-10,Calaveras,009,45235,374,367,0,367,21
2020-11-10,Colusa,011,21464,606,590,1,591,6
2020-11-10,Contra Costa,013,1133247,21272,20326,109,20435,255
2020-11-10,Del Norte,015,27424,225,196,0,196,2
2020-11-10,El Dorado,017,186661,1758,1551,19,1570,4
2020-11-10,Fresno,019,978130,36780,33024,756,33780,465
2020-11-10,Glenn,021,27897,782,719,12,731,3
2020-11-10,Humboldt,023,135768,680,610,1,611,9
2020-11-10,Imperial,025,180216,14099,13570,26,13596,338
2020-11-10,Inyo,027,18085,267,252,5,257,14
2020-11-10,Kern,029,883053,36417,34858,684,35542,448
2020-11-10,Kings,031,150075,9684,9236,83,9319,85
2020-11-10,Lake,033,64148,809,762,0,762,16
2020-11-10,Lassen,035,31185,1120,830,2,832,0
2020-11-10,Los Angeles,037,10098052,335237,322569,3729,326298,7205
2020-11-10,Madera,039,155013,5553,5229,73,5302,54
2020-11-10,Marin,041,260295,7416,7259,23,7282,133
2020-11-10,Mariposa,043,17540,90,84,0,84,2
2020-11-10,Mendocino,045,87422,1236,1137,5,1142,22
2020-11-10,Merced,047,269075,10400,9992,65,10057,157
2020-11-10,Modoc,049,8938,77,61,13,74,0
2020-11-10,Mono,051,14174,471,443,9,452,2
2020-11-10,Monterey,053,433212,13024,12335,129,12464,100
2020-11-10,Napa,055,140530,2552,2341,10,2351,15
2020-11-10,Nevada,057,99092,884,734,23,757,9
2020-11-10,Orange,059,3164182,66725,62597,2003,64600,1504
2020-11-10,Placer,061,380077,5449,4902,47,4949,60
2020-11-10,Plumas,063,18699,142,108,0,108,0
2020-11-10,Riverside,065,2383286,76077,72316,916,73232,1359
2020-11-10,Sacramento,067,1510023,30568,28677,51,28728,519
2020-11-10,San Benito,069,59416,1594,1508,1,1509,15
2020-11-10,San Bernardino,071,2135413,75116,69666,704,70370,1182
2020-11-10,San Diego,073,3302833,66000,61085,2086,63171,915
2020-11-10,San Francisco,075,870044,13742,13210,70,13280,146
2020-11-10,San Joaquin,077,732212,23848,22865,328,23193,508
2020-11-10,San Luis Obispo,079,281455,5360,4780,65,4845,33
2020-11-10,San Mateo,081,765935,12635,11939,11,11950,169
2020-11-10,Santa Barbara,083,443738,10577,10252,147,10399,134
2020-11-10,Santa Clara,085,1922200,29283,26917,54,26971,409
2020-11-10,Santa Cruz,087,273765,3509,3221,36,3257,25
2020-11-10,Shasta,089,179085,3667,2686,59,2745,36
2020-11-10,Sierra,091,2930,12,10,0,10,0
2020-11-10,Siskiyou,093,43540,327,263,15,278,0
2020-11-10,Solano,095,438530,8783,8299,41,8340,85
2020-11-10,Sonoma,097,501317,10974,10414,35,10449,150
2020-11-10,Stanislaus,099,539301,19297,18592,966,19558,420
2020-11-10,Sutter,101,95872,2285,2035,4,2039,12
2020-11-10,Tehama,103,63373,1245,1099,3,1102,7
2020-11-10,Trinity,105,12862,156,62,16,78,0
2020-11-10,Tulare,107,460477,19352,18430,706,19136,305
2020-11-10,Tuolumne,109,53932,557,353,7,360,7
2020-11-10,Ventura,111,848112,16850,15625,459,16084,158
2020-11-10,Yolo,113,214977,3863,3573,10,3583,63
2020-11-10,Yuba,115,75493,1506,1392,5,1397,10
2020-11-09,Alameda,001,1643700,25993,24899,246,25145,424
2020-11-09,Alpine,003,1148,27,6,0,6,0
2020-11-09,Amador,005,37829,408,380,0,380,16
2020-11-09,Butte,007,227075,3498,3301,110,3411,57
2020-11-09,Calaveras,009,45235,370,360,0,360,21
2020-11-09,Colusa,011,21464,600,583,1,584,6
2020-11-09,Contra Costa,013,1133247,21098,20193,107,20300,255
2020-11-09,Del Norte,015,27424,219,195,0,195,2
2020-11-09,El Dorado,017,186661,1717,1515,19,1534,4
2020-11-09,Fresno,019,978130,36470,32755,716,33471,465
2020-11-09,Glenn,021,27897,776,714,9,723,3
2020-11-09,Humboldt,023,135768,667,607,1,608,9
2020-11-09,Imperial,025,180216,13980,13508,25,13533,338
2020-11-09,Inyo,027,18085,267,252,5,257,14
2020-11-09,Kern,029,883053,36187,34764,648,35412,448
2020-11-09,Kings,031,150075,9614,9141,81,9222,84
2020-11-09,Lake,033,64148,800,755,0,755,16
2020-11-09,Lassen,035,31185,1024,799,2,801,0
2020-11-09,Los Angeles,037,10098052,332139,320370,3654,324024,7180
2020-11-09,Madera,039,155013,5507,5209,70,5279,54
2020-11-09,Marin,041,260295,7390,7237,22,7259,131
2020-11-09,Mariposa,043,17540,90,84,0,84,2
2020-11-09,Mendocino,045,87422,1224,1132,5,1137,22
2020-11-09,Merced,047,269075,10297,9922,62,9984,157
2020-11-09,Modoc,049,8938,73,54,12,66,0
2020-11-09,Mono,051,14174,468,352,9,361,2
2020-11-09,Monterey,053,433212,12877,12148,121,12269,98
2020-11-09,Napa,055,140530,2509,2309,10,2319,15
2020-11-09,Nevada,057,99092,847,729,22,751,9
2020-11-09,Orange,059,3164182,66083,62335,1990,64325,1501
2020-11-09,Placer,061,380077,5364,4843,36,4879,60
2020-11-09,Plumas,063,18699,135,102,0,102,0
2020-11-09,Riverside,065,2383286,75295,72059,882,72941,1346
2020-11-09,Sacramento,067,1510023,30096,28200,50,28250,516
2020-11-09,San Benito,069,59416,1585,1506,1,1507,15
2020-11-09,San Bernardino,071,2135413,74062,69015,661,69676,1182
2020-11-09,San Diego,073,3302833,65145,60572,2046,62618,908
2020-11-09,San Francisco,075,870044,13622,12984,67,13051,146
2020-11-09,San Joaquin,077,732212,23683,22512,323,22835,505
2020-11-09,San Luis Obispo,079,281455,5273,4746,63,4809,32
2020-11-09,San Mateo,081,765935,12528,11857,11,11868,169
2020-11-09,Santa Barbara,083,443738,10520,10214,142,10356,134
2020-11-09,Santa Clara,085,1922200,28887,26693,54,26747,409
2020-11-09,Santa Cruz,087,273765,3451,3194,36,3230,25
2020-11-09,Shasta,089,179085,3513,2581,50,2631,36
2020-11-09,Sierra,091,2930,10,10,0,10,0
2020-11-09,Siskiyou,093,43540,316,257,13,270,0
2020-11-09,Solano,095,438530,8670,8254,40,8294,85
2020-11-09,Sonoma,097,501317,10866,10310,35,10345,150
2020-11-09,Stanislaus,099,539301,19148,18482,951,19433,418
2020-11-09,Sutter,101,95872,2218,2010,3,2013,12
2020-11-09,Tehama,103,63373,1208,1071,2,1073,7
2020-11-09,Trinity,105,12862,149,46,16,62,0
2020-11-09,Tulare,107,460477,19230,18272,675,18947,304
2020-11-09,Tuolumne,109,53932,503,346,6,352,7
2020-11-09,Ventura,111,848112,16648,15568,456,16024,156
2020-11-09,Yolo,113,214977,3802,3522,10,3532,62
2020-11-09,Yuba,115,75493,1473,1380,5,1385,10
2020-11-08,Alameda,001,1643700,25763,24731,246,24977,424
2020-11-08,Alpine,003,1148,24,6,0,6,0
2020-11-08,Amador,005,37829,401,376,0,376,16
2020-11-08,Butte,007,227075,3460,3285,102,3387,57
2020-11-08,Calaveras,009,45235,368,360,0,360,21
2020-11-08,Colusa,011,21464,597,583,1,584,6
2020-11-08,Contra Costa,013,1133247,20927,20031,105,20136,254
2020-11-08,Del Norte,015,27424,212,195,0,195,2
2020-11-08,El Dorado,017,186661,1680,1502,19,1521,4
2020-11-08,Fresno,019,978130,36132,32619,678,33297,465
2020-11-08,Glenn,021,27897,770,707,8,715,3
2020-11-08,Humboldt,023,135768,651,605,1,606,9
2020-11-08,Imperial,025,180216,13864,13428,25,13453,338
2020-11-08,Inyo,027,18085,264,252,5,257,14
2020-11-08,Kern,029,883053,35968,34644,630,35274,448
2020-11-08,Kings,031,150075,9481,9026,78,9104,84
2020-11-08,Lake,033,64148,792,754,0,754,16
2020-11-08,Lassen,035,31185,876,799,2,801,0
2020-11-08,Los Angeles,037,10098052,329011,318960,3589,322549,7176
2020-11-08,Madera,039,155013,5437,5196,67,5263,54
2020-11-08,Marin,041,260295,7370,7227,22,7249,131
2020-11-08,Mariposa,043,17540,90,83,0,83,2
2020-11-08,Mendocino,045,87422,1215,1129,5,1134,22
2020-11-08,Merced,047,269075,10222,9885,60,9945,157
2020-11-08,Modoc,049,8938,69,54,12,66,0
2020-11-08,Mono,051,14174,462,352,9,361,2
2020-11-08,Monterey,053,433212,12732,12122,111,12233,98
2020-11-08,Napa,055,140530,2470,2274,10,2284,15
2020-11-08,Nevada,057,99092,831,715,22,737,9
2020-11-08,Orange,059,3164182,65495,62034,1976,64010,1501
2020-11-08,Placer,061,380077,5261,4800,31,4831,60
2020-11-08,Plumas,063,18699,130,102,0,102,0
2020-11-08,Riverside,065,2383286,74640,71442,841,72283,1345
2020-11-08,Sacramento,067,1510023,29537,28059,47,28106,515
2020-11-08,San Benito,069,59416,1570,1496,1,1497,15
2020-11-08,San Bernardino,071,2135413,72810,68412,622,69034,1182
2020-11-08,San Diego,073,3302833,64300,60199,2002,62201,908
2020-11-08,San Francisco,075,870044,13492,12985,63,13048,146
2020-11-08,San Joaquin,077,732212,23489,22514,319,22833,505
2020-11-08,San Luis Obispo,079,281455,5207,4698,58,4756,32
2020-11-08,San Mateo,081,765935,12410,11783,11,11794,169
2020-11-08,Santa Barbara,083,443738,10450,10180,140,10320,134
2020-11-08,Santa Clara,085,1922200,28513,26442,53,26495,410
2020-11-08,Santa Cruz,087,273765,3394,3134,36,3170,25
2020-11-08,Shasta,089,179085,3377,2582,44,2626,36
2020-11-08,Sierra,091,2930,10,7,0,7,0
2020-11-08,Siskiyou,093,43540,304,246,12,258,0
2020-11-08,Solano,095,438530,8549,8132,39,8171,85
2020-11-08,Sonoma,097,501317,10759,10229,35,10264,149
2020-11-08,Stanislaus,099,539301,18974,18413,930,19343,418
2020-11-08,Sutter,101,95872,2160,1980,3,1983,12
2020-11-08,Tehama,103,63373,1182,1054,2,1056,7
2020-11-08,Trinity,105,12862,146,46,15,61,0
2020-11-08,Tulare,107,460477,19088,18272,646,18918,304
2020-11-08,Tuolumne,109,53932,477,341,6,347,7
2020-11-08,Ventura,111,848112,16453,15504,448,15952,156
2020-11-08,Yolo,113,214977,3740,3492,10,3502,61
2020-11-08,Yuba,115,75493,1452,1369,5,1374,10
2020-11-07,Alameda,001,1643700,25653,24578,244,24822,424
2020-11-07,Alpine,003,1148,24,6,0,6,0
2020-11-07,Amador,005,37829,398,375,0,375,16
2020-11-07,Butte,007,227075,3448,3277,97,3374,57
2020-11-07,Calaveras,009,45235,366,360,0,360,21
2020-11-07,Colusa,011,21464,597,583,1,584,6
2020-11-07,Contra Costa,013,1133247,20826,19943,104,20047,254
2020-11-07,Del Norte,015,27424,207,194,0,194,2
2020-11-07,El Dorado,017,186661,1655,1495,18,1513,4
2020-11-07,Fresno,019,978130,35977,32497,655,33152,465
2020-11-07,Glenn,021,27897,762,707,8,715,3
2020-11-07,Humboldt,023,135768,640,590,1,591,9
2020-11-07,Imperial,025,180216,13806,13388,24,13412,338
2020-11-07,Inyo,027,18085,262,252,5,257,14
2020-11-07,Kern,029,883053,35812,34513,620,35133,448
2020-11-07,Kings,031,150075,9448,9005,72,9077,84
2020-11-07,Lake,033,64148,788,751,0,751,16
2020-11-07,Lassen,035,31185,860,799,2,801,0
2020-11-07,Los Angeles,037,10098052,327498,316756,3522,320278,7174
2020-11-07,Madera,039,155013,5414,5177,65,5242,54
2020-11-07,Marin,041,260295,7359,7215,22,7237,131
2020-11-07,Mariposa,043,17540,90,81,0,81,2
2020-11-07,Mendocino,045,87422,1204,1118,5,1123,22
2020-11-07,Merced,047,269075,10190,9855,56,9911,157
2020-11-07,Modoc,049,8938,69,51,12,63,0
2020-11-07,Mono,051,14174,459,352,9,361,2
2020-11-07,Monterey,053,433212,12662,12030,107,12137,98
2020-11-07,Napa,055,140530,2440,2260,9,2269,15
2020-11-07,Nevada,057,99092,814,710,22,732,9
2020-11-07,Orange,059,3164182,65207,62038,1970,64008,1505
2020-11-07,Placer,061,380077,5198,4745,31,4776,60
2020-11-07,Plumas,063,18699,127,94,0,94,0
2020-11-07,Riverside,065,2383286,74245,71153,814,71967,1345
2020-11-07,Sacramento,067,1510023,29287,27773,47,27820,515
2020-11-07,San Benito,069,59416,1558,1489,1,1490,15
2020-11-07,San Bernardino,071,2135413,72294,67935,611,68546,1182
2020-11-07,San Diego,073,3302833,63788,59682,1970,61652,909
2020-11-07,San Francisco,075,870044,13431,12980,62,13042,146
2020-11-07,San Joaquin,077,732212,23381,22517,313,22830,505
2020-11-07,San Luis Obispo,079,281455,5158,4668,55,4723,32
2020-11-07,San Mateo,081,765935,12347,11711,11,11722,169
2020-11-07,Santa Barbara,083,443738,10408,10157,138,10295,134
2020-11-07,Santa Clara,085,1922200,28309,26244,52,26296,410
2020-11-07,Santa Cruz,087,273765,3356,3130,36,3166,25
2020-11-07,Shasta,089,179085,3310,2547,42,2589,36
2020-11-07,Sierra,091,2930,10,7,0,7,0
2020-11-07,Siskiyou,093,43540,300,241,12,253,0
2020-11-07,Solano,095,438530,8497,8066,39,8105,85
2020-11-07,Sonoma,097,501317,10713,10200,35,10235,149
2020-11-07,Stanislaus,099,539301,18863,18386,914,19300,418
2020-11-07,Sutter,101,95872,2120,1973,3,1976,12
2020-11-07,Tehama,103,63373,1157,1043,2,1045,7
2020-11-07,Trinity,105,12862,146,42,14,56,0
2020-11-07,Tulare,107,460477,19032,18229,628,18857,304
2020-11-07,Tuolumne,109,53932,465,327,6,333,7
2020-11-07,Ventura,111,848112,16393,15364,443,15807,156
2020-11-07,Yolo,113,214977,3709,3486,10,3496,61
2020-11-07,Yuba,115,75493,1437,1349,5,1354,10
2020-11-06,Alameda,001,1643700,25521,24389,242,24631,420
2020-11-06,Alpine,003,1148,24,6,0,6,0
2020-11-06,Amador,005,37829,396,369,0,369,16
2020-11-06,Butte,007,227075,3423,3254,89,3343,57
2020-11-06,Calaveras,009,45235,365,359,0,359,21
2020-11-06,Colusa,011,21464,595,580,1,581,6
2020-11-06,Contra Costa,013,1133247,20679,19744,104,19848,252
2020-11-06,Del Norte,015,27424,204,194,0,194,2
2020-11-06,El Dorado,017,186661,1629,1475,18,1493,4
2020-11-06,Fresno,019,978130,35789,32278,639,32917,460
2020-11-06,Glenn,021,27897,756,707,7,714,3
2020-11-06,Humboldt,023,135768,637,587,1,588,9
2020-11-06,Imperial,025,180216,13752,13230,24,13254,338
2020-11-06,Inyo,027,18085,260,246,5,251,14
2020-11-06,Kern,029,883053,35648,34360,603,34963,443
2020-11-06,Kings,031,150075,9424,8883,70,8953,83
2020-11-06,Lake,033,64148,787,741,0,741,16
2020-11-06,Lassen,035,31185,852,794,2,796,0
2020-11-06,Los Angeles,037,10098052,325528,314356,3470,317826,7160
2020-11-06,Madera,039,155013,5398,5136,64,5200,54
2020-11-06,Marin,041,260295,7338,7184,22,7206,131
2020-11-06,Mariposa,043,17540,89,79,0,79,2
2020-11-06,Mendocino,045,87422,1199,1113,5,1118,22
2020-11-06,Merced,047,269075,10150,9778,53,9831,157
2020-11-06,Modoc,049,8938,69,48,12,60,0
2020-11-06,Mono,051,14174,453,308,9,317,1
2020-11-06,Monterey,053,433212,12545,11914,106,12020,96
2020-11-06,Napa,055,140530,2415,2189,9,2198,15
2020-11-06,Nevada,057,99092,801,692,21,713,9
2020-11-06,Orange,059,3164182,64904,61049,1960,63009,1494
2020-11-06,Placer,061,380077,5125,4680,31,4711,60
2020-11-06,Plumas,063,18699,122,90,0,90,0
2020-11-06,Riverside,065,2383286,73795,70409,773,71182,1341
2020-11-06,Sacramento,067,1510023,28996,27489,45,27534,514
2020-11-06,San Benito,069,59416,1549,1479,1,1480,15
2020-11-06,San Bernardino,071,2135413,71697,66740,591,67331,1179
2020-11-06,San Diego,073,3302833,63264,59143,1938,61081,907
2020-11-06,San Francisco,075,870044,13361,12825,61,12886,146
2020-11-06,San Joaquin,077,732212,23296,22424,303,22727,502
2020-11-06,San Luis Obispo,079,281455,5093,4531,49,4580,32
2020-11-06,San Mateo,081,765935,12272,11587,11,11598,168
2020-11-06,Santa Barbara,083,443738,10372,10118,134,10252,133
2020-11-06,Santa Clara,085,1922200,28067,25831,52,25883,402
2020-11-06,Santa Cruz,087,273765,3318,3063,36,3099,25
2020-11-06,Shasta,089,179085,3237,2475,41,2516,35
2020-11-06,Sierra,091,2930,9,7,0,7,0
2020-11-06,Siskiyou,093,43540,287,237,11,248,0
2020-11-06,Solano,095,438530,8431,7959,39,7998,85
2020-11-06,Sonoma,097,501317,10663,10142,35,10177,149
2020-11-06,Stanislaus,099,539301,18776,18250,906,19156,417
2020-11-06,Sutter,101,95872,2093,1937,2,1939,12
2020-11-06,Tehama,103,63373,1136,1024,2,1026,6
2020-11-06,Trinity,105,12862,143,41,14,55,0
2020-11-06,Tulare,107,460477,18968,18136,603,18739,300
2020-11-06,Tuolumne,109,53932,441,316,6,322,5
2020-11-06,Ventura,111,848112,16307,15222,440,15662,154
2020-11-06,Yolo,113,214977,3680,3420,10,3430,62
2020-11-06,Yuba,115,75493,1424,1335,5,1340,10
2020-11-05,Alameda,001,1643700,25345,24270,242,24512,420
2020-11-05,Alpine,003,1148,24,6,0,6,0
2020-11-05,Amador,005,37829,393,363,0,363,16
2020-11-05,Butte,007,227075,3400,3239,83,3322,57
2020-11-05,Calaveras,009,45235,357,333,0,333,19
2020-11-05,Colusa,011,21464,591,574,1,575,6
2020-11-05,Contra Costa,013,1133247,20496,19656,101,19757,252
2020-11-05,Del Norte,015,27424,202,192,0,192,2
2020-11-05,El Dorado,017,186661,1605,1466,18,1484,4
2020-11-05,Fresno,019,978130,35547,32056,615,32671,460
2020-11-05,Glenn,021,27897,736,702,7,709,3
2020-11-05,Humboldt,023,135768,627,581,1,582,9
2020-11-05,Imperial,025,180216,13660,13178,23,13201,337
2020-11-05,Inyo,027,18085,259,247,5,252,14
2020-11-05,Kern,029,883053,35447,34232,590,34822,443
2020-11-05,Kings,031,150075,9269,8846,67,8913,83
2020-11-05,Lake,033,64148,783,739,0,739,16
2020-11-05,Lassen,035,31185,821,782,2,784,0
2020-11-05,Los Angeles,037,10098052,323173,312381,3417,315798,7146
2020-11-05,Madera,039,155013,5360,5129,61,5190,54
2020-11-05,Marin,041,260295,7315,7171,22,7193,131
2020-11-05,Mariposa,043,17540,88,79,0,79,2
2020-11-05,Mendocino,045,87422,1187,1112,5,1117,22
2020-11-05,Merced,047,269075,10091,9753,48,9801,155
2020-11-05,Modoc,049,8938,68,47,11,58,0
2020-11-05,Mono,051,14174,451,307,9,316,1
2020-11-05,Monterey,053,433212,12435,11784,102,11886,96
2020-11-05,Napa,055,140530,2388,2158,9,2167,15
2020-11-05,Nevada,057,99092,779,687,20,707,9
2020-11-05,Orange,059,3164182,64457,60740,1949,62689,1484
2020-11-05,Placer,061,380077,5056,4627,26,4653,60
2020-11-05,Plumas,063,18699,114,90,0,90,0
2020-11-05,Riverside,065,2383286,73084,70094,717,70811,1338
2020-11-05,Sacramento,067,1510023,28616,27232,44,27276,512
2020-11-05,San Benito,069,59416,1534,1477,1,1478,15
2020-11-05,San Bernardino,071,2135413,70869,66407,579,66986,1174
2020-11-05,San Diego,073,3302833,62638,58659,1912,60571,904
2020-11-05,San Francisco,075,870044,13249,12726,60,12786,146
2020-11-05,San Joaquin,077,732212,23132,22318,299,22617,502
2020-11-05,San Luis Obispo,079,281455,5026,4459,47,4506,32
2020-11-05,San Mateo,081,765935,12178,11535,11,11546,168
2020-11-05,Santa Barbara,083,443738,10328,10080,131,10211,133
2020-11-05,Santa Clara,085,1922200,27802,25651,52,25703,402
2020-11-05,Santa Cruz,087,273765,3280,3023,36,3059,25
2020-11-05,Shasta,089,179085,3147,2401,40,2441,34
2020-11-05,Sierra,091,2930,9,6,0,6,0
2020-11-05,Siskiyou,093,43540,276,228,11,239,0
2020-11-05,Solano,095,438530,8348,7842,39,7881,85
2020-11-05,Sonoma,097,501317,10551,10064,34,10098,145
2020-11-05,Stanislaus,099,539301,18662,18194,893,19087,417
2020-11-05,Sutter,101,95872,2061,1925,2,1927,12
2020-11-05,Tehama,103,63373,1115,1015,2,1017,6
2020-11-05,Trinity,105,12862,127,41,14,55,0
2020-11-05,Tulare,107,460477,18879,18049,577,18626,301
2020-11-05,Tuolumne,109,53932,412,312,6,318,5
2020-11-05,Ventura,111,848112,16141,15113,429,15542,155
2020-11-05,Yolo,113,214977,3630,3391,10,3401,61
2020-11-05,Yuba,115,75493,1406,1322,5,1327,10
2020-11-04,Alameda,001,1643700,25169,24172,240,24412,418
2020-11-04,Alpine,003,1148,20,5,0,5,0
2020-11-04,Amador,005,37829,390,362,0,362,16
2020-11-04,Butte,007,227075,3375,3218,80,3298,57
2020-11-04,Calaveras,009,45235,354,290,0,290,19
2020-11-04,Colusa,011,21464,589,571,1,572,6
2020-11-04,Contra Costa,013,1133247,20331,19472,98,19570,251
2020-11-04,Del Norte,015,27424,198,188,0,188,2
2020-11-04,El Dorado,017,186661,1590,1448,15,1463,4
2020-11-04,Fresno,019,978130,35315,31952,587,32539,457
2020-11-04,Glenn,021,27897,732,701,6,707,3
2020-11-04,Humboldt,023,135768,618,571,1,572,9
2020-11-04,Imperial,025,180216,13562,13087,23,13110,335
2020-11-04,Inyo,027,18085,258,247,5,252,14
2020-11-04,Kern,029,883053,35292,34027,579,34606,439
2020-11-04,Kings,031,150075,9235,8817,65,8882,83
2020-11-04,Lake,033,64148,776,735,0,735,16
2020-11-04,Lassen,035,31185,816,781,2,783,0
2020-11-04,Los Angeles,037,10098052,320861,310456,3339,313795,7124
2020-11-04,Madera,039,155013,5340,5083,57,5140,54
2020-11-04,Marin,041,260295,7303,7157,22,7179,131
2020-11-04,Mariposa,043,17540,88,79,0,79,2
2020-11-04,Mendocino,045,87422,1169,1089,5,1094,22
2020-11-04,Merced,047,269075,10042,9717,46,9763,153
2020-11-04,Modoc,049,8938,59,47,11,58,0
2020-11-04,Mono,051,14174,448,237,8,245,1
2020-11-04,Monterey,053,433212,12231,11743,96,11839,96
2020-11-04,Napa,055,140530,2334,2133,9,2142,15
2020-11-04,Nevada,057,99092,760,675,20,695,9
2020-11-04,Orange,059,3164182,64022,60463,1928,62391,1483
2020-11-04,Placer,061,380077,4980,4526,23,4549,60
2020-11-04,Plumas,063,18699,112,88,0,88,0
2020-11-04,Riverside,065,2383286,72467,69562,658,70220,1335
2020-11-04,Sacramento,067,1510023,28266,27005,43,27048,510
2020-11-04,San Benito,069,59416,1519,1464,1,1465,15
2020-11-04,San Bernardino,071,2135413,70073,65891,556,66447,1169
2020-11-04,San Diego,073,3302833,61992,58126,1886,60012,904
2020-11-04,San Francisco,075,870044,13166,12649,57,12706,146
2020-11-04,San Joaquin,077,732212,22995,22197,286,22483,500
2020-11-04,San Luis Obispo,079,281455,4959,4389,45,4434,32
2020-11-04,San Mateo,081,765935,12084,11456,11,11467,168
2020-11-04,Santa Barbara,083,443738,10290,10026,130,10156,132
2020-11-04,Santa Clara,085,1922200,27541,25487,52,25539,393
2020-11-04,Santa Cruz,087,273765,3243,2997,36,3033,25
2020-11-04,Shasta,089,179085,3016,2321,35,2356,34
2020-11-04,Sierra,091,2930,9,6,0,6,0
2020-11-04,Siskiyou,093,43540,267,222,11,233,0
2020-11-04,Solano,095,438530,8249,7733,39,7772,85
2020-11-04,Sonoma,097,501317,10457,9965,34,9999,142
2020-11-04,Stanislaus,099,539301,18544,18114,878,18992,416
2020-11-04,Sutter,101,95872,2027,1916,2,1918,12
2020-11-04,Tehama,103,63373,1088,997,2,999,6
2020-11-04,Trinity,105,12862,123,37,14,51,0
2020-11-04,Tulare,107,460477,18769,17952,549,18501,298
2020-11-04,Tuolumne,109,53932,389,310,6,316,5
2020-11-04,Ventura,111,848112,16001,14936,426,15362,155
2020-11-04,Yolo,113,214977,3590,3361,10,3371,62
2020-11-04,Yuba,115,75493,1385,1312,5,1317,10
2020-11-03,Alameda,001,1643700,24985,24055,238,24293,418
2020-11-03,Alpine,003,1148,19,4,0,4,0
2020-11-03,Amador,005,37829,385,361,0,361,16
2020-11-03,Butte,007,227075,3352,3211,74,3285,57
2020-11-03,Calaveras,009,45235,350,287,0,287,19
2020-11-03,Colusa,011,21464,584,572,1,573,6
2020-11-03,Contra Costa,013,1133247,20176,19416,98,19514,250
2020-11-03,Del Norte,015,27424,197,187,0,187,2
2020-11-03,El Dorado,017,186661,1568,1445,14,1459,4
2020-11-03,Fresno,019,978130,35052,31856,564,32420,457
2020-11-03,Glenn,021,27897,726,698,6,704,3
2020-11-03,Humboldt,023,135768,612,570,1,571,8
2020-11-03,Imperial,025,180216,13472,13044,22,13066,335
2020-11-03,Inyo,027,18085,257,244,5,249,14
2020-11-03,Kern,029,883053,35101,33957,568,34525,439
2020-11-03,Kings,031,150075,9072,8783,60,8843,83
2020-11-03,Lake,033,64148,766,732,0,732,16
2020-11-03,Lassen,035,31185,807,782,2,784,0
2020-11-03,Los Angeles,037,10098052,318404,308812,3272,312084,7104
2020-11-03,Madera,039,155013,5304,5058,56,5114,54
2020-11-03,Marin,041,260295,7283,7147,21,7168,131
2020-11-03,Mariposa,043,17540,87,79,0,79,2
2020-11-03,Mendocino,045,87422,1154,1084,5,1089,22
2020-11-03,Merced,047,269075,9989,9713,45,9758,153
2020-11-03,Modoc,049,8938,57,47,9,56,0
2020-11-03,Mono,051,14174,444,210,8,218,1
2020-11-03,Monterey,053,433212,12162,11703,91,11794,94
2020-11-03,Napa,055,140530,2298,2130,9,2139,15
2020-11-03,Nevada,057,99092,740,670,19,689,9
2020-11-03,Orange,059,3164182,63592,60283,1916,62199,1477
2020-11-03,Placer,061,380077,4907,4514,23,4537,60
2020-11-03,Plumas,063,18699,109,86,0,86,0
2020-11-03,Riverside,065,2383286,71848,69300,633,69933,1325
2020-11-03,Sacramento,067,1510023,27885,26841,41,26882,510
2020-11-03,San Benito,069,59416,1509,1463,1,1464,15
2020-11-03,San Bernardino,071,2135413,69262,65320,549,65869,1159
2020-11-03,San Diego,073,3302833,61316,57722,1842,59564,901
2020-11-03,San Francisco,075,870044,13044,12585,57,12642,146
2020-11-03,San Joaquin,077,732212,22860,22109,280,22389,500
2020-11-03,San Luis Obispo,079,281455,4875,4371,43,4414,32
2020-11-03,San Mateo,081,765935,11989,11406,11,11417,162
2020-11-03,Santa Barbara,083,443738,10236,10008,126,10134,132
2020-11-03,Santa Clara,085,1922200,27267,25386,51,25437,393
2020-11-03,Santa Cruz,087,273765,3193,2980,35,3015,25
2020-11-03,Shasta,089,179085,2922,2288,28,2316,33
2020-11-03,Sierra,091,2930,7,6,0,6,0
2020-11-03,Siskiyou,093,43540,263,219,11,230,0
2020-11-03,Solano,095,438530,8165,7691,39,7730,85
2020-11-03,Sonoma,097,501317,10355,9906,34,9940,142
2020-11-03,Stanislaus,099,539301,18423,18080,867,18947,416
2020-11-03,Sutter,101,95872,1994,1914,2,1916,12
2020-11-03,Tehama,103,63373,1067,988,2,990,6
2020-11-03,Trinity,105,12862,116,36,13,49,0
2020-11-03,Tulare,107,460477,18663,17890,524,18414,297
2020-11-03,Tuolumne,109,53932,366,302,6,308,5
2020-11-03,Ventura,111,848112,15874,14816,419,15235,155
2020-11-03,Yolo,113,214977,3538,3343,10,3353,61
2020-11-03,Yuba,115,75493,1372,1295,5,1300,10
2020-11-02,Alameda,001,1643700,24789,23991,236,24227,419
2020-11-02,Alpine,003,1148,16,4,0,4,0
2020-11-02,Amador,005,37829,377,357,0,357,16
2020-11-02,Butte,007,227075,3332,3198,71,3269,57
2020-11-02,Calaveras,009,45235,350,282,0,282,18
2020-11-02,Colusa,011,21464,579,571,1,572,6
2020-11-02,Contra Costa,013,1133247,20019,19339,97,19436,250
2020-11-02,Del Norte,015,27424,194,175,0,175,2
2020-11-02,El Dorado,017,186661,1544,1405,14,1419,4
2020-11-02,Fresno,019,978130,34783,31738,547,32285,451
2020-11-02,Glenn,021,27897,720,692,5,697,3
2020-11-02,Humboldt,023,135768,603,569,1,570,8
2020-11-02,Imperial,025,180216,13392,13004,21,13025,334
2020-11-02,Inyo,027,18085,254,243,5,248,14
2020-11-02,Kern,029,883053,34943,33834,558,34392,437
2020-11-02,Kings,031,150075,9042,8654,57,8711,82
2020-11-02,Lake,033,64148,760,728,0,728,17
2020-11-02,Lassen,035,31185,799,782,2,784,0
2020-11-02,Los Angeles,037,10098052,316056,307620,3198,310818,7079
2020-11-02,Madera,039,155013,5273,5033,55,5088,54
2020-11-02,Marin,041,260295,7265,7132,20,7152,125
2020-11-02,Mariposa,043,17540,87,79,0,79,2
2020-11-02,Mendocino,045,87422,1140,1076,5,1081,21
2020-11-02,Merced,047,269075,9927,9664,39,9703,152
2020-11-02,Modoc,049,8938,54,45,5,50,0
2020-11-02,Mono,051,14174,442,211,8,219,1
2020-11-02,Monterey,053,433212,12055,11602,88,11690,93
2020-11-02,Napa,055,140530,2256,2081,9,2090,15
2020-11-02,Nevada,057,99092,724,656,19,675,9
2020-11-02,Orange,059,3164182,63186,59996,1901,61897,1474
2020-11-02,Placer,061,380077,4837,4461,21,4482,60
2020-11-02,Plumas,063,18699,101,86,0,86,0
2020-11-02,Riverside,065,2383286,71217,68833,592,69425,1321
2020-11-02,Sacramento,067,1510023,27543,26676,39,26715,508
2020-11-02,San Benito,069,59416,1497,1459,1,1460,15
2020-11-02,San Bernardino,071,2135413,68406,64629,538,65167,1157
2020-11-02,San Diego,073,3302833,60593,57429,1797,59226,891
2020-11-02,San Francisco,075,870044,12947,12436,56,12492,145
2020-11-02,San Joaquin,077,732212,22720,21919,272,22191,500
2020-11-02,San Luis Obispo,079,281455,4775,4303,40,4343,31
2020-11-02,San Mateo,081,765935,11880,11328,11,11339,161
2020-11-02,Santa Barbara,083,443738,10195,9985,121,10106,130
2020-11-02,Santa Clara,085,1922200,26980,25222,51,25273,387
2020-11-02,Santa Cruz,087,273765,3151,2943,35,2978,25
2020-11-02,Shasta,089,179085,2819,2174,24,2198,33
2020-11-02,Sierra,091,2930,7,6,0,6,0
2020-11-02,Siskiyou,093,43540,253,216,11,227,0
2020-11-02,Solano,095,438530,8047,7665,39,7704,84
2020-11-02,Sonoma,097,501317,10273,9796,33,9829,140
2020-11-02,Stanislaus,099,539301,18327,18005,858,18863,412
2020-11-02,Sutter,101,95872,1970,1895,2,1897,12
2020-11-02,Tehama,103,63373,1044,971,2,973,6
2020-11-02,Trinity,105,12862,110,30,13,43,0
2020-11-02,Tulare,107,460477,18569,17774,504,18278,299
2020-11-02,Tuolumne,109,53932,349,302,6,308,5
2020-11-02,Ventura,111,848112,15733,14767,405,15172,156
2020-11-02,Yolo,113,214977,3490,3318,10,3328,61
2020-11-02,Yuba,115,75493,1359,1280,5,1285,10
2020-11-01,Alameda,001,1643700,24626,23892,234,24126,419
2020-11-01,Alpine,003,1148,10,4,0,4,0
2020-11-01,Amador,005,37829,374,352,0,352,16
2020-11-01,Butte,007,227075,3309,3185,70,3255,57
2020-11-01,Calaveras,009,45235,349,282,0,282,18
2020-11-01,Colusa,011,21464,577,567,1,568,6
2020-11-01,Contra Costa,013,1133247,19846,19246,96,19342,250
2020-11-01,Del Norte,015,27424,190,175,0,175,2
2020-11-01,El Dorado,017,186661,1528,1394,14,1408,4
2020-11-01,Fresno,019,978130,34527,31613,527,32140,451
2020-11-01,Glenn,021,27897,711,688,3,691,3
2020-11-01,Humboldt,023,135768,595,568,1,569,8
2020-11-01,Imperial,025,180216,13301,12969,19,12988,334
2020-11-01,Inyo,027,18085,252,241,5,246,14
2020-11-01,Kern,029,883053,34762,33760,478,34238,437
2020-11-01,Kings,031,150075,9004,8641,56,8697,82
2020-11-01,Lake,033,64148,754,727,0,727,17
2020-11-01,Lassen,035,31185,799,782,2,784,0
2020-11-01,Los Angeles,037,10098052,313485,306217,3107,309324,7077
2020-11-01,Madera,039,155013,5226,5019,53,5072,54
2020-11-01,Marin,041,260295,7248,7124,20,7144,125
2020-11-01,Mariposa,043,17540,83,79,0,79,2
2020-11-01,Mendocino,045,87422,1126,1074,5,1079,21
2020-11-01,Merced,047,269075,9866,9626,39,9665,152
2020-11-01,Modoc,049,8938,53,45,5,50,0
2020-11-01,Mono,051,14174,413,211,7,218,1
2020-11-01,Monterey,053,433212,11948,11587,85,11672,93
2020-11-01,Napa,055,140530,2222,2067,9,2076,15
2020-11-01,Nevada,057,99092,708,646,18,664,9
2020-11-01,Orange,059,3164182,62784,59733,1875,61608,1475
2020-11-01,Placer,061,380077,4769,4422,20,4442,58
2020-11-01,Plumas,063,18699,96,86,0,86,0
2020-11-01,Riverside,065,2383286,70587,68493,557,69050,1319
2020-11-01,Sacramento,067,1510023,27221,26442,39,26481,508
2020-11-01,San Benito,069,59416,1482,1451,1,1452,15
2020-11-01,San Bernardino,071,2135413,67565,64339,517,64856,1157
2020-11-01,San Diego,073,3302833,59905,57122,1757,58879,891
2020-11-01,San Francisco,075,870044,12824,12436,51,12487,145
2020-11-01,San Joaquin,077,732212,22592,21919,266,22185,500
2020-11-01,San Luis Obispo,079,281455,4695,4303,39,4342,31
2020-11-01,San Mateo,081,765935,11799,11280,11,11291,160
2020-11-01,Santa Barbara,083,443738,10144,9969,105,10074,130
2020-11-01,Santa Clara,085,1922200,26697,25090,51,25141,386
2020-11-01,Santa Cruz,087,273765,3098,2921,35,2956,25
2020-11-01,Shasta,089,179085,2684,2172,23,2195,33
2020-11-01,Sierra,091,2930,7,6,0,6,0
2020-11-01,Siskiyou,093,43540,248,205,11,216,0
2020-11-01,Solano,095,438530,7957,7591,39,7630,84
2020-11-01,Sonoma,097,501317,10181,9688,33,9721,140
2020-11-01,Stanislaus,099,539301,18226,17961,839,18800,412
2020-11-01,Sutter,101,95872,1944,1888,1,1889,12
2020-11-01,Tehama,103,63373,1027,965,2,967,5
2020-11-01,Trinity,105,12862,108,30,12,42,0
2020-11-01,Tulare,107,460477,18457,17774,473,18247,299
2020-11-01,Tuolumne,109,53932,328,295,6,301,5
2020-11-01,Ventura,111,848112,15585,14686,377,15063,156
2020-11-01,Yolo,113,214977,3442,3303,10,3313,60
2020-11-01,Yuba,115,75493,1342,1273,5,1278,10
2020-10-31,Alameda,001,1643700,24510,23780,230,24010,416
2020-10-31,Alpine,003,1148,10,4,0,4,0
2020-10-31,Amador,005,37829,370,347,0,347,16
2020-10-31,Butte,007,227075,3296,3172,68,3240,57
2020-10-31,Calaveras,009,45235,349,280,0,280,18
2020-10-31,Colusa,011,21464,575,555,1,556,6
2020-10-31,Contra Costa,013,1133247,19741,19161,96,19257,249
2020-10-31,Del Norte,015,27424,189,175,0,175,2
2020-10-31,El Dorado,017,186661,1519,1390,14,1404,4
2020-10-31,Fresno,019,978130,34390,31558,524,32082,451
2020-10-31,Glenn,021,27897,709,678,3,681,3
2020-10-31,Humboldt,023,135768,592,561,1,562,8
2020-10-31,Imperial,025,180216,13259,12912,19,12931,334
2020-10-31,Inyo,027,18085,251,241,5,246,14
2020-10-31,Kern,029,883053,34659,33666,469,34135,437
2020-10-31,Kings,031,150075,8983,8612,55,8667,82
2020-10-31,Lake,033,64148,750,724,0,724,16
2020-10-31,Lassen,035,31185,794,782,2,784,0
2020-10-31,Los Angeles,037,10098052,312107,304704,3068,307772,7073
2020-10-31,Madera,039,155013,5207,5013,50,5063,54
2020-10-31,Marin,041,260295,7232,7112,20,7132,125
2020-10-31,Mariposa,043,17540,83,79,0,79,2
2020-10-31,Mendocino,045,87422,1118,1066,5,1071,21
2020-10-31,Merced,047,269075,9833,9597,38,9635,151
2020-10-31,Modoc,049,8938,52,34,4,38,0
2020-10-31,Mono,051,14174,264,194,6,200,1
2020-10-31,Monterey,053,433212,11880,11539,81,11620,93
2020-10-31,Napa,055,140530,2203,2040,9,2049,15
2020-10-31,Nevada,057,99092,690,644,18,662,9
2020-10-31,Orange,059,3164182,62525,59488,1857,61345,1473
2020-10-31,Placer,061,380077,4719,4374,19,4393,58
2020-10-31,Plumas,063,18699,95,85,0,85,0
2020-10-31,Riverside,065,2383286,70230,68178,534,68712,1319
2020-10-31,Sacramento,067,1510023,27022,26316,37,26353,507
2020-10-31,San Benito,069,59416,1475,1448,1,1449,15
2020-10-31,San Bernardino,071,2135413,67139,64016,507,64523,1157
2020-10-31,San Diego,073,3302833,59452,56769,1729,58498,891
2020-10-31,San Francisco,075,870044,12750,12438,50,12488,145
2020-10-31,San Joaquin,077,732212,22517,21918,257,22175,500
2020-10-31,San Luis Obispo,079,281455,4626,4285,36,4321,31
2020-10-31,San Mateo,081,765935,11748,11253,11,11264,160
2020-10-31,Santa Barbara,083,443738,10115,9957,97,10054,130
2020-10-31,Santa Clara,085,1922200,26529,24957,51,25008,379
2020-10-31,Santa Cruz,087,273765,3063,2895,34,2929,25
2020-10-31,Shasta,089,179085,2630,2122,22,2144,33
2020-10-31,Sierra,091,2930,7,6,0,6,0
2020-10-31,Siskiyou,093,43540,246,200,11,211,0
2020-10-31,Solano,095,438530,7892,7545,39,7584,84
2020-10-31,Sonoma,097,501317,10128,9648,33,9681,140
2020-10-31,Stanislaus,099,539301,18163,17920,823,18743,412
2020-10-31,Sutter,101,95872,1935,1876,1,1877,12
2020-10-31,Tehama,103,63373,1017,953,2,955,5
2020-10-31,Trinity,105,12862,105,30,12,42,0
2020-10-31,Tulare,107,460477,18408,17758,466,18224,299
2020-10-31,Tuolumne,109,53932,321,290,6,296,5
2020-10-31,Ventura,111,848112,15501,14635,359,14994,155
2020-10-31,Yolo,113,214977,3407,3290,10,3300,60
2020-10-31,Yuba,115,75493,1326,1260,4,1264,10
2020-10-30,Alameda,001,1643700,24431,23676,228,23904,401
2020-10-30,Alpine,003,1148,10,4,0,4,0
2020-10-30,Amador,005,37829,370,344,0,344,16
2020-10-30,Butte,007,227075,3291,3160,68,3228,57
2020-10-30,Calaveras,009,45235,348,279,0,279,18
2020-10-30,Colusa,011,21464,573,554,1,555,6
2020-10-30,Contra Costa,013,1133247,19668,19074,96,19170,249
2020-10-30,Del Norte,015,27424,188,175,0,175,2
2020-10-30,El Dorado,017,186661,1506,1386,14,1400,4
2020-10-30,Fresno,019,978130,34268,31409,516,31925,446
2020-10-30,Glenn,021,27897,703,674,2,676,3
2020-10-30,Humboldt,023,135768,591,561,1,562,7
2020-10-30,Imperial,025,180216,13218,12853,19,12872,334
2020-10-30,Inyo,027,18085,250,241,5,246,14
2020-10-30,Kern,029,883053,34566,33583,468,34051,437
2020-10-30,Kings,031,150075,8973,8564,53,8617,82
2020-10-30,Lake,033,64148,750,720,0,720,16
2020-10-30,Lassen,035,31185,788,777,2,779,0
2020-10-30,Los Angeles,037,10098052,310671,303425,3033,306458,7060
2020-10-30,Madera,039,155013,5194,4991,48,5039,54
2020-10-30,Marin,041,260295,7212,7097,20,7117,125
2020-10-30,Mariposa,043,17540,83,78,0,78,2
2020-10-30,Mendocino,045,87422,1116,1062,5,1067,21
2020-10-30,Merced,047,269075,9801,9539,38,9577,150
2020-10-30,Modoc,049,8938,51,34,3,37,0
2020-10-30,Mono,051,14174,263,193,6,199,1
2020-10-30,Monterey,053,433212,11817,11491,76,11567,92
2020-10-30,Napa,055,140530,2185,2028,9,2037,15
2020-10-30,Nevada,057,99092,684,634,18,652,9
2020-10-30,Orange,059,3164182,62284,59334,1845,61179,1469
2020-10-30,Placer,061,380077,4672,4335,19,4354,58
2020-10-30,Plumas,063,18699,92,80,0,80,0
2020-10-30,Riverside,065,2383286,69891,67752,514,68266,1317
2020-10-30,Sacramento,067,1510023,26874,26147,37,26184,505
2020-10-30,San Benito,069,59416,1469,1440,1,1441,15
2020-10-30,San Bernardino,071,2135413,66723,63512,504,64016,1156
2020-10-30,San Diego,073,3302833,59047,56387,1707,58094,888
2020-10-30,San Francisco,075,870044,12695,12384,50,12434,145
2020-10-30,San Joaquin,077,732212,22450,21849,251,22100,500
2020-10-30,San Luis Obispo,079,281455,4584,4256,36,4292,31
2020-10-30,San Mateo,081,765935,11689,11207,11,11218,159
2020-10-30,Santa Barbara,083,443738,10092,9937,97,10034,128
2020-10-30,Santa Clara,085,1922200,26381,24811,51,24862,378
2020-10-30,Santa Cruz,087,273765,3045,2874,34,2908,25
2020-10-30,Shasta,089,179085,2586,2048,21,2069,32
2020-10-30,Sierra,091,2930,7,6,0,6,0
2020-10-30,Siskiyou,093,43540,246,192,11,203,0
2020-10-30,Solano,095,438530,7831,7497,39,7536,84
2020-10-30,Sonoma,097,501317,10053,9602,33,9635,140
2020-10-30,Stanislaus,099,539301,18115,17861,808,18669,410
2020-10-30,Sutter,101,95872,1922,1860,1,1861,12
2020-10-30,Tehama,103,63373,1013,932,2,934,5
2020-10-30,Trinity,105,12862,105,29,12,41,0
2020-10-30,Tulare,107,460477,18363,17682,452,18134,299
2020-10-30,Tuolumne,109,53932,313,286,6,292,4
2020-10-30,Ventura,111,848112,15428,14578,348,14926,154
2020-10-30,Yolo,113,214977,3390,3263,10,3273,60
2020-10-30,Yuba,115,75493,1318,1256,4,1260,10
2020-10-29,Alameda,001,1643700,24268,23530,227,23757,401
2020-10-29,Alpine,003,1148,7,4,0,4,0
2020-10-29,Amador,005,37829,366,338,0,338,16
2020-10-29,Butte,007,227075,3273,3143,66,3209,57
2020-10-29,Calaveras,009,45235,346,278,0,278,13
2020-10-29,Colusa,011,21464,569,552,1,553,6
2020-10-29,Contra Costa,013,1133247,19570,18933,95,19028,249
2020-10-29,Del Norte,015,27424,186,174,0,174,2
2020-10-29,El Dorado,017,186661,1484,1370,14,1384,4
2020-10-29,Fresno,019,978130,34110,31321,509,31830,445
2020-10-29,Glenn,021,27897,701,673,2,675,3
2020-10-29,Humboldt,023,135768,586,559,1,560,7
2020-10-29,Imperial,025,180216,13175,12769,19,12788,334
2020-10-29,Inyo,027,18085,248,238,5,243,14
2020-10-29,Kern,029,883053,34465,33460,464,33924,437
2020-10-29,Kings,031,150075,8819,8502,52,8554,82
2020-10-29,Lake,033,64148,747,702,0,702,16
2020-10-29,Lassen,035,31185,787,772,2,774,0
2020-10-29,Los Angeles,037,10098052,309043,302246,2987,305233,7046
2020-10-29,Madera,039,155013,5163,4970,46,5016,53
2020-10-29,Marin,041,260295,7198,7083,20,7103,125
2020-10-29,Mariposa,043,17540,81,78,0,78,2
2020-10-29,Mendocino,045,87422,1110,1058,5,1063,21
2020-10-29,Merced,047,269075,9749,9496,38,9534,150
2020-10-29,Modoc,049,8938,49,31,3,34,0
2020-10-29,Mono,051,14174,256,176,6,182,1
2020-10-29,Monterey,053,433212,11736,11425,74,11499,92
2020-10-29,Napa,055,140530,2161,2009,9,2018,15
2020-10-29,Nevada,057,99092,677,632,18,650,9
2020-10-29,Orange,059,3164182,62016,59046,1825,60871,1464
2020-10-29,Placer,061,380077,4627,4270,18,4288,58
2020-10-29,Plumas,063,18699,90,69,0,69,0
2020-10-29,Riverside,065,2383286,69515,67268,484,67752,1304
2020-10-29,Sacramento,067,1510023,26661,25978,36,26014,507
2020-10-29,San Benito,069,59416,1464,1431,1,1432,15
2020-10-29,San Bernardino,071,2135413,66155,62968,494,63462,1150
2020-10-29,San Diego,073,3302833,58581,55916,1678,57594,885
2020-10-29,San Francisco,075,870044,12617,12312,50,12362,145
2020-10-29,San Joaquin,077,732212,22366,21736,239,21975,498
2020-10-29,San Luis Obispo,079,281455,4553,4223,35,4258,31
2020-10-29,San Mateo,081,765935,11644,11145,11,11156,157
2020-10-29,Santa Barbara,083,443738,10059,9902,95,9997,128
2020-10-29,Santa Clara,085,1922200,26230,24614,51,24665,377
2020-10-29,Santa Cruz,087,273765,3020,2850,34,2884,24
2020-10-29,Shasta,089,179085,2523,2008,21,2029,32
2020-10-29,Sierra,091,2930,6,6,0,6,0
2020-10-29,Siskiyou,093,43540,230,185,11,196,0
2020-10-29,Solano,095,438530,7769,7453,39,7492,78
2020-10-29,Sonoma,097,501317,9988,9533,33,9566,140
2020-10-29,Stanislaus,099,539301,18062,17790,787,18577,410
2020-10-29,Sutter,101,95872,1915,1852,1,1853,12
2020-10-29,Tehama,103,63373,995,925,2,927,5
2020-10-29,Trinity,105,12862,100,28,11,39,0
2020-10-29,Tulare,107,460477,18285,17627,434,18061,299
2020-10-29,Tuolumne,109,53932,308,279,6,285,4
2020-10-29,Ventura,111,848112,15337,14486,344,14830,154
2020-10-29,Yolo,113,214977,3361,3246,10,3256,60
2020-10-29,Yuba,115,75493,1307,1248,4,1252,10
2020-10-28,Alameda,001,1643700,24168,23468,226,23694,400
2020-10-28,Alpine,003,1148,6,4,0,4,0
2020-10-28,Amador,005,37829,363,337,0,337,16
2020-10-28,Butte,007,227075,3257,3134,63,3197,56
2020-10-28,Calaveras,009,45235,345,278,0,278,13
2020-10-28,Colusa,011,21464,566,551,1,552,6
2020-10-28,Contra Costa,013,1133247,19483,18828,94,18922,246
2020-10-28,Del Norte,015,27424,183,173,0,173,2
2020-10-28,El Dorado,017,186661,1472,1363,14,1377,4
2020-10-28,Fresno,019,978130,33990,31195,503,31698,444
2020-10-28,Glenn,021,27897,697,673,2,675,3
2020-10-28,Humboldt,023,135768,582,559,1,560,7
2020-10-28,Imperial,025,180216,13125,12730,19,12749,333
2020-10-28,Inyo,027,18085,248,238,5,243,14
2020-10-28,Kern,029,883053,34363,33424,446,33870,436
2020-10-28,Kings,031,150075,8797,8486,52,8538,82
2020-10-28,Lake,033,64148,744,700,0,700,15
2020-10-28,Lassen,035,31185,783,771,2,773,0
2020-10-28,Los Angeles,037,10098052,307588,300726,2944,303670,7031
2020-10-28,Madera,039,155013,5146,4954,45,4999,53
2020-10-28,Marin,041,260295,7187,7079,20,7099,126
2020-10-28,Mariposa,043,17540,81,78,0,78,2
2020-10-28,Mendocino,045,87422,1109,1037,5,1042,20
2020-10-28,Merced,047,269075,9723,9480,37,9517,150
2020-10-28,Modoc,049,8938,48,31,2,33,0
2020-10-28,Mono,051,14174,238,176,6,182,1
2020-10-28,Monterey,053,433212,11678,11330,72,11402,89
2020-10-28,Napa,055,140530,2135,1998,8,2006,15
2020-10-28,Nevada,057,99092,669,629,18,647,9
2020-10-28,Orange,059,3164182,61752,58801,1809,60610,1459
2020-10-28,Placer,061,380077,4571,4236,18,4254,57
2020-10-28,Plumas,063,18699,89,67,0,67,0
2020-10-28,Riverside,065,2383286,69118,67003,460,67463,1302
2020-10-28,Sacramento,067,1510023,26464,25838,35,25873,506
2020-10-28,San Benito,069,59416,1456,1429,1,1430,15
2020-10-28,San Bernardino,071,2135413,65696,62778,485,63263,1154
2020-10-28,San Diego,073,3302833,58198,55556,1649,57205,881
2020-10-28,San Francisco,075,870044,12559,12261,49,12310,145
2020-10-28,San Joaquin,077,732212,22282,21707,228,21935,498
2020-10-28,San Luis Obispo,079,281455,4509,4197,32,4229,31
2020-10-28,San Mateo,081,765935,11577,11101,11,11112,157
2020-10-28,Santa Barbara,083,443738,10036,9872,93,9965,127
2020-10-28,Santa Clara,085,1922200,26086,24503,51,24554,375
2020-10-28,Santa Cruz,087,273765,2989,2836,34,2870,24
2020-10-28,Shasta,089,179085,2443,1996,20,2016,31
2020-10-28,Sierra,091,2930,6,6,0,6,0
2020-10-28,Siskiyou,093,43540,227,182,10,192,0
2020-10-28,Solano,095,438530,7710,7362,39,7401,77
2020-10-28,Sonoma,097,501317,9898,9457,28,9485,140
2020-10-28,Stanislaus,099,539301,17997,17765,778,18543,409
2020-10-28,Sutter,101,95872,1906,1840,1,1841,12
2020-10-28,Tehama,103,63373,984,921,2,923,5
2020-10-28,Trinity,105,12862,93,28,10,38,0
2020-10-28,Tulare,107,460477,18228,17569,419,17988,297
2020-10-28,Tuolumne,109,53932,304,277,6,283,4
2020-10-28,Ventura,111,848112,15264,14409,335,14744,153
2020-10-28,Yolo,113,214977,3336,3230,10,3240,60
2020-10-28,Yuba,115,75493,1295,1245,4,1249,10
2020-10-27,Alameda,001,1643700,24053,23365,224,23589,400
2020-10-27,Alpine,003,1148,6,3,0,3,0
2020-10-27,Amador,005,37829,360,335,0,335,16
2020-10-27,Butte,007,227075,3241,3107,60,3167,56
2020-10-27,Calaveras,009,45235,343,277,0,277,13
2020-10-27,Colusa,011,21464,561,549,1,550,6
2020-10-27,Contra Costa,013,1133247,19377,18766,94,18860,246
2020-10-27,Del Norte,015,27424,180,173,0,173,2
2020-10-27,El Dorado,017,186661,1459,1351,14,1365,4
2020-10-27,Fresno,019,978130,33871,31096,498,31594,442
2020-10-27,Glenn,021,27897,695,667,1,668,3
2020-10-27,Humboldt,023,135768,579,559,1,560,7
2020-10-27,Imperial,025,180216,13076,12680,19,12699,333
2020-10-27,Inyo,027,18085,248,231,5,236,14
2020-10-27,Kern,029,883053,34246,33328,442,33770,436
2020-10-27,Kings,031,150075,8766,8411,52,8463,83
2020-10-27,Lake,033,64148,741,700,0,700,15
2020-10-27,Lassen,035,31185,781,764,2,766,0
2020-10-27,Los Angeles,037,10098052,306200,299438,2915,302353,7008
2020-10-27,Madera,039,155013,5116,4942,44,4986,53
2020-10-27,Marin,041,260295,7171,7070,20,7090,126
2020-10-27,Mariposa,043,17540,80,78,0,78,2
2020-10-27,Mendocino,045,87422,1103,1033,4,1037,20
2020-10-27,Merced,047,269075,9682,9449,37,9486,150
2020-10-27,Modoc,049,8938,46,31,2,33,0
2020-10-27,Mono,051,14174,224,169,6,175,1
2020-10-27,Monterey,053,433212,11622,11261,70,11331,88
2020-10-27,Napa,055,140530,2119,1979,8,1987,15
2020-10-27,Nevada,057,99092,663,622,18,640,8
2020-10-27,Orange,059,3164182,61482,58550,1793,60343,1448
2020-10-27,Placer,061,380077,4522,4197,16,4213,57
2020-10-27,Plumas,063,18699,86,63,0,63,0
2020-10-27,Riverside,065,2383286,68765,66699,415,67114,1299
2020-10-27,Sacramento,067,1510023,26277,25701,34,25735,501
2020-10-27,San Benito,069,59416,1451,1428,1,1429,15
2020-10-27,San Bernardino,071,2135413,65234,62357,472,62829,1154
2020-10-27,San Diego,073,3302833,57725,55226,1626,56852,877
2020-10-27,San Francisco,075,870044,12484,12218,48,12266,140
2020-10-27,San Joaquin,077,732212,22191,21637,219,21856,496
2020-10-27,San Luis Obispo,079,281455,4482,4148,28,4176,31
2020-10-27,San Mateo,081,765935,11530,11074,11,11085,156
2020-10-27,Santa Barbara,083,443738,10006,9874,92,9966,125
2020-10-27,Santa Clara,085,1922200,25944,24368,51,24419,367
2020-10-27,Santa Cruz,087,273765,2959,2815,33,2848,24
2020-10-27,Shasta,089,179085,2357,1962,20,1982,29
2020-10-27,Sierra,091,2930,6,6,0,6,0
2020-10-27,Siskiyou,093,43540,218,181,10,191,0
2020-10-27,Solano,095,438530,7641,7298,39,7337,77
2020-10-27,Sonoma,097,501317,9831,9389,28,9417,140
2020-10-27,Stanislaus,099,539301,17929,17720,771,18491,408
2020-10-27,Sutter,101,95872,1893,1832,1,1833,12
2020-10-27,Tehama,103,63373,970,913,2,915,5
2020-10-27,Trinity,105,12862,90,28,10,38,0
2020-10-27,Tulare,107,460477,18165,17520,396,17916,296
2020-10-27,Tuolumne,109,53932,300,275,6,281,4
2020-10-27,Ventura,111,848112,15181,14347,328,14675,153
2020-10-27,Yolo,113,214977,3323,3216,10,3226,58
2020-10-27,Yuba,115,75493,1282,1235,4,1239,10
2020-10-26,Alameda,001,1643700,23940,23284,223,23507,398
2020-10-26,Alpine,003,1148,4,3,0,3,0
2020-10-26,Amador,005,37829,356,331,0,331,16
2020-10-26,Butte,007,227075,3230,3095,58,3153,56
2020-10-26,Calaveras,009,45235,340,274,0,274,13
2020-10-26,Colusa,011,21464,559,548,1,549,6
2020-10-26,Contra Costa,013,1133247,19281,18718,93,18811,245
2020-10-26,Del Norte,015,27424,180,171,0,171,2
2020-10-26,El Dorado,017,186661,1445,1336,14,1350,4
2020-10-26,Fresno,019,978130,33758,30969,491,31460,441
2020-10-26,Glenn,021,27897,688,660,1,661,3
2020-10-26,Humboldt,023,135768,571,554,1,555,7
2020-10-26,Imperial,025,180216,13022,12654,16,12670,333
2020-10-26,Inyo,027,18085,248,226,5,231,14
2020-10-26,Kern,029,883053,34162,33233,437,33670,432
2020-10-26,Kings,031,150075,8745,8264,50,8314,82
2020-10-26,Lake,033,64148,739,697,0,697,15
2020-10-26,Lassen,035,31185,778,764,2,766,0
2020-10-26,Los Angeles,037,10098052,304773,297961,2874,300835,6979
2020-10-26,Madera,039,155013,5095,4922,43,4965,53
2020-10-26,Marin,041,260295,7165,7064,19,7083,104
2020-10-26,Mariposa,043,17540,80,77,0,77,2
2020-10-26,Mendocino,045,87422,1095,1026,4,1030,20
2020-10-26,Merced,047,269075,9635,9375,36,9411,150
2020-10-26,Modoc,049,8938,44,28,0,28,0
2020-10-26,Mono,051,14174,218,167,6,173,1
2020-10-26,Monterey,053,433212,11571,11207,66,11273,87
2020-10-26,Napa,055,140530,2087,1966,8,1974,14
2020-10-26,Nevada,057,99092,656,618,18,636,8
2020-10-26,Orange,059,3164182,61278,58377,1775,60152,1442
2020-10-26,Placer,061,380077,4480,4161,15,4176,57
2020-10-26,Plumas,063,18699,84,63,0,63,0
2020-10-26,Riverside,065,2383286,68314,66475,389,66864,1294
2020-10-26,Sacramento,067,1510023,26097,25555,32,25587,496
2020-10-26,San Benito,069,59416,1443,1424,1,1425,15
2020-10-26,San Bernardino,071,2135413,64763,61871,469,62340,1153
2020-10-26,San Diego,073,3302833,57332,54957,1588,56545,870
2020-10-26,San Francisco,075,870044,12424,12072,48,12120,138
2020-10-26,San Joaquin,077,732212,22108,21459,213,21672,495
2020-10-26,San Luis Obispo,079,281455,4456,4133,28,4161,31
2020-10-26,San Mateo,081,765935,11486,11037,11,11048,156
2020-10-26,Santa Barbara,083,443738,9983,9827,92,9919,122
2020-10-26,Santa Clara,085,1922200,25754,24258,50,24308,365
2020-10-26,Santa Cruz,087,273765,2933,2808,33,2841,24
2020-10-26,Shasta,089,179085,2303,1889,20,1909,29
2020-10-26,Sierra,091,2930,6,6,0,6,0
2020-10-26,Siskiyou,093,43540,210,179,10,189,0
2020-10-26,Solano,095,438530,7561,7271,39,7310,62
2020-10-26,Sonoma,097,501317,9754,9315,28,9343,140
2020-10-26,Stanislaus,099,539301,17879,17666,761,18427,400
2020-10-26,Sutter,101,95872,1885,1817,1,1818,12
2020-10-26,Tehama,103,63373,950,892,2,894,5
2020-10-26,Trinity,105,12862,89,26,10,36,0
2020-10-26,Tulare,107,460477,18088,17432,373,17805,296
2020-10-26,Tuolumne,109,53932,291,271,6,277,4
2020-10-26,Ventura,111,848112,15112,14330,325,14655,154
2020-10-26,Yolo,113,214977,3304,3206,10,3216,58
2020-10-26,Yuba,115,75493,1266,1226,4,1230,10
2020-10-25,Alameda,001,1643700,23833,23192,223,23415,398
2020-10-25,Alpine,003,1148,3,3,0,3,0
2020-10-25,Amador,005,37829,345,330,0,330,16
2020-10-25,Butte,007,227075,3210,3087,58,3145,56
2020-10-25,Calaveras,009,45235,339,274,0,274,13
2020-10-25,Colusa,011,21464,555,548,1,549,6
2020-10-25,Contra Costa,013,1133247,19178,18640,93,18733,245
2020-10-25,Del Norte,015,27424,176,171,0,171,2
2020-10-25,El Dorado,017,186661,1430,1328,14,1342,4
2020-10-25,Fresno,019,978130,33624,30858,478,31336,441
2020-10-25,Glenn,021,27897,685,652,1,653,3
2020-10-25,Humboldt,023,135768,568,554,1,555,7
2020-10-25,Imperial,025,180216,12973,12572,16,12588,333
2020-10-25,Inyo,027,18085,245,226,5,231,14
2020-10-25,Kern,029,883053,34055,33185,433,33618,432
2020-10-25,Kings,031,150075,8712,8246,48,8294,82
2020-10-25,Lake,033,64148,722,695,0,695,15
2020-10-25,Lassen,035,31185,776,764,2,766,0
2020-10-25,Los Angeles,037,10098052,303209,297110,2838,299948,6973
2020-10-25,Madera,039,155013,5065,4909,38,4947,53
2020-10-25,Marin,041,260295,7155,7052,19,7071,102
2020-10-25,Mariposa,043,17540,80,77,0,77,2
2020-10-25,Mendocino,045,87422,1088,1024,4,1028,20
2020-10-25,Merced,047,269075,9570,9352,34,9386,150
2020-10-25,Modoc,049,8938,39,28,0,28,0
2020-10-25,Mono,051,14174,210,167,6,173,1
2020-10-25,Monterey,053,433212,11488,11182,61,11243,87
2020-10-25,Napa,055,140530,2057,1962,8,1970,14
2020-10-25,Nevada,057,99092,648,616,18,634,8
2020-10-25,Orange,059,3164182,60989,58185,1766,59951,1443
2020-10-25,Placer,061,380077,4428,4140,15,4155,57
2020-10-25,Plumas,063,18699,84,63,0,63,0
2020-10-25,Riverside,065,2383286,67864,66192,373,66565,1289
2020-10-25,Sacramento,067,1510023,25882,25445,30,25475,496
2020-10-25,San Benito,069,59416,1436,1423,1,1424,15
2020-10-25,San Bernardino,071,2135413,64223,61551,457,62008,1153
2020-10-25,San Diego,073,3302833,56869,54599,1556,56155,870
2020-10-25,San Francisco,075,870044,12351,12072,48,12120,137
2020-10-25,San Joaquin,077,732212,22000,21459,204,21663,495
2020-10-25,San Luis Obispo,079,281455,4414,4126,26,4152,31
2020-10-25,San Mateo,081,765935,11441,10987,11,10998,156
2020-10-25,Santa Barbara,083,443738,9964,9814,92,9906,122
2020-10-25,Santa Clara,085,1922200,25566,24087,50,24137,365
2020-10-25,Santa Cruz,087,273765,2906,2789,33,2822,24
2020-10-25,Shasta,089,179085,2239,1889,20,1909,29
2020-10-25,Sierra,091,2930,6,6,0,6,0
2020-10-25,Siskiyou,093,43540,207,176,10,186,0
2020-10-25,Solano,095,438530,7483,7197,39,7236,60
2020-10-25,Sonoma,097,501317,9661,9235,27,9262,140
2020-10-25,Stanislaus,099,539301,17822,17641,752,18393,400
2020-10-25,Sutter,101,95872,1867,1811,1,1812,12
2020-10-25,Tehama,103,63373,933,880,2,882,5
2020-10-25,Trinity,105,12862,85,26,10,36,0
2020-10-25,Tulare,107,460477,18014,17431,363,17794,296
2020-10-25,Tuolumne,109,53932,286,271,6,277,4
2020-10-25,Ventura,111,848112,15019,14300,319,14619,154
2020-10-25,Yolo,113,214977,3283,3190,10,3200,58
2020-10-25,Yuba,115,75493,1258,1219,4,1223,10
2020-10-24,Alameda,001,1643700,23762,23099,220,23319,398
2020-10-24,Alpine,003,1148,3,3,0,3,0
2020-10-24,Amador,005,37829,344,328,0,328,16
2020-10-24,Butte,007,227075,3201,3078,58,3136,56
2020-10-24,Calaveras,009,45235,337,274,0,274,13
2020-10-24,Colusa,011,21464,550,548,1,549,6
2020-10-24,Contra Costa,013,1133247,19112,18567,93,18660,244
2020-10-24,Del Norte,015,27424,175,171,0,171,2
2020-10-24,El Dorado,017,186661,1414,1317,14,1331,4
2020-10-24,Fresno,019,978130,33563,30752,473,31225,441
2020-10-24,Glenn,021,27897,682,650,1,651,3
2020-10-24,Humboldt,023,135768,566,553,1,554,7
2020-10-24,Imperial,025,180216,12946,12469,16,12485,333
2020-10-24,Inyo,027,18085,245,226,5,231,14
2020-10-24,Kern,029,883053,33997,33105,428,33533,432
2020-10-24,Kings,031,150075,8702,8228,47,8275,82
2020-10-24,Lake,033,64148,717,696,0,696,15
2020-10-24,Lassen,035,31185,775,764,2,766,0
2020-10-24,Los Angeles,037,10098052,302391,296323,2816,299139,6969
2020-10-24,Madera,039,155013,5052,4898,37,4935,53
2020-10-24,Marin,041,260295,7146,7042,19,7061,102
2020-10-24,Mariposa,043,17540,80,77,0,77,2
2020-10-24,Mendocino,045,87422,1076,1022,4,1026,20
2020-10-24,Merced,047,269075,9546,9351,34,9385,150
2020-10-24,Modoc,049,8938,38,28,0,28,0
2020-10-24,Mono,051,14174,196,167,6,173,1
2020-10-24,Monterey,053,433212,11419,11153,60,11213,87
2020-10-24,Napa,055,140530,2040,1957,8,1965,14
2020-10-24,Nevada,057,99092,644,608,18,626,8
2020-10-24,Orange,059,3164182,60834,57928,1756,59684,1441
2020-10-24,Placer,061,380077,4397,4093,15,4108,57
2020-10-24,Plumas,063,18699,78,63,0,63,0
2020-10-24,Riverside,065,2383286,67656,65902,359,66261,1288
2020-10-24,Sacramento,067,1510023,25801,25372,30,25402,496
2020-10-24,San Benito,069,59416,1431,1417,1,1418,15
2020-10-24,San Bernardino,071,2135413,63984,61351,449,61800,1153
2020-10-24,San Diego,073,3302833,56592,54330,1543,55873,868
2020-10-24,San Francisco,075,870044,12292,12073,47,12120,137
2020-10-24,San Joaquin,077,732212,21947,21458,199,21657,495
2020-10-24,San Luis Obispo,079,281455,4391,4119,25,4144,31
2020-10-24,San Mateo,081,765935,11402,10942,11,10953,155
2020-10-24,Santa Barbara,083,443738,9947,9781,92,9873,122
2020-10-24,Santa Clara,085,1922200,25479,23978,50,24028,365
2020-10-24,Santa Cruz,087,273765,2887,2775,33,2808,24
2020-10-24,Shasta,089,179085,2194,1878,20,1898,29
2020-10-24,Sierra,091,2930,6,6,0,6,0
2020-10-24,Siskiyou,093,43540,206,174,10,184,0
2020-10-24,Solano,095,438530,7430,7189,39,7228,60
2020-10-24,Sonoma,097,501317,9627,9179,27,9206,140
2020-10-24,Stanislaus,099,539301,17779,17574,737,18311,400
2020-10-24,Sutter,101,95872,1858,1804,1,1805,12
2020-10-24,Tehama,103,63373,925,872,2,874,5
2020-10-24,Trinity,105,12862,85,25,10,35,0
2020-10-24,Tulare,107,460477,17991,17406,352,17758,295
2020-10-24,Tuolumne,109,53932,283,269,6,275,4
2020-10-24,Ventura,111,848112,14966,14240,318,14558,154
2020-10-24,Yolo,113,214977,3271,3164,10,3174,57
2020-10-24,Yuba,115,75493,1255,1210,4,1214,10
2020-10-23,Alameda,001,1643700,23689,23047,218,23265,393
2020-10-23,Alpine,003,1148,3,3,0,3,0
2020-10-23,Amador,005,37829,343,324,0,324,16
2020-10-23,Butte,007,227075,3192,3059,58,3117,55
2020-10-23,Calaveras,009,45235,336,273,0,273,13
2020-10-23,Colusa,011,21464,550,547,1,548,6
2020-10-23,Contra Costa,013,1133247,19042,18483,92,18575,244
2020-10-23,Del Norte,015,27424,175,171,0,171,2
2020-10-23,El Dorado,017,186661,1405,1310,14,1324,4
2020-10-23,Fresno,019,978130,33496,30590,470,31060,441
2020-10-23,Glenn,021,27897,679,644,1,645,3
2020-10-23,Humboldt,023,135768,564,553,1,554,7
2020-10-23,Imperial,025,180216,12915,12398,15,12413,333
2020-10-23,Inyo,027,18085,244,226,5,231,14
2020-10-23,Kern,029,883053,33929,33077,423,33500,431
2020-10-23,Kings,031,150075,8693,8218,47,8265,82
2020-10-23,Lake,033,64148,715,689,0,689,15
2020-10-23,Lassen,035,31185,774,764,2,766,0
2020-10-23,Los Angeles,037,10098052,301305,294287,2789,297076,6956
2020-10-23,Madera,039,155013,5047,4888,37,4925,53
2020-10-23,Marin,041,260295,7133,7029,19,7048,102
2020-10-23,Mariposa,043,17540,80,77,0,77,2
2020-10-23,Mendocino,045,87422,1073,1019,4,1023,20
2020-10-23,Merced,047,269075,9532,9327,34,9361,149
2020-10-23,Modoc,049,8938,38,28,0,28,0
2020-10-23,Mono,051,14174,194,159,6,165,1
2020-10-23,Monterey,053,433212,11372,11099,56,11155,86
2020-10-23,Napa,055,140530,2032,1942,8,1950,14
2020-10-23,Nevada,057,99092,641,604,18,622,8
2020-10-23,Orange,059,3164182,60664,57595,1741,59336,1430
2020-10-23,Placer,061,380077,4350,4073,15,4088,57
2020-10-23,Plumas,063,18699,75,63,0,63,0
2020-10-23,Riverside,065,2383286,67417,65512,351,65863,1279
2020-10-23,Sacramento,067,1510023,25696,25224,30,25254,496
2020-10-23,San Benito,069,59416,1429,1412,1,1413,15
2020-10-23,San Bernardino,071,2135413,63698,60854,435,61289,1150
2020-10-23,San Diego,073,3302833,56286,53944,1516,55460,867
2020-10-23,San Francisco,075,870044,12261,12015,47,12062,137
2020-10-23,San Joaquin,077,732212,21891,21361,193,21554,495
2020-10-23,San Luis Obispo,079,281455,4366,4102,25,4127,31
2020-10-23,San Mateo,081,765935,11353,10872,11,10883,155
2020-10-23,Santa Barbara,083,443738,9931,9751,92,9843,121
2020-10-23,Santa Clara,085,1922200,25377,23822,50,23872,364
2020-10-23,Santa Cruz,087,273765,2873,2757,33,2790,24
2020-10-23,Shasta,089,179085,2157,1846,19,1865,29
2020-10-23,Sierra,091,2930,6,6,0,6,0
2020-10-23,Siskiyou,093,43540,202,172,10,182,0
2020-10-23,Solano,095,438530,7399,7174,39,7213,59
2020-10-23,Sonoma,097,501317,9570,9112,27,9139,139
2020-10-23,Stanislaus,099,539301,17742,17496,730,18226,395
2020-10-23,Sutter,101,95872,1851,1797,1,1798,12
2020-10-23,Tehama,103,63373,916,862,2,864,5
2020-10-23,Trinity,105,12862,85,26,10,36,0
2020-10-23,Tulare,107,460477,17946,17334,341,17675,295
2020-10-23,Tuolumne,109,53932,280,254,6,260,4
2020-10-23,Ventura,111,848112,14937,14192,318,14510,155
2020-10-23,Yolo,113,214977,3259,3140,10,3150,57
2020-10-23,Yuba,115,75493,1251,1206,4,1210,10
2020-10-22,Alameda,001,1643700,23588,22915,218,23133,393
2020-10-22,Alpine,003,1148,3,3,0,3,0
2020-10-22,Amador,005,37829,339,317,0,317,16
2020-10-22,Butte,007,227075,3182,3046,56,3102,55
2020-10-22,Calaveras,009,45235,333,273,0,273,13
2020-10-22,Colusa,011,21464,550,547,1,548,6
2020-10-22,Contra Costa,013,1133247,18971,18393,92,18485,243
2020-10-22,Del Norte,015,27424,174,168,0,168,2
2020-10-22,El Dorado,017,186661,1395,1308,14,1322,4
2020-10-22,Fresno,019,978130,33385,30471,462,30933,438
2020-10-22,Glenn,021,27897,672,643,1,644,3
2020-10-22,Humboldt,023,135768,562,548,1,549,7
2020-10-22,Imperial,025,180216,12862,12311,15,12326,333
2020-10-22,Inyo,027,18085,241,220,5,225,14
2020-10-22,Kern,029,883053,33848,32991,420,33411,431
2020-10-22,Kings,031,150075,8442,8201,47,8248,82
2020-10-22,Lake,033,64148,711,678,0,678,15
2020-10-22,Lassen,035,31185,771,764,2,766,0
2020-10-22,Los Angeles,037,10098052,299925,291599,2735,294334,6935
2020-10-22,Madera,039,155013,5026,4847,37,4884,52
2020-10-22,Marin,041,260295,7126,7014,19,7033,102
2020-10-22,Mariposa,043,17540,80,77,0,77,2
2020-10-22,Mendocino,045,87422,1068,1016,4,1020,20
2020-10-22,Merced,047,269075,9504,9323,34,9357,149
2020-10-22,Modoc,049,8938,34,26,0,26,0
2020-10-22,Mono,051,14174,189,156,6,162,1
2020-10-22,Monterey,053,433212,11313,11059,53,11112,84
2020-10-22,Napa,055,140530,2017,1928,8,1936,14
2020-10-22,Nevada,057,99092,635,600,18,618,8
2020-10-22,Orange,059,3164182,60450,57418,1724,59142,1422
2020-10-22,Placer,061,380077,4301,4036,15,4051,57
2020-10-22,Plumas,063,18699,72,62,0,62,0
2020-10-22,Riverside,065,2383286,67082,65104,333,65437,1279
2020-10-22,Sacramento,067,1510023,25556,25054,30,25084,492
2020-10-22,San Benito,069,59416,1425,1403,1,1404,15
2020-10-22,San Bernardino,071,2135413,63296,60402,420,60822,1149
2020-10-22,San Diego,073,3302833,55899,53514,1497,55011,866
2020-10-22,San Francisco,075,870044,12203,11991,45,12036,137
2020-10-22,San Joaquin,077,732212,21818,21282,187,21469,495
2020-10-22,San Luis Obispo,079,281455,4350,4081,25,4106,31
2020-10-22,San Mateo,081,765935,11297,10796,11,10807,155
2020-10-22,Santa Barbara,083,443738,9898,9710,90,9800,120
2020-10-22,Santa Clara,085,1922200,25223,23621,50,23671,363
2020-10-22,Santa Cruz,087,273765,2855,2738,32,2770,24
2020-10-22,Shasta,089,179085,2111,1799,19,1818,29
2020-10-22,Sierra,091,2930,6,6,0,6,0
2020-10-22,Siskiyou,093,43540,201,169,10,179,0
2020-10-22,Solano,095,438530,7353,7116,39,7155,59
2020-10-22,Sonoma,097,501317,9504,9052,26,9078,139
2020-10-22,Stanislaus,099,539301,17689,17440,718,18158,395
2020-10-22,Sutter,101,95872,1837,1794,1,1795,12
2020-10-22,Tehama,103,63373,905,852,2,854,5
2020-10-22,Trinity,105,12862,84,26,10,36,0
2020-10-22,Tulare,107,460477,17880,17265,328,17593,293
2020-10-22,Tuolumne,109,53932,277,252,6,258,4
2020-10-22,Ventura,111,848112,14890,14124,316,14440,154
2020-10-22,Yolo,113,214977,3247,3116,10,3126,58
2020-10-22,Yuba,115,75493,1244,1199,3,1202,10
2020-10-21,Alameda,001,1643700,23500,22853,216,23069,392
2020-10-21,Alpine,003,1148,3,3,0,3,0
2020-10-21,Amador,005,37829,334,313,0,313,16
2020-10-21,Butte,007,227075,3170,3041,56,3097,55
2020-10-21,Calaveras,009,45235,332,272,0,272,13
2020-10-21,Colusa,011,21464,550,546,1,547,6
2020-10-21,Contra Costa,013,1133247,18897,18299,92,18391,243
2020-10-21,Del Norte,015,27424,174,169,0,169,2
2020-10-21,El Dorado,017,186661,1383,1305,13,1318,4
2020-10-21,Fresno,019,978130,33289,30328,457,30785,433
2020-10-21,Glenn,021,27897,667,640,1,641,3
2020-10-21,Humboldt,023,135768,561,548,1,549,7
2020-10-21,Imperial,025,180216,12805,12210,15,12225,331
2020-10-21,Inyo,027,18085,237,220,5,225,14
2020-10-21,Kern,029,883053,33773,32956,418,33374,430
2020-10-21,Kings,031,150075,8415,8186,47,8233,80
2020-10-21,Lake,033,64148,710,676,0,676,15
2020-10-21,Lassen,035,31185,770,764,2,766,0
2020-10-21,Los Angeles,037,10098052,298584,288096,2693,290789,6923
2020-10-21,Madera,039,155013,5001,4831,37,4868,52
2020-10-21,Marin,041,260295,7117,7002,19,7021,102
2020-10-21,Mariposa,043,17540,80,77,0,77,2
2020-10-21,Mendocino,045,87422,1066,1011,4,1015,21
2020-10-21,Merced,047,269075,9480,9319,32,9351,149
2020-10-21,Modoc,049,8938,33,26,0,26,0
2020-10-21,Mono,051,14174,187,156,6,162,1
2020-10-21,Monterey,053,433212,11275,11005,52,11057,83
2020-10-21,Napa,055,140530,2002,1918,8,1926,13
2020-10-21,Nevada,057,99092,629,597,18,615,8
2020-10-21,Orange,059,3164182,60238,57189,1715,58904,1409
2020-10-21,Placer,061,380077,4264,4007,15,4022,56
2020-10-21,Plumas,063,18699,69,58,0,58,0
2020-10-21,Riverside,065,2383286,66786,64778,309,65087,1278
2020-10-21,Sacramento,067,1510023,25362,24908,30,24938,490
2020-10-21,San Benito,069,59416,1424,1401,1,1402,14
2020-10-21,San Bernardino,071,2135413,62886,59948,413,60361,1141
2020-10-21,San Diego,073,3302833,55547,53279,1469,54748,863
2020-10-21,San Francisco,075,870044,12154,11976,44,12020,137
2020-10-21,San Joaquin,077,732212,21742,21201,181,21382,495
2020-10-21,San Luis Obispo,079,281455,4323,4055,23,4078,31
2020-10-21,San Mateo,081,765935,11248,10730,11,10741,155
2020-10-21,Santa Barbara,083,443738,9881,9681,89,9770,121
2020-10-21,Santa Clara,085,1922200,25096,23537,50,23587,361
2020-10-21,Santa Cruz,087,273765,2832,2729,32,2761,24
2020-10-21,Shasta,089,179085,2075,1777,19,1796,27
2020-10-21,Sierra,091,2930,6,6,0,6,0
2020-10-21,Siskiyou,093,43540,197,169,10,179,0
2020-10-21,Solano,095,438530,7307,7088,39,7127,59
2020-10-21,Sonoma,097,501317,9424,8987,26,9013,138
2020-10-21,Stanislaus,099,539301,17640,17419,710,18129,392
2020-10-21,Sutter,101,95872,1823,1786,1,1787,12
2020-10-21,Tehama,103,63373,889,824,2,826,5
2020-10-21,Trinity,105,12862,78,25,9,34,0
2020-10-21,Tulare,107,460477,17842,17204,314,17518,292
2020-10-21,Tuolumne,109,53932,276,251,6,257,4
2020-10-21,Ventura,111,848112,14827,14050,313,14363,153
2020-10-21,Yolo,113,214977,3228,3095,10,3105,58
2020-10-21,Yuba,115,75493,1236,1194,3,1197,10
2020-10-20,Alameda,001,1643700,23398,22750,212,22962,391
2020-10-20,Alpine,003,1148,3,3,0,3,0
2020-10-20,Amador,005,37829,333,313,0,313,16
2020-10-20,Butte,007,227075,3158,3027,56,3083,56
2020-10-20,Calaveras,009,45235,330,273,0,273,13
2020-10-20,Colusa,011,21464,547,546,1,547,6
2020-10-20,Contra Costa,013,1133247,18804,18246,92,18338,241
2020-10-20,Del Norte,015,27424,173,169,0,169,2
2020-10-20,El Dorado,017,186661,1377,1295,13,1308,4
2020-10-20,Fresno,019,978130,33186,30220,451,30671,431
2020-10-20,Glenn,021,27897,662,638,1,639,3
2020-10-20,Humboldt,023,135768,557,545,1,546,7
2020-10-20,Imperial,025,180216,12737,12114,15,12129,330
2020-10-20,Inyo,027,18085,237,218,5,223,14
2020-10-20,Kern,029,883053,33698,32889,405,33294,429
2020-10-20,Kings,031,150075,8397,8178,46,8224,80
2020-10-20,Lake,033,64148,708,675,0,675,15
2020-10-20,Lassen,035,31185,769,757,2,759,0
2020-10-20,Los Angeles,037,10098052,297089,287727,2644,290371,6891
2020-10-20,Madera,039,155013,4984,4823,37,4860,52
2020-10-20,Marin,041,260295,7102,6994,19,7013,101
2020-10-20,Mariposa,043,17540,79,77,0,77,2
2020-10-20,Mendocino,045,87422,1064,1004,4,1008,21
2020-10-20,Merced,047,269075,9458,9323,32,9355,149
2020-10-20,Modoc,049,8938,32,26,0,26,0
2020-10-20,Mono,051,14174,187,156,6,162,1
2020-10-20,Monterey,053,433212,11232,10942,49,10991,81
2020-10-20,Napa,055,140530,1983,1912,8,1920,13
2020-10-20,Nevada,057,99092,619,596,18,614,8
2020-10-20,Orange,059,3164182,59974,56914,1705,58619,1397
2020-10-20,Placer,061,380077,4226,3997,15,4012,56
2020-10-20,Plumas,063,18699,66,53,0,53,0
2020-10-20,Riverside,065,2383286,66407,64452,297,64749,1275
2020-10-20,Sacramento,067,1510023,25234,24767,29,24796,485
2020-10-20,San Benito,069,59416,1421,1398,1,1399,14
2020-10-20,San Bernardino,071,2135413,62502,59571,411,59982,1109
2020-10-20,San Diego,073,3302833,55211,53004,1449,54453,857
2020-10-20,San Francisco,075,870044,12107,12013,43,12056,126
2020-10-20,San Joaquin,077,732212,21663,21173,172,21345,490
2020-10-20,San Luis Obispo,079,281455,4305,4043,22,4065,31
2020-10-20,San Mateo,081,765935,11201,10659,11,10670,155
2020-10-20,Santa Barbara,083,443738,9852,9664,87,9751,121
2020-10-20,Santa Clara,085,1922200,24958,23406,50,23456,358
2020-10-20,Santa Cruz,087,273765,2809,2710,32,2742,23
2020-10-20,Shasta,089,179085,2052,1747,19,1766,20
2020-10-20,Sierra,091,2930,6,6,0,6,0
2020-10-20,Siskiyou,093,43540,189,168,10,178,0
2020-10-20,Solano,095,438530,7258,7044,39,7083,57
2020-10-20,Sonoma,097,501317,9361,8904,24,8928,135
2020-10-20,Stanislaus,099,539301,17587,17367,706,18073,393
2020-10-20,Sutter,101,95872,1814,1783,1,1784,12
2020-10-20,Tehama,103,63373,874,813,2,815,5
2020-10-20,Trinity,105,12862,77,25,9,34,0
2020-10-20,Tulare,107,460477,17775,17156,309,17465,289
2020-10-20,Tuolumne,109,53932,274,250,6,256,4
2020-10-20,Ventura,111,848112,14763,13980,311,14291,152
2020-10-20,Yolo,113,214977,3205,3083,10,3093,56
2020-10-20,Yuba,115,75493,1226,1191,3,1194,10
2020-10-19,Alameda,001,1643700,23288,22647,211,22858,392
2020-10-19,Alpine,003,1148,3,3,0,3,0
2020-10-19,Amador,005,37829,327,313,0,313,16
2020-10-19,Butte,007,227075,3147,3026,56,3082,55
2020-10-19,Calaveras,009,45235,329,268,0,268,13
2020-10-19,Colusa,011,21464,547,544,1,545,6
2020-10-19,Contra Costa,013,1133247,18706,18173,92,18265,239
2020-10-19,Del Norte,015,27424,170,167,0,167,2
2020-10-19,El Dorado,017,186661,1356,1287,13,1300,4
2020-10-19,Fresno,019,978130,33075,30152,445,30597,431
2020-10-19,Glenn,021,27897,657,635,0,635,3
2020-10-19,Humboldt,023,135768,557,543,1,544,7
2020-10-19,Imperial,025,180216,12683,12036,14,12050,330
2020-10-19,Inyo,027,18085,236,218,5,223,14
2020-10-19,Kern,029,883053,33622,32840,402,33242,428
2020-10-19,Kings,031,150075,8379,8173,46,8219,80
2020-10-19,Lake,033,64148,705,673,0,673,15
2020-10-19,Lassen,035,31185,768,757,2,759,0
2020-10-19,Los Angeles,037,10098052,295604,287119,2606,289725,6858
2020-10-19,Madera,039,155013,4969,4787,37,4824,52
2020-10-19,Marin,041,260295,7084,6981,19,7000,100
2020-10-19,Mariposa,043,17540,79,77,0,77,2
2020-10-19,Mendocino,045,87422,1059,1001,4,1005,21
2020-10-19,Merced,047,269075,9433,9305,29,9334,148
2020-10-19,Modoc,049,8938,31,26,0,26,0
2020-10-19,Mono,051,14174,182,156,6,162,1
2020-10-19,Monterey,053,433212,11171,10907,49,10956,80
2020-10-19,Napa,055,140530,1971,1892,8,1900,12
2020-10-19,Nevada,057,99092,616,590,18,608,8
2020-10-19,Orange,059,3164182,59690,56652,1690,58342,1396
2020-10-19,Placer,061,380077,4178,3962,15,3977,49
2020-10-19,Plumas,063,18699,64,52,0,52,0
2020-10-19,Riverside,065,2383286,65976,64016,281,64297,1272
2020-10-19,Sacramento,067,1510023,25095,24542,29,24571,483
2020-10-19,San Benito,069,59416,1414,1395,1,1396,14
2020-10-19,San Bernardino,071,2135413,62050,59265,399,59664,1100
2020-10-19,San Diego,073,3302833,54825,52739,1424,54163,853
2020-10-19,San Francisco,075,870044,12063,11879,43,11922,126
2020-10-19,San Joaquin,077,732212,21588,20930,164,21094,489
2020-10-19,San Luis Obispo,079,281455,4289,4016,22,4038,31
2020-10-19,San Mateo,081,765935,11155,10568,11,10579,154
2020-10-19,Santa Barbara,083,443738,9816,9632,87,9719,121
2020-10-19,Santa Clara,085,1922200,24808,23301,50,23351,352
2020-10-19,Santa Cruz,087,273765,2792,2705,32,2737,19
2020-10-19,Shasta,089,179085,2008,1709,18,1727,20
2020-10-19,Sierra,091,2930,6,6,0,6,0
2020-10-19,Siskiyou,093,43540,182,167,10,177,0
2020-10-19,Solano,095,438530,7217,7003,39,7042,57
2020-10-19,Sonoma,097,501317,9274,8830,24,8854,135
2020-10-19,Stanislaus,099,539301,17536,17342,696,18038,390
2020-10-19,Sutter,101,95872,1809,1773,1,1774,12
2020-10-19,Tehama,103,63373,871,793,2,795,5
2020-10-19,Trinity,105,12862,75,23,9,32,0
2020-10-19,Tulare,107,460477,17725,17047,302,17349,291
2020-10-19,Tuolumne,109,53932,272,247,6,253,4
2020-10-19,Ventura,111,848112,14698,13930,308,14238,152
2020-10-19,Yolo,113,214977,3192,3069,10,3079,56
2020-10-19,Yuba,115,75493,1219,1183,3,1186,10
2020-10-18,Alameda,001,1643700,23184,22546,210,22756,392
2020-10-18,Alpine,003,1148,3,3,0,3,0
2020-10-18,Amador,005,37829,316,313,0,313,16
2020-10-18,Butte,007,227075,3134,3019,56,3075,55
2020-10-18,Calaveras,009,45235,328,267,0,267,13
2020-10-18,Colusa,011,21464,545,544,1,545,6
2020-10-18,Contra Costa,013,1133247,18608,18120,92,18212,237
2020-10-18,Del Norte,015,27424,170,167,0,167,2
2020-10-18,El Dorado,017,186661,1347,1283,13,1296,4
2020-10-18,Fresno,019,978130,32945,30051,437,30488,430
2020-10-18,Glenn,021,27897,655,634,0,634,3
2020-10-18,Humboldt,023,135768,554,540,1,541,7
2020-10-18,Imperial,025,180216,12620,11987,13,12000,330
2020-10-18,Inyo,027,18085,233,215,5,220,14
2020-10-18,Kern,029,883053,33549,32799,395,33194,428
2020-10-18,Kings,031,150075,8364,8159,46,8205,80
2020-10-18,Lake,033,64148,698,670,0,670,15
2020-10-18,Lassen,035,31185,768,757,2,759,0
2020-10-18,Los Angeles,037,10098052,293894,286187,2564,288751,6857
2020-10-18,Madera,039,155013,4944,4770,37,4807,52
2020-10-18,Marin,041,260295,7063,6969,19,6988,99
2020-10-18,Mariposa,043,17540,79,77,0,77,2
2020-10-18,Mendocino,045,87422,1057,988,4,992,21
2020-10-18,Merced,047,269075,9398,9292,29,9321,148
2020-10-18,Modoc,049,8938,30,26,0,26,0
2020-10-18,Mono,051,14174,177,155,6,161,1
2020-10-18,Monterey,053,433212,11118,10872,49,10921,80
2020-10-18,Napa,055,140530,1958,1882,8,1890,12
2020-10-18,Nevada,057,99092,610,582,18,600,8
2020-10-18,Orange,059,3164182,59393,56394,1673,58067,1396
2020-10-18,Placer,061,380077,4130,3938,15,3953,49
2020-10-18,Plumas,063,18699,62,52,0,52,0
2020-10-18,Riverside,065,2383286,65663,63765,260,64025,1270
2020-10-18,Sacramento,067,1510023,24940,24425,29,24454,482
2020-10-18,San Benito,069,59416,1407,1395,1,1396,14
2020-10-18,San Bernardino,071,2135413,61551,58893,391,59284,1098
2020-10-18,San Diego,073,3302833,54436,52359,1403,53762,853
2020-10-18,San Francisco,075,870044,12024,11878,43,11921,126
2020-10-18,San Joaquin,077,732212,21505,20931,151,21082,489
2020-10-18,San Luis Obispo,079,281455,4258,4009,20,4029,31
2020-10-18,San Mateo,081,765935,11096,10503,11,10514,154
2020-10-18,Santa Barbara,083,443738,9776,9608,86,9694,121
2020-10-18,Santa Clara,085,1922200,24635,23169,50,23219,352
2020-10-18,Santa Cruz,087,273765,2778,2692,32,2724,19
2020-10-18,Shasta,089,179085,1983,1708,18,1726,20
2020-10-18,Sierra,091,2930,6,6,0,6,0
2020-10-18,Siskiyou,093,43540,182,167,10,177,0
2020-10-18,Solano,095,438530,7170,6962,39,7001,57
2020-10-18,Sonoma,097,501317,9197,8781,23,8804,134
2020-10-18,Stanislaus,099,539301,17479,17290,687,17977,390
2020-10-18,Sutter,101,95872,1800,1764,1,1765,12
2020-10-18,Tehama,103,63373,839,774,2,776,5
2020-10-18,Trinity,105,12862,75,20,9,29,0
2020-10-18,Tulare,107,460477,17631,17048,293,17341,290
2020-10-18,Tuolumne,109,53932,266,245,6,251,4
2020-10-18,Ventura,111,848112,14618,13901,307,14208,151
2020-10-18,Yolo,113,214977,3153,3059,10,3069,55
2020-10-18,Yuba,115,75493,1208,1176,3,1179,10
2020-10-17,Alameda,001,1643700,23139,22394,208,22602,398
2020-10-17,Alpine,003,1148,3,3,0,3,0
2020-10-17,Amador,005,37829,314,309,0,309,16
2020-10-17,Butte,007,227075,3127,3012,54,3066,55
2020-10-17,Calaveras,009,45235,328,267,0,267,13
2020-10-17,Colusa,011,21464,544,544,1,545,6
2020-10-17,Contra Costa,013,1133247,18555,18005,92,18097,237
2020-10-17,Del Norte,015,27424,170,167,0,167,2
2020-10-17,El Dorado,017,186661,1343,1277,13,1290,4
2020-10-17,Fresno,019,978130,32891,29911,435,30346,430
2020-10-17,Glenn,021,27897,652,633,0,633,3
2020-10-17,Humboldt,023,135768,551,535,1,536,7
2020-10-17,Imperial,025,180216,12592,11962,13,11975,330
2020-10-17,Inyo,027,18085,228,212,5,217,14
2020-10-17,Kern,029,883053,33498,32710,392,33102,428
2020-10-17,Kings,031,150075,8358,8151,45,8196,80
2020-10-17,Lake,033,64148,695,663,0,663,15
2020-10-17,Lassen,035,31185,768,757,2,759,0
2020-10-17,Los Angeles,037,10098052,293140,285858,2537,288395,6844
2020-10-17,Madera,039,155013,4938,4759,37,4796,53
2020-10-17,Marin,041,260295,7060,6958,19,6977,99
2020-10-17,Mariposa,043,17540,78,77,0,77,2
2020-10-17,Mendocino,045,87422,1050,977,4,981,21
2020-10-17,Merced,047,269075,9385,9275,29,9304,148
2020-10-17,Modoc,049,8938,30,26,0,26,0
2020-10-17,Mono,051,14174,176,155,6,161,1
2020-10-17,Monterey,053,433212,11079,10807,48,10855,80
2020-10-17,Napa,055,140530,1949,1866,8,1874,12
2020-10-17,Nevada,057,99092,609,580,18,598,8
2020-10-17,Orange,059,3164182,59251,56197,1667,57864,1396
2020-10-17,Placer,061,380077,4103,3898,15,3913,49
2020-10-17,Plumas,063,18699,62,52,0,52,0
2020-10-17,Riverside,065,2383286,65466,63171,251,63422,1270
2020-10-17,Sacramento,067,1510023,24857,24304,29,24333,482
2020-10-17,San Benito,069,59416,1403,1389,1,1390,14
2020-10-17,San Bernardino,071,2135413,61278,58415,384,58799,1097
2020-10-17,San Diego,073,3302833,54211,51986,1392,53378,853
2020-10-17,San Francisco,075,870044,11997,11877,42,11919,126
2020-10-17,San Joaquin,077,732212,21451,20932,145,21077,489
2020-10-17,San Luis Obispo,079,281455,4243,3979,20,3999,31
2020-10-17,San Mateo,081,765935,11068,10423,11,10434,153
2020-10-17,Santa Barbara,083,443738,9757,9588,84,9672,121
2020-10-17,Santa Clara,085,1922200,24545,22997,50,23047,349
2020-10-17,Santa Cruz,087,273765,2764,2680,32,2712,19
2020-10-17,Shasta,089,179085,1957,1679,18,1697,20
2020-10-17,Sierra,091,2930,6,6,0,6,0
2020-10-17,Siskiyou,093,43540,181,167,10,177,0
2020-10-17,Solano,095,438530,7143,6929,39,6968,57
2020-10-17,Sonoma,097,501317,9154,8725,23,8748,134
2020-10-17,Stanislaus,099,539301,17438,17232,678,17910,390
2020-10-17,Sutter,101,95872,1798,1762,1,1763,12
2020-10-17,Tehama,103,63373,823,764,2,766,5
2020-10-17,Trinity,105,12862,75,20,9,29,0
2020-10-17,Tulare,107,460477,17601,16995,284,17279,290
2020-10-17,Tuolumne,109,53932,266,241,6,247,4
2020-10-17,Ventura,111,848112,14573,13845,304,14149,151
2020-10-17,Yolo,113,214977,3138,3045,9,3054,55
2020-10-17,Yuba,115,75493,1203,1164,3,1167,10
2020-10-16,Alameda,001,1643700,23085,22315,208,22523,397
2020-10-16,Alpine,003,1148,3,3,0,3,0
2020-10-16,Amador,005,37829,314,309,0,309,16
2020-10-16,Butte,007,227075,3115,3004,54,3058,54
2020-10-16,Calaveras,009,45235,328,267,0,267,13
2020-10-16,Colusa,011,21464,543,544,1,545,6
2020-10-16,Contra Costa,013,1133247,18503,17956,92,18048,237
2020-10-16,Del Norte,015,27424,169,166,0,166,2
2020-10-16,El Dorado,017,186661,1337,1273,13,1286,4
2020-10-16,Fresno,019,978130,32816,29796,434,30230,427
2020-10-16,Glenn,021,27897,647,632,0,632,3
2020-10-16,Humboldt,023,135768,551,533,1,534,7
2020-10-16,Imperial,025,180216,12552,11885,13,11898,330
2020-10-16,Inyo,027,18085,224,212,5,217,14
2020-10-16,Kern,029,883053,33455,32660,390,33050,428
2020-10-16,Kings,031,150075,8349,8146,44,8190,80
2020-10-16,Lake,033,64148,693,644,0,644,14
2020-10-16,Lassen,035,31185,768,757,2,759,0
2020-10-16,Los Angeles,037,10098052,292076,284988,2515,287503,6835
2020-10-16,Madera,039,155013,4926,4736,36,4772,53
2020-10-16,Marin,041,260295,7050,6933,19,6952,99
2020-10-16,Mariposa,043,17540,78,76,0,76,2
2020-10-16,Mendocino,045,87422,1043,974,4,978,21
2020-10-16,Merced,047,269075,9368,9246,29,9275,148
2020-10-16,Modoc,049,8938,30,26,0,26,0
2020-10-16,Mono,051,14174,174,155,6,161,1
2020-10-16,Monterey,053,433212,11044,10727,48,10775,79
2020-10-16,Napa,055,140530,1940,1855,8,1863,12
2020-10-16,Nevada,057,99092,607,579,18,597,8
2020-10-16,Orange,059,3164182,59073,56091,1661,57752,1388
2020-10-16,Placer,061,380077,4082,3864,15,3879,49
2020-10-16,Plumas,063,18699,61,52,0,52,0
2020-10-16,Riverside,065,2383286,65240,62986,250,63236,1267
2020-10-16,Sacramento,067,1510023,24762,24144,29,24173,479
2020-10-16,San Benito,069,59416,1400,1388,1,1389,14
2020-10-16,San Bernardino,071,2135413,61008,58233,384,58617,1069
2020-10-16,San Diego,073,3302833,53969,51785,1378,53163,850
2020-10-16,San Francisco,075,870044,11974,11840,41,11881,126
2020-10-16,San Joaquin,077,732212,21406,20910,144,21054,489
2020-10-16,San Luis Obispo,079,281455,4227,3952,20,3972,32
2020-10-16,San Mateo,081,765935,11042,10405,11,10416,153
2020-10-16,Santa Barbara,083,443738,9738,9549,84,9633,119
2020-10-16,Santa Clara,085,1922200,24457,22920,50,22970,345
2020-10-16,Santa Cruz,087,273765,2751,2666,32,2698,20
2020-10-16,Shasta,089,179085,1935,1660,18,1678,20
2020-10-16,Sierra,091,2930,6,6,0,6,0
2020-10-16,Siskiyou,093,43540,179,167,10,177,0
2020-10-16,Solano,095,438530,7120,6879,39,6918,55
2020-10-16,Sonoma,097,501317,9098,8652,23,8675,133
2020-10-16,Stanislaus,099,539301,17404,17201,670,17871,366
2020-10-16,Sutter,101,95872,1790,1756,1,1757,12
2020-10-16,Tehama,103,63373,822,737,2,739,3
2020-10-16,Trinity,105,12862,75,20,9,29,0
2020-10-16,Tulare,107,460477,17569,16965,276,17241,290
2020-10-16,Tuolumne,109,53932,264,237,6,243,4
2020-10-16,Ventura,111,848112,14530,13805,299,14104,152
2020-10-16,Yolo,113,214977,3129,3030,9,3039,55
2020-10-16,Yuba,115,75493,1203,1155,3,1158,10
2020-10-15,Alameda,001,1643700,23017,22267,207,22474,390
2020-10-15,Alpine,003,1148,3,3,0,3,0
2020-10-15,Amador,005,37829,314,309,0,309,16
2020-10-15,Butte,007,227075,3103,3000,53,3053,54
2020-10-15,Calaveras,009,45235,327,267,0,267,13
2020-10-15,Colusa,011,21464,542,543,1,544,6
2020-10-15,Contra Costa,013,1133247,18435,17893,91,17984,237
2020-10-15,Del Norte,015,27424,169,164,0,164,2
2020-10-15,El Dorado,017,186661,1332,1265,13,1278,4
2020-10-15,Fresno,019,978130,32717,29727,431,30158,425
2020-10-15,Glenn,021,27897,642,632,0,632,3
2020-10-15,Humboldt,023,135768,547,531,1,532,7
2020-10-15,Imperial,025,180216,12511,11820,12,11832,330
2020-10-15,Inyo,027,18085,224,210,5,215,14
2020-10-15,Kern,029,883053,33374,32593,387,32980,427
2020-10-15,Kings,031,150075,8334,8134,44,8178,80
2020-10-15,Lake,033,64148,691,642,0,642,14
2020-10-15,Lassen,035,31185,767,752,2,754,0
2020-10-15,Los Angeles,037,10098052,290791,284019,2482,286501,6807
2020-10-15,Madera,039,155013,4913,4723,35,4758,50
2020-10-15,Marin,041,260295,7042,6912,19,6931,99
2020-10-15,Mariposa,043,17540,78,76,0,76,2
2020-10-15,Mendocino,045,87422,1037,963,4,967,21
2020-10-15,Merced,047,269075,9341,9213,29,9242,147
2020-10-15,Modoc,049,8938,30,26,0,26,0
2020-10-15,Mono,051,14174,174,155,6,161,1
2020-10-15,Monterey,053,433212,10977,10677,47,10724,79
2020-10-15,Napa,055,140530,1927,1842,8,1850,12
2020-10-15,Nevada,057,99092,603,575,18,593,8
2020-10-15,Orange,059,3164182,58857,55952,1649,57601,1379
2020-10-15,Placer,061,380077,4053,3848,15,3863,48
2020-10-15,Plumas,063,18699,58,52,0,52,0
2020-10-15,Riverside,065,2383286,64908,62819,247,63066,1266
2020-10-15,Sacramento,067,1510023,24646,24068,29,24097,474
2020-10-15,San Benito,069,59416,1397,1384,1,1385,14
2020-10-15,San Bernardino,071,2135413,60669,58068,381,58449,1067
2020-10-15,San Diego,073,3302833,53685,51472,1362,52834,847
2020-10-15,San Francisco,075,870044,11946,11808,38,11846,126
2020-10-15,San Joaquin,077,732212,21335,20880,138,21018,487
2020-10-15,San Luis Obispo,079,281455,4211,3934,20,3954,32
2020-10-15,San Mateo,081,765935,11002,10340,11,10351,152
2020-10-15,Santa Barbara,083,443738,9714,9526,83,9609,117
2020-10-15,Santa Clara,085,1922200,24341,22808,50,22858,343
2020-10-15,Santa Cruz,087,273765,2737,2656,32,2688,13
2020-10-15,Shasta,089,179085,1924,1635,18,1653,20
2020-10-15,Sierra,091,2930,6,6,0,6,0
2020-10-15,Siskiyou,093,43540,175,166,10,176,0
2020-10-15,Solano,095,438530,7081,6830,39,6869,55
2020-10-15,Sonoma,097,501317,9006,8571,23,8594,133
2020-10-15,Stanislaus,099,539301,17366,17151,656,17807,366
2020-10-15,Sutter,101,95872,1787,1752,1,1753,12
2020-10-15,Tehama,103,63373,795,726,2,728,3
2020-10-15,Trinity,105,12862,75,20,9,29,0
2020-10-15,Tulare,107,460477,17509,16918,261,17179,289
2020-10-15,Tuolumne,109,53932,262,236,6,242,4
2020-10-15,Ventura,111,848112,14474,13750,294,14044,152
2020-10-15,Yolo,113,214977,3109,3014,9,3023,55
2020-10-15,Yuba,115,75493,1196,1151,3,1154,10
2020-10-14,Alameda,001,1643700,22918,22227,206,22433,398
2020-10-14,Alpine,003,1148,3,3,0,3,0
2020-10-14,Amador,005,37829,312,308,0,308,16
2020-10-14,Butte,007,227075,3095,2995,53,3048,54
2020-10-14,Calaveras,009,45235,327,266,0,266,12
2020-10-14,Colusa,011,21464,542,543,1,544,6
2020-10-14,Contra Costa,013,1133247,18377,17820,89,17909,236
2020-10-14,Del Norte,015,27424,168,163,0,163,2
2020-10-14,El Dorado,017,186661,1326,1264,12,1276,4
2020-10-14,Fresno,019,978130,32603,29650,425,30075,424
2020-10-14,Glenn,021,27897,641,629,0,629,3
2020-10-14,Humboldt,023,135768,544,531,1,532,7
2020-10-14,Imperial,025,180216,12474,11765,10,11775,330
2020-10-14,Inyo,027,18085,223,209,4,213,14
2020-10-14,Kern,029,883053,33299,32528,385,32913,425
2020-10-14,Kings,031,150075,8316,8118,44,8162,80
2020-10-14,Lake,033,64148,690,642,0,642,14
2020-10-14,Lassen,035,31185,765,752,2,754,0
2020-10-14,Los Angeles,037,10098052,289476,282918,2439,285357,6786
2020-10-14,Madera,039,155013,4898,4713,33,4746,50
2020-10-14,Marin,041,260295,7036,6907,19,6926,99
2020-10-14,Mariposa,043,17540,77,76,0,76,2
2020-10-14,Mendocino,045,87422,1031,955,4,959,21
2020-10-14,Merced,047,269075,9316,9201,27,9228,147
2020-10-14,Modoc,049,8938,30,27,0,27,0
2020-10-14,Mono,051,14174,174,155,6,161,1
2020-10-14,Monterey,053,433212,10927,10616,47,10663,78
2020-10-14,Napa,055,140530,1910,1837,8,1845,12
2020-10-14,Nevada,057,99092,601,573,18,591,7
2020-10-14,Orange,059,3164182,58644,55756,1640,57396,1348
2020-10-14,Placer,061,380077,4030,3829,15,3844,48
2020-10-14,Plumas,063,18699,54,52,0,52,0
2020-10-14,Riverside,065,2383286,64625,62607,246,62853,1261
2020-10-14,Sacramento,067,1510023,24502,24013,29,24042,472
2020-10-14,San Benito,069,59416,1395,1381,0,1381,14
2020-10-14,San Bernardino,071,2135413,60343,57774,377,58151,1063
2020-10-14,San Diego,073,3302833,53366,51329,1338,52667,844
2020-10-14,San Francisco,075,870044,11914,11783,37,11820,123
2020-10-14,San Joaquin,077,732212,21256,20845,124,20969,487
2020-10-14,San Luis Obispo,079,281455,4188,3901,19,3920,32
2020-10-14,San Mateo,081,765935,10951,10309,11,10320,132
2020-10-14,Santa Barbara,083,443738,9680,9509,83,9592,117
2020-10-14,Santa Clara,085,1922200,24192,22735,50,22785,343
2020-10-14,Santa Cruz,087,273765,2727,2618,32,2650,13
2020-10-14,Shasta,089,179085,1886,1553,18,1571,20
2020-10-14,Sierra,091,2930,6,6,0,6,0
2020-10-14,Siskiyou,093,43540,175,166,10,176,0
2020-10-14,Solano,095,438530,7025,6786,39,6825,55
2020-10-14,Sonoma,097,501317,8953,8514,23,8537,133
2020-10-14,Stanislaus,099,539301,17321,17105,653,17758,365
2020-10-14,Sutter,101,95872,1778,1747,1,1748,12
2020-10-14,Tehama,103,63373,784,721,2,723,3
2020-10-14,Trinity,105,12862,74,20,9,29,0
2020-10-14,Tulare,107,460477,17447,16863,248,17111,287
2020-10-14,Tuolumne,109,53932,261,236,6,242,4
2020-10-14,Ventura,111,848112,14420,13697,290,13987,152
2020-10-14,Yolo,113,214977,3091,3007,8,3015,55
2020-10-14,Yuba,115,75493,1188,1147,3,1150,10
2020-10-13,Alameda,001,1643700,22813,22185,204,22389,389
2020-10-13,Alpine,003,1148,3,3,0,3,0
2020-10-13,Amador,005,37829,310,306,0,306,16
2020-10-13,Butte,007,227075,3087,2992,53,3045,54
2020-10-13,Calaveras,009,45235,323,262,0,262,12
2020-10-13,Colusa,011,21464,542,541,1,542,6
2020-10-13,Contra Costa,013,1133247,18320,17783,89,17872,234
2020-10-13,Del Norte,015,27424,168,163,0,163,2
2020-10-13,El Dorado,017,186661,1317,1262,12,1274,4
2020-10-13,Fresno,019,978130,32480,29579,421,30000,424
2020-10-13,Glenn,021,27897,640,629,0,629,3
2020-10-13,Humboldt,023,135768,542,523,1,524,7
2020-10-13,Imperial,025,180216,12438,11727,10,11737,327
2020-10-13,Inyo,027,18085,220,207,4,211,14
2020-10-13,Kern,029,883053,33225,32497,383,32880,419
2020-10-13,Kings,031,150075,8307,8111,44,8155,80
2020-10-13,Lake,033,64148,687,639,0,639,12
2020-10-13,Lassen,035,31185,763,752,2,754,0
2020-10-13,Los Angeles,037,10098052,288195,281716,2399,284115,6767
2020-10-13,Madera,039,155013,4879,4700,33,4733,50
2020-10-13,Marin,041,260295,7014,6900,18,6918,97
2020-10-13,Mariposa,043,17540,77,76,0,76,2
2020-10-13,Mendocino,045,87422,1022,950,4,954,21
2020-10-13,Merced,047,269075,9299,9181,27,9208,146
2020-10-13,Modoc,049,8938,29,28,0,28,0
2020-10-13,Mono,051,14174,174,155,5,160,1
2020-10-13,Monterey,053,433212,10866,10574,46,10620,78
2020-10-13,Napa,055,140530,1901,1825,8,1833,12
2020-10-13,Nevada,057,99092,594,572,18,590,7
2020-10-13,Orange,059,3164182,58431,55515,1627,57142,1326
2020-10-13,Placer,061,380077,3992,3825,15,3840,48
2020-10-13,Plumas,063,18699,52,51,0,51,0
2020-10-13,Riverside,065,2383286,64306,62279,244,62523,1254
2020-10-13,Sacramento,067,1510023,24425,23930,29,23959,466
2020-10-13,San Benito,069,59416,1387,1380,0,1380,14
2020-10-13,San Bernardino,071,2135413,60005,57411,375,57786,1061
2020-10-13,San Diego,073,3302833,53073,51026,1321,52347,840
2020-10-13,San Francisco,075,870044,11877,11659,37,11696,122
2020-10-13,San Joaquin,077,732212,21194,20822,120,20942,481
2020-10-13,San Luis Obispo,079,281455,4171,3892,18,3910,32
2020-10-13,San Mateo,081,765935,10908,10286,11,10297,130
2020-10-13,Santa Barbara,083,443738,9648,9489,83,9572,117
2020-10-13,Santa Clara,085,1922200,24064,22678,50,22728,343
2020-10-13,Santa Cruz,087,273765,2709,2603,32,2635,13
2020-10-13,Shasta,089,179085,1862,1606,18,1624,20
2020-10-13,Sierra,091,2930,6,6,0,6,0
2020-10-13,Siskiyou,093,43540,174,163,10,173,0
2020-10-13,Solano,095,438530,6990,6761,39,6800,55
2020-10-13,Sonoma,097,501317,8870,8456,23,8479,133
2020-10-13,Stanislaus,099,539301,17276,17082,648,17730,362
2020-10-13,Sutter,101,95872,1769,1748,1,1749,12
2020-10-13,Tehama,103,63373,777,717,2,719,3
2020-10-13,Trinity,105,12862,70,19,8,27,0
2020-10-13,Tulare,107,460477,17389,16822,240,17062,286
2020-10-13,Tuolumne,109,53932,259,235,6,241,4
2020-10-13,Ventura,111,848112,14366,13645,286,13931,151
2020-10-13,Yolo,113,214977,3083,2983,7,2990,55
2020-10-13,Yuba,115,75493,1183,1143,3,1146,10
2020-10-12,Alameda,001,1643700,22733,22126,203,22329,389
2020-10-12,Alpine,003,1148,3,3,0,3,0
2020-10-12,Amador,005,37829,309,305,0,305,16
2020-10-12,Butte,007,227075,3080,2975,53,3028,54
2020-10-12,Calaveras,009,45235,323,262,0,262,12
2020-10-12,Colusa,011,21464,542,541,1,542,6
2020-10-12,Contra Costa,013,1133247,18246,17728,89,17817,233
2020-10-12,Del Norte,015,27424,168,161,0,161,2
2020-10-12,El Dorado,017,186661,1314,1254,12,1266,4
2020-10-12,Fresno,019,978130,32347,29523,417,29940,421
2020-10-12,Glenn,021,27897,639,626,0,626,3
2020-10-12,Humboldt,023,135768,539,522,1,523,7
2020-10-12,Imperial,025,180216,12400,11689,10,11699,328
2020-10-12,Inyo,027,18085,217,201,4,205,14
2020-10-12,Kern,029,883053,33132,32425,379,32804,419
2020-10-12,Kings,031,150075,8301,8106,44,8150,80
2020-10-12,Lake,033,64148,681,633,0,633,12
2020-10-12,Lassen,035,31185,763,752,2,754,0
2020-10-12,Los Angeles,037,10098052,286975,280961,2372,283333,6747
2020-10-12,Madera,039,155013,4859,4689,33,4722,50
2020-10-12,Marin,041,260295,6997,6886,18,6904,97
2020-10-12,Mariposa,043,17540,77,76,0,76,2
2020-10-12,Mendocino,045,87422,1016,947,4,951,21
2020-10-12,Merced,047,269075,9278,9141,27,9168,146
2020-10-12,Modoc,049,8938,29,27,0,27,0
2020-10-12,Mono,051,14174,174,154,5,159,1
2020-10-12,Monterey,053,433212,10800,10473,46,10519,77
2020-10-12,Napa,055,140530,1893,1819,8,1827,11
2020-10-12,Nevada,057,99092,590,570,18,588,7
2020-10-12,Orange,059,3164182,58202,55373,1617,56990,1326
2020-10-12,Placer,061,380077,3960,3808,14,3822,48
2020-10-12,Plumas,063,18699,52,51,0,51,0
2020-10-12,Riverside,065,2383286,63995,62279,240,62519,1254
2020-10-12,Sacramento,067,1510023,24320,23807,29,23836,466
2020-10-12,San Benito,069,59416,1384,1376,0,1376,13
2020-10-12,San Bernardino,071,2135413,59629,57235,374,57609,1061
2020-10-12,San Diego,073,3302833,52783,50748,1294,52042,826
2020-10-12,San Francisco,075,870044,11845,11659,37,11696,122
2020-10-12,San Joaquin,077,732212,21131,20701,114,20815,480
2020-10-12,San Luis Obispo,079,281455,4143,3874,18,3892,32
2020-10-12,San Mateo,081,765935,10860,10262,11,10273,130
2020-10-12,Santa Barbara,083,443738,9609,9462,83,9545,117
2020-10-12,Santa Clara,085,1922200,23948,22578,50,22628,343
2020-10-12,Santa Cruz,087,273765,2692,2590,32,2622,13
2020-10-12,Shasta,089,179085,1837,1515,18,1533,20
2020-10-12,Sierra,091,2930,6,6,0,6,0
2020-10-12,Siskiyou,093,43540,173,162,10,172,0
2020-10-12,Solano,095,438530,6951,6742,39,6781,55
2020-10-12,Sonoma,097,501317,8798,8377,23,8400,133
2020-10-12,Stanislaus,099,539301,17227,17051,639,17690,361
2020-10-12,Sutter,101,95872,1761,1741,1,1742,12
2020-10-12,Tehama,103,63373,761,708,2,710,3
2020-10-12,Trinity,105,12862,69,19,8,27,0
2020-10-12,Tulare,107,460477,17338,16742,233,16975,286
2020-10-12,Tuolumne,109,53932,254,234,6,240,4
2020-10-12,Ventura,111,848112,14304,13617,282,13899,151
2020-10-12,Yolo,113,214977,3068,2964,7,2971,55
2020-10-12,Yuba,115,75493,1173,1141,3,1144,10
2020-10-11,Alameda,001,1643700,22643,22057,199,22256,392
2020-10-11,Alpine,003,1148,3,3,0,3,0
2020-10-11,Amador,005,37829,307,305,0,305,16
2020-10-11,Butte,007,227075,3072,2967,52,3019,54
2020-10-11,Calaveras,009,45235,321,262,0,262,12
2020-10-11,Colusa,011,21464,540,541,1,542,6
2020-10-11,Contra Costa,013,1133247,18162,17678,89,17767,233
2020-10-11,Del Norte,015,27424,166,161,0,161,2
2020-10-11,El Dorado,017,186661,1305,1242,12,1254,4
2020-10-11,Fresno,019,978130,32209,29419,409,29828,421
2020-10-11,Glenn,021,27897,637,625,0,625,3
2020-10-11,Humboldt,023,135768,538,521,1,522,7
2020-10-11,Imperial,025,180216,12341,11614,10,11624,328
2020-10-11,Inyo,027,18085,213,201,4,205,14
2020-10-11,Kern,029,883053,33045,32399,371,32770,418
2020-10-11,Kings,031,150075,8284,8094,43,8137,80
2020-10-11,Lake,033,64148,668,631,0,631,12
2020-10-11,Lassen,035,31185,762,752,2,754,0
2020-10-11,Los Angeles,037,10098052,285539,280190,2330,282520,6745
2020-10-11,Madera,039,155013,4831,4680,32,4712,50
2020-10-11,Marin,041,260295,6988,6870,18,6888,97
2020-10-11,Mariposa,043,17540,77,76,0,76,2
2020-10-11,Mendocino,045,87422,1009,944,4,948,21
2020-10-11,Merced,047,269075,9260,9124,27,9151,146
2020-10-11,Modoc,049,8938,29,27,0,27,0
2020-10-11,Mono,051,14174,174,154,5,159,1
2020-10-11,Monterey,053,433212,10749,10445,44,10489,77
2020-10-11,Napa,055,140530,1877,1811,8,1819,11
2020-10-11,Nevada,057,99092,588,569,18,587,7
2020-10-11,Orange,059,3164182,57972,55202,1611,56813,1326
2020-10-11,Placer,061,380077,3939,3787,14,3801,48
2020-10-11,Plumas,063,18699,52,51,0,51,0
2020-10-11,Riverside,065,2383286,63707,62112,236,62348,1254
2020-10-11,Sacramento,067,1510023,24177,23778,29,23807,466
2020-10-11,San Benito,069,59416,1383,1374,0,1374,13
2020-10-11,San Bernardino,071,2135413,59177,56997,372,57369,1061
2020-10-11,San Diego,073,3302833,52433,50553,1272,51825,826
2020-10-11,San Francisco,075,870044,11802,11659,37,11696,122
2020-10-11,San Joaquin,077,732212,21056,20700,104,20804,480
2020-10-11,San Luis Obispo,079,281455,4126,3874,17,3891,32
2020-10-11,San Mateo,081,765935,10828,10240,11,10251,130
2020-10-11,Santa Barbara,083,443738,9578,9440,82,9522,117
2020-10-11,Santa Clara,085,1922200,23808,22487,49,22536,336
2020-10-11,Santa Cruz,087,273765,2678,2578,32,2610,13
2020-10-11,Shasta,089,179085,1807,1515,17,1532,20
2020-10-11,Sierra,091,2930,6,6,0,6,0
2020-10-11,Siskiyou,093,43540,172,162,10,172,0
2020-10-11,Solano,095,438530,6897,6685,39,6724,53
2020-10-11,Sonoma,097,501317,8741,8319,23,8342,133
2020-10-11,Stanislaus,099,539301,17163,17007,623,17630,360
2020-10-11,Sutter,101,95872,1758,1742,1,1743,12
2020-10-11,Tehama,103,63373,737,702,2,704,3
2020-10-11,Trinity,105,12862,69,19,8,27,0
2020-10-11,Tulare,107,460477,17274,16741,225,16966,286
2020-10-11,Tuolumne,109,53932,249,234,6,240,4
2020-10-11,Ventura,111,848112,14243,13604,277,13881,151
2020-10-11,Yolo,113,214977,3038,2952,7,2959,55
2020-10-11,Yuba,115,75493,1162,1137,3,1140,10
2020-10-10,Alameda,001,1643700,22593,21979,198,22177,398
2020-10-10,Alpine,003,1148,3,3,0,3,0
2020-10-10,Amador,005,37829,306,304,0,304,16
2020-10-10,Butte,007,227075,3067,2962,51,3013,54
2020-10-10,Calaveras,009,45235,320,262,0,262,12
2020-10-10,Colusa,011,21464,540,541,1,542,6
2020-10-10,Contra Costa,013,1133247,18126,17566,88,17654,233
2020-10-10,Del Norte,015,27424,166,161,0,161,2
2020-10-10,El Dorado,017,186661,1303,1240,12,1252,4
2020-10-10,Fresno,019,978130,32145,29286,407,29693,421
2020-10-10,Glenn,021,27897,637,623,0,623,3
2020-10-10,Humboldt,023,135768,535,518,1,519,7
2020-10-10,Imperial,025,180216,12326,11591,10,11601,327
2020-10-10,Inyo,027,18085,210,201,4,205,14
2020-10-10,Kern,029,883053,33008,32338,371,32709,418
2020-10-10,Kings,031,150075,8280,8078,43,8121,80
2020-10-10,Lake,033,64148,667,630,0,630,11
2020-10-10,Lassen,035,31185,762,752,2,754,0
2020-10-10,Los Angeles,037,10098052,284821,279213,2296,281509,6743
2020-10-10,Madera,039,155013,4819,4662,32,4694,50
2020-10-10,Marin,041,260295,6979,6852,18,6870,97
2020-10-10,Mariposa,043,17540,77,76,0,76,2
2020-10-10,Mendocino,045,87422,1002,935,4,939,21
2020-10-10,Merced,047,269075,9254,9105,26,9131,146
2020-10-10,Modoc,049,8938,29,27,0,27,0
2020-10-10,Mono,051,14174,174,154,5,159,1
2020-10-10,Monterey,053,433212,10716,10410,44,10454,75
2020-10-10,Napa,055,140530,1870,1804,8,1812,11
2020-10-10,Nevada,057,99092,585,564,18,582,6
2020-10-10,Orange,059,3164182,57851,54965,1606,56571,1324
2020-10-10,Placer,061,380077,3922,3757,14,3771,48
2020-10-10,Plumas,063,18699,52,51,0,51,0
2020-10-10,Riverside,065,2383286,63504,61845,234,62079,1254
2020-10-10,Sacramento,067,1510023,24109,23689,29,23718,466
2020-10-10,San Benito,069,59416,1381,1370,0,1370,13
2020-10-10,San Bernardino,071,2135413,59015,56683,370,57053,1061
2020-10-10,San Diego,073,3302833,52203,50145,1254,51399,825
2020-10-10,San Francisco,075,870044,11781,11663,37,11700,122
2020-10-10,San Joaquin,077,732212,21028,20700,100,20800,481
2020-10-10,San Luis Obispo,079,281455,4106,3832,17,3849,32
2020-10-10,San Mateo,081,765935,10791,10218,11,10229,130
2020-10-10,Santa Barbara,083,443738,9567,9417,82,9499,116
2020-10-10,Santa Clara,085,1922200,23717,22354,49,22403,330
2020-10-10,Santa Cruz,087,273765,2664,2572,32,2604,13
2020-10-10,Shasta,089,179085,1790,1473,17,1490,20
2020-10-10,Sierra,091,2930,6,6,0,6,0
2020-10-10,Siskiyou,093,43540,172,161,10,171,0
2020-10-10,Solano,095,438530,6871,6655,39,6694,53
2020-10-10,Sonoma,097,501317,8721,8235,23,8258,133
2020-10-10,Stanislaus,099,539301,17128,16960,615,17575,360
2020-10-10,Sutter,101,95872,1755,1735,1,1736,12
2020-10-10,Tehama,103,63373,730,693,2,695,3
2020-10-10,Trinity,105,12862,69,19,8,27,0
2020-10-10,Tulare,107,460477,17238,16709,220,16929,286
2020-10-10,Tuolumne,109,53932,249,233,6,239,4
2020-10-10,Ventura,111,848112,14218,13520,277,13797,151
2020-10-10,Yolo,113,214977,3029,2939,7,2946,55
2020-10-10,Yuba,115,75493,1160,1134,3,1137,10
2020-10-09,Alameda,001,1643700,22545,21924,198,22122,399
2020-10-09,Alpine,003,1148,3,3,0,3,0
2020-10-09,Amador,005,37829,306,303,0,303,16
2020-10-09,Butte,007,227075,3064,2956,51,3007,51
2020-10-09,Calaveras,009,45235,318,262,0,262,11
2020-10-09,Colusa,011,21464,540,541,1,542,6
2020-10-09,Contra Costa,013,1133247,18075,17487,88,17575,229
2020-10-09,Del Norte,015,27424,165,161,0,161,2
2020-10-09,El Dorado,017,186661,1299,1234,12,1246,4
2020-10-09,Fresno,019,978130,32072,29208,405,29613,417
2020-10-09,Glenn,021,27897,632,617,0,617,3
2020-10-09,Humboldt,023,135768,533,516,1,517,7
2020-10-09,Imperial,025,180216,12300,11516,10,11526,330
2020-10-09,Inyo,027,18085,207,200,4,204,14
2020-10-09,Kern,029,883053,32964,32237,369,32606,417
2020-10-09,Kings,031,150075,8273,7993,41,8034,80
2020-10-09,Lake,033,64148,657,610,0,610,11
2020-10-09,Lassen,035,31185,762,751,2,753,0
2020-10-09,Los Angeles,037,10098052,283686,278039,2272,280311,6715
2020-10-09,Madera,039,155013,4809,4646,32,4678,50
2020-10-09,Marin,041,260295,6965,6838,18,6856,96
2020-10-09,Mariposa,043,17540,77,76,0,76,2
2020-10-09,Mendocino,045,87422,992,933,4,937,20
2020-10-09,Merced,047,269075,9240,9095,26,9121,145
2020-10-09,Modoc,049,8938,29,27,0,27,0
2020-10-09,Mono,051,14174,174,154,5,159,1
2020-10-09,Monterey,053,433212,10682,10369,44,10413,75
2020-10-09,Napa,055,140530,1860,1795,8,1803,11
2020-10-09,Nevada,057,99092,580,561,18,579,6
2020-10-09,Orange,059,3164182,57680,54746,1601,56347,1305
2020-10-09,Placer,061,380077,3908,3737,13,3750,48
2020-10-09,Plumas,063,18699,52,50,0,50,0
2020-10-09,Riverside,065,2383286,63268,61529,233,61762,1252
2020-10-09,Sacramento,067,1510023,24040,23606,29,23635,457
2020-10-09,San Benito,069,59416,1376,1367,0,1367,13
2020-10-09,San Bernardino,071,2135413,58775,56434,368,56802,1057
2020-10-09,San Diego,073,3302833,51927,49825,1243,51068,821
2020-10-09,San Francisco,075,870044,11751,11620,37,11657,120
2020-10-09,San Joaquin,077,732212,20998,20648,92,20740,481
2020-10-09,San Luis Obispo,079,281455,4087,3810,17,3827,32
2020-10-09,San Mateo,081,765935,10763,10140,11,10151,130
2020-10-09,Santa Barbara,083,443738,9539,9396,82,9478,116
2020-10-09,Santa Clara,085,1922200,23615,22251,48,22299,328
2020-10-09,Santa Cruz,087,273765,2655,2555,32,2587,13
2020-10-09,Shasta,089,179085,1764,1353,16,1369,20
2020-10-09,Sierra,091,2930,6,6,0,6,0
2020-10-09,Siskiyou,093,43540,170,156,10,166,0
2020-10-09,Solano,095,438530,6832,6614,39,6653,53
2020-10-09,Sonoma,097,501317,8667,8133,23,8156,133
2020-10-09,Stanislaus,099,539301,17103,16904,608,17512,362
2020-10-09,Sutter,101,95872,1751,1732,1,1733,12
2020-10-09,Tehama,103,63373,724,682,2,684,3
2020-10-09,Trinity,105,12862,69,25,8,33,0
2020-10-09,Tulare,107,460477,17198,16644,211,16855,286
2020-10-09,Tuolumne,109,53932,246,230,6,236,4
2020-10-09,Ventura,111,848112,14182,13469,274,13743,151
2020-10-09,Yolo,113,214977,3022,2928,7,2935,55
2020-10-09,Yuba,115,75493,1159,1129,3,1132,10
2020-10-08,Alameda,001,1643700,22464,21826,197,22023,395
2020-10-08,Alpine,003,1148,3,3,0,3,0
2020-10-08,Amador,005,37829,305,302,0,302,16
2020-10-08,Butte,007,227075,3054,2935,51,2986,51
2020-10-08,Calaveras,009,45235,317,262,0,262,11
2020-10-08,Colusa,011,21464,540,539,1,540,6
2020-10-08,Contra Costa,013,1133247,18015,17418,87,17505,228
2020-10-08,Del Norte,015,27424,165,151,0,151,2
2020-10-08,El Dorado,017,186661,1298,1230,12,1242,4
2020-10-08,Fresno,019,978130,31968,29111,405,29516,416
2020-10-08,Glenn,021,27897,629,616,0,616,3
2020-10-08,Humboldt,023,135768,529,515,1,516,7
2020-10-08,Imperial,025,180216,12260,11405,10,11415,330
2020-10-08,Inyo,027,18085,204,199,4,203,14
2020-10-08,Kern,029,883053,32906,32169,364,32533,411
2020-10-08,Kings,031,150075,8267,7968,41,8009,80
2020-10-08,Lake,033,64148,652,604,0,604,11
2020-10-08,Lassen,035,31185,757,751,2,753,0
2020-10-08,Los Angeles,037,10098052,282484,276763,2232,278995,6699
2020-10-08,Madera,039,155013,4791,4637,32,4669,50
2020-10-08,Marin,041,260295,6951,6810,18,6828,96
2020-10-08,Mariposa,043,17540,77,76,0,76,2
2020-10-08,Mendocino,045,87422,987,930,4,934,20
2020-10-08,Merced,047,269075,9220,9069,26,9095,144
2020-10-08,Modoc,049,8938,29,27,0,27,0
2020-10-08,Mono,051,14174,174,153,5,158,1
2020-10-08,Monterey,053,433212,10615,10343,44,10387,75
2020-10-08,Napa,055,140530,1845,1779,8,1787,11
2020-10-08,Nevada,057,99092,577,556,18,574,6
2020-10-08,Orange,059,3164182,57487,54523,1590,56113,1293
2020-10-08,Placer,061,380077,3890,3715,13,3728,48
2020-10-08,Plumas,063,18699,52,50,0,50,0
2020-10-08,Riverside,065,2383286,63000,61105,232,61337,1244
2020-10-08,Sacramento,067,1510023,23933,23482,29,23511,454
2020-10-08,San Benito,069,59416,1371,1367,0,1367,13
2020-10-08,San Bernardino,071,2135413,58410,56152,367,56519,1048
2020-10-08,San Diego,073,3302833,51647,49468,1211,50679,819
2020-10-08,San Francisco,075,870044,11713,11608,37,11645,115
2020-10-08,San Joaquin,077,732212,20946,20576,87,20663,478
2020-10-08,San Luis Obispo,079,281455,4071,3785,17,3802,32
2020-10-08,San Mateo,081,765935,10731,10044,11,10055,130
2020-10-08,Santa Barbara,083,443738,9511,9374,82,9456,116
2020-10-08,Santa Clara,085,1922200,23513,22095,48,22143,323
2020-10-08,Santa Cruz,087,273765,2643,2535,32,2567,13
2020-10-08,Shasta,089,179085,1730,1305,16,1321,20
2020-10-08,Sierra,091,2930,6,6,0,6,0
2020-10-08,Siskiyou,093,43540,170,156,10,166,0
2020-10-08,Solano,095,438530,6808,6556,39,6595,53
2020-10-08,Sonoma,097,501317,8601,8063,23,8086,132
2020-10-08,Stanislaus,099,539301,17057,16821,600,17421,360
2020-10-08,Sutter,101,95872,1751,1725,1,1726,12
2020-10-08,Tehama,103,63373,715,676,2,678,3
2020-10-08,Trinity,105,12862,68,25,8,33,0
2020-10-08,Tulare,107,460477,17137,16573,203,16776,283
2020-10-08,Tuolumne,109,53932,245,230,6,236,4
2020-10-08,Ventura,111,848112,14134,13399,272,13671,151
2020-10-08,Yolo,113,214977,3005,2914,7,2921,55
2020-10-08,Yuba,115,75493,1154,1126,3,1129,10
2020-10-07,Alameda,001,1643700,22387,21736,197,21933,395
2020-10-07,Alpine,003,1148,3,3,0,3,0
2020-10-07,Amador,005,37829,305,302,0,302,16
2020-10-07,Butte,007,227075,3042,2927,51,2978,47
2020-10-07,Calaveras,009,45235,315,262,0,262,11
2020-10-07,Colusa,011,21464,539,539,0,539,6
2020-10-07,Contra Costa,013,1133247,17945,17346,86,17432,225
2020-10-07,Del Norte,015,27424,164,149,0,149,2
2020-10-07,El Dorado,017,186661,1290,1219,12,1231,4
2020-10-07,Fresno,019,978130,31847,29069,400,29469,413
2020-10-07,Glenn,021,27897,629,615,0,615,3
2020-10-07,Humboldt,023,135768,526,512,1,513,7
2020-10-07,Imperial,025,180216,12223,11289,9,11298,330
2020-10-07,Inyo,027,18085,204,199,4,203,14
2020-10-07,Kern,029,883053,32833,32068,363,32431,410
2020-10-07,Kings,031,150075,8252,7948,41,7989,80
2020-10-07,Lake,033,64148,651,599,0,599,11
2020-10-07,Lassen,035,31185,757,751,2,753,0
2020-10-07,Los Angeles,037,10098052,281302,275559,2200,277759,6681
2020-10-07,Madera,039,155013,4771,4618,32,4650,50
2020-10-07,Marin,041,260295,6924,6790,18,6808,95
2020-10-07,Mariposa,043,17540,77,75,0,75,2
2020-10-07,Mendocino,045,87422,981,927,4,931,19
2020-10-07,Merced,047,269075,9183,9045,25,9070,144
2020-10-07,Modoc,049,8938,29,27,0,27,0
2020-10-07,Mono,051,14174,173,153,4,157,1
2020-10-07,Monterey,053,433212,10556,10272,44,10316,75
2020-10-07,Napa,055,140530,1832,1774,8,1782,11
2020-10-07,Nevada,057,99092,573,552,18,570,6
2020-10-07,Orange,059,3164182,57270,54332,1579,55911,1277
2020-10-07,Placer,061,380077,3874,3693,13,3706,48
2020-10-07,Plumas,063,18699,52,50,0,50,0
2020-10-07,Riverside,065,2383286,62653,60857,228,61085,1241
2020-10-07,Sacramento,067,1510023,23836,23380,29,23409,452
2020-10-07,San Benito,069,59416,1368,1363,0,1363,13
2020-10-07,San Bernardino,071,2135413,58061,55738,366,56104,1043
2020-10-07,San Diego,073,3302833,51331,49177,1187,50364,813
2020-10-07,San Francisco,075,870044,11677,11551,37,11588,115
2020-10-07,San Joaquin,077,732212,20894,20527,80,20607,478
2020-10-07,San Luis Obispo,079,281455,4041,3749,17,3766,32
2020-10-07,San Mateo,081,765935,10688,9980,11,9991,130
2020-10-07,Santa Barbara,083,443738,9485,9350,81,9431,116
2020-10-07,Santa Clara,085,1922200,23385,21993,48,22041,320
2020-10-07,Santa Cruz,087,273765,2631,2518,32,2550,14
2020-10-07,Shasta,089,179085,1687,1268,16,1284,20
2020-10-07,Sierra,091,2930,6,6,0,6,0
2020-10-07,Siskiyou,093,43540,168,154,10,164,0
2020-10-07,Solano,095,438530,6773,6526,39,6565,53
2020-10-07,Sonoma,097,501317,8526,7993,22,8015,130
2020-10-07,Stanislaus,099,539301,17022,16786,594,17380,357
2020-10-07,Sutter,101,95872,1748,1723,1,1724,12
2020-10-07,Tehama,103,63373,706,666,2,668,3
2020-10-07,Trinity,105,12862,64,25,8,33,0
2020-10-07,Tulare,107,460477,17094,16483,195,16678,282
2020-10-07,Tuolumne,109,53932,245,227,6,233,3
2020-10-07,Ventura,111,848112,14084,13333,266,13599,150
2020-10-07,Yolo,113,214977,2980,2904,7,2911,55
2020-10-07,Yuba,115,75493,1148,1120,3,1123,10
2020-10-06,Alameda,001,1643700,22296,21698,195,21893,385
2020-10-06,Alpine,003,1148,3,3,0,3,0
2020-10-06,Amador,005,37829,303,301,0,301,16
2020-10-06,Butte,007,227075,3035,2925,51,2976,47
2020-10-06,Calaveras,009,45235,315,261,0,261,11
2020-10-06,Colusa,011,21464,538,538,0,538,6
2020-10-06,Contra Costa,013,1133247,17866,17295,86,17381,219
2020-10-06,Del Norte,015,27424,164,144,0,144,2
2020-10-06,El Dorado,017,186661,1286,1211,12,1223,4
2020-10-06,Fresno,019,978130,31704,29022,397,29419,412
2020-10-06,Glenn,021,27897,626,604,0,604,3
2020-10-06,Humboldt,023,135768,523,508,1,509,7
2020-10-06,Imperial,025,180216,12185,11196,9,11205,327
2020-10-06,Inyo,027,18085,202,198,4,202,14
2020-10-06,Kern,029,883053,32757,32006,361,32367,407
2020-10-06,Kings,031,150075,8236,7943,41,7984,81
2020-10-06,Lake,033,64148,645,596,0,596,11
2020-10-06,Lassen,035,31185,757,743,2,745,0
2020-10-06,Los Angeles,037,10098052,280064,274115,2151,276266,6657
2020-10-06,Madera,039,155013,4759,4608,32,4640,50
2020-10-06,Marin,041,260295,6909,6766,18,6784,91
2020-10-06,Mariposa,043,17540,77,75,0,75,2
2020-10-06,Mendocino,045,87422,974,920,4,924,19
2020-10-06,Merced,047,269075,9147,9034,24,9058,143
2020-10-06,Modoc,049,8938,29,26,0,26,0
2020-10-06,Mono,051,14174,173,153,4,157,1
2020-10-06,Monterey,053,433212,10501,10235,42,10277,72
2020-10-06,Napa,055,140530,1826,1770,8,1778,11
2020-10-06,Nevada,057,99092,570,551,18,569,6
2020-10-06,Orange,059,3164182,57054,54203,1570,55773,1273
2020-10-06,Placer,061,380077,3852,3680,13,3693,48
2020-10-06,Plumas,063,18699,52,49,0,49,0
2020-10-06,Riverside,065,2383286,62388,60593,226,60819,1238
2020-10-06,Sacramento,067,1510023,23750,23322,29,23351,442
2020-10-06,San Benito,069,59416,1367,1358,0,1358,12
2020-10-06,San Bernardino,071,2135413,57747,55416,361,55777,1040
2020-10-06,San Diego,073,3302833,50994,48823,1170,49993,806
2020-10-06,San Francisco,075,870044,11651,11513,36,11549,115
2020-10-06,San Joaquin,077,732212,20854,20481,77,20558,477
2020-10-06,San Luis Obispo,079,281455,4007,3723,17,3740,32
2020-10-06,San Mateo,081,765935,10656,9934,11,9945,129
2020-10-06,Santa Barbara,083,443738,9456,9331,80,9411,116
2020-10-06,Santa Clara,085,1922200,23290,21914,48,21962,320
2020-10-06,Santa Cruz,087,273765,2609,2510,32,2542,12
2020-10-06,Shasta,089,179085,1647,1242,16,1258,18
2020-10-06,Sierra,091,2930,6,6,0,6,0
2020-10-06,Siskiyou,093,43540,168,154,10,164,0
2020-10-06,Solano,095,438530,6727,6506,39,6545,52
2020-10-06,Sonoma,097,501317,8433,7895,22,7917,130
2020-10-06,Stanislaus,099,539301,16977,16759,588,17347,354
2020-10-06,Sutter,101,95872,1746,1722,1,1723,12
2020-10-06,Tehama,103,63373,696,660,2,662,3
2020-10-06,Trinity,105,12862,64,25,8,33,0
2020-10-06,Tulare,107,460477,17052,16456,187,16643,280
2020-10-06,Tuolumne,109,53932,244,227,6,233,2
2020-10-06,Ventura,111,848112,14017,13242,261,13503,150
2020-10-06,Yolo,113,214977,2966,2899,7,2906,56
2020-10-06,Yuba,115,75493,1147,1114,3,1117,10
2020-10-05,Alameda,001,1643700,22208,21637,192,21829,383
2020-10-05,Alpine,003,1148,3,2,0,2,0
2020-10-05,Amador,005,37829,303,299,0,299,16
2020-10-05,Butte,007,227075,3025,2910,51,2961,46
2020-10-05,Calaveras,009,45235,315,259,0,259,11
2020-10-05,Colusa,011,21464,538,537,0,537,6
2020-10-05,Contra Costa,013,1133247,17789,17250,86,17336,216
2020-10-05,Del Norte,015,27424,161,142,0,142,2
2020-10-05,El Dorado,017,186661,1282,1202,11,1213,4
2020-10-05,Fresno,019,978130,31587,29136,397,29533,408
2020-10-05,Glenn,021,27897,624,603,0,603,3
2020-10-05,Humboldt,023,135768,522,506,1,507,6
2020-10-05,Imperial,025,180216,12144,11169,9,11178,327
2020-10-05,Inyo,027,18085,202,197,4,201,14
2020-10-05,Kern,029,883053,32678,31933,357,32290,404
2020-10-05,Kings,031,150075,8139,7932,41,7973,80
2020-10-05,Lake,033,64148,641,592,0,592,10
2020-10-05,Lassen,035,31185,756,743,2,745,0
2020-10-05,Los Angeles,037,10098052,278968,273200,2113,275313,6632
2020-10-05,Madera,039,155013,4751,4598,30,4628,50
2020-10-05,Marin,041,260295,6892,6751,18,6769,91
2020-10-05,Mariposa,043,17540,77,75,0,75,2
2020-10-05,Mendocino,045,87422,966,913,4,917,19
2020-10-05,Merced,047,269075,9128,9021,23,9044,143
2020-10-05,Modoc,049,8938,29,26,0,26,0
2020-10-05,Mono,051,14174,173,152,4,156,1
2020-10-05,Monterey,053,433212,10454,10187,42,10229,72
2020-10-05,Napa,055,140530,1815,1760,8,1768,11
2020-10-05,Nevada,057,99092,567,550,17,567,6
2020-10-05,Orange,059,3164182,56838,54103,1557,55660,1271
2020-10-05,Placer,061,380077,3826,3670,13,3683,46
2020-10-05,Plumas,063,18699,51,49,0,49,0
2020-10-05,Riverside,065,2383286,62068,60454,222,60676,1232
2020-10-05,Sacramento,067,1510023,23646,23207,29,23236,438
2020-10-05,San Benito,069,59416,1364,1356,0,1356,12
2020-10-05,San Bernardino,071,2135413,57440,55100,360,55460,1031
2020-10-05,San Diego,073,3302833,50658,48662,1146,49808,803
2020-10-05,San Francisco,075,870044,11612,11476,34,11510,110
2020-10-05,San Joaquin,077,732212,20784,20319,74,20393,476
2020-10-05,San Luis Obispo,079,281455,3980,3710,17,3727,32
2020-10-05,San Mateo,081,765935,10629,9896,11,9907,128
2020-10-05,Santa Barbara,083,443738,9434,9309,80,9389,116
2020-10-05,Santa Clara,085,1922200,23173,21861,48,21909,319
2020-10-05,Santa Cruz,087,273765,2597,2492,32,2524,9
2020-10-05,Shasta,089,179085,1615,1158,16,1174,18
2020-10-05,Sierra,091,2930,6,6,0,6,0
2020-10-05,Siskiyou,093,43540,168,153,10,163,0
2020-10-05,Solano,095,438530,6689,6475,39,6514,52
2020-10-05,Sonoma,097,501317,8341,7817,22,7839,130
2020-10-05,Stanislaus,099,539301,16941,16730,581,17311,351
2020-10-05,Sutter,101,95872,1738,1719,1,1720,12
2020-10-05,Tehama,103,63373,688,642,2,644,3
2020-10-05,Trinity,105,12862,62,22,8,30,0
2020-10-05,Tulare,107,460477,16993,16343,182,16525,278
2020-10-05,Tuolumne,109,53932,241,226,6,232,2
2020-10-05,Ventura,111,848112,13948,13224,242,13466,149
2020-10-05,Yolo,113,214977,2947,2889,7,2896,56
2020-10-05,Yuba,115,75493,1134,1108,3,1111,9
2020-10-04,Alameda,001,1643700,22112,21597,192,21789,383
2020-10-04,Alpine,003,1148,3,2,0,2,0
2020-10-04,Amador,005,37829,302,297,0,297,16
2020-10-04,Butte,007,227075,3011,2903,51,2954,46
2020-10-04,Calaveras,009,45235,315,259,0,259,11
2020-10-04,Colusa,011,21464,537,537,0,537,6
2020-10-04,Contra Costa,013,1133247,17725,17192,86,17278,214
2020-10-04,Del Norte,015,27424,157,142,0,142,2
2020-10-04,El Dorado,017,186661,1278,1196,11,1207,4
2020-10-04,Fresno,019,978130,31464,29065,397,29462,408
2020-10-04,Glenn,021,27897,622,601,0,601,3
2020-10-04,Humboldt,023,135768,521,506,1,507,6
2020-10-04,Imperial,025,180216,12105,11127,9,11136,327
2020-10-04,Inyo,027,18085,199,195,4,199,14
2020-10-04,Kern,029,883053,32603,31906,354,32260,404
2020-10-04,Kings,031,150075,8124,7919,41,7960,80
2020-10-04,Lake,033,64148,627,589,0,589,10
2020-10-04,Lassen,035,31185,756,743,2,745,0
2020-10-04,Los Angeles,037,10098052,277580,272822,2066,274888,6625
2020-10-04,Madera,039,155013,4735,4587,30,4617,50
2020-10-04,Marin,041,260295,6872,6741,18,6759,91
2020-10-04,Mariposa,043,17540,77,75,0,75,2
2020-10-04,Mendocino,045,87422,953,905,4,909,18
2020-10-04,Merced,047,269075,9103,9006,23,9029,140
2020-10-04,Modoc,049,8938,29,26,0,26,0
2020-10-04,Mono,051,14174,172,152,3,155,1
2020-10-04,Monterey,053,433212,10413,10141,41,10182,72
2020-10-04,Napa,055,140530,1803,1759,8,1767,11
2020-10-04,Nevada,057,99092,563,547,16,563,6
2020-10-04,Orange,059,3164182,56602,53966,1548,55514,1270
2020-10-04,Placer,061,380077,3805,3664,13,3677,46
2020-10-04,Plumas,063,18699,51,49,0,49,0
2020-10-04,Riverside,065,2383286,61782,60251,218,60469,1226
2020-10-04,Sacramento,067,1510023,23530,23162,29,23191,438
2020-10-04,San Benito,069,59416,1364,1355,0,1355,12
2020-10-04,San Bernardino,071,2135413,56991,55100,358,55458,1031
2020-10-04,San Diego,073,3302833,50291,48438,1121,49559,803
2020-10-04,San Francisco,075,870044,11580,11474,32,11506,110
2020-10-04,San Joaquin,077,732212,20707,20320,68,20388,476
2020-10-04,San Luis Obispo,079,281455,3955,3688,17,3705,31
2020-10-04,San Mateo,081,765935,10569,9858,11,9869,128
2020-10-04,Santa Barbara,083,443738,9408,9276,78,9354,116
2020-10-04,Santa Clara,085,1922200,23036,21780,48,21828,316
2020-10-04,Santa Cruz,087,273765,2581,2483,32,2515,9
2020-10-04,Shasta,089,179085,1517,1158,15,1173,18
2020-10-04,Sierra,091,2930,6,6,0,6,0
2020-10-04,Siskiyou,093,43540,168,153,10,163,0
2020-10-04,Solano,095,438530,6638,6445,39,6484,52
2020-10-04,Sonoma,097,501317,8253,7794,22,7816,129
2020-10-04,Stanislaus,099,539301,16891,16711,572,17283,351
2020-10-04,Sutter,101,95872,1735,1711,1,1712,11
2020-10-04,Tehama,103,63373,673,637,2,639,3
2020-10-04,Trinity,105,12862,61,21,8,29,0
2020-10-04,Tulare,107,460477,16916,16343,171,16514,278
2020-10-04,Tuolumne,109,53932,239,226,6,232,2
2020-10-04,Ventura,111,848112,13866,13197,225,13422,149
2020-10-04,Yolo,113,214977,2936,2875,7,2882,56
2020-10-04,Yuba,115,75493,1130,1103,3,1106,9
2020-10-03,Alameda,001,1643700,22066,21510,191,21701,386
2020-10-03,Alpine,003,1148,3,2,0,2,0
2020-10-03,Amador,005,37829,301,296,0,296,16
2020-10-03,Butte,007,227075,3005,2894,51,2945,46
2020-10-03,Calaveras,009,45235,315,259,0,259,11
2020-10-03,Colusa,011,21464,536,537,0,537,6
2020-10-03,Contra Costa,013,1133247,17675,17087,84,17171,213
2020-10-03,Del Norte,015,27424,153,142,0,142,2
2020-10-03,El Dorado,017,186661,1271,1188,11,1199,4
2020-10-03,Fresno,019,978130,31404,28975,396,29371,408
2020-10-03,Glenn,021,27897,620,601,0,601,3
2020-10-03,Humboldt,023,135768,520,504,1,505,6
2020-10-03,Imperial,025,180216,12082,11090,9,11099,327
2020-10-03,Inyo,027,18085,199,194,4,198,14
2020-10-03,Kern,029,883053,32553,31864,350,32214,403
2020-10-03,Kings,031,150075,8120,7887,41,7928,80
2020-10-03,Lake,033,64148,617,588,0,588,10
2020-10-03,Lassen,035,31185,756,743,2,745,0
2020-10-03,Los Angeles,037,10098052,276873,271869,2037,273906,6620
2020-10-03,Madera,039,155013,4718,4565,30,4595,50
2020-10-03,Marin,041,260295,6866,6728,18,6746,91
2020-10-03,Mariposa,043,17540,77,75,0,75,2
2020-10-03,Mendocino,045,87422,951,898,4,902,18
2020-10-03,Merced,047,269075,9090,8986,23,9009,139
2020-10-03,Modoc,049,8938,29,26,0,26,0
2020-10-03,Mono,051,14174,171,152,3,155,1
2020-10-03,Monterey,053,433212,10379,10092,38,10130,72
2020-10-03,Napa,055,140530,1799,1752,8,1760,11
2020-10-03,Nevada,057,99092,562,544,16,560,6
2020-10-03,Orange,059,3164182,56485,53573,1543,55116,1268
2020-10-03,Placer,061,380077,3794,3648,13,3661,47
2020-10-03,Plumas,063,18699,51,48,0,48,0
2020-10-03,Riverside,065,2383286,61630,59991,216,60207,1226
2020-10-03,Sacramento,067,1510023,23479,23076,29,23105,437
2020-10-03,San Benito,069,59416,1364,1351,0,1351,12
2020-10-03,San Bernardino,071,2135413,56818,55004,355,55359,1031
2020-10-03,San Diego,073,3302833,50060,48202,1104,49306,798
2020-10-03,San Francisco,075,870044,11555,11475,30,11505,110
2020-10-03,San Joaquin,077,732212,20681,20322,68,20390,476
2020-10-03,San Luis Obispo,079,281455,3931,3670,17,3687,31
2020-10-03,San Mateo,081,765935,10542,9822,10,9832,128
2020-10-03,Santa Barbara,083,443738,9395,9256,78,9334,116
2020-10-03,Santa Clara,085,1922200,22956,21672,48,21720,309
2020-10-03,Santa Cruz,087,273765,2573,2476,32,2508,9
2020-10-03,Shasta,089,179085,1489,1117,14,1131,18
2020-10-03,Sierra,091,2930,6,6,0,6,0
2020-10-03,Siskiyou,093,43540,168,152,10,162,0
2020-10-03,Solano,095,438530,6612,6419,39,6458,52
2020-10-03,Sonoma,097,501317,8211,7747,22,7769,129
2020-10-03,Stanislaus,099,539301,16858,16645,568,17213,351
2020-10-03,Sutter,101,95872,1731,1705,1,1706,11
2020-10-03,Tehama,103,63373,667,630,2,632,3
2020-10-03,Trinity,105,12862,61,15,8,23,0
2020-10-03,Tulare,107,460477,16872,16322,167,16489,278
2020-10-03,Tuolumne,109,53932,238,224,6,230,2
2020-10-03,Ventura,111,848112,13828,13150,221,13371,148
2020-10-03,Yolo,113,214977,2929,2863,7,2870,56
2020-10-03,Yuba,115,75493,1122,1097,3,1100,8
2020-10-02,Alameda,001,1643700,22011,21404,190,21594,382
2020-10-02,Alpine,003,1148,3,2,0,2,0
2020-10-02,Amador,005,37829,300,296,0,296,16
2020-10-02,Butte,007,227075,2995,2879,51,2930,46
2020-10-02,Calaveras,009,45235,314,259,0,259,11
2020-10-02,Colusa,011,21464,535,537,0,537,6
2020-10-02,Contra Costa,013,1133247,17632,17002,83,17085,213
2020-10-02,Del Norte,015,27424,152,141,0,141,2
2020-10-02,El Dorado,017,186661,1264,1168,11,1179,4
2020-10-02,Fresno,019,978130,31321,28855,396,29251,403
2020-10-02,Glenn,021,27897,615,594,0,594,3
2020-10-02,Humboldt,023,135768,519,503,1,504,6
2020-10-02,Imperial,025,180216,12060,11024,9,11033,327
2020-10-02,Inyo,027,18085,197,191,4,195,14
2020-10-02,Kern,029,883053,32501,31790,343,32133,399
2020-10-02,Kings,031,150075,8111,7716,41,7757,79
2020-10-02,Lake,033,64148,611,579,0,579,10
2020-10-02,Lassen,035,31185,756,742,2,744,0
2020-10-02,Los Angeles,037,10098052,275972,270935,2011,272946,6602
2020-10-02,Madera,039,155013,4710,4537,30,4567,49
2020-10-02,Marin,041,260295,6849,6717,18,6735,91
2020-10-02,Mariposa,043,17540,77,75,0,75,2
2020-10-02,Mendocino,045,87422,946,883,4,887,18
2020-10-02,Merced,047,269075,9080,8961,23,8984,139
2020-10-02,Modoc,049,8938,29,26,0,26,0
2020-10-02,Mono,051,14174,171,150,3,153,1
2020-10-02,Monterey,053,433212,10345,9997,38,10035,71
2020-10-02,Napa,055,140530,1793,1737,8,1745,11
2020-10-02,Nevada,057,99092,559,543,16,559,6
2020-10-02,Orange,059,3164182,56354,53299,1536,54835,1262
2020-10-02,Placer,061,380077,3774,3612,13,3625,46
2020-10-02,Plumas,063,18699,51,48,0,48,0
2020-10-02,Riverside,065,2383286,61409,59673,213,59886,1223
2020-10-02,Sacramento,067,1510023,23414,22818,29,22847,436
2020-10-02,San Benito,069,59416,1360,1347,0,1347,12
2020-10-02,San Bernardino,071,2135413,56632,54613,355,54968,1028
2020-10-02,San Diego,073,3302833,49808,47793,1088,48881,794
2020-10-02,San Francisco,075,870044,11532,11398,30,11428,110
2020-10-02,San Joaquin,077,732212,20647,20235,67,20302,474
2020-10-02,San Luis Obispo,079,281455,3908,3654,17,3671,31
2020-10-02,San Mateo,081,765935,10501,9745,10,9755,128
2020-10-02,Santa Barbara,083,443738,9372,9234,78,9312,116
2020-10-02,Santa Clara,085,1922200,22870,21545,47,21592,305
2020-10-02,Santa Cruz,087,273765,2556,2463,32,2495,9
2020-10-02,Shasta,089,179085,1454,1046,14,1060,18
2020-10-02,Sierra,091,2930,6,6,0,6,0
2020-10-02,Siskiyou,093,43540,168,151,10,161,0
2020-10-02,Solano,095,438530,6582,6385,39,6424,52
2020-10-02,Sonoma,097,501317,8154,7662,22,7684,125
2020-10-02,Stanislaus,099,539301,16817,16609,559,17168,349
2020-10-02,Sutter,101,95872,1730,1693,1,1694,11
2020-10-02,Tehama,103,63373,662,619,2,621,3
2020-10-02,Trinity,105,12862,61,15,8,23,0
2020-10-02,Tulare,107,460477,16831,16245,160,16405,278
2020-10-02,Tuolumne,109,53932,236,225,6,231,2
2020-10-02,Ventura,111,848112,13789,13120,216,13336,146
2020-10-02,Yolo,113,214977,2924,2845,7,2852,55
2020-10-02,Yuba,115,75493,1120,1090,3,1093,8
2020-10-01,Alameda,001,1643700,21950,21349,186,21535,383
2020-10-01,Alpine,003,1148,3,2,0,2,0
2020-10-01,Amador,005,37829,300,294,0,294,16
2020-10-01,Butte,007,227075,2987,2865,51,2916,45
2020-10-01,Calaveras,009,45235,314,257,0,257,11
2020-10-01,Colusa,011,21464,535,536,0,536,6
2020-10-01,Contra Costa,013,1133247,17568,16898,83,16981,211
2020-10-01,Del Norte,015,27424,147,140,0,140,2
2020-10-01,El Dorado,017,186661,1260,1162,10,1172,4
2020-10-01,Fresno,019,978130,31241,28796,394,29190,397
2020-10-01,Glenn,021,27897,611,593,0,593,3
2020-10-01,Humboldt,023,135768,519,499,1,500,6
2020-10-01,Imperial,025,180216,12018,10928,9,10937,325
2020-10-01,Inyo,027,18085,197,191,4,195,14
2020-10-01,Kern,029,883053,32438,31678,338,32016,399
2020-10-01,Kings,031,150075,8100,7688,38,7726,79
2020-10-01,Lake,033,64148,605,572,0,572,11
2020-10-01,Lassen,035,31185,753,742,2,744,0
2020-10-01,Los Angeles,037,10098052,274926,271513,1978,273491,6621
2020-10-01,Madera,039,155013,4687,4508,30,4538,48
2020-10-01,Marin,041,260295,6835,6710,18,6728,92
2020-10-01,Mariposa,043,17540,77,76,0,76,2
2020-10-01,Mendocino,045,87422,941,874,4,878,19
2020-10-01,Merced,047,269075,9053,8942,23,8965,138
2020-10-01,Modoc,049,8938,29,26,0,26,0
2020-10-01,Mono,051,14174,169,150,3,153,1
2020-10-01,Monterey,053,433212,10270,9958,38,9996,71
2020-10-01,Napa,055,140530,1785,1729,8,1737,11
2020-10-01,Nevada,057,99092,558,543,16,559,6
2020-10-01,Orange,059,3164182,56188,53088,1523,54611,1257
2020-10-01,Placer,061,380077,3747,3599,13,3612,45
2020-10-01,Plumas,063,18699,51,48,0,48,0
2020-10-01,Riverside,065,2383286,61156,59293,207,59500,1223
2020-10-01,Sacramento,067,1510023,23302,22714,28,22742,433
2020-10-01,San Benito,069,59416,1358,1346,0,1346,12
2020-10-01,San Bernardino,071,2135413,56339,54350,352,54702,1021
2020-10-01,San Diego,073,3302833,49526,47487,1068,48555,792
2020-10-01,San Francisco,075,870044,11501,11284,28,11312,110
2020-10-01,San Joaquin,077,732212,20601,20204,64,20268,471
2020-10-01,San Luis Obispo,079,281455,3881,3625,17,3642,31
2020-10-01,San Mateo,081,765935,10456,9681,10,9691,128
2020-10-01,Santa Barbara,083,443738,9332,9215,78,9293,118
2020-10-01,Santa Clara,085,1922200,22769,21398,47,21445,305
2020-10-01,Santa Cruz,087,273765,2541,2418,32,2450,10
2020-10-01,Shasta,089,179085,1403,991,14,1005,18
2020-10-01,Sierra,091,2930,6,6,0,6,0
2020-10-01,Siskiyou,093,43540,165,150,10,160,0
2020-10-01,Solano,095,438530,6544,6352,39,6391,52
2020-10-01,Sonoma,097,501317,8087,7569,22,7591,125
2020-10-01,Stanislaus,099,539301,16784,16555,553,17108,346
2020-10-01,Sutter,101,95872,1725,1684,1,1685,11
2020-10-01,Tehama,103,63373,652,606,2,608,3
2020-10-01,Trinity,105,12862,61,15,8,23,0
2020-10-01,Tulare,107,460477,16756,16182,157,16339,275
2020-10-01,Tuolumne,109,53932,236,223,6,229,2
2020-10-01,Ventura,111,848112,13737,13057,203,13260,146
2020-10-01,Yolo,113,214977,2906,2833,7,2840,55
2020-10-01,Yuba,115,75493,1116,1082,3,1085,8
2020-09-30,Alameda,001,1643700,21872,21271,183,21454,380
2020-09-30,Alpine,003,1148,3,2,0,2,0
2020-09-30,Amador,005,37829,300,294,0,294,16
2020-09-30,Butte,007,227075,2979,2858,51,2909,44
2020-09-30,Calaveras,009,45235,313,258,0,258,11
2020-09-30,Colusa,011,21464,534,534,0,534,6
2020-09-30,Contra Costa,013,1133247,17500,16819,83,16902,211
2020-09-30,Del Norte,015,27424,146,140,0,140,2
2020-09-30,El Dorado,017,186661,1248,1157,10,1167,4
2020-09-30,Fresno,019,978130,31150,28706,391,29097,395
2020-09-30,Glenn,021,27897,606,592,0,592,3
2020-09-30,Humboldt,023,135768,517,497,1,498,6
2020-09-30,Imperial,025,180216,11993,10868,9,10877,287
2020-09-30,Inyo,027,18085,196,189,4,193,14
2020-09-30,Kern,029,883053,32362,31601,337,31938,398
2020-09-30,Kings,031,150075,8072,7685,38,7723,79
2020-09-30,Lake,033,64148,599,567,0,567,10
2020-09-30,Lassen,035,31185,750,742,2,744,0
2020-09-30,Los Angeles,037,10098052,273704,270260,1946,272206,6568
2020-09-30,Madera,039,155013,4678,4477,30,4507,47
2020-09-30,Marin,041,260295,6811,6700,17,6717,91
2020-09-30,Mariposa,043,17540,77,76,0,76,2
2020-09-30,Mendocino,045,87422,935,867,4,871,17
2020-09-30,Merced,047,269075,9033,8926,23,8949,136
2020-09-30,Modoc,049,8938,29,26,0,26,0
2020-09-30,Mono,051,14174,169,150,3,153,1
2020-09-30,Monterey,053,433212,10219,9898,37,9935,70
2020-09-30,Napa,055,140530,1771,1728,8,1736,11
2020-09-30,Nevada,057,99092,556,540,16,556,6
2020-09-30,Orange,059,3164182,55997,52916,1508,54424,1251
2020-09-30,Placer,061,380077,3726,3585,13,3598,43
2020-09-30,Plumas,063,18699,51,48,0,48,0
2020-09-30,Riverside,065,2383286,60800,59074,203,59277,1220
2020-09-30,Sacramento,067,1510023,23199,22613,28,22641,429
2020-09-30,San Benito,069,59416,1355,1342,0,1342,12
2020-09-30,San Bernardino,071,2135413,56062,53988,351,54339,1018
2020-09-30,San Diego,073,3302833,49222,47182,1047,48229,783
2020-09-30,San Francisco,075,870044,11471,11247,28,11275,106
2020-09-30,San Joaquin,077,732212,20518,20150,62,20212,461
2020-09-30,San Luis Obispo,079,281455,3856,3597,17,3614,31
2020-09-30,San Mateo,081,765935,10414,9634,10,9644,128
2020-09-30,Santa Barbara,083,443738,9306,9186,78,9264,115
2020-09-30,Santa Clara,085,1922200,22664,21318,47,21365,302
2020-09-30,Santa Cruz,087,273765,2528,2405,32,2437,10
2020-09-30,Shasta,089,179085,1347,976,13,989,17
2020-09-30,Sierra,091,2930,6,6,0,6,0
2020-09-30,Siskiyou,093,43540,163,150,10,160,0
2020-09-30,Solano,095,438530,6502,6315,39,6354,51
2020-09-30,Sonoma,097,501317,7998,7494,22,7516,125
2020-09-30,Stanislaus,099,539301,16737,16531,547,17078,343
2020-09-30,Sutter,101,95872,1709,1680,1,1681,10
2020-09-30,Tehama,103,63373,646,594,2,596,3
2020-09-30,Trinity,105,12862,58,15,8,23,0
2020-09-30,Tulare,107,460477,16689,16117,150,16267,274
2020-09-30,Tuolumne,109,53932,234,224,6,230,2
2020-09-30,Ventura,111,848112,13702,12968,187,13155,145
2020-09-30,Yolo,113,214977,2893,2822,7,2829,55
2020-09-30,Yuba,115,75493,1113,1075,3,1078,8
2020-09-29,Alameda,001,1643700,21797,21241,180,21421,374
2020-09-29,Alpine,003,1148,3,2,0,2,0
2020-09-29,Amador,005,37829,298,294,0,294,16
2020-09-29,Butte,007,227075,2965,2848,51,2899,44
2020-09-29,Calaveras,009,45235,311,261,0,261,11
2020-09-29,Colusa,011,21464,534,534,0,534,6
2020-09-29,Contra Costa,013,1133247,17444,16716,81,16797,209
2020-09-29,Del Norte,015,27424,142,142,0,142,2
2020-09-29,El Dorado,017,186661,1239,1151,10,1161,4
2020-09-29,Fresno,019,978130,31053,28621,390,29011,394
2020-09-29,Glenn,021,27897,602,589,0,589,3
2020-09-29,Humboldt,023,135768,515,497,1,498,6
2020-09-29,Imperial,025,180216,11958,10811,9,10820,283
2020-09-29,Inyo,027,18085,195,188,4,192,14
2020-09-29,Kern,029,883053,32306,31534,336,31870,397
2020-09-29,Kings,031,150075,8016,7681,38,7719,78
2020-09-29,Lake,033,64148,597,566,0,566,11
2020-09-29,Lassen,035,31185,750,741,2,743,0
2020-09-29,Los Angeles,037,10098052,272489,269246,1918,271164,6545
2020-09-29,Madera,039,155013,4655,4453,30,4483,47
2020-09-29,Marin,041,260295,6790,6692,17,6709,91
2020-09-29,Mariposa,043,17540,77,74,0,74,2
2020-09-29,Mendocino,045,87422,925,854,4,858,17
2020-09-29,Merced,047,269075,9020,8892,21,8913,136
2020-09-29,Modoc,049,8938,29,26,0,26,0
2020-09-29,Mono,051,14174,169,149,3,152,1
2020-09-29,Monterey,053,433212,10164,9826,35,9861,70
2020-09-29,Napa,055,140530,1768,1727,8,1735,11
2020-09-29,Nevada,057,99092,551,539,16,555,6
2020-09-29,Orange,059,3164182,55810,52755,1497,54252,1231
2020-09-29,Placer,061,380077,3704,3570,13,3583,42
2020-09-29,Plumas,063,18699,51,48,0,48,0
2020-09-29,Riverside,065,2383286,60470,58863,196,59059,1208
2020-09-29,Sacramento,067,1510023,23078,22547,27,22574,425
2020-09-29,San Benito,069,59416,1350,1341,0,1341,12
2020-09-29,San Bernardino,071,2135413,55752,53753,350,54103,1012
2020-09-29,San Diego,073,3302833,48945,46987,1024,48011,781
2020-09-29,San Francisco,075,870044,11435,11142,28,11170,104
2020-09-29,San Joaquin,077,732212,20450,20094,60,20154,454
2020-09-29,San Luis Obispo,079,281455,3834,3581,17,3598,31
2020-09-29,San Mateo,081,765935,10367,9619,10,9629,127
2020-09-29,Santa Barbara,083,443738,9286,9149,77,9226,114
2020-09-29,Santa Clara,085,1922200,22528,21233,46,21279,302
2020-09-29,Santa Cruz,087,273765,2513,2383,31,2414,10
2020-09-29,Shasta,089,179085,1286,943,13,956,17
2020-09-29,Sierra,091,2930,6,6,0,6,0
2020-09-29,Siskiyou,093,43540,157,150,10,160,0
2020-09-29,Solano,095,438530,6468,6303,39,6342,51
2020-09-29,Sonoma,097,501317,7926,7426,22,7448,125
2020-09-29,Stanislaus,099,539301,16707,16505,541,17046,341
2020-09-29,Sutter,101,95872,1703,1677,1,1678,10
2020-09-29,Tehama,103,63373,628,585,2,587,2
2020-09-29,Trinity,105,12862,56,16,8,24,0
2020-09-29,Tulare,107,460477,16624,16055,143,16198,270
2020-09-29,Tuolumne,109,53932,234,224,6,230,2
2020-09-29,Ventura,111,848112,13645,12875,184,13059,145
2020-09-29,Yolo,113,214977,2880,2818,7,2825,55
2020-09-29,Yuba,115,75493,1111,1071,3,1074,8
2020-09-28,Alameda,001,1643700,21710,21133,180,21313,370
2020-09-28,Alpine,003,1148,3,2,0,2,0
2020-09-28,Amador,005,37829,296,294,0,294,16
2020-09-28,Butte,007,227075,2950,2837,51,2888,44
2020-09-28,Calaveras,009,45235,311,257,0,257,11
2020-09-28,Colusa,011,21464,533,531,0,531,6
2020-09-28,Contra Costa,013,1133247,17381,16653,81,16734,195
2020-09-28,Del Norte,015,27424,142,138,0,138,2
2020-09-28,El Dorado,017,186661,1232,1144,10,1154,4
2020-09-28,Fresno,019,978130,30972,28517,384,28901,389
2020-09-28,Glenn,021,27897,600,585,0,585,3
2020-09-28,Humboldt,023,135768,509,495,1,496,6
2020-09-28,Imperial,025,180216,11923,10777,9,10786,283
2020-09-28,Inyo,027,18085,194,188,4,192,14
2020-09-28,Kern,029,883053,32241,31481,332,31813,395
2020-09-28,Kings,031,150075,7875,7661,36,7697,78
2020-09-28,Lake,033,64148,593,559,0,559,10
2020-09-28,Lassen,035,31185,749,737,2,739,0
2020-09-28,Los Angeles,037,10098052,271382,268404,1888,270292,6508
2020-09-28,Madera,039,155013,4634,4438,30,4468,47
2020-09-28,Marin,041,260295,6774,6676,17,6693,91
2020-09-28,Mariposa,043,17540,77,74,0,74,2
2020-09-28,Mendocino,045,87422,910,850,4,854,17
2020-09-28,Merced,047,269075,8992,8869,21,8890,136
2020-09-28,Modoc,049,8938,29,26,0,26,0
2020-09-28,Mono,051,14174,169,148,3,151,1
2020-09-28,Monterey,053,433212,10099,9780,33,9813,69
2020-09-28,Napa,055,140530,1756,1705,8,1713,11
2020-09-28,Nevada,057,99092,543,538,16,554,6
2020-09-28,Orange,059,3164182,55604,52633,1488,54121,1196
2020-09-28,Placer,061,380077,3683,3572,13,3585,42
2020-09-28,Plumas,063,18699,50,48,0,48,0
2020-09-28,Riverside,065,2383286,60172,58570,187,58757,1198
2020-09-28,Sacramento,067,1510023,22931,22392,27,22419,423
2020-09-28,San Benito,069,59416,1347,1336,0,1336,11
2020-09-28,San Bernardino,071,2135413,55404,53501,350,53851,988
2020-09-28,San Diego,073,3302833,48627,46736,1004,47740,776
2020-09-28,San Francisco,075,870044,11401,11114,28,11142,100
2020-09-28,San Joaquin,077,732212,20403,19982,59,20041,448
2020-09-28,San Luis Obispo,079,281455,3813,3567,17,3584,31
2020-09-28,San Mateo,081,765935,10317,9582,10,9592,127
2020-09-28,Santa Barbara,083,443738,9268,9121,77,9198,114
2020-09-28,Santa Clara,085,1922200,22411,21180,46,21226,271
2020-09-28,Santa Cruz,087,273765,2503,2359,31,2390,9
2020-09-28,Shasta,089,179085,1232,883,10,893,17
2020-09-28,Sierra,091,2930,6,6,0,6,0
2020-09-28,Siskiyou,093,43540,157,149,10,159,0
2020-09-28,Solano,095,438530,6431,6254,39,6293,51
2020-09-28,Sonoma,097,501317,7850,7369,22,7391,125
2020-09-28,Stanislaus,099,539301,16668,16467,534,17001,336
2020-09-28,Sutter,101,95872,1696,1676,1,1677,10
2020-09-28,Tehama,103,63373,620,579,2,581,2
2020-09-28,Trinity,105,12862,56,16,8,24,0
2020-09-28,Tulare,107,460477,16571,15918,138,16056,270
2020-09-28,Tuolumne,109,53932,234,225,6,231,2
2020-09-28,Ventura,111,848112,13567,12812,178,12990,139
2020-09-28,Yolo,113,214977,2863,2809,7,2816,55
2020-09-28,Yuba,115,75493,1108,1062,3,1065,7
2020-09-27,Alameda,001,1643700,21628,21077,176,21253,370
2020-09-27,Alpine,003,1148,3,2,0,2,0
2020-09-27,Amador,005,37829,296,291,0,291,16
2020-09-27,Butte,007,227075,2939,2833,51,2884,44
2020-09-27,Calaveras,009,45235,310,257,0,257,11
2020-09-27,Colusa,011,21464,532,531,0,531,6
2020-09-27,Contra Costa,013,1133247,17280,16596,80,16676,195
2020-09-27,Del Norte,015,27424,142,138,0,138,2
2020-09-27,El Dorado,017,186661,1217,1130,10,1140,4
2020-09-27,Fresno,019,978130,30867,28441,384,28825,389
2020-09-27,Glenn,021,27897,596,576,0,576,3
2020-09-27,Humboldt,023,135768,507,492,1,493,6
2020-09-27,Imperial,025,180216,11889,10743,9,10752,283
2020-09-27,Inyo,027,18085,192,188,4,192,14
2020-09-27,Kern,029,883053,32122,31462,329,31791,395
2020-09-27,Kings,031,150075,7855,7641,36,7677,78
2020-09-27,Lake,033,64148,589,555,0,555,10
2020-09-27,Lassen,035,31185,749,737,2,739,0
2020-09-27,Los Angeles,037,10098052,270201,267754,1868,269622,6507
2020-09-27,Madera,039,155013,4605,4416,30,4446,47
2020-09-27,Marin,041,260295,6764,6663,17,6680,91
2020-09-27,Mariposa,043,17540,77,74,0,74,2
2020-09-27,Mendocino,045,87422,904,846,4,850,17
2020-09-27,Merced,047,269075,8957,8853,21,8874,136
2020-09-27,Modoc,049,8938,29,26,0,26,0
2020-09-27,Mono,051,14174,169,148,3,151,1
2020-09-27,Monterey,053,433212,10039,9724,32,9756,69
2020-09-27,Napa,055,140530,1751,1690,8,1698,11
2020-09-27,Nevada,057,99092,542,537,16,553,6
2020-09-27,Orange,059,3164182,55329,52458,1479,53937,1195
2020-09-27,Placer,061,380077,3670,3562,13,3575,42
2020-09-27,Plumas,063,18699,50,48,0,48,0
2020-09-27,Riverside,065,2383286,59876,58509,179,58688,1191
2020-09-27,Sacramento,067,1510023,22833,22356,27,22383,422
2020-09-27,San Benito,069,59416,1347,1331,0,1331,11
2020-09-27,San Bernardino,071,2135413,54968,53127,350,53477,988
2020-09-27,San Diego,073,3302833,48283,46612,987,47599,776
2020-09-27,San Francisco,075,870044,11349,11114,28,11142,100
2020-09-27,San Joaquin,077,732212,20344,19981,59,20040,448
2020-09-27,San Luis Obispo,079,281455,3793,3562,17,3579,31
2020-09-27,San Mateo,081,765935,10249,9566,10,9576,127
2020-09-27,Santa Barbara,083,443738,9247,9090,76,9166,114
2020-09-27,Santa Clara,085,1922200,22302,21091,46,21137,271
2020-09-27,Santa Cruz,087,273765,2481,2359,31,2390,9
2020-09-27,Shasta,089,179085,1189,883,9,892,17
2020-09-27,Sierra,091,2930,6,6,0,6,0
2020-09-27,Siskiyou,093,43540,156,149,10,159,0
2020-09-27,Solano,095,438530,6396,6211,39,6250,51
2020-09-27,Sonoma,097,501317,7769,7336,22,7358,124
2020-09-27,Stanislaus,099,539301,16617,16448,528,16976,336
2020-09-27,Sutter,101,95872,1689,1672,1,1673,10
2020-09-27,Tehama,103,63373,603,573,2,575,2
2020-09-27,Trinity,105,12862,56,16,8,24,0
2020-09-27,Tulare,107,460477,16493,15918,129,16047,270
2020-09-27,Tuolumne,109,53932,233,224,6,230,2
2020-09-27,Ventura,111,848112,13478,12775,169,12944,139
2020-09-27,Yolo,113,214977,2849,2796,7,2803,55
2020-09-27,Yuba,115,75493,1098,1059,3,1062,7
2020-09-26,Alameda,001,1643700,21570,21019,175,21194,370
2020-09-26,Alpine,003,1148,3,2,0,2,0
2020-09-26,Amador,005,37829,295,291,0,291,16
2020-09-26,Butte,007,227075,2931,2827,51,2878,44
2020-09-26,Calaveras,009,45235,310,257,0,257,11
2020-09-26,Colusa,011,21464,532,529,0,529,6
2020-09-26,Contra Costa,013,1133247,17236,16508,80,16588,194
2020-09-26,Del Norte,015,27424,142,138,0,138,2
2020-09-26,El Dorado,017,186661,1212,1127,10,1137,4
2020-09-26,Fresno,019,978130,30800,28336,384,28720,389
2020-09-26,Glenn,021,27897,596,576,0,576,3
2020-09-26,Humboldt,023,135768,507,491,1,492,6
2020-09-26,Imperial,025,180216,11872,10721,9,10730,283
2020-09-26,Inyo,027,18085,191,187,4,191,14
2020-09-26,Kern,029,883053,32071,31410,329,31739,394
2020-09-26,Kings,031,150075,7843,7537,36,7573,78
2020-09-26,Lake,033,64148,586,549,0,549,10
2020-09-26,Lassen,035,31185,749,737,2,739,0
2020-09-26,Los Angeles,037,10098052,269569,266931,1854,268785,6497
2020-09-26,Madera,039,155013,4589,4410,30,4440,47
2020-09-26,Marin,041,260295,6751,6641,17,6658,91
2020-09-26,Mariposa,043,17540,76,74,0,74,2
2020-09-26,Mendocino,045,87422,899,836,4,840,17
2020-09-26,Merced,047,269075,8945,8841,20,8861,136
2020-09-26,Modoc,049,8938,29,26,0,26,0
2020-09-26,Mono,051,14174,169,148,3,151,1
2020-09-26,Monterey,053,433212,10012,9651,32,9683,68
2020-09-26,Napa,055,140530,1749,1681,8,1689,11
2020-09-26,Nevada,057,99092,542,534,16,550,6
2020-09-26,Orange,059,3164182,55190,52203,1473,53676,1194
2020-09-26,Placer,061,380077,3657,3551,13,3564,42
2020-09-26,Plumas,063,18699,49,48,0,48,0
2020-09-26,Riverside,065,2383286,59741,58076,177,58253,1190
2020-09-26,Sacramento,067,1510023,22775,22269,27,22296,421
2020-09-26,San Benito,069,59416,1345,1325,0,1325,11
2020-09-26,San Bernardino,071,2135413,54835,53122,350,53472,988
2020-09-26,San Diego,073,3302833,48078,46333,973,47306,775
2020-09-26,San Francisco,075,870044,11320,11113,28,11141,100
2020-09-26,San Joaquin,077,732212,20308,19982,57,20039,449
2020-09-26,San Luis Obispo,079,281455,3777,3546,17,3563,31
2020-09-26,San Mateo,081,765935,10215,9509,10,9519,127
2020-09-26,Santa Barbara,083,443738,9236,9061,76,9137,114
2020-09-26,Santa Clara,085,1922200,22231,20967,45,21012,270
2020-09-26,Santa Cruz,087,273765,2473,2336,31,2367,9
2020-09-26,Shasta,089,179085,1139,856,8,864,17
2020-09-26,Sierra,091,2930,6,6,0,6,0
2020-09-26,Siskiyou,093,43540,155,149,10,159,0
2020-09-26,Solano,095,438530,6377,6209,39,6248,51
2020-09-26,Sonoma,097,501317,7744,7285,21,7306,124
2020-09-26,Stanislaus,099,539301,16592,16421,520,16941,336
2020-09-26,Sutter,101,95872,1684,1662,1,1663,10
2020-09-26,Tehama,103,63373,591,560,2,562,2
2020-09-26,Trinity,105,12862,54,16,8,24,0
2020-09-26,Tulare,107,460477,16468,15881,127,16008,270
2020-09-26,Tuolumne,109,53932,233,223,6,229,2
2020-09-26,Ventura,111,848112,13443,12729,168,12897,137
2020-09-26,Yolo,113,214977,2847,2789,7,2796,55
2020-09-26,Yuba,115,75493,1094,1056,3,1059,7
2020-09-25,Alameda,001,1643700,21516,20911,175,21086,367
2020-09-25,Alpine,003,1148,3,2,0,2,0
2020-09-25,Amador,005,37829,295,289,0,289,16
2020-09-25,Butte,007,227075,2926,2819,51,2870,43
2020-09-25,Calaveras,009,45235,310,257,0,257,11
2020-09-25,Colusa,011,21464,532,528,0,528,6
2020-09-25,Contra Costa,013,1133247,17178,16401,80,16481,194
2020-09-25,Del Norte,015,27424,142,138,0,138,2
2020-09-25,El Dorado,017,186661,1208,1104,10,1114,4
2020-09-25,Fresno,019,978130,30740,28199,383,28582,385
2020-09-25,Glenn,021,27897,594,570,0,570,3
2020-09-25,Humboldt,023,135768,506,489,1,490,5
2020-09-25,Imperial,025,180216,11854,10681,9,10690,283
2020-09-25,Inyo,027,18085,189,187,4,191,14
2020-09-25,Kern,029,883053,32018,31333,327,31660,393
2020-09-25,Kings,031,150075,7838,7450,36,7486,77
2020-09-25,Lake,033,64148,585,539,0,539,9
2020-09-25,Lassen,035,31185,749,737,2,739,0
2020-09-25,Los Angeles,037,10098052,268775,265713,1841,267554,6483
2020-09-25,Madera,039,155013,4570,4369,30,4399,48
2020-09-25,Marin,041,260295,6748,6622,17,6639,90
2020-09-25,Mariposa,043,17540,76,74,0,74,2
2020-09-25,Mendocino,045,87422,884,819,3,822,17
2020-09-25,Merced,047,269075,8929,8830,20,8850,135
2020-09-25,Modoc,049,8938,29,26,0,26,0
2020-09-25,Mono,051,14174,169,149,3,152,1
2020-09-25,Monterey,053,433212,9960,9581,32,9613,68
2020-09-25,Napa,055,140530,1747,1669,8,1677,11
2020-09-25,Nevada,057,99092,540,529,16,545,6
2020-09-25,Orange,059,3164182,55063,52031,1465,53496,1184
2020-09-25,Placer,061,380077,3646,3527,13,3540,41
2020-09-25,Plumas,063,18699,49,48,0,48,0
2020-09-25,Riverside,065,2383286,59565,57783,172,57955,1183
2020-09-25,Sacramento,067,1510023,22698,22132,27,22159,418
2020-09-25,San Benito,069,59416,1344,1318,0,1318,11
2020-09-25,San Bernardino,071,2135413,54681,52814,350,53164,987
2020-09-25,San Diego,073,3302833,47876,46003,957,46960,775
2020-09-25,San Francisco,075,870044,11286,11066,27,11093,100
2020-09-25,San Joaquin,077,732212,20256,19909,57,19966,449
2020-09-25,San Luis Obispo,079,281455,3765,3512,17,3529,31
2020-09-25,San Mateo,081,765935,10179,9447,10,9457,127
2020-09-25,Santa Barbara,083,443738,9212,9026,76,9102,114
2020-09-25,Santa Clara,085,1922200,22166,20812,44,20856,265
2020-09-25,Santa Cruz,087,273765,2461,2309,30,2339,9
2020-09-25,Shasta,089,179085,1105,806,8,814,16
2020-09-25,Sierra,091,2930,6,6,0,6,0
2020-09-25,Siskiyou,093,43540,155,149,10,159,0
2020-09-25,Solano,095,438530,6361,6179,39,6218,50
2020-09-25,Sonoma,097,501317,7704,7202,21,7223,124
2020-09-25,Stanislaus,099,539301,16574,16381,518,16899,326
2020-09-25,Sutter,101,95872,1681,1655,1,1656,10
2020-09-25,Tehama,103,63373,583,546,2,548,2
2020-09-25,Trinity,105,12862,54,15,8,23,0
2020-09-25,Tulare,107,460477,16428,15815,126,15941,267
2020-09-25,Tuolumne,109,53932,233,223,6,229,2
2020-09-25,Ventura,111,848112,13400,12664,165,12829,137
2020-09-25,Yolo,113,214977,2839,2784,7,2791,55
2020-09-25,Yuba,115,75493,1089,1049,3,1052,5
2020-09-24,Alameda,001,1643700,21441,20838,172,21010,364
2020-09-24,Alpine,003,1148,3,2,0,2,0
2020-09-24,Amador,005,37829,295,288,0,288,16
2020-09-24,Butte,007,227075,2915,2803,51,2854,43
2020-09-24,Calaveras,009,45235,310,258,0,258,11
2020-09-24,Colusa,011,21464,532,523,0,523,6
2020-09-24,Contra Costa,013,1133247,17095,16252,80,16332,192
2020-09-24,Del Norte,015,27424,138,137,0,137,2
2020-09-24,El Dorado,017,186661,1199,1093,10,1103,4
2020-09-24,Fresno,019,978130,30634,28106,379,28485,375
2020-09-24,Glenn,021,27897,590,567,0,567,3
2020-09-24,Humboldt,023,135768,503,482,1,483,5
2020-09-24,Imperial,025,180216,11830,10622,9,10631,283
2020-09-24,Inyo,027,18085,189,187,4,191,13
2020-09-24,Kern,029,883053,31955,31273,325,31598,388
2020-09-24,Kings,031,150075,7822,7428,36,7464,76
2020-09-24,Lake,033,64148,576,531,0,531,9
2020-09-24,Lassen,035,31185,748,737,2,739,0
2020-09-24,Los Angeles,037,10098052,267733,264374,1824,266198,6452
2020-09-24,Madera,039,155013,4551,4344,30,4374,48
2020-09-24,Marin,041,260295,6720,6588,17,6605,85
2020-09-24,Mariposa,043,17540,76,74,0,74,2
2020-09-24,Mendocino,045,87422,880,810,3,813,17
2020-09-24,Merced,047,269075,8900,8813,19,8832,135
2020-09-24,Modoc,049,8938,29,24,0,24,0
2020-09-24,Mono,051,14174,169,149,3,152,1
2020-09-24,Monterey,053,433212,9894,9544,30,9574,67
2020-09-24,Napa,055,140530,1735,1661,8,1669,11
2020-09-24,Nevada,057,99092,539,527,16,543,6
2020-09-24,Orange,059,3164182,54857,51749,1447,53196,1164
2020-09-24,Placer,061,380077,3632,3514,13,3527,41
2020-09-24,Plumas,063,18699,49,48,0,48,0
2020-09-24,Riverside,065,2383286,59300,57491,166,57657,1172
2020-09-24,Sacramento,067,1510023,22570,21985,26,22011,417
2020-09-24,San Benito,069,59416,1342,1308,0,1308,11
2020-09-24,San Bernardino,071,2135413,54344,52455,349,52804,988
2020-09-24,San Diego,073,3302833,47607,45598,942,46540,773
2020-09-24,San Francisco,075,870044,11239,10992,27,11019,99
2020-09-24,San Joaquin,077,732212,20218,19851,55,19906,444
2020-09-24,San Luis Obispo,079,281455,3749,3480,17,3497,31
2020-09-24,San Mateo,081,765935,10131,9376,10,9386,127
2020-09-24,Santa Barbara,083,443738,9159,8988,75,9063,114
2020-09-24,Santa Clara,085,1922200,22078,20689,44,20733,262
2020-09-24,Santa Cruz,087,273765,2441,2300,28,2328,9
2020-09-24,Shasta,089,179085,1068,773,5,778,14
2020-09-24,Sierra,091,2930,6,6,0,6,0
2020-09-24,Siskiyou,093,43540,155,149,10,159,0
2020-09-24,Solano,095,438530,6328,6137,39,6176,49
2020-09-24,Sonoma,097,501317,7623,7163,21,7184,122
2020-09-24,Stanislaus,099,539301,16538,16326,513,16839,326
2020-09-24,Sutter,101,95872,1678,1646,1,1647,10
2020-09-24,Tehama,103,63373,580,540,2,542,2
2020-09-24,Trinity,105,12862,54,15,8,23,0
2020-09-24,Tulare,107,460477,16363,15754,125,15879,267
2020-09-24,Tuolumne,109,53932,233,224,6,230,2
2020-09-24,Ventura,111,848112,13318,12617,164,12781,138
2020-09-24,Yolo,113,214977,2832,2776,7,2783,55
2020-09-24,Yuba,115,75493,1084,1042,3,1045,5
2020-09-23,Alameda,001,1643700,21372,20718,170,20888,361
2020-09-23,Alpine,003,1148,3,2,0,2,0
2020-09-23,Amador,005,37829,294,288,0,288,16
2020-09-23,Butte,007,227075,2907,2790,51,2841,43
2020-09-23,Calaveras,009,45235,309,258,0,258,11
2020-09-23,Colusa,011,21464,531,521,0,521,6
2020-09-23,Contra Costa,013,1133247,17035,16167,80,16247,192
2020-09-23,Del Norte,015,27424,136,137,0,137,2
2020-09-23,El Dorado,017,186661,1185,1088,10,1098,4
2020-09-23,Fresno,019,978130,30540,28019,377,28396,371
2020-09-23,Glenn,021,27897,583,561,0,561,3
2020-09-23,Humboldt,023,135768,499,477,1,478,5
2020-09-23,Imperial,025,180216,11805,10587,9,10596,284
2020-09-23,Inyo,027,18085,188,177,4,181,13
2020-09-23,Kern,029,883053,31911,31172,323,31495,387
2020-09-23,Kings,031,150075,7800,7406,36,7442,76
2020-09-23,Lake,033,64148,571,519,0,519,9
2020-09-23,Lassen,035,31185,748,736,2,738,0
2020-09-23,Los Angeles,037,10098052,266715,263318,1797,265115,6421
2020-09-23,Madera,039,155013,4536,4311,30,4341,48
2020-09-23,Marin,041,260295,6701,6567,17,6584,85
2020-09-23,Mariposa,043,17540,76,74,0,74,2
2020-09-23,Mendocino,045,87422,879,801,2,803,17
2020-09-23,Merced,047,269075,8879,8785,17,8802,134
2020-09-23,Modoc,049,8938,29,24,0,24,0
2020-09-23,Mono,051,14174,169,149,3,152,1
2020-09-23,Monterey,053,433212,9825,9452,29,9481,67
2020-09-23,Napa,055,140530,1726,1653,8,1661,11
2020-09-23,Nevada,057,99092,538,523,16,539,6
2020-09-23,Orange,059,3164182,54630,51658,1439,53097,1155
2020-09-23,Placer,061,380077,3620,3506,13,3519,41
2020-09-23,Plumas,063,18699,49,48,0,48,0
2020-09-23,Riverside,065,2383286,58994,57257,163,57420,1165
2020-09-23,Sacramento,067,1510023,22494,21821,26,21847,415
2020-09-23,San Benito,069,59416,1336,1305,0,1305,10
2020-09-23,San Bernardino,071,2135413,54051,52132,347,52479,973
2020-09-23,San Diego,073,3302833,47331,45427,923,46350,767
2020-09-23,San Francisco,075,870044,11190,10926,27,10953,95
2020-09-23,San Joaquin,077,732212,20164,19785,55,19840,439
2020-09-23,San Luis Obispo,079,281455,3731,3447,17,3464,31
2020-09-23,San Mateo,081,765935,10091,9351,10,9361,127
2020-09-23,Santa Barbara,083,443738,9130,8952,75,9027,112
2020-09-23,Santa Clara,085,1922200,21968,20575,41,20616,260
2020-09-23,Santa Cruz,087,273765,2422,2283,28,2311,9
2020-09-23,Shasta,089,179085,1029,756,4,760,14
2020-09-23,Sierra,091,2930,6,6,0,6,0
2020-09-23,Siskiyou,093,43540,155,149,10,159,0
2020-09-23,Solano,095,438530,6302,6123,39,6162,50
2020-09-23,Sonoma,097,501317,7547,7091,21,7112,122
2020-09-23,Stanislaus,099,539301,16508,16271,510,16781,317
2020-09-23,Sutter,101,95872,1674,1646,1,1647,10
2020-09-23,Tehama,103,63373,574,533,2,535,2
2020-09-23,Trinity,105,12862,53,15,8,23,0
2020-09-23,Tulare,107,460477,16298,15664,124,15788,266
2020-09-23,Tuolumne,109,53932,233,223,6,229,2
2020-09-23,Ventura,111,848112,13262,12591,162,12753,137
2020-09-23,Yolo,113,214977,2814,2766,7,2773,55
2020-09-23,Yuba,115,75493,1082,1038,3,1041,5
2020-09-22,Alameda,001,1643700,21293,20607,168,20775,355
2020-09-22,Alpine,003,1148,2,2,0,2,0
2020-09-22,Amador,005,37829,293,287,0,287,16
2020-09-22,Butte,007,227075,2902,2776,51,2827,43
2020-09-22,Calaveras,009,45235,309,258,0,258,11
2020-09-22,Colusa,011,21464,529,518,0,518,6
2020-09-22,Contra Costa,013,1133247,16945,16090,80,16170,190
2020-09-22,Del Norte,015,27424,136,137,0,137,2
2020-09-22,El Dorado,017,186661,1166,1076,10,1086,4
2020-09-22,Fresno,019,978130,30445,27944,374,28318,369
2020-09-22,Glenn,021,27897,580,560,0,560,3
2020-09-22,Humboldt,023,135768,498,476,1,477,5
2020-09-22,Imperial,025,180216,11776,10529,9,10538,284
2020-09-22,Inyo,027,18085,188,177,4,181,13
2020-09-22,Kern,029,883053,31844,31110,316,31426,383
2020-09-22,Kings,031,150075,7743,7395,35,7430,76
2020-09-22,Lake,033,64148,565,516,0,516,9
2020-09-22,Lassen,035,31185,747,736,2,738,0
2020-09-22,Los Angeles,037,10098052,265649,262117,1771,263888,6394
2020-09-22,Madera,039,155013,4520,4303,30,4333,47
2020-09-22,Marin,041,260295,6688,6561,17,6578,84
2020-09-22,Mariposa,043,17540,76,74,0,74,2
2020-09-22,Mendocino,045,87422,859,794,1,795,18
2020-09-22,Merced,047,269075,8849,8769,17,8786,132
2020-09-22,Modoc,049,8938,29,24,0,24,0
2020-09-22,Mono,051,14174,168,149,3,152,1
2020-09-22,Monterey,053,433212,9767,9393,28,9421,67
2020-09-22,Napa,055,140530,1709,1652,8,1660,11
2020-09-22,Nevada,057,99092,538,523,16,539,6
2020-09-22,Orange,059,3164182,54380,51528,1430,52958,1132
2020-09-22,Placer,061,380077,3608,3492,13,3505,40
2020-09-22,Plumas,063,18699,49,48,0,48,0
2020-09-22,Riverside,065,2383286,58510,57066,159,57225,1162
2020-09-22,Sacramento,067,1510023,22375,21745,26,21771,410
2020-09-22,San Benito,069,59416,1331,1305,0,1305,10
2020-09-22,San Bernardino,071,2135413,53777,51899,347,52246,971
2020-09-22,San Diego,073,3302833,47024,45149,904,46053,765
2020-09-22,San Francisco,075,870044,11146,10893,26,10919,95
2020-09-22,San Joaquin,077,732212,20117,19755,54,19809,426
2020-09-22,San Luis Obispo,079,281455,3709,3420,17,3437,31
2020-09-22,San Mateo,081,765935,10053,9291,10,9301,127
2020-09-22,Santa Barbara,083,443738,9100,8927,74,9001,111
2020-09-22,Santa Clara,085,1922200,21849,20514,41,20555,253
2020-09-22,Santa Cruz,087,273765,2398,2264,28,2292,8
2020-09-22,Shasta,089,179085,994,723,4,727,14
2020-09-22,Sierra,091,2930,6,6,0,6,0
2020-09-22,Siskiyou,093,43540,155,149,10,159,0
2020-09-22,Solano,095,438530,6271,6107,39,6146,48
2020-09-22,Sonoma,097,501317,7468,7068,20,7088,117
2020-09-22,Stanislaus,099,539301,16485,16231,503,16734,316
2020-09-22,Sutter,101,95872,1668,1638,1,1639,10
2020-09-22,Tehama,103,63373,566,529,2,531,2
2020-09-22,Trinity,105,12862,53,15,8,23,0
2020-09-22,Tulare,107,460477,16231,15616,121,15737,263
2020-09-22,Tuolumne,109,53932,232,224,6,230,1
2020-09-22,Ventura,111,848112,13210,12507,158,12665,136
2020-09-22,Yolo,113,214977,2807,2763,7,2770,54
2020-09-22,Yuba,115,75493,1073,1035,3,1038,5
2020-09-21,Alameda,001,1643700,21214,20501,167,20668,343
2020-09-21,Alpine,003,1148,2,2,0,2,0
2020-09-21,Amador,005,37829,291,286,0,286,16
2020-09-21,Butte,007,227075,2888,2769,51,2820,41
2020-09-21,Calaveras,009,45235,307,256,0,256,10
2020-09-21,Colusa,011,21464,528,517,0,517,6
2020-09-21,Contra Costa,013,1133247,16864,16008,80,16088,189
2020-09-21,Del Norte,015,27424,136,132,0,132,2
2020-09-21,El Dorado,017,186661,1157,1074,10,1084,4
2020-09-21,Fresno,019,978130,30344,27843,367,28210,362
2020-09-21,Glenn,021,27897,576,556,0,556,3
2020-09-21,Humboldt,023,135768,494,473,1,474,5
2020-09-21,Imperial,025,180216,11745,10521,9,10530,284
2020-09-21,Inyo,027,18085,187,177,4,181,12
2020-09-21,Kern,029,883053,31773,31031,314,31345,379
2020-09-21,Kings,031,150075,7630,7297,34,7331,76
2020-09-21,Lake,033,64148,560,508,0,508,8
2020-09-21,Lassen,035,31185,745,735,2,737,0
2020-09-21,Los Angeles,037,10098052,264563,261418,1726,263144,6360
2020-09-21,Madera,039,155013,4509,4275,29,4304,47
2020-09-21,Marin,041,260295,6677,6538,16,6554,84
2020-09-21,Mariposa,043,17540,75,74,0,74,2
2020-09-21,Mendocino,045,87422,844,778,0,778,18
2020-09-21,Merced,047,269075,8830,8749,15,8764,128
2020-09-21,Modoc,049,8938,29,22,0,22,0
2020-09-21,Mono,051,14174,168,147,3,150,1
2020-09-21,Monterey,053,433212,9703,9331,25,9356,66
2020-09-21,Napa,055,140530,1698,1641,8,1649,11
2020-09-21,Nevada,057,99092,536,515,16,531,6
2020-09-21,Orange,059,3164182,54158,51363,1423,52786,1110
2020-09-21,Placer,061,380077,3598,3473,13,3486,40
2020-09-21,Plumas,063,18699,49,47,0,47,0
2020-09-21,Riverside,065,2383286,58238,57001,152,57153,1153
2020-09-21,Sacramento,067,1510023,22193,21568,26,21594,404
2020-09-21,San Benito,069,59416,1329,1298,0,1298,10
2020-09-21,San Bernardino,071,2135413,53490,51654,347,52001,970
2020-09-21,San Diego,073,3302833,46740,44927,883,45810,760
2020-09-21,San Francisco,075,870044,11098,10743,26,10769,95
2020-09-21,San Joaquin,077,732212,20060,19579,54,19633,423
2020-09-21,San Luis Obispo,079,281455,3683,3406,17,3423,27
2020-09-21,San Mateo,081,765935,10001,9239,10,9249,127
2020-09-21,Santa Barbara,083,443738,9072,8911,74,8985,110
2020-09-21,Santa Clara,085,1922200,21749,20432,41,20473,252
2020-09-21,Santa Cruz,087,273765,2382,2257,26,2283,8
2020-09-21,Shasta,089,179085,944,696,4,700,14
2020-09-21,Sierra,091,2930,6,6,0,6,0
2020-09-21,Siskiyou,093,43540,155,146,10,156,0
2020-09-21,Solano,095,438530,6247,6019,39,6058,46
2020-09-21,Sonoma,097,501317,7392,7017,20,7037,117
2020-09-21,Stanislaus,099,539301,16455,16186,503,16689,310
2020-09-21,Sutter,101,95872,1661,1634,1,1635,10
2020-09-21,Tehama,103,63373,547,513,2,515,2
2020-09-21,Trinity,105,12862,53,15,8,23,0
2020-09-21,Tulare,107,460477,16157,15528,112,15640,260
2020-09-21,Tuolumne,109,53932,232,221,6,227,1
2020-09-21,Ventura,111,848112,13126,12477,152,12629,133
2020-09-21,Yolo,113,214977,2801,2752,7,2759,54
2020-09-21,Yuba,115,75493,1069,1033,3,1036,1
2020-09-20,Alameda,001,1643700,21113,20425,164,20589,343
2020-09-20,Alpine,003,1148,2,2,0,2,0
2020-09-20,Amador,005,37829,290,286,0,286,16
2020-09-20,Butte,007,227075,2876,2764,51,2815,39
2020-09-20,Calaveras,009,45235,303,256,0,256,10
2020-09-20,Colusa,011,21464,526,510,0,510,6
2020-09-20,Contra Costa,013,1133247,16747,15917,79,15996,189
2020-09-20,Del Norte,015,27424,134,132,0,132,2
2020-09-20,El Dorado,017,186661,1142,1073,10,1083,4
2020-09-20,Fresno,019,978130,30230,27769,362,28131,362
2020-09-20,Glenn,021,27897,572,550,0,550,3
2020-09-20,Humboldt,023,135768,494,472,1,473,5
2020-09-20,Imperial,025,180216,11718,10496,8,10504,284
2020-09-20,Inyo,027,18085,187,177,4,181,12
2020-09-20,Kern,029,883053,31689,30992,310,31302,379
2020-09-20,Kings,031,150075,7583,7159,33,7192,76
2020-09-20,Lake,033,64148,548,492,0,492,8
2020-09-20,Lassen,035,31185,745,735,2,737,0
2020-09-20,Los Angeles,037,10098052,263336,260770,1701,262471,6347
2020-09-20,Madera,039,155013,4489,4257,29,4286,47
2020-09-20,Marin,041,260295,6652,6533,16,6549,83
2020-09-20,Mariposa,043,17540,75,74,0,74,2
2020-09-20,Mendocino,045,87422,832,765,0,765,18
2020-09-20,Merced,047,269075,8803,8745,15,8760,128
2020-09-20,Modoc,049,8938,27,22,0,22,0
2020-09-20,Mono,051,14174,167,147,3,150,1
2020-09-20,Monterey,053,433212,9624,9312,25,9337,65
2020-09-20,Napa,055,140530,1689,1626,8,1634,11
2020-09-20,Nevada,057,99092,533,511,16,527,6
2020-09-20,Orange,059,3164182,53917,51233,1413,52646,1110
2020-09-20,Placer,061,380077,3584,3452,13,3465,40
2020-09-20,Plumas,063,18699,49,47,0,47,0
2020-09-20,Riverside,065,2383286,58037,56783,146,56929,1147
2020-09-20,Sacramento,067,1510023,22006,21394,25,21419,401
2020-09-20,San Benito,069,59416,1318,1291,0,1291,9
2020-09-20,San Bernardino,071,2135413,53173,51559,345,51904,970
2020-09-20,San Diego,073,3302833,46367,44579,854,45433,760
2020-09-20,San Francisco,075,870044,11044,10743,26,10769,95
2020-09-20,San Joaquin,077,732212,19996,19578,47,19625,423
2020-09-20,San Luis Obispo,079,281455,3656,3393,17,3410,27
2020-09-20,San Mateo,081,765935,9935,9198,10,9208,127
2020-09-20,Santa Barbara,083,443738,9036,8880,73,8953,110
2020-09-20,Santa Clara,085,1922200,21630,20330,40,20370,252
2020-09-20,Santa Cruz,087,273765,2362,2199,26,2225,8
2020-09-20,Shasta,089,179085,903,696,3,699,14
2020-09-20,Sierra,091,2930,6,6,0,6,0
2020-09-20,Siskiyou,093,43540,155,146,10,156,0
2020-09-20,Solano,095,438530,6203,6020,39,6059,46
2020-09-20,Sonoma,097,501317,7288,6954,20,6974,117
2020-09-20,Stanislaus,099,539301,16423,16159,496,16655,310
2020-09-20,Sutter,101,95872,1655,1624,1,1625,10
2020-09-20,Tehama,103,63373,534,509,2,511,2
2020-09-20,Trinity,105,12862,53,15,8,23,0
2020-09-20,Tulare,107,460477,16071,15528,105,15633,260
2020-09-20,Tuolumne,109,53932,232,221,6,227,1
2020-09-20,Ventura,111,848112,13060,12406,148,12554,133
2020-09-20,Yolo,113,214977,2793,2745,7,2752,54
2020-09-20,Yuba,115,75493,1062,1029,3,1032,1
2020-09-19,Alameda,001,1643700,21063,20349,161,20510,343
2020-09-19,Alpine,003,1148,2,2,0,2,0
2020-09-19,Amador,005,37829,290,285,0,285,16
2020-09-19,Butte,007,227075,2870,2748,51,2799,38
2020-09-19,Calaveras,009,45235,303,256,0,256,10
2020-09-19,Colusa,011,21464,526,507,0,507,6
2020-09-19,Contra Costa,013,1133247,16685,15783,79,15862,186
2020-09-19,Del Norte,015,27424,133,132,0,132,2
2020-09-19,El Dorado,017,186661,1136,1068,9,1077,4
2020-09-19,Fresno,019,978130,30157,27668,362,28030,362
2020-09-19,Glenn,021,27897,569,547,0,547,3
2020-09-19,Humboldt,023,135768,493,471,1,472,5
2020-09-19,Imperial,025,180216,11703,10496,8,10504,284
2020-09-19,Inyo,027,18085,187,177,4,181,12
2020-09-19,Kern,029,883053,31637,30886,307,31193,379
2020-09-19,Kings,031,150075,7577,7130,33,7163,76
2020-09-19,Lake,033,64148,548,465,0,465,8
2020-09-19,Lassen,035,31185,745,731,2,733,0
2020-09-19,Los Angeles,037,10098052,262712,259801,1687,261488,6325
2020-09-19,Madera,039,155013,4466,4237,29,4266,47
2020-09-19,Marin,041,260295,6645,6513,15,6528,81
2020-09-19,Mariposa,043,17540,75,74,0,74,2
2020-09-19,Mendocino,045,87422,829,750,0,750,18
2020-09-19,Merced,047,269075,8792,8717,14,8731,128
2020-09-19,Modoc,049,8938,27,22,0,22,0
2020-09-19,Mono,051,14174,167,147,3,150,1
2020-09-19,Monterey,053,433212,9582,9237,25,9262,65
2020-09-19,Napa,055,140530,1681,1614,8,1622,11
2020-09-19,Nevada,057,99092,531,505,16,521,6
2020-09-19,Orange,059,3164182,53789,50999,1406,52405,1105
2020-09-19,Placer,061,380077,3575,3412,13,3425,40
2020-09-19,Plumas,063,18699,49,47,0,47,0
2020-09-19,Riverside,065,2383286,57910,56562,145,56707,1147
2020-09-19,Sacramento,067,1510023,21952,21297,25,21322,396
2020-09-19,San Benito,069,59416,1314,1276,0,1276,9
2020-09-19,San Bernardino,071,2135413,53015,51353,342,51695,971
2020-09-19,San Diego,073,3302833,46139,44295,831,45126,773
2020-09-19,San Francisco,075,870044,11011,10741,26,10767,95
2020-09-19,San Joaquin,077,732212,19960,19580,47,19627,424
2020-09-19,San Luis Obispo,079,281455,3635,3369,17,3386,27
2020-09-19,San Mateo,081,765935,9904,9158,10,9168,127
2020-09-19,Santa Barbara,083,443738,9016,8862,73,8935,106
2020-09-19,Santa Clara,085,1922200,21541,20170,40,20210,251
2020-09-19,Santa Cruz,087,273765,2348,2198,25,2223,8
2020-09-19,Shasta,089,179085,876,687,3,690,14
2020-09-19,Sierra,091,2930,6,6,0,6,0
2020-09-19,Siskiyou,093,43540,155,146,10,156,0
2020-09-19,Solano,095,438530,6187,5998,39,6037,46
2020-09-19,Sonoma,097,501317,7255,6905,20,6925,117
2020-09-19,Stanislaus,099,539301,16382,16109,489,16598,313
2020-09-19,Sutter,101,95872,1654,1602,1,1603,10
2020-09-19,Tehama,103,63373,529,498,2,500,2
2020-09-19,Trinity,105,12862,53,15,8,23,0
2020-09-19,Tulare,107,460477,16023,15485,102,15587,260
2020-09-19,Tuolumne,109,53932,232,217,6,223,1
2020-09-19,Ventura,111,848112,13028,12328,148,12476,133
2020-09-19,Yolo,113,214977,2785,2739,7,2746,54
2020-09-19,Yuba,115,75493,1055,1023,3,1026,1
2020-09-18,Alameda,001,1643700,20997,20222,155,20377,341
2020-09-18,Alpine,003,1148,2,2,0,2,0
2020-09-18,Amador,005,37829,290,285,0,285,16
2020-09-18,Butte,007,227075,2868,2738,51,2789,37
2020-09-18,Calaveras,009,45235,303,255,0,255,9
2020-09-18,Colusa,011,21464,526,504,0,504,6
2020-09-18,Contra Costa,013,1133247,16596,15667,79,15746,185
2020-09-18,Del Norte,015,27424,133,131,0,131,2
2020-09-18,El Dorado,017,186661,1123,1063,9,1072,4
2020-09-18,Fresno,019,978130,30092,27560,362,27922,359
2020-09-18,Glenn,021,27897,566,541,0,541,3
2020-09-18,Humboldt,023,135768,490,470,1,471,5
2020-09-18,Imperial,025,180216,11688,10460,8,10468,283
2020-09-18,Inyo,027,18085,187,177,4,181,12
2020-09-18,Kern,029,883053,31577,30742,304,31046,373
2020-09-18,Kings,031,150075,7567,7062,33,7095,74
2020-09-18,Lake,033,64148,542,458,0,458,8
2020-09-18,Lassen,035,31185,744,731,2,733,0
2020-09-18,Los Angeles,037,10098052,261950,258488,1669,260157,6324
2020-09-18,Madera,039,155013,4455,4211,29,4240,45
2020-09-18,Marin,041,260295,6629,6475,15,6490,81
2020-09-18,Mariposa,043,17540,75,74,0,74,2
2020-09-18,Mendocino,045,87422,821,739,0,739,18
2020-09-18,Merced,047,269075,8780,8691,13,8704,127
2020-09-18,Modoc,049,8938,27,22,0,22,0
2020-09-18,Mono,051,14174,165,147,3,150,1
2020-09-18,Monterey,053,433212,9541,9183,25,9208,64
2020-09-18,Napa,055,140530,1675,1604,8,1612,11
2020-09-18,Nevada,057,99092,528,504,16,520,6
2020-09-18,Orange,059,3164182,53643,50733,1394,52127,1107
2020-09-18,Placer,061,380077,3564,3389,13,3402,40
2020-09-18,Plumas,063,18699,49,45,0,45,0
2020-09-18,Riverside,065,2383286,57787,56248,140,56388,1143
2020-09-18,Sacramento,067,1510023,21868,21105,25,21130,391
2020-09-18,San Benito,069,59416,1306,1257,0,1257,8
2020-09-18,San Bernardino,071,2135413,52870,51106,339,51445,970
2020-09-18,San Diego,073,3302833,45889,44009,826,44835,757
2020-09-18,San Francisco,075,870044,10973,10644,25,10669,95
2020-09-18,San Joaquin,077,732212,19917,19531,46,19577,423
2020-09-18,San Luis Obispo,079,281455,3611,3328,17,3345,27
2020-09-18,San Mateo,081,765935,9864,9062,10,9072,127
2020-09-18,Santa Barbara,083,443738,8995,8824,73,8897,107
2020-09-18,Santa Clara,085,1922200,21444,20058,40,20098,252
2020-09-18,Santa Cruz,087,273765,2328,2180,24,2204,8
2020-09-18,Shasta,089,179085,841,668,3,671,14
2020-09-18,Sierra,091,2930,6,6,0,6,0
2020-09-18,Siskiyou,093,43540,154,146,10,156,0
2020-09-18,Solano,095,438530,6171,5961,39,6000,46
2020-09-18,Sonoma,097,501317,7207,6856,20,6876,114
2020-09-18,Stanislaus,099,539301,16352,16042,483,16525,277
2020-09-18,Sutter,101,95872,1647,1586,1,1587,10
2020-09-18,Tehama,103,63373,529,490,2,492,2
2020-09-18,Trinity,105,12862,53,15,7,22,0
2020-09-18,Tulare,107,460477,15990,15435,98,15533,259
2020-09-18,Tuolumne,109,53932,231,216,6,222,1
2020-09-18,Ventura,111,848112,12967,12236,144,12380,133
2020-09-18,Yolo,113,214977,2779,2732,7,2739,54
2020-09-18,Yuba,115,75493,1051,1020,3,1023,1
2020-09-17,Alameda,001,1643700,20898,20146,155,20301,339
2020-09-17,Alpine,003,1148,2,2,0,2,0
2020-09-17,Amador,005,37829,288,284,0,284,16
2020-09-17,Butte,007,227075,2851,2720,51,2771,38
2020-09-17,Calaveras,009,45235,303,254,0,254,9
2020-09-17,Colusa,011,21464,524,499,0,499,6
2020-09-17,Contra Costa,013,1133247,16510,15576,79,15655,184
2020-09-17,Del Norte,015,27424,133,131,0,131,2
2020-09-17,El Dorado,017,186661,1114,1057,9,1066,4
2020-09-17,Fresno,019,978130,29982,27487,357,27844,355
2020-09-17,Glenn,021,27897,565,541,0,541,3
2020-09-17,Humboldt,023,135768,484,466,1,467,5
2020-09-17,Imperial,025,180216,11671,10436,8,10444,281
2020-09-17,Inyo,027,18085,187,176,4,180,12
2020-09-17,Kern,029,883053,31517,30627,297,30924,372
2020-09-17,Kings,031,150075,7496,7015,33,7048,72
2020-09-17,Lake,033,64148,532,433,0,433,8
2020-09-17,Lassen,035,31185,742,731,2,733,0
2020-09-17,Los Angeles,037,10098052,261007,257246,1655,258901,6318
2020-09-17,Madera,039,155013,4421,4152,29,4181,45
2020-09-17,Marin,041,260295,6608,6457,15,6472,81
2020-09-17,Mariposa,043,17540,75,74,0,74,2
2020-09-17,Mendocino,045,87422,810,737,0,737,18
2020-09-17,Merced,047,269075,8761,8671,13,8684,119
2020-09-17,Modoc,049,8938,27,22,0,22,0
2020-09-17,Mono,051,14174,165,147,3,150,1
2020-09-17,Monterey,053,433212,9479,9113,25,9138,62
2020-09-17,Napa,055,140530,1664,1592,8,1600,11
2020-09-17,Nevada,057,99092,526,494,16,510,6
2020-09-17,Orange,059,3164182,53463,50537,1382,51919,1098
2020-09-17,Placer,061,380077,3544,3368,13,3381,40
2020-09-17,Plumas,063,18699,49,45,0,45,0
2020-09-17,Riverside,065,2383286,57562,56007,139,56146,1134
2020-09-17,Sacramento,067,1510023,21633,20895,25,20920,385
2020-09-17,San Benito,069,59416,1304,1252,0,1252,8
2020-09-17,San Bernardino,071,2135413,52666,50770,339,51109,904
2020-09-17,San Diego,073,3302833,45609,43621,814,44435,754
2020-09-17,San Francisco,075,870044,10879,10564,25,10589,95
2020-09-17,San Joaquin,077,732212,19858,19439,46,19485,416
2020-09-17,San Luis Obispo,079,281455,3581,3299,17,3316,27
2020-09-17,San Mateo,081,765935,9822,8984,10,8994,127
2020-09-17,Santa Barbara,083,443738,8971,8779,73,8852,107
2020-09-17,Santa Clara,085,1922200,21327,19825,40,19865,254
2020-09-17,Santa Cruz,087,273765,2312,2155,24,2179,7
2020-09-17,Shasta,089,179085,802,660,3,663,12
2020-09-17,Sierra,091,2930,6,6,0,6,0
2020-09-17,Siskiyou,093,43540,154,146,10,156,0
2020-09-17,Solano,095,438530,6148,5915,39,5954,44
2020-09-17,Sonoma,097,501317,7143,6754,20,6774,114
2020-09-17,Stanislaus,099,539301,16319,15984,479,16463,277
2020-09-17,Sutter,101,95872,1642,1572,1,1573,10
2020-09-17,Tehama,103,63373,516,487,2,489,2
2020-09-17,Trinity,105,12862,53,15,7,22,0
2020-09-17,Tulare,107,460477,15938,15344,96,15440,258
2020-09-17,Tuolumne,109,53932,230,214,6,220,1
2020-09-17,Ventura,111,848112,12880,12167,141,12308,130
2020-09-17,Yolo,113,214977,2770,2724,7,2731,53
2020-09-17,Yuba,115,75493,1047,1015,3,1018,1
2020-09-16,Alameda,001,1643700,20800,20009,153,20162,333
2020-09-16,Alpine,003,1148,2,2,0,2,0
2020-09-16,Amador,005,37829,288,284,0,284,16
2020-09-16,Butte,007,227075,2841,2704,50,2754,38
2020-09-16,Calaveras,009,45235,303,254,0,254,9
2020-09-16,Colusa,011,21464,522,497,0,497,6
2020-09-16,Contra Costa,013,1133247,16423,15473,79,15552,183
2020-09-16,Del Norte,015,27424,133,131,0,131,2
2020-09-16,El Dorado,017,186661,1106,1049,8,1057,4
2020-09-16,Fresno,019,978130,29875,27381,355,27736,343
2020-09-16,Glenn,021,27897,563,539,0,539,3
2020-09-16,Humboldt,023,135768,483,455,1,456,4
2020-09-16,Imperial,025,180216,11648,10401,8,10409,277
2020-09-16,Inyo,027,18085,186,176,4,180,12
2020-09-16,Kern,029,883053,31458,30570,296,30866,371
2020-09-16,Kings,031,150075,7471,7002,31,7033,71
2020-09-16,Lake,033,64148,521,417,0,417,6
2020-09-16,Lassen,035,31185,741,730,2,732,0
2020-09-16,Los Angeles,037,10098052,260026,256101,1638,257739,6299
2020-09-16,Madera,039,155013,4398,4138,29,4167,45
2020-09-16,Marin,041,260295,6580,6430,15,6445,77
2020-09-16,Mariposa,043,17540,75,74,0,74,2
2020-09-16,Mendocino,045,87422,801,727,0,727,18
2020-09-16,Merced,047,269075,8740,8646,13,8659,118
2020-09-16,Modoc,049,8938,27,22,0,22,0
2020-09-16,Mono,051,14174,165,147,3,150,1
2020-09-16,Monterey,053,433212,9425,8997,25,9022,62
2020-09-16,Napa,055,140530,1650,1587,8,1595,11
2020-09-16,Nevada,057,99092,521,495,15,510,6
2020-09-16,Orange,059,3164182,53262,50414,1373,51787,1096
2020-09-16,Placer,061,380077,3526,3351,13,3364,39
2020-09-16,Plumas,063,18699,49,45,0,45,0
2020-09-16,Riverside,065,2383286,57368,55811,131,55942,1127
2020-09-16,Sacramento,067,1510023,21540,20610,25,20635,377
2020-09-16,San Benito,069,59416,1296,1244,0,1244,8
2020-09-16,San Bernardino,071,2135413,52441,50509,338,50847,907
2020-09-16,San Diego,073,3302833,45317,43447,793,44240,748
2020-09-16,San Francisco,075,870044,10832,10502,25,10527,90
2020-09-16,San Joaquin,077,732212,19803,19377,45,19422,409
2020-09-16,San Luis Obispo,079,281455,3550,3285,17,3302,28
2020-09-16,San Mateo,081,765935,9757,8944,10,8954,127
2020-09-16,Santa Barbara,083,443738,8938,8764,73,8837,107
2020-09-16,Santa Clara,085,1922200,21208,19684,40,19724,253
2020-09-16,Santa Cruz,087,273765,2271,2089,23,2112,7
2020-09-16,Shasta,089,179085,776,635,3,638,11
2020-09-16,Sierra,091,2930,6,6,0,6,0
2020-09-16,Siskiyou,093,43540,153,145,10,155,0
2020-09-16,Solano,095,438530,6119,5899,39,5938,44
2020-09-16,Sonoma,097,501317,7081,6731,20,6751,104
2020-09-16,Stanislaus,099,539301,16271,15897,471,16368,263
2020-09-16,Sutter,101,95872,1629,1567,1,1568,10
2020-09-16,Tehama,103,63373,508,485,2,487,2
2020-09-16,Trinity,105,12862,53,15,7,22,0
2020-09-16,Tulare,107,460477,15894,15314,89,15403,258
2020-09-16,Tuolumne,109,53932,229,210,6,216,1
2020-09-16,Ventura,111,848112,12809,12073,139,12212,130
2020-09-16,Yolo,113,214977,2763,2709,7,2716,53
2020-09-16,Yuba,115,75493,1045,1000,3,1003,1
2020-09-15,Alameda,001,1643700,20694,19931,150,20081,327
2020-09-15,Alpine,003,1148,2,2,0,2,0
2020-09-15,Amador,005,37829,287,282,0,282,16
2020-09-15,Butte,007,227075,2828,2695,48,2743,38
2020-09-15,Calaveras,009,45235,303,248,0,248,5
2020-09-15,Colusa,011,21464,516,497,0,497,6
2020-09-15,Contra Costa,013,1133247,16317,15423,77,15500,180
2020-09-15,Del Norte,015,27424,133,129,0,129,2
2020-09-15,El Dorado,017,186661,1101,1046,8,1054,4
2020-09-15,Fresno,019,978130,29766,27312,350,27662,343
2020-09-15,Glenn,021,27897,562,531,0,531,3
2020-09-15,Humboldt,023,135768,481,456,1,457,4
2020-09-15,Imperial,025,180216,11623,10376,8,10384,277
2020-09-15,Inyo,027,18085,186,176,4,180,12
2020-09-15,Kern,029,883053,31345,30429,293,30722,368
2020-09-15,Kings,031,150075,7313,6977,31,7008,70
2020-09-15,Lake,033,64148,508,416,0,416,4
2020-09-15,Lassen,035,31185,737,719,2,721,0
2020-09-15,Los Angeles,037,10098052,258916,255048,1616,256664,6269
2020-09-15,Madera,039,155013,4379,4122,29,4151,45
2020-09-15,Marin,041,260295,6549,6423,15,6438,77
2020-09-15,Mariposa,043,17540,75,74,0,74,2
2020-09-15,Mendocino,045,87422,783,724,0,724,18
2020-09-15,Merced,047,269075,8710,8633,13,8646,114
2020-09-15,Modoc,049,8938,26,21,0,21,0
2020-09-15,Mono,051,14174,165,147,3,150,1
2020-09-15,Monterey,053,433212,9376,8943,25,8968,62
2020-09-15,Napa,055,140530,1636,1580,8,1588,11
2020-09-15,Nevada,057,99092,516,494,15,509,6
2020-09-15,Orange,059,3164182,53080,50294,1359,51653,1088
2020-09-15,Placer,061,380077,3502,3331,13,3344,38
2020-09-15,Plumas,063,18699,49,44,0,44,0
2020-09-15,Riverside,065,2383286,57074,55569,121,55690,1118
2020-09-15,Sacramento,067,1510023,21396,20487,25,20512,372
2020-09-15,San Benito,069,59416,1289,1237,0,1237,7
2020-09-15,San Bernardino,071,2135413,52226,50333,337,50670,904
2020-09-15,San Diego,073,3302833,44998,43183,773,43956,742
2020-09-15,San Francisco,075,870044,10774,10414,25,10439,90
2020-09-15,San Joaquin,077,732212,19751,19313,45,19358,401
2020-09-15,San Luis Obispo,079,281455,3530,3262,17,3279,28
2020-09-15,San Mateo,081,765935,9688,8895,10,8905,127
2020-09-15,Santa Barbara,083,443738,8913,8724,72,8796,104
2020-09-15,Santa Clara,085,1922200,21075,19610,40,19650,252
2020-09-15,Santa Cruz,087,273765,2245,2079,22,2101,7
2020-09-15,Shasta,089,179085,764,627,3,630,11
2020-09-15,Sierra,091,2930,6,6,0,6,0
2020-09-15,Siskiyou,093,43540,153,143,10,153,0
2020-09-15,Solano,095,438530,6085,5878,39,5917,45
2020-09-15,Sonoma,097,501317,7042,6701,20,6721,104
2020-09-15,Stanislaus,099,539301,16223,15880,469,16349,260
2020-09-15,Sutter,101,95872,1618,1556,1,1557,10
2020-09-15,Tehama,103,63373,496,484,2,486,2
2020-09-15,Trinity,105,12862,53,15,7,22,0
2020-09-15,Tulare,107,460477,15817,15203,87,15290,254
2020-09-15,Tuolumne,109,53932,229,209,6,215,1
2020-09-15,Ventura,111,848112,12756,11932,138,12070,128
2020-09-15,Yolo,113,214977,2759,2708,7,2715,53
2020-09-15,Yuba,115,75493,1039,991,3,994,1
2020-09-14,Alameda,001,1643700,20567,19851,149,20000,306
2020-09-14,Alpine,003,1148,2,2,0,2,0
2020-09-14,Amador,005,37829,285,281,0,281,16
2020-09-14,Butte,007,227075,2810,2642,48,2690,37
2020-09-14,Calaveras,009,45235,303,244,0,244,3
2020-09-14,Colusa,011,21464,515,486,0,486,6
2020-09-14,Contra Costa,013,1133247,16193,15354,76,15430,174
2020-09-14,Del Norte,015,27424,130,116,0,116,2
2020-09-14,El Dorado,017,186661,1097,1039,8,1047,3
2020-09-14,Fresno,019,978130,29682,27232,347,27579,344
2020-09-14,Glenn,021,27897,554,521,0,521,3
2020-09-14,Humboldt,023,135768,478,437,1,438,4
2020-09-14,Imperial,025,180216,11603,10340,8,10348,273
2020-09-14,Inyo,027,18085,186,176,4,180,12
2020-09-14,Kern,029,883053,31257,30344,292,30636,368
2020-09-14,Kings,031,150075,7232,6950,31,6981,70
2020-09-14,Lake,033,64148,487,407,0,407,4
2020-09-14,Lassen,035,31185,737,719,2,721,0
2020-09-14,Los Angeles,037,10098052,257887,254622,1591,256213,6226
2020-09-14,Madera,039,155013,4364,4104,29,4133,45
2020-09-14,Marin,041,260295,6529,6409,15,6424,70
2020-09-14,Mariposa,043,17540,75,74,0,74,2
2020-09-14,Mendocino,045,87422,766,710,0,710,17
2020-09-14,Merced,047,269075,8691,8593,13,8606,112
2020-09-14,Modoc,049,8938,26,21,0,21,0
2020-09-14,Mono,051,14174,165,147,3,150,1
2020-09-14,Monterey,053,433212,9305,8845,24,8869,61
2020-09-14,Napa,055,140530,1619,1576,8,1584,11
2020-09-14,Nevada,057,99092,511,489,15,504,6
2020-09-14,Orange,059,3164182,52919,50149,1343,51492,1079
2020-09-14,Placer,061,380077,3480,3302,13,3315,38
2020-09-14,Plumas,063,18699,48,42,0,42,0
2020-09-14,Riverside,065,2383286,56855,55488,117,55605,1113
2020-09-14,Sacramento,067,1510023,21201,20377,24,20401,367
2020-09-14,San Benito,069,59416,1274,1233,0,1233,7
2020-09-14,San Bernardino,071,2135413,52002,50163,336,50499,895
2020-09-14,San Diego,073,3302833,44687,42889,753,43642,734
2020-09-14,San Francisco,075,870044,10707,10255,23,10278,90
2020-09-14,San Joaquin,077,732212,19677,19111,44,19155,397
2020-09-14,San Luis Obispo,079,281455,3505,3248,17,3265,25
2020-09-14,San Mateo,081,765935,9627,8847,10,8857,127
2020-09-14,Santa Barbara,083,443738,8887,8692,72,8764,104
2020-09-14,Santa Clara,085,1922200,20887,19545,40,19585,247
2020-09-14,Santa Cruz,087,273765,2223,2016,21,2037,7
2020-09-14,Shasta,089,179085,741,584,3,587,10
2020-09-14,Sierra,091,2930,6,6,0,6,0
2020-09-14,Siskiyou,093,43540,152,143,10,153,0
2020-09-14,Solano,095,438530,6050,5834,39,5873,44
2020-09-14,Sonoma,097,501317,6980,6630,20,6650,102
2020-09-14,Stanislaus,099,539301,16178,15812,466,16278,253
2020-09-14,Sutter,101,95872,1607,1549,1,1550,10
2020-09-14,Tehama,103,63373,494,475,2,477,1
2020-09-14,Trinity,105,12862,52,14,7,21,0
2020-09-14,Tulare,107,460477,15748,15096,82,15178,254
2020-09-14,Tuolumne,109,53932,228,208,6,214,1
2020-09-14,Ventura,111,848112,12654,11903,135,12038,125
2020-09-14,Yolo,113,214977,2748,2687,7,2694,53
2020-09-14,Yuba,115,75493,1031,977,3,980,1
2020-09-13,Alameda,001,1643700,20461,19815,146,19961,306
2020-09-13,Alpine,003,1148,2,2,0,2,0
2020-09-13,Amador,005,37829,282,279,0,279,16
2020-09-13,Butte,007,227075,2788,2640,48,2688,37
2020-09-13,Calaveras,009,45235,302,246,0,246,3
2020-09-13,Colusa,011,21464,511,486,0,486,6
2020-09-13,Contra Costa,013,1133247,16086,15284,76,15360,172
2020-09-13,Del Norte,015,27424,127,116,0,116,1
2020-09-13,El Dorado,017,186661,1092,1035,8,1043,2
2020-09-13,Fresno,019,978130,29573,27196,338,27534,345
2020-09-13,Glenn,021,27897,550,517,0,517,3
2020-09-13,Humboldt,023,135768,478,434,1,435,4
2020-09-13,Imperial,025,180216,11566,10304,7,10311,273
2020-09-13,Inyo,027,18085,186,176,4,180,12
2020-09-13,Kern,029,883053,31161,30277,286,30563,368
2020-09-13,Kings,031,150075,7213,6937,31,6968,70
2020-09-13,Lake,033,64148,469,397,0,397,4
2020-09-13,Lassen,035,31185,734,719,2,721,0
2020-09-13,Los Angeles,037,10098052,256734,253950,1576,255526,6203
2020-09-13,Madera,039,155013,4307,4090,29,4119,45
2020-09-13,Marin,041,260295,6510,6395,15,6410,70
2020-09-13,Mariposa,043,17540,75,74,0,74,2
2020-09-13,Mendocino,045,87422,759,707,0,707,17
2020-09-13,Merced,047,269075,8657,8575,13,8588,112
2020-09-13,Modoc,049,8938,26,21,0,21,0
2020-09-13,Mono,051,14174,165,147,3,150,1
2020-09-13,Monterey,053,433212,9223,8826,23,8849,61
2020-09-13,Napa,055,140530,1612,1563,8,1571,11
2020-09-13,Nevada,057,99092,503,486,15,501,6
2020-09-13,Orange,059,3164182,52703,50061,1336,51397,1075
2020-09-13,Placer,061,380077,3451,3291,13,3304,38
2020-09-13,Plumas,063,18699,48,42,0,42,0
2020-09-13,Riverside,065,2383286,56648,55235,106,55341,1108
2020-09-13,Sacramento,067,1510023,20856,20279,24,20303,367
2020-09-13,San Benito,069,59416,1266,1217,0,1217,7
2020-09-13,San Bernardino,071,2135413,51715,49968,334,50302,895
2020-09-13,San Diego,073,3302833,44361,42681,719,43400,734
2020-09-13,San Francisco,075,870044,10629,10254,23,10277,90
2020-09-13,San Joaquin,077,732212,19606,19110,43,19153,396
2020-09-13,San Luis Obispo,079,281455,3468,3240,17,3257,24
2020-09-13,San Mateo,081,765935,9566,8811,10,8821,127
2020-09-13,Santa Barbara,083,443738,8850,8690,72,8762,104
2020-09-13,Santa Clara,085,1922200,20749,19456,39,19495,245
2020-09-13,Santa Cruz,087,273765,2189,2016,19,2035,7
2020-09-13,Shasta,089,179085,729,583,3,586,10
2020-09-13,Sierra,091,2930,6,6,0,6,0
2020-09-13,Siskiyou,093,43540,152,143,9,152,0
2020-09-13,Solano,095,438530,6004,5810,39,5849,43
2020-09-13,Sonoma,097,501317,6915,6592,20,6612,95
2020-09-13,Stanislaus,099,539301,16115,15759,454,16213,253
2020-09-13,Sutter,101,95872,1595,1539,1,1540,10
2020-09-13,Tehama,103,63373,490,476,2,478,1
2020-09-13,Trinity,105,12862,52,14,7,21,0
2020-09-13,Tulare,107,460477,15677,15098,81,15179,254
2020-09-13,Tuolumne,109,53932,224,208,6,214,1
2020-09-13,Ventura,111,848112,12546,11855,134,11989,123
2020-09-13,Yolo,113,214977,2736,2675,7,2682,53
2020-09-13,Yuba,115,75493,1026,967,3,970,1
2020-09-12,Alameda,001,1643700,20402,19758,146,19904,307
2020-09-12,Alpine,003,1148,2,2,0,2,0
2020-09-12,Amador,005,37829,281,278,0,278,16
2020-09-12,Butte,007,227075,2781,2629,47,2676,37
2020-09-12,Calaveras,009,45235,300,246,0,246,3
2020-09-12,Colusa,011,21464,507,486,0,486,6
2020-09-12,Contra Costa,013,1133247,16009,15135,75,15210,174
2020-09-12,Del Norte,015,27424,126,116,0,116,1
2020-09-12,El Dorado,017,186661,1085,1034,8,1042,2
2020-09-12,Fresno,019,978130,29503,27076,338,27414,345
2020-09-12,Glenn,021,27897,549,517,0,517,3
2020-09-12,Humboldt,023,135768,477,430,1,431,4
2020-09-12,Imperial,025,180216,11554,10305,7,10312,273
2020-09-12,Inyo,027,18085,186,177,4,181,12
2020-09-12,Kern,029,883053,31095,30202,286,30488,368
2020-09-12,Kings,031,150075,7203,6895,31,6926,70
2020-09-12,Lake,033,64148,461,393,0,393,4
2020-09-12,Lassen,035,31185,734,719,2,721,0
2020-09-12,Los Angeles,037,10098052,256177,253156,1555,254711,6193
2020-09-12,Madera,039,155013,4296,4058,29,4087,43
2020-09-12,Marin,041,260295,6501,6393,15,6408,69
2020-09-12,Mariposa,043,17540,75,72,0,72,2
2020-09-12,Mendocino,045,87422,756,700,0,700,17
2020-09-12,Merced,047,269075,8648,8533,13,8546,112
2020-09-12,Modoc,049,8938,25,21,0,21,0
2020-09-12,Mono,051,14174,165,147,3,150,1
2020-09-12,Monterey,053,433212,9187,8743,23,8766,61
2020-09-12,Napa,055,140530,1609,1556,8,1564,11
2020-09-12,Nevada,057,99092,502,482,15,497,6
2020-09-12,Orange,059,3164182,52588,49895,1333,51228,1078
2020-09-12,Placer,061,380077,3434,3280,13,3293,38
2020-09-12,Plumas,063,18699,48,42,0,42,0
2020-09-12,Riverside,065,2383286,56520,55058,102,55160,1108
2020-09-12,Sacramento,067,1510023,20788,20184,24,20208,367
2020-09-12,San Benito,069,59416,1263,1208,0,1208,7
2020-09-12,San Bernardino,071,2135413,51624,49945,332,50277,896
2020-09-12,San Diego,073,3302833,44166,42416,710,43126,747
2020-09-12,San Francisco,075,870044,10585,10257,23,10280,90
2020-09-12,San Joaquin,077,732212,19578,19108,43,19151,396
2020-09-12,San Luis Obispo,079,281455,3441,3220,17,3237,24
2020-09-12,San Mateo,081,765935,9521,8759,10,8769,127
2020-09-12,Santa Barbara,083,443738,8836,8642,72,8714,104
2020-09-12,Santa Clara,085,1922200,20662,19330,39,19369,237
2020-09-12,Santa Cruz,087,273765,2177,2016,19,2035,7
2020-09-12,Shasta,089,179085,717,569,3,572,10
2020-09-12,Sierra,091,2930,6,6,0,6,0
2020-09-12,Siskiyou,093,43540,152,141,9,150,0
2020-09-12,Solano,095,438530,5980,5772,39,5811,43
2020-09-12,Sonoma,097,501317,6890,6531,20,6551,95
2020-09-12,Stanislaus,099,539301,16083,15675,451,16126,253
2020-09-12,Sutter,101,95872,1589,1529,1,1530,10
2020-09-12,Tehama,103,63373,487,471,2,473,1
2020-09-12,Trinity,105,12862,52,15,7,22,0
2020-09-12,Tulare,107,460477,15632,15018,80,15098,254
2020-09-12,Tuolumne,109,53932,224,208,6,214,1
2020-09-12,Ventura,111,848112,12495,11759,132,11891,123
2020-09-12,Yolo,113,214977,2729,2646,7,2653,53
2020-09-12,Yuba,115,75493,1022,963,3,966,1
2020-09-11,Alameda,001,1643700,20347,19625,145,19770,298
2020-09-11,Alpine,003,1148,2,2,0,2,0
2020-09-11,Amador,005,37829,281,277,0,277,16
2020-09-11,Butte,007,227075,2769,2605,47,2652,37
2020-09-11,Calaveras,009,45235,299,242,0,242,1
2020-09-11,Colusa,011,21464,506,484,0,484,6
2020-09-11,Contra Costa,013,1133247,15951,15001,72,15073,173
2020-09-11,Del Norte,015,27424,126,115,0,115,1
2020-09-11,El Dorado,017,186661,1082,1024,8,1032,2
2020-09-11,Fresno,019,978130,29425,26917,337,27254,344
2020-09-11,Glenn,021,27897,544,515,0,515,3
2020-09-11,Humboldt,023,135768,475,426,1,427,4
2020-09-11,Imperial,025,180216,11536,10286,7,10293,273
2020-09-11,Inyo,027,18085,186,176,4,180,12
2020-09-11,Kern,029,883053,31027,30059,285,30344,365
2020-09-11,Kings,031,150075,7186,6770,31,6801,70
2020-09-11,Lake,033,64148,453,382,0,382,4
2020-09-11,Lassen,035,31185,734,719,2,721,0
2020-09-11,Los Angeles,037,10098052,255498,252057,1544,253601,6172
2020-09-11,Madera,039,155013,4277,4018,29,4047,43
2020-09-11,Marin,041,260295,6496,6364,15,6379,69
2020-09-11,Mariposa,043,17540,75,72,0,72,2
2020-09-11,Mendocino,045,87422,745,700,0,700,17
2020-09-11,Merced,047,269075,8627,8489,13,8502,109
2020-09-11,Modoc,049,8938,25,21,0,21,0
2020-09-11,Mono,051,14174,165,145,3,148,1
2020-09-11,Monterey,053,433212,9139,8595,23,8618,61
2020-09-11,Napa,055,140530,1598,1543,8,1551,11
2020-09-11,Nevada,057,99092,495,483,15,498,6
2020-09-11,Orange,059,3164182,52458,49755,1321,51076,1068
2020-09-11,Placer,061,380077,3419,3254,13,3267,37
2020-09-11,Plumas,063,18699,48,42,0,42,0
2020-09-11,Riverside,065,2383286,56385,54717,99,54816,1099
2020-09-11,Sacramento,067,1510023,20704,20012,24,20036,358
2020-09-11,San Benito,069,59416,1253,1202,0,1202,7
2020-09-11,San Bernardino,071,2135413,51525,49682,332,50014,871
2020-09-11,San Diego,073,3302833,43946,41971,704,42675,730
2020-09-11,San Francisco,075,870044,10537,10133,22,10155,89
2020-09-11,San Joaquin,077,732212,19530,19019,43,19062,391
2020-09-11,San Luis Obispo,079,281455,3423,3190,17,3207,24
2020-09-11,San Mateo,081,765935,9479,8611,10,8621,127
2020-09-11,Santa Barbara,083,443738,8803,8592,71,8663,103
2020-09-11,Santa Clara,085,1922200,20574,19065,39,19104,234
2020-09-11,Santa Cruz,087,273765,2160,1997,19,2016,7
2020-09-11,Shasta,089,179085,707,568,3,571,10
2020-09-11,Sierra,091,2930,6,6,0,6,0
2020-09-11,Siskiyou,093,43540,151,139,9,148,0
2020-09-11,Solano,095,438530,5963,5742,39,5781,42
2020-09-11,Sonoma,097,501317,6846,6469,20,6489,91
2020-09-11,Stanislaus,099,539301,16045,15613,448,16061,253
2020-09-11,Sutter,101,95872,1579,1505,1,1506,11
2020-09-11,Tehama,103,63373,484,466,2,468,1
2020-09-11,Trinity,105,12862,52,16,7,23,0
2020-09-11,Tulare,107,460477,15599,14932,77,15009,251
2020-09-11,Tuolumne,109,53932,224,208,6,214,1
2020-09-11,Ventura,111,848112,12441,11700,130,11830,123
2020-09-11,Yolo,113,214977,2718,2632,7,2639,53
2020-09-11,Yuba,115,75493,1014,946,3,949,1
2020-09-10,Alameda,001,1643700,20273,19509,145,19654,292
2020-09-10,Alpine,003,1148,2,2,0,2,0
2020-09-10,Amador,005,37829,280,277,0,277,16
2020-09-10,Butte,007,227075,2752,2590,47,2637,37
2020-09-10,Calaveras,009,45235,299,244,0,244,1
2020-09-10,Colusa,011,21464,504,482,0,482,6
2020-09-10,Contra Costa,013,1133247,15878,14909,72,14981,172
2020-09-10,Del Norte,015,27424,125,112,0,112,1
2020-09-10,El Dorado,017,186661,1079,1020,8,1028,2
2020-09-10,Fresno,019,978130,29304,26783,337,27120,338
2020-09-10,Glenn,021,27897,534,511,0,511,3
2020-09-10,Humboldt,023,135768,464,422,1,423,4
2020-09-10,Imperial,025,180216,11520,10251,7,10258,270
2020-09-10,Inyo,027,18085,185,176,4,180,11
2020-09-10,Kern,029,883053,30945,29988,281,30269,363
2020-09-10,Kings,031,150075,7156,6739,31,6770,70
2020-09-10,Lake,033,64148,447,377,0,377,4
2020-09-10,Lassen,035,31185,733,716,2,718,0
2020-09-10,Los Angeles,037,10098052,254520,251003,1523,252526,6132
2020-09-10,Madera,039,155013,4259,3979,29,4008,43
2020-09-10,Marin,041,260295,6484,6344,15,6359,68
2020-09-10,Mariposa,043,17540,75,72,0,72,2
2020-09-10,Mendocino,045,87422,735,697,0,697,16
2020-09-10,Merced,047,269075,8581,8461,13,8474,109
2020-09-10,Modoc,049,8938,25,21,0,21,0
2020-09-10,Mono,051,14174,165,145,3,148,1
2020-09-10,Monterey,053,433212,9069,8570,23,8593,59
2020-09-10,Napa,055,140530,1592,1536,8,1544,11
2020-09-10,Nevada,057,99092,491,478,15,493,6
2020-09-10,Orange,059,3164182,52295,49617,1314,50931,1057
2020-09-10,Placer,061,380077,3399,3233,13,3246,37
2020-09-10,Plumas,063,18699,48,42,0,42,0
2020-09-10,Riverside,065,2383286,56066,54417,96,54513,1091
2020-09-10,Sacramento,067,1510023,20584,19618,23,19641,354
2020-09-10,San Benito,069,59416,1247,1201,0,1201,5
2020-09-10,San Bernardino,071,2135413,51336,49467,330,49797,867
2020-09-10,San Diego,073,3302833,43680,41610,677,42287,725
2020-09-10,San Francisco,075,870044,10460,10082,22,10104,89
2020-09-10,San Joaquin,077,732212,19477,18854,43,18897,389
2020-09-10,San Luis Obispo,079,281455,3409,3161,16,3177,24
2020-09-10,San Mateo,081,765935,9433,8529,10,8539,125
2020-09-10,Santa Barbara,083,443738,8758,8552,71,8623,100
2020-09-10,Santa Clara,085,1922200,20459,18870,39,18909,231
2020-09-10,Santa Cruz,087,273765,2145,1986,17,2003,7
2020-09-10,Shasta,089,179085,696,566,3,569,10
2020-09-10,Sierra,091,2930,6,6,0,6,0
2020-09-10,Siskiyou,093,43540,151,137,9,146,0
2020-09-10,Solano,095,438530,5923,5696,39,5735,42
2020-09-10,Sonoma,097,501317,6797,6424,20,6444,91
2020-09-10,Stanislaus,099,539301,15992,15509,443,15952,243
2020-09-10,Sutter,101,95872,1569,1494,1,1495,11
2020-09-10,Tehama,103,63373,477,466,2,468,1
2020-09-10,Trinity,105,12862,52,15,7,22,0
2020-09-10,Tulare,107,460477,15546,14860,74,14934,250
2020-09-10,Tuolumne,109,53932,223,205,6,211,1
2020-09-10,Ventura,111,848112,12347,11600,123,11723,122
2020-09-10,Yolo,113,214977,2713,2612,7,2619,53
2020-09-10,Yuba,115,75493,1008,941,3,944,1
2020-09-09,Alameda,001,1643700,20194,19399,144,19543,289
2020-09-09,Alpine,003,1148,2,2,0,2,0
2020-09-09,Amador,005,37829,279,276,0,276,16
2020-09-09,Butte,007,227075,2735,2561,47,2608,37
2020-09-09,Calaveras,009,45235,299,242,0,242,1
2020-09-09,Colusa,011,21464,499,479,0,479,6
2020-09-09,Contra Costa,013,1133247,15791,14816,72,14888,171
2020-09-09,Del Norte,015,27424,121,109,0,109,1
2020-09-09,El Dorado,017,186661,1076,1020,8,1028,2
2020-09-09,Fresno,019,978130,29201,26724,332,27056,329
2020-09-09,Glenn,021,27897,531,508,0,508,3
2020-09-09,Humboldt,023,135768,462,420,1,421,4
2020-09-09,Imperial,025,180216,11500,10233,7,10240,268
2020-09-09,Inyo,027,18085,184,173,4,177,2
2020-09-09,Kern,029,883053,30847,29925,278,30203,355
2020-09-09,Kings,031,150075,7138,6721,31,6752,72
2020-09-09,Lake,033,64148,439,371,0,371,4
2020-09-09,Lassen,035,31185,732,714,2,716,0
2020-09-09,Los Angeles,037,10098052,253647,249876,1505,251381,6091
2020-09-09,Madera,039,155013,4233,3926,29,3955,43
2020-09-09,Marin,041,260295,6465,6321,15,6336,68
2020-09-09,Mariposa,043,17540,74,72,0,72,2
2020-09-09,Mendocino,045,87422,727,695,0,695,16
2020-09-09,Merced,047,269075,8555,8441,13,8454,107
2020-09-09,Modoc,049,8938,24,20,0,20,0
2020-09-09,Mono,051,14174,165,145,3,148,1
2020-09-09,Monterey,053,433212,8997,8527,23,8550,59
2020-09-09,Napa,055,140530,1582,1531,8,1539,11
2020-09-09,Nevada,057,99092,487,476,15,491,6
2020-09-09,Orange,059,3164182,52116,49394,1307,50701,1054
2020-09-09,Placer,061,380077,3379,3222,13,3235,36
2020-09-09,Plumas,063,18699,46,42,0,42,0
2020-09-09,Riverside,065,2383286,55836,54320,93,54413,1081
2020-09-09,Sacramento,067,1510023,20479,19474,22,19496,347
2020-09-09,San Benito,069,59416,1243,1199,0,1199,5
2020-09-09,San Bernardino,071,2135413,51137,49264,329,49593,866
2020-09-09,San Diego,073,3302833,43391,41326,665,41991,721
2020-09-09,San Francisco,075,870044,10410,9996,21,10017,86
2020-09-09,San Joaquin,077,732212,19414,18799,42,18841,388
2020-09-09,San Luis Obispo,079,281455,3391,3131,16,3147,24
2020-09-09,San Mateo,081,765935,9373,8478,10,8488,125
2020-09-09,Santa Barbara,083,443738,8715,8528,71,8599,97
2020-09-09,Santa Clara,085,1922200,20328,18759,39,18798,228
2020-09-09,Santa Cruz,087,273765,2122,1967,17,1984,7
2020-09-09,Shasta,089,179085,684,562,3,565,10
2020-09-09,Sierra,091,2930,6,6,0,6,0
2020-09-09,Siskiyou,093,43540,149,137,9,146,0
2020-09-09,Solano,095,438530,5891,5680,39,5719,36
2020-09-09,Sonoma,097,501317,6731,6397,20,6417,92
2020-09-09,Stanislaus,099,539301,15952,15469,432,15901,243
2020-09-09,Sutter,101,95872,1561,1487,1,1488,11
2020-09-09,Tehama,103,63373,474,462,2,464,1
2020-09-09,Trinity,105,12862,52,14,7,21,0
2020-09-09,Tulare,107,460477,15496,14787,69,14856,249
2020-09-09,Tuolumne,109,53932,222,204,5,209,1
2020-09-09,Ventura,111,848112,12256,11497,120,11617,121
2020-09-09,Yolo,113,214977,2702,2604,7,2611,53
2020-09-09,Yuba,115,75493,1003,936,3,939,1
2020-09-08,Alameda,001,1643700,20085,19293,144,19437,288
2020-09-08,Alpine,003,1148,2,2,0,2,0
2020-09-08,Amador,005,37829,279,276,0,276,16
2020-09-08,Butte,007,227075,2717,2453,47,2500,36
2020-09-08,Calaveras,009,45235,297,233,0,233,1
2020-09-08,Colusa,011,21464,497,475,0,475,6
2020-09-08,Contra Costa,013,1133247,15662,14740,69,14809,171
2020-09-08,Del Norte,015,27424,121,109,0,109,2
2020-09-08,El Dorado,017,186661,1073,1011,8,1019,2
2020-09-08,Fresno,019,978130,29083,26640,328,26968,329
2020-09-08,Glenn,021,27897,527,492,0,492,3
2020-09-08,Humboldt,023,135768,460,420,1,421,4
2020-09-08,Imperial,025,180216,11484,10198,7,10205,267
2020-09-08,Inyo,027,18085,184,169,4,173,2
2020-09-08,Kern,029,883053,30762,29850,275,30125,351
2020-09-08,Kings,031,150075,7100,6658,31,6689,72
2020-09-08,Lake,033,64148,428,370,0,370,4
2020-09-08,Lassen,035,31185,732,710,2,712,0
2020-09-08,Los Angeles,037,10098052,252715,249217,1476,250693,6034
2020-09-08,Madera,039,155013,4209,3904,29,3933,43
2020-09-08,Marin,041,260295,6434,6313,15,6328,68
2020-09-08,Mariposa,043,17540,74,72,0,72,2
2020-09-08,Mendocino,045,87422,720,690,0,690,16
2020-09-08,Merced,047,269075,8532,8381,13,8394,104
2020-09-08,Modoc,049,8938,24,20,0,20,0
2020-09-08,Mono,051,14174,165,145,3,148,1
2020-09-08,Monterey,053,433212,8912,8491,23,8514,59
2020-09-08,Napa,055,140530,1578,1518,8,1526,11
2020-09-08,Nevada,057,99092,487,470,15,485,6
2020-09-08,Orange,059,3164182,51974,49214,1303,50517,1044
2020-09-08,Placer,061,380077,3365,3205,13,3218,36
2020-09-08,Plumas,063,18699,46,42,0,42,0
2020-09-08,Riverside,065,2383286,55622,54168,90,54258,1069
2020-09-08,Sacramento,067,1510023,20244,19411,21,19432,347
2020-09-08,San Benito,069,59416,1236,1188,0,1188,5
2020-09-08,San Bernardino,071,2135413,50948,49034,327,49361,856
2020-09-08,San Diego,073,3302833,43075,41079,653,41732,709
2020-09-08,San Francisco,075,870044,10336,9821,21,9842,86
2020-09-08,San Joaquin,077,732212,19336,18550,42,18592,388
2020-09-08,San Luis Obispo,079,281455,3376,3120,16,3136,23
2020-09-08,San Mateo,081,765935,9297,8460,10,8470,125
2020-09-08,Santa Barbara,083,443738,8681,8488,70,8558,96
2020-09-08,Santa Clara,085,1922200,20151,18645,39,18684,228
2020-09-08,Santa Cruz,087,273765,2094,1903,17,1920,7
2020-09-08,Shasta,089,179085,676,556,3,559,10
2020-09-08,Sierra,091,2930,6,6,0,6,0
2020-09-08,Siskiyou,093,43540,147,136,9,145,0
2020-09-08,Solano,095,438530,5854,5654,39,5693,36
2020-09-08,Sonoma,097,501317,6662,6356,20,6376,92
2020-09-08,Stanislaus,099,539301,15888,15415,420,15835,238
2020-09-08,Sutter,101,95872,1545,1473,1,1474,11
2020-09-08,Tehama,103,63373,470,458,2,460,1
2020-09-08,Trinity,105,12862,51,13,7,20,0
2020-09-08,Tulare,107,460477,15416,14635,68,14703,249
2020-09-08,Tuolumne,109,53932,221,197,5,202,1
2020-09-08,Ventura,111,848112,12187,11475,117,11592,118
2020-09-08,Yolo,113,214977,2692,2580,7,2587,53
2020-09-08,Yuba,115,75493,991,923,3,926,1
2020-09-07,Alameda,001,1643700,19964,19188,138,19326,281
2020-09-07,Alpine,003,1148,2,2,0,2,0
2020-09-07,Amador,005,37829,279,276,0,276,16
2020-09-07,Butte,007,227075,2684,2450,46,2496,30
2020-09-07,Calaveras,009,45235,287,234,0,234,1
2020-09-07,Colusa,011,21464,496,475,0,475,6
2020-09-07,Contra Costa,013,1133247,15547,14637,66,14703,172
2020-09-07,Del Norte,015,27424,121,109,0,109,2
2020-09-07,El Dorado,017,186661,1062,1011,8,1019,2
2020-09-07,Fresno,019,978130,28989,26565,325,26890,329
2020-09-07,Glenn,021,27897,522,488,0,488,3
2020-09-07,Humboldt,023,135768,451,416,1,417,4
2020-09-07,Imperial,025,180216,11453,10199,7,10206,267
2020-09-07,Inyo,027,18085,184,169,4,173,2
2020-09-07,Kern,029,883053,30641,29790,270,30060,348
2020-09-07,Kings,031,150075,6976,6630,31,6661,72
2020-09-07,Lake,033,64148,405,367,0,367,2
2020-09-07,Lassen,035,31185,732,709,2,711,0
2020-09-07,Los Angeles,037,10098052,251668,248804,1455,250259,6030
2020-09-07,Madera,039,155013,4178,3889,28,3917,43
2020-09-07,Marin,041,260295,6404,6296,15,6311,67
2020-09-07,Mariposa,043,17540,74,72,0,72,2
2020-09-07,Mendocino,045,87422,712,687,0,687,16
2020-09-07,Merced,047,269075,8485,8381,13,8394,104
2020-09-07,Modoc,049,8938,23,20,0,20,0
2020-09-07,Mono,051,14174,165,145,3,148,1
2020-09-07,Monterey,053,433212,8833,8463,23,8486,57
2020-09-07,Napa,055,140530,1566,1514,8,1522,11
2020-09-07,Nevada,057,99092,485,469,15,484,6
2020-09-07,Orange,059,3164182,51800,49132,1299,50431,1042
2020-09-07,Placer,061,380077,3335,3188,12,3200,36
2020-09-07,Plumas,063,18699,45,42,0,42,0
2020-09-07,Riverside,065,2383286,55347,54178,84,54262,1069
2020-09-07,Sacramento,067,1510023,20002,19292,20,19312,345
2020-09-07,San Benito,069,59416,1230,1180,0,1180,4
2020-09-07,San Bernardino,071,2135413,50720,49043,325,49368,821
2020-09-07,San Diego,073,3302833,42675,40868,626,41494,708
2020-09-07,San Francisco,075,870044,10285,9813,20,9833,85
2020-09-07,San Joaquin,077,732212,19254,18552,40,18592,386
2020-09-07,San Luis Obispo,079,281455,3339,3116,16,3132,23
2020-09-07,San Mateo,081,765935,9215,8409,10,8419,125
2020-09-07,Santa Barbara,083,443738,8637,8479,70,8549,95
2020-09-07,Santa Clara,085,1922200,19995,18596,38,18634,226
2020-09-07,Santa Cruz,087,273765,2066,1902,17,1919,7
2020-09-07,Shasta,089,179085,666,556,3,559,10
2020-09-07,Sierra,091,2930,6,6,0,6,0
2020-09-07,Siskiyou,093,43540,146,133,9,142,0
2020-09-07,Solano,095,438530,5789,5640,39,5679,36
2020-09-07,Sonoma,097,501317,6596,6268,20,6288,85
2020-09-07,Stanislaus,099,539301,15823,15343,408,15751,236
2020-09-07,Sutter,101,95872,1528,1468,1,1469,11
2020-09-07,Tehama,103,63373,466,453,2,455,1
2020-09-07,Trinity,105,12862,51,13,7,20,0
2020-09-07,Tulare,107,460477,15309,14637,66,14703,249
2020-09-07,Tuolumne,109,53932,220,196,5,201,1
2020-09-07,Ventura,111,848112,12092,11463,114,11577,118
2020-09-07,Yolo,113,214977,2675,2565,6,2571,53
2020-09-07,Yuba,115,75493,975,923,3,926,1
2020-09-06,Alameda,001,1643700,19906,19029,136,19165,281
2020-09-06,Alpine,003,1148,2,2,0,2,0
2020-09-06,Amador,005,37829,277,275,0,275,16
2020-09-06,Butte,007,227075,2675,2446,46,2492,30
2020-09-06,Calaveras,009,45235,287,235,0,235,1
2020-09-06,Colusa,011,21464,492,475,0,475,6
2020-09-06,Contra Costa,013,1133247,15466,14565,65,14630,171
2020-09-06,Del Norte,015,27424,121,109,0,109,2
2020-09-06,El Dorado,017,186661,1060,1008,8,1016,2
2020-09-06,Fresno,019,978130,28925,26471,323,26794,329
2020-09-06,Glenn,021,27897,516,474,0,474,3
2020-09-06,Humboldt,023,135768,448,404,1,405,4
2020-09-06,Imperial,025,180216,11436,10152,7,10159,267
2020-09-06,Inyo,027,18085,184,169,4,173,2
2020-09-06,Kern,029,883053,30586,29699,266,29965,348
2020-09-06,Kings,031,150075,6956,6561,30,6591,72
2020-09-06,Lake,033,64148,402,362,0,362,2
2020-09-06,Lassen,035,31185,732,709,2,711,0
2020-09-06,Los Angeles,037,10098052,251035,248316,1441,249757,6004
2020-09-06,Madera,039,155013,4134,3867,28,3895,42
2020-09-06,Marin,041,260295,6392,6276,15,6291,67
2020-09-06,Mariposa,043,17540,74,72,0,72,2
2020-09-06,Mendocino,045,87422,711,672,0,672,16
2020-09-06,Merced,047,269075,8466,8327,13,8340,104
2020-09-06,Modoc,049,8938,23,20,0,20,0
2020-09-06,Mono,051,14174,164,145,3,148,1
2020-09-06,Monterey,053,433212,8793,8403,22,8425,56
2020-09-06,Napa,055,140530,1562,1501,6,1507,11
2020-09-06,Nevada,057,99092,485,467,14,481,6
2020-09-06,Orange,059,3164182,51687,48931,1295,50226,1042
2020-09-06,Placer,061,380077,3318,3169,12,3181,36
2020-09-06,Plumas,063,18699,44,42,0,42,0
2020-09-06,Riverside,065,2383286,55230,53970,82,54052,1069
2020-09-06,Sacramento,067,1510023,19906,19128,20,19148,340
2020-09-06,San Benito,069,59416,1228,1178,0,1178,4
2020-09-06,San Bernardino,071,2135413,50613,48923,325,49248,823
2020-09-06,San Diego,073,3302833,42427,40652,620,41272,707
2020-09-06,San Francisco,075,870044,10211,9813,20,9833,85
2020-09-06,San Joaquin,077,732212,19205,18558,40,18598,386
2020-09-06,San Luis Obispo,079,281455,3328,3101,16,3117,23
2020-09-06,San Mateo,081,765935,9162,8387,10,8397,125
2020-09-06,Santa Barbara,083,443738,8608,8434,70,8504,95
2020-09-06,Santa Clara,085,1922200,19893,18495,38,18533,207
2020-09-06,Santa Cruz,087,273765,2059,1902,17,1919,7
2020-09-06,Shasta,089,179085,660,550,3,553,10
2020-09-06,Sierra,091,2930,6,6,0,6,0
2020-09-06,Siskiyou,093,43540,146,132,9,141,0
2020-09-06,Solano,095,438530,5763,5619,39,5658,37
2020-09-06,Sonoma,097,501317,6567,6212,20,6232,85
2020-09-06,Stanislaus,099,539301,15779,15288,404,15692,236
2020-09-06,Sutter,101,95872,1515,1451,1,1452,11
2020-09-06,Tehama,103,63373,465,455,2,457,1
2020-09-06,Trinity,105,12862,50,13,7,20,0
2020-09-06,Tulare,107,460477,15266,14636,65,14701,249
2020-09-06,Tuolumne,109,53932,217,194,5,199,1
2020-09-06,Ventura,111,848112,12047,11315,114,11429,118
2020-09-06,Yolo,113,214977,2661,2556,6,2562,53
2020-09-06,Yuba,115,75493,966,913,3,916,1
2020-09-05,Alameda,001,1643700,19860,18973,134,19107,279
2020-09-05,Alpine,003,1148,2,2,0,2,0
2020-09-05,Amador,005,37829,277,274,0,274,16
2020-09-05,Butte,007,227075,2659,2406,45,2451,30
2020-09-05,Calaveras,009,45235,287,237,0,237,1
2020-09-05,Colusa,011,21464,488,472,0,472,6
2020-09-05,Contra Costa,013,1133247,15389,14456,63,14519,173
2020-09-05,Del Norte,015,27424,121,109,0,109,2
2020-09-05,El Dorado,017,186661,1060,1007,8,1015,2
2020-09-05,Fresno,019,978130,28858,26325,323,26648,331
2020-09-05,Glenn,021,27897,515,474,0,474,3
2020-09-05,Humboldt,023,135768,446,402,1,403,4
2020-09-05,Imperial,025,180216,11419,10151,7,10158,268
2020-09-05,Inyo,027,18085,184,169,4,173,2
2020-09-05,Kern,029,883053,30526,29645,262,29907,347
2020-09-05,Kings,031,150075,6947,6518,30,6548,66
2020-09-05,Lake,033,64148,399,359,0,359,2
2020-09-05,Lassen,035,31185,732,709,2,711,0
2020-09-05,Los Angeles,037,10098052,250500,247572,1429,249001,6001
2020-09-05,Madera,039,155013,4094,3851,28,3879,42
2020-09-05,Marin,041,260295,6384,6259,15,6274,66
2020-09-05,Mariposa,043,17540,74,72,0,72,2
2020-09-05,Mendocino,045,87422,710,658,0,658,16
2020-09-05,Merced,047,269075,8434,8297,11,8308,104
2020-09-05,Modoc,049,8938,23,19,0,19,0
2020-09-05,Mono,051,14174,164,145,3,148,1
2020-09-05,Monterey,053,433212,8763,8301,22,8323,56
2020-09-05,Napa,055,140530,1556,1484,6,1490,11
2020-09-05,Nevada,057,99092,482,461,14,475,6
2020-09-05,Orange,059,3164182,51586,48726,1290,50016,1039
2020-09-05,Placer,061,380077,3308,3141,12,3153,35
2020-09-05,Plumas,063,18699,44,42,0,42,0
2020-09-05,Riverside,065,2383286,55124,53780,82,53862,1066
2020-09-05,Sacramento,067,1510023,19816,18955,20,18975,339
2020-09-05,San Benito,069,59416,1226,1153,0,1153,4
2020-09-05,San Bernardino,071,2135413,50537,48800,324,49124,825
2020-09-05,San Diego,073,3302833,42234,40344,608,40952,717
2020-09-05,San Francisco,075,870044,10178,9812,19,9831,85
2020-09-05,San Joaquin,077,732212,19176,18557,40,18597,386
2020-09-05,San Luis Obispo,079,281455,3317,3083,16,3099,23
2020-09-05,San Mateo,081,765935,9117,8352,10,8362,124
2020-09-05,Santa Barbara,083,443738,8592,8404,70,8474,96
2020-09-05,Santa Clara,085,1922200,19812,18311,38,18349,207
2020-09-05,Santa Cruz,087,273765,2051,1904,17,1921,7
2020-09-05,Shasta,089,179085,659,544,3,547,10
2020-09-05,Sierra,091,2930,6,6,0,6,0
2020-09-05,Siskiyou,093,43540,145,131,9,140,0
2020-09-05,Solano,095,438530,5751,5579,39,5618,37
2020-09-05,Sonoma,097,501317,6534,6149,20,6169,85
2020-09-05,Stanislaus,099,539301,15731,15198,400,15598,236
2020-09-05,Sutter,101,95872,1508,1445,1,1446,11
2020-09-05,Tehama,103,63373,464,447,2,449,1
2020-09-05,Trinity,105,12862,50,13,7,20,0
2020-09-05,Tulare,107,460477,15208,14576,63,14639,249
2020-09-05,Tuolumne,109,53932,217,194,5,199,1
2020-09-05,Ventura,111,848112,12004,11254,114,11368,118
2020-09-05,Yolo,113,214977,2651,2534,6,2540,53
2020-09-05,Yuba,115,75493,960,902,3,905,1
2020-09-04,Alameda,001,1643700,19791,18843,133,18976,276
2020-09-04,Alpine,003,1148,2,2,0,2,0
2020-09-04,Amador,005,37829,276,274,0,274,16
2020-09-04,Butte,007,227075,2636,2325,45,2370,28
2020-09-04,Calaveras,009,45235,285,237,0,237,1
2020-09-04,Colusa,011,21464,486,467,0,467,6
2020-09-04,Contra Costa,013,1133247,15305,14355,62,14417,164
2020-09-04,Del Norte,015,27424,121,109,0,109,2
2020-09-04,El Dorado,017,186661,1056,992,8,1000,2
2020-09-04,Fresno,019,978130,28752,26147,322,26469,321
2020-09-04,Glenn,021,27897,507,463,0,463,3
2020-09-04,Humboldt,023,135768,441,390,1,391,4
2020-09-04,Imperial,025,180216,11410,10136,7,10143,267
2020-09-04,Inyo,027,18085,184,169,4,173,2
2020-09-04,Kern,029,883053,30458,29526,259,29785,345
2020-09-04,Kings,031,150075,6934,6259,30,6289,66
2020-09-04,Lake,033,64148,399,347,0,347,2
2020-09-04,Lassen,035,31185,732,708,2,710,0
2020-09-04,Los Angeles,037,10098052,249932,246396,1409,247805,5977
2020-09-04,Madera,039,155013,4081,3838,28,3866,42
2020-09-04,Marin,041,260295,6372,6251,15,6266,66
2020-09-04,Mariposa,043,17540,74,72,0,72,2
2020-09-04,Mendocino,045,87422,708,646,0,646,16
2020-09-04,Merced,047,269075,8414,8214,11,8225,104
2020-09-04,Modoc,049,8938,23,15,0,15,0
2020-09-04,Mono,051,14174,164,145,3,148,1
2020-09-04,Monterey,053,433212,8718,8208,22,8230,56
2020-09-04,Napa,055,140530,1547,1475,6,1481,11
2020-09-04,Nevada,057,99092,479,455,14,469,6
2020-09-04,Orange,059,3164182,51462,48488,1283,49771,1031
2020-09-04,Placer,061,380077,3296,3101,12,3113,35
2020-09-04,Plumas,063,18699,44,42,0,42,0
2020-09-04,Riverside,065,2383286,55011,53606,77,53683,1066
2020-09-04,Sacramento,067,1510023,19728,18765,20,18785,337
2020-09-04,San Benito,069,59416,1217,1137,0,1137,4
2020-09-04,San Bernardino,071,2135413,50444,48497,322,48819,800
2020-09-04,San Diego,073,3302833,42004,39901,599,40500,701
2020-09-04,San Francisco,075,870044,10138,9694,18,9712,85
2020-09-04,San Joaquin,077,732212,19122,18438,40,18478,376
2020-09-04,San Luis Obispo,079,281455,3302,3049,15,3064,21
2020-09-04,San Mateo,081,765935,9073,8275,10,8285,122
2020-09-04,Santa Barbara,083,443738,8562,8340,70,8410,96
2020-09-04,Santa Clara,085,1922200,19702,18074,38,18112,209
2020-09-04,Santa Cruz,087,273765,2034,1896,16,1912,7
2020-09-04,Shasta,089,179085,656,536,3,539,10
2020-09-04,Sierra,091,2930,6,6,0,6,0
2020-09-04,Siskiyou,093,43540,145,129,9,138,0
2020-09-04,Solano,095,438530,5738,5552,39,5591,37
2020-09-04,Sonoma,097,501317,6469,6050,20,6070,85
2020-09-04,Stanislaus,099,539301,15698,15074,391,15465,233
2020-09-04,Sutter,101,95872,1492,1425,1,1426,11
2020-09-04,Tehama,103,63373,460,442,2,444,1
2020-09-04,Trinity,105,12862,50,13,7,20,0
2020-09-04,Tulare,107,460477,15180,14501,60,14561,247
2020-09-04,Tuolumne,109,53932,217,193,5,198,1
2020-09-04,Ventura,111,848112,11962,11171,114,11285,114
2020-09-04,Yolo,113,214977,2637,2495,6,2501,53
2020-09-04,Yuba,115,75493,955,884,3,887,1
2020-09-03,Alameda,001,1643700,19688,18687,133,18820,275
2020-09-03,Alpine,003,1148,2,2,0,2,0
2020-09-03,Amador,005,37829,276,274,0,274,16
2020-09-03,Butte,007,227075,2592,2274,45,2319,27
2020-09-03,Calaveras,009,45235,284,238,0,238,1
2020-09-03,Colusa,011,21464,484,464,0,464,6
2020-09-03,Contra Costa,013,1133247,15197,14206,59,14265,159
2020-09-03,Del Norte,015,27424,118,109,0,109,2
2020-09-03,El Dorado,017,186661,1052,983,8,991,2
2020-09-03,Fresno,019,978130,28633,25978,317,26295,313
2020-09-03,Glenn,021,27897,503,460,0,460,3
2020-09-03,Humboldt,023,135768,436,390,1,391,4
2020-09-03,Imperial,025,180216,11389,10083,7,10090,255
2020-09-03,Inyo,027,18085,182,171,4,175,3
2020-09-03,Kern,029,883053,30366,29426,245,29671,340
2020-09-03,Kings,031,150075,6854,6200,30,6230,64
2020-09-03,Lake,033,64148,390,347,0,347,2
2020-09-03,Lassen,035,31185,732,707,2,709,0
2020-09-03,Los Angeles,037,10098052,249069,245026,1389,246415,5931
2020-09-03,Madera,039,155013,4062,3780,28,3808,43
2020-09-03,Marin,041,260295,6353,6175,15,6190,66
2020-09-03,Mariposa,043,17540,74,71,0,71,2
2020-09-03,Mendocino,045,87422,699,638,0,638,16
2020-09-03,Merced,047,269075,8372,8136,11,8147,105
2020-09-03,Modoc,049,8938,23,14,0,14,0
2020-09-03,Mono,051,14174,163,144,3,147,1
2020-09-03,Monterey,053,433212,8664,8128,22,8150,56
2020-09-03,Napa,055,140530,1540,1466,6,1472,10
2020-09-03,Nevada,057,99092,476,453,14,467,6
2020-09-03,Orange,059,3164182,51276,48226,1269,49495,1009
2020-09-03,Placer,061,380077,3278,3069,12,3081,34
2020-09-03,Plumas,063,18699,44,39,0,39,0
2020-09-03,Riverside,065,2383286,54831,53341,73,53414,1052
2020-09-03,Sacramento,067,1510023,19600,18553,19,18572,328
2020-09-03,San Benito,069,59416,1206,1121,0,1121,4
2020-09-03,San Bernardino,071,2135413,50278,48165,321,48486,800
2020-09-03,San Diego,073,3302833,41690,39448,583,40031,700
2020-09-03,San Francisco,075,870044,10073,9636,16,9652,84
2020-09-03,San Joaquin,077,732212,19044,18331,40,18371,371
2020-09-03,San Luis Obispo,079,281455,3285,3023,15,3038,21
2020-09-03,San Mateo,081,765935,8999,8211,10,8221,122
2020-09-03,Santa Barbara,083,443738,8515,8277,70,8347,96
2020-09-03,Santa Clara,085,1922200,19521,17879,38,17917,208
2020-09-03,Santa Cruz,087,273765,2019,1870,16,1886,7
2020-09-03,Shasta,089,179085,651,535,3,538,10
2020-09-03,Sierra,091,2930,6,6,0,6,0
2020-09-03,Siskiyou,093,43540,145,128,9,137,0
2020-09-03,Solano,095,438530,5718,5499,38,5537,36
2020-09-03,Sonoma,097,501317,6407,5997,20,6017,62
2020-09-03,Stanislaus,099,539301,15646,14985,387,15372,217
2020-09-03,Sutter,101,95872,1482,1412,1,1413,11
2020-09-03,Tehama,103,63373,456,436,2,438,1
2020-09-03,Trinity,105,12862,48,13,7,20,0
2020-09-03,Tulare,107,460477,15114,14408,59,14467,244
2020-09-03,Tuolumne,109,53932,217,193,5,198,1
2020-09-03,Ventura,111,848112,11844,11109,111,11220,112
2020-09-03,Yolo,113,214977,2621,2475,6,2481,53
2020-09-03,Yuba,115,75493,948,867,3,870,1
2020-09-02,Alameda,001,1643700,19570,18522,130,18652,260
2020-09-02,Alpine,003,1148,2,2,0,2,0
2020-09-02,Amador,005,37829,276,245,0,245,14
2020-09-02,Butte,007,227075,2546,2241,45,2286,27
2020-09-02,Calaveras,009,45235,283,235,0,235,1
2020-09-02,Colusa,011,21464,480,460,0,460,6
2020-09-02,Contra Costa,013,1133247,15108,14097,57,14154,159
2020-09-02,Del Norte,015,27424,117,109,0,109,2
2020-09-02,El Dorado,017,186661,1048,975,7,982,2
2020-09-02,Fresno,019,978130,28486,25785,314,26099,292
2020-09-02,Glenn,021,27897,498,457,0,457,3
2020-09-02,Humboldt,023,135768,433,381,1,382,4
2020-09-02,Imperial,025,180216,11373,9832,7,9839,255
2020-09-02,Inyo,027,18085,182,171,4,175,3
2020-09-02,Kern,029,883053,30274,29288,239,29527,335
2020-09-02,Kings,031,150075,6769,6142,30,6172,64
2020-09-02,Lake,033,64148,386,342,0,342,2
2020-09-02,Lassen,035,31185,730,706,2,708,0
2020-09-02,Los Angeles,037,10098052,248138,243999,1361,245360,5887
2020-09-02,Madera,039,155013,4042,3735,28,3763,41
2020-09-02,Marin,041,260295,6338,6131,15,6146,66
2020-09-02,Mariposa,043,17540,74,71,0,71,2
2020-09-02,Mendocino,045,87422,689,636,0,636,15
2020-09-02,Merced,047,269075,8341,8097,10,8107,103
2020-09-02,Modoc,049,8938,22,11,0,11,0
2020-09-02,Mono,051,14174,163,145,3,148,1
2020-09-02,Monterey,053,433212,8600,8070,22,8092,56
2020-09-02,Napa,055,140530,1528,1454,6,1460,10
2020-09-02,Nevada,057,99092,470,452,13,465,6
2020-09-02,Orange,059,3164182,51095,47871,1259,49130,994
2020-09-02,Placer,061,380077,3253,3047,11,3058,33
2020-09-02,Plumas,063,18699,44,39,0,39,0
2020-09-02,Riverside,065,2383286,54629,52923,70,52993,1032
2020-09-02,Sacramento,067,1510023,19365,18355,18,18373,316
2020-09-02,San Benito,069,59416,1193,1107,0,1107,4
2020-09-02,San Bernardino,071,2135413,50115,47766,318,48084,794
2020-09-02,San Diego,073,3302833,41370,39123,569,39692,695
2020-09-02,San Francisco,075,870044,10004,9587,16,9603,84
2020-09-02,San Joaquin,077,732212,18963,18194,39,18233,352
2020-09-02,San Luis Obispo,079,281455,3259,3002,14,3016,21
2020-09-02,San Mateo,081,765935,8942,8148,10,8158,122
2020-09-02,Santa Barbara,083,443738,8460,8206,69,8275,94
2020-09-02,Santa Clara,085,1922200,19365,17673,38,17711,206
2020-09-02,Santa Cruz,087,273765,1996,1850,16,1866,7
2020-09-02,Shasta,089,179085,650,531,3,534,10
2020-09-02,Sierra,091,2930,6,6,0,6,0
2020-09-02,Siskiyou,093,43540,144,127,9,136,0
2020-09-02,Solano,095,438530,5690,5463,38,5501,36
2020-09-02,Sonoma,097,501317,6345,5846,20,5866,62
2020-09-02,Stanislaus,099,539301,15576,14854,380,15234,220
2020-09-02,Sutter,101,95872,1467,1401,1,1402,10
2020-09-02,Tehama,103,63373,453,429,2,431,1
2020-09-02,Trinity,105,12862,48,13,7,20,0
2020-09-02,Tulare,107,460477,15048,14298,59,14357,244
2020-09-02,Tuolumne,109,53932,217,190,5,195,1
2020-09-02,Ventura,111,848112,11757,11031,110,11141,111
2020-09-02,Yolo,113,214977,2599,2449,6,2455,54
2020-09-02,Yuba,115,75493,941,856,3,859,1
2020-09-01,Alameda,001,1643700,19431,18382,127,18509,248
2020-09-01,Alpine,003,1148,2,2,0,2,0
2020-09-01,Amador,005,37829,275,244,0,244,13
2020-09-01,Butte,007,227075,2489,2146,45,2191,26
2020-09-01,Calaveras,009,45235,275,228,0,228,1
2020-09-01,Colusa,011,21464,476,454,0,454,6
2020-09-01,Contra Costa,013,1133247,15015,13998,55,14053,158
2020-09-01,Del Norte,015,27424,116,108,0,108,2
2020-09-01,El Dorado,017,186661,1040,972,7,979,2
2020-09-01,Fresno,019,978130,28342,25542,312,25854,290
2020-09-01,Glenn,021,27897,491,449,0,449,3
2020-09-01,Humboldt,023,135768,427,378,1,379,4
2020-09-01,Imperial,025,180216,11347,9782,7,9789,250
2020-09-01,Inyo,027,18085,182,171,4,175,3
2020-09-01,Kern,029,883053,30183,29162,234,29396,332
2020-09-01,Kings,031,150075,6738,6088,30,6118,62
2020-09-01,Lake,033,64148,383,341,0,341,2
2020-09-01,Lassen,035,31185,727,706,2,708,0
2020-09-01,Los Angeles,037,10098052,247047,242633,1338,243971,5832
2020-09-01,Madera,039,155013,4013,3703,27,3730,41
2020-09-01,Marin,041,260295,6323,6102,15,6117,67
2020-09-01,Mariposa,043,17540,73,72,0,72,2
2020-09-01,Mendocino,045,87422,674,626,0,626,15
2020-09-01,Merced,047,269075,8288,8046,9,8055,103
2020-09-01,Modoc,049,8938,20,10,0,10,0
2020-09-01,Mono,051,14174,163,145,3,148,1
2020-09-01,Monterey,053,433212,8494,7926,22,7948,56
2020-09-01,Napa,055,140530,1513,1446,6,1452,10
2020-09-01,Nevada,057,99092,464,450,13,463,6
2020-09-01,Orange,059,3164182,50931,47671,1240,48911,976
2020-09-01,Placer,061,380077,3231,3013,11,3024,33
2020-09-01,Plumas,063,18699,44,39,0,39,0
2020-09-01,Riverside,065,2383286,54412,52785,69,52854,1027
2020-09-01,Sacramento,067,1510023,19181,18217,17,18234,305
2020-09-01,San Benito,069,59416,1181,1089,0,1089,4
2020-09-01,San Bernardino,071,2135413,49908,47371,317,47688,786
2020-09-01,San Diego,073,3302833,41012,38873,531,39404,688
2020-09-01,San Francisco,075,870044,9935,9492,16,9508,83
2020-09-01,San Joaquin,077,732212,18882,17915,38,17953,341
2020-09-01,San Luis Obispo,079,281455,3233,2970,14,2984,21
2020-09-01,San Mateo,081,765935,8862,8132,10,8142,122
2020-09-01,Santa Barbara,083,443738,8410,8142,68,8210,93
2020-09-01,Santa Clara,085,1922200,19186,17319,38,17357,204
2020-09-01,Santa Cruz,087,273765,1972,1752,16,1768,7
2020-09-01,Shasta,089,179085,642,527,3,530,9
2020-09-01,Sierra,091,2930,6,6,0,6,0
2020-09-01,Siskiyou,093,43540,141,128,8,136,0
2020-09-01,Solano,095,438530,5664,5438,38,5476,34
2020-09-01,Sonoma,097,501317,6255,5733,20,5753,60
2020-09-01,Stanislaus,099,539301,15500,14784,370,15154,212
2020-09-01,Sutter,101,95872,1456,1389,1,1390,10
2020-09-01,Tehama,103,63373,450,422,2,424,1
2020-09-01,Trinity,105,12862,47,13,6,19,0
2020-09-01,Tulare,107,460477,14964,14156,59,14215,241
2020-09-01,Tuolumne,109,53932,211,183,5,188,1
2020-09-01,Ventura,111,848112,11679,10899,105,11004,108
2020-09-01,Yolo,113,214977,2583,2440,6,2446,51
2020-09-01,Yuba,115,75493,932,841,3,844,1
2020-08-31,Alameda,001,1643700,19284,18148,127,18275,248
2020-08-31,Alpine,003,1148,2,2,0,2,0
2020-08-31,Amador,005,37829,275,243,0,243,13
2020-08-31,Butte,007,227075,2425,2069,45,2114,26
2020-08-31,Calaveras,009,45235,270,212,0,212,1
2020-08-31,Colusa,011,21464,475,443,0,443,6
2020-08-31,Contra Costa,013,1133247,14889,13902,52,13954,153
2020-08-31,Del Norte,015,27424,116,108,0,108,2
2020-08-31,El Dorado,017,186661,1033,965,7,972,2
2020-08-31,Fresno,019,978130,28121,25185,306,25491,290
2020-08-31,Glenn,021,27897,479,437,0,437,3
2020-08-31,Humboldt,023,135768,425,374,1,375,4
2020-08-31,Imperial,025,180216,11316,9759,7,9766,250
2020-08-31,Inyo,027,18085,181,160,4,164,3
2020-08-31,Kern,029,883053,30085,29067,233,29300,318
2020-08-31,Kings,031,150075,6471,6037,30,6067,62
2020-08-31,Lake,033,64148,367,341,0,341,2
2020-08-31,Lassen,035,31185,724,706,2,708,0
2020-08-31,Los Angeles,037,10098052,245940,241793,1311,243104,5787
2020-08-31,Madera,039,155013,3990,3662,26,3688,35
2020-08-31,Marin,041,260295,6287,6074,15,6089,67
2020-08-31,Mariposa,043,17540,73,69,0,69,2
2020-08-31,Mendocino,045,87422,662,618,0,618,15
2020-08-31,Merced,047,269075,8226,7991,9,8000,79
2020-08-31,Modoc,049,8938,18,10,0,10,0
2020-08-31,Mono,051,14174,163,145,3,148,1
2020-08-31,Monterey,053,433212,8387,7839,22,7861,56
2020-08-31,Napa,055,140530,1505,1434,6,1440,10
2020-08-31,Nevada,057,99092,462,447,13,460,6
2020-08-31,Orange,059,3164182,50732,47392,1212,48604,965
2020-08-31,Placer,061,380077,3182,2989,11,3000,33
2020-08-31,Plumas,063,18699,43,39,0,39,0
2020-08-31,Riverside,065,2383286,54190,52508,67,52575,1020
2020-08-31,Sacramento,067,1510023,18940,17999,17,18016,303
2020-08-31,San Benito,069,59416,1165,1080,0,1080,4
2020-08-31,San Bernardino,071,2135413,49696,47370,316,47686,755
2020-08-31,San Diego,073,3302833,40645,38606,498,39104,682
2020-08-31,San Francisco,075,870044,9856,9293,13,9306,83
2020-08-31,San Joaquin,077,732212,18795,17807,37,17844,338
2020-08-31,San Luis Obispo,079,281455,3210,2951,13,2964,21
2020-08-31,San Mateo,081,765935,8792,8065,10,8075,122
2020-08-31,Santa Barbara,083,443738,8365,8124,68,8192,94
2020-08-31,Santa Clara,085,1922200,18998,17211,38,17249,202
2020-08-31,Santa Cruz,087,273765,1947,1742,16,1758,7
2020-08-31,Shasta,089,179085,637,528,3,531,9
2020-08-31,Sierra,091,2930,6,6,0,6,0
2020-08-31,Siskiyou,093,43540,140,127,8,135,0
2020-08-31,Solano,095,438530,5632,5302,37,5339,34
2020-08-31,Sonoma,097,501317,6180,5650,20,5670,60
2020-08-31,Stanislaus,099,539301,15426,14685,361,15046,213
2020-08-31,Sutter,101,95872,1441,1365,1,1366,10
2020-08-31,Tehama,103,63373,447,421,2,423,1
2020-08-31,Trinity,105,12862,47,13,6,19,0
2020-08-31,Tulare,107,460477,14877,13985,57,14042,237
2020-08-31,Tuolumne,109,53932,211,178,5,183,1
2020-08-31,Ventura,111,848112,11591,10866,104,10970,108
2020-08-31,Yolo,113,214977,2565,2423,5,2428,51
2020-08-31,Yuba,115,75493,918,830,3,833,1
2020-08-30,Alameda,001,1643700,19159,18099,125,18224,248
2020-08-30,Alpine,003,1148,2,2,0,2,0
2020-08-30,Amador,005,37829,274,240,0,240,13
2020-08-30,Butte,007,227075,2345,1988,45,2033,26
2020-08-30,Calaveras,009,45235,261,211,0,211,1
2020-08-30,Colusa,011,21464,474,440,0,440,6
2020-08-30,Contra Costa,013,1133247,14751,13780,52,13832,150
2020-08-30,Del Norte,015,27424,115,108,0,108,2
2020-08-30,El Dorado,017,186661,1023,962,7,969,2
2020-08-30,Fresno,019,978130,27995,24963,305,25268,291
2020-08-30,Glenn,021,27897,472,437,0,437,3
2020-08-30,Humboldt,023,135768,414,362,1,363,4
2020-08-30,Imperial,025,180216,11297,9703,7,9710,250
2020-08-30,Inyo,027,18085,181,160,4,164,3
2020-08-30,Kern,029,883053,29992,28987,233,29220,317
2020-08-30,Kings,031,150075,6425,6000,30,6030,62
2020-08-30,Lake,033,64148,362,334,0,334,2
2020-08-30,Lassen,035,31185,722,706,2,708,0
2020-08-30,Los Angeles,037,10098052,244802,240775,1279,242054,5772
2020-08-30,Madera,039,155013,3962,3626,26,3652,33
2020-08-30,Marin,041,260295,6257,6060,15,6075,66
2020-08-30,Mariposa,043,17540,73,69,0,69,2
2020-08-30,Mendocino,045,87422,656,611,0,611,13
2020-08-30,Merced,047,269075,8151,7960,9,7969,79
2020-08-30,Modoc,049,8938,13,10,0,10,0
2020-08-30,Mono,051,14174,163,145,3,148,1
2020-08-30,Monterey,053,433212,8303,7816,22,7838,54
2020-08-30,Napa,055,140530,1493,1423,6,1429,10
2020-08-30,Nevada,057,99092,459,445,13,458,6
2020-08-30,Orange,059,3164182,50535,47283,1198,48481,965
2020-08-30,Placer,061,380077,3149,2961,11,2972,32
2020-08-30,Plumas,063,18699,42,39,0,39,0
2020-08-30,Riverside,065,2383286,54011,52227,66,52293,1017
2020-08-30,Sacramento,067,1510023,18763,17751,17,17768,300
2020-08-30,San Benito,069,59416,1155,1071,0,1071,4
2020-08-30,San Bernardino,071,2135413,49439,47201,316,47517,755
2020-08-30,San Diego,073,3302833,40247,38302,477,38779,682
2020-08-30,San Francisco,075,870044,9759,9294,10,9304,83
2020-08-30,San Joaquin,077,732212,18678,17637,36,17673,338
2020-08-30,San Luis Obispo,079,281455,3185,2934,13,2947,21
2020-08-30,San Mateo,081,765935,8715,8013,10,8023,122
2020-08-30,Santa Barbara,083,443738,8306,8088,68,8156,93
2020-08-30,Santa Clara,085,1922200,18824,17045,38,17083,202
2020-08-30,Santa Cruz,087,273765,1921,1743,16,1759,7
2020-08-30,Shasta,089,179085,634,525,3,528,9
2020-08-30,Sierra,091,2930,6,6,0,6,0
2020-08-30,Siskiyou,093,43540,138,125,8,133,0
2020-08-30,Solano,095,438530,5589,5303,37,5340,34
2020-08-30,Sonoma,097,501317,6120,5590,20,5610,60
2020-08-30,Stanislaus,099,539301,15354,14580,352,14932,209
2020-08-30,Sutter,101,95872,1420,1351,1,1352,10
2020-08-30,Tehama,103,63373,437,419,2,421,1
2020-08-30,Trinity,105,12862,47,13,6,19,0
2020-08-30,Tulare,107,460477,14782,13985,56,14041,236
2020-08-30,Tuolumne,109,53932,207,178,5,183,1
2020-08-30,Ventura,111,848112,11478,10775,99,10874,108
2020-08-30,Yolo,113,214977,2537,2391,4,2395,51
2020-08-30,Yuba,115,75493,904,832,3,835,1
2020-08-29,Alameda,001,1643700,19092,17888,125,18013,250
2020-08-29,Alpine,003,1148,2,2,0,2,0
2020-08-29,Amador,005,37829,274,239,0,239,13
2020-08-29,Butte,007,227075,2314,1948,45,1993,26
2020-08-29,Calaveras,009,45235,257,211,0,211,1
2020-08-29,Colusa,011,21464,471,440,0,440,6
2020-08-29,Contra Costa,013,1133247,14678,13663,51,13714,159
2020-08-29,Del Norte,015,27424,115,108,0,108,1
2020-08-29,El Dorado,017,186661,1020,958,7,965,2
2020-08-29,Fresno,019,978130,27940,24821,305,25126,291
2020-08-29,Glenn,021,27897,466,437,0,437,3
2020-08-29,Humboldt,023,135768,411,363,1,364,4
2020-08-29,Imperial,025,180216,11282,9698,7,9705,250
2020-08-29,Inyo,027,18085,181,160,4,164,3
2020-08-29,Kern,029,883053,29952,28947,232,29179,317
2020-08-29,Kings,031,150075,6410,5906,30,5936,62
2020-08-29,Lake,033,64148,361,329,0,329,2
2020-08-29,Lassen,035,31185,722,706,2,708,0
2020-08-29,Los Angeles,037,10098052,244173,239815,1266,241081,5762
2020-08-29,Madera,039,155013,3953,3605,25,3630,33
2020-08-29,Marin,041,260295,6245,6007,15,6022,64
2020-08-29,Mariposa,043,17540,73,69,0,69,2
2020-08-29,Mendocino,045,87422,652,596,0,596,13
2020-08-29,Merced,047,269075,8121,7867,9,7876,79
2020-08-29,Modoc,049,8938,13,9,0,9,0
2020-08-29,Mono,051,14174,163,145,3,148,1
2020-08-29,Monterey,053,433212,8258,7680,22,7702,53
2020-08-29,Napa,055,140530,1490,1413,6,1419,10
2020-08-29,Nevada,057,99092,459,442,13,455,5
2020-08-29,Orange,059,3164182,50424,47007,1188,48195,960
2020-08-29,Placer,061,380077,3132,2935,11,2946,32
2020-08-29,Plumas,063,18699,41,39,0,39,0
2020-08-29,Riverside,065,2383286,53899,51918,64,51982,1016
2020-08-29,Sacramento,067,1510023,18692,17588,17,17605,291
2020-08-29,San Benito,069,59416,1146,1045,0,1045,4
2020-08-29,San Bernardino,071,2135413,49324,46849,316,47165,755
2020-08-29,San Diego,073,3302833,39981,38049,459,38508,694
2020-08-29,San Francisco,075,870044,9731,9291,9,9300,83
2020-08-29,San Joaquin,077,732212,18634,17493,36,17529,335
2020-08-29,San Luis Obispo,079,281455,3160,2917,13,2930,21
2020-08-29,San Mateo,081,765935,8673,7928,10,7938,122
2020-08-29,Santa Barbara,083,443738,8279,8052,67,8119,93
2020-08-29,Santa Clara,085,1922200,18724,16898,37,16935,202
2020-08-29,Santa Cruz,087,273765,1909,1746,16,1762,7
2020-08-29,Shasta,089,179085,626,522,3,525,9
2020-08-29,Sierra,091,2930,6,6,0,6,0
2020-08-29,Siskiyou,093,43540,138,121,8,129,0
2020-08-29,Solano,095,438530,5568,5303,37,5340,34
2020-08-29,Sonoma,097,501317,6085,5537,20,5557,60
2020-08-29,Stanislaus,099,539301,15305,14479,342,14821,208
2020-08-29,Sutter,101,95872,1415,1333,1,1334,9
2020-08-29,Tehama,103,63373,436,417,2,419,1
2020-08-29,Trinity,105,12862,46,11,6,17,0
2020-08-29,Tulare,107,460477,14744,13890,55,13945,236
2020-08-29,Tuolumne,109,53932,207,178,5,183,1
2020-08-29,Ventura,111,848112,11436,10705,99,10804,108
2020-08-29,Yolo,113,214977,2519,2357,4,2361,51
2020-08-29,Yuba,115,75493,895,822,3,825,1
2020-08-28,Alameda,001,1643700,19009,17729,124,17853,237
2020-08-28,Alpine,003,1148,2,2,0,2,0
2020-08-28,Amador,005,37829,274,234,0,234,13
2020-08-28,Butte,007,227075,2284,1886,45,1931,25
2020-08-28,Calaveras,009,45235,255,207,0,207,1
2020-08-28,Colusa,011,21464,470,441,0,441,6
2020-08-28,Contra Costa,013,1133247,14607,13522,50,13572,158
2020-08-28,Del Norte,015,27424,115,107,0,107,1
2020-08-28,El Dorado,017,186661,1014,949,7,956,2
2020-08-28,Fresno,019,978130,27805,24612,305,24917,282
2020-08-28,Glenn,021,27897,459,429,0,429,3
2020-08-28,Humboldt,023,135768,407,362,1,363,4
2020-08-28,Imperial,025,180216,11268,9656,7,9663,241
2020-08-28,Inyo,027,18085,180,160,4,164,2
2020-08-28,Kern,029,883053,29904,28744,232,28976,306
2020-08-28,Kings,031,150075,6403,5829,29,5858,62
2020-08-28,Lake,033,64148,356,320,0,320,2
2020-08-28,Lassen,035,31185,722,704,2,706,0
2020-08-28,Los Angeles,037,10098052,243360,238544,1241,239785,5740
2020-08-28,Madera,039,155013,3934,3552,25,3577,33
2020-08-28,Marin,041,260295,6223,5991,15,6006,63
2020-08-28,Mariposa,043,17540,73,67,0,67,2
2020-08-28,Mendocino,045,87422,647,588,0,588,11
2020-08-28,Merced,047,269075,8091,7803,9,7812,77
2020-08-28,Modoc,049,8938,13,6,0,6,0
2020-08-28,Mono,051,14174,163,145,3,148,1
2020-08-28,Monterey,053,433212,8201,7591,22,7613,53
2020-08-28,Napa,055,140530,1482,1403,5,1408,10
2020-08-28,Nevada,057,99092,458,438,13,451,5
2020-08-28,Orange,059,3164182,50324,46696,1173,47869,942
2020-08-28,Placer,061,380077,3122,2891,11,2902,32
2020-08-28,Plumas,063,18699,41,39,0,39,0
2020-08-28,Riverside,065,2383286,53768,51510,60,51570,1008
2020-08-28,Sacramento,067,1510023,18594,17119,17,17136,283
2020-08-28,San Benito,069,59416,1130,1016,0,1016,3
2020-08-28,San Bernardino,071,2135413,49205,46553,312,46865,754
2020-08-28,San Diego,073,3302833,39751,37786,444,38230,676
2020-08-28,San Francisco,075,870044,9679,9135,9,9144,83
2020-08-28,San Joaquin,077,732212,18581,17114,35,17149,314
2020-08-28,San Luis Obispo,079,281455,3143,2849,13,2862,20
2020-08-28,San Mateo,081,765935,8627,7783,9,7792,121
2020-08-28,Santa Barbara,083,443738,8247,8001,67,8068,92
2020-08-28,Santa Clara,085,1922200,18597,16696,37,16733,201
2020-08-28,Santa Cruz,087,273765,1897,1747,16,1763,7
2020-08-28,Shasta,089,179085,622,516,3,519,9
2020-08-28,Sierra,091,2930,6,6,0,6,0
2020-08-28,Siskiyou,093,43540,136,119,8,127,0
2020-08-28,Solano,095,438530,5549,5219,37,5256,34
2020-08-28,Sonoma,097,501317,6050,5425,19,5444,58
2020-08-28,Stanislaus,099,539301,15262,14176,338,14514,190
2020-08-28,Sutter,101,95872,1405,1308,1,1309,9
2020-08-28,Tehama,103,63373,431,410,2,412,1
2020-08-28,Trinity,105,12862,46,11,6,17,0
2020-08-28,Tulare,107,460477,14699,13776,55,13831,236
2020-08-28,Tuolumne,109,53932,207,176,5,181,1
2020-08-28,Ventura,111,848112,11400,10606,97,10703,103
2020-08-28,Yolo,113,214977,2510,2323,4,2327,51
2020-08-28,Yuba,115,75493,886,810,3,813,1
2020-08-27,Alameda,001,1643700,18864,17584,121,17705,234
2020-08-27,Alpine,003,1148,2,2,0,2,0
2020-08-27,Amador,005,37829,273,233,0,233,13
2020-08-27,Butte,007,227075,2218,1803,44,1847,25
2020-08-27,Calaveras,009,45235,250,204,0,204,1
2020-08-27,Colusa,011,21464,468,438,0,438,6
2020-08-27,Contra Costa,013,1133247,14507,13379,49,13428,158
2020-08-27,Del Norte,015,27424,115,107,0,107,1
2020-08-27,El Dorado,017,186661,1010,942,7,949,2
2020-08-27,Fresno,019,978130,27625,24367,300,24667,272
2020-08-27,Glenn,021,27897,451,429,0,429,3
2020-08-27,Humboldt,023,135768,399,358,1,359,4
2020-08-27,Imperial,025,180216,11241,9608,7,9615,235
2020-08-27,Inyo,027,18085,180,157,3,160,2
2020-08-27,Kern,029,883053,29833,28635,223,28858,294
2020-08-27,Kings,031,150075,6381,5759,29,5788,62
2020-08-27,Lake,033,64148,354,314,0,314,2
2020-08-27,Lassen,035,31185,722,703,2,705,0
2020-08-27,Los Angeles,037,10098052,242357,237103,1226,238329,5704
2020-08-27,Madera,039,155013,3908,3465,25,3490,33
2020-08-27,Marin,041,260295,6199,5929,15,5944,62
2020-08-27,Mariposa,043,17540,73,67,0,67,2
2020-08-27,Mendocino,045,87422,638,581,0,581,10
2020-08-27,Merced,047,269075,8047,7765,9,7774,75
2020-08-27,Modoc,049,8938,11,5,0,5,0
2020-08-27,Mono,051,14174,163,145,3,148,1
2020-08-27,Monterey,053,433212,8107,7501,22,7523,52
2020-08-27,Napa,055,140530,1476,1397,5,1402,10
2020-08-27,Nevada,057,99092,455,435,13,448,5
2020-08-27,Orange,059,3164182,50167,46449,1162,47611,935
2020-08-27,Placer,061,380077,3091,2869,11,2880,32
2020-08-27,Plumas,063,18699,40,39,0,39,0
2020-08-27,Riverside,065,2383286,53558,51306,57,51363,999
2020-08-27,Sacramento,067,1510023,18396,16875,17,16892,281
2020-08-27,San Benito,069,59416,1114,987,0,987,3
2020-08-27,San Bernardino,071,2135413,48981,46345,306,46651,751
2020-08-27,San Diego,073,3302833,39480,37501,424,37925,673
2020-08-27,San Francisco,075,870044,9613,9014,9,9023,83
2020-08-27,San Joaquin,077,732212,18501,16989,35,17024,314
2020-08-27,San Luis Obispo,079,281455,3118,2808,13,2821,20
2020-08-27,San Mateo,081,765935,8518,7728,9,7737,121
2020-08-27,Santa Barbara,083,443738,8209,7934,67,8001,92
2020-08-27,Santa Clara,085,1922200,18411,16495,37,16532,199
2020-08-27,Santa Cruz,087,273765,1880,1734,16,1750,7
2020-08-27,Shasta,089,179085,616,512,3,515,9
2020-08-27,Sierra,091,2930,6,6,0,6,0
2020-08-27,Siskiyou,093,43540,136,118,8,126,0
2020-08-27,Solano,095,438530,5511,5167,37,5204,34
2020-08-27,Sonoma,097,501317,5942,5357,19,5376,58
2020-08-27,Stanislaus,099,539301,15181,14080,335,14415,186
2020-08-27,Sutter,101,95872,1385,1296,1,1297,9
2020-08-27,Tehama,103,63373,427,398,2,400,1
2020-08-27,Trinity,105,12862,46,11,6,17,0
2020-08-27,Tulare,107,460477,14608,13666,55,13721,231
2020-08-27,Tuolumne,109,53932,202,174,5,179,1
2020-08-27,Ventura,111,848112,11337,10483,93,10576,102
2020-08-27,Yolo,113,214977,2486,2293,4,2297,51
2020-08-27,Yuba,115,75493,875,807,3,810,1
2020-08-26,Alameda,001,1643700,18701,17373,121,17494,233
2020-08-26,Alpine,003,1148,2,2,0,2,0
2020-08-26,Amador,005,37829,273,229,0,229,13
2020-08-26,Butte,007,227075,2150,1765,42,1807,25
2020-08-26,Calaveras,009,45235,242,201,0,201,1
2020-08-26,Colusa,011,21464,462,433,0,433,5
2020-08-26,Contra Costa,013,1133247,14370,13248,49,13297,157
2020-08-26,Del Norte,015,27424,114,86,0,86,1
2020-08-26,El Dorado,017,186661,1008,938,7,945,2
2020-08-26,Fresno,019,978130,27478,24071,298,24369,255
2020-08-26,Glenn,021,27897,449,429,0,429,3
2020-08-26,Humboldt,023,135768,387,357,1,358,4
2020-08-26,Imperial,025,180216,11219,9453,7,9460,227
2020-08-26,Inyo,027,18085,177,157,3,160,2
2020-08-26,Kern,029,883053,29694,28507,220,28727,286
2020-08-26,Kings,031,150075,6360,5720,29,5749,62
2020-08-26,Lake,033,64148,349,308,0,308,2
2020-08-26,Lassen,035,31185,722,702,2,704,0
2020-08-26,Los Angeles,037,10098052,241347,235499,1196,236695,5665
2020-08-26,Madera,039,155013,3879,3458,25,3483,32
2020-08-26,Marin,041,260295,6182,5887,15,5902,56
2020-08-26,Mariposa,043,17540,73,68,0,68,2
2020-08-26,Mendocino,045,87422,627,581,0,581,10
2020-08-26,Merced,047,269075,8014,7720,9,7729,74
2020-08-26,Modoc,049,8938,8,5,0,5,0
2020-08-26,Mono,051,14174,163,141,3,144,1
2020-08-26,Monterey,053,433212,8014,7439,22,7461,51
2020-08-26,Napa,055,140530,1463,1382,5,1387,10
2020-08-26,Nevada,057,99092,452,432,13,445,2
2020-08-26,Orange,059,3164182,49983,46157,1146,47303,905
2020-08-26,Placer,061,380077,3068,2846,9,2855,32
2020-08-26,Plumas,063,18699,39,39,0,39,0
2020-08-26,Riverside,065,2383286,53317,51138,57,51195,987
2020-08-26,Sacramento,067,1510023,18233,16708,17,16725,271
2020-08-26,San Benito,069,59416,1099,978,0,978,3
2020-08-26,San Bernardino,071,2135413,48774,45840,302,46142,743
2020-08-26,San Diego,073,3302833,39142,37224,397,37621,668
2020-08-26,San Francisco,075,870044,9539,8938,9,8947,81
2020-08-26,San Joaquin,077,732212,18412,16845,34,16879,309
2020-08-26,San Luis Obispo,079,281455,3090,2761,13,2774,20
2020-08-26,San Mateo,081,765935,8451,7655,9,7664,121
2020-08-26,Santa Barbara,083,443738,8175,7904,67,7971,90
2020-08-26,Santa Clara,085,1922200,18234,16283,37,16320,198
2020-08-26,Santa Cruz,087,273765,1869,1726,16,1742,7
2020-08-26,Shasta,089,179085,611,511,3,514,9
2020-08-26,Sierra,091,2930,6,6,0,6,0
2020-08-26,Siskiyou,093,43540,133,109,8,117,0
2020-08-26,Solano,095,438530,5487,5131,36,5167,34
2020-08-26,Sonoma,097,501317,5869,5283,19,5302,58
2020-08-26,Stanislaus,099,539301,15104,13964,329,14293,186
2020-08-26,Sutter,101,95872,1367,1275,1,1276,9
2020-08-26,Tehama,103,63373,424,396,2,398,1
2020-08-26,Trinity,105,12862,45,10,6,16,0
2020-08-26,Tulare,107,460477,14541,13568,55,13623,232
2020-08-26,Tuolumne,109,53932,201,172,5,177,1
2020-08-26,Ventura,111,848112,11265,10412,86,10498,100
2020-08-26,Yolo,113,214977,2465,2279,4,2283,49
2020-08-26,Yuba,115,75493,860,779,3,782,1
2020-08-25,Alameda,001,1643700,18544,17278,121,17399,232
2020-08-25,Alpine,003,1148,2,2,0,2,0
2020-08-25,Amador,005,37829,273,227,0,227,13
2020-08-25,Butte,007,227075,2083,1718,42,1760,24
2020-08-25,Calaveras,009,45235,240,196,0,196,1
2020-08-25,Colusa,011,21464,455,430,0,430,5
2020-08-25,Contra Costa,013,1133247,14232,13181,48,13229,156
2020-08-25,Del Norte,015,27424,113,83,0,83,1
2020-08-25,El Dorado,017,186661,1005,928,7,935,2
2020-08-25,Fresno,019,978130,27291,23932,297,24229,250
2020-08-25,Glenn,021,27897,446,429,0,429,3
2020-08-25,Humboldt,023,135768,382,342,1,343,4
2020-08-25,Imperial,025,180216,11191,9381,7,9388,217
2020-08-25,Inyo,027,18085,175,144,3,147,1
2020-08-25,Kern,029,883053,29557,28416,220,28636,285
2020-08-25,Kings,031,150075,6203,5702,29,5731,59
2020-08-25,Lake,033,64148,344,304,0,304,2
2020-08-25,Lassen,035,31185,721,692,2,694,0
2020-08-25,Los Angeles,037,10098052,240047,233961,1148,235109,5612
2020-08-25,Madera,039,155013,3864,3446,24,3470,32
2020-08-25,Marin,041,260295,6144,5860,15,5875,56
2020-08-25,Mariposa,043,17540,73,67,0,67,2
2020-08-25,Mendocino,045,87422,619,571,0,571,10
2020-08-25,Merced,047,269075,7947,7693,8,7701,69
2020-08-25,Modoc,049,8938,8,5,0,5,0
2020-08-25,Mono,051,14174,163,129,3,132,1
2020-08-25,Monterey,053,433212,7933,7333,22,7355,51
2020-08-25,Napa,055,140530,1456,1374,5,1379,10
2020-08-25,Nevada,057,99092,448,430,13,443,2
2020-08-25,Orange,059,3164182,49789,45737,1130,46867,902
2020-08-25,Placer,061,380077,3049,2829,6,2835,31
2020-08-25,Plumas,063,18699,39,39,0,39,0
2020-08-25,Riverside,065,2383286,53086,50889,57,50946,981
2020-08-25,Sacramento,067,1510023,18079,16601,17,16618,265
2020-08-25,San Benito,069,59416,1083,973,0,973,3
2020-08-25,San Bernardino,071,2135413,48539,45544,299,45843,727
2020-08-25,San Diego,073,3302833,38863,36996,375,37371,665
2020-08-25,San Francisco,075,870044,9462,8848,9,8857,81
2020-08-25,San Joaquin,077,732212,18284,16795,34,16829,306
2020-08-25,San Luis Obispo,079,281455,3031,2731,12,2743,20
2020-08-25,San Mateo,081,765935,8391,7636,8,7644,120
2020-08-25,Santa Barbara,083,443738,8123,7854,67,7921,90
2020-08-25,Santa Clara,085,1922200,18065,16199,37,16236,194
2020-08-25,Santa Cruz,087,273765,1850,1708,16,1724,7
2020-08-25,Shasta,089,179085,607,511,3,514,9
2020-08-25,Sierra,091,2930,6,6,0,6,0
2020-08-25,Siskiyou,093,43540,132,109,8,117,0
2020-08-25,Solano,095,438530,5426,5114,36,5150,34
2020-08-25,Sonoma,097,501317,5783,5148,19,5167,56
2020-08-25,Stanislaus,099,539301,14996,13886,318,14204,182
2020-08-25,Sutter,101,95872,1350,1259,1,1260,9
2020-08-25,Tehama,103,63373,421,394,2,396,1
2020-08-25,Trinity,105,12862,44,10,6,16,0
2020-08-25,Tulare,107,460477,14437,13514,54,13568,224
2020-08-25,Tuolumne,109,53932,199,172,5,177,1
2020-08-25,Ventura,111,848112,11180,10313,81,10394,99
2020-08-25,Yolo,113,214977,2452,2254,4,2258,50
2020-08-25,Yuba,115,75493,850,775,3,778,1
2020-08-24,Alameda,001,1643700,18349,16913,120,17033,231
2020-08-24,Alpine,003,1148,2,2,0,2,0
2020-08-24,Amador,005,37829,271,227,0,227,13
2020-08-24,Butte,007,227075,2000,1649,42,1691,23
2020-08-24,Calaveras,009,45235,231,187,0,187,1
2020-08-24,Colusa,011,21464,451,425,0,425,5
2020-08-24,Contra Costa,013,1133247,14115,12906,46,12952,153
2020-08-24,Del Norte,015,27424,113,80,0,80,1
2020-08-24,El Dorado,017,186661,997,908,7,915,2
2020-08-24,Fresno,019,978130,27103,23618,290,23908,235
2020-08-24,Glenn,021,27897,444,421,0,421,2
2020-08-24,Humboldt,023,135768,378,340,1,341,4
2020-08-24,Imperial,025,180216,11158,9323,7,9330,210
2020-08-24,Inyo,027,18085,171,144,3,147,2
2020-08-24,Kern,029,883053,29459,28157,214,28371,277
2020-08-24,Kings,031,150075,6115,5652,29,5681,60
2020-08-24,Lake,033,64148,329,302,0,302,2
2020-08-24,Lassen,035,31185,721,693,2,695,0
2020-08-24,Los Angeles,037,10098052,238684,233036,1131,234167,5562
2020-08-24,Madera,039,155013,3836,3418,24,3442,32
2020-08-24,Marin,041,260295,6079,5834,15,5849,56
2020-08-24,Mariposa,043,17540,71,66,0,66,2
2020-08-24,Mendocino,045,87422,604,550,0,550,10
2020-08-24,Merced,047,269075,7869,7605,8,7613,69
2020-08-24,Modoc,049,8938,8,5,0,5,0
2020-08-24,Mono,051,14174,163,129,3,132,1
2020-08-24,Monterey,053,433212,7824,7212,21,7233,50
2020-08-24,Napa,055,140530,1443,1358,5,1363,10
2020-08-24,Nevada,057,99092,443,423,13,436,2
2020-08-24,Orange,059,3164182,49596,45536,1121,46657,887
2020-08-24,Placer,061,380077,3002,2793,6,2799,31
2020-08-24,Plumas,063,18699,39,37,0,37,0
2020-08-24,Riverside,065,2383286,52808,50496,57,50553,975
2020-08-24,Sacramento,067,1510023,17883,16318,16,16334,249
2020-08-24,San Benito,069,59416,1062,961,0,961,3
2020-08-24,San Bernardino,071,2135413,48276,45199,297,45496,720
2020-08-24,San Diego,073,3302833,38575,36729,347,37076,660
2020-08-24,San Francisco,075,870044,9379,8621,9,8630,81
2020-08-24,San Joaquin,077,732212,18143,16565,33,16598,305
2020-08-24,San Luis Obispo,079,281455,3003,2705,12,2717,20
2020-08-24,San Mateo,081,765935,8324,7502,8,7510,120
2020-08-24,Santa Barbara,083,443738,8082,7784,67,7851,90
2020-08-24,Santa Clara,085,1922200,17861,16049,37,16086,192
2020-08-24,Santa Cruz,087,273765,1830,1627,15,1642,6
2020-08-24,Shasta,089,179085,605,505,3,508,9
2020-08-24,Sierra,091,2930,6,6,0,6,0
2020-08-24,Siskiyou,093,43540,128,107,8,115,0
2020-08-24,Solano,095,438530,5377,4979,34,5013,32
2020-08-24,Sonoma,097,501317,5680,5071,19,5090,56
2020-08-24,Stanislaus,099,539301,14898,13521,304,13825,171
2020-08-24,Sutter,101,95872,1331,1219,1,1220,9
2020-08-24,Tehama,103,63373,416,388,2,390,1
2020-08-24,Trinity,105,12862,44,10,6,16,0
2020-08-24,Tulare,107,460477,14329,13360,53,13413,223
2020-08-24,Tuolumne,109,53932,198,170,5,175,1
2020-08-24,Ventura,111,848112,11100,10261,77,10338,99
2020-08-24,Yolo,113,214977,2418,2239,4,2243,47
2020-08-24,Yuba,115,75493,833,750,3,753,1
2020-08-23,Alameda,001,1643700,18126,16786,119,16905,231
2020-08-23,Alpine,003,1148,2,2,0,2,0
2020-08-23,Amador,005,37829,268,227,0,227,13
2020-08-23,Butte,007,227075,1885,1637,42,1679,23
2020-08-23,Calaveras,009,45235,222,187,0,187,1
2020-08-23,Colusa,011,21464,444,424,0,424,5
2020-08-23,Contra Costa,013,1133247,13953,12642,46,12688,153
2020-08-23,Del Norte,015,27424,113,80,0,80,1
2020-08-23,El Dorado,017,186661,984,901,7,908,2
2020-08-23,Fresno,019,978130,26898,23414,287,23701,235
2020-08-23,Glenn,021,27897,437,421,0,421,2
2020-08-23,Humboldt,023,135768,376,341,1,342,4
2020-08-23,Imperial,025,180216,11129,9243,7,9250,210
2020-08-23,Inyo,027,18085,168,144,3,147,2
2020-08-23,Kern,029,883053,29310,28028,209,28237,277
2020-08-23,Kings,031,150075,6072,5628,29,5657,60
2020-08-23,Lake,033,64148,325,299,0,299,2
2020-08-23,Lassen,035,31185,720,693,2,695,0
2020-08-23,Los Angeles,037,10098052,237084,231833,1064,232897,5549
2020-08-23,Madera,039,155013,3805,3401,23,3424,32
2020-08-23,Marin,041,260295,6042,5807,14,5821,50
2020-08-23,Mariposa,043,17540,71,66,0,66,2
2020-08-23,Mendocino,045,87422,600,550,0,550,10
2020-08-23,Merced,047,269075,7800,7574,7,7581,69
2020-08-23,Modoc,049,8938,7,5,0,5,0
2020-08-23,Mono,051,14174,163,129,3,132,1
2020-08-23,Monterey,053,433212,7734,7173,21,7194,50
2020-08-23,Napa,055,140530,1431,1348,5,1353,10
2020-08-23,Nevada,057,99092,438,421,13,434,2
2020-08-23,Orange,059,3164182,49358,45267,1109,46376,887
2020-08-23,Placer,061,380077,2963,2772,6,2778,31
2020-08-23,Plumas,063,18699,39,37,0,37,0
2020-08-23,Riverside,065,2383286,52538,50293,55,50348,955
2020-08-23,Sacramento,067,1510023,17660,16084,15,16099,243
2020-08-23,San Benito,069,59416,1049,938,0,938,3
2020-08-23,San Bernardino,071,2135413,48008,45010,287,45297,719
2020-08-23,San Diego,073,3302833,38254,36542,320,36862,660
2020-08-23,San Francisco,075,870044,9285,8564,8,8572,80
2020-08-23,San Joaquin,077,732212,18010,16069,32,16101,305
2020-08-23,San Luis Obispo,079,281455,2961,2679,12,2691,20
2020-08-23,San Mateo,081,765935,8229,7450,8,7458,120
2020-08-23,Santa Barbara,083,443738,8014,7725,67,7792,90
2020-08-23,Santa Clara,085,1922200,17665,15912,35,15947,191
2020-08-23,Santa Cruz,087,273765,1804,1627,15,1642,6
2020-08-23,Shasta,089,179085,600,501,3,504,9
2020-08-23,Sierra,091,2930,6,6,0,6,0
2020-08-23,Siskiyou,093,43540,123,107,8,115,0
2020-08-23,Solano,095,438530,5319,4977,32,5009,32
2020-08-23,Sonoma,097,501317,5592,5018,19,5037,56
2020-08-23,Stanislaus,099,539301,14763,13483,281,13764,171
2020-08-23,Sutter,101,95872,1309,1203,1,1204,9
2020-08-23,Tehama,103,63373,406,381,2,383,1
2020-08-23,Trinity,105,12862,44,10,6,16,0
2020-08-23,Tulare,107,460477,14197,13303,50,13353,223
2020-08-23,Tuolumne,109,53932,195,164,5,169,1
2020-08-23,Ventura,111,848112,10999,10126,73,10199,99
2020-08-23,Yolo,113,214977,2390,2210,4,2214,47
2020-08-23,Yuba,115,75493,812,750,3,753,1
2020-08-22,Alameda,001,1643700,18032,16648,118,16766,231
2020-08-22,Alpine,003,1148,2,2,0,2,0
2020-08-22,Amador,005,37829,267,224,0,224,13
2020-08-22,Butte,007,227075,1834,1618,42,1660,22
2020-08-22,Calaveras,009,45235,218,187,0,187,1
2020-08-22,Colusa,011,21464,440,419,0,419,5
2020-08-22,Contra Costa,013,1133247,13866,12522,46,12568,153
2020-08-22,Del Norte,015,27424,112,80,0,80,1
2020-08-22,El Dorado,017,186661,982,900,7,907,2
2020-08-22,Fresno,019,978130,26800,23197,286,23483,235
2020-08-22,Glenn,021,27897,436,421,0,421,2
2020-08-22,Humboldt,023,135768,366,334,1,335,4
2020-08-22,Imperial,025,180216,11121,9244,7,9251,210
2020-08-22,Inyo,027,18085,168,144,3,147,1
2020-08-22,Kern,029,883053,29256,27807,209,28016,277
2020-08-22,Kings,031,150075,6063,5447,29,5476,60
2020-08-22,Lake,033,64148,323,291,0,291,2
2020-08-22,Lassen,035,31185,720,693,2,695,0
2020-08-22,Los Angeles,037,10098052,236423,230858,1048,231906,5540
2020-08-22,Madera,039,155013,3786,3330,23,3353,32
2020-08-22,Marin,041,260295,6030,5789,14,5803,49
2020-08-22,Mariposa,043,17540,71,66,0,66,2
2020-08-22,Mendocino,045,87422,597,529,0,529,10
2020-08-22,Merced,047,269075,7772,7493,7,7500,69
2020-08-22,Modoc,049,8938,7,5,0,5,0
2020-08-22,Mono,051,14174,163,129,3,132,1
2020-08-22,Monterey,053,433212,7686,7081,21,7102,50
2020-08-22,Napa,055,140530,1426,1328,5,1333,11
2020-08-22,Nevada,057,99092,438,411,13,424,2
2020-08-22,Orange,059,3164182,49217,45131,1103,46234,885
2020-08-22,Placer,061,380077,2949,2734,6,2740,30
2020-08-22,Plumas,063,18699,39,37,0,37,0
2020-08-22,Riverside,065,2383286,52390,49944,54,49998,953
2020-08-22,Sacramento,067,1510023,17548,15516,15,15531,239
2020-08-22,San Benito,069,59416,1033,912,0,912,3
2020-08-22,San Bernardino,071,2135413,47879,44803,283,45086,719
2020-08-22,San Diego,073,3302833,38071,36205,309,36514,673
2020-08-22,San Francisco,075,870044,9225,8568,8,8576,80
2020-08-22,San Joaquin,077,732212,17954,16068,32,16100,305
2020-08-22,San Luis Obispo,079,281455,2935,2660,12,2672,20
2020-08-22,San Mateo,081,765935,8182,7361,8,7369,120
2020-08-22,Santa Barbara,083,443738,7988,7685,67,7752,90
2020-08-22,Santa Clara,085,1922200,17557,15590,35,15625,190
2020-08-22,Santa Cruz,087,273765,1788,1628,14,1642,6
2020-08-22,Shasta,089,179085,598,493,3,496,9
2020-08-22,Sierra,091,2930,6,6,0,6,0
2020-08-22,Siskiyou,093,43540,123,106,8,114,0
2020-08-22,Solano,095,438530,5289,4944,31,4975,32
2020-08-22,Sonoma,097,501317,5546,4891,19,4910,57
2020-08-22,Stanislaus,099,539301,14713,13380,264,13644,170
2020-08-22,Sutter,101,95872,1302,1189,1,1190,8
2020-08-22,Tehama,103,63373,405,368,2,370,1
2020-08-22,Trinity,105,12862,44,8,6,14,0
2020-08-22,Tulare,107,460477,14130,13196,50,13246,222
2020-08-22,Tuolumne,109,53932,193,162,5,167,1
2020-08-22,Ventura,111,848112,10944,9959,71,10030,99
2020-08-22,Yolo,113,214977,2374,2188,4,2192,47
2020-08-22,Yuba,115,75493,800,738,3,741,1
2020-08-21,Alameda,001,1643700,17940,16413,118,16531,232
2020-08-21,Alpine,003,1148,2,2,0,2,0
2020-08-21,Amador,005,37829,266,223,0,223,11
2020-08-21,Butte,007,227075,1795,1582,42,1624,19
2020-08-21,Calaveras,009,45235,218,182,0,182,1
2020-08-21,Colusa,011,21464,438,418,0,418,5
2020-08-21,Contra Costa,013,1133247,13776,12333,45,12378,149
2020-08-21,Del Norte,015,27424,112,78,0,78,1
2020-08-21,El Dorado,017,186661,978,885,7,892,2
2020-08-21,Fresno,019,978130,26630,22840,285,23125,232
2020-08-21,Glenn,021,27897,432,418,0,418,2
2020-08-21,Humboldt,023,135768,363,331,1,332,4
2020-08-21,Imperial,025,180216,11105,9166,7,9173,204
2020-08-21,Inyo,027,18085,168,144,3,147,1
2020-08-21,Kern,029,883053,29197,27567,207,27774,269
2020-08-21,Kings,031,150075,6041,5391,29,5420,60
2020-08-21,Lake,033,64148,321,281,0,281,2
2020-08-21,Lassen,035,31185,720,693,2,695,0
2020-08-21,Los Angeles,037,10098052,235548,229235,1028,230263,5494
2020-08-21,Madera,039,155013,3756,3271,23,3294,31
2020-08-21,Marin,041,260295,6010,5762,14,5776,49
2020-08-21,Mariposa,043,17540,71,66,0,66,2
2020-08-21,Mendocino,045,87422,587,505,0,505,10
2020-08-21,Merced,047,269075,7743,7357,7,7364,69
2020-08-21,Modoc,049,8938,7,5,0,5,0
2020-08-21,Mono,051,14174,163,128,3,131,1
2020-08-21,Monterey,053,433212,7614,6974,21,6995,49
2020-08-21,Napa,055,140530,1417,1317,5,1322,10
2020-08-21,Nevada,057,99092,437,406,13,419,2
2020-08-21,Orange,059,3164182,49076,44625,1094,45719,875
2020-08-21,Placer,061,380077,2933,2698,6,2704,30
2020-08-21,Plumas,063,18699,39,36,0,36,0
2020-08-21,Riverside,065,2383286,52195,49409,54,49463,932
2020-08-21,Sacramento,067,1510023,17425,15247,15,15262,237
2020-08-21,San Benito,069,59416,1023,891,0,891,3
2020-08-21,San Bernardino,071,2135413,47760,44249,279,44528,668
2020-08-21,San Diego,073,3302833,37867,35914,292,36206,652
2020-08-21,San Francisco,075,870044,9175,8375,8,8383,80
2020-08-21,San Joaquin,077,732212,17872,15888,30,15918,301
2020-08-21,San Luis Obispo,079,281455,2912,2640,12,2652,19
2020-08-21,San Mateo,081,765935,8125,7253,8,7261,120
2020-08-21,Santa Barbara,083,443738,7947,7645,67,7712,86
2020-08-21,Santa Clara,085,1922200,17406,15399,35,15434,190
2020-08-21,Santa Cruz,087,273765,1776,1617,14,1631,6
2020-08-21,Shasta,089,179085,598,486,3,489,9
2020-08-21,Sierra,091,2930,6,6,0,6,0
2020-08-21,Siskiyou,093,43540,123,103,6,109,0
2020-08-21,Solano,095,438530,5266,4891,30,4921,32
2020-08-21,Sonoma,097,501317,5476,4816,19,4835,57
2020-08-21,Stanislaus,099,539301,14644,13282,250,13532,161
2020-08-21,Sutter,101,95872,1289,1173,1,1174,8
2020-08-21,Tehama,103,63373,403,357,2,359,1
2020-08-21,Trinity,105,12862,44,8,6,14,0
2020-08-21,Tulare,107,460477,14059,13002,48,13050,217
2020-08-21,Tuolumne,109,53932,185,161,5,166,1
2020-08-21,Ventura,111,848112,10879,9865,69,9934,98
2020-08-21,Yolo,113,214977,2359,2164,4,2168,46
2020-08-21,Yuba,115,75493,796,717,3,720,1
2020-08-20,Alameda,001,1643700,17780,16174,118,16292,229
2020-08-20,Alpine,003,1148,2,2,0,2,0
2020-08-20,Amador,005,37829,264,222,0,222,11
2020-08-20,Butte,007,227075,1746,1549,41,1590,18
2020-08-20,Calaveras,009,45235,215,179,0,179,1
2020-08-20,Colusa,011,21464,436,415,0,415,5
2020-08-20,Contra Costa,013,1133247,13649,12108,44,12152,144
2020-08-20,Del Norte,015,27424,112,78,0,78,1
2020-08-20,El Dorado,017,186661,974,881,7,888,2
2020-08-20,Fresno,019,978130,26449,22535,280,22815,228
2020-08-20,Glenn,021,27897,427,414,0,414,2
2020-08-20,Humboldt,023,135768,358,318,1,319,4
2020-08-20,Imperial,025,180216,11086,9086,7,9093,196
2020-08-20,Inyo,027,18085,167,144,3,147,1
2020-08-20,Kern,029,883053,29029,27337,196,27533,267
2020-08-20,Kings,031,150075,6001,5347,28,5375,59
2020-08-20,Lake,033,64148,316,280,0,280,2
2020-08-20,Lassen,035,31185,719,693,2,695,0
2020-08-20,Los Angeles,037,10098052,234313,227492,1009,228501,5445
2020-08-20,Madera,039,155013,3730,3197,23,3220,31
2020-08-20,Marin,041,260295,5992,5745,14,5759,47
2020-08-20,Mariposa,043,17540,71,67,0,67,2
2020-08-20,Mendocino,045,87422,577,497,0,497,10
2020-08-20,Merced,047,269075,7669,7173,7,7180,68
2020-08-20,Modoc,049,8938,7,5,0,5,0
2020-08-20,Mono,051,14174,163,128,3,131,1
2020-08-20,Monterey,053,433212,7543,6892,21,6913,47
2020-08-20,Napa,055,140530,1411,1306,5,1311,10
2020-08-20,Nevada,057,99092,436,401,13,414,2
2020-08-20,Orange,059,3164182,48849,44299,1084,45383,849
2020-08-20,Placer,061,380077,2917,2681,6,2687,30
2020-08-20,Plumas,063,18699,39,36,0,36,0
2020-08-20,Riverside,065,2383286,51976,48953,53,49006,927
2020-08-20,Sacramento,067,1510023,17182,14992,15,15007,231
2020-08-20,San Benito,069,59416,1010,866,0,866,3
2020-08-20,San Bernardino,071,2135413,47504,43627,275,43902,665
2020-08-20,San Diego,073,3302833,37647,35610,274,35884,644
2020-08-20,San Francisco,075,870044,9089,8262,8,8270,72
2020-08-20,San Joaquin,077,732212,17781,15778,30,15808,297
2020-08-20,San Luis Obispo,079,281455,2892,2590,12,2602,19
2020-08-20,San Mateo,081,765935,8060,7188,8,7196,120
2020-08-20,Santa Barbara,083,443738,7909,7571,67,7638,81
2020-08-20,Santa Clara,085,1922200,17234,15162,35,15197,190
2020-08-20,Santa Cruz,087,273765,1763,1581,14,1595,6
2020-08-20,Shasta,089,179085,597,478,3,481,9
2020-08-20,Sierra,091,2930,6,6,0,6,0
2020-08-20,Siskiyou,093,43540,122,102,1,103,0
2020-08-20,Solano,095,438530,5221,4843,30,4873,31
2020-08-20,Sonoma,097,501317,5404,4737,19,4756,54
2020-08-20,Stanislaus,099,539301,14548,13120,241,13361,161
2020-08-20,Sutter,101,95872,1265,1158,1,1159,8
2020-08-20,Tehama,103,63373,398,350,2,352,1
2020-08-20,Trinity,105,12862,44,8,6,14,0
2020-08-20,Tulare,107,460477,13951,12907,47,12954,217
2020-08-20,Tuolumne,109,53932,181,159,5,164,1
2020-08-20,Ventura,111,848112,10766,9744,68,9812,93
2020-08-20,Yolo,113,214977,2337,2150,4,2154,47
2020-08-20,Yuba,115,75493,779,709,3,712,1
2020-08-19,Alameda,001,1643700,17622,15874,117,15991,226
2020-08-19,Alpine,003,1148,2,2,0,2,0
2020-08-19,Amador,005,37829,263,219,0,219,9
2020-08-19,Butte,007,227075,1703,1517,41,1558,16
2020-08-19,Calaveras,009,45235,213,177,0,177,1
2020-08-19,Colusa,011,21464,435,415,0,415,5
2020-08-19,Contra Costa,013,1133247,13536,11895,43,11938,142
2020-08-19,Del Norte,015,27424,112,78,0,78,1
2020-08-19,El Dorado,017,186661,968,870,7,877,2
2020-08-19,Fresno,019,978130,26260,22167,271,22438,221
2020-08-19,Glenn,021,27897,425,414,0,414,2
2020-08-19,Humboldt,023,135768,355,316,1,317,4
2020-08-19,Imperial,025,180216,11058,9041,7,9048,192
2020-08-19,Inyo,027,18085,165,140,3,143,1
2020-08-19,Kern,029,883053,28912,27142,192,27334,263
2020-08-19,Kings,031,150075,5828,5301,26,5327,59
2020-08-19,Lake,033,64148,313,277,0,277,2
2020-08-19,Lassen,035,31185,711,693,2,695,0
2020-08-19,Los Angeles,037,10098052,233035,226006,969,226975,5399
2020-08-19,Madera,039,155013,3696,3158,21,3179,30
2020-08-19,Marin,041,260295,5969,5723,13,5736,46
2020-08-19,Mariposa,043,17540,71,64,0,64,2
2020-08-19,Mendocino,045,87422,560,495,0,495,8
2020-08-19,Merced,047,269075,7542,7082,4,7086,66
2020-08-19,Modoc,049,8938,7,5,0,5,0
2020-08-19,Mono,051,14174,163,128,3,131,1
2020-08-19,Monterey,053,433212,7443,6693,21,6714,45
2020-08-19,Napa,055,140530,1405,1293,5,1298,10
2020-08-19,Nevada,057,99092,429,398,13,411,2
2020-08-19,Orange,059,3164182,48644,43938,1081,45019,829
2020-08-19,Placer,061,380077,2895,2659,6,2665,28
2020-08-19,Plumas,063,18699,39,36,0,36,0
2020-08-19,Riverside,065,2383286,51726,48741,53,48794,922
2020-08-19,Sacramento,067,1510023,17002,14764,15,14779,229
2020-08-19,San Benito,069,59416,993,853,0,853,3
2020-08-19,San Bernardino,071,2135413,47208,43224,269,43493,661
2020-08-19,San Diego,073,3302833,37397,35378,259,35637,638
2020-08-19,San Francisco,075,870044,9025,8236,8,8244,72
2020-08-19,San Joaquin,077,732212,17659,15677,29,15706,296
2020-08-19,San Luis Obispo,079,281455,2852,2553,12,2565,19
2020-08-19,San Mateo,081,765935,7991,7146,8,7154,119
2020-08-19,Santa Barbara,083,443738,7860,7499,67,7566,80
2020-08-19,Santa Clara,085,1922200,17089,14994,35,15029,189
2020-08-19,Santa Cruz,087,273765,1737,1554,14,1568,6
2020-08-19,Shasta,089,179085,593,475,3,478,9
2020-08-19,Sierra,091,2930,6,6,0,6,0
2020-08-19,Siskiyou,093,43540,121,103,1,104,0
2020-08-19,Solano,095,438530,5180,4807,30,4837,31
2020-08-19,Sonoma,097,501317,5324,4614,19,4633,54
2020-08-19,Stanislaus,099,539301,14445,13084,219,13303,160
2020-08-19,Sutter,101,95872,1231,1146,1,1147,8
2020-08-19,Tehama,103,63373,392,342,2,344,1
2020-08-19,Trinity,105,12862,43,8,6,14,0
2020-08-19,Tulare,107,460477,13853,12756,47,12803,217
2020-08-19,Tuolumne,109,53932,178,159,5,164,1
2020-08-19,Ventura,111,848112,10674,9587,66,9653,91
2020-08-19,Yolo,113,214977,2315,2126,4,2130,47
2020-08-19,Yuba,115,75493,767,701,3,704,1
2020-08-18,Alameda,001,1643700,17444,15627,115,15742,223
2020-08-18,Alpine,003,1148,2,2,0,2,0
2020-08-18,Amador,005,37829,262,215,0,215,9
2020-08-18,Butte,007,227075,1670,1491,41,1532,16
2020-08-18,Calaveras,009,45235,210,174,0,174,1
2020-08-18,Colusa,011,21464,434,415,0,415,5
2020-08-18,Contra Costa,013,1133247,13415,11689,41,11730,141
2020-08-18,Del Norte,015,27424,111,78,0,78,0
2020-08-18,El Dorado,017,186661,963,866,7,873,2
2020-08-18,Fresno,019,978130,26039,21798,265,22063,212
2020-08-18,Glenn,021,27897,425,407,0,407,2
2020-08-18,Humboldt,023,135768,353,315,1,316,4
2020-08-18,Imperial,025,180216,11024,8968,7,8975,189
2020-08-18,Inyo,027,18085,164,140,3,143,1
2020-08-18,Kern,029,883053,28759,26978,188,27166,263
2020-08-18,Kings,031,150075,5793,5269,25,5294,58
2020-08-18,Lake,033,64148,310,274,0,274,2
2020-08-18,Lassen,035,31185,711,693,2,695,0
2020-08-18,Los Angeles,037,10098052,231767,224218,933,225151,5339
2020-08-18,Madera,039,155013,3668,3125,21,3146,28
2020-08-18,Marin,041,260295,5939,5708,13,5721,47
2020-08-18,Mariposa,043,17540,71,61,0,61,2
2020-08-18,Mendocino,045,87422,551,468,0,468,8
2020-08-18,Merced,047,269075,7494,6940,4,6944,66
2020-08-18,Modoc,049,8938,7,5,0,5,0
2020-08-18,Mono,051,14174,162,129,3,132,1
2020-08-18,Monterey,053,433212,7351,6691,20,6711,44
2020-08-18,Napa,055,140530,1401,1274,5,1279,10
2020-08-18,Nevada,057,99092,422,389,13,402,2
2020-08-18,Orange,059,3164182,48419,43659,1067,44726,809
2020-08-18,Placer,061,380077,2869,2644,5,2649,28
2020-08-18,Plumas,063,18699,39,34,0,34,0
2020-08-18,Riverside,065,2383286,51394,48447,53,48500,917
2020-08-18,Sacramento,067,1510023,16772,14610,14,14624,222
2020-08-18,San Benito,069,59416,973,836,0,836,3
2020-08-18,San Bernardino,071,2135413,46927,42827,263,43090,648
2020-08-18,San Diego,073,3302833,37104,35164,227,35391,633
2020-08-18,San Francisco,075,870044,8940,8016,8,8024,72
2020-08-18,San Joaquin,077,732212,17545,15509,28,15537,290
2020-08-18,San Luis Obispo,079,281455,2827,2535,11,2546,18
2020-08-18,San Mateo,081,765935,7930,7074,8,7082,119
2020-08-18,Santa Barbara,083,443738,7818,7472,67,7539,81
2020-08-18,Santa Clara,085,1922200,16920,14786,34,14820,184
2020-08-18,Santa Cruz,087,273765,1724,1509,14,1523,6
2020-08-18,Shasta,089,179085,589,468,3,471,9
2020-08-18,Sierra,091,2930,6,6,0,6,0
2020-08-18,Siskiyou,093,43540,120,103,1,104,0
2020-08-18,Solano,095,438530,5153,4700,30,4730,31
2020-08-18,Sonoma,097,501317,5255,4506,19,4525,48
2020-08-18,Stanislaus,099,539301,14347,12935,203,13138,149
2020-08-18,Sutter,101,95872,1212,1126,1,1127,8
2020-08-18,Tehama,103,63373,382,333,2,335,1
2020-08-18,Trinity,105,12862,41,8,6,14,0
2020-08-18,Tulare,107,460477,13723,12637,44,12681,212
2020-08-18,Tuolumne,109,53932,175,159,5,164,1
2020-08-18,Ventura,111,848112,10584,9536,61,9597,89
2020-08-18,Yolo,113,214977,2293,2102,4,2106,47
2020-08-18,Yuba,115,75493,759,679,3,682,1
2020-08-17,Alameda,001,1643700,17251,15454,114,15568,221
2020-08-17,Alpine,003,1148,2,2,0,2,0
2020-08-17,Amador,005,37829,262,215,0,215,9
2020-08-17,Butte,007,227075,1625,1463,41,1504,15
2020-08-17,Calaveras,009,45235,206,167,0,167,1
2020-08-17,Colusa,011,21464,431,408,0,408,5
2020-08-17,Contra Costa,013,1133247,13278,11442,41,11483,141
2020-08-17,Del Norte,015,27424,107,77,0,77,0
2020-08-17,El Dorado,017,186661,960,846,7,853,2
2020-08-17,Fresno,019,978130,25832,21316,258,21574,211
2020-08-17,Glenn,021,27897,424,402,0,402,2
2020-08-17,Humboldt,023,135768,349,302,1,303,4
2020-08-17,Imperial,025,180216,10983,8897,7,8904,188
2020-08-17,Inyo,027,18085,156,124,3,127,1
2020-08-17,Kern,029,883053,28612,26773,178,26951,249
2020-08-17,Kings,031,150075,5755,5249,25,5274,58
2020-08-17,Lake,033,64148,305,270,0,270,2
2020-08-17,Lassen,035,31185,711,666,2,668,0
2020-08-17,Los Angeles,037,10098052,230248,223418,889,224307,5282
2020-08-17,Madera,039,155013,3625,3050,20,3070,26
2020-08-17,Marin,041,260295,5916,5683,12,5695,46
2020-08-17,Mariposa,043,17540,71,61,0,61,2
2020-08-17,Mendocino,045,87422,533,454,0,454,8
2020-08-17,Merced,047,269075,7399,6814,4,6818,66
2020-08-17,Modoc,049,8938,7,5,0,5,0
2020-08-17,Mono,051,14174,162,126,3,129,1
2020-08-17,Monterey,053,433212,7251,6553,20,6573,44
2020-08-17,Napa,055,140530,1380,1255,5,1260,10
2020-08-17,Nevada,057,99092,417,383,13,396,2
2020-08-17,Orange,059,3164182,48209,43621,1054,44675,804
2020-08-17,Placer,061,380077,2844,2609,5,2614,28
2020-08-17,Plumas,063,18699,39,33,0,33,0
2020-08-17,Riverside,065,2383286,51060,48062,51,48113,916
2020-08-17,Sacramento,067,1510023,16552,14333,14,14347,219
2020-08-17,San Benito,069,59416,958,822,0,822,2
2020-08-17,San Bernardino,071,2135413,46583,42005,254,42259,604
2020-08-17,San Diego,073,3302833,36838,34962,213,35175,626
2020-08-17,San Francisco,075,870044,8869,7600,8,7608,72
2020-08-17,San Joaquin,077,732212,17383,15323,27,15350,280
2020-08-17,San Luis Obispo,079,281455,2794,2527,11,2538,18
2020-08-17,San Mateo,081,765935,7873,6987,7,6994,118
2020-08-17,Santa Barbara,083,443738,7776,7438,67,7505,80
2020-08-17,Santa Clara,085,1922200,16695,14546,34,14580,183
2020-08-17,Santa Cruz,087,273765,1708,1453,13,1466,6
2020-08-17,Shasta,089,179085,583,467,3,470,9
2020-08-17,Sierra,091,2930,6,6,0,6,0
2020-08-17,Siskiyou,093,43540,119,103,0,103,0
2020-08-17,Solano,095,438530,5096,4479,30,4509,31
2020-08-17,Sonoma,097,501317,5167,4402,17,4419,48
2020-08-17,Stanislaus,099,539301,14222,12745,196,12941,148
2020-08-17,Sutter,101,95872,1196,1071,1,1072,8
2020-08-17,Tehama,103,63373,372,324,2,326,1
2020-08-17,Trinity,105,12862,41,8,6,14,0
2020-08-17,Tulare,107,460477,13611,12487,43,12530,210
2020-08-17,Tuolumne,109,53932,172,157,5,162,1
2020-08-17,Ventura,111,848112,10461,9490,56,9546,89
2020-08-17,Yolo,113,214977,2266,2083,4,2087,47
2020-08-17,Yuba,115,75493,744,647,3,650,1
2020-08-16,Alameda,001,1643700,16960,15338,114,15452,221
2020-08-16,Alpine,003,1148,2,2,0,2,0
2020-08-16,Amador,005,37829,259,215,0,215,9
2020-08-16,Butte,007,227075,1587,1432,41,1473,15
2020-08-16,Calaveras,009,45235,199,167,0,167,1
2020-08-16,Colusa,011,21464,429,407,0,407,5
2020-08-16,Contra Costa,013,1133247,13092,11255,41,11296,140
2020-08-16,Del Norte,015,27424,103,77,0,77,0
2020-08-16,El Dorado,017,186661,948,843,7,850,2
2020-08-16,Fresno,019,978130,25611,21010,253,21263,211
2020-08-16,Glenn,021,27897,422,400,0,400,2
2020-08-16,Humboldt,023,135768,347,301,1,302,4
2020-08-16,Imperial,025,180216,10939,8883,7,8890,188
2020-08-16,Inyo,027,18085,149,125,2,127,1
2020-08-16,Kern,029,883053,28413,26520,170,26690,249
2020-08-16,Kings,031,150075,5724,5146,25,5171,58
2020-08-16,Lake,033,64148,301,269,0,269,2
2020-08-16,Lassen,035,31185,711,666,2,668,0
2020-08-16,Los Angeles,037,10098052,228677,222236,860,223096,5263
2020-08-16,Madera,039,155013,3580,3013,20,3033,26
2020-08-16,Marin,041,260295,5890,5664,12,5676,46
2020-08-16,Mariposa,043,17540,71,61,0,61,2
2020-08-16,Mendocino,045,87422,525,451,0,451,8
2020-08-16,Merced,047,269075,7317,6744,4,6748,66
2020-08-16,Modoc,049,8938,7,5,0,5,0
2020-08-16,Mono,051,14174,162,126,3,129,1
2020-08-16,Monterey,053,433212,7153,6516,19,6535,44
2020-08-16,Napa,055,140530,1362,1241,3,1244,10
2020-08-16,Nevada,057,99092,408,379,13,392,2
2020-08-16,Orange,059,3164182,47959,43303,1043,44346,803
2020-08-16,Placer,061,380077,2815,2583,4,2587,28
2020-08-16,Plumas,063,18699,39,33,0,33,0
2020-08-16,Riverside,065,2383286,50729,47669,50,47719,910
2020-08-16,Sacramento,067,1510023,16312,14210,14,14224,219
2020-08-16,San Benito,069,59416,929,815,0,815,2
2020-08-16,San Bernardino,071,2135413,46160,41724,246,41970,603
2020-08-16,San Diego,073,3302833,36574,34680,198,34878,626
2020-08-16,San Francisco,075,870044,8782,7602,8,7610,72
2020-08-16,San Joaquin,077,732212,17182,15288,27,15315,280
2020-08-16,San Luis Obispo,079,281455,2765,2494,11,2505,17
2020-08-16,San Mateo,081,765935,7799,6942,7,6949,118
2020-08-16,Santa Barbara,083,443738,7727,7368,67,7435,79
2020-08-16,Santa Clara,085,1922200,16495,14329,34,14363,183
2020-08-16,Santa Cruz,087,273765,1681,1449,12,1461,6
2020-08-16,Shasta,089,179085,576,465,3,468,9
2020-08-16,Sierra,091,2930,6,6,0,6,0
2020-08-16,Siskiyou,093,43540,118,102,0,102,0
2020-08-16,Solano,095,438530,5036,4479,30,4509,31
2020-08-16,Sonoma,097,501317,5063,4329,17,4346,46
2020-08-16,Stanislaus,099,539301,14064,12668,186,12854,148
2020-08-16,Sutter,101,95872,1178,1071,1,1072,8
2020-08-16,Tehama,103,63373,363,318,2,320,1
2020-08-16,Trinity,105,12862,38,8,6,14,0
2020-08-16,Tulare,107,460477,13479,12334,40,12374,211
2020-08-16,Tuolumne,109,53932,172,156,5,161,1
2020-08-16,Ventura,111,848112,10352,9408,51,9459,89
2020-08-16,Yolo,113,214977,2247,2057,4,2061,47
2020-08-16,Yuba,115,75493,735,647,2,649,1
2020-08-15,Alameda,001,1643700,16883,15165,114,15279,221
2020-08-15,Alpine,003,1148,2,2,0,2,0
2020-08-15,Amador,005,37829,259,210,0,210,9
2020-08-15,Butte,007,227075,1565,1409,41,1450,15
2020-08-15,Calaveras,009,45235,197,167,0,167,1
2020-08-15,Colusa,011,21464,428,401,0,401,5
2020-08-15,Contra Costa,013,1133247,12996,11106,41,11147,138
2020-08-15,Del Norte,015,27424,103,77,0,77,0
2020-08-15,El Dorado,017,186661,943,838,7,845,2
2020-08-15,Fresno,019,978130,25495,20603,251,20854,211
2020-08-15,Glenn,021,27897,422,398,0,398,2
2020-08-15,Humboldt,023,135768,346,301,1,302,4
2020-08-15,Imperial,025,180216,10919,8794,7,8801,188
2020-08-15,Inyo,027,18085,149,123,2,125,1
2020-08-15,Kern,029,883053,28325,26338,170,26508,249
2020-08-15,Kings,031,150075,5706,5039,25,5064,56
2020-08-15,Lake,033,64148,299,268,0,268,2
2020-08-15,Lassen,035,31185,711,666,2,668,0
2020-08-15,Los Angeles,037,10098052,227926,221043,850,221893,5252
2020-08-15,Madera,039,155013,3530,2950,20,2970,26
2020-08-15,Marin,041,260295,5883,5628,12,5640,46
2020-08-15,Mariposa,043,17540,71,61,0,61,2
2020-08-15,Mendocino,045,87422,521,444,0,444,8
2020-08-15,Merced,047,269075,7283,6656,4,6660,66
2020-08-15,Modoc,049,8938,7,5,0,5,0
2020-08-15,Mono,051,14174,162,126,3,129,1
2020-08-15,Monterey,053,433212,7108,6162,19,6181,44
2020-08-15,Napa,055,140530,1352,1232,3,1235,10
2020-08-15,Nevada,057,99092,408,376,13,389,2
2020-08-15,Orange,059,3164182,47846,42811,1032,43843,801
2020-08-15,Placer,061,380077,2794,2551,4,2555,27
2020-08-15,Plumas,063,18699,39,33,0,33,0
2020-08-15,Riverside,065,2383286,50578,46720,50,46770,910
2020-08-15,Sacramento,067,1510023,16202,14018,14,14032,219
2020-08-15,San Benito,069,59416,916,805,0,805,2
2020-08-15,San Bernardino,071,2135413,46008,41231,244,41475,602
2020-08-15,San Diego,073,3302833,36408,34346,184,34530,639
2020-08-15,San Francisco,075,870044,8720,7601,8,7609,69
2020-08-15,San Joaquin,077,732212,17108,15113,27,15140,280
2020-08-15,San Luis Obispo,079,281455,2748,2461,11,2472,17
2020-08-15,San Mateo,081,765935,7762,6860,7,6867,118
2020-08-15,Santa Barbara,083,443738,7699,7338,67,7405,79
2020-08-15,Santa Clara,085,1922200,16399,14105,34,14139,183
2020-08-15,Santa Cruz,087,273765,1660,1449,12,1461,6
2020-08-15,Shasta,089,179085,573,458,3,461,9
2020-08-15,Sierra,091,2930,6,6,0,6,0
2020-08-15,Siskiyou,093,43540,117,100,0,100,0
2020-08-15,Solano,095,438530,5014,4477,30,4507,31
2020-08-15,Sonoma,097,501317,5008,4134,17,4151,45
2020-08-15,Stanislaus,099,539301,14000,12541,185,12726,149
2020-08-15,Sutter,101,95872,1167,1046,1,1047,8
2020-08-15,Tehama,103,63373,362,312,2,314,1
2020-08-15,Trinity,105,12862,36,6,6,12,0
2020-08-15,Tulare,107,460477,13440,12262,40,12302,211
2020-08-15,Tuolumne,109,53932,172,155,5,160,1
2020-08-15,Ventura,111,848112,10293,9379,49,9428,89
2020-08-15,Yolo,113,214977,2235,2031,4,2035,46
2020-08-15,Yuba,115,75493,731,623,2,625,1
2020-08-14,Alameda,001,1643700,16743,14909,114,15023,221
2020-08-14,Alpine,003,1148,2,2,0,2,0
2020-08-14,Amador,005,37829,259,209,0,209,9
2020-08-14,Butte,007,227075,1557,1384,41,1425,15
2020-08-14,Calaveras,009,45235,193,165,0,165,1
2020-08-14,Colusa,011,21464,426,399,0,399,5
2020-08-14,Contra Costa,013,1133247,12884,10893,41,10934,137
2020-08-14,Del Norte,015,27424,103,76,0,76,0
2020-08-14,El Dorado,017,186661,935,827,7,834,2
2020-08-14,Fresno,019,978130,25361,19900,251,20151,208
2020-08-14,Glenn,021,27897,420,395,0,395,2
2020-08-14,Humboldt,023,135768,340,294,1,295,4
2020-08-14,Imperial,025,180216,10895,8756,7,8763,185
2020-08-14,Inyo,027,18085,148,115,2,117,1
2020-08-14,Kern,029,883053,28221,25893,169,26062,249
2020-08-14,Kings,031,150075,5692,4953,25,4978,56
2020-08-14,Lake,033,64148,290,267,0,267,2
2020-08-14,Lassen,035,31185,711,665,2,667,0
2020-08-14,Los Angeles,037,10098052,226752,219083,834,219917,5222
2020-08-14,Madera,039,155013,3500,2876,20,2896,26
2020-08-14,Marin,041,260295,5872,5601,12,5613,46
2020-08-14,Mariposa,043,17540,70,61,0,61,2
2020-08-14,Mendocino,045,87422,512,432,0,432,8
2020-08-14,Merced,047,269075,7253,6466,4,6470,67
2020-08-14,Modoc,049,8938,7,5,0,5,0
2020-08-14,Mono,051,14174,162,126,3,129,1
2020-08-14,Monterey,053,433212,7057,6121,19,6140,41
2020-08-14,Napa,055,140530,1342,1230,3,1233,10
2020-08-14,Nevada,057,99092,404,377,13,390,2
2020-08-14,Orange,059,3164182,47696,42399,1020,43419,798
2020-08-14,Placer,061,380077,2775,2546,4,2550,26
2020-08-14,Plumas,063,18699,38,33,0,33,0
2020-08-14,Riverside,065,2383286,50348,46456,50,46506,891
2020-08-14,Sacramento,067,1510023,16053,13645,14,13659,212
2020-08-14,San Benito,069,59416,899,783,0,783,2
2020-08-14,San Bernardino,071,2135413,45821,40442,241,40683,594
2020-08-14,San Diego,073,3302833,36214,34067,177,34244,622
2020-08-14,San Francisco,075,870044,8662,7467,8,7475,69
2020-08-14,San Joaquin,077,732212,17008,14925,27,14952,276
2020-08-14,San Luis Obispo,079,281455,2733,2422,11,2433,17
2020-08-14,San Mateo,081,765935,7703,6655,7,6662,118
2020-08-14,Santa Barbara,083,443738,7649,7302,67,7369,77
2020-08-14,Santa Clara,085,1922200,16229,13785,33,13818,183
2020-08-14,Santa Cruz,087,273765,1638,1418,11,1429,6
2020-08-14,Shasta,089,179085,568,446,3,449,9
2020-08-14,Sierra,091,2930,6,5,0,5,0
2020-08-14,Siskiyou,093,43540,117,98,0,98,0
2020-08-14,Solano,095,438530,4993,4421,30,4451,31
2020-08-14,Sonoma,097,501317,4949,4087,14,4101,45
2020-08-14,Stanislaus,099,539301,13922,12379,181,12560,140
2020-08-14,Sutter,101,95872,1159,1039,1,1040,8
2020-08-14,Tehama,103,63373,357,305,2,307,1
2020-08-14,Trinity,105,12862,36,6,6,12,0
2020-08-14,Tulare,107,460477,13363,12009,40,12049,211
2020-08-14,Tuolumne,109,53932,171,155,5,160,1
2020-08-14,Ventura,111,848112,10218,9313,49,9362,89
2020-08-14,Yolo,113,214977,2221,1991,4,1995,45
2020-08-14,Yuba,115,75493,715,606,2,608,1
2020-08-13,Alameda,001,1643700,16462,14385,114,14499,218
2020-08-13,Alpine,003,1148,2,2,0,2,0
2020-08-13,Amador,005,37829,259,198,0,198,8
2020-08-13,Butte,007,227075,1533,1345,41,1386,15
2020-08-13,Calaveras,009,45235,191,162,0,162,1
2020-08-13,Colusa,011,21464,426,395,0,395,5
2020-08-13,Contra Costa,013,1133247,12730,10545,40,10585,136
2020-08-13,Del Norte,015,27424,102,74,0,74,0
2020-08-13,El Dorado,017,186661,930,803,7,810,2
2020-08-13,Fresno,019,978130,25134,19157,245,19402,201
2020-08-13,Glenn,021,27897,416,392,0,392,1
2020-08-13,Humboldt,023,135768,332,281,1,282,4
2020-08-13,Imperial,025,180216,10864,8640,7,8647,170
2020-08-13,Inyo,027,18085,144,97,2,99,1
2020-08-13,Kern,029,883053,28054,25472,166,25638,242
2020-08-13,Kings,031,150075,5657,4824,25,4849,52
2020-08-13,Lake,033,64148,285,263,0,263,2
2020-08-13,Lassen,035,31185,711,652,2,654,0
2020-08-13,Los Angeles,037,10098052,225372,216497,812,217309,5179
2020-08-13,Madera,039,155013,3456,2675,19,2694,25
2020-08-13,Marin,041,260295,5856,5503,12,5515,44
2020-08-13,Mariposa,043,17540,69,61,0,61,2
2020-08-13,Mendocino,045,87422,507,401,0,401,8
2020-08-13,Merced,047,269075,7136,5945,4,5949,63
2020-08-13,Modoc,049,8938,7,5,0,5,0
2020-08-13,Mono,051,14174,162,124,3,127,1
2020-08-13,Monterey,053,433212,6974,5925,19,5944,38
2020-08-13,Napa,055,140530,1333,1179,3,1182,10
2020-08-13,Nevada,057,99092,400,362,13,375,1
2020-08-13,Orange,059,3164182,47457,42019,1008,43027,773
2020-08-13,Placer,061,380077,2752,2460,4,2464,26
2020-08-13,Plumas,063,18699,38,32,0,32,0
2020-08-13,Riverside,065,2383286,50052,45327,50,45377,885
2020-08-13,Sacramento,067,1510023,15849,13237,14,13251,197
2020-08-13,San Benito,069,59416,870,757,0,757,2
2020-08-13,San Bernardino,071,2135413,45424,39395,234,39629,591
2020-08-13,San Diego,073,3302833,35978,33661,159,33820,627
2020-08-13,San Francisco,075,870044,8568,7277,8,7285,69
2020-08-13,San Joaquin,077,732212,16852,14537,26,14563,261
2020-08-13,San Luis Obispo,079,281455,2711,2283,11,2294,16
2020-08-13,San Mateo,081,765935,7641,6503,7,6510,117
2020-08-13,Santa Barbara,083,443738,7604,7129,66,7195,74
2020-08-13,Santa Clara,085,1922200,16007,13257,33,13290,182
2020-08-13,Santa Cruz,087,273765,1613,1383,11,1394,6
2020-08-13,Shasta,089,179085,563,428,3,431,9
2020-08-13,Sierra,091,2930,6,5,0,5,0
2020-08-13,Siskiyou,093,43540,117,95,0,95,0
2020-08-13,Solano,095,438530,4956,4305,30,4335,31
2020-08-13,Sonoma,097,501317,4875,3902,14,3916,45
2020-08-13,Stanislaus,099,539301,13793,11953,165,12118,136
2020-08-13,Sutter,101,95872,1138,992,1,993,8
2020-08-13,Tehama,103,63373,348,302,2,304,1
2020-08-13,Trinity,105,12862,35,6,6,12,0
2020-08-13,Tulare,107,460477,13219,11692,37,11729,210
2020-08-13,Tuolumne,109,53932,170,152,5,157,1
2020-08-13,Ventura,111,848112,10129,9114,49,9163,90
2020-08-13,Yolo,113,214977,2194,1938,4,1942,44
2020-08-13,Yuba,115,75493,699,568,2,570,1
2020-08-12,Alameda,001,1643700,16250,14214,114,14328,215
2020-08-12,Alpine,003,1148,2,2,0,2,0
2020-08-12,Amador,005,37829,256,197,0,197,8
2020-08-12,Butte,007,227075,1505,1317,41,1358,15
2020-08-12,Calaveras,009,45235,188,157,0,157,1
2020-08-12,Colusa,011,21464,421,394,0,394,5
2020-08-12,Contra Costa,013,1133247,12585,10304,39,10343,134
2020-08-12,Del Norte,015,27424,101,74,0,74,0
2020-08-12,El Dorado,017,186661,912,794,7,801,2
2020-08-12,Fresno,019,978130,24903,18690,239,18929,194
2020-08-12,Glenn,021,27897,413,388,0,388,1
2020-08-12,Humboldt,023,135768,325,281,1,282,4
2020-08-12,Imperial,025,180216,10841,8566,7,8573,167
2020-08-12,Inyo,027,18085,127,97,2,99,1
2020-08-12,Kern,029,883053,27862,25191,164,25355,232
2020-08-12,Kings,031,150075,5618,4736,25,4761,50
2020-08-12,Lake,033,64148,283,253,0,253,2
2020-08-12,Lassen,035,31185,710,651,2,653,0
2020-08-12,Los Angeles,037,10098052,223973,214542,796,215338,5119
2020-08-12,Madera,039,155013,3422,2681,17,2698,23
2020-08-12,Marin,041,260295,5834,5423,12,5435,44
2020-08-12,Mariposa,043,17540,69,61,0,61,2
2020-08-12,Mendocino,045,87422,488,386,0,386,9
2020-08-12,Merced,047,269075,7074,5777,4,5781,66
2020-08-12,Modoc,049,8938,7,5,0,5,0
2020-08-12,Mono,051,14174,161,124,3,127,1
2020-08-12,Monterey,053,433212,6870,5919,19,5938,38
2020-08-12,Napa,055,140530,1323,1161,3,1164,10
2020-08-12,Nevada,057,99092,395,357,13,370,1
2020-08-12,Orange,059,3164182,47206,41576,984,42560,754
2020-08-12,Placer,061,380077,2720,2417,4,2421,25
2020-08-12,Plumas,063,18699,38,31,0,31,0
2020-08-12,Riverside,065,2383286,49704,44747,50,44797,867
2020-08-12,Sacramento,067,1510023,15637,12528,14,12542,189
2020-08-12,San Benito,069,59416,857,751,0,751,2
2020-08-12,San Bernardino,071,2135413,45081,38811,225,39036,589
2020-08-12,San Diego,073,3302833,35769,33395,139,33534,608
2020-08-12,San Francisco,075,870044,8485,7194,8,7202,66
2020-08-12,San Joaquin,077,732212,16704,14154,26,14180,253
2020-08-12,San Luis Obispo,079,281455,2686,2263,11,2274,15
2020-08-12,San Mateo,081,765935,7562,6427,7,6434,117
2020-08-12,Santa Barbara,083,443738,7544,7049,64,7113,74
2020-08-12,Santa Clara,085,1922200,15832,13002,33,13035,182
2020-08-12,Santa Cruz,087,273765,1584,1382,10,1392,6
2020-08-12,Shasta,089,179085,559,417,3,420,9
2020-08-12,Sierra,091,2930,5,4,0,4,0
2020-08-12,Siskiyou,093,43540,116,90,0,90,0
2020-08-12,Solano,095,438530,4911,4258,30,4288,31
2020-08-12,Sonoma,097,501317,4801,3847,14,3861,47
2020-08-12,Stanislaus,099,539301,13653,11682,158,11840,136
2020-08-12,Sutter,101,95872,1114,987,1,988,7
2020-08-12,Tehama,103,63373,338,289,2,291,1
2020-08-12,Trinity,105,12862,34,6,6,12,0
2020-08-12,Tulare,107,460477,13091,11460,37,11497,211
2020-08-12,Tuolumne,109,53932,169,150,5,155,1
2020-08-12,Ventura,111,848112,10042,9005,49,9054,87
2020-08-12,Yolo,113,214977,2170,1921,4,1925,44
2020-08-12,Yuba,115,75493,677,549,1,550,1
2020-08-11,Alameda,001,1643700,15989,13960,111,14071,204
2020-08-11,Alpine,003,1148,2,2,0,2,0
2020-08-11,Amador,005,37829,250,187,0,187,3
2020-08-11,Butte,007,227075,1477,1296,41,1337,15
2020-08-11,Calaveras,009,45235,186,161,0,161,1
2020-08-11,Colusa,011,21464,416,390,0,390,5
2020-08-11,Contra Costa,013,1133247,12397,10012,37,10049,131
2020-08-11,Del Norte,015,27424,100,73,0,73,0
2020-08-11,El Dorado,017,186661,905,786,6,792,2
2020-08-11,Fresno,019,978130,24581,18344,236,18580,187
2020-08-11,Glenn,021,27897,411,380,0,380,1
2020-08-11,Humboldt,023,135768,320,283,1,284,4
2020-08-11,Imperial,025,180216,10786,8518,7,8525,165
2020-08-11,Inyo,027,18085,122,97,2,99,1
2020-08-11,Kern,029,883053,27527,25042,162,25204,230
2020-08-11,Kings,031,150075,5427,4696,25,4721,50
2020-08-11,Lake,033,64148,280,243,0,243,2
2020-08-11,Lassen,035,31185,704,605,2,607,0
2020-08-11,Los Angeles,037,10098052,222473,212421,772,213193,5065
2020-08-11,Madera,039,155013,3368,2673,17,2690,22
2020-08-11,Marin,041,260295,5807,5287,11,5298,44
2020-08-11,Mariposa,043,17540,68,60,0,60,2
2020-08-11,Mendocino,045,87422,478,385,0,385,9
2020-08-11,Merced,047,269075,6979,5322,3,5325,65
2020-08-11,Modoc,049,8938,7,5,0,5,0
2020-08-11,Mono,051,14174,161,124,3,127,1
2020-08-11,Monterey,053,433212,6761,5624,19,5643,36
2020-08-11,Napa,055,140530,1312,1143,2,1145,11
2020-08-11,Nevada,057,99092,392,358,13,371,1
2020-08-11,Orange,059,3164182,46984,41205,963,42168,742
2020-08-11,Placer,061,380077,2688,2393,4,2397,24
2020-08-11,Plumas,063,18699,38,31,0,31,0
2020-08-11,Riverside,065,2383286,49347,44237,50,44287,836
2020-08-11,Sacramento,067,1510023,15346,12298,14,12312,182
2020-08-11,San Benito,069,59416,845,750,0,750,2
2020-08-11,San Bernardino,071,2135413,44741,38467,218,38685,584
2020-08-11,San Diego,073,3302833,35502,33159,120,33279,602
2020-08-11,San Francisco,075,870044,8389,6988,8,6996,66
2020-08-11,San Joaquin,077,732212,16526,13997,21,14018,251
2020-08-11,San Luis Obispo,079,281455,2629,2234,11,2245,15
2020-08-11,San Mateo,081,765935,7488,6339,7,6346,117
2020-08-11,Santa Barbara,083,443738,7495,6942,64,7006,70
2020-08-11,Santa Clara,085,1922200,15611,12920,33,12953,183
2020-08-11,Santa Cruz,087,273765,1561,1352,10,1362,4
2020-08-11,Shasta,089,179085,555,416,3,419,9
2020-08-11,Sierra,091,2930,5,4,0,4,0
2020-08-11,Siskiyou,093,43540,116,90,0,90,0
2020-08-11,Solano,095,438530,4863,4206,29,4235,31
2020-08-11,Sonoma,097,501317,4706,3752,14,3766,45
2020-08-11,Stanislaus,099,539301,13549,11592,146,11738,128
2020-08-11,Sutter,101,95872,1092,964,1,965,7
2020-08-11,Tehama,103,63373,334,289,2,291,1
2020-08-11,Trinity,105,12862,34,5,6,11,0
2020-08-11,Tulare,107,460477,12966,11392,36,11428,201
2020-08-11,Tuolumne,109,53932,165,146,5,151,1
2020-08-11,Ventura,111,848112,9974,8953,48,9001,88
2020-08-11,Yolo,113,214977,2148,1912,4,1916,44
2020-08-11,Yuba,115,75493,666,540,1,541,1
2020-08-10,Alameda,001,1643700,15749,13420,109,13529,203
2020-08-10,Alpine,003,1148,2,2,0,2,0
2020-08-10,Amador,005,37829,249,172,0,172,2
2020-08-10,Butte,007,227075,1453,1174,39,1213,15
2020-08-10,Calaveras,009,45235,175,121,0,121,1
2020-08-10,Colusa,011,21464,414,387,0,387,4
2020-08-10,Contra Costa,013,1133247,12243,9454,35,9489,130
2020-08-10,Del Norte,015,27424,98,69,0,69,0
2020-08-10,El Dorado,017,186661,893,771,6,777,2
2020-08-10,Fresno,019,978130,24300,17978,236,18214,183
2020-08-10,Glenn,021,27897,408,381,0,381,1
2020-08-10,Humboldt,023,135768,314,277,1,278,4
2020-08-10,Imperial,025,180216,10742,8465,7,8472,165
2020-08-10,Inyo,027,18085,122,97,2,99,1
2020-08-10,Kern,029,883053,27301,24499,161,24660,215
2020-08-10,Kings,031,150075,5321,4588,25,4613,50
2020-08-10,Lake,033,64148,273,239,0,239,2
2020-08-10,Lassen,035,31185,704,588,2,590,0
2020-08-10,Los Angeles,037,10098052,220895,211035,754,211789,5003
2020-08-10,Madera,039,155013,3335,2365,17,2382,22
2020-08-10,Marin,041,260295,5762,5242,10,5252,44
2020-08-10,Mariposa,043,17540,68,57,0,57,2
2020-08-10,Mendocino,045,87422,454,364,0,364,1
2020-08-10,Merced,047,269075,6897,4913,3,4916,51
2020-08-10,Modoc,049,8938,7,5,0,5,0
2020-08-10,Mono,051,14174,161,123,3,126,1
2020-08-10,Monterey,053,433212,6651,5358,19,5377,34
2020-08-10,Napa,055,140530,1294,1084,2,1086,8
2020-08-10,Nevada,057,99092,384,356,13,369,1
2020-08-10,Orange,059,3164182,46714,40445,945,41390,721
2020-08-10,Placer,061,380077,2649,2298,4,2302,21
2020-08-10,Plumas,063,18699,38,27,0,27,0
2020-08-10,Riverside,065,2383286,48962,43296,49,43345,830
2020-08-10,Sacramento,067,1510023,15035,12059,14,12073,168
2020-08-10,San Benito,069,59416,832,743,0,743,2
2020-08-10,San Bernardino,071,2135413,44365,37367,209,37576,579
2020-08-10,San Diego,073,3302833,35236,32977,104,33081,594
2020-08-10,San Francisco,075,870044,8299,6816,7,6823,66
2020-08-10,San Joaquin,077,732212,16342,13308,21,13329,240
2020-08-10,San Luis Obispo,079,281455,2530,2208,11,2219,15
2020-08-10,San Mateo,081,765935,7411,6222,7,6229,117
2020-08-10,Santa Barbara,083,443738,7440,6869,64,6933,66
2020-08-10,Santa Clara,085,1922200,15351,12615,32,12647,182
2020-08-10,Santa Cruz,087,273765,1541,1239,9,1248,4
2020-08-10,Shasta,089,179085,551,384,3,387,9
2020-08-10,Sierra,091,2930,5,3,0,3,0
2020-08-10,Siskiyou,093,43540,113,88,0,88,0
2020-08-10,Solano,095,438530,4803,4101,29,4130,31
2020-08-10,Sonoma,097,501317,4537,3640,10,3650,42
2020-08-10,Stanislaus,099,539301,13366,10855,130,10985,106
2020-08-10,Sutter,101,95872,1067,865,1,866,7
2020-08-10,Tehama,103,63373,327,282,2,284,1
2020-08-10,Trinity,105,12862,31,5,6,11,0
2020-08-10,Tulare,107,460477,12793,10750,34,10784,194
2020-08-10,Tuolumne,109,53932,165,143,4,147,1
2020-08-10,Ventura,111,848112,9890,8851,47,8898,85
2020-08-10,Yolo,113,214977,2125,1840,4,1844,45
2020-08-10,Yuba,115,75493,649,527,1,528,1
2020-08-09,Alameda,001,1643700,15467,13241,107,13348,203
2020-08-09,Alpine,003,1148,2,2,0,2,0
2020-08-09,Amador,005,37829,244,153,0,153,2
2020-08-09,Butte,007,227075,1410,1155,39,1194,15
2020-08-09,Calaveras,009,45235,170,122,0,122,1
2020-08-09,Colusa,011,21464,410,371,0,371,4
2020-08-09,Contra Costa,013,1133247,12015,9214,34,9248,130
2020-08-09,Del Norte,015,27424,98,69,0,69,0
2020-08-09,El Dorado,017,186661,885,748,6,754,2
2020-08-09,Fresno,019,978130,23989,17846,232,18078,183
2020-08-09,Glenn,021,27897,406,354,0,354,1
2020-08-09,Humboldt,023,135768,308,279,1,280,4
2020-08-09,Imperial,025,180216,10699,8310,6,8316,165
2020-08-09,Inyo,027,18085,117,86,1,87,1
2020-08-09,Kern,029,883053,27045,23680,161,23841,215
2020-08-09,Kings,031,150075,5278,4446,24,4470,50
2020-08-09,Lake,033,64148,266,225,0,225,2
2020-08-09,Lassen,035,31185,698,589,2,591,0
2020-08-09,Los Angeles,037,10098052,218833,208810,732,209542,4984
2020-08-09,Madera,039,155013,3277,2322,13,2335,22
2020-08-09,Marin,041,260295,5719,5204,10,5214,44
2020-08-09,Mariposa,043,17540,66,56,0,56,2
2020-08-09,Mendocino,045,87422,444,283,0,283,1
2020-08-09,Merced,047,269075,6800,4735,2,4737,51
2020-08-09,Modoc,049,8938,7,4,0,4,0
2020-08-09,Mono,051,14174,160,113,3,116,1
2020-08-09,Monterey,053,433212,6527,5199,19,5218,34
2020-08-09,Napa,055,140530,1275,1062,2,1064,8
2020-08-09,Nevada,057,99092,376,332,13,345,1
2020-08-09,Orange,059,3164182,46415,39244,930,40174,722
2020-08-09,Placer,061,380077,2620,2211,4,2215,20
2020-08-09,Plumas,063,18699,38,27,0,27,0
2020-08-09,Riverside,065,2383286,48615,41894,49,41943,828
2020-08-09,Sacramento,067,1510023,14756,11301,14,11315,167
2020-08-09,San Benito,069,59416,813,687,0,687,2
2020-08-09,San Bernardino,071,2135413,43888,36092,209,36301,579
2020-08-09,San Diego,073,3302833,34945,32749,93,32842,594
2020-08-09,San Francisco,075,870044,8184,6820,7,6827,66
2020-08-09,San Joaquin,077,732212,16137,12933,20,12953,240
2020-08-09,San Luis Obispo,079,281455,2494,2124,11,2135,15
2020-08-09,San Mateo,081,765935,7316,6094,7,6101,117
2020-08-09,Santa Barbara,083,443738,7352,6669,64,6733,66
2020-08-09,Santa Clara,085,1922200,15081,11878,32,11910,181
2020-08-09,Santa Cruz,087,273765,1517,1246,9,1255,4
2020-08-09,Shasta,089,179085,547,361,3,364,9
2020-08-09,Sierra,091,2930,5,3,0,3,0
2020-08-09,Siskiyou,093,43540,112,74,0,74,0
2020-08-09,Solano,095,438530,4750,3954,28,3982,31
2020-08-09,Sonoma,097,501317,4401,3531,8,3539,41
2020-08-09,Stanislaus,099,539301,13158,10264,117,10381,106
2020-08-09,Sutter,101,95872,1033,857,1,858,7
2020-08-09,Tehama,103,63373,319,265,2,267,1
2020-08-09,Trinity,105,12862,31,5,6,11,0
2020-08-09,Tulare,107,460477,12603,10630,31,10661,194
2020-08-09,Tuolumne,109,53932,161,143,4,147,1
2020-08-09,Ventura,111,848112,9742,8633,46,8679,85
2020-08-09,Yolo,113,214977,2094,1765,4,1769,44
2020-08-09,Yuba,115,75493,629,442,1,443,1
2020-08-08,Alameda,001,1643700,15357,13087,107,13194,204
2020-08-08,Alpine,003,1148,2,2,0,2,0
2020-08-08,Amador,005,37829,244,139,0,139,2
2020-08-08,Butte,007,227075,1392,1140,39,1179,15
2020-08-08,Calaveras,009,45235,169,122,0,122,1
2020-08-08,Colusa,011,21464,409,368,0,368,4
2020-08-08,Contra Costa,013,1133247,11906,9104,34,9138,129
2020-08-08,Del Norte,015,27424,97,69,0,69,0
2020-08-08,El Dorado,017,186661,878,734,6,740,2
2020-08-08,Fresno,019,978130,23852,17538,230,17768,183
2020-08-08,Glenn,021,27897,406,344,0,344,1
2020-08-08,Humboldt,023,135768,305,277,1,278,4
2020-08-08,Imperial,025,180216,10684,8213,6,8219,165
2020-08-08,Inyo,027,18085,113,86,1,87,1
2020-08-08,Kern,029,883053,26931,22803,161,22964,215
2020-08-08,Kings,031,150075,5264,4367,24,4391,49
2020-08-08,Lake,033,64148,264,221,0,221,2
2020-08-08,Lassen,035,31185,698,589,2,591,0
2020-08-08,Los Angeles,037,10098052,217949,206971,721,207692,4974
2020-08-08,Madera,039,155013,3246,2275,13,2288,22
2020-08-08,Marin,041,260295,5699,5118,10,5128,44
2020-08-08,Mariposa,043,17540,65,55,0,55,2
2020-08-08,Mendocino,045,87422,442,264,0,264,1
2020-08-08,Merced,047,269075,6760,4570,2,4572,51
2020-08-08,Modoc,049,8938,7,4,0,4,0
2020-08-08,Mono,051,14174,160,113,3,116,1
2020-08-08,Monterey,053,433212,6469,5101,19,5120,33
2020-08-08,Napa,055,140530,1267,1062,2,1064,8
2020-08-08,Nevada,057,99092,374,325,13,338,1
2020-08-08,Orange,059,3164182,46285,38688,921,39609,718
2020-08-08,Placer,061,380077,2604,2153,4,2157,20
2020-08-08,Plumas,063,18699,38,27,0,27,0
2020-08-08,Riverside,065,2383286,48410,41412,49,41461,823
2020-08-08,Sacramento,067,1510023,14626,11144,14,11158,166
2020-08-08,San Benito,069,59416,805,684,0,684,2
2020-08-08,San Bernardino,071,2135413,43694,35691,208,35899,531
2020-08-08,San Diego,073,3302833,34756,32332,84,32416,593
2020-08-08,San Francisco,075,870044,8118,6820,7,6827,66
2020-08-08,San Joaquin,077,732212,16057,12559,19,12578,240
2020-08-08,San Luis Obispo,079,281455,2471,2081,11,2092,15
2020-08-08,San Mateo,081,765935,7258,6021,7,6028,117
2020-08-08,Santa Barbara,083,443738,7314,6598,64,6662,66
2020-08-08,Santa Clara,085,1922200,14929,11615,32,11647,181
2020-08-08,Santa Cruz,087,273765,1503,1247,9,1256,4
2020-08-08,Shasta,089,179085,545,343,3,346,9
2020-08-08,Sierra,091,2930,5,3,0,3,0
2020-08-08,Siskiyou,093,43540,112,73,0,73,0
2020-08-08,Solano,095,438530,4729,3889,27,3916,31
2020-08-08,Sonoma,097,501317,4370,3399,8,3407,41
2020-08-08,Stanislaus,099,539301,13083,9963,112,10075,105
2020-08-08,Sutter,101,95872,1023,830,1,831,7
2020-08-08,Tehama,103,63373,318,251,2,253,1
2020-08-08,Trinity,105,12862,31,5,6,11,0
2020-08-08,Tulare,107,460477,12528,10505,31,10536,192
2020-08-08,Tuolumne,109,53932,161,143,4,147,1
2020-08-08,Ventura,111,848112,9687,8462,45,8507,85
2020-08-08,Yolo,113,214977,2081,1725,4,1729,44
2020-08-08,Yuba,115,75493,620,430,1,431,1
2020-08-07,Alameda,001,1643700,15247,12805,107,12912,204
2020-08-07,Alpine,003,1148,2,2,0,2,0
2020-08-07,Amador,005,37829,242,125,0,125,2
2020-08-07,Butte,007,227075,1374,1092,39,1131,13
2020-08-07,Calaveras,009,45235,169,119,0,119,1
2020-08-07,Colusa,011,21464,408,358,0,358,4
2020-08-07,Contra Costa,013,1133247,11758,8810,34,8844,126
2020-08-07,Del Norte,015,27424,97,69,0,69,0
2020-08-07,El Dorado,017,186661,873,724,6,730,2
2020-08-07,Fresno,019,978130,23692,17290,230,17520,171
2020-08-07,Glenn,021,27897,405,339,0,339,1
2020-08-07,Humboldt,023,135768,301,274,1,275,4
2020-08-07,Imperial,025,180216,10659,8085,6,8091,164
2020-08-07,Inyo,027,18085,112,81,1,82,1
2020-08-07,Kern,029,883053,26805,22143,159,22302,206
2020-08-07,Kings,031,150075,5247,4315,24,4339,48
2020-08-07,Lake,033,64148,262,215,0,215,1
2020-08-07,Lassen,035,31185,697,588,2,590,0
2020-08-07,Los Angeles,037,10098052,216482,204406,710,205116,4924
2020-08-07,Madera,039,155013,3214,2245,13,2258,20
2020-08-07,Marin,041,260295,5670,5094,10,5104,43
2020-08-07,Mariposa,043,17540,65,53,0,53,2
2020-08-07,Mendocino,045,87422,428,262,0,262,1
2020-08-07,Merced,047,269075,6717,4358,2,4360,30
2020-08-07,Modoc,049,8938,7,4,0,4,0
2020-08-07,Mono,051,14174,160,112,3,115,1
2020-08-07,Monterey,053,433212,6394,5041,19,5060,33
2020-08-07,Napa,055,140530,1262,1055,2,1057,8
2020-08-07,Nevada,057,99092,371,324,13,337,1
2020-08-07,Orange,059,3164182,46074,38459,904,39363,701
2020-08-07,Placer,061,380077,2586,2078,4,2082,20
2020-08-07,Plumas,063,18699,38,25,0,25,0
2020-08-07,Riverside,065,2383286,48146,40902,48,40950,810
2020-08-07,Sacramento,067,1510023,14481,10798,14,10812,160
2020-08-07,San Benito,069,59416,799,647,0,647,2
2020-08-07,San Bernardino,071,2135413,43447,35200,207,35407,524
2020-08-07,San Diego,073,3302833,34571,31781,81,31862,586
2020-08-07,San Francisco,075,870044,8040,6765,7,6772,66
2020-08-07,San Joaquin,077,732212,15970,12392,19,12411,223
2020-08-07,San Luis Obispo,079,281455,2440,2050,11,2061,14
2020-08-07,San Mateo,081,765935,7198,5948,7,5955,117
2020-08-07,Santa Barbara,083,443738,7263,6509,64,6573,66
2020-08-07,Santa Clara,085,1922200,14730,11409,32,11441,180
2020-08-07,Santa Cruz,087,273765,1485,1234,9,1243,5
2020-08-07,Shasta,089,179085,540,342,3,345,9
2020-08-07,Sierra,091,2930,5,3,0,3,0
2020-08-07,Siskiyou,093,43540,109,73,0,73,0
2020-08-07,Solano,095,438530,4697,3844,26,3870,31
2020-08-07,Sonoma,097,501317,4304,3329,8,3337,34
2020-08-07,Stanislaus,099,539301,12961,9665,102,9767,98
2020-08-07,Sutter,101,95872,1019,807,1,808,6
2020-08-07,Tehama,103,63373,314,246,2,248,1
2020-08-07,Trinity,105,12862,30,5,6,11,0
2020-08-07,Tulare,107,460477,12451,10292,31,10323,195
2020-08-07,Tuolumne,109,53932,160,136,4,140,1
2020-08-07,Ventura,111,848112,9627,8356,43,8399,84
2020-08-07,Yolo,113,214977,2054,1689,4,1693,37
2020-08-07,Yuba,115,75493,615,413,1,414,1
2020-08-06,Alameda,001,1643700,15025,12474,106,12580,200
2020-08-06,Alpine,003,1148,2,2,0,2,0
2020-08-06,Amador,005,37829,228,125,0,125,0
2020-08-06,Butte,007,227075,1355,1060,39,1099,13
2020-08-06,Calaveras,009,45235,166,117,0,117,1
2020-08-06,Colusa,011,21464,405,358,0,358,3
2020-08-06,Contra Costa,013,1133247,11564,8583,33,8616,124
2020-08-06,Del Norte,015,27424,97,69,0,69,0
2020-08-06,El Dorado,017,186661,862,703,6,709,1
2020-08-06,Fresno,019,978130,23395,17031,223,17254,161
2020-08-06,Glenn,021,27897,400,332,0,332,1
2020-08-06,Humboldt,023,135768,296,266,1,267,4
2020-08-06,Imperial,025,180216,10616,8064,6,8070,163
2020-08-06,Inyo,027,18085,104,83,1,84,1
2020-08-06,Kern,029,883053,26569,21843,158,22001,197
2020-08-06,Kings,031,150075,5185,4264,23,4287,47
2020-08-06,Lake,033,64148,259,209,0,209,1
2020-08-06,Lassen,035,31185,695,588,2,590,0
2020-08-06,Los Angeles,037,10098052,214409,201372,694,202066,4874
2020-08-06,Madera,039,155013,3166,2240,12,2252,19
2020-08-06,Marin,041,260295,5638,5058,10,5068,43
2020-08-06,Mariposa,043,17540,64,52,0,52,2
2020-08-06,Mendocino,045,87422,414,260,0,260,1
2020-08-06,Merced,047,269075,6615,4235,2,4237,30
2020-08-06,Modoc,049,8938,7,4,0,4,0
2020-08-06,Mono,051,14174,159,111,3,114,1
2020-08-06,Monterey,053,433212,6285,5001,18,5019,33
2020-08-06,Napa,055,140530,1248,1032,2,1034,8
2020-08-06,Nevada,057,99092,366,321,13,334,1
2020-08-06,Orange,059,3164182,45782,38399,899,39298,694
2020-08-06,Placer,061,380077,2560,2045,4,2049,20
2020-08-06,Plumas,063,18699,37,25,0,25,0
2020-08-06,Riverside,065,2383286,47752,40269,48,40317,781
2020-08-06,Sacramento,067,1510023,14253,10548,14,10562,153
2020-08-06,San Benito,069,59416,791,626,0,626,2
2020-08-06,San Bernardino,071,2135413,43042,34819,205,35024,516
2020-08-06,San Diego,073,3302833,34304,31129,74,31203,583
2020-08-06,San Francisco,075,870044,7947,6737,6,6743,60
2020-08-06,San Joaquin,077,732212,15811,12269,19,12288,203
2020-08-06,San Luis Obispo,079,281455,2416,2000,10,2010,13
2020-08-06,San Mateo,081,765935,7098,5885,7,5892,117
2020-08-06,Santa Barbara,083,443738,7203,6620,64,6684,65
2020-08-06,Santa Clara,085,1922200,14501,11280,32,11312,178
2020-08-06,Santa Cruz,087,273765,1464,1215,9,1224,4
2020-08-06,Shasta,089,179085,531,343,3,346,9
2020-08-06,Sierra,091,2930,5,3,0,3,0
2020-08-06,Siskiyou,093,43540,109,73,0,73,0
2020-08-06,Solano,095,438530,4653,3784,26,3810,29
2020-08-06,Sonoma,097,501317,4240,3259,8,3267,33
2020-08-06,Stanislaus,099,539301,12811,9566,86,9652,98
2020-08-06,Sutter,101,95872,988,797,1,798,6
2020-08-06,Tehama,103,63373,311,242,2,244,1
2020-08-06,Trinity,105,12862,27,5,6,11,0
2020-08-06,Tulare,107,460477,12291,10169,31,10200,195
2020-08-06,Tuolumne,109,53932,159,136,4,140,1
2020-08-06,Ventura,111,848112,9512,8245,40,8285,80
2020-08-06,Yolo,113,214977,2030,1662,4,1666,36
2020-08-06,Yuba,115,75493,606,407,0,407,1
2020-08-05,Alameda,001,1643700,14809,12140,106,12246,193
2020-08-05,Alpine,003,1148,2,2,0,2,0
2020-08-05,Amador,005,37829,218,123,0,123,0
2020-08-05,Butte,007,227075,1322,1038,37,1075,13
2020-08-05,Calaveras,009,45235,163,116,0,116,1
2020-08-05,Colusa,011,21464,401,354,0,354,3
2020-08-05,Contra Costa,013,1133247,11395,8362,33,8395,122
2020-08-05,Del Norte,015,27424,96,69,0,69,0
2020-08-05,El Dorado,017,186661,854,692,6,698,1
2020-08-05,Fresno,019,978130,23151,16625,218,16843,159
2020-08-05,Glenn,021,27897,397,330,0,330,1
2020-08-05,Humboldt,023,135768,294,249,1,250,4
2020-08-05,Imperial,025,180216,10581,8036,6,8042,163
2020-08-05,Inyo,027,18085,102,62,1,63,1
2020-08-05,Kern,029,883053,26381,21540,153,21693,194
2020-08-05,Kings,031,150075,5140,4192,22,4214,47
2020-08-05,Lake,033,64148,252,209,0,209,1
2020-08-05,Lassen,035,31185,648,557,2,559,0
2020-08-05,Los Angeles,037,10098052,212488,198355,674,199029,4832
2020-08-05,Madera,039,155013,3124,2172,12,2184,19
2020-08-05,Marin,041,260295,5606,5036,10,5046,43
2020-08-05,Mariposa,043,17540,64,52,0,52,2
2020-08-05,Mendocino,045,87422,402,248,0,248,1
2020-08-05,Merced,047,269075,6480,4119,2,4121,30
2020-08-05,Modoc,049,8938,7,3,0,3,0
2020-08-05,Mono,051,14174,159,104,3,107,1
2020-08-05,Monterey,053,433212,6170,4936,18,4954,32
2020-08-05,Napa,055,140530,1236,1020,2,1022,8
2020-08-05,Nevada,057,99092,357,327,13,340,2
2020-08-05,Orange,059,3164182,45473,37907,891,38798,663
2020-08-05,Placer,061,380077,2519,1989,4,1993,18
2020-08-05,Plumas,063,18699,36,25,0,25,0
2020-08-05,Riverside,065,2383286,47358,39454,46,39500,761
2020-08-05,Sacramento,067,1510023,14035,10261,13,10274,151
2020-08-05,San Benito,069,59416,782,613,0,613,2
2020-08-05,San Bernardino,071,2135413,42580,34442,200,34642,504
2020-08-05,San Diego,073,3302833,34080,30866,58,30924,578
2020-08-05,San Francisco,075,870044,7854,6701,6,6707,60
2020-08-05,San Joaquin,077,732212,15650,12148,19,12167,199
2020-08-05,San Luis Obispo,079,281455,2392,1928,10,1938,13
2020-08-05,San Mateo,081,765935,7003,5695,7,5702,116
2020-08-05,Santa Barbara,083,443738,7143,6597,64,6661,63
2020-08-05,Santa Clara,085,1922200,14267,11074,32,11106,176
2020-08-05,Santa Cruz,087,273765,1444,1192,7,1199,4
2020-08-05,Shasta,089,179085,525,338,3,341,9
2020-08-05,Sierra,091,2930,5,3,0,3,0
2020-08-05,Siskiyou,093,43540,105,72,0,72,0
2020-08-05,Solano,095,438530,4602,3750,25,3775,29
2020-08-05,Sonoma,097,501317,4157,3173,8,3181,33
2020-08-05,Stanislaus,099,539301,12652,9408,81,9489,97
2020-08-05,Sutter,101,95872,977,780,1,781,6
2020-08-05,Tehama,103,63373,308,231,2,233,1
2020-08-05,Trinity,105,12862,27,5,6,11,0
2020-08-05,Tulare,107,460477,12150,9924,31,9955,192
2020-08-05,Tuolumne,109,53932,159,137,4,141,0
2020-08-05,Ventura,111,848112,9396,8162,36,8198,75
2020-08-05,Yolo,113,214977,2002,1634,4,1638,36
2020-08-05,Yuba,115,75493,589,400,0,400,1
2020-08-04,Alameda,001,1643700,14592,11983,105,12088,192
2020-08-04,Alpine,003,1148,2,2,0,2,0
2020-08-04,Amador,005,37829,203,123,0,123,0
2020-08-04,Butte,007,227075,1298,1011,36,1047,10
2020-08-04,Calaveras,009,45235,159,116,0,116,1
2020-08-04,Colusa,011,21464,396,354,0,354,3
2020-08-04,Contra Costa,013,1133247,11228,8210,33,8243,122
2020-08-04,Del Norte,015,27424,94,69,0,69,0
2020-08-04,El Dorado,017,186661,844,668,6,674,1
2020-08-04,Fresno,019,978130,22865,16272,211,16483,154
2020-08-04,Glenn,021,27897,396,325,0,325,1
2020-08-04,Humboldt,023,135768,284,241,1,242,4
2020-08-04,Imperial,025,180216,10544,7974,6,7980,163
2020-08-04,Inyo,027,18085,88,59,1,60,1
2020-08-04,Kern,029,883053,26098,21403,153,21556,190
2020-08-04,Kings,031,150075,5075,4163,22,4185,47
2020-08-04,Lake,033,64148,252,206,0,206,1
2020-08-04,Lassen,035,31185,645,556,2,558,0
2020-08-04,Los Angeles,037,10098052,210547,196014,648,196662,4764
2020-08-04,Madera,039,155013,3081,2161,8,2169,19
2020-08-04,Marin,041,260295,5575,5020,9,5029,43
2020-08-04,Mariposa,043,17540,64,51,0,51,2
2020-08-04,Mendocino,045,87422,377,248,0,248,1
2020-08-04,Merced,047,269075,6366,4085,2,4087,30
2020-08-04,Modoc,049,8938,7,3,0,3,0
2020-08-04,Mono,051,14174,158,104,2,106,1
2020-08-04,Monterey,053,433212,6056,4892,18,4910,32
2020-08-04,Napa,055,140530,1223,994,0,994,8
2020-08-04,Nevada,057,99092,356,322,13,335,2
2020-08-04,Orange,059,3164182,45097,37844,885,38729,659
2020-08-04,Placer,061,380077,2482,1964,4,1968,17
2020-08-04,Plumas,063,18699,36,25,0,25,0
2020-08-04,Riverside,065,2383286,46972,38991,45,39036,743
2020-08-04,Sacramento,067,1510023,13816,10205,13,10218,146
2020-08-04,San Benito,069,59416,766,608,0,608,2
2020-08-04,San Bernardino,071,2135413,42030,34215,195,34410,495
2020-08-04,San Diego,073,3302833,33787,30518,46,30564,568
2020-08-04,San Francisco,075,870044,7766,6568,6,6574,60
2020-08-04,San Joaquin,077,732212,15522,12087,16,12103,189
2020-08-04,San Luis Obispo,079,281455,2362,1886,10,1896,13
2020-08-04,San Mateo,081,765935,6897,5690,7,5697,116
2020-08-04,Santa Barbara,083,443738,7083,6591,64,6655,61
2020-08-04,Santa Clara,085,1922200,13965,10986,31,11017,175
2020-08-04,Santa Cruz,087,273765,1425,1202,7,1209,4
2020-08-04,Shasta,089,179085,519,335,3,338,9
2020-08-04,Sierra,091,2930,5,1,0,1,0
2020-08-04,Siskiyou,093,43540,103,71,0,71,0
2020-08-04,Solano,095,438530,4531,3690,25,3715,29
2020-08-04,Sonoma,097,501317,4090,3108,8,3116,33
2020-08-04,Stanislaus,099,539301,12483,9359,74,9433,97
2020-08-04,Sutter,101,95872,963,761,1,762,6
2020-08-04,Tehama,103,63373,301,226,2,228,1
2020-08-04,Trinity,105,12862,27,5,6,11,0
2020-08-04,Tulare,107,460477,11970,9866,31,9897,192
2020-08-04,Tuolumne,109,53932,158,127,4,131,0
2020-08-04,Ventura,111,848112,9282,8134,34,8168,75
2020-08-04,Yolo,113,214977,1976,1626,4,1630,37
2020-08-04,Yuba,115,75493,574,398,0,398,1
2020-08-03,Alameda,001,1643700,14412,11817,102,11919,189
2020-08-03,Alpine,003,1148,2,2,0,2,0
2020-08-03,Amador,005,37829,199,119,0,119,0
2020-08-03,Butte,007,227075,1252,989,33,1022,9
2020-08-03,Calaveras,009,45235,156,117,0,117,1
2020-08-03,Colusa,011,21464,392,336,0,336,2
2020-08-03,Contra Costa,013,1133247,11031,8069,30,8099,120
2020-08-03,Del Norte,015,27424,90,68,0,68,0
2020-08-03,El Dorado,017,186661,833,645,6,651,1
2020-08-03,Fresno,019,978130,22571,15945,205,16150,151
2020-08-03,Glenn,021,27897,389,316,0,316,1
2020-08-03,Humboldt,023,135768,277,234,1,235,4
2020-08-03,Imperial,025,180216,10489,7953,6,7959,161
2020-08-03,Inyo,027,18085,85,57,1,58,1
2020-08-03,Kern,029,883053,25731,21285,146,21431,176
2020-08-03,Kings,031,150075,4963,4107,21,4128,47
2020-08-03,Lake,033,64148,245,201,0,201,1
2020-08-03,Lassen,035,31185,645,555,2,557,0
2020-08-03,Los Angeles,037,10098052,208509,194103,620,194723,4706
2020-08-03,Madera,039,155013,3032,2143,7,2150,18
2020-08-03,Marin,041,260295,5528,5001,9,5010,43
2020-08-03,Mariposa,043,17540,63,52,0,52,2
2020-08-03,Mendocino,045,87422,354,248,0,248,1
2020-08-03,Merced,047,269075,6244,4028,2,4030,29
2020-08-03,Modoc,049,8938,7,2,0,2,0
2020-08-03,Mono,051,14174,158,104,2,106,1
2020-08-03,Monterey,053,433212,5905,4806,15,4821,28
2020-08-03,Napa,055,140530,1209,973,0,973,8
2020-08-03,Nevada,057,99092,352,315,13,328,2
2020-08-03,Orange,059,3164182,44703,37705,875,38580,651
2020-08-03,Placer,061,380077,2426,1947,3,1950,16
2020-08-03,Plumas,063,18699,36,25,0,25,0
2020-08-03,Riverside,065,2383286,46504,38642,45,38687,740
2020-08-03,Sacramento,067,1510023,13621,10143,13,10156,142
2020-08-03,San Benito,069,59416,754,603,0,603,2
2020-08-03,San Bernardino,071,2135413,41505,33979,189,34168,444
2020-08-03,San Diego,073,3302833,33473,30228,36,30264,565
2020-08-03,San Francisco,075,870044,7672,6319,6,6325,60
2020-08-03,San Joaquin,077,732212,15325,12007,15,12022,189
2020-08-03,San Luis Obispo,079,281455,2320,1863,8,1871,14
2020-08-03,San Mateo,081,765935,6816,5661,7,5668,115
2020-08-03,Santa Barbara,083,443738,7039,6580,64,6644,59
2020-08-03,Santa Clara,085,1922200,13688,10747,31,10778,172
2020-08-03,Santa Cruz,087,273765,1405,1154,7,1161,4
2020-08-03,Shasta,089,179085,512,322,3,325,9
2020-08-03,Sierra,091,2930,5,1,0,1,0
2020-08-03,Siskiyou,093,43540,99,67,0,67,0
2020-08-03,Solano,095,438530,4462,3610,24,3634,29
2020-08-03,Sonoma,097,501317,3989,3079,7,3086,33
2020-08-03,Stanislaus,099,539301,12274,9308,66,9374,96
2020-08-03,Sutter,101,95872,939,713,1,714,6
2020-08-03,Tehama,103,63373,293,225,2,227,1
2020-08-03,Trinity,105,12862,27,5,6,11,0
2020-08-03,Tulare,107,460477,11786,9703,31,9734,188
2020-08-03,Tuolumne,109,53932,158,123,4,127,0
2020-08-03,Ventura,111,848112,9191,8084,31,8115,74
2020-08-03,Yolo,113,214977,1941,1598,3,1601,37
2020-08-03,Yuba,115,75493,550,393,0,393,1
2020-08-02,Alameda,001,1643700,14166,11696,90,11786,188
2020-08-02,Alpine,003,1148,2,2,0,2,0
2020-08-02,Amador,005,37829,194,117,0,117,0
2020-08-02,Butte,007,227075,1217,987,32,1019,9
2020-08-02,Calaveras,009,45235,153,116,0,116,1
2020-08-02,Colusa,011,21464,387,335,0,335,2
2020-08-02,Contra Costa,013,1133247,10792,7995,30,8025,118
2020-08-02,Del Norte,015,27424,89,68,0,68,0
2020-08-02,El Dorado,017,186661,823,643,6,649,1
2020-08-02,Fresno,019,978130,22296,15759,199,15958,151
2020-08-02,Glenn,021,27897,388,315,0,315,1
2020-08-02,Humboldt,023,135768,272,232,1,233,4
2020-08-02,Imperial,025,180216,10426,7919,6,7925,157
2020-08-02,Inyo,027,18085,84,45,1,46,1
2020-08-02,Kern,029,883053,25433,21162,144,21306,176
2020-08-02,Kings,031,150075,4901,3964,20,3984,47
2020-08-02,Lake,033,64148,240,201,0,201,1
2020-08-02,Lassen,035,31185,645,555,2,557,0
2020-08-02,Los Angeles,037,10098052,206418,192480,602,193082,4698
2020-08-02,Madera,039,155013,2966,2123,5,2128,18
2020-08-02,Marin,041,260295,5493,4985,9,4994,43
2020-08-02,Mariposa,043,17540,61,52,0,52,2
2020-08-02,Mendocino,045,87422,344,247,0,247,1
2020-08-02,Merced,047,269075,6103,4011,2,4013,29
2020-08-02,Modoc,049,8938,7,2,0,2,0
2020-08-02,Mono,051,14174,151,104,2,106,1
2020-08-02,Monterey,053,433212,5779,4698,15,4713,28
2020-08-02,Napa,055,140530,1195,956,0,956,8
2020-08-02,Nevada,057,99092,349,314,13,327,2
2020-08-02,Orange,059,3164182,44322,37266,864,38130,651
2020-08-02,Placer,061,380077,2387,1920,3,1923,15
2020-08-02,Plumas,063,18699,36,25,0,25,0
2020-08-02,Riverside,065,2383286,46071,38507,44,38551,735
2020-08-02,Sacramento,067,1510023,13342,10099,13,10112,142
2020-08-02,San Benito,069,59416,740,599,0,599,2
2020-08-02,San Bernardino,071,2135413,40903,33643,185,33828,443
2020-08-02,San Diego,073,3302833,33133,29885,27,29912,565
2020-08-02,San Francisco,075,870044,7554,6297,6,6303,60
2020-08-02,San Joaquin,077,732212,15044,11937,13,11950,189
2020-08-02,San Luis Obispo,079,281455,2257,1821,8,1829,14
2020-08-02,San Mateo,081,765935,6701,5618,7,5625,115
2020-08-02,Santa Barbara,083,443738,6949,6532,64,6596,59
2020-08-02,Santa Clara,085,1922200,13468,10577,31,10608,172
2020-08-02,Santa Cruz,087,273765,1385,1162,7,1169,4
2020-08-02,Shasta,089,179085,508,318,3,321,9
2020-08-02,Sierra,091,2930,4,1,0,1,0
2020-08-02,Siskiyou,093,43540,99,65,0,65,0
2020-08-02,Solano,095,438530,4403,3609,24,3633,29
2020-08-02,Sonoma,097,501317,3904,3005,7,3012,33
2020-08-02,Stanislaus,099,539301,12059,9277,61,9338,96
2020-08-02,Sutter,101,95872,904,714,1,715,6
2020-08-02,Tehama,103,63373,287,222,2,224,1
2020-08-02,Trinity,105,12862,27,5,6,11,0
2020-08-02,Tulare,107,460477,11577,9593,31,9624,188
2020-08-02,Tuolumne,109,53932,155,123,4,127,0
2020-08-02,Ventura,111,848112,9044,8014,31,8045,73
2020-08-02,Yolo,113,214977,1916,1588,3,1591,37
2020-08-02,Yuba,115,75493,530,393,0,393,1
2020-08-01,Alameda,001,1643700,14054,11590,90,11680,188
2020-08-01,Alpine,003,1148,2,2,0,2,0
2020-08-01,Amador,005,37829,190,109,0,109,0
2020-08-01,Butte,007,227075,1203,976,32,1008,9
2020-08-01,Calaveras,009,45235,149,116,0,116,1
2020-08-01,Colusa,011,21464,386,327,0,327,2
2020-08-01,Contra Costa,013,1133247,10659,7867,29,7896,116
2020-08-01,Del Norte,015,27424,89,68,0,68,0
2020-08-01,El Dorado,017,186661,820,637,6,643,1
2020-08-01,Fresno,019,978130,22159,15448,199,15647,149
2020-08-01,Glenn,021,27897,387,311,0,311,1
2020-08-01,Humboldt,023,135768,271,232,1,233,4
2020-08-01,Imperial,025,180216,10390,7919,6,7925,156
2020-08-01,Inyo,027,18085,82,45,1,46,1
2020-08-01,Kern,029,883053,25275,20796,140,20936,176
2020-08-01,Kings,031,150075,4875,3948,20,3968,47
2020-08-01,Lake,033,64148,238,194,0,194,1
2020-08-01,Lassen,035,31185,644,555,2,557,0
2020-08-01,Los Angeles,037,10098052,205526,191023,575,191598,4674
2020-08-01,Madera,039,155013,2927,2103,5,2108,18
2020-08-01,Marin,041,260295,5478,4945,9,4954,43
2020-08-01,Mariposa,043,17540,61,50,0,50,2
2020-08-01,Mendocino,045,87422,337,243,0,243,1
2020-08-01,Merced,047,269075,6055,3972,2,3974,29
2020-08-01,Modoc,049,8938,7,2,0,2,0
2020-08-01,Mono,051,14174,150,104,2,106,1
2020-08-01,Monterey,053,433212,5712,4611,14,4625,28
2020-08-01,Napa,055,140530,1186,923,0,923,8
2020-08-01,Nevada,057,99092,345,305,13,318,2
2020-08-01,Orange,059,3164182,44095,36703,858,37561,648
2020-08-01,Placer,061,380077,2353,1891,3,1894,14
2020-08-01,Plumas,063,18699,35,25,0,25,0
2020-08-01,Riverside,065,2383286,45859,38216,42,38258,704
2020-08-01,Sacramento,067,1510023,13191,10044,13,10057,141
2020-08-01,San Benito,069,59416,729,579,0,579,2
2020-08-01,San Bernardino,071,2135413,40667,32947,184,33131,440
2020-08-01,San Diego,073,3302833,32916,29579,19,29598,565
2020-08-01,San Francisco,075,870044,7493,6296,6,6302,60
2020-08-01,San Joaquin,077,732212,14969,11807,12,11819,189
2020-08-01,San Luis Obispo,079,281455,2228,1798,8,1806,13
2020-08-01,San Mateo,081,765935,6647,5520,7,5527,115
2020-08-01,Santa Barbara,083,443738,6909,6465,64,6529,59
2020-08-01,Santa Clara,085,1922200,13317,10281,30,10311,171
2020-08-01,Santa Cruz,087,273765,1369,1164,7,1171,4
2020-08-01,Shasta,089,179085,503,312,3,315,9
2020-08-01,Sierra,091,2930,3,1,0,1,0
2020-08-01,Siskiyou,093,43540,99,64,0,64,0
2020-08-01,Solano,095,438530,4369,3591,23,3614,29
2020-08-01,Sonoma,097,501317,3858,2890,7,2897,29
2020-08-01,Stanislaus,099,539301,11941,9221,54,9275,96
2020-08-01,Sutter,101,95872,900,714,1,715,6
2020-08-01,Tehama,103,63373,284,220,2,222,1
2020-08-01,Trinity,105,12862,27,5,6,11,0
2020-08-01,Tulare,107,460477,11509,9520,31,9551,188
2020-08-01,Tuolumne,109,53932,155,123,4,127,0
2020-08-01,Ventura,111,848112,8998,7819,31,7850,73
2020-08-01,Yolo,113,214977,1906,1557,3,1560,37
2020-08-01,Yuba,115,75493,525,387,0,387,1
2020-07-31,Alameda,001,1643700,13925,11441,90,11531,187
2020-07-31,Alpine,003,1148,2,2,0,2,0
2020-07-31,Amador,005,37829,189,98,0,98,0
2020-07-31,Butte,007,227075,1180,925,32,957,7
2020-07-31,Calaveras,009,45235,149,112,0,112,1
2020-07-31,Colusa,011,21464,376,319,0,319,2
2020-07-31,Contra Costa,013,1133247,10512,7697,28,7725,113
2020-07-31,Del Norte,015,27424,88,68,0,68,0
2020-07-31,El Dorado,017,186661,809,616,6,622,1
2020-07-31,Fresno,019,978130,21939,15083,199,15282,133
2020-07-31,Glenn,021,27897,380,304,0,304,1
2020-07-31,Humboldt,023,135768,264,229,1,230,4
2020-07-31,Imperial,025,180216,10358,7886,5,7891,155
2020-07-31,Inyo,027,18085,72,45,1,46,1
2020-07-31,Kern,029,883053,25034,20061,136,20197,173
2020-07-31,Kings,031,150075,4847,3807,20,3827,45
2020-07-31,Lake,033,64148,237,191,0,191,1
2020-07-31,Lassen,035,31185,639,544,2,546,0
2020-07-31,Los Angeles,037,10098052,203927,188688,562,189250,4628
2020-07-31,Madera,039,155013,2880,2036,5,2041,19
2020-07-31,Marin,041,260295,5434,4885,6,4891,43
2020-07-31,Mariposa,043,17540,61,49,0,49,2
2020-07-31,Mendocino,045,87422,322,232,0,232,1
2020-07-31,Merced,047,269075,5972,3789,2,3791,30
2020-07-31,Modoc,049,8938,6,0,0,0,0
2020-07-31,Mono,051,14174,149,104,2,106,1
2020-07-31,Monterey,053,433212,5620,4493,14,4507,24
2020-07-31,Napa,055,140530,1174,897,0,897,7
2020-07-31,Nevada,057,99092,343,302,13,315,2
2020-07-31,Orange,059,3164182,43796,36196,841,37037,620
2020-07-31,Placer,061,380077,2328,1853,3,1856,14
2020-07-31,Plumas,063,18699,34,25,0,25,0
2020-07-31,Riverside,065,2383286,45469,37612,41,37653,694
2020-07-31,Sacramento,067,1510023,13013,9872,13,9885,132
2020-07-31,San Benito,069,59416,721,567,0,567,2
2020-07-31,San Bernardino,071,2135413,40337,32332,182,32514,434
2020-07-31,San Diego,073,3302833,32682,29050,11,29061,561
2020-07-31,San Francisco,075,870044,7393,6126,6,6132,60
2020-07-31,San Joaquin,077,732212,14829,11561,12,11573,177
2020-07-31,San Luis Obispo,079,281455,2159,1746,8,1754,12
2020-07-31,San Mateo,081,765935,6575,5416,7,5423,115
2020-07-31,Santa Barbara,083,443738,6842,6375,64,6439,58
2020-07-31,Santa Clara,085,1922200,13096,9863,30,9893,171
2020-07-31,Santa Cruz,087,273765,1346,1118,7,1125,4
2020-07-31,Shasta,089,179085,493,305,3,308,9
2020-07-31,Sierra,091,2930,3,1,0,1,0
2020-07-31,Siskiyou,093,43540,97,61,0,61,0
2020-07-31,Solano,095,438530,4321,3510,22,3532,29
2020-07-31,Sonoma,097,501317,3800,2745,7,2752,27
2020-07-31,Stanislaus,099,539301,11835,9061,49,9110,94
2020-07-31,Sutter,101,95872,895,714,1,715,6
2020-07-31,Tehama,103,63373,281,213,2,215,1
2020-07-31,Trinity,105,12862,27,5,6,11,0
2020-07-31,Tulare,107,460477,11388,9365,31,9396,184
2020-07-31,Tuolumne,109,53932,155,120,4,124,0
2020-07-31,Ventura,111,848112,8923,7521,31,7552,71
2020-07-31,Yolo,113,214977,1880,1522,3,1525,38
2020-07-31,Yuba,115,75493,516,369,0,369,1
2020-07-30,Alameda,001,1643700,13720,11303,52,11355,185
2020-07-30,Alpine,003,1148,2,2,0,2,0
2020-07-30,Amador,005,37829,171,97,0,97,0
2020-07-30,Butte,007,227075,1164,915,32,947,7
2020-07-30,Calaveras,009,45235,145,111,0,111,1
2020-07-30,Colusa,011,21464,373,315,0,315,2
2020-07-30,Contra Costa,013,1133247,10328,7615,27,7642,112
2020-07-30,Del Norte,015,27424,88,68,0,68,0
2020-07-30,El Dorado,017,186661,802,608,6,614,1
2020-07-30,Fresno,019,978130,21603,14793,193,14986,133
2020-07-30,Glenn,021,27897,373,297,0,297,1
2020-07-30,Humboldt,023,135768,262,228,1,229,4
2020-07-30,Imperial,025,180216,10299,7849,5,7854,151
2020-07-30,Inyo,027,18085,68,44,1,45,1
2020-07-30,Kern,029,883053,24741,19552,132,19684,171
2020-07-30,Kings,031,150075,4743,3785,20,3805,43
2020-07-30,Lake,033,64148,231,181,0,181,1
2020-07-30,Lassen,035,31185,636,544,2,546,0
2020-07-30,Los Angeles,037,10098052,201898,186177,532,186709,4564
2020-07-30,Madera,039,155013,2810,2007,5,2012,18
2020-07-30,Marin,041,260295,5392,4835,5,4840,39
2020-07-30,Mariposa,043,17540,61,49,0,49,1
2020-07-30,Mendocino,045,87422,315,232,0,232,1
2020-07-30,Merced,047,269075,5808,3695,2,3697,30
2020-07-30,Modoc,049,8938,6,0,0,0,0
2020-07-30,Mono,051,14174,148,104,2,106,1
2020-07-30,Monterey,053,433212,5508,4352,14,4366,24
2020-07-30,Napa,055,140530,1157,874,0,874,7
2020-07-30,Nevada,057,99092,338,292,13,305,2
2020-07-30,Orange,059,3164182,43381,36105,817,36922,607
2020-07-30,Placer,061,380077,2277,1821,3,1824,14
2020-07-30,Plumas,063,18699,33,25,0,25,0
2020-07-30,Riverside,065,2383286,44927,37308,41,37349,685
2020-07-30,Sacramento,067,1510023,12794,9704,13,9717,126
2020-07-30,San Benito,069,59416,708,558,0,558,2
2020-07-30,San Bernardino,071,2135413,39813,32010,182,32192,427
2020-07-30,San Diego,073,3302833,32335,28670,9,28679,558
2020-07-30,San Francisco,075,870044,7292,6107,6,6113,59
2020-07-30,San Joaquin,077,732212,14633,11435,12,11447,161
2020-07-30,San Luis Obispo,079,281455,2123,1703,8,1711,12
2020-07-30,San Mateo,081,765935,6480,5369,7,5376,115
2020-07-30,Santa Barbara,083,443738,6762,6273,64,6337,52
2020-07-30,Santa Clara,085,1922200,12863,9708,29,9737,170
2020-07-30,Santa Cruz,087,273765,1318,1087,7,1094,4
2020-07-30,Shasta,089,179085,489,306,3,309,8
2020-07-30,Sierra,091,2930,3,1,0,1,0
2020-07-30,Siskiyou,093,43540,96,60,0,60,0
2020-07-30,Solano,095,438530,4270,3463,22,3485,29
2020-07-30,Sonoma,097,501317,3729,2684,7,2691,25
2020-07-30,Stanislaus,099,539301,11622,8890,41,8931,94
2020-07-30,Sutter,101,95872,876,698,1,699,6
2020-07-30,Tehama,103,63373,278,208,2,210,1
2020-07-30,Trinity,105,12862,26,4,6,10,0
2020-07-30,Tulare,107,460477,11259,9167,31,9198,177
2020-07-30,Tuolumne,109,53932,154,119,4,123,0
2020-07-30,Ventura,111,848112,8811,7304,29,7333,69
2020-07-30,Yolo,113,214977,1860,1511,3,1514,37
2020-07-30,Yuba,115,75493,503,362,0,362,1
2020-07-29,Alameda,001,1643700,13499,11177,47,11224,180
2020-07-29,Alpine,003,1148,2,2,0,2,0
2020-07-29,Amador,005,37829,163,80,0,80,0
2020-07-29,Butte,007,227075,1138,889,30,919,7
2020-07-29,Calaveras,009,45235,139,107,0,107,1
2020-07-29,Colusa,011,21464,369,302,0,302,2
2020-07-29,Contra Costa,013,1133247,10124,7520,27,7547,108
2020-07-29,Del Norte,015,27424,88,68,0,68,0
2020-07-29,El Dorado,017,186661,792,588,6,594,1
2020-07-29,Fresno,019,978130,21312,14312,193,14505,125
2020-07-29,Glenn,021,27897,366,294,0,294,1
2020-07-29,Humboldt,023,135768,259,221,1,222,4
2020-07-29,Imperial,025,180216,10251,7825,5,7830,147
2020-07-29,Inyo,027,18085,63,44,1,45,1
2020-07-29,Kern,029,883053,24402,19073,128,19201,162
2020-07-29,Kings,031,150075,4695,3755,20,3775,43
2020-07-29,Lake,033,64148,229,179,0,179,1
2020-07-29,Lassen,035,31185,621,513,2,515,0
2020-07-29,Los Angeles,037,10098052,199872,183600,515,184115,4523
2020-07-29,Madera,039,155013,2756,1941,5,1946,18
2020-07-29,Marin,041,260295,5354,4747,5,4752,34
2020-07-29,Mariposa,043,17540,60,47,0,47,1
2020-07-29,Mendocino,045,87422,307,228,0,228,0
2020-07-29,Merced,047,269075,5668,3605,2,3607,25
2020-07-29,Modoc,049,8938,5,0,0,0,0
2020-07-29,Mono,051,14174,145,102,2,104,1
2020-07-29,Monterey,053,433212,5408,4252,14,4266,24
2020-07-29,Napa,055,140530,1129,866,0,866,7
2020-07-29,Nevada,057,99092,334,288,13,301,1
2020-07-29,Orange,059,3164182,42947,35339,806,36145,589
2020-07-29,Placer,061,380077,2245,1798,3,1801,14
2020-07-29,Plumas,063,18699,33,25,0,25,0
2020-07-29,Riverside,065,2383286,44336,36968,41,37009,678
2020-07-29,Sacramento,067,1510023,12548,9538,13,9551,122
2020-07-29,San Benito,069,59416,693,537,0,537,2
2020-07-29,San Bernardino,071,2135413,39324,31168,171,31339,417
2020-07-29,San Diego,073,3302833,32010,28289,8,28297,552
2020-07-29,San Francisco,075,870044,7198,6041,6,6047,56
2020-07-29,San Joaquin,077,732212,14384,11249,9,11258,154
2020-07-29,San Luis Obispo,079,281455,2102,1673,8,1681,11
2020-07-29,San Mateo,081,765935,6392,5305,7,5312,114
2020-07-29,Santa Barbara,083,443738,6695,6215,64,6279,31
2020-07-29,Santa Clara,085,1922200,12657,9567,29,9596,165
2020-07-29,Santa Cruz,087,273765,1294,1051,7,1058,4
2020-07-29,Shasta,089,179085,477,297,3,300,8
2020-07-29,Sierra,091,2930,2,1,0,1,0
2020-07-29,Siskiyou,093,43540,94,58,0,58,0
2020-07-29,Solano,095,438530,4216,3380,22,3402,29
2020-07-29,Sonoma,097,501317,3651,2598,7,2605,26
2020-07-29,Stanislaus,099,539301,11401,8745,35,8780,94
2020-07-29,Sutter,101,95872,848,678,1,679,6
2020-07-29,Tehama,103,63373,274,206,2,208,1
2020-07-29,Trinity,105,12862,26,4,6,10,0
2020-07-29,Tulare,107,460477,11088,9028,31,9059,156
2020-07-29,Tuolumne,109,53932,154,118,4,122,0
2020-07-29,Ventura,111,848112,8706,7161,29,7190,68
2020-07-29,Yolo,113,214977,1834,1488,3,1491,36
2020-07-29,Yuba,115,75493,487,350,0,350,1
2020-07-28,Alameda,001,1643700,13269,10875,46,10921,180
2020-07-28,Alpine,003,1148,2,2,0,2,0
2020-07-28,Amador,005,37829,153,77,0,77,0
2020-07-28,Butte,007,227075,1103,857,30,887,7
2020-07-28,Calaveras,009,45235,138,105,0,105,1
2020-07-28,Colusa,011,21464,363,290,0,290,2
2020-07-28,Contra Costa,013,1133247,9902,7426,27,7453,107
2020-07-28,Del Norte,015,27424,87,68,0,68,0
2020-07-28,El Dorado,017,186661,777,558,6,564,1
2020-07-28,Fresno,019,978130,20976,13933,187,14120,125
2020-07-28,Glenn,021,27897,364,289,0,289,1
2020-07-28,Humboldt,023,135768,258,218,1,219,4
2020-07-28,Imperial,025,180216,10215,7804,5,7809,145
2020-07-28,Inyo,027,18085,61,43,1,44,1
2020-07-28,Kern,029,883053,24039,18834,122,18956,155
2020-07-28,Kings,031,150075,4649,3721,20,3741,41
2020-07-28,Lake,033,64148,225,179,0,179,1
2020-07-28,Lassen,035,31185,615,508,2,510,0
2020-07-28,Los Angeles,037,10098052,197640,179107,494,179601,4435
2020-07-28,Madera,039,155013,2690,1889,5,1894,18
2020-07-28,Marin,041,260295,5285,4698,5,4703,23
2020-07-28,Mariposa,043,17540,58,45,0,45,1
2020-07-28,Mendocino,045,87422,296,222,0,222,0
2020-07-28,Merced,047,269075,5523,3446,2,3448,23
2020-07-28,Modoc,049,8938,4,0,0,0,0
2020-07-28,Mono,051,14174,144,102,2,104,1
2020-07-28,Monterey,053,433212,5288,4047,14,4061,22
2020-07-28,Napa,055,140530,1107,824,0,824,6
2020-07-28,Nevada,057,99092,329,278,13,291,1
2020-07-28,Orange,059,3164182,42489,34832,792,35624,582
2020-07-28,Placer,061,380077,2209,1759,3,1762,14
2020-07-28,Plumas,063,18699,33,22,0,22,0
2020-07-28,Riverside,065,2383286,43735,36458,41,36499,668
2020-07-28,Sacramento,067,1510023,12289,9429,12,9441,117
2020-07-28,San Benito,069,59416,683,503,0,503,2
2020-07-28,San Bernardino,071,2135413,38801,30493,167,30660,412
2020-07-28,San Diego,073,3302833,31660,28007,6,28013,547
2020-07-28,San Francisco,075,870044,7085,5888,6,5894,56
2020-07-28,San Joaquin,077,732212,14102,10958,6,10964,141
2020-07-28,San Luis Obispo,079,281455,2069,1636,8,1644,9
2020-07-28,San Mateo,081,765935,6319,5171,7,5178,114
2020-07-28,Santa Barbara,083,443738,6631,6110,62,6172,31
2020-07-28,Santa Clara,085,1922200,12423,9307,29,9336,165
2020-07-28,Santa Cruz,087,273765,1267,1018,7,1025,4
2020-07-28,Shasta,089,179085,465,275,3,278,8
2020-07-28,Sierra,091,2930,2,1,0,1,0
2020-07-28,Siskiyou,093,43540,90,57,0,57,0
2020-07-28,Solano,095,438530,4169,3292,21,3313,29
2020-07-28,Sonoma,097,501317,3576,2553,7,2560,20
2020-07-28,Stanislaus,099,539301,11179,8492,27,8519,92
2020-07-28,Sutter,101,95872,811,653,0,653,2
2020-07-28,Tehama,103,63373,269,199,2,201,1
2020-07-28,Trinity,105,12862,26,3,6,9,0
2020-07-28,Tulare,107,460477,10901,8787,31,8818,96
2020-07-28,Tuolumne,109,53932,153,116,4,120,0
2020-07-28,Ventura,111,848112,8580,7045,28,7073,68
2020-07-28,Yolo,113,214977,1806,1459,3,1462,36
2020-07-28,Yuba,115,75493,470,333,0,333,1
2020-07-27,Alameda,001,1643700,13041,10645,43,10688,176
2020-07-27,Alpine,003,1148,2,2,0,2,0
2020-07-27,Amador,005,37829,148,72,0,72,0
2020-07-27,Butte,007,227075,1076,843,30,873,7
2020-07-27,Calaveras,009,45235,134,103,0,103,1
2020-07-27,Colusa,011,21464,356,271,0,271,2
2020-07-27,Contra Costa,013,1133247,9679,7256,27,7283,104
2020-07-27,Del Norte,015,27424,86,67,0,67,0
2020-07-27,El Dorado,017,186661,765,548,6,554,1
2020-07-27,Fresno,019,978130,20627,13485,181,13666,117
2020-07-27,Glenn,021,27897,362,277,0,277,1
2020-07-27,Humboldt,023,135768,253,218,1,219,4
2020-07-27,Imperial,025,180216,10165,7789,5,7794,144
2020-07-27,Inyo,027,18085,61,43,1,44,1
2020-07-27,Kern,029,883053,23537,17994,116,18110,148
2020-07-27,Kings,031,150075,4400,3685,20,3705,39
2020-07-27,Lake,033,64148,221,176,0,176,1
2020-07-27,Lassen,035,31185,615,503,2,505,0
2020-07-27,Los Angeles,037,10098052,195213,176351,476,176827,4379
2020-07-27,Madera,039,155013,2625,1793,5,1798,17
2020-07-27,Marin,041,260295,5197,4669,5,4674,22
2020-07-27,Mariposa,043,17540,58,43,0,43,1
2020-07-27,Mendocino,045,87422,282,209,0,209,0
2020-07-27,Merced,047,269075,5383,3292,2,3294,23
2020-07-27,Modoc,049,8938,3,0,0,0,0
2020-07-27,Mono,051,14174,140,99,2,101,1
2020-07-27,Monterey,053,433212,5099,3960,14,3974,21
2020-07-27,Napa,055,140530,1092,769,0,769,6
2020-07-27,Nevada,057,99092,325,268,13,281,1
2020-07-27,Orange,059,3164182,42049,34649,776,35425,566
2020-07-27,Placer,061,380077,2159,1679,3,1682,12
2020-07-27,Plumas,063,18699,33,22,0,22,0
2020-07-27,Riverside,065,2383286,43056,35822,41,35863,667
2020-07-27,Sacramento,067,1510023,11996,9091,12,9103,114
2020-07-27,San Benito,069,59416,668,498,0,498,2
2020-07-27,San Bernardino,071,2135413,38209,29928,157,30085,401
2020-07-27,San Diego,073,3302833,31286,27509,5,27514,533
2020-07-27,San Francisco,075,870044,6998,5825,6,5831,55
2020-07-27,San Joaquin,077,732212,13814,10728,6,10734,129
2020-07-27,San Luis Obispo,079,281455,2023,1612,8,1620,9
2020-07-27,San Mateo,081,765935,6210,5108,7,5115,113
2020-07-27,Santa Barbara,083,443738,6552,6026,60,6086,30
2020-07-27,Santa Clara,085,1922200,12154,9157,28,9185,166
2020-07-27,Santa Cruz,087,273765,1243,984,7,991,4
2020-07-27,Shasta,089,179085,458,275,3,278,8
2020-07-27,Sierra,091,2930,2,1,0,1,0
2020-07-27,Siskiyou,093,43540,88,54,0,54,0
2020-07-27,Solano,095,438530,4102,3198,20,3218,29
2020-07-27,Sonoma,097,501317,3485,2504,7,2511,20
2020-07-27,Stanislaus,099,539301,10954,8288,19,8307,84
2020-07-27,Sutter,101,95872,785,620,0,620,2
2020-07-27,Tehama,103,63373,261,192,2,194,1
2020-07-27,Trinity,105,12862,26,3,6,9,0
2020-07-27,Tulare,107,460477,10683,8462,31,8493,172
2020-07-27,Tuolumne,109,53932,150,115,4,119,0
2020-07-27,Ventura,111,848112,8452,6998,27,7025,68
2020-07-27,Yolo,113,214977,1761,1439,3,1442,33
2020-07-27,Yuba,115,75493,450,328,0,328,1
2020-07-26,Alameda,001,1643700,12802,10489,42,10531,176
2020-07-26,Alpine,003,1148,2,2,0,2,0
2020-07-26,Amador,005,37829,142,67,0,67,0
2020-07-26,Butte,007,227075,1039,822,29,851,5
2020-07-26,Calaveras,009,45235,131,103,0,103,1
2020-07-26,Colusa,011,21464,347,270,0,270,2
2020-07-26,Contra Costa,013,1133247,9441,7095,27,7122,104
2020-07-26,Del Norte,015,27424,84,67,0,67,0
2020-07-26,El Dorado,017,186661,747,539,6,545,1
2020-07-26,Fresno,019,978130,20236,13209,173,13382,117
2020-07-26,Glenn,021,27897,354,265,0,265,1
2020-07-26,Humboldt,023,135768,247,214,1,215,4
2020-07-26,Imperial,025,180216,10093,7781,5,7786,144
2020-07-26,Inyo,027,18085,56,43,1,44,1
2020-07-26,Kern,029,883053,23012,17394,113,17507,148
2020-07-26,Kings,031,150075,4341,3591,20,3611,39
2020-07-26,Lake,033,64148,213,174,0,174,1
2020-07-26,Lassen,035,31185,574,503,2,505,0
2020-07-26,Los Angeles,037,10098052,192644,174322,458,174780,4364
2020-07-26,Madera,039,155013,2538,1744,5,1749,17
2020-07-26,Marin,041,260295,5151,4595,5,4600,22
2020-07-26,Mariposa,043,17540,56,43,0,43,1
2020-07-26,Mendocino,045,87422,273,206,0,206,0
2020-07-26,Merced,047,269075,5203,3251,2,3253,23
2020-07-26,Modoc,049,8938,3,0,0,0,0
2020-07-26,Mono,051,14174,136,82,2,84,1
2020-07-26,Monterey,053,433212,4933,3901,14,3915,21
2020-07-26,Napa,055,140530,1073,769,0,769,6
2020-07-26,Nevada,057,99092,322,261,13,274,1
2020-07-26,Orange,059,3164182,41524,34352,745,35097,564
2020-07-26,Placer,061,380077,2095,1628,3,1631,12
2020-07-26,Plumas,063,18699,33,22,0,22,0
2020-07-26,Riverside,065,2383286,42496,35636,41,35677,665
2020-07-26,Sacramento,067,1510023,11690,8972,12,8984,114
2020-07-26,San Benito,069,59416,656,495,0,495,2
2020-07-26,San Bernardino,071,2135413,37568,29545,149,29694,400
2020-07-26,San Diego,073,3302833,30890,26986,4,26990,533
2020-07-26,San Francisco,075,870044,6892,5823,6,5829,55
2020-07-26,San Joaquin,077,732212,13522,10637,6,10643,129
2020-07-26,San Luis Obispo,079,281455,1981,1565,8,1573,8
2020-07-26,San Mateo,081,765935,6105,5078,7,5085,113
2020-07-26,Santa Barbara,083,443738,6451,5939,60,5999,30
2020-07-26,Santa Clara,085,1922200,11925,8986,28,9014,166
2020-07-26,Santa Cruz,087,273765,1216,970,7,977,4
2020-07-26,Shasta,089,179085,451,265,3,268,8
2020-07-26,Sierra,091,2930,2,1,0,1,0
2020-07-26,Siskiyou,093,43540,86,54,0,54,0
2020-07-26,Solano,095,438530,4023,3197,18,3215,29
2020-07-26,Sonoma,097,501317,3396,2503,6,2509,20
2020-07-26,Stanislaus,099,539301,10691,8228,18,8246,84
2020-07-26,Sutter,101,95872,771,612,0,612,2
2020-07-26,Tehama,103,63373,254,175,2,177,1
2020-07-26,Trinity,105,12862,26,3,6,9,0
2020-07-26,Tulare,107,460477,10477,8392,31,8423,172
2020-07-26,Tuolumne,109,53932,145,113,4,117,0
2020-07-26,Ventura,111,848112,8245,6844,27,6871,67
2020-07-26,Yolo,113,214977,1730,1408,3,1411,33
2020-07-26,Yuba,115,75493,431,313,0,313,1
2020-07-25,Alameda,001,1643700,12705,10361,40,10401,176
2020-07-25,Alpine,003,1148,2,2,0,2,0
2020-07-25,Amador,005,37829,139,67,0,67,0
2020-07-25,Butte,007,227075,1030,810,29,839,5
2020-07-25,Calaveras,009,45235,128,103,0,103,1
2020-07-25,Colusa,011,21464,340,265,0,265,2
2020-07-25,Contra Costa,013,1133247,9298,6920,27,6947,104
2020-07-25,Del Norte,015,27424,84,67,0,67,0
2020-07-25,El Dorado,017,186661,736,528,6,534,1
2020-07-25,Fresno,019,978130,20049,12866,173,13039,117
2020-07-25,Glenn,021,27897,352,260,0,260,1
2020-07-25,Humboldt,023,135768,244,212,1,213,4
2020-07-25,Imperial,025,180216,10067,7727,5,7732,144
2020-07-25,Inyo,027,18085,55,43,1,44,1
2020-07-25,Kern,029,883053,22794,16910,112,17022,148
2020-07-25,Kings,031,150075,4324,3516,20,3536,39
2020-07-25,Lake,033,64148,211,173,0,173,1
2020-07-25,Lassen,035,31185,574,503,2,505,0
2020-07-25,Los Angeles,037,10098052,191509,172611,452,173063,4357
2020-07-25,Madera,039,155013,2506,1724,5,1729,17
2020-07-25,Marin,041,260295,5135,4562,5,4567,22
2020-07-25,Mariposa,043,17540,55,43,0,43,1
2020-07-25,Mendocino,045,87422,267,190,0,190,0
2020-07-25,Merced,047,269075,5124,3176,2,3178,23
2020-07-25,Modoc,049,8938,3,0,0,0,0
2020-07-25,Mono,051,14174,136,82,2,84,1
2020-07-25,Monterey,053,433212,4856,3805,14,3819,21
2020-07-25,Napa,055,140530,1060,746,0,746,6
2020-07-25,Nevada,057,99092,320,257,13,270,1
2020-07-25,Orange,059,3164182,41305,33978,724,34702,561
2020-07-25,Placer,061,380077,2079,1596,3,1599,12
2020-07-25,Plumas,063,18699,33,22,0,22,0
2020-07-25,Riverside,065,2383286,42227,34921,41,34962,655
2020-07-25,Sacramento,067,1510023,11544,8674,12,8686,113
2020-07-25,San Benito,069,59416,640,492,0,492,2
2020-07-25,San Bernardino,071,2135413,37290,29265,146,29411,394
2020-07-25,San Diego,073,3302833,30629,26703,3,26706,533
2020-07-25,San Francisco,075,870044,6834,5644,6,5650,55
2020-07-25,San Joaquin,077,732212,13396,10347,5,10352,129
2020-07-25,San Luis Obispo,079,281455,1961,1530,7,1537,8
2020-07-25,San Mateo,081,765935,6042,5023,7,5030,113
2020-07-25,Santa Barbara,083,443738,6416,5880,60,5940,30
2020-07-25,Santa Clara,085,1922200,11791,8767,28,8795,166
2020-07-25,Santa Cruz,087,273765,1199,939,7,946,4
2020-07-25,Shasta,089,179085,446,263,1,264,8
2020-07-25,Sierra,091,2930,2,1,0,1,0
2020-07-25,Siskiyou,093,43540,84,54,0,54,0
2020-07-25,Solano,095,438530,3983,3107,16,3123,29
2020-07-25,Sonoma,097,501317,3357,2412,6,2418,20
2020-07-25,Stanislaus,099,539301,10588,7994,14,8008,84
2020-07-25,Sutter,101,95872,752,603,0,603,2
2020-07-25,Tehama,103,63373,253,169,2,171,1
2020-07-25,Trinity,105,12862,26,3,6,9,0
2020-07-25,Tulare,107,460477,10377,8310,31,8341,172
2020-07-25,Tuolumne,109,53932,144,99,4,103,0
2020-07-25,Ventura,111,848112,8172,6662,27,6689,62
2020-07-25,Yolo,113,214977,1714,1357,3,1360,35
2020-07-25,Yuba,115,75493,425,312,0,312,1
2020-07-24,Alameda,001,1643700,12564,10216,37,10253,176
2020-07-24,Alpine,003,1148,2,2,0,2,0
2020-07-24,Amador,005,37829,137,66,0,66,0
2020-07-24,Butte,007,227075,1018,751,29,780,5
2020-07-24,Calaveras,009,45235,124,102,0,102,0
2020-07-24,Colusa,011,21464,337,255,0,255,2
2020-07-24,Contra Costa,013,1133247,9153,6814,27,6841,100
2020-07-24,Del Norte,015,27424,84,66,0,66,0
2020-07-24,El Dorado,017,186661,714,516,6,522,1
2020-07-24,Fresno,019,978130,19824,12564,173,12737,115
2020-07-24,Glenn,021,27897,349,251,0,251,1
2020-07-24,Humboldt,023,135768,241,210,1,211,4
2020-07-24,Imperial,025,180216,10045,7686,5,7691,141
2020-07-24,Inyo,027,18085,55,41,1,42,1
2020-07-24,Kern,029,883053,22553,16124,112,16236,143
2020-07-24,Kings,031,150075,4294,3471,20,3491,39
2020-07-24,Lake,033,64148,209,167,0,167,1
2020-07-24,Lassen,035,31185,574,503,2,505,0
2020-07-24,Los Angeles,037,10098052,189484,169078,441,169519,4302
2020-07-24,Madera,039,155013,2473,1679,5,1684,16
2020-07-24,Marin,041,260295,5108,4517,5,4522,22
2020-07-24,Mariposa,043,17540,55,41,0,41,1
2020-07-24,Mendocino,045,87422,260,188,0,188,0
2020-07-24,Merced,047,269075,5039,3100,2,3102,23
2020-07-24,Modoc,049,8938,3,0,0,0,0
2020-07-24,Mono,051,14174,135,82,2,84,1
2020-07-24,Monterey,053,433212,4784,3748,14,3762,21
2020-07-24,Napa,055,140530,1047,741,0,741,6
2020-07-24,Nevada,057,99092,317,255,13,268,1
2020-07-24,Orange,059,3164182,41018,33530,708,34238,557
2020-07-24,Placer,061,380077,2048,1551,3,1554,12
2020-07-24,Plumas,063,18699,33,22,0,22,0
2020-07-24,Riverside,065,2383286,41803,34513,40,34553,631
2020-07-24,Sacramento,067,1510023,11356,8570,12,8582,110
2020-07-24,San Benito,069,59416,633,485,0,485,2
2020-07-24,San Bernardino,071,2135413,36919,28990,141,29131,386
2020-07-24,San Diego,073,3302833,30329,26100,3,26103,524
2020-07-24,San Francisco,075,870044,6740,5611,6,5617,55
2020-07-24,San Joaquin,077,732212,13247,10190,5,10195,118
2020-07-24,San Luis Obispo,079,281455,1937,1476,7,1483,8
2020-07-24,San Mateo,081,765935,5979,4954,7,4961,112
2020-07-24,Santa Barbara,083,443738,6363,5776,58,5834,30
2020-07-24,Santa Clara,085,1922200,11626,8658,28,8686,165
2020-07-24,Santa Cruz,087,273765,1179,930,7,937,4
2020-07-24,Shasta,089,179085,438,262,1,263,8
2020-07-24,Sierra,091,2930,2,1,0,1,0
2020-07-24,Siskiyou,093,43540,84,53,0,53,0
2020-07-24,Solano,095,438530,3947,3062,13,3075,29
2020-07-24,Sonoma,097,501317,3305,2345,6,2351,20
2020-07-24,Stanislaus,099,539301,10416,7861,12,7873,82
2020-07-24,Sutter,101,95872,741,593,0,593,2
2020-07-24,Tehama,103,63373,245,170,2,172,1
2020-07-24,Trinity,105,12862,25,3,6,9,0
2020-07-24,Tulare,107,460477,10283,8167,29,8196,167
2020-07-24,Tuolumne,109,53932,140,99,4,103,0
2020-07-24,Ventura,111,848112,8087,6553,27,6580,60
2020-07-24,Yolo,113,214977,1700,1329,3,1332,35
2020-07-24,Yuba,115,75493,410,307,0,307,1
2020-07-23,Alameda,001,1643700,12321,9924,37,9961,171
2020-07-23,Alpine,003,1148,2,2,0,2,0
2020-07-23,Amador,005,37829,120,61,0,61,0
2020-07-23,Butte,007,227075,1003,726,28,754,5
2020-07-23,Calaveras,009,45235,117,102,0,102,0
2020-07-23,Colusa,011,21464,329,242,0,242,2
2020-07-23,Contra Costa,013,1133247,8954,6619,25,6644,98
2020-07-23,Del Norte,015,27424,84,66,0,66,0
2020-07-23,El Dorado,017,186661,703,491,6,497,1
2020-07-23,Fresno,019,978130,19468,12164,170,12334,112
2020-07-23,Glenn,021,27897,344,246,0,246,1
2020-07-23,Humboldt,023,135768,240,208,1,209,4
2020-07-23,Imperial,025,180216,9995,7604,5,7609,138
2020-07-23,Inyo,027,18085,53,38,1,39,1
2020-07-23,Kern,029,883053,22146,14491,108,14599,128
2020-07-23,Kings,031,150075,4182,3371,20,3391,39
2020-07-23,Lake,033,64148,200,160,0,160,1
2020-07-23,Lassen,035,31185,571,503,2,505,0
2020-07-23,Los Angeles,037,10098052,186935,167198,415,167613,4265
2020-07-23,Madera,039,155013,2407,1659,4,1663,13
2020-07-23,Marin,041,260295,5056,4423,5,4428,22
2020-07-23,Mariposa,043,17540,55,40,0,40,1
2020-07-23,Mendocino,045,87422,250,178,0,178,0
2020-07-23,Merced,047,269075,4882,2972,2,2974,22
2020-07-23,Modoc,049,8938,3,0,0,0,0
2020-07-23,Mono,051,14174,131,82,2,84,1
2020-07-23,Monterey,053,433212,4667,3655,14,3669,21
2020-07-23,Napa,055,140530,1023,713,0,713,5
2020-07-23,Nevada,057,99092,314,247,13,260,1
2020-07-23,Orange,059,3164182,40522,32863,678,33541,544
2020-07-23,Placer,061,380077,2004,1519,3,1522,12
2020-07-23,Plumas,063,18699,32,21,0,21,0
2020-07-23,Riverside,065,2383286,41198,33833,40,33873,630
2020-07-23,Sacramento,067,1510023,11123,8222,12,8234,108
2020-07-23,San Benito,069,59416,618,478,0,478,2
2020-07-23,San Bernardino,071,2135413,36400,28121,135,28256,369
2020-07-23,San Diego,073,3302833,29955,25109,3,25112,505
2020-07-23,San Francisco,075,870044,6639,5543,6,5549,55
2020-07-23,San Joaquin,077,732212,13028,9861,5,9866,111
2020-07-23,San Luis Obispo,079,281455,1908,1438,7,1445,7
2020-07-23,San Mateo,081,765935,5874,4895,7,4902,113
2020-07-23,Santa Barbara,083,443738,6290,5628,58,5686,30
2020-07-23,Santa Clara,085,1922200,11407,8458,28,8486,165
2020-07-23,Santa Cruz,087,273765,1143,887,7,894,3
2020-07-23,Shasta,089,179085,427,254,1,255,9
2020-07-23,Sierra,091,2930,2,1,0,1,0
2020-07-23,Siskiyou,093,43540,82,53,0,53,0
2020-07-23,Solano,095,438530,3883,2962,11,2973,29
2020-07-23,Sonoma,097,501317,3229,2289,6,2295,18
2020-07-23,Stanislaus,099,539301,10174,7603,12,7615,71
2020-07-23,Sutter,101,95872,708,570,0,570,2
2020-07-23,Tehama,103,63373,239,158,2,160,1
2020-07-23,Trinity,105,12862,24,3,6,9,0
2020-07-23,Tulare,107,460477,10094,7898,29,7927,168
2020-07-23,Tuolumne,109,53932,140,93,4,97,0
2020-07-23,Ventura,111,848112,7963,6303,27,6330,56
2020-07-23,Yolo,113,214977,1682,1279,3,1282,35
2020-07-23,Yuba,115,75493,390,297,0,297,1
2020-07-22,Alameda,001,1643700,12104,9678,36,9714,169
2020-07-22,Alpine,003,1148,2,2,0,2,0
2020-07-22,Amador,005,37829,118,58,0,58,0
2020-07-22,Butte,007,227075,967,694,28,722,5
2020-07-22,Calaveras,009,45235,117,98,0,98,0
2020-07-22,Colusa,011,21464,322,236,0,236,0
2020-07-22,Contra Costa,013,1133247,8728,6401,25,6426,98
2020-07-22,Del Norte,015,27424,84,66,0,66,0
2020-07-22,El Dorado,017,186661,690,466,6,472,1
2020-07-22,Fresno,019,978130,19104,11756,164,11920,110
2020-07-22,Glenn,021,27897,338,236,0,236,1
2020-07-22,Humboldt,023,135768,238,201,1,202,4
2020-07-22,Imperial,025,180216,9936,7533,5,7538,134
2020-07-22,Inyo,027,18085,49,38,1,39,1
2020-07-22,Kern,029,883053,21714,13513,100,13613,127
2020-07-22,Kings,031,150075,4126,3271,20,3291,38
2020-07-22,Lake,033,64148,197,160,0,160,1
2020-07-22,Lassen,035,31185,568,500,2,502,0
2020-07-22,Los Angeles,037,10098052,184284,165242,394,165636,4218
2020-07-22,Madera,039,155013,2332,1578,4,1582,10
2020-07-22,Marin,041,260295,5000,4373,5,4378,23
2020-07-22,Mariposa,043,17540,55,38,0,38,1
2020-07-22,Mendocino,045,87422,243,166,0,166,0
2020-07-22,Merced,047,269075,4756,2828,2,2830,15
2020-07-22,Modoc,049,8938,3,0,0,0,0
2020-07-22,Mono,051,14174,128,82,2,84,1
2020-07-22,Monterey,053,433212,4566,3533,14,3547,20
2020-07-22,Napa,055,140530,1001,687,0,687,5
2020-07-22,Nevada,057,99092,308,239,12,251,1
2020-07-22,Orange,059,3164182,40023,32047,669,32716,522
2020-07-22,Placer,061,380077,1948,1469,3,1472,12
2020-07-22,Plumas,063,18699,31,20,0,20,0
2020-07-22,Riverside,065,2383286,40562,33093,40,33133,612
2020-07-22,Sacramento,067,1510023,10861,8028,12,8040,106
2020-07-22,San Benito,069,59416,604,465,0,465,2
2020-07-22,San Bernardino,071,2135413,35878,26820,124,26944,348
2020-07-22,San Diego,073,3302833,29567,25109,2,25111,505
2020-07-22,San Francisco,075,870044,6535,5473,5,5478,53
2020-07-22,San Joaquin,077,732212,12750,9628,5,9633,102
2020-07-22,San Luis Obispo,079,281455,1862,1373,7,1380,7
2020-07-22,San Mateo,081,765935,5785,4796,7,4803,112
2020-07-22,Santa Barbara,083,443738,6206,5508,56,5564,29
2020-07-22,Santa Clara,085,1922200,11164,8266,28,8294,166
2020-07-22,Santa Cruz,087,273765,1119,866,7,873,3
2020-07-22,Shasta,089,179085,417,246,1,247,9
2020-07-22,Sierra,091,2930,1,1,0,1,0
2020-07-22,Siskiyou,093,43540,81,52,0,52,0
2020-07-22,Solano,095,438530,3822,2839,10,2849,29
2020-07-22,Sonoma,097,501317,3152,2255,6,2261,17
2020-07-22,Stanislaus,099,539301,10003,7401,12,7413,71
2020-07-22,Sutter,101,95872,684,551,0,551,2
2020-07-22,Tehama,103,63373,231,155,2,157,1
2020-07-22,Trinity,105,12862,23,3,6,9,0
2020-07-22,Tulare,107,460477,9861,7640,29,7669,167
2020-07-22,Tuolumne,109,53932,136,91,4,95,0
2020-07-22,Ventura,111,848112,7835,6223,25,6248,56
2020-07-22,Yolo,113,214977,1640,1233,3,1236,34
2020-07-22,Yuba,115,75493,375,288,0,288,1
2020-07-21,Alameda,001,1643700,11890,9390,36,9426,166
2020-07-21,Alpine,003,1148,2,2,0,2,0
2020-07-21,Amador,005,37829,113,55,0,55,0
2020-07-21,Butte,007,227075,922,659,27,686,5
2020-07-21,Calaveras,009,45235,111,96,0,96,0
2020-07-21,Colusa,011,21464,298,227,0,227,0
2020-07-21,Contra Costa,013,1133247,8486,6210,25,6235,98
2020-07-21,Del Norte,015,27424,84,66,0,66,0
2020-07-21,El Dorado,017,186661,682,440,6,446,1
2020-07-21,Fresno,019,978130,18704,11412,158,11570,107
2020-07-21,Glenn,021,27897,331,229,0,229,1
2020-07-21,Humboldt,023,135768,236,198,1,199,4
2020-07-21,Imperial,025,180216,9886,7458,5,7463,128
2020-07-21,Inyo,027,18085,48,38,1,39,1
2020-07-21,Kern,029,883053,21292,11998,94,12092,119
2020-07-21,Kings,031,150075,4061,3187,19,3206,38
2020-07-21,Lake,033,64148,197,157,0,157,1
2020-07-21,Lassen,035,31185,566,474,2,476,0
2020-07-21,Los Angeles,037,10098052,181294,162205,372,162577,4159
2020-07-21,Madera,039,155013,2267,1508,3,1511,10
2020-07-21,Marin,041,260295,4928,4318,5,4323,21
2020-07-21,Mariposa,043,17540,54,37,0,37,1
2020-07-21,Mendocino,045,87422,232,160,0,160,0
2020-07-21,Merced,047,269075,4577,2725,2,2727,15
2020-07-21,Modoc,049,8938,3,0,0,0,0
2020-07-21,Mono,051,14174,124,79,2,81,1
2020-07-21,Monterey,053,433212,4434,3404,13,3417,20
2020-07-21,Napa,055,140530,974,660,0,660,5
2020-07-21,Nevada,057,99092,306,228,10,238,1
2020-07-21,Orange,059,3164182,39527,31356,637,31993,515
2020-07-21,Placer,061,380077,1907,1413,3,1416,11
2020-07-21,Plumas,063,18699,31,19,0,19,0
2020-07-21,Riverside,065,2383286,39860,32231,40,32271,583
2020-07-21,Sacramento,067,1510023,10589,7789,11,7800,102
2020-07-21,San Benito,069,59416,593,444,0,444,2
2020-07-21,San Bernardino,071,2135413,35231,25323,117,25440,343
2020-07-21,San Diego,073,3302833,29118,24522,2,24524,487
2020-07-21,San Francisco,075,870044,6426,5377,5,5382,53
2020-07-21,San Joaquin,077,732212,12422,9150,5,9155,99
2020-07-21,San Luis Obispo,079,281455,1813,1338,7,1345,7
2020-07-21,San Mateo,081,765935,5693,4733,7,4740,111
2020-07-21,Santa Barbara,083,443738,6126,5422,55,5477,29
2020-07-21,Santa Clara,085,1922200,10901,7989,28,8017,164
2020-07-21,Santa Cruz,087,273765,1086,835,7,842,3
2020-07-21,Shasta,089,179085,409,241,1,242,9
2020-07-21,Sierra,091,2930,1,1,0,1,0
2020-07-21,Siskiyou,093,43540,81,48,0,48,0
2020-07-21,Solano,095,438530,3750,2727,10,2737,27
2020-07-21,Sonoma,097,501317,3095,2200,6,2206,17
2020-07-21,Stanislaus,099,539301,9741,6984,12,6996,69
2020-07-21,Sutter,101,95872,668,533,0,533,2
2020-07-21,Tehama,103,63373,221,150,2,152,1
2020-07-21,Trinity,105,12862,23,2,6,8,0
2020-07-21,Tulare,107,460477,9659,7447,29,7476,167
2020-07-21,Tuolumne,109,53932,134,75,4,79,0
2020-07-21,Ventura,111,848112,7703,6131,25,6156,55
2020-07-21,Yolo,113,214977,1586,1204,3,1207,34
2020-07-21,Yuba,115,75493,369,269,0,269,1
2020-07-20,Alameda,001,1643700,11635,9244,35,9279,162
2020-07-20,Alpine,003,1148,2,2,0,2,0
2020-07-20,Amador,005,37829,110,53,0,53,0
2020-07-20,Butte,007,227075,885,586,27,613,4
2020-07-20,Calaveras,009,45235,108,90,0,90,0
2020-07-20,Colusa,011,21464,287,217,0,217,0
2020-07-20,Contra Costa,013,1133247,8278,5823,25,5848,97
2020-07-20,Del Norte,015,27424,84,61,0,61,0
2020-07-20,El Dorado,017,186661,659,407,6,413,0
2020-07-20,Fresno,019,978130,18262,10891,157,11048,106
2020-07-20,Glenn,021,27897,323,225,0,225,1
2020-07-20,Humboldt,023,135768,229,194,1,195,4
2020-07-20,Imperial,025,180216,9845,7337,5,7342,124
2020-07-20,Inyo,027,18085,46,38,1,39,1
2020-07-20,Kern,029,883053,20782,10908,90,10998,118
2020-07-20,Kings,031,150075,4011,3093,19,3112,37
2020-07-20,Lake,033,64148,194,147,0,147,1
2020-07-20,Lassen,035,31185,564,474,2,476,0
2020-07-20,Los Angeles,037,10098052,178330,159202,345,159547,4108
2020-07-20,Madera,039,155013,2192,1433,3,1436,10
2020-07-20,Marin,041,260295,4845,4255,5,4260,21
2020-07-20,Mariposa,043,17540,53,36,0,36,1
2020-07-20,Mendocino,045,87422,219,153,0,153,0
2020-07-20,Merced,047,269075,4407,2584,2,2586,15
2020-07-20,Modoc,049,8938,3,0,0,0,0
2020-07-20,Mono,051,14174,118,78,2,80,1
2020-07-20,Monterey,053,433212,4328,3205,13,3218,19
2020-07-20,Napa,055,140530,939,632,0,632,5
2020-07-20,Nevada,057,99092,298,218,10,228,1
2020-07-20,Orange,059,3164182,38917,30337,607,30944,507
2020-07-20,Placer,061,380077,1856,1364,3,1367,11
2020-07-20,Plumas,063,18699,30,17,0,17,0
2020-07-20,Riverside,065,2383286,39028,31163,40,31203,581
2020-07-20,Sacramento,067,1510023,10261,7369,11,7380,99
2020-07-20,San Benito,069,59416,575,433,0,433,2
2020-07-20,San Bernardino,071,2135413,34423,24226,113,24339,338
2020-07-20,San Diego,073,3302833,28676,24137,2,24139,478
2020-07-20,San Francisco,075,870044,6305,5090,5,5095,53
2020-07-20,San Joaquin,077,732212,12066,8583,5,8588,97
2020-07-20,San Luis Obispo,079,281455,1771,1282,7,1289,6
2020-07-20,San Mateo,081,765935,5593,4609,7,4616,111
2020-07-20,Santa Barbara,083,443738,6016,5266,53,5319,29
2020-07-20,Santa Clara,085,1922200,10673,7711,27,7738,164
2020-07-20,Santa Cruz,087,273765,1054,758,7,765,3
2020-07-20,Shasta,089,179085,394,233,1,234,9
2020-07-20,Sierra,091,2930,1,1,0,1,0
2020-07-20,Siskiyou,093,43540,77,42,0,42,0
2020-07-20,Solano,095,438530,3667,2537,10,2547,26
2020-07-20,Sonoma,097,501317,2989,2148,6,2154,17
2020-07-20,Stanislaus,099,539301,9457,6835,12,6847,58
2020-07-20,Sutter,101,95872,635,507,0,507,2
2020-07-20,Tehama,103,63373,211,146,2,148,1
2020-07-20,Trinity,105,12862,23,2,6,8,0
2020-07-20,Tulare,107,460477,9425,6974,29,7003,166
2020-07-20,Tuolumne,109,53932,133,75,4,79,0
2020-07-20,Ventura,111,848112,7569,5912,25,5937,52
2020-07-20,Yolo,113,214977,1545,1155,3,1158,30
2020-07-20,Yuba,115,75493,349,258,0,258,1
2020-07-19,Alameda,001,1643700,11394,9227,29,9256,162
2020-07-19,Alpine,003,1148,2,2,0,2,0
2020-07-19,Amador,005,37829,103,51,0,51,0
2020-07-19,Butte,007,227075,860,555,23,578,4
2020-07-19,Calaveras,009,45235,106,89,0,89,0
2020-07-19,Colusa,011,21464,279,187,0,187,0
2020-07-19,Contra Costa,013,1133247,7987,5691,23,5714,95
2020-07-19,Del Norte,015,27424,83,61,0,61,0
2020-07-19,El Dorado,017,186661,641,385,6,391,0
2020-07-19,Fresno,019,978130,17738,10639,145,10784,106
2020-07-19,Glenn,021,27897,309,215,0,215,0
2020-07-19,Humboldt,023,135768,221,195,1,196,4
2020-07-19,Imperial,025,180216,9754,7280,5,7285,124
2020-07-19,Inyo,027,18085,42,38,1,39,1
2020-07-19,Kern,029,883053,20165,10094,82,10176,115
2020-07-19,Kings,031,150075,3925,3035,19,3054,37
2020-07-19,Lake,033,64148,189,144,0,144,1
2020-07-19,Lassen,035,31185,545,474,2,476,0
2020-07-19,Los Angeles,037,10098052,174884,156039,322,156361,4100
2020-07-19,Madera,039,155013,2115,1301,3,1304,10
2020-07-19,Marin,041,260295,4790,4172,5,4177,21
2020-07-19,Mariposa,043,17540,49,35,0,35,1
2020-07-19,Mendocino,045,87422,214,137,0,137,0
2020-07-19,Merced,047,269075,4200,2460,2,2462,15
2020-07-19,Modoc,049,8938,3,0,0,0,0
2020-07-19,Mono,051,14174,107,63,2,65,1
2020-07-19,Monterey,053,433212,4209,3079,13,3092,18
2020-07-19,Napa,055,140530,910,612,0,612,5
2020-07-19,Nevada,057,99092,292,210,10,220,1
2020-07-19,Orange,059,3164182,38353,29941,594,30535,505
2020-07-19,Placer,061,380077,1809,1246,3,1249,11
2020-07-19,Plumas,063,18699,30,17,0,17,0
2020-07-19,Riverside,065,2383286,38323,30340,40,30380,581
2020-07-19,Sacramento,067,1510023,9868,6985,11,6996,97
2020-07-19,San Benito,069,59416,559,412,0,412,2
2020-07-19,San Bernardino,071,2135413,33650,23928,101,24029,337
2020-07-19,San Diego,073,3302833,28175,23684,2,23686,478
2020-07-19,San Francisco,075,870044,6159,5094,5,5099,52
2020-07-19,San Joaquin,077,732212,11659,8308,5,8313,93
2020-07-19,San Luis Obispo,079,281455,1727,1262,7,1269,6
2020-07-19,San Mateo,081,765935,5489,4522,7,4529,110
2020-07-19,Santa Barbara,083,443738,5914,5145,50,5195,29
2020-07-19,Santa Clara,085,1922200,10429,7403,27,7430,164
2020-07-19,Santa Cruz,087,273765,1010,753,7,760,3
2020-07-19,Shasta,089,179085,381,218,1,219,9
2020-07-19,Sierra,091,2930,1,1,0,1,0
2020-07-19,Siskiyou,093,43540,75,42,0,42,0
2020-07-19,Solano,095,438530,3562,2551,10,2561,26
2020-07-19,Sonoma,097,501317,2889,2074,6,2080,17
2020-07-19,Stanislaus,099,539301,9161,6508,12,6520,58
2020-07-19,Sutter,101,95872,604,480,0,480,2
2020-07-19,Tehama,103,63373,207,138,2,140,1
2020-07-19,Trinity,105,12862,23,2,6,8,0
2020-07-19,Tulare,107,460477,9177,6856,29,6885,166
2020-07-19,Tuolumne,109,53932,128,75,4,79,0
2020-07-19,Ventura,111,848112,7379,5706,25,5731,52
2020-07-19,Yolo,113,214977,1505,1127,3,1130,30
2020-07-19,Yuba,115,75493,329,240,0,240,1
2020-07-18,Alameda,001,1643700,11257,9089,28,9117,162
2020-07-18,Alpine,003,1148,2,2,0,2,0
2020-07-18,Amador,005,37829,99,49,0,49,0
2020-07-18,Butte,007,227075,851,551,22,573,4
2020-07-18,Calaveras,009,45235,102,89,0,89,0
2020-07-18,Colusa,011,21464,274,182,0,182,0
2020-07-18,Contra Costa,013,1133247,7853,5617,23,5640,95
2020-07-18,Del Norte,015,27424,83,61,0,61,0
2020-07-18,El Dorado,017,186661,638,385,6,391,0
2020-07-18,Fresno,019,978130,17489,10381,143,10524,106
2020-07-18,Glenn,021,27897,303,212,0,212,0
2020-07-18,Humboldt,023,135768,218,189,1,190,4
2020-07-18,Imperial,025,180216,9724,7268,5,7273,124
2020-07-18,Inyo,027,18085,42,38,1,39,1
2020-07-18,Kern,029,883053,19862,9250,79,9329,114
2020-07-18,Kings,031,150075,3885,2996,18,3014,37
2020-07-18,Lake,033,64148,186,142,0,142,1
2020-07-18,Lassen,035,31185,544,474,2,476,0
2020-07-18,Los Angeles,037,10098052,173438,153265,312,153577,4088
2020-07-18,Madera,039,155013,2069,1260,3,1263,9
2020-07-18,Marin,041,260295,4761,4089,5,4094,21
2020-07-18,Mariposa,043,17540,49,35,0,35,1
2020-07-18,Mendocino,045,87422,208,137,0,137,0
2020-07-18,Merced,047,269075,4081,2424,2,2426,15
2020-07-18,Modoc,049,8938,3,0,0,0,0
2020-07-18,Mono,051,14174,105,54,2,56,1
2020-07-18,Monterey,053,433212,4141,3020,13,3033,17
2020-07-18,Napa,055,140530,899,609,0,609,5
2020-07-18,Nevada,057,99092,288,204,9,213,1
2020-07-18,Orange,059,3164182,38034,29603,574,30177,493
2020-07-18,Placer,061,380077,1786,1233,3,1236,11
2020-07-18,Plumas,063,18699,30,17,0,17,0
2020-07-18,Riverside,065,2383286,37969,30245,39,30284,581
2020-07-18,Sacramento,067,1510023,9623,6739,11,6750,95
2020-07-18,San Benito,069,59416,544,407,0,407,2
2020-07-18,San Bernardino,071,2135413,33190,23680,94,23774,336
2020-07-18,San Diego,073,3302833,27872,23116,2,23118,478
2020-07-18,San Francisco,075,870044,6057,5051,5,5056,52
2020-07-18,San Joaquin,077,732212,11446,8118,5,8123,93
2020-07-18,San Luis Obispo,079,281455,1692,1234,7,1241,6
2020-07-18,San Mateo,081,765935,5429,4488,7,4495,110
2020-07-18,Santa Barbara,083,443738,5854,5110,48,5158,29
2020-07-18,Santa Clara,085,1922200,10280,7255,26,7281,164
2020-07-18,Santa Cruz,087,273765,993,751,7,758,3
2020-07-18,Shasta,089,179085,372,216,1,217,9
2020-07-18,Sierra,091,2930,1,1,0,1,0
2020-07-18,Siskiyou,093,43540,71,42,0,42,0
2020-07-18,Solano,095,438530,3521,2503,10,2513,26
2020-07-18,Sonoma,097,501317,2838,2019,6,2025,15
2020-07-18,Stanislaus,099,539301,9026,6344,12,6356,58
2020-07-18,Sutter,101,95872,598,473,0,473,2
2020-07-18,Tehama,103,63373,202,136,2,138,1
2020-07-18,Trinity,105,12862,23,2,6,8,0
2020-07-18,Tulare,107,460477,9086,6810,28,6838,167
2020-07-18,Tuolumne,109,53932,125,75,4,79,0
2020-07-18,Ventura,111,848112,7297,5630,25,5655,52
2020-07-18,Yolo,113,214977,1477,1077,3,1080,30
2020-07-18,Yuba,115,75493,318,237,0,237,1
2020-07-17,Alameda,001,1643700,11116,8893,27,8920,160
2020-07-17,Alpine,003,1148,2,1,0,1,0
2020-07-17,Amador,005,37829,97,48,0,48,0
2020-07-17,Butte,007,227075,837,497,22,519,4
2020-07-17,Calaveras,009,45235,99,86,0,86,0
2020-07-17,Colusa,011,21464,272,146,0,146,0
2020-07-17,Contra Costa,013,1133247,7705,5483,23,5506,93
2020-07-17,Del Norte,015,27424,82,60,0,60,0
2020-07-17,El Dorado,017,186661,622,368,6,374,0
2020-07-17,Fresno,019,978130,17191,9954,143,10097,104
2020-07-17,Glenn,021,27897,296,203,0,203,0
2020-07-17,Humboldt,023,135768,217,185,1,186,4
2020-07-17,Imperial,025,180216,9702,7193,5,7198,120
2020-07-17,Inyo,027,18085,42,38,1,39,1
2020-07-17,Kern,029,883053,19542,8291,78,8369,113
2020-07-17,Kings,031,150075,3846,2978,18,2996,37
2020-07-17,Lake,033,64148,184,139,0,139,1
2020-07-17,Lassen,035,31185,525,391,2,393,0
2020-07-17,Los Angeles,037,10098052,171066,150481,299,150780,4052
2020-07-17,Madera,039,155013,2025,1214,3,1217,9
2020-07-17,Marin,041,260295,4724,3839,5,3844,21
2020-07-17,Mariposa,043,17540,47,35,0,35,1
2020-07-17,Mendocino,045,87422,200,126,0,126,0
2020-07-17,Merced,047,269075,4005,2328,2,2330,12
2020-07-17,Modoc,049,8938,2,0,0,0,0
2020-07-17,Mono,051,14174,100,54,2,56,1
2020-07-17,Monterey,053,433212,4012,2922,13,2935,18
2020-07-17,Napa,055,140530,885,598,0,598,5
2020-07-17,Nevada,057,99092,281,200,9,209,1
2020-07-17,Orange,059,3164182,37571,28962,541,29503,485
2020-07-17,Placer,061,380077,1757,1207,3,1210,11
2020-07-17,Plumas,063,18699,27,16,0,16,0
2020-07-17,Riverside,065,2383286,37369,29639,39,29678,580
2020-07-17,Sacramento,067,1510023,9379,6563,11,6574,95
2020-07-17,San Benito,069,59416,529,399,0,399,2
2020-07-17,San Bernardino,071,2135413,32671,23057,91,23148,322
2020-07-17,San Diego,073,3302833,27484,22491,2,22493,472
2020-07-17,San Francisco,075,870044,5963,4967,5,4972,52
2020-07-17,San Joaquin,077,732212,11202,7925,5,7930,86
2020-07-17,San Luis Obispo,079,281455,1655,1190,7,1197,6
2020-07-17,San Mateo,081,765935,5332,4407,7,4414,110
2020-07-17,Santa Barbara,083,443738,5782,5001,47,5048,29
2020-07-17,Santa Clara,085,1922200,10062,7080,26,7106,164
2020-07-17,Santa Cruz,087,273765,971,716,7,723,3
2020-07-17,Shasta,089,179085,360,213,1,214,8
2020-07-17,Sierra,091,2930,1,1,0,1,0
2020-07-17,Siskiyou,093,43540,70,40,0,40,0
2020-07-17,Solano,095,438530,3472,2452,10,2462,26
2020-07-17,Sonoma,097,501317,2789,1982,6,1988,15
2020-07-17,Stanislaus,099,539301,8852,6220,12,6232,56
2020-07-17,Sutter,101,95872,585,458,0,458,2
2020-07-17,Tehama,103,63373,198,128,2,130,1
2020-07-17,Trinity,105,12862,23,2,6,8,0
2020-07-17,Tulare,107,460477,8950,6671,28,6699,166
2020-07-17,Tuolumne,109,53932,124,73,4,77,0
2020-07-17,Ventura,111,848112,7214,5451,25,5476,51
2020-07-17,Yolo,113,214977,1453,1055,3,1058,30
2020-07-17,Yuba,115,75493,308,231,0,231,1
2020-07-16,Alameda,001,1643700,10882,8719,22,8741,153
2020-07-16,Alpine,003,1148,2,1,0,1,0
2020-07-16,Amador,005,37829,94,46,0,46,0
2020-07-16,Butte,007,227075,800,465,21,486,4
2020-07-16,Calaveras,009,45235,97,82,0,82,0
2020-07-16,Colusa,011,21464,263,140,0,140,0
2020-07-16,Contra Costa,013,1133247,7493,5338,17,5355,91
2020-07-16,Del Norte,015,27424,82,60,0,60,0
2020-07-16,El Dorado,017,186661,605,357,6,363,0
2020-07-16,Fresno,019,978130,16681,9481,134,9615,101
2020-07-16,Glenn,021,27897,287,190,0,190,0
2020-07-16,Humboldt,023,135768,215,184,1,185,4
2020-07-16,Imperial,025,180216,9608,7148,5,7153,113
2020-07-16,Inyo,027,18085,42,38,1,39,1
2020-07-16,Kern,029,883053,19020,7435,76,7511,112
2020-07-16,Kings,031,150075,3680,2937,18,2955,37
2020-07-16,Lake,033,64148,179,128,0,128,1
2020-07-16,Lassen,035,31185,524,355,2,357,0
2020-07-16,Los Angeles,037,10098052,167844,147759,274,148033,3994
2020-07-16,Madera,039,155013,1961,1192,3,1195,8
2020-07-16,Marin,041,260295,4651,3546,5,3551,21
2020-07-16,Mariposa,043,17540,45,34,0,34,1
2020-07-16,Mendocino,045,87422,195,121,0,121,0
2020-07-16,Merced,047,269075,3843,2228,2,2230,12
2020-07-16,Modoc,049,8938,1,0,0,0,0
2020-07-16,Mono,051,14174,97,53,2,55,1
2020-07-16,Monterey,053,433212,3907,2857,12,2869,18
2020-07-16,Napa,055,140530,856,581,0,581,5
2020-07-16,Nevada,057,99092,278,191,9,200,1
2020-07-16,Orange,059,3164182,36868,28525,505,29030,471
2020-07-16,Placer,061,380077,1709,1168,3,1171,11
2020-07-16,Plumas,063,18699,25,16,0,16,0
2020-07-16,Riverside,065,2383286,36622,28904,37,28941,577
2020-07-16,Sacramento,067,1510023,9066,6440,10,6450,91
2020-07-16,San Benito,069,59416,512,389,0,389,2
2020-07-16,San Bernardino,071,2135413,31810,22355,73,22428,321
2020-07-16,San Diego,073,3302833,26997,21857,2,21859,465
2020-07-16,San Francisco,075,870044,5822,4838,5,4843,52
2020-07-16,San Joaquin,077,732212,10839,7713,5,7718,82
2020-07-16,San Luis Obispo,079,281455,1611,1146,7,1153,6
2020-07-16,San Mateo,081,765935,5228,4336,7,4343,110
2020-07-16,Santa Barbara,083,443738,5687,4872,46,4918,28
2020-07-16,Santa Clara,085,1922200,9782,6990,24,7014,164
2020-07-16,Santa Cruz,087,273765,930,698,7,705,3
2020-07-16,Shasta,089,179085,345,208,1,209,7
2020-07-16,Sierra,091,2930,1,1,0,1,0
2020-07-16,Siskiyou,093,43540,67,39,0,39,0
2020-07-16,Solano,095,438530,3378,2372,10,2382,25
2020-07-16,Sonoma,097,501317,2699,1954,6,1960,14
2020-07-16,Stanislaus,099,539301,8569,6077,11,6088,56
2020-07-16,Sutter,101,95872,569,444,0,444,2
2020-07-16,Tehama,103,63373,188,126,2,128,1
2020-07-16,Trinity,105,12862,23,2,5,7,0
2020-07-16,Tulare,107,460477,8736,6467,27,6494,163
2020-07-16,Tuolumne,109,53932,117,71,4,75,0
2020-07-16,Ventura,111,848112,7052,5231,25,5256,50
2020-07-16,Yolo,113,214977,1411,1034,3,1037,29
2020-07-16,Yuba,115,75493,290,221,0,221,1
2020-07-15,Alameda,001,1643700,10677,8615,17,8632,153
2020-07-15,Alpine,003,1148,2,1,0,1,0
2020-07-15,Amador,005,37829,73,44,0,44,0
2020-07-15,Butte,007,227075,758,420,21,441,4
2020-07-15,Calaveras,009,45235,97,75,0,75,0
2020-07-15,Colusa,011,21464,258,135,0,135,0
2020-07-15,Contra Costa,013,1133247,7262,5246,17,5263,90
2020-07-15,Del Norte,015,27424,81,60,0,60,0
2020-07-15,El Dorado,017,186661,581,339,6,345,0
2020-07-15,Fresno,019,978130,16209,9124,128,9252,101
2020-07-15,Glenn,021,27897,278,184,0,184,0
2020-07-15,Humboldt,023,135768,213,181,1,182,4
2020-07-15,Imperial,025,180216,9541,7110,5,7115,110
2020-07-15,Inyo,027,18085,42,36,1,37,1
2020-07-15,Kern,029,883053,18400,7155,72,7227,108
2020-07-15,Kings,031,150075,3618,2906,18,2924,37
2020-07-15,Lake,033,64148,177,122,0,122,1
2020-07-15,Lassen,035,31185,520,319,2,321,0
2020-07-15,Los Angeles,037,10098052,164377,143343,259,143602,3946
2020-07-15,Madera,039,155013,1892,1147,3,1150,4
2020-07-15,Marin,041,260295,4596,3458,5,3463,21
2020-07-15,Mariposa,043,17540,45,34,0,34,1
2020-07-15,Mendocino,045,87422,192,119,0,119,0
2020-07-15,Merced,047,269075,3693,2156,2,2158,12
2020-07-15,Modoc,049,8938,1,0,0,0,0
2020-07-15,Mono,051,14174,95,52,2,54,1
2020-07-15,Monterey,053,433212,3795,2780,12,2792,18
2020-07-15,Napa,055,140530,830,573,0,573,5
2020-07-15,Nevada,057,99092,274,185,7,192,1
2020-07-15,Orange,059,3164182,36068,27718,471,28189,454
2020-07-15,Placer,061,380077,1651,1145,3,1148,11
2020-07-15,Plumas,063,18699,25,16,0,16,0
2020-07-15,Riverside,065,2383286,35840,28492,35,28527,568
2020-07-15,Sacramento,067,1510023,8686,6217,10,6227,91
2020-07-15,San Benito,069,59416,503,388,0,388,2
2020-07-15,San Bernardino,071,2135413,31020,21508,57,21565,317
2020-07-15,San Diego,073,3302833,26530,21448,2,21450,448
2020-07-15,San Francisco,075,870044,5708,4757,5,4762,50
2020-07-15,San Joaquin,077,732212,10408,7381,4,7385,75
2020-07-15,San Luis Obispo,079,281455,1568,1097,7,1104,6
2020-07-15,San Mateo,081,765935,5115,4258,7,4265,109
2020-07-15,Santa Barbara,083,443738,5573,4733,46,4779,28
2020-07-15,Santa Clara,085,1922200,9479,6900,24,6924,164
2020-07-15,Santa Cruz,087,273765,894,660,6,666,3
2020-07-15,Shasta,089,179085,336,193,1,194,7
2020-07-15,Sierra,091,2930,1,1,0,1,0
2020-07-15,Siskiyou,093,43540,66,38,0,38,0
2020-07-15,Solano,095,438530,3283,2343,10,2353,25
2020-07-15,Sonoma,097,501317,2601,1920,6,1926,14
2020-07-15,Stanislaus,099,539301,8272,5777,11,5788,56
2020-07-15,Sutter,101,95872,543,433,0,433,2
2020-07-15,Tehama,103,63373,180,126,2,128,1
2020-07-15,Trinity,105,12862,22,2,5,7,0
2020-07-15,Tulare,107,460477,8526,6320,26,6346,156
2020-07-15,Tuolumne,109,53932,110,68,4,72,0
2020-07-15,Ventura,111,848112,6875,5087,25,5112,50
2020-07-15,Yolo,113,214977,1378,1002,3,1005,27
2020-07-15,Yuba,115,75493,278,221,0,221,1
2020-07-14,Alameda,001,1643700,10336,8388,11,8399,151
2020-07-14,Alpine,003,1148,2,1,0,1,0
2020-07-14,Amador,005,37829,69,44,0,44,0
2020-07-14,Butte,007,227075,712,382,21,403,4
2020-07-14,Calaveras,009,45235,95,74,0,74,0
2020-07-14,Colusa,011,21464,248,128,0,128,0
2020-07-14,Contra Costa,013,1133247,7025,5110,15,5125,90
2020-07-14,Del Norte,015,27424,80,60,0,60,0
2020-07-14,El Dorado,017,186661,566,324,6,330,0
2020-07-14,Fresno,019,978130,15787,8941,123,9064,98
2020-07-14,Glenn,021,27897,268,177,0,177,0
2020-07-14,Humboldt,023,135768,210,175,1,176,4
2020-07-14,Imperial,025,180216,9414,7095,5,7100,109
2020-07-14,Inyo,027,18085,42,35,1,36,1
2020-07-14,Kern,029,883053,17641,6979,59,7038,107
2020-07-14,Kings,031,150075,3551,2867,17,2884,37
2020-07-14,Lake,033,64148,171,120,0,120,1
2020-07-14,Lassen,035,31185,503,263,2,265,0
2020-07-14,Los Angeles,037,10098052,161245,140632,230,140862,3900
2020-07-14,Madera,039,155013,1818,1118,3,1121,4
2020-07-14,Marin,041,260295,4482,3451,5,3456,21
2020-07-14,Mariposa,043,17540,41,32,0,32,1
2020-07-14,Mendocino,045,87422,184,110,0,110,0
2020-07-14,Merced,047,269075,3514,2084,2,2086,12
2020-07-14,Modoc,049,8938,1,0,0,0,0
2020-07-14,Mono,051,14174,85,48,2,50,1
2020-07-14,Monterey,053,433212,3682,2724,12,2736,18
2020-07-14,Napa,055,140530,774,557,0,557,4
2020-07-14,Nevada,057,99092,257,180,6,186,1
2020-07-14,Orange,059,3164182,35188,26915,423,27338,432
2020-07-14,Placer,061,380077,1593,1122,3,1125,11
2020-07-14,Plumas,063,18699,24,14,0,14,0
2020-07-14,Riverside,065,2383286,35083,27850,34,27884,547
2020-07-14,Sacramento,067,1510023,8332,5978,10,5988,87
2020-07-14,San Benito,069,59416,484,360,0,360,2
2020-07-14,San Bernardino,071,2135413,30168,20489,47,20536,316
2020-07-14,San Diego,073,3302833,25910,20887,2,20889,436
2020-07-14,San Francisco,075,870044,5557,4659,4,4663,50
2020-07-14,San Joaquin,077,732212,9981,7143,4,7147,75
2020-07-14,San Luis Obispo,079,281455,1530,1060,7,1067,5
2020-07-14,San Mateo,081,765935,5022,4173,7,4180,108
2020-07-14,Santa Barbara,083,443738,5449,4641,44,4685,28
2020-07-14,Santa Clara,085,1922200,9151,6686,21,6707,164
2020-07-14,Santa Cruz,087,273765,855,639,6,645,3
2020-07-14,Shasta,089,179085,327,190,1,191,7
2020-07-14,Sierra,091,2930,1,1,0,1,0
2020-07-14,Siskiyou,093,43540,65,38,0,38,0
2020-07-14,Solano,095,438530,3184,2266,9,2275,25
2020-07-14,Sonoma,097,501317,2508,1866,6,1872,14
2020-07-14,Stanislaus,099,539301,7897,5631,10,5641,53
2020-07-14,Sutter,101,95872,524,405,0,405,2
2020-07-14,Tehama,103,63373,168,123,2,125,1
2020-07-14,Trinity,105,12862,21,2,5,7,0
2020-07-14,Tulare,107,460477,8280,6199,26,6225,156
2020-07-14,Tuolumne,109,53932,105,68,4,72,0
2020-07-14,Ventura,111,848112,6714,4950,25,4975,50
2020-07-14,Yolo,113,214977,1331,966,3,969,27
2020-07-14,Yuba,115,75493,261,210,0,210,1
2020-07-13,Alameda,001,1643700,10027,8115,11,8126,148
2020-07-13,Alpine,003,1148,2,1,0,1,0
2020-07-13,Amador,005,37829,65,42,0,42,0
2020-07-13,Butte,007,227075,676,354,21,375,4
2020-07-13,Calaveras,009,45235,87,63,0,63,0
2020-07-13,Colusa,011,21464,242,116,0,116,0
2020-07-13,Contra Costa,013,1133247,6755,4882,13,4895,88
2020-07-13,Del Norte,015,27424,74,59,0,59,0
2020-07-13,El Dorado,017,186661,535,298,6,304,0
2020-07-13,Fresno,019,978130,15358,8666,118,8784,95
2020-07-13,Glenn,021,27897,261,168,0,168,0
2020-07-13,Humboldt,023,135768,205,174,1,175,4
2020-07-13,Imperial,025,180216,9327,7052,5,7057,109
2020-07-13,Inyo,027,18085,41,35,1,36,1
2020-07-13,Kern,029,883053,16956,6808,53,6861,107
2020-07-13,Kings,031,150075,3500,2824,17,2841,37
2020-07-13,Lake,033,64148,166,118,0,118,1
2020-07-13,Lassen,035,31185,498,237,2,239,0
2020-07-13,Los Angeles,037,10098052,158010,136368,216,136584,3829
2020-07-13,Madera,039,155013,1749,1059,3,1062,4
2020-07-13,Marin,041,260295,4378,3402,5,3407,21
2020-07-13,Mariposa,043,17540,40,31,0,31,1
2020-07-13,Mendocino,045,87422,180,87,0,87,0
2020-07-13,Merced,047,269075,3365,2007,2,2009,12
2020-07-13,Modoc,049,8938,1,0,0,0,0
2020-07-13,Mono,051,14174,81,47,1,48,1
2020-07-13,Monterey,053,433212,3559,2613,9,2622,18
2020-07-13,Napa,055,140530,738,534,0,534,4
2020-07-13,Nevada,057,99092,243,172,6,178,1
2020-07-13,Orange,059,3164182,34324,25978,391,26369,423
2020-07-13,Placer,061,380077,1548,1096,3,1099,11
2020-07-13,Plumas,063,18699,22,14,0,14,0
2020-07-13,Riverside,065,2383286,34156,27136,32,27168,545
2020-07-13,Sacramento,067,1510023,8035,5747,10,5757,85
2020-07-13,San Benito,069,59416,471,343,0,343,2
2020-07-13,San Bernardino,071,2135413,29293,19610,40,19650,313
2020-07-13,San Diego,073,3302833,25343,20348,2,20350,422
2020-07-13,San Francisco,075,870044,5430,4534,3,4537,50
2020-07-13,San Joaquin,077,732212,9566,6927,4,6931,71
2020-07-13,San Luis Obispo,079,281455,1499,989,7,996,5
2020-07-13,San Mateo,081,765935,4891,4057,7,4064,108
2020-07-13,Santa Barbara,083,443738,5335,4441,43,4484,28
2020-07-13,Santa Clara,085,1922200,8828,6488,20,6508,164
2020-07-13,Santa Cruz,087,273765,817,574,6,580,3
2020-07-13,Shasta,089,179085,316,185,1,186,6
2020-07-13,Sierra,091,2930,1,1,0,1,0
2020-07-13,Siskiyou,093,43540,61,37,0,37,0
2020-07-13,Solano,095,438530,3072,2046,9,2055,23
2020-07-13,Sonoma,097,501317,2397,1818,6,1824,14
2020-07-13,Stanislaus,099,539301,7594,5324,9,5333,53
2020-07-13,Sutter,101,95872,486,379,0,379,2
2020-07-13,Tehama,103,63373,155,112,2,114,1
2020-07-13,Trinity,105,12862,21,2,5,7,0
2020-07-13,Tulare,107,460477,8019,5930,24,5954,147
2020-07-13,Tuolumne,109,53932,97,56,4,60,0
2020-07-13,Ventura,111,848112,6524,4800,22,4822,50
2020-07-13,Yolo,113,214977,1285,941,3,944,27
2020-07-13,Yuba,115,75493,246,194,0,194,1
2020-07-12,Alameda,001,1643700,9757,8056,11,8067,148
2020-07-12,Alpine,003,1148,2,1,0,1,0
2020-07-12,Amador,005,37829,55,40,0,40,0
2020-07-12,Butte,007,227075,626,341,20,361,4
2020-07-12,Calaveras,009,45235,87,62,0,62,0
2020-07-12,Colusa,011,21464,208,116,0,116,0
2020-07-12,Contra Costa,013,1133247,6487,4708,11,4719,88
2020-07-12,Del Norte,015,27424,63,59,0,59,0
2020-07-12,El Dorado,017,186661,513,290,6,296,0
2020-07-12,Fresno,019,978130,14935,8407,113,8520,95
2020-07-12,Glenn,021,27897,248,166,0,166,0
2020-07-12,Humboldt,023,135768,201,174,1,175,4
2020-07-12,Imperial,025,180216,9213,6999,5,7004,109
2020-07-12,Inyo,027,18085,39,35,1,36,1
2020-07-12,Kern,029,883053,16213,6662,50,6712,105
2020-07-12,Kings,031,150075,3438,2779,17,2796,34
2020-07-12,Lake,033,64148,157,114,0,114,1
2020-07-12,Lassen,035,31185,491,237,2,239,0
2020-07-12,Los Angeles,037,10098052,154587,133830,187,134017,3816
2020-07-12,Madera,039,155013,1693,1025,3,1028,4
2020-07-12,Marin,041,260295,4302,3358,5,3363,21
2020-07-12,Mariposa,043,17540,39,31,0,31,1
2020-07-12,Mendocino,045,87422,161,88,0,88,0
2020-07-12,Merced,047,269075,3235,1908,2,1910,12
2020-07-12,Modoc,049,8938,1,0,0,0,0
2020-07-12,Mono,051,14174,71,45,1,46,1
2020-07-12,Monterey,053,433212,3444,2521,9,2530,18
2020-07-12,Napa,055,140530,707,519,0,519,4
2020-07-12,Nevada,057,99092,233,166,6,172,1
2020-07-12,Orange,059,3164182,33449,25399,382,25781,422
2020-07-12,Placer,061,380077,1491,1058,3,1061,11
2020-07-12,Plumas,063,18699,21,14,0,14,0
2020-07-12,Riverside,065,2383286,33398,26404,31,26435,542
2020-07-12,Sacramento,067,1510023,7723,5515,8,5523,85
2020-07-12,San Benito,069,59416,456,324,0,324,2
2020-07-12,San Bernardino,071,2135413,28381,19042,36,19078,312
2020-07-12,San Diego,073,3302833,24713,19929,2,19931,422
2020-07-12,San Francisco,075,870044,5281,4535,3,4538,50
2020-07-12,San Joaquin,077,732212,9203,6703,4,6707,71
2020-07-12,San Luis Obispo,079,281455,1452,972,7,979,5
2020-07-12,San Mateo,081,765935,4773,3988,7,3995,108
2020-07-12,Santa Barbara,083,443738,5205,4353,42,4395,28
2020-07-12,Santa Clara,085,1922200,8590,6252,19,6271,164
2020-07-12,Santa Cruz,087,273765,775,573,5,578,3
2020-07-12,Shasta,089,179085,310,173,1,174,6
2020-07-12,Sierra,091,2930,1,1,0,1,0
2020-07-12,Siskiyou,093,43540,59,36,0,36,0
2020-07-12,Solano,095,438530,2947,2037,9,2046,23
2020-07-12,Sonoma,097,501317,2303,1743,6,1749,13
2020-07-12,Stanislaus,099,539301,7290,5177,9,5186,53
2020-07-12,Sutter,101,95872,468,362,0,362,2
2020-07-12,Tehama,103,63373,148,111,2,113,1
2020-07-12,Trinity,105,12862,21,2,5,7,0
2020-07-12,Tulare,107,460477,7763,5864,23,5887,146
2020-07-12,Tuolumne,109,53932,90,52,4,56,0
2020-07-12,Ventura,111,848112,6308,4724,21,4745,50
2020-07-12,Yolo,113,214977,1244,889,3,892,27
2020-07-12,Yuba,115,75493,235,188,0,188,1
2020-07-11,Alameda,001,1643700,9654,7845,11,7856,148
2020-07-11,Alpine,003,1148,2,1,0,1,0
2020-07-11,Amador,005,37829,51,37,0,37,0
2020-07-11,Butte,007,227075,610,325,20,345,4
2020-07-11,Calaveras,009,45235,84,62,0,62,0
2020-07-11,Colusa,011,21464,203,110,0,110,0
2020-07-11,Contra Costa,013,1133247,6372,4650,11,4661,87
2020-07-11,Del Norte,015,27424,63,59,0,59,0
2020-07-11,El Dorado,017,186661,502,283,6,289,0
2020-07-11,Fresno,019,978130,14674,8086,110,8196,95
2020-07-11,Glenn,021,27897,240,161,0,161,0
2020-07-11,Humboldt,023,135768,200,174,1,175,4
2020-07-11,Imperial,025,180216,9174,6884,5,6889,109
2020-07-11,Inyo,027,18085,39,35,1,36,1
2020-07-11,Kern,029,883053,15856,6509,49,6558,103
2020-07-11,Kings,031,150075,3411,2753,17,2770,33
2020-07-11,Lake,033,64148,156,110,0,110,1
2020-07-11,Lassen,035,31185,490,237,2,239,0
2020-07-11,Los Angeles,037,10098052,152867,130479,177,130656,3802
2020-07-11,Madera,039,155013,1652,988,3,991,4
2020-07-11,Marin,041,260295,4274,3191,5,3196,21
2020-07-11,Mariposa,043,17540,39,31,0,31,1
2020-07-11,Mendocino,045,87422,157,88,0,88,0
2020-07-11,Merced,047,269075,3154,1851,2,1853,12
2020-07-11,Modoc,049,8938,1,0,0,0,0
2020-07-11,Mono,051,14174,68,45,1,46,1
2020-07-11,Monterey,053,433212,3355,2376,8,2384,18
2020-07-11,Napa,055,140530,695,509,0,509,4
2020-07-11,Nevada,057,99092,224,163,5,168,1
2020-07-11,Orange,059,3164182,33072,24430,368,24798,422
2020-07-11,Placer,061,380077,1457,1029,3,1032,11
2020-07-11,Plumas,063,18699,21,12,0,12,0
2020-07-11,Riverside,065,2383286,33007,25994,31,26025,538
2020-07-11,Sacramento,067,1510023,7549,5367,8,5375,84
2020-07-11,San Benito,069,59416,441,314,0,314,2
2020-07-11,San Bernardino,071,2135413,27944,18907,34,18941,310
2020-07-11,San Diego,073,3302833,24321,19371,2,19373,422
2020-07-11,San Francisco,075,870044,5185,4430,2,4432,50
2020-07-11,San Joaquin,077,732212,9025,6518,4,6522,72
2020-07-11,San Luis Obispo,079,281455,1404,930,7,937,4
2020-07-11,San Mateo,081,765935,4705,3956,7,3963,108
2020-07-11,Santa Barbara,083,443738,5136,4283,41,4324,28
2020-07-11,Santa Clara,085,1922200,8430,5959,19,5978,164
2020-07-11,Santa Cruz,087,273765,744,571,5,576,3
2020-07-11,Shasta,089,179085,303,168,1,169,6
2020-07-11,Sierra,091,2930,1,1,0,1,0
2020-07-11,Siskiyou,093,43540,59,36,0,36,0
2020-07-11,Solano,095,438530,2906,2034,9,2043,23
2020-07-11,Sonoma,097,501317,2265,1690,6,1696,13
2020-07-11,Stanislaus,099,539301,7150,4911,9,4920,51
2020-07-11,Sutter,101,95872,452,352,0,352,2
2020-07-11,Tehama,103,63373,146,111,2,113,1
2020-07-11,Trinity,105,12862,21,2,5,7,0
2020-07-11,Tulare,107,460477,7657,5780,23,5803,149
2020-07-11,Tuolumne,109,53932,87,50,4,54,0
2020-07-11,Ventura,111,848112,6212,4545,20,4565,49
2020-07-11,Yolo,113,214977,1215,833,3,836,27
2020-07-11,Yuba,115,75493,225,175,0,175,1
2020-07-10,Alameda,001,1643700,9497,7551,11,7562,147
2020-07-10,Alpine,003,1148,2,1,0,1,0
2020-07-10,Amador,005,37829,47,37,0,37,0
2020-07-10,Butte,007,227075,599,318,20,338,4
2020-07-10,Calaveras,009,45235,84,61,0,61,0
2020-07-10,Colusa,011,21464,197,103,0,103,0
2020-07-10,Contra Costa,013,1133247,6233,4482,11,4493,86
2020-07-10,Del Norte,015,27424,63,57,0,57,0
2020-07-10,El Dorado,017,186661,484,266,6,272,0
2020-07-10,Fresno,019,978130,14342,7760,107,7867,93
2020-07-10,Glenn,021,27897,235,157,0,157,0
2020-07-10,Humboldt,023,135768,199,168,1,169,4
2020-07-10,Imperial,025,180216,9129,6878,4,6882,98
2020-07-10,Inyo,027,18085,39,35,1,36,1
2020-07-10,Kern,029,883053,15424,6344,48,6392,102
2020-07-10,Kings,031,150075,3375,2707,17,2724,33
2020-07-10,Lake,033,64148,149,104,0,104,1
2020-07-10,Lassen,035,31185,489,235,2,237,0
2020-07-10,Los Angeles,037,10098052,150444,127503,171,127674,3750
2020-07-10,Madera,039,155013,1606,914,3,917,4
2020-07-10,Marin,041,260295,4211,3101,5,3106,21
2020-07-10,Mariposa,043,17540,38,31,0,31,1
2020-07-10,Mendocino,045,87422,149,88,0,88,0
2020-07-10,Merced,047,269075,3075,1802,2,1804,12
2020-07-10,Modoc,049,8938,1,0,0,0,0
2020-07-10,Mono,051,14174,67,45,1,46,1
2020-07-10,Monterey,053,433212,3277,2285,8,2293,18
2020-07-10,Napa,055,140530,684,496,0,496,4
2020-07-10,Nevada,057,99092,219,161,5,166,1
2020-07-10,Orange,059,3164182,32486,23692,365,24057,416
2020-07-10,Placer,061,380077,1415,1002,3,1005,11
2020-07-10,Plumas,063,18699,19,12,0,12,0
2020-07-10,Riverside,065,2383286,32489,25481,31,25512,533
2020-07-10,Sacramento,067,1510023,7294,5181,8,5189,81
2020-07-10,San Benito,069,59416,432,302,0,302,2
2020-07-10,San Bernardino,071,2135413,27420,18242,31,18273,308
2020-07-10,San Diego,073,3302833,23937,18862,2,18864,420
2020-07-10,San Francisco,075,870044,5094,4305,2,4307,50
2020-07-10,San Joaquin,077,732212,8792,6225,4,6229,67
2020-07-10,San Luis Obispo,079,281455,1366,891,7,898,4
2020-07-10,San Mateo,081,765935,4640,3844,7,3851,107
2020-07-10,Santa Barbara,083,443738,5039,4177,40,4217,28
2020-07-10,Santa Clara,085,1922200,8206,5819,19,5838,164
2020-07-10,Santa Cruz,087,273765,716,540,5,545,3
2020-07-10,Shasta,089,179085,299,158,1,159,6
2020-07-10,Sierra,091,2930,1,1,0,1,0
2020-07-10,Siskiyou,093,43540,59,31,0,31,0
2020-07-10,Solano,095,438530,2859,1950,9,1959,23
2020-07-10,Sonoma,097,501317,2218,1606,5,1611,13
2020-07-10,Stanislaus,099,539301,6980,4781,9,4790,46
2020-07-10,Sutter,101,95872,445,338,0,338,2
2020-07-10,Tehama,103,63373,145,107,2,109,1
2020-07-10,Trinity,105,12862,21,2,5,7,0
2020-07-10,Tulare,107,460477,7520,5677,23,5700,150
2020-07-10,Tuolumne,109,53932,86,49,4,53,0
2020-07-10,Ventura,111,848112,6098,4416,20,4436,48
2020-07-10,Yolo,113,214977,1191,794,3,797,27
2020-07-10,Yuba,115,75493,211,164,0,164,1
2020-07-09,Alameda,001,1643700,9267,7433,11,7444,146
2020-07-09,Alpine,003,1148,2,1,0,1,0
2020-07-09,Amador,005,37829,44,36,0,36,0
2020-07-09,Butte,007,227075,567,295,19,314,4
2020-07-09,Calaveras,009,45235,83,59,0,59,0
2020-07-09,Colusa,011,21464,189,97,0,97,0
2020-07-09,Contra Costa,013,1133247,5992,4388,11,4399,86
2020-07-09,Del Norte,015,27424,63,57,0,57,0
2020-07-09,El Dorado,017,186661,459,255,5,260,0
2020-07-09,Fresno,019,978130,13887,7385,104,7489,90
2020-07-09,Glenn,021,27897,225,150,0,150,0
2020-07-09,Humboldt,023,135768,196,166,1,167,4
2020-07-09,Imperial,025,180216,9031,6778,4,6782,87
2020-07-09,Inyo,027,18085,37,35,1,36,1
2020-07-09,Kern,029,883053,14778,6100,46,6146,95
2020-07-09,Kings,031,150075,3312,2686,17,2703,33
2020-07-09,Lake,033,64148,146,99,0,99,1
2020-07-09,Lassen,035,31185,433,221,2,223,0
2020-07-09,Los Angeles,037,10098052,147186,125062,148,125210,3698
2020-07-09,Madera,039,155013,1529,850,3,853,4
2020-07-09,Marin,041,260295,4061,2975,4,2979,20
2020-07-09,Mariposa,043,17540,38,32,0,32,1
2020-07-09,Mendocino,045,87422,145,88,0,88,0
2020-07-09,Merced,047,269075,2941,1728,2,1730,11
2020-07-09,Modoc,049,8938,1,0,0,0,0
2020-07-09,Mono,051,14174,63,45,1,46,1
2020-07-09,Monterey,053,433212,3152,2223,8,2231,17
2020-07-09,Napa,055,140530,667,468,0,468,4
2020-07-09,Nevada,057,99092,213,156,5,161,1
2020-07-09,Orange,059,3164182,31514,22960,347,23307,407
2020-07-09,Placer,061,380077,1373,982,3,985,11
2020-07-09,Plumas,063,18699,19,12,0,12,0
2020-07-09,Riverside,065,2383286,31596,24980,30,25010,529
2020-07-09,Sacramento,067,1510023,6967,4950,8,4958,81
2020-07-09,San Benito,069,59416,416,295,0,295,2
2020-07-09,San Bernardino,071,2135413,26550,17339,25,17364,307
2020-07-09,San Diego,073,3302833,23345,18404,2,18406,415
2020-07-09,San Francisco,075,870044,4962,4143,2,4145,50
2020-07-09,San Joaquin,077,732212,8433,6004,4,6008,66
2020-07-09,San Luis Obispo,079,281455,1325,869,7,876,3
2020-07-09,San Mateo,081,765935,4514,3792,7,3799,106
2020-07-09,Santa Barbara,083,443738,4907,4068,40,4108,28
2020-07-09,Santa Clara,085,1922200,7945,5638,19,5657,164
2020-07-09,Santa Cruz,087,273765,689,526,5,531,3
2020-07-09,Shasta,089,179085,293,155,1,156,5
2020-07-09,Sierra,091,2930,1,1,0,1,0
2020-07-09,Siskiyou,093,43540,55,31,0,31,0
2020-07-09,Solano,095,438530,2761,1892,9,1901,23
2020-07-09,Sonoma,097,501317,2132,1584,5,1589,13
2020-07-09,Stanislaus,099,539301,6665,4633,8,4641,46
2020-07-09,Sutter,101,95872,428,321,0,321,2
2020-07-09,Tehama,103,63373,140,102,2,104,1
2020-07-09,Trinity,105,12862,21,2,5,7,0
2020-07-09,Tulare,107,460477,7301,5501,22,5523,146
2020-07-09,Tuolumne,109,53932,85,47,4,51,0
2020-07-09,Ventura,111,848112,5930,4278,20,4298,47
2020-07-09,Yolo,113,214977,1143,764,3,767,27
2020-07-09,Yuba,115,75493,194,152,0,152,1
2020-07-08,Alameda,001,1643700,8977,7335,11,7346,142
2020-07-08,Alpine,003,1148,2,1,0,1,0
2020-07-08,Amador,005,37829,41,35,0,35,0
2020-07-08,Butte,007,227075,530,281,19,300,3
2020-07-08,Calaveras,009,45235,78,58,0,58,0
2020-07-08,Colusa,011,21464,176,90,0,90,0
2020-07-08,Contra Costa,013,1133247,5746,4268,9,4277,84
2020-07-08,Del Norte,015,27424,61,57,0,57,0
2020-07-08,El Dorado,017,186661,437,248,5,253,0
2020-07-08,Fresno,019,978130,13472,7102,95,7197,86
2020-07-08,Glenn,021,27897,214,146,0,146,0
2020-07-08,Humboldt,023,135768,193,162,1,163,4
2020-07-08,Imperial,025,180216,8944,6727,4,6731,76
2020-07-08,Inyo,027,18085,37,35,1,36,1
2020-07-08,Kern,029,883053,14200,5873,44,5917,91
2020-07-08,Kings,031,150075,3253,2629,14,2643,33
2020-07-08,Lake,033,64148,139,97,0,97,1
2020-07-08,Lassen,035,31185,337,221,2,223,0
2020-07-08,Los Angeles,037,10098052,143980,123462,120,123582,3650
2020-07-08,Madera,039,155013,1459,828,3,831,4
2020-07-08,Marin,041,260295,3962,2756,4,2760,17
2020-07-08,Mariposa,043,17540,38,31,0,31,1
2020-07-08,Mendocino,045,87422,132,84,0,84,0
2020-07-08,Merced,047,269075,2820,1578,2,1580,11
2020-07-08,Modoc,049,8938,1,0,0,0,0
2020-07-08,Mono,051,14174,60,45,0,45,1
2020-07-08,Monterey,053,433212,3034,2182,7,2189,17
2020-07-08,Napa,055,140530,645,468,0,468,4
2020-07-08,Nevada,057,99092,204,156,5,161,1
2020-07-08,Orange,059,3164182,30561,22088,342,22430,378
2020-07-08,Placer,061,380077,1326,948,3,951,11
2020-07-08,Plumas,063,18699,19,12,0,12,0
2020-07-08,Riverside,065,2383286,30632,24042,29,24071,508
2020-07-08,Sacramento,067,1510023,6678,4799,8,4807,80
2020-07-08,San Benito,069,59416,399,282,0,282,2
2020-07-08,San Bernardino,071,2135413,25696,16510,21,16531,296
2020-07-08,San Diego,073,3302833,22775,17844,2,17846,406
2020-07-08,San Francisco,075,870044,4873,4093,2,4095,50
2020-07-08,San Joaquin,077,732212,8090,5759,4,5763,61
2020-07-08,San Luis Obispo,079,281455,1273,825,7,832,2
2020-07-08,San Mateo,081,765935,4394,3733,7,3740,106
2020-07-08,Santa Barbara,083,443738,4788,3985,40,4025,28
2020-07-08,Santa Clara,085,1922200,7711,5510,19,5529,164
2020-07-08,Santa Cruz,087,273765,656,509,4,513,3
2020-07-08,Shasta,089,179085,284,148,1,149,6
2020-07-08,Sierra,091,2930,1,1,0,1,0
2020-07-08,Siskiyou,093,43540,55,31,0,31,0
2020-07-08,Solano,095,438530,2645,1821,9,1830,23
2020-07-08,Sonoma,097,501317,2056,1495,5,1500,9
2020-07-08,Stanislaus,099,539301,6365,4344,8,4352,46
2020-07-08,Sutter,101,95872,403,298,0,298,2
2020-07-08,Tehama,103,63373,134,100,2,102,1
2020-07-08,Trinity,105,12862,20,2,5,7,0
2020-07-08,Tulare,107,460477,7109,5307,17,5324,138
2020-07-08,Tuolumne,109,53932,81,42,4,46,0
2020-07-08,Ventura,111,848112,5765,4139,20,4159,47
2020-07-08,Yolo,113,214977,1099,727,3,730,26
2020-07-08,Yuba,115,75493,181,145,0,145,1
2020-07-07,Alameda,001,1643700,8657,7097,10,7107,141
2020-07-07,Alpine,003,1148,2,1,0,1,0
2020-07-07,Amador,005,37829,41,33,0,33,0
2020-07-07,Butte,007,227075,487,269,19,288,3
2020-07-07,Calaveras,009,45235,76,58,0,58,0
2020-07-07,Colusa,011,21464,143,84,0,84,0
2020-07-07,Contra Costa,013,1133247,5508,4131,8,4139,84
2020-07-07,Del Norte,015,27424,61,57,0,57,0
2020-07-07,El Dorado,017,186661,417,244,5,249,0
2020-07-07,Fresno,019,978130,13019,6738,95,6833,84
2020-07-07,Glenn,021,27897,205,145,0,145,0
2020-07-07,Humboldt,023,135768,190,150,1,151,4
2020-07-07,Imperial,025,180216,8846,6678,4,6682,51
2020-07-07,Inyo,027,18085,36,32,1,33,1
2020-07-07,Kern,029,883053,13501,5645,40,5685,88
2020-07-07,Kings,031,150075,3190,2623,13,2636,33
2020-07-07,Lake,033,64148,129,94,0,94,1
2020-07-07,Lassen,035,31185,266,219,2,221,0
2020-07-07,Los Angeles,037,10098052,140401,121026,113,121139,3588
2020-07-07,Madera,039,155013,1415,794,3,797,4
2020-07-07,Marin,041,260295,3870,2627,4,2631,17
2020-07-07,Mariposa,043,17540,38,31,0,31,1
2020-07-07,Mendocino,045,87422,124,82,0,82,0
2020-07-07,Merced,047,269075,2646,1531,2,1533,10
2020-07-07,Modoc,049,8938,1,0,0,0,0
2020-07-07,Mono,051,14174,59,42,0,42,1
2020-07-07,Monterey,053,433212,2891,2166,7,2173,17
2020-07-07,Napa,055,140530,626,459,0,459,4
2020-07-07,Nevada,057,99092,198,150,5,155,1
2020-07-07,Orange,059,3164182,29546,21741,329,22070,373
2020-07-07,Placer,061,380077,1285,930,3,933,11
2020-07-07,Plumas,063,18699,17,12,0,12,0
2020-07-07,Riverside,065,2383286,29617,23279,29,23308,499
2020-07-07,Sacramento,067,1510023,6336,4592,8,4600,76
2020-07-07,San Benito,069,59416,381,274,0,274,2
2020-07-07,San Bernardino,071,2135413,24826,16004,19,16023,277
2020-07-07,San Diego,073,3302833,22056,17580,2,17582,399
2020-07-07,San Francisco,075,870044,4781,4045,1,4046,50
2020-07-07,San Joaquin,077,732212,7748,5547,4,5551,59
2020-07-07,San Luis Obispo,079,281455,1212,795,7,802,2
2020-07-07,San Mateo,081,765935,4279,3691,7,3698,106
2020-07-07,Santa Barbara,083,443738,4660,3866,39,3905,27
2020-07-07,Santa Clara,085,1922200,7442,5438,19,5457,164
2020-07-07,Santa Cruz,087,273765,622,502,3,505,2
2020-07-07,Shasta,089,179085,271,144,1,145,6
2020-07-07,Sierra,091,2930,1,1,0,1,0
2020-07-07,Siskiyou,093,43540,54,30,0,30,0
2020-07-07,Solano,095,438530,2534,1776,8,1784,22
2020-07-07,Sonoma,097,501317,1986,1473,5,1478,8
2020-07-07,Stanislaus,099,539301,6027,4101,8,4109,46
2020-07-07,Sutter,101,95872,377,273,0,273,2
2020-07-07,Tehama,103,63373,125,95,2,97,1
2020-07-07,Trinity,105,12862,20,2,5,7,0
2020-07-07,Tulare,107,460477,6929,5189,16,5205,137
2020-07-07,Tuolumne,109,53932,75,40,4,44,0
2020-07-07,Ventura,111,848112,5596,3992,18,4010,46
2020-07-07,Yolo,113,214977,1031,706,3,709,26
2020-07-07,Yuba,115,75493,161,138,0,138,1
2020-07-06,Alameda,001,1643700,8422,6970,10,6980,141
2020-07-06,Alpine,003,1148,1,1,0,1,0
2020-07-06,Amador,005,37829,39,33,0,33,0
2020-07-06,Butte,007,227075,431,257,16,273,2
2020-07-06,Calaveras,009,45235,73,45,0,45,0
2020-07-06,Colusa,011,21464,134,80,0,80,0
2020-07-06,Contra Costa,013,1133247,5280,3901,7,3908,83
2020-07-06,Del Norte,015,27424,60,57,0,57,0
2020-07-06,El Dorado,017,186661,402,232,4,236,0
2020-07-06,Fresno,019,978130,12551,6364,89,6453,82
2020-07-06,Glenn,021,27897,197,129,0,129,0
2020-07-06,Humboldt,023,135768,188,148,1,149,3
2020-07-06,Imperial,025,180216,8728,6443,4,6447,47
2020-07-06,Inyo,027,18085,36,32,1,33,1
2020-07-06,Kern,029,883053,12695,5491,39,5530,82
2020-07-06,Kings,031,150075,3139,2583,9,2592,33
2020-07-06,Lake,033,64148,122,93,0,93,1
2020-07-06,Lassen,035,31185,264,219,2,221,0
2020-07-06,Los Angeles,037,10098052,136801,116707,100,116807,3541
2020-07-06,Madera,039,155013,1345,734,3,737,4
2020-07-06,Marin,041,260295,3630,2136,4,2140,17
2020-07-06,Mariposa,043,17540,36,31,0,31,1
2020-07-06,Mendocino,045,87422,107,72,0,72,0
2020-07-06,Merced,047,269075,2495,1396,2,1398,10
2020-07-06,Modoc,049,8938,1,0,0,0,0
2020-07-06,Mono,051,14174,58,40,0,40,1
2020-07-06,Monterey,053,433212,2802,2078,7,2085,15
2020-07-06,Napa,055,140530,608,454,0,454,4
2020-07-06,Nevada,057,99092,192,146,5,151,1
2020-07-06,Orange,059,3164182,28482,20167,292,20459,372
2020-07-06,Placer,061,380077,1222,904,3,907,11
2020-07-06,Plumas,063,18699,17,11,0,11,0
2020-07-06,Riverside,065,2383286,28562,22485,28,22513,477
2020-07-06,Sacramento,067,1510023,5985,4420,8,4428,71
2020-07-06,San Benito,069,59416,366,264,0,264,2
2020-07-06,San Bernardino,071,2135413,23972,15346,16,15362,272
2020-07-06,San Diego,073,3302833,21324,17002,2,17004,387
2020-07-06,San Francisco,075,870044,4660,3861,1,3862,50
2020-07-06,San Joaquin,077,732212,7377,5104,4,5108,57
2020-07-06,San Luis Obispo,079,281455,1154,751,7,758,2
2020-07-06,San Mateo,081,765935,4187,3650,6,3656,106
2020-07-06,Santa Barbara,083,443738,4523,3763,38,3801,27
2020-07-06,Santa Clara,085,1922200,7170,5369,19,5388,165
2020-07-06,Santa Cruz,087,273765,600,466,2,468,2
2020-07-06,Shasta,089,179085,261,143,1,144,6
2020-07-06,Sierra,091,2930,1,1,0,1,0
2020-07-06,Siskiyou,093,43540,50,30,0,30,0
2020-07-06,Solano,095,438530,2398,1668,8,1676,22
2020-07-06,Sonoma,097,501317,1922,1369,5,1374,8
2020-07-06,Stanislaus,099,539301,5625,3983,8,3991,46
2020-07-06,Sutter,101,95872,350,250,0,250,2
2020-07-06,Tehama,103,63373,122,95,2,97,1
2020-07-06,Trinity,105,12862,19,2,5,7,0
2020-07-06,Tulare,107,460477,6724,5039,14,5053,136
2020-07-06,Tuolumne,109,53932,72,30,4,34,0
2020-07-06,Ventura,111,848112,5403,3912,18,3930,44
2020-07-06,Yolo,113,214977,975,685,3,688,26
2020-07-06,Yuba,115,75493,147,124,0,124,1
2020-07-05,Alameda,001,1643700,8172,6861,10,6871,141
2020-07-05,Alpine,003,1148,1,1,0,1,0
2020-07-05,Amador,005,37829,37,31,0,31,0
2020-07-05,Butte,007,227075,396,248,16,264,2
2020-07-05,Calaveras,009,45235,69,45,0,45,0
2020-07-05,Colusa,011,21464,124,79,0,79,0
2020-07-05,Contra Costa,013,1133247,5033,3665,6,3671,80
2020-07-05,Del Norte,015,27424,60,57,0,57,0
2020-07-05,El Dorado,017,186661,384,227,4,231,0
2020-07-05,Fresno,019,978130,11985,6186,88,6274,82
2020-07-05,Glenn,021,27897,194,129,0,129,0
2020-07-05,Humboldt,023,135768,184,147,1,148,3
2020-07-05,Imperial,025,180216,8592,6441,4,6445,47
2020-07-05,Inyo,027,18085,35,32,1,33,1
2020-07-05,Kern,029,883053,11987,5351,39,5390,82
2020-07-05,Kings,031,150075,3056,2546,8,2554,31
2020-07-05,Lake,033,64148,122,92,0,92,1
2020-07-05,Lassen,035,31185,258,219,2,221,0
2020-07-05,Los Angeles,037,10098052,133570,115133,94,115227,3495
2020-07-05,Madera,039,155013,1268,564,3,567,4
2020-07-05,Marin,041,260295,3448,2080,4,2084,17
2020-07-05,Mariposa,043,17540,36,31,0,31,1
2020-07-05,Mendocino,045,87422,104,72,0,72,0
2020-07-05,Merced,047,269075,2351,1340,2,1342,10
2020-07-05,Modoc,049,8938,1,0,0,0,0
2020-07-05,Mono,051,14174,54,39,0,39,1
2020-07-05,Monterey,053,433212,2699,1994,7,2001,15
2020-07-05,Napa,055,140530,578,450,0,450,4
2020-07-05,Nevada,057,99092,186,141,5,146,1
2020-07-05,Orange,059,3164182,27541,19430,279,19709,372
2020-07-05,Placer,061,380077,1165,855,3,858,11
2020-07-05,Plumas,063,18699,16,11,0,11,0
2020-07-05,Riverside,065,2383286,27704,21511,28,21539,474
2020-07-05,Sacramento,067,1510023,5670,4265,7,4272,71
2020-07-05,San Benito,069,59416,348,258,0,258,2
2020-07-05,San Bernardino,071,2135413,23094,15026,16,15042,270
2020-07-05,San Diego,073,3302833,20633,16728,2,16730,387
2020-07-05,San Francisco,075,870044,4543,3861,1,3862,50
2020-07-05,San Joaquin,077,732212,7058,5015,4,5019,57
2020-07-05,San Luis Obispo,079,281455,1075,730,7,737,2
2020-07-05,San Mateo,081,765935,4077,3575,6,3581,106
2020-07-05,Santa Barbara,083,443738,4376,3671,35,3706,27
2020-07-05,Santa Clara,085,1922200,6874,5237,19,5256,162
2020-07-05,Santa Cruz,087,273765,582,467,0,467,2
2020-07-05,Shasta,089,179085,255,138,1,139,6
2020-07-05,Sierra,091,2930,1,1,0,1,0
2020-07-05,Siskiyou,093,43540,46,30,0,30,0
2020-07-05,Solano,095,438530,2277,1547,8,1555,22
2020-07-05,Sonoma,097,501317,1841,1369,5,1374,8
2020-07-05,Stanislaus,099,539301,5295,3777,7,3784,45
2020-07-05,Sutter,101,95872,322,241,0,241,2
2020-07-05,Tehama,103,63373,120,95,2,97,1
2020-07-05,Trinity,105,12862,19,2,5,7,0
2020-07-05,Tulare,107,460477,6465,4981,12,4993,135
2020-07-05,Tuolumne,109,53932,67,30,3,33,0
2020-07-05,Ventura,111,848112,5200,3866,18,3884,44
2020-07-05,Yolo,113,214977,935,644,3,647,26
2020-07-05,Yuba,115,75493,137,115,0,115,1
2020-07-04,Alameda,001,1643700,8060,6737,10,6747,141
2020-07-04,Alpine,003,1148,1,1,0,1,0
2020-07-04,Amador,005,37829,36,31,0,31,0
2020-07-04,Butte,007,227075,378,224,16,240,2
2020-07-04,Calaveras,009,45235,69,45,0,45,0
2020-07-04,Colusa,011,21464,123,76,0,76,0
2020-07-04,Contra Costa,013,1133247,4887,3583,6,3589,80
2020-07-04,Del Norte,015,27424,60,50,0,50,0
2020-07-04,El Dorado,017,186661,365,211,4,215,0
2020-07-04,Fresno,019,978130,11668,5999,86,6085,82
2020-07-04,Glenn,021,27897,187,128,0,128,0
2020-07-04,Humboldt,023,135768,177,144,1,145,3
2020-07-04,Imperial,025,180216,8543,6441,4,6445,47
2020-07-04,Inyo,027,18085,35,32,1,33,1
2020-07-04,Kern,029,883053,11683,5231,39,5270,81
2020-07-04,Kings,031,150075,3013,2509,8,2517,31
2020-07-04,Lake,033,64148,115,86,0,86,1
2020-07-04,Lassen,035,31185,258,219,2,221,0
2020-07-04,Los Angeles,037,10098052,131754,107256,83,107339,3462
2020-07-04,Madera,039,155013,1222,568,3,571,4
2020-07-04,Marin,041,260295,3419,1962,4,1966,17
2020-07-04,Mariposa,043,17540,36,28,0,28,1
2020-07-04,Mendocino,045,87422,104,72,0,72,0
2020-07-04,Merced,047,269075,2249,1252,2,1254,10
2020-07-04,Modoc,049,8938,1,0,0,0,0
2020-07-04,Mono,051,14174,54,37,0,37,1
2020-07-04,Monterey,053,433212,2619,1878,7,1885,15
2020-07-04,Napa,055,140530,569,426,0,426,4
2020-07-04,Nevada,057,99092,183,125,5,130,1
2020-07-04,Orange,059,3164182,27106,19247,266,19513,372
2020-07-04,Placer,061,380077,1130,796,3,799,11
2020-07-04,Plumas,063,18699,16,11,0,11,0
2020-07-04,Riverside,065,2383286,27338,21508,28,21536,474
2020-07-04,Sacramento,067,1510023,5499,4039,7,4046,71
2020-07-04,San Benito,069,59416,335,255,0,255,2
2020-07-04,San Bernardino,071,2135413,22668,14636,14,14650,270
2020-07-04,San Diego,073,3302833,20173,16166,2,16168,387
2020-07-04,San Francisco,075,870044,4451,3861,1,3862,50
2020-07-04,San Joaquin,077,732212,6846,4807,4,4811,57
2020-07-04,San Luis Obispo,079,281455,1035,699,7,706,2
2020-07-04,San Mateo,081,765935,4014,3532,6,3538,106
2020-07-04,Santa Barbara,083,443738,4301,3520,33,3553,27
2020-07-04,Santa Clara,085,1922200,6683,5045,18,5063,161
2020-07-04,Santa Cruz,087,273765,572,466,0,466,2
2020-07-04,Shasta,089,179085,252,135,1,136,6
2020-07-04,Sierra,091,2930,1,1,0,1,0
2020-07-04,Siskiyou,093,43540,39,30,0,30,0
2020-07-04,Solano,095,438530,2241,1548,8,1556,22
2020-07-04,Sonoma,097,501317,1815,1370,5,1375,8
2020-07-04,Stanislaus,099,539301,5137,3572,7,3579,44
2020-07-04,Sutter,101,95872,303,225,0,225,2
2020-07-04,Tehama,103,63373,117,92,2,94,1
2020-07-04,Trinity,105,12862,19,2,5,7,0
2020-07-04,Tulare,107,460477,6353,4802,12,4814,135
2020-07-04,Tuolumne,109,53932,63,30,3,33,0
2020-07-04,Ventura,111,848112,5076,3687,18,3705,44
2020-07-04,Yolo,113,214977,910,615,3,618,26
2020-07-04,Yuba,115,75493,130,102,0,102,1
2020-07-03,Alameda,001,1643700,7939,6486,10,6496,141
2020-07-03,Alpine,003,1148,1,1,0,1,0
2020-07-03,Amador,005,37829,36,25,0,25,0
2020-07-03,Butte,007,227075,366,212,16,228,2
2020-07-03,Calaveras,009,45235,69,44,0,44,0
2020-07-03,Colusa,011,21464,117,70,0,70,0
2020-07-03,Contra Costa,013,1133247,4751,3447,6,3453,78
2020-07-03,Del Norte,015,27424,60,50,0,50,0
2020-07-03,El Dorado,017,186661,353,201,4,205,0
2020-07-03,Fresno,019,978130,11363,5783,84,5867,81
2020-07-03,Glenn,021,27897,182,122,0,122,0
2020-07-03,Humboldt,023,135768,173,143,1,144,3
2020-07-03,Imperial,025,180216,8495,6345,4,6349,47
2020-07-03,Inyo,027,18085,35,32,1,33,1
2020-07-03,Kern,029,883053,11421,5213,39,5252,81
2020-07-03,Kings,031,150075,2977,2492,8,2500,31
2020-07-03,Lake,033,64148,108,83,0,83,0
2020-07-03,Lassen,035,31185,258,219,2,221,0
2020-07-03,Los Angeles,037,10098052,130241,107236,79,107315,3461
2020-07-03,Madera,039,155013,1178,565,3,568,4
2020-07-03,Marin,041,260295,3390,1776,4,1780,17
2020-07-03,Mariposa,043,17540,36,28,0,28,1
2020-07-03,Mendocino,045,87422,103,72,0,72,0
2020-07-03,Merced,047,269075,2183,1188,2,1190,10
2020-07-03,Modoc,049,8938,1,0,0,0,0
2020-07-03,Mono,051,14174,54,37,0,37,1
2020-07-03,Monterey,053,433212,2549,1804,7,1811,15
2020-07-03,Napa,055,140530,551,388,0,388,4
2020-07-03,Nevada,057,99092,182,125,5,130,1
2020-07-03,Orange,059,3164182,26715,18819,258,19077,366
2020-07-03,Placer,061,380077,1103,745,3,748,11
2020-07-03,Plumas,063,18699,16,11,0,11,0
2020-07-03,Riverside,065,2383286,27032,21171,28,21199,472
2020-07-03,Sacramento,067,1510023,5365,3711,7,3718,71
2020-07-03,San Benito,069,59416,328,243,0,243,2
2020-07-03,San Bernardino,071,2135413,22280,14040,14,14054,269
2020-07-03,San Diego,073,3302833,19718,15698,2,15700,387
2020-07-03,San Francisco,075,870044,4405,3781,1,3782,50
2020-07-03,San Joaquin,077,732212,6708,4416,3,4419,56
2020-07-03,San Luis Obispo,079,281455,1000,676,7,683,2
2020-07-03,San Mateo,081,765935,3957,3439,6,3445,106
2020-07-03,Santa Barbara,083,443738,4214,3406,32,3438,27
2020-07-03,Santa Clara,085,1922200,6571,4820,18,4838,161
2020-07-03,Santa Cruz,087,273765,558,436,0,436,2
2020-07-03,Shasta,089,179085,244,113,1,114,6
2020-07-03,Sierra,091,2930,1,1,0,1,0
2020-07-03,Siskiyou,093,43540,36,30,0,30,0
2020-07-03,Solano,095,438530,2197,1496,7,1503,22
2020-07-03,Sonoma,097,501317,1767,1282,5,1287,8
2020-07-03,Stanislaus,099,539301,5013,3021,7,3028,43
2020-07-03,Sutter,101,95872,293,205,0,205,2
2020-07-03,Tehama,103,63373,115,89,2,91,1
2020-07-03,Trinity,105,12862,19,2,5,7,0
2020-07-03,Tulare,107,460477,6238,4656,12,4668,134
2020-07-03,Tuolumne,109,53932,61,27,3,30,0
2020-07-03,Ventura,111,848112,4980,3536,18,3554,44
2020-07-03,Yolo,113,214977,876,586,3,589,25
2020-07-03,Yuba,115,75493,125,96,0,96,1
2020-07-02,Alameda,001,1643700,7813,6386,10,6396,139
2020-07-02,Alpine,003,1148,1,1,0,1,0
2020-07-02,Amador,005,37829,35,23,0,23,0
2020-07-02,Butte,007,227075,349,199,16,215,2
2020-07-02,Calaveras,009,45235,65,42,0,42,0
2020-07-02,Colusa,011,21464,109,60,0,60,0
2020-07-02,Contra Costa,013,1133247,4569,3347,6,3353,77
2020-07-02,Del Norte,015,27424,59,50,0,50,0
2020-07-02,El Dorado,017,186661,342,193,4,197,0
2020-07-02,Fresno,019,978130,10902,5402,83,5485,78
2020-07-02,Glenn,021,27897,176,114,0,114,0
2020-07-02,Humboldt,023,135768,169,138,1,139,3
2020-07-02,Imperial,025,180216,8394,6236,4,6240,47
2020-07-02,Inyo,027,18085,35,29,1,30,1
2020-07-02,Kern,029,883053,10886,5036,37,5073,78
2020-07-02,Kings,031,150075,2926,2419,8,2427,31
2020-07-02,Lake,033,64148,104,81,0,81,0
2020-07-02,Lassen,035,31185,256,218,2,220,0
2020-07-02,Los Angeles,037,10098052,128224,107144,56,107200,3458
2020-07-02,Madera,039,155013,1110,548,3,551,4
2020-07-02,Marin,041,260295,3304,1706,4,1710,17
2020-07-02,Mariposa,043,17540,35,28,0,28,1
2020-07-02,Mendocino,045,87422,99,71,0,71,0
2020-07-02,Merced,047,269075,2086,1122,2,1124,10
2020-07-02,Modoc,049,8938,1,0,0,0,0
2020-07-02,Mono,051,14174,54,37,0,37,1
2020-07-02,Monterey,053,433212,2489,1796,7,1803,15
2020-07-02,Napa,055,140530,534,352,0,352,4
2020-07-02,Nevada,057,99092,176,118,4,122,1
2020-07-02,Orange,059,3164182,25952,17056,245,17301,360
2020-07-02,Placer,061,380077,1079,740,3,743,11
2020-07-02,Plumas,063,18699,15,8,0,8,0
2020-07-02,Riverside,065,2383286,26458,20253,28,20281,458
2020-07-02,Sacramento,067,1510023,5138,3587,7,3594,70
2020-07-02,San Benito,069,59416,320,236,0,236,2
2020-07-02,San Bernardino,071,2135413,21744,13185,14,13199,260
2020-07-02,San Diego,073,3302833,19253,15208,2,15210,377
2020-07-02,San Francisco,075,870044,4310,3676,1,3677,50
2020-07-02,San Joaquin,077,732212,6361,4243,3,4246,56
2020-07-02,San Luis Obispo,079,281455,955,659,7,666,2
2020-07-02,San Mateo,081,765935,3877,3390,6,3396,107
2020-07-02,Santa Barbara,083,443738,4114,3385,30,3415,27
2020-07-02,Santa Clara,085,1922200,6444,4722,18,4740,160
2020-07-02,Santa Cruz,087,273765,535,414,0,414,2
2020-07-02,Shasta,089,179085,241,110,1,111,5
2020-07-02,Sierra,091,2930,1,1,0,1,0
2020-07-02,Siskiyou,093,43540,36,30,0,30,0
2020-07-02,Solano,095,438530,2114,1429,7,1436,21
2020-07-02,Sonoma,097,501317,1709,1244,5,1249,6
2020-07-02,Stanislaus,099,539301,4841,2850,7,2857,41
2020-07-02,Sutter,101,95872,282,195,0,195,2
2020-07-02,Tehama,103,63373,113,86,2,88,1
2020-07-02,Trinity,105,12862,19,2,5,7,0
2020-07-02,Tulare,107,460477,6071,4559,11,4570,132
2020-07-02,Tuolumne,109,53932,58,23,2,25,0
2020-07-02,Ventura,111,848112,4824,3394,18,3412,42
2020-07-02,Yolo,113,214977,844,554,3,557,24
2020-07-02,Yuba,115,75493,115,93,0,93,1
2020-07-01,Alameda,001,1643700,7595,6125,10,6135,137
2020-07-01,Alpine,003,1148,1,1,0,1,0
2020-07-01,Amador,005,37829,34,22,0,22,0
2020-07-01,Butte,007,227075,324,185,16,201,2
2020-07-01,Calaveras,009,45235,63,37,0,37,0
2020-07-01,Colusa,011,21464,103,53,0,53,0
2020-07-01,Contra Costa,013,1133247,4356,3259,6,3265,76
2020-07-01,Del Norte,015,27424,59,50,0,50,0
2020-07-01,El Dorado,017,186661,315,183,4,187,0
2020-07-01,Fresno,019,978130,10468,5111,80,5191,76
2020-07-01,Glenn,021,27897,170,110,0,110,0
2020-07-01,Humboldt,023,135768,164,134,0,134,3
2020-07-01,Imperial,025,180216,8297,6150,4,6154,46
2020-07-01,Inyo,027,18085,34,30,1,31,1
2020-07-01,Kern,029,883053,10252,4853,36,4889,78
2020-07-01,Kings,031,150075,2858,2360,8,2368,30
2020-07-01,Lake,033,64148,103,75,0,75,0
2020-07-01,Lassen,035,31185,255,217,2,219,0
2020-07-01,Los Angeles,037,10098052,125025,105325,47,105372,3408
2020-07-01,Madera,039,155013,1069,519,3,522,4
2020-07-01,Marin,041,260295,3147,1636,4,1640,17
2020-07-01,Mariposa,043,17540,35,29,0,29,1
2020-07-01,Mendocino,045,87422,95,70,0,70,0
2020-07-01,Merced,047,269075,1987,1052,2,1054,10
2020-07-01,Modoc,049,8938,1,0,0,0,0
2020-07-01,Mono,051,14174,51,37,0,37,1
2020-07-01,Monterey,053,433212,2381,1703,6,1709,15
2020-07-01,Napa,055,140530,511,347,0,347,4
2020-07-01,Nevada,057,99092,166,115,4,119,1
2020-07-01,Orange,059,3164182,25066,15662,224,15886,343
2020-07-01,Placer,061,380077,1032,713,3,716,11
2020-07-01,Plumas,063,18699,13,8,0,8,0
2020-07-01,Riverside,065,2383286,25615,19537,27,19564,457
2020-07-01,Sacramento,067,1510023,4883,3425,7,3432,64
2020-07-01,San Benito,069,59416,311,219,0,219,2
2020-07-01,San Bernardino,071,2135413,20850,12712,11,12723,253
2020-07-01,San Diego,073,3302833,18685,14624,2,14626,372
2020-07-01,San Francisco,075,870044,4217,3626,1,3627,50
2020-07-01,San Joaquin,077,732212,6003,3990,3,3993,54
2020-07-01,San Luis Obispo,079,281455,928,613,7,620,1
2020-07-01,San Mateo,081,765935,3815,3326,6,3332,84
2020-07-01,Santa Barbara,083,443738,3994,3268,29,3297,27
2020-07-01,Santa Clara,085,1922200,6258,4547,17,4564,159
2020-07-01,Santa Cruz,087,273765,511,398,0,398,2
2020-07-01,Shasta,089,179085,236,104,1,105,5
2020-07-01,Sierra,091,2930,1,1,0,1,0
2020-07-01,Siskiyou,093,43540,36,28,0,28,0
2020-07-01,Solano,095,438530,2022,1350,7,1357,21
2020-07-01,Sonoma,097,501317,1614,1178,5,1183,6
2020-07-01,Stanislaus,099,539301,4563,2619,7,2626,41
2020-07-01,Sutter,101,95872,269,188,0,188,2
2020-07-01,Tehama,103,63373,106,80,2,82,1
2020-07-01,Trinity,105,12862,19,2,4,6,0
2020-07-01,Tulare,107,460477,5894,4359,11,4370,128
2020-07-01,Tuolumne,109,53932,55,17,2,19,0
2020-07-01,Ventura,111,848112,4682,3224,16,3240,41
2020-07-01,Yolo,113,214977,793,526,3,529,24
2020-07-01,Yuba,115,75493,110,57,0,57,1
2020-06-30,Alameda,001,1643700,7348,5959,8,5967,137
2020-06-30,Alpine,003,1148,1,1,0,1,0
2020-06-30,Amador,005,37829,34,21,0,21,0
2020-06-30,Butte,007,227075,307,163,15,178,2
2020-06-30,Calaveras,009,45235,59,31,0,31,0
2020-06-30,Colusa,011,21464,94,33,0,33,0
2020-06-30,Contra Costa,013,1133247,4145,3140,6,3146,75
2020-06-30,Del Norte,015,27424,59,48,0,48,0
2020-06-30,El Dorado,017,186661,302,175,4,179,0
2020-06-30,Fresno,019,978130,10023,4826,75,4901,75
2020-06-30,Glenn,021,27897,165,96,0,96,0
2020-06-30,Humboldt,023,135768,160,132,0,132,3
2020-06-30,Imperial,025,180216,8198,5968,4,5972,45
2020-06-30,Inyo,027,18085,34,30,1,31,1
2020-06-30,Kern,029,883053,9605,4721,33,4754,75
2020-06-30,Kings,031,150075,2809,2315,5,2320,30
2020-06-30,Lake,033,64148,95,56,0,56,0
2020-06-30,Lassen,035,31185,248,215,2,217,0
2020-06-30,Los Angeles,037,10098052,121442,103640,44,103684,3378
2020-06-30,Madera,039,155013,1012,475,3,478,4
2020-06-30,Marin,041,260295,3076,1614,4,1618,17
2020-06-30,Mariposa,043,17540,34,27,0,27,1
2020-06-30,Mendocino,045,87422,90,65,0,65,0
2020-06-30,Merced,047,269075,1850,970,2,972,10
2020-06-30,Modoc,049,8938,1,0,0,0,0
2020-06-30,Mono,051,14174,49,36,0,36,1
2020-06-30,Monterey,053,433212,2284,1657,6,1663,15
2020-06-30,Napa,055,140530,486,342,0,342,4
2020-06-30,Nevada,057,99092,158,113,4,117,1
2020-06-30,Orange,059,3164182,24132,14354,214,14568,335
2020-06-30,Placer,061,380077,1005,667,3,670,11
2020-06-30,Plumas,063,18699,12,8,0,8,0
2020-06-30,Riverside,065,2383286,24897,18656,26,18682,449
2020-06-30,Sacramento,067,1510023,4594,3246,7,3253,64
2020-06-30,San Benito,069,59416,300,200,0,200,2
2020-06-30,San Bernardino,071,2135413,19868,12375,10,12385,249
2020-06-30,San Diego,073,3302833,17980,14150,2,14152,365
2020-06-30,San Francisco,075,870044,4112,3555,1,3556,50
2020-06-30,San Joaquin,077,732212,5629,3744,3,3747,52
2020-06-30,San Luis Obispo,079,281455,890,583,7,590,1
2020-06-30,San Mateo,081,765935,3737,3268,6,3274,84
2020-06-30,Santa Barbara,083,443738,3878,3102,29,3131,25
2020-06-30,Santa Clara,085,1922200,6055,4346,17,4363,157
2020-06-30,Santa Cruz,087,273765,485,379,0,379,2
2020-06-30,Shasta,089,179085,220,100,1,101,5
2020-06-30,Sierra,091,2930,1,1,0,1,0
2020-06-30,Siskiyou,093,43540,35,26,0,26,0
2020-06-30,Solano,095,438530,1930,1256,7,1263,21
2020-06-30,Sonoma,097,501317,1551,1122,5,1127,6
2020-06-30,Stanislaus,099,539301,4266,2578,7,2585,41
2020-06-30,Sutter,101,95872,246,168,0,168,2
2020-06-30,Tehama,103,63373,104,75,2,77,1
2020-06-30,Trinity,105,12862,19,2,4,6,0
2020-06-30,Tulare,107,460477,5685,4207,11,4218,117
2020-06-30,Tuolumne,109,53932,51,16,2,18,0
2020-06-30,Ventura,111,848112,4548,3030,16,3046,40
2020-06-30,Yolo,113,214977,755,515,3,518,24
2020-06-30,Yuba,115,75493,106,55,0,55,1
2020-06-29,Alameda,001,1643700,7140,5766,8,5774,135
2020-06-29,Alpine,003,1148,1,1,0,1,0
2020-06-29,Amador,005,37829,31,20,0,20,0
2020-06-29,Butte,007,227075,286,157,15,172,2
2020-06-29,Calaveras,009,45235,56,30,0,30,0
2020-06-29,Colusa,011,21464,89,17,0,17,0
2020-06-29,Contra Costa,013,1133247,3981,2976,5,2981,75
2020-06-29,Del Norte,015,27424,59,47,0,47,0
2020-06-29,El Dorado,017,186661,288,163,2,165,0
2020-06-29,Fresno,019,978130,9676,4531,73,4604,74
2020-06-29,Glenn,021,27897,156,77,0,77,0
2020-06-29,Humboldt,023,135768,159,128,0,128,3
2020-06-29,Imperial,025,180216,8068,5512,4,5516,45
2020-06-29,Inyo,027,18085,33,29,0,29,1
2020-06-29,Kern,029,883053,8942,4613,31,4644,73
2020-06-29,Kings,031,150075,2744,2280,5,2285,20
2020-06-29,Lake,033,64148,88,53,0,53,0
2020-06-29,Lassen,035,31185,240,77,2,79,0
2020-06-29,Los Angeles,037,10098052,118404,100846,38,100884,3337
2020-06-29,Madera,039,155013,955,422,3,425,4
2020-06-29,Marin,041,260295,3000,1517,4,1521,17
2020-06-29,Mariposa,043,17540,32,25,0,25,1
2020-06-29,Mendocino,045,87422,87,63,0,63,0
2020-06-29,Merced,047,269075,1744,848,2,850,10
2020-06-29,Modoc,049,8938,1,0,0,0,0
2020-06-29,Mono,051,14174,47,35,0,35,1
2020-06-29,Monterey,053,433212,2212,1614,6,1620,14
2020-06-29,Napa,055,140530,464,317,0,317,4
2020-06-29,Nevada,057,99092,155,107,3,110,1
2020-06-29,Orange,059,3164182,23140,13682,199,13881,324
2020-06-29,Placer,061,380077,969,628,3,631,11
2020-06-29,Plumas,063,18699,12,6,0,6,0
2020-06-29,Riverside,065,2383286,23863,17683,26,17709,432
2020-06-29,Sacramento,067,1510023,4307,2985,7,2992,62
2020-06-29,San Benito,069,59416,285,193,0,193,2
2020-06-29,San Bernardino,071,2135413,18905,11643,10,11653,245
2020-06-29,San Diego,073,3302833,17402,13834,2,13836,361
2020-06-29,San Francisco,075,870044,4035,3389,1,3390,50
2020-06-29,San Joaquin,077,732212,5271,3202,3,3205,52
2020-06-29,San Luis Obispo,079,281455,856,544,7,551,1
2020-06-29,San Mateo,081,765935,3683,3170,6,3176,84
2020-06-29,Santa Barbara,083,443738,3769,2933,28,2961,25
2020-06-29,Santa Clara,085,1922200,5885,4231,17,4248,157
2020-06-29,Santa Cruz,087,273765,467,348,0,348,2
2020-06-29,Shasta,089,179085,212,94,1,95,5
2020-06-29,Sierra,091,2930,1,1,0,1,0
2020-06-29,Siskiyou,093,43540,35,25,0,25,0
2020-06-29,Solano,095,438530,1827,1077,7,1084,21
2020-06-29,Sonoma,097,501317,1479,1103,5,1108,5
2020-06-29,Stanislaus,099,539301,4060,2400,6,2406,36
2020-06-29,Sutter,101,95872,224,152,0,152,2
2020-06-29,Tehama,103,63373,100,63,2,65,1
2020-06-29,Trinity,105,12862,18,2,4,6,0
2020-06-29,Tulare,107,460477,5531,3906,10,3916,117
2020-06-29,Tuolumne,109,53932,47,16,2,18,0
2020-06-29,Ventura,111,848112,4401,2794,16,2810,40
2020-06-29,Yolo,113,214977,722,483,3,486,24
2020-06-29,Yuba,115,75493,93,55,0,55,1
2020-06-28,Alameda,001,1643700,6879,5698,8,5706,135
2020-06-28,Alpine,003,1148,1,1,0,1,0
2020-06-28,Amador,005,37829,29,20,0,20,0
2020-06-28,Butte,007,227075,267,150,14,164,2
2020-06-28,Calaveras,009,45235,51,30,0,30,0
2020-06-28,Colusa,011,21464,74,17,0,17,0
2020-06-28,Contra Costa,013,1133247,3791,2803,4,2807,73
2020-06-28,Del Norte,015,27424,58,47,0,47,0
2020-06-28,El Dorado,017,186661,276,162,2,164,0
2020-06-28,Fresno,019,978130,9313,4365,73,4438,74
2020-06-28,Glenn,021,27897,148,77,0,77,0
2020-06-28,Humboldt,023,135768,156,127,0,127,3
2020-06-28,Imperial,025,180216,7878,5513,4,5517,45
2020-06-28,Inyo,027,18085,33,29,0,29,1
2020-06-28,Kern,029,883053,8391,4541,28,4569,72
2020-06-28,Kings,031,150075,2684,2234,5,2239,18
2020-06-28,Lake,033,64148,84,53,0,53,0
2020-06-28,Lassen,035,31185,240,77,2,79,0
2020-06-28,Los Angeles,037,10098052,115200,98003,34,98037,3316
2020-06-28,Madera,039,155013,907,424,3,427,4
2020-06-28,Marin,041,260295,2654,1473,4,1477,17
2020-06-28,Mariposa,043,17540,32,24,0,24,1
2020-06-28,Mendocino,045,87422,85,63,0,63,0
2020-06-28,Merced,047,269075,1631,814,2,816,10
2020-06-28,Modoc,049,8938,1,0,0,0,0
2020-06-28,Mono,051,14174,47,35,0,35,1
2020-06-28,Monterey,053,433212,2130,1560,6,1566,13
2020-06-28,Napa,055,140530,430,307,0,307,4
2020-06-28,Nevada,057,99092,144,102,3,105,1
2020-06-28,Orange,059,3164182,22163,13213,181,13394,324
2020-06-28,Placer,061,380077,930,618,3,621,11
2020-06-28,Plumas,063,18699,11,6,0,6,0
2020-06-28,Riverside,065,2383286,23034,16848,25,16873,432
2020-06-28,Sacramento,067,1510023,4079,2803,7,2810,63
2020-06-28,San Benito,069,59416,274,190,0,190,2
2020-06-28,San Bernardino,071,2135413,18153,11344,9,11353,245
2020-06-28,San Diego,073,3302833,16857,13333,2,13335,361
2020-06-28,San Francisco,075,870044,3957,3388,1,3389,50
2020-06-28,San Joaquin,077,732212,4934,3201,3,3204,52
2020-06-28,San Luis Obispo,079,281455,817,531,6,537,1
2020-06-28,San Mateo,081,765935,3606,3124,5,3129,84
2020-06-28,Santa Barbara,083,443738,3624,2872,28,2900,25
2020-06-28,Santa Clara,085,1922200,5723,4131,17,4148,156
2020-06-28,Santa Cruz,087,273765,444,349,0,349,2
2020-06-28,Shasta,089,179085,199,89,0,89,5
2020-06-28,Sierra,091,2930,1,1,0,1,0
2020-06-28,Siskiyou,093,43540,35,25,0,25,0
2020-06-28,Solano,095,438530,1752,1077,7,1084,21
2020-06-28,Sonoma,097,501317,1425,1084,5,1089,5
2020-06-28,Stanislaus,099,539301,3854,2376,6,2382,36
2020-06-28,Sutter,101,95872,198,145,0,145,2
2020-06-28,Tehama,103,63373,93,63,2,65,1
2020-06-28,Trinity,105,12862,17,2,4,6,0
2020-06-28,Tulare,107,460477,5363,3812,10,3822,117
2020-06-28,Tuolumne,109,53932,42,14,2,16,0
2020-06-28,Ventura,111,848112,4243,2650,16,2666,40
2020-06-28,Yolo,113,214977,687,468,3,471,24
2020-06-28,Yuba,115,75493,89,39,0,39,1
2020-06-27,Alameda,001,1643700,6783,5581,8,5589,135
2020-06-27,Alpine,003,1148,1,1,0,1,0
2020-06-27,Amador,005,37829,27,20,0,20,0
2020-06-27,Butte,007,227075,259,137,13,150,2
2020-06-27,Calaveras,009,45235,49,30,0,30,0
2020-06-27,Colusa,011,21464,68,17,0,17,0
2020-06-27,Contra Costa,013,1133247,3697,2717,3,2720,72
2020-06-27,Del Norte,015,27424,58,47,0,47,0
2020-06-27,El Dorado,017,186661,270,159,2,161,0
2020-06-27,Fresno,019,978130,9067,4238,73,4311,74
2020-06-27,Glenn,021,27897,144,77,0,77,0
2020-06-27,Humboldt,023,135768,154,127,0,127,3
2020-06-27,Imperial,025,180216,7817,5513,4,5517,45
2020-06-27,Inyo,027,18085,33,29,0,29,1
2020-06-27,Kern,029,883053,8128,4411,27,4438,70
2020-06-27,Kings,031,150075,2658,2187,5,2192,18
2020-06-27,Lake,033,64148,81,42,0,42,0
2020-06-27,Lassen,035,31185,240,33,2,35,0
2020-06-27,Los Angeles,037,10098052,113458,95341,31,95372,3291
2020-06-27,Madera,039,155013,864,427,2,429,4
2020-06-27,Marin,041,260295,2609,1423,4,1427,17
2020-06-27,Mariposa,043,17540,31,22,0,22,1
2020-06-27,Mendocino,045,87422,85,63,0,63,0
2020-06-27,Merced,047,269075,1573,807,1,808,10
2020-06-27,Modoc,049,8938,1,0,0,0,0
2020-06-27,Mono,051,14174,46,35,0,35,1
2020-06-27,Monterey,053,433212,2066,1455,6,1461,12
2020-06-27,Napa,055,140530,420,282,0,282,3
2020-06-27,Nevada,057,99092,140,102,2,104,1
2020-06-27,Orange,059,3164182,21652,12951,176,13127,320
2020-06-27,Placer,061,380077,909,584,3,587,10
2020-06-27,Plumas,063,18699,11,6,0,6,0
2020-06-27,Riverside,065,2383286,22644,16209,25,16234,432
2020-06-27,Sacramento,067,1510023,3962,2685,7,2692,63
2020-06-27,San Benito,069,59416,267,182,0,182,2
2020-06-27,San Bernardino,071,2135413,17778,11238,9,11247,243
2020-06-27,San Diego,073,3302833,16492,12836,2,12838,360
2020-06-27,San Francisco,075,870044,3902,3332,1,3333,49
2020-06-27,San Joaquin,077,732212,4768,2995,3,2998,52
2020-06-27,San Luis Obispo,079,281455,794,505,6,511,1
2020-06-27,San Mateo,081,765935,3549,3083,5,3088,83
2020-06-27,Santa Barbara,083,443738,3552,2799,28,2827,25
2020-06-27,Santa Clara,085,1922200,5617,4006,17,4023,157
2020-06-27,Santa Cruz,087,273765,437,347,0,347,2
2020-06-27,Shasta,089,179085,193,87,0,87,5
2020-06-27,Sierra,091,2930,1,1,0,1,0
2020-06-27,Siskiyou,093,43540,35,25,0,25,0
2020-06-27,Solano,095,438530,1719,1076,7,1083,21
2020-06-27,Sonoma,097,501317,1392,1004,5,1009,5
2020-06-27,Stanislaus,099,539301,3754,2164,6,2170,36
2020-06-27,Sutter,101,95872,191,141,0,141,2
2020-06-27,Tehama,103,63373,90,63,2,65,1
2020-06-27,Trinity,105,12862,17,2,4,6,0
2020-06-27,Tulare,107,460477,5266,3810,10,3820,117
2020-06-27,Tuolumne,109,53932,41,13,2,15,0
2020-06-27,Ventura,111,848112,4144,2471,16,2487,40
2020-06-27,Yolo,113,214977,663,432,3,435,24
2020-06-27,Yuba,115,75493,81,39,0,39,1
2020-06-26,Alameda,001,1643700,6697,5502,7,5509,132
2020-06-26,Alpine,003,1148,1,1,0,1,0
2020-06-26,Amador,005,37829,26,20,0,20,0
2020-06-26,Butte,007,227075,244,135,13,148,2
2020-06-26,Calaveras,009,45235,47,30,0,30,0
2020-06-26,Colusa,011,21464,63,17,0,17,0
2020-06-26,Contra Costa,013,1133247,3584,2676,3,2679,72
2020-06-26,Del Norte,015,27424,57,47,0,47,0
2020-06-26,El Dorado,017,186661,262,159,2,161,0
2020-06-26,Fresno,019,978130,8841,4166,73,4239,74
2020-06-26,Glenn,021,27897,137,71,0,71,0
2020-06-26,Humboldt,023,135768,152,126,0,126,3
2020-06-26,Imperial,025,180216,7754,5400,4,5404,44
2020-06-26,Inyo,027,18085,32,29,0,29,1
2020-06-26,Kern,029,883053,7798,4366,27,4393,70
2020-06-26,Kings,031,150075,2626,2176,4,2180,18
2020-06-26,Lake,033,64148,80,42,0,42,0
2020-06-26,Lassen,035,31185,239,30,2,32,0
2020-06-26,Los Angeles,037,10098052,111294,93328,31,93359,3275
2020-06-26,Madera,039,155013,832,409,2,411,4
2020-06-26,Marin,041,260295,2572,1406,4,1410,17
2020-06-26,Mariposa,043,17540,30,21,0,21,1
2020-06-26,Mendocino,045,87422,82,63,0,63,0
2020-06-26,Merced,047,269075,1527,797,1,798,10
2020-06-26,Modoc,049,8938,1,0,0,0,0
2020-06-26,Mono,051,14174,45,35,0,35,1
2020-06-26,Monterey,053,433212,2014,1449,6,1455,12
2020-06-26,Napa,055,140530,410,277,0,277,3
2020-06-26,Nevada,057,99092,136,101,1,102,1
2020-06-26,Orange,059,3164182,20976,12659,173,12832,320
2020-06-26,Placer,061,380077,880,584,3,587,10
2020-06-26,Plumas,063,18699,11,6,0,6,0
2020-06-26,Riverside,065,2383286,22181,15858,25,15883,430
2020-06-26,Sacramento,067,1510023,3797,2687,7,2694,63
2020-06-26,San Benito,069,59416,263,176,0,176,2
2020-06-26,San Bernardino,071,2135413,17400,11111,9,11120,243
2020-06-26,San Diego,073,3302833,16127,12402,2,12404,358
2020-06-26,San Francisco,075,870044,3847,3330,1,3331,49
2020-06-26,San Joaquin,077,732212,4554,2943,3,2946,52
2020-06-26,San Luis Obispo,079,281455,779,498,6,504,1
2020-06-26,San Mateo,081,765935,3497,3055,5,3060,83
2020-06-26,Santa Barbara,083,443738,3462,2784,26,2810,25
2020-06-26,Santa Clara,085,1922200,5517,3968,17,3985,156
2020-06-26,Santa Cruz,087,273765,430,344,0,344,2
2020-06-26,Shasta,089,179085,186,86,0,86,5
2020-06-26,Sierra,091,2930,1,1,0,1,0
2020-06-26,Siskiyou,093,43540,34,24,0,24,0
2020-06-26,Solano,095,438530,1677,1068,7,1075,21
2020-06-26,Sonoma,097,501317,1361,977,5,982,5
2020-06-26,Stanislaus,099,539301,3641,2157,6,2163,36
2020-06-26,Sutter,101,95872,184,138,0,138,2
2020-06-26,Tehama,103,63373,87,63,2,65,1
2020-06-26,Trinity,105,12862,17,2,4,6,0
2020-06-26,Tulare,107,460477,5177,3720,10,3730,117
2020-06-26,Tuolumne,109,53932,39,10,2,12,0
2020-06-26,Ventura,111,848112,4058,2444,16,2460,40
2020-06-26,Yolo,113,214977,640,418,3,421,24
2020-06-26,Yuba,115,75493,75,38,0,38,1
2020-06-25,Alameda,001,1643700,6508,5398,7,5405,130
2020-06-25,Alpine,003,1148,1,1,0,1,0
2020-06-25,Amador,005,37829,25,18,0,18,0
2020-06-25,Butte,007,227075,239,127,13,140,1
2020-06-25,Calaveras,009,45235,42,26,0,26,0
2020-06-25,Colusa,011,21464,53,14,0,14,0
2020-06-25,Contra Costa,013,1133247,3399,2591,3,2594,71
2020-06-25,Del Norte,015,27424,55,47,0,47,0
2020-06-25,El Dorado,017,186661,254,150,2,152,0
2020-06-25,Fresno,019,978130,8528,3938,72,4010,71
2020-06-25,Glenn,021,27897,132,59,0,59,0
2020-06-25,Humboldt,023,135768,151,121,0,121,3
2020-06-25,Imperial,025,180216,7625,5192,4,5196,44
2020-06-25,Inyo,027,18085,29,27,0,27,1
2020-06-25,Kern,029,883053,7374,4236,24,4260,69
2020-06-25,Kings,031,150075,2574,2110,4,2114,17
2020-06-25,Lake,033,64148,79,42,0,42,0
2020-06-25,Lassen,035,31185,233,13,2,15,0
2020-06-25,Los Angeles,037,10098052,108526,91524,31,91555,3239
2020-06-25,Madera,039,155013,788,380,2,382,4
2020-06-25,Marin,041,260295,2470,1321,4,1325,17
2020-06-25,Mariposa,043,17540,29,20,0,20,1
2020-06-25,Mendocino,045,87422,79,61,0,61,0
2020-06-25,Merced,047,269075,1440,747,1,748,10
2020-06-25,Modoc,049,8938,1,0,0,0,0
2020-06-25,Mono,051,14174,44,35,0,35,1
2020-06-25,Monterey,053,433212,1926,1426,5,1431,12
2020-06-25,Napa,055,140530,392,260,0,260,3
2020-06-25,Nevada,057,99092,128,92,1,93,1
2020-06-25,Orange,059,3164182,20052,12221,171,12392,311
2020-06-25,Placer,061,380077,826,574,3,577,10
2020-06-25,Plumas,063,18699,10,6,0,6,0
2020-06-25,Riverside,065,2383286,21426,15224,25,15249,427
2020-06-25,Sacramento,067,1510023,3574,2519,7,2526,62
2020-06-25,San Benito,069,59416,255,174,0,174,2
2020-06-25,San Bernardino,071,2135413,16649,10590,9,10599,242
2020-06-25,San Diego,073,3302833,15588,11963,2,11965,352
2020-06-25,San Francisco,075,870044,3781,3252,1,3253,48
2020-06-25,San Joaquin,077,732212,4282,2803,3,2806,50
2020-06-25,San Luis Obispo,079,281455,747,473,6,479,1
2020-06-25,San Mateo,081,765935,3429,2996,4,3000,82
2020-06-25,Santa Barbara,083,443738,3357,2622,25,2647,25
2020-06-25,Santa Clara,085,1922200,5367,3871,17,3888,156
2020-06-25,Santa Cruz,087,273765,418,335,0,335,2
2020-06-25,Shasta,089,179085,176,84,0,84,5
2020-06-25,Sierra,091,2930,1,1,0,1,0
2020-06-25,Siskiyou,093,43540,33,24,0,24,0
2020-06-25,Solano,095,438530,1624,1034,7,1041,21
2020-06-25,Sonoma,097,501317,1312,953,4,957,5
2020-06-25,Stanislaus,099,539301,3429,2130,6,2136,36
2020-06-25,Sutter,101,95872,172,126,0,126,2
2020-06-25,Tehama,103,63373,83,59,2,61,1
2020-06-25,Trinity,105,12862,17,2,4,6,0
2020-06-25,Tulare,107,460477,5046,3656,10,3666,117
2020-06-25,Tuolumne,109,53932,38,10,1,11,0
2020-06-25,Ventura,111,848112,3876,2346,15,2361,40
2020-06-25,Yolo,113,214977,611,397,3,400,24
2020-06-25,Yuba,115,75493,64,38,0,38,1
2020-06-24,Alameda,001,1643700,6346,5242,7,5249,123
2020-06-24,Alpine,003,1148,1,1,0,1,0
2020-06-24,Amador,005,37829,23,16,0,16,0
2020-06-24,Butte,007,227075,223,119,12,131,1
2020-06-24,Calaveras,009,45235,40,26,0,26,0
2020-06-24,Colusa,011,21464,44,11,0,11,0
2020-06-24,Contra Costa,013,1133247,3243,2520,3,2523,66
2020-06-24,Del Norte,015,27424,49,47,0,47,0
2020-06-24,El Dorado,017,186661,238,149,2,151,0
2020-06-24,Fresno,019,978130,8197,3765,72,3837,71
2020-06-24,Glenn,021,27897,124,54,0,54,0
2020-06-24,Humboldt,023,135768,151,117,0,117,3
2020-06-24,Imperial,025,180216,7507,5138,4,5142,38
2020-06-24,Inyo,027,18085,29,28,0,28,1
2020-06-24,Kern,029,883053,6981,4155,22,4177,67
2020-06-24,Kings,031,150075,2510,2063,4,2067,16
2020-06-24,Lake,033,64148,66,40,0,40,0
2020-06-24,Lassen,035,31185,232,9,2,11,0
2020-06-24,Los Angeles,037,10098052,105765,89566,31,89597,3186
2020-06-24,Madera,039,155013,766,373,2,375,4
2020-06-24,Marin,041,260295,2242,1261,4,1265,17
2020-06-24,Mariposa,043,17540,28,19,0,19,1
2020-06-24,Mendocino,045,87422,79,60,0,60,0
2020-06-24,Merced,047,269075,1355,696,1,697,8
2020-06-24,Modoc,049,8938,1,0,0,0,0
2020-06-24,Mono,051,14174,42,35,0,35,1
2020-06-24,Monterey,053,433212,1850,1407,5,1412,12
2020-06-24,Napa,055,140530,375,258,0,258,3
2020-06-24,Nevada,057,99092,122,92,1,93,1
2020-06-24,Orange,059,3164182,19054,11804,153,11957,303
2020-06-24,Placer,061,380077,787,548,3,551,10
2020-06-24,Plumas,063,18699,10,6,0,6,0
2020-06-24,Riverside,065,2383286,20578,14946,25,14971,410
2020-06-24,Sacramento,067,1510023,3370,2446,6,2452,62
2020-06-24,San Benito,069,59416,251,171,0,171,2
2020-06-24,San Bernardino,071,2135413,15835,10211,9,10220,239
2020-06-24,San Diego,073,3302833,15085,11628,2,11630,347
2020-06-24,San Francisco,075,870044,3718,3216,1,3217,48
2020-06-24,San Joaquin,077,732212,4061,2680,3,2683,49
2020-06-24,San Luis Obispo,079,281455,716,461,5,466,1
2020-06-24,San Mateo,081,765935,3372,2964,4,2968,82
2020-06-24,Santa Barbara,083,443738,3238,2569,23,2592,22
2020-06-24,Santa Clara,085,1922200,5236,3812,17,3829,155
2020-06-24,Santa Cruz,087,273765,406,329,0,329,2
2020-06-24,Shasta,089,179085,168,83,0,83,5
2020-06-24,Sierra,091,2930,1,1,0,1,0
2020-06-24,Siskiyou,093,43540,32,24,0,24,0
2020-06-24,Solano,095,438530,1535,979,6,985,21
2020-06-24,Sonoma,097,501317,1263,933,4,937,4
2020-06-24,Stanislaus,099,539301,3250,2039,6,2045,36
2020-06-24,Sutter,101,95872,159,118,0,118,2
2020-06-24,Tehama,103,63373,81,55,2,57,1
2020-06-24,Trinity,105,12862,16,2,3,5,0
2020-06-24,Tulare,107,460477,4891,3541,10,3551,116
2020-06-24,Tuolumne,109,53932,33,9,1,10,0
2020-06-24,Ventura,111,848112,3535,2314,15,2329,42
2020-06-24,Yolo,113,214977,576,376,3,379,24
2020-06-24,Yuba,115,75493,58,37,0,37,1
2020-06-23,Alameda,001,1643700,6166,5159,7,5166,121
2020-06-23,Alpine,003,1148,1,1,0,1,0
2020-06-23,Amador,005,37829,22,13,0,13,0
2020-06-23,Butte,007,227075,205,111,12,123,1
2020-06-23,Calaveras,009,45235,40,26,0,26,0
2020-06-23,Colusa,011,21464,40,7,0,7,0
2020-06-23,Contra Costa,013,1133247,3116,2453,3,2456,60
2020-06-23,Del Norte,015,27424,48,46,0,46,0
2020-06-23,El Dorado,017,186661,229,142,2,144,0
2020-06-23,Fresno,019,978130,7545,3569,70,3639,67
2020-06-23,Glenn,021,27897,120,47,0,47,0
2020-06-23,Humboldt,023,135768,151,110,0,110,3
2020-06-23,Imperial,025,180216,7343,5025,4,5029,38
2020-06-23,Inyo,027,18085,29,26,0,26,1
2020-06-23,Kern,029,883053,6614,4087,19,4106,64
2020-06-23,Kings,031,150075,2445,1727,4,1731,16
2020-06-23,Lake,033,64148,60,40,0,40,0
2020-06-23,Lassen,035,31185,228,9,2,11,0
2020-06-23,Los Angeles,037,10098052,102821,88433,30,88463,3152
2020-06-23,Madera,039,155013,727,369,2,371,4
2020-06-23,Marin,041,260295,1974,1139,4,1143,17
2020-06-23,Mariposa,043,17540,26,18,0,18,1
2020-06-23,Mendocino,045,87422,78,61,0,61,0
2020-06-23,Merced,047,269075,1257,656,1,657,8
2020-06-23,Modoc,049,8938,1,0,0,0,0
2020-06-23,Mono,051,14174,42,35,0,35,1
2020-06-23,Monterey,053,433212,1780,1346,5,1351,12
2020-06-23,Napa,055,140530,360,230,0,230,3
2020-06-23,Nevada,057,99092,116,81,1,82,1
2020-06-23,Orange,059,3164182,18082,11071,150,11221,278
2020-06-23,Placer,061,380077,761,525,3,528,10
2020-06-23,Plumas,063,18699,9,6,0,6,0
2020-06-23,Riverside,065,2383286,19559,14469,25,14494,406
2020-06-23,Sacramento,067,1510023,3191,2374,6,2380,62
2020-06-23,San Benito,069,59416,237,167,0,167,2
2020-06-23,San Bernardino,071,2135413,15053,9771,9,9780,229
2020-06-23,San Diego,073,3302833,14565,11296,2,11298,341
2020-06-23,San Francisco,075,870044,3645,3177,1,3178,48
2020-06-23,San Joaquin,077,732212,3802,2502,3,2505,48
2020-06-23,San Luis Obispo,079,281455,685,445,5,450,1
2020-06-23,San Mateo,081,765935,3307,2907,4,2911,81
2020-06-23,Santa Barbara,083,443738,3143,2498,23,2521,22
2020-06-23,Santa Clara,085,1922200,5091,3700,17,3717,155
2020-06-23,Santa Cruz,087,273765,396,313,0,313,2
2020-06-23,Shasta,089,179085,159,81,0,81,5
2020-06-23,Sierra,091,2930,1,1,0,1,0
2020-06-23,Siskiyou,093,43540,30,24,0,24,0
2020-06-23,Solano,095,438530,1478,941,5,946,21
2020-06-23,Sonoma,097,501317,1210,912,4,916,4
2020-06-23,Stanislaus,099,539301,3073,1850,6,1856,35
2020-06-23,Sutter,101,95872,149,112,0,112,2
2020-06-23,Tehama,103,63373,79,50,2,52,1
2020-06-23,Trinity,105,12862,16,2,3,5,0
2020-06-23,Tulare,107,460477,4769,3456,10,3466,111
2020-06-23,Tuolumne,109,53932,28,9,0,9,0
2020-06-23,Ventura,111,848112,3375,2209,14,2223,40
2020-06-23,Yolo,113,214977,549,350,0,350,24
2020-06-23,Yuba,115,75493,55,35,0,35,1
2020-06-22,Alameda,001,1643700,6015,4944,7,4951,121
2020-06-22,Alpine,003,1148,1,1,0,1,0
2020-06-22,Amador,005,37829,19,12,0,12,0
2020-06-22,Butte,007,227075,186,104,12,116,1
2020-06-22,Calaveras,009,45235,38,20,0,20,0
2020-06-22,Colusa,011,21464,37,7,0,7,0
2020-06-22,Contra Costa,013,1133247,2975,2363,3,2366,60
2020-06-22,Del Norte,015,27424,48,46,0,46,0
2020-06-22,El Dorado,017,186661,220,137,2,139,0
2020-06-22,Fresno,019,978130,7014,3425,70,3495,67
2020-06-22,Glenn,021,27897,111,40,0,40,0
2020-06-22,Humboldt,023,135768,148,110,0,110,3
2020-06-22,Imperial,025,180216,7186,4700,4,4704,38
2020-06-22,Inyo,027,18085,29,26,0,26,1
2020-06-22,Kern,029,883053,6262,3982,17,3999,60
2020-06-22,Kings,031,150075,2396,1513,4,1517,13
2020-06-22,Lake,033,64148,54,37,0,37,0
2020-06-22,Lassen,035,31185,118,7,2,9,0
2020-06-22,Los Angeles,037,10098052,99920,85925,29,85954,3117
2020-06-22,Madera,039,155013,702,333,2,335,4
2020-06-22,Marin,041,260295,1717,1029,4,1033,17
2020-06-22,Mariposa,043,17540,25,18,0,18,1
2020-06-22,Mendocino,045,87422,73,48,0,48,0
2020-06-22,Merced,047,269075,1170,619,1,620,8
2020-06-22,Modoc,049,8938,1,0,0,0,0
2020-06-22,Mono,051,14174,42,34,0,34,1
2020-06-22,Monterey,053,433212,1719,1293,5,1298,12
2020-06-22,Napa,055,140530,336,222,0,222,3
2020-06-22,Nevada,057,99092,111,79,1,80,1
2020-06-22,Orange,059,3164182,17148,10711,147,10858,275
2020-06-22,Placer,061,380077,735,512,3,515,9
2020-06-22,Plumas,063,18699,7,6,0,6,0
2020-06-22,Riverside,065,2383286,18587,13948,25,13973,403
2020-06-22,Sacramento,067,1510023,2975,2243,5,2248,62
2020-06-22,San Benito,069,59416,228,164,0,164,2
2020-06-22,San Bernardino,071,2135413,14280,9133,9,9142,229
2020-06-22,San Diego,073,3302833,14073,11098,2,11100,338
2020-06-22,San Francisco,075,870044,3552,3000,1,3001,47
2020-06-22,San Joaquin,077,732212,3554,2332,3,2335,48
2020-06-22,San Luis Obispo,079,281455,652,422,5,427,1
2020-06-22,San Mateo,081,765935,3233,2813,3,2816,81
2020-06-22,Santa Barbara,083,443738,3051,2447,23,2470,21
2020-06-22,Santa Clara,085,1922200,4929,3580,17,3597,155
2020-06-22,Santa Cruz,087,273765,383,290,0,290,3
2020-06-22,Shasta,089,179085,156,77,0,77,5
2020-06-22,Sierra,091,2930,1,1,0,1,0
2020-06-22,Siskiyou,093,43540,30,23,0,23,0
2020-06-22,Solano,095,438530,1400,784,4,788,21
2020-06-22,Sonoma,097,501317,1166,860,2,862,4
2020-06-22,Stanislaus,099,539301,2888,1784,6,1790,35
2020-06-22,Sutter,101,95872,140,100,0,100,2
2020-06-22,Tehama,103,63373,75,38,2,40,1
2020-06-22,Trinity,105,12862,16,2,3,5,0
2020-06-22,Tulare,107,460477,4632,3185,10,3195,111
2020-06-22,Tuolumne,109,53932,19,8,0,8,0
2020-06-22,Ventura,111,848112,3227,2065,14,2079,39
2020-06-22,Yolo,113,214977,523,333,0,333,24
2020-06-22,Yuba,115,75493,50,36,0,36,1
2020-06-21,Alameda,001,1643700,5821,4835,7,4842,121
2020-06-21,Alpine,003,1148,1,1,0,1,0
2020-06-21,Amador,005,37829,14,12,0,12,0
2020-06-21,Butte,007,227075,172,97,12,109,1
2020-06-21,Calaveras,009,45235,38,20,0,20,0
2020-06-21,Colusa,011,21464,29,7,0,7,0
2020-06-21,Contra Costa,013,1133247,2848,2282,3,2285,60
2020-06-21,Del Norte,015,27424,47,46,0,46,0
2020-06-21,El Dorado,017,186661,211,132,2,134,0
2020-06-21,Fresno,019,978130,6444,3296,68,3364,67
2020-06-21,Glenn,021,27897,102,40,0,40,0
2020-06-21,Humboldt,023,135768,143,108,0,108,3
2020-06-21,Imperial,025,180216,7003,4701,4,4705,38
2020-06-21,Inyo,027,18085,27,26,0,26,1
2020-06-21,Kern,029,883053,5970,3918,15,3933,60
2020-06-21,Kings,031,150075,2332,1334,4,1338,11
2020-06-21,Lake,033,64148,49,36,0,36,0
2020-06-21,Lassen,035,31185,25,7,2,9,0
2020-06-21,Los Angeles,037,10098052,97029,83383,28,83411,3101
2020-06-21,Madera,039,155013,668,319,2,321,4
2020-06-21,Marin,041,260295,1560,907,4,911,17
2020-06-21,Mariposa,043,17540,22,18,0,18,1
2020-06-21,Mendocino,045,87422,70,48,0,48,0
2020-06-21,Merced,047,269075,1075,577,1,578,8
2020-06-21,Modoc,049,8938,1,0,0,0,0
2020-06-21,Mono,051,14174,42,34,0,34,1
2020-06-21,Monterey,053,433212,1646,1227,5,1232,12
2020-06-21,Napa,055,140530,321,218,0,218,3
2020-06-21,Nevada,057,99092,108,79,1,80,1
2020-06-21,Orange,059,3164182,16314,10563,144,10707,275
2020-06-21,Placer,061,380077,695,498,3,501,9
2020-06-21,Plumas,063,18699,7,6,0,6,0
2020-06-21,Riverside,065,2383286,17880,13528,24,13552,402
2020-06-21,Sacramento,067,1510023,2774,2156,4,2160,62
2020-06-21,San Benito,069,59416,214,151,0,151,2
2020-06-21,San Bernardino,071,2135413,13505,8925,8,8933,229
2020-06-21,San Diego,073,3302833,13527,10796,2,10798,338
2020-06-21,San Francisco,075,870044,3446,3000,1,3001,47
2020-06-21,San Joaquin,077,732212,3318,2188,3,2191,48
2020-06-21,San Luis Obispo,079,281455,626,418,5,423,1
2020-06-21,San Mateo,081,765935,3175,2781,3,2784,81
2020-06-21,Santa Barbara,083,443738,2944,2430,22,2452,21
2020-06-21,Santa Clara,085,1922200,4792,3514,17,3531,154
2020-06-21,Santa Cruz,087,273765,373,290,0,290,3
2020-06-21,Shasta,089,179085,146,75,0,75,5
2020-06-21,Sierra,091,2930,1,1,0,1,0
2020-06-21,Siskiyou,093,43540,30,23,0,23,0
2020-06-21,Solano,095,438530,1300,783,4,787,21
2020-06-21,Sonoma,097,501317,1116,836,2,838,4
2020-06-21,Stanislaus,099,539301,2702,1688,6,1694,35
2020-06-21,Sutter,101,95872,132,96,0,96,2
2020-06-21,Tehama,103,63373,64,35,2,37,1
2020-06-21,Trinity,105,12862,15,2,3,5,0
2020-06-21,Tulare,107,460477,4463,3173,10,3183,111
2020-06-21,Tuolumne,109,53932,17,8,0,8,0
2020-06-21,Ventura,111,848112,3049,2021,14,2035,39
2020-06-21,Yolo,113,214977,491,323,0,323,24
2020-06-21,Yuba,115,75493,46,35,0,35,1
2020-06-20,Alameda,001,1643700,5759,4758,7,4765,119
2020-06-20,Alpine,003,1148,1,1,0,1,0
2020-06-20,Amador,005,37829,14,12,0,12,0
2020-06-20,Butte,007,227075,165,94,12,106,1
2020-06-20,Calaveras,009,45235,38,20,0,20,0
2020-06-20,Colusa,011,21464,26,7,0,7,0
2020-06-20,Contra Costa,013,1133247,2789,2231,3,2234,54
2020-06-20,Del Norte,015,27424,47,46,0,46,0
2020-06-20,El Dorado,017,186661,206,130,2,132,0
2020-06-20,Fresno,019,978130,6318,3222,65,3287,67
2020-06-20,Glenn,021,27897,97,40,0,40,0
2020-06-20,Humboldt,023,135768,143,108,0,108,3
2020-06-20,Imperial,025,180216,6922,4616,4,4620,37
2020-06-20,Inyo,027,18085,27,26,0,26,1
2020-06-20,Kern,029,883053,5805,3836,15,3851,59
2020-06-20,Kings,031,150075,2308,1331,4,1335,9
2020-06-20,Lake,033,64148,49,37,0,37,0
2020-06-20,Lassen,035,31185,24,7,2,9,0
2020-06-20,Los Angeles,037,10098052,95455,81604,27,81631,3093
2020-06-20,Madera,039,155013,635,321,2,323,4
2020-06-20,Marin,041,260295,1540,879,4,883,17
2020-06-20,Mariposa,043,17540,22,18,0,18,1
2020-06-20,Mendocino,045,87422,69,48,0,48,0
2020-06-20,Merced,047,269075,1037,566,1,567,8
2020-06-20,Modoc,049,8938,1,0,0,0,0
2020-06-20,Mono,051,14174,42,34,0,34,1
2020-06-20,Monterey,053,433212,1610,1181,5,1186,12
2020-06-20,Napa,055,140530,312,212,0,212,3
2020-06-20,Nevada,057,99092,105,73,1,74,1
2020-06-20,Orange,059,3164182,15964,10284,140,10424,273
2020-06-20,Placer,061,380077,670,483,3,486,9
2020-06-20,Plumas,063,18699,6,6,0,6,0
2020-06-20,Riverside,065,2383286,17580,13021,24,13045,402
2020-06-20,Sacramento,067,1510023,2703,2069,4,2073,63
2020-06-20,San Benito,069,59416,210,139,0,139,2
2020-06-20,San Bernardino,071,2135413,13141,8718,8,8726,229
2020-06-20,San Diego,073,3302833,13204,10486,2,10488,338
2020-06-20,San Francisco,075,870044,3402,2999,1,3000,47
2020-06-20,San Joaquin,077,732212,3236,2046,3,2049,48
2020-06-20,San Luis Obispo,079,281455,612,405,5,410,1
2020-06-20,San Mateo,081,765935,3127,2755,3,2758,81
2020-06-20,Santa Barbara,083,443738,2887,2358,21,2379,21
2020-06-20,Santa Clara,085,1922200,4718,3435,17,3452,154
2020-06-20,Santa Cruz,087,273765,371,287,0,287,3
2020-06-20,Shasta,089,179085,140,66,0,66,5
2020-06-20,Sierra,091,2930,1,1,0,1,0
2020-06-20,Siskiyou,093,43540,29,22,0,22,0
2020-06-20,Solano,095,438530,1276,784,4,788,21
2020-06-20,Sonoma,097,501317,1080,806,2,808,4
2020-06-20,Stanislaus,099,539301,2594,1598,6,1604,35
2020-06-20,Sutter,101,95872,130,89,0,89,2
2020-06-20,Tehama,103,63373,62,35,2,37,1
2020-06-20,Trinity,105,12862,15,2,3,5,0
2020-06-20,Tulare,107,460477,4390,3172,10,3182,111
2020-06-20,Tuolumne,109,53932,14,8,0,8,0
2020-06-20,Ventura,111,848112,2983,1946,14,1960,37
2020-06-20,Yolo,113,214977,475,309,0,309,24
2020-06-20,Yuba,115,75493,44,34,0,34,1
2020-06-19,Alameda,001,1643700,5686,4646,7,4653,119
2020-06-19,Alpine,003,1148,1,1,0,1,0
2020-06-19,Amador,005,37829,14,12,0,12,0
2020-06-19,Butte,007,227075,160,91,12,103,1
2020-06-19,Calaveras,009,45235,37,20,0,20,0
2020-06-19,Colusa,011,21464,24,7,0,7,0
2020-06-19,Contra Costa,013,1133247,2709,2106,3,2109,54
2020-06-19,Del Norte,015,27424,47,46,0,46,0
2020-06-19,El Dorado,017,186661,198,124,2,126,0
2020-06-19,Fresno,019,978130,6155,3109,64,3173,61
2020-06-19,Glenn,021,27897,91,40,0,40,0
2020-06-19,Humboldt,023,135768,141,106,0,106,3
2020-06-19,Imperial,025,180216,6830,4504,4,4508,36
2020-06-19,Inyo,027,18085,27,26,0,26,1
2020-06-19,Kern,029,883053,5582,3742,14,3756,57
2020-06-19,Kings,031,150075,2287,1285,4,1289,9
2020-06-19,Lake,033,64148,46,36,0,36,0
2020-06-19,Lassen,035,31185,23,7,2,9,0
2020-06-19,Los Angeles,037,10098052,93466,79572,26,79598,3047
2020-06-19,Madera,039,155013,616,300,2,302,4
2020-06-19,Marin,041,260295,1511,829,4,833,17
2020-06-19,Mariposa,043,17540,21,18,0,18,1
2020-06-19,Mendocino,045,87422,68,48,0,48,0
2020-06-19,Merced,047,269075,992,529,1,530,8
2020-06-19,Modoc,049,8938,1,0,0,0,0
2020-06-19,Mono,051,14174,42,34,0,34,1
2020-06-19,Monterey,053,433212,1581,1159,5,1164,12
2020-06-19,Napa,055,140530,302,209,0,209,3
2020-06-19,Nevada,057,99092,102,71,1,72,1
2020-06-19,Orange,059,3164182,15431,9972,133,10105,260
2020-06-19,Placer,061,380077,652,464,3,467,9
2020-06-19,Plumas,063,18699,6,5,0,5,0
2020-06-19,Riverside,065,2383286,17175,12710,24,12734,398
2020-06-19,Sacramento,067,1510023,2620,1976,4,1980,64
2020-06-19,San Benito,069,59416,209,136,0,136,2
2020-06-19,San Bernardino,071,2135413,12736,8454,7,8461,226
2020-06-19,San Diego,073,3302833,12841,10352,2,10354,332
2020-06-19,San Francisco,075,870044,3347,2968,1,2969,47
2020-06-19,San Joaquin,077,732212,3113,1969,3,1972,48
2020-06-19,San Luis Obispo,079,281455,596,392,5,397,1
2020-06-19,San Mateo,081,765935,3088,2713,3,2716,81
2020-06-19,Santa Barbara,083,443738,2814,2284,19,2303,21
2020-06-19,Santa Clara,085,1922200,4645,3376,17,3393,154
2020-06-19,Santa Cruz,087,273765,361,283,0,283,3
2020-06-19,Shasta,089,179085,137,58,0,58,5
2020-06-19,Sierra,091,2930,1,1,0,1,0
2020-06-19,Siskiyou,093,43540,29,21,0,21,0
2020-06-19,Solano,095,438530,1238,755,4,759,21
2020-06-19,Sonoma,097,501317,1053,803,2,805,4
2020-06-19,Stanislaus,099,539301,2484,1549,6,1555,35
2020-06-19,Sutter,101,95872,129,89,0,89,2
2020-06-19,Tehama,103,63373,61,35,2,37,1
2020-06-19,Trinity,105,12862,15,2,3,5,0
2020-06-19,Tulare,107,460477,4320,3053,10,3063,107
2020-06-19,Tuolumne,109,53932,13,8,0,8,0
2020-06-19,Ventura,111,848112,2899,1865,14,1879,37
2020-06-19,Yolo,113,214977,456,303,0,303,24
2020-06-19,Yuba,115,75493,43,33,0,33,1
2020-06-18,Alameda,001,1643700,5557,4589,7,4596,118
2020-06-18,Alpine,003,1148,1,1,0,1,0
2020-06-18,Amador,005,37829,13,12,0,12,0
2020-06-18,Butte,007,227075,155,88,12,100,1
2020-06-18,Calaveras,009,45235,37,20,0,20,0
2020-06-18,Colusa,011,21464,20,7,0,7,0
2020-06-18,Contra Costa,013,1133247,2602,2072,3,2075,53
2020-06-18,Del Norte,015,27424,47,46,0,46,0
2020-06-18,El Dorado,017,186661,194,121,2,123,0
2020-06-18,Fresno,019,978130,5889,2947,63,3010,57
2020-06-18,Glenn,021,27897,82,35,0,35,0
2020-06-18,Humboldt,023,135768,140,106,0,106,3
2020-06-18,Imperial,025,180216,6680,4366,4,4370,36
2020-06-18,Inyo,027,18085,26,25,0,25,1
2020-06-18,Kern,029,883053,5364,3634,14,3648,57
2020-06-18,Kings,031,150075,2228,1141,4,1145,8
2020-06-18,Lake,033,64148,45,36,0,36,0
2020-06-18,Lassen,035,31185,22,5,2,7,0
2020-06-18,Los Angeles,037,10098052,91197,78244,26,78270,3009
2020-06-18,Madera,039,155013,581,288,2,290,4
2020-06-18,Marin,041,260295,1448,819,4,823,17
2020-06-18,Mariposa,043,17540,19,18,0,18,1
2020-06-18,Mendocino,045,87422,64,45,0,45,0
2020-06-18,Merced,047,269075,942,486,1,487,7
2020-06-18,Modoc,049,8938,1,0,0,0,0
2020-06-18,Mono,051,14174,42,34,0,34,1
2020-06-18,Monterey,053,433212,1513,1127,5,1132,12
2020-06-18,Napa,055,140530,287,205,0,205,3
2020-06-18,Nevada,057,99092,98,68,1,69,1
2020-06-18,Orange,059,3164182,14776,9597,114,9711,255
2020-06-18,Placer,061,380077,629,457,3,460,9
2020-06-18,Plumas,063,18699,6,5,0,5,0
2020-06-18,Riverside,065,2383286,16558,12410,24,12434,392
2020-06-18,Sacramento,067,1510023,2504,1938,4,1942,63
2020-06-18,San Benito,069,59416,203,134,0,134,2
2020-06-18,San Bernardino,071,2135413,12096,8141,7,8148,226
2020-06-18,San Diego,073,3302833,12419,10094,2,10096,331
2020-06-18,San Francisco,075,870044,3298,2951,1,2952,47
2020-06-18,San Joaquin,077,732212,2961,1908,3,1911,47
2020-06-18,San Luis Obispo,079,281455,576,378,5,383,1
2020-06-18,San Mateo,081,765935,3049,2674,3,2677,78
2020-06-18,Santa Barbara,083,443738,2740,2201,19,2220,19
2020-06-18,Santa Clara,085,1922200,4542,3338,17,3355,152
2020-06-18,Santa Cruz,087,273765,344,275,0,275,3
2020-06-18,Shasta,089,179085,126,51,0,51,4
2020-06-18,Sierra,091,2930,1,1,0,1,0
2020-06-18,Siskiyou,093,43540,29,18,0,18,0
2020-06-18,Solano,095,438530,1200,735,4,739,21
2020-06-18,Sonoma,097,501317,1011,789,2,791,4
2020-06-18,Stanislaus,099,539301,2351,1495,6,1501,35
2020-06-18,Sutter,101,95872,125,85,0,85,2
2020-06-18,Tehama,103,63373,56,31,2,33,1
2020-06-18,Trinity,105,12862,15,2,3,5,0
2020-06-18,Tulare,107,460477,4197,3005,10,3015,107
2020-06-18,Tuolumne,109,53932,12,8,0,8,0
2020-06-18,Ventura,111,848112,2773,1781,14,1795,37
2020-06-18,Yolo,113,214977,423,294,0,294,24
2020-06-18,Yuba,115,75493,42,32,0,32,1
2020-06-17,Alameda,001,1643700,5434,4485,7,4492,117
2020-06-17,Alpine,003,1148,1,1,0,1,0
2020-06-17,Amador,005,37829,12,10,0,10,0
2020-06-17,Butte,007,227075,146,81,12,93,1
2020-06-17,Calaveras,009,45235,37,20,0,20,0
2020-06-17,Colusa,011,21464,19,7,0,7,0
2020-06-17,Contra Costa,013,1133247,2505,2020,3,2023,45
2020-06-17,Del Norte,015,27424,47,45,0,45,0
2020-06-17,El Dorado,017,186661,187,116,2,118,0
2020-06-17,Fresno,019,978130,5663,2801,61,2862,56
2020-06-17,Glenn,021,27897,75,31,0,31,0
2020-06-17,Humboldt,023,135768,138,105,0,105,3
2020-06-17,Imperial,025,180216,6507,4108,4,4112,36
2020-06-17,Inyo,027,18085,25,25,0,25,1
2020-06-17,Kern,029,883053,5163,3547,14,3561,56
2020-06-17,Kings,031,150075,2198,1097,4,1101,7
2020-06-17,Lake,033,64148,44,32,0,32,0
2020-06-17,Lassen,035,31185,18,5,2,7,0
2020-06-17,Los Angeles,037,10098052,88888,77166,25,77191,2973
2020-06-17,Madera,039,155013,559,258,2,260,4
2020-06-17,Marin,041,260295,1256,771,3,774,17
2020-06-17,Mariposa,043,17540,18,18,0,18,1
2020-06-17,Mendocino,045,87422,62,42,0,42,0
2020-06-17,Merced,047,269075,869,460,1,461,7
2020-06-17,Modoc,049,8938,1,0,0,0,0
2020-06-17,Mono,051,14174,42,34,0,34,1
2020-06-17,Monterey,053,433212,1461,1077,5,1082,12
2020-06-17,Napa,055,140530,272,202,0,202,3
2020-06-17,Nevada,057,99092,94,57,1,58,1
2020-06-17,Orange,059,3164182,14168,9278,108,9386,230
2020-06-17,Placer,061,380077,609,427,3,430,9
2020-06-17,Plumas,063,18699,6,5,0,5,0
2020-06-17,Riverside,065,2383286,15922,11859,24,11883,370
2020-06-17,Sacramento,067,1510023,2397,1889,4,1893,63
2020-06-17,San Benito,069,59416,198,116,0,116,2
2020-06-17,San Bernardino,071,2135413,11547,7670,7,7677,225
2020-06-17,San Diego,073,3302833,12040,9856,2,9858,327
2020-06-17,San Francisco,075,870044,3259,2906,1,2907,46
2020-06-17,San Joaquin,077,732212,2788,1825,3,1828,46
2020-06-17,San Luis Obispo,079,281455,557,362,5,367,1
2020-06-17,San Mateo,081,765935,3002,2649,3,2652,78
2020-06-17,Santa Barbara,083,443738,2668,2147,17,2164,19
2020-06-17,Santa Clara,085,1922200,4449,3264,16,3280,148
2020-06-17,Santa Cruz,087,273765,338,265,0,265,2
2020-06-17,Shasta,089,179085,124,51,0,51,4
2020-06-17,Sierra,091,2930,1,1,0,1,0
2020-06-17,Siskiyou,093,43540,28,16,0,16,0
2020-06-17,Solano,095,438530,1150,722,4,726,21
2020-06-17,Sonoma,097,501317,986,748,2,750,4
2020-06-17,Stanislaus,099,539301,2227,1387,6,1393,35
2020-06-17,Sutter,101,95872,119,79,0,79,2
2020-06-17,Tehama,103,63373,41,24,2,26,1
2020-06-17,Trinity,105,12862,14,2,3,5,0
2020-06-17,Tulare,107,460477,4087,2882,10,2892,106
2020-06-17,Tuolumne,109,53932,12,7,0,7,0
2020-06-17,Ventura,111,848112,2673,1729,14,1743,37
2020-06-17,Yolo,113,214977,403,277,0,277,24
2020-06-17,Yuba,115,75493,41,30,0,30,1
2020-06-16,Alameda,001,1643700,5316,4428,7,4435,113
2020-06-16,Alpine,003,1148,1,1,0,1,0
2020-06-16,Amador,005,37829,12,10,0,10,0
2020-06-16,Butte,007,227075,142,79,12,91,1
2020-06-16,Calaveras,009,45235,34,19,0,19,0
2020-06-16,Colusa,011,21464,16,7,0,7,0
2020-06-16,Contra Costa,013,1133247,2413,1971,2,1973,45
2020-06-16,Del Norte,015,27424,47,45,0,45,0
2020-06-16,El Dorado,017,186661,181,115,2,117,0
2020-06-16,Fresno,019,978130,5425,2731,59,2790,50
2020-06-16,Glenn,021,27897,71,30,0,30,0
2020-06-16,Humboldt,023,135768,135,105,0,105,3
2020-06-16,Imperial,025,180216,6348,3939,4,3943,36
2020-06-16,Inyo,027,18085,25,24,0,24,1
2020-06-16,Kern,029,883053,4939,3496,14,3510,55
2020-06-16,Kings,031,150075,2152,1044,4,1048,6
2020-06-16,Lake,033,64148,44,31,0,31,0
2020-06-16,Lassen,035,31185,15,5,2,7,0
2020-06-16,Los Angeles,037,10098052,86566,75051,25,75076,2942
2020-06-16,Madera,039,155013,533,239,2,241,3
2020-06-16,Marin,041,260295,1203,725,3,728,17
2020-06-16,Mariposa,043,17540,18,17,0,17,1
2020-06-16,Mendocino,045,87422,61,35,0,35,0
2020-06-16,Merced,047,269075,822,436,1,437,7
2020-06-16,Modoc,049,8938,1,0,0,0,0
2020-06-16,Mono,051,14174,42,34,0,34,1
2020-06-16,Monterey,053,433212,1413,1019,5,1024,12
2020-06-16,Napa,055,140530,257,196,0,196,3
2020-06-16,Nevada,057,99092,91,53,1,54,1
2020-06-16,Orange,059,3164182,13585,9163,102,9265,223
2020-06-16,Placer,061,380077,577,392,3,395,9
2020-06-16,Plumas,063,18699,6,5,0,5,0
2020-06-16,Riverside,065,2383286,15247,11638,24,11662,364
2020-06-16,Sacramento,067,1510023,2287,1825,4,1829,60
2020-06-16,San Benito,069,59416,190,110,0,110,2
2020-06-16,San Bernardino,071,2135413,11003,7463,7,7470,225
2020-06-16,San Diego,073,3302833,11678,9732,1,9733,323
2020-06-16,San Francisco,075,870044,3208,2893,1,2894,46
2020-06-16,San Joaquin,077,732212,2635,1718,3,1721,47
2020-06-16,San Luis Obispo,079,281455,533,343,5,348,1
2020-06-16,San Mateo,081,765935,2948,2618,3,2621,77
2020-06-16,Santa Barbara,083,443738,2601,2090,17,2107,16
2020-06-16,Santa Clara,085,1922200,4338,3228,15,3243,148
2020-06-16,Santa Cruz,087,273765,322,257,0,257,2
2020-06-16,Shasta,089,179085,115,51,0,51,4
2020-06-16,Sierra,091,2930,1,1,0,1,0
2020-06-16,Siskiyou,093,43540,27,15,0,15,0
2020-06-16,Solano,095,438530,1060,694,4,698,19
2020-06-16,Sonoma,097,501317,954,739,2,741,4
2020-06-16,Stanislaus,099,539301,2073,1278,6,1284,36
2020-06-16,Sutter,101,95872,112,73,0,73,2
2020-06-16,Tehama,103,63373,37,24,2,26,1
2020-06-16,Trinity,105,12862,14,2,3,5,0
2020-06-16,Tulare,107,460477,3969,2802,10,2812,96
2020-06-16,Tuolumne,109,53932,12,7,0,7,0
2020-06-16,Ventura,111,848112,2573,1676,14,1690,37
2020-06-16,Yolo,113,214977,380,262,0,262,24
2020-06-16,Yuba,115,75493,39,29,0,29,1
2020-06-15,Alameda,001,1643700,5189,4323,7,4330,112
2020-06-15,Alpine,003,1148,1,1,0,1,0
2020-06-15,Amador,005,37829,12,10,0,10,0
2020-06-15,Butte,007,227075,134,78,12,90,1
2020-06-15,Calaveras,009,45235,34,18,0,18,0
2020-06-15,Colusa,011,21464,14,7,0,7,0
2020-06-15,Contra Costa,013,1133247,2337,1918,2,1920,43
2020-06-15,Del Norte,015,27424,47,45,0,45,0
2020-06-15,El Dorado,017,186661,171,114,2,116,0
2020-06-15,Fresno,019,978130,5213,2616,58,2674,48
2020-06-15,Glenn,021,27897,66,21,0,21,0
2020-06-15,Humboldt,023,135768,133,105,0,105,3
2020-06-15,Imperial,025,180216,6173,3726,4,3730,36
2020-06-15,Inyo,027,18085,25,23,0,23,1
2020-06-15,Kern,029,883053,4716,3417,14,3431,55
2020-06-15,Kings,031,150075,2076,1022,4,1026,6
2020-06-15,Lake,033,64148,44,31,0,31,0
2020-06-15,Lassen,035,31185,15,5,2,7,0
2020-06-15,Los Angeles,037,10098052,84379,73705,25,73730,2908
2020-06-15,Madera,039,155013,511,203,2,205,3
2020-06-15,Marin,041,260295,1036,708,3,711,17
2020-06-15,Mariposa,043,17540,18,17,0,17,1
2020-06-15,Mendocino,045,87422,52,33,0,33,0
2020-06-15,Merced,047,269075,776,414,1,415,7
2020-06-15,Modoc,049,8938,1,0,0,0,0
2020-06-15,Mono,051,14174,42,34,0,34,1
2020-06-15,Monterey,053,433212,1347,998,5,1003,12
2020-06-15,Napa,055,140530,249,187,0,187,3
2020-06-15,Nevada,057,99092,85,52,1,53,1
2020-06-15,Orange,059,3164182,13017,8944,94,9038,212
2020-06-15,Placer,061,380077,555,386,3,389,9
2020-06-15,Plumas,063,18699,6,4,0,4,0
2020-06-15,Riverside,065,2383286,14629,11376,23,11399,364
2020-06-15,Sacramento,067,1510023,2171,1791,4,1795,60
2020-06-15,San Benito,069,59416,184,108,0,108,2
2020-06-15,San Bernardino,071,2135413,10500,7189,7,7196,224
2020-06-15,San Diego,073,3302833,11338,9612,1,9613,320
2020-06-15,San Francisco,075,870044,3164,2833,1,2834,45
2020-06-15,San Joaquin,077,732212,2499,1667,3,1670,43
2020-06-15,San Luis Obispo,079,281455,518,332,5,337,1
2020-06-15,San Mateo,081,765935,2901,2591,3,2594,75
2020-06-15,Santa Barbara,083,443738,2533,2054,17,2071,16
2020-06-15,Santa Clara,085,1922200,4238,3204,15,3219,148
2020-06-15,Santa Cruz,087,273765,311,254,0,254,2
2020-06-15,Shasta,089,179085,109,50,0,50,4
2020-06-15,Sierra,091,2930,1,1,0,1,0
2020-06-15,Siskiyou,093,43540,26,14,0,14,0
2020-06-15,Solano,095,438530,1000,638,4,642,19
2020-06-15,Sonoma,097,501317,925,726,2,728,4
2020-06-15,Stanislaus,099,539301,1956,1253,6,1259,35
2020-06-15,Sutter,101,95872,102,71,0,71,2
2020-06-15,Tehama,103,63373,37,17,2,19,1
2020-06-15,Trinity,105,12862,13,2,3,5,0
2020-06-15,Tulare,107,460477,3855,2662,10,2672,96
2020-06-15,Tuolumne,109,53932,11,7,0,7,0
2020-06-15,Ventura,111,848112,2492,1656,14,1670,37
2020-06-15,Yolo,113,214977,360,255,0,255,24
2020-06-15,Yuba,115,75493,39,28,0,28,1
2020-06-14,Alameda,001,1643700,5042,4271,7,4278,112
2020-06-14,Alpine,003,1148,1,1,0,1,0
2020-06-14,Amador,005,37829,12,10,0,10,0
2020-06-14,Butte,007,227075,126,78,12,90,1
2020-06-14,Calaveras,009,45235,33,18,0,18,0
2020-06-14,Colusa,011,21464,13,7,0,7,0
2020-06-14,Contra Costa,013,1133247,2269,1893,2,1895,43
2020-06-14,Del Norte,015,27424,47,45,0,45,0
2020-06-14,El Dorado,017,186661,167,110,2,112,0
2020-06-14,Fresno,019,978130,5028,2585,57,2642,48
2020-06-14,Glenn,021,27897,51,21,0,21,0
2020-06-14,Humboldt,023,135768,129,105,0,105,3
2020-06-14,Imperial,025,180216,5942,3730,4,3734,36
2020-06-14,Inyo,027,18085,24,23,0,23,1
2020-06-14,Kern,029,883053,4505,3328,14,3342,55
2020-06-14,Kings,031,150075,2025,1022,3,1025,6
2020-06-14,Lake,033,64148,41,31,0,31,0
2020-06-14,Lassen,035,31185,15,5,2,7,0
2020-06-14,Los Angeles,037,10098052,82059,72932,24,72956,2887
2020-06-14,Madera,039,155013,492,203,2,205,3
2020-06-14,Marin,041,260295,871,689,2,691,17
2020-06-14,Mariposa,043,17540,18,16,0,16,1
2020-06-14,Mendocino,045,87422,49,33,0,33,0
2020-06-14,Merced,047,269075,724,403,1,404,7
2020-06-14,Modoc,049,8938,1,0,0,0,0
2020-06-14,Mono,051,14174,42,34,0,34,1
2020-06-14,Monterey,053,433212,1286,949,5,954,12
2020-06-14,Napa,055,140530,227,181,0,181,3
2020-06-14,Nevada,057,99092,81,52,1,53,1
2020-06-14,Orange,059,3164182,12588,8744,90,8834,211
2020-06-14,Placer,061,380077,529,369,3,372,9
2020-06-14,Plumas,063,18699,5,4,0,4,0
2020-06-14,Riverside,065,2383286,14186,11218,23,11241,364
2020-06-14,Sacramento,067,1510023,2084,1750,4,1754,60
2020-06-14,San Benito,069,59416,173,104,0,104,2
2020-06-14,San Bernardino,071,2135413,9961,7015,7,7022,224
2020-06-14,San Diego,073,3302833,10963,9442,1,9443,319
2020-06-14,San Francisco,075,870044,3124,2834,1,2835,45
2020-06-14,San Joaquin,077,732212,2348,1603,3,1606,43
2020-06-14,San Luis Obispo,079,281455,503,330,5,335,1
2020-06-14,San Mateo,081,765935,2843,2571,3,2574,75
2020-06-14,Santa Barbara,083,443738,2456,2049,17,2066,17
2020-06-14,Santa Clara,085,1922200,4143,3178,15,3193,148
2020-06-14,Santa Cruz,087,273765,297,254,0,254,2
2020-06-14,Shasta,089,179085,103,48,0,48,4
2020-06-14,Sierra,091,2930,1,1,0,1,0
2020-06-14,Siskiyou,093,43540,25,13,0,13,0
2020-06-14,Solano,095,438530,951,638,4,642,19
2020-06-14,Sonoma,097,501317,897,724,2,726,4
2020-06-14,Stanislaus,099,539301,1807,1159,6,1165,35
2020-06-14,Sutter,101,95872,97,63,0,63,2
2020-06-14,Tehama,103,63373,34,17,2,19,1
2020-06-14,Trinity,105,12862,13,2,3,5,0
2020-06-14,Tulare,107,460477,3721,2646,10,2656,96
2020-06-14,Tuolumne,109,53932,11,7,0,7,0
2020-06-14,Ventura,111,848112,2393,1610,13,1623,37
2020-06-14,Yolo,113,214977,344,254,0,254,24
2020-06-14,Yuba,115,75493,38,28,0,28,1
2020-06-13,Alameda,001,1643700,4979,4196,7,4203,112
2020-06-13,Alpine,003,1148,1,1,0,1,0
2020-06-13,Amador,005,37829,11,10,0,10,0
2020-06-13,Butte,007,227075,117,72,12,84,1
2020-06-13,Calaveras,009,45235,31,18,0,18,0
2020-06-13,Colusa,011,21464,12,7,0,7,0
2020-06-13,Contra Costa,013,1133247,2233,1868,2,1870,43
2020-06-13,Del Norte,015,27424,47,45,0,45,0
2020-06-13,El Dorado,017,186661,163,110,2,112,0
2020-06-13,Fresno,019,978130,4930,2499,57,2556,48
2020-06-13,Glenn,021,27897,49,21,0,21,0
2020-06-13,Humboldt,023,135768,128,104,0,104,3
2020-06-13,Imperial,025,180216,5869,3646,4,3650,36
2020-06-13,Inyo,027,18085,24,23,0,23,1
2020-06-13,Kern,029,883053,4396,3239,14,3253,55
2020-06-13,Kings,031,150075,2005,1023,3,1026,6
2020-06-13,Lake,033,64148,40,29,0,29,0
2020-06-13,Lassen,035,31185,15,5,2,7,0
2020-06-13,Los Angeles,037,10098052,81018,71938,24,71962,2874
2020-06-13,Madera,039,155013,488,203,2,205,3
2020-06-13,Marin,041,260295,840,677,2,679,17
2020-06-13,Mariposa,043,17540,18,16,0,16,1
2020-06-13,Mendocino,045,87422,49,33,0,33,0
2020-06-13,Merced,047,269075,705,376,1,377,7
2020-06-13,Modoc,049,8938,1,0,0,0,0
2020-06-13,Mono,051,14174,42,35,0,35,1
2020-06-13,Monterey,053,433212,1248,900,5,905,11
2020-06-13,Napa,055,140530,224,171,0,171,3
2020-06-13,Nevada,057,99092,79,52,1,53,1
2020-06-13,Orange,059,3164182,12343,8581,87,8668,211
2020-06-13,Placer,061,380077,512,346,3,349,9
2020-06-13,Plumas,063,18699,5,4,0,4,0
2020-06-13,Riverside,065,2383286,13907,10931,23,10954,364
2020-06-13,Sacramento,067,1510023,2029,1713,4,1717,60
2020-06-13,San Benito,069,59416,166,99,0,99,2
2020-06-13,San Bernardino,071,2135413,9738,6885,7,6892,224
2020-06-13,San Diego,073,3302833,10791,9316,1,9317,319
2020-06-13,San Francisco,075,870044,3104,2834,1,2835,44
2020-06-13,San Joaquin,077,732212,2267,1461,3,1464,43
2020-06-13,San Luis Obispo,079,281455,492,326,5,331,1
2020-06-13,San Mateo,081,765935,2820,2551,3,2554,75
2020-06-13,Santa Barbara,083,443738,2398,1999,17,2016,15
2020-06-13,Santa Clara,085,1922200,4100,3141,15,3156,148
2020-06-13,Santa Cruz,087,273765,291,254,0,254,2
2020-06-13,Shasta,089,179085,101,48,0,48,4
2020-06-13,Sierra,091,2930,1,1,0,1,0
2020-06-13,Siskiyou,093,43540,25,13,0,13,0
2020-06-13,Solano,095,438530,923,637,4,641,19
2020-06-13,Sonoma,097,501317,882,711,2,713,4
2020-06-13,Stanislaus,099,539301,1750,1122,6,1128,33
2020-06-13,Sutter,101,95872,96,62,0,62,2
2020-06-13,Tehama,103,63373,33,17,2,19,1
2020-06-13,Trinity,105,12862,13,2,3,5,0
2020-06-13,Tulare,107,460477,3689,2626,10,2636,96
2020-06-13,Tuolumne,109,53932,10,7,0,7,0
2020-06-13,Ventura,111,848112,2347,1567,13,1580,37
2020-06-13,Yolo,113,214977,324,251,0,251,24
2020-06-13,Yuba,115,75493,38,28,0,28,1
2020-06-12,Alameda,001,1643700,4906,4167,7,4174,109
2020-06-12,Alpine,003,1148,1,1,0,1,0
2020-06-12,Amador,005,37829,11,10,0,10,0
2020-06-12,Butte,007,227075,113,71,11,82,1
2020-06-12,Calaveras,009,45235,28,18,0,18,0
2020-06-12,Colusa,011,21464,12,7,0,7,0
2020-06-12,Contra Costa,013,1133247,2196,1827,2,1829,43
2020-06-12,Del Norte,015,27424,47,45,0,45,0
2020-06-12,El Dorado,017,186661,163,110,2,112,0
2020-06-12,Fresno,019,978130,4792,2428,57,2485,47
2020-06-12,Glenn,021,27897,46,21,0,21,0
2020-06-12,Humboldt,023,135768,126,105,0,105,3
2020-06-12,Imperial,025,180216,5785,3543,4,3547,36
2020-06-12,Inyo,027,18085,24,23,0,23,1
2020-06-12,Kern,029,883053,4279,3152,14,3166,54
2020-06-12,Kings,031,150075,1992,987,3,990,6
2020-06-12,Lake,033,64148,39,29,0,29,0
2020-06-12,Lassen,035,31185,15,5,2,7,0
2020-06-12,Los Angeles,037,10098052,79612,70385,24,70409,2814
2020-06-12,Madera,039,155013,463,187,2,189,3
2020-06-12,Marin,041,260295,837,649,2,651,17
2020-06-12,Mariposa,043,17540,18,16,0,16,1
2020-06-12,Mendocino,045,87422,49,33,0,33,0
2020-06-12,Merced,047,269075,674,372,1,373,7
2020-06-12,Modoc,049,8938,1,0,0,0,0
2020-06-12,Mono,051,14174,39,35,0,35,1
2020-06-12,Monterey,053,433212,1207,864,4,868,11
2020-06-12,Napa,055,140530,221,162,0,162,3
2020-06-12,Nevada,057,99092,73,52,1,53,1
2020-06-12,Orange,059,3164182,12037,8440,86,8526,203
2020-06-12,Placer,061,380077,495,333,3,336,9
2020-06-12,Plumas,063,18699,5,4,0,4,0
2020-06-12,Riverside,065,2383286,13570,10616,23,10639,364
2020-06-12,Sacramento,067,1510023,1974,1702,4,1706,60
2020-06-12,San Benito,069,59416,159,96,0,96,2
2020-06-12,San Bernardino,071,2135413,9469,6707,7,6714,223
2020-06-12,San Diego,073,3302833,10621,9132,1,9133,313
2020-06-12,San Francisco,075,870044,3070,2823,1,2824,44
2020-06-12,San Joaquin,077,732212,2187,1406,3,1409,43
2020-06-12,San Luis Obispo,079,281455,476,321,5,326,1
2020-06-12,San Mateo,081,765935,2785,2533,3,2536,75
2020-06-12,Santa Barbara,083,443738,2344,1969,17,1986,14
2020-06-12,Santa Clara,085,1922200,4056,3099,15,3114,149
2020-06-12,Santa Cruz,087,273765,283,251,0,251,2
2020-06-12,Shasta,089,179085,94,48,0,48,5
2020-06-12,Sierra,091,2930,1,1,0,1,0
2020-06-12,Siskiyou,093,43540,25,13,0,13,0
2020-06-12,Solano,095,438530,909,620,4,624,19
2020-06-12,Sonoma,097,501317,863,696,2,698,4
2020-06-12,Stanislaus,099,539301,1691,1092,6,1098,33
2020-06-12,Sutter,101,95872,95,56,0,56,2
2020-06-12,Tehama,103,63373,32,13,2,15,1
2020-06-12,Trinity,105,12862,13,2,3,5,0
2020-06-12,Tulare,107,460477,3635,2552,10,2562,95
2020-06-12,Tuolumne,109,53932,10,7,0,7,0
2020-06-12,Ventura,111,848112,2295,1534,13,1547,35
2020-06-12,Yolo,113,214977,312,243,0,243,24
2020-06-12,Yuba,115,75493,36,27,0,27,1
2020-06-11,Alameda,001,1643700,4777,4073,6,4079,108
2020-06-11,Alpine,003,1148,1,1,0,1,0
2020-06-11,Amador,005,37829,10,10,0,10,0
2020-06-11,Butte,007,227075,107,72,11,83,1
2020-06-11,Calaveras,009,45235,27,16,0,16,0
2020-06-11,Colusa,011,21464,12,7,0,7,0
2020-06-11,Contra Costa,013,1133247,2143,1797,2,1799,43
2020-06-11,Del Norte,015,27424,47,45,0,45,0
2020-06-11,El Dorado,017,186661,155,109,2,111,0
2020-06-11,Fresno,019,978130,4639,2338,57,2395,45
2020-06-11,Glenn,021,27897,42,21,0,21,0
2020-06-11,Humboldt,023,135768,122,113,0,113,3
2020-06-11,Imperial,025,180216,5627,3463,4,3467,36
2020-06-11,Inyo,027,18085,22,23,0,23,1
2020-06-11,Kern,029,883053,4127,3047,12,3059,54
2020-06-11,Kings,031,150075,1959,963,3,966,6
2020-06-11,Lake,033,64148,39,28,0,28,0
2020-06-11,Lassen,035,31185,15,5,2,7,0
2020-06-11,Los Angeles,037,10098052,77946,68807,23,68830,2800
2020-06-11,Madera,039,155013,445,178,2,180,3
2020-06-11,Marin,041,260295,789,637,2,639,17
2020-06-11,Mariposa,043,17540,18,16,0,16,1
2020-06-11,Mendocino,045,87422,40,35,0,35,0
2020-06-11,Merced,047,269075,634,370,1,371,7
2020-06-11,Modoc,049,8938,1,0,0,0,0
2020-06-11,Mono,051,14174,39,35,0,35,1
2020-06-11,Monterey,053,433212,1160,813,4,817,11
2020-06-11,Napa,055,140530,212,162,0,162,3
2020-06-11,Nevada,057,99092,67,50,1,51,1
2020-06-11,Orange,059,3164182,11729,8304,85,8389,188
2020-06-11,Placer,061,380077,476,321,3,324,9
2020-06-11,Plumas,063,18699,5,4,0,4,0
2020-06-11,Riverside,065,2383286,13217,10014,23,10037,361
2020-06-11,Sacramento,067,1510023,1926,1669,4,1673,60
2020-06-11,San Benito,069,59416,153,94,0,94,2
2020-06-11,San Bernardino,071,2135413,9172,6509,7,6516,221
2020-06-11,San Diego,073,3302833,10391,9000,0,9000,308
2020-06-11,San Francisco,075,870044,3041,2766,1,2767,44
2020-06-11,San Joaquin,077,732212,2075,1351,3,1354,43
2020-06-11,San Luis Obispo,079,281455,462,307,5,312,1
2020-06-11,San Mateo,081,765935,2747,2499,3,2502,74
2020-06-11,Santa Barbara,083,443738,2283,1895,17,1912,14
2020-06-11,Santa Clara,085,1922200,3989,3049,15,3064,149
2020-06-11,Santa Cruz,087,273765,279,247,0,247,2
2020-06-11,Shasta,089,179085,87,47,0,47,5
2020-06-11,Sierra,091,2930,1,1,0,1,0
2020-06-11,Siskiyou,093,43540,25,14,0,14,0
2020-06-11,Solano,095,438530,883,616,4,620,19
2020-06-11,Sonoma,097,501317,841,682,2,684,4
2020-06-11,Stanislaus,099,539301,1600,1062,6,1068,30
2020-06-11,Sutter,101,95872,92,56,0,56,2
2020-06-11,Tehama,103,63373,27,10,2,12,1
2020-06-11,Trinity,105,12862,11,2,3,5,0
2020-06-11,Tulare,107,460477,3536,2473,10,2483,95
2020-06-11,Tuolumne,109,53932,10,7,0,7,0
2020-06-11,Ventura,111,848112,2218,1491,12,1503,34
2020-06-11,Yolo,113,214977,304,230,0,230,24
2020-06-11,Yuba,115,75493,36,27,0,27,1
2020-06-10,Alameda,001,1643700,4677,4027,6,4033,107
2020-06-10,Alpine,003,1148,1,1,0,1,0
2020-06-10,Amador,005,37829,10,10,0,10,0
2020-06-10,Butte,007,227075,103,71,11,82,1
2020-06-10,Calaveras,009,45235,27,16,0,16,0
2020-06-10,Colusa,011,21464,11,7,0,7,0
2020-06-10,Contra Costa,013,1133247,2099,1778,2,1780,43
2020-06-10,Del Norte,015,27424,47,45,0,45,0
2020-06-10,El Dorado,017,186661,152,109,2,111,0
2020-06-10,Fresno,019,978130,4462,2324,57,2381,45
2020-06-10,Glenn,021,27897,39,21,0,21,0
2020-06-10,Humboldt,023,135768,118,112,0,112,3
2020-06-10,Imperial,025,180216,5479,3454,4,3458,36
2020-06-10,Inyo,027,18085,22,23,0,23,1
2020-06-10,Kern,029,883053,4002,3000,11,3011,54
2020-06-10,Kings,031,150075,1913,952,2,954,6
2020-06-10,Lake,033,64148,39,28,0,28,0
2020-06-10,Lassen,035,31185,15,5,2,7,0
2020-06-10,Los Angeles,037,10098052,76431,67018,23,67041,2752
2020-06-10,Madera,039,155013,431,176,1,177,3
2020-06-10,Marin,041,260295,757,633,2,635,17
2020-06-10,Mariposa,043,17540,17,16,0,16,1
2020-06-10,Mendocino,045,87422,39,35,0,35,0
2020-06-10,Merced,047,269075,608,370,1,371,7
2020-06-10,Modoc,049,8938,1,0,0,0,0
2020-06-10,Mono,051,14174,39,35,0,35,1
2020-06-10,Monterey,053,433212,1106,791,4,795,11
2020-06-10,Napa,055,140530,209,159,0,159,3
2020-06-10,Nevada,057,99092,65,50,1,51,1
2020-06-10,Orange,059,3164182,11452,8222,81,8303,184
2020-06-10,Placer,061,380077,451,309,3,312,9
2020-06-10,Plumas,063,18699,5,4,0,4,0
2020-06-10,Riverside,065,2383286,12894,9857,23,9880,361
2020-06-10,Sacramento,067,1510023,1887,1643,2,1645,59
2020-06-10,San Benito,069,59416,144,94,0,94,2
2020-06-10,San Bernardino,071,2135413,8879,6438,7,6445,219
2020-06-10,San Diego,073,3302833,10227,8839,0,8839,305
2020-06-10,San Francisco,075,870044,3016,2774,1,2775,44
2020-06-10,San Joaquin,077,732212,1946,1282,3,1285,41
2020-06-10,San Luis Obispo,079,281455,442,306,5,311,1
2020-06-10,San Mateo,081,765935,2707,2492,3,2495,74
2020-06-10,Santa Barbara,083,443738,2227,1878,17,1895,13
2020-06-10,Santa Clara,085,1922200,3938,3032,15,3047,149
2020-06-10,Santa Cruz,087,273765,275,242,0,242,2
2020-06-10,Shasta,089,179085,82,45,0,45,5
2020-06-10,Sierra,091,2930,1,1,0,1,0
2020-06-10,Siskiyou,093,43540,25,14,0,14,0
2020-06-10,Solano,095,438530,847,608,4,612,19
2020-06-10,Sonoma,097,501317,823,673,2,675,4
2020-06-10,Stanislaus,099,539301,1510,1030,6,1036,29
2020-06-10,Sutter,101,95872,91,56,0,56,2
2020-06-10,Tehama,103,63373,25,10,2,12,1
2020-06-10,Trinity,105,12862,11,2,3,5,0
2020-06-10,Tulare,107,460477,3444,2455,10,2465,95
2020-06-10,Tuolumne,109,53932,10,7,0,7,0
2020-06-10,Ventura,111,848112,2172,1446,11,1457,34
2020-06-10,Yolo,113,214977,296,226,0,226,24
2020-06-10,Yuba,115,75493,35,27,0,27,1
2020-06-09,Alameda,001,1643700,4566,3963,6,3969,103
2020-06-09,Alpine,003,1148,1,1,0,1,0
2020-06-09,Amador,005,37829,10,10,0,10,0
2020-06-09,Butte,007,227075,102,70,10,80,1
2020-06-09,Calaveras,009,45235,27,16,0,16,0
2020-06-09,Colusa,011,21464,10,7,0,7,0
2020-06-09,Contra Costa,013,1133247,2058,1744,2,1746,42
2020-06-09,Del Norte,015,27424,47,45,0,45,0
2020-06-09,El Dorado,017,186661,142,108,2,110,0
2020-06-09,Fresno,019,978130,4311,2278,57,2335,43
2020-06-09,Glenn,021,27897,38,19,0,19,0
2020-06-09,Humboldt,023,135768,116,113,0,113,2
2020-06-09,Imperial,025,180216,5329,3067,4,3071,36
2020-06-09,Inyo,027,18085,22,22,0,22,1
2020-06-09,Kern,029,883053,3874,2920,11,2931,51
2020-06-09,Kings,031,150075,1881,934,2,936,6
2020-06-09,Lake,033,64148,39,28,0,28,0
2020-06-09,Lassen,035,31185,15,5,2,7,0
2020-06-09,Los Angeles,037,10098052,74773,65827,23,65850,2692
2020-06-09,Madera,039,155013,416,172,1,173,3
2020-06-09,Marin,041,260295,721,616,2,618,17
2020-06-09,Mariposa,043,17540,17,16,0,16,1
2020-06-09,Mendocino,045,87422,35,35,0,35,0
2020-06-09,Merced,047,269075,576,349,1,350,7
2020-06-09,Modoc,049,8938,1,0,0,0,0
2020-06-09,Mono,051,14174,39,35,0,35,1
2020-06-09,Monterey,053,433212,1065,772,4,776,11
2020-06-09,Napa,055,140530,199,156,0,156,3
2020-06-09,Nevada,057,99092,57,50,1,51,1
2020-06-09,Orange,059,3164182,11209,7991,79,8070,174
2020-06-09,Placer,061,380077,438,301,3,304,9
2020-06-09,Plumas,063,18699,5,4,0,4,0
2020-06-09,Riverside,065,2383286,12516,9511,23,9534,354
2020-06-09,Sacramento,067,1510023,1832,1625,2,1627,59
2020-06-09,San Benito,069,59416,138,95,0,95,2
2020-06-09,San Bernardino,071,2135413,8556,6268,6,6274,217
2020-06-09,San Diego,073,3302833,10042,8731,0,8731,301
2020-06-09,San Francisco,075,870044,2991,2749,1,2750,44
2020-06-09,San Joaquin,077,732212,1840,1240,3,1243,41
2020-06-09,San Luis Obispo,079,281455,429,301,4,305,1
2020-06-09,San Mateo,081,765935,2676,2463,3,2466,74
2020-06-09,Santa Barbara,083,443738,2171,1854,17,1871,13
2020-06-09,Santa Clara,085,1922200,3870,3006,14,3020,147
2020-06-09,Santa Cruz,087,273765,269,237,0,237,2
2020-06-09,Shasta,089,179085,78,44,0,44,4
2020-06-09,Sierra,091,2930,1,1,0,1,0
2020-06-09,Siskiyou,093,43540,20,10,0,10,0
2020-06-09,Solano,095,438530,812,596,4,600,18
2020-06-09,Sonoma,097,501317,800,661,2,663,4
2020-06-09,Stanislaus,099,539301,1409,993,6,999,25
2020-06-09,Sutter,101,95872,88,56,0,56,2
2020-06-09,Tehama,103,63373,25,9,2,11,1
2020-06-09,Trinity,105,12862,10,2,3,5,0
2020-06-09,Tulare,107,460477,3378,2393,10,2403,91
2020-06-09,Tuolumne,109,53932,10,8,0,8,0
2020-06-09,Ventura,111,848112,2106,1407,11,1418,34
2020-06-09,Yolo,113,214977,285,226,0,226,24
2020-06-09,Yuba,115,75493,34,27,0,27,1
2020-06-08,Alameda,001,1643700,4485,3937,6,3943,103
2020-06-08,Alpine,003,1148,1,1,0,1,0
2020-06-08,Amador,005,37829,10,10,0,10,0
2020-06-08,Butte,007,227075,98,68,10,78,1
2020-06-08,Calaveras,009,45235,27,16,0,16,0
2020-06-08,Colusa,011,21464,9,7,0,7,0
2020-06-08,Contra Costa,013,1133247,2015,1714,2,1716,41
2020-06-08,Del Norte,015,27424,47,45,0,45,0
2020-06-08,El Dorado,017,186661,138,107,1,108,0
2020-06-08,Fresno,019,978130,4189,2194,56,2250,42
2020-06-08,Glenn,021,27897,36,17,0,17,0
2020-06-08,Humboldt,023,135768,116,112,0,112,2
2020-06-08,Imperial,025,180216,5177,3051,4,3055,21
2020-06-08,Inyo,027,18085,22,22,0,22,1
2020-06-08,Kern,029,883053,3743,2853,10,2863,49
2020-06-08,Kings,031,150075,1805,892,2,894,6
2020-06-08,Lake,033,64148,39,28,0,28,0
2020-06-08,Lassen,035,31185,15,4,2,6,0
2020-06-08,Los Angeles,037,10098052,73312,64634,23,64657,2640
2020-06-08,Madera,039,155013,386,154,1,155,3
2020-06-08,Marin,041,260295,680,596,2,598,17
2020-06-08,Mariposa,043,17540,16,16,0,16,1
2020-06-08,Mendocino,045,87422,33,32,0,32,0
2020-06-08,Merced,047,269075,542,331,1,332,7
2020-06-08,Modoc,049,8938,1,0,0,0,0
2020-06-08,Mono,051,14174,39,35,0,35,1
2020-06-08,Monterey,053,433212,1014,751,3,754,10
2020-06-08,Napa,055,140530,183,151,0,151,3
2020-06-08,Nevada,057,99092,56,50,1,51,1
2020-06-08,Orange,059,3164182,10958,7786,77,7863,160
2020-06-08,Placer,061,380077,421,290,3,293,9
2020-06-08,Plumas,063,18699,5,4,0,4,0
2020-06-08,Riverside,065,2383286,12146,9246,23,9269,347
2020-06-08,Sacramento,067,1510023,1782,1591,2,1593,59
2020-06-08,San Benito,069,59416,131,93,0,93,2
2020-06-08,San Bernardino,071,2135413,8237,6122,6,6128,214
2020-06-08,San Diego,073,3302833,9885,8621,0,8621,296
2020-06-08,San Francisco,075,870044,2964,2715,1,2716,43
2020-06-08,San Joaquin,077,732212,1733,1198,3,1201,40
2020-06-08,San Luis Obispo,079,281455,423,300,4,304,1
2020-06-08,San Mateo,081,765935,2645,2431,2,2433,74
2020-06-08,Santa Barbara,083,443738,2116,1824,15,1839,13
2020-06-08,Santa Clara,085,1922200,3824,2971,14,2985,146
2020-06-08,Santa Cruz,087,273765,268,234,0,234,2
2020-06-08,Shasta,089,179085,74,43,0,43,4
2020-06-08,Sierra,091,2930,1,1,0,1,0
2020-06-08,Siskiyou,093,43540,20,8,0,8,0
2020-06-08,Solano,095,438530,785,560,4,564,19
2020-06-08,Sonoma,097,501317,784,654,2,656,4
2020-06-08,Stanislaus,099,539301,1326,956,6,962,28
2020-06-08,Sutter,101,95872,81,55,0,55,2
2020-06-08,Tehama,103,63373,19,8,2,10,1
2020-06-08,Trinity,105,12862,10,2,3,5,0
2020-06-08,Tulare,107,460477,3295,2301,10,2311,91
2020-06-08,Tuolumne,109,53932,9,8,0,8,0
2020-06-08,Ventura,111,848112,2048,1382,11,1393,30
2020-06-08,Yolo,113,214977,274,228,0,228,24
2020-06-08,Yuba,115,75493,32,27,0,27,1
2020-06-07,Alameda,001,1643700,4372,3866,6,3872,102
2020-06-07,Alpine,003,1148,1,1,0,1,0
2020-06-07,Amador,005,37829,10,10,0,10,0
2020-06-07,Butte,007,227075,96,64,8,72,1
2020-06-07,Calaveras,009,45235,25,16,0,16,0
2020-06-07,Colusa,011,21464,9,7,0,7,0
2020-06-07,Contra Costa,013,1133247,1964,1653,1,1654,38
2020-06-07,Del Norte,015,27424,45,45,0,45,0
2020-06-07,El Dorado,017,186661,138,104,1,105,0
2020-06-07,Fresno,019,978130,4059,2144,56,2200,41
2020-06-07,Glenn,021,27897,29,16,0,16,0
2020-06-07,Humboldt,023,135768,116,112,0,112,2
2020-06-07,Imperial,025,180216,5027,3048,4,3052,19
2020-06-07,Inyo,027,18085,22,21,0,21,1
2020-06-07,Kern,029,883053,3612,2771,10,2781,46
2020-06-07,Kings,031,150075,1756,882,2,884,6
2020-06-07,Lake,033,64148,36,28,0,28,0
2020-06-07,Lassen,035,31185,14,4,2,6,0
2020-06-07,Los Angeles,037,10098052,71603,63750,23,63773,2629
2020-06-07,Madera,039,155013,369,149,1,150,3
2020-06-07,Marin,041,260295,666,584,2,586,17
2020-06-07,Mariposa,043,17540,16,16,0,16,1
2020-06-07,Mendocino,045,87422,33,32,0,32,0
2020-06-07,Merced,047,269075,512,318,1,319,7
2020-06-07,Modoc,049,8938,1,0,0,0,0
2020-06-07,Mono,051,14174,39,35,0,35,1
2020-06-07,Monterey,053,433212,968,732,3,735,10
2020-06-07,Napa,055,140530,175,142,0,142,3
2020-06-07,Nevada,057,99092,55,50,1,51,1
2020-06-07,Orange,059,3164182,10700,7643,75,7718,158
2020-06-07,Placer,061,380077,400,273,2,275,9
2020-06-07,Plumas,063,18699,5,4,0,4,0
2020-06-07,Riverside,065,2383286,11850,9105,23,9128,344
2020-06-07,Sacramento,067,1510023,1734,1568,2,1570,59
2020-06-07,San Benito,069,59416,128,92,0,92,2
2020-06-07,San Bernardino,071,2135413,7951,6033,6,6039,214
2020-06-07,San Diego,073,3302833,9706,8478,0,8478,296
2020-06-07,San Francisco,075,870044,2920,2674,0,2674,43
2020-06-07,San Joaquin,077,732212,1632,1126,3,1129,37
2020-06-07,San Luis Obispo,079,281455,413,296,4,300,1
2020-06-07,San Mateo,081,765935,2618,2399,2,2401,73
2020-06-07,Santa Barbara,083,443738,2061,1818,15,1833,13
2020-06-07,Santa Clara,085,1922200,3772,2947,14,2961,146
2020-06-07,Santa Cruz,087,273765,260,230,0,230,2
2020-06-07,Shasta,089,179085,73,41,0,41,4
2020-06-07,Sierra,091,2930,1,1,0,1,0
2020-06-07,Siskiyou,093,43540,20,8,0,8,0
2020-06-07,Solano,095,438530,762,560,4,564,19
2020-06-07,Sonoma,097,501317,753,639,2,641,4
2020-06-07,Stanislaus,099,539301,1246,905,5,910,28
2020-06-07,Sutter,101,95872,73,55,0,55,2
2020-06-07,Tehama,103,63373,16,8,2,10,1
2020-06-07,Trinity,105,12862,8,2,3,5,0
2020-06-07,Tulare,107,460477,3173,2219,10,2229,90
2020-06-07,Tuolumne,109,53932,9,4,0,4,0
2020-06-07,Ventura,111,848112,1982,1337,11,1348,30
2020-06-07,Yolo,113,214977,264,224,0,224,24
2020-06-07,Yuba,115,75493,32,27,0,27,1
2020-06-06,Alameda,001,1643700,4326,3801,6,3807,102
2020-06-06,Alpine,003,1148,1,1,0,1,0
2020-06-06,Amador,005,37829,10,10,0,10,0
2020-06-06,Butte,007,227075,95,63,8,71,1
2020-06-06,Calaveras,009,45235,23,16,0,16,0
2020-06-06,Colusa,011,21464,9,7,0,7,0
2020-06-06,Contra Costa,013,1133247,1944,1619,1,1620,37
2020-06-06,Del Norte,015,27424,45,45,0,45,0
2020-06-06,El Dorado,017,186661,133,104,1,105,0
2020-06-06,Fresno,019,978130,4003,2117,56,2173,41
2020-06-06,Glenn,021,27897,27,16,0,16,0
2020-06-06,Humboldt,023,135768,116,112,0,112,2
2020-06-06,Imperial,025,180216,4952,3047,4,3051,19
2020-06-06,Inyo,027,18085,22,21,0,21,1
2020-06-06,Kern,029,883053,3541,2695,10,2705,46
2020-06-06,Kings,031,150075,1737,882,2,884,6
2020-06-06,Lake,033,64148,36,28,0,28,0
2020-06-06,Lassen,035,31185,14,4,2,6,0
2020-06-06,Los Angeles,037,10098052,70848,62269,23,62292,2607
2020-06-06,Madera,039,155013,360,149,1,150,3
2020-06-06,Marin,041,260295,661,556,2,558,17
2020-06-06,Mariposa,043,17540,16,16,0,16,1
2020-06-06,Mendocino,045,87422,33,32,0,32,0
2020-06-06,Merced,047,269075,510,315,1,316,7
2020-06-06,Modoc,049,8938,1,0,0,0,0
2020-06-06,Mono,051,14174,39,35,0,35,1
2020-06-06,Monterey,053,433212,944,679,3,682,10
2020-06-06,Napa,055,140530,169,136,0,136,3
2020-06-06,Nevada,057,99092,54,50,1,51,1
2020-06-06,Orange,059,3164182,10541,7576,74,7650,157
2020-06-06,Placer,061,380077,388,270,2,272,9
2020-06-06,Plumas,063,18699,5,4,0,4,0
2020-06-06,Riverside,065,2383286,11672,8935,23,8958,345
2020-06-06,Sacramento,067,1510023,1711,1533,2,1535,59
2020-06-06,San Benito,069,59416,118,92,0,92,2
2020-06-06,San Bernardino,071,2135413,7802,5946,6,5952,214
2020-06-06,San Diego,073,3302833,9585,8347,0,8347,296
2020-06-06,San Francisco,075,870044,2905,2674,0,2674,43
2020-06-06,San Joaquin,077,732212,1592,1076,3,1079,37
2020-06-06,San Luis Obispo,079,281455,407,295,4,299,1
2020-06-06,San Mateo,081,765935,2603,2342,2,2344,72
2020-06-06,Santa Barbara,083,443738,2022,1815,15,1830,13
2020-06-06,Santa Clara,085,1922200,3731,2934,14,2948,144
2020-06-06,Santa Cruz,087,273765,258,226,0,226,2
2020-06-06,Shasta,089,179085,73,40,0,40,4
2020-06-06,Sierra,091,2930,1,1,0,1,0
2020-06-06,Siskiyou,093,43540,18,8,0,8,0
2020-06-06,Solano,095,438530,747,560,4,564,19
2020-06-06,Sonoma,097,501317,741,622,2,624,4
2020-06-06,Stanislaus,099,539301,1212,858,5,863,27
2020-06-06,Sutter,101,95872,73,51,0,51,2
2020-06-06,Tehama,103,63373,15,8,2,10,1
2020-06-06,Trinity,105,12862,8,2,2,4,0
2020-06-06,Tulare,107,460477,3140,2213,10,2223,90
2020-06-06,Tuolumne,109,53932,9,4,0,4,0
2020-06-06,Ventura,111,848112,1958,1303,11,1314,30
2020-06-06,Yolo,113,214977,262,223,0,223,24
2020-06-06,Yuba,115,75493,32,27,0,27,1
2020-06-05,Alameda,001,1643700,4275,3734,6,3740,102
2020-06-05,Alpine,003,1148,1,1,0,1,0
2020-06-05,Amador,005,37829,10,10,0,10,0
2020-06-05,Butte,007,227075,92,61,8,69,1
2020-06-05,Calaveras,009,45235,22,16,0,16,0
2020-06-05,Colusa,011,21464,9,7,0,7,0
2020-06-05,Contra Costa,013,1133247,1929,1575,1,1576,37
2020-06-05,Del Norte,015,27424,45,45,0,45,0
2020-06-05,El Dorado,017,186661,131,101,1,102,0
2020-06-05,Fresno,019,978130,3939,2051,55,2106,38
2020-06-05,Glenn,021,27897,25,16,0,16,0
2020-06-05,Humboldt,023,135768,115,111,0,111,2
2020-06-05,Imperial,025,180216,4845,2778,4,2782,19
2020-06-05,Inyo,027,18085,22,21,0,21,1
2020-06-05,Kern,029,883053,3452,2624,10,2634,46
2020-06-05,Kings,031,150075,1722,865,2,867,6
2020-06-05,Lake,033,64148,35,28,0,28,0
2020-06-05,Lassen,035,31185,13,4,2,6,0
2020-06-05,Los Angeles,037,10098052,69697,60955,21,60976,2553
2020-06-05,Madera,039,155013,338,144,1,145,3
2020-06-05,Marin,041,260295,652,546,2,548,17
2020-06-05,Mariposa,043,17540,16,16,0,16,1
2020-06-05,Mendocino,045,87422,33,32,0,32,0
2020-06-05,Merced,047,269075,507,309,1,310,7
2020-06-05,Modoc,049,8938,1,0,0,0,0
2020-06-05,Mono,051,14174,39,35,0,35,1
2020-06-05,Monterey,053,433212,912,649,3,652,10
2020-06-05,Napa,055,140530,166,123,0,123,3
2020-06-05,Nevada,057,99092,54,50,1,51,1
2020-06-05,Orange,059,3164182,10346,7391,73,7464,153
2020-06-05,Placer,061,380077,378,265,2,267,9
2020-06-05,Plumas,063,18699,5,4,0,4,0
2020-06-05,Riverside,065,2383286,11413,8700,23,8723,345
2020-06-05,Sacramento,067,1510023,1689,1514,2,1516,59
2020-06-05,San Benito,069,59416,116,92,0,92,2
2020-06-05,San Bernardino,071,2135413,7620,5869,5,5874,212
2020-06-05,San Diego,073,3302833,9470,8182,0,8182,294
2020-06-05,San Francisco,075,870044,2887,2675,0,2675,43
2020-06-05,San Joaquin,077,732212,1513,1046,3,1049,36
2020-06-05,San Luis Obispo,079,281455,400,293,4,297,1
2020-06-05,San Mateo,081,765935,2578,2331,2,2333,72
2020-06-05,Santa Barbara,083,443738,1991,1795,15,1810,13
2020-06-05,Santa Clara,085,1922200,3696,2902,14,2916,144
2020-06-05,Santa Cruz,087,273765,255,222,0,222,2
2020-06-05,Shasta,089,179085,72,40,0,40,4
2020-06-05,Sierra,091,2930,1,1,0,1,0
2020-06-05,Siskiyou,093,43540,16,8,0,8,0
2020-06-05,Solano,095,438530,740,558,4,562,19
2020-06-05,Sonoma,097,501317,720,618,2,620,4
2020-06-05,Stanislaus,099,539301,1179,842,5,847,27
2020-06-05,Sutter,101,95872,73,49,0,49,2
2020-06-05,Tehama,103,63373,15,7,2,9,1
2020-06-05,Trinity,105,12862,8,1,2,3,0
2020-06-05,Tulare,107,460477,3091,2180,10,2190,90
2020-06-05,Tuolumne,109,53932,9,4,0,4,0
2020-06-05,Ventura,111,848112,1925,1274,11,1285,30
2020-06-05,Yolo,113,214977,261,216,0,216,24
2020-06-05,Yuba,115,75493,32,27,0,27,1
2020-06-04,Alameda,001,1643700,4176,3643,6,3649,99
2020-06-04,Alpine,003,1148,1,1,0,1,0
2020-06-04,Amador,005,37829,10,10,0,10,0
2020-06-04,Butte,007,227075,88,57,7,64,1
2020-06-04,Calaveras,009,45235,22,15,0,15,0
2020-06-04,Colusa,011,21464,9,7,0,7,0
2020-06-04,Contra Costa,013,1133247,1872,1551,1,1552,37
2020-06-04,Del Norte,015,27424,45,45,0,45,0
2020-06-04,El Dorado,017,186661,129,101,1,102,0
2020-06-04,Fresno,019,978130,3835,2007,54,2061,35
2020-06-04,Glenn,021,27897,22,16,0,16,0
2020-06-04,Humboldt,023,135768,115,109,0,109,2
2020-06-04,Imperial,025,180216,4663,2631,4,2635,19
2020-06-04,Inyo,027,18085,22,20,0,20,1
2020-06-04,Kern,029,883053,3336,2530,10,2540,46
2020-06-04,Kings,031,150075,1653,842,2,844,6
2020-06-04,Lake,033,64148,34,27,0,27,0
2020-06-04,Lassen,035,31185,11,4,2,6,0
2020-06-04,Los Angeles,037,10098052,68231,59596,21,59617,2515
2020-06-04,Madera,039,155013,330,127,1,128,3
2020-06-04,Marin,041,260295,630,533,2,535,14
2020-06-04,Mariposa,043,17540,16,16,0,16,1
2020-06-04,Mendocino,045,87422,33,29,0,29,0
2020-06-04,Merced,047,269075,497,304,1,305,7
2020-06-04,Modoc,049,8938,1,0,0,0,0
2020-06-04,Mono,051,14174,39,35,0,35,1
2020-06-04,Monterey,053,433212,877,621,2,623,10
2020-06-04,Napa,055,140530,162,117,0,117,3
2020-06-04,Nevada,057,99092,53,49,1,50,1
2020-06-04,Orange,059,3164182,10093,7192,72,7264,148
2020-06-04,Placer,061,380077,362,256,2,258,9
2020-06-04,Plumas,063,18699,4,4,0,4,0
2020-06-04,Riverside,065,2383286,11135,8473,23,8496,341
2020-06-04,Sacramento,067,1510023,1660,1492,2,1494,58
2020-06-04,San Benito,069,59416,114,88,0,88,2
2020-06-04,San Bernardino,071,2135413,7351,5726,5,5731,207
2020-06-04,San Diego,073,3302833,9307,7942,0,7942,288
2020-06-04,San Francisco,075,870044,2854,2636,0,2636,43
2020-06-04,San Joaquin,077,732212,1451,1016,3,1019,36
2020-06-04,San Luis Obispo,079,281455,389,288,4,292,1
2020-06-04,San Mateo,081,765935,2551,2284,2,2286,72
2020-06-04,Santa Barbara,083,443738,1960,1750,14,1764,13
2020-06-04,Santa Clara,085,1922200,3661,2871,14,2885,144
2020-06-04,Santa Cruz,087,273765,249,218,0,218,2
2020-06-04,Shasta,089,179085,66,40,0,40,4
2020-06-04,Sierra,091,2930,1,1,0,1,0
2020-06-04,Siskiyou,093,43540,15,8,0,8,0
2020-06-04,Solano,095,438530,723,551,4,555,19
2020-06-04,Sonoma,097,501317,701,591,1,592,4
2020-06-04,Stanislaus,099,539301,1103,806,5,811,28
2020-06-04,Sutter,101,95872,68,46,0,46,2
2020-06-04,Tehama,103,63373,14,6,1,7,1
2020-06-04,Trinity,105,12862,8,1,2,3,0
2020-06-04,Tulare,107,460477,2974,2086,10,2096,90
2020-06-04,Tuolumne,109,53932,8,4,0,4,0
2020-06-04,Ventura,111,848112,1881,1236,10,1246,30
2020-06-04,Yolo,113,214977,256,216,0,216,24
2020-06-04,Yuba,115,75493,31,27,0,27,1
2020-06-03,Alameda,001,1643700,4117,3589,5,3594,99
2020-06-03,Alpine,003,1148,1,1,0,1,0
2020-06-03,Amador,005,37829,10,10,0,10,0
2020-06-03,Butte,007,227075,86,53,7,60,1
2020-06-03,Calaveras,009,45235,21,15,0,15,0
2020-06-03,Colusa,011,21464,9,7,0,7,0
2020-06-03,Contra Costa,013,1133247,1824,1511,1,1512,37
2020-06-03,Del Norte,015,27424,45,39,0,39,0
2020-06-03,El Dorado,017,186661,126,90,1,91,0
2020-06-03,Fresno,019,978130,3736,1943,54,1997,35
2020-06-03,Glenn,021,27897,22,16,0,16,0
2020-06-03,Humboldt,023,135768,115,103,0,103,2
2020-06-03,Imperial,025,180216,4490,2540,4,2544,19
2020-06-03,Inyo,027,18085,22,20,0,20,1
2020-06-03,Kern,029,883053,3240,2452,9,2461,44
2020-06-03,Kings,031,150075,1592,744,2,746,6
2020-06-03,Lake,033,64148,32,26,0,26,0
2020-06-03,Lassen,035,31185,11,4,2,6,0
2020-06-03,Los Angeles,037,10098052,66632,58166,21,58187,2472
2020-06-03,Madera,039,155013,322,117,1,118,3
2020-06-03,Marin,041,260295,612,527,2,529,14
2020-06-03,Mariposa,043,17540,16,16,0,16,1
2020-06-03,Mendocino,045,87422,32,29,0,29,0
2020-06-03,Merced,047,269075,485,299,1,300,7
2020-06-03,Modoc,049,8938,1,0,0,0,0
2020-06-03,Mono,051,14174,39,35,0,35,1
2020-06-03,Monterey,053,433212,849,592,2,594,10
2020-06-03,Napa,055,140530,161,116,0,116,3
2020-06-03,Nevada,057,99092,52,43,1,44,1
2020-06-03,Orange,059,3164182,9867,6939,71,7010,145
2020-06-03,Placer,061,380077,342,243,2,245,9
2020-06-03,Plumas,063,18699,4,4,0,4,0
2020-06-03,Riverside,065,2383286,10861,8208,23,8231,335
2020-06-03,Sacramento,067,1510023,1631,1457,2,1459,58
2020-06-03,San Benito,069,59416,108,88,0,88,2
2020-06-03,San Bernardino,071,2135413,7128,5565,5,5570,203
2020-06-03,San Diego,073,3302833,9159,7800,0,7800,283
2020-06-03,San Francisco,075,870044,2823,2608,0,2608,43
2020-06-03,San Joaquin,077,732212,1386,1004,3,1007,35
2020-06-03,San Luis Obispo,079,281455,384,279,4,283,1
2020-06-03,San Mateo,081,765935,2523,2243,2,2245,71
2020-06-03,Santa Barbara,083,443738,1926,1722,13,1735,12
2020-06-03,Santa Clara,085,1922200,3619,2836,14,2850,144
2020-06-03,Santa Cruz,087,273765,243,217,0,217,2
2020-06-03,Shasta,089,179085,63,40,0,40,4
2020-06-03,Sierra,091,2930,1,1,0,1,0
2020-06-03,Siskiyou,093,43540,14,8,0,8,0
2020-06-03,Solano,095,438530,698,543,2,545,18
2020-06-03,Sonoma,097,501317,689,578,1,579,4
2020-06-03,Stanislaus,099,539301,1063,780,5,785,27
2020-06-03,Sutter,101,95872,60,45,0,45,2
2020-06-03,Tehama,103,63373,14,6,1,7,1
2020-06-03,Trinity,105,12862,8,1,2,3,0
2020-06-03,Tulare,107,460477,2905,2041,10,2051,88
2020-06-03,Tuolumne,109,53932,6,4,0,4,0
2020-06-03,Ventura,111,848112,1814,1202,10,1212,30
2020-06-03,Yolo,113,214977,252,213,0,213,24
2020-06-03,Yuba,115,75493,31,27,0,27,1
2020-06-02,Alameda,001,1643700,4041,3517,5,3522,99
2020-06-02,Alpine,003,1148,1,1,0,1,0
2020-06-02,Amador,005,37829,10,10,0,10,0
2020-06-02,Butte,007,227075,82,51,6,57,1
2020-06-02,Calaveras,009,45235,21,15,0,15,0
2020-06-02,Colusa,011,21464,9,7,0,7,0
2020-06-02,Contra Costa,013,1133247,1792,1505,1,1506,37
2020-06-02,Del Norte,015,27424,45,39,0,39,0
2020-06-02,El Dorado,017,186661,125,88,1,89,0
2020-06-02,Fresno,019,978130,3623,1917,54,1971,34
2020-06-02,Glenn,021,27897,21,16,0,16,0
2020-06-02,Humboldt,023,135768,115,101,0,101,2
2020-06-02,Imperial,025,180216,4297,2459,4,2463,19
2020-06-02,Inyo,027,18085,20,20,0,20,1
2020-06-02,Kern,029,883053,3141,2406,7,2413,41
2020-06-02,Kings,031,150075,1564,720,2,722,5
2020-06-02,Lake,033,64148,32,25,0,25,0
2020-06-02,Lassen,035,31185,10,4,2,6,0
2020-06-02,Los Angeles,037,10098052,65229,57144,21,57165,2430
2020-06-02,Madera,039,155013,301,110,1,111,2
2020-06-02,Marin,041,260295,585,509,2,511,14
2020-06-02,Mariposa,043,17540,16,16,0,16,1
2020-06-02,Mendocino,045,87422,32,29,0,29,0
2020-06-02,Merced,047,269075,469,297,1,298,6
2020-06-02,Modoc,049,8938,1,0,0,0,0
2020-06-02,Mono,051,14174,39,35,0,35,1
2020-06-02,Monterey,053,433212,819,582,2,584,10
2020-06-02,Napa,055,140530,152,116,0,116,3
2020-06-02,Nevada,057,99092,51,41,1,42,1
2020-06-02,Orange,059,3164182,9666,6790,70,6860,142
2020-06-02,Placer,061,380077,328,226,2,228,9
2020-06-02,Plumas,063,18699,4,4,0,4,0
2020-06-02,Riverside,065,2383286,10565,8091,22,8113,330
2020-06-02,Sacramento,067,1510023,1602,1428,2,1430,58
2020-06-02,San Benito,069,59416,107,86,0,86,2
2020-06-02,San Bernardino,071,2135413,6921,5438,5,5443,202
2020-06-02,San Diego,073,3302833,9013,7676,0,7676,276
2020-06-02,San Francisco,075,870044,2788,2554,0,2554,43
2020-06-02,San Joaquin,077,732212,1320,985,3,988,35
2020-06-02,San Luis Obispo,079,281455,379,275,4,279,1
2020-06-02,San Mateo,081,765935,2488,2203,2,2205,71
2020-06-02,Santa Barbara,083,443738,1886,1703,13,1716,12
2020-06-02,Santa Clara,085,1922200,3569,2819,14,2833,144
2020-06-02,Santa Cruz,087,273765,238,215,0,215,2
2020-06-02,Shasta,089,179085,62,38,0,38,4
2020-06-02,Sierra,091,2930,1,1,0,1,0
2020-06-02,Siskiyou,093,43540,13,8,0,8,0
2020-06-02,Solano,095,438530,683,537,1,538,18
2020-06-02,Sonoma,097,501317,678,571,1,572,4
2020-06-02,Stanislaus,099,539301,1004,772,5,777,27
2020-06-02,Sutter,101,95872,57,43,0,43,2
2020-06-02,Tehama,103,63373,14,6,1,7,1
2020-06-02,Trinity,105,12862,8,1,2,3,0
2020-06-02,Tulare,107,460477,2825,2012,10,2022,86
2020-06-02,Tuolumne,109,53932,6,4,0,4,0
2020-06-02,Ventura,111,848112,1761,1178,10,1188,30
2020-06-02,Yolo,113,214977,250,213,0,213,24
2020-06-02,Yuba,115,75493,31,27,0,27,1
2020-06-01,Alameda,001,1643700,3975,3460,5,3465,98
2020-06-01,Alpine,003,1148,1,1,0,1,0
2020-06-01,Amador,005,37829,10,10,0,10,0
2020-06-01,Butte,007,227075,81,50,5,55,1
2020-06-01,Calaveras,009,45235,21,15,0,15,0
2020-06-01,Colusa,011,21464,9,7,0,7,0
2020-06-01,Contra Costa,013,1133247,1756,1486,1,1487,37
2020-06-01,Del Norte,015,27424,45,38,0,38,0
2020-06-01,El Dorado,017,186661,123,88,1,89,0
2020-06-01,Fresno,019,978130,3527,1854,52,1906,33
2020-06-01,Glenn,021,27897,21,16,0,16,0
2020-06-01,Humboldt,023,135768,115,98,0,98,2
2020-06-01,Imperial,025,180216,4075,2366,4,2370,14
2020-06-01,Inyo,027,18085,20,20,0,20,1
2020-06-01,Kern,029,883053,3058,2366,7,2373,38
2020-06-01,Kings,031,150075,1296,703,2,705,4
2020-06-01,Lake,033,64148,32,22,0,22,0
2020-06-01,Lassen,035,31185,10,4,2,6,0
2020-06-01,Los Angeles,037,10098052,63756,55899,21,55920,2367
2020-06-01,Madera,039,155013,289,103,1,104,2
2020-06-01,Marin,041,260295,544,495,2,497,14
2020-06-01,Mariposa,043,17540,16,16,0,16,1
2020-06-01,Mendocino,045,87422,32,28,0,28,0
2020-06-01,Merced,047,269075,452,289,1,290,6
2020-06-01,Modoc,049,8938,1,0,0,0,0
2020-06-01,Mono,051,14174,39,35,0,35,1
2020-06-01,Monterey,053,433212,795,554,2,556,10
2020-06-01,Napa,055,140530,149,114,0,114,3
2020-06-01,Nevada,057,99092,51,41,1,42,1
2020-06-01,Orange,059,3164182,9469,6640,69,6709,135
2020-06-01,Placer,061,380077,316,218,2,220,9
2020-06-01,Plumas,063,18699,4,4,0,4,0
2020-06-01,Riverside,065,2383286,10113,7921,21,7942,322
2020-06-01,Sacramento,067,1510023,1563,1415,2,1417,58
2020-06-01,San Benito,069,59416,104,86,0,86,2
2020-06-01,San Bernardino,071,2135413,6715,5310,5,5315,202
2020-06-01,San Diego,073,3302833,8833,7556,0,7556,269
2020-06-01,San Francisco,075,870044,2751,2546,0,2546,43
2020-06-01,San Joaquin,077,732212,1255,957,3,960,35
2020-06-01,San Luis Obispo,079,281455,375,275,4,279,1
2020-06-01,San Mateo,081,765935,2458,2190,2,2192,71
2020-06-01,Santa Barbara,083,443738,1852,1671,12,1683,10
2020-06-01,Santa Clara,085,1922200,3531,2797,13,2810,142
2020-06-01,Santa Cruz,087,273765,234,215,0,215,2
2020-06-01,Shasta,089,179085,62,38,0,38,4
2020-06-01,Sierra,091,2930,1,1,0,1,0
2020-06-01,Siskiyou,093,43540,13,7,0,7,0
2020-06-01,Solano,095,438530,659,529,1,530,17
2020-06-01,Sonoma,097,501317,662,565,1,566,4
2020-06-01,Stanislaus,099,539301,967,758,5,763,27
2020-06-01,Sutter,101,95872,52,43,0,43,2
2020-06-01,Tehama,103,63373,11,5,1,6,1
2020-06-01,Trinity,105,12862,7,1,2,3,0
2020-06-01,Tulare,107,460477,2710,1976,10,1986,84
2020-06-01,Tuolumne,109,53932,5,4,0,4,0
2020-06-01,Ventura,111,848112,1708,1163,10,1173,29
2020-06-01,Yolo,113,214977,247,212,0,212,24
2020-06-01,Yuba,115,75493,30,26,0,26,1
2020-05-31,Alameda,001,1643700,3870,3362,5,3367,98
2020-05-31,Alpine,003,1148,1,1,0,1,0
2020-05-31,Amador,005,37829,10,10,0,10,0
2020-05-31,Butte,007,227075,79,51,5,56,0
2020-05-31,Calaveras,009,45235,18,15,0,15,0
2020-05-31,Colusa,011,21464,9,5,0,5,0
2020-05-31,Contra Costa,013,1133247,1722,1458,1,1459,37
2020-05-31,Del Norte,015,27424,45,37,0,37,0
2020-05-31,El Dorado,017,186661,119,88,1,89,0
2020-05-31,Fresno,019,978130,3363,1780,47,1827,31
2020-05-31,Glenn,021,27897,20,16,0,16,0
2020-05-31,Humboldt,023,135768,113,98,0,98,2
2020-05-31,Imperial,025,180216,3808,2197,4,2201,14
2020-05-31,Inyo,027,18085,20,20,0,20,1
2020-05-31,Kern,029,883053,2923,2300,7,2307,38
2020-05-31,Kings,031,150075,1260,703,2,705,3
2020-05-31,Lake,033,64148,32,19,0,19,0
2020-05-31,Lassen,035,31185,10,4,2,6,0
2020-05-31,Los Angeles,037,10098052,62461,54925,21,54946,2344
2020-05-31,Madera,039,155013,271,101,1,102,2
2020-05-31,Marin,041,260295,534,486,2,488,14
2020-05-31,Mariposa,043,17540,16,16,0,16,1
2020-05-31,Mendocino,045,87422,32,24,0,24,0
2020-05-31,Merced,047,269075,418,288,0,288,6
2020-05-31,Modoc,049,8938,0,0,0,0,0
2020-05-31,Mono,051,14174,39,34,0,34,1
2020-05-31,Monterey,053,433212,721,545,2,547,10
2020-05-31,Napa,055,140530,147,114,0,114,3
2020-05-31,Nevada,057,99092,50,41,1,42,1
2020-05-31,Orange,059,3164182,9258,6532,68,6600,135
2020-05-31,Placer,061,380077,294,215,2,217,9
2020-05-31,Plumas,063,18699,4,4,0,4,0
2020-05-31,Riverside,065,2383286,9857,7704,21,7725,321
2020-05-31,Sacramento,067,1510023,1532,1398,2,1400,57
2020-05-31,San Benito,069,59416,98,85,0,85,2
2020-05-31,San Bernardino,071,2135413,6447,5185,5,5190,198
2020-05-31,San Diego,073,3302833,8639,7483,0,7483,269
2020-05-31,San Francisco,075,870044,2715,2501,0,2501,43
2020-05-31,San Joaquin,077,732212,1190,888,3,891,34
2020-05-31,San Luis Obispo,079,281455,365,271,4,275,1
2020-05-31,San Mateo,081,765935,2412,2169,2,2171,71
2020-05-31,Santa Barbara,083,443738,1801,1662,11,1673,9
2020-05-31,Santa Clara,085,1922200,3487,2785,13,2798,142
2020-05-31,Santa Cruz,087,273765,231,210,0,210,2
2020-05-31,Shasta,089,179085,60,38,0,38,4
2020-05-31,Sierra,091,2930,1,1,0,1,0
2020-05-31,Siskiyou,093,43540,12,7,0,7,0
2020-05-31,Solano,095,438530,633,512,1,513,6
2020-05-31,Sonoma,097,501317,642,555,1,556,4
2020-05-31,Stanislaus,099,539301,913,738,5,743,27
2020-05-31,Sutter,101,95872,50,42,0,42,2
2020-05-31,Tehama,103,63373,10,4,1,5,1
2020-05-31,Trinity,105,12862,7,1,2,3,0
2020-05-31,Tulare,107,460477,2637,1884,10,1894,82
2020-05-31,Tuolumne,109,53932,5,4,0,4,0
2020-05-31,Ventura,111,848112,1647,1151,10,1161,30
2020-05-31,Yolo,113,214977,241,211,0,211,24
2020-05-31,Yuba,115,75493,30,26,0,26,1
2020-05-30,Alameda,001,1643700,3844,3304,5,3309,96
2020-05-30,Alpine,003,1148,1,1,0,1,0
2020-05-30,Amador,005,37829,10,10,0,10,0
2020-05-30,Butte,007,227075,78,44,5,49,0
2020-05-30,Calaveras,009,45235,17,15,0,15,0
2020-05-30,Colusa,011,21464,8,5,0,5,0
2020-05-30,Contra Costa,013,1133247,1706,1429,1,1430,37
2020-05-30,Del Norte,015,27424,45,37,0,37,0
2020-05-30,El Dorado,017,186661,118,86,1,87,0
2020-05-30,Fresno,019,978130,3302,1744,46,1790,31
2020-05-30,Glenn,021,27897,19,16,0,16,0
2020-05-30,Humboldt,023,135768,112,98,0,98,2
2020-05-30,Imperial,025,180216,3718,2091,4,2095,14
2020-05-30,Inyo,027,18085,20,20,0,20,1
2020-05-30,Kern,029,883053,2854,2217,7,2224,38
2020-05-30,Kings,031,150075,1246,703,2,705,3
2020-05-30,Lake,033,64148,31,18,0,18,0
2020-05-30,Lassen,035,31185,10,4,2,6,0
2020-05-30,Los Angeles,037,10098052,61926,53627,21,53648,2319
2020-05-30,Madera,039,155013,266,101,1,102,2
2020-05-30,Marin,041,260295,534,462,2,464,14
2020-05-30,Mariposa,043,17540,16,16,0,16,1
2020-05-30,Mendocino,045,87422,32,24,0,24,0
2020-05-30,Merced,047,269075,414,285,0,285,6
2020-05-30,Modoc,049,8938,0,0,0,0,0
2020-05-30,Mono,051,14174,39,34,0,34,1
2020-05-30,Monterey,053,433212,705,520,2,522,10
2020-05-30,Napa,055,140530,145,113,0,113,3
2020-05-30,Nevada,057,99092,50,41,1,42,1
2020-05-30,Orange,059,3164182,9101,6354,67,6421,134
2020-05-30,Placer,061,380077,286,199,1,200,9
2020-05-30,Plumas,063,18699,4,4,0,4,0
2020-05-30,Riverside,065,2383286,9713,7492,21,7513,316
2020-05-30,Sacramento,067,1510023,1521,1384,2,1386,57
2020-05-30,San Benito,069,59416,97,85,0,85,2
2020-05-30,San Bernardino,071,2135413,6338,5122,5,5127,198
2020-05-30,San Diego,073,3302833,8546,7387,0,7387,269
2020-05-30,San Francisco,075,870044,2690,2496,0,2496,41
2020-05-30,San Joaquin,077,732212,1152,888,3,891,34
2020-05-30,San Luis Obispo,079,281455,360,270,4,274,1
2020-05-30,San Mateo,081,765935,2388,2129,2,2131,71
2020-05-30,Santa Barbara,083,443738,1782,1660,11,1671,9
2020-05-30,Santa Clara,085,1922200,3471,2741,13,2754,141
2020-05-30,Santa Cruz,087,273765,231,206,0,206,2
2020-05-30,Shasta,089,179085,60,36,0,36,4
2020-05-30,Sierra,091,2930,1,1,0,1,0
2020-05-30,Siskiyou,093,43540,11,7,0,7,0
2020-05-30,Solano,095,438530,626,512,1,513,6
2020-05-30,Sonoma,097,501317,632,551,1,552,4
2020-05-30,Stanislaus,099,539301,896,712,5,717,27
2020-05-30,Sutter,101,95872,49,40,0,40,2
2020-05-30,Tehama,103,63373,10,4,1,5,1
2020-05-30,Trinity,105,12862,7,1,2,3,0
2020-05-30,Tulare,107,460477,2600,1879,10,1889,81
2020-05-30,Tuolumne,109,53932,5,4,0,4,0
2020-05-30,Ventura,111,848112,1630,1116,10,1126,30
2020-05-30,Yolo,113,214977,237,210,0,210,24
2020-05-30,Yuba,115,75493,30,25,0,25,1
2020-05-29,Alameda,001,1643700,3809,3209,5,3214,96
2020-05-29,Alpine,003,1148,1,1,0,1,0
2020-05-29,Amador,005,37829,10,10,0,10,0
2020-05-29,Butte,007,227075,73,41,5,46,0
2020-05-29,Calaveras,009,45235,17,15,0,15,0
2020-05-29,Colusa,011,21464,8,5,0,5,0
2020-05-29,Contra Costa,013,1133247,1690,1411,1,1412,37
2020-05-29,Del Norte,015,27424,45,37,0,37,0
2020-05-29,El Dorado,017,186661,117,85,1,86,0
2020-05-29,Fresno,019,978130,3252,1687,46,1733,31
2020-05-29,Glenn,021,27897,19,14,0,14,0
2020-05-29,Humboldt,023,135768,111,98,0,98,2
2020-05-29,Imperial,025,180216,3600,1607,4,1611,14
2020-05-29,Inyo,027,18085,20,20,0,20,1
2020-05-29,Kern,029,883053,2796,2128,7,2135,36
2020-05-29,Kings,031,150075,1235,693,2,695,3
2020-05-29,Lake,033,64148,30,17,0,17,0
2020-05-29,Lassen,035,31185,10,0,2,2,0
2020-05-29,Los Angeles,037,10098052,60970,51578,21,51599,2273
2020-05-29,Madera,039,155013,251,98,1,99,2
2020-05-29,Marin,041,260295,526,448,2,450,14
2020-05-29,Mariposa,043,17540,16,16,0,16,1
2020-05-29,Mendocino,045,87422,30,25,0,25,0
2020-05-29,Merced,047,269075,404,285,0,285,7
2020-05-29,Modoc,049,8938,0,0,0,0,0
2020-05-29,Mono,051,14174,38,34,0,34,1
2020-05-29,Monterey,053,433212,675,479,2,481,10
2020-05-29,Napa,055,140530,142,113,0,113,3
2020-05-29,Nevada,057,99092,50,41,1,42,1
2020-05-29,Orange,059,3164182,8915,6176,64,6240,133
2020-05-29,Placer,061,380077,264,199,1,200,9
2020-05-29,Plumas,063,18699,4,4,0,4,0
2020-05-29,Riverside,065,2383286,9527,7376,21,7397,313
2020-05-29,Sacramento,067,1510023,1498,1360,2,1362,57
2020-05-29,San Benito,069,59416,97,84,0,84,2
2020-05-29,San Bernardino,071,2135413,6230,4983,5,4988,196
2020-05-29,San Diego,073,3302833,8423,7242,0,7242,266
2020-05-29,San Francisco,075,870044,2666,2453,0,2453,41
2020-05-29,San Joaquin,077,732212,1115,855,3,858,34
2020-05-29,San Luis Obispo,079,281455,356,270,4,274,1
2020-05-29,San Mateo,081,765935,2372,2103,2,2105,71
2020-05-29,Santa Barbara,083,443738,1754,1656,11,1667,9
2020-05-29,Santa Clara,085,1922200,3443,2707,13,2720,141
2020-05-29,Santa Cruz,087,273765,228,203,0,203,2
2020-05-29,Shasta,089,179085,60,36,0,36,4
2020-05-29,Sierra,091,2930,1,1,0,1,0
2020-05-29,Siskiyou,093,43540,11,7,0,7,0
2020-05-29,Solano,095,438530,618,498,1,499,6
2020-05-29,Sonoma,097,501317,621,537,1,538,4
2020-05-29,Stanislaus,099,539301,866,698,5,703,27
2020-05-29,Sutter,101,95872,47,40,0,40,2
2020-05-29,Tehama,103,63373,9,4,1,5,1
2020-05-29,Trinity,105,12862,7,1,2,3,0
2020-05-29,Tulare,107,460477,2562,1852,10,1862,80
2020-05-29,Tuolumne,109,53932,5,4,0,4,0
2020-05-29,Ventura,111,848112,1606,1093,10,1103,29
2020-05-29,Yolo,113,214977,233,211,0,211,24
2020-05-29,Yuba,115,75493,29,25,0,25,1
2020-05-28,Alameda,001,1643700,3710,3083,5,3088,94
2020-05-28,Alpine,003,1148,1,1,0,1,0
2020-05-28,Amador,005,37829,10,10,0,10,0
2020-05-28,Butte,007,227075,72,40,5,45,0
2020-05-28,Calaveras,009,45235,16,15,0,15,0
2020-05-28,Colusa,011,21464,8,5,0,5,0
2020-05-28,Contra Costa,013,1133247,1651,1392,1,1393,37
2020-05-28,Del Norte,015,27424,45,37,0,37,0
2020-05-28,El Dorado,017,186661,114,82,1,83,0
2020-05-28,Fresno,019,978130,3171,1653,45,1698,31
2020-05-28,Glenn,021,27897,18,14,0,14,0
2020-05-28,Humboldt,023,135768,110,97,0,97,2
2020-05-28,Imperial,025,180216,3405,1430,4,1434,14
2020-05-28,Inyo,027,18085,20,20,0,20,1
2020-05-28,Kern,029,883053,2718,2069,7,2076,36
2020-05-28,Kings,031,150075,898,626,2,628,3
2020-05-28,Lake,033,64148,29,17,0,17,0
2020-05-28,Lassen,035,31185,10,0,2,2,0
2020-05-28,Los Angeles,037,10098052,59394,49861,21,49882,2222
2020-05-28,Madera,039,155013,233,93,1,94,2
2020-05-28,Marin,041,260295,501,443,2,445,14
2020-05-28,Mariposa,043,17540,16,16,0,16,1
2020-05-28,Mendocino,045,87422,28,24,0,24,0
2020-05-28,Merced,047,269075,394,283,0,283,7
2020-05-28,Modoc,049,8938,0,0,0,0,0
2020-05-28,Mono,051,14174,38,34,0,34,1
2020-05-28,Monterey,053,433212,643,471,2,473,10
2020-05-28,Napa,055,140530,139,113,0,113,3
2020-05-28,Nevada,057,99092,45,41,1,42,1
2020-05-28,Orange,059,3164182,8720,6045,64,6109,130
2020-05-28,Placer,061,380077,257,196,1,197,9
2020-05-28,Plumas,063,18699,4,4,0,4,0
2020-05-28,Riverside,065,2383286,9123,7240,20,7260,304
2020-05-28,Sacramento,067,1510023,1478,1339,2,1341,57
2020-05-28,San Benito,069,59416,96,82,0,82,2
2020-05-28,San Bernardino,071,2135413,6065,4831,5,4836,191
2020-05-28,San Diego,073,3302833,8266,7102,0,7102,260
2020-05-28,San Francisco,075,870044,2632,2417,0,2417,40
2020-05-28,San Joaquin,077,732212,1080,840,3,843,34
2020-05-28,San Luis Obispo,079,281455,353,267,4,271,1
2020-05-28,San Mateo,081,765935,2345,2070,2,2072,71
2020-05-28,Santa Barbara,083,443738,1726,1642,10,1652,9
2020-05-28,Santa Clara,085,1922200,3403,2698,13,2711,140
2020-05-28,Santa Cruz,087,273765,227,201,0,201,2
2020-05-28,Shasta,089,179085,58,36,0,36,4
2020-05-28,Sierra,091,2930,1,1,0,1,0
2020-05-28,Siskiyou,093,43540,9,6,0,6,0
2020-05-28,Solano,095,438530,601,489,1,490,6
2020-05-28,Sonoma,097,501317,599,529,1,530,4
2020-05-28,Stanislaus,099,539301,825,684,5,689,27
2020-05-28,Sutter,101,95872,47,40,0,40,2
2020-05-28,Tehama,103,63373,9,4,1,5,1
2020-05-28,Trinity,105,12862,6,1,2,3,0
2020-05-28,Tulare,107,460477,2526,1832,10,1842,79
2020-05-28,Tuolumne,109,53932,5,4,0,4,0
2020-05-28,Ventura,111,848112,1573,1083,10,1093,29
2020-05-28,Yolo,113,214977,230,206,0,206,22
2020-05-28,Yuba,115,75493,28,24,0,24,1
2020-05-27,Alameda,001,1643700,3627,3037,5,3042,94
2020-05-27,Alpine,003,1148,1,1,0,1,0
2020-05-27,Amador,005,37829,10,10,0,10,0
2020-05-27,Butte,007,227075,69,40,4,44,0
2020-05-27,Calaveras,009,45235,15,15,0,15,0
2020-05-27,Colusa,011,21464,8,5,0,5,0
2020-05-27,Contra Costa,013,1133247,1611,1373,1,1374,37
2020-05-27,Del Norte,015,27424,45,34,0,34,0
2020-05-27,El Dorado,017,186661,113,82,1,83,0
2020-05-27,Fresno,019,978130,3082,1620,45,1665,27
2020-05-27,Glenn,021,27897,18,14,0,14,0
2020-05-27,Humboldt,023,135768,110,86,0,86,2
2020-05-27,Imperial,025,180216,3225,1369,4,1373,14
2020-05-27,Inyo,027,18085,20,20,0,20,1
2020-05-27,Kern,029,883053,2653,1999,7,2006,37
2020-05-27,Kings,031,150075,871,586,2,588,3
2020-05-27,Lake,033,64148,29,13,0,13,0
2020-05-27,Lassen,035,31185,10,0,2,2,0
2020-05-27,Los Angeles,037,10098052,58023,48711,21,48732,2177
2020-05-27,Madera,039,155013,224,91,1,92,2
2020-05-27,Marin,041,260295,472,439,2,441,14
2020-05-27,Mariposa,043,17540,16,16,0,16,1
2020-05-27,Mendocino,045,87422,27,21,0,21,0
2020-05-27,Merced,047,269075,388,278,0,278,7
2020-05-27,Modoc,049,8938,0,0,0,0,0
2020-05-27,Mono,051,14174,38,34,0,34,1
2020-05-27,Monterey,053,433212,603,443,2,445,8
2020-05-27,Napa,055,140530,134,112,0,112,3
2020-05-27,Nevada,057,99092,44,41,1,42,1
2020-05-27,Orange,059,3164182,8565,5849,64,5913,121
2020-05-27,Placer,061,380077,238,196,0,196,9
2020-05-27,Plumas,063,18699,4,4,0,4,0
2020-05-27,Riverside,065,2383286,8744,7156,20,7176,299
2020-05-27,Sacramento,067,1510023,1450,1318,2,1320,50
2020-05-27,San Benito,069,59416,93,74,0,74,2
2020-05-27,San Bernardino,071,2135413,5881,4708,5,4713,183
2020-05-27,San Diego,073,3302833,8115,6985,0,6985,255
2020-05-27,San Francisco,075,870044,2603,2394,0,2394,40
2020-05-27,San Joaquin,077,732212,1039,825,3,828,34
2020-05-27,San Luis Obispo,079,281455,348,266,4,270,1
2020-05-27,San Mateo,081,765935,2305,2045,2,2047,71
2020-05-27,Santa Barbara,083,443738,1711,1629,10,1639,9
2020-05-27,Santa Clara,085,1922200,3370,2680,13,2693,140
2020-05-27,Santa Cruz,087,273765,223,202,0,202,2
2020-05-27,Shasta,089,179085,55,36,0,36,4
2020-05-27,Sierra,091,2930,1,1,0,1,0
2020-05-27,Siskiyou,093,43540,9,6,0,6,0
2020-05-27,Solano,095,438530,581,477,1,478,5
2020-05-27,Sonoma,097,501317,585,521,1,522,4
2020-05-27,Stanislaus,099,539301,800,675,5,680,27
2020-05-27,Sutter,101,95872,46,40,0,40,2
2020-05-27,Tehama,103,63373,9,3,1,4,1
2020-05-27,Trinity,105,12862,6,1,2,3,0
2020-05-27,Tulare,107,460477,2474,1817,10,1827,77
2020-05-27,Tuolumne,109,53932,5,4,0,4,0
2020-05-27,Ventura,111,848112,1548,1065,10,1075,28
2020-05-27,Yolo,113,214977,229,204,0,204,22
2020-05-27,Yuba,115,75493,28,24,0,24,1
2020-05-26,Alameda,001,1643700,3532,2956,5,2961,92
2020-05-26,Alpine,003,1148,1,1,0,1,0
2020-05-26,Amador,005,37829,10,10,0,10,0
2020-05-26,Butte,007,227075,67,37,3,40,0
2020-05-26,Calaveras,009,45235,15,13,0,13,0
2020-05-26,Colusa,011,21464,8,4,0,4,0
2020-05-26,Contra Costa,013,1133247,1575,1352,1,1353,37
2020-05-26,Del Norte,015,27424,44,30,0,30,0
2020-05-26,El Dorado,017,186661,109,79,1,80,0
2020-05-26,Fresno,019,978130,2995,1496,45,1541,22
2020-05-26,Glenn,021,27897,16,12,0,12,0
2020-05-26,Humboldt,023,135768,108,81,0,81,2
2020-05-26,Imperial,025,180216,3009,1369,4,1373,14
2020-05-26,Inyo,027,18085,20,20,0,20,1
2020-05-26,Kern,029,883053,2575,1890,7,1897,31
2020-05-26,Kings,031,150075,803,449,1,450,2
2020-05-26,Lake,033,64148,27,12,0,12,0
2020-05-26,Lassen,035,31185,9,0,2,2,0
2020-05-26,Los Angeles,037,10098052,56557,47760,21,47781,2121
2020-05-26,Madera,039,155013,209,83,1,84,2
2020-05-26,Marin,041,260295,460,424,2,426,14
2020-05-26,Mariposa,043,17540,16,16,0,16,1
2020-05-26,Mendocino,045,87422,25,20,0,20,0
2020-05-26,Merced,047,269075,377,266,0,266,7
2020-05-26,Modoc,049,8938,0,1,0,1,0
2020-05-26,Mono,051,14174,37,34,0,34,1
2020-05-26,Monterey,053,433212,575,424,1,425,8
2020-05-26,Napa,055,140530,129,109,0,109,3
2020-05-26,Nevada,057,99092,43,41,1,42,1
2020-05-26,Orange,059,3164182,8295,5651,63,5714,115
2020-05-26,Placer,061,380077,233,188,0,188,9
2020-05-26,Plumas,063,18699,4,4,0,4,0
2020-05-26,Riverside,065,2383286,8297,6917,20,6937,284
2020-05-26,Sacramento,067,1510023,1424,1298,2,1300,50
2020-05-26,San Benito,069,59416,88,69,0,69,2
2020-05-26,San Bernardino,071,2135413,5713,4430,5,4435,175
2020-05-26,San Diego,073,3302833,7972,6884,0,6884,249
2020-05-26,San Francisco,075,870044,2570,2363,0,2363,40
2020-05-26,San Joaquin,077,732212,992,760,3,763,33
2020-05-26,San Luis Obispo,079,281455,346,260,4,264,1
2020-05-26,San Mateo,081,765935,2267,1967,2,1969,71
2020-05-26,Santa Barbara,083,443738,1694,1590,9,1599,9
2020-05-26,Santa Clara,085,1922200,3338,2659,13,2672,139
2020-05-26,Santa Cruz,087,273765,221,197,0,197,2
2020-05-26,Shasta,089,179085,55,36,0,36,4
2020-05-26,Sierra,091,2930,1,1,0,1,0
2020-05-26,Siskiyou,093,43540,8,6,0,6,0
2020-05-26,Solano,095,438530,563,470,1,471,5
2020-05-26,Sonoma,097,501317,577,509,0,509,4
2020-05-26,Stanislaus,099,539301,780,663,5,668,27
2020-05-26,Sutter,101,95872,45,39,0,39,2
2020-05-26,Tehama,103,63373,8,2,1,3,1
2020-05-26,Trinity,105,12862,6,1,2,3,0
2020-05-26,Tulare,107,460477,2418,1768,10,1778,76
2020-05-26,Tuolumne,109,53932,5,2,0,2,0
2020-05-26,Ventura,111,848112,1511,1033,8,1041,27
2020-05-26,Yolo,113,214977,223,198,0,198,22
2020-05-26,Yuba,115,75493,27,24,0,24,1
2020-05-25,Alameda,001,1643700,3438,2900,5,2905,92
2020-05-25,Alpine,003,1148,1,1,0,1,0
2020-05-25,Amador,005,37829,10,10,0,10,0
2020-05-25,Butte,007,227075,64,37,3,40,0
2020-05-25,Calaveras,009,45235,15,13,0,13,0
2020-05-25,Colusa,011,21464,7,4,0,4,0
2020-05-25,Contra Costa,013,1133247,1543,1348,1,1349,37
2020-05-25,Del Norte,015,27424,44,20,0,20,0
2020-05-25,El Dorado,017,186661,101,78,1,79,0
2020-05-25,Fresno,019,978130,2892,1496,43,1539,22
2020-05-25,Glenn,021,27897,16,12,0,12,0
2020-05-25,Humboldt,023,135768,107,81,0,81,2
2020-05-25,Imperial,025,180216,2803,1369,4,1373,14
2020-05-25,Inyo,027,18085,19,20,0,20,1
2020-05-25,Kern,029,883053,2504,1890,7,1897,31
2020-05-25,Kings,031,150075,773,447,1,448,2
2020-05-25,Lake,033,64148,25,13,0,13,0
2020-05-25,Lassen,035,31185,9,0,2,2,0
2020-05-25,Los Angeles,037,10098052,54744,45952,20,45972,2094
2020-05-25,Madera,039,155013,196,83,1,84,2
2020-05-25,Marin,041,260295,442,415,2,417,14
2020-05-25,Mariposa,043,17540,16,15,0,15,1
2020-05-25,Mendocino,045,87422,22,19,0,19,0
2020-05-25,Merced,047,269075,371,262,0,262,6
2020-05-25,Modoc,049,8938,0,1,0,1,0
2020-05-25,Mono,051,14174,37,34,0,34,1
2020-05-25,Monterey,053,433212,545,418,1,419,8
2020-05-25,Napa,055,140530,129,107,0,107,3
2020-05-25,Nevada,057,99092,43,41,1,42,1
2020-05-25,Orange,059,3164182,8073,5601,62,5663,115
2020-05-25,Placer,061,380077,229,186,0,186,9
2020-05-25,Plumas,063,18699,4,4,0,4,0
2020-05-25,Riverside,065,2383286,8066,6900,20,6920,284
2020-05-25,Sacramento,067,1510023,1404,1290,1,1291,50
2020-05-25,San Benito,069,59416,87,70,0,70,2
2020-05-25,San Bernardino,071,2135413,5523,4393,4,4397,175
2020-05-25,San Diego,073,3302833,7796,6799,0,6799,249
2020-05-25,San Francisco,075,870044,2533,2358,0,2358,40
2020-05-25,San Joaquin,077,732212,966,760,3,763,33
2020-05-25,San Luis Obispo,079,281455,343,260,4,264,1
2020-05-25,San Mateo,081,765935,2230,1938,2,1940,71
2020-05-25,Santa Barbara,083,443738,1684,1590,9,1599,9
2020-05-25,Santa Clara,085,1922200,3305,2647,13,2660,139
2020-05-25,Santa Cruz,087,273765,219,191,0,191,2
2020-05-25,Shasta,089,179085,54,36,0,36,4
2020-05-25,Sierra,091,2930,1,1,0,1,0
2020-05-25,Siskiyou,093,43540,8,6,0,6,0
2020-05-25,Solano,095,438530,549,437,1,438,5
2020-05-25,Sonoma,097,501317,565,496,0,496,4
2020-05-25,Stanislaus,099,539301,750,651,5,656,27
2020-05-25,Sutter,101,95872,45,38,0,38,2
2020-05-25,Tehama,103,63373,7,2,1,3,1
2020-05-25,Trinity,105,12862,6,1,2,3,0
2020-05-25,Tulare,107,460477,2354,1747,10,1757,76
2020-05-25,Tuolumne,109,53932,5,2,0,2,0
2020-05-25,Ventura,111,848112,1470,1020,8,1028,27
2020-05-25,Yolo,113,214977,221,197,0,197,22
2020-05-25,Yuba,115,75493,26,24,0,24,1
2020-05-24,Alameda,001,1643700,3365,2830,5,2835,92
2020-05-24,Alpine,003,1148,1,1,0,1,0
2020-05-24,Amador,005,37829,10,9,0,9,0
2020-05-24,Butte,007,227075,62,35,3,38,0
2020-05-24,Calaveras,009,45235,15,13,0,13,0
2020-05-24,Colusa,011,21464,7,4,0,4,0
2020-05-24,Contra Costa,013,1133247,1515,1325,1,1326,37
2020-05-24,Del Norte,015,27424,43,16,0,16,0
2020-05-24,El Dorado,017,186661,100,76,1,77,0
2020-05-24,Fresno,019,978130,2825,1455,42,1497,22
2020-05-24,Glenn,021,27897,15,12,0,12,0
2020-05-24,Humboldt,023,135768,107,81,0,81,2
2020-05-24,Imperial,025,180216,2677,1369,4,1373,14
2020-05-24,Inyo,027,18085,19,20,0,20,1
2020-05-24,Kern,029,883053,2431,1861,6,1867,31
2020-05-24,Kings,031,150075,762,446,1,447,2
2020-05-24,Lake,033,64148,24,12,0,12,0
2020-05-24,Lassen,035,31185,8,0,2,2,0
2020-05-24,Los Angeles,037,10098052,53728,44954,20,44974,2085
2020-05-24,Madera,039,155013,190,83,1,84,2
2020-05-24,Marin,041,260295,440,401,2,403,14
2020-05-24,Mariposa,043,17540,16,15,0,15,1
2020-05-24,Mendocino,045,87422,21,19,0,19,0
2020-05-24,Merced,047,269075,370,258,0,258,6
2020-05-24,Modoc,049,8938,0,0,0,0,0
2020-05-24,Mono,051,14174,37,34,0,34,1
2020-05-24,Monterey,053,433212,517,405,1,406,8
2020-05-24,Napa,055,140530,127,104,0,104,3
2020-05-24,Nevada,057,99092,43,41,1,42,1
2020-05-24,Orange,059,3164182,7919,5439,61,5500,113
2020-05-24,Placer,061,380077,221,184,0,184,9
2020-05-24,Plumas,063,18699,4,4,0,4,0
2020-05-24,Riverside,065,2383286,7925,6571,20,6591,284
2020-05-24,Sacramento,067,1510023,1388,1283,1,1284,50
2020-05-24,San Benito,069,59416,86,67,0,67,2
2020-05-24,San Bernardino,071,2135413,5415,4262,4,4266,175
2020-05-24,San Diego,073,3302833,7653,6703,0,6703,249
2020-05-24,San Francisco,075,870044,2510,2318,0,2318,40
2020-05-24,San Joaquin,077,732212,947,760,3,763,33
2020-05-24,San Luis Obispo,079,281455,341,257,4,261,1
2020-05-24,San Mateo,081,765935,2195,1925,2,1927,71
2020-05-24,Santa Barbara,083,443738,1672,1573,9,1582,9
2020-05-24,Santa Clara,085,1922200,3285,2623,13,2636,139
2020-05-24,Santa Cruz,087,273765,216,185,0,185,2
2020-05-24,Shasta,089,179085,53,36,0,36,4
2020-05-24,Sierra,091,2930,1,1,0,1,0
2020-05-24,Siskiyou,093,43540,7,6,0,6,0
2020-05-24,Solano,095,438530,541,436,0,436,5
2020-05-24,Sonoma,097,501317,554,485,0,485,4
2020-05-24,Stanislaus,099,539301,730,634,5,639,27
2020-05-24,Sutter,101,95872,45,38,0,38,2
2020-05-24,Tehama,103,63373,5,2,1,3,1
2020-05-24,Trinity,105,12862,6,1,2,3,0
2020-05-24,Tulare,107,460477,2308,1684,10,1694,74
2020-05-24,Tuolumne,109,53932,5,2,0,2,0
2020-05-24,Ventura,111,848112,1458,982,8,990,27
2020-05-24,Yolo,113,214977,219,192,0,192,22
2020-05-24,Yuba,115,75493,26,24,0,24,1
2020-05-23,Alameda,001,1643700,3324,2783,5,2788,91
2020-05-23,Alpine,003,1148,1,1,0,1,0
2020-05-23,Amador,005,37829,10,9,0,9,0
2020-05-23,Butte,007,227075,61,34,3,37,0
2020-05-23,Calaveras,009,45235,15,13,0,13,0
2020-05-23,Colusa,011,21464,7,4,0,4,0
2020-05-23,Contra Costa,013,1133247,1504,1302,1,1303,36
2020-05-23,Del Norte,015,27424,43,10,0,10,0
2020-05-23,El Dorado,017,186661,100,74,1,75,0
2020-05-23,Fresno,019,978130,2805,1447,42,1489,21
2020-05-23,Glenn,021,27897,15,12,0,12,0
2020-05-23,Humboldt,023,135768,105,80,0,80,2
2020-05-23,Imperial,025,180216,2589,1283,4,1287,14
2020-05-23,Inyo,027,18085,19,20,0,20,1
2020-05-23,Kern,029,883053,2388,1806,6,1812,31
2020-05-23,Kings,031,150075,758,444,1,445,2
2020-05-23,Lake,033,64148,23,10,0,10,0
2020-05-23,Lassen,035,31185,8,0,2,2,0
2020-05-23,Los Angeles,037,10098052,53183,44029,20,44049,2069
2020-05-23,Madera,039,155013,186,83,1,84,2
2020-05-23,Marin,041,260295,440,393,1,394,14
2020-05-23,Mariposa,043,17540,16,15,0,15,1
2020-05-23,Mendocino,045,87422,21,13,0,13,0
2020-05-23,Merced,047,269075,365,247,0,247,6
2020-05-23,Modoc,049,8938,0,0,0,0,0
2020-05-23,Mono,051,14174,36,34,0,34,1
2020-05-23,Monterey,053,433212,503,397,1,398,8
2020-05-23,Napa,055,140530,123,101,0,101,3
2020-05-23,Nevada,057,99092,43,41,1,42,1
2020-05-23,Orange,059,3164182,7760,5313,60,5373,113
2020-05-23,Placer,061,380077,215,184,0,184,9
2020-05-23,Plumas,063,18699,4,4,0,4,0
2020-05-23,Riverside,065,2383286,7834,6460,20,6480,284
2020-05-23,Sacramento,067,1510023,1372,1275,1,1276,50
2020-05-23,San Benito,069,59416,81,67,0,67,2
2020-05-23,San Bernardino,071,2135413,5321,4172,4,4176,175
2020-05-23,San Diego,073,3302833,7562,6561,0,6561,249
2020-05-23,San Francisco,075,870044,2491,2312,0,2312,40
2020-05-23,San Joaquin,077,732212,932,759,3,762,33
2020-05-23,San Luis Obispo,079,281455,337,256,4,260,1
2020-05-23,San Mateo,081,765935,2167,1862,2,1864,71
2020-05-23,Santa Barbara,083,443738,1664,1566,9,1575,9
2020-05-23,Santa Clara,085,1922200,3271,2593,12,2605,139
2020-05-23,Santa Cruz,087,273765,214,177,0,177,2
2020-05-23,Shasta,089,179085,53,35,0,35,4
2020-05-23,Sierra,091,2930,1,1,0,1,0
2020-05-23,Siskiyou,093,43540,7,6,0,6,0
2020-05-23,Solano,095,438530,536,435,0,435,5
2020-05-23,Sonoma,097,501317,540,462,0,462,4
2020-05-23,Stanislaus,099,539301,722,625,5,630,27
2020-05-23,Sutter,101,95872,44,38,0,38,2
2020-05-23,Tehama,103,63373,5,2,1,3,1
2020-05-23,Trinity,105,12862,6,1,2,3,0
2020-05-23,Tulare,107,460477,2287,1682,10,1692,73
2020-05-23,Tuolumne,109,53932,5,2,0,2,0
2020-05-23,Ventura,111,848112,1438,961,8,969,27
2020-05-23,Yolo,113,214977,218,188,0,188,22
2020-05-23,Yuba,115,75493,26,24,0,24,1
2020-05-22,Alameda,001,1643700,3270,2722,5,2727,91
2020-05-22,Alpine,003,1148,1,1,0,1,0
2020-05-22,Amador,005,37829,10,9,0,9,0
2020-05-22,Butte,007,227075,59,34,3,37,0
2020-05-22,Calaveras,009,45235,15,13,0,13,0
2020-05-22,Colusa,011,21464,7,4,0,4,0
2020-05-22,Contra Costa,013,1133247,1492,1272,1,1273,36
2020-05-22,Del Norte,015,27424,41,9,0,9,0
2020-05-22,El Dorado,017,186661,97,74,1,75,0
2020-05-22,Fresno,019,978130,2746,1399,41,1440,20
2020-05-22,Glenn,021,27897,15,12,0,12,0
2020-05-22,Humboldt,023,135768,105,80,0,80,2
2020-05-22,Imperial,025,180216,2488,1214,4,1218,14
2020-05-22,Inyo,027,18085,19,20,0,20,1
2020-05-22,Kern,029,883053,2339,1749,6,1755,28
2020-05-22,Kings,031,150075,755,428,1,429,2
2020-05-22,Lake,033,64148,22,10,0,10,0
2020-05-22,Lassen,035,31185,6,0,2,2,0
2020-05-22,Los Angeles,037,10098052,52385,43025,20,43045,2027
2020-05-22,Madera,039,155013,182,82,1,83,2
2020-05-22,Marin,041,260295,436,372,1,373,14
2020-05-22,Mariposa,043,17540,16,15,0,15,1
2020-05-22,Mendocino,045,87422,20,13,0,13,0
2020-05-22,Merced,047,269075,359,233,0,233,6
2020-05-22,Modoc,049,8938,0,0,0,0,0
2020-05-22,Mono,051,14174,36,34,0,34,1
2020-05-22,Monterey,053,433212,492,372,1,373,8
2020-05-22,Napa,055,140530,121,97,0,97,3
2020-05-22,Nevada,057,99092,42,41,1,42,1
2020-05-22,Orange,059,3164182,7563,5144,58,5202,113
2020-05-22,Placer,061,380077,215,181,0,181,9
2020-05-22,Plumas,063,18699,4,4,0,4,0
2020-05-22,Riverside,065,2383286,7719,6351,20,6371,283
2020-05-22,Sacramento,067,1510023,1356,1262,1,1263,50
2020-05-22,San Benito,069,59416,80,64,0,64,2
2020-05-22,San Bernardino,071,2135413,5246,4107,4,4111,173
2020-05-22,San Diego,073,3302833,7476,6436,0,6436,242
2020-05-22,San Francisco,075,870044,2473,2251,0,2251,40
2020-05-22,San Joaquin,077,732212,919,747,3,750,33
2020-05-22,San Luis Obispo,079,281455,336,254,4,258,1
2020-05-22,San Mateo,081,765935,2148,1847,2,1849,71
2020-05-22,Santa Barbara,083,443738,1654,1554,9,1563,9
2020-05-22,Santa Clara,085,1922200,3251,2537,12,2549,139
2020-05-22,Santa Cruz,087,273765,211,171,0,171,2
2020-05-22,Shasta,089,179085,53,34,0,34,4
2020-05-22,Sierra,091,2930,1,0,0,0,0
2020-05-22,Siskiyou,093,43540,7,6,0,6,0
2020-05-22,Solano,095,438530,533,431,0,431,4
2020-05-22,Sonoma,097,501317,536,444,0,444,4
2020-05-22,Stanislaus,099,539301,712,616,5,621,27
2020-05-22,Sutter,101,95872,44,38,0,38,2
2020-05-22,Tehama,103,63373,5,2,0,2,1
2020-05-22,Trinity,105,12862,6,1,2,3,0
2020-05-22,Tulare,107,460477,2257,1662,10,1672,73
2020-05-22,Tuolumne,109,53932,5,2,0,2,0
2020-05-22,Ventura,111,848112,1420,937,8,945,27
2020-05-22,Yolo,113,214977,216,187,0,187,22
2020-05-22,Yuba,115,75493,26,24,0,24,1
2020-05-21,Alameda,001,1643700,3204,2606,5,2611,89
2020-05-21,Alpine,003,1148,1,1,0,1,0
2020-05-21,Amador,005,37829,10,9,0,9,0
2020-05-21,Butte,007,227075,58,31,3,34,0
2020-05-21,Calaveras,009,45235,15,13,0,13,0
2020-05-21,Colusa,011,21464,7,4,0,4,0
2020-05-21,Contra Costa,013,1133247,1456,1243,1,1244,36
2020-05-21,Del Norte,015,27424,38,9,0,9,0
2020-05-21,El Dorado,017,186661,95,67,1,68,0
2020-05-21,Fresno,019,978130,2656,1362,40,1402,20
2020-05-21,Glenn,021,27897,14,12,0,12,0
2020-05-21,Humboldt,023,135768,104,79,0,79,0
2020-05-21,Imperial,025,180216,2327,1096,4,1100,14
2020-05-21,Inyo,027,18085,19,20,0,20,1
2020-05-21,Kern,029,883053,2263,1684,5,1689,27
2020-05-21,Kings,031,150075,734,417,1,418,2
2020-05-21,Lake,033,64148,17,10,0,10,0
2020-05-21,Lassen,035,31185,6,0,2,2,0
2020-05-21,Los Angeles,037,10098052,51346,42063,20,42083,1996
2020-05-21,Madera,039,155013,179,82,1,83,2
2020-05-21,Marin,041,260295,425,359,1,360,14
2020-05-21,Mariposa,043,17540,16,15,0,15,1
2020-05-21,Mendocino,045,87422,20,12,0,12,0
2020-05-21,Merced,047,269075,351,226,0,226,6
2020-05-21,Modoc,049,8938,0,0,0,0,0
2020-05-21,Mono,051,14174,36,33,0,33,1
2020-05-21,Monterey,053,433212,481,363,1,364,8
2020-05-21,Napa,055,140530,119,96,0,96,3
2020-05-21,Nevada,057,99092,42,41,1,42,1
2020-05-21,Orange,059,3164182,7360,4975,58,5033,106
2020-05-21,Placer,061,380077,208,176,0,176,8
2020-05-21,Plumas,063,18699,4,4,0,4,0
2020-05-21,Riverside,065,2383286,7532,6245,20,6265,279
2020-05-21,Sacramento,067,1510023,1343,1258,1,1259,56
2020-05-21,San Benito,069,59416,77,61,0,61,2
2020-05-21,San Bernardino,071,2135413,5099,3950,4,3954,167
2020-05-21,San Diego,073,3302833,7340,6317,0,6317,241
2020-05-21,San Francisco,075,870044,2449,2248,0,2248,37
2020-05-21,San Joaquin,077,732212,883,730,3,733,33
2020-05-21,San Luis Obispo,079,281455,336,251,3,254,1
2020-05-21,San Mateo,081,765935,2112,1791,2,1793,74
2020-05-21,Santa Barbara,083,443738,1639,1541,9,1550,10
2020-05-21,Santa Clara,085,1922200,3229,2520,12,2532,138
2020-05-21,Santa Cruz,087,273765,203,164,0,164,3
2020-05-21,Shasta,089,179085,51,34,0,34,4
2020-05-21,Sierra,091,2930,1,0,0,0,0
2020-05-21,Siskiyou,093,43540,7,6,0,6,0
2020-05-21,Solano,095,438530,524,424,0,424,4
2020-05-21,Sonoma,097,501317,518,427,0,427,4
2020-05-21,Stanislaus,099,539301,700,602,5,607,27
2020-05-21,Sutter,101,95872,43,38,0,38,2
2020-05-21,Tehama,103,63373,4,2,0,2,1
2020-05-21,Trinity,105,12862,5,1,2,3,0
2020-05-21,Tulare,107,460477,2207,1606,8,1614,73
2020-05-21,Tuolumne,109,53932,3,2,0,2,0
2020-05-21,Ventura,111,848112,1371,907,8,915,30
2020-05-21,Yolo,113,214977,213,185,0,185,22
2020-05-21,Yuba,115,75493,26,24,0,24,1
2020-05-20,Alameda,001,1643700,3131,2554,5,2559,89
2020-05-20,Alpine,003,1148,1,1,0,1,0
2020-05-20,Amador,005,37829,10,9,0,9,0
2020-05-20,Butte,007,227075,55,30,3,33,0
2020-05-20,Calaveras,009,45235,15,13,0,13,0
2020-05-20,Colusa,011,21464,7,3,0,3,0
2020-05-20,Contra Costa,013,1133247,1426,1223,1,1224,33
2020-05-20,Del Norte,015,27424,31,9,0,9,0
2020-05-20,El Dorado,017,186661,94,67,1,68,0
2020-05-20,Fresno,019,978130,2583,1329,39,1368,17
2020-05-20,Glenn,021,27897,13,12,0,12,0
2020-05-20,Humboldt,023,135768,101,73,0,73,0
2020-05-20,Imperial,025,180216,2213,1047,4,1051,14
2020-05-20,Inyo,027,18085,19,20,0,20,1
2020-05-20,Kern,029,883053,2200,1639,4,1643,27
2020-05-20,Kings,031,150075,590,403,1,404,2
2020-05-20,Lake,033,64148,17,9,0,9,0
2020-05-20,Lassen,035,31185,5,0,2,2,0
2020-05-20,Los Angeles,037,10098052,50356,40932,20,40952,1955
2020-05-20,Madera,039,155013,177,82,1,83,2
2020-05-20,Marin,041,260295,398,348,1,349,14
2020-05-20,Mariposa,043,17540,16,15,0,15,1
2020-05-20,Mendocino,045,87422,20,12,0,12,0
2020-05-20,Merced,047,269075,346,225,0,225,6
2020-05-20,Modoc,049,8938,0,0,0,0,0
2020-05-20,Mono,051,14174,36,33,0,33,1
2020-05-20,Monterey,053,433212,467,356,1,357,8
2020-05-20,Napa,055,140530,112,93,0,93,3
2020-05-20,Nevada,057,99092,42,41,1,42,1
2020-05-20,Orange,059,3164182,7152,4866,56,4922,96
2020-05-20,Placer,061,380077,206,176,0,176,8
2020-05-20,Plumas,063,18699,4,4,0,4,0
2020-05-20,Riverside,065,2383286,7389,6090,20,6110,265
2020-05-20,Sacramento,067,1510023,1333,1244,1,1245,56
2020-05-20,San Benito,069,59416,76,61,0,61,2
2020-05-20,San Bernardino,071,2135413,4971,3771,4,3775,161
2020-05-20,San Diego,073,3302833,7223,6142,0,6142,230
2020-05-20,San Francisco,075,870044,2426,2199,0,2199,37
2020-05-20,San Joaquin,077,732212,847,713,3,716,33
2020-05-20,San Luis Obispo,079,281455,329,249,3,252,1
2020-05-20,San Mateo,081,765935,2059,1739,2,1741,74
2020-05-20,Santa Barbara,083,443738,1620,1524,9,1533,10
2020-05-20,Santa Clara,085,1922200,3208,2508,11,2519,138
2020-05-20,Santa Cruz,087,273765,200,163,0,163,3
2020-05-20,Shasta,089,179085,51,34,0,34,4
2020-05-20,Sierra,091,2930,1,0,0,0,0
2020-05-20,Siskiyou,093,43540,7,6,0,6,0
2020-05-20,Solano,095,438530,519,418,0,418,4
2020-05-20,Sonoma,097,501317,509,411,0,411,4
2020-05-20,Stanislaus,099,539301,684,584,4,588,25
2020-05-20,Sutter,101,95872,43,38,0,38,2
2020-05-20,Tehama,103,63373,4,2,0,2,1
2020-05-20,Trinity,105,12862,4,1,1,2,0
2020-05-20,Tulare,107,460477,2166,1585,8,1593,71
2020-05-20,Tuolumne,109,53932,3,2,0,2,0
2020-05-20,Ventura,111,848112,1335,879,8,887,29
2020-05-20,Yolo,113,214977,210,184,0,184,22
2020-05-20,Yuba,115,75493,26,23,0,23,1
2020-05-19,Alameda,001,1643700,3054,2493,3,2496,88
2020-05-19,Alpine,003,1148,1,1,0,1,0
2020-05-19,Amador,005,37829,10,9,0,9,0
2020-05-19,Butte,007,227075,53,25,3,28,0
2020-05-19,Calaveras,009,45235,15,13,0,13,0
2020-05-19,Colusa,011,21464,5,3,0,3,0
2020-05-19,Contra Costa,013,1133247,1402,1205,1,1206,33
2020-05-19,Del Norte,015,27424,28,8,0,8,0
2020-05-19,El Dorado,017,186661,91,67,0,67,0
2020-05-19,Fresno,019,978130,2470,1288,38,1326,15
2020-05-19,Glenn,021,27897,13,12,0,12,0
2020-05-19,Humboldt,023,135768,101,72,0,72,0
2020-05-19,Imperial,025,180216,2051,1012,4,1016,14
2020-05-19,Inyo,027,18085,19,20,0,20,1
2020-05-19,Kern,029,883053,2102,1601,4,1605,26
2020-05-19,Kings,031,150075,579,393,1,394,2
2020-05-19,Lake,033,64148,14,11,0,11,0
2020-05-19,Lassen,035,31185,5,0,2,2,0
2020-05-19,Los Angeles,037,10098052,49150,39670,20,39690,1906
2020-05-19,Madera,039,155013,173,80,1,81,2
2020-05-19,Marin,041,260295,374,340,1,341,14
2020-05-19,Mariposa,043,17540,16,15,0,15,1
2020-05-19,Mendocino,045,87422,20,12,0,12,0
2020-05-19,Merced,047,269075,338,222,0,222,5
2020-05-19,Modoc,049,8938,0,0,0,0,0
2020-05-19,Mono,051,14174,36,33,0,33,1
2020-05-19,Monterey,053,433212,455,350,1,351,8
2020-05-19,Napa,055,140530,111,93,0,93,3
2020-05-19,Nevada,057,99092,42,41,1,42,1
2020-05-19,Orange,059,3164182,6958,4746,54,4800,90
2020-05-19,Placer,061,380077,204,177,0,177,8
2020-05-19,Plumas,063,18699,4,5,0,5,0
2020-05-19,Riverside,065,2383286,7229,5963,19,5982,265
2020-05-19,Sacramento,067,1510023,1319,1239,1,1240,57
2020-05-19,San Benito,069,59416,74,59,0,59,2
2020-05-19,San Bernardino,071,2135413,4821,3656,4,3660,158
2020-05-19,San Diego,073,3302833,7079,6028,0,6028,222
2020-05-19,San Francisco,075,870044,2392,2186,0,2186,37
2020-05-19,San Joaquin,077,732212,825,705,3,708,33
2020-05-19,San Luis Obispo,079,281455,329,245,3,248,1
2020-05-19,San Mateo,081,765935,2018,1704,2,1706,71
2020-05-19,Santa Barbara,083,443738,1606,1521,9,1530,10
2020-05-19,Santa Clara,085,1922200,3158,2480,11,2491,138
2020-05-19,Santa Cruz,087,273765,189,161,0,161,3
2020-05-19,Shasta,089,179085,51,34,0,34,4
2020-05-19,Sierra,091,2930,0,0,0,0,0
2020-05-19,Siskiyou,093,43540,7,6,0,6,0
2020-05-19,Solano,095,438530,505,415,0,415,4
2020-05-19,Sonoma,097,501317,498,389,0,389,4
2020-05-19,Stanislaus,099,539301,670,582,4,586,25
2020-05-19,Sutter,101,95872,43,38,0,38,2
2020-05-19,Tehama,103,63373,4,2,0,2,1
2020-05-19,Trinity,105,12862,3,1,0,1,0
2020-05-19,Tulare,107,460477,2118,1551,8,1559,68
2020-05-19,Tuolumne,109,53932,3,2,0,2,0
2020-05-19,Ventura,111,848112,1294,861,7,868,28
2020-05-19,Yolo,113,214977,208,183,0,183,22
2020-05-19,Yuba,115,75493,26,23,0,23,1
2020-05-18,Alameda,001,1643700,2981,2442,3,2445,84
2020-05-18,Alpine,003,1148,1,1,0,1,0
2020-05-18,Amador,005,37829,10,8,0,8,0
2020-05-18,Butte,007,227075,51,24,3,27,0
2020-05-18,Calaveras,009,45235,15,13,0,13,0
2020-05-18,Colusa,011,21464,5,3,0,3,0
2020-05-18,Contra Costa,013,1133247,1371,1173,1,1174,33
2020-05-18,Del Norte,015,27424,23,8,0,8,0
2020-05-18,El Dorado,017,186661,89,67,0,67,0
2020-05-18,Fresno,019,978130,2394,1244,37,1281,14
2020-05-18,Glenn,021,27897,13,11,0,11,0
2020-05-18,Humboldt,023,135768,101,70,0,70,0
2020-05-18,Imperial,025,180216,1897,767,4,771,14
2020-05-18,Inyo,027,18085,19,20,0,20,1
2020-05-18,Kern,029,883053,2053,1566,4,1570,26
2020-05-18,Kings,031,150075,548,381,1,382,2
2020-05-18,Lake,033,64148,13,9,0,9,0
2020-05-18,Lassen,035,31185,5,0,2,2,0
2020-05-18,Los Angeles,037,10098052,48124,38477,20,38497,1825
2020-05-18,Madera,039,155013,167,74,1,75,2
2020-05-18,Marin,041,260295,361,329,1,330,14
2020-05-18,Mariposa,043,17540,16,15,0,15,1
2020-05-18,Mendocino,045,87422,15,12,0,12,0
2020-05-18,Merced,047,269075,329,217,0,217,5
2020-05-18,Modoc,049,8938,0,0,0,0,0
2020-05-18,Mono,051,14174,36,33,0,33,1
2020-05-18,Monterey,053,433212,444,345,1,346,8
2020-05-18,Napa,055,140530,107,92,0,92,3
2020-05-18,Nevada,057,99092,42,41,1,42,1
2020-05-18,Orange,059,3164182,6769,4558,52,4610,88
2020-05-18,Placer,061,380077,202,176,0,176,8
2020-05-18,Plumas,063,18699,4,5,0,5,0
2020-05-18,Riverside,065,2383286,7029,5873,18,5891,253
2020-05-18,Sacramento,067,1510023,1313,1233,0,1233,57
2020-05-18,San Benito,069,59416,72,59,0,59,2
2020-05-18,San Bernardino,071,2135413,4674,3558,4,3562,156
2020-05-18,San Diego,073,3302833,6946,5948,0,5948,211
2020-05-18,San Francisco,075,870044,2369,2183,0,2183,36
2020-05-18,San Joaquin,077,732212,813,697,3,700,33
2020-05-18,San Luis Obispo,079,281455,325,243,3,246,1
2020-05-18,San Mateo,081,765935,1980,1701,2,1703,68
2020-05-18,Santa Barbara,083,443738,1595,1501,9,1510,10
2020-05-18,Santa Clara,085,1922200,3125,2468,11,2479,137
2020-05-18,Santa Cruz,087,273765,187,160,0,160,3
2020-05-18,Shasta,089,179085,50,34,0,34,4
2020-05-18,Sierra,091,2930,0,0,0,0,0
2020-05-18,Siskiyou,093,43540,7,6,0,6,0
2020-05-18,Solano,095,438530,495,398,0,398,4
2020-05-18,Sonoma,097,501317,480,387,0,387,4
2020-05-18,Stanislaus,099,539301,658,572,4,576,25
2020-05-18,Sutter,101,95872,43,38,0,38,2
2020-05-18,Tehama,103,63373,4,2,0,2,1
2020-05-18,Trinity,105,12862,3,1,0,1,0
2020-05-18,Tulare,107,460477,2074,1491,8,1499,63
2020-05-18,Tuolumne,109,53932,3,2,0,2,0
2020-05-18,Ventura,111,848112,1271,850,6,856,27
2020-05-18,Yolo,113,214977,203,183,0,183,22
2020-05-18,Yuba,115,75493,26,23,0,23,1
2020-05-17,Alameda,001,1643700,2886,2389,3,2392,83
2020-05-17,Alpine,003,1148,1,1,0,1,0
2020-05-17,Amador,005,37829,10,8,0,8,0
2020-05-17,Butte,007,227075,50,23,3,26,0
2020-05-17,Calaveras,009,45235,15,13,0,13,0
2020-05-17,Colusa,011,21464,3,3,0,3,0
2020-05-17,Contra Costa,013,1133247,1332,1155,1,1156,33
2020-05-17,Del Norte,015,27424,23,7,0,7,0
2020-05-17,El Dorado,017,186661,89,65,0,65,0
2020-05-17,Fresno,019,978130,2289,1213,34,1247,14
2020-05-17,Glenn,021,27897,13,9,0,9,0
2020-05-17,Humboldt,023,135768,94,70,0,70,0
2020-05-17,Imperial,025,180216,1749,715,4,719,14
2020-05-17,Inyo,027,18085,19,20,0,20,1
2020-05-17,Kern,029,883053,1975,1546,3,1549,26
2020-05-17,Kings,031,150075,501,356,1,357,2
2020-05-17,Lake,033,64148,13,7,0,7,0
2020-05-17,Lassen,035,31185,5,0,2,2,0
2020-05-17,Los Angeles,037,10098052,46884,37996,20,38016,1807
2020-05-17,Madera,039,155013,165,69,1,70,2
2020-05-17,Marin,041,260295,350,315,1,316,14
2020-05-17,Mariposa,043,17540,15,15,0,15,1
2020-05-17,Mendocino,045,87422,14,10,0,10,0
2020-05-17,Merced,047,269075,319,214,0,214,5
2020-05-17,Modoc,049,8938,0,0,0,0,0
2020-05-17,Mono,051,14174,36,32,0,32,1
2020-05-17,Monterey,053,433212,424,342,1,343,8
2020-05-17,Napa,055,140530,104,89,0,89,3
2020-05-17,Nevada,057,99092,42,41,1,42,1
2020-05-17,Orange,059,3164182,6589,4466,51,4517,88
2020-05-17,Placer,061,380077,197,175,0,175,8
2020-05-17,Plumas,063,18699,4,4,0,4,0
2020-05-17,Riverside,065,2383286,6856,5776,18,5794,245
2020-05-17,Sacramento,067,1510023,1302,1224,0,1224,56
2020-05-17,San Benito,069,59416,71,59,0,59,2
2020-05-17,San Bernardino,071,2135413,4524,3467,4,3471,155
2020-05-17,San Diego,073,3302833,6814,5838,0,5838,209
2020-05-17,San Francisco,075,870044,2342,2132,0,2132,36
2020-05-17,San Joaquin,077,732212,783,688,3,691,32
2020-05-17,San Luis Obispo,079,281455,323,242,3,245,1
2020-05-17,San Mateo,081,765935,1943,1680,2,1682,68
2020-05-17,Santa Barbara,083,443738,1576,1457,9,1466,10
2020-05-17,Santa Clara,085,1922200,3087,2453,11,2464,135
2020-05-17,Santa Cruz,087,273765,176,155,0,155,3
2020-05-17,Shasta,089,179085,49,34,0,34,4
2020-05-17,Sierra,091,2930,0,0,0,0,0
2020-05-17,Siskiyou,093,43540,7,6,0,6,0
2020-05-17,Solano,095,438530,483,392,0,392,4
2020-05-17,Sonoma,097,501317,459,376,0,376,4
2020-05-17,Stanislaus,099,539301,647,566,4,570,25
2020-05-17,Sutter,101,95872,42,38,0,38,2
2020-05-17,Tehama,103,63373,3,2,0,2,1
2020-05-17,Trinity,105,12862,2,1,0,1,0
2020-05-17,Tulare,107,460477,1998,1430,7,1437,63
2020-05-17,Tuolumne,109,53932,3,2,0,2,0
2020-05-17,Ventura,111,848112,1226,838,6,844,27
2020-05-17,Yolo,113,214977,201,182,0,182,22
2020-05-17,Yuba,115,75493,26,21,0,21,1
2020-05-16,Alameda,001,1643700,2836,2327,3,2330,83
2020-05-16,Alpine,003,1148,1,1,0,1,0
2020-05-16,Amador,005,37829,10,8,0,8,0
2020-05-16,Butte,007,227075,45,22,3,25,0
2020-05-16,Calaveras,009,45235,15,13,0,13,0
2020-05-16,Colusa,011,21464,3,3,0,3,0
2020-05-16,Contra Costa,013,1133247,1314,1136,1,1137,33
2020-05-16,Del Norte,015,27424,19,4,0,4,0
2020-05-16,El Dorado,017,186661,89,65,0,65,0
2020-05-16,Fresno,019,978130,2233,1177,34,1211,14
2020-05-16,Glenn,021,27897,13,9,0,9,0
2020-05-16,Humboldt,023,135768,92,69,0,69,0
2020-05-16,Imperial,025,180216,1685,712,4,716,14
2020-05-16,Inyo,027,18085,19,20,0,20,1
2020-05-16,Kern,029,883053,1939,1509,3,1512,26
2020-05-16,Kings,031,150075,491,356,1,357,2
2020-05-16,Lake,033,64148,13,7,0,7,0
2020-05-16,Lassen,035,31185,4,0,2,2,0
2020-05-16,Los Angeles,037,10098052,46309,37352,20,37372,1778
2020-05-16,Madera,039,155013,163,70,1,71,2
2020-05-16,Marin,041,260295,346,297,1,298,14
2020-05-16,Mariposa,043,17540,15,15,0,15,1
2020-05-16,Mendocino,045,87422,14,10,0,10,0
2020-05-16,Merced,047,269075,317,201,0,201,5
2020-05-16,Modoc,049,8938,0,0,0,0,0
2020-05-16,Mono,051,14174,36,32,0,32,1
2020-05-16,Monterey,053,433212,409,329,1,330,8
2020-05-16,Napa,055,140530,104,86,0,86,3
2020-05-16,Nevada,057,99092,42,41,1,42,1
2020-05-16,Orange,059,3164182,6513,4396,50,4446,87
2020-05-16,Placer,061,380077,195,174,0,174,8
2020-05-16,Plumas,063,18699,4,4,0,4,0
2020-05-16,Riverside,065,2383286,6771,5633,18,5651,243
2020-05-16,Sacramento,067,1510023,1295,1209,0,1209,55
2020-05-16,San Benito,069,59416,66,58,0,58,2
2020-05-16,San Bernardino,071,2135413,4452,3362,4,3366,155
2020-05-16,San Diego,073,3302833,6728,5664,0,5664,209
2020-05-16,San Francisco,075,870044,2319,2094,0,2094,36
2020-05-16,San Joaquin,077,732212,775,668,3,671,32
2020-05-16,San Luis Obispo,079,281455,322,240,3,243,1
2020-05-16,San Mateo,081,765935,1928,1652,2,1654,68
2020-05-16,Santa Barbara,083,443738,1565,1422,9,1431,10
2020-05-16,Santa Clara,085,1922200,3069,2420,11,2431,135
2020-05-16,Santa Cruz,087,273765,173,154,0,154,3
2020-05-16,Shasta,089,179085,49,33,0,33,4
2020-05-16,Sierra,091,2930,0,0,0,0,0
2020-05-16,Siskiyou,093,43540,7,6,0,6,0
2020-05-16,Solano,095,438530,478,392,0,392,4
2020-05-16,Sonoma,097,501317,446,356,0,356,4
2020-05-16,Stanislaus,099,539301,638,546,4,550,24
2020-05-16,Sutter,101,95872,42,35,0,35,2
2020-05-16,Tehama,103,63373,3,2,0,2,1
2020-05-16,Trinity,105,12862,2,1,0,1,0
2020-05-16,Tulare,107,460477,1980,1426,7,1433,63
2020-05-16,Tuolumne,109,53932,3,2,0,2,0
2020-05-16,Ventura,111,848112,1200,813,6,819,25
2020-05-16,Yolo,113,214977,200,181,0,181,22
2020-05-16,Yuba,115,75493,26,21,0,21,1
2020-05-15,Alameda,001,1643700,2802,2289,3,2292,83
2020-05-15,Alpine,003,1148,1,1,0,1,0
2020-05-15,Amador,005,37829,10,8,0,8,0
2020-05-15,Butte,007,227075,43,22,3,25,0
2020-05-15,Calaveras,009,45235,14,13,0,13,0
2020-05-15,Colusa,011,21464,3,3,0,3,0
2020-05-15,Contra Costa,013,1133247,1296,1106,1,1107,33
2020-05-15,Del Norte,015,27424,14,4,0,4,0
2020-05-15,El Dorado,017,186661,89,64,0,64,0
2020-05-15,Fresno,019,978130,2167,1126,34,1160,14
2020-05-15,Glenn,021,27897,13,9,0,9,0
2020-05-15,Humboldt,023,135768,91,60,0,60,0
2020-05-15,Imperial,025,180216,1601,680,0,680,14
2020-05-15,Inyo,027,18085,19,20,0,20,1
2020-05-15,Kern,029,883053,1883,1472,3,1475,25
2020-05-15,Kings,031,150075,488,347,1,348,2
2020-05-15,Lake,033,64148,13,7,0,7,0
2020-05-15,Lassen,035,31185,4,0,2,2,0
2020-05-15,Los Angeles,037,10098052,45520,36317,20,36337,1734
2020-05-15,Madera,039,155013,162,71,1,72,2
2020-05-15,Marin,041,260295,338,295,1,296,14
2020-05-15,Mariposa,043,17540,15,15,0,15,1
2020-05-15,Mendocino,045,87422,14,10,0,10,0
2020-05-15,Merced,047,269075,313,191,0,191,5
2020-05-15,Modoc,049,8938,0,0,0,0,0
2020-05-15,Mono,051,14174,36,31,0,31,1
2020-05-15,Monterey,053,433212,403,321,1,322,8
2020-05-15,Napa,055,140530,104,83,0,83,3
2020-05-15,Nevada,057,99092,42,41,1,42,1
2020-05-15,Orange,059,3164182,6340,4281,50,4331,87
2020-05-15,Placer,061,380077,193,174,0,174,8
2020-05-15,Plumas,063,18699,4,4,0,4,0
2020-05-15,Riverside,065,2383286,6657,5496,18,5514,233
2020-05-15,Sacramento,067,1510023,1285,1203,0,1203,55
2020-05-15,San Benito,069,59416,63,57,0,57,2
2020-05-15,San Bernardino,071,2135413,4374,3225,4,3229,153
2020-05-15,San Diego,073,3302833,6621,5525,0,5525,208
2020-05-15,San Francisco,075,870044,2303,2062,0,2062,36
2020-05-15,San Joaquin,077,732212,769,656,3,659,32
2020-05-15,San Luis Obispo,079,281455,320,237,3,240,1
2020-05-15,San Mateo,081,765935,1906,1612,2,1614,68
2020-05-15,Santa Barbara,083,443738,1556,1409,8,1417,10
2020-05-15,Santa Clara,085,1922200,3026,2395,10,2405,135
2020-05-15,Santa Cruz,087,273765,172,146,0,146,3
2020-05-15,Shasta,089,179085,48,33,0,33,4
2020-05-15,Sierra,091,2930,0,0,0,0,0
2020-05-15,Siskiyou,093,43540,6,5,0,5,0
2020-05-15,Solano,095,438530,474,388,0,388,4
2020-05-15,Sonoma,097,501317,438,349,0,349,4
2020-05-15,Stanislaus,099,539301,631,540,4,544,23
2020-05-15,Sutter,101,95872,41,35,0,35,2
2020-05-15,Tehama,103,63373,3,1,0,1,1
2020-05-15,Trinity,105,12862,2,1,0,1,0
2020-05-15,Tulare,107,460477,1952,1356,7,1363,61
2020-05-15,Tuolumne,109,53932,3,2,0,2,0
2020-05-15,Ventura,111,848112,1182,789,5,794,25
2020-05-15,Yolo,113,214977,199,182,0,182,22
2020-05-15,Yuba,115,75493,26,21,0,21,1
2020-05-14,Alameda,001,1643700,2710,2255,3,2258,80
2020-05-14,Alpine,003,1148,1,1,0,1,0
2020-05-14,Amador,005,37829,10,8,0,8,0
2020-05-14,Butte,007,227075,41,22,3,25,0
2020-05-14,Calaveras,009,45235,14,13,0,13,0
2020-05-14,Colusa,011,21464,3,3,0,3,0
2020-05-14,Contra Costa,013,1133247,1269,1090,1,1091,32
2020-05-14,Del Norte,015,27424,14,4,0,4,0
2020-05-14,El Dorado,017,186661,80,59,0,59,0
2020-05-14,Fresno,019,978130,2107,1038,30,1068,12
2020-05-14,Glenn,021,27897,12,8,0,8,0
2020-05-14,Humboldt,023,135768,89,59,0,59,0
2020-05-14,Imperial,025,180216,1484,652,0,652,13
2020-05-14,Inyo,027,18085,19,20,0,20,1
2020-05-14,Kern,029,883053,1841,1430,3,1433,21
2020-05-14,Kings,031,150075,472,342,1,343,1
2020-05-14,Lake,033,64148,13,7,0,7,0
2020-05-14,Lassen,035,31185,4,0,2,2,0
2020-05-14,Los Angeles,037,10098052,44347,35427,20,35447,1693
2020-05-14,Madera,039,155013,153,69,1,70,2
2020-05-14,Marin,041,260295,320,283,1,284,14
2020-05-14,Mariposa,043,17540,15,15,0,15,0
2020-05-14,Mendocino,045,87422,13,10,0,10,0
2020-05-14,Merced,047,269075,303,182,0,182,3
2020-05-14,Modoc,049,8938,0,0,0,0,0
2020-05-14,Mono,051,14174,36,31,0,31,1
2020-05-14,Monterey,053,433212,393,317,1,318,7
2020-05-14,Napa,055,140530,102,83,0,83,3
2020-05-14,Nevada,057,99092,41,41,1,42,1
2020-05-14,Orange,059,3164182,6165,4163,48,4211,83
2020-05-14,Placer,061,380077,193,172,0,172,8
2020-05-14,Plumas,063,18699,4,4,0,4,0
2020-05-14,Riverside,065,2383286,6473,5339,18,5357,224
2020-05-14,Sacramento,067,1510023,1273,1181,0,1181,55
2020-05-14,San Benito,069,59416,61,56,0,56,2
2020-05-14,San Bernardino,071,2135413,4195,3149,4,3153,149
2020-05-14,San Diego,073,3302833,6486,5393,0,5393,200
2020-05-14,San Francisco,075,870044,2270,2029,0,2029,36
2020-05-14,San Joaquin,077,732212,754,643,3,646,31
2020-05-14,San Luis Obispo,079,281455,317,236,3,239,1
2020-05-14,San Mateo,081,765935,1874,1588,2,1590,67
2020-05-14,Santa Barbara,083,443738,1544,1395,8,1403,11
2020-05-14,Santa Clara,085,1922200,3003,2380,10,2390,134
2020-05-14,Santa Cruz,087,273765,170,145,0,145,3
2020-05-14,Shasta,089,179085,48,33,0,33,4
2020-05-14,Sierra,091,2930,0,0,0,0,0
2020-05-14,Siskiyou,093,43540,6,5,0,5,0
2020-05-14,Solano,095,438530,465,372,0,372,4
2020-05-14,Sonoma,097,501317,421,333,0,333,4
2020-05-14,Stanislaus,099,539301,612,533,4,537,23
2020-05-14,Sutter,101,95872,41,34,0,34,2
2020-05-14,Tehama,103,63373,3,1,0,1,1
2020-05-14,Trinity,105,12862,2,1,0,1,0
2020-05-14,Tulare,107,460477,1913,1317,7,1324,55
2020-05-14,Tuolumne,109,53932,3,2,0,2,0
2020-05-14,Ventura,111,848112,1151,760,5,765,25
2020-05-14,Yolo,113,214977,199,180,0,180,22
2020-05-14,Yuba,115,75493,26,21,0,21,1
2020-05-13,Alameda,001,1643700,2652,2181,3,2184,78
2020-05-13,Alpine,003,1148,1,1,0,1,0
2020-05-13,Amador,005,37829,10,8,0,8,0
2020-05-13,Butte,007,227075,41,21,3,24,0
2020-05-13,Calaveras,009,45235,14,13,0,13,0
2020-05-13,Colusa,011,21464,3,3,0,3,0
2020-05-13,Contra Costa,013,1133247,1247,1082,1,1083,32
2020-05-13,Del Norte,015,27424,13,4,0,4,0
2020-05-13,El Dorado,017,186661,79,58,0,58,0
2020-05-13,Fresno,019,978130,2009,993,30,1023,10
2020-05-13,Glenn,021,27897,11,6,0,6,0
2020-05-13,Humboldt,023,135768,83,58,0,58,0
2020-05-13,Imperial,025,180216,1414,610,0,610,11
2020-05-13,Inyo,027,18085,19,20,0,20,1
2020-05-13,Kern,029,883053,1795,1390,3,1393,19
2020-05-13,Kings,031,150075,458,314,1,315,1
2020-05-13,Lake,033,64148,13,7,0,7,0
2020-05-13,Lassen,035,31185,4,0,2,2,0
2020-05-13,Los Angeles,037,10098052,43035,34574,20,34594,1643
2020-05-13,Madera,039,155013,144,69,1,70,2
2020-05-13,Marin,041,260295,307,278,1,279,14
2020-05-13,Mariposa,043,17540,15,15,0,15,0
2020-05-13,Mendocino,045,87422,13,10,0,10,0
2020-05-13,Merced,047,269075,299,176,0,176,3
2020-05-13,Modoc,049,8938,0,0,0,0,0
2020-05-13,Mono,051,14174,35,31,0,31,1
2020-05-13,Monterey,053,433212,383,309,1,310,6
2020-05-13,Napa,055,140530,102,81,0,81,3
2020-05-13,Nevada,057,99092,41,41,1,42,1
2020-05-13,Orange,059,3164182,5919,4025,46,4071,79
2020-05-13,Placer,061,380077,192,170,0,170,8
2020-05-13,Plumas,063,18699,4,4,0,4,0
2020-05-13,Riverside,065,2383286,6350,5204,18,5222,216
2020-05-13,Sacramento,067,1510023,1258,1173,0,1173,53
2020-05-13,San Benito,069,59416,61,55,0,55,2
2020-05-13,San Bernardino,071,2135413,3939,3064,3,3067,140
2020-05-13,San Diego,073,3302833,6350,5280,0,5280,194
2020-05-13,San Francisco,075,870044,2242,2004,0,2004,35
2020-05-13,San Joaquin,077,732212,733,639,3,642,31
2020-05-13,San Luis Obispo,079,281455,315,231,3,234,1
2020-05-13,San Mateo,081,765935,1842,1550,2,1552,66
2020-05-13,Santa Barbara,083,443738,1533,1382,8,1390,10
2020-05-13,Santa Clara,085,1922200,2983,2370,10,2380,132
2020-05-13,Santa Cruz,087,273765,166,142,0,142,2
2020-05-13,Shasta,089,179085,48,32,0,32,4
2020-05-13,Sierra,091,2930,0,0,0,0,0
2020-05-13,Siskiyou,093,43540,6,5,0,5,0
2020-05-13,Solano,095,438530,452,368,0,368,4
2020-05-13,Sonoma,097,501317,411,330,0,330,4
2020-05-13,Stanislaus,099,539301,603,521,4,525,15
2020-05-13,Sutter,101,95872,41,33,0,33,2
2020-05-13,Tehama,103,63373,3,1,0,1,1
2020-05-13,Trinity,105,12862,2,2,0,2,0
2020-05-13,Tulare,107,460477,1880,1283,7,1290,54
2020-05-13,Tuolumne,109,53932,3,2,0,2,0
2020-05-13,Ventura,111,848112,1120,742,5,747,25
2020-05-13,Yolo,113,214977,197,178,0,178,22
2020-05-13,Yuba,115,75493,24,19,0,19,1
2020-05-12,Alameda,001,1643700,2588,2146,3,2149,74
2020-05-12,Alpine,003,1148,1,1,0,1,0
2020-05-12,Amador,005,37829,10,8,0,8,0
2020-05-12,Butte,007,227075,39,20,3,23,0
2020-05-12,Calaveras,009,45235,13,13,0,13,0
2020-05-12,Colusa,011,21464,3,3,0,3,0
2020-05-12,Contra Costa,013,1133247,1216,1067,1,1068,32
2020-05-12,Del Norte,015,27424,10,3,0,3,0
2020-05-12,El Dorado,017,186661,76,56,0,56,0
2020-05-12,Fresno,019,978130,1925,978,28,1006,9
2020-05-12,Glenn,021,27897,10,6,0,6,0
2020-05-12,Humboldt,023,135768,80,58,0,58,0
2020-05-12,Imperial,025,180216,1284,602,0,602,9
2020-05-12,Inyo,027,18085,19,20,0,20,1
2020-05-12,Kern,029,883053,1754,1363,3,1366,18
2020-05-12,Kings,031,150075,437,302,1,303,1
2020-05-12,Lake,033,64148,13,7,0,7,0
2020-05-12,Lassen,035,31185,4,0,2,2,0
2020-05-12,Los Angeles,037,10098052,42042,33281,19,33300,1601
2020-05-12,Madera,039,155013,138,69,1,70,2
2020-05-12,Marin,041,260295,302,274,1,275,14
2020-05-12,Mariposa,043,17540,15,15,0,15,0
2020-05-12,Mendocino,045,87422,13,10,0,10,0
2020-05-12,Merced,047,269075,286,175,0,175,3
2020-05-12,Modoc,049,8938,0,0,0,0,0
2020-05-12,Mono,051,14174,35,31,0,31,1
2020-05-12,Monterey,053,433212,376,298,1,299,6
2020-05-12,Napa,055,140530,100,80,0,80,3
2020-05-12,Nevada,057,99092,41,41,1,42,1
2020-05-12,Orange,059,3164182,5736,3843,44,3887,78
2020-05-12,Placer,061,380077,191,170,0,170,8
2020-05-12,Plumas,063,18699,4,4,0,4,0
2020-05-12,Riverside,065,2383286,6227,5134,18,5152,210
2020-05-12,Sacramento,067,1510023,1238,1166,0,1166,52
2020-05-12,San Benito,069,59416,61,55,0,55,2
2020-05-12,San Bernardino,071,2135413,3787,2997,3,3000,131
2020-05-12,San Diego,073,3302833,6206,3,0,3,0
2020-05-12,San Francisco,075,870044,2207,1981,0,1981,35
2020-05-12,San Joaquin,077,732212,718,625,3,628,30
2020-05-12,San Luis Obispo,079,281455,312,226,3,229,1
2020-05-12,San Mateo,081,765935,1816,1533,2,1535,66
2020-05-12,Santa Barbara,083,443738,1502,1377,8,1385,10
2020-05-12,Santa Clara,085,1922200,2952,2362,10,2372,131
2020-05-12,Santa Cruz,087,273765,164,141,0,141,2
2020-05-12,Shasta,089,179085,47,33,0,33,4
2020-05-12,Sierra,091,2930,0,0,0,0,0
2020-05-12,Siskiyou,093,43540,6,5,0,5,0
2020-05-12,Solano,095,438530,444,361,0,361,4
2020-05-12,Sonoma,097,501317,388,308,0,308,4
2020-05-12,Stanislaus,099,539301,596,515,4,519,15
2020-05-12,Sutter,101,95872,41,33,0,33,2
2020-05-12,Tehama,103,63373,3,1,0,1,1
2020-05-12,Trinity,105,12862,2,1,0,1,0
2020-05-12,Tulare,107,460477,1848,1261,7,1268,52
2020-05-12,Tuolumne,109,53932,3,2,0,2,0
2020-05-12,Ventura,111,848112,1064,718,5,723,20
2020-05-12,Yolo,113,214977,196,176,0,176,22
2020-05-12,Yuba,115,75493,24,19,0,19,1
2020-05-11,Alameda,001,1643700,2538,2103,3,2106,71
2020-05-11,Alpine,003,1148,1,1,0,1,0
2020-05-11,Amador,005,37829,10,8,0,8,0
2020-05-11,Butte,007,227075,38,19,3,22,0
2020-05-11,Calaveras,009,45235,13,13,0,13,0
2020-05-11,Colusa,011,21464,3,3,0,3,0
2020-05-11,Contra Costa,013,1133247,1202,1052,1,1053,32
2020-05-11,Del Norte,015,27424,8,3,0,3,0
2020-05-11,El Dorado,017,186661,76,55,0,55,0
2020-05-11,Fresno,019,978130,1834,937,27,964,8
2020-05-11,Glenn,021,27897,10,6,0,6,0
2020-05-11,Humboldt,023,135768,77,56,0,56,0
2020-05-11,Imperial,025,180216,1178,562,0,562,9
2020-05-11,Inyo,027,18085,19,20,0,20,1
2020-05-11,Kern,029,883053,1702,1331,3,1334,17
2020-05-11,Kings,031,150075,414,289,0,289,1
2020-05-11,Lake,033,64148,12,7,0,7,0
2020-05-11,Lassen,035,31185,4,0,2,2,0
2020-05-11,Los Angeles,037,10098052,40860,32279,19,32298,1553
2020-05-11,Madera,039,155013,129,68,1,69,2
2020-05-11,Marin,041,260295,293,271,1,272,14
2020-05-11,Mariposa,043,17540,15,15,0,15,0
2020-05-11,Mendocino,045,87422,13,10,0,10,0
2020-05-11,Merced,047,269075,269,158,0,158,3
2020-05-11,Modoc,049,8938,0,0,0,0,0
2020-05-11,Mono,051,14174,35,30,0,30,1
2020-05-11,Monterey,053,433212,373,286,1,287,6
2020-05-11,Napa,055,140530,94,79,0,79,2
2020-05-11,Nevada,057,99092,41,41,1,42,1
2020-05-11,Orange,059,3164182,5522,3699,38,3737,77
2020-05-11,Placer,061,380077,191,170,0,170,8
2020-05-11,Plumas,063,18699,4,4,0,4,0
2020-05-11,Riverside,065,2383286,6069,5082,17,5099,203
2020-05-11,Sacramento,067,1510023,1223,1160,0,1160,52
2020-05-11,San Benito,069,59416,59,52,0,52,2
2020-05-11,San Bernardino,071,2135413,3676,2945,3,2948,124
2020-05-11,San Diego,073,3302833,6053,5067,0,5067,175
2020-05-11,San Francisco,075,870044,2161,1974,0,1974,35
2020-05-11,San Joaquin,077,732212,708,620,3,623,30
2020-05-11,San Luis Obispo,079,281455,310,224,3,227,1
2020-05-11,San Mateo,081,765935,1790,1499,2,1501,66
2020-05-11,Santa Barbara,083,443738,1491,1372,7,1379,10
2020-05-11,Santa Clara,085,1922200,2935,2340,10,2350,129
2020-05-11,Santa Cruz,087,273765,161,140,0,140,2
2020-05-11,Shasta,089,179085,47,31,0,31,4
2020-05-11,Sierra,091,2930,0,0,0,0,0
2020-05-11,Siskiyou,093,43540,6,5,0,5,0
2020-05-11,Solano,095,438530,439,354,0,354,4
2020-05-11,Sonoma,097,501317,378,303,0,303,3
2020-05-11,Stanislaus,099,539301,586,507,4,511,14
2020-05-11,Sutter,101,95872,40,32,0,32,2
2020-05-11,Tehama,103,63373,3,1,0,1,1
2020-05-11,Trinity,105,12862,2,1,0,1,0
2020-05-11,Tulare,107,460477,1799,1203,7,1210,49
2020-05-11,Tuolumne,109,53932,3,2,0,2,0
2020-05-11,Ventura,111,848112,1003,698,4,702,19
2020-05-11,Yolo,113,214977,196,174,0,174,20
2020-05-11,Yuba,115,75493,24,18,0,18,1
2020-05-10,Alameda,001,1643700,2461,2047,3,2050,71
2020-05-10,Alpine,003,1148,1,1,0,1,0
2020-05-10,Amador,005,37829,10,8,0,8,0
2020-05-10,Butte,007,227075,33,18,3,21,0
2020-05-10,Calaveras,009,45235,13,13,0,13,0
2020-05-10,Colusa,011,21464,3,3,0,3,0
2020-05-10,Contra Costa,013,1133247,1188,1046,0,1046,31
2020-05-10,Del Norte,015,27424,7,3,0,3,0
2020-05-10,El Dorado,017,186661,76,55,0,55,0
2020-05-10,Fresno,019,978130,1749,894,27,921,8
2020-05-10,Glenn,021,27897,10,6,0,6,0
2020-05-10,Humboldt,023,135768,73,56,0,56,0
2020-05-10,Imperial,025,180216,1083,509,0,509,7
2020-05-10,Inyo,027,18085,19,20,0,20,1
2020-05-10,Kern,029,883053,1651,1300,2,1302,16
2020-05-10,Kings,031,150075,401,266,0,266,1
2020-05-10,Lake,033,64148,12,7,0,7,0
2020-05-10,Lassen,035,31185,4,0,2,2,0
2020-05-10,Los Angeles,037,10098052,39600,31711,19,31730,1514
2020-05-10,Madera,039,155013,127,65,1,66,2
2020-05-10,Marin,041,260295,285,267,1,268,14
2020-05-10,Mariposa,043,17540,15,15,0,15,0
2020-05-10,Mendocino,045,87422,12,10,0,10,0
2020-05-10,Merced,047,269075,253,154,0,154,3
2020-05-10,Modoc,049,8938,0,0,0,0,0
2020-05-10,Mono,051,14174,35,27,0,27,1
2020-05-10,Monterey,053,433212,359,282,1,283,6
2020-05-10,Napa,055,140530,88,79,0,79,2
2020-05-10,Nevada,057,99092,41,41,1,42,1
2020-05-10,Orange,059,3164182,5379,3627,38,3665,76
2020-05-10,Placer,061,380077,190,168,0,168,8
2020-05-10,Plumas,063,18699,4,4,0,4,0
2020-05-10,Riverside,065,2383286,5947,4951,17,4968,193
2020-05-10,Sacramento,067,1510023,1207,1152,0,1152,52
2020-05-10,San Benito,069,59416,59,52,0,52,2
2020-05-10,San Bernardino,071,2135413,3578,2910,3,2913,121
2020-05-10,San Diego,073,3302833,5901,4928,0,4928,175
2020-05-10,San Francisco,075,870044,2143,1953,0,1953,35
2020-05-10,San Joaquin,077,732212,693,611,3,614,29
2020-05-10,San Luis Obispo,079,281455,307,218,3,221,1
2020-05-10,San Mateo,081,765935,1768,1463,2,1465,65
2020-05-10,Santa Barbara,083,443738,1480,1323,7,1330,10
2020-05-10,Santa Clara,085,1922200,2908,2331,10,2341,129
2020-05-10,Santa Cruz,087,273765,160,139,0,139,2
2020-05-10,Shasta,089,179085,47,31,0,31,4
2020-05-10,Sierra,091,2930,0,0,0,0,0
2020-05-10,Siskiyou,093,43540,5,5,0,5,0
2020-05-10,Solano,095,438530,429,322,0,322,4
2020-05-10,Sonoma,097,501317,368,290,0,290,3
2020-05-10,Stanislaus,099,539301,579,498,4,502,14
2020-05-10,Sutter,101,95872,37,31,0,31,2
2020-05-10,Tehama,103,63373,3,1,0,1,1
2020-05-10,Trinity,105,12862,2,1,0,1,0
2020-05-10,Tulare,107,460477,1728,1143,7,1150,47
2020-05-10,Tuolumne,109,53932,3,2,0,2,0
2020-05-10,Ventura,111,848112,945,690,2,692,19
2020-05-10,Yolo,113,214977,196,173,0,173,20
2020-05-10,Yuba,115,75493,23,17,0,17,1
2020-05-09,Alameda,001,1643700,2418,2011,3,2014,71
2020-05-09,Alpine,003,1148,1,1,0,1,0
2020-05-09,Amador,005,37829,9,8,0,8,0
2020-05-09,Butte,007,227075,32,18,3,21,0
2020-05-09,Calaveras,009,45235,13,13,0,13,0
2020-05-09,Colusa,011,21464,3,3,0,3,0
2020-05-09,Contra Costa,013,1133247,1174,1039,0,1039,31
2020-05-09,Del Norte,015,27424,7,3,0,3,0
2020-05-09,El Dorado,017,186661,73,54,0,54,0
2020-05-09,Fresno,019,978130,1711,861,26,887,8
2020-05-09,Glenn,021,27897,9,6,0,6,0
2020-05-09,Humboldt,023,135768,71,55,0,55,0
2020-05-09,Imperial,025,180216,1026,474,0,474,7
2020-05-09,Inyo,027,18085,19,20,0,20,1
2020-05-09,Kern,029,883053,1615,1262,1,1263,15
2020-05-09,Kings,031,150075,396,264,0,264,1
2020-05-09,Lake,033,64148,12,7,0,7,0
2020-05-09,Lassen,035,31185,4,0,2,2,0
2020-05-09,Los Angeles,037,10098052,38978,31268,19,31287,1499
2020-05-09,Madera,039,155013,126,61,1,62,2
2020-05-09,Marin,041,260295,284,261,1,262,14
2020-05-09,Mariposa,043,17540,15,15,0,15,0
2020-05-09,Mendocino,045,87422,12,10,0,10,0
2020-05-09,Merced,047,269075,249,153,0,153,3
2020-05-09,Modoc,049,8938,0,0,0,0,0
2020-05-09,Mono,051,14174,35,27,0,27,1
2020-05-09,Monterey,053,433212,352,273,0,273,6
2020-05-09,Napa,055,140530,87,78,0,78,2
2020-05-09,Nevada,057,99092,41,41,1,42,1
2020-05-09,Orange,059,3164182,5296,3506,38,3544,75
2020-05-09,Placer,061,380077,189,168,0,168,8
2020-05-09,Plumas,063,18699,4,4,0,4,0
2020-05-09,Riverside,065,2383286,5852,4871,17,4888,183
2020-05-09,Sacramento,067,1510023,1203,1150,0,1150,52
2020-05-09,San Benito,069,59416,58,52,0,52,2
2020-05-09,San Bernardino,071,2135413,3522,2825,3,2828,121
2020-05-09,San Diego,073,3302833,5789,4778,0,4778,175
2020-05-09,San Francisco,075,870044,2128,1944,0,1944,34
2020-05-09,San Joaquin,077,732212,684,605,3,608,28
2020-05-09,San Luis Obispo,079,281455,303,213,3,216,1
2020-05-09,San Mateo,081,765935,1749,1453,2,1455,65
2020-05-09,Santa Barbara,083,443738,1472,1245,7,1252,10
2020-05-09,Santa Clara,085,1922200,2894,2317,10,2327,128
2020-05-09,Santa Cruz,087,273765,159,138,0,138,2
2020-05-09,Shasta,089,179085,47,31,0,31,4
2020-05-09,Sierra,091,2930,0,0,0,0,0
2020-05-09,Siskiyou,093,43540,5,5,0,5,0
2020-05-09,Solano,095,438530,423,321,0,321,4
2020-05-09,Sonoma,097,501317,364,288,0,288,3
2020-05-09,Stanislaus,099,539301,571,491,4,495,12
2020-05-09,Sutter,101,95872,37,31,0,31,2
2020-05-09,Tehama,103,63373,2,1,0,1,1
2020-05-09,Trinity,105,12862,2,1,0,1,0
2020-05-09,Tulare,107,460477,1700,1083,7,1090,47
2020-05-09,Tuolumne,109,53932,3,2,0,2,0
2020-05-09,Ventura,111,848112,924,679,2,681,19
2020-05-09,Yolo,113,214977,196,172,0,172,18
2020-05-09,Yuba,115,75493,23,17,0,17,1
2020-05-08,Alameda,001,1643700,2375,1955,3,1958,70
2020-05-08,Alpine,003,1148,1,1,0,1,0
2020-05-08,Amador,005,37829,9,8,0,8,0
2020-05-08,Butte,007,227075,32,18,3,21,0
2020-05-08,Calaveras,009,45235,13,13,0,13,0
2020-05-08,Colusa,011,21464,3,3,0,3,0
2020-05-08,Contra Costa,013,1133247,1162,1024,0,1024,29
2020-05-08,Del Norte,015,27424,7,3,0,3,0
2020-05-08,El Dorado,017,186661,72,54,0,54,0
2020-05-08,Fresno,019,978130,1669,838,24,862,8
2020-05-08,Glenn,021,27897,8,6,0,6,0
2020-05-08,Humboldt,023,135768,68,54,0,54,0
2020-05-08,Imperial,025,180216,981,467,0,467,7
2020-05-08,Inyo,027,18085,19,20,0,20,1
2020-05-08,Kern,029,883053,1584,1214,1,1215,13
2020-05-08,Kings,031,150075,387,236,0,236,1
2020-05-08,Lake,033,64148,12,7,0,7,0
2020-05-08,Lassen,035,31185,4,0,2,2,0
2020-05-08,Los Angeles,037,10098052,38244,30357,19,30376,1447
2020-05-08,Madera,039,155013,123,57,1,58,2
2020-05-08,Marin,041,260295,284,257,1,258,14
2020-05-08,Mariposa,043,17540,15,15,0,15,0
2020-05-08,Mendocino,045,87422,12,10,0,10,0
2020-05-08,Merced,047,269075,248,151,0,151,3
2020-05-08,Modoc,049,8938,0,0,0,0,0
2020-05-08,Mono,051,14174,32,27,0,27,1
2020-05-08,Monterey,053,433212,344,265,0,265,6
2020-05-08,Napa,055,140530,86,78,0,78,2
2020-05-08,Nevada,057,99092,41,41,1,42,1
2020-05-08,Orange,059,3164182,5149,3395,38,3433,72
2020-05-08,Placer,061,380077,187,166,0,166,8
2020-05-08,Plumas,063,18699,4,4,0,4,0
2020-05-08,Riverside,065,2383286,5752,4672,16,4688,181
2020-05-08,Sacramento,067,1510023,1198,1145,0,1145,51
2020-05-08,San Benito,069,59416,58,51,0,51,2
2020-05-08,San Bernardino,071,2135413,3474,2631,3,2634,119
2020-05-08,San Diego,073,3302833,5682,4664,0,4664,169
2020-05-08,San Francisco,075,870044,2110,1890,0,1890,33
2020-05-08,San Joaquin,077,732212,677,595,3,598,28
2020-05-08,San Luis Obispo,079,281455,300,210,3,213,1
2020-05-08,San Mateo,081,765935,1664,1423,2,1425,62
2020-05-08,Santa Barbara,083,443738,1463,1054,5,1059,8
2020-05-08,Santa Clara,085,1922200,2871,2285,10,2295,128
2020-05-08,Santa Cruz,087,273765,155,137,0,137,2
2020-05-08,Shasta,089,179085,47,31,0,31,4
2020-05-08,Sierra,091,2930,0,0,0,0,0
2020-05-08,Siskiyou,093,43540,5,5,0,5,0
2020-05-08,Solano,095,438530,418,314,0,314,4
2020-05-08,Sonoma,097,501317,359,285,0,285,3
2020-05-08,Stanislaus,099,539301,557,487,4,491,12
2020-05-08,Sutter,101,95872,37,30,0,30,2
2020-05-08,Tehama,103,63373,2,1,0,1,1
2020-05-08,Trinity,105,12862,2,0,0,0,0
2020-05-08,Tulare,107,460477,1655,1050,6,1056,43
2020-05-08,Tuolumne,109,53932,3,2,0,2,0
2020-05-08,Ventura,111,848112,906,665,2,667,19
2020-05-08,Yolo,113,214977,195,172,0,172,18
2020-05-08,Yuba,115,75493,22,16,0,16,1
2020-05-07,Alameda,001,1643700,2315,1914,3,1917,68
2020-05-07,Alpine,003,1148,1,1,0,1,0
2020-05-07,Amador,005,37829,9,8,0,8,0
2020-05-07,Butte,007,227075,32,19,3,22,0
2020-05-07,Calaveras,009,45235,13,13,0,13,0
2020-05-07,Colusa,011,21464,3,3,0,3,0
2020-05-07,Contra Costa,013,1133247,1148,1005,0,1005,29
2020-05-07,Del Norte,015,27424,6,3,0,3,0
2020-05-07,El Dorado,017,186661,71,54,0,54,0
2020-05-07,Fresno,019,978130,1583,812,23,835,8
2020-05-07,Glenn,021,27897,8,5,0,5,0
2020-05-07,Humboldt,023,135768,67,54,0,54,0
2020-05-07,Imperial,025,180216,918,442,0,442,6
2020-05-07,Inyo,027,18085,19,20,0,20,1
2020-05-07,Kern,029,883053,1540,1176,1,1177,13
2020-05-07,Kings,031,150075,364,219,0,219,1
2020-05-07,Lake,033,64148,11,7,0,7,0
2020-05-07,Lassen,035,31185,4,0,2,2,0
2020-05-07,Los Angeles,037,10098052,37122,29544,19,29563,1399
2020-05-07,Madera,039,155013,119,54,1,55,2
2020-05-07,Marin,041,260295,277,252,1,253,14
2020-05-07,Mariposa,043,17540,15,15,0,15,0
2020-05-07,Mendocino,045,87422,12,10,0,10,0
2020-05-07,Merced,047,269075,236,146,0,146,3
2020-05-07,Modoc,049,8938,0,0,0,0,0
2020-05-07,Mono,051,14174,32,26,0,26,1
2020-05-07,Monterey,053,433212,336,249,0,249,6
2020-05-07,Napa,055,140530,86,78,0,78,2
2020-05-07,Nevada,057,99092,41,41,1,42,1
2020-05-07,Orange,059,3164182,4964,3283,37,3320,69
2020-05-07,Placer,061,380077,187,165,0,165,8
2020-05-07,Plumas,063,18699,4,4,0,4,0
2020-05-07,Riverside,065,2383286,5636,4608,16,4624,170
2020-05-07,Sacramento,067,1510023,1192,1139,0,1139,50
2020-05-07,San Benito,069,59416,58,50,0,50,2
2020-05-07,San Bernardino,071,2135413,3382,2522,3,2525,115
2020-05-07,San Diego,073,3302833,5525,4431,0,4431,165
2020-05-07,San Francisco,075,870044,2079,1852,0,1852,33
2020-05-07,San Joaquin,077,732212,664,583,3,586,28
2020-05-07,San Luis Obispo,079,281455,289,209,3,212,1
2020-05-07,San Mateo,081,765935,1642,1398,2,1400,58
2020-05-07,Santa Barbara,083,443738,1436,720,4,724,8
2020-05-07,Santa Clara,085,1922200,2833,2281,10,2291,127
2020-05-07,Santa Cruz,087,273765,152,136,0,136,2
2020-05-07,Shasta,089,179085,46,31,0,31,4
2020-05-07,Sierra,091,2930,0,0,0,0,0
2020-05-07,Siskiyou,093,43540,5,5,0,5,0
2020-05-07,Solano,095,438530,412,307,0,307,4
2020-05-07,Sonoma,097,501317,347,282,0,282,3
2020-05-07,Stanislaus,099,539301,548,466,4,470,10
2020-05-07,Sutter,101,95872,37,29,0,29,2
2020-05-07,Tehama,103,63373,2,1,0,1,1
2020-05-07,Trinity,105,12862,2,0,0,0,0
2020-05-07,Tulare,107,460477,1587,1001,6,1007,41
2020-05-07,Tuolumne,109,53932,3,2,0,2,0
2020-05-07,Ventura,111,848112,882,647,1,648,19
2020-05-07,Yolo,113,214977,194,172,0,172,18
2020-05-07,Yuba,115,75493,22,16,0,16,1
2020-05-06,Alameda,001,1643700,2277,1864,3,1867,67
2020-05-06,Alpine,003,1148,1,1,0,1,0
2020-05-06,Amador,005,37829,9,8,0,8,0
2020-05-06,Butte,007,227075,31,19,3,22,0
2020-05-06,Calaveras,009,45235,13,13,0,13,0
2020-05-06,Colusa,011,21464,3,3,0,3,0
2020-05-06,Contra Costa,013,1133247,1127,990,0,990,29
2020-05-06,Del Norte,015,27424,6,3,0,3,0
2020-05-06,El Dorado,017,186661,69,53,0,53,0
2020-05-06,Fresno,019,978130,1520,773,21,794,8
2020-05-06,Glenn,021,27897,8,3,0,3,0
2020-05-06,Humboldt,023,135768,66,54,0,54,0
2020-05-06,Imperial,025,180216,850,399,0,399,6
2020-05-06,Inyo,027,18085,19,20,0,20,1
2020-05-06,Kern,029,883053,1484,1112,1,1113,12
2020-05-06,Kings,031,150075,346,208,0,208,1
2020-05-06,Lake,033,64148,11,7,0,7,0
2020-05-06,Lassen,035,31185,4,0,2,2,0
2020-05-06,Los Angeles,037,10098052,36117,28687,19,28706,1347
2020-05-06,Madera,039,155013,117,55,1,56,2
2020-05-06,Marin,041,260295,270,244,1,245,14
2020-05-06,Mariposa,043,17540,15,14,0,14,0
2020-05-06,Mendocino,045,87422,12,10,0,10,0
2020-05-06,Merced,047,269075,229,140,0,140,3
2020-05-06,Modoc,049,8938,0,0,0,0,0
2020-05-06,Mono,051,14174,32,26,0,26,1
2020-05-06,Monterey,053,433212,328,246,0,246,6
2020-05-06,Napa,055,140530,85,78,0,78,2
2020-05-06,Nevada,057,99092,41,41,1,42,1
2020-05-06,Orange,059,3164182,4780,3156,36,3192,66
2020-05-06,Placer,061,380077,184,164,0,164,8
2020-05-06,Plumas,063,18699,4,4,0,4,0
2020-05-06,Riverside,065,2383286,5492,4535,16,4551,163
2020-05-06,Sacramento,067,1510023,1186,1135,0,1135,49
2020-05-06,San Benito,069,59416,57,50,0,50,2
2020-05-06,San Bernardino,071,2135413,3260,2426,2,2428,110
2020-05-06,San Diego,073,3302833,5392,4321,0,4321,158
2020-05-06,San Francisco,075,870044,2054,1804,0,1804,32
2020-05-06,San Joaquin,077,732212,651,581,3,584,28
2020-05-06,San Luis Obispo,079,281455,285,207,3,210,1
2020-05-06,San Mateo,081,765935,1611,1348,2,1350,57
2020-05-06,Santa Barbara,083,443738,1395,565,3,568,8
2020-05-06,Santa Clara,085,1922200,2816,2270,9,2279,127
2020-05-06,Santa Cruz,087,273765,149,135,0,135,2
2020-05-06,Shasta,089,179085,45,31,0,31,4
2020-05-06,Sierra,091,2930,0,0,0,0,0
2020-05-06,Siskiyou,093,43540,5,5,0,5,0
2020-05-06,Solano,095,438530,402,300,0,300,4
2020-05-06,Sonoma,097,501317,331,269,0,269,3
2020-05-06,Stanislaus,099,539301,532,434,4,438,9
2020-05-06,Sutter,101,95872,37,29,0,29,2
2020-05-06,Tehama,103,63373,2,1,0,1,1
2020-05-06,Trinity,105,12862,2,0,0,0,0
2020-05-06,Tulare,107,460477,1539,963,6,969,40
2020-05-06,Tuolumne,109,53932,3,2,0,2,0
2020-05-06,Ventura,111,848112,855,619,1,620,19
2020-05-06,Yolo,113,214977,193,172,0,172,18
2020-05-06,Yuba,115,75493,22,15,0,15,1
2020-05-05,Alameda,001,1643700,2234,1819,3,1822,67
2020-05-05,Alpine,003,1148,1,1,0,1,0
2020-05-05,Amador,005,37829,9,8,0,8,0
2020-05-05,Butte,007,227075,30,19,3,22,0
2020-05-05,Calaveras,009,45235,13,13,0,13,0
2020-05-05,Colusa,011,21464,3,3,0,3,0
2020-05-05,Contra Costa,013,1133247,1109,976,0,976,29
2020-05-05,Del Norte,015,27424,6,3,0,3,0
2020-05-05,El Dorado,017,186661,67,54,0,54,0
2020-05-05,Fresno,019,978130,1447,726,19,745,8
2020-05-05,Glenn,021,27897,8,3,0,3,0
2020-05-05,Humboldt,023,135768,63,54,0,54,0
2020-05-05,Imperial,025,180216,795,389,0,389,6
2020-05-05,Inyo,027,18085,19,20,0,20,1
2020-05-05,Kern,029,883053,1432,1084,1,1085,11
2020-05-05,Kings,031,150075,328,187,0,187,1
2020-05-05,Lake,033,64148,10,7,0,7,0
2020-05-05,Lassen,035,31185,4,0,2,2,0
2020-05-05,Los Angeles,037,10098052,35050,27867,19,27886,1289
2020-05-05,Madera,039,155013,113,53,1,54,2
2020-05-05,Marin,041,260295,264,244,1,245,14
2020-05-05,Mariposa,043,17540,15,14,0,14,0
2020-05-05,Mendocino,045,87422,12,10,0,10,0
2020-05-05,Merced,047,269075,224,141,0,141,3
2020-05-05,Modoc,049,8938,0,0,0,0,0
2020-05-05,Mono,051,14174,32,25,0,25,1
2020-05-05,Monterey,053,433212,314,240,0,240,6
2020-05-05,Napa,055,140530,85,74,0,74,2
2020-05-05,Nevada,057,99092,41,41,1,42,1
2020-05-05,Orange,059,3164182,4656,3041,36,3077,63
2020-05-05,Placer,061,380077,184,162,0,162,8
2020-05-05,Plumas,063,18699,4,4,0,4,0
2020-05-05,Riverside,065,2383286,5382,4309,16,4325,161
2020-05-05,Sacramento,067,1510023,1179,1125,0,1125,48
2020-05-05,San Benito,069,59416,56,50,0,50,2
2020-05-05,San Bernardino,071,2135413,3167,2345,2,2347,104
2020-05-05,San Diego,073,3302833,5249,4162,0,4162,150
2020-05-05,San Francisco,075,870044,2019,1779,0,1779,31
2020-05-05,San Joaquin,077,732212,642,577,3,580,26
2020-05-05,San Luis Obispo,079,281455,283,203,3,206,1
2020-05-05,San Mateo,081,765935,1579,1335,2,1337,56
2020-05-05,Santa Barbara,083,443738,1174,541,3,544,7
2020-05-05,Santa Clara,085,1922200,2770,2249,8,2257,124
2020-05-05,Santa Cruz,087,273765,146,134,0,134,2
2020-05-05,Shasta,089,179085,44,31,0,31,4
2020-05-05,Sierra,091,2930,0,0,0,0,0
2020-05-05,Siskiyou,093,43540,5,5,0,5,0
2020-05-05,Solano,095,438530,386,299,0,299,4
2020-05-05,Sonoma,097,501317,328,263,0,263,3
2020-05-05,Stanislaus,099,539301,520,430,4,434,9
2020-05-05,Sutter,101,95872,36,29,0,29,2
2020-05-05,Tehama,103,63373,2,1,0,1,1
2020-05-05,Trinity,105,12862,2,0,0,0,0
2020-05-05,Tulare,107,460477,1441,869,6,875,40
2020-05-05,Tuolumne,109,53932,3,2,0,2,0
2020-05-05,Ventura,111,848112,831,607,1,608,19
2020-05-05,Yolo,113,214977,191,171,0,171,18
2020-05-05,Yuba,115,75493,22,15,0,15,1
2020-05-04,Alameda,001,1643700,2176,1762,2,1764,65
2020-05-04,Alpine,003,1148,1,1,0,1,0
2020-05-04,Amador,005,37829,8,8,0,8,0
2020-05-04,Butte,007,227075,29,16,2,18,0
2020-05-04,Calaveras,009,45235,13,13,0,13,0
2020-05-04,Colusa,011,21464,3,3,0,3,0
2020-05-04,Contra Costa,013,1133247,1091,949,0,949,28
2020-05-04,Del Norte,015,27424,5,3,0,3,0
2020-05-04,El Dorado,017,186661,66,51,0,51,0
2020-05-04,Fresno,019,978130,1377,680,18,698,8
2020-05-04,Glenn,021,27897,8,4,0,4,0
2020-05-04,Humboldt,023,135768,61,54,0,54,0
2020-05-04,Imperial,025,180216,744,351,0,351,6
2020-05-04,Inyo,027,18085,19,20,0,20,1
2020-05-04,Kern,029,883053,1390,1047,1,1048,8
2020-05-04,Kings,031,150075,311,153,0,153,1
2020-05-04,Lake,033,64148,9,7,0,7,0
2020-05-04,Lassen,035,31185,3,0,2,2,0
2020-05-04,Los Angeles,037,10098052,33766,26243,17,26260,1235
2020-05-04,Madera,039,155013,110,52,1,53,2
2020-05-04,Marin,041,260295,259,244,1,245,13
2020-05-04,Mariposa,043,17540,15,13,0,13,0
2020-05-04,Mendocino,045,87422,12,10,0,10,0
2020-05-04,Merced,047,269075,224,138,0,138,3
2020-05-04,Modoc,049,8938,0,0,0,0,0
2020-05-04,Mono,051,14174,32,25,0,25,1
2020-05-04,Monterey,053,433212,303,237,0,237,6
2020-05-04,Napa,055,140530,85,72,0,72,2
2020-05-04,Nevada,057,99092,41,41,1,42,1
2020-05-04,Orange,059,3164182,4518,2931,33,2964,57
2020-05-04,Placer,061,380077,182,162,0,162,8
2020-05-04,Plumas,063,18699,4,4,0,4,0
2020-05-04,Riverside,065,2383286,5288,4221,16,4237,147
2020-05-04,Sacramento,067,1510023,1169,1119,0,1119,44
2020-05-04,San Benito,069,59416,54,49,0,49,2
2020-05-04,San Bernardino,071,2135413,3027,2184,2,2186,99
2020-05-04,San Diego,073,3302833,5108,4022,0,4022,144
2020-05-04,San Francisco,075,870044,1981,1760,0,1760,31
2020-05-04,San Joaquin,077,732212,628,574,3,577,26
2020-05-04,San Luis Obispo,079,281455,280,202,3,205,1
2020-05-04,San Mateo,081,765935,1554,1313,2,1315,53
2020-05-04,Santa Barbara,083,443738,927,524,3,527,7
2020-05-04,Santa Clara,085,1922200,2755,2238,8,2246,119
2020-05-04,Santa Cruz,087,273765,145,133,0,133,2
2020-05-04,Shasta,089,179085,42,31,0,31,4
2020-05-04,Sierra,091,2930,0,0,0,0,0
2020-05-04,Siskiyou,093,43540,5,5,0,5,0
2020-05-04,Solano,095,438530,372,293,0,293,4
2020-05-04,Sonoma,097,501317,314,256,0,256,4
2020-05-04,Stanislaus,099,539301,514,422,4,426,8
2020-05-04,Sutter,101,95872,33,28,0,28,2
2020-05-04,Tehama,103,63373,2,1,0,1,1
2020-05-04,Trinity,105,12862,1,0,0,0,0
2020-05-04,Tulare,107,460477,1362,760,6,766,40
2020-05-04,Tuolumne,109,53932,3,3,0,3,0
2020-05-04,Ventura,111,848112,810,590,1,591,19
2020-05-04,Yolo,113,214977,190,171,0,171,18
2020-05-04,Yuba,115,75493,19,16,0,16,1
2020-05-03,Alameda,001,1643700,2118,1731,2,1733,64
2020-05-03,Alpine,003,1148,1,1,0,1,0
2020-05-03,Amador,005,37829,8,8,0,8,0
2020-05-03,Butte,007,227075,29,17,2,19,0
2020-05-03,Calaveras,009,45235,13,13,0,13,0
2020-05-03,Colusa,011,21464,3,3,0,3,0
2020-05-03,Contra Costa,013,1133247,1075,945,0,945,28
2020-05-03,Del Norte,015,27424,5,3,0,3,0
2020-05-03,El Dorado,017,186661,64,49,0,49,0
2020-05-03,Fresno,019,978130,1285,646,15,661,8
2020-05-03,Glenn,021,27897,7,5,0,5,0
2020-05-03,Humboldt,023,135768,60,54,0,54,0
2020-05-03,Imperial,025,180216,688,351,0,351,6
2020-05-03,Inyo,027,18085,19,20,0,20,1
2020-05-03,Kern,029,883053,1335,1025,1,1026,8
2020-05-03,Kings,031,150075,291,137,0,137,1
2020-05-03,Lake,033,64148,9,7,0,7,0
2020-05-03,Lassen,035,31185,3,0,2,2,0
2020-05-03,Los Angeles,037,10098052,32808,25708,16,25724,1210
2020-05-03,Madera,039,155013,103,46,1,47,2
2020-05-03,Marin,041,260295,254,243,1,244,13
2020-05-03,Mariposa,043,17540,15,13,0,13,0
2020-05-03,Mendocino,045,87422,12,10,0,10,0
2020-05-03,Merced,047,269075,217,134,0,134,3
2020-05-03,Modoc,049,8938,0,0,0,0,0
2020-05-03,Mono,051,14174,32,25,0,25,1
2020-05-03,Monterey,053,433212,294,235,0,235,6
2020-05-03,Napa,055,140530,85,72,0,72,2
2020-05-03,Nevada,057,99092,41,41,1,42,1
2020-05-03,Orange,059,3164182,4344,2859,32,2891,55
2020-05-03,Placer,061,380077,182,161,0,161,8
2020-05-03,Plumas,063,18699,4,4,0,4,0
2020-05-03,Riverside,065,2383286,5183,4034,16,4050,139
2020-05-03,Sacramento,067,1510023,1160,1109,0,1109,43
2020-05-03,San Benito,069,59416,54,49,0,49,2
2020-05-03,San Bernardino,071,2135413,2967,2123,2,2125,99
2020-05-03,San Diego,073,3302833,4971,3929,0,3929,142
2020-05-03,San Francisco,075,870044,1952,1692,0,1692,30
2020-05-03,San Joaquin,077,732212,621,570,3,573,26
2020-05-03,San Luis Obispo,079,281455,277,200,3,203,1
2020-05-03,San Mateo,081,765935,1526,1277,2,1279,53
2020-05-03,Santa Barbara,083,443738,568,512,3,515,7
2020-05-03,Santa Clara,085,1922200,2718,2235,8,2243,116
2020-05-03,Santa Cruz,087,273765,145,133,0,133,2
2020-05-03,Shasta,089,179085,40,31,0,31,4
2020-05-03,Sierra,091,2930,0,0,0,0,0
2020-05-03,Siskiyou,093,43540,5,5,0,5,0
2020-05-03,Solano,095,438530,362,266,0,266,4
2020-05-03,Sonoma,097,501317,305,254,0,254,4
2020-05-03,Stanislaus,099,539301,486,411,4,415,8
2020-05-03,Sutter,101,95872,31,28,0,28,2
2020-05-03,Tehama,103,63373,2,1,0,1,1
2020-05-03,Trinity,105,12862,1,0,0,0,0
2020-05-03,Tulare,107,460477,1283,736,6,742,40
2020-05-03,Tuolumne,109,53932,3,3,0,3,0
2020-05-03,Ventura,111,848112,776,583,1,584,19
2020-05-03,Yolo,113,214977,189,171,0,171,18
2020-05-03,Yuba,115,75493,19,16,0,16,1
2020-05-02,Alameda,001,1643700,2081,1678,2,1680,63
2020-05-02,Alpine,003,1148,1,1,0,1,0
2020-05-02,Amador,005,37829,8,8,0,8,0
2020-05-02,Butte,007,227075,29,17,2,19,0
2020-05-02,Calaveras,009,45235,13,13,0,13,0
2020-05-02,Colusa,011,21464,3,3,0,3,0
2020-05-02,Contra Costa,013,1133247,1057,929,0,929,28
2020-05-02,Del Norte,015,27424,5,3,0,3,0
2020-05-02,El Dorado,017,186661,64,47,0,47,0
2020-05-02,Fresno,019,978130,1260,629,14,643,8
2020-05-02,Glenn,021,27897,7,5,0,5,0
2020-05-02,Humboldt,023,135768,60,54,0,54,0
2020-05-02,Imperial,025,180216,661,345,0,345,6
2020-05-02,Inyo,027,18085,19,20,0,20,1
2020-05-02,Kern,029,883053,1309,1007,1,1008,8
2020-05-02,Kings,031,150075,288,120,0,120,1
2020-05-02,Lake,033,64148,9,7,0,7,0
2020-05-02,Lassen,035,31185,3,0,2,2,0
2020-05-02,Los Angeles,037,10098052,32278,24955,16,24971,1192
2020-05-02,Madera,039,155013,103,46,1,47,2
2020-05-02,Marin,041,260295,253,243,1,244,13
2020-05-02,Mariposa,043,17540,15,13,0,13,0
2020-05-02,Mendocino,045,87422,12,10,0,10,0
2020-05-02,Merced,047,269075,212,131,0,131,3
2020-05-02,Modoc,049,8938,0,0,0,0,0
2020-05-02,Mono,051,14174,32,25,0,25,1
2020-05-02,Monterey,053,433212,288,225,0,225,5
2020-05-02,Napa,055,140530,85,71,0,71,2
2020-05-02,Nevada,057,99092,41,41,1,42,1
2020-05-02,Orange,059,3164182,4230,2774,32,2806,52
2020-05-02,Placer,061,380077,180,150,0,150,8
2020-05-02,Plumas,063,18699,4,4,0,4,0
2020-05-02,Riverside,065,2383286,5117,3997,16,4013,137
2020-05-02,Sacramento,067,1510023,1157,1097,0,1097,43
2020-05-02,San Benito,069,59416,54,49,0,49,2
2020-05-02,San Bernardino,071,2135413,2928,2124,2,2126,99
2020-05-02,San Diego,073,3302833,4869,3844,0,3844,138
2020-05-02,San Francisco,075,870044,1929,1632,0,1632,29
2020-05-02,San Joaquin,077,732212,613,559,3,562,25
2020-05-02,San Luis Obispo,079,281455,271,193,3,196,1
2020-05-02,San Mateo,081,765935,1510,1272,2,1274,52
2020-05-02,Santa Barbara,083,443738,560,506,3,509,7
2020-05-02,Santa Clara,085,1922200,2708,2203,8,2211,115
2020-05-02,Santa Cruz,087,273765,144,131,0,131,2
2020-05-02,Shasta,089,179085,40,31,0,31,4
2020-05-02,Sierra,091,2930,0,0,0,0,0
2020-05-02,Siskiyou,093,43540,5,5,0,5,0
2020-05-02,Solano,095,438530,355,267,0,267,4
2020-05-02,Sonoma,097,501317,302,250,0,250,3
2020-05-02,Stanislaus,099,539301,478,388,4,392,8
2020-05-02,Sutter,101,95872,31,28,0,28,2
2020-05-02,Tehama,103,63373,2,1,0,1,1
2020-05-02,Trinity,105,12862,1,0,0,0,0
2020-05-02,Tulare,107,460477,1240,711,6,717,35
2020-05-02,Tuolumne,109,53932,3,3,0,3,0
2020-05-02,Ventura,111,848112,762,564,1,565,19
2020-05-02,Yolo,113,214977,189,169,0,169,17
2020-05-02,Yuba,115,75493,19,16,0,16,1
2020-05-01,Alameda,001,1643700,2043,1630,2,1632,63
2020-05-01,Alpine,003,1148,1,1,0,1,0
2020-05-01,Amador,005,37829,8,8,0,8,0
2020-05-01,Butte,007,227075,29,17,2,19,0
2020-05-01,Calaveras,009,45235,13,13,0,13,0
2020-05-01,Colusa,011,21464,3,3,0,3,0
2020-05-01,Contra Costa,013,1133247,1043,915,0,915,28
2020-05-01,Del Norte,015,27424,5,3,0,3,0
2020-05-01,El Dorado,017,186661,64,47,0,47,0
2020-05-01,Fresno,019,978130,1229,617,14,631,7
2020-05-01,Glenn,021,27897,7,4,0,4,0
2020-05-01,Humboldt,023,135768,60,54,0,54,0
2020-05-01,Imperial,025,180216,624,337,0,337,6
2020-05-01,Inyo,027,18085,19,20,0,20,1
2020-05-01,Kern,029,883053,1282,972,1,973,8
2020-05-01,Kings,031,150075,271,112,0,112,1
2020-05-01,Lake,033,64148,9,6,0,6,0
2020-05-01,Lassen,035,31185,3,0,2,2,0
2020-05-01,Los Angeles,037,10098052,31521,24306,16,24322,1155
2020-05-01,Madera,039,155013,99,46,1,47,2
2020-05-01,Marin,041,260295,253,242,1,243,13
2020-05-01,Mariposa,043,17540,15,10,0,10,0
2020-05-01,Mendocino,045,87422,12,11,0,11,0
2020-05-01,Merced,047,269075,209,131,0,131,3
2020-05-01,Modoc,049,8938,0,0,0,0,0
2020-05-01,Mono,051,14174,32,25,0,25,1
2020-05-01,Monterey,053,433212,284,222,0,222,5
2020-05-01,Napa,055,140530,85,69,0,69,2
2020-05-01,Nevada,057,99092,41,41,1,42,1
2020-05-01,Orange,059,3164182,4153,2660,30,2690,51
2020-05-01,Placer,061,380077,179,149,0,149,8
2020-05-01,Plumas,063,18699,4,4,0,4,0
2020-05-01,Riverside,065,2383286,5053,3893,16,3909,132
2020-05-01,Sacramento,067,1510023,1152,1081,0,1081,43
2020-05-01,San Benito,069,59416,54,49,0,49,2
2020-05-01,San Bernardino,071,2135413,2873,2084,2,2086,98
2020-05-01,San Diego,073,3302833,4778,3713,0,3713,134
2020-05-01,San Francisco,075,870044,1885,1552,0,1552,29
2020-05-01,San Joaquin,077,732212,609,554,3,557,25
2020-05-01,San Luis Obispo,079,281455,268,186,3,189,1
2020-05-01,San Mateo,081,765935,1488,1222,2,1224,52
2020-05-01,Santa Barbara,083,443738,554,499,2,501,7
2020-05-01,Santa Clara,085,1922200,2696,2176,8,2184,112
2020-05-01,Santa Cruz,087,273765,144,127,0,127,2
2020-05-01,Shasta,089,179085,40,31,0,31,4
2020-05-01,Sierra,091,2930,0,0,0,0,0
2020-05-01,Siskiyou,093,43540,5,5,0,5,0
2020-05-01,Solano,095,438530,347,266,0,266,4
2020-05-01,Sonoma,097,501317,299,242,0,242,3
2020-05-01,Stanislaus,099,539301,473,384,4,388,8
2020-05-01,Sutter,101,95872,31,28,0,28,2
2020-05-01,Tehama,103,63373,2,1,0,1,1
2020-05-01,Trinity,105,12862,1,0,0,0,0
2020-05-01,Tulare,107,460477,1196,685,6,691,32
2020-05-01,Tuolumne,109,53932,3,3,0,3,0
2020-05-01,Ventura,111,848112,749,556,1,557,18
2020-05-01,Yolo,113,214977,189,165,0,165,18
2020-05-01,Yuba,115,75493,19,16,0,16,1
2020-04-30,Alameda,001,1643700,1983,1599,2,1601,60
2020-04-30,Alpine,003,1148,1,1,0,1,0
2020-04-30,Amador,005,37829,8,8,0,8,0
2020-04-30,Butte,007,227075,29,16,2,18,0
2020-04-30,Calaveras,009,45235,13,13,0,13,0
2020-04-30,Colusa,011,21464,3,3,0,3,0
2020-04-30,Contra Costa,013,1133247,1021,900,0,900,25
2020-04-30,Del Norte,015,27424,4,3,0,3,0
2020-04-30,El Dorado,017,186661,64,44,0,44,0
2020-04-30,Fresno,019,978130,1164,562,11,573,7
2020-04-30,Glenn,021,27897,7,4,0,4,0
2020-04-30,Humboldt,023,135768,60,54,0,54,0
2020-04-30,Imperial,025,180216,578,322,0,322,6
2020-04-30,Inyo,027,18085,19,20,0,20,1
2020-04-30,Kern,029,883053,1250,941,1,942,8
2020-04-30,Kings,031,150075,259,87,0,87,1
2020-04-30,Lake,033,64148,9,6,0,6,0
2020-04-30,Lassen,035,31185,3,0,2,2,0
2020-04-30,Los Angeles,037,10098052,30512,23284,16,23300,1099
2020-04-30,Madera,039,155013,88,46,1,47,2
2020-04-30,Marin,041,260295,253,240,1,241,13
2020-04-30,Mariposa,043,17540,15,3,0,3,0
2020-04-30,Mendocino,045,87422,12,11,0,11,0
2020-04-30,Merced,047,269075,202,122,0,122,3
2020-04-30,Modoc,049,8938,0,0,0,0,0
2020-04-30,Mono,051,14174,31,25,0,25,1
2020-04-30,Monterey,053,433212,274,213,0,213,5
2020-04-30,Napa,055,140530,83,69,0,69,2
2020-04-30,Nevada,057,99092,41,41,1,42,1
2020-04-30,Orange,059,3164182,3931,2591,27,2618,46
2020-04-30,Placer,061,380077,178,148,0,148,8
2020-04-30,Plumas,063,18699,4,4,0,4,0
2020-04-30,Riverside,065,2383286,4953,3820,15,3835,124
2020-04-30,Sacramento,067,1510023,1146,1071,0,1071,43
2020-04-30,San Benito,069,59416,54,48,0,48,2
2020-04-30,San Bernardino,071,2135413,2671,2020,2,2022,96
2020-04-30,San Diego,073,3302833,4607,3566,0,3566,124
2020-04-30,San Francisco,075,870044,1851,1518,0,1518,26
2020-04-30,San Joaquin,077,732212,601,548,3,551,25
2020-04-30,San Luis Obispo,079,281455,265,182,3,185,1
2020-04-30,San Mateo,081,765935,1458,1194,2,1196,52
2020-04-30,Santa Barbara,083,443738,542,490,2,492,7
2020-04-30,Santa Clara,085,1922200,2656,2172,8,2180,111
2020-04-30,Santa Cruz,087,273765,143,126,0,126,2
2020-04-30,Shasta,089,179085,39,31,0,31,4
2020-04-30,Sierra,091,2930,0,0,0,0,0
2020-04-30,Siskiyou,093,43540,5,5,0,5,0
2020-04-30,Solano,095,438530,337,262,0,262,4
2020-04-30,Sonoma,097,501317,290,233,0,233,3
2020-04-30,Stanislaus,099,539301,466,378,4,382,7
2020-04-30,Sutter,101,95872,31,28,0,28,2
2020-04-30,Tehama,103,63373,1,1,0,1,1
2020-04-30,Trinity,105,12862,1,0,0,0,0
2020-04-30,Tulare,107,460477,1130,637,6,643,31
2020-04-30,Tuolumne,109,53932,3,3,0,3,0
2020-04-30,Ventura,111,848112,721,547,1,548,18
2020-04-30,Yolo,113,214977,188,164,0,164,16
2020-04-30,Yuba,115,75493,19,15,0,15,1
2020-04-29,Alameda,001,1643700,1925,1564,2,1566,60
2020-04-29,Alpine,003,1148,1,1,0,1,0
2020-04-29,Amador,005,37829,8,8,0,8,0
2020-04-29,Butte,007,227075,29,16,2,18,0
2020-04-29,Calaveras,009,45235,13,13,0,13,0
2020-04-29,Colusa,011,21464,3,3,0,3,0
2020-04-29,Contra Costa,013,1133247,1002,885,0,885,25
2020-04-29,Del Norte,015,27424,4,3,0,3,0
2020-04-29,El Dorado,017,186661,62,44,0,44,0
2020-04-29,Fresno,019,978130,1112,544,11,555,7
2020-04-29,Glenn,021,27897,7,4,0,4,0
2020-04-29,Humboldt,023,135768,60,53,0,53,0
2020-04-29,Imperial,025,180216,548,300,0,300,6
2020-04-29,Inyo,027,18085,19,20,0,20,1
2020-04-29,Kern,029,883053,1207,910,1,911,6
2020-04-29,Kings,031,150075,240,80,0,80,1
2020-04-29,Lake,033,64148,9,6,0,6,0
2020-04-29,Lassen,035,31185,3,0,2,2,0
2020-04-29,Los Angeles,037,10098052,29534,22560,15,22575,1043
2020-04-29,Madera,039,155013,86,45,1,46,2
2020-04-29,Marin,041,260295,250,234,1,235,13
2020-04-29,Mariposa,043,17540,15,1,0,1,0
2020-04-29,Mendocino,045,87422,12,11,0,11,0
2020-04-29,Merced,047,269075,195,116,0,116,3
2020-04-29,Modoc,049,8938,0,0,0,0,0
2020-04-29,Mono,051,14174,31,25,0,25,1
2020-04-29,Monterey,053,433212,266,204,0,204,5
2020-04-29,Napa,055,140530,81,68,0,68,2
2020-04-29,Nevada,057,99092,41,41,1,42,1
2020-04-29,Orange,059,3164182,3797,2421,26,2447,43
2020-04-29,Placer,061,380077,176,145,0,145,8
2020-04-29,Plumas,063,18699,4,4,0,4,0
2020-04-29,Riverside,065,2383286,4876,3700,15,3715,116
2020-04-29,Sacramento,067,1510023,1124,1055,0,1055,41
2020-04-29,San Benito,069,59416,54,48,0,48,2
2020-04-29,San Bernardino,071,2135413,2584,1975,1,1976,91
2020-04-29,San Diego,073,3302833,4465,3434,0,3434,120
2020-04-29,San Francisco,075,870044,1823,1489,0,1489,23
2020-04-29,San Joaquin,077,732212,593,540,3,543,25
2020-04-29,San Luis Obispo,079,281455,263,181,3,184,1
2020-04-29,San Mateo,081,765935,1432,1170,2,1172,50
2020-04-29,Santa Barbara,083,443738,529,477,2,479,7
2020-04-29,Santa Clara,085,1922200,2629,2147,8,2155,108
2020-04-29,Santa Cruz,087,273765,142,124,0,124,2
2020-04-29,Shasta,089,179085,38,31,0,31,4
2020-04-29,Sierra,091,2930,0,0,0,0,0
2020-04-29,Siskiyou,093,43540,5,5,0,5,0
2020-04-29,Solano,095,438530,313,252,0,252,3
2020-04-29,Sonoma,097,501317,282,230,0,230,2
2020-04-29,Stanislaus,099,539301,453,374,4,378,5
2020-04-29,Sutter,101,95872,31,28,0,28,2
2020-04-29,Tehama,103,63373,1,1,0,1,1
2020-04-29,Trinity,105,12862,1,0,0,0,0
2020-04-29,Tulare,107,460477,1057,615,5,620,30
2020-04-29,Tuolumne,109,53932,3,4,0,4,0
2020-04-29,Ventura,111,848112,697,530,1,531,18
2020-04-29,Yolo,113,214977,185,161,0,161,11
2020-04-29,Yuba,115,75493,19,15,0,15,1
2020-04-28,Alameda,001,1643700,1868,1525,2,1527,55
2020-04-28,Alpine,003,1148,1,1,0,1,0
2020-04-28,Amador,005,37829,8,8,0,8,0
2020-04-28,Butte,007,227075,29,16,2,18,0
2020-04-28,Calaveras,009,45235,13,13,0,13,0
2020-04-28,Colusa,011,21464,3,3,0,3,0
2020-04-28,Contra Costa,013,1133247,995,866,0,866,25
2020-04-28,Del Norte,015,27424,4,3,0,3,0
2020-04-28,El Dorado,017,186661,61,43,0,43,0
2020-04-28,Fresno,019,978130,1061,525,9,534,7
2020-04-28,Glenn,021,27897,5,4,0,4,0
2020-04-28,Humboldt,023,135768,59,53,0,53,0
2020-04-28,Imperial,025,180216,515,295,0,295,6
2020-04-28,Inyo,027,18085,19,20,0,20,1
2020-04-28,Kern,029,883053,1164,882,1,883,5
2020-04-28,Kings,031,150075,227,57,0,57,1
2020-04-28,Lake,033,64148,9,6,0,6,0
2020-04-28,Lassen,035,31185,3,0,2,2,0
2020-04-28,Los Angeles,037,10098052,28470,21029,15,21044,984
2020-04-28,Madera,039,155013,86,44,1,45,2
2020-04-28,Marin,041,260295,249,228,1,229,12
2020-04-28,Mariposa,043,17540,15,0,0,0,0
2020-04-28,Mendocino,045,87422,12,10,0,10,0
2020-04-28,Merced,047,269075,188,108,0,108,3
2020-04-28,Modoc,049,8938,0,0,0,0,0
2020-04-28,Mono,051,14174,31,25,0,25,1
2020-04-28,Monterey,053,433212,260,191,0,191,5
2020-04-28,Napa,055,140530,80,67,0,67,2
2020-04-28,Nevada,057,99092,41,41,1,42,1
2020-04-28,Orange,059,3164182,3634,2324,25,2349,42
2020-04-28,Placer,061,380077,166,143,0,143,8
2020-04-28,Plumas,063,18699,4,4,0,4,0
2020-04-28,Riverside,065,2383286,4781,3504,15,3519,113
2020-04-28,Sacramento,067,1510023,1109,1044,0,1044,41
2020-04-28,San Benito,069,59416,52,46,0,46,2
2020-04-28,San Bernardino,071,2135413,2507,1891,1,1892,89
2020-04-28,San Diego,073,3302833,4335,3316,0,3316,118
2020-04-28,San Francisco,075,870044,1788,1471,0,1471,23
2020-04-28,San Joaquin,077,732212,587,532,3,535,25
2020-04-28,San Luis Obispo,079,281455,255,172,3,175,1
2020-04-28,San Mateo,081,765935,1419,1129,2,1131,48
2020-04-28,Santa Barbara,083,443738,524,469,2,471,7
2020-04-28,Santa Clara,085,1922200,2595,2130,8,2138,106
2020-04-28,Santa Cruz,087,273765,142,123,0,123,2
2020-04-28,Shasta,089,179085,38,29,0,29,4
2020-04-28,Sierra,091,2930,0,0,0,0,0
2020-04-28,Siskiyou,093,43540,5,5,0,5,0
2020-04-28,Solano,095,438530,294,246,0,246,3
2020-04-28,Sonoma,097,501317,279,226,0,226,1
2020-04-28,Stanislaus,099,539301,437,330,4,334,5
2020-04-28,Sutter,101,95872,31,25,0,25,2
2020-04-28,Tehama,103,63373,1,1,0,1,1
2020-04-28,Trinity,105,12862,1,0,0,0,0
2020-04-28,Tulare,107,460477,960,579,5,584,30
2020-04-28,Tuolumne,109,53932,3,4,0,4,0
2020-04-28,Ventura,111,848112,677,517,1,518,17
2020-04-28,Yolo,113,214977,185,160,0,160,10
2020-04-28,Yuba,115,75493,19,15,0,15,1
2020-04-27,Alameda,001,1643700,1808,1494,2,1496,53
2020-04-27,Alpine,003,1148,1,1,0,1,0
2020-04-27,Amador,005,37829,8,8,0,8,0
2020-04-27,Butte,007,227075,28,16,2,18,0
2020-04-27,Calaveras,009,45235,13,13,0,13,0
2020-04-27,Colusa,011,21464,3,3,0,3,0
2020-04-27,Contra Costa,013,1133247,983,843,0,843,25
2020-04-27,Del Norte,015,27424,4,3,0,3,0
2020-04-27,El Dorado,017,186661,60,43,0,43,0
2020-04-27,Fresno,019,978130,958,504,8,512,7
2020-04-27,Glenn,021,27897,5,4,0,4,0
2020-04-27,Humboldt,023,135768,59,52,0,52,0
2020-04-27,Imperial,025,180216,485,290,0,290,6
2020-04-27,Inyo,027,18085,19,20,0,20,1
2020-04-27,Kern,029,883053,1125,865,1,866,4
2020-04-27,Kings,031,150075,204,48,0,48,1
2020-04-27,Lake,033,64148,8,6,0,6,0
2020-04-27,Lassen,035,31185,3,0,2,2,0
2020-04-27,Los Angeles,037,10098052,27450,20456,15,20471,931
2020-04-27,Madera,039,155013,84,42,1,43,2
2020-04-27,Marin,041,260295,244,227,1,228,12
2020-04-27,Mariposa,043,17540,14,0,0,0,0
2020-04-27,Mendocino,045,87422,12,10,0,10,0
2020-04-27,Merced,047,269075,185,108,0,108,3
2020-04-27,Modoc,049,8938,0,0,0,0,0
2020-04-27,Mono,051,14174,31,23,0,23,1
2020-04-27,Monterey,053,433212,253,185,0,185,4
2020-04-27,Napa,055,140530,77,64,0,64,2
2020-04-27,Nevada,057,99092,41,39,1,40,1
2020-04-27,Orange,059,3164182,3465,2198,25,2223,42
2020-04-27,Placer,061,380077,166,142,0,142,8
2020-04-27,Plumas,063,18699,4,4,0,4,0
2020-04-27,Riverside,065,2383286,4658,3381,15,3396,100
2020-04-27,Sacramento,067,1510023,1094,1035,0,1035,41
2020-04-27,San Benito,069,59416,50,45,0,45,2
2020-04-27,San Bernardino,071,2135413,2393,1742,1,1743,82
2020-04-27,San Diego,073,3302833,4209,3143,0,3143,113
2020-04-27,San Francisco,075,870044,1734,1453,0,1453,23
2020-04-27,San Joaquin,077,732212,581,522,3,525,25
2020-04-27,San Luis Obispo,079,281455,247,166,3,169,1
2020-04-27,San Mateo,081,765935,1397,1092,2,1094,46
2020-04-27,Santa Barbara,083,443738,516,466,2,468,7
2020-04-27,Santa Clara,085,1922200,2570,2104,7,2111,105
2020-04-27,Santa Cruz,087,273765,142,123,0,123,2
2020-04-27,Shasta,089,179085,38,29,0,29,4
2020-04-27,Sierra,091,2930,0,0,0,0,0
2020-04-27,Siskiyou,093,43540,5,5,0,5,0
2020-04-27,Solano,095,438530,294,222,0,222,3
2020-04-27,Sonoma,097,501317,270,220,0,220,1
2020-04-27,Stanislaus,099,539301,421,316,4,320,5
2020-04-27,Sutter,101,95872,29,26,0,26,2
2020-04-27,Tehama,103,63373,1,1,0,1,1
2020-04-27,Trinity,105,12862,1,0,0,0,0
2020-04-27,Tulare,107,460477,889,535,5,540,28
2020-04-27,Tuolumne,109,53932,3,3,0,3,0
2020-04-27,Ventura,111,848112,658,513,1,514,17
2020-04-27,Yolo,113,214977,182,160,0,160,9
2020-04-27,Yuba,115,75493,19,15,0,15,1
2020-04-26,Alameda,001,1643700,1747,1449,2,1451,52
2020-04-26,Alpine,003,1148,1,1,0,1,0
2020-04-26,Amador,005,37829,8,8,0,8,0
2020-04-26,Butte,007,227075,28,16,2,18,0
2020-04-26,Calaveras,009,45235,13,13,0,13,0
2020-04-26,Colusa,011,21464,3,3,0,3,0
2020-04-26,Contra Costa,013,1133247,967,830,0,830,25
2020-04-26,Del Norte,015,27424,3,3,0,3,0
2020-04-26,El Dorado,017,186661,58,41,0,41,0
2020-04-26,Fresno,019,978130,864,476,7,483,7
2020-04-26,Glenn,021,27897,5,4,0,4,0
2020-04-26,Humboldt,023,135768,59,53,0,53,0
2020-04-26,Imperial,025,180216,450,272,0,272,6
2020-04-26,Inyo,027,18085,19,20,0,20,1
2020-04-26,Kern,029,883053,1075,831,1,832,4
2020-04-26,Kings,031,150075,179,33,0,33,1
2020-04-26,Lake,033,64148,8,6,0,6,0
2020-04-26,Lassen,035,31185,3,0,2,2,0
2020-04-26,Los Angeles,037,10098052,26295,19570,15,19585,901
2020-04-26,Madera,039,155013,82,39,1,40,2
2020-04-26,Marin,041,260295,238,225,1,226,12
2020-04-26,Mariposa,043,17540,14,0,0,0,0
2020-04-26,Mendocino,045,87422,12,5,0,5,0
2020-04-26,Merced,047,269075,169,104,0,104,3
2020-04-26,Modoc,049,8938,0,0,0,0,0
2020-04-26,Mono,051,14174,31,23,0,23,1
2020-04-26,Monterey,053,433212,246,182,0,182,4
2020-04-26,Napa,055,140530,76,62,0,62,2
2020-04-26,Nevada,057,99092,41,37,1,38,1
2020-04-26,Orange,059,3164182,3300,2124,25,2149,40
2020-04-26,Placer,061,380077,165,141,0,141,8
2020-04-26,Plumas,063,18699,4,4,0,4,0
2020-04-26,Riverside,065,2383286,4515,3301,15,3316,95
2020-04-26,Sacramento,067,1510023,1085,1027,0,1027,41
2020-04-26,San Benito,069,59416,50,45,0,45,2
2020-04-26,San Bernardino,071,2135413,2297,1681,1,1682,82
2020-04-26,San Diego,073,3302833,4067,3045,0,3045,111
2020-04-26,San Francisco,075,870044,1695,1403,0,1403,23
2020-04-26,San Joaquin,077,732212,573,514,3,517,25
2020-04-26,San Luis Obispo,079,281455,244,165,3,168,1
2020-04-26,San Mateo,081,765935,1371,1070,2,1072,46
2020-04-26,Santa Barbara,083,443738,509,464,2,466,7
2020-04-26,Santa Clara,085,1922200,2547,2097,6,2103,102
2020-04-26,Santa Cruz,087,273765,142,116,0,116,2
2020-04-26,Shasta,089,179085,35,29,0,29,4
2020-04-26,Sierra,091,2930,0,0,0,0,0
2020-04-26,Siskiyou,093,43540,5,5,0,5,0
2020-04-26,Solano,095,438530,285,205,0,205,3
2020-04-26,Sonoma,097,501317,259,216,0,216,1
2020-04-26,Stanislaus,099,539301,406,294,4,298,4
2020-04-26,Sutter,101,95872,29,26,0,26,2
2020-04-26,Tehama,103,63373,1,1,0,1,1
2020-04-26,Trinity,105,12862,1,0,0,0,0
2020-04-26,Tulare,107,460477,830,497,5,502,28
2020-04-26,Tuolumne,109,53932,3,3,0,3,0
2020-04-26,Ventura,111,848112,640,509,1,510,17
2020-04-26,Yolo,113,214977,181,158,0,158,8
2020-04-26,Yuba,115,75493,18,15,0,15,1
2020-04-25,Alameda,001,1643700,1722,1396,2,1398,52
2020-04-25,Alpine,003,1148,1,1,0,1,0
2020-04-25,Amador,005,37829,8,8,0,8,0
2020-04-25,Butte,007,227075,27,16,2,18,0
2020-04-25,Calaveras,009,45235,13,12,0,12,0
2020-04-25,Colusa,011,21464,3,3,0,3,0
2020-04-25,Contra Costa,013,1133247,953,821,0,821,24
2020-04-25,Del Norte,015,27424,2,2,0,2,0
2020-04-25,El Dorado,017,186661,57,41,0,41,0
2020-04-25,Fresno,019,978130,832,459,6,465,7
2020-04-25,Glenn,021,27897,5,4,0,4,0
2020-04-25,Humboldt,023,135768,59,53,0,53,0
2020-04-25,Imperial,025,180216,433,232,0,232,6
2020-04-25,Inyo,027,18085,19,20,0,20,1
2020-04-25,Kern,029,883053,1044,802,1,803,4
2020-04-25,Kings,031,150075,167,33,0,33,1
2020-04-25,Lake,033,64148,6,6,0,6,0
2020-04-25,Lassen,035,31185,3,0,2,2,0
2020-04-25,Los Angeles,037,10098052,25662,19144,15,19159,881
2020-04-25,Madera,039,155013,79,39,1,40,2
2020-04-25,Marin,041,260295,238,215,1,216,12
2020-04-25,Mariposa,043,17540,14,0,0,0,0
2020-04-25,Mendocino,045,87422,11,5,0,5,0
2020-04-25,Merced,047,269075,167,103,0,103,3
2020-04-25,Modoc,049,8938,0,0,0,0,0
2020-04-25,Mono,051,14174,31,23,0,23,1
2020-04-25,Monterey,053,433212,244,173,0,173,4
2020-04-25,Napa,055,140530,76,60,0,60,2
2020-04-25,Nevada,057,99092,41,37,1,38,1
2020-04-25,Orange,059,3164182,3192,2047,25,2072,40
2020-04-25,Placer,061,380077,165,137,0,137,8
2020-04-25,Plumas,063,18699,4,4,0,4,0
2020-04-25,Riverside,065,2383286,4425,3037,15,3052,93
2020-04-25,Sacramento,067,1510023,1083,1015,0,1015,41
2020-04-25,San Benito,069,59416,50,45,0,45,2
2020-04-25,San Bernardino,071,2135413,2251,1675,1,1676,82
2020-04-25,San Diego,073,3302833,3966,2945,0,2945,111
2020-04-25,San Francisco,075,870044,1670,1341,0,1341,22
2020-04-25,San Joaquin,077,732212,566,497,3,500,24
2020-04-25,San Luis Obispo,079,281455,243,159,3,162,1
2020-04-25,San Mateo,081,765935,1353,1054,2,1056,46
2020-04-25,Santa Barbara,083,443738,502,457,2,459,7
2020-04-25,Santa Clara,085,1922200,2525,2045,5,2050,99
2020-04-25,Santa Cruz,087,273765,142,112,0,112,2
2020-04-25,Shasta,089,179085,35,29,0,29,4
2020-04-25,Sierra,091,2930,0,0,0,0,0
2020-04-25,Siskiyou,093,43540,5,5,0,5,0
2020-04-25,Solano,095,438530,281,203,0,203,3
2020-04-25,Sonoma,097,501317,254,199,0,199,1
2020-04-25,Stanislaus,099,539301,398,276,4,280,4
2020-04-25,Sutter,101,95872,29,24,0,24,2
2020-04-25,Tehama,103,63373,1,1,0,1,1
2020-04-25,Trinity,105,12862,0,0,0,0,0
2020-04-25,Tulare,107,460477,797,478,5,483,28
2020-04-25,Tuolumne,109,53932,3,2,0,2,0
2020-04-25,Ventura,111,848112,626,494,1,495,16
2020-04-25,Yolo,113,214977,181,157,0,157,8
2020-04-25,Yuba,115,75493,17,15,0,15,1
2020-04-24,Alameda,001,1643700,1691,1385,2,1387,50
2020-04-24,Alpine,003,1148,1,1,0,1,0
2020-04-24,Amador,005,37829,8,8,0,8,0
2020-04-24,Butte,007,227075,26,15,2,17,0
2020-04-24,Calaveras,009,45235,13,12,0,12,0
2020-04-24,Colusa,011,21464,3,3,0,3,0
2020-04-24,Contra Costa,013,1133247,944,806,0,806,23
2020-04-24,Del Norte,015,27424,2,2,0,2,0
2020-04-24,El Dorado,017,186661,56,41,0,41,0
2020-04-24,Fresno,019,978130,809,449,6,455,7
2020-04-24,Glenn,021,27897,5,4,0,4,0
2020-04-24,Humboldt,023,135768,59,53,0,53,0
2020-04-24,Imperial,025,180216,416,232,0,232,6
2020-04-24,Inyo,027,18085,19,20,0,20,0
2020-04-24,Kern,029,883053,1020,770,1,771,4
2020-04-24,Kings,031,150075,138,30,0,30,1
2020-04-24,Lake,033,64148,6,6,0,6,0
2020-04-24,Lassen,035,31185,3,0,2,2,0
2020-04-24,Los Angeles,037,10098052,24732,18553,15,18568,836
2020-04-24,Madera,039,155013,79,39,1,40,2
2020-04-24,Marin,041,260295,238,211,1,212,11
2020-04-24,Mariposa,043,17540,8,0,0,0,0
2020-04-24,Mendocino,045,87422,11,5,0,5,0
2020-04-24,Merced,047,269075,164,102,0,102,3
2020-04-24,Modoc,049,8938,0,0,0,0,0
2020-04-24,Mono,051,14174,30,23,0,23,1
2020-04-24,Monterey,053,433212,237,167,0,167,4
2020-04-24,Napa,055,140530,75,59,0,59,2
2020-04-24,Nevada,057,99092,41,36,1,37,1
2020-04-24,Orange,059,3164182,3085,1945,25,1970,39
2020-04-24,Placer,061,380077,163,137,0,137,8
2020-04-24,Plumas,063,18699,4,4,0,4,0
2020-04-24,Riverside,065,2383286,4344,3044,15,3059,87
2020-04-24,Sacramento,067,1510023,1077,1009,0,1009,41
2020-04-24,San Benito,069,59416,50,45,0,45,2
2020-04-24,San Bernardino,071,2135413,2216,1667,1,1668,80
2020-04-24,San Diego,073,3302833,3855,2828,0,2828,102
2020-04-24,San Francisco,075,870044,1612,1345,0,1345,22
2020-04-24,San Joaquin,077,732212,559,484,3,487,24
2020-04-24,San Luis Obispo,079,281455,240,151,3,154,1
2020-04-24,San Mateo,081,765935,1330,1004,2,1006,43
2020-04-24,Santa Barbara,083,443738,496,450,2,452,6
2020-04-24,Santa Clara,085,1922200,2483,2026,5,2031,98
2020-04-24,Santa Cruz,087,273765,138,111,0,111,2
2020-04-24,Shasta,089,179085,35,28,0,28,4
2020-04-24,Sierra,091,2930,0,0,0,0,0
2020-04-24,Siskiyou,093,43540,5,5,0,5,0
2020-04-24,Solano,095,438530,279,203,0,203,3
2020-04-24,Sonoma,097,501317,250,199,0,199,1
2020-04-24,Stanislaus,099,539301,395,273,4,277,4
2020-04-24,Sutter,101,95872,28,24,0,24,2
2020-04-24,Tehama,103,63373,1,1,0,1,1
2020-04-24,Trinity,105,12862,0,0,0,0,0
2020-04-24,Tulare,107,460477,769,459,5,464,27
2020-04-24,Tuolumne,109,53932,3,2,0,2,0
2020-04-24,Ventura,111,848112,616,489,1,490,16
2020-04-24,Yolo,113,214977,180,155,0,155,8
2020-04-24,Yuba,115,75493,16,15,0,15,1
2020-04-23,Alameda,001,1643700,1653,1336,2,1338,46
2020-04-23,Alpine,003,1148,1,1,0,1,0
2020-04-23,Amador,005,37829,8,8,0,8,0
2020-04-23,Butte,007,227075,26,15,2,17,0
2020-04-23,Calaveras,009,45235,13,12,0,12,0
2020-04-23,Colusa,011,21464,3,3,0,3,0
2020-04-23,Contra Costa,013,1133247,923,786,0,786,23
2020-04-23,Del Norte,015,27424,2,2,0,2,0
2020-04-23,El Dorado,017,186661,55,39,0,39,0
2020-04-23,Fresno,019,978130,771,426,6,432,7
2020-04-23,Glenn,021,27897,5,3,0,3,0
2020-04-23,Humboldt,023,135768,59,53,0,53,0
2020-04-23,Imperial,025,180216,395,181,0,181,4
2020-04-23,Inyo,027,18085,19,19,0,19,0
2020-04-23,Kern,029,883053,972,732,1,733,4
2020-04-23,Kings,031,150075,123,28,0,28,1
2020-04-23,Lake,033,64148,6,6,0,6,0
2020-04-23,Lassen,035,31185,3,0,2,2,0
2020-04-23,Los Angeles,037,10098052,23670,17548,14,17562,784
2020-04-23,Madera,039,155013,77,37,1,38,2
2020-04-23,Marin,041,260295,225,209,1,210,11
2020-04-23,Mariposa,043,17540,7,0,0,0,0
2020-04-23,Mendocino,045,87422,9,5,0,5,0
2020-04-23,Merced,047,269075,160,98,0,98,3
2020-04-23,Modoc,049,8938,0,0,0,0,0
2020-04-23,Mono,051,14174,30,23,0,23,1
2020-04-23,Monterey,053,433212,233,161,0,161,4
2020-04-23,Napa,055,140530,68,59,0,59,2
2020-04-23,Nevada,057,99092,41,36,1,37,1
2020-04-23,Orange,059,3164182,2906,1841,24,1865,37
2020-04-23,Placer,061,380077,160,136,0,136,8
2020-04-23,Plumas,063,18699,4,4,0,4,0
2020-04-23,Riverside,065,2383286,4230,2935,14,2949,78
2020-04-23,Sacramento,067,1510023,1065,978,0,978,41
2020-04-23,San Benito,069,59416,47,43,0,43,2
2020-04-23,San Bernardino,071,2135413,2151,1604,1,1605,79
2020-04-23,San Diego,073,3302833,3694,2645,0,2645,100
2020-04-23,San Francisco,075,870044,1587,1312,0,1312,21
2020-04-23,San Joaquin,077,732212,549,479,3,482,20
2020-04-23,San Luis Obispo,079,281455,236,146,3,149,1
2020-04-23,San Mateo,081,765935,1291,970,2,972,42
2020-04-23,Santa Barbara,083,443738,490,445,2,447,6
2020-04-23,Santa Clara,085,1922200,2448,1996,5,2001,95
2020-04-23,Santa Cruz,087,273765,137,110,0,110,2
2020-04-23,Shasta,089,179085,35,27,0,27,3
2020-04-23,Sierra,091,2930,0,0,0,0,0
2020-04-23,Siskiyou,093,43540,5,5,0,5,0
2020-04-23,Solano,095,438530,265,196,0,196,3
2020-04-23,Sonoma,097,501317,238,187,0,187,1
2020-04-23,Stanislaus,099,539301,391,254,4,258,4
2020-04-23,Sutter,101,95872,28,24,0,24,2
2020-04-23,Tehama,103,63373,1,1,0,1,1
2020-04-23,Trinity,105,12862,0,0,0,0,0
2020-04-23,Tulare,107,460477,740,440,5,445,25
2020-04-23,Tuolumne,109,53932,3,2,0,2,0
2020-04-23,Ventura,111,848112,602,479,1,480,16
2020-04-23,Yolo,113,214977,177,151,0,151,8
2020-04-23,Yuba,115,75493,16,15,0,15,1
2020-04-22,Alameda,001,1643700,1604,1275,2,1277,46
2020-04-22,Alpine,003,1148,1,1,0,1,0
2020-04-22,Amador,005,37829,8,7,0,7,0
2020-04-22,Butte,007,227075,25,15,2,17,0
2020-04-22,Calaveras,009,45235,13,12,0,12,0
2020-04-22,Colusa,011,21464,3,3,0,3,0
2020-04-22,Contra Costa,013,1133247,908,772,0,772,22
2020-04-22,Del Norte,015,27424,2,2,0,2,0
2020-04-22,El Dorado,017,186661,55,39,0,39,0
2020-04-22,Fresno,019,978130,731,388,6,394,7
2020-04-22,Glenn,021,27897,5,3,0,3,0
2020-04-22,Humboldt,023,135768,59,53,0,53,0
2020-04-22,Imperial,025,180216,384,170,0,170,3
2020-04-22,Inyo,027,18085,19,18,0,18,0
2020-04-22,Kern,029,883053,950,713,1,714,4
2020-04-22,Kings,031,150075,102,28,0,28,1
2020-04-22,Lake,033,64148,6,6,0,6,0
2020-04-22,Lassen,035,31185,3,0,2,2,0
2020-04-22,Los Angeles,037,10098052,22645,16400,14,16414,715
2020-04-22,Madera,039,155013,75,37,1,38,2
2020-04-22,Marin,041,260295,223,202,1,203,11
2020-04-22,Mariposa,043,17540,6,0,0,0,0
2020-04-22,Mendocino,045,87422,6,5,0,5,0
2020-04-22,Merced,047,269075,146,92,0,92,3
2020-04-22,Modoc,049,8938,0,0,0,0,0
2020-04-22,Mono,051,14174,29,23,0,23,1
2020-04-22,Monterey,053,433212,226,154,0,154,4
2020-04-22,Napa,055,140530,67,58,0,58,2
2020-04-22,Nevada,057,99092,41,36,1,37,1
2020-04-22,Orange,059,3164182,2812,1785,23,1808,36
2020-04-22,Placer,061,380077,158,133,0,133,8
2020-04-22,Plumas,063,18699,4,4,0,4,0
2020-04-22,Riverside,065,2383286,4126,2822,14,2836,76
2020-04-22,Sacramento,067,1510023,1060,959,0,959,36
2020-04-22,San Benito,069,59416,46,43,0,43,2
2020-04-22,San Bernardino,071,2135413,2088,1564,1,1565,74
2020-04-22,San Diego,073,3302833,3566,2493,0,2493,96
2020-04-22,San Francisco,075,870044,1550,1255,0,1255,21
2020-04-22,San Joaquin,077,732212,538,462,3,465,20
2020-04-22,San Luis Obispo,079,281455,227,142,3,145,1
2020-04-22,San Mateo,081,765935,1268,945,2,947,40
2020-04-22,Santa Barbara,083,443738,485,437,2,439,6
2020-04-22,Santa Clara,085,1922200,2432,1969,5,1974,95
2020-04-22,Santa Cruz,087,273765,133,106,0,106,2
2020-04-22,Shasta,089,179085,34,26,0,26,3
2020-04-22,Sierra,091,2930,0,0,0,0,0
2020-04-22,Siskiyou,093,43540,5,5,0,5,0
2020-04-22,Solano,095,438530,247,195,0,195,3
2020-04-22,Sonoma,097,501317,235,185,0,185,1
2020-04-22,Stanislaus,099,539301,334,247,4,251,4
2020-04-22,Sutter,101,95872,28,22,0,22,2
2020-04-22,Tehama,103,63373,1,1,0,1,1
2020-04-22,Trinity,105,12862,0,0,0,0,0
2020-04-22,Tulare,107,460477,706,425,5,430,23
2020-04-22,Tuolumne,109,53932,3,2,0,2,0
2020-04-22,Ventura,111,848112,591,465,1,466,15
2020-04-22,Yolo,113,214977,176,147,0,147,8
2020-04-22,Yuba,115,75493,16,15,0,15,1
2020-04-21,Alameda,001,1643700,1574,1234,2,1236,46
2020-04-21,Alpine,003,1148,1,1,0,1,0
2020-04-21,Amador,005,37829,8,7,0,7,0
2020-04-21,Butte,007,227075,24,15,2,17,0
2020-04-21,Calaveras,009,45235,12,12,0,12,0
2020-04-21,Colusa,011,21464,3,3,0,3,0
2020-04-21,Contra Costa,013,1133247,894,766,0,766,22
2020-04-21,Del Norte,015,27424,2,2,0,2,0
2020-04-21,El Dorado,017,186661,54,36,0,36,0
2020-04-21,Fresno,019,978130,697,372,6,378,7
2020-04-21,Glenn,021,27897,5,3,0,3,0
2020-04-21,Humboldt,023,135768,58,53,0,53,0
2020-04-21,Imperial,025,180216,364,165,0,165,2
2020-04-21,Inyo,027,18085,19,18,0,18,0
2020-04-21,Kern,029,883053,908,676,1,677,4
2020-04-21,Kings,031,150075,88,28,0,28,1
2020-04-21,Lake,033,64148,6,6,0,6,0
2020-04-21,Lassen,035,31185,3,0,2,2,0
2020-04-21,Los Angeles,037,10098052,21783,15096,14,15110,650
2020-04-21,Madera,039,155013,75,37,1,38,2
2020-04-21,Marin,041,260295,217,202,1,203,10
2020-04-21,Mariposa,043,17540,5,0,0,0,0
2020-04-21,Mendocino,045,87422,6,5,0,5,0
2020-04-21,Merced,047,269075,142,89,0,89,3
2020-04-21,Modoc,049,8938,0,0,0,0,0
2020-04-21,Mono,051,14174,29,23,0,23,1
2020-04-21,Monterey,053,433212,223,151,0,151,4
2020-04-21,Napa,055,140530,66,58,0,58,2
2020-04-21,Nevada,057,99092,41,36,1,37,1
2020-04-21,Orange,059,3164182,2689,1717,22,1739,36
2020-04-21,Placer,061,380077,156,133,0,133,8
2020-04-21,Plumas,063,18699,4,4,0,4,0
2020-04-21,Riverside,065,2383286,3994,2631,14,2645,68
2020-04-21,Sacramento,067,1510023,1050,941,0,941,33
2020-04-21,San Benito,069,59416,44,43,0,43,2
2020-04-21,San Bernardino,071,2135413,2028,1499,1,1500,71
2020-04-21,San Diego,073,3302833,3410,2436,0,2436,87
2020-04-21,San Francisco,075,870044,1520,1232,0,1232,20
2020-04-21,San Joaquin,077,732212,528,447,3,450,20
2020-04-21,San Luis Obispo,079,281455,219,134,3,137,1
2020-04-21,San Mateo,081,765935,1222,933,2,935,34
2020-04-21,Santa Barbara,083,443738,476,414,2,416,5
2020-04-21,Santa Clara,085,1922200,2382,1943,5,1948,91
2020-04-21,Santa Cruz,087,273765,131,104,0,104,2
2020-04-21,Shasta,089,179085,33,26,0,26,3
2020-04-21,Sierra,091,2930,0,0,0,0,0
2020-04-21,Siskiyou,093,43540,5,5,0,5,0
2020-04-21,Solano,095,438530,239,193,0,193,3
2020-04-21,Sonoma,097,501317,225,182,0,182,1
2020-04-21,Stanislaus,099,539301,315,235,4,239,4
2020-04-21,Sutter,101,95872,28,22,0,22,2
2020-04-21,Tehama,103,63373,1,1,0,1,1
2020-04-21,Trinity,105,12862,0,0,0,0,0
2020-04-21,Tulare,107,460477,669,410,5,415,23
2020-04-21,Tuolumne,109,53932,3,2,0,2,0
2020-04-21,Ventura,111,848112,579,455,1,456,14
2020-04-21,Yolo,113,214977,174,143,0,143,8
2020-04-21,Yuba,115,75493,16,15,0,15,1
2020-04-20,Alameda,001,1643700,1541,1181,2,1183,42
2020-04-20,Alpine,003,1148,1,1,0,1,0
2020-04-20,Amador,005,37829,8,7,0,7,0
2020-04-20,Butte,007,227075,24,15,2,17,0
2020-04-20,Calaveras,009,45235,12,12,0,12,0
2020-04-20,Colusa,011,21464,3,3,0,3,0
2020-04-20,Contra Costa,013,1133247,884,753,0,753,22
2020-04-20,Del Norte,015,27424,2,2,0,2,0
2020-04-20,El Dorado,017,186661,54,36,0,36,0
2020-04-20,Fresno,019,978130,679,356,6,362,7
2020-04-20,Glenn,021,27897,4,3,0,3,0
2020-04-20,Humboldt,023,135768,58,53,0,53,0
2020-04-20,Imperial,025,180216,345,149,0,149,2
2020-04-20,Inyo,027,18085,19,17,0,17,0
2020-04-20,Kern,029,883053,876,651,1,652,3
2020-04-20,Kings,031,150075,77,19,0,19,1
2020-04-20,Lake,033,64148,6,6,0,6,0
2020-04-20,Lassen,035,31185,3,0,2,2,0
2020-04-20,Los Angeles,037,10098052,20871,13787,14,13801,608
2020-04-20,Madera,039,155013,74,35,1,36,2
2020-04-20,Marin,041,260295,213,200,1,201,10
2020-04-20,Mariposa,043,17540,5,0,0,0,0
2020-04-20,Mendocino,045,87422,6,5,0,5,0
2020-04-20,Merced,047,269075,135,88,0,88,3
2020-04-20,Modoc,049,8938,0,0,0,0,0
2020-04-20,Mono,051,14174,29,23,0,23,1
2020-04-20,Monterey,053,433212,214,147,0,147,4
2020-04-20,Napa,055,140530,66,55,0,55,2
2020-04-20,Nevada,057,99092,41,34,1,35,1
2020-04-20,Orange,059,3164182,2605,1679,22,1701,33
2020-04-20,Placer,061,380077,155,132,0,132,8
2020-04-20,Plumas,063,18699,4,4,0,4,0
2020-04-20,Riverside,065,2383286,3869,2477,14,2491,61
2020-04-20,Sacramento,067,1510023,1040,924,0,924,32
2020-04-20,San Benito,069,59416,44,43,0,43,2
2020-04-20,San Bernardino,071,2135413,1941,1344,1,1345,63
2020-04-20,San Diego,073,3302833,3268,2327,0,2327,72
2020-04-20,San Francisco,075,870044,1488,1223,0,1223,19
2020-04-20,San Joaquin,077,732212,524,422,3,425,17
2020-04-20,San Luis Obispo,079,281455,205,132,3,135,1
2020-04-20,San Mateo,081,765935,1199,890,2,892,31
2020-04-20,Santa Barbara,083,443738,469,388,2,390,4
2020-04-20,Santa Clara,085,1922200,2351,1920,5,1925,84
2020-04-20,Santa Cruz,087,273765,129,102,0,102,2
2020-04-20,Shasta,089,179085,33,26,0,26,3
2020-04-20,Sierra,091,2930,0,0,0,0,0
2020-04-20,Siskiyou,093,43540,5,5,0,5,0
2020-04-20,Solano,095,438530,236,185,0,185,2
2020-04-20,Sonoma,097,501317,217,178,0,178,1
2020-04-20,Stanislaus,099,539301,301,228,4,232,3
2020-04-20,Sutter,101,95872,27,22,0,22,2
2020-04-20,Tehama,103,63373,1,1,0,1,1
2020-04-20,Trinity,105,12862,0,0,0,0,0
2020-04-20,Tulare,107,460477,659,401,5,406,20
2020-04-20,Tuolumne,109,53932,3,2,0,2,0
2020-04-20,Ventura,111,848112,565,426,1,427,13
2020-04-20,Yolo,113,214977,173,125,0,125,5
2020-04-20,Yuba,115,75493,16,15,0,15,1
2020-04-19,Alameda,001,1643700,1491,1134,2,1136,41
2020-04-19,Alpine,003,1148,1,1,0,1,0
2020-04-19,Amador,005,37829,7,7,0,7,0
2020-04-19,Butte,007,227075,23,15,2,17,0
2020-04-19,Calaveras,009,45235,12,12,0,12,0
2020-04-19,Colusa,011,21464,3,3,0,3,0
2020-04-19,Contra Costa,013,1133247,868,731,0,731,20
2020-04-19,Del Norte,015,27424,2,2,0,2,0
2020-04-19,El Dorado,017,186661,54,36,0,36,0
2020-04-19,Fresno,019,978130,643,326,6,332,7
2020-04-19,Glenn,021,27897,4,3,0,3,0
2020-04-19,Humboldt,023,135768,58,53,0,53,0
2020-04-19,Imperial,025,180216,318,144,0,144,2
2020-04-19,Inyo,027,18085,19,17,0,17,0
2020-04-19,Kern,029,883053,851,629,1,630,3
2020-04-19,Kings,031,150075,67,17,0,17,1
2020-04-19,Lake,033,64148,6,6,0,6,0
2020-04-19,Lassen,035,31185,3,0,2,2,0
2020-04-19,Los Angeles,037,10098052,19865,12299,14,12313,589
2020-04-19,Madera,039,155013,72,34,1,35,2
2020-04-19,Marin,041,260295,212,194,1,195,10
2020-04-19,Mariposa,043,17540,2,0,0,0,0
2020-04-19,Mendocino,045,87422,6,4,0,4,0
2020-04-19,Merced,047,269075,130,85,0,85,3
2020-04-19,Modoc,049,8938,0,0,0,0,0
2020-04-19,Mono,051,14174,29,23,0,23,1
2020-04-19,Monterey,053,433212,205,140,0,140,4
2020-04-19,Napa,055,140530,64,49,0,49,2
2020-04-19,Nevada,057,99092,40,34,1,35,1
2020-04-19,Orange,059,3164182,2508,1591,21,1612,32
2020-04-19,Placer,061,380077,154,131,0,131,8
2020-04-19,Plumas,063,18699,4,4,0,4,0
2020-04-19,Riverside,065,2383286,3726,2316,14,2330,56
2020-04-19,Sacramento,067,1510023,1013,912,0,912,32
2020-04-19,San Benito,069,59416,42,40,0,40,2
2020-04-19,San Bernardino,071,2135413,1878,1262,1,1263,58
2020-04-19,San Diego,073,3302833,3101,2270,0,2270,71
2020-04-19,San Francisco,075,870044,1455,1153,0,1153,19
2020-04-19,San Joaquin,077,732212,506,404,3,407,17
2020-04-19,San Luis Obispo,079,281455,200,132,3,135,1
2020-04-19,San Mateo,081,765935,1163,845,2,847,31
2020-04-19,Santa Barbara,083,443738,462,377,2,379,3
2020-04-19,Santa Clara,085,1922200,2306,1878,5,1883,81
2020-04-19,Santa Cruz,087,273765,126,98,0,98,2
2020-04-19,Shasta,089,179085,31,26,0,26,3
2020-04-19,Sierra,091,2930,0,0,0,0,0
2020-04-19,Siskiyou,093,43540,5,5,0,5,0
2020-04-19,Solano,095,438530,228,174,0,174,2
2020-04-19,Sonoma,097,501317,211,172,0,172,1
2020-04-19,Stanislaus,099,539301,293,221,4,225,3
2020-04-19,Sutter,101,95872,26,21,0,21,2
2020-04-19,Tehama,103,63373,1,1,0,1,1
2020-04-19,Trinity,105,12862,0,0,0,0,0
2020-04-19,Tulare,107,460477,613,391,5,396,17
2020-04-19,Tuolumne,109,53932,3,2,0,2,0
2020-04-19,Ventura,111,848112,557,418,1,419,13
2020-04-19,Yolo,113,214977,173,120,0,120,5
2020-04-19,Yuba,115,75493,16,15,0,15,1
2020-04-18,Alameda,001,1643700,1466,1085,2,1087,40
2020-04-18,Alpine,003,1148,1,1,0,1,0
2020-04-18,Amador,005,37829,7,7,0,7,0
2020-04-18,Butte,007,227075,22,15,2,17,0
2020-04-18,Calaveras,009,45235,12,12,0,12,0
2020-04-18,Colusa,011,21464,3,3,0,3,0
2020-04-18,Contra Costa,013,1133247,856,721,0,721,17
2020-04-18,Del Norte,015,27424,2,2,0,2,0
2020-04-18,El Dorado,017,186661,54,36,0,36,0
2020-04-18,Fresno,019,978130,622,319,6,325,7
2020-04-18,Glenn,021,27897,4,3,0,3,0
2020-04-18,Humboldt,023,135768,58,52,0,52,0
2020-04-18,Imperial,025,180216,309,137,0,137,2
2020-04-18,Inyo,027,18085,19,17,0,17,0
2020-04-18,Kern,029,883053,829,626,1,627,3
2020-04-18,Kings,031,150075,66,17,0,17,1
2020-04-18,Lake,033,64148,6,6,0,6,0
2020-04-18,Lassen,035,31185,3,0,2,2,0
2020-04-18,Los Angeles,037,10098052,19336,11984,14,11998,566
2020-04-18,Madera,039,155013,71,34,1,35,2
2020-04-18,Marin,041,260295,210,193,1,194,10
2020-04-18,Mariposa,043,17540,2,0,0,0,0
2020-04-18,Mendocino,045,87422,6,4,0,4,0
2020-04-18,Merced,047,269075,128,82,0,82,3
2020-04-18,Modoc,049,8938,0,0,0,0,0
2020-04-18,Mono,051,14174,29,22,0,22,1
2020-04-18,Monterey,053,433212,201,135,0,135,3
2020-04-18,Napa,055,140530,64,49,0,49,2
2020-04-18,Nevada,057,99092,39,34,1,35,1
2020-04-18,Orange,059,3164182,2444,1569,20,1589,32
2020-04-18,Placer,061,380077,152,130,0,130,8
2020-04-18,Plumas,063,18699,4,4,0,4,0
2020-04-18,Riverside,065,2383286,3651,2257,14,2271,56
2020-04-18,Sacramento,067,1510023,1001,901,0,901,32
2020-04-18,San Benito,069,59416,42,40,0,40,2
2020-04-18,San Bernardino,071,2135413,1833,1255,1,1256,58
2020-04-18,San Diego,073,3302833,2999,2215,0,2215,71
2020-04-18,San Francisco,075,870044,1416,1144,0,1144,19
2020-04-18,San Joaquin,077,732212,497,392,3,395,17
2020-04-18,San Luis Obispo,079,281455,196,129,3,132,1
2020-04-18,San Mateo,081,765935,1141,821,2,823,31
2020-04-18,Santa Barbara,083,443738,456,372,2,374,3
2020-04-18,Santa Clara,085,1922200,2273,1862,5,1867,79
2020-04-18,Santa Cruz,087,273765,124,96,0,96,2
2020-04-18,Shasta,089,179085,31,26,0,26,3
2020-04-18,Sierra,091,2930,0,0,0,0,0
2020-04-18,Siskiyou,093,43540,5,5,0,5,0
2020-04-18,Solano,095,438530,225,175,0,175,2
2020-04-18,Sonoma,097,501317,207,168,0,168,1
2020-04-18,Stanislaus,099,539301,285,216,4,220,3
2020-04-18,Sutter,101,95872,26,21,0,21,2
2020-04-18,Tehama,103,63373,1,1,0,1,1
2020-04-18,Trinity,105,12862,0,0,0,0,0
2020-04-18,Tulare,107,460477,602,385,5,390,17
2020-04-18,Tuolumne,109,53932,3,2,0,2,0
2020-04-18,Ventura,111,848112,549,416,1,417,13
2020-04-18,Yolo,113,214977,171,118,0,118,5
2020-04-18,Yuba,115,75493,16,14,0,14,1
2020-04-17,Alameda,001,1643700,1411,1043,1,1044,40
2020-04-17,Alpine,003,1148,1,1,0,1,0
2020-04-17,Amador,005,37829,7,7,0,7,0
2020-04-17,Butte,007,227075,22,15,2,17,0
2020-04-17,Calaveras,009,45235,12,11,0,11,0
2020-04-17,Colusa,011,21464,3,3,0,3,0
2020-04-17,Contra Costa,013,1133247,845,687,0,687,15
2020-04-17,Del Norte,015,27424,2,2,0,2,0
2020-04-17,El Dorado,017,186661,54,35,0,35,0
2020-04-17,Fresno,019,978130,600,315,6,321,7
2020-04-17,Glenn,021,27897,4,3,0,3,0
2020-04-17,Humboldt,023,135768,57,52,0,52,0
2020-04-17,Imperial,025,180216,300,135,0,135,2
2020-04-17,Inyo,027,18085,19,17,0,17,0
2020-04-17,Kern,029,883053,809,612,1,613,3
2020-04-17,Kings,031,150075,64,15,0,15,1
2020-04-17,Lake,033,64148,6,6,0,6,0
2020-04-17,Lassen,035,31185,3,0,2,2,0
2020-04-17,Los Angeles,037,10098052,18697,11354,14,11368,489
2020-04-17,Madera,039,155013,71,34,1,35,2
2020-04-17,Marin,041,260295,207,189,1,190,10
2020-04-17,Mariposa,043,17540,1,0,0,0,0
2020-04-17,Mendocino,045,87422,6,4,0,4,0
2020-04-17,Merced,047,269075,127,80,0,80,3
2020-04-17,Modoc,049,8938,0,0,0,0,0
2020-04-17,Mono,051,14174,29,22,0,22,1
2020-04-17,Monterey,053,433212,196,119,0,119,3
2020-04-17,Napa,055,140530,62,46,0,46,2
2020-04-17,Nevada,057,99092,38,34,1,35,1
2020-04-17,Orange,059,3164182,2393,1496,20,1516,31
2020-04-17,Placer,061,380077,152,130,0,130,8
2020-04-17,Plumas,063,18699,4,4,0,4,0
2020-04-17,Riverside,065,2383286,3524,2080,14,2094,50
2020-04-17,Sacramento,067,1510023,994,882,0,882,32
2020-04-17,San Benito,069,59416,42,38,0,38,2
2020-04-17,San Bernardino,071,2135413,1794,1229,1,1230,57
2020-04-17,San Diego,073,3302833,2909,2160,0,2160,70
2020-04-17,San Francisco,075,870044,1391,1090,0,1090,19
2020-04-17,San Joaquin,077,732212,486,356,3,359,17
2020-04-17,San Luis Obispo,079,281455,189,116,3,119,1
2020-04-17,San Mateo,081,765935,1125,768,2,770,31
2020-04-17,Santa Barbara,083,443738,451,349,2,351,3
2020-04-17,Santa Clara,085,1922200,2237,1834,5,1839,74
2020-04-17,Santa Cruz,087,273765,123,94,0,94,2
2020-04-17,Shasta,089,179085,31,26,0,26,3
2020-04-17,Sierra,091,2930,0,0,0,0,0
2020-04-17,Siskiyou,093,43540,5,5,0,5,0
2020-04-17,Solano,095,438530,224,173,0,173,2
2020-04-17,Sonoma,097,501317,204,167,0,167,1
2020-04-17,Stanislaus,099,539301,283,201,4,205,3
2020-04-17,Sutter,101,95872,26,20,0,20,2
2020-04-17,Tehama,103,63373,1,1,0,1,1
2020-04-17,Trinity,105,12862,0,0,0,0,0
2020-04-17,Tulare,107,460477,595,370,5,375,17
2020-04-17,Tuolumne,109,53932,3,2,0,2,0
2020-04-17,Ventura,111,848112,544,398,1,399,13
2020-04-17,Yolo,113,214977,170,117,0,117,5
2020-04-17,Yuba,115,75493,16,14,0,14,1
2020-04-16,Alameda,001,1643700,1378,981,1,982,39
2020-04-16,Alpine,003,1148,1,1,0,1,0
2020-04-16,Amador,005,37829,7,7,0,7,0
2020-04-16,Butte,007,227075,21,15,2,17,0
2020-04-16,Calaveras,009,45235,12,10,0,10,0
2020-04-16,Colusa,011,21464,3,3,0,3,0
2020-04-16,Contra Costa,013,1133247,831,675,0,675,14
2020-04-16,Del Norte,015,27424,2,2,0,2,0
2020-04-16,El Dorado,017,186661,53,34,0,34,0
2020-04-16,Fresno,019,978130,570,289,6,295,7
2020-04-16,Glenn,021,27897,4,3,0,3,0
2020-04-16,Humboldt,023,135768,57,47,0,47,0
2020-04-16,Imperial,025,180216,285,132,0,132,2
2020-04-16,Inyo,027,18085,17,17,0,17,0
2020-04-16,Kern,029,883053,782,587,1,588,3
2020-04-16,Kings,031,150075,60,12,0,12,1
2020-04-16,Lake,033,64148,6,6,0,6,0
2020-04-16,Lassen,035,31185,3,0,2,2,0
2020-04-16,Los Angeles,037,10098052,17805,10786,14,10800,447
2020-04-16,Madera,039,155013,69,34,1,35,2
2020-04-16,Marin,041,260295,203,170,1,171,10
2020-04-16,Mariposa,043,17540,1,1,0,1,0
2020-04-16,Mendocino,045,87422,6,4,0,4,0
2020-04-16,Merced,047,269075,121,76,0,76,3
2020-04-16,Modoc,049,8938,0,0,0,0,0
2020-04-16,Mono,051,14174,29,22,0,22,1
2020-04-16,Monterey,053,433212,193,116,0,116,3
2020-04-16,Napa,055,140530,59,44,0,44,2
2020-04-16,Nevada,057,99092,38,34,1,35,1
2020-04-16,Orange,059,3164182,2328,1439,19,1458,28
2020-04-16,Placer,061,380077,150,129,0,129,7
2020-04-16,Plumas,063,18699,4,4,0,4,0
2020-04-16,Riverside,065,2383286,3404,1913,14,1927,45
2020-04-16,Sacramento,067,1510023,986,865,0,865,32
2020-04-16,San Benito,069,59416,42,36,0,36,2
2020-04-16,San Bernardino,071,2135413,1713,1143,0,1143,54
2020-04-16,San Diego,073,3302833,2801,2089,0,2089,63
2020-04-16,San Francisco,075,870044,1347,1039,0,1039,16
2020-04-16,San Joaquin,077,732212,471,345,3,348,17
2020-04-16,San Luis Obispo,079,281455,185,113,3,116,1
2020-04-16,San Mateo,081,765935,1096,745,2,747,29
2020-04-16,Santa Barbara,083,443738,440,331,2,333,3
2020-04-16,Santa Clara,085,1922200,2200,1789,5,1794,70
2020-04-16,Santa Cruz,087,273765,121,90,0,90,2
2020-04-16,Shasta,089,179085,31,25,0,25,3
2020-04-16,Sierra,091,2930,0,0,0,0,0
2020-04-16,Siskiyou,093,43540,5,5,0,5,0
2020-04-16,Solano,095,438530,221,162,0,162,2
2020-04-16,Sonoma,097,501317,199,145,0,145,1
2020-04-16,Stanislaus,099,539301,280,185,4,189,3
2020-04-16,Sutter,101,95872,25,21,0,21,2
2020-04-16,Tehama,103,63373,1,1,0,1,1
2020-04-16,Trinity,105,12862,0,0,0,0,0
2020-04-16,Tulare,107,460477,578,305,5,310,16
2020-04-16,Tuolumne,109,53932,3,1,0,1,0
2020-04-16,Ventura,111,848112,532,384,1,385,13
2020-04-16,Yolo,113,214977,168,98,0,98,4
2020-04-16,Yuba,115,75493,15,14,0,14,1
2020-04-15,Alameda,001,1643700,1328,915,1,916,38
2020-04-15,Alpine,003,1148,1,1,0,1,0
2020-04-15,Amador,005,37829,7,7,0,7,0
2020-04-15,Butte,007,227075,21,14,2,16,0
2020-04-15,Calaveras,009,45235,11,9,0,9,0
2020-04-15,Colusa,011,21464,3,3,0,3,0
2020-04-15,Contra Costa,013,1133247,809,645,0,645,14
2020-04-15,Del Norte,015,27424,2,2,0,2,0
2020-04-15,El Dorado,017,186661,51,33,0,33,0
2020-04-15,Fresno,019,978130,544,264,6,270,7
2020-04-15,Glenn,021,27897,4,3,0,3,0
2020-04-15,Humboldt,023,135768,57,47,0,47,0
2020-04-15,Imperial,025,180216,259,115,0,115,2
2020-04-15,Inyo,027,18085,17,12,0,12,0
2020-04-15,Kern,029,883053,760,500,1,501,3
2020-04-15,Kings,031,150075,56,12,0,12,1
2020-04-15,Lake,033,64148,6,4,0,4,0
2020-04-15,Lassen,035,31185,3,0,2,2,0
2020-04-15,Los Angeles,037,10098052,16982,10416,14,10430,394
2020-04-15,Madera,039,155013,69,30,1,31,2
2020-04-15,Marin,041,260295,200,162,1,163,10
2020-04-15,Mariposa,043,17540,0,0,0,0,0
2020-04-15,Mendocino,045,87422,5,4,0,4,0
2020-04-15,Merced,047,269075,119,74,0,74,3
2020-04-15,Modoc,049,8938,0,0,0,0,0
2020-04-15,Mono,051,14174,29,22,0,22,1
2020-04-15,Monterey,053,433212,185,106,0,106,3
2020-04-15,Napa,055,140530,56,34,0,34,2
2020-04-15,Nevada,057,99092,37,34,1,35,1
2020-04-15,Orange,059,3164182,2225,1377,19,1396,24
2020-04-15,Placer,061,380077,149,123,0,123,6
2020-04-15,Plumas,063,18699,4,4,0,4,0
2020-04-15,Riverside,065,2383286,3209,1723,14,1737,42
2020-04-15,Sacramento,067,1510023,977,839,0,839,32
2020-04-15,San Benito,069,59416,42,34,0,34,2
2020-04-15,San Bernardino,071,2135413,1643,1063,0,1063,45
2020-04-15,San Diego,073,3302833,2713,2014,0,2014,60
2020-04-15,San Francisco,075,870044,1311,1006,0,1006,16
2020-04-15,San Joaquin,077,732212,463,329,3,332,17
2020-04-15,San Luis Obispo,079,281455,177,112,3,115,1
2020-04-15,San Mateo,081,765935,1047,707,2,709,28
2020-04-15,Santa Barbara,083,443738,424,317,2,319,2
2020-04-15,Santa Clara,085,1922200,2161,1692,5,1697,69
2020-04-15,Santa Cruz,087,273765,117,92,0,92,2
2020-04-15,Shasta,089,179085,31,25,0,25,3
2020-04-15,Sierra,091,2930,0,0,0,0,0
2020-04-15,Siskiyou,093,43540,5,5,0,5,0
2020-04-15,Solano,095,438530,216,153,0,153,2
2020-04-15,Sonoma,097,501317,197,140,0,140,1
2020-04-15,Stanislaus,099,539301,273,174,4,178,3
2020-04-15,Sutter,101,95872,25,19,0,19,2
2020-04-15,Tehama,103,63373,1,1,0,1,1
2020-04-15,Trinity,105,12862,0,0,0,0,0
2020-04-15,Tulare,107,460477,560,289,5,294,14
2020-04-15,Tuolumne,109,53932,3,1,0,1,0
2020-04-15,Ventura,111,848112,517,365,1,366,13
2020-04-15,Yolo,113,214977,161,93,0,93,3
2020-04-15,Yuba,115,75493,15,15,0,15,1
2020-04-14,Alameda,001,1643700,1283,843,1,844,30
2020-04-14,Alpine,003,1148,1,1,0,1,0
2020-04-14,Amador,005,37829,7,6,0,6,0
2020-04-14,Butte,007,227075,21,13,2,15,0
2020-04-14,Calaveras,009,45235,11,5,0,5,0
2020-04-14,Colusa,011,21464,3,3,0,3,0
2020-04-14,Contra Costa,013,1133247,797,617,0,617,12
2020-04-14,Del Norte,015,27424,2,2,0,2,0
2020-04-14,El Dorado,017,186661,51,30,0,30,0
2020-04-14,Fresno,019,978130,521,244,6,250,6
2020-04-14,Glenn,021,27897,4,3,0,3,0
2020-04-14,Humboldt,023,135768,57,44,0,44,0
2020-04-14,Imperial,025,180216,239,86,0,86,2
2020-04-14,Inyo,027,18085,17,12,0,12,0
2020-04-14,Kern,029,883053,736,453,1,454,3
2020-04-14,Kings,031,150075,55,12,0,12,1
2020-04-14,Lake,033,64148,6,3,0,3,0
2020-04-14,Lassen,035,31185,3,0,2,2,0
2020-04-14,Los Angeles,037,10098052,16088,9948,13,9961,357
2020-04-14,Madera,039,155013,68,29,1,30,2
2020-04-14,Marin,041,260295,196,147,1,148,9
2020-04-14,Mariposa,043,17540,0,0,0,0,0
2020-04-14,Mendocino,045,87422,5,4,0,4,0
2020-04-14,Merced,047,269075,112,61,0,61,3
2020-04-14,Modoc,049,8938,0,0,0,0,0
2020-04-14,Mono,051,14174,29,22,0,22,1
2020-04-14,Monterey,053,433212,180,98,0,98,3
2020-04-14,Napa,055,140530,56,33,0,33,2
2020-04-14,Nevada,057,99092,37,34,1,35,1
2020-04-14,Orange,059,3164182,2125,1362,19,1381,24
2020-04-14,Placer,061,380077,148,117,0,117,5
2020-04-14,Plumas,063,18699,4,3,0,3,0
2020-04-14,Riverside,065,2383286,3074,1467,14,1481,40
2020-04-14,Sacramento,067,1510023,968,737,0,737,29
2020-04-14,San Benito,069,59416,39,34,0,34,2
2020-04-14,San Bernardino,071,2135413,1588,933,0,933,37
2020-04-14,San Diego,073,3302833,2618,1932,0,1932,53
2020-04-14,San Francisco,075,870044,1257,968,0,968,14
2020-04-14,San Joaquin,077,732212,453,280,3,283,17
2020-04-14,San Luis Obispo,079,281455,174,109,3,112,1
2020-04-14,San Mateo,081,765935,1013,681,2,683,28
2020-04-14,Santa Barbara,083,443738,400,292,2,294,2
2020-04-14,Santa Clara,085,1922200,2128,1561,5,1566,63
2020-04-14,Santa Cruz,087,273765,109,84,0,84,2
2020-04-14,Shasta,089,179085,31,24,0,24,3
2020-04-14,Sierra,091,2930,0,0,0,0,0
2020-04-14,Siskiyou,093,43540,5,5,0,5,0
2020-04-14,Solano,095,438530,213,140,0,140,2
2020-04-14,Sonoma,097,501317,193,133,0,133,1
2020-04-14,Stanislaus,099,539301,260,136,4,140,3
2020-04-14,Sutter,101,95872,24,19,0,19,2
2020-04-14,Tehama,103,63373,1,1,0,1,1
2020-04-14,Trinity,105,12862,0,0,0,0,0
2020-04-14,Tulare,107,460477,536,228,5,233,12
2020-04-14,Tuolumne,109,53932,3,0,0,0,0
2020-04-14,Ventura,111,848112,504,328,1,329,11
2020-04-14,Yolo,113,214977,158,81,0,81,3
2020-04-14,Yuba,115,75493,14,14,0,14,1
2020-04-13,Alameda,001,1643700,1245,821,1,822,23
2020-04-13,Alpine,003,1148,1,1,0,1,0
2020-04-13,Amador,005,37829,7,6,0,6,0
2020-04-13,Butte,007,227075,20,13,2,15,0
2020-04-13,Calaveras,009,45235,10,5,0,5,0
2020-04-13,Colusa,011,21464,3,3,0,3,0
2020-04-13,Contra Costa,013,1133247,781,569,0,569,12
2020-04-13,Del Norte,015,27424,2,2,0,2,0
2020-04-13,El Dorado,017,186661,49,29,0,29,0
2020-04-13,Fresno,019,978130,499,205,5,210,4
2020-04-13,Glenn,021,27897,4,3,0,3,0
2020-04-13,Humboldt,023,135768,57,44,0,44,0
2020-04-13,Imperial,025,180216,221,82,0,82,2
2020-04-13,Inyo,027,18085,17,12,0,12,0
2020-04-13,Kern,029,883053,711,346,1,347,3
2020-04-13,Kings,031,150075,51,9,0,9,0
2020-04-13,Lake,033,64148,6,3,0,3,0
2020-04-13,Lassen,035,31185,3,0,2,2,0
2020-04-13,Los Angeles,037,10098052,15368,9367,13,9380,317
2020-04-13,Madera,039,155013,66,29,1,30,2
2020-04-13,Marin,041,260295,192,144,1,145,6
2020-04-13,Mariposa,043,17540,0,0,0,0,0
2020-04-13,Mendocino,045,87422,5,4,0,4,0
2020-04-13,Merced,047,269075,111,60,0,60,3
2020-04-13,Modoc,049,8938,0,0,0,0,0
2020-04-13,Mono,051,14174,29,21,0,21,1
2020-04-13,Monterey,053,433212,173,86,0,86,3
2020-04-13,Napa,055,140530,55,30,0,30,2
2020-04-13,Nevada,057,99092,37,24,1,25,1
2020-04-13,Orange,059,3164182,2053,1313,19,1332,21
2020-04-13,Placer,061,380077,147,116,0,116,5
2020-04-13,Plumas,063,18699,4,3,0,3,0
2020-04-13,Riverside,065,2383286,2933,1460,13,1473,35
2020-04-13,Sacramento,067,1510023,956,723,0,723,25
2020-04-13,San Benito,069,59416,38,33,0,33,2
2020-04-13,San Bernardino,071,2135413,1513,920,0,920,30
2020-04-13,San Diego,073,3302833,2535,1849,0,1849,47
2020-04-13,San Francisco,075,870044,1219,948,0,948,12
2020-04-13,San Joaquin,077,732212,438,255,3,258,16
2020-04-13,San Luis Obispo,079,281455,169,106,3,109,1
2020-04-13,San Mateo,081,765935,973,679,2,681,25
2020-04-13,Santa Barbara,083,443738,381,271,1,272,2
2020-04-13,Santa Clara,085,1922200,2082,1540,5,1545,58
2020-04-13,Santa Cruz,087,273765,103,82,0,82,1
2020-04-13,Shasta,089,179085,30,24,0,24,3
2020-04-13,Sierra,091,2930,0,0,0,0,0
2020-04-13,Siskiyou,093,43540,5,5,0,5,0
2020-04-13,Solano,095,438530,210,136,0,136,2
2020-04-13,Sonoma,097,501317,186,133,0,133,1
2020-04-13,Stanislaus,099,539301,254,130,4,134,1
2020-04-13,Sutter,101,95872,24,18,0,18,2
2020-04-13,Tehama,103,63373,1,1,0,1,0
2020-04-13,Trinity,105,12862,0,0,0,0,0
2020-04-13,Tulare,107,460477,500,185,5,190,11
2020-04-13,Tuolumne,109,53932,3,0,0,0,0
2020-04-13,Ventura,111,848112,483,309,0,309,9
2020-04-13,Yolo,113,214977,152,81,0,81,3
2020-04-13,Yuba,115,75493,14,13,0,13,1
2020-04-12,Alameda,001,1643700,1202,774,1,775,23
2020-04-12,Alpine,003,1148,1,1,0,1,0
2020-04-12,Amador,005,37829,7,6,0,6,0
2020-04-12,Butte,007,227075,20,13,2,15,0
2020-04-12,Calaveras,009,45235,10,5,0,5,0
2020-04-12,Colusa,011,21464,3,3,0,3,0
2020-04-12,Contra Costa,013,1133247,768,553,0,553,12
2020-04-12,Del Norte,015,27424,2,2,0,2,0
2020-04-12,El Dorado,017,186661,49,28,0,28,0
2020-04-12,Fresno,019,978130,470,205,5,210,4
2020-04-12,Glenn,021,27897,4,3,0,3,0
2020-04-12,Humboldt,023,135768,57,43,0,43,0
2020-04-12,Imperial,025,180216,198,78,0,78,2
2020-04-12,Inyo,027,18085,15,12,0,12,0
2020-04-12,Kern,029,883053,679,319,0,319,3
2020-04-12,Kings,031,150075,49,9,0,9,0
2020-04-12,Lake,033,64148,6,3,0,3,0
2020-04-12,Lassen,035,31185,3,0,2,2,0
2020-04-12,Los Angeles,037,10098052,14648,9133,13,9146,294
2020-04-12,Madera,039,155013,65,29,1,30,2
2020-04-12,Marin,041,260295,181,138,1,139,6
2020-04-12,Mariposa,043,17540,0,0,0,0,0
2020-04-12,Mendocino,045,87422,5,4,0,4,0
2020-04-12,Merced,047,269075,107,58,0,58,3
2020-04-12,Modoc,049,8938,0,0,0,0,0
2020-04-12,Mono,051,14174,29,20,0,20,1
2020-04-12,Monterey,053,433212,159,85,0,85,3
2020-04-12,Napa,055,140530,53,29,0,29,2
2020-04-12,Nevada,057,99092,37,24,1,25,1
2020-04-12,Orange,059,3164182,1993,1283,18,1301,21
2020-04-12,Placer,061,380077,146,114,0,114,4
2020-04-12,Plumas,063,18699,4,3,0,3,0
2020-04-12,Riverside,065,2383286,2751,1330,13,1343,34
2020-04-12,Sacramento,067,1510023,919,689,0,689,25
2020-04-12,San Benito,069,59416,36,33,0,33,2
2020-04-12,San Bernardino,071,2135413,1437,827,0,827,30
2020-04-12,San Diego,073,3302833,2445,1806,0,1806,45
2020-04-12,San Francisco,075,870044,1192,886,0,886,11
2020-04-12,San Joaquin,077,732212,420,246,3,249,15
2020-04-12,San Luis Obispo,079,281455,166,102,2,104,1
2020-04-12,San Mateo,081,765935,947,664,2,666,25
2020-04-12,Santa Barbara,083,443738,362,261,1,262,2
2020-04-12,Santa Clara,085,1922200,2054,1461,5,1466,53
2020-04-12,Santa Cruz,087,273765,102,80,0,80,1
2020-04-12,Shasta,089,179085,30,24,0,24,3
2020-04-12,Sierra,091,2930,0,0,0,0,0
2020-04-12,Siskiyou,093,43540,5,5,0,5,0
2020-04-12,Solano,095,438530,204,136,0,136,2
2020-04-12,Sonoma,097,501317,183,131,0,131,1
2020-04-12,Stanislaus,099,539301,246,117,4,121,1
2020-04-12,Sutter,101,95872,23,18,0,18,2
2020-04-12,Tehama,103,63373,1,1,0,1,0
2020-04-12,Trinity,105,12862,0,0,0,0,0
2020-04-12,Tulare,107,460477,488,166,5,171,11
2020-04-12,Tuolumne,109,53932,3,0,0,0,0
2020-04-12,Ventura,111,848112,473,306,0,306,9
2020-04-12,Yolo,113,214977,138,67,0,67,3
2020-04-12,Yuba,115,75493,14,13,0,13,1
2020-04-11,Alameda,001,1643700,1160,751,1,752,23
2020-04-11,Alpine,003,1148,1,1,0,1,0
2020-04-11,Amador,005,37829,7,6,0,6,0
2020-04-11,Butte,007,227075,20,13,2,15,0
2020-04-11,Calaveras,009,45235,10,5,0,5,0
2020-04-11,Colusa,011,21464,3,3,0,3,0
2020-04-11,Contra Costa,013,1133247,759,550,0,550,12
2020-04-11,Del Norte,015,27424,2,2,0,2,0
2020-04-11,El Dorado,017,186661,48,29,0,29,0
2020-04-11,Fresno,019,978130,460,201,5,206,4
2020-04-11,Glenn,021,27897,4,3,0,3,0
2020-04-11,Humboldt,023,135768,57,38,0,38,0
2020-04-11,Imperial,025,180216,188,78,0,78,2
2020-04-11,Inyo,027,18085,15,12,0,12,0
2020-04-11,Kern,029,883053,651,304,0,304,3
2020-04-11,Kings,031,150075,46,9,0,9,0
2020-04-11,Lake,033,64148,6,3,0,3,0
2020-04-11,Lassen,035,31185,3,0,2,2,0
2020-04-11,Los Angeles,037,10098052,14173,8823,13,8836,262
2020-04-11,Madera,039,155013,64,29,1,30,2
2020-04-11,Marin,041,260295,178,136,1,137,6
2020-04-11,Mariposa,043,17540,0,0,0,0,0
2020-04-11,Mendocino,045,87422,5,4,0,4,0
2020-04-11,Merced,047,269075,104,59,0,59,3
2020-04-11,Modoc,049,8938,0,0,0,0,0
2020-04-11,Mono,051,14174,29,20,0,20,1
2020-04-11,Monterey,053,433212,153,78,0,78,3
2020-04-11,Napa,055,140530,53,29,0,29,2
2020-04-11,Nevada,057,99092,37,24,1,25,1
2020-04-11,Orange,059,3164182,1931,1267,18,1285,21
2020-04-11,Placer,061,380077,146,113,0,113,4
2020-04-11,Plumas,063,18699,4,3,0,3,0
2020-04-11,Riverside,065,2383286,2672,1260,13,1273,33
2020-04-11,Sacramento,067,1510023,908,685,0,685,25
2020-04-11,San Benito,069,59416,36,33,0,33,2
2020-04-11,San Bernardino,071,2135413,1401,826,0,826,28
2020-04-11,San Diego,073,3302833,2379,1763,0,1763,45
2020-04-11,San Francisco,075,870044,1170,860,0,860,11
2020-04-11,San Joaquin,077,732212,415,244,3,247,15
2020-04-11,San Luis Obispo,079,281455,166,100,1,101,1
2020-04-11,San Mateo,081,765935,935,662,2,664,25
2020-04-11,Santa Barbara,083,443738,354,258,1,259,2
2020-04-11,Santa Clara,085,1922200,1995,1441,5,1446,51
2020-04-11,Santa Cruz,087,273765,102,79,0,79,1
2020-04-11,Shasta,089,179085,30,24,0,24,3
2020-04-11,Sierra,091,2930,0,0,0,0,0
2020-04-11,Siskiyou,093,43540,5,5,0,5,0
2020-04-11,Solano,095,438530,200,138,0,138,2
2020-04-11,Sonoma,097,501317,181,131,0,131,1
2020-04-11,Stanislaus,099,539301,238,119,3,122,1
2020-04-11,Sutter,101,95872,23,18,0,18,2
2020-04-11,Tehama,103,63373,1,1,0,1,0
2020-04-11,Trinity,105,12862,0,0,0,0,0
2020-04-11,Tulare,107,460477,466,168,5,173,10
2020-04-11,Tuolumne,109,53932,3,0,0,0,0
2020-04-11,Ventura,111,848112,463,304,0,304,9
2020-04-11,Yolo,113,214977,135,67,0,67,3
2020-04-11,Yuba,115,75493,14,13,0,13,1
2020-04-10,Alameda,001,1643700,1119,706,1,707,21
2020-04-10,Alpine,003,1148,1,1,0,1,0
2020-04-10,Amador,005,37829,7,5,0,5,0
2020-04-10,Butte,007,227075,20,13,2,15,0
2020-04-10,Calaveras,009,45235,10,5,0,5,0
2020-04-10,Colusa,011,21464,3,3,0,3,0
2020-04-10,Contra Costa,013,1133247,746,537,0,537,10
2020-04-10,Del Norte,015,27424,2,2,0,2,0
2020-04-10,El Dorado,017,186661,48,26,0,26,0
2020-04-10,Fresno,019,978130,453,186,4,190,3
2020-04-10,Glenn,021,27897,4,3,0,3,0
2020-04-10,Humboldt,023,135768,57,36,0,36,0
2020-04-10,Imperial,025,180216,181,70,0,70,2
2020-04-10,Inyo,027,18085,13,11,0,11,0
2020-04-10,Kern,029,883053,627,272,0,272,3
2020-04-10,Kings,031,150075,43,7,0,7,0
2020-04-10,Lake,033,64148,6,3,0,3,0
2020-04-10,Lassen,035,31185,3,0,2,2,0
2020-04-10,Los Angeles,037,10098052,13656,8384,12,8396,239
2020-04-10,Madera,039,155013,63,29,1,30,2
2020-04-10,Marin,041,260295,173,128,1,129,6
2020-04-10,Mariposa,043,17540,0,0,0,0,0
2020-04-10,Mendocino,045,87422,5,4,0,4,0
2020-04-10,Merced,047,269075,102,56,0,56,3
2020-04-10,Modoc,049,8938,0,0,0,0,0
2020-04-10,Mono,051,14174,29,20,0,20,1
2020-04-10,Monterey,053,433212,142,78,0,78,3
2020-04-10,Napa,055,140530,50,28,0,28,2
2020-04-10,Nevada,057,99092,37,23,1,24,1
2020-04-10,Orange,059,3164182,1884,1167,18,1185,21
2020-04-10,Placer,061,380077,145,112,0,112,4
2020-04-10,Plumas,063,18699,4,3,0,3,0
2020-04-10,Riverside,065,2383286,2606,1162,13,1175,30
2020-04-10,Sacramento,067,1510023,899,642,0,642,24
2020-04-10,San Benito,069,59416,36,32,0,32,2
2020-04-10,San Bernardino,071,2135413,1353,779,0,779,27
2020-04-10,San Diego,073,3302833,2319,1695,0,1695,44
2020-04-10,San Francisco,075,870044,1139,797,0,797,10
2020-04-10,San Joaquin,077,732212,403,234,3,237,14
2020-04-10,San Luis Obispo,079,281455,166,97,1,98,1
2020-04-10,San Mateo,081,765935,919,642,2,644,24
2020-04-10,Santa Barbara,083,443738,346,254,1,255,2
2020-04-10,Santa Clara,085,1922200,1943,1351,5,1356,50
2020-04-10,Santa Cruz,087,273765,101,75,0,75,1
2020-04-10,Shasta,089,179085,30,24,0,24,3
2020-04-10,Sierra,091,2930,0,0,0,0,0
2020-04-10,Siskiyou,093,43540,5,5,0,5,0
2020-04-10,Solano,095,438530,197,129,0,129,2
2020-04-10,Sonoma,097,501317,180,129,0,129,1
2020-04-10,Stanislaus,099,539301,231,101,3,104,0
2020-04-10,Sutter,101,95872,23,18,0,18,2
2020-04-10,Tehama,103,63373,1,1,0,1,0
2020-04-10,Trinity,105,12862,0,0,0,0,0
2020-04-10,Tulare,107,460477,424,163,5,168,10
2020-04-10,Tuolumne,109,53932,3,0,0,0,0
2020-04-10,Ventura,111,848112,454,290,0,290,9
2020-04-10,Yolo,113,214977,133,62,0,62,3
2020-04-10,Yuba,115,75493,14,13,0,13,1
2020-04-09,Alameda,001,1643700,1069,641,1,642,17
2020-04-09,Alpine,003,1148,1,1,0,1,0
2020-04-09,Amador,005,37829,7,2,0,2,0
2020-04-09,Butte,007,227075,20,12,2,14,0
2020-04-09,Calaveras,009,45235,10,5,0,5,0
2020-04-09,Colusa,011,21464,3,3,0,3,0
2020-04-09,Contra Costa,013,1133247,703,505,0,505,7
2020-04-09,Del Norte,015,27424,2,2,0,2,0
2020-04-09,El Dorado,017,186661,47,25,0,25,0
2020-04-09,Fresno,019,978130,428,165,4,169,3
2020-04-09,Glenn,021,27897,4,2,0,2,0
2020-04-09,Humboldt,023,135768,57,36,0,36,0
2020-04-09,Imperial,025,180216,160,67,0,67,2
2020-04-09,Inyo,027,18085,12,11,0,11,0
2020-04-09,Kern,029,883053,591,241,0,241,2
2020-04-09,Kings,031,150075,40,5,0,5,0
2020-04-09,Lake,033,64148,5,1,0,1,0
2020-04-09,Lassen,035,31185,3,0,2,2,0
2020-04-09,Los Angeles,037,10098052,13025,7919,12,7931,220
2020-04-09,Madera,039,155013,63,28,1,29,2
2020-04-09,Marin,041,260295,171,126,1,127,7
2020-04-09,Mariposa,043,17540,0,0,0,0,0
2020-04-09,Mendocino,045,87422,5,4,0,4,0
2020-04-09,Merced,047,269075,99,41,0,41,3
2020-04-09,Modoc,049,8938,0,0,0,0,0
2020-04-09,Mono,051,14174,29,19,0,19,1
2020-04-09,Monterey,053,433212,124,70,0,70,3
2020-04-09,Napa,055,140530,46,27,0,27,2
2020-04-09,Nevada,057,99092,36,23,1,24,1
2020-04-09,Orange,059,3164182,1810,1105,18,1123,19
2020-04-09,Placer,061,380077,144,107,0,107,4
2020-04-09,Plumas,063,18699,4,3,0,3,0
2020-04-09,Riverside,065,2383286,2463,1083,13,1096,29
2020-04-09,Sacramento,067,1510023,876,601,0,601,21
2020-04-09,San Benito,069,59416,36,32,0,32,2
2020-04-09,San Bernardino,071,2135413,1284,717,0,717,27
2020-04-09,San Diego,073,3302833,2223,1630,0,1630,40
2020-04-09,San Francisco,075,870044,1119,748,0,748,8
2020-04-09,San Joaquin,077,732212,382,223,3,226,14
2020-04-09,San Luis Obispo,079,281455,158,93,1,94,1
2020-04-09,San Mateo,081,765935,903,630,2,632,23
2020-04-09,Santa Barbara,083,443738,336,232,1,233,2
2020-04-09,Santa Clara,085,1922200,1873,1301,5,1306,49
2020-04-09,Santa Cruz,087,273765,101,73,0,73,1
2020-04-09,Shasta,089,179085,30,22,0,22,3
2020-04-09,Sierra,091,2930,0,0,0,0,0
2020-04-09,Siskiyou,093,43540,5,4,0,4,0
2020-04-09,Solano,095,438530,188,118,0,118,2
2020-04-09,Sonoma,097,501317,176,113,0,113,1
2020-04-09,Stanislaus,099,539301,219,93,3,96,0
2020-04-09,Sutter,101,95872,23,17,0,17,2
2020-04-09,Tehama,103,63373,1,1,0,1,0
2020-04-09,Trinity,105,12862,0,0,0,0,0
2020-04-09,Tulare,107,460477,395,147,5,152,9
2020-04-09,Tuolumne,109,53932,3,0,0,0,0
2020-04-09,Ventura,111,848112,435,273,0,273,9
2020-04-09,Yolo,113,214977,124,59,0,59,3
2020-04-09,Yuba,115,75493,14,13,0,13,0
2020-04-08,Alameda,001,1643700,1027,594,1,595,15
2020-04-08,Alpine,003,1148,1,1,0,1,0
2020-04-08,Amador,005,37829,7,2,0,2,0
2020-04-08,Butte,007,227075,19,11,2,13,0
2020-04-08,Calaveras,009,45235,10,5,0,5,0
2020-04-08,Colusa,011,21464,3,3,0,3,0
2020-04-08,Contra Costa,013,1133247,690,481,0,481,7
2020-04-08,Del Norte,015,27424,2,2,0,2,0
2020-04-08,El Dorado,017,186661,47,25,0,25,0
2020-04-08,Fresno,019,978130,408,151,4,155,3
2020-04-08,Glenn,021,27897,4,2,0,2,0
2020-04-08,Humboldt,023,135768,57,40,0,40,0
2020-04-08,Imperial,025,180216,149,59,0,59,2
2020-04-08,Inyo,027,18085,12,11,0,11,0
2020-04-08,Kern,029,883053,550,198,0,198,2
2020-04-08,Kings,031,150075,40,5,0,5,0
2020-04-08,Lake,033,64148,5,1,0,1,0
2020-04-08,Lassen,035,31185,3,0,2,2,0
2020-04-08,Los Angeles,037,10098052,12427,7505,12,7517,196
2020-04-08,Madera,039,155013,62,28,1,29,2
2020-04-08,Marin,041,260295,165,125,1,126,7
2020-04-08,Mariposa,043,17540,0,0,0,0,0
2020-04-08,Mendocino,045,87422,5,4,0,4,0
2020-04-08,Merced,047,269075,88,35,0,35,1
2020-04-08,Modoc,049,8938,0,0,0,0,0
2020-04-08,Mono,051,14174,29,19,0,19,1
2020-04-08,Monterey,053,433212,115,68,0,68,3
2020-04-08,Napa,055,140530,44,21,0,21,2
2020-04-08,Nevada,057,99092,36,21,1,22,1
2020-04-08,Orange,059,3164182,1747,1034,18,1052,19
2020-04-08,Placer,061,380077,144,102,0,102,4
2020-04-08,Plumas,063,18699,4,3,0,3,0
2020-04-08,Riverside,065,2383286,2306,974,13,987,28
2020-04-08,Sacramento,067,1510023,842,565,0,565,21
2020-04-08,San Benito,069,59416,36,31,0,31,2
2020-04-08,San Bernardino,071,2135413,1227,635,0,635,22
2020-04-08,San Diego,073,3302833,2149,1532,0,1532,36
2020-04-08,San Francisco,075,870044,1052,687,0,687,7
2020-04-08,San Joaquin,077,732212,365,211,3,214,12
2020-04-08,San Luis Obispo,079,281455,156,90,1,91,1
2020-04-08,San Mateo,081,765935,888,608,2,610,22
2020-04-08,Santa Barbara,083,443738,319,221,1,222,2
2020-04-08,Santa Clara,085,1922200,1828,1257,5,1262,47
2020-04-08,Santa Cruz,087,273765,100,69,0,69,1
2020-04-08,Shasta,089,179085,30,18,0,18,3
2020-04-08,Sierra,091,2930,0,0,0,0,0
2020-04-08,Siskiyou,093,43540,5,4,0,4,0
2020-04-08,Solano,095,438530,175,111,0,111,2
2020-04-08,Sonoma,097,501317,170,107,0,107,1
2020-04-08,Stanislaus,099,539301,203,86,3,89,0
2020-04-08,Sutter,101,95872,22,17,0,17,2
2020-04-08,Tehama,103,63373,1,1,0,1,0
2020-04-08,Trinity,105,12862,0,0,0,0,0
2020-04-08,Tulare,107,460477,364,145,5,150,6
2020-04-08,Tuolumne,109,53932,3,0,0,0,0
2020-04-08,Ventura,111,848112,426,263,0,263,7
2020-04-08,Yolo,113,214977,107,56,0,56,3
2020-04-08,Yuba,115,75493,14,10,0,10,0
2020-04-07,Alameda,001,1643700,992,560,1,561,14
2020-04-07,Alpine,003,1148,1,1,0,1,0
2020-04-07,Amador,005,37829,7,2,0,2,0
2020-04-07,Butte,007,227075,18,11,2,13,0
2020-04-07,Calaveras,009,45235,9,5,0,5,0
2020-04-07,Colusa,011,21464,3,2,0,2,0
2020-04-07,Contra Costa,013,1133247,670,471,0,471,7
2020-04-07,Del Norte,015,27424,2,2,0,2,0
2020-04-07,El Dorado,017,186661,46,22,0,22,0
2020-04-07,Fresno,019,978130,393,138,4,142,3
2020-04-07,Glenn,021,27897,4,2,0,2,0
2020-04-07,Humboldt,023,135768,56,40,0,40,0
2020-04-07,Imperial,025,180216,130,53,0,53,2
2020-04-07,Inyo,027,18085,12,11,0,11,0
2020-04-07,Kern,029,883053,507,134,0,134,2
2020-04-07,Kings,031,150075,37,5,0,5,0
2020-04-07,Lake,033,64148,4,1,0,1,0
2020-04-07,Lassen,035,31185,3,0,2,2,0
2020-04-07,Los Angeles,037,10098052,11776,6885,12,6897,170
2020-04-07,Madera,039,155013,60,28,0,28,2
2020-04-07,Marin,041,260295,163,122,1,123,7
2020-04-07,Mariposa,043,17540,0,0,0,0,0
2020-04-07,Mendocino,045,87422,5,4,0,4,0
2020-04-07,Merced,047,269075,80,27,0,27,1
2020-04-07,Modoc,049,8938,0,0,0,0,0
2020-04-07,Mono,051,14174,28,18,0,18,1
2020-04-07,Monterey,053,433212,106,63,0,63,2
2020-04-07,Napa,055,140530,42,18,0,18,2
2020-04-07,Nevada,057,99092,36,20,1,21,1
2020-04-07,Orange,059,3164182,1700,971,16,987,19
2020-04-07,Placer,061,380077,139,94,0,94,3
2020-04-07,Plumas,063,18699,4,3,0,3,0
2020-04-07,Riverside,065,2383286,2149,905,13,918,25
2020-04-07,Sacramento,067,1510023,812,513,0,513,18
2020-04-07,San Benito,069,59416,36,26,0,26,2
2020-04-07,San Bernardino,071,2135413,1160,554,0,554,19
2020-04-07,San Diego,073,3302833,2072,1456,0,1456,31
2020-04-07,San Francisco,075,870044,992,636,0,636,6
2020-04-07,San Joaquin,077,732212,347,198,3,201,12
2020-04-07,San Luis Obispo,079,281455,149,87,1,88,1
2020-04-07,San Mateo,081,765935,867,573,2,575,22
2020-04-07,Santa Barbara,083,443738,305,209,1,210,2
2020-04-07,Santa Clara,085,1922200,1759,1193,4,1197,46
2020-04-07,Santa Cruz,087,273765,100,67,0,67,1
2020-04-07,Shasta,089,179085,29,16,0,16,3
2020-04-07,Sierra,091,2930,0,0,0,0,0
2020-04-07,Siskiyou,093,43540,5,4,0,4,0
2020-04-07,Solano,095,438530,170,99,0,99,1
2020-04-07,Sonoma,097,501317,167,102,0,102,1
2020-04-07,Stanislaus,099,539301,186,83,3,86,0
2020-04-07,Sutter,101,95872,22,16,0,16,2
2020-04-07,Tehama,103,63373,1,1,0,1,0
2020-04-07,Trinity,105,12862,0,0,0,0,0
2020-04-07,Tulare,107,460477,335,144,5,149,5
2020-04-07,Tuolumne,109,53932,3,1,0,1,0
2020-04-07,Ventura,111,848112,409,247,0,247,6
2020-04-07,Yolo,113,214977,100,51,0,51,2
2020-04-07,Yuba,115,75493,14,10,0,10,0
2020-04-06,Alameda,001,1643700,961,527,1,528,13
2020-04-06,Alpine,003,1148,1,1,0,1,0
2020-04-06,Amador,005,37829,6,2,0,2,0
2020-04-06,Butte,007,227075,17,11,2,13,0
2020-04-06,Calaveras,009,45235,9,4,0,4,0
2020-04-06,Colusa,011,21464,3,1,0,1,0
2020-04-06,Contra Costa,013,1133247,645,447,0,447,7
2020-04-06,Del Norte,015,27424,2,2,0,2,0
2020-04-06,El Dorado,017,186661,44,23,0,23,0
2020-04-06,Fresno,019,978130,371,122,4,126,1
2020-04-06,Glenn,021,27897,4,2,0,2,0
2020-04-06,Humboldt,023,135768,55,37,0,37,0
2020-04-06,Imperial,025,180216,123,47,0,47,1
2020-04-06,Inyo,027,18085,11,11,0,11,0
2020-04-06,Kern,029,883053,470,117,0,117,2
2020-04-06,Kings,031,150075,37,3,0,3,0
2020-04-06,Lake,033,64148,4,1,0,1,0
2020-04-06,Lassen,035,31185,3,0,2,2,0
2020-04-06,Los Angeles,037,10098052,11046,6346,12,6358,145
2020-04-06,Madera,039,155013,58,29,0,29,2
2020-04-06,Marin,041,260295,160,119,1,120,7
2020-04-06,Mariposa,043,17540,0,0,0,0,0
2020-04-06,Mendocino,045,87422,5,4,0,4,0
2020-04-06,Merced,047,269075,74,25,0,25,1
2020-04-06,Modoc,049,8938,0,0,0,0,0
2020-04-06,Mono,051,14174,28,18,0,18,1
2020-04-06,Monterey,053,433212,101,62,0,62,2
2020-04-06,Napa,055,140530,42,18,0,18,2
2020-04-06,Nevada,057,99092,36,19,1,20,1
2020-04-06,Orange,059,3164182,1656,910,15,925,17
2020-04-06,Placer,061,380077,139,90,0,90,3
2020-04-06,Plumas,063,18699,4,2,0,2,0
2020-04-06,Riverside,065,2383286,2023,854,13,867,17
2020-04-06,Sacramento,067,1510023,782,448,0,448,15
2020-04-06,San Benito,069,59416,34,25,0,25,1
2020-04-06,San Bernardino,071,2135413,1101,550,0,550,13
2020-04-06,San Diego,073,3302833,1990,1406,0,1406,19
2020-04-06,San Francisco,075,870044,952,586,0,586,6
2020-04-06,San Joaquin,077,732212,332,191,3,194,10
2020-04-06,San Luis Obispo,079,281455,147,85,1,86,1
2020-04-06,San Mateo,081,765935,849,569,2,571,20
2020-04-06,Santa Barbara,083,443738,296,189,1,190,2
2020-04-06,Santa Clara,085,1922200,1706,1128,4,1132,43
2020-04-06,Santa Cruz,087,273765,98,65,0,65,1
2020-04-06,Shasta,089,179085,29,16,0,16,3
2020-04-06,Sierra,091,2930,0,0,0,0,0
2020-04-06,Siskiyou,093,43540,4,4,0,4,0
2020-04-06,Solano,095,438530,163,95,0,95,1
2020-04-06,Sonoma,097,501317,166,102,0,102,1
2020-04-06,Stanislaus,099,539301,170,72,3,75,0
2020-04-06,Sutter,101,95872,22,14,0,14,2
2020-04-06,Tehama,103,63373,1,1,0,1,0
2020-04-06,Trinity,105,12862,0,0,0,0,0
2020-04-06,Tulare,107,460477,319,126,5,131,5
2020-04-06,Tuolumne,109,53932,3,1,0,1,0
2020-04-06,Ventura,111,848112,391,234,0,234,6
2020-04-06,Yolo,113,214977,96,43,0,43,1
2020-04-06,Yuba,115,75493,14,8,0,8,0
2020-04-05,Alameda,001,1643700,919,475,1,476,12
2020-04-05,Alpine,003,1148,1,1,0,1,0
2020-04-05,Amador,005,37829,6,2,0,2,0
2020-04-05,Butte,007,227075,17,10,2,12,0
2020-04-05,Calaveras,009,45235,9,3,0,3,0
2020-04-05,Colusa,011,21464,3,1,0,1,0
2020-04-05,Contra Costa,013,1133247,628,415,0,415,6
2020-04-05,Del Norte,015,27424,2,1,0,1,0
2020-04-05,El Dorado,017,186661,42,19,0,19,0
2020-04-05,Fresno,019,978130,337,102,4,106,1
2020-04-05,Glenn,021,27897,4,2,0,2,0
2020-04-05,Humboldt,023,135768,55,29,0,29,0
2020-04-05,Imperial,025,180216,115,42,0,42,1
2020-04-05,Inyo,027,18085,11,10,0,10,0
2020-04-05,Kern,029,883053,415,109,0,109,2
2020-04-05,Kings,031,150075,36,4,0,4,0
2020-04-05,Lake,033,64148,4,0,0,0,0
2020-04-05,Lassen,035,31185,3,0,2,2,0
2020-04-05,Los Angeles,037,10098052,10479,5892,12,5904,130
2020-04-05,Madera,039,155013,57,27,0,27,2
2020-04-05,Marin,041,260295,160,113,1,114,6
2020-04-05,Mariposa,043,17540,0,0,0,0,0
2020-04-05,Mendocino,045,87422,5,4,0,4,0
2020-04-05,Merced,047,269075,67,16,0,16,0
2020-04-05,Modoc,049,8938,0,0,0,0,0
2020-04-05,Mono,051,14174,28,18,0,18,1
2020-04-05,Monterey,053,433212,94,61,0,61,2
2020-04-05,Napa,055,140530,40,15,0,15,2
2020-04-05,Nevada,057,99092,36,19,1,20,1
2020-04-05,Orange,059,3164182,1600,820,15,835,15
2020-04-05,Placer,061,380077,136,86,0,86,3
2020-04-05,Plumas,063,18699,3,2,0,2,0
2020-04-05,Riverside,065,2383286,1894,669,13,682,17
2020-04-05,Sacramento,067,1510023,751,393,0,393,11
2020-04-05,San Benito,069,59416,34,22,0,22,1
2020-04-05,San Bernardino,071,2135413,1028,375,0,375,13
2020-04-05,San Diego,073,3302833,1908,1328,0,1328,19
2020-04-05,San Francisco,075,870044,905,559,0,559,6
2020-04-05,San Joaquin,077,732212,317,179,3,182,10
2020-04-05,San Luis Obispo,079,281455,145,83,1,84,1
2020-04-05,San Mateo,081,765935,829,528,2,530,19
2020-04-05,Santa Barbara,083,443738,280,171,1,172,1
2020-04-05,Santa Clara,085,1922200,1659,1052,4,1056,42
2020-04-05,Santa Cruz,087,273765,98,59,0,59,1
2020-04-05,Shasta,089,179085,28,11,0,11,2
2020-04-05,Sierra,091,2930,0,0,0,0,0
2020-04-05,Siskiyou,093,43540,4,3,0,3,0
2020-04-05,Solano,095,438530,159,78,0,78,1
2020-04-05,Sonoma,097,501317,164,88,0,88,1
2020-04-05,Stanislaus,099,539301,156,51,3,54,0
2020-04-05,Sutter,101,95872,22,14,0,14,1
2020-04-05,Tehama,103,63373,1,1,0,1,0
2020-04-05,Trinity,105,12862,0,0,0,0,0
2020-04-05,Tulare,107,460477,282,81,5,86,4
2020-04-05,Tuolumne,109,53932,3,1,0,1,0
2020-04-05,Ventura,111,848112,377,196,0,196,6
2020-04-05,Yolo,113,214977,77,37,0,37,2
2020-04-05,Yuba,115,75493,14,7,0,7,0
2020-04-04,Alameda,001,1643700,896,468,1,469,12
2020-04-04,Alpine,003,1148,1,1,0,1,0
2020-04-04,Amador,005,37829,5,2,0,2,0
2020-04-04,Butte,007,227075,17,10,2,12,0
2020-04-04,Calaveras,009,45235,9,3,0,3,0
2020-04-04,Colusa,011,21464,3,1,0,1,0
2020-04-04,Contra Costa,013,1133247,620,382,0,382,5
2020-04-04,Del Norte,015,27424,2,1,0,1,0
2020-04-04,El Dorado,017,186661,42,19,0,19,0
2020-04-04,Fresno,019,978130,327,102,4,106,1
2020-04-04,Glenn,021,27897,4,2,0,2,0
2020-04-04,Humboldt,023,135768,55,29,0,29,0
2020-04-04,Imperial,025,180216,114,42,0,42,1
2020-04-04,Inyo,027,18085,11,10,0,10,0
2020-04-04,Kern,029,883053,385,103,0,103,2
2020-04-04,Kings,031,150075,36,3,0,3,0
2020-04-04,Lake,033,64148,4,0,0,0,0
2020-04-04,Lassen,035,31185,3,0,2,2,0
2020-04-04,Los Angeles,037,10098052,9864,5275,12,5287,117
2020-04-04,Madera,039,155013,55,27,0,27,2
2020-04-04,Marin,041,260295,158,111,0,111,6
2020-04-04,Mariposa,043,17540,0,0,0,0,0
2020-04-04,Mendocino,045,87422,5,4,0,4,0
2020-04-04,Merced,047,269075,64,11,0,11,0
2020-04-04,Modoc,049,8938,0,0,0,0,0
2020-04-04,Mono,051,14174,28,18,0,18,1
2020-04-04,Monterey,053,433212,91,61,0,61,2
2020-04-04,Napa,055,140530,40,15,0,15,2
2020-04-04,Nevada,057,99092,36,19,1,20,1
2020-04-04,Orange,059,3164182,1558,781,14,795,15
2020-04-04,Placer,061,380077,135,87,0,87,2
2020-04-04,Plumas,063,18699,3,2,0,2,0
2020-04-04,Riverside,065,2383286,1793,652,13,665,15
2020-04-04,Sacramento,067,1510023,733,393,0,393,11
2020-04-04,San Benito,069,59416,34,22,0,22,1
2020-04-04,San Bernardino,071,2135413,980,373,0,373,13
2020-04-04,San Diego,073,3302833,1860,1211,0,1211,18
2020-04-04,San Francisco,075,870044,867,537,0,537,6
2020-04-04,San Joaquin,077,732212,294,171,3,174,10
2020-04-04,San Luis Obispo,079,281455,145,82,1,83,0
2020-04-04,San Mateo,081,765935,817,520,2,522,17
2020-04-04,Santa Barbara,083,443738,271,167,1,168,1
2020-04-04,Santa Clara,085,1922200,1607,1045,4,1049,39
2020-04-04,Santa Cruz,087,273765,98,56,0,56,1
2020-04-04,Shasta,089,179085,27,11,0,11,2
2020-04-04,Sierra,091,2930,0,0,0,0,0
2020-04-04,Siskiyou,093,43540,4,3,0,3,0
2020-04-04,Solano,095,438530,154,79,0,79,1
2020-04-04,Sonoma,097,501317,161,88,0,88,1
2020-04-04,Stanislaus,099,539301,145,51,3,54,0
2020-04-04,Sutter,101,95872,22,14,0,14,1
2020-04-04,Tehama,103,63373,1,1,0,1,0
2020-04-04,Trinity,105,12862,0,0,0,0,0
2020-04-04,Tulare,107,460477,268,79,5,84,4
2020-04-04,Tuolumne,109,53932,3,1,0,1,0
2020-04-04,Ventura,111,848112,364,194,0,194,6
2020-04-04,Yolo,113,214977,75,40,0,40,2
2020-04-04,Yuba,115,75493,13,7,0,7,0
2020-04-03,Alameda,001,1643700,860,395,1,396,11
2020-04-03,Alpine,003,1148,1,1,0,1,0
2020-04-03,Amador,005,37829,5,2,0,2,0
2020-04-03,Butte,007,227075,17,8,2,10,0
2020-04-03,Calaveras,009,45235,9,3,0,3,0
2020-04-03,Colusa,011,21464,3,1,0,1,0
2020-04-03,Contra Costa,013,1133247,597,327,0,327,5
2020-04-03,Del Norte,015,27424,2,1,0,1,0
2020-04-03,El Dorado,017,186661,40,16,0,16,0
2020-04-03,Fresno,019,978130,315,98,4,102,1
2020-04-03,Glenn,021,27897,4,2,0,2,0
2020-04-03,Humboldt,023,135768,55,34,0,34,0
2020-04-03,Imperial,025,180216,105,35,0,35,0
2020-04-03,Inyo,027,18085,11,10,0,10,0
2020-04-03,Kern,029,883053,359,87,0,87,1
2020-04-03,Kings,031,150075,34,3,0,3,0
2020-04-03,Lake,033,64148,3,0,0,0,0
2020-04-03,Lassen,035,31185,3,0,2,2,0
2020-04-03,Los Angeles,037,10098052,9250,4566,12,4578,91
2020-04-03,Madera,039,155013,54,28,0,28,2
2020-04-03,Marin,041,260295,156,106,0,106,6
2020-04-03,Mariposa,043,17540,0,0,0,0,0
2020-04-03,Mendocino,045,87422,5,4,0,4,0
2020-04-03,Merced,047,269075,60,9,0,9,0
2020-04-03,Modoc,049,8938,0,0,0,0,0
2020-04-03,Mono,051,14174,28,18,0,18,1
2020-04-03,Monterey,053,433212,88,58,0,58,2
2020-04-03,Napa,055,140530,39,13,0,13,1
2020-04-03,Nevada,057,99092,36,19,1,20,1
2020-04-03,Orange,059,3164182,1519,713,14,727,13
2020-04-03,Placer,061,380077,131,76,0,76,2
2020-04-03,Plumas,063,18699,3,2,0,2,0
2020-04-03,Riverside,065,2383286,1713,540,13,553,14
2020-04-03,Sacramento,067,1510023,712,363,0,363,11
2020-04-03,San Benito,069,59416,34,22,0,22,1
2020-04-03,San Bernardino,071,2135413,935,356,0,356,11
2020-04-03,San Diego,073,3302833,1799,1114,0,1114,17
2020-04-03,San Francisco,075,870044,843,506,0,506,6
2020-04-03,San Joaquin,077,732212,282,162,3,165,10
2020-04-03,San Luis Obispo,079,281455,144,82,1,83,0
2020-04-03,San Mateo,081,765935,800,474,2,476,13
2020-04-03,Santa Barbara,083,443738,260,154,1,155,1
2020-04-03,Santa Clara,085,1922200,1571,983,4,987,39
2020-04-03,Santa Cruz,087,273765,98,52,0,52,1
2020-04-03,Shasta,089,179085,27,10,0,10,1
2020-04-03,Sierra,091,2930,0,0,0,0,0
2020-04-03,Siskiyou,093,43540,4,3,0,3,0
2020-04-03,Solano,095,438530,146,72,0,72,1
2020-04-03,Sonoma,097,501317,161,84,0,84,1
2020-04-03,Stanislaus,099,539301,139,48,3,51,0
2020-04-03,Sutter,101,95872,22,12,0,12,1
2020-04-03,Tehama,103,63373,1,1,0,1,0
2020-04-03,Trinity,105,12862,0,0,0,0,0
2020-04-03,Tulare,107,460477,254,73,5,78,3
2020-04-03,Tuolumne,109,53932,3,1,0,1,0
2020-04-03,Ventura,111,848112,354,186,0,186,6
2020-04-03,Yolo,113,214977,74,33,0,33,1
2020-04-03,Yuba,115,75493,13,6,0,6,0
2020-04-02,Alameda,001,1643700,809,345,1,346,10
2020-04-02,Alpine,003,1148,1,1,0,1,0
2020-04-02,Amador,005,37829,5,2,0,2,0
2020-04-02,Butte,007,227075,17,7,1,8,0
2020-04-02,Calaveras,009,45235,7,3,0,3,0
2020-04-02,Colusa,011,21464,3,1,0,1,0
2020-04-02,Contra Costa,013,1133247,567,297,0,297,3
2020-04-02,Del Norte,015,27424,2,0,0,0,0
2020-04-02,El Dorado,017,186661,38,16,0,16,0
2020-04-02,Fresno,019,978130,299,92,4,96,0
2020-04-02,Glenn,021,27897,3,2,0,2,0
2020-04-02,Humboldt,023,135768,51,23,0,23,0
2020-04-02,Imperial,025,180216,101,24,0,24,0
2020-04-02,Inyo,027,18085,10,8,0,8,0
2020-04-02,Kern,029,883053,332,74,0,74,0
2020-04-02,Kings,031,150075,34,3,0,3,0
2020-04-02,Lake,033,64148,3,0,0,0,0
2020-04-02,Lassen,035,31185,3,0,2,2,0
2020-04-02,Los Angeles,037,10098052,8418,4040,12,4052,79
2020-04-02,Madera,039,155013,52,25,0,25,1
2020-04-02,Marin,041,260295,150,102,0,102,1
2020-04-02,Mariposa,043,17540,0,0,0,0,0
2020-04-02,Mendocino,045,87422,5,4,0,4,0
2020-04-02,Merced,047,269075,55,9,0,9,0
2020-04-02,Modoc,049,8938,0,0,0,0,0
2020-04-02,Mono,051,14174,28,16,0,16,1
2020-04-02,Monterey,053,433212,86,50,0,50,2
2020-04-02,Napa,055,140530,39,13,0,13,0
2020-04-02,Nevada,057,99092,35,17,1,18,0
2020-04-02,Orange,059,3164182,1467,640,13,653,12
2020-04-02,Placer,061,380077,130,72,0,72,2
2020-04-02,Plumas,063,18699,3,1,0,1,0
2020-04-02,Riverside,065,2383286,1596,438,13,451,13
2020-04-02,Sacramento,067,1510023,694,322,0,322,9
2020-04-02,San Benito,069,59416,32,18,0,18,1
2020-04-02,San Bernardino,071,2135413,880,335,0,335,8
2020-04-02,San Diego,073,3302833,1732,968,0,968,16
2020-04-02,San Francisco,075,870044,817,473,0,473,6
2020-04-02,San Joaquin,077,732212,263,148,3,151,9
2020-04-02,San Luis Obispo,079,281455,139,79,1,80,0
2020-04-02,San Mateo,081,765935,779,423,2,425,13
2020-04-02,Santa Barbara,083,443738,249,125,1,126,1
2020-04-02,Santa Clara,085,1922200,1520,908,4,912,38
2020-04-02,Santa Cruz,087,273765,96,49,0,49,1
2020-04-02,Shasta,089,179085,26,7,0,7,1
2020-04-02,Sierra,091,2930,0,0,0,0,0
2020-04-02,Siskiyou,093,43540,4,3,0,3,0
2020-04-02,Solano,095,438530,136,65,0,65,0
2020-04-02,Sonoma,097,501317,157,76,0,76,1
2020-04-02,Stanislaus,099,539301,128,40,3,43,0
2020-04-02,Sutter,101,95872,21,10,0,10,1
2020-04-02,Tehama,103,63373,1,1,0,1,0
2020-04-02,Trinity,105,12862,0,0,0,0,0
2020-04-02,Tulare,107,460477,220,64,5,69,1
2020-04-02,Tuolumne,109,53932,3,1,0,1,0
2020-04-02,Ventura,111,848112,336,178,0,178,5
2020-04-02,Yolo,113,214977,72,29,0,29,1
2020-04-02,Yuba,115,75493,10,5,0,5,0
2020-04-01,Alameda,001,1643700,782,287,1,288,8
2020-04-01,Alpine,003,1148,1,1,0,1,0
2020-04-01,Amador,005,37829,5,1,0,1,0
2020-04-01,Butte,007,227075,17,6,1,7,0
2020-04-01,Calaveras,009,45235,6,3,0,3,0
2020-04-01,Colusa,011,21464,3,1,0,1,0
2020-04-01,Contra Costa,013,1133247,524,267,0,267,3
2020-04-01,Del Norte,015,27424,2,0,0,0,0
2020-04-01,El Dorado,017,186661,37,14,0,14,0
2020-04-01,Fresno,019,978130,277,75,3,78,0
2020-04-01,Glenn,021,27897,3,2,0,2,0
2020-04-01,Humboldt,023,135768,51,19,0,19,0
2020-04-01,Imperial,025,180216,95,25,0,25,0
2020-04-01,Inyo,027,18085,10,8,0,8,0
2020-04-01,Kern,029,883053,305,53,0,53,0
2020-04-01,Kings,031,150075,32,3,0,3,0
2020-04-01,Lake,033,64148,3,0,0,0,0
2020-04-01,Lassen,035,31185,3,0,2,2,0
2020-04-01,Los Angeles,037,10098052,7769,3502,12,3514,66
2020-04-01,Madera,039,155013,50,17,0,17,1
2020-04-01,Marin,041,260295,146,87,0,87,1
2020-04-01,Mariposa,043,17540,0,0,0,0,0
2020-04-01,Mendocino,045,87422,5,4,0,4,0
2020-04-01,Merced,047,269075,54,7,0,7,0
2020-04-01,Modoc,049,8938,0,0,0,0,0
2020-04-01,Mono,051,14174,28,12,0,12,1
2020-04-01,Monterey,053,433212,85,47,0,47,2
2020-04-01,Napa,055,140530,36,11,0,11,0
2020-04-01,Nevada,057,99092,35,15,1,16,0
2020-04-01,Orange,059,3164182,1415,579,13,592,11
2020-04-01,Placer,061,380077,128,52,0,52,2
2020-04-01,Plumas,063,18699,3,1,0,1,0
2020-04-01,Riverside,065,2383286,1428,306,12,318,11
2020-04-01,Sacramento,067,1510023,661,299,0,299,8
2020-04-01,San Benito,069,59416,29,14,0,14,1
2020-04-01,San Bernardino,071,2135413,831,245,0,245,5
2020-04-01,San Diego,073,3302833,1662,851,0,851,11
2020-04-01,San Francisco,075,870044,789,432,0,432,6
2020-04-01,San Joaquin,077,732212,251,132,3,135,8
2020-04-01,San Luis Obispo,079,281455,133,69,1,70,0
2020-04-01,San Mateo,081,765935,761,354,2,356,13
2020-04-01,Santa Barbara,083,443738,236,103,1,104,0
2020-04-01,Santa Clara,085,1922200,1478,805,4,809,33
2020-04-01,Santa Cruz,087,273765,91,44,0,44,1
2020-04-01,Shasta,089,179085,25,5,0,5,1
2020-04-01,Sierra,091,2930,0,0,0,0,0
2020-04-01,Siskiyou,093,43540,4,3,0,3,0
2020-04-01,Solano,095,438530,131,57,0,57,0
2020-04-01,Sonoma,097,501317,153,60,0,60,1
2020-04-01,Stanislaus,099,539301,117,29,3,32,0
2020-04-01,Sutter,101,95872,21,9,0,9,1
2020-04-01,Tehama,103,63373,1,0,0,0,0
2020-04-01,Trinity,105,12862,0,0,0,0,0
2020-04-01,Tulare,107,460477,182,43,5,48,1
2020-04-01,Tuolumne,109,53932,3,1,0,1,0
2020-04-01,Ventura,111,848112,323,154,0,154,5
2020-04-01,Yolo,113,214977,67,22,0,22,1
2020-04-01,Yuba,115,75493,9,5,0,5,0
2020-03-31,Alameda,001,1643700,716,269,1,270,7
2020-03-31,Alpine,003,1148,1,1,0,1,0
2020-03-31,Amador,005,37829,5,1,0,1,0
2020-03-31,Butte,007,227075,17,6,1,7,0
2020-03-31,Calaveras,009,45235,6,3,0,3,0
2020-03-31,Colusa,011,21464,3,1,0,1,0
2020-03-31,Contra Costa,013,1133247,499,246,0,246,3
2020-03-31,Del Norte,015,27424,1,0,0,0,0
2020-03-31,El Dorado,017,186661,33,14,0,14,0
2020-03-31,Fresno,019,978130,252,59,3,62,0
2020-03-31,Glenn,021,27897,3,2,0,2,0
2020-03-31,Humboldt,023,135768,51,18,0,18,0
2020-03-31,Imperial,025,180216,89,17,0,17,0
2020-03-31,Inyo,027,18085,10,8,0,8,0
2020-03-31,Kern,029,883053,281,47,0,47,0
2020-03-31,Kings,031,150075,30,2,0,2,0
2020-03-31,Lake,033,64148,1,0,0,0,0
2020-03-31,Lassen,035,31185,3,0,2,2,0
2020-03-31,Los Angeles,037,10098052,7107,3001,12,3013,53
2020-03-31,Madera,039,155013,49,17,0,17,1
2020-03-31,Marin,041,260295,137,85,0,85,1
2020-03-31,Mariposa,043,17540,0,0,0,0,0
2020-03-31,Mendocino,045,87422,5,4,0,4,0
2020-03-31,Merced,047,269075,45,6,0,6,0
2020-03-31,Modoc,049,8938,0,0,0,0,0
2020-03-31,Mono,051,14174,26,12,0,12,0
2020-03-31,Monterey,053,433212,83,43,0,43,2
2020-03-31,Napa,055,140530,35,9,0,9,0
2020-03-31,Nevada,057,99092,35,15,1,16,0
2020-03-31,Orange,059,3164182,1345,506,13,519,7
2020-03-31,Placer,061,380077,121,49,0,49,2
2020-03-31,Plumas,063,18699,1,0,0,0,0
2020-03-31,Riverside,065,2383286,1284,284,12,296,8
2020-03-31,Sacramento,067,1510023,609,271,0,271,8
2020-03-31,San Benito,069,59416,29,14,0,14,1
2020-03-31,San Bernardino,071,2135413,746,193,0,193,5
2020-03-31,San Diego,073,3302833,1580,736,0,736,9
2020-03-31,San Francisco,075,870044,754,404,0,404,5
2020-03-31,San Joaquin,077,732212,235,122,3,125,7
2020-03-31,San Luis Obispo,079,281455,129,67,1,68,0
2020-03-31,San Mateo,081,765935,742,297,2,299,12
2020-03-31,Santa Barbara,083,443738,221,89,1,90,0
2020-03-31,Santa Clara,085,1922200,1428,777,4,781,30
2020-03-31,Santa Cruz,087,273765,84,40,0,40,1
2020-03-31,Shasta,089,179085,22,5,0,5,1
2020-03-31,Sierra,091,2930,0,0,0,0,0
2020-03-31,Siskiyou,093,43540,4,3,0,3,0
2020-03-31,Solano,095,438530,117,56,0,56,0
2020-03-31,Sonoma,097,501317,148,58,0,58,1
2020-03-31,Stanislaus,099,539301,102,28,3,31,0
2020-03-31,Sutter,101,95872,21,8,0,8,0
2020-03-31,Tehama,103,63373,1,0,0,0,0
2020-03-31,Trinity,105,12862,0,0,0,0,0
2020-03-31,Tulare,107,460477,159,42,4,46,1
2020-03-31,Tuolumne,109,53932,3,1,0,1,0
2020-03-31,Ventura,111,848112,312,143,0,143,4
2020-03-31,Yolo,113,214977,60,21,0,21,1
2020-03-31,Yuba,115,75493,9,5,0,5,0
2020-03-30,Alameda,001,1643700,677,250,1,251,7
2020-03-30,Alpine,003,1148,1,1,0,1,0
2020-03-30,Amador,005,37829,5,1,0,1,0
2020-03-30,Butte,007,227075,15,5,1,6,0
2020-03-30,Calaveras,009,45235,6,3,0,3,0
2020-03-30,Colusa,011,21464,3,1,0,1,0
2020-03-30,Contra Costa,013,1133247,473,212,0,212,3
2020-03-30,Del Norte,015,27424,0,0,0,0,0
2020-03-30,El Dorado,017,186661,33,11,0,11,0
2020-03-30,Fresno,019,978130,227,46,3,49,0
2020-03-30,Glenn,021,27897,3,2,0,2,0
2020-03-30,Humboldt,023,135768,49,11,0,11,0
2020-03-30,Imperial,025,180216,86,9,0,9,0
2020-03-30,Inyo,027,18085,10,5,0,5,0
2020-03-30,Kern,029,883053,248,30,0,30,0
2020-03-30,Kings,031,150075,30,1,0,1,0
2020-03-30,Lake,033,64148,1,0,0,0,0
2020-03-30,Lassen,035,31185,3,0,1,1,0
2020-03-30,Los Angeles,037,10098052,6447,2467,12,2479,44
2020-03-30,Madera,039,155013,48,14,0,14,1
2020-03-30,Marin,041,260295,130,78,0,78,0
2020-03-30,Mariposa,043,17540,0,0,0,0,0
2020-03-30,Mendocino,045,87422,5,2,0,2,0
2020-03-30,Merced,047,269075,41,6,0,6,0
2020-03-30,Modoc,049,8938,0,0,0,0,0
2020-03-30,Mono,051,14174,26,11,0,11,0
2020-03-30,Monterey,053,433212,78,41,0,41,1
2020-03-30,Napa,055,140530,34,9,0,9,0
2020-03-30,Nevada,057,99092,34,14,1,15,0
2020-03-30,Orange,059,3164182,1280,418,13,431,5
2020-03-30,Placer,061,380077,118,44,0,44,2
2020-03-30,Plumas,063,18699,1,0,0,0,0
2020-03-30,Riverside,065,2383286,1203,204,12,216,7
2020-03-30,Sacramento,067,1510023,585,238,0,238,8
2020-03-30,San Benito,069,59416,29,11,0,11,1
2020-03-30,San Bernardino,071,2135413,702,145,0,145,4
2020-03-30,San Diego,073,3302833,1510,605,0,605,7
2020-03-30,San Francisco,075,870044,714,368,0,368,5
2020-03-30,San Joaquin,077,732212,228,112,3,115,5
2020-03-30,San Luis Obispo,079,281455,126,62,1,63,0
2020-03-30,San Mateo,081,765935,717,257,2,259,11
2020-03-30,Santa Barbara,083,443738,212,79,1,80,0
2020-03-30,Santa Clara,085,1922200,1397,745,3,748,31
2020-03-30,Santa Cruz,087,273765,81,36,0,36,1
2020-03-30,Shasta,089,179085,21,4,0,4,1
2020-03-30,Sierra,091,2930,0,0,0,0,0
2020-03-30,Siskiyou,093,43540,4,2,0,2,0
2020-03-30,Solano,095,438530,111,50,0,50,0
2020-03-30,Sonoma,097,501317,145,57,0,57,1
2020-03-30,Stanislaus,099,539301,95,28,3,31,0
2020-03-30,Sutter,101,95872,20,6,0,6,0
2020-03-30,Tehama,103,63373,1,0,0,0,0
2020-03-30,Trinity,105,12862,0,0,0,0,0
2020-03-30,Tulare,107,460477,147,40,3,43,1
2020-03-30,Tuolumne,109,53932,3,1,0,1,0
2020-03-30,Ventura,111,848112,301,118,0,118,2
2020-03-30,Yolo,113,214977,57,17,0,17,1
2020-03-30,Yuba,115,75493,8,5,0,5,0
2020-03-29,Alameda,001,1643700,643,207,1,208,6
2020-03-29,Alpine,003,1148,1,0,0,0,0
2020-03-29,Amador,005,37829,5,1,0,1,0
2020-03-29,Butte,007,227075,15,4,1,5,0
2020-03-29,Calaveras,009,45235,6,2,0,2,0
2020-03-29,Colusa,011,21464,3,1,0,1,0
2020-03-29,Contra Costa,013,1133247,443,187,0,187,3
2020-03-29,Del Norte,015,27424,0,0,0,0,0
2020-03-29,El Dorado,017,186661,32,9,0,9,0
2020-03-29,Fresno,019,978130,203,31,3,34,0
2020-03-29,Glenn,021,27897,2,1,0,1,0
2020-03-29,Humboldt,023,135768,46,9,0,9,0
2020-03-29,Imperial,025,180216,79,9,0,9,0
2020-03-29,Inyo,027,18085,9,0,0,0,0
2020-03-29,Kern,029,883053,230,20,0,20,0
2020-03-29,Kings,031,150075,27,1,0,1,0
2020-03-29,Lake,033,64148,0,0,0,0,0
2020-03-29,Lassen,035,31185,3,0,1,1,0
2020-03-29,Los Angeles,037,10098052,5798,2119,11,2130,37
2020-03-29,Madera,039,155013,43,11,0,11,1
2020-03-29,Marin,041,260295,125,60,0,60,0
2020-03-29,Mariposa,043,17540,0,0,0,0,0
2020-03-29,Mendocino,045,87422,5,2,0,2,0
2020-03-29,Merced,047,269075,38,4,0,4,0
2020-03-29,Modoc,049,8938,0,0,0,0,0
2020-03-29,Mono,051,14174,26,8,0,8,0
2020-03-29,Monterey,053,433212,73,36,0,36,1
2020-03-29,Napa,055,140530,32,5,0,5,0
2020-03-29,Nevada,057,99092,32,13,1,14,0
2020-03-29,Orange,059,3164182,1207,343,13,356,2
2020-03-29,Placer,061,380077,117,35,0,35,2
2020-03-29,Plumas,063,18699,1,0,0,0,0
2020-03-29,Riverside,065,2383286,1079,122,12,134,7
2020-03-29,Sacramento,067,1510023,545,217,0,217,7
2020-03-29,San Benito,069,59416,28,10,0,10,1
2020-03-29,San Bernardino,071,2135413,650,94,0,94,2
2020-03-29,San Diego,073,3302833,1438,521,0,521,7
2020-03-29,San Francisco,075,870044,670,333,0,333,5
2020-03-29,San Joaquin,077,732212,219,86,3,89,4
2020-03-29,San Luis Obispo,079,281455,119,55,0,55,0
2020-03-29,San Mateo,081,765935,692,234,2,236,12
2020-03-29,Santa Barbara,083,443738,204,52,1,53,0
2020-03-29,Santa Clara,085,1922200,1340,591,3,594,30
2020-03-29,Santa Cruz,087,273765,81,33,0,33,1
2020-03-29,Shasta,089,179085,20,4,0,4,1
2020-03-29,Sierra,091,2930,0,0,0,0,0
2020-03-29,Siskiyou,093,43540,4,2,0,2,0
2020-03-29,Solano,095,438530,103,48,0,48,0
2020-03-29,Sonoma,097,501317,143,35,0,35,1
2020-03-29,Stanislaus,099,539301,90,19,3,22,0
2020-03-29,Sutter,101,95872,17,6,0,6,0
2020-03-29,Tehama,103,63373,1,0,0,0,0
2020-03-29,Trinity,105,12862,0,0,0,0,0
2020-03-29,Tulare,107,460477,122,24,3,27,1
2020-03-29,Tuolumne,109,53932,2,1,0,1,0
2020-03-29,Ventura,111,848112,274,92,0,92,2
2020-03-29,Yolo,113,214977,52,13,0,13,1
2020-03-29,Yuba,115,75493,8,3,0,3,0
2020-03-28,Alameda,001,1643700,616,410,1,411,12
2020-03-28,Alpine,003,1148,1,0,0,0,0
2020-03-28,Amador,005,37829,5,2,0,2,0
2020-03-28,Butte,007,227075,15,8,1,9,0
2020-03-28,Calaveras,009,45235,6,4,0,4,0
2020-03-28,Colusa,011,21464,3,2,0,2,0
2020-03-28,Contra Costa,013,1133247,420,350,0,350,4
2020-03-28,Del Norte,015,27424,0,0,0,0,0
2020-03-28,El Dorado,017,186661,31,18,0,18,0
2020-03-28,Fresno,019,978130,193,62,3,65,0
2020-03-28,Glenn,021,27897,2,2,0,2,0
2020-03-28,Humboldt,023,135768,46,18,0,18,0
2020-03-28,Imperial,025,180216,74,18,0,18,0
2020-03-28,Inyo,027,18085,9,0,0,0,0
2020-03-28,Kern,029,883053,213,40,0,40,0
2020-03-28,Kings,031,150075,26,2,0,2,0
2020-03-28,Lake,033,64148,0,0,0,0,0
2020-03-28,Lassen,035,31185,3,0,1,1,0
2020-03-28,Los Angeles,037,10098052,5413,3600,10,3610,64
2020-03-28,Madera,039,155013,43,22,0,22,2
2020-03-28,Marin,041,260295,120,116,0,116,0
2020-03-28,Mariposa,043,17540,0,0,0,0,0
2020-03-28,Mendocino,045,87422,5,4,0,4,0
2020-03-28,Merced,047,269075,37,8,0,8,0
2020-03-28,Modoc,049,8938,0,0,0,0,0
2020-03-28,Mono,051,14174,24,12,0,12,0
2020-03-28,Monterey,053,433212,72,64,0,64,2
2020-03-28,Napa,055,140530,27,10,0,10,0
2020-03-28,Nevada,057,99092,32,22,1,23,0
2020-03-28,Orange,059,3164182,1171,656,13,669,4
2020-03-28,Placer,061,380077,112,70,0,70,2
2020-03-28,Plumas,063,18699,1,0,0,0,0
2020-03-28,Riverside,065,2383286,1011,242,12,254,14
2020-03-28,Sacramento,067,1510023,527,406,0,406,14
2020-03-28,San Benito,069,59416,28,20,0,20,2
2020-03-28,San Bernardino,071,2135413,603,162,0,162,4
2020-03-28,San Diego,073,3302833,1379,980,0,980,14
2020-03-28,San Francisco,075,870044,646,600,0,600,6
2020-03-28,San Joaquin,077,732212,212,166,3,169,8
2020-03-28,San Luis Obispo,079,281455,117,104,0,104,0
2020-03-28,San Mateo,081,765935,672,462,2,464,17
2020-03-28,Santa Barbara,083,443738,194,98,1,99,0
2020-03-28,Santa Clara,085,1922200,1321,1174,3,1177,54
2020-03-28,Santa Cruz,087,273765,80,62,0,62,0
2020-03-28,Shasta,089,179085,20,8,0,8,2
2020-03-28,Sierra,091,2930,0,0,0,0,0
2020-03-28,Siskiyou,093,43540,4,4,0,4,0
2020-03-28,Solano,095,438530,99,96,0,96,0
2020-03-28,Sonoma,097,501317,141,70,0,70,2
2020-03-28,Stanislaus,099,539301,85,34,3,37,0
2020-03-28,Sutter,101,95872,17,6,0,6,0
2020-03-28,Tehama,103,63373,1,0,0,0,0
2020-03-28,Trinity,105,12862,0,0,0,0,0
2020-03-28,Tulare,107,460477,114,46,3,49,0
2020-03-28,Tuolumne,109,53932,2,2,0,2,0
2020-03-28,Ventura,111,848112,270,178,0,178,4
2020-03-28,Yolo,113,214977,51,26,0,26,2
2020-03-28,Yuba,115,75493,8,6,0,6,0
2020-03-27,Alameda,001,1643700,597,185,1,186,4
2020-03-27,Alpine,003,1148,1,0,0,0,0
2020-03-27,Amador,005,37829,4,1,0,1,0
2020-03-27,Butte,007,227075,13,4,1,5,0
2020-03-27,Calaveras,009,45235,6,2,0,2,0
2020-03-27,Colusa,011,21464,3,0,0,0,0
2020-03-27,Contra Costa,013,1133247,399,161,0,161,2
2020-03-27,Del Norte,015,27424,0,0,0,0,0
2020-03-27,El Dorado,017,186661,29,9,0,9,0
2020-03-27,Fresno,019,978130,181,29,2,31,0
2020-03-27,Glenn,021,27897,2,0,0,0,0
2020-03-27,Humboldt,023,135768,42,9,0,9,0
2020-03-27,Imperial,025,180216,69,9,0,9,0
2020-03-27,Inyo,027,18085,9,0,0,0,0
2020-03-27,Kern,029,883053,200,20,0,20,0
2020-03-27,Kings,031,150075,25,0,0,0,0
2020-03-27,Lake,033,64148,0,0,0,0,0
2020-03-27,Lassen,035,31185,3,0,1,1,0
2020-03-27,Los Angeles,037,10098052,5005,1474,10,1484,26
2020-03-27,Madera,039,155013,41,10,0,10,1
2020-03-27,Marin,041,260295,115,58,0,58,0
2020-03-27,Mariposa,043,17540,0,0,0,0,0
2020-03-27,Mendocino,045,87422,5,2,0,2,0
2020-03-27,Merced,047,269075,35,3,0,3,0
2020-03-27,Modoc,049,8938,0,0,0,0,0
2020-03-27,Mono,051,14174,24,6,0,6,0
2020-03-27,Monterey,053,433212,69,26,0,26,1
2020-03-27,Napa,055,140530,27,5,0,5,0
2020-03-27,Nevada,057,99092,32,6,1,7,0
2020-03-27,Orange,059,3164182,1121,299,13,312,2
2020-03-27,Placer,061,380077,109,33,0,33,1
2020-03-27,Plumas,063,18699,0,0,0,0,0
2020-03-27,Riverside,065,2383286,955,121,12,133,7
2020-03-27,Sacramento,067,1510023,504,163,0,163,6
2020-03-27,San Benito,069,59416,27,9,0,9,1
2020-03-27,San Bernardino,071,2135413,513,77,0,77,2
2020-03-27,San Diego,073,3302833,1322,419,0,419,5
2020-03-27,San Francisco,075,870044,621,285,0,285,2
2020-03-27,San Joaquin,077,732212,201,73,3,76,3
2020-03-27,San Luis Obispo,079,281455,115,46,0,46,0
2020-03-27,San Mateo,081,765935,646,213,2,215,7
2020-03-27,Santa Barbara,083,443738,180,37,1,38,0
2020-03-27,Santa Clara,085,1922200,1283,557,3,560,25
2020-03-27,Santa Cruz,087,273765,79,31,0,31,0
2020-03-27,Shasta,089,179085,17,3,0,3,1
2020-03-27,Sierra,091,2930,0,0,0,0,0
2020-03-27,Siskiyou,093,43540,4,2,0,2,0
2020-03-27,Solano,095,438530,93,48,0,48,0
2020-03-27,Sonoma,097,501317,133,35,0,35,1
2020-03-27,Stanislaus,099,539301,83,16,3,19,0
2020-03-27,Sutter,101,95872,16,2,0,2,0
2020-03-27,Tehama,103,63373,1,0,0,0,0
2020-03-27,Trinity,105,12862,0,0,0,0,0
2020-03-27,Tulare,107,460477,106,15,3,18,0
2020-03-27,Tuolumne,109,53932,2,1,0,1,0
2020-03-27,Ventura,111,848112,261,80,0,80,2
2020-03-27,Yolo,113,214977,50,13,0,13,1
2020-03-27,Yuba,115,75493,7,3,0,3,0
2020-03-26,Alameda,001,1643700,557,172,1,173,4
2020-03-26,Alpine,003,1148,1,0,0,0,0
2020-03-26,Amador,005,37829,4,1,0,1,0
2020-03-26,Butte,007,227075,13,4,1,5,0
2020-03-26,Calaveras,009,45235,6,2,0,2,0
2020-03-26,Colusa,011,21464,3,0,0,0,0
2020-03-26,Contra Costa,013,1133247,388,147,0,147,2
2020-03-26,Del Norte,015,27424,0,0,0,0,0
2020-03-26,El Dorado,017,186661,27,7,0,7,0
2020-03-26,Fresno,019,978130,172,25,2,27,0
2020-03-26,Glenn,021,27897,2,0,0,0,0
2020-03-26,Humboldt,023,135768,38,8,0,8,0
2020-03-26,Imperial,025,180216,65,8,0,8,0
2020-03-26,Inyo,027,18085,8,0,0,0,0
2020-03-26,Kern,029,883053,184,20,0,20,0
2020-03-26,Kings,031,150075,25,0,0,0,0
2020-03-26,Lake,033,64148,0,0,0,0,0
2020-03-26,Lassen,035,31185,3,0,1,1,0
2020-03-26,Los Angeles,037,10098052,4598,1075,10,1085,19
2020-03-26,Madera,039,155013,39,8,0,8,0
2020-03-26,Marin,041,260295,106,56,0,56,0
2020-03-26,Mariposa,043,17540,0,0,0,0,0
2020-03-26,Mendocino,045,87422,4,1,0,1,0
2020-03-26,Merced,047,269075,32,1,0,1,0
2020-03-26,Modoc,049,8938,0,0,0,0,0
2020-03-26,Mono,051,14174,23,5,0,5,0
2020-03-26,Monterey,053,433212,66,25,0,25,1
2020-03-26,Napa,055,140530,26,5,0,5,0
2020-03-26,Nevada,057,99092,32,7,1,8,0
2020-03-26,Orange,059,3164182,1059,279,11,290,1
2020-03-26,Placer,061,380077,106,34,0,34,1
2020-03-26,Plumas,063,18699,0,0,0,0,0
2020-03-26,Riverside,065,2383286,884,118,12,130,7
2020-03-26,Sacramento,067,1510023,471,147,0,147,5
2020-03-26,San Benito,069,59416,27,8,0,8,1
2020-03-26,San Bernardino,071,2135413,447,57,0,57,1
2020-03-26,San Diego,073,3302833,1255,299,0,299,2
2020-03-26,San Francisco,075,870044,594,261,0,261,1
2020-03-26,San Joaquin,077,732212,190,69,3,72,3
2020-03-26,San Luis Obispo,079,281455,110,38,0,38,0
2020-03-26,San Mateo,081,765935,612,122,2,124,5
2020-03-26,Santa Barbara,083,443738,167,33,1,34,0
2020-03-26,Santa Clara,085,1922200,1238,487,2,489,20
2020-03-26,Santa Cruz,087,273765,75,30,0,30,0
2020-03-26,Shasta,089,179085,17,3,0,3,1
2020-03-26,Sierra,091,2930,0,0,0,0,0
2020-03-26,Siskiyou,093,43540,4,2,0,2,0
2020-03-26,Solano,095,438530,85,41,0,41,0
2020-03-26,Sonoma,097,501317,128,33,0,33,1
2020-03-26,Stanislaus,099,539301,81,15,3,18,0
2020-03-26,Sutter,101,95872,12,2,0,2,0
2020-03-26,Tehama,103,63373,1,0,0,0,0
2020-03-26,Trinity,105,12862,0,0,0,0,0
2020-03-26,Tulare,107,460477,97,15,3,18,0
2020-03-26,Tuolumne,109,53932,2,0,0,0,0
2020-03-26,Ventura,111,848112,245,70,0,70,1
2020-03-26,Yolo,113,214977,46,13,0,13,1
2020-03-26,Yuba,115,75493,7,3,0,3,0
2020-03-25,Alameda,001,1643700,536,134,1,135,3
2020-03-25,Alpine,003,1148,1,0,0,0,0
2020-03-25,Amador,005,37829,4,1,0,1,0
2020-03-25,Butte,007,227075,13,4,1,5,0
2020-03-25,Calaveras,009,45235,6,2,0,2,0
2020-03-25,Colusa,011,21464,2,0,0,0,0
2020-03-25,Contra Costa,013,1133247,374,131,0,131,1
2020-03-25,Del Norte,015,27424,0,0,0,0,0
2020-03-25,El Dorado,017,186661,27,5,0,5,0
2020-03-25,Fresno,019,978130,152,21,2,23,0
2020-03-25,Glenn,021,27897,2,0,0,0,0
2020-03-25,Humboldt,023,135768,35,3,0,3,0
2020-03-25,Imperial,025,180216,57,8,0,8,0
2020-03-25,Inyo,027,18085,5,0,0,0,0
2020-03-25,Kern,029,883053,164,13,0,13,0
2020-03-25,Kings,031,150075,23,0,0,0,0
2020-03-25,Lake,033,64148,0,0,0,0,0
2020-03-25,Lassen,035,31185,3,0,1,1,0
2020-03-25,Los Angeles,037,10098052,4198,725,10,735,10
2020-03-25,Madera,039,155013,37,6,0,6,0
2020-03-25,Marin,041,260295,100,47,0,47,0
2020-03-25,Mariposa,043,17540,0,0,0,0,0
2020-03-25,Mendocino,045,87422,3,1,0,1,0
2020-03-25,Merced,047,269075,29,0,0,0,0
2020-03-25,Modoc,049,8938,0,0,0,0,0
2020-03-25,Mono,051,14174,22,4,0,4,0
2020-03-25,Monterey,053,433212,63,23,0,23,1
2020-03-25,Napa,055,140530,26,5,0,5,0
2020-03-25,Nevada,057,99092,31,5,1,6,0
2020-03-25,Orange,059,3164182,1001,214,9,223,1
2020-03-25,Placer,061,380077,100,30,0,30,1
2020-03-25,Plumas,063,18699,0,1,0,1,0
2020-03-25,Riverside,065,2383286,813,87,12,99,5
2020-03-25,Sacramento,067,1510023,445,114,0,114,5
2020-03-25,San Benito,069,59416,26,4,0,4,1
2020-03-25,San Bernardino,071,2135413,408,46,0,46,1
2020-03-25,San Diego,073,3302833,1193,238,0,238,2
2020-03-25,San Francisco,075,870044,553,212,0,212,1
2020-03-25,San Joaquin,077,732212,177,64,3,67,2
2020-03-25,San Luis Obispo,079,281455,105,35,0,35,0
2020-03-25,San Mateo,081,765935,577,111,2,113,5
2020-03-25,Santa Barbara,083,443738,157,25,1,26,0
2020-03-25,Santa Clara,085,1922200,1194,452,2,454,20
2020-03-25,Santa Cruz,087,273765,72,26,0,26,0
2020-03-25,Shasta,089,179085,16,3,0,3,1
2020-03-25,Sierra,091,2930,0,0,0,0,0
2020-03-25,Siskiyou,093,43540,4,2,0,2,0
2020-03-25,Solano,095,438530,80,39,0,39,0
2020-03-25,Sonoma,097,501317,123,31,0,31,1
2020-03-25,Stanislaus,099,539301,74,14,3,17,0
2020-03-25,Sutter,101,95872,9,1,0,1,0
2020-03-25,Tehama,103,63373,1,0,0,0,0
2020-03-25,Trinity,105,12862,0,0,0,0,0
2020-03-25,Tulare,107,460477,87,11,3,14,0
2020-03-25,Tuolumne,109,53932,2,0,0,0,0
2020-03-25,Ventura,111,848112,229,53,0,53,1
2020-03-25,Yolo,113,214977,44,9,0,9,1
2020-03-25,Yuba,115,75493,7,2,0,2,0
2020-03-24,Alameda,001,1643700,504,96,1,97,2
2020-03-24,Alpine,003,1148,1,0,0,0,0
2020-03-24,Amador,005,37829,2,1,0,1,0
2020-03-24,Butte,007,227075,12,3,1,4,0
2020-03-24,Calaveras,009,45235,5,2,0,2,0
2020-03-24,Colusa,011,21464,2,0,0,0,0
2020-03-24,Contra Costa,013,1133247,361,108,0,108,1
2020-03-24,Del Norte,015,27424,0,0,0,0,0
2020-03-24,El Dorado,017,186661,27,3,0,3,0
2020-03-24,Fresno,019,978130,133,18,2,20,0
2020-03-24,Glenn,021,27897,2,0,0,0,0
2020-03-24,Humboldt,023,135768,33,2,0,2,0
2020-03-24,Imperial,025,180216,54,3,0,3,0
2020-03-24,Inyo,027,18085,5,0,0,0,0
2020-03-24,Kern,029,883053,144,5,0,5,0
2020-03-24,Kings,031,150075,22,0,0,0,0
2020-03-24,Lake,033,64148,0,0,0,0,0
2020-03-24,Lassen,035,31185,3,0,1,1,0
2020-03-24,Los Angeles,037,10098052,3754,633,10,643,7
2020-03-24,Madera,039,155013,36,6,0,6,0
2020-03-24,Marin,041,260295,89,44,0,44,0
2020-03-24,Mariposa,043,17540,0,0,0,0,0
2020-03-24,Mendocino,045,87422,3,1,0,1,0
2020-03-24,Merced,047,269075,26,0,0,0,0
2020-03-24,Modoc,049,8938,0,0,0,0,0
2020-03-24,Mono,051,14174,21,1,0,1,0
2020-03-24,Monterey,053,433212,59,23,0,23,1
2020-03-24,Napa,055,140530,23,2,0,2,0
2020-03-24,Nevada,057,99092,30,4,1,5,0
2020-03-24,Orange,059,3164182,939,166,9,175,0
2020-03-24,Placer,061,380077,93,22,0,22,1
2020-03-24,Plumas,063,18699,0,1,0,1,0
2020-03-24,Riverside,065,2383286,746,56,12,68,5
2020-03-24,Sacramento,067,1510023,426,93,0,93,4
2020-03-24,San Benito,069,59416,25,4,0,4,1
2020-03-24,San Bernardino,071,2135413,364,27,0,27,0
2020-03-24,San Diego,073,3302833,1126,231,0,231,2
2020-03-24,San Francisco,075,870044,521,181,0,181,1
2020-03-24,San Joaquin,077,732212,166,52,3,55,2
2020-03-24,San Luis Obispo,079,281455,102,32,0,32,0
2020-03-24,San Mateo,081,765935,536,100,2,102,2
2020-03-24,Santa Barbara,083,443738,151,20,1,21,0
2020-03-24,Santa Clara,085,1922200,1125,389,2,391,17
2020-03-24,Santa Cruz,087,273765,67,22,0,22,0
2020-03-24,Shasta,089,179085,15,3,0,3,0
2020-03-24,Sierra,091,2930,0,0,0,0,0
2020-03-24,Siskiyou,093,43540,4,2,0,2,0
2020-03-24,Solano,095,438530,78,34,0,34,0
2020-03-24,Sonoma,097,501317,116,27,0,27,1
2020-03-24,Stanislaus,099,539301,65,13,3,16,0
2020-03-24,Sutter,101,95872,9,0,0,0,0
2020-03-24,Tehama,103,63373,1,0,0,0,0
2020-03-24,Trinity,105,12862,0,0,0,0,0
2020-03-24,Tulare,107,460477,77,10,3,13,0
2020-03-24,Tuolumne,109,53932,2,0,0,0,0
2020-03-24,Ventura,111,848112,213,44,0,44,1
2020-03-24,Yolo,113,214977,40,8,0,8,0
2020-03-24,Yuba,115,75493,7,2,0,2,0
2020-03-23,Alameda,001,1643700,472,88,1,89,1
2020-03-23,Alpine,003,1148,1,0,0,0,0
2020-03-23,Amador,005,37829,2,1,0,1,0
2020-03-23,Butte,007,227075,12,2,0,2,0
2020-03-23,Calaveras,009,45235,5,2,0,2,0
2020-03-23,Colusa,011,21464,1,0,0,0,0
2020-03-23,Contra Costa,013,1133247,341,91,0,91,2
2020-03-23,Del Norte,015,27424,0,0,0,0,0
2020-03-23,El Dorado,017,186661,26,3,0,3,0
2020-03-23,Fresno,019,978130,123,10,2,12,0
2020-03-23,Glenn,021,27897,2,0,0,0,0
2020-03-23,Humboldt,023,135768,31,2,0,2,0
2020-03-23,Imperial,025,180216,50,2,0,2,0
2020-03-23,Inyo,027,18085,3,0,0,0,0
2020-03-23,Kern,029,883053,130,5,0,5,0
2020-03-23,Kings,031,150075,22,0,0,0,0
2020-03-23,Lake,033,64148,0,0,0,0,0
2020-03-23,Lassen,035,31185,3,0,1,1,0
2020-03-23,Los Angeles,037,10098052,3446,389,10,399,4
2020-03-23,Madera,039,155013,36,4,0,4,0
2020-03-23,Marin,041,260295,84,30,0,30,0
2020-03-23,Mariposa,043,17540,0,0,0,0,0
2020-03-23,Mendocino,045,87422,3,1,0,1,0
2020-03-23,Merced,047,269075,19,0,0,0,0
2020-03-23,Modoc,049,8938,0,0,0,0,0
2020-03-23,Mono,051,14174,19,1,0,1,0
2020-03-23,Monterey,053,433212,54,14,0,14,1
2020-03-23,Napa,055,140530,21,1,0,1,0
2020-03-23,Nevada,057,99092,27,2,1,3,0
2020-03-23,Orange,059,3164182,884,138,7,145,0
2020-03-23,Placer,061,380077,90,19,0,19,1
2020-03-23,Plumas,063,18699,0,0,0,0,0
2020-03-23,Riverside,065,2383286,703,39,12,51,5
2020-03-23,Sacramento,067,1510023,393,87,0,87,4
2020-03-23,San Benito,069,59416,24,4,0,4,1
2020-03-23,San Bernardino,071,2135413,334,17,0,17,0
2020-03-23,San Diego,073,3302833,1067,178,0,178,1
2020-03-23,San Francisco,075,870044,492,152,0,152,0
2020-03-23,San Joaquin,077,732212,154,37,3,40,2
2020-03-23,San Luis Obispo,079,281455,96,23,0,23,0
2020-03-23,San Mateo,081,765935,497,88,2,90,1
2020-03-23,Santa Barbara,083,443738,133,18,1,19,0
2020-03-23,Santa Clara,085,1922200,1076,336,2,338,13
2020-03-23,Santa Cruz,087,273765,65,21,0,21,0
2020-03-23,Shasta,089,179085,13,2,0,2,0
2020-03-23,Sierra,091,2930,0,0,0,0,0
2020-03-23,Siskiyou,093,43540,4,2,0,2,0
2020-03-23,Solano,095,438530,74,33,0,33,0
2020-03-23,Sonoma,097,501317,104,19,0,19,1
2020-03-23,Stanislaus,099,539301,57,10,3,13,0
2020-03-23,Sutter,101,95872,9,0,0,0,0
2020-03-23,Tehama,103,63373,1,0,0,0,0
2020-03-23,Trinity,105,12862,0,0,0,0,0
2020-03-23,Tulare,107,460477,68,9,3,12,0
2020-03-23,Tuolumne,109,53932,2,0,0,0,0
2020-03-23,Ventura,111,848112,196,30,0,30,0
2020-03-23,Yolo,113,214977,39,8,0,8,0
2020-03-23,Yuba,115,75493,7,2,0,2,0
2020-03-22,Alameda,001,1643700,433,72,1,73,1
2020-03-22,Alpine,003,1148,1,0,0,0,0
2020-03-22,Amador,005,37829,2,1,0,1,0
2020-03-22,Butte,007,227075,8,1,0,1,0
2020-03-22,Calaveras,009,45235,4,2,0,2,0
2020-03-22,Colusa,011,21464,1,0,0,0,0
2020-03-22,Contra Costa,013,1133247,314,79,0,79,1
2020-03-22,Del Norte,015,27424,0,0,0,0,0
2020-03-22,El Dorado,017,186661,24,1,0,1,0
2020-03-22,Fresno,019,978130,103,8,2,10,0
2020-03-22,Glenn,021,27897,2,0,0,0,0
2020-03-22,Humboldt,023,135768,28,1,0,1,0
2020-03-22,Imperial,025,180216,48,2,0,2,0
2020-03-22,Inyo,027,18085,1,0,0,0,0
2020-03-22,Kern,029,883053,114,3,0,3,0
2020-03-22,Kings,031,150075,19,0,0,0,0
2020-03-22,Lake,033,64148,0,0,0,0,0
2020-03-22,Lassen,035,31185,3,0,1,1,0
2020-03-22,Los Angeles,037,10098052,3116,384,10,394,3
2020-03-22,Madera,039,155013,33,4,0,4,0
2020-03-22,Marin,041,260295,74,30,0,30,0
2020-03-22,Mariposa,043,17540,0,0,0,0,0
2020-03-22,Mendocino,045,87422,3,1,0,1,0
2020-03-22,Merced,047,269075,16,0,0,0,0
2020-03-22,Modoc,049,8938,0,0,0,0,0
2020-03-22,Mono,051,14174,14,1,0,1,0
2020-03-22,Monterey,053,433212,51,14,0,14,1
2020-03-22,Napa,055,140530,17,1,0,1,0
2020-03-22,Nevada,057,99092,23,2,1,3,0
2020-03-22,Orange,059,3164182,811,102,4,106,0
2020-03-22,Placer,061,380077,88,18,0,18,1
2020-03-22,Plumas,063,18699,0,0,0,0,0
2020-03-22,Riverside,065,2383286,613,26,8,34,5
2020-03-22,Sacramento,067,1510023,361,82,0,82,4
2020-03-22,San Benito,069,59416,19,4,0,4,1
2020-03-22,San Bernardino,071,2135413,290,16,0,16,0
2020-03-22,San Diego,073,3302833,979,161,0,161,0
2020-03-22,San Francisco,075,870044,455,134,0,134,0
2020-03-22,San Joaquin,077,732212,140,30,3,33,2
2020-03-22,San Luis Obispo,079,281455,89,19,0,19,0
2020-03-22,San Mateo,081,765935,464,82,2,84,1
2020-03-22,Santa Barbara,083,443738,119,16,1,17,0
2020-03-22,Santa Clara,085,1922200,1012,284,2,286,13
2020-03-22,Santa Cruz,087,273765,64,19,0,19,0
2020-03-22,Shasta,089,179085,13,1,0,1,0
2020-03-22,Sierra,091,2930,0,0,0,0,0
2020-03-22,Siskiyou,093,43540,4,2,0,2,0
2020-03-22,Solano,095,438530,65,30,0,30,0
2020-03-22,Sonoma,097,501317,99,18,0,18,1
2020-03-22,Stanislaus,099,539301,51,8,3,11,0
2020-03-22,Sutter,101,95872,8,0,0,0,0
2020-03-22,Tehama,103,63373,0,0,0,0,0
2020-03-22,Trinity,105,12862,0,0,0,0,0
2020-03-22,Tulare,107,460477,62,5,3,8,0
2020-03-22,Tuolumne,109,53932,2,0,0,0,0
2020-03-22,Ventura,111,848112,174,26,0,26,0
2020-03-22,Yolo,113,214977,33,6,0,6,0
2020-03-22,Yuba,115,75493,7,2,0,2,0
2020-03-21,Alameda,001,1643700,409,62,1,63,0
2020-03-21,Alpine,003,1148,1,0,0,0,0
2020-03-21,Amador,005,37829,2,1,0,1,0
2020-03-21,Butte,007,227075,7,1,0,1,0
2020-03-21,Calaveras,009,45235,4,2,0,2,0
2020-03-21,Colusa,011,21464,1,0,0,0,0
2020-03-21,Contra Costa,013,1133247,303,62,0,62,1
2020-03-21,Del Norte,015,27424,0,0,0,0,0
2020-03-21,El Dorado,017,186661,21,1,0,1,0
2020-03-21,Fresno,019,978130,99,8,2,10,0
2020-03-21,Glenn,021,27897,2,0,0,0,0
2020-03-21,Humboldt,023,135768,25,1,0,1,0
2020-03-21,Imperial,025,180216,44,2,0,2,0
2020-03-21,Inyo,027,18085,1,0,0,0,0
2020-03-21,Kern,029,883053,108,3,0,3,0
2020-03-21,Kings,031,150075,19,0,0,0,0
2020-03-21,Lake,033,64148,0,0,0,0,0
2020-03-21,Lassen,035,31185,3,0,1,1,0
2020-03-21,Los Angeles,037,10098052,2839,322,10,332,2
2020-03-21,Madera,039,155013,33,4,0,4,0
2020-03-21,Marin,041,260295,69,30,0,30,0
2020-03-21,Mariposa,043,17540,0,0,0,0,0
2020-03-21,Mendocino,045,87422,3,1,0,1,0
2020-03-21,Merced,047,269075,12,0,0,0,0
2020-03-21,Modoc,049,8938,0,0,0,0,0
2020-03-21,Mono,051,14174,14,1,0,1,0
2020-03-21,Monterey,053,433212,48,8,0,8,1
2020-03-21,Napa,055,140530,17,0,0,0,0
2020-03-21,Nevada,057,99092,23,2,1,3,0
2020-03-21,Orange,059,3164182,762,85,4,89,0
2020-03-21,Placer,061,380077,78,11,0,11,1
2020-03-21,Plumas,063,18699,0,0,0,0,0
2020-03-21,Riverside,065,2383286,566,20,8,28,3
2020-03-21,Sacramento,067,1510023,334,66,0,66,3
2020-03-21,San Benito,069,59416,17,4,0,4,1
2020-03-21,San Bernardino,071,2135413,270,13,0,13,0
2020-03-21,San Diego,073,3302833,901,121,0,121,0
2020-03-21,San Francisco,075,870044,419,106,0,106,0
2020-03-21,San Joaquin,077,732212,131,26,3,29,2
2020-03-21,San Luis Obispo,079,281455,84,16,0,16,0
2020-03-21,San Mateo,081,765935,426,78,2,80,1
2020-03-21,Santa Barbara,083,443738,109,8,1,9,0
2020-03-21,Santa Clara,085,1922200,950,269,2,271,10
2020-03-21,Santa Cruz,087,273765,62,17,0,17,0
2020-03-21,Shasta,089,179085,12,1,0,1,0
2020-03-21,Sierra,091,2930,0,0,0,0,0
2020-03-21,Siskiyou,093,43540,4,0,0,0,0
2020-03-21,Solano,095,438530,63,30,0,30,0
2020-03-21,Sonoma,097,501317,98,15,0,15,1
2020-03-21,Stanislaus,099,539301,45,7,3,10,0
2020-03-21,Sutter,101,95872,7,0,0,0,0
2020-03-21,Tehama,103,63373,0,0,0,0,0
2020-03-21,Trinity,105,12862,0,0,0,0,0
2020-03-21,Tulare,107,460477,54,5,3,8,0
2020-03-21,Tuolumne,109,53932,2,0,0,0,0
2020-03-21,Ventura,111,848112,166,22,0,22,0
2020-03-21,Yolo,113,214977,33,6,0,6,0
2020-03-21,Yuba,115,75493,7,1,0,1,0
2020-03-20,Alameda,001,1643700,388,42,1,43,0
2020-03-20,Alpine,003,1148,1,0,0,0,0
2020-03-20,Amador,005,37829,1,0,0,0,0
2020-03-20,Butte,007,227075,7,0,0,0,0
2020-03-20,Calaveras,009,45235,4,2,0,2,0
2020-03-20,Colusa,011,21464,1,0,0,0,0
2020-03-20,Contra Costa,013,1133247,273,52,0,52,1
2020-03-20,Del Norte,015,27424,0,0,0,0,0
2020-03-20,El Dorado,017,186661,20,1,0,1,0
2020-03-20,Fresno,019,978130,96,7,2,9,0
2020-03-20,Glenn,021,27897,1,0,0,0,0
2020-03-20,Humboldt,023,135768,25,1,0,1,0
2020-03-20,Imperial,025,180216,43,2,0,2,0
2020-03-20,Inyo,027,18085,0,0,0,0,0
2020-03-20,Kern,029,883053,93,3,0,3,0
2020-03-20,Kings,031,150075,18,0,0,0,0
2020-03-20,Lake,033,64148,0,0,0,0,0
2020-03-20,Lassen,035,31185,3,0,1,1,0
2020-03-20,Los Angeles,037,10098052,2610,267,9,276,1
2020-03-20,Madera,039,155013,32,4,0,4,0
2020-03-20,Marin,041,260295,66,30,0,30,0
2020-03-20,Mariposa,043,17540,0,0,0,0,0
2020-03-20,Mendocino,045,87422,3,1,0,1,0
2020-03-20,Merced,047,269075,10,0,0,0,0
2020-03-20,Modoc,049,8938,0,0,0,0,0
2020-03-20,Mono,051,14174,14,0,0,0,0
2020-03-20,Monterey,053,433212,47,4,0,4,0
2020-03-20,Napa,055,140530,16,0,0,0,0
2020-03-20,Nevada,057,99092,20,2,1,3,0
2020-03-20,Orange,059,3164182,715,71,4,75,2
2020-03-20,Placer,061,380077,72,9,0,9,1
2020-03-20,Plumas,063,18699,0,0,0,0,0
2020-03-20,Riverside,065,2383286,507,19,8,27,3
2020-03-20,Sacramento,067,1510023,313,56,0,56,4
2020-03-20,San Benito,069,59416,17,4,0,4,1
2020-03-20,San Bernardino,071,2135413,243,9,0,9,0
2020-03-20,San Diego,073,3302833,849,98,0,98,0
2020-03-20,San Francisco,075,870044,387,87,0,87,0
2020-03-20,San Joaquin,077,732212,116,18,3,21,2
2020-03-20,San Luis Obispo,079,281455,80,11,0,11,0
2020-03-20,San Mateo,081,765935,396,71,2,73,1
2020-03-20,Santa Barbara,083,443738,97,7,1,8,0
2020-03-20,Santa Clara,085,1922200,914,246,2,248,8
2020-03-20,Santa Cruz,087,273765,60,13,0,13,0
2020-03-20,Shasta,089,179085,11,1,0,1,0
2020-03-20,Sierra,091,2930,0,0,0,0,0
2020-03-20,Siskiyou,093,43540,4,0,0,0,0
2020-03-20,Solano,095,438530,59,29,0,29,0
2020-03-20,Sonoma,097,501317,90,7,0,7,0
2020-03-20,Stanislaus,099,539301,39,7,3,10,0
2020-03-20,Sutter,101,95872,7,0,0,0,0
2020-03-20,Tehama,103,63373,0,0,0,0,0
2020-03-20,Trinity,105,12862,0,0,0,0,0
2020-03-20,Tulare,107,460477,50,4,3,7,0
2020-03-20,Tuolumne,109,53932,2,0,0,0,0
2020-03-20,Ventura,111,848112,156,18,0,18,0
2020-03-20,Yolo,113,214977,31,5,0,5,0
2020-03-20,Yuba,115,75493,6,0,0,0,0
2020-03-19,Alameda,001,1643700,352,36,1,37,0
2020-03-19,Alpine,003,1148,1,0,0,0,0
2020-03-19,Amador,005,37829,1,0,0,0,0
2020-03-19,Butte,007,227075,5,0,0,0,0
2020-03-19,Calaveras,009,45235,4,2,0,2,0
2020-03-19,Colusa,011,21464,0,0,0,0,0
2020-03-19,Contra Costa,013,1133247,257,46,0,46,0
2020-03-19,Del Norte,015,27424,0,0,0,0,0
2020-03-19,El Dorado,017,186661,18,0,0,0,0
2020-03-19,Fresno,019,978130,87,6,2,8,0
2020-03-19,Glenn,021,27897,1,0,0,0,0
2020-03-19,Humboldt,023,135768,23,1,0,1,0
2020-03-19,Imperial,025,180216,36,2,0,2,0
2020-03-19,Inyo,027,18085,0,0,0,0,0
2020-03-19,Kern,029,883053,81,3,0,3,0
2020-03-19,Kings,031,150075,14,0,0,0,0
2020-03-19,Lake,033,64148,0,0,0,0,0
2020-03-19,Lassen,035,31185,2,0,1,1,0
2020-03-19,Los Angeles,037,10098052,2319,233,9,242,0
2020-03-19,Madera,039,155013,31,3,0,3,0
2020-03-19,Marin,041,260295,63,19,0,19,0
2020-03-19,Mariposa,043,17540,0,0,0,0,0
2020-03-19,Mendocino,045,87422,2,1,0,1,0
2020-03-19,Merced,047,269075,9,0,0,0,0
2020-03-19,Modoc,049,8938,0,0,0,0,0
2020-03-19,Mono,051,14174,12,0,0,0,0
2020-03-19,Monterey,053,433212,39,3,0,3,0
2020-03-19,Napa,055,140530,14,0,0,0,0
2020-03-19,Nevada,057,99092,18,2,1,3,0
2020-03-19,Orange,059,3164182,634,59,4,63,0
2020-03-19,Placer,061,380077,64,8,0,8,1
2020-03-19,Plumas,063,18699,0,0,0,0,0
2020-03-19,Riverside,065,2383286,396,14,6,20,3
2020-03-19,Sacramento,067,1510023,280,52,0,52,3
2020-03-19,San Benito,069,59416,14,3,0,3,0
2020-03-19,San Bernardino,071,2135413,213,7,0,7,0
2020-03-19,San Diego,073,3302833,766,68,0,68,0
2020-03-19,San Francisco,075,870044,351,80,0,80,0
2020-03-19,San Joaquin,077,732212,102,15,3,18,2
2020-03-19,San Luis Obispo,079,281455,77,6,0,6,0
2020-03-19,San Mateo,081,765935,361,58,2,60,1
2020-03-19,Santa Barbara,083,443738,85,5,0,5,0
2020-03-19,Santa Clara,085,1922200,847,183,2,185,8
2020-03-19,Santa Cruz,087,273765,57,13,0,13,0
2020-03-19,Shasta,089,179085,10,1,0,1,0
2020-03-19,Sierra,091,2930,0,0,0,0,0
2020-03-19,Siskiyou,093,43540,3,0,0,0,0
2020-03-19,Solano,095,438530,55,26,0,26,0
2020-03-19,Sonoma,097,501317,87,8,0,8,0
2020-03-19,Stanislaus,099,539301,38,7,3,10,0
2020-03-19,Sutter,101,95872,7,0,0,0,0
2020-03-19,Tehama,103,63373,0,0,0,0,0
2020-03-19,Trinity,105,12862,0,0,0,0,0
2020-03-19,Tulare,107,460477,44,3,3,6,0
2020-03-19,Tuolumne,109,53932,2,0,0,0,0
2020-03-19,Ventura,111,848112,134,15,0,15,0
2020-03-19,Yolo,113,214977,27,5,0,5,0
2020-03-19,Yuba,115,75493,5,0,0,0,0
2020-03-18,Alameda,001,1643700,323,29,1,30,0
2020-03-18,Alpine,003,1148,1,0,0,0,0
2020-03-18,Amador,005,37829,1,0,0,0,0
2020-03-18,Butte,007,227075,4,0,0,0,0
2020-03-18,Calaveras,009,45235,4,2,0,2,0
2020-03-18,Colusa,011,21464,0,0,0,0,0
2020-03-18,Contra Costa,013,1133247,235,44,0,44,0
2020-03-18,Del Norte,015,27424,0,0,0,0,0
2020-03-18,El Dorado,017,186661,17,0,0,0,0
2020-03-18,Fresno,019,978130,78,3,1,4,0
2020-03-18,Glenn,021,27897,1,0,0,0,0
2020-03-18,Humboldt,023,135768,19,1,0,1,0
2020-03-18,Imperial,025,180216,30,2,0,2,0
2020-03-18,Inyo,027,18085,0,0,0,0,0
2020-03-18,Kern,029,883053,66,1,0,1,0
2020-03-18,Kings,031,150075,12,0,0,0,0
2020-03-18,Lake,033,64148,0,0,0,0,0
2020-03-18,Lassen,035,31185,1,0,1,1,0
2020-03-18,Los Angeles,037,10098052,2074,47,9,56,0
2020-03-18,Madera,039,155013,30,2,0,2,0
2020-03-18,Marin,041,260295,58,10,0,10,0
2020-03-18,Mariposa,043,17540,0,0,0,0,0
2020-03-18,Mendocino,045,87422,2,0,0,0,0
2020-03-18,Merced,047,269075,9,0,0,0,0
2020-03-18,Modoc,049,8938,0,0,0,0,0
2020-03-18,Mono,051,14174,11,0,0,0,0
2020-03-18,Monterey,053,433212,31,1,0,1,0
2020-03-18,Napa,055,140530,11,0,0,0,0
2020-03-18,Nevada,057,99092,16,2,1,3,0
2020-03-18,Orange,059,3164182,576,38,4,42,0
2020-03-18,Placer,061,380077,57,8,0,8,1
2020-03-18,Plumas,063,18699,0,0,0,0,0
2020-03-18,Riverside,065,2383286,333,11,5,16,2
2020-03-18,Sacramento,067,1510023,257,46,0,46,3
2020-03-18,San Benito,069,59416,13,3,0,3,0
2020-03-18,San Bernardino,071,2135413,191,3,0,3,0
2020-03-18,San Diego,073,3302833,681,40,0,40,0
2020-03-18,San Francisco,075,870044,332,65,0,65,0
2020-03-18,San Joaquin,077,732212,90,14,3,17,2
2020-03-18,San Luis Obispo,079,281455,70,5,0,5,0
2020-03-18,San Mateo,081,765935,340,57,2,59,1
2020-03-18,Santa Barbara,083,443738,77,2,0,2,0
2020-03-18,Santa Clara,085,1922200,796,151,2,153,6
2020-03-18,Santa Cruz,087,273765,55,11,0,11,0
2020-03-18,Shasta,089,179085,9,1,0,1,0
2020-03-18,Sierra,091,2930,0,0,0,0,0
2020-03-18,Siskiyou,093,43540,3,0,0,0,0
2020-03-18,Solano,095,438530,51,26,0,26,0
2020-03-18,Sonoma,097,501317,78,6,0,6,0
2020-03-18,Stanislaus,099,539301,34,5,2,7,0
2020-03-18,Sutter,101,95872,5,0,0,0,0
2020-03-18,Tehama,103,63373,0,0,0,0,0
2020-03-18,Trinity,105,12862,0,0,0,0,0
2020-03-18,Tulare,107,460477,34,3,3,6,0
2020-03-18,Tuolumne,109,53932,2,0,0,0,0
2020-03-18,Ventura,111,848112,115,11,0,11,0
2020-03-18,Yolo,113,214977,24,4,0,4,0
2020-03-18,Yuba,115,75493,4,0,0,0,0
2020-03-17,Alameda,001,1643700,291,19,0,19,0
2020-03-17,Alpine,003,1148,0,0,0,0,0
2020-03-17,Amador,005,37829,1,0,0,0,0
2020-03-17,Butte,007,227075,4,0,0,0,0
2020-03-17,Calaveras,009,45235,4,2,0,2,0
2020-03-17,Colusa,011,21464,0,0,0,0,0
2020-03-17,Contra Costa,013,1133247,213,37,0,37,0
2020-03-17,Del Norte,015,27424,0,0,0,0,0
2020-03-17,El Dorado,017,186661,16,0,0,0,0
2020-03-17,Fresno,019,978130,68,2,1,3,0
2020-03-17,Glenn,021,27897,1,0,0,0,0
2020-03-17,Humboldt,023,135768,17,1,0,1,0
2020-03-17,Imperial,025,180216,24,2,0,2,0
2020-03-17,Inyo,027,18085,0,0,0,0,0
2020-03-17,Kern,029,883053,52,0,0,0,0
2020-03-17,Kings,031,150075,9,0,0,0,0
2020-03-17,Lake,033,64148,0,0,0,0,0
2020-03-17,Lassen,035,31185,1,0,1,1,0
2020-03-17,Los Angeles,037,10098052,1865,41,9,50,0
2020-03-17,Madera,039,155013,22,2,0,2,0
2020-03-17,Marin,041,260295,51,4,0,4,0
2020-03-17,Mariposa,043,17540,0,0,0,0,0
2020-03-17,Mendocino,045,87422,2,0,0,0,0
2020-03-17,Merced,047,269075,9,0,0,0,0
2020-03-17,Modoc,049,8938,0,0,0,0,0
2020-03-17,Mono,051,14174,9,0,0,0,0
2020-03-17,Monterey,053,433212,29,0,0,0,0
2020-03-17,Napa,055,140530,8,0,0,0,0
2020-03-17,Nevada,057,99092,15,1,1,2,0
2020-03-17,Orange,059,3164182,498,24,3,27,0
2020-03-17,Placer,061,380077,47,7,0,7,1
2020-03-17,Plumas,063,18699,0,0,0,0,0
2020-03-17,Riverside,065,2383286,271,11,5,16,0
2020-03-17,Sacramento,067,1510023,237,36,0,36,1
2020-03-17,San Benito,069,59416,12,2,0,2,0
2020-03-17,San Bernardino,071,2135413,163,2,0,2,0
2020-03-17,San Diego,073,3302833,614,17,0,17,0
2020-03-17,San Francisco,075,870044,305,46,0,46,0
2020-03-17,San Joaquin,077,732212,84,11,3,14,0
2020-03-17,San Luis Obispo,079,281455,62,1,0,1,0
2020-03-17,San Mateo,081,765935,308,46,2,48,1
2020-03-17,Santa Barbara,083,443738,65,0,0,0,0
2020-03-17,Santa Clara,085,1922200,738,121,2,123,4
2020-03-17,Santa Cruz,087,273765,52,10,0,10,0
2020-03-17,Shasta,089,179085,5,1,0,1,0
2020-03-17,Sierra,091,2930,0,0,0,0,0
2020-03-17,Siskiyou,093,43540,3,0,0,0,0
2020-03-17,Solano,095,438530,48,27,0,27,0
2020-03-17,Sonoma,097,501317,70,4,0,4,0
2020-03-17,Stanislaus,099,539301,31,4,2,6,0
2020-03-17,Sutter,101,95872,5,0,0,0,0
2020-03-17,Tehama,103,63373,0,0,0,0,0
2020-03-17,Trinity,105,12862,0,0,0,0,0
2020-03-17,Tulare,107,460477,29,2,3,5,0
2020-03-17,Tuolumne,109,53932,2,0,0,0,0
2020-03-17,Ventura,111,848112,98,7,0,7,0
2020-03-17,Yolo,113,214977,20,2,0,2,0
2020-03-17,Yuba,115,75493,4,0,0,0,0
2020-03-16,Alameda,001,1643700,262,17,0,17,0
2020-03-16,Alpine,003,1148,0,0,0,0,0
2020-03-16,Amador,005,37829,1,0,0,0,0
2020-03-16,Butte,007,227075,3,0,0,0,0
2020-03-16,Calaveras,009,45235,4,2,0,2,0
2020-03-16,Colusa,011,21464,0,0,0,0,0
2020-03-16,Contra Costa,013,1133247,189,36,0,36,0
2020-03-16,Del Norte,015,27424,0,0,0,0,0
2020-03-16,El Dorado,017,186661,15,0,0,0,0
2020-03-16,Fresno,019,978130,53,2,1,3,0
2020-03-16,Glenn,021,27897,0,0,0,0,0
2020-03-16,Humboldt,023,135768,13,1,0,1,0
2020-03-16,Imperial,025,180216,19,2,0,2,0
2020-03-16,Inyo,027,18085,0,0,0,0,0
2020-03-16,Kern,029,883053,43,0,0,0,0
2020-03-16,Kings,031,150075,8,0,0,0,0
2020-03-16,Lake,033,64148,0,0,0,0,0
2020-03-16,Lassen,035,31185,1,0,0,0,0
2020-03-16,Los Angeles,037,10098052,1627,43,9,52,0
2020-03-16,Madera,039,155013,21,2,0,2,0
2020-03-16,Marin,041,260295,48,4,0,4,0
2020-03-16,Mariposa,043,17540,0,0,0,0,0
2020-03-16,Mendocino,045,87422,2,0,0,0,0
2020-03-16,Merced,047,269075,7,0,0,0,0
2020-03-16,Modoc,049,8938,0,0,0,0,0
2020-03-16,Mono,051,14174,7,0,0,0,0
2020-03-16,Monterey,053,433212,28,0,0,0,0
2020-03-16,Napa,055,140530,7,0,0,0,0
2020-03-16,Nevada,057,99092,11,1,1,2,0
2020-03-16,Orange,059,3164182,415,18,3,21,0
2020-03-16,Placer,061,380077,39,7,0,7,1
2020-03-16,Plumas,063,18699,0,0,0,0,0
2020-03-16,Riverside,065,2383286,235,10,5,15,0
2020-03-16,Sacramento,067,1510023,210,34,0,34,1
2020-03-16,San Benito,069,59416,8,2,0,2,0
2020-03-16,San Bernardino,071,2135413,143,1,0,1,0
2020-03-16,San Diego,073,3302833,523,17,0,17,0
2020-03-16,San Francisco,075,870044,267,40,0,40,0
2020-03-16,San Joaquin,077,732212,74,9,3,12,0
2020-03-16,San Luis Obispo,079,281455,55,1,0,1,0
2020-03-16,San Mateo,081,765935,269,42,2,44,1
2020-03-16,Santa Barbara,083,443738,55,0,0,0,0
2020-03-16,Santa Clara,085,1922200,658,115,1,116,2
2020-03-16,Santa Cruz,087,273765,45,9,0,9,0
2020-03-16,Shasta,089,179085,5,1,0,1,0
2020-03-16,Sierra,091,2930,0,0,0,0,0
2020-03-16,Siskiyou,093,43540,2,0,0,0,0
2020-03-16,Solano,095,438530,43,27,0,27,0
2020-03-16,Sonoma,097,501317,62,4,0,4,0
2020-03-16,Stanislaus,099,539301,27,2,2,4,0
2020-03-16,Sutter,101,95872,3,0,0,0,0
2020-03-16,Tehama,103,63373,0,0,0,0,0
2020-03-16,Trinity,105,12862,0,0,0,0,0
2020-03-16,Tulare,107,460477,25,2,3,5,0
2020-03-16,Tuolumne,109,53932,2,0,0,0,0
2020-03-16,Ventura,111,848112,88,7,0,7,0
2020-03-16,Yolo,113,214977,18,2,0,2,0
2020-03-16,Yuba,115,75493,3,0,0,0,0
2020-03-15,Alameda,001,1643700,215,17,0,17,0
2020-03-15,Alpine,003,1148,0,0,0,0,0
2020-03-15,Amador,005,37829,1,0,0,0,0
2020-03-15,Butte,007,227075,3,0,0,0,0
2020-03-15,Calaveras,009,45235,2,2,0,2,0
2020-03-15,Colusa,011,21464,0,0,0,0,0
2020-03-15,Contra Costa,013,1133247,164,34,0,34,0
2020-03-15,Del Norte,015,27424,0,0,0,0,0
2020-03-15,El Dorado,017,186661,14,0,0,0,0
2020-03-15,Fresno,019,978130,33,1,1,2,0
2020-03-15,Glenn,021,27897,0,0,0,0,0
2020-03-15,Humboldt,023,135768,11,1,0,1,0
2020-03-15,Imperial,025,180216,14,2,0,2,0
2020-03-15,Inyo,027,18085,0,0,0,0,0
2020-03-15,Kern,029,883053,37,0,0,0,0
2020-03-15,Kings,031,150075,8,0,0,0,0
2020-03-15,Lake,033,64148,0,0,0,0,0
2020-03-15,Lassen,035,31185,1,0,0,0,0
2020-03-15,Los Angeles,037,10098052,1379,41,9,50,0
2020-03-15,Madera,039,155013,20,2,0,2,0
2020-03-15,Marin,041,260295,41,3,0,3,0
2020-03-15,Mariposa,043,17540,0,0,0,0,0
2020-03-15,Mendocino,045,87422,2,0,0,0,0
2020-03-15,Merced,047,269075,4,0,0,0,0
2020-03-15,Modoc,049,8938,0,0,0,0,0
2020-03-15,Mono,051,14174,6,0,0,0,0
2020-03-15,Monterey,053,433212,21,0,0,0,0
2020-03-15,Napa,055,140530,7,0,0,0,0
2020-03-15,Nevada,057,99092,11,0,1,1,0
2020-03-15,Orange,059,3164182,347,16,1,17,0
2020-03-15,Placer,061,380077,33,7,0,7,1
2020-03-15,Plumas,063,18699,0,0,0,0,0
2020-03-15,Riverside,065,2383286,183,10,5,15,0
2020-03-15,Sacramento,067,1510023,174,30,0,30,1
2020-03-15,San Benito,069,59416,8,2,0,2,0
2020-03-15,San Bernardino,071,2135413,121,0,0,0,0
2020-03-15,San Diego,073,3302833,436,16,0,16,0
2020-03-15,San Francisco,075,870044,209,31,0,31,0
2020-03-15,San Joaquin,077,732212,63,6,3,9,0
2020-03-15,San Luis Obispo,079,281455,45,1,0,1,0
2020-03-15,San Mateo,081,765935,235,29,1,30,1
2020-03-15,Santa Barbara,083,443738,46,0,0,0,0
2020-03-15,Santa Clara,085,1922200,586,79,1,80,2
2020-03-15,Santa Cruz,087,273765,38,8,0,8,0
2020-03-15,Shasta,089,179085,5,1,0,1,0
2020-03-15,Sierra,091,2930,0,0,0,0,0
2020-03-15,Siskiyou,093,43540,2,0,0,0,0
2020-03-15,Solano,095,438530,42,26,0,26,0
2020-03-15,Sonoma,097,501317,53,4,0,4,0
2020-03-15,Stanislaus,099,539301,26,2,2,4,0
2020-03-15,Sutter,101,95872,2,0,0,0,0
2020-03-15,Tehama,103,63373,0,0,0,0,0
2020-03-15,Trinity,105,12862,0,0,0,0,0
2020-03-15,Tulare,107,460477,19,2,3,5,0
2020-03-15,Tuolumne,109,53932,1,0,0,0,0
2020-03-15,Ventura,111,848112,77,5,0,5,0
2020-03-15,Yolo,113,214977,15,2,0,2,0
2020-03-15,Yuba,115,75493,2,0,0,0,0
2020-03-14,Alameda,001,1643700,196,11,0,11,0
2020-03-14,Alpine,003,1148,0,0,0,0,0
2020-03-14,Amador,005,37829,1,0,0,0,0
2020-03-14,Butte,007,227075,2,0,0,0,0
2020-03-14,Calaveras,009,45235,2,2,0,2,0
2020-03-14,Colusa,011,21464,0,0,0,0,0
2020-03-14,Contra Costa,013,1133247,142,30,0,30,0
2020-03-14,Del Norte,015,27424,0,0,0,0,0
2020-03-14,El Dorado,017,186661,12,0,0,0,0
2020-03-14,Fresno,019,978130,25,1,1,2,0
2020-03-14,Glenn,021,27897,0,0,0,0,0
2020-03-14,Humboldt,023,135768,7,1,0,1,0
2020-03-14,Imperial,025,180216,10,2,0,2,0
2020-03-14,Inyo,027,18085,0,0,0,0,0
2020-03-14,Kern,029,883053,32,0,0,0,0
2020-03-14,Kings,031,150075,8,0,0,0,0
2020-03-14,Lake,033,64148,0,0,0,0,0
2020-03-14,Lassen,035,31185,1,0,0,0,0
2020-03-14,Los Angeles,037,10098052,1197,35,9,44,0
2020-03-14,Madera,039,155013,19,2,0,2,0
2020-03-14,Marin,041,260295,37,3,0,3,0
2020-03-14,Mariposa,043,17540,0,0,0,0,0
2020-03-14,Mendocino,045,87422,2,0,0,0,0
2020-03-14,Merced,047,269075,4,0,0,0,0
2020-03-14,Modoc,049,8938,0,0,0,0,0
2020-03-14,Mono,051,14174,5,0,0,0,0
2020-03-14,Monterey,053,433212,15,0,0,0,0
2020-03-14,Napa,055,140530,5,0,0,0,0
2020-03-14,Nevada,057,99092,8,0,1,1,0
2020-03-14,Orange,059,3164182,308,14,0,14,0
2020-03-14,Placer,061,380077,29,6,0,6,1
2020-03-14,Plumas,063,18699,0,0,0,0,0
2020-03-14,Riverside,065,2383286,163,10,5,15,0
2020-03-14,Sacramento,067,1510023,152,31,0,31,1
2020-03-14,San Benito,069,59416,8,2,0,2,0
2020-03-14,San Bernardino,071,2135413,102,0,0,0,0
2020-03-14,San Diego,073,3302833,361,10,0,10,0
2020-03-14,San Francisco,075,870044,188,29,0,29,0
2020-03-14,San Joaquin,077,732212,54,6,3,9,0
2020-03-14,San Luis Obispo,079,281455,40,0,0,0,0
2020-03-14,San Mateo,081,765935,212,27,1,28,0
2020-03-14,Santa Barbara,083,443738,37,0,0,0,0
2020-03-14,Santa Clara,085,1922200,531,62,1,63,2
2020-03-14,Santa Cruz,087,273765,33,8,0,8,0
2020-03-14,Shasta,089,179085,5,1,0,1,0
2020-03-14,Sierra,091,2930,0,0,0,0,0
2020-03-14,Siskiyou,093,43540,1,0,0,0,0
2020-03-14,Solano,095,438530,40,26,0,26,0
2020-03-14,Sonoma,097,501317,40,2,0,2,0
2020-03-14,Stanislaus,099,539301,22,2,2,4,0
2020-03-14,Sutter,101,95872,2,0,0,0,0
2020-03-14,Tehama,103,63373,0,0,0,0,0
2020-03-14,Trinity,105,12862,0,0,0,0,0
2020-03-14,Tulare,107,460477,17,2,2,4,0
2020-03-14,Tuolumne,109,53932,1,0,0,0,0
2020-03-14,Ventura,111,848112,68,5,0,5,0
2020-03-14,Yolo,113,214977,15,2,0,2,0
2020-03-14,Yuba,115,75493,1,0,0,0,0
2020-03-13,Alameda,001,1643700,177,12,0,12,0
2020-03-13,Alpine,003,1148,0,0,0,0,0
2020-03-13,Amador,005,37829,1,0,0,0,0
2020-03-13,Butte,007,227075,0,0,0,0,0
2020-03-13,Calaveras,009,45235,2,2,0,2,0
2020-03-13,Colusa,011,21464,0,0,0,0,0
2020-03-13,Contra Costa,013,1133247,128,22,0,22,0
2020-03-13,Del Norte,015,27424,0,0,0,0,0
2020-03-13,El Dorado,017,186661,11,0,0,0,0
2020-03-13,Fresno,019,978130,20,1,1,2,0
2020-03-13,Glenn,021,27897,0,0,0,0,0
2020-03-13,Humboldt,023,135768,7,1,0,1,0
2020-03-13,Imperial,025,180216,9,2,0,2,0
2020-03-13,Inyo,027,18085,0,0,0,0,0
2020-03-13,Kern,029,883053,27,0,0,0,0
2020-03-13,Kings,031,150075,7,0,0,0,0
2020-03-13,Lake,033,64148,0,0,0,0,0
2020-03-13,Lassen,035,31185,1,0,0,0,0
2020-03-13,Los Angeles,037,10098052,1040,30,7,37,0
2020-03-13,Madera,039,155013,18,1,0,1,0
2020-03-13,Marin,041,260295,34,3,0,3,0
2020-03-13,Mariposa,043,17540,0,0,0,0,0
2020-03-13,Mendocino,045,87422,2,0,0,0,0
2020-03-13,Merced,047,269075,2,0,0,0,0
2020-03-13,Modoc,049,8938,0,0,0,0,0
2020-03-13,Mono,051,14174,3,0,0,0,0
2020-03-13,Monterey,053,433212,10,0,0,0,0
2020-03-13,Napa,055,140530,3,0,0,0,0
2020-03-13,Nevada,057,99092,7,0,1,1,0
2020-03-13,Orange,059,3164182,268,10,0,10,0
2020-03-13,Placer,061,380077,27,6,0,6,1
2020-03-13,Plumas,063,18699,0,0,0,0,0
2020-03-13,Riverside,065,2383286,133,5,4,9,0
2020-03-13,Sacramento,067,1510023,130,18,0,18,1
2020-03-13,San Benito,069,59416,6,2,0,2,0
2020-03-13,San Bernardino,071,2135413,96,0,0,0,0
2020-03-13,San Diego,073,3302833,311,8,0,8,0
2020-03-13,San Francisco,075,870044,174,28,0,28,0
2020-03-13,San Joaquin,077,732212,50,6,3,9,0
2020-03-13,San Luis Obispo,079,281455,33,0,0,0,0
2020-03-13,San Mateo,081,765935,191,24,1,25,0
2020-03-13,Santa Barbara,083,443738,33,0,0,0,0
2020-03-13,Santa Clara,085,1922200,469,59,1,60,1
2020-03-13,Santa Cruz,087,273765,32,7,0,7,0
2020-03-13,Shasta,089,179085,3,1,0,1,0
2020-03-13,Sierra,091,2930,0,0,0,0,0
2020-03-13,Siskiyou,093,43540,0,0,0,0,0
2020-03-13,Solano,095,438530,39,26,0,26,0
2020-03-13,Sonoma,097,501317,39,2,0,2,0
2020-03-13,Stanislaus,099,539301,17,2,2,4,0
2020-03-13,Sutter,101,95872,2,0,0,0,0
2020-03-13,Tehama,103,63373,0,0,0,0,0
2020-03-13,Trinity,105,12862,0,0,0,0,0
2020-03-13,Tulare,107,460477,14,2,2,4,0
2020-03-13,Tuolumne,109,53932,1,0,0,0,0
2020-03-13,Ventura,111,848112,54,5,0,5,0
2020-03-13,Yolo,113,214977,14,1,0,1,0
2020-03-13,Yuba,115,75493,1,0,0,0,0
2020-03-12,Alameda,001,1643700,152,9,0,9,0
2020-03-12,Alpine,003,1148,0,0,0,0,0
2020-03-12,Amador,005,37829,1,0,0,0,0
2020-03-12,Butte,007,227075,0,0,0,0,0
2020-03-12,Calaveras,009,45235,2,2,0,2,0
2020-03-12,Colusa,011,21464,0,0,0,0,0
2020-03-12,Contra Costa,013,1133247,110,18,0,18,0
2020-03-12,Del Norte,015,27424,0,0,0,0,0
2020-03-12,El Dorado,017,186661,9,0,0,0,0
2020-03-12,Fresno,019,978130,12,1,1,2,0
2020-03-12,Glenn,021,27897,0,0,0,0,0
2020-03-12,Humboldt,023,135768,6,1,0,1,0
2020-03-12,Imperial,025,180216,8,2,0,2,0
2020-03-12,Inyo,027,18085,0,0,0,0,0
2020-03-12,Kern,029,883053,18,0,0,0,0
2020-03-12,Kings,031,150075,4,0,0,0,0
2020-03-12,Lake,033,64148,0,0,0,0,0
2020-03-12,Lassen,035,31185,1,0,0,0,0
2020-03-12,Los Angeles,037,10098052,876,30,7,37,0
2020-03-12,Madera,039,155013,15,1,0,1,0
2020-03-12,Marin,041,260295,24,1,0,1,0
2020-03-12,Mariposa,043,17540,0,0,0,0,0
2020-03-12,Mendocino,045,87422,2,0,0,0,0
2020-03-12,Merced,047,269075,2,0,0,0,0
2020-03-12,Modoc,049,8938,0,0,0,0,0
2020-03-12,Mono,051,14174,3,0,0,0,0
2020-03-12,Monterey,053,433212,8,0,0,0,0
2020-03-12,Napa,055,140530,3,0,0,0,0
2020-03-12,Nevada,057,99092,4,0,1,1,0
2020-03-12,Orange,059,3164182,231,7,0,7,0
2020-03-12,Placer,061,380077,23,6,0,6,1
2020-03-12,Plumas,063,18699,0,0,0,0,0
2020-03-12,Riverside,065,2383286,107,5,2,7,0
2020-03-12,Sacramento,067,1510023,106,17,0,17,1
2020-03-12,San Benito,069,59416,5,2,0,2,0
2020-03-12,San Bernardino,071,2135413,80,0,0,0,0
2020-03-12,San Diego,073,3302833,256,9,0,9,0
2020-03-12,San Francisco,075,870044,149,20,0,20,0
2020-03-12,San Joaquin,077,732212,44,3,3,6,1
2020-03-12,San Luis Obispo,079,281455,26,0,0,0,0
2020-03-12,San Mateo,081,765935,157,21,1,22,0
2020-03-12,Santa Barbara,083,443738,22,0,0,0,0
2020-03-12,Santa Clara,085,1922200,411,51,1,52,1
2020-03-12,Santa Cruz,087,273765,29,5,0,5,0
2020-03-12,Shasta,089,179085,2,1,0,1,0
2020-03-12,Sierra,091,2930,0,0,0,0,0
2020-03-12,Siskiyou,093,43540,0,0,0,0,0
2020-03-12,Solano,095,438530,34,26,0,26,0
2020-03-12,Sonoma,097,501317,34,2,0,2,0
2020-03-12,Stanislaus,099,539301,15,2,2,4,0
2020-03-12,Sutter,101,95872,0,0,0,0,0
2020-03-12,Tehama,103,63373,0,0,0,0,0
2020-03-12,Trinity,105,12862,0,0,0,0,0
2020-03-12,Tulare,107,460477,12,1,1,2,0
2020-03-12,Tuolumne,109,53932,1,0,0,0,0
2020-03-12,Ventura,111,848112,45,3,0,3,0
2020-03-12,Yolo,113,214977,13,1,0,1,0
2020-03-12,Yuba,115,75493,1,0,0,0,0
2020-03-11,Alameda,001,1643700,122,5,0,5,0
2020-03-11,Alpine,003,1148,0,0,0,0,0
2020-03-11,Amador,005,37829,1,0,0,0,0
2020-03-11,Butte,007,227075,0,0,0,0,0
2020-03-11,Calaveras,009,45235,2,2,0,2,0
2020-03-11,Colusa,011,21464,0,0,0,0,0
2020-03-11,Contra Costa,013,1133247,94,16,0,16,0
2020-03-11,Del Norte,015,27424,0,0,0,0,0
2020-03-11,El Dorado,017,186661,8,0,0,0,0
2020-03-11,Fresno,019,978130,9,1,1,2,0
2020-03-11,Glenn,021,27897,0,0,0,0,0
2020-03-11,Humboldt,023,135768,6,1,0,1,0
2020-03-11,Imperial,025,180216,6,0,0,0,0
2020-03-11,Inyo,027,18085,0,0,0,0,0
2020-03-11,Kern,029,883053,16,0,0,0,0
2020-03-11,Kings,031,150075,2,0,0,0,0
2020-03-11,Lake,033,64148,0,0,0,0,0
2020-03-11,Lassen,035,31185,1,0,0,0,0
2020-03-11,Los Angeles,037,10098052,703,21,7,28,0
2020-03-11,Madera,039,155013,12,1,0,1,0
2020-03-11,Marin,041,260295,17,1,0,1,0
2020-03-11,Mariposa,043,17540,0,0,0,0,0
2020-03-11,Mendocino,045,87422,1,0,0,0,0
2020-03-11,Merced,047,269075,2,0,0,0,0
2020-03-11,Modoc,049,8938,0,0,0,0,0
2020-03-11,Mono,051,14174,3,0,0,0,0
2020-03-11,Monterey,053,433212,7,0,0,0,0
2020-03-11,Napa,055,140530,2,0,0,0,0
2020-03-11,Nevada,057,99092,4,0,1,1,0
2020-03-11,Orange,059,3164182,202,6,0,6,0
2020-03-11,Placer,061,380077,18,6,0,6,1
2020-03-11,Plumas,063,18699,0,0,0,0,0
2020-03-11,Riverside,065,2383286,81,4,1,5,0
2020-03-11,Sacramento,067,1510023,88,9,0,9,1
2020-03-11,San Benito,069,59416,5,2,0,2,0
2020-03-11,San Bernardino,071,2135413,73,0,0,0,0
2020-03-11,San Diego,073,3302833,206,4,0,4,0
2020-03-11,San Francisco,075,870044,124,17,0,17,0
2020-03-11,San Joaquin,077,732212,33,1,3,4,0
2020-03-11,San Luis Obispo,079,281455,23,0,0,0,0
2020-03-11,San Mateo,081,765935,139,16,0,16,0
2020-03-11,Santa Barbara,083,443738,13,0,0,0,0
2020-03-11,Santa Clara,085,1922200,370,48,1,49,1
2020-03-11,Santa Cruz,087,273765,26,2,0,2,0
2020-03-11,Shasta,089,179085,2,1,0,1,0
2020-03-11,Sierra,091,2930,0,0,0,0,0
2020-03-11,Siskiyou,093,43540,0,0,0,0,0
2020-03-11,Solano,095,438530,29,26,0,26,0
2020-03-11,Sonoma,097,501317,30,2,0,2,0
2020-03-11,Stanislaus,099,539301,15,2,2,4,0
2020-03-11,Sutter,101,95872,0,0,0,0,0
2020-03-11,Tehama,103,63373,0,0,0,0,0
2020-03-11,Trinity,105,12862,0,0,0,0,0
2020-03-11,Tulare,107,460477,10,0,1,1,0
2020-03-11,Tuolumne,109,53932,1,0,0,0,0
2020-03-11,Ventura,111,848112,37,3,0,3,0
2020-03-11,Yolo,113,214977,9,1,0,1,0
2020-03-11,Yuba,115,75493,1,0,0,0,0
2020-03-10,Alameda,001,1643700,101,4,0,4,0
2020-03-10,Alpine,003,1148,0,0,0,0,0
2020-03-10,Amador,005,37829,1,0,0,0,0
2020-03-10,Butte,007,227075,0,0,0,0,0
2020-03-10,Calaveras,009,45235,2,2,0,2,0
2020-03-10,Colusa,011,21464,0,0,0,0,0
2020-03-10,Contra Costa,013,1133247,84,11,0,11,0
2020-03-10,Del Norte,015,27424,0,0,0,0,0
2020-03-10,El Dorado,017,186661,7,0,0,0,0
2020-03-10,Fresno,019,978130,7,1,1,2,0
2020-03-10,Glenn,021,27897,0,0,0,0,0
2020-03-10,Humboldt,023,135768,6,1,0,1,0
2020-03-10,Imperial,025,180216,5,0,0,0,0
2020-03-10,Inyo,027,18085,0,0,0,0,0
2020-03-10,Kern,029,883053,11,0,0,0,0
2020-03-10,Kings,031,150075,2,0,0,0,0
2020-03-10,Lake,033,64148,0,0,0,0,0
2020-03-10,Lassen,035,31185,1,0,0,0,0
2020-03-10,Los Angeles,037,10098052,567,20,7,27,0
2020-03-10,Madera,039,155013,7,1,0,1,0
2020-03-10,Marin,041,260295,16,1,0,1,0
2020-03-10,Mariposa,043,17540,0,0,0,0,0
2020-03-10,Mendocino,045,87422,0,0,0,0,0
2020-03-10,Merced,047,269075,2,0,0,0,0
2020-03-10,Modoc,049,8938,0,0,0,0,0
2020-03-10,Mono,051,14174,3,0,0,0,0
2020-03-10,Monterey,053,433212,5,0,0,0,0
2020-03-10,Napa,055,140530,2,0,0,0,0
2020-03-10,Nevada,057,99092,3,0,1,1,0
2020-03-10,Orange,059,3164182,182,5,0,5,1
2020-03-10,Placer,061,380077,14,7,0,7,1
2020-03-10,Plumas,063,18699,0,0,0,0,0
2020-03-10,Riverside,065,2383286,59,4,1,5,0
2020-03-10,Sacramento,067,1510023,79,8,0,8,0
2020-03-10,San Benito,069,59416,5,2,0,2,0
2020-03-10,San Bernardino,071,2135413,65,0,0,0,0
2020-03-10,San Diego,073,3302833,163,3,0,3,0
2020-03-10,San Francisco,075,870044,92,16,0,16,0
2020-03-10,San Joaquin,077,732212,30,1,3,4,0
2020-03-10,San Luis Obispo,079,281455,15,0,0,0,0
2020-03-10,San Mateo,081,765935,123,11,0,11,0
2020-03-10,Santa Barbara,083,443738,10,0,0,0,0
2020-03-10,Santa Clara,085,1922200,322,45,1,46,1
2020-03-10,Santa Cruz,087,273765,22,2,0,2,0
2020-03-10,Shasta,089,179085,2,1,0,1,0
2020-03-10,Sierra,091,2930,0,0,0,0,0
2020-03-10,Siskiyou,093,43540,0,0,0,0,0
2020-03-10,Solano,095,438530,27,26,0,26,0
2020-03-10,Sonoma,097,501317,27,2,0,2,0
2020-03-10,Stanislaus,099,539301,11,0,2,2,0
2020-03-10,Sutter,101,95872,0,0,0,0,0
2020-03-10,Tehama,103,63373,0,0,0,0,0
2020-03-10,Trinity,105,12862,0,0,0,0,0
2020-03-10,Tulare,107,460477,9,0,1,1,0
2020-03-10,Tuolumne,109,53932,1,0,0,0,0
2020-03-10,Ventura,111,848112,29,1,0,1,0
2020-03-10,Yolo,113,214977,6,2,0,2,0
2020-03-10,Yuba,115,75493,1,0,0,0,0
2020-03-09,Alameda,001,1643700,73,4,0,4,0
2020-03-09,Alpine,003,1148,0,0,0,0,0
2020-03-09,Amador,005,37829,0,0,0,0,0
2020-03-09,Butte,007,227075,0,0,0,0,0
2020-03-09,Calaveras,009,45235,2,0,0,0,0
2020-03-09,Colusa,011,21464,0,0,0,0,0
2020-03-09,Contra Costa,013,1133247,72,9,0,9,0
2020-03-09,Del Norte,015,27424,0,0,0,0,0
2020-03-09,El Dorado,017,186661,5,0,0,0,0
2020-03-09,Fresno,019,978130,7,1,1,2,0
2020-03-09,Glenn,021,27897,0,0,0,0,0
2020-03-09,Humboldt,023,135768,5,1,0,1,0
2020-03-09,Imperial,025,180216,5,0,0,0,0
2020-03-09,Inyo,027,18085,0,0,0,0,0
2020-03-09,Kern,029,883053,8,0,0,0,0
2020-03-09,Kings,031,150075,1,0,0,0,0
2020-03-09,Lake,033,64148,0,0,0,0,0
2020-03-09,Lassen,035,31185,1,0,0,0,0
2020-03-09,Los Angeles,037,10098052,463,17,6,23,0
2020-03-09,Madera,039,155013,7,1,0,1,0
2020-03-09,Marin,041,260295,15,1,0,1,0
2020-03-09,Mariposa,043,17540,0,0,0,0,0
2020-03-09,Mendocino,045,87422,0,0,0,0,0
2020-03-09,Merced,047,269075,2,0,0,0,0
2020-03-09,Modoc,049,8938,0,0,0,0,0
2020-03-09,Mono,051,14174,3,0,0,0,0
2020-03-09,Monterey,053,433212,3,0,0,0,0
2020-03-09,Napa,055,140530,2,0,0,0,0
2020-03-09,Nevada,057,99092,2,0,1,1,0
2020-03-09,Orange,059,3164182,154,4,0,4,0
2020-03-09,Placer,061,380077,12,7,0,7,1
2020-03-09,Plumas,063,18699,0,0,0,0,0
2020-03-09,Riverside,065,2383286,49,4,1,5,0
2020-03-09,Sacramento,067,1510023,75,8,0,8,0
2020-03-09,San Benito,069,59416,3,2,0,2,0
2020-03-09,San Bernardino,071,2135413,54,0,0,0,0
2020-03-09,San Diego,073,3302833,124,2,0,2,0
2020-03-09,San Francisco,075,870044,72,14,0,14,0
2020-03-09,San Joaquin,077,732212,21,0,3,3,0
2020-03-09,San Luis Obispo,079,281455,15,0,0,0,0
2020-03-09,San Mateo,081,765935,109,6,0,6,0
2020-03-09,Santa Barbara,083,443738,8,0,0,0,0
2020-03-09,Santa Clara,085,1922200,278,42,1,43,1
2020-03-09,Santa Cruz,087,273765,19,2,0,2,0
2020-03-09,Shasta,089,179085,2,1,0,1,0
2020-03-09,Sierra,091,2930,0,0,0,0,0
2020-03-09,Siskiyou,093,43540,0,0,0,0,0
2020-03-09,Solano,095,438530,25,26,0,26,0
2020-03-09,Sonoma,097,501317,22,2,0,2,0
2020-03-09,Stanislaus,099,539301,11,0,2,2,0
2020-03-09,Sutter,101,95872,0,0,0,0,0
2020-03-09,Tehama,103,63373,0,0,0,0,0
2020-03-09,Trinity,105,12862,0,0,0,0,0
2020-03-09,Tulare,107,460477,9,0,1,1,0
2020-03-09,Tuolumne,109,53932,1,0,0,0,0
2020-03-09,Ventura,111,848112,25,1,0,1,0
2020-03-09,Yolo,113,214977,5,2,0,2,0
2020-03-09,Yuba,115,75493,0,0,0,0,0
2020-03-08,Alameda,001,1643700,48,4,0,4,0
2020-03-08,Alpine,003,1148,0,0,0,0,0
2020-03-08,Amador,005,37829,0,0,0,0,0
2020-03-08,Butte,007,227075,0,0,0,0,0
2020-03-08,Calaveras,009,45235,2,0,0,0,0
2020-03-08,Colusa,011,21464,0,0,0,0,0
2020-03-08,Contra Costa,013,1133247,58,9,0,9,0
2020-03-08,Del Norte,015,27424,0,0,0,0,0
2020-03-08,El Dorado,017,186661,5,0,0,0,0
2020-03-08,Fresno,019,978130,5,1,1,2,0
2020-03-08,Glenn,021,27897,0,0,0,0,0
2020-03-08,Humboldt,023,135768,5,1,0,1,0
2020-03-08,Imperial,025,180216,5,0,0,0,0
2020-03-08,Inyo,027,18085,0,0,0,0,0
2020-03-08,Kern,029,883053,8,0,0,0,0
2020-03-08,Kings,031,150075,0,0,0,0,0
2020-03-08,Lake,033,64148,0,0,0,0,0
2020-03-08,Lassen,035,31185,0,0,0,0,0
2020-03-08,Los Angeles,037,10098052,368,14,6,20,0
2020-03-08,Madera,039,155013,7,1,0,1,0
2020-03-08,Marin,041,260295,13,1,0,1,0
2020-03-08,Mariposa,043,17540,0,0,0,0,0
2020-03-08,Mendocino,045,87422,0,0,0,0,0
2020-03-08,Merced,047,269075,2,0,0,0,0
2020-03-08,Modoc,049,8938,0,0,0,0,0
2020-03-08,Mono,051,14174,3,0,0,0,0
2020-03-08,Monterey,053,433212,3,0,0,0,0
2020-03-08,Napa,055,140530,2,0,0,0,0
2020-03-08,Nevada,057,99092,1,0,1,1,0
2020-03-08,Orange,059,3164182,129,4,0,4,0
2020-03-08,Placer,061,380077,11,7,0,7,1
2020-03-08,Plumas,063,18699,0,0,0,0,0
2020-03-08,Riverside,065,2383286,41,1,1,2,0
2020-03-08,Sacramento,067,1510023,65,5,0,5,0
2020-03-08,San Benito,069,59416,3,2,0,2,0
2020-03-08,San Bernardino,071,2135413,43,0,0,0,0
2020-03-08,San Diego,073,3302833,90,2,0,2,0
2020-03-08,San Francisco,075,870044,53,9,0,9,0
2020-03-08,San Joaquin,077,732212,18,0,3,3,0
2020-03-08,San Luis Obispo,079,281455,9,0,0,0,0
2020-03-08,San Mateo,081,765935,96,4,0,4,0
2020-03-08,Santa Barbara,083,443738,5,0,0,0,0
2020-03-08,Santa Clara,085,1922200,236,36,1,37,0
2020-03-08,Santa Cruz,087,273765,17,1,0,1,0
2020-03-08,Shasta,089,179085,2,0,0,0,0
2020-03-08,Sierra,091,2930,0,0,0,0,0
2020-03-08,Siskiyou,093,43540,0,0,0,0,0
2020-03-08,Solano,095,438530,24,26,0,26,0
2020-03-08,Sonoma,097,501317,17,2,0,2,0
2020-03-08,Stanislaus,099,539301,10,0,2,2,0
2020-03-08,Sutter,101,95872,0,0,0,0,0
2020-03-08,Tehama,103,63373,0,0,0,0,0
2020-03-08,Trinity,105,12862,0,0,0,0,0
2020-03-08,Tulare,107,460477,9,0,0,0,0
2020-03-08,Tuolumne,109,53932,1,0,0,0,0
2020-03-08,Ventura,111,848112,21,1,0,1,0
2020-03-08,Yolo,113,214977,2,2,0,2,0
2020-03-08,Yuba,115,75493,0,0,0,0,0
2020-03-07,Alameda,001,1643700,43,3,0,3,0
2020-03-07,Alpine,003,1148,0,0,0,0,0
2020-03-07,Amador,005,37829,0,0,0,0,0
2020-03-07,Butte,007,227075,0,0,0,0,0
2020-03-07,Calaveras,009,45235,2,0,0,0,0
2020-03-07,Colusa,011,21464,0,0,0,0,0
2020-03-07,Contra Costa,013,1133247,55,4,0,4,0
2020-03-07,Del Norte,015,27424,0,0,0,0,0
2020-03-07,El Dorado,017,186661,4,0,0,0,0
2020-03-07,Fresno,019,978130,4,1,1,2,0
2020-03-07,Glenn,021,27897,0,0,0,0,0
2020-03-07,Humboldt,023,135768,5,1,0,1,0
2020-03-07,Imperial,025,180216,4,0,0,0,0
2020-03-07,Inyo,027,18085,0,0,0,0,0
2020-03-07,Kern,029,883053,7,0,0,0,0
2020-03-07,Kings,031,150075,0,0,0,0,0
2020-03-07,Lake,033,64148,0,0,0,0,0
2020-03-07,Lassen,035,31185,0,0,0,0,0
2020-03-07,Los Angeles,037,10098052,317,14,6,20,0
2020-03-07,Madera,039,155013,6,1,0,1,0
2020-03-07,Marin,041,260295,11,0,0,0,0
2020-03-07,Mariposa,043,17540,0,0,0,0,0
2020-03-07,Mendocino,045,87422,0,0,0,0,0
2020-03-07,Merced,047,269075,2,0,0,0,0
2020-03-07,Modoc,049,8938,0,0,0,0,0
2020-03-07,Mono,051,14174,3,0,0,0,0
2020-03-07,Monterey,053,433212,3,0,0,0,0
2020-03-07,Napa,055,140530,1,0,0,0,0
2020-03-07,Nevada,057,99092,1,0,1,1,0
2020-03-07,Orange,059,3164182,121,4,0,4,0
2020-03-07,Placer,061,380077,11,6,0,6,1
2020-03-07,Plumas,063,18699,0,0,0,0,0
2020-03-07,Riverside,065,2383286,31,0,1,1,0
2020-03-07,Sacramento,067,1510023,52,4,0,4,0
2020-03-07,San Benito,069,59416,3,2,0,2,0
2020-03-07,San Bernardino,071,2135413,41,0,0,0,0
2020-03-07,San Diego,073,3302833,72,2,0,2,0
2020-03-07,San Francisco,075,870044,47,9,0,9,0
2020-03-07,San Joaquin,077,732212,16,0,3,3,0
2020-03-07,San Luis Obispo,079,281455,6,0,0,0,0
2020-03-07,San Mateo,081,765935,86,1,0,1,0
2020-03-07,Santa Barbara,083,443738,5,0,0,0,0
2020-03-07,Santa Clara,085,1922200,206,31,1,32,0
2020-03-07,Santa Cruz,087,273765,17,1,0,1,0
2020-03-07,Shasta,089,179085,2,0,0,0,0
2020-03-07,Sierra,091,2930,0,0,0,0,0
2020-03-07,Siskiyou,093,43540,0,0,0,0,0
2020-03-07,Solano,095,438530,23,25,0,25,0
2020-03-07,Sonoma,097,501317,13,2,0,2,0
2020-03-07,Stanislaus,099,539301,9,0,2,2,0
2020-03-07,Sutter,101,95872,0,0,0,0,0
2020-03-07,Tehama,103,63373,0,0,0,0,0
2020-03-07,Trinity,105,12862,0,0,0,0,0
2020-03-07,Tulare,107,460477,6,0,0,0,0
2020-03-07,Tuolumne,109,53932,1,0,0,0,0
2020-03-07,Ventura,111,848112,18,1,0,1,0
2020-03-07,Yolo,113,214977,2,2,0,2,0
2020-03-07,Yuba,115,75493,0,0,0,0,0
2020-03-06,Alameda,001,1643700,41,3,0,3,0
2020-03-06,Alpine,003,1148,0,0,0,0,0
2020-03-06,Amador,005,37829,0,0,0,0,0
2020-03-06,Butte,007,227075,0,0,0,0,0
2020-03-06,Calaveras,009,45235,2,0,0,0,0
2020-03-06,Colusa,011,21464,0,0,0,0,0
2020-03-06,Contra Costa,013,1133247,46,4,0,4,0
2020-03-06,Del Norte,015,27424,0,0,0,0,0
2020-03-06,El Dorado,017,186661,3,0,0,0,0
2020-03-06,Fresno,019,978130,3,0,1,1,0
2020-03-06,Glenn,021,27897,0,0,0,0,0
2020-03-06,Humboldt,023,135768,4,1,0,1,0
2020-03-06,Imperial,025,180216,3,0,0,0,0
2020-03-06,Inyo,027,18085,0,0,0,0,0
2020-03-06,Kern,029,883053,6,0,0,0,0
2020-03-06,Kings,031,150075,0,0,0,0,0
2020-03-06,Lake,033,64148,0,0,0,0,0
2020-03-06,Lassen,035,31185,0,0,0,0,0
2020-03-06,Los Angeles,037,10098052,274,13,6,19,0
2020-03-06,Madera,039,155013,5,0,0,0,0
2020-03-06,Marin,041,260295,10,0,0,0,0
2020-03-06,Mariposa,043,17540,0,0,0,0,0
2020-03-06,Mendocino,045,87422,0,0,0,0,0
2020-03-06,Merced,047,269075,2,0,0,0,0
2020-03-06,Modoc,049,8938,0,0,0,0,0
2020-03-06,Mono,051,14174,1,0,0,0,0
2020-03-06,Monterey,053,433212,3,0,0,0,0
2020-03-06,Napa,055,140530,1,0,0,0,0
2020-03-06,Nevada,057,99092,1,0,1,1,0
2020-03-06,Orange,059,3164182,95,4,0,4,0
2020-03-06,Placer,061,380077,10,5,0,5,1
2020-03-06,Plumas,063,18699,0,0,0,0,0
2020-03-06,Riverside,065,2383286,30,0,1,1,0
2020-03-06,Sacramento,067,1510023,43,2,0,2,0
2020-03-06,San Benito,069,59416,3,2,0,2,0
2020-03-06,San Bernardino,071,2135413,39,0,0,0,0
2020-03-06,San Diego,073,3302833,59,2,0,2,0
2020-03-06,San Francisco,075,870044,41,2,0,2,0
2020-03-06,San Joaquin,077,732212,13,0,3,3,0
2020-03-06,San Luis Obispo,079,281455,4,0,0,0,0
2020-03-06,San Mateo,081,765935,78,1,0,1,0
2020-03-06,Santa Barbara,083,443738,3,0,0,0,0
2020-03-06,Santa Clara,085,1922200,188,20,1,21,0
2020-03-06,Santa Cruz,087,273765,15,0,0,0,0
2020-03-06,Shasta,089,179085,2,0,0,0,0
2020-03-06,Sierra,091,2930,0,0,0,0,0
2020-03-06,Siskiyou,093,43540,0,0,0,0,0
2020-03-06,Solano,095,438530,22,25,0,25,0
2020-03-06,Sonoma,097,501317,13,2,0,2,0
2020-03-06,Stanislaus,099,539301,5,0,2,2,0
2020-03-06,Sutter,101,95872,0,0,0,0,0
2020-03-06,Tehama,103,63373,0,0,0,0,0
2020-03-06,Trinity,105,12862,0,0,0,0,0
2020-03-06,Tulare,107,460477,6,0,0,0,0
2020-03-06,Tuolumne,109,53932,1,0,0,0,0
2020-03-06,Ventura,111,848112,15,1,0,1,0
2020-03-06,Yolo,113,214977,2,1,0,1,0
2020-03-06,Yuba,115,75493,0,0,0,0,0
2020-03-05,Alameda,001,1643700,35,2,0,2,0
2020-03-05,Alpine,003,1148,0,0,0,0,0
2020-03-05,Amador,005,37829,0,0,0,0,0
2020-03-05,Butte,007,227075,0,0,0,0,0
2020-03-05,Calaveras,009,45235,2,0,0,0,0
2020-03-05,Colusa,011,21464,0,0,0,0,0
2020-03-05,Contra Costa,013,1133247,39,1,0,1,0
2020-03-05,Del Norte,015,27424,0,0,0,0,0
2020-03-05,El Dorado,017,186661,1,0,0,0,0
2020-03-05,Fresno,019,978130,3,0,1,1,0
2020-03-05,Glenn,021,27897,0,0,0,0,0
2020-03-05,Humboldt,023,135768,4,1,0,1,0
2020-03-05,Imperial,025,180216,2,0,0,0,0
2020-03-05,Inyo,027,18085,0,0,0,0,0
2020-03-05,Kern,029,883053,6,0,0,0,0
2020-03-05,Kings,031,150075,0,0,0,0,0
2020-03-05,Lake,033,64148,0,0,0,0,0
2020-03-05,Lassen,035,31185,0,0,0,0,0
2020-03-05,Los Angeles,037,10098052,227,11,6,17,0
2020-03-05,Madera,039,155013,5,0,0,0,0
2020-03-05,Marin,041,260295,10,0,0,0,0
2020-03-05,Mariposa,043,17540,0,0,0,0,0
2020-03-05,Mendocino,045,87422,0,0,0,0,0
2020-03-05,Merced,047,269075,2,0,0,0,0
2020-03-05,Modoc,049,8938,0,0,0,0,0
2020-03-05,Mono,051,14174,1,0,0,0,0
2020-03-05,Monterey,053,433212,3,0,0,0,0
2020-03-05,Napa,055,140530,1,0,0,0,0
2020-03-05,Nevada,057,99092,0,0,1,1,0
2020-03-05,Orange,059,3164182,80,3,0,3,0
2020-03-05,Placer,061,380077,10,2,0,2,1
2020-03-05,Plumas,063,18699,0,0,0,0,0
2020-03-05,Riverside,065,2383286,27,0,1,1,0
2020-03-05,Sacramento,067,1510023,37,2,0,2,0
2020-03-05,San Benito,069,59416,1,2,0,2,0
2020-03-05,San Bernardino,071,2135413,34,0,0,0,0
2020-03-05,San Diego,073,3302833,52,2,0,2,0
2020-03-05,San Francisco,075,870044,31,2,0,2,0
2020-03-05,San Joaquin,077,732212,10,0,3,3,0
2020-03-05,San Luis Obispo,079,281455,4,0,0,0,0
2020-03-05,San Mateo,081,765935,65,1,0,1,0
2020-03-05,Santa Barbara,083,443738,2,0,0,0,0
2020-03-05,Santa Clara,085,1922200,164,14,1,15,0
2020-03-05,Santa Cruz,087,273765,13,0,0,0,0
2020-03-05,Shasta,089,179085,2,0,0,0,0
2020-03-05,Sierra,091,2930,0,0,0,0,0
2020-03-05,Siskiyou,093,43540,0,0,0,0,0
2020-03-05,Solano,095,438530,22,24,0,24,0
2020-03-05,Sonoma,097,501317,12,2,0,2,0
2020-03-05,Stanislaus,099,539301,4,0,2,2,0
2020-03-05,Sutter,101,95872,0,0,0,0,0
2020-03-05,Tehama,103,63373,0,0,0,0,0
2020-03-05,Trinity,105,12862,0,0,0,0,0
2020-03-05,Tulare,107,460477,6,0,0,0,0
2020-03-05,Tuolumne,109,53932,1,0,0,0,0
2020-03-05,Ventura,111,848112,13,0,0,0,0
2020-03-05,Yolo,113,214977,2,0,0,0,0
2020-03-05,Yuba,115,75493,0,0,0,0,0
2020-03-04,Alameda,001,1643700,31,2,0,2,0
2020-03-04,Alpine,003,1148,0,0,0,0,0
2020-03-04,Amador,005,37829,0,0,0,0,0
2020-03-04,Butte,007,227075,0,0,0,0,0
2020-03-04,Calaveras,009,45235,0,0,0,0,0
2020-03-04,Colusa,011,21464,0,0,0,0,0
2020-03-04,Contra Costa,013,1133247,34,1,0,1,0
2020-03-04,Del Norte,015,27424,0,0,0,0,0
2020-03-04,El Dorado,017,186661,1,0,0,0,0
2020-03-04,Fresno,019,978130,3,0,1,1,0
2020-03-04,Glenn,021,27897,0,0,0,0,0
2020-03-04,Humboldt,023,135768,1,1,0,1,0
2020-03-04,Imperial,025,180216,2,0,0,0,0
2020-03-04,Inyo,027,18085,0,0,0,0,0
2020-03-04,Kern,029,883053,6,0,0,0,0
2020-03-04,Kings,031,150075,0,0,0,0,0
2020-03-04,Lake,033,64148,0,0,0,0,0
2020-03-04,Lassen,035,31185,0,0,0,0,0
2020-03-04,Los Angeles,037,10098052,191,7,6,13,0
2020-03-04,Madera,039,155013,5,0,0,0,0
2020-03-04,Marin,041,260295,10,0,0,0,0
2020-03-04,Mariposa,043,17540,0,0,0,0,0
2020-03-04,Mendocino,045,87422,0,0,0,0,0
2020-03-04,Merced,047,269075,2,0,0,0,0
2020-03-04,Modoc,049,8938,0,0,0,0,0
2020-03-04,Mono,051,14174,1,0,0,0,0
2020-03-04,Monterey,053,433212,3,0,0,0,0
2020-03-04,Napa,055,140530,1,0,0,0,0
2020-03-04,Nevada,057,99092,0,0,1,1,0
2020-03-04,Orange,059,3164182,77,3,0,3,0
2020-03-04,Placer,061,380077,9,2,0,2,1
2020-03-04,Plumas,063,18699,0,0,0,0,0
2020-03-04,Riverside,065,2383286,23,0,1,1,0
2020-03-04,Sacramento,067,1510023,32,1,0,1,0
2020-03-04,San Benito,069,59416,1,2,0,2,0
2020-03-04,San Bernardino,071,2135413,31,0,0,0,0
2020-03-04,San Diego,073,3302833,39,2,0,2,0
2020-03-04,San Francisco,075,870044,26,0,0,0,0
2020-03-04,San Joaquin,077,732212,9,0,3,3,0
2020-03-04,San Luis Obispo,079,281455,4,0,0,0,0
2020-03-04,San Mateo,081,765935,60,1,0,1,0
2020-03-04,Santa Barbara,083,443738,2,0,0,0,0
2020-03-04,Santa Clara,085,1922200,147,12,1,13,0
2020-03-04,Santa Cruz,087,273765,13,0,0,0,0
2020-03-04,Shasta,089,179085,2,0,0,0,0
2020-03-04,Sierra,091,2930,0,0,0,0,0
2020-03-04,Siskiyou,093,43540,0,0,0,0,0
2020-03-04,Solano,095,438530,21,24,0,24,0
2020-03-04,Sonoma,097,501317,11,2,0,2,0
2020-03-04,Stanislaus,099,539301,4,0,2,2,0
2020-03-04,Sutter,101,95872,0,0,0,0,0
2020-03-04,Tehama,103,63373,0,0,0,0,0
2020-03-04,Trinity,105,12862,0,0,0,0,0
2020-03-04,Tulare,107,460477,6,0,0,0,0
2020-03-04,Tuolumne,109,53932,0,0,0,0,0
2020-03-04,Ventura,111,848112,12,0,0,0,0
2020-03-04,Yolo,113,214977,2,0,0,0,0
2020-03-04,Yuba,115,75493,0,0,0,0,0
2020-03-03,Alameda,001,1643700,25,2,0,2,0
2020-03-03,Alpine,003,1148,0,0,0,0,0
2020-03-03,Amador,005,37829,0,0,0,0,0
2020-03-03,Butte,007,227075,0,0,0,0,0
2020-03-03,Calaveras,009,45235,0,0,0,0,0
2020-03-03,Colusa,011,21464,0,0,0,0,0
2020-03-03,Contra Costa,013,1133247,30,0,0,0,0
2020-03-03,Del Norte,015,27424,0,0,0,0,0
2020-03-03,El Dorado,017,186661,1,0,0,0,0
2020-03-03,Fresno,019,978130,2,0,1,1,0
2020-03-03,Glenn,021,27897,0,0,0,0,0
2020-03-03,Humboldt,023,135768,1,1,0,1,0
2020-03-03,Imperial,025,180216,2,0,0,0,0
2020-03-03,Inyo,027,18085,0,0,0,0,0
2020-03-03,Kern,029,883053,4,0,0,0,0
2020-03-03,Kings,031,150075,0,0,0,0,0
2020-03-03,Lake,033,64148,0,0,0,0,0
2020-03-03,Lassen,035,31185,0,0,0,0,0
2020-03-03,Los Angeles,037,10098052,172,5,6,11,0
2020-03-03,Madera,039,155013,4,0,0,0,0
2020-03-03,Marin,041,260295,6,0,0,0,0
2020-03-03,Mariposa,043,17540,0,0,0,0,0
2020-03-03,Mendocino,045,87422,0,0,0,0,0
2020-03-03,Merced,047,269075,2,0,0,0,0
2020-03-03,Modoc,049,8938,0,0,0,0,0
2020-03-03,Mono,051,14174,1,0,0,0,0
2020-03-03,Monterey,053,433212,2,0,0,0,0
2020-03-03,Napa,055,140530,1,0,0,0,0
2020-03-03,Nevada,057,99092,0,0,1,1,0
2020-03-03,Orange,059,3164182,69,1,0,1,0
2020-03-03,Placer,061,380077,8,2,0,2,0
2020-03-03,Plumas,063,18699,0,0,0,0,0
2020-03-03,Riverside,065,2383286,20,0,1,1,0
2020-03-03,Sacramento,067,1510023,31,1,0,1,0
2020-03-03,San Benito,069,59416,1,2,0,2,0
2020-03-03,San Bernardino,071,2135413,28,0,0,0,0
2020-03-03,San Diego,073,3302833,32,2,0,2,0
2020-03-03,San Francisco,075,870044,24,0,0,0,0
2020-03-03,San Joaquin,077,732212,8,0,3,3,0
2020-03-03,San Luis Obispo,079,281455,2,0,0,0,0
2020-03-03,San Mateo,081,765935,53,1,0,1,0
2020-03-03,Santa Barbara,083,443738,1,0,0,0,0
2020-03-03,Santa Clara,085,1922200,132,11,1,12,0
2020-03-03,Santa Cruz,087,273765,10,0,0,0,0
2020-03-03,Shasta,089,179085,2,0,0,0,0
2020-03-03,Sierra,091,2930,0,0,0,0,0
2020-03-03,Siskiyou,093,43540,0,0,0,0,0
2020-03-03,Solano,095,438530,20,24,0,24,0
2020-03-03,Sonoma,097,501317,11,1,0,1,0
2020-03-03,Stanislaus,099,539301,4,0,2,2,0
2020-03-03,Sutter,101,95872,0,0,0,0,0
2020-03-03,Tehama,103,63373,0,0,0,0,0
2020-03-03,Trinity,105,12862,0,0,0,0,0
2020-03-03,Tulare,107,460477,6,0,0,0,0
2020-03-03,Tuolumne,109,53932,0,0,0,0,0
2020-03-03,Ventura,111,848112,11,0,0,0,0
2020-03-03,Yolo,113,214977,1,0,0,0,0
2020-03-03,Yuba,115,75493,0,0,0,0,0
2020-03-02,Alameda,001,1643700,22,1,0,1,0
2020-03-02,Alpine,003,1148,0,0,0,0,0
2020-03-02,Amador,005,37829,0,0,0,0,0
2020-03-02,Butte,007,227075,0,0,0,0,0
2020-03-02,Calaveras,009,45235,0,0,0,0,0
2020-03-02,Colusa,011,21464,0,0,0,0,0
2020-03-02,Contra Costa,013,1133247,27,0,0,0,0
2020-03-02,Del Norte,015,27424,0,0,0,0,0
2020-03-02,El Dorado,017,186661,1,0,0,0,0
2020-03-02,Fresno,019,978130,2,0,1,1,0
2020-03-02,Glenn,021,27897,0,0,0,0,0
2020-03-02,Humboldt,023,135768,1,1,0,1,0
2020-03-02,Imperial,025,180216,2,0,0,0,0
2020-03-02,Inyo,027,18085,0,0,0,0,0
2020-03-02,Kern,029,883053,4,0,0,0,0
2020-03-02,Kings,031,150075,0,0,0,0,0
2020-03-02,Lake,033,64148,0,0,0,0,0
2020-03-02,Lassen,035,31185,0,0,0,0,0
2020-03-02,Los Angeles,037,10098052,157,1,6,7,0
2020-03-02,Madera,039,155013,4,0,0,0,0
2020-03-02,Marin,041,260295,6,0,0,0,0
2020-03-02,Mariposa,043,17540,0,0,0,0,0
2020-03-02,Mendocino,045,87422,0,0,0,0,0
2020-03-02,Merced,047,269075,1,0,0,0,0
2020-03-02,Modoc,049,8938,0,0,0,0,0
2020-03-02,Mono,051,14174,1,0,0,0,0
2020-03-02,Monterey,053,433212,2,0,0,0,0
2020-03-02,Napa,055,140530,1,0,0,0,0
2020-03-02,Nevada,057,99092,0,0,1,1,0
2020-03-02,Orange,059,3164182,64,1,0,1,0
2020-03-02,Placer,061,380077,8,1,0,1,0
2020-03-02,Plumas,063,18699,0,0,0,0,0
2020-03-02,Riverside,065,2383286,19,0,1,1,0
2020-03-02,Sacramento,067,1510023,25,1,0,1,0
2020-03-02,San Benito,069,59416,1,2,0,2,0
2020-03-02,San Bernardino,071,2135413,28,0,0,0,0
2020-03-02,San Diego,073,3302833,26,2,0,2,0
2020-03-02,San Francisco,075,870044,17,0,0,0,0
2020-03-02,San Joaquin,077,732212,7,0,3,3,0
2020-03-02,San Luis Obispo,079,281455,2,0,0,0,0
2020-03-02,San Mateo,081,765935,44,1,0,1,0
2020-03-02,Santa Barbara,083,443738,1,0,0,0,0
2020-03-02,Santa Clara,085,1922200,110,7,1,8,0
2020-03-02,Santa Cruz,087,273765,9,0,0,0,0
2020-03-02,Shasta,089,179085,2,0,0,0,0
2020-03-02,Sierra,091,2930,0,0,0,0,0
2020-03-02,Siskiyou,093,43540,0,0,0,0,0
2020-03-02,Solano,095,438530,19,24,0,24,0
2020-03-02,Sonoma,097,501317,10,1,0,1,0
2020-03-02,Stanislaus,099,539301,2,0,2,2,0
2020-03-02,Sutter,101,95872,0,0,0,0,0
2020-03-02,Tehama,103,63373,0,0,0,0,0
2020-03-02,Trinity,105,12862,0,0,0,0,0
2020-03-02,Tulare,107,460477,6,0,0,0,0
2020-03-02,Tuolumne,109,53932,0,0,0,0,0
2020-03-02,Ventura,111,848112,10,0,0,0,0
2020-03-02,Yolo,113,214977,1,0,0,0,0
2020-03-02,Yuba,115,75493,0,0,0,0,0
2020-03-01,Alameda,001,1643700,21,1,0,1,0
2020-03-01,Alpine,003,1148,0,0,0,0,0
2020-03-01,Amador,005,37829,0,0,0,0,0
2020-03-01,Butte,007,227075,0,0,0,0,0
2020-03-01,Calaveras,009,45235,0,0,0,0,0
2020-03-01,Colusa,011,21464,0,0,0,0,0
2020-03-01,Contra Costa,013,1133247,24,0,0,0,0
2020-03-01,Del Norte,015,27424,0,0,0,0,0
2020-03-01,El Dorado,017,186661,1,0,0,0,0
2020-03-01,Fresno,019,978130,1,0,1,1,0
2020-03-01,Glenn,021,27897,0,0,0,0,0
2020-03-01,Humboldt,023,135768,1,1,0,1,0
2020-03-01,Imperial,025,180216,2,0,0,0,0
2020-03-01,Inyo,027,18085,0,0,0,0,0
2020-03-01,Kern,029,883053,2,0,0,0,0
2020-03-01,Kings,031,150075,0,0,0,0,0
2020-03-01,Lake,033,64148,0,0,0,0,0
2020-03-01,Lassen,035,31185,0,0,0,0,0
2020-03-01,Los Angeles,037,10098052,138,1,6,7,0
2020-03-01,Madera,039,155013,2,0,0,0,0
2020-03-01,Marin,041,260295,5,0,0,0,0
2020-03-01,Mariposa,043,17540,0,0,0,0,0
2020-03-01,Mendocino,045,87422,0,0,0,0,0
2020-03-01,Merced,047,269075,1,0,0,0,0
2020-03-01,Modoc,049,8938,0,0,0,0,0
2020-03-01,Mono,051,14174,1,0,0,0,0
2020-03-01,Monterey,053,433212,1,0,0,0,0
2020-03-01,Napa,055,140530,1,0,0,0,0
2020-03-01,Nevada,057,99092,0,0,1,1,0
2020-03-01,Orange,059,3164182,61,1,0,1,0
2020-03-01,Placer,061,380077,8,0,0,0,0
2020-03-01,Plumas,063,18699,0,0,0,0,0
2020-03-01,Riverside,065,2383286,18,0,1,1,0
2020-03-01,Sacramento,067,1510023,21,1,0,1,0
2020-03-01,San Benito,069,59416,0,2,0,2,0
2020-03-01,San Bernardino,071,2135413,27,0,0,0,0
2020-03-01,San Diego,073,3302833,19,2,0,2,0
2020-03-01,San Francisco,075,870044,13,0,0,0,0
2020-03-01,San Joaquin,077,732212,7,0,3,3,0
2020-03-01,San Luis Obispo,079,281455,2,0,0,0,0
2020-03-01,San Mateo,081,765935,36,0,0,0,0
2020-03-01,Santa Barbara,083,443738,1,0,0,0,0
2020-03-01,Santa Clara,085,1922200,97,6,1,7,0
2020-03-01,Santa Cruz,087,273765,8,0,0,0,0
2020-03-01,Shasta,089,179085,2,0,0,0,0
2020-03-01,Sierra,091,2930,0,0,0,0,0
2020-03-01,Siskiyou,093,43540,0,0,0,0,0
2020-03-01,Solano,095,438530,19,24,0,24,0
2020-03-01,Sonoma,097,501317,9,0,0,0,0
2020-03-01,Stanislaus,099,539301,2,0,2,2,0
2020-03-01,Sutter,101,95872,0,0,0,0,0
2020-03-01,Tehama,103,63373,0,0,0,0,0
2020-03-01,Trinity,105,12862,0,0,0,0,0
2020-03-01,Tulare,107,460477,6,0,0,0,0
2020-03-01,Tuolumne,109,53932,0,0,0,0,0
2020-03-01,Ventura,111,848112,8,0,0,0,0
2020-03-01,Yolo,113,214977,1,0,0,0,0
2020-03-01,Yuba,115,75493,0,0,0,0,0
2020-02-29,Alameda,001,1643700,17,0,0,0,0
2020-02-29,Alpine,003,1148,0,0,0,0,0
2020-02-29,Amador,005,37829,0,0,0,0,0
2020-02-29,Butte,007,227075,0,0,0,0,0
2020-02-29,Calaveras,009,45235,0,0,0,0,0
2020-02-29,Colusa,011,21464,0,0,0,0,0
2020-02-29,Contra Costa,013,1133247,20,0,0,0,0
2020-02-29,Del Norte,015,27424,0,0,0,0,0
2020-02-29,El Dorado,017,186661,1,0,0,0,0
2020-02-29,Fresno,019,978130,1,0,0,0,0
2020-02-29,Glenn,021,27897,0,0,0,0,0
2020-02-29,Humboldt,023,135768,1,1,0,1,0
2020-02-29,Imperial,025,180216,1,0,0,0,0
2020-02-29,Inyo,027,18085,0,0,0,0,0
2020-02-29,Kern,029,883053,2,0,0,0,0
2020-02-29,Kings,031,150075,0,0,0,0,0
2020-02-29,Lake,033,64148,0,0,0,0,0
2020-02-29,Lassen,035,31185,0,0,0,0,0
2020-02-29,Los Angeles,037,10098052,110,1,6,7,0
2020-02-29,Madera,039,155013,2,0,0,0,0
2020-02-29,Marin,041,260295,4,0,0,0,0
2020-02-29,Mariposa,043,17540,0,0,0,0,0
2020-02-29,Mendocino,045,87422,0,0,0,0,0
2020-02-29,Merced,047,269075,1,0,0,0,0
2020-02-29,Modoc,049,8938,0,0,0,0,0
2020-02-29,Mono,051,14174,1,0,0,0,0
2020-02-29,Monterey,053,433212,1,0,0,0,0
2020-02-29,Napa,055,140530,1,0,0,0,0
2020-02-29,Nevada,057,99092,0,0,1,1,0
2020-02-29,Orange,059,3164182,56,1,0,1,0
2020-02-29,Placer,061,380077,7,0,0,0,0
2020-02-29,Plumas,063,18699,0,0,0,0,0
2020-02-29,Riverside,065,2383286,15,0,1,1,0
2020-02-29,Sacramento,067,1510023,16,1,0,1,0
2020-02-29,San Benito,069,59416,0,2,0,2,0
2020-02-29,San Bernardino,071,2135413,25,0,0,0,0
2020-02-29,San Diego,073,3302833,14,2,0,2,0
2020-02-29,San Francisco,075,870044,12,0,0,0,0
2020-02-29,San Joaquin,077,732212,6,0,3,3,0
2020-02-29,San Luis Obispo,079,281455,2,0,0,0,0
2020-02-29,San Mateo,081,765935,29,0,0,0,0
2020-02-29,Santa Barbara,083,443738,0,0,0,0,0
2020-02-29,Santa Clara,085,1922200,75,3,1,4,0
2020-02-29,Santa Cruz,087,273765,8,0,0,0,0
2020-02-29,Shasta,089,179085,2,0,0,0,0
2020-02-29,Sierra,091,2930,0,0,0,0,0
2020-02-29,Siskiyou,093,43540,0,0,0,0,0
2020-02-29,Solano,095,438530,18,23,0,23,0
2020-02-29,Sonoma,097,501317,6,0,0,0,0
2020-02-29,Stanislaus,099,539301,2,0,2,2,0
2020-02-29,Sutter,101,95872,0,0,0,0,0
2020-02-29,Tehama,103,63373,0,0,0,0,0
2020-02-29,Trinity,105,12862,0,0,0,0,0
2020-02-29,Tulare,107,460477,4,0,0,0,0
2020-02-29,Tuolumne,109,53932,0,0,0,0,0
2020-02-29,Ventura,111,848112,6,0,0,0,0
2020-02-29,Yolo,113,214977,1,0,0,0,0
2020-02-29,Yuba,115,75493,0,0,0,0,0
2020-02-28,Alameda,001,1643700,15,0,0,0,0
2020-02-28,Alpine,003,1148,0,0,0,0,0
2020-02-28,Amador,005,37829,0,0,0,0,0
2020-02-28,Butte,007,227075,0,0,0,0,0
2020-02-28,Calaveras,009,45235,0,0,0,0,0
2020-02-28,Colusa,011,21464,0,0,0,0,0
2020-02-28,Contra Costa,013,1133247,20,0,0,0,0
2020-02-28,Del Norte,015,27424,0,0,0,0,0
2020-02-28,El Dorado,017,186661,0,0,0,0,0
2020-02-28,Fresno,019,978130,1,0,0,0,0
2020-02-28,Glenn,021,27897,0,0,0,0,0
2020-02-28,Humboldt,023,135768,1,1,0,1,0
2020-02-28,Imperial,025,180216,1,0,0,0,0
2020-02-28,Inyo,027,18085,0,0,0,0,0
2020-02-28,Kern,029,883053,2,0,0,0,0
2020-02-28,Kings,031,150075,0,0,0,0,0
2020-02-28,Lake,033,64148,0,0,0,0,0
2020-02-28,Lassen,035,31185,0,0,0,0,0
2020-02-28,Los Angeles,037,10098052,102,1,6,7,0
2020-02-28,Madera,039,155013,2,0,0,0,0
2020-02-28,Marin,041,260295,2,0,0,0,0
2020-02-28,Mariposa,043,17540,0,0,0,0,0
2020-02-28,Mendocino,045,87422,0,0,0,0,0
2020-02-28,Merced,047,269075,1,0,0,0,0
2020-02-28,Modoc,049,8938,0,0,0,0,0
2020-02-28,Mono,051,14174,0,0,0,0,0
2020-02-28,Monterey,053,433212,1,0,0,0,0
2020-02-28,Napa,055,140530,1,0,0,0,0
2020-02-28,Nevada,057,99092,0,0,1,1,0
2020-02-28,Orange,059,3164182,54,1,0,1,0
2020-02-28,Placer,061,380077,7,0,0,0,0
2020-02-28,Plumas,063,18699,0,0,0,0,0
2020-02-28,Riverside,065,2383286,13,0,1,1,0
2020-02-28,Sacramento,067,1510023,10,1,0,1,0
2020-02-28,San Benito,069,59416,0,2,0,2,0
2020-02-28,San Bernardino,071,2135413,25,0,0,0,0
2020-02-28,San Diego,073,3302833,11,2,0,2,0
2020-02-28,San Francisco,075,870044,10,0,0,0,0
2020-02-28,San Joaquin,077,732212,6,0,3,3,0
2020-02-28,San Luis Obispo,079,281455,2,0,0,0,0
2020-02-28,San Mateo,081,765935,24,0,0,0,0
2020-02-28,Santa Barbara,083,443738,0,0,0,0,0
2020-02-28,Santa Clara,085,1922200,70,3,1,4,0
2020-02-28,Santa Cruz,087,273765,8,0,0,0,0
2020-02-28,Shasta,089,179085,2,0,0,0,0
2020-02-28,Sierra,091,2930,0,0,0,0,0
2020-02-28,Siskiyou,093,43540,0,0,0,0,0
2020-02-28,Solano,095,438530,17,23,0,23,0
2020-02-28,Sonoma,097,501317,6,0,0,0,0
2020-02-28,Stanislaus,099,539301,2,0,2,2,0
2020-02-28,Sutter,101,95872,0,0,0,0,0
2020-02-28,Tehama,103,63373,0,0,0,0,0
2020-02-28,Trinity,105,12862,0,0,0,0,0
2020-02-28,Tulare,107,460477,3,0,0,0,0
2020-02-28,Tuolumne,109,53932,0,0,0,0,0
2020-02-28,Ventura,111,848112,6,0,0,0,0
2020-02-28,Yolo,113,214977,1,0,0,0,0
2020-02-28,Yuba,115,75493,0,0,0,0,0
2020-02-27,Alameda,001,1643700,14,0,0,0,0
2020-02-27,Alpine,003,1148,0,0,0,0,0
2020-02-27,Amador,005,37829,0,0,0,0,0
2020-02-27,Butte,007,227075,0,0,0,0,0
2020-02-27,Calaveras,009,45235,0,0,0,0,0
2020-02-27,Colusa,011,21464,0,0,0,0,0
2020-02-27,Contra Costa,013,1133247,14,0,0,0,0
2020-02-27,Del Norte,015,27424,0,0,0,0,0
2020-02-27,El Dorado,017,186661,0,0,0,0,0
2020-02-27,Fresno,019,978130,1,0,0,0,0
2020-02-27,Glenn,021,27897,0,0,0,0,0
2020-02-27,Humboldt,023,135768,1,1,0,1,0
2020-02-27,Imperial,025,180216,1,0,0,0,0
2020-02-27,Inyo,027,18085,0,0,0,0,0
2020-02-27,Kern,029,883053,2,0,0,0,0
2020-02-27,Kings,031,150075,0,0,0,0,0
2020-02-27,Lake,033,64148,0,0,0,0,0
2020-02-27,Lassen,035,31185,0,0,0,0,0
2020-02-27,Los Angeles,037,10098052,94,1,6,7,0
2020-02-27,Madera,039,155013,2,0,0,0,0
2020-02-27,Marin,041,260295,1,0,0,0,0
2020-02-27,Mariposa,043,17540,0,0,0,0,0
2020-02-27,Mendocino,045,87422,0,0,0,0,0
2020-02-27,Merced,047,269075,1,0,0,0,0
2020-02-27,Modoc,049,8938,0,0,0,0,0
2020-02-27,Mono,051,14174,0,0,0,0,0
2020-02-27,Monterey,053,433212,1,0,0,0,0
2020-02-27,Napa,055,140530,1,0,0,0,0
2020-02-27,Nevada,057,99092,0,0,1,1,0
2020-02-27,Orange,059,3164182,48,1,0,1,0
2020-02-27,Placer,061,380077,6,0,0,0,0
2020-02-27,Plumas,063,18699,0,0,0,0,0
2020-02-27,Riverside,065,2383286,12,0,1,1,0
2020-02-27,Sacramento,067,1510023,10,1,0,1,0
2020-02-27,San Benito,069,59416,0,2,0,2,0
2020-02-27,San Bernardino,071,2135413,25,0,0,0,0
2020-02-27,San Diego,073,3302833,10,2,0,2,0
2020-02-27,San Francisco,075,870044,9,0,0,0,0
2020-02-27,San Joaquin,077,732212,5,0,3,3,0
2020-02-27,San Luis Obispo,079,281455,2,0,0,0,0
2020-02-27,San Mateo,081,765935,20,0,0,0,0
2020-02-27,Santa Barbara,083,443738,0,0,0,0,0
2020-02-27,Santa Clara,085,1922200,59,2,1,3,0
2020-02-27,Santa Cruz,087,273765,6,0,0,0,0
2020-02-27,Shasta,089,179085,0,0,0,0,0
2020-02-27,Sierra,091,2930,0,0,0,0,0
2020-02-27,Siskiyou,093,43540,0,0,0,0,0
2020-02-27,Solano,095,438530,17,23,0,23,0
2020-02-27,Sonoma,097,501317,5,0,0,0,0
2020-02-27,Stanislaus,099,539301,2,0,2,2,0
2020-02-27,Sutter,101,95872,0,0,0,0,0
2020-02-27,Tehama,103,63373,0,0,0,0,0
2020-02-27,Trinity,105,12862,0,0,0,0,0
2020-02-27,Tulare,107,460477,3,0,0,0,0
2020-02-27,Tuolumne,109,53932,0,0,0,0,0
2020-02-27,Ventura,111,848112,4,0,0,0,0
2020-02-27,Yolo,113,214977,1,0,0,0,0
2020-02-27,Yuba,115,75493,0,0,0,0,0
2020-02-26,Alameda,001,1643700,14,0,0,0,0
2020-02-26,Alpine,003,1148,0,0,0,0,0
2020-02-26,Amador,005,37829,0,0,0,0,0
2020-02-26,Butte,007,227075,0,0,0,0,0
2020-02-26,Calaveras,009,45235,0,0,0,0,0
2020-02-26,Colusa,011,21464,0,0,0,0,0
2020-02-26,Contra Costa,013,1133247,13,0,0,0,0
2020-02-26,Del Norte,015,27424,0,0,0,0,0
2020-02-26,El Dorado,017,186661,0,0,0,0,0
2020-02-26,Fresno,019,978130,1,0,0,0,0
2020-02-26,Glenn,021,27897,0,0,0,0,0
2020-02-26,Humboldt,023,135768,1,1,0,1,0
2020-02-26,Imperial,025,180216,1,0,0,0,0
2020-02-26,Inyo,027,18085,0,0,0,0,0
2020-02-26,Kern,029,883053,2,0,0,0,0
2020-02-26,Kings,031,150075,0,0,0,0,0
2020-02-26,Lake,033,64148,0,0,0,0,0
2020-02-26,Lassen,035,31185,0,0,0,0,0
2020-02-26,Los Angeles,037,10098052,88,1,6,7,0
2020-02-26,Madera,039,155013,2,0,0,0,0
2020-02-26,Marin,041,260295,1,0,0,0,0
2020-02-26,Mariposa,043,17540,0,0,0,0,0
2020-02-26,Mendocino,045,87422,0,0,0,0,0
2020-02-26,Merced,047,269075,1,0,0,0,0
2020-02-26,Modoc,049,8938,0,0,0,0,0
2020-02-26,Mono,051,14174,0,0,0,0,0
2020-02-26,Monterey,053,433212,1,0,0,0,0
2020-02-26,Napa,055,140530,0,0,0,0,0
2020-02-26,Nevada,057,99092,0,0,1,1,0
2020-02-26,Orange,059,3164182,47,1,0,1,0
2020-02-26,Placer,061,380077,5,0,0,0,0
2020-02-26,Plumas,063,18699,0,0,0,0,0
2020-02-26,Riverside,065,2383286,10,0,1,1,0
2020-02-26,Sacramento,067,1510023,10,1,0,1,0
2020-02-26,San Benito,069,59416,0,2,0,2,0
2020-02-26,San Bernardino,071,2135413,23,0,0,0,0
2020-02-26,San Diego,073,3302833,9,2,0,2,0
2020-02-26,San Francisco,075,870044,9,0,0,0,0
2020-02-26,San Joaquin,077,732212,5,0,3,3,0
2020-02-26,San Luis Obispo,079,281455,2,0,0,0,0
2020-02-26,San Mateo,081,765935,18,0,0,0,0
2020-02-26,Santa Barbara,083,443738,0,0,0,0,0
2020-02-26,Santa Clara,085,1922200,50,2,1,3,0
2020-02-26,Santa Cruz,087,273765,6,0,0,0,0
2020-02-26,Shasta,089,179085,0,0,0,0,0
2020-02-26,Sierra,091,2930,0,0,0,0,0
2020-02-26,Siskiyou,093,43540,0,0,0,0,0
2020-02-26,Solano,095,438530,17,23,0,23,0
2020-02-26,Sonoma,097,501317,5,0,0,0,0
2020-02-26,Stanislaus,099,539301,2,0,2,2,0
2020-02-26,Sutter,101,95872,0,0,0,0,0
2020-02-26,Tehama,103,63373,0,0,0,0,0
2020-02-26,Trinity,105,12862,0,0,0,0,0
2020-02-26,Tulare,107,460477,3,0,0,0,0
2020-02-26,Tuolumne,109,53932,0,0,0,0,0
2020-02-26,Ventura,111,848112,4,0,0,0,0
2020-02-26,Yolo,113,214977,1,0,0,0,0
2020-02-26,Yuba,115,75493,0,0,0,0,0
2020-02-25,Alameda,001,1643700,14,0,0,0,0
2020-02-25,Alpine,003,1148,0,0,0,0,0
2020-02-25,Amador,005,37829,0,0,0,0,0
2020-02-25,Butte,007,227075,0,0,0,0,0
2020-02-25,Calaveras,009,45235,0,0,0,0,0
2020-02-25,Colusa,011,21464,0,0,0,0,0
2020-02-25,Contra Costa,013,1133247,11,0,0,0,0
2020-02-25,Del Norte,015,27424,0,0,0,0,0
2020-02-25,El Dorado,017,186661,0,0,0,0,0
2020-02-25,Fresno,019,978130,1,0,0,0,0
2020-02-25,Glenn,021,27897,0,0,0,0,0
2020-02-25,Humboldt,023,135768,1,1,0,1,0
2020-02-25,Imperial,025,180216,1,0,0,0,0
2020-02-25,Inyo,027,18085,0,0,0,0,0
2020-02-25,Kern,029,883053,2,0,0,0,0
2020-02-25,Kings,031,150075,0,0,0,0,0
2020-02-25,Lake,033,64148,0,0,0,0,0
2020-02-25,Lassen,035,31185,0,0,0,0,0
2020-02-25,Los Angeles,037,10098052,76,1,6,7,0
2020-02-25,Madera,039,155013,2,0,0,0,0
2020-02-25,Marin,041,260295,1,0,0,0,0
2020-02-25,Mariposa,043,17540,0,0,0,0,0
2020-02-25,Mendocino,045,87422,0,0,0,0,0
2020-02-25,Merced,047,269075,0,0,0,0,0
2020-02-25,Modoc,049,8938,0,0,0,0,0
2020-02-25,Mono,051,14174,0,0,0,0,0
2020-02-25,Monterey,053,433212,1,0,0,0,0
2020-02-25,Napa,055,140530,0,0,0,0,0
2020-02-25,Nevada,057,99092,0,0,1,1,0
2020-02-25,Orange,059,3164182,46,1,0,1,0
2020-02-25,Placer,061,380077,5,0,0,0,0
2020-02-25,Plumas,063,18699,0,0,0,0,0
2020-02-25,Riverside,065,2383286,10,0,1,1,0
2020-02-25,Sacramento,067,1510023,8,1,0,1,0
2020-02-25,San Benito,069,59416,0,2,0,2,0
2020-02-25,San Bernardino,071,2135413,21,0,0,0,0
2020-02-25,San Diego,073,3302833,5,2,0,2,0
2020-02-25,San Francisco,075,870044,7,0,0,0,0
2020-02-25,San Joaquin,077,732212,5,0,2,2,0
2020-02-25,San Luis Obispo,079,281455,2,0,0,0,0
2020-02-25,San Mateo,081,765935,17,0,0,0,0
2020-02-25,Santa Barbara,083,443738,0,0,0,0,0
2020-02-25,Santa Clara,085,1922200,40,2,1,3,0
2020-02-25,Santa Cruz,087,273765,5,0,0,0,0
2020-02-25,Shasta,089,179085,0,0,0,0,0
2020-02-25,Sierra,091,2930,0,0,0,0,0
2020-02-25,Siskiyou,093,43540,0,0,0,0,0
2020-02-25,Solano,095,438530,16,21,0,21,0
2020-02-25,Sonoma,097,501317,5,0,0,0,0
2020-02-25,Stanislaus,099,539301,2,0,2,2,0
2020-02-25,Sutter,101,95872,0,0,0,0,0
2020-02-25,Tehama,103,63373,0,0,0,0,0
2020-02-25,Trinity,105,12862,0,0,0,0,0
2020-02-25,Tulare,107,460477,3,0,0,0,0
2020-02-25,Tuolumne,109,53932,0,0,0,0,0
2020-02-25,Ventura,111,848112,4,0,0,0,0
2020-02-25,Yolo,113,214977,1,0,0,0,0
2020-02-25,Yuba,115,75493,0,0,0,0,0
2020-02-24,Alameda,001,1643700,14,0,0,0,0
2020-02-24,Alpine,003,1148,0,0,0,0,0
2020-02-24,Amador,005,37829,0,0,0,0,0
2020-02-24,Butte,007,227075,0,0,0,0,0
2020-02-24,Calaveras,009,45235,0,0,0,0,0
2020-02-24,Colusa,011,21464,0,0,0,0,0
2020-02-24,Contra Costa,013,1133247,9,0,0,0,0
2020-02-24,Del Norte,015,27424,0,0,0,0,0
2020-02-24,El Dorado,017,186661,0,0,0,0,0
2020-02-24,Fresno,019,978130,1,0,0,0,0
2020-02-24,Glenn,021,27897,0,0,0,0,0
2020-02-24,Humboldt,023,135768,1,1,0,1,0
2020-02-24,Imperial,025,180216,1,0,0,0,0
2020-02-24,Inyo,027,18085,0,0,0,0,0
2020-02-24,Kern,029,883053,2,0,0,0,0
2020-02-24,Kings,031,150075,0,0,0,0,0
2020-02-24,Lake,033,64148,0,0,0,0,0
2020-02-24,Lassen,035,31185,0,0,0,0,0
2020-02-24,Los Angeles,037,10098052,70,1,6,7,0
2020-02-24,Madera,039,155013,1,0,0,0,0
2020-02-24,Marin,041,260295,1,0,0,0,0
2020-02-24,Mariposa,043,17540,0,0,0,0,0
2020-02-24,Mendocino,045,87422,0,0,0,0,0
2020-02-24,Merced,047,269075,0,0,0,0,0
2020-02-24,Modoc,049,8938,0,0,0,0,0
2020-02-24,Mono,051,14174,0,0,0,0,0
2020-02-24,Monterey,053,433212,1,0,0,0,0
2020-02-24,Napa,055,140530,0,0,0,0,0
2020-02-24,Nevada,057,99092,0,0,1,1,0
2020-02-24,Orange,059,3164182,44,1,0,1,0
2020-02-24,Placer,061,380077,3,0,0,0,0
2020-02-24,Plumas,063,18699,0,0,0,0,0
2020-02-24,Riverside,065,2383286,9,0,1,1,0
2020-02-24,Sacramento,067,1510023,7,1,0,1,0
2020-02-24,San Benito,069,59416,0,2,0,2,0
2020-02-24,San Bernardino,071,2135413,21,0,0,0,0
2020-02-24,San Diego,073,3302833,5,2,0,2,0
2020-02-24,San Francisco,075,870044,6,0,0,0,0
2020-02-24,San Joaquin,077,732212,5,0,1,1,0
2020-02-24,San Luis Obispo,079,281455,2,0,0,0,0
2020-02-24,San Mateo,081,765935,13,0,0,0,0
2020-02-24,Santa Barbara,083,443738,0,0,0,0,0
2020-02-24,Santa Clara,085,1922200,38,2,1,3,0
2020-02-24,Santa Cruz,087,273765,5,0,0,0,0
2020-02-24,Shasta,089,179085,0,0,0,0,0
2020-02-24,Sierra,091,2930,0,0,0,0,0
2020-02-24,Siskiyou,093,43540,0,0,0,0,0
2020-02-24,Solano,095,438530,13,15,0,15,0
2020-02-24,Sonoma,097,501317,5,0,0,0,0
2020-02-24,Stanislaus,099,539301,2,0,2,2,0
2020-02-24,Sutter,101,95872,0,0,0,0,0
2020-02-24,Tehama,103,63373,0,0,0,0,0
2020-02-24,Trinity,105,12862,0,0,0,0,0
2020-02-24,Tulare,107,460477,3,0,0,0,0
2020-02-24,Tuolumne,109,53932,0,0,0,0,0
2020-02-24,Ventura,111,848112,4,0,0,0,0
2020-02-24,Yolo,113,214977,1,0,0,0,0
2020-02-24,Yuba,115,75493,0,0,0,0,0
2020-02-23,Alameda,001,1643700,12,0,0,0,0
2020-02-23,Alpine,003,1148,0,0,0,0,0
2020-02-23,Amador,005,37829,0,0,0,0,0
2020-02-23,Butte,007,227075,0,0,0,0,0
2020-02-23,Calaveras,009,45235,0,0,0,0,0
2020-02-23,Colusa,011,21464,0,0,0,0,0
2020-02-23,Contra Costa,013,1133247,6,0,0,0,0
2020-02-23,Del Norte,015,27424,0,0,0,0,0
2020-02-23,El Dorado,017,186661,0,0,0,0,0
2020-02-23,Fresno,019,978130,1,0,0,0,0
2020-02-23,Glenn,021,27897,0,0,0,0,0
2020-02-23,Humboldt,023,135768,1,1,0,1,0
2020-02-23,Imperial,025,180216,1,0,0,0,0
2020-02-23,Inyo,027,18085,0,0,0,0,0
2020-02-23,Kern,029,883053,2,0,0,0,0
2020-02-23,Kings,031,150075,0,0,0,0,0
2020-02-23,Lake,033,64148,0,0,0,0,0
2020-02-23,Lassen,035,31185,0,0,0,0,0
2020-02-23,Los Angeles,037,10098052,62,1,6,7,0
2020-02-23,Madera,039,155013,1,0,0,0,0
2020-02-23,Marin,041,260295,1,0,0,0,0
2020-02-23,Mariposa,043,17540,0,0,0,0,0
2020-02-23,Mendocino,045,87422,0,0,0,0,0
2020-02-23,Merced,047,269075,0,0,0,0,0
2020-02-23,Modoc,049,8938,0,0,0,0,0
2020-02-23,Mono,051,14174,0,0,0,0,0
2020-02-23,Monterey,053,433212,1,0,0,0,0
2020-02-23,Napa,055,140530,0,0,0,0,0
2020-02-23,Nevada,057,99092,0,0,1,1,0
2020-02-23,Orange,059,3164182,44,1,0,1,0
2020-02-23,Placer,061,380077,3,0,0,0,0
2020-02-23,Plumas,063,18699,0,0,0,0,0
2020-02-23,Riverside,065,2383286,9,0,0,0,0
2020-02-23,Sacramento,067,1510023,6,1,0,1,0
2020-02-23,San Benito,069,59416,0,2,0,2,0
2020-02-23,San Bernardino,071,2135413,20,0,0,0,0
2020-02-23,San Diego,073,3302833,4,2,0,2,0
2020-02-23,San Francisco,075,870044,5,0,0,0,0
2020-02-23,San Joaquin,077,732212,4,0,1,1,0
2020-02-23,San Luis Obispo,079,281455,2,0,0,0,0
2020-02-23,San Mateo,081,765935,10,0,0,0,0
2020-02-23,Santa Barbara,083,443738,0,0,0,0,0
2020-02-23,Santa Clara,085,1922200,26,2,1,3,0
2020-02-23,Santa Cruz,087,273765,2,0,0,0,0
2020-02-23,Shasta,089,179085,0,0,0,0,0
2020-02-23,Sierra,091,2930,0,0,0,0,0
2020-02-23,Siskiyou,093,43540,0,0,0,0,0
2020-02-23,Solano,095,438530,11,15,0,15,0
2020-02-23,Sonoma,097,501317,5,0,0,0,0
2020-02-23,Stanislaus,099,539301,2,0,2,2,0
2020-02-23,Sutter,101,95872,0,0,0,0,0
2020-02-23,Tehama,103,63373,0,0,0,0,0
2020-02-23,Trinity,105,12862,0,0,0,0,0
2020-02-23,Tulare,107,460477,2,0,0,0,0
2020-02-23,Tuolumne,109,53932,0,0,0,0,0
2020-02-23,Ventura,111,848112,4,0,0,0,0
2020-02-23,Yolo,113,214977,1,0,0,0,0
2020-02-23,Yuba,115,75493,0,0,0,0,0
2020-02-22,Alameda,001,1643700,11,0,0,0,0
2020-02-22,Alpine,003,1148,0,0,0,0,0
2020-02-22,Amador,005,37829,0,0,0,0,0
2020-02-22,Butte,007,227075,0,0,0,0,0
2020-02-22,Calaveras,009,45235,0,0,0,0,0
2020-02-22,Colusa,011,21464,0,0,0,0,0
2020-02-22,Contra Costa,013,1133247,5,0,0,0,0
2020-02-22,Del Norte,015,27424,0,0,0,0,0
2020-02-22,El Dorado,017,186661,0,0,0,0,0
2020-02-22,Fresno,019,978130,1,0,0,0,0
2020-02-22,Glenn,021,27897,0,0,0,0,0
2020-02-22,Humboldt,023,135768,1,1,0,1,0
2020-02-22,Imperial,025,180216,0,0,0,0,0
2020-02-22,Inyo,027,18085,0,0,0,0,0
2020-02-22,Kern,029,883053,2,0,0,0,0
2020-02-22,Kings,031,150075,0,0,0,0,0
2020-02-22,Lake,033,64148,0,0,0,0,0
2020-02-22,Lassen,035,31185,0,0,0,0,0
2020-02-22,Los Angeles,037,10098052,60,1,6,7,0
2020-02-22,Madera,039,155013,0,0,0,0,0
2020-02-22,Marin,041,260295,1,0,0,0,0
2020-02-22,Mariposa,043,17540,0,0,0,0,0
2020-02-22,Mendocino,045,87422,0,0,0,0,0
2020-02-22,Merced,047,269075,0,0,0,0,0
2020-02-22,Modoc,049,8938,0,0,0,0,0
2020-02-22,Mono,051,14174,0,0,0,0,0
2020-02-22,Monterey,053,433212,1,0,0,0,0
2020-02-22,Napa,055,140530,0,0,0,0,0
2020-02-22,Nevada,057,99092,0,0,1,1,0
2020-02-22,Orange,059,3164182,43,1,0,1,0
2020-02-22,Placer,061,380077,3,0,0,0,0
2020-02-22,Plumas,063,18699,0,0,0,0,0
2020-02-22,Riverside,065,2383286,9,0,0,0,0
2020-02-22,Sacramento,067,1510023,6,1,0,1,0
2020-02-22,San Benito,069,59416,0,2,0,2,0
2020-02-22,San Bernardino,071,2135413,18,0,0,0,0
2020-02-22,San Diego,073,3302833,3,2,0,2,0
2020-02-22,San Francisco,075,870044,3,0,0,0,0
2020-02-22,San Joaquin,077,732212,4,0,1,1,0
2020-02-22,San Luis Obispo,079,281455,2,0,0,0,0
2020-02-22,San Mateo,081,765935,8,0,0,0,0
2020-02-22,Santa Barbara,083,443738,0,0,0,0,0
2020-02-22,Santa Clara,085,1922200,23,2,1,3,0
2020-02-22,Santa Cruz,087,273765,2,0,0,0,0
2020-02-22,Shasta,089,179085,0,0,0,0,0
2020-02-22,Sierra,091,2930,0,0,0,0,0
2020-02-22,Siskiyou,093,43540,0,0,0,0,0
2020-02-22,Solano,095,438530,11,11,0,11,0
2020-02-22,Sonoma,097,501317,4,0,0,0,0
2020-02-22,Stanislaus,099,539301,2,0,2,2,0
2020-02-22,Sutter,101,95872,0,0,0,0,0
2020-02-22,Tehama,103,63373,0,0,0,0,0
2020-02-22,Trinity,105,12862,0,0,0,0,0
2020-02-22,Tulare,107,460477,2,0,0,0,0
2020-02-22,Tuolumne,109,53932,0,0,0,0,0
2020-02-22,Ventura,111,848112,4,0,0,0,0
2020-02-22,Yolo,113,214977,0,0,0,0,0
2020-02-22,Yuba,115,75493,0,0,0,0,0
2020-02-21,Alameda,001,1643700,10,0,0,0,0
2020-02-21,Alpine,003,1148,0,0,0,0,0
2020-02-21,Amador,005,37829,0,0,0,0,0
2020-02-21,Butte,007,227075,0,0,0,0,0
2020-02-21,Calaveras,009,45235,0,0,0,0,0
2020-02-21,Colusa,011,21464,0,0,0,0,0
2020-02-21,Contra Costa,013,1133247,4,0,0,0,0
2020-02-21,Del Norte,015,27424,0,0,0,0,0
2020-02-21,El Dorado,017,186661,0,0,0,0,0
2020-02-21,Fresno,019,978130,1,0,0,0,0
2020-02-21,Glenn,021,27897,0,0,0,0,0
2020-02-21,Humboldt,023,135768,1,1,0,1,0
2020-02-21,Imperial,025,180216,0,0,0,0,0
2020-02-21,Inyo,027,18085,0,0,0,0,0
2020-02-21,Kern,029,883053,2,0,0,0,0
2020-02-21,Kings,031,150075,0,0,0,0,0
2020-02-21,Lake,033,64148,0,0,0,0,0
2020-02-21,Lassen,035,31185,0,0,0,0,0
2020-02-21,Los Angeles,037,10098052,56,1,6,7,0
2020-02-21,Madera,039,155013,0,0,0,0,0
2020-02-21,Marin,041,260295,1,0,0,0,0
2020-02-21,Mariposa,043,17540,0,0,0,0,0
2020-02-21,Mendocino,045,87422,0,0,0,0,0
2020-02-21,Merced,047,269075,0,0,0,0,0
2020-02-21,Modoc,049,8938,0,0,0,0,0
2020-02-21,Mono,051,14174,0,0,0,0,0
2020-02-21,Monterey,053,433212,1,0,0,0,0
2020-02-21,Napa,055,140530,0,0,0,0,0
2020-02-21,Nevada,057,99092,0,0,1,1,0
2020-02-21,Orange,059,3164182,41,1,0,1,0
2020-02-21,Placer,061,380077,2,0,0,0,0
2020-02-21,Plumas,063,18699,0,0,0,0,0
2020-02-21,Riverside,065,2383286,9,0,0,0,0
2020-02-21,Sacramento,067,1510023,5,1,0,1,0
2020-02-21,San Benito,069,59416,0,2,0,2,0
2020-02-21,San Bernardino,071,2135413,17,0,0,0,0
2020-02-21,San Diego,073,3302833,3,2,0,2,0
2020-02-21,San Francisco,075,870044,3,0,0,0,0
2020-02-21,San Joaquin,077,732212,2,0,1,1,0
2020-02-21,San Luis Obispo,079,281455,2,0,0,0,0
2020-02-21,San Mateo,081,765935,8,0,0,0,0
2020-02-21,Santa Barbara,083,443738,0,0,0,0,0
2020-02-21,Santa Clara,085,1922200,21,2,1,3,0
2020-02-21,Santa Cruz,087,273765,2,0,0,0,0
2020-02-21,Shasta,089,179085,0,0,0,0,0
2020-02-21,Sierra,091,2930,0,0,0,0,0
2020-02-21,Siskiyou,093,43540,0,0,0,0,0
2020-02-21,Solano,095,438530,10,11,0,11,0
2020-02-21,Sonoma,097,501317,3,0,0,0,0
2020-02-21,Stanislaus,099,539301,2,0,2,2,0
2020-02-21,Sutter,101,95872,0,0,0,0,0
2020-02-21,Tehama,103,63373,0,0,0,0,0
2020-02-21,Trinity,105,12862,0,0,0,0,0
2020-02-21,Tulare,107,460477,2,0,0,0,0
2020-02-21,Tuolumne,109,53932,0,0,0,0,0
2020-02-21,Ventura,111,848112,4,0,0,0,0
2020-02-21,Yolo,113,214977,0,0,0,0,0
2020-02-21,Yuba,115,75493,0,0,0,0,0
2020-02-20,Alameda,001,1643700,8,0,0,0,0
2020-02-20,Alpine,003,1148,0,0,0,0,0
2020-02-20,Amador,005,37829,0,0,0,0,0
2020-02-20,Butte,007,227075,0,0,0,0,0
2020-02-20,Calaveras,009,45235,0,0,0,0,0
2020-02-20,Colusa,011,21464,0,0,0,0,0
2020-02-20,Contra Costa,013,1133247,3,0,0,0,0
2020-02-20,Del Norte,015,27424,0,0,0,0,0
2020-02-20,El Dorado,017,186661,0,0,0,0,0
2020-02-20,Fresno,019,978130,1,0,0,0,0
2020-02-20,Glenn,021,27897,0,0,0,0,0
2020-02-20,Humboldt,023,135768,1,1,0,1,0
2020-02-20,Imperial,025,180216,0,0,0,0,0
2020-02-20,Inyo,027,18085,0,0,0,0,0
2020-02-20,Kern,029,883053,2,0,0,0,0
2020-02-20,Kings,031,150075,0,0,0,0,0
2020-02-20,Lake,033,64148,0,0,0,0,0
2020-02-20,Lassen,035,31185,0,0,0,0,0
2020-02-20,Los Angeles,037,10098052,55,1,5,6,0
2020-02-20,Madera,039,155013,0,0,0,0,0
2020-02-20,Marin,041,260295,0,0,0,0,0
2020-02-20,Mariposa,043,17540,0,0,0,0,0
2020-02-20,Mendocino,045,87422,0,0,0,0,0
2020-02-20,Merced,047,269075,0,0,0,0,0
2020-02-20,Modoc,049,8938,0,0,0,0,0
2020-02-20,Mono,051,14174,0,0,0,0,0
2020-02-20,Monterey,053,433212,1,0,0,0,0
2020-02-20,Napa,055,140530,0,0,0,0,0
2020-02-20,Nevada,057,99092,0,0,1,1,0
2020-02-20,Orange,059,3164182,41,1,0,1,0
2020-02-20,Placer,061,380077,2,0,0,0,0
2020-02-20,Plumas,063,18699,0,0,0,0,0
2020-02-20,Riverside,065,2383286,7,0,0,0,0
2020-02-20,Sacramento,067,1510023,2,1,0,1,0
2020-02-20,San Benito,069,59416,0,2,0,2,0
2020-02-20,San Bernardino,071,2135413,15,0,0,0,0
2020-02-20,San Diego,073,3302833,3,2,0,2,0
2020-02-20,San Francisco,075,870044,3,0,0,0,0
2020-02-20,San Joaquin,077,732212,2,0,1,1,0
2020-02-20,San Luis Obispo,079,281455,2,0,0,0,0
2020-02-20,San Mateo,081,765935,7,0,0,0,0
2020-02-20,Santa Barbara,083,443738,0,0,0,0,0
2020-02-20,Santa Clara,085,1922200,17,2,1,3,0
2020-02-20,Santa Cruz,087,273765,2,0,0,0,0
2020-02-20,Shasta,089,179085,0,0,0,0,0
2020-02-20,Sierra,091,2930,0,0,0,0,0
2020-02-20,Siskiyou,093,43540,0,0,0,0,0
2020-02-20,Solano,095,438530,8,7,0,7,0
2020-02-20,Sonoma,097,501317,2,0,0,0,0
2020-02-20,Stanislaus,099,539301,2,0,2,2,0
2020-02-20,Sutter,101,95872,0,0,0,0,0
2020-02-20,Tehama,103,63373,0,0,0,0,0
2020-02-20,Trinity,105,12862,0,0,0,0,0
2020-02-20,Tulare,107,460477,2,0,0,0,0
2020-02-20,Tuolumne,109,53932,0,0,0,0,0
2020-02-20,Ventura,111,848112,4,0,0,0,0
2020-02-20,Yolo,113,214977,0,0,0,0,0
2020-02-20,Yuba,115,75493,0,0,0,0,0
2020-02-19,Alameda,001,1643700,7,0,0,0,0
2020-02-19,Alpine,003,1148,0,0,0,0,0
2020-02-19,Amador,005,37829,0,0,0,0,0
2020-02-19,Butte,007,227075,0,0,0,0,0
2020-02-19,Calaveras,009,45235,0,0,0,0,0
2020-02-19,Colusa,011,21464,0,0,0,0,0
2020-02-19,Contra Costa,013,1133247,3,0,0,0,0
2020-02-19,Del Norte,015,27424,0,0,0,0,0
2020-02-19,El Dorado,017,186661,0,0,0,0,0
2020-02-19,Fresno,019,978130,1,0,0,0,0
2020-02-19,Glenn,021,27897,0,0,0,0,0
2020-02-19,Humboldt,023,135768,1,0,0,0,0
2020-02-19,Imperial,025,180216,0,0,0,0,0
2020-02-19,Inyo,027,18085,0,0,0,0,0
2020-02-19,Kern,029,883053,2,0,0,0,0
2020-02-19,Kings,031,150075,0,0,0,0,0
2020-02-19,Lake,033,64148,0,0,0,0,0
2020-02-19,Lassen,035,31185,0,0,0,0,0
2020-02-19,Los Angeles,037,10098052,53,1,5,6,0
2020-02-19,Madera,039,155013,0,0,0,0,0
2020-02-19,Marin,041,260295,0,0,0,0,0
2020-02-19,Mariposa,043,17540,0,0,0,0,0
2020-02-19,Mendocino,045,87422,0,0,0,0,0
2020-02-19,Merced,047,269075,0,0,0,0,0
2020-02-19,Modoc,049,8938,0,0,0,0,0
2020-02-19,Mono,051,14174,0,0,0,0,0
2020-02-19,Monterey,053,433212,1,0,0,0,0
2020-02-19,Napa,055,140530,0,0,0,0,0
2020-02-19,Nevada,057,99092,0,0,1,1,0
2020-02-19,Orange,059,3164182,40,1,0,1,0
2020-02-19,Placer,061,380077,2,0,0,0,0
2020-02-19,Plumas,063,18699,0,0,0,0,0
2020-02-19,Riverside,065,2383286,5,0,0,0,0
2020-02-19,Sacramento,067,1510023,2,0,0,0,0
2020-02-19,San Benito,069,59416,0,2,0,2,0
2020-02-19,San Bernardino,071,2135413,14,0,0,0,0
2020-02-19,San Diego,073,3302833,2,2,0,2,0
2020-02-19,San Francisco,075,870044,2,0,0,0,0
2020-02-19,San Joaquin,077,732212,2,0,1,1,0
2020-02-19,San Luis Obispo,079,281455,2,0,0,0,0
2020-02-19,San Mateo,081,765935,6,0,0,0,0
2020-02-19,Santa Barbara,083,443738,0,0,0,0,0
2020-02-19,Santa Clara,085,1922200,15,2,1,3,0
2020-02-19,Santa Cruz,087,273765,0,0,0,0,0
2020-02-19,Shasta,089,179085,0,0,0,0,0
2020-02-19,Sierra,091,2930,0,0,0,0,0
2020-02-19,Siskiyou,093,43540,0,0,0,0,0
2020-02-19,Solano,095,438530,5,7,0,7,0
2020-02-19,Sonoma,097,501317,2,0,0,0,0
2020-02-19,Stanislaus,099,539301,1,0,2,2,0
2020-02-19,Sutter,101,95872,0,0,0,0,0
2020-02-19,Tehama,103,63373,0,0,0,0,0
2020-02-19,Trinity,105,12862,0,0,0,0,0
2020-02-19,Tulare,107,460477,2,0,0,0,0
2020-02-19,Tuolumne,109,53932,0,0,0,0,0
2020-02-19,Ventura,111,848112,2,0,0,0,0
2020-02-19,Yolo,113,214977,0,0,0,0,0
2020-02-19,Yuba,115,75493,0,0,0,0,0
2020-02-18,Alameda,001,1643700,7,0,0,0,0
2020-02-18,Alpine,003,1148,0,0,0,0,0
2020-02-18,Amador,005,37829,0,0,0,0,0
2020-02-18,Butte,007,227075,0,0,0,0,0
2020-02-18,Calaveras,009,45235,0,0,0,0,0
2020-02-18,Colusa,011,21464,0,0,0,0,0
2020-02-18,Contra Costa,013,1133247,3,0,0,0,0
2020-02-18,Del Norte,015,27424,0,0,0,0,0
2020-02-18,El Dorado,017,186661,0,0,0,0,0
2020-02-18,Fresno,019,978130,0,0,0,0,0
2020-02-18,Glenn,021,27897,0,0,0,0,0
2020-02-18,Humboldt,023,135768,1,0,0,0,0
2020-02-18,Imperial,025,180216,0,0,0,0,0
2020-02-18,Inyo,027,18085,0,0,0,0,0
2020-02-18,Kern,029,883053,2,0,0,0,0
2020-02-18,Kings,031,150075,0,0,0,0,0
2020-02-18,Lake,033,64148,0,0,0,0,0
2020-02-18,Lassen,035,31185,0,0,0,0,0
2020-02-18,Los Angeles,037,10098052,50,1,4,5,0
2020-02-18,Madera,039,155013,0,0,0,0,0
2020-02-18,Marin,041,260295,0,0,0,0,0
2020-02-18,Mariposa,043,17540,0,0,0,0,0
2020-02-18,Mendocino,045,87422,0,0,0,0,0
2020-02-18,Merced,047,269075,0,0,0,0,0
2020-02-18,Modoc,049,8938,0,0,0,0,0
2020-02-18,Mono,051,14174,0,0,0,0,0
2020-02-18,Monterey,053,433212,1,0,0,0,0
2020-02-18,Napa,055,140530,0,0,0,0,0
2020-02-18,Nevada,057,99092,0,0,1,1,0
2020-02-18,Orange,059,3164182,39,1,0,1,0
2020-02-18,Placer,061,380077,0,0,0,0,0
2020-02-18,Plumas,063,18699,0,0,0,0,0
2020-02-18,Riverside,065,2383286,5,0,0,0,0
2020-02-18,Sacramento,067,1510023,2,0,0,0,0
2020-02-18,San Benito,069,59416,0,2,0,2,0
2020-02-18,San Bernardino,071,2135413,13,0,0,0,0
2020-02-18,San Diego,073,3302833,2,2,0,2,0
2020-02-18,San Francisco,075,870044,2,0,0,0,0
2020-02-18,San Joaquin,077,732212,1,0,1,1,0
2020-02-18,San Luis Obispo,079,281455,2,0,0,0,0
2020-02-18,San Mateo,081,765935,5,0,0,0,0
2020-02-18,Santa Barbara,083,443738,0,0,0,0,0
2020-02-18,Santa Clara,085,1922200,14,2,1,3,0
2020-02-18,Santa Cruz,087,273765,0,0,0,0,0
2020-02-18,Shasta,089,179085,0,0,0,0,0
2020-02-18,Sierra,091,2930,0,0,0,0,0
2020-02-18,Siskiyou,093,43540,0,0,0,0,0
2020-02-18,Solano,095,438530,5,7,0,7,0
2020-02-18,Sonoma,097,501317,1,0,0,0,0
2020-02-18,Stanislaus,099,539301,1,0,2,2,0
2020-02-18,Sutter,101,95872,0,0,0,0,0
2020-02-18,Tehama,103,63373,0,0,0,0,0
2020-02-18,Trinity,105,12862,0,0,0,0,0
2020-02-18,Tulare,107,460477,2,0,0,0,0
2020-02-18,Tuolumne,109,53932,0,0,0,0,0
2020-02-18,Ventura,111,848112,2,0,0,0,0
2020-02-18,Yolo,113,214977,0,0,0,0,0
2020-02-18,Yuba,115,75493,0,0,0,0,0
2020-02-17,Alameda,001,1643700,7,0,0,0,0
2020-02-17,Alpine,003,1148,0,0,0,0,0
2020-02-17,Amador,005,37829,0,0,0,0,0
2020-02-17,Butte,007,227075,0,0,0,0,0
2020-02-17,Calaveras,009,45235,0,0,0,0,0
2020-02-17,Colusa,011,21464,0,0,0,0,0
2020-02-17,Contra Costa,013,1133247,3,0,0,0,0
2020-02-17,Del Norte,015,27424,0,0,0,0,0
2020-02-17,El Dorado,017,186661,0,0,0,0,0
2020-02-17,Fresno,019,978130,0,0,0,0,0
2020-02-17,Glenn,021,27897,0,0,0,0,0
2020-02-17,Humboldt,023,135768,1,0,0,0,0
2020-02-17,Imperial,025,180216,0,0,0,0,0
2020-02-17,Inyo,027,18085,0,0,0,0,0
2020-02-17,Kern,029,883053,2,0,0,0,0
2020-02-17,Kings,031,150075,0,0,0,0,0
2020-02-17,Lake,033,64148,0,0,0,0,0
2020-02-17,Lassen,035,31185,0,0,0,0,0
2020-02-17,Los Angeles,037,10098052,47,1,4,5,0
2020-02-17,Madera,039,155013,0,0,0,0,0
2020-02-17,Marin,041,260295,0,0,0,0,0
2020-02-17,Mariposa,043,17540,0,0,0,0,0
2020-02-17,Mendocino,045,87422,0,0,0,0,0
2020-02-17,Merced,047,269075,0,0,0,0,0
2020-02-17,Modoc,049,8938,0,0,0,0,0
2020-02-17,Mono,051,14174,0,0,0,0,0
2020-02-17,Monterey,053,433212,1,0,0,0,0
2020-02-17,Napa,055,140530,0,0,0,0,0
2020-02-17,Nevada,057,99092,0,0,1,1,0
2020-02-17,Orange,059,3164182,39,1,0,1,0
2020-02-17,Placer,061,380077,0,0,0,0,0
2020-02-17,Plumas,063,18699,0,0,0,0,0
2020-02-17,Riverside,065,2383286,5,0,0,0,0
2020-02-17,Sacramento,067,1510023,2,0,0,0,0
2020-02-17,San Benito,069,59416,0,2,0,2,0
2020-02-17,San Bernardino,071,2135413,11,0,0,0,0
2020-02-17,San Diego,073,3302833,2,2,0,2,0
2020-02-17,San Francisco,075,870044,2,0,0,0,0
2020-02-17,San Joaquin,077,732212,1,0,1,1,0
2020-02-17,San Luis Obispo,079,281455,1,0,0,0,0
2020-02-17,San Mateo,081,765935,5,0,0,0,0
2020-02-17,Santa Barbara,083,443738,0,0,0,0,0
2020-02-17,Santa Clara,085,1922200,12,2,1,3,0
2020-02-17,Santa Cruz,087,273765,0,0,0,0,0
2020-02-17,Shasta,089,179085,0,0,0,0,0
2020-02-17,Sierra,091,2930,0,0,0,0,0
2020-02-17,Siskiyou,093,43540,0,0,0,0,0
2020-02-17,Solano,095,438530,3,5,0,5,0
2020-02-17,Sonoma,097,501317,1,0,0,0,0
2020-02-17,Stanislaus,099,539301,1,0,2,2,0
2020-02-17,Sutter,101,95872,0,0,0,0,0
2020-02-17,Tehama,103,63373,0,0,0,0,0
2020-02-17,Trinity,105,12862,0,0,0,0,0
2020-02-17,Tulare,107,460477,2,0,0,0,0
2020-02-17,Tuolumne,109,53932,0,0,0,0,0
2020-02-17,Ventura,111,848112,2,0,0,0,0
2020-02-17,Yolo,113,214977,0,0,0,0,0
2020-02-17,Yuba,115,75493,0,0,0,0,0
2020-02-16,Alameda,001,1643700,6,0,0,0,0
2020-02-16,Alpine,003,1148,0,0,0,0,0
2020-02-16,Amador,005,37829,0,0,0,0,0
2020-02-16,Butte,007,227075,0,0,0,0,0
2020-02-16,Calaveras,009,45235,0,0,0,0,0
2020-02-16,Colusa,011,21464,0,0,0,0,0
2020-02-16,Contra Costa,013,1133247,3,0,0,0,0
2020-02-16,Del Norte,015,27424,0,0,0,0,0
2020-02-16,El Dorado,017,186661,0,0,0,0,0
2020-02-16,Fresno,019,978130,0,0,0,0,0
2020-02-16,Glenn,021,27897,0,0,0,0,0
2020-02-16,Humboldt,023,135768,1,0,0,0,0
2020-02-16,Imperial,025,180216,0,0,0,0,0
2020-02-16,Inyo,027,18085,0,0,0,0,0
2020-02-16,Kern,029,883053,2,0,0,0,0
2020-02-16,Kings,031,150075,0,0,0,0,0
2020-02-16,Lake,033,64148,0,0,0,0,0
2020-02-16,Lassen,035,31185,0,0,0,0,0
2020-02-16,Los Angeles,037,10098052,42,1,4,5,0
2020-02-16,Madera,039,155013,0,0,0,0,0
2020-02-16,Marin,041,260295,0,0,0,0,0
2020-02-16,Mariposa,043,17540,0,0,0,0,0
2020-02-16,Mendocino,045,87422,0,0,0,0,0
2020-02-16,Merced,047,269075,0,0,0,0,0
2020-02-16,Modoc,049,8938,0,0,0,0,0
2020-02-16,Mono,051,14174,0,0,0,0,0
2020-02-16,Monterey,053,433212,1,0,0,0,0
2020-02-16,Napa,055,140530,0,0,0,0,0
2020-02-16,Nevada,057,99092,0,0,0,0,0
2020-02-16,Orange,059,3164182,38,1,0,1,0
2020-02-16,Placer,061,380077,0,0,0,0,0
2020-02-16,Plumas,063,18699,0,0,0,0,0
2020-02-16,Riverside,065,2383286,5,0,0,0,0
2020-02-16,Sacramento,067,1510023,2,0,0,0,0
2020-02-16,San Benito,069,59416,0,2,0,2,0
2020-02-16,San Bernardino,071,2135413,10,0,0,0,0
2020-02-16,San Diego,073,3302833,2,2,0,2,0
2020-02-16,San Francisco,075,870044,2,0,0,0,0
2020-02-16,San Joaquin,077,732212,1,0,1,1,0
2020-02-16,San Luis Obispo,079,281455,1,0,0,0,0
2020-02-16,San Mateo,081,765935,4,0,0,0,0
2020-02-16,Santa Barbara,083,443738,0,0,0,0,0
2020-02-16,Santa Clara,085,1922200,10,2,1,3,0
2020-02-16,Santa Cruz,087,273765,0,0,0,0,0
2020-02-16,Shasta,089,179085,0,0,0,0,0
2020-02-16,Sierra,091,2930,0,0,0,0,0
2020-02-16,Siskiyou,093,43540,0,0,0,0,0
2020-02-16,Solano,095,438530,1,0,0,0,0
2020-02-16,Sonoma,097,501317,1,0,0,0,0
2020-02-16,Stanislaus,099,539301,1,0,2,2,0
2020-02-16,Sutter,101,95872,0,0,0,0,0
2020-02-16,Tehama,103,63373,0,0,0,0,0
2020-02-16,Trinity,105,12862,0,0,0,0,0
2020-02-16,Tulare,107,460477,2,0,0,0,0
2020-02-16,Tuolumne,109,53932,0,0,0,0,0
2020-02-16,Ventura,111,848112,2,0,0,0,0
2020-02-16,Yolo,113,214977,0,0,0,0,0
2020-02-16,Yuba,115,75493,0,0,0,0,0
2020-02-15,Alameda,001,1643700,6,0,0,0,0
2020-02-15,Alpine,003,1148,0,0,0,0,0
2020-02-15,Amador,005,37829,0,0,0,0,0
2020-02-15,Butte,007,227075,0,0,0,0,0
2020-02-15,Calaveras,009,45235,0,0,0,0,0
2020-02-15,Colusa,011,21464,0,0,0,0,0
2020-02-15,Contra Costa,013,1133247,3,0,0,0,0
2020-02-15,Del Norte,015,27424,0,0,0,0,0
2020-02-15,El Dorado,017,186661,0,0,0,0,0
2020-02-15,Fresno,019,978130,0,0,0,0,0
2020-02-15,Glenn,021,27897,0,0,0,0,0
2020-02-15,Humboldt,023,135768,1,0,0,0,0
2020-02-15,Imperial,025,180216,0,0,0,0,0
2020-02-15,Inyo,027,18085,0,0,0,0,0
2020-02-15,Kern,029,883053,2,0,0,0,0
2020-02-15,Kings,031,150075,0,0,0,0,0
2020-02-15,Lake,033,64148,0,0,0,0,0
2020-02-15,Lassen,035,31185,0,0,0,0,0
2020-02-15,Los Angeles,037,10098052,39,1,4,5,0
2020-02-15,Madera,039,155013,0,0,0,0,0
2020-02-15,Marin,041,260295,0,0,0,0,0
2020-02-15,Mariposa,043,17540,0,0,0,0,0
2020-02-15,Mendocino,045,87422,0,0,0,0,0
2020-02-15,Merced,047,269075,0,0,0,0,0
2020-02-15,Modoc,049,8938,0,0,0,0,0
2020-02-15,Mono,051,14174,0,0,0,0,0
2020-02-15,Monterey,053,433212,1,0,0,0,0
2020-02-15,Napa,055,140530,0,0,0,0,0
2020-02-15,Nevada,057,99092,0,0,0,0,0
2020-02-15,Orange,059,3164182,37,1,0,1,0
2020-02-15,Placer,061,380077,0,0,0,0,0
2020-02-15,Plumas,063,18699,0,0,0,0,0
2020-02-15,Riverside,065,2383286,4,0,0,0,0
2020-02-15,Sacramento,067,1510023,2,0,0,0,0
2020-02-15,San Benito,069,59416,0,2,0,2,0
2020-02-15,San Bernardino,071,2135413,9,0,0,0,0
2020-02-15,San Diego,073,3302833,2,2,0,2,0
2020-02-15,San Francisco,075,870044,2,0,0,0,0
2020-02-15,San Joaquin,077,732212,1,0,1,1,0
2020-02-15,San Luis Obispo,079,281455,1,0,0,0,0
2020-02-15,San Mateo,081,765935,4,0,0,0,0
2020-02-15,Santa Barbara,083,443738,0,0,0,0,0
2020-02-15,Santa Clara,085,1922200,10,2,1,3,0
2020-02-15,Santa Cruz,087,273765,0,0,0,0,0
2020-02-15,Shasta,089,179085,0,0,0,0,0
2020-02-15,Sierra,091,2930,0,0,0,0,0
2020-02-15,Siskiyou,093,43540,0,0,0,0,0
2020-02-15,Solano,095,438530,1,0,0,0,0
2020-02-15,Sonoma,097,501317,0,0,0,0,0
2020-02-15,Stanislaus,099,539301,1,0,2,2,0
2020-02-15,Sutter,101,95872,0,0,0,0,0
2020-02-15,Tehama,103,63373,0,0,0,0,0
2020-02-15,Trinity,105,12862,0,0,0,0,0
2020-02-15,Tulare,107,460477,2,0,0,0,0
2020-02-15,Tuolumne,109,53932,0,0,0,0,0
2020-02-15,Ventura,111,848112,2,0,0,0,0
2020-02-15,Yolo,113,214977,0,0,0,0,0
2020-02-15,Yuba,115,75493,0,0,0,0,0
2020-02-14,Alameda,001,1643700,5,0,0,0,0
2020-02-14,Alpine,003,1148,0,0,0,0,0
2020-02-14,Amador,005,37829,0,0,0,0,0
2020-02-14,Butte,007,227075,0,0,0,0,0
2020-02-14,Calaveras,009,45235,0,0,0,0,0
2020-02-14,Colusa,011,21464,0,0,0,0,0
2020-02-14,Contra Costa,013,1133247,3,0,0,0,0
2020-02-14,Del Norte,015,27424,0,0,0,0,0
2020-02-14,El Dorado,017,186661,0,0,0,0,0
2020-02-14,Fresno,019,978130,0,0,0,0,0
2020-02-14,Glenn,021,27897,0,0,0,0,0
2020-02-14,Humboldt,023,135768,1,0,0,0,0
2020-02-14,Imperial,025,180216,0,0,0,0,0
2020-02-14,Inyo,027,18085,0,0,0,0,0
2020-02-14,Kern,029,883053,2,0,0,0,0
2020-02-14,Kings,031,150075,0,0,0,0,0
2020-02-14,Lake,033,64148,0,0,0,0,0
2020-02-14,Lassen,035,31185,0,0,0,0,0
2020-02-14,Los Angeles,037,10098052,34,1,4,5,0
2020-02-14,Madera,039,155013,0,0,0,0,0
2020-02-14,Marin,041,260295,0,0,0,0,0
2020-02-14,Mariposa,043,17540,0,0,0,0,0
2020-02-14,Mendocino,045,87422,0,0,0,0,0
2020-02-14,Merced,047,269075,0,0,0,0,0
2020-02-14,Modoc,049,8938,0,0,0,0,0
2020-02-14,Mono,051,14174,0,0,0,0,0
2020-02-14,Monterey,053,433212,1,0,0,0,0
2020-02-14,Napa,055,140530,0,0,0,0,0
2020-02-14,Nevada,057,99092,0,0,0,0,0
2020-02-14,Orange,059,3164182,37,1,0,1,0
2020-02-14,Placer,061,380077,0,0,0,0,0
2020-02-14,Plumas,063,18699,0,0,0,0,0
2020-02-14,Riverside,065,2383286,4,0,0,0,0
2020-02-14,Sacramento,067,1510023,1,0,0,0,0
2020-02-14,San Benito,069,59416,0,2,0,2,0
2020-02-14,San Bernardino,071,2135413,9,0,0,0,0
2020-02-14,San Diego,073,3302833,1,2,0,2,0
2020-02-14,San Francisco,075,870044,2,0,0,0,0
2020-02-14,San Joaquin,077,732212,1,0,1,1,0
2020-02-14,San Luis Obispo,079,281455,0,0,0,0,0
2020-02-14,San Mateo,081,765935,3,0,0,0,0
2020-02-14,Santa Barbara,083,443738,0,0,0,0,0
2020-02-14,Santa Clara,085,1922200,8,2,1,3,0
2020-02-14,Santa Cruz,087,273765,0,0,0,0,0
2020-02-14,Shasta,089,179085,0,0,0,0,0
2020-02-14,Sierra,091,2930,0,0,0,0,0
2020-02-14,Siskiyou,093,43540,0,0,0,0,0
2020-02-14,Solano,095,438530,1,0,0,0,0
2020-02-14,Sonoma,097,501317,0,0,0,0,0
2020-02-14,Stanislaus,099,539301,1,0,2,2,0
2020-02-14,Sutter,101,95872,0,0,0,0,0
2020-02-14,Tehama,103,63373,0,0,0,0,0
2020-02-14,Trinity,105,12862,0,0,0,0,0
2020-02-14,Tulare,107,460477,2,0,0,0,0
2020-02-14,Tuolumne,109,53932,0,0,0,0,0
2020-02-14,Ventura,111,848112,2,0,0,0,0
2020-02-14,Yolo,113,214977,0,0,0,0,0
2020-02-14,Yuba,115,75493,0,0,0,0,0
2020-02-13,Alameda,001,1643700,5,0,0,0,0
2020-02-13,Alpine,003,1148,0,0,0,0,0
2020-02-13,Amador,005,37829,0,0,0,0,0
2020-02-13,Butte,007,227075,0,0,0,0,0
2020-02-13,Calaveras,009,45235,0,0,0,0,0
2020-02-13,Colusa,011,21464,0,0,0,0,0
2020-02-13,Contra Costa,013,1133247,3,0,0,0,0
2020-02-13,Del Norte,015,27424,0,0,0,0,0
2020-02-13,El Dorado,017,186661,0,0,0,0,0
2020-02-13,Fresno,019,978130,0,0,0,0,0
2020-02-13,Glenn,021,27897,0,0,0,0,0
2020-02-13,Humboldt,023,135768,1,0,0,0,0
2020-02-13,Imperial,025,180216,0,0,0,0,0
2020-02-13,Inyo,027,18085,0,0,0,0,0
2020-02-13,Kern,029,883053,2,0,0,0,0
2020-02-13,Kings,031,150075,0,0,0,0,0
2020-02-13,Lake,033,64148,0,0,0,0,0
2020-02-13,Lassen,035,31185,0,0,0,0,0
2020-02-13,Los Angeles,037,10098052,31,1,3,4,0
2020-02-13,Madera,039,155013,0,0,0,0,0
2020-02-13,Marin,041,260295,0,0,0,0,0
2020-02-13,Mariposa,043,17540,0,0,0,0,0
2020-02-13,Mendocino,045,87422,0,0,0,0,0
2020-02-13,Merced,047,269075,0,0,0,0,0
2020-02-13,Modoc,049,8938,0,0,0,0,0
2020-02-13,Mono,051,14174,0,0,0,0,0
2020-02-13,Monterey,053,433212,1,0,0,0,0
2020-02-13,Napa,055,140530,0,0,0,0,0
2020-02-13,Nevada,057,99092,0,0,0,0,0
2020-02-13,Orange,059,3164182,36,1,0,1,0
2020-02-13,Placer,061,380077,0,0,0,0,0
2020-02-13,Plumas,063,18699,0,0,0,0,0
2020-02-13,Riverside,065,2383286,4,0,0,0,0
2020-02-13,Sacramento,067,1510023,1,0,0,0,0
2020-02-13,San Benito,069,59416,0,2,0,2,0
2020-02-13,San Bernardino,071,2135413,8,0,0,0,0
2020-02-13,San Diego,073,3302833,0,2,0,2,0
2020-02-13,San Francisco,075,870044,2,0,0,0,0
2020-02-13,San Joaquin,077,732212,1,0,1,1,0
2020-02-13,San Luis Obispo,079,281455,0,0,0,0,0
2020-02-13,San Mateo,081,765935,2,0,0,0,0
2020-02-13,Santa Barbara,083,443738,0,0,0,0,0
2020-02-13,Santa Clara,085,1922200,7,2,0,2,0
2020-02-13,Santa Cruz,087,273765,0,0,0,0,0
2020-02-13,Shasta,089,179085,0,0,0,0,0
2020-02-13,Sierra,091,2930,0,0,0,0,0
2020-02-13,Siskiyou,093,43540,0,0,0,0,0
2020-02-13,Solano,095,438530,0,0,0,0,0
2020-02-13,Sonoma,097,501317,0,0,0,0,0
2020-02-13,Stanislaus,099,539301,1,0,1,1,0
2020-02-13,Sutter,101,95872,0,0,0,0,0
2020-02-13,Tehama,103,63373,0,0,0,0,0
2020-02-13,Trinity,105,12862,0,0,0,0,0
2020-02-13,Tulare,107,460477,2,0,0,0,0
2020-02-13,Tuolumne,109,53932,0,0,0,0,0
2020-02-13,Ventura,111,848112,2,0,0,0,0
2020-02-13,Yolo,113,214977,0,0,0,0,0
2020-02-13,Yuba,115,75493,0,0,0,0,0
2020-02-12,Alameda,001,1643700,5,0,0,0,0
2020-02-12,Alpine,003,1148,0,0,0,0,0
2020-02-12,Amador,005,37829,0,0,0,0,0
2020-02-12,Butte,007,227075,0,0,0,0,0
2020-02-12,Calaveras,009,45235,0,0,0,0,0
2020-02-12,Colusa,011,21464,0,0,0,0,0
2020-02-12,Contra Costa,013,1133247,3,0,0,0,0
2020-02-12,Del Norte,015,27424,0,0,0,0,0
2020-02-12,El Dorado,017,186661,0,0,0,0,0
2020-02-12,Fresno,019,978130,0,0,0,0,0
2020-02-12,Glenn,021,27897,0,0,0,0,0
2020-02-12,Humboldt,023,135768,1,0,0,0,0
2020-02-12,Imperial,025,180216,0,0,0,0,0
2020-02-12,Inyo,027,18085,0,0,0,0,0
2020-02-12,Kern,029,883053,2,0,0,0,0
2020-02-12,Kings,031,150075,0,0,0,0,0
2020-02-12,Lake,033,64148,0,0,0,0,0
2020-02-12,Lassen,035,31185,0,0,0,0,0
2020-02-12,Los Angeles,037,10098052,30,1,3,4,0
2020-02-12,Madera,039,155013,0,0,0,0,0
2020-02-12,Marin,041,260295,0,0,0,0,0
2020-02-12,Mariposa,043,17540,0,0,0,0,0
2020-02-12,Mendocino,045,87422,0,0,0,0,0
2020-02-12,Merced,047,269075,0,0,0,0,0
2020-02-12,Modoc,049,8938,0,0,0,0,0
2020-02-12,Mono,051,14174,0,0,0,0,0
2020-02-12,Monterey,053,433212,1,0,0,0,0
2020-02-12,Napa,055,140530,0,0,0,0,0
2020-02-12,Nevada,057,99092,0,0,0,0,0
2020-02-12,Orange,059,3164182,36,1,0,1,0
2020-02-12,Placer,061,380077,0,0,0,0,0
2020-02-12,Plumas,063,18699,0,0,0,0,0
2020-02-12,Riverside,065,2383286,4,0,0,0,0
2020-02-12,Sacramento,067,1510023,1,0,0,0,0
2020-02-12,San Benito,069,59416,0,2,0,2,0
2020-02-12,San Bernardino,071,2135413,8,0,0,0,0
2020-02-12,San Diego,073,3302833,0,2,0,2,0
2020-02-12,San Francisco,075,870044,2,0,0,0,0
2020-02-12,San Joaquin,077,732212,1,0,1,1,0
2020-02-12,San Luis Obispo,079,281455,0,0,0,0,0
2020-02-12,San Mateo,081,765935,2,0,0,0,0
2020-02-12,Santa Barbara,083,443738,0,0,0,0,0
2020-02-12,Santa Clara,085,1922200,6,2,0,2,0
2020-02-12,Santa Cruz,087,273765,0,0,0,0,0
2020-02-12,Shasta,089,179085,0,0,0,0,0
2020-02-12,Sierra,091,2930,0,0,0,0,0
2020-02-12,Siskiyou,093,43540,0,0,0,0,0
2020-02-12,Solano,095,438530,0,0,0,0,0
2020-02-12,Sonoma,097,501317,0,0,0,0,0
2020-02-12,Stanislaus,099,539301,1,0,1,1,0
2020-02-12,Sutter,101,95872,0,0,0,0,0
2020-02-12,Tehama,103,63373,0,0,0,0,0
2020-02-12,Trinity,105,12862,0,0,0,0,0
2020-02-12,Tulare,107,460477,2,0,0,0,0
2020-02-12,Tuolumne,109,53932,0,0,0,0,0
2020-02-12,Ventura,111,848112,2,0,0,0,0
2020-02-12,Yolo,113,214977,0,0,0,0,0
2020-02-12,Yuba,115,75493,0,0,0,0,0
2020-02-11,Alameda,001,1643700,5,0,0,0,0
2020-02-11,Alpine,003,1148,0,0,0,0,0
2020-02-11,Amador,005,37829,0,0,0,0,0
2020-02-11,Butte,007,227075,0,0,0,0,0
2020-02-11,Calaveras,009,45235,0,0,0,0,0
2020-02-11,Colusa,011,21464,0,0,0,0,0
2020-02-11,Contra Costa,013,1133247,3,0,0,0,0
2020-02-11,Del Norte,015,27424,0,0,0,0,0
2020-02-11,El Dorado,017,186661,0,0,0,0,0
2020-02-11,Fresno,019,978130,0,0,0,0,0
2020-02-11,Glenn,021,27897,0,0,0,0,0
2020-02-11,Humboldt,023,135768,1,0,0,0,0
2020-02-11,Imperial,025,180216,0,0,0,0,0
2020-02-11,Inyo,027,18085,0,0,0,0,0
2020-02-11,Kern,029,883053,2,0,0,0,0
2020-02-11,Kings,031,150075,0,0,0,0,0
2020-02-11,Lake,033,64148,0,0,0,0,0
2020-02-11,Lassen,035,31185,0,0,0,0,0
2020-02-11,Los Angeles,037,10098052,30,1,3,4,0
2020-02-11,Madera,039,155013,0,0,0,0,0
2020-02-11,Marin,041,260295,0,0,0,0,0
2020-02-11,Mariposa,043,17540,0,0,0,0,0
2020-02-11,Mendocino,045,87422,0,0,0,0,0
2020-02-11,Merced,047,269075,0,0,0,0,0
2020-02-11,Modoc,049,8938,0,0,0,0,0
2020-02-11,Mono,051,14174,0,0,0,0,0
2020-02-11,Monterey,053,433212,1,0,0,0,0
2020-02-11,Napa,055,140530,0,0,0,0,0
2020-02-11,Nevada,057,99092,0,0,0,0,0
2020-02-11,Orange,059,3164182,35,1,0,1,0
2020-02-11,Placer,061,380077,0,0,0,0,0
2020-02-11,Plumas,063,18699,0,0,0,0,0
2020-02-11,Riverside,065,2383286,4,0,0,0,0
2020-02-11,Sacramento,067,1510023,1,0,0,0,0
2020-02-11,San Benito,069,59416,0,2,0,2,0
2020-02-11,San Bernardino,071,2135413,8,0,0,0,0
2020-02-11,San Diego,073,3302833,0,1,0,1,0
2020-02-11,San Francisco,075,870044,2,0,0,0,0
2020-02-11,San Joaquin,077,732212,0,0,1,1,0
2020-02-11,San Luis Obispo,079,281455,0,0,0,0,0
2020-02-11,San Mateo,081,765935,2,0,0,0,0
2020-02-11,Santa Barbara,083,443738,0,0,0,0,0
2020-02-11,Santa Clara,085,1922200,5,2,0,2,0
2020-02-11,Santa Cruz,087,273765,0,0,0,0,0
2020-02-11,Shasta,089,179085,0,0,0,0,0
2020-02-11,Sierra,091,2930,0,0,0,0,0
2020-02-11,Siskiyou,093,43540,0,0,0,0,0
2020-02-11,Solano,095,438530,0,0,0,0,0
2020-02-11,Sonoma,097,501317,0,0,0,0,0
2020-02-11,Stanislaus,099,539301,1,0,1,1,0
2020-02-11,Sutter,101,95872,0,0,0,0,0
2020-02-11,Tehama,103,63373,0,0,0,0,0
2020-02-11,Trinity,105,12862,0,0,0,0,0
2020-02-11,Tulare,107,460477,2,0,0,0,0
2020-02-11,Tuolumne,109,53932,0,0,0,0,0
2020-02-11,Ventura,111,848112,2,0,0,0,0
2020-02-11,Yolo,113,214977,0,0,0,0,0
2020-02-11,Yuba,115,75493,0,0,0,0,0
2020-02-10,Alameda,001,1643700,5,0,0,0,0
2020-02-10,Alpine,003,1148,0,0,0,0,0
2020-02-10,Amador,005,37829,0,0,0,0,0
2020-02-10,Butte,007,227075,0,0,0,0,0
2020-02-10,Calaveras,009,45235,0,0,0,0,0
2020-02-10,Colusa,011,21464,0,0,0,0,0
2020-02-10,Contra Costa,013,1133247,3,0,0,0,0
2020-02-10,Del Norte,015,27424,0,0,0,0,0
2020-02-10,El Dorado,017,186661,0,0,0,0,0
2020-02-10,Fresno,019,978130,0,0,0,0,0
2020-02-10,Glenn,021,27897,0,0,0,0,0
2020-02-10,Humboldt,023,135768,0,0,0,0,0
2020-02-10,Imperial,025,180216,0,0,0,0,0
2020-02-10,Inyo,027,18085,0,0,0,0,0
2020-02-10,Kern,029,883053,2,0,0,0,0
2020-02-10,Kings,031,150075,0,0,0,0,0
2020-02-10,Lake,033,64148,0,0,0,0,0
2020-02-10,Lassen,035,31185,0,0,0,0,0
2020-02-10,Los Angeles,037,10098052,28,1,3,4,0
2020-02-10,Madera,039,155013,0,0,0,0,0
2020-02-10,Marin,041,260295,0,0,0,0,0
2020-02-10,Mariposa,043,17540,0,0,0,0,0
2020-02-10,Mendocino,045,87422,0,0,0,0,0
2020-02-10,Merced,047,269075,0,0,0,0,0
2020-02-10,Modoc,049,8938,0,0,0,0,0
2020-02-10,Mono,051,14174,0,0,0,0,0
2020-02-10,Monterey,053,433212,1,0,0,0,0
2020-02-10,Napa,055,140530,0,0,0,0,0
2020-02-10,Nevada,057,99092,0,0,0,0,0
2020-02-10,Orange,059,3164182,35,1,0,1,0
2020-02-10,Placer,061,380077,0,0,0,0,0
2020-02-10,Plumas,063,18699,0,0,0,0,0
2020-02-10,Riverside,065,2383286,4,0,0,0,0
2020-02-10,Sacramento,067,1510023,1,0,0,0,0
2020-02-10,San Benito,069,59416,0,2,0,2,0
2020-02-10,San Bernardino,071,2135413,7,0,0,0,0
2020-02-10,San Diego,073,3302833,0,0,0,0,0
2020-02-10,San Francisco,075,870044,2,0,0,0,0
2020-02-10,San Joaquin,077,732212,0,0,1,1,0
2020-02-10,San Luis Obispo,079,281455,0,0,0,0,0
2020-02-10,San Mateo,081,765935,2,0,0,0,0
2020-02-10,Santa Barbara,083,443738,0,0,0,0,0
2020-02-10,Santa Clara,085,1922200,5,2,0,2,0
2020-02-10,Santa Cruz,087,273765,0,0,0,0,0
2020-02-10,Shasta,089,179085,0,0,0,0,0
2020-02-10,Sierra,091,2930,0,0,0,0,0
2020-02-10,Siskiyou,093,43540,0,0,0,0,0
2020-02-10,Solano,095,438530,0,0,0,0,0
2020-02-10,Sonoma,097,501317,0,0,0,0,0
2020-02-10,Stanislaus,099,539301,1,0,0,0,0
2020-02-10,Sutter,101,95872,0,0,0,0,0
2020-02-10,Tehama,103,63373,0,0,0,0,0
2020-02-10,Trinity,105,12862,0,0,0,0,0
2020-02-10,Tulare,107,460477,2,0,0,0,0
2020-02-10,Tuolumne,109,53932,0,0,0,0,0
2020-02-10,Ventura,111,848112,2,0,0,0,0
2020-02-10,Yolo,113,214977,0,0,0,0,0
2020-02-10,Yuba,115,75493,0,0,0,0,0
2020-02-09,Alameda,001,1643700,5,0,0,0,0
2020-02-09,Alpine,003,1148,0,0,0,0,0
2020-02-09,Amador,005,37829,0,0,0,0,0
2020-02-09,Butte,007,227075,0,0,0,0,0
2020-02-09,Calaveras,009,45235,0,0,0,0,0
2020-02-09,Colusa,011,21464,0,0,0,0,0
2020-02-09,Contra Costa,013,1133247,3,0,0,0,0
2020-02-09,Del Norte,015,27424,0,0,0,0,0
2020-02-09,El Dorado,017,186661,0,0,0,0,0
2020-02-09,Fresno,019,978130,0,0,0,0,0
2020-02-09,Glenn,021,27897,0,0,0,0,0
2020-02-09,Humboldt,023,135768,0,0,0,0,0
2020-02-09,Imperial,025,180216,0,0,0,0,0
2020-02-09,Inyo,027,18085,0,0,0,0,0
2020-02-09,Kern,029,883053,2,0,0,0,0
2020-02-09,Kings,031,150075,0,0,0,0,0
2020-02-09,Lake,033,64148,0,0,0,0,0
2020-02-09,Lassen,035,31185,0,0,0,0,0
2020-02-09,Los Angeles,037,10098052,27,1,3,4,0
2020-02-09,Madera,039,155013,0,0,0,0,0
2020-02-09,Marin,041,260295,0,0,0,0,0
2020-02-09,Mariposa,043,17540,0,0,0,0,0
2020-02-09,Mendocino,045,87422,0,0,0,0,0
2020-02-09,Merced,047,269075,0,0,0,0,0
2020-02-09,Modoc,049,8938,0,0,0,0,0
2020-02-09,Mono,051,14174,0,0,0,0,0
2020-02-09,Monterey,053,433212,1,0,0,0,0
2020-02-09,Napa,055,140530,0,0,0,0,0
2020-02-09,Nevada,057,99092,0,0,0,0,0
2020-02-09,Orange,059,3164182,35,1,0,1,0
2020-02-09,Placer,061,380077,0,0,0,0,0
2020-02-09,Plumas,063,18699,0,0,0,0,0
2020-02-09,Riverside,065,2383286,4,0,0,0,0
2020-02-09,Sacramento,067,1510023,0,0,0,0,0
2020-02-09,San Benito,069,59416,0,2,0,2,0
2020-02-09,San Bernardino,071,2135413,7,0,0,0,0
2020-02-09,San Diego,073,3302833,0,0,0,0,0
2020-02-09,San Francisco,075,870044,1,0,0,0,0
2020-02-09,San Joaquin,077,732212,0,0,1,1,0
2020-02-09,San Luis Obispo,079,281455,0,0,0,0,0
2020-02-09,San Mateo,081,765935,2,0,0,0,0
2020-02-09,Santa Barbara,083,443738,0,0,0,0,0
2020-02-09,Santa Clara,085,1922200,4,2,0,2,0
2020-02-09,Santa Cruz,087,273765,0,0,0,0,0
2020-02-09,Shasta,089,179085,0,0,0,0,0
2020-02-09,Sierra,091,2930,0,0,0,0,0
2020-02-09,Siskiyou,093,43540,0,0,0,0,0
2020-02-09,Solano,095,438530,0,0,0,0,0
2020-02-09,Sonoma,097,501317,0,0,0,0,0
2020-02-09,Stanislaus,099,539301,0,0,0,0,0
2020-02-09,Sutter,101,95872,0,0,0,0,0
2020-02-09,Tehama,103,63373,0,0,0,0,0
2020-02-09,Trinity,105,12862,0,0,0,0,0
2020-02-09,Tulare,107,460477,2,0,0,0,0
2020-02-09,Tuolumne,109,53932,0,0,0,0,0
2020-02-09,Ventura,111,848112,1,0,0,0,0
2020-02-09,Yolo,113,214977,0,0,0,0,0
2020-02-09,Yuba,115,75493,0,0,0,0,0
2020-02-08,Alameda,001,1643700,4,0,0,0,0
2020-02-08,Alpine,003,1148,0,0,0,0,0
2020-02-08,Amador,005,37829,0,0,0,0,0
2020-02-08,Butte,007,227075,0,0,0,0,0
2020-02-08,Calaveras,009,45235,0,0,0,0,0
2020-02-08,Colusa,011,21464,0,0,0,0,0
2020-02-08,Contra Costa,013,1133247,2,0,0,0,0
2020-02-08,Del Norte,015,27424,0,0,0,0,0
2020-02-08,El Dorado,017,186661,0,0,0,0,0
2020-02-08,Fresno,019,978130,0,0,0,0,0
2020-02-08,Glenn,021,27897,0,0,0,0,0
2020-02-08,Humboldt,023,135768,0,0,0,0,0
2020-02-08,Imperial,025,180216,0,0,0,0,0
2020-02-08,Inyo,027,18085,0,0,0,0,0
2020-02-08,Kern,029,883053,2,0,0,0,0
2020-02-08,Kings,031,150075,0,0,0,0,0
2020-02-08,Lake,033,64148,0,0,0,0,0
2020-02-08,Lassen,035,31185,0,0,0,0,0
2020-02-08,Los Angeles,037,10098052,24,1,1,2,0
2020-02-08,Madera,039,155013,0,0,0,0,0
2020-02-08,Marin,041,260295,0,0,0,0,0
2020-02-08,Mariposa,043,17540,0,0,0,0,0
2020-02-08,Mendocino,045,87422,0,0,0,0,0
2020-02-08,Merced,047,269075,0,0,0,0,0
2020-02-08,Modoc,049,8938,0,0,0,0,0
2020-02-08,Mono,051,14174,0,0,0,0,0
2020-02-08,Monterey,053,433212,1,0,0,0,0
2020-02-08,Napa,055,140530,0,0,0,0,0
2020-02-08,Nevada,057,99092,0,0,0,0,0
2020-02-08,Orange,059,3164182,35,1,0,1,0
2020-02-08,Placer,061,380077,0,0,0,0,0
2020-02-08,Plumas,063,18699,0,0,0,0,0
2020-02-08,Riverside,065,2383286,4,0,0,0,0
2020-02-08,Sacramento,067,1510023,0,0,0,0,0
2020-02-08,San Benito,069,59416,0,2,0,2,0
2020-02-08,San Bernardino,071,2135413,7,0,0,0,0
2020-02-08,San Diego,073,3302833,0,0,0,0,0
2020-02-08,San Francisco,075,870044,1,0,0,0,0
2020-02-08,San Joaquin,077,732212,0,0,1,1,0
2020-02-08,San Luis Obispo,079,281455,0,0,0,0,0
2020-02-08,San Mateo,081,765935,2,0,0,0,0
2020-02-08,Santa Barbara,083,443738,0,0,0,0,0
2020-02-08,Santa Clara,085,1922200,4,2,0,2,0
2020-02-08,Santa Cruz,087,273765,0,0,0,0,0
2020-02-08,Shasta,089,179085,0,0,0,0,0
2020-02-08,Sierra,091,2930,0,0,0,0,0
2020-02-08,Siskiyou,093,43540,0,0,0,0,0
2020-02-08,Solano,095,438530,0,0,0,0,0
2020-02-08,Sonoma,097,501317,0,0,0,0,0
2020-02-08,Stanislaus,099,539301,0,0,0,0,0
2020-02-08,Sutter,101,95872,0,0,0,0,0
2020-02-08,Tehama,103,63373,0,0,0,0,0
2020-02-08,Trinity,105,12862,0,0,0,0,0
2020-02-08,Tulare,107,460477,2,0,0,0,0
2020-02-08,Tuolumne,109,53932,0,0,0,0,0
2020-02-08,Ventura,111,848112,1,0,0,0,0
2020-02-08,Yolo,113,214977,0,0,0,0,0
2020-02-08,Yuba,115,75493,0,0,0,0,0
2020-02-07,Alameda,001,1643700,4,0,0,0,0
2020-02-07,Alpine,003,1148,0,0,0,0,0
2020-02-07,Amador,005,37829,0,0,0,0,0
2020-02-07,Butte,007,227075,0,0,0,0,0
2020-02-07,Calaveras,009,45235,0,0,0,0,0
2020-02-07,Colusa,011,21464,0,0,0,0,0
2020-02-07,Contra Costa,013,1133247,2,0,0,0,0
2020-02-07,Del Norte,015,27424,0,0,0,0,0
2020-02-07,El Dorado,017,186661,0,0,0,0,0
2020-02-07,Fresno,019,978130,0,0,0,0,0
2020-02-07,Glenn,021,27897,0,0,0,0,0
2020-02-07,Humboldt,023,135768,0,0,0,0,0
2020-02-07,Imperial,025,180216,0,0,0,0,0
2020-02-07,Inyo,027,18085,0,0,0,0,0
2020-02-07,Kern,029,883053,2,0,0,0,0
2020-02-07,Kings,031,150075,0,0,0,0,0
2020-02-07,Lake,033,64148,0,0,0,0,0
2020-02-07,Lassen,035,31185,0,0,0,0,0
2020-02-07,Los Angeles,037,10098052,23,1,0,1,0
2020-02-07,Madera,039,155013,0,0,0,0,0
2020-02-07,Marin,041,260295,0,0,0,0,0
2020-02-07,Mariposa,043,17540,0,0,0,0,0
2020-02-07,Mendocino,045,87422,0,0,0,0,0
2020-02-07,Merced,047,269075,0,0,0,0,0
2020-02-07,Modoc,049,8938,0,0,0,0,0
2020-02-07,Mono,051,14174,0,0,0,0,0
2020-02-07,Monterey,053,433212,1,0,0,0,0
2020-02-07,Napa,055,140530,0,0,0,0,0
2020-02-07,Nevada,057,99092,0,0,0,0,0
2020-02-07,Orange,059,3164182,33,1,0,1,0
2020-02-07,Placer,061,380077,0,0,0,0,0
2020-02-07,Plumas,063,18699,0,0,0,0,0
2020-02-07,Riverside,065,2383286,4,0,0,0,0
2020-02-07,Sacramento,067,1510023,0,0,0,0,0
2020-02-07,San Benito,069,59416,0,2,0,2,0
2020-02-07,San Bernardino,071,2135413,4,0,0,0,0
2020-02-07,San Diego,073,3302833,0,0,0,0,0
2020-02-07,San Francisco,075,870044,1,0,0,0,0
2020-02-07,San Joaquin,077,732212,0,0,1,1,0
2020-02-07,San Luis Obispo,079,281455,0,0,0,0,0
2020-02-07,San Mateo,081,765935,1,0,0,0,0
2020-02-07,Santa Barbara,083,443738,0,0,0,0,0
2020-02-07,Santa Clara,085,1922200,4,2,0,2,0
2020-02-07,Santa Cruz,087,273765,0,0,0,0,0
2020-02-07,Shasta,089,179085,0,0,0,0,0
2020-02-07,Sierra,091,2930,0,0,0,0,0
2020-02-07,Siskiyou,093,43540,0,0,0,0,0
2020-02-07,Solano,095,438530,0,0,0,0,0
2020-02-07,Sonoma,097,501317,0,0,0,0,0
2020-02-07,Stanislaus,099,539301,0,0,0,0,0
2020-02-07,Sutter,101,95872,0,0,0,0,0
2020-02-07,Tehama,103,63373,0,0,0,0,0
2020-02-07,Trinity,105,12862,0,0,0,0,0
2020-02-07,Tulare,107,460477,2,0,0,0,0
2020-02-07,Tuolumne,109,53932,0,0,0,0,0
2020-02-07,Ventura,111,848112,1,0,0,0,0
2020-02-07,Yolo,113,214977,0,0,0,0,0
2020-02-07,Yuba,115,75493,0,0,0,0,0
2020-02-06,Alameda,001,1643700,4,0,0,0,0
2020-02-06,Alpine,003,1148,0,0,0,0,0
2020-02-06,Amador,005,37829,0,0,0,0,0
2020-02-06,Butte,007,227075,0,0,0,0,0
2020-02-06,Calaveras,009,45235,0,0,0,0,0
2020-02-06,Colusa,011,21464,0,0,0,0,0
2020-02-06,Contra Costa,013,1133247,2,0,0,0,0
2020-02-06,Del Norte,015,27424,0,0,0,0,0
2020-02-06,El Dorado,017,186661,0,0,0,0,0
2020-02-06,Fresno,019,978130,0,0,0,0,0
2020-02-06,Glenn,021,27897,0,0,0,0,0
2020-02-06,Humboldt,023,135768,0,0,0,0,0
2020-02-06,Imperial,025,180216,0,0,0,0,0
2020-02-06,Inyo,027,18085,0,0,0,0,0
2020-02-06,Kern,029,883053,2,0,0,0,0
2020-02-06,Kings,031,150075,0,0,0,0,0
2020-02-06,Lake,033,64148,0,0,0,0,0
2020-02-06,Lassen,035,31185,0,0,0,0,0
2020-02-06,Los Angeles,037,10098052,22,1,0,1,0
2020-02-06,Madera,039,155013,0,0,0,0,0
2020-02-06,Marin,041,260295,0,0,0,0,0
2020-02-06,Mariposa,043,17540,0,0,0,0,0
2020-02-06,Mendocino,045,87422,0,0,0,0,0
2020-02-06,Merced,047,269075,0,0,0,0,0
2020-02-06,Modoc,049,8938,0,0,0,0,0
2020-02-06,Mono,051,14174,0,0,0,0,0
2020-02-06,Monterey,053,433212,1,0,0,0,0
2020-02-06,Napa,055,140530,0,0,0,0,0
2020-02-06,Nevada,057,99092,0,0,0,0,0
2020-02-06,Orange,059,3164182,3,1,0,1,0
2020-02-06,Placer,061,380077,0,0,0,0,0
2020-02-06,Plumas,063,18699,0,0,0,0,0
2020-02-06,Riverside,065,2383286,4,0,0,0,0
2020-02-06,Sacramento,067,1510023,0,0,0,0,0
2020-02-06,San Benito,069,59416,0,2,0,2,0
2020-02-06,San Bernardino,071,2135413,4,0,0,0,0
2020-02-06,San Diego,073,3302833,0,0,0,0,0
2020-02-06,San Francisco,075,870044,1,0,0,0,0
2020-02-06,San Joaquin,077,732212,0,0,1,1,0
2020-02-06,San Luis Obispo,079,281455,0,0,0,0,0
2020-02-06,San Mateo,081,765935,1,0,0,0,0
2020-02-06,Santa Barbara,083,443738,0,0,0,0,0
2020-02-06,Santa Clara,085,1922200,4,2,0,2,0
2020-02-06,Santa Cruz,087,273765,0,0,0,0,0
2020-02-06,Shasta,089,179085,0,0,0,0,0
2020-02-06,Sierra,091,2930,0,0,0,0,0
2020-02-06,Siskiyou,093,43540,0,0,0,0,0
2020-02-06,Solano,095,438530,0,0,0,0,0
2020-02-06,Sonoma,097,501317,0,0,0,0,0
2020-02-06,Stanislaus,099,539301,0,0,0,0,0
2020-02-06,Sutter,101,95872,0,0,0,0,0
2020-02-06,Tehama,103,63373,0,0,0,0,0
2020-02-06,Trinity,105,12862,0,0,0,0,0
2020-02-06,Tulare,107,460477,2,0,0,0,0
2020-02-06,Tuolumne,109,53932,0,0,0,0,0
2020-02-06,Ventura,111,848112,1,0,0,0,0
2020-02-06,Yolo,113,214977,0,0,0,0,0
2020-02-06,Yuba,115,75493,0,0,0,0,0
2020-02-05,Alameda,001,1643700,3,0,0,0,0
2020-02-05,Alpine,003,1148,0,0,0,0,0
2020-02-05,Amador,005,37829,0,0,0,0,0
2020-02-05,Butte,007,227075,0,0,0,0,0
2020-02-05,Calaveras,009,45235,0,0,0,0,0
2020-02-05,Colusa,011,21464,0,0,0,0,0
2020-02-05,Contra Costa,013,1133247,2,0,0,0,0
2020-02-05,Del Norte,015,27424,0,0,0,0,0
2020-02-05,El Dorado,017,186661,0,0,0,0,0
2020-02-05,Fresno,019,978130,0,0,0,0,0
2020-02-05,Glenn,021,27897,0,0,0,0,0
2020-02-05,Humboldt,023,135768,0,0,0,0,0
2020-02-05,Imperial,025,180216,0,0,0,0,0
2020-02-05,Inyo,027,18085,0,0,0,0,0
2020-02-05,Kern,029,883053,1,0,0,0,0
2020-02-05,Kings,031,150075,0,0,0,0,0
2020-02-05,Lake,033,64148,0,0,0,0,0
2020-02-05,Lassen,035,31185,0,0,0,0,0
2020-02-05,Los Angeles,037,10098052,22,1,0,1,0
2020-02-05,Madera,039,155013,0,0,0,0,0
2020-02-05,Marin,041,260295,0,0,0,0,0
2020-02-05,Mariposa,043,17540,0,0,0,0,0
2020-02-05,Mendocino,045,87422,0,0,0,0,0
2020-02-05,Merced,047,269075,0,0,0,0,0
2020-02-05,Modoc,049,8938,0,0,0,0,0
2020-02-05,Mono,051,14174,0,0,0,0,0
2020-02-05,Monterey,053,433212,1,0,0,0,0
2020-02-05,Napa,055,140530,0,0,0,0,0
2020-02-05,Nevada,057,99092,0,0,0,0,0
2020-02-05,Orange,059,3164182,2,1,0,1,0
2020-02-05,Placer,061,380077,0,0,0,0,0
2020-02-05,Plumas,063,18699,0,0,0,0,0
2020-02-05,Riverside,065,2383286,4,0,0,0,0
2020-02-05,Sacramento,067,1510023,0,0,0,0,0
2020-02-05,San Benito,069,59416,0,2,0,2,0
2020-02-05,San Bernardino,071,2135413,4,0,0,0,0
2020-02-05,San Diego,073,3302833,0,0,0,0,0
2020-02-05,San Francisco,075,870044,1,0,0,0,0
2020-02-05,San Joaquin,077,732212,0,0,1,1,0
2020-02-05,San Luis Obispo,079,281455,0,0,0,0,0
2020-02-05,San Mateo,081,765935,1,0,0,0,0
2020-02-05,Santa Barbara,083,443738,0,0,0,0,0
2020-02-05,Santa Clara,085,1922200,2,2,0,2,0
2020-02-05,Santa Cruz,087,273765,0,0,0,0,0
2020-02-05,Shasta,089,179085,0,0,0,0,0
2020-02-05,Sierra,091,2930,0,0,0,0,0
2020-02-05,Siskiyou,093,43540,0,0,0,0,0
2020-02-05,Solano,095,438530,0,0,0,0,0
2020-02-05,Sonoma,097,501317,0,0,0,0,0
2020-02-05,Stanislaus,099,539301,0,0,0,0,0
2020-02-05,Sutter,101,95872,0,0,0,0,0
2020-02-05,Tehama,103,63373,0,0,0,0,0
2020-02-05,Trinity,105,12862,0,0,0,0,0
2020-02-05,Tulare,107,460477,2,0,0,0,0
2020-02-05,Tuolumne,109,53932,0,0,0,0,0
2020-02-05,Ventura,111,848112,0,0,0,0,0
2020-02-05,Yolo,113,214977,0,0,0,0,0
2020-02-05,Yuba,115,75493,0,0,0,0,0
2020-02-04,Alameda,001,1643700,3,0,0,0,0
2020-02-04,Alpine,003,1148,0,0,0,0,0
2020-02-04,Amador,005,37829,0,0,0,0,0
2020-02-04,Butte,007,227075,0,0,0,0,0
2020-02-04,Calaveras,009,45235,0,0,0,0,0
2020-02-04,Colusa,011,21464,0,0,0,0,0
2020-02-04,Contra Costa,013,1133247,2,0,0,0,0
2020-02-04,Del Norte,015,27424,0,0,0,0,0
2020-02-04,El Dorado,017,186661,0,0,0,0,0
2020-02-04,Fresno,019,978130,0,0,0,0,0
2020-02-04,Glenn,021,27897,0,0,0,0,0
2020-02-04,Humboldt,023,135768,0,0,0,0,0
2020-02-04,Imperial,025,180216,0,0,0,0,0
2020-02-04,Inyo,027,18085,0,0,0,0,0
2020-02-04,Kern,029,883053,0,0,0,0,0
2020-02-04,Kings,031,150075,0,0,0,0,0
2020-02-04,Lake,033,64148,0,0,0,0,0
2020-02-04,Lassen,035,31185,0,0,0,0,0
2020-02-04,Los Angeles,037,10098052,22,1,0,1,0
2020-02-04,Madera,039,155013,0,0,0,0,0
2020-02-04,Marin,041,260295,0,0,0,0,0
2020-02-04,Mariposa,043,17540,0,0,0,0,0
2020-02-04,Mendocino,045,87422,0,0,0,0,0
2020-02-04,Merced,047,269075,0,0,0,0,0
2020-02-04,Modoc,049,8938,0,0,0,0,0
2020-02-04,Mono,051,14174,0,0,0,0,0
2020-02-04,Monterey,053,433212,1,0,0,0,0
2020-02-04,Napa,055,140530,0,0,0,0,0
2020-02-04,Nevada,057,99092,0,0,0,0,0
2020-02-04,Orange,059,3164182,2,1,0,1,0
2020-02-04,Placer,061,380077,0,0,0,0,0
2020-02-04,Plumas,063,18699,0,0,0,0,0
2020-02-04,Riverside,065,2383286,4,0,0,0,0
2020-02-04,Sacramento,067,1510023,0,0,0,0,0
2020-02-04,San Benito,069,59416,0,2,0,2,0
2020-02-04,San Bernardino,071,2135413,3,0,0,0,0
2020-02-04,San Diego,073,3302833,0,0,0,0,0
2020-02-04,San Francisco,075,870044,1,0,0,0,0
2020-02-04,San Joaquin,077,732212,0,0,1,1,0
2020-02-04,San Luis Obispo,079,281455,0,0,0,0,0
2020-02-04,San Mateo,081,765935,0,0,0,0,0
2020-02-04,Santa Barbara,083,443738,0,0,0,0,0
2020-02-04,Santa Clara,085,1922200,2,2,0,2,0
2020-02-04,Santa Cruz,087,273765,0,0,0,0,0
2020-02-04,Shasta,089,179085,0,0,0,0,0
2020-02-04,Sierra,091,2930,0,0,0,0,0
2020-02-04,Siskiyou,093,43540,0,0,0,0,0
2020-02-04,Solano,095,438530,0,0,0,0,0
2020-02-04,Sonoma,097,501317,0,0,0,0,0
2020-02-04,Stanislaus,099,539301,0,0,0,0,0
2020-02-04,Sutter,101,95872,0,0,0,0,0
2020-02-04,Tehama,103,63373,0,0,0,0,0
2020-02-04,Trinity,105,12862,0,0,0,0,0
2020-02-04,Tulare,107,460477,2,0,0,0,0
2020-02-04,Tuolumne,109,53932,0,0,0,0,0
2020-02-04,Ventura,111,848112,0,0,0,0,0
2020-02-04,Yolo,113,214977,0,0,0,0,0
2020-02-04,Yuba,115,75493,0,0,0,0,0
2020-02-03,Alameda,001,1643700,3,0,0,0,0
2020-02-03,Alpine,003,1148,0,0,0,0,0
2020-02-03,Amador,005,37829,0,0,0,0,0
2020-02-03,Butte,007,227075,0,0,0,0,0
2020-02-03,Calaveras,009,45235,0,0,0,0,0
2020-02-03,Colusa,011,21464,0,0,0,0,0
2020-02-03,Contra Costa,013,1133247,2,0,0,0,0
2020-02-03,Del Norte,015,27424,0,0,0,0,0
2020-02-03,El Dorado,017,186661,0,0,0,0,0
2020-02-03,Fresno,019,978130,0,0,0,0,0
2020-02-03,Glenn,021,27897,0,0,0,0,0
2020-02-03,Humboldt,023,135768,0,0,0,0,0
2020-02-03,Imperial,025,180216,0,0,0,0,0
2020-02-03,Inyo,027,18085,0,0,0,0,0
2020-02-03,Kern,029,883053,0,0,0,0,0
2020-02-03,Kings,031,150075,0,0,0,0,0
2020-02-03,Lake,033,64148,0,0,0,0,0
2020-02-03,Lassen,035,31185,0,0,0,0,0
2020-02-03,Los Angeles,037,10098052,21,1,0,1,0
2020-02-03,Madera,039,155013,0,0,0,0,0
2020-02-03,Marin,041,260295,0,0,0,0,0
2020-02-03,Mariposa,043,17540,0,0,0,0,0
2020-02-03,Mendocino,045,87422,0,0,0,0,0
2020-02-03,Merced,047,269075,0,0,0,0,0
2020-02-03,Modoc,049,8938,0,0,0,0,0
2020-02-03,Mono,051,14174,0,0,0,0,0
2020-02-03,Monterey,053,433212,1,0,0,0,0
2020-02-03,Napa,055,140530,0,0,0,0,0
2020-02-03,Nevada,057,99092,0,0,0,0,0
2020-02-03,Orange,059,3164182,1,1,0,1,0
2020-02-03,Placer,061,380077,0,0,0,0,0
2020-02-03,Plumas,063,18699,0,0,0,0,0
2020-02-03,Riverside,065,2383286,4,0,0,0,0
2020-02-03,Sacramento,067,1510023,0,0,0,0,0
2020-02-03,San Benito,069,59416,0,2,0,2,0
2020-02-03,San Bernardino,071,2135413,3,0,0,0,0
2020-02-03,San Diego,073,3302833,0,0,0,0,0
2020-02-03,San Francisco,075,870044,1,0,0,0,0
2020-02-03,San Joaquin,077,732212,0,0,1,1,0
2020-02-03,San Luis Obispo,079,281455,0,0,0,0,0
2020-02-03,San Mateo,081,765935,0,0,0,0,0
2020-02-03,Santa Barbara,083,443738,0,0,0,0,0
2020-02-03,Santa Clara,085,1922200,2,2,0,2,0
2020-02-03,Santa Cruz,087,273765,0,0,0,0,0
2020-02-03,Shasta,089,179085,0,0,0,0,0
2020-02-03,Sierra,091,2930,0,0,0,0,0
2020-02-03,Siskiyou,093,43540,0,0,0,0,0
2020-02-03,Solano,095,438530,0,0,0,0,0
2020-02-03,Sonoma,097,501317,0,0,0,0,0
2020-02-03,Stanislaus,099,539301,0,0,0,0,0
2020-02-03,Sutter,101,95872,0,0,0,0,0
2020-02-03,Tehama,103,63373,0,0,0,0,0
2020-02-03,Trinity,105,12862,0,0,0,0,0
2020-02-03,Tulare,107,460477,2,0,0,0,0
2020-02-03,Tuolumne,109,53932,0,0,0,0,0
2020-02-03,Ventura,111,848112,0,0,0,0,0
2020-02-03,Yolo,113,214977,0,0,0,0,0
2020-02-03,Yuba,115,75493,0,0,0,0,0
2020-02-02,Alameda,001,1643700,3,0,0,0,0
2020-02-02,Alpine,003,1148,0,0,0,0,0
2020-02-02,Amador,005,37829,0,0,0,0,0
2020-02-02,Butte,007,227075,0,0,0,0,0
2020-02-02,Calaveras,009,45235,0,0,0,0,0
2020-02-02,Colusa,011,21464,0,0,0,0,0
2020-02-02,Contra Costa,013,1133247,1,0,0,0,0
2020-02-02,Del Norte,015,27424,0,0,0,0,0
2020-02-02,El Dorado,017,186661,0,0,0,0,0
2020-02-02,Fresno,019,978130,0,0,0,0,0
2020-02-02,Glenn,021,27897,0,0,0,0,0
2020-02-02,Humboldt,023,135768,0,0,0,0,0
2020-02-02,Imperial,025,180216,0,0,0,0,0
2020-02-02,Inyo,027,18085,0,0,0,0,0
2020-02-02,Kern,029,883053,0,0,0,0,0
2020-02-02,Kings,031,150075,0,0,0,0,0
2020-02-02,Lake,033,64148,0,0,0,0,0
2020-02-02,Lassen,035,31185,0,0,0,0,0
2020-02-02,Los Angeles,037,10098052,17,1,0,1,0
2020-02-02,Madera,039,155013,0,0,0,0,0
2020-02-02,Marin,041,260295,0,0,0,0,0
2020-02-02,Mariposa,043,17540,0,0,0,0,0
2020-02-02,Mendocino,045,87422,0,0,0,0,0
2020-02-02,Merced,047,269075,0,0,0,0,0
2020-02-02,Modoc,049,8938,0,0,0,0,0
2020-02-02,Mono,051,14174,0,0,0,0,0
2020-02-02,Monterey,053,433212,1,0,0,0,0
2020-02-02,Napa,055,140530,0,0,0,0,0
2020-02-02,Nevada,057,99092,0,0,0,0,0
2020-02-02,Orange,059,3164182,1,1,0,1,0
2020-02-02,Placer,061,380077,0,0,0,0,0
2020-02-02,Plumas,063,18699,0,0,0,0,0
2020-02-02,Riverside,065,2383286,3,0,0,0,0
2020-02-02,Sacramento,067,1510023,0,0,0,0,0
2020-02-02,San Benito,069,59416,0,2,0,2,0
2020-02-02,San Bernardino,071,2135413,2,0,0,0,0
2020-02-02,San Diego,073,3302833,0,0,0,0,0
2020-02-02,San Francisco,075,870044,1,0,0,0,0
2020-02-02,San Joaquin,077,732212,0,0,1,1,0
2020-02-02,San Luis Obispo,079,281455,0,0,0,0,0
2020-02-02,San Mateo,081,765935,0,0,0,0,0
2020-02-02,Santa Barbara,083,443738,0,0,0,0,0
2020-02-02,Santa Clara,085,1922200,2,2,0,2,0
2020-02-02,Santa Cruz,087,273765,0,0,0,0,0
2020-02-02,Shasta,089,179085,0,0,0,0,0
2020-02-02,Sierra,091,2930,0,0,0,0,0
2020-02-02,Siskiyou,093,43540,0,0,0,0,0
2020-02-02,Solano,095,438530,0,0,0,0,0
2020-02-02,Sonoma,097,501317,0,0,0,0,0
2020-02-02,Stanislaus,099,539301,0,0,0,0,0
2020-02-02,Sutter,101,95872,0,0,0,0,0
2020-02-02,Tehama,103,63373,0,0,0,0,0
2020-02-02,Trinity,105,12862,0,0,0,0,0
2020-02-02,Tulare,107,460477,2,0,0,0,0
2020-02-02,Tuolumne,109,53932,0,0,0,0,0
2020-02-02,Ventura,111,848112,0,0,0,0,0
2020-02-02,Yolo,113,214977,0,0,0,0,0
2020-02-02,Yuba,115,75493,0,0,0,0,0
2020-02-01,Alameda,001,1643700,3,0,0,0,0
2020-02-01,Alpine,003,1148,0,0,0,0,0
2020-02-01,Amador,005,37829,0,0,0,0,0
2020-02-01,Butte,007,227075,0,0,0,0,0
2020-02-01,Calaveras,009,45235,0,0,0,0,0
2020-02-01,Colusa,011,21464,0,0,0,0,0
2020-02-01,Contra Costa,013,1133247,0,0,0,0,0
2020-02-01,Del Norte,015,27424,0,0,0,0,0
2020-02-01,El Dorado,017,186661,0,0,0,0,0
2020-02-01,Fresno,019,978130,0,0,0,0,0
2020-02-01,Glenn,021,27897,0,0,0,0,0
2020-02-01,Humboldt,023,135768,0,0,0,0,0
2020-02-01,Imperial,025,180216,0,0,0,0,0
2020-02-01,Inyo,027,18085,0,0,0,0,0
2020-02-01,Kern,029,883053,0,0,0,0,0
2020-02-01,Kings,031,150075,0,0,0,0,0
2020-02-01,Lake,033,64148,0,0,0,0,0
2020-02-01,Lassen,035,31185,0,0,0,0,0
2020-02-01,Los Angeles,037,10098052,13,1,0,1,0
2020-02-01,Madera,039,155013,0,0,0,0,0
2020-02-01,Marin,041,260295,0,0,0,0,0
2020-02-01,Mariposa,043,17540,0,0,0,0,0
2020-02-01,Mendocino,045,87422,0,0,0,0,0
2020-02-01,Merced,047,269075,0,0,0,0,0
2020-02-01,Modoc,049,8938,0,0,0,0,0
2020-02-01,Mono,051,14174,0,0,0,0,0
2020-02-01,Monterey,053,433212,0,0,0,0,0
2020-02-01,Napa,055,140530,0,0,0,0,0
2020-02-01,Nevada,057,99092,0,0,0,0,0
2020-02-01,Orange,059,3164182,1,1,0,1,0
2020-02-01,Placer,061,380077,0,0,0,0,0
2020-02-01,Plumas,063,18699,0,0,0,0,0
2020-02-01,Riverside,065,2383286,2,0,0,0,0
2020-02-01,Sacramento,067,1510023,0,0,0,0,0
2020-02-01,San Benito,069,59416,0,0,0,0,0
2020-02-01,San Bernardino,071,2135413,1,0,0,0,0
2020-02-01,San Diego,073,3302833,0,0,0,0,0
2020-02-01,San Francisco,075,870044,1,0,0,0,0
2020-02-01,San Joaquin,077,732212,0,0,1,1,0
2020-02-01,San Luis Obispo,079,281455,0,0,0,0,0
2020-02-01,San Mateo,081,765935,0,0,0,0,0
2020-02-01,Santa Barbara,083,443738,0,0,0,0,0
2020-02-01,Santa Clara,085,1922200,2,1,0,1,0
2020-02-01,Santa Cruz,087,273765,0,0,0,0,0
2020-02-01,Shasta,089,179085,0,0,0,0,0
2020-02-01,Sierra,091,2930,0,0,0,0,0
2020-02-01,Siskiyou,093,43540,0,0,0,0,0
2020-02-01,Solano,095,438530,0,0,0,0,0
2020-02-01,Sonoma,097,501317,0,0,0,0,0
2020-02-01,Stanislaus,099,539301,0,0,0,0,0
2020-02-01,Sutter,101,95872,0,0,0,0,0
2020-02-01,Tehama,103,63373,0,0,0,0,0
2020-02-01,Trinity,105,12862,0,0,0,0,0
2020-02-01,Tulare,107,460477,1,0,0,0,0
2020-02-01,Tuolumne,109,53932,0,0,0,0,0
2020-02-01,Ventura,111,848112,0,0,0,0,0
2020-02-01,Yolo,113,214977,0,0,0,0,0
2020-02-01,Yuba,115,75493,0,0,0,0,0
